TOTAL ENERGY: -126.664277942133	 lambda: -1	 population of target: 4.90092978485771
1RDM: 
     1.99984746746764   0.00145919431749951  0.000165537228932928  0.000192647659819106 -0.000155960060382776 -0.000232694522035657  -0.00593190114064048    0.0115603063807736  -0.00800946000410809   -0.0053747249413414
  0.00145919431749951      1.91017234456818  -0.00965772457242006  -0.00194922629127228   -0.0137186492797645    0.0235200967564697    0.0267292867540713   0.00365335973258788    0.0776644466849617      0.38870766373841
 0.000165537228932928  -0.00965772457242006      1.99890108217558  -0.00187551381805061  0.000986740830900141   0.00359027899822298   0.00507326068967032  -0.00335341693692755   0.00153505742308383    0.0432684671286661
 0.000192647659819106  -0.00194922629127228  -0.00187551381805061      1.89772983539373    0.0818149092322051    0.0478666506625266     0.100936076233944    -0.230905571004424    -0.253836143238439    0.0546375886430177
-0.000155960060382776   -0.0137186492797645  0.000986740830900141    0.0818149092322051      1.87966582703631   -0.0525050470004848   -0.0889401213174589     0.190706937427252     0.343571662565058   -0.0225735968328175
-0.000232694522035657    0.0235200967564697   0.00359027899822298    0.0478666506625266   -0.0525050470004848      1.94142194148036   -0.0381735332285922     0.116663146836354     0.178223773402014    -0.104215627779471
 -0.00593190114064048    0.0267292867540713   0.00507326068967032     0.100936076233944   -0.0889401213174589   -0.0381735332285922      1.65255131998897     0.681758235805018   -0.0710301077391485     -0.10809616254438
   0.0115603063807736   0.00365335973258788  -0.00335341693692755    -0.230905571004424     0.190706937427252     0.116663146836354     0.681758235805018     0.424920407796071    0.0684694823976318   -0.0691548197504337
 -0.00800946000410809    0.0776644466849617   0.00153505742308383    -0.253836143238439     0.343571662565058     0.178223773402014   -0.0710301077391485    0.0684694823976318     0.177140739285978   -0.0108094407695338
  -0.0053747249413414      0.38870766373841    0.0432684671286661    0.0546375886430177   -0.0225735968328175    -0.104215627779471     -0.10809616254438   -0.0691548197504337   -0.0108094407695338     0.117649034807266
TOTAL ENERGY: -126.797901009675	 lambda: -0.9	 population of target: 5.04162545657
1RDM: 
     1.99986682856042   0.00121403284519916  0.000138707122585175  0.000333310276722379 -0.000161198930235553 -0.000168600857929448  -0.00538383354747819    0.0105142872856687  -0.00720456274465775  -0.00491618439507045
  0.00121403284519916      1.92378086819728  -0.00821452281140331  -0.00180220942212533   -0.0117684487525421     0.020173496513524    0.0239262372048318   0.00309325794339435    0.0711507400100629     0.356118631883234
 0.000138707122585175  -0.00821452281140331      1.99906020818069  -0.00167684929536691  0.000892422845465695    0.0030777765217749   0.00458500498823271  -0.00298307413389494   0.00158814602526969    0.0396582208386035
 0.000333310276722379  -0.00180220942212533  -0.00167684929536691      1.88432271682599    0.0728898832136473    0.0426530187509029     0.119793382140381    -0.272321854859911    -0.228031065941203    0.0488083011833909
-0.000161198930235553   -0.0117684487525421  0.000892422845465695    0.0728898832136473      1.89449903637762   -0.0449197787235712   -0.0796158373392963     0.169768547873466     0.305909335374329   -0.0211231923361888
-0.000168600857929448     0.020173496513524    0.0030777765217749    0.0426530187509029   -0.0449197787235712      1.94733251834057   -0.0333548284707433     0.104191353909667     0.159138537248205   -0.0910629949088939
 -0.00538383354747819    0.0239262372048318   0.00458500498823271     0.119793382140381   -0.0796158373392963   -0.0333548284707433      1.65505016089248     0.678344770589196   -0.0667549862422699    -0.101624728509704
   0.0105142872856687   0.00309325794339435  -0.00298307413389494    -0.272321854859911     0.169768547873466     0.104191353909667     0.678344770589196     0.436440090577507     0.060206492576627   -0.0640628678716259
 -0.00720456274465775    0.0711507400100629   0.00158814602526969    -0.228031065941203     0.305909335374329     0.159138537248205   -0.0667549862422699     0.060206492576627     0.156373737803925  -0.00957472947047268
 -0.00491618439507045     0.356118631883234    0.0396582208386035    0.0488083011833909   -0.0211231923361888   -0.0910629949088939    -0.101624728509704   -0.0640628678716259  -0.00957472947047268     0.103273834243603
TOTAL ENERGY: -126.92081062796	 lambda: -0.8	 population of target: 5.18625833370756
1RDM: 
     1.99988342502355  0.000990433079006213  0.000114173807683922  0.000382156182214898 -0.000162177643616675   -0.0001114640809843  -0.00484821679867265   0.00948461015567405   -0.0063911692868848  -0.00445233468318469
 0.000990433079006213      1.93643713612397  -0.00687236916311572  -0.00163843085337528    -0.010001917921391    0.0171391680077072    0.0214018195332502    0.0026817190848699    0.0643873634351774     0.322297736954072
 0.000114173807683922  -0.00687236916311572      1.99920749248375  -0.00147499561773127  0.000836512246352607   0.00263100409562537   0.00412300919392803  -0.00259431022709591   0.00162092836521335    0.0359169592963667
 0.000382156182214898  -0.00163843085337528  -0.00147499561773127      1.86786956677877    0.0638928926286443    0.0373979407207467     0.137848377312582    -0.311684683676708    -0.201954710560968    0.0429230558309938
-0.000162177643616675    -0.010001917921391  0.000836512246352607    0.0638928926286443      1.90649043536758   -0.0389223630533389   -0.0701819795756873      0.14867360720373     0.267976810992226   -0.0194964980557117
  -0.0001114640809843    0.0171391680077072   0.00263100409562537    0.0373979407207467   -0.0389223630533389      1.95226818219758   -0.0285574162750015    0.0915991403820563     0.139842831393175   -0.0780942121236072
 -0.00484821679867265    0.0214018195332502   0.00412300919392803     0.137848377312582   -0.0701819795756873   -0.0285574162750015      1.65802951941657      0.67374870953785   -0.0625162912330133   -0.0956982706860593
  0.00948461015567405    0.0026817190848699  -0.00259431022709591    -0.311684683676708      0.14867360720373    0.0915991403820563      0.67374870953785     0.450480181953005    0.0518315967826758   -0.0591312489399186
  -0.0063911692868848    0.0643873634351774   0.00162092836521335    -0.201954710560968     0.267976810992226     0.139842831393175   -0.0625162912330133    0.0518315967826758     0.139259842181254  -0.00884844582262903
 -0.00445233468318469     0.322297736954072    0.0359169592963667    0.0429230558309938   -0.0194964980557117   -0.0780942121236072   -0.0956982706860593   -0.0591312489399186  -0.00884844582262903    0.0900742184740152
TOTAL ENERGY: -127.03153381357	 lambda: -0.7	 population of target: 5.33391937054501
1RDM: 
      1.9998974271022  0.000788904839301536   9.1984271089656e-05  0.000350110085600048 -0.000159559431031782 -6.07313008137823e-05  -0.00432722703244661   0.00847992025596422  -0.00557674154719187  -0.00398019774683968
 0.000788904839301536      1.94806197469106  -0.00563893579247223  -0.00145954794595334  -0.00840690565419512    0.0143963223677017     0.019081669136265   0.00238789690715665    0.0573619446446036     0.287176377160097
  9.1984271089656e-05  -0.00563893579247223      1.99934228657614   -0.0012720897639266  0.000815625712070402   0.00224471865120202   0.00368158548896234   -0.0021949375812968   0.00162287155054237    0.0320336999457783
 0.000350110085600048  -0.00145954794595334   -0.0012720897639266      1.84891049408489      0.05492221575244    0.0321574575588874     0.155022092610662    -0.348863866557008    -0.175896130153376    0.0370569829318519
-0.000159559431031782  -0.00840690565419512  0.000815625712070402      0.05492221575244      1.91587726482072   -0.0343784504109686   -0.0607493520939883     0.127649931203808     0.230163360670432   -0.0178249230538304
-6.07313008137823e-05    0.0143963223677017   0.00224471865120202    0.0321574575588874   -0.0343784504109686      1.95630821401095   -0.0238189614456425    0.0790253433368619     0.120585488942086   -0.0652523657473911
 -0.00432722703244661     0.019081669136265   0.00368158548896234     0.155022092610662   -0.0607493520939883   -0.0238189614456425      1.66143545488046     0.668173030714692   -0.0582815904768287   -0.0899557911316034
  0.00847992025596422   0.00238789690715665   -0.0021949375812968    -0.348863866557008     0.127649931203808    0.0790253433368619     0.668173030714692     0.466584219084635    0.0434718430198806   -0.0542354193108217
 -0.00557674154719187    0.0573619446446036   0.00162287155054237    -0.175896130153376     0.230163360670432     0.120585488942086   -0.0582815904768287    0.0434718430198806     0.125507162204008  -0.00856918372192362
 -0.00398019774683968     0.287176377160097    0.0320336999457783    0.0370569829318519   -0.0178249230538304   -0.0652523657473911   -0.0899557911316034   -0.0542354193108217  -0.00856918372192362    0.0780755025450176
TOTAL ENERGY: -127.12912599332	 lambda: -0.6	 population of target: 5.48409119168833
1RDM: 
     1.99990905717954  0.000610547713742444  7.22610278293196e-05  0.000247833342356675 -0.000153652482889127 -1.61294876362909e-05  -0.00382136775981392   0.00750220495651003  -0.00476467974575841  -0.00349849256913254
 0.000610547713742444      1.95853951706867  -0.00452671268659914  -0.00126590636733648  -0.00698232695864805    0.0119435336983664    0.0169527249402717   0.00220628488697768    0.0500740657217398     0.250750718979544
 7.22610278293196e-05  -0.00452671268659914      1.99946334974216  -0.00106901652114699  0.000823948893487586   0.00191540771085481   0.00326086552218499  -0.00178730122651483   0.00158981902771237    0.0280062222301884
 0.000247833342356675  -0.00126590636733648  -0.00106901652114699      1.82786925965782    0.0460214774571845    0.0269558817025464     0.171338784288918     -0.38395218342291    -0.149987228122619    0.0312422814918931
-0.000153652482889127  -0.00698232695864805  0.000823948893487586    0.0460214774571845      1.92294721739415   -0.0311185096882865   -0.0513602203553372     0.106801119339971     0.192639565962906   -0.0161723302051701
-1.61294876362909e-05    0.0119435336983664   0.00191540771085481    0.0269558817025464   -0.0311185096882865       1.9595410646412   -0.0191676428207519    0.0665259599081434      0.10147854000984   -0.0525020548397799
 -0.00382136775981392    0.0169527249402717   0.00326086552218499     0.171338784288918   -0.0513602203553372   -0.0191676428207519      1.66518711716088     0.661767378090349   -0.0540330185841657   -0.0842066699633555
  0.00750220495651003   0.00220628488697768  -0.00178730122651483     -0.38395218342291     0.106801119339971    0.0665259599081434     0.661767378090349     0.484393578609803    0.0351849793292773   -0.0493144810383612
 -0.00476467974575841    0.0500740657217398   0.00158981902771237    -0.149987228122619     0.192639565962906      0.10147854000984   -0.0540330185841657    0.0351849793292773     0.114755061768407  -0.00863999668303784
 -0.00349849256913254     0.250750718979544    0.0280062222301884    0.0312422814918931   -0.0161723302051701   -0.0525020548397799   -0.0842066699633555   -0.0493144810383612  -0.00863999668303784    0.0673947767773836
TOTAL ENERGY: -127.212923128617	 lambda: -0.5	 population of target: 5.63648148008437
1RDM: 
     1.99991848960002  0.000456805724166201  5.51691374806114e-05  8.27179540711691e-05 -0.000144550183120298   2.2459135590491e-05  -0.00333031866803021   0.00655012124015368  -0.00395583877977612  -0.00300771354559965
 0.000456805724166201      1.96773484382187  -0.00355063083669704  -0.00105758720923559  -0.00573326371953931   0.00978994524789914     0.015030854506994   0.00214229225814089      0.04253836974925     0.213094871449692
 5.51691374806114e-05  -0.00355063083669704      1.99956911316852 -0.000865926819565155  0.000856270201244349   0.00164151683008068   0.00286328592014839  -0.00137094496705664   0.00152264307732184    0.0238424148681368
 8.27179540711691e-05  -0.00105758720923559 -0.000865926819565155      1.80499630003086    0.0371986812236726    0.0217974810926135     0.186857974232321    -0.417105703689017    -0.124256198245393    0.0254826871888395
-0.000144550183120298  -0.00573326371953931  0.000856270201244349    0.0371986812236726      1.92792287355513   -0.0290078863042057    -0.042017767605215    0.0861477921028346     0.155437797703761   -0.0145430138813921
  2.2459135590491e-05   0.00978994524789914   0.00164151683008068    0.0217974810926135   -0.0290078863042057      1.96203109146881   -0.0146163706185139    0.0541080098019738     0.082539901447429   -0.0398494494903195
 -0.00333031866803021     0.015030854506994   0.00286328592014839     0.186857974232321    -0.042017767605215   -0.0146163706185139      1.66921966552414     0.654615871542713   -0.0497708148092596   -0.0784211402952194
  0.00655012124015368   0.00214229225814089  -0.00137094496705664    -0.417105703689017    0.0861477921028346    0.0541080098019738     0.654615871542713     0.503699819723612    0.0269799328394232   -0.0443673486321843
 -0.00395583877977612      0.04253836974925   0.00152264307732184    -0.124256198245393     0.155437797703761     0.082539901447429   -0.0497708148092596    0.0269799328394232     0.106725909611144  -0.00897233988852036
 -0.00300771354559965     0.213094871449692    0.0238424148681368    0.0254826871888395   -0.0145430138813921   -0.0398494494903195   -0.0784211402952194   -0.0443673486321843  -0.00897233988852036    0.0581818934959184
TOTAL ENERGY: -127.282375030877	 lambda: -0.4	 population of target: 5.79085333278242
1RDM: 
      1.9999258136893  0.000329099349280202  4.08707494712006e-05 -0.000141571366247894 -0.000132313382189569  5.51638862764959e-05  -0.00285370306121709   0.00562214462511448  -0.00315033238345176  -0.00250941728799556
 0.000329099349280202      1.97551625681438  -0.00272523216555487 -0.000835204308076721  -0.00466489884197966   0.00794462834079318    0.0133278149205781   0.00219831774452412     0.034780471096513     0.174337878894023
 4.08707494712006e-05  -0.00272523216555487      1.99965801662336 -0.000662821830222311  0.000909575758553771   0.00142264366407807   0.00249025448852228 -0.000945384423662165   0.00142455511918755    0.0195570648280809
-0.000141571366247894 -0.000835204308076721 -0.000662821830222311      1.78040245555662    0.0284504321151868    0.0166807270725578     0.201622530496539    -0.448429182530753   -0.0986968993662263     0.019772945807726
-0.000132313382189569  -0.00466489884197966  0.000909575758553771    0.0284504321151868      1.93092099615554   -0.0279728853195892   -0.0327187342654335    0.0656818315608951     0.118549918553516     -0.01290959436775
 5.51638862764959e-05   0.00794462834079318   0.00142264366407807    0.0166807270725578   -0.0279728853195892      1.96380847359156   -0.0101632398583961    0.0417680992064685     0.063753418739504   -0.0273364576077627
 -0.00285370306121709    0.0133278149205781   0.00249025448852228     0.201622530496539   -0.0327187342654335   -0.0101632398583961      1.67350686039954     0.646756119529535   -0.0455056969429574   -0.0726499608643682
  0.00562214462511448   0.00219831774452412 -0.000945384423662165    -0.448429182530753    0.0656818315608951    0.0417680992064685     0.646756119529535     0.524418932086644    0.0188481469437607   -0.0394215000104057
 -0.00315033238345176     0.034780471096513   0.00142455511918755   -0.0986968993662263     0.118549918553516     0.063753418739504   -0.0455056969429574    0.0188481469437607     0.101280199792354  -0.00951050582150713
 -0.00250941728799556     0.174337878894023    0.0195570648280809     0.019772945807726     -0.01290959436775   -0.0273364576077627   -0.0726499608643682   -0.0394215000104057  -0.00951050582150713    0.0505619952907738
TOTAL ENERGY: -127.336983743509	 lambda: -0.3	 population of target: 5.94691423734934
1RDM: 
     1.99993105365277  0.000228575870037071  2.94957332796176e-05 -0.000423600613200466 -0.000117095013171152  8.22272352356751e-05  -0.00239159194069064   0.00471837090702613  -0.00234886816455895  -0.00200526500990386
 0.000228575870037071      1.98176896119646  -0.00206300447422102 -0.000600076112866796  -0.00377907370043594   0.00641066477988598    0.0118356112318122   0.00236775748188227    0.0268296238161563     0.134625654338953
 2.94957332796176e-05  -0.00206300447422102      1.99972871898302 -0.000459946075099627  0.000982903897961087   0.00125854120286965    0.0021408260709739 -0.000511640744062925   0.00129852659740334    0.0151668919418314
-0.000423600613200466 -0.000600076112866796 -0.000459946075099627      1.75414357824812    0.0197807057444816     0.011608930251036     0.215637389444433    -0.477936149949565   -0.0733233323356915    0.0141143274121783
-0.000117095013171152  -0.00377907370043594  0.000982903897961087    0.0197807057444816      1.93197930064459   -0.0279857188137781   -0.0234750363501627    0.0454097371778223    0.0820003181665231   -0.0112440959550228
 8.22272352356751e-05   0.00641066477988598   0.00125854120286965     0.011608930251036   -0.0279857188137781      1.96487827136907  -0.00579786192554435    0.0295190446139796    0.0451183949008174   -0.0150194081116028
 -0.00239159194069064    0.0118356112318122    0.0021408260709739     0.215637389444433   -0.0234750363501627  -0.00579786192554435      1.67805666283754     0.638211056485199   -0.0412467815080371    -0.066927377413752
  0.00471837090702613   0.00236775748188227 -0.000511640744062925    -0.477936149949565    0.0454097371778223    0.0295190446139796     0.638211056485199     0.546519922827699    0.0107904818535224   -0.0344956381568222
 -0.00234886816455895    0.0268296238161563   0.00129852659740334   -0.0733233323356915    0.0820003181665231    0.0451183949008174   -0.0412467815080371    0.0107904818535224    0.0983837741823004   -0.0102314043992327
 -0.00200526500990386     0.134625654338953    0.0151668919418314    0.0141143274121783   -0.0112440959550228   -0.0150194081116028    -0.066927377413752   -0.0344956381568222   -0.0102314043992327    0.0446097560584755
TOTAL ENERGY: -127.37631480579	 lambda: -0.2	 population of target: 6.10427428634904
1RDM: 
     1.99993422015693  0.000156063991646581  2.11375268890497e-05 -0.000761863094312439 -9.91689185258714e-05  0.000104006769891932  -0.00194466829552678   0.00384069695891827  -0.00155327772639377  -0.00149636166390979
 0.000156063991646581      1.98639638327071  -0.00157429238992742 -0.000353856144802571  -0.00307452438808905    0.0051857173538781    0.0105315817525685   0.00263786769285006    0.0187129953549584    0.0940924387971451
 2.11375268890497e-05  -0.00157429238992742      1.99978012602626 -0.000257896423331189   0.00107597832200201   0.00114846591891507    0.0018125929836781 -7.22135872276235e-05   0.00114588481017843    0.0106869136767026
-0.000761863094312439 -0.000353856144802571 -0.000257896423331189      1.72630910576641    0.0112088275102692   0.00659438959788242      0.22887759082439    -0.505576017152468   -0.0481934407310016   0.00852132785976708
-9.91689185258714e-05  -0.00307452438808905   0.00107597832200201    0.0112088275102692      1.93112024849842   -0.0290262203126482   -0.0143191622005927    0.0253724231806821    0.0458748070964597  -0.00953826466943462
 0.000104006769891932    0.0051857173538781   0.00114846591891507   0.00659438959788242   -0.0290262203126482      1.96523923178956  -0.00151027846136829    0.0173979340201386     0.026672861590375   -0.0029473193653875
 -0.00194466829552678    0.0105315817525685    0.0018125929836781      0.22887759082439   -0.0143191622005927  -0.00151027846136829      1.68288741786537     0.629017099117797   -0.0369923480698721   -0.0612062013668364
  0.00384069695891827   0.00263786769285006 -7.22135872276235e-05    -0.505576017152468    0.0253724231806821    0.0173979340201386     0.629017099117797     0.569947812644001   0.00283032815477592   -0.0295754449916978
 -0.00155327772639377    0.0187129953549584   0.00114588481017843   -0.0481934407310016    0.0458748070964597     0.026672861590375   -0.0369923480698721   0.00283032815477592    0.0980260383123305   -0.0111262996618973
 -0.00149636166390979    0.0940924387971451    0.0106869136767026   0.00852132785976708  -0.00953826466943462   -0.0029473193653875   -0.0612062013668364   -0.0295754449916978   -0.0111262996618973     0.040359415670085
TOTAL ENERGY: -127.400037830482	 lambda: -0.1	 population of target: 6.26245954940612
1RDM: 
     1.99993536578799  0.000112161778928834  1.58645935992519e-05  -0.00115277978287852 -7.88818498115849e-05  0.000120912704388793  -0.00151402782169989   0.00299174536063496 -0.000766260057253429 -0.000983163710567989
 0.000112161778928834      1.98931451664548  -0.00126807577695285 -9.79983779564368e-05  -0.00254925633757595   0.00426632430712312   0.00939513879657362   0.00299719822937009    0.0104545093744024    0.0528560888337628
 1.58645935992519e-05  -0.00126807577695285      1.99981131280512 -5.74871208939325e-05   0.00118753253088057   0.00109093007021756   0.00150366827065035  0.000369994319076696  0.000966465391412212   0.00612986762670069
 -0.00115277978287852 -9.79983779564368e-05 -5.74871208939325e-05      1.69707869396896   0.00276625183861514   0.00165610394799029     0.241315104544699    -0.531300479217915   -0.0234007957812086   0.00301901825489587
-7.88818498115849e-05  -0.00254925633757595   0.00118753253088057   0.00276625183861514      1.92841752324716   -0.0310417051034365  -0.00529562788636247   0.00563951966158107    0.0103055630404467  -0.00780646393760183
 0.000120912704388793   0.00426632430712312   0.00109093007021756   0.00165610394799029   -0.0310417051034365      1.96490310355957   0.00270218607556425   0.00545744270096268   0.00848763456126937   0.00884913526582224
 -0.00151402782169989   0.00939513879657362   0.00150366827065035     0.241315104544699  -0.00529562788636247   0.00270218607556425      1.68800017217623     0.619239287421672   -0.0327277897705088   -0.0553490521588231
  0.00299174536063496   0.00299719822937009  0.000369994319076696    -0.531300479217915   0.00563951966158107   0.00545744270096268     0.619239287421672     0.594572870393691  -0.00498929767376151   -0.0246114811603226
-0.000766260057253429    0.0104545093744024  0.000966465391412212   -0.0234007957812086    0.0103055630404467   0.00848763456126937   -0.0327277897705088  -0.00498929767376151     0.100133386720661   -0.0121770362091103
-0.000983163710567989    0.0528560888337628   0.00612986762670069   0.00301901825489587  -0.00780646393760183   0.00884913526582224   -0.0553490521588231   -0.0246114811603226   -0.0121770362091103    0.0378330546951737
TOTAL ENERGY: -127.407962454392	 lambda: 0	 population of target: 6.42096411395868
1RDM: 
     1.99993462169148  9.73261850569055e-05  1.37311346839878e-05   -0.0015897888278589  -5.6576731626475e-05  0.000133343870029738  -0.00110067719590341   0.00217322982135566  9.42632738870052e-06 -0.000465889413850012
 9.73261850569055e-05      1.99044795135694  -0.00115252934474739  0.000166561251425839  -0.00220249747821037   0.00365140137120107   0.00842299910602576   0.00344186034266376   0.00207812010298018    0.0110356372226052
 1.37311346839878e-05  -0.00115252934474739      1.99982146393773  0.000140516773482359   0.00131421935576585   0.00108365256383907   0.00121427097631188  0.000812963319519114  0.000760007399966583   0.00150843886670606
  -0.0015897888278589  0.000166561251425839  0.000140516773482359      1.66672844380254  -0.00551463448710983  -0.00318687963174556     0.252950212040323     -0.55513491285249  0.000957021703691191   -0.0023662621658507
 -5.6576731626475e-05  -0.00220249747821037   0.00131421935576585  -0.00551463448710983      1.92403722244712   -0.0339227426831908   0.00355502793437206   -0.0137153752167202   -0.0245742412946631  -0.00607291464703261
 0.000133343870029738   0.00365140137120107   0.00108365256383907  -0.00318687963174556   -0.0339227426831908       1.9639073637948    0.0068335978230991  -0.00625271894660393  -0.00936145593310468    0.0203552607330087
 -0.00110067719590341   0.00842299910602576   0.00121427097631188     0.252950212040323   0.00355502793437206    0.0068335978230991      1.69336196705366     0.608970595357269   -0.0284305243637204    -0.049170798254854
  0.00217322982135566   0.00344186034266376  0.000812963319519114     -0.55513491285249   -0.0137153752167202  -0.00625271894660393     0.608970595357269     0.620183136136181   -0.0126208109652371   -0.0195365655940075
 9.42632738870052e-06   0.00207812010298018  0.000760007399966583  0.000957021703691191   -0.0245742412946631  -0.00936145593310468   -0.0284305243637204   -0.0126208109652371     0.104514115598542   -0.0133392330265163
-0.000465889413850012    0.0110356372226052   0.00150843886670606   -0.0023662621658507  -0.00607291464703261    0.0203552607330087    -0.049170798254854   -0.0195365655940075   -0.0133392330265163    0.0370637141810499
TOTAL ENERGY: -127.40004725911	 lambda: 0.1	 population of target: 6.57932519759832
1RDM: 
     1.99993220138563   0.00011187872304012   1.4776847181457e-05  -0.00206384984579229 -3.25316489345474e-05  0.000141666247215174 -0.000704920093685208   0.00138453016250796  0.000771953282531208  5.48744079771981e-05
  0.00011187872304012        1.989732899963  -0.00123470275362352  0.000439345531907329  -0.00203450075940134   0.00334189957579239   0.00763398471911495   0.00397703168312089  -0.00638706256137246   -0.0312224394966225
  1.4776847181457e-05  -0.00123470275362352      1.99980990648282  0.000335670736557535   0.00145064241982531   0.00112354404468729  0.000946993951409534   0.00125638420557541  0.000527992409857039  -0.00316141630112555
 -0.00206384984579229  0.000439345531907329  0.000335670736557535      1.63558714962924   -0.0136143187405964  -0.00792334273946578     0.263833548774281    -0.577223522406086    0.0248181106956477  -0.00761824171953409
-3.25316489345474e-05  -0.00203450075940134   0.00145064241982531   -0.0136143187405964      1.91823766476119   -0.0375047751468688    0.0122122411042725   -0.0326465474249468    -0.058684731336425  -0.00435164480732048
 0.000141666247215174   0.00334189957579239   0.00112354404468729  -0.00792334273946578   -0.0375047751468688      1.96231693591135    0.0108739463845657    -0.017705584118059   -0.0268290170264065    0.0315615418555271
-0.000704920093685208   0.00763398471911495  0.000946993951409534     0.263833548774281    0.0122122411042725    0.0108739463845657      1.69890708468047     0.598317036774197   -0.0240784975326517   -0.0425063742116087
  0.00138453016250796   0.00397703168312089   0.00125638420557541    -0.577223522406086   -0.0326465474249468    -0.017705584118059     0.598317036774197     0.646520397430371   -0.0200315766572096   -0.0142919620460277
 0.000771953282531208  -0.00638706256137246  0.000527992409857039    0.0248181106956477    -0.058684731336425   -0.0268290170264065   -0.0240784975326517   -0.0200315766572096     0.110856129708758   -0.0145400590698622
 5.48744079771981e-05   -0.0312224394966225  -0.00316141630112555  -0.00761824171953409  -0.00435164480732048    0.0315615418555271   -0.0425063742116087   -0.0142919620460277   -0.0145400590698622    0.0380996300471818
TOTAL ENERGY: -127.376371095246	 lambda: 0.2	 population of target: 6.73719995671061
1RDM: 
     1.99992836939452  0.000155932611081819  1.90168261735549e-05  -0.00256517647563642 -6.93610474687684e-06  0.000146236161329397 -0.000325902732477586  0.000622072174081073   0.00152119596165689  0.000577706075797251
 0.000155932611081819      1.98712634568064  -0.00151942466831095  0.000719988486936647  -0.00204424533403134   0.00333670557266973   0.00706246980710537   0.00461363632256628   -0.0149028727661896   -0.0737248637258092
 1.90168261735549e-05  -0.00151942466831095      1.99977622281003   0.00052802067800837   0.00159050776453052   0.00120674820082654  0.000705797335150324   0.00170175603565982  0.000275051090277638   -0.0078579934131352
 -0.00256517647563642  0.000719988486936647   0.00052802067800837      1.60396009309585   -0.0215367258382529   -0.0125557363901316     0.274069291739304    -0.597828921015872    0.0481873865424205   -0.0127392690818309
-6.93610474687684e-06  -0.00204424533403134   0.00159050776453052   -0.0215367258382529      1.91132716575497   -0.0415953535495379    0.0206852718002899    -0.051161403802948    -0.092040331286532  -0.00262949553721512
 0.000146236161329397   0.00333670557266973   0.00120674820082654   -0.0125557363901316   -0.0415953535495379      1.96021395599898    0.0148165786627764    -0.028910132476559   -0.0439277629975226    0.0424524558298129
-0.000325902732477586   0.00706246980710537  0.000705797335150324     0.274069291739304    0.0206852718002899    0.0148165786627764      1.70455341200199     0.587373508312013   -0.0196581912176654   -0.0352729303075739
 0.000622072174081073   0.00461363632256628   0.00170175603565982    -0.597828921015872    -0.051161403802948    -0.028910132476559     0.587373508312013     0.673344267782987   -0.0272194822995489  -0.00885030877852745
  0.00152119596165689   -0.0149028727661896  0.000275051090277638    0.0481873865424205    -0.092040331286532   -0.0439277629975226   -0.0196581912176654   -0.0272194822995489     0.118779035313409   -0.0156909988226115
 0.000577706075797251   -0.0737248637258092   -0.0078579934131352   -0.0127392690818309  -0.00262949553721512    0.0424524558298129   -0.0352729303075739  -0.00885030877852745   -0.0156909988226115    0.0409911321666667
TOTAL ENERGY: -127.33707277378	 lambda: 0.3	 population of target: 6.89441615181844
1RDM: 
     1.99992338496788  0.000229302609856823  2.64295388084484e-05  -0.00308557461880817  2.00974812208187e-05  0.000147439057261785   3.8457867520001e-05 -0.000120243390794862   0.00225899006007027   0.00110021253463753
 0.000229302609856823      1.98261641433727  -0.00200803063714541    0.0010078167504722  -0.00222647178227923   0.00362731475529831   0.00674545370173645   0.00536258868321672   -0.0234212281022872    -0.116227955167644
 2.64295388084484e-05  -0.00200803063714541      1.99972037652011  0.000718115425798711    0.0017284124157549   0.00132886089254756  0.000494420848984971   0.00215185261383177  9.35034203548816e-06   -0.0125533115570155
 -0.00308557461880817    0.0010078167504722  0.000718115425798711      1.57204841605463   -0.0293124076546268   -0.0171017624779156     0.283797678206645    -0.617285030786867    0.0711470036990678   -0.0177528484676576
 2.00974812208187e-05  -0.00222647178227923    0.0017284124157549   -0.0293124076546268      1.90359449475971   -0.0460172031370652    0.0290138278001396   -0.0693289250213096    -0.124761428760767 -0.000859625109552528
 0.000147439057261785   0.00362731475529831   0.00132886089254756   -0.0171017624779156   -0.0460172031370652      1.95767882780891    0.0186643355916403   -0.0399133881875472   -0.0607371877424478    0.0530005191384856
  3.8457867520001e-05   0.00674545370173645  0.000494420848984971     0.283797678206645    0.0290138278001396    0.0186643355916403      1.71022493372389     0.576198173790449   -0.0151693804632646   -0.0275043304282751
-0.000120243390794862   0.00536258868321672   0.00215185261383177    -0.617285030786867   -0.0693289250213096   -0.0399133881875472     0.576198173790449     0.700499950131853   -0.0342186788571129  -0.00322741831990782
  0.00225899006007027   -0.0234212281022872  9.35034203548816e-06    0.0711470036990678    -0.124761428760767   -0.0607371877424478   -0.0151693804632646   -0.0342186788571129     0.127922256327238   -0.0167098334813085
  0.00110021253463753    -0.116227955167644   -0.0125533115570155   -0.0177528484676576 -0.000859625109552528    0.0530005191384856   -0.0275043304282751  -0.00322741831990782   -0.0167098334813085    0.0457709453685573
TOTAL ENERGY: -127.282282775794	 lambda: 0.4	 population of target: 7.05097361249152
1RDM: 
     1.99991744014118  0.000331449971724094  3.69496117775139e-05  -0.00362057092352726   4.8501632772952e-05  0.000145711839326931  0.000391112373758636 -0.000849718290417751    0.0029887720991905   0.00161922432969737
 0.000331449971724094       1.9762293883561  -0.00269748148641031   0.00130154333207537  -0.00256965216938996   0.00419412320442824    0.0067092966148417   0.00622925171779079   -0.0318863436231818    -0.158449635212589
 3.69496117775139e-05  -0.00269748148641031       1.9996427919642  0.000906860828669867   0.00186157763307699   0.00148537128367515  0.000314950150974942   0.00260981696252332 -0.000258135769642749   -0.0172145217364793
 -0.00362057092352726   0.00130154333207537  0.000906860828669867      1.53989222577518   -0.0369931861734186   -0.0215911336847771     0.293162964733092    -0.635919726488665     0.093842310167916   -0.0226994108570388
  4.8501632772952e-05  -0.00256965216938996   0.00186157763307699   -0.0369931861734186      1.89523622914922   -0.0506521020737536    0.0372597049369227   -0.0872680748146092    -0.157052472982113   0.00103293508441221
 0.000145711839326931   0.00419412320442824   0.00148537128367515   -0.0215911336847771   -0.0506521020737536      1.95476913390707    0.0224313395341437   -0.0507909778488608   -0.0773904489467343    0.0631664291844237
 0.000391112373758636    0.0067092966148417  0.000314950150974942     0.293162964733092    0.0372597049369227    0.0224313395341437      1.71587174393437     0.564794286843238   -0.0106259400569664   -0.0193506975337944
-0.000849718290417751   0.00622925171779079   0.00260981696252332    -0.635919726488665   -0.0872680748146092   -0.0507909778488608     0.564794286843238      0.72796555789177   -0.0410938837577274   0.00251902032164485
   0.0029887720991905   -0.0318863436231818 -0.000258135769642749     0.093842310167916    -0.157052472982113   -0.0773904489467343   -0.0106259400569664   -0.0410938837577274     0.138038148098818   -0.0175435146085479
  0.00161922432969737    -0.158449635212589   -0.0172145217364793   -0.0226994108570388   0.00103293508441221    0.0631664291844237   -0.0193506975337944   0.00251902032164485   -0.0175435146085479    0.0524373407821522
TOTAL ENERGY: -127.212078187217	 lambda: 0.5	 population of target: 7.20699231707635
1RDM: 
     1.99991061273003  0.000461473994709056  5.04669625576275e-05   -0.0041706317936938  7.82155540675599e-05  0.000141535560640712  0.000735217309041353  -0.00157308175881859   0.00371472037090023   0.00213121603415655
 0.000461473994709056      1.96803157231088  -0.00358010174297807   0.00159915072228943   -0.0030556750164363   0.00500576003693089   0.00696002265252164   0.00720970217459541   -0.0402390669975269    -0.200091988531785
 5.04669625576275e-05  -0.00358010174297807       1.9995443684423   0.00109526205397119     0.001990941113052   0.00167220529144801  0.000166938581306293   0.00307815289235055 -0.000515191885900765   -0.0218066335799138
  -0.0041706317936938   0.00159915072228943   0.00109526205397119      1.50735579161814   -0.0446401276048618    -0.026058623194034     0.302277724604281    -0.653973244460752      0.11644820820064   -0.0276268673576246
 7.82155540675599e-05   -0.0030556750164363     0.001990941113052   -0.0446401276048618       1.8863051203289    -0.055471371105516    0.0454923378789069    -0.105120251439521    -0.189153809115651   0.00313708137236588
 0.000141535560640712   0.00500576003693089   0.00167220529144801    -0.026058623194034    -0.055471371105516      1.95150383327124    0.0261398518071503   -0.0616293631675471   -0.0940445218302058    0.0729026575543417
 0.000735217309041353   0.00696002265252164  0.000166938581306293     0.302277724604281    0.0454923378789069    0.0261398518071503      1.72148312735027      0.55310651540364  -0.00605313146907595   -0.0110467426929137
 -0.00157308175881859   0.00720970217459541   0.00307815289235055    -0.653973244460752    -0.105120251439521   -0.0616293631675471      0.55310651540364     0.755863755618309   -0.0479255201516296   0.00830190091039568
  0.00371472037090023   -0.0402390669975269 -0.000515191885900765      0.11644820820064    -0.189153809115651   -0.0940445218302058  -0.00605313146907595   -0.0479255201516296     0.149058779722756    -0.018184763429601
  0.00213121603415655    -0.200091988531785   -0.0218066335799138   -0.0276268673576246   0.00313708137236588    0.0729026575543417   -0.0110467426929137   0.00830190091039568    -0.018184763429601     0.060943038607276
TOTAL ENERGY: -127.126482434534	 lambda: 0.6	 population of target: 7.3626257908504
1RDM: 
     1.99990284864405  0.000618139374099156  6.68307947526543e-05  -0.00474111192051559  0.000109149207908062   0.00013540553700711   0.00107339544060922  -0.00229480092940417    0.0044406657277168   0.00263283269651663
 0.000618139374099156      1.95812624557044  -0.00464391276115835   0.00189798369768452  -0.00366107467912965   0.00602118959272098    0.0074792277599078   0.00828957636441145   -0.0484223310882244    -0.240869138314236
 6.68307947526543e-05  -0.00464391276115835      1.99942643839068   0.00128413151676204   0.00212131090719395   0.00188615309432404    4.721814824592e-05   0.00355786967362618 -0.000750311504343899   -0.0262958912359569
 -0.00474111192051559   0.00189798369768452   0.00128413151676204      1.47415885493082   -0.0523086079709852   -0.0305355358512362     0.311194526476897    -0.671537271586716     0.139126412546446   -0.0325788255588877
 0.000109149207908062  -0.00366107467912965   0.00212131090719395   -0.0523086079709852      1.87669520314947   -0.0605442276945407    0.0537724512953364      -0.1230144794025    -0.221281983623618   0.00553819892220553
  0.00013540553700711   0.00602118959272098   0.00188615309432404   -0.0305355358512362   -0.0605442276945407      1.94785819659163     0.029813679393998   -0.0725050213486962    -0.110843250467195    0.0821576333067259
  0.00107339544060922    0.0074792277599078    4.721814824592e-05     0.311194526476897    0.0537724512953364     0.029813679393998       1.7270924600937     0.541034114476738  -0.00148203518812608   -0.0028574468810872
 -0.00229480092940417   0.00828957636441145   0.00355786967362618    -0.671537271586716      -0.1230144794025   -0.0725050213486962     0.541034114476738     0.784434760297236   -0.0547902395994172    0.0140251123258742
   0.0044406657277168   -0.0484223310882244 -0.000750311504343899     0.139126412546446    -0.221281983623618    -0.110843250467195  -0.00148203518812608   -0.0547902395994172     0.161115735026757   -0.0186781150945794
  0.00263283269651663    -0.240869138314236   -0.0262958912359569   -0.0325788255588877   0.00553819892220553    0.0821576333067259   -0.0028574468810872    0.0140251123258742   -0.0186781150945794    0.0711892573053039
TOTAL ENERGY: -127.025509947962	 lambda: 0.7	 population of target: 7.51797157906883
1RDM: 
     1.99989397777677  0.000799939485496712  8.58580753140306e-05  -0.00534096755656063  0.000141156684832274  0.000127794127391299   0.00140711416701192  -0.00301594201584732   0.00516908526794971   0.00312142354334671
 0.000799939485496712      1.94664597137384   -0.0058735260937966   0.00219507368914187  -0.00435918342007703   0.00719351966374321   0.00822741819544959   0.00944619495813479   -0.0563869098548166    -0.280536171896438
 8.58580753140306e-05   -0.0058735260937966      1.99929067532602   0.00147384820638213   0.00226058588300129   0.00212501372975363 -4.94887377851717e-05   0.00404805294145622  -0.00095457440267399   -0.0306532786870451
 -0.00534096755656063   0.00219507368914187   0.00147384820638213      1.43994465701788   -0.0600346082589062   -0.0350419537221251     0.319892622650389    -0.688531209185432     0.161985499119855   -0.0375835998800709
