TOTAL ENERGY: -126.547195007285	 lambda: -1	 population of target: 4.72616355003057
1RDM: 
     1.99992874693546   0.00190521268190788  0.000113730130897148  -0.00195821765605467 -2.63999052288854e-05 -0.000630117102428808  0.000423517321538716 -0.000278828642798042  -0.00910304983049647  -0.00600992284141437
  0.00190521268190788      1.89232413088055  -0.00589275778204791   0.00416550853834122    0.0207612199610181    0.0102672340248383    0.0131691847032379  -0.00252106954823405     0.117129458922226      0.42440956336668
 0.000113730130897148  -0.00589275778204791      1.99964086417995   -0.0019799476465591  0.000519951610331797   0.00228463131037362  -0.00210449318962904   0.00428636099563231   0.00824303220546582     0.022833714119793
 -0.00195821765605467   0.00416550853834122   -0.0019799476465591      1.53392610204218   -0.0746314859826692     0.154039917947805    -0.296054376589231      0.62622060229655    -0.385277456736269      0.10309515155485
-2.63999052288854e-05    0.0207612199610181  0.000519951610331797   -0.0746314859826692      1.95410649833046    0.0504922577355817   -0.0767096874684025     0.177197319625061    0.0499013427974071   -0.0730544653803977
-0.000630117102428808    0.0102672340248383   0.00228463131037362     0.154039917947805    0.0504922577355817      1.87877824592408     0.179758131060882    -0.333136596483036    -0.140344865528071  -0.00166514038585947
 0.000423517321538716    0.0131691847032379  -0.00210449318962904    -0.296054376589231   -0.0767096874684025     0.179758131060882      1.66848098356844     0.587341568576807     0.120517997666719   -0.0856869627752411
-0.000278828642798042  -0.00252106954823405   0.00428636099563231      0.62622060229655     0.177197319625061    -0.333136596483036     0.587341568576807     0.798037493677836    -0.107400310532154   0.00263316561072357
 -0.00910304983049647     0.117129458922226   0.00824303220546582    -0.385277456736269    0.0499013427974071    -0.140344865528071     0.120517997666719    -0.107400310532154     0.152739206895552   -0.0102433544898535
 -0.00600992284141437      0.42440956336668     0.022833714119793      0.10309515155485   -0.0730544653803977  -0.00166514038585947   -0.0856869627752411   0.00263316561072357   -0.0102433544898535     0.122037727565584
TOTAL ENERGY: -126.686999783071	 lambda: -0.9	 population of target: 4.87338799725906
1RDM: 
      1.9999398663691   0.00156379992378849   9.4182578984767e-05  -0.00156916618293469  1.67453368804802e-05 -0.000545248800698682  0.000479790893224662 -0.000426805073019452  -0.00816637305729238   -0.0054682772308815
  0.00156379992378849       1.9089404145153  -0.00495505926595393   0.00380631607492774    0.0176390761508818   0.00872139356699399    0.0120129481545048  -0.00234340085382657     0.107527263089264     0.389596842299141
  9.4182578984767e-05  -0.00495505926595393      1.99969682456204  -0.00178318355869251   0.00045151049840067   0.00195940762031407  -0.00192193595701999   0.00381856710521969   0.00751535413904634    0.0209143155368101
 -0.00156916618293469   0.00380631607492774  -0.00178318355869251      1.55784913639014   -0.0668909100954214     0.138347899510007    -0.301217674010298     0.627155625900021    -0.343476306632376     0.091938156569586
 1.67453368804802e-05    0.0176390761508818   0.00045151049840067   -0.0668909100954214      1.95906753060431    0.0424181237938425   -0.0683696303864768     0.159341428328591     0.045363726533497   -0.0635385543429726
-0.000545248800698682   0.00872139356699399   0.00195940762031407     0.138347899510007    0.0424181237938425      1.89578496933517     0.161630559088787     -0.29895029117558    -0.125717146578222 -0.000477131622240776
 0.000479790893224662    0.0120129481545048  -0.00192193595701999    -0.301217674010298   -0.0683696303864768     0.161630559088787      1.66292836002241     0.599922989584935     0.105801778691684    -0.078884855654688
-0.000426805073019452  -0.00234340085382657   0.00381856710521969     0.627155625900021     0.159341428328591     -0.29895029117558     0.599922989584935     0.778438427304004   -0.0965879035395367   0.00105401940555112
 -0.00816637305729238     0.107527263089264   0.00751535413904634    -0.343476306632376     0.045363726533497    -0.125717146578222     0.105801778691684   -0.0965879035395367      0.13221937744264  -0.00902844471042967
  -0.0054682772308815     0.389596842299141    0.0209143155368101     0.091938156569586   -0.0635385543429726 -0.000477131622240776    -0.078884855654688   0.00105401940555112  -0.00902844471042967     0.105135093454989
TOTAL ENERGY: -126.817541574649	 lambda: -0.8	 population of target: 5.02702379101154
1RDM: 
     1.99994954125266   0.00124815823445367  7.60459204201581e-05  -0.00122766472138875  5.13549906232174e-05 -0.000463124637105201  0.000550438731279738 -0.000591924473665927  -0.00720603641460973     -0.00490741813336
  0.00124815823445367       1.9245301343784  -0.00407534161807372   0.00348124112508286    0.0148396094924551   0.00733277833503783    0.0110439123208208   -0.0020092597541741    0.0974536569248053     0.353082304727576
 7.60459204201581e-05  -0.00407534161807372      1.99974907274595  -0.00157890644581806   0.00038396021855873   0.00167868209971678   -0.0017218007064222   0.00334820214218169   0.00675664867370754    0.0189007574971338
 -0.00122766472138875   0.00348124112508286  -0.00157890644581806      1.57978568240124   -0.0589661310769639       0.1222606412897    -0.304785359624629     0.626176036758649    -0.300765654966112    0.0803608898485709
 5.13549906232174e-05    0.0148396094924551   0.00038396021855873   -0.0589661310769639      1.96334037068939     0.035601678691476   -0.0598574956798714     0.141028590754901     0.040597042066706   -0.0542056480992768
-0.000463124637105201   0.00733277833503783   0.00167868209971678       0.1222606412897     0.035601678691476      1.91022755599961     0.143033334874005    -0.263918684984341    -0.110783054359188  0.000530550249681555
 0.000550438731279738    0.0110439123208208   -0.0017218007064222    -0.304785359624629   -0.0598574956798714     0.143033334874005      1.65744481356971     0.611768990647889    0.0905827803768903   -0.0725888205358185
-0.000591924473665927   -0.0020092597541741   0.00334820214218169     0.626176036758649     0.141028590754901    -0.263918684984341     0.611768990647889     0.760685895835808   -0.0856225148393454  -0.00093017086709667
 -0.00720603641460973    0.0974536569248053   0.00675664867370754    -0.300765654966112     0.040597042066706    -0.110783054359188    0.0905827803768903   -0.0856225148393454     0.114774312869923  -0.00834398935481859
    -0.00490741813336     0.353082304727576    0.0189007574971338    0.0803608898485709   -0.0542056480992768  0.000530550249681555   -0.0725888205358185  -0.00093017086709667  -0.00834398935481859    0.0895126202573693
TOTAL ENERGY: -126.936739984957	 lambda: -0.7	 population of target: 5.18600943327287
1RDM: 
      1.9999577200992  0.000961418402451809   5.9517248188367e-05 -0.000934167793586863  7.81366665528906e-05 -0.000384160178092924   0.00063527566133492 -0.000770729020384498   -0.0062317595809867  -0.00432803793263898
 0.000961418402451809      1.93894530118107  -0.00326282323304205    0.0031753781359624    0.0123435657076968    0.0060918681745983     0.010191264577504  -0.00156278109833847     0.086902760980437     0.314844369865373
  5.9517248188367e-05  -0.00326282323304205      1.99979704052256  -0.00137056307342408  0.000316580359327125   0.00144208249419637   -0.0015109596493165   0.00287859441794878   0.00597014552990177     0.016795944310542
-0.000934167793586863    0.0031753781359624  -0.00137056307342408      1.59962375727663   -0.0509484236649346     0.105971417791029    -0.306810354700728     0.623407801189168    -0.257638532843841    0.0685393233621791
 7.81366665528906e-05    0.0123435657076968  0.000316580359327125   -0.0509484236649346      1.96693050940161    0.0300449919570853   -0.0512616621690857     0.122481780155981    0.0356967663147753   -0.0450268969680074
-0.000384160178092924    0.0060918681745983   0.00144208249419637     0.105971417791029    0.0300449919570853      1.92210847162693     0.124194668857844    -0.228456727210032   -0.0957009656139151   0.00141670922204209
  0.00063527566133492     0.010191264577504   -0.0015109596493165    -0.306810354700728   -0.0512616621690857     0.124194668857844      1.65210160026444     0.622807714237557    0.0750889508255718   -0.0666944165213322
-0.000770729020384498  -0.00156278109833847   0.00287859441794878     0.623407801189168     0.122481780155981    -0.228456727210032     0.622807714237557        0.744858229404   -0.0746043054263127  -0.00318860019404078
  -0.0062317595809867     0.086902760980437   0.00597014552990177    -0.257638532843841    0.0356967663147753   -0.0957009656139151    0.0750889508255718   -0.0746043054263127     0.100403793112672   -0.0081617942354901
 -0.00432803793263898     0.314844369865373     0.016795944310542    0.0685393233621791   -0.0450268969680074   0.00141670922204209   -0.0666944165213322  -0.00318860019404078   -0.0081617942354901    0.0752735771109204
TOTAL ENERGY: -127.042994109846	 lambda: -0.6	 population of target: 5.34953118240739
1RDM: 
     1.99996439767085  0.000706540119262549  4.47705151546853e-05  -0.00068680055244373  9.76755106421458e-05 -0.000308594066441262  0.000733567952645037 -0.000960368197326634  -0.00525034702662862  -0.00373116182454243
 0.000706540119262549      1.95201498168228  -0.00252724406381566   0.00287861295763268    0.0101413796460905   0.00499429681581999   0.00940666063505367  -0.00103471266809098    0.0758777725781806      0.27489437140088
 4.47705151546853e-05  -0.00252724406381566       1.9998401886673  -0.00116055842787722  0.000249780542449185   0.00124783189976373  -0.00129430233712873   0.00241191020659492   0.00515849157098253    0.0146033933533752
 -0.00068680055244373   0.00287861295763268  -0.00116055842787722      1.61738597203396    -0.042901262622771    0.0896132132471127    -0.307396735770717     0.619011106179058    -0.214429956069456    0.0565997588765469
 9.76755106421458e-05    0.0101413796460905  0.000249780542449185    -0.042901262622771      1.96986599656481    0.0256895391934179   -0.0426456388234323     0.103853100399075     0.030729285930323   -0.0359804428876169
-0.000308594066441262   0.00499429681581999   0.00124783189976373    0.0896132132471127    0.0256895391934179      1.93154305179753     0.105270611888953    -0.192851335495187   -0.0805798013230106   0.00222284824692278
 0.000733567952645037   0.00940666063505367  -0.00129430233712873    -0.307396735770717   -0.0426456388234323     0.105270611888953      1.64693400148638     0.633025537422186    0.0594816193164136   -0.0611077056930878
-0.000960368197326634  -0.00103471266809098   0.00241191020659492     0.619011106179058     0.103853100399075    -0.192851335495187     0.633025537422186     0.730918644916087   -0.0635993374115786  -0.00562242703788775
 -0.00525034702662862    0.0758777725781806   0.00515849157098253    -0.214429956069456     0.030729285930323   -0.0805798013230106    0.0594816193164136   -0.0635993374115786    0.0889811400274771  -0.00840591250958557
 -0.00373116182454243      0.27489437140088    0.0146033933533752    0.0565997588765469   -0.0359804428876169   0.00222284824692278   -0.0611077056930878  -0.00562242703788775  -0.00840591250958557    0.0625516251533792
TOTAL ENERGY: -127.135059098687	 lambda: -0.5	 population of target: 5.51697754998771
1RDM: 
     1.99996958711106  0.000486372154797886  3.19610877226474e-05 -0.000482941707441586  0.000110397483358289 -0.000236535503185061   0.00084445092082413  -0.00115879343009448  -0.00426609043023236  -0.00311817596632533
 0.000486372154797886      1.96355010660855  -0.00187879040554044   0.00258474720030992   0.00823151654097269   0.00403982723292211   0.00865980886217457 -0.000445620627784806    0.0643963176363301     0.233295844293063
 3.19610877226474e-05  -0.00187879040554044      1.99987798918558  -0.00095037391476652  0.000184531575450394   0.00109387509873007  -0.00107494691341532   0.00194929515582675   0.00432404135374081    0.0123279543388925
-0.000482941707441586   0.00258474720030992  -0.00095037391476652      1.63315436394138   -0.0348630629700224    0.0732663819267262    -0.306653215050979     0.613131903388749    -0.171339490920521    0.0446204538994552
 0.000110397483358289   0.00823151654097269  0.000184531575450394   -0.0348630629700224      1.97217878691883    0.0224583061126834   -0.0340478956148932    0.0852346861441623    0.0257317290643758   -0.0270639154998489
-0.000236535503185061   0.00403982723292211   0.00109387509873007    0.0732663819267262    0.0224583061126834      1.93867807950571    0.0863554428338555    -0.157275829326418   -0.0654869224070445   0.00296854944450236
  0.00084445092082413   0.00865980886217457  -0.00107494691341532    -0.306653215050979   -0.0340478956148932    0.0863554428338555      1.64195377685369     0.642437573501087    0.0438591209939743   -0.0557643250768192
 -0.00115879343009448 -0.000445620627784806   0.00194929515582675     0.613131903388749    0.0852346861441623    -0.157275829326418     0.642437573501087     0.718784806739206   -0.0526469477065205  -0.00817126217911748
 -0.00426609043023236    0.0643963176363301   0.00432404135374081    -0.171339490920521    0.0257317290643758   -0.0654869224070445    0.0438591209939743   -0.0526469477065205    0.0803485789275077  -0.00898325439727646
 -0.00311817596632533     0.233295844293063    0.0123279543388925    0.0446204538994552   -0.0270639154998489   0.00296854944450236   -0.0557643250768192  -0.00817126217911748  -0.00898325439727646    0.0515039242085634
TOTAL ENERGY: -127.211921675233	 lambda: -0.4	 population of target: 5.68784208800615
1RDM: 
     1.99997330168707  0.000303640564034852  2.12294440361948e-05  -0.00032027194505275  0.000116617494250925 -0.000168019187977213  0.000967173571362466  -0.00136461470688703  -0.00328178422297711  -0.00249086235270792
 0.000303640564034852      1.97335646353378  -0.00132768526389228   0.00228946069400974   0.00661561937176581   0.00322978182364839   0.00792873363992636  0.000187958691774537    0.0524911469905479     0.190166954218325
 2.12294440361948e-05  -0.00132768526389228      1.99990992448289  -0.00074092364250172   0.00012183330060773  0.000978510977438351 -0.000854954838273497   0.00149121231261041   0.00346921359386187   0.00997619267697328
 -0.00032027194505275   0.00228946069400974  -0.00074092364250172      1.64701357955784   -0.0268560566425468    0.0569788577926211    -0.304667340618311     0.605881145155495    -0.128484193349351    0.0326482759418756
 0.000116617494250925   0.00661561937176581   0.00012183330060773   -0.0268560566425468      1.97389366563619    0.0202830432585125   -0.0254884034248815    0.0666833694887768    0.0207208738785202   -0.0182947858903899
-0.000168019187977213   0.00322978182364839  0.000978510977438351    0.0569788577926211    0.0202830432585125      1.94364009196895    0.0675065092946719     -0.12183189934468   -0.0504649359908871   0.00365585950904098
 0.000967173571362466   0.00792873363992636 -0.000854954838273497    -0.304667340618311   -0.0254884034248815    0.0675065092946719      1.63716406810948     0.651063889266828    0.0282794184872332    -0.050625130475993
 -0.00136461470688703  0.000187958691774537   0.00149121231261041     0.605881145155495    0.0666833694887768     -0.12183189934468     0.651063889266828      0.70837954412909   -0.0417708412107964   -0.0108013727846275
 -0.00328178422297711    0.0524911469905479   0.00346921359386187    -0.128484193349351    0.0207208738785202   -0.0504649359908871    0.0282794184872332   -0.0417708412107964    0.0743762137638062  -0.00980690685396433
 -0.00249086235270792     0.190166954218325   0.00997619267697328    0.0326482759418756   -0.0182947858903899   0.00365585950904098    -0.050625130475993   -0.0108013727846275  -0.00980690685396433    0.0422931471309599
TOTAL ENERGY: -127.27272600843	 lambda: -0.3	 population of target: 5.86163232166811
1RDM: 
      1.9999755505191   0.00016086832122173  1.27015869904269e-05 -0.000197052233731796  0.000116618901648669 -0.000103046185467562   0.00110111312431906   -0.0015768014289127  -0.00229974124088137  -0.00185142538113692
  0.00016086832122173      1.98124857884253 -0.000883670171279367   0.00198869830508345   0.00529417281915554   0.00256482183407337   0.00719218730593089  0.000848977341923153    0.0402072944056375     0.145670194866961
 1.27015869904269e-05 -0.000883670171279367      1.99993550127679 -0.000532909417434053  6.24496814939552e-05  0.000900459808857441 -0.000636013065258326   0.00103782682181978   0.00259673687644325   0.00755635574264496
-0.000197052233731796   0.00198869830508345 -0.000532909417434053      1.65902891404342    -0.018895809005018    0.0407865709895743    -0.301503872313973     0.597340620824439   -0.0859504525299122    0.0207188010105674
 0.000116618901648669   0.00529417281915554  6.24496814939552e-05    -0.018895809005018      1.97502633726101     0.019110634547952   -0.0169775356618726    0.0482443066046533    0.0157046251268589   -0.0097022099742856
-0.000103046185467562   0.00256482183407337  0.000900459808857441    0.0407865709895743     0.019110634547952      1.94652398651728    0.0487684802168406   -0.0865932607882722   -0.0355476636191795   0.00427806293569568
  0.00110111312431906   0.00719218730593089 -0.000636013065258326    -0.301503872313973   -0.0169775356618726    0.0487684802168406      1.63256940495599     0.658918652707603    0.0127864752478236   -0.0456573920988361
  -0.0015768014289127  0.000848977341923153   0.00103782682181978     0.597340620824439    0.0482443066046533   -0.0865932607882722     0.658918652707603      0.69964857611252   -0.0309880777085798    -0.013486089077344
 -0.00229974124088137    0.0402072944056375   0.00259673687644325   -0.0859504525299122    0.0157046251268589   -0.0355476636191795    0.0127864752478236   -0.0309880777085798    0.0709733180366561   -0.0108051583015682
 -0.00185142538113692     0.145670194866961   0.00755635574264496    0.0207188010105674   -0.0097022099742856   0.00427806293569568   -0.0456573920988361    -0.013486089077344   -0.0108051583015682    0.0350698324347717
TOTAL ENERGY: -127.316754973235	 lambda: -0.2	 population of target: 6.03781872343152
1RDM: 
      1.9999763448584  6.02569731909677e-05  6.48616392272498e-06 -0.000111814435268987   0.00011071713973246 -4.16002337424744e-05   0.00124563294105801  -0.00179441633279999  -0.00132238776012392  -0.00120249939092006
 6.02569731909677e-05      1.98705940904765 -0.000555576026774881    0.0016783524447261   0.00426477407738254   0.00204410937390208   0.00642824371157469   0.00151925430392762    0.0275984008780306    0.0999991441269852
 6.48616392272498e-06 -0.000555576026774881      1.99995427077268 -0.000327011680452197   6.9390585806527e-06  0.000858564748466085 -0.000419739252835077  0.000589304799677614   0.00170972831015757   0.00507810565731619
-0.000111814435268987    0.0016783524447261 -0.000327011680452197      1.66925486247897   -0.0109973038836186    0.0247254616886431    -0.297218879675917     0.587582742749234   -0.0438238263648862   0.00887001527319823
  0.00011071713973246   0.00426477407738254   6.9390585806527e-06   -0.0109973038836186      1.97558786211119    0.0188939134694577  -0.00852330966601084    0.0299638228362778    0.0106902680147937  -0.00131716559537362
-4.16002337424744e-05   0.00204410937390208  0.000858564748466085    0.0247254616886431    0.0188939134694577      1.94741115600177    0.0301868875042327   -0.0516324215672689   -0.0207690144326366   0.00482744290786444
  0.00124563294105801   0.00642824371157469 -0.000419739252835077    -0.297218879675917  -0.00852330966601084    0.0301868875042327      1.62817794605956      0.66601146554711   -0.0025722956481232   -0.0408158548452389
 -0.00179441633279999   0.00151925430392762  0.000589304799677614     0.587582742749234    0.0299638228362778   -0.0516324215672689      0.66601146554711     0.692550242035046   -0.0203132694155798   -0.0161901270726307
 -0.00132238776012392    0.0275984008780306   0.00170972831015757   -0.0438238263648862    0.0106902680147937   -0.0207690144326366   -0.0025722956481232   -0.0203132694155798    0.0700654394863813   -0.0119178649486965
 -0.00120249939092006    0.0999991441269852   0.00507810565731619   0.00887001527319823  -0.00131716559537362   0.00482744290786444   -0.0408158548452389   -0.0161901270726307   -0.0119178649486965    0.0299624671483791
