TOTAL ENERGY: -126.618640186273	 lambda: -1	 population of target: 4.82293633209065
1RDM: 
     1.99990160448896  0.000140844651213719   0.00140578780842563   -0.0010565589850736 -0.000446293504838693 -0.000503019637735181   0.00300618749901569  -0.00572009652390452   0.00737506813270723  -0.00846233760774479
 0.000140844651213719      1.99891931666447   -0.0099877184176464   0.00275596399206529  -0.00294960523381015   0.00241003695483599   0.00430690451749733  -0.00557496462217722   0.00739734267218112    0.0422756317758548
  0.00140578780842563   -0.0099877184176464        1.903588078787   0.00344962865436285  -0.00735491097843767    0.0267517108770475    0.0199973316199291   0.00207969520438128    0.0951882998839661     0.403936541896456
  -0.0010565589850736   0.00275596399206529   0.00344962865436285      1.73632449277458     0.157479516202277    0.0449966119537486    -0.186436622831018     0.399325142811292     0.419882791882922    -0.106300778828643
-0.000446293504838693  -0.00294960523381015  -0.00735491097843767     0.157479516202277      1.86056848941393   -0.0320895553076802     0.170261540595743    -0.363020732002421    -0.154235922807118    0.0524317740579159
-0.000503019637735181   0.00241003695483599    0.0267517108770475    0.0449966119537486   -0.0320895553076802      1.96459212709287    0.0601495364446292   -0.0948560962628575   -0.0650808900168886   -0.0752459393625894
  0.00300618749901569   0.00430690451749733    0.0199973316199291    -0.186436622831018     0.170261540595743    0.0601495364446292      1.62770403715848     0.671501988246827    -0.130119267802698   -0.0551308570212546
 -0.00572009652390452  -0.00557496462217722   0.00207969520438128     0.399325142811292    -0.363020732002421   -0.0948560962628575     0.671501988246827     0.610921018470585     0.116408775675853   -0.0711012620208893
  0.00737506813270723   0.00739734267218112    0.0951882998839661     0.419882791882922    -0.154235922807118   -0.0650808900168886    -0.130119267802698     0.116408775675853     0.178707145741073   -0.0134681102023498
 -0.00846233760774479    0.0422756317758548     0.403936541896456    -0.106300778828643    0.0524317740579159   -0.0752459393625894   -0.0551308570212546   -0.0711012620208893   -0.0134681102023498     0.118773689408164
TOTAL ENERGY: -126.754978783335	 lambda: -0.9	 population of target: 4.9665011560368
1RDM: 
     1.99991485885355  0.000114614640435808   0.00114505475754253 -0.000755047274422265 -0.000410811261982856 -0.000409170291401662    0.0028198845945326  -0.00530860242446749   0.00661876369399081  -0.00762356052645592
 0.000114614640435808      1.99908769630083  -0.00842985760851526    0.0024680015592708  -0.00254061735599888   0.00205936094574581    0.0038150248261635   -0.0050262580847444   0.00682870809551134    0.0387139759418887
  0.00114505475754253  -0.00842985760851526      1.91838671666201   0.00314646466031048  -0.00625076712270562    0.0227451188298887    0.0179881366612475   0.00171227214241228    0.0872919507440645     0.370437765473542
-0.000755047274422265    0.0024680015592708   0.00314646466031048      1.73993282327389     0.140859747169784    0.0403071783463609    -0.199463769477821      0.42356401094793     0.377719702301144   -0.0956065935912586
-0.000410811261982856  -0.00254061735599888  -0.00625076712270562     0.140859747169784      1.87945909613945   -0.0271558426994579     0.152128536957335     -0.32482639291835    -0.138095202436196    0.0463800228294938
-0.000409170291401662   0.00205936094574581    0.0227451188298887    0.0403071783463609   -0.0271558426994579      1.96748814993215    0.0544484401376955   -0.0845654430648803   -0.0577902077170165   -0.0654655659844407
   0.0028198845945326    0.0038150248261635    0.0179881366612475    -0.199463769477821     0.152128536957335    0.0544484401376955      1.62954673945478     0.672459846832758    -0.119329359167794   -0.0526177856036125
 -0.00530860242446749   -0.0050262580847444   0.00171227214241228      0.42356401094793     -0.32482639291835   -0.0845654430648803     0.672459846832758     0.606557532679259     0.103622537344501   -0.0654358284685457
  0.00661876369399081   0.00682870809551134    0.0872919507440645     0.377719702301144    -0.138095202436196   -0.0577902077170165    -0.119329359167794     0.103622537344501     0.156475369027729   -0.0119323790528957
 -0.00762356052645592    0.0387139759418887     0.370437765473542   -0.0956065935912586    0.0463800228294938   -0.0654655659844407   -0.0526177856036125   -0.0654358284685457   -0.0119323790528957     0.103151017676435
TOTAL ENERGY: -126.881334614587	 lambda: -0.8	 population of target: 5.11519972612744
1RDM: 
     1.99992636101896  9.05514775105169e-05   0.00090515644872106 -0.000521334583831592 -0.000372008763898073 -0.000323290221195406   0.00263874531225115  -0.00491169774842331   0.00585033279090916  -0.00676106730795756
 9.05514775105169e-05      1.99924455634799  -0.00697510913192489   0.00217671304775029  -0.00219236659171443   0.00173527886603689    0.0033455612362721  -0.00445024982911677   0.00622800611517535    0.0349978129343009
  0.00090515644872106  -0.00697510913192489      1.93220190260386   0.00285250389738383  -0.00524970748122333     0.019121063735817    0.0162252819574462   0.00150222384832374    0.0790525410821554     0.335494278399754
-0.000521334583831592   0.00217671304775029   0.00285250389738383      1.74079525568429     0.123957864589751    0.0355309617457203      -0.2113776435574     0.445987009117745     0.334743830127833   -0.0847815486120445
-0.000372008763898073  -0.00219236659171443  -0.00524970748122333     0.123957864589751      1.89511662178483   -0.0231141295215473     0.133704509281789    -0.285972065717218    -0.121653668719282    0.0403317981861659
-0.000323290221195406   0.00173527886603689     0.019121063735817    0.0355309617457203   -0.0231141295215473      1.97004304977941    0.0485833776978422   -0.0741248483904796   -0.0504630201478922   -0.0558947934586059
  0.00263874531225115    0.0033455612362721    0.0162252819574462      -0.2113776435574     0.133704509281789    0.0485833776978422      1.63180248511267     0.672344008641535    -0.108467937986002   -0.0507499326390804
 -0.00491169774842331  -0.00445024982911677   0.00150222384832374     0.445987009117745    -0.285972065717218   -0.0741248483904796     0.672344008641535     0.604488929446296    0.0905364321592518    -0.059972786875809
  0.00585033279090916   0.00622800611517535    0.0790525410821554     0.334743830127833    -0.121653668719282   -0.0504630201478922    -0.108467937986002    0.0905364321592518     0.137591083814646   -0.0109114999065571
 -0.00676106730795756    0.0349978129343009     0.335494278399754   -0.0847815486120445    0.0403317981861659   -0.0558947934586059   -0.0507499326390804    -0.059972786875809   -0.0109114999065571    0.0887897544071155
TOTAL ENERGY: -126.995907360391	 lambda: -0.7	 population of target: 5.26800454906321
1RDM: 
      1.9999361032806  6.89086858480758e-05   0.00068845311151711 -0.000351594717164574 -0.000330664096936895 -0.000245251693573534    0.0024653740869924  -0.00453160586842671    0.0050797607249201  -0.00588137980005525
 6.89086858480758e-05      1.99938852309191  -0.00563582267767802   0.00188456973090658  -0.00190238122536958   0.00143672098209481    0.0028939413404676   -0.0038579729203952   0.00559247593769654    0.0311286912452743
  0.00068845311151711  -0.00563582267767802      1.94492536126913   0.00256184332114687  -0.00434640810845348    0.0158600865114133     0.014632792735334   0.00141210484828313    0.0704618366892472     0.299066658797045
-0.000351594717164574   0.00188456973090658   0.00256184332114687      1.73914988591845     0.106971592885282    0.0307265961775406    -0.222153768888596     0.466531046471438     0.291471904866458   -0.0739313507039286
-0.000330664096936895  -0.00190238122536958  -0.00434640810845348     0.106971592885282      1.90767291718827   -0.0199289141303223     0.115200003784601    -0.246915666619863    -0.105117740838515    0.0343010798616689
-0.000245251693573534   0.00143672098209481    0.0158600865114133    0.0307265961775406   -0.0199289141303223      1.97227355086403    0.0426436008282545   -0.0636508300284713   -0.0431382379488279   -0.0464450626294136
   0.0024653740869924    0.0028939413404676     0.014632792735334    -0.222153768888596     0.115200003784601    0.0426436008282545      1.63444105226988      0.67126448422942   -0.0975969006816557   -0.0492506156571455
 -0.00453160586842671   -0.0038579729203952   0.00141210484828313     0.466531046471438    -0.246915666619863   -0.0636508300284713      0.67126448422942     0.604529365088706    0.0773399311343958   -0.0546278244846236
   0.0050797607249201   0.00559247593769654    0.0704618366892472     0.291471904866458    -0.105117740838515   -0.0431382379488279   -0.0975969006816557    0.0773399311343958     0.121941755715208   -0.0103664909621912
 -0.00588137980005525    0.0311286912452743     0.299066658797045   -0.0739313507039286    0.0343010798616689   -0.0464450626294136   -0.0492506156571455   -0.0546278244846236   -0.0103664909621912    0.0757414853138745
TOTAL ENERGY: -127.097422455021	 lambda: -0.6	 population of target: 5.42422203121143
1RDM: 
     1.99994414557835  4.99044512809176e-05  0.000497022249349194 -0.000240178344957704 -0.000287267214053522   -0.0001748553509506   0.00230073112867438  -0.00416869165797702   0.00431282092461819  -0.00498885327398928
 4.99044512809176e-05      1.99951811318877  -0.00442645086105849   0.00159306903947515  -0.00166688197023692   0.00116451630317575   0.00245804154901598  -0.00325565489327175   0.00492117355155823    0.0271103789369789
 0.000497022249349194  -0.00442645086105849      1.95642055945095   0.00227175906129433  -0.00354040248695923    0.0129591609512198     0.013174631021262   0.00142375495918667    0.0615211449602615     0.261158196496166
-0.000240178344957704   0.00159306903947515   0.00227175906129433      1.73526793708168    0.0900165830005123    0.0259278913992123    -0.231841263068008     0.485262808119073     0.248210222005911   -0.0631150389808754
-0.000287267214053522  -0.00166688197023692  -0.00354040248695923    0.0900165830005123      1.91737106844338   -0.0175301165386343    0.0967399079710696    -0.207923751881775   -0.0886082774011963    0.0282950300008317
  -0.0001748553509506   0.00116451630317575    0.0129591609512198    0.0259278913992123   -0.0175301165386343      1.97419552019008    0.0366746640090147   -0.0532149395314464   -0.0358376958605668   -0.0370611013097271
  0.00230073112867438   0.00245804154901598     0.013174631021262    -0.231841263068008    0.0967399079710696    0.0366746640090147      1.63741364560773     0.669329148485698   -0.0867488226235545   -0.0479337723362957
 -0.00416869165797702  -0.00325565489327175   0.00142375495918667     0.485262808119073    -0.207923751881775   -0.0532149395314464     0.669329148485698     0.606457192930813    0.0641458956954442   -0.0493449657785406
  0.00431282092461819   0.00492117355155823    0.0615211449602615     0.248210222005911   -0.0886082774011963   -0.0358376958605668   -0.0867488226235545    0.0641458956954442     0.109297052620754   -0.0102142426585633
 -0.00498885327398928    0.0271103789369789     0.261158196496166   -0.0631150389808754    0.0282950300008317   -0.0370611013097271   -0.0479337723362957   -0.0493449657785406   -0.0102142426585633    0.0641147649075742
TOTAL ENERGY: -127.184942299023	 lambda: -0.5	 population of target: 5.58339087613905
1RDM: 
     1.99995055913127  3.37363676468553e-05  0.000332801256704486 -0.000182007294176644 -0.000242064463487108 -0.000111935074999228   0.00214481532014471  -0.00382244909668459   0.00355205306080623  -0.00408618507957561
 3.37363676468553e-05      1.99963174387555  -0.00336289703993991   0.00130296116685704  -0.00148254059881754  0.000920492749721168   0.00203729229393232  -0.00264608583893665   0.00421511132084566    0.0229507663955495
 0.000332801256704486  -0.00336289703993991      1.96653213089146   0.00198175582246535  -0.00283441556413859    0.0104265489134598    0.0118401746242758    0.0015304962875665     0.052245800095164     0.221833207531804
-0.000182007294176644   0.00130296116685704   0.00198175582246535      1.72937070594635    0.0731460796382468    0.0211501243123775    -0.240508536789599     0.502287419226328     0.205102504752842   -0.0523588795625525
-0.000242064463487108  -0.00148254059881754  -0.00283441556413859    0.0731460796382468      1.92444358389907   -0.0158489425024278    0.0783823201690591    -0.169118621466562   -0.0721797043322155    0.0223217985615941
-0.000111935074999228  0.000920492749721168    0.0104265489134598    0.0211501243123775   -0.0158489425024278      1.97581841854872    0.0306951123184136   -0.0428509330369943     -0.02857544084944   -0.0277346151615144
  0.00214481532014471   0.00203729229393232    0.0118401746242758    -0.240508536789599    0.0783823201690591    0.0306951123184136      1.64067585015453     0.666618820728736   -0.0759403375701075   -0.0467143505373146
 -0.00382244909668459  -0.00264608583893665    0.0015304962875665     0.502287419226328    -0.169118621466562   -0.0428509330369943     0.666618820728736     0.610090782722935    0.0510054087258763    -0.044103669079666
  0.00355205306080623   0.00421511132084566     0.052245800095164     0.205102504752842   -0.0721797043322155     -0.02857544084944   -0.0759403375701075    0.0510054087258763     0.099436026023646   -0.0103652331159532
 -0.00408618507957561    0.0229507663955495     0.221833207531804   -0.0523588795625525    0.0223217985615941   -0.0277346151615144   -0.0467143505373146    -0.044103669079666   -0.0103652331159532    0.0540501988065434
TOTAL ENERGY: -127.257711224814	 lambda: -0.4	 population of target: 5.74514410946999
1RDM: 
     1.99995539407637   2.0589954218037e-05  0.000197655490510756  -0.00017365480895166 -0.000195171570724232 -5.63881025342388e-05   0.00199734270383626  -0.00349233967632943   0.00279838614263963  -0.00317539208212321
  2.0589954218037e-05       1.9997278238219  -0.00246115216173166   0.00101461635289251  -0.00134720634749619  0.000706457691582667   0.00163140434645436  -0.00203069118583059   0.00347676207578008    0.0186619136510647
 0.000197655490510756  -0.00246115216173166      1.97510267807821   0.00169209481833451  -0.00223178816782213    0.0082730966768337    0.0106245701566581   0.00172730264623016    0.0426637489058588     0.181210004452037
 -0.00017365480895166   0.00101461635289251   0.00169209481833451      1.72160289755274    0.0563832050115817    0.0164000086196751    -0.248207183855264     0.517686012378118     0.162212402618013   -0.0416747223717286
-0.000195171570724232  -0.00134720634749619  -0.00223178816782213    0.0563832050115817      1.92905108986949   -0.0148364856069887    0.0601514451662189    -0.130554179615172    -0.055853472050333    0.0163942584812575
-5.63881025342388e-05  0.000706457691582667    0.0082730966768337    0.0164000086196751   -0.0148364856069887       1.9771443039896    0.0247167037211701   -0.0325708522407032   -0.0213653562282476   -0.0184948722826334
  0.00199734270383626   0.00163140434645436    0.0106245701566581    -0.248207183855264    0.0601514451662189    0.0247167037211701      1.64420096436856     0.663184086925242   -0.0651829442273359   -0.0455703705917262
 -0.00349233967632943  -0.00203069118583059   0.00172730264623016     0.517686012378118    -0.130554179615172   -0.0325708522407032     0.663184086925242     0.615316273015756    0.0379383290311215   -0.0389057771672612
  0.00279838614263963   0.00347676207578008    0.0426637489058588     0.162212402618013    -0.055853472050333   -0.0213653562282476   -0.0651829442273359    0.0379383290311215    0.0922122456763589    -0.010748516723016
 -0.00317539208212321    0.0186619136510647     0.181210004452037   -0.0416747223717286    0.0163942584812575   -0.0184948722826334   -0.0455703705917262   -0.0389057771672612    -0.010748516723016    0.0456863295510877
TOTAL ENERGY: -127.315079573865	 lambda: -0.3	 population of target: 5.90910117281791
1RDM: 
     1.99995867674624   1.0637690315947e-05  9.33500923606618e-05 -0.000213092816304489 -0.000146687310478401 -8.14792145120645e-06   0.00185813415205041  -0.00317820573904438   0.00205256437508426  -0.00225872931512686
  1.0637690315947e-05      1.99980485657189   -0.0017360767381055  0.000728364295477027  -0.00125966873681141  0.000523626902863082   0.00123963027646249  -0.00141111924928245   0.00270931110306628     0.014258766609966
 9.33500923606618e-05   -0.0017360767381055      1.98198677972998   0.00140276187596794  -0.00173467541158353   0.00650586625905501   0.00951641113778282   0.00200505419922155    0.0328105792623079     0.139439088442297
-0.000213092816304489  0.000728364295477027   0.00140276187596794      1.71205543673913    0.0397491974367588    0.0116841872575087    -0.254962828875734     0.531497854144376     0.119597281348497   -0.0310741691582663
-0.000146687310478401  -0.00125966873681141  -0.00173467541158353    0.0397491974367588      1.93128699715874   -0.0144628568034356      0.04206746540006   -0.0922814665541992   -0.0396481671409832    0.0105294271475429
-8.14792145120645e-06  0.000523626902863082   0.00650586625905501    0.0116841872575087   -0.0144628568034356      1.97816967423639    0.0187579782081073   -0.0223814688743697   -0.0142245931909481  -0.00938696831672452
  0.00185813415205041   0.00123963027646249   0.00951641113778282    -0.254962828875734      0.04206746540006    0.0187579782081073      1.64797965070983     0.659057448629906   -0.0544877782435314   -0.0444867926334902
 -0.00317820573904438  -0.00141111924928245   0.00200505419922155     0.531497854144376   -0.0922814665541992   -0.0223814688743697     0.659057448629906     0.622070752840343    0.0249625891193507   -0.0337538889261744
  0.00205256437508426   0.00270931110306628    0.0328105792623079     0.119597281348497   -0.0396481671409832   -0.0142245931909481   -0.0544877782435314    0.0249625891193507    0.0875506304143192   -0.0113171478210089
 -0.00225872931512686     0.014258766609966     0.139439088442297   -0.0310741691582663    0.0105294271475429  -0.00938696831672452   -0.0444867926334902   -0.0337538889261744   -0.0113171478210089    0.0391365448532177
TOTAL ENERGY: -127.356496098458	 lambda: -0.2	 population of target: 6.07481779707218
1RDM: 
     1.99996042771163  4.03051382240402e-06  2.14496803242672e-05 -0.000298655120110663  -9.6761885035002e-05  3.28683065824876e-05   0.00172715144377364  -0.00288023816769461   0.00131587127192143  -0.00133920074925229
 4.03051382240402e-06      1.99986150849335  -0.00120079724728583  0.000444695871323982  -0.00121889750248254  0.000372658485983752  0.000860890173676171 -0.000789766496567807   0.00191608481063211   0.00975770837360355
 2.14496803242672e-05  -0.00120079724728583      1.98705713890504   0.00111331567042028  -0.00134370915289252   0.00512667287908614   0.00849749444193261   0.00235092687304777    0.0227247296660474    0.0966827058635843
-0.000298655120110663  0.000444695871323982   0.00111331567042028      1.70081200211669    0.0232777013399125   0.00701327893334501      -0.2607876694999     0.543739193602315    0.0773466588356507   -0.0205744913430974
 -9.6761885035002e-05  -0.00121889750248254  -0.00134370915289252    0.0232777013399125      1.93122409585822   -0.0147036615689514    0.0241627210331689   -0.0543810274680766   -0.0235953223818868    0.0047455565370802
 3.28683065824876e-05  0.000372658485983752   0.00512667287908614   0.00701327893334501   -0.0147036615689514      1.97888821736293     0.012847106058227   -0.0122948224788061  -0.00717309052805899 -0.000451631046285538
  0.00172715144377364  0.000860890173676171   0.00849749444193261      -0.2607876694999    0.0241627210331689     0.012847106058227      1.65200924099014     0.654270203322437   -0.0438651868339767    -0.043412813431392
 -0.00288023816769461 -0.000789766496567807   0.00235092687304777     0.543739193602315   -0.0543810274680766   -0.0122948224788061     0.654270203322437     0.630302179026159     0.012110551765436   -0.0286343192829607
  0.00131587127192143   0.00191608481063211    0.0227247296660474    0.0773466588356507   -0.0235953223818868  -0.00717309052805899   -0.0438651868339767     0.012110551765436    0.0854001998774056   -0.0120378016755723
 -0.00133920074925229   0.00975770837360355    0.0966827058635843   -0.0205744913430974    0.0047455565370802 -0.000451631046285538    -0.043412813431392   -0.0286343192829607   -0.0120378016755723    0.0344849896584553
TOTAL ENERGY: -127.381533647053	 lambda: -0.1	 population of target: 6.24178991978182
1RDM: 
      1.9999606857803   8.8621437626745e-07   -1.681089214678e-05 -0.000427918686063215 -4.56061761221728e-05  6.68128711955078e-05   0.00160429634488023  -0.00259864708725192  0.000590063121944774 -0.000420557158452374
  8.8621437626745e-07      1.99989663768684 -0.000866613914240508  0.000164285483057928  -0.00122325027611418  0.000254052334496413  0.000494449716797777 -0.000169345551014763   0.00110041874870854   0.00517591640374434
  -1.681089214678e-05 -0.000866613914240508      1.99020458937583   0.00082343968540706  -0.00105870149577363   0.00413424074980703    0.0075511699203996   0.00275285290617511    0.0124456534095879    0.0531073978721749
-0.000427918686063215  0.000164285483057928   0.00082343968540706      1.68799128238304   0.00701329224005222   0.00240109424752791       -0.265702395022      0.55443896346971    0.0355797058627683    -0.010196633851387
-4.56061761221728e-05  -0.00122325027611418  -0.00105870149577363   0.00701329224005222      1.92896933691513   -0.0155239021920093   0.00648155418026817   -0.0169584463586849  -0.00773843316392184 -0.000940741458165095
 6.68128711955078e-05  0.000254052334496413   0.00413424074980703   0.00240109424752791   -0.0155239021920093      1.97929340276433   0.00701586099491558  -0.00233025966098719 -0.000230915496077021    0.0082837897793278
  0.00160429634488023  0.000494449716797777    0.0075511699203996       -0.265702395022   0.00648155418026817   0.00701586099491558      1.65628037423228     0.648865230105273   -0.0333218526054363   -0.0422509192582915
 -0.00259864708725192 -0.000169345551014763   0.00275285290617511      0.55443896346971   -0.0169584463586849  -0.00233025966098719     0.648865230105273     0.639930769931741 -0.000571054360623195   -0.0235126435620912
 0.000590063121944774   0.00110041874870854    0.0124456534095879    0.0355797058627683  -0.00773843316392184 -0.000230915496077021   -0.0333218526054363 -0.000571054360623195    0.0856771059754972   -0.0128743876886008
-0.000420557158452374   0.00517591640374434    0.0531073978721749    -0.010196633851387 -0.000940741458165095    0.0082837897793278   -0.0422509192582915   -0.0235126435620912   -0.0128743876886008    0.0317958149550189
TOTAL ENERGY: -127.389914884915	 lambda: 0	 population of target: 6.4094941641857
1RDM: 
     1.99995952441547  1.27925765916407e-06 -2.06421897372226e-05 -0.000597064782167256   6.5449607490982e-06  9.39493359431924e-05   0.00148915865499764  -0.00233324684161362 -0.000123268622043367  0.000493128967300339
 1.27925765916407e-06       1.9999093113412 -0.000742980878036715   -0.0001121449784828  -0.00127000327391048  0.000168502161374606  0.000140542584894074  0.000447991583911663  0.000265951900636009  0.000531759871165415
-2.06421897372226e-05 -0.000742980878036715      1.99133739732994  0.000533666663691275 -0.000879409257270483    0.0035266909813698   0.00667175215202077   0.00320415731355614   0.00201538872050154    0.0088911432715371
-0.000597064782167256   -0.0001121449784828  0.000533666663691275      1.67376529371154  -0.00900137643129496  -0.00213947615865897     -0.26975469557622     0.563670234320033  -0.00558759510742529   4.1741125167956e-05
  6.5449607490982e-06  -0.00127000327391048 -0.000879409257270483  -0.00900137643129496      1.92469830564494   -0.0168679943452091   -0.0109323111924991    0.0198862074357156   0.00788040597409915  -0.00651589654698298
 9.39493359431924e-05  0.000168502161374606    0.0035266909813698  -0.00213947615865897   -0.0168679943452091       1.9793805929587   0.00128973102508353   0.00749106176196096   0.00658471093482965    0.0168012659773931
  0.00148915865499764  0.000140542584894074   0.00667175215202077     -0.26975469557622   -0.0109323111924991   0.00128973102508353       1.6607685664613     0.642900919336105   -0.0228579872525941   -0.0408778471164769
 -0.00233324684161362  0.000447991583911663   0.00320415731355614     0.563670234320033    0.0198862074357156   0.00749106176196096     0.642900919336105     0.650830174781006   -0.0130340753659231   -0.0183421042544651
-0.000123268622043367  0.000265951900636009   0.00201538872050154  -0.00558759510742529   0.00788040597409915   0.00658471093482965   -0.0228579872525941   -0.0130340753659231    0.0882271941239959   -0.0137759459892848
 0.000493128967300339  0.000531759871165415    0.0088911432715371   4.1741125167956e-05  -0.00651589654698298    0.0168012659773931   -0.0408778471164769   -0.0183421042544651   -0.0137759459892848    0.0311236392319321
TOTAL ENERGY: -127.381517120584	 lambda: 0.1	 population of target: 6.57744474251203
1RDM: 
     1.99995705257981  5.23540244946107e-06  1.02305005409075e-05 -0.000800990498167794  5.94876531279458e-05  0.000114678756716344   0.00138088113683605  -0.00208315869606662 -0.000823514971166867   0.00139809873825787
 5.23540244946107e-06      1.99989883844889 -0.000837184849063806 -0.000384048872028375  -0.00135536905516011  0.000116884473699718 -0.000199527343178222   0.00106141473160781 -0.000582885088599999  -0.00415425893823661
 1.02305005409075e-05 -0.000837184849063806      1.99038431498908   0.00024577827156058 -0.000805565409160043   0.00330166046634704   0.00586869233023871   0.00370532192439628   -0.0085181193033033   -0.0357622495697762
-0.000800990498167794 -0.000384048872028375   0.00024577827156058      1.65834683842454   -0.0247422171988297   -0.0066015101798468    -0.273025415136035     0.571562145753013   -0.0460859886439934    0.0101341411026693
 5.94876531279458e-05  -0.00135536905516011 -0.000805565409160043   -0.0247422171988297      1.91865407461861   -0.0186605638194834   -0.0280532203772415    0.0560971215549308    0.0232382194021998    -0.011969250061343
 0.000114678756716344  0.000116884473699718   0.00330166046634704   -0.0066015101798468   -0.0186605638194834      1.97914847371244   -0.0043206717802374    0.0171555544351725    0.0132616306748108    0.0250800010484234
  0.00138088113683605 -0.000199527343178222   0.00586869233023871    -0.273025415136035   -0.0280532203772415   -0.0043206717802374      1.66543463205951     0.636445460410162   -0.0124659056998362   -0.0391834184825786
 -0.00208315869606662   0.00106141473160781   0.00370532192439628     0.571562145753013    0.0560971215549308    0.0171555544351725     0.636445460410162     0.662835586631401   -0.0252468464081474   -0.0130791490781953
-0.000823514971166867 -0.000582885088599999   -0.0085181193033033   -0.0460859886439934    0.0232382194021998    0.0132616306748108   -0.0124659056998362   -0.0252468464081474    0.0928242820333205   -0.0146752993978147
  0.00139809873825787  -0.00415425893823661   -0.0357622495697762    0.0101341411026693    -0.011969250061343    0.0250800010484234   -0.0391834184825786   -0.0130791490781953   -0.0146752993978147    0.0325159065024178
TOTAL ENERGY: -127.35634933585	 lambda: 0.2	 population of target: 6.74524707045767
1RDM: 
     1.99995339913284  1.27326245790987e-05  7.55618146713247e-05  -0.00103412572641129  0.000113094102823313  0.000129547444949423   0.00127822494044491  -0.00184676223551965  -0.00151165591748669    0.0022915048055564
 1.27326245790987e-05      1.99986482185971  -0.00115367233401705 -0.000651262760760723  -0.00147498276867479  9.98307484396013e-05 -0.000523871219690757   0.00167170007047708  -0.00144049524471664  -0.00885878909877302
 7.55618146713247e-05  -0.00115367233401705      1.98730197490496  -3.7325478617068e-05 -0.000836030213602487   0.00345352614825834   0.00516356692344151   0.00426213062876371   -0.0190983661060134   -0.0806119140504475
 -0.00103412572641129 -0.000651262760760723  -3.7325478617068e-05      1.64195156618632   -0.0402163267297817   -0.0109877003907794    -0.275619469299166     0.578286652007676   -0.0859268660161094    0.0200904452575527
 0.000113094102823313  -0.00147498276867479 -0.000836030213602487   -0.0402163267297817      1.91111062397595   -0.0208178517086425   -0.0448874865691955    0.0916916100216511    0.0383447287123143   -0.0172920938313849
 0.000129547444949423  9.98307484396013e-05   0.00345352614825834   -0.0109877003907794   -0.0208178517086425       1.9785994592409  -0.00982357355113694    0.0266656466898916    0.0197936711209817    0.0330842784675477
  0.00127822494044491 -0.000523871219690757   0.00516356692344151    -0.275619469299166   -0.0448874865691955  -0.00982357355113694      1.67023301575733     0.629563844058666  -0.00213047899262331   -0.0371083195798088
 -0.00184676223551965   0.00167170007047708   0.00426213062876371     0.578286652007676    0.0916916100216511    0.0266656466898916     0.629563844058666     0.675774716198016   -0.0372086423246681   -0.0076984231028754
 -0.00151165591748669  -0.00144049524471664   -0.0190983661060134   -0.0859268660161094    0.0383447287123143    0.0197936711209817  -0.00213047899262331   -0.0372086423246681    0.0992048271914243   -0.0154991763184307
   0.0022915048055564  -0.00885878909877302   -0.0806119140504475    0.0200904452575527   -0.0172920938313849    0.0330842784675477   -0.0371083195798088   -0.0076984231028754   -0.0154991763184307    0.0360055955526081
TOTAL ENERGY: -127.314507893228	 lambda: 0.3	 population of target: 6.9126299823172
1RDM: 
     1.99994868640596  2.37077790483341e-05  0.000174643703953827   -0.0012916499801066  0.000167328477224087  0.000139232499605356   0.00117982045111825  -0.00162192987059503  -0.00219038439018598   0.00317176239200647
 2.37077790483341e-05      1.99980721239814  -0.00169326721122644 -0.000914107364414262  -0.00162468799662271  0.000117073478717786   -0.0008308159863539    0.0022809554162665  -0.00230007242218694   -0.0135556995760432
 0.000174643703953827  -0.00169326721122644      1.98208379314774 -0.000312187243587756 -0.000967506757416893   0.00396922734708827   0.00458200409062912   0.00488147502740475   -0.0296600490767767    -0.125379230407073
  -0.0012916499801066 -0.000914107364414262 -0.000312187243587756      1.62474905268152   -0.0554651816813884   -0.0153111045548806    -0.277644678523825     0.584024433242534    -0.125212099819851    0.0299371103010461
 0.000167328477224087  -0.00162468799662271 -0.000967506757416893   -0.0554651816813884      1.90231423433469   -0.0232655379644998   -0.0614775894022775     0.126766935472749    0.0532459654497052   -0.0224766089347636
 0.000139232499605356  0.000117073478717786   0.00396922734708827   -0.0153111045548806   -0.0232655379644998      1.97773886832771   -0.0152444667597038    0.0360432835883513    0.0261801670706934    0.0407575030266799
  0.00117982045111825   -0.0008308159863539   0.00458200409062912    -0.277644678523825   -0.0614775894022775   -0.0152444667597038      1.67512385302215     0.622302234940462    0.0081684679342201   -0.0346658412067087
 -0.00162192987059503    0.0022809554162665   0.00488147502740475     0.584024433242534     0.126766935472749    0.0360432835883513     0.622302234940462     0.689509303619377   -0.0489546170113547   -0.0022014005029649
 -0.00219038439018598  -0.00230007242218694   -0.0296600490767767    -0.125212099819851    0.0532459654497052    0.0261801670706934    0.0081684679342201   -0.0489546170113547     0.107126081166565   -0.0161855640829393
  0.00317176239200647   -0.0135556995760432    -0.125379230407073    0.0299371103010461   -0.0224766089347636    0.0407575030266799   -0.0346658412067087   -0.0022014005029649   -0.0161855640829393    0.0415989148961958
TOTAL ENERGY: -127.256127937977	 lambda: 0.4	 population of target: 7.07944439842524
1RDM: 
     1.99994300229662  3.80666022565172e-05  0.000306405758401531  -0.00157068272871385  0.000222228085491665  0.000144504826037147   0.00108450735733378   -0.0014064734285995  -0.00286368050204012   0.00403854063802153
 3.80666022565172e-05      1.99972634250839  -0.00245260251015062   -0.0011733355496115  -0.00180136395696853  0.000166854849029113   -0.0011196402792428   0.00289192241479271  -0.00315395005402173   -0.0182170552533039
 0.000306405758401531  -0.00245260251015062      1.97476661065116 -0.000575526522505467  -0.00119346959424608    0.0048248454420041   0.00414439642649113   0.00556685787154553   -0.0401316774072616    -0.169759330619957
 -0.00157068272871385   -0.0011733355496115 -0.000575526522505467      1.60682019554593   -0.0705568880126348   -0.0195926530403693    -0.279185901164555     0.588921782440224    -0.164115348358746    0.0397119945456033
 0.000222228085491665  -0.00180136395696853  -0.00119346959424608   -0.0705568880126348      1.89242339649663   -0.0259567488005798   -0.0778946005811629      0.16148184595719    0.0680161947976455   -0.0275149603651902
 0.000144504826037147  0.000166854849029113    0.0048248454420041   -0.0195926530403693   -0.0259567488005798      1.97657321634011   -0.0206199980129028    0.0453266895135387     0.032424108325027    0.0480244810843544
  0.00108450735733378   -0.0011196402792428   0.00414439642649113    -0.279185901164555   -0.0778946005811629   -0.0206199980129028      1.68008413202312      0.61467533295995    0.0184522225916573   -0.0319409704160403
  -0.0014064734285995   0.00289192241479271   0.00556685787154553     0.588921782440224      0.16148184595719    0.0453266895135387      0.61467533295995     0.703972144696638    -0.060549305791473     0.003383700377344
 -0.00286368050204012  -0.00315395005402173   -0.0401316774072616    -0.164115348358746    0.0680161947976455     0.032424108325027    0.0184522225916573    -0.060549305791473     0.116427095485218   -0.0167017449096252
  0.00403854063802153   -0.0182170552533039    -0.169759330619957    0.0397119945456033   -0.0275149603651902    0.0480244810843544   -0.0319409704160403     0.003383700377344   -0.0167017449096252    0.0492638639562046
TOTAL ENERGY: -127.181350861428	 lambda: 0.5	 population of target: 7.24562767265545
1RDM: 
    1.99993638040031 5.56936730181608e-05 0.000469526247776979   -0.001871048321852 0.000277856796196452 0.000146175972563942  0.00099163883086232 -0.00119867084085451 -0.00353595941964458  0.00489239886130487
5.56936730181608e-05     1.99962292516935 -0.00342399146705068 -0.00142993582876381 -0.00200352746787548  0.00024562799175754 -0.00139094599688243  0.00350710240046934 -0.00399425528603618  -0.0228147924392125
0.000469526247776979 -0.00342399146705068     1.96543246016041 -0.00082487592488304 -0.00150376645840642  0.00598444591022764  0.00385889842455911  0.00631531300765496  -0.0504404007559875   -0.213442005079668
  -0.001871048321852 -0.00142993582876381 -0.00082487592488304     1.58813533409158  -0.0855697586534888  -0.0238561821880293   -0.280282970017417    0.593052717760584   -0.202840332771141   0.0494552896498748
0.000277856796196452 -0.00200352746787548 -0.00150376645840642  -0.0855697586534888     1.88146729103132  -0.0288843416925152  -0.0942210008273332     0.19601832735541   0.0827406696471533  -0.0323985305682037
0.000146175972563942  0.00024562799175754  0.00598444591022764  -0.0238561821880293  -0.0288843416925152     1.97510852988248  -0.0259893901865837    0.054561240506332    0.038529223123534   0.0548001642708083
 0.00099163883086232 -0.00139094599688243  0.00385889842455911   -0.280282970017417  -0.0942210008273332  -0.0259893901865837      1.6851148122547    0.606661567800507   0.0287385701273654  -0.0290679581233729
-0.00119867084085451  0.00350710240046934  0.00631531300765496    0.593052717760584     0.19601832735541    0.054561240506332    0.606661567800507    0.719187009953373  -0.0720707595634653  0.00901017975636564
-0.00353595941964458 -0.00399425528603618  -0.0504404007559875   -0.202840332771141   0.0827406696471533    0.038529223123534   0.0287385701273654  -0.0720707595634653     0.12707189578517  -0.0170569312110431
 0.00489239886130487  -0.0228147924392125   -0.213442005079668   0.0494552896498748  -0.0323985305682037   0.0548001642708083  -0.0290679581233729  0.00901017975636564  -0.0170569312110431   0.0589233612713533
TOTAL ENERGY: -127.090321872949	 lambda: 0.6	 population of target: 7.41114535307489
1RDM: 
    1.99992879468061 7.64591071648134e-05  0.00066251988008631 -0.00219537200059538 0.000334245265567264 0.000145041671158421 0.000901242136659912 -0.00099771828726361 -0.00421104378600361  0.00573417424482399
7.64591071648134e-05     1.99949801360807 -0.00459582553559332 -0.00168484748985289 -0.00223151924135683 0.000348149210860729 -0.00164650550185737   0.0041279951890194 -0.00481371180950565  -0.0273227428364115
 0.00066251988008631 -0.00459582553559332     1.95420446862118 -0.00105891680321315 -0.00188502548928547  0.00740156958185189  0.00371914188498702  0.00711687799168781  -0.0605179607129777   -0.256137204995925
-0.00219537200059538 -0.00168484748985289 -0.00105891680321315     1.56856023501555   -0.100572069747886   -0.028122453399987   -0.280919316763311    0.596398242439809   -0.241568339592448   0.0591992471761972
0.000334245265567264 -0.00223151924135683 -0.00188502548928547   -0.100572069747886     1.86933608453409  -0.0320836935825582   -0.110528988439065    0.230534825675144   0.0974943125999124  -0.0371172631488452
0.000145041671158421 0.000348149210860729  0.00740156958185189   -0.028122453399987  -0.0320836935825582     1.97334968232554  -0.0313858077686817   0.0637872222462439   0.0444966399939636   0.0610014558898953
0.000901242136659912 -0.00164650550185737  0.00371914188498702   -0.280919316763311   -0.110528988439065  -0.0313858077686817     1.69024230606937    0.598208259681358   0.0390379184113267  -0.0261927221545497
-0.00099771828726361   0.0041279951890194  0.00711687799168781    0.596398242439809    0.230534825675144   0.0637872222462439    0.598208259681358    0.735264939545667  -0.0835899505096394   0.0146269673594094
-0.00421104378600361 -0.00481371180950565  -0.0605179607129777   -0.241568339592448   0.0974943125999124   0.0444966399939636   0.0390379184113267  -0.0835899505096394    0.139160812440114  -0.0173055355462783
 0.00573417424482399  -0.0273227428364115   -0.256137204995925   0.0591992471761972  -0.0371172631488452   0.0610014558898953  -0.0261927221545497   0.0146269673594094  -0.0173055355462783   0.0704546631598257
TOTAL ENERGY: -126.983218825598	 lambda: 0.7	 population of target: 7.57592940235694
1RDM: 
     1.99992017048476  0.000100219910716441   0.00088377702516757   -0.0025484697665845  0.000391335157686442  0.000141836410751572  0.000813984624684652 -0.000803979365546907  -0.00489125270175663   0.00656429540291269
 0.000100219910716441      1.99935292460898   -0.0059534759857598  -0.00193866421215255   -0.0024872141342363   0.00046793500683214  -0.00188855067419113   0.00475471068040668  -0.00560639596592308   -0.0317185724392701
  0.00088377702516757   -0.0059534759857598      1.94123715791464  -0.00127737891036979  -0.00232173751399564   0.00902289721230977   0.00370802156428109   0.00795716640592207   -0.0703064615672008    -0.297599516003338
  -0.0025484697665845  -0.00193866421215255  -0.00127737891036979      1.54788859873451     -0.11560375763053   -0.0324038343195796    -0.281024728477387     0.598848963120323     -0.28040985099606    0.0689596782205471
 0.000391335157686442   -0.0024872141342363  -0.00232173751399564     -0.11560375763053      1.85580628208637   -0.0356251475429944    -0.126860518549514     0.265124195607889     0.112322399907238   -0.0416593490866592
