TOTAL ENERGY: -126.707366031354	 lambda: -1	 population of target: 5.02047895794467
1RDM: 
     1.99969451064738  0.000262911178184172   0.00078090335100109  -0.00040903211768928 -0.000211077171678693    0.0111451330379601   -0.0029709197101958    0.0121625666736248    0.0128382843868023  -0.00297347499796381
 0.000262911178184172      1.99246111384785    -0.022293725254604    0.0128419591527186   0.00963804331295408  0.000708230089695407   -0.0013689754116881   0.00187302104724174    -0.015638310779774     0.112076212283901
  0.00078090335100109    -0.022293725254604      1.93395619611719      0.03626634972304    0.0293905963640707    0.0020957701302632  -0.00405075341286393   0.00554223124302632   -0.0462736885707175      0.33163298676406
 -0.00040903211768928    0.0128419591527186      0.03626634972304      1.93777900257889   0.00666867064508314  -0.00124044738506173   0.00240253325052757  -0.00328671466828238    0.0274372363326532     -0.19663646320143
-0.000211077171678693   0.00963804331295408    0.0293905963640707   0.00666867064508314      1.96227162221291 -0.000625787840808272   0.00121160322049194  -0.00165753550544771    0.0138373836364181   -0.0991693921208333
   0.0111451330379601  0.000708230089695407    0.0020957701302632  -0.00124044738506173 -0.000625787840808272      1.43036523659228     0.354229517232398    -0.749797423220881     -0.19314091364733   -0.0183809434494135
  -0.0029709197101958   -0.0013689754116881  -0.00405075341286393   0.00240253325052757   0.00121160322049194     0.354229517232398      1.54464682659512     0.558240305330537    -0.420540254949857    -0.052877429891283
   0.0121625666736248   0.00187302104724174   0.00554223124302632  -0.00328671466828238  -0.00165753550544771    -0.749797423220881     0.558240305330537     0.883587681772586   -0.0948628057399395   -0.0144162354449326
   0.0128382843868023    -0.015638310779774   -0.0462736885707175    0.0274372363326532    0.0138373836364181     -0.19314091364733    -0.420540254949857   -0.0948628057399395      0.19137847732749   0.00716018342839485
 -0.00297347499796381     0.112076212283901      0.33163298676406     -0.19663646320143   -0.0991693921208333   -0.0183809434494135    -0.052877429891283   -0.0144162354449326   0.00716018342839485     0.123859332308373
TOTAL ENERGY: -126.836595649237	 lambda: -0.9	 population of target: 5.15652985998324
1RDM: 
      1.9997261120628  0.000217219836079286  0.000645227914173152 -0.000339352067840075 -0.000155679031069927   0.00991004102005112  -0.00256244724338379    0.0106415444139287    0.0114041068236862  -0.00271778057018263
 0.000217219836079286      1.99353652915503   -0.0190799317686597    0.0116100680707821   0.00830171355049349  0.000649195473595609  -0.00125708567379259    0.0017197442787907   -0.0143565533945612     0.102890167209053
 0.000645227914173152   -0.0190799317686597       1.9435618002117      0.03260540171075    0.0253177961467043   0.00191934778888612   -0.0037162945673871   0.00508406604970672   -0.0424424170219965     0.304175189492249
-0.000339352067840075    0.0116100680707821      0.03260540171075      1.93977140483649   0.00670167005689119  -0.00116883596854389   0.00226813858666325  -0.00310249265062158    0.0258954731251909    -0.185587034227647
-0.000155679031069927   0.00830171355049349    0.0253177961467043   0.00670167005689119      1.96474261541323 -0.000545525771449615   0.00105885145309317  -0.00144833729345217    0.0120885616234284   -0.0866360041047423
  0.00991004102005112  0.000649195473595609   0.00191934778888612  -0.00116883596854389 -0.000545525771449615      1.47185021550807     0.337643076166606    -0.725797379346443    -0.171765194688479   -0.0163199044059245
 -0.00256244724338379  -0.00125708567379259   -0.0037162945673871   0.00226813858666325   0.00105885145309317     0.337643076166606      1.56844062246683     0.562368287418011    -0.374079926430459   -0.0459147903293073
   0.0106415444139287    0.0017197442787907   0.00508406604970672  -0.00310249265062158  -0.00144833729345217    -0.725797379346443     0.562368287418011     0.833929959039218   -0.0843918887511381   -0.0124307171340244
   0.0114041068236862   -0.0143565533945612   -0.0424424170219965    0.0258954731251909    0.0120885616234284    -0.171765194688479    -0.374079926430459   -0.0843918887511381     0.172795812885289   0.00652532640626561
 -0.00271778057018263     0.102890167209053     0.304175189492249    -0.185587034227647   -0.0866360041047423   -0.0163199044059245   -0.0459147903293073   -0.0124307171340244   0.00652532640626561     0.111644928421412
TOTAL ENERGY: -126.953813219065	 lambda: -0.8	 population of target: 5.2944482570864
1RDM: 
     1.99974968299106  0.000175647093682389  0.000521803675042785 -0.000275540082406127 -0.000106531690428226   0.00884855322631628  -0.00211025110731841   0.00910437462501175   0.00998470703322334  -0.00245605775622825
 0.000175647093682389      1.99453746586685   -0.0160888190454816    0.0104515322138361   0.00707225225218951  0.000588402332087768  -0.00114135124179264   0.00156124527785371   -0.0130316003960445    0.0933945447553876
 0.000521803675042785   -0.0160888190454816      1.95250171546625     0.029168161831904    0.0215687561275359   0.00173742458344655  -0.00336986799943124   0.00460964079007302   -0.0384766012493941     0.275753132874427
-0.000275540082406127    0.0104515322138361     0.029168161831904      1.94185690327896    0.0066981852424788  -0.00109748243374606   0.00213370338114491  -0.00291826060366043    0.0243541214597255    -0.174540539450941
-0.000106531690428226   0.00707225225218951    0.0215687561275359    0.0066981852424788       1.9671303789556 -0.000466346723844903   0.00090764786441052  -0.00124130373103838    0.0103583183835956   -0.0742357595113728
  0.00884855322631628  0.000588402332087768   0.00173742458344655  -0.00109748243374606 -0.000466346723844903      1.50973513178839     0.320431537936378    -0.699953941805412    -0.150618758129304   -0.0143025040423829
 -0.00211025110731841  -0.00114135124179264  -0.00336986799943124   0.00213370338114491   0.00090764786441052     0.320431537936378      1.58900026950573     0.564098343357617    -0.328126783988223   -0.0390268694909144
  0.00910437462501175   0.00156124527785371   0.00460964079007302  -0.00291826060366043  -0.00124130373103838    -0.699953941805412     0.564098343357617     0.787069629680484   -0.0740259440086509   -0.0105360278115505
  0.00998470703322334   -0.0130316003960445   -0.0384766012493941    0.0243541214597255    0.0103583183835956    -0.150618758129304    -0.328126783988223   -0.0740259440086509     0.158235100172077   0.00635266036984636
 -0.00245605775622825    0.0933945447553876     0.275753132874427    -0.174540539450941   -0.0742357595113728   -0.0143025040423829   -0.0390268694909144   -0.0105360278115505   0.00635266036984636      0.10018372229467
TOTAL ENERGY: -127.058321696173	 lambda: -0.7	 population of target: 5.43380797133805
1RDM: 
      1.9997665693645  0.000138269241738087  0.000410956635603074 -0.000216215071756369 -6.29752599095094e-05   0.00793570617627104  -0.00162688953153564    0.0075675766820092   0.00858883837597163   -0.0021874529165048
 0.000138269241738087       1.9954576578659   -0.0133399801174054   0.00936398560569773   0.00594742606229147  0.000525605461598839  -0.00102128222252063   0.00139685523747136   -0.0116578792139815    0.0835494077098951
 0.000410956635603074   -0.0133399801174054      1.96071464753432    0.0259446587567547    0.0181345005186465   0.00154944030711569  -0.00301034023089293   0.00411740916386702   -0.0343633690215164     0.246274563124905
-0.000216215071756369   0.00936398560569773    0.0259446587567547      1.94395156915692   0.00663098225103024  -0.00102302427851629   0.00199273984154648  -0.00272514192861725    0.0227390496397749    -0.162965707961703
-6.29752599095094e-05   0.00594742606229147    0.0181345005186465   0.00663098225103024      1.96942334765778 -0.000386976323597544  0.000755545578729788  -0.00103308569195818   0.00861866511502241   -0.0617680674920943
  0.00793570617627104  0.000525605461598839   0.00154944030711569  -0.00102302427851629 -0.000386976323597544      1.54439999533907     0.302867695400629     -0.67285601023147    -0.129839385442806   -0.0123360932206412
 -0.00162688953153564  -0.00102128222252063  -0.00301034023089293   0.00199273984154648  0.000755545578729788     0.302867695400629         1.60678320594     0.563890623324358    -0.282977660002196   -0.0322609438651176
   0.0075675766820092   0.00139685523747136   0.00411740916386702  -0.00272514192861725  -0.00103308569195818     -0.67285601023147     0.563890623324358     0.742852408659296   -0.0638343495205048  -0.00872714994524916
  0.00858883837597163   -0.0116578792139815   -0.0343633690215164    0.0227390496397749   0.00861866511502241    -0.129839385442806    -0.282977660002196   -0.0638343495205048     0.147023862164334   0.00652326284102949
  -0.0021874529165048    0.0835494077098951     0.246274563124905    -0.162965707961703   -0.0617680674920943   -0.0123360932206412   -0.0322609438651176  -0.00872714994524916   0.00652326284102949     0.089626736317944
TOTAL ENERGY: -127.149764796562	 lambda: -0.6	 population of target: 5.57450670793657
1RDM: 
     1.99977785032949  0.000105272412372115  0.000313275048570124 -0.000161317955039549 -2.47463449239474e-05   0.00714763503381617  -0.00111852317158824   0.00603369742177675   0.00721458195609013   -0.0019118502671721
 0.000105272412372115      1.99628601132144   -0.0108660854945753   0.00837570399482439   0.00493557852551186  0.000460872767795715 -0.000896994817814379   0.00122673448243454   -0.0102367420500679    0.0733644486889833
 0.000313275048570124   -0.0108660854945753      1.96810418891559     0.023014013234131    0.0150364519272857   0.00135561234575121  -0.00263808398784915   0.00360788533450496   -0.0301070569704125     0.215770564653484
-0.000161317955039549   0.00837570399482439     0.023014013234131      1.94589351927986   0.00643360943818771 -0.000945310718616453    0.0018449570693454  -0.00252273837319403    0.0210469301825963    -0.150838698291374
-2.47463449239474e-05   0.00493557852551186    0.0150364519272857   0.00643360943818771      1.97159689445177 -0.000307076422882626  0.000601903362494115 -0.000822805252662761   0.00686225765517371   -0.0491803047912291
  0.00714763503381617  0.000460872767795715   0.00135561234575121 -0.000945310718616453 -0.000307076422882626      1.57633646464002     0.285041818406481    -0.644764959357819     -0.10939965666614   -0.0104125076392593
 -0.00111852317158824 -0.000896994817814379  -0.00263808398784915    0.0018449570693454  0.000601903362494115     0.285041818406481      1.62223362472047     0.562078196704911    -0.238570334095962   -0.0256127693037685
  0.00603369742177675   0.00122673448243454   0.00360788533450496  -0.00252273837319403 -0.000822805252662761    -0.644764959357819     0.562078196704911     0.700896889803533   -0.0538054575750534  -0.00698525450087521
  0.00721458195609013   -0.0102367420500679   -0.0301070569704125    0.0210469301825963   0.00686225765517371     -0.10939965666614    -0.238570334095962   -0.0538054575750534     0.138611620195702   0.00691803778435795
  -0.0019118502671721    0.0733644486889833     0.215770564653484    -0.150838698291374   -0.0491803047912291   -0.0104125076392593   -0.0256127693037685  -0.00698525450087521   0.00691803778435795    0.0802629363421939
TOTAL ENERGY: -127.227861641021	 lambda: -0.5	 population of target: 5.71652054417326
1RDM: 
     1.99978405757788  7.69116067756024e-05  0.000229521392820427 -0.000111434062635385  8.15229210921974e-06   0.00647019064769013 -0.000585805908506037   0.00449745615945209   0.00585557908207261  -0.00162988899097503
 7.69116067756024e-05       1.9970111971291  -0.00870057093092609   0.00751431072362955   0.00404640584891882   0.00039451235080512 -0.000769071418024528    0.0010516809318723  -0.00877486195658985    0.0628874920349931
 0.000229521392820427  -0.00870057093092609      1.97457154592275     0.020455755925981    0.0123015377950398   0.00115677405139183  -0.00225466769440959   0.00308321880010518   -0.0257256469967073     0.184370010219074
-0.000111434062635385   0.00751431072362955     0.020455755925981       1.9475744816424   0.00605841436304038 -0.000866280871820836    0.0016941159715352  -0.00231619438219917    0.0193207072406339     -0.13846726891352
 8.15229210921974e-06   0.00404640584891882    0.0123015377950398   0.00605841436304038      1.97363090826049 -0.000227154609427854  0.000447719956793383  -0.00061182701141508   0.00510047578145382   -0.0365540182297551
  0.00647019064769013   0.00039451235080512   0.00115677405139183 -0.000866280871820836 -0.000227154609427854      1.60590195284986     0.266919855551706    -0.615680695003901   -0.0892017848300957  -0.00851921607368274
-0.000585805908506037 -0.000769071418024528  -0.00225466769440959    0.0016941159715352  0.000447719956793383     0.266919855551706      1.63561860732787     0.558803204390175     -0.19469063691314   -0.0190543611031903
  0.00449745615945209    0.0010516809318723   0.00308321880010518  -0.00231619438219917  -0.00061182701141508    -0.615680695003901     0.558803204390175     0.660858619747982   -0.0438923622720514  -0.00529218729038864
  0.00585557908207261  -0.00877486195658985   -0.0257256469967073    0.0193207072406339   0.00510047578145382   -0.0892017848300957     -0.19469063691314   -0.0438923622720514     0.132721046223566   0.00746528987199009
 -0.00162988899097503    0.0628874920349931     0.184370010219074     -0.13846726891352   -0.0365540182297551  -0.00851921607368274   -0.0190543611031903  -0.00529218729038864   0.00746528987199009    0.0723275833181581
TOTAL ENERGY: -127.292313741575	 lambda: -0.4	 population of target: 5.85976896401125
1RDM: 
     1.99978520567161  5.34486385105968e-05  0.000160477693167557 -6.71738729299046e-05  3.56533567975612e-05   0.00590075225601801 -2.65674062070775e-05   0.00295269154209766   0.00450672520171808  -0.00134261220829729
 5.34486385105968e-05      1.99762475018196   -0.0068692644433788   0.00678737963238261   0.00328427487280883  0.000326893871161993    -0.000638215008245  0.000872657345566979  -0.00728028893556185    0.0521762254256252
 0.000160477693167557   -0.0068692644433788      1.98003796735152    0.0182941277861691   0.00994347043465655  0.000953932213645629  -0.00186199953897053   0.00254602341168861   -0.0212410008397775     0.152229565736037
-6.71738729299046e-05   0.00678737963238261    0.0182941277861691      1.94900490265259   0.00550717991864455  -0.00078817478108382   0.00154456686502533  -0.00211146046284463    0.0176100418678282    -0.126207333000597
 3.56533567975612e-05   0.00328427487280883   0.00994347043465655   0.00550717991864455      1.97551807673972 -0.000148108291810192  0.000294755038805054 -0.000402556364488305    0.0033533795638383   -0.0240329767898161
  0.00590075225601801  0.000326893871161993  0.000953932213645629  -0.00078817478108382 -0.000148108291810192      1.63321331366525     0.248428243997766    -0.585483719535049   -0.0691654633366649  -0.00664818528881793
-2.65674062070775e-05    -0.000638215008245  -0.00186199953897053   0.00154456686502533  0.000294755038805054     0.248428243997766      1.64699093107956     0.554048421363512    -0.151163785836787   -0.0125608805102621
  0.00295269154209766  0.000872657345566979   0.00254602341168861  -0.00211146046284463 -0.000402556364488305    -0.585483719535049     0.554048421363512     0.622587051443402   -0.0340558401402756   -0.0036396282538653
  0.00450672520171808  -0.00728028893556185   -0.0212410008397775    0.0176100418678282    0.0033533795638383   -0.0691654633366649    -0.151163785836787   -0.0340558401402756     0.129342204871849   0.00815396397560712
 -0.00134261220829729    0.0521762254256252     0.152229565736037    -0.126207333000597   -0.0240329767898161  -0.00664818528881793   -0.0125608805102621   -0.0036396282538653   0.00815396397560712    0.0658955963426003
TOTAL ENERGY: -127.342809134392	 lambda: -0.3	 population of target: 6.00406320761798
1RDM: 
     1.99978102349898  3.51120159163838e-05  0.000106838858973403  -2.8888375778376e-05  5.77690840792401e-05   0.00544489174807008   0.00056108964023993   0.00139778191672256   0.00316781047964804  -0.00105105738022064
 3.51120159163838e-05      1.99812128107063  -0.00538977842424494   0.00618191749271542   0.00264737446884322  0.000258280447178982 -0.000504921918089914  0.000690343875614843  -0.00575871270064614    0.0412714283343288
 0.000106838858973403  -0.00538977842424494      1.98444644713038    0.0164956025366553   0.00795979665775913  0.000747844962582606   -0.0014615061927553   0.00199825452803282   -0.0166694784342968      0.11946648511229
 -2.8888375778376e-05   0.00618191749271542    0.0164956025366553      1.95029471193463   0.00482619790541929 -0.000711992857110229   0.00139824575268013  -0.00191118497889793    0.0159370506459132    -0.114217383477633
 5.77690840792401e-05   0.00264737446884322   0.00795979665775913   0.00482619790541929      1.97725912535869 -7.06997638598718e-05  0.000144509485967992 -0.000197044576582907   0.00163807218069667   -0.0117397529542576
  0.00544489174807008  0.000258280447178982  0.000747844962582606 -0.000711992857110229 -7.06997638598718e-05      1.65816679032742     0.229531418077241    -0.554086241301141   -0.0492848019507911  -0.00480036932931147
  0.00056108964023993 -0.000504921918089914   -0.0014615061927553   0.00139824575268013  0.000144509485967992     0.229531418077241      1.65624887029148     0.547723897915943    -0.107977695007969  -0.00612923831478041
  0.00139778191672256  0.000690343875614843   0.00199825452803282  -0.00191118497889793 -0.000197044576582907    -0.554086241301141     0.547723897915943     0.586163466231299   -0.0242925372539068  -0.00203138499503225
  0.00316781047964804  -0.00575871270064614   -0.0166694784342968    0.0159370506459132   0.00163807218069667   -0.0492848019507911    -0.107977695007969   -0.0242925372539068     0.128623172368473   0.00901542998456454
 -0.00105105738022064    0.0412714283343288      0.11946648511229    -0.114217383477633   -0.0117397529542576  -0.00480036932931147  -0.00612923831478041  -0.00203138499503225   0.00901542998456454    0.0608951117881045
TOTAL ENERGY: -127.379059140114	 lambda: -0.2	 population of target: 6.14908037163655
1RDM: 
      1.9997712763114  2.20854230562017e-05  6.91746481922225e-05   3.2970078099368e-06  7.46359902430162e-05   0.00510998821318146   0.00117623875761118 -0.000161628704690052   0.00184458778089619 -0.000756067655988357
 2.20854230562017e-05      1.99849658152081  -0.00427653757005257   0.00567757025918644   0.00213175689469267  0.000188757650288928 -0.000369343317788877  0.000504948614546894  -0.00421188290831511    0.0301856413464984
 6.91746481922225e-05  -0.00427653757005257      1.98774849623916    0.0150054449129445   0.00634246131960962  0.000538847835153699  -0.00105379451710115    0.0014407461732642   -0.0120180794835799    0.0861309368218358
  3.2970078099368e-06   0.00567757025918644    0.0150054449129445      1.95158023578201   0.00407701206376097 -0.000636802059661848   0.00125330479929146  -0.00171284367416253    0.0142806906815353    -0.102346631794285
 7.46359902430162e-05   0.00213175689469267   0.00634246131960962   0.00407701206376097      1.97884942574283  4.77534532232321e-06 -2.42232667048452e-06  3.89713228734298e-06 -3.86964647797193e-05    0.0002772740780157
  0.00510998821318146  0.000188757650288928  0.000538847835153699 -0.000636802059661848  4.77534532232321e-06      1.68054994216463      0.21028208597423    -0.521548164037918   -0.0296455854675108  -0.00298563001674394
  0.00117623875761118 -0.000369343317788877  -0.00105379451710115   0.00125330479929146 -2.42232667048452e-06      0.21028208597423      1.66325418252211     0.539772053090351   -0.0653196604742061   0.00021493093313098
-0.000161628704690052  0.000504948614546894    0.0014407461732642  -0.00171284367416253  3.89713228734298e-06    -0.521548164037918     0.539772053090351     0.551836342442592   -0.0146439773738996 -0.000479881312265857
  0.00184458778089619  -0.00421188290831511   -0.0120180794835799    0.0142806906815353 -3.86964647797193e-05   -0.0296455854675108   -0.0653196604742061   -0.0146439773738996     0.130710926470495    0.0100870913401515
-0.000756067655988357    0.0301856413464984    0.0861309368218358    -0.102346631794285    0.0002772740780157  -0.00298563001674394   0.00021493093313098 -0.000479881312265857    0.0100870913401515    0.0572025908040391
TOTAL ENERGY: -127.400849760756	 lambda: -0.1	 population of target: 6.29434970647904
1RDM: 
     1.99975608165294  1.45054772833351e-05  4.79121300794882e-05  2.93207703234176e-05  8.64947325930341e-05   0.00489783697367922    0.0018137640384065  -0.00171306934571131  0.000547239071347866 -0.000458414221066589
 1.45054772833351e-05      1.99874559600113  -0.00354605009379543   0.00526217495164012    0.0017364637558306  0.000118281662264864 -0.000231380206929545  0.000316337319718872  -0.00263869220672857    0.0189109255331277
 4.79121300794882e-05  -0.00354605009379543      1.98989066826976    0.0137913294155814   0.00509142707433613  0.000326985460438872 -0.000638912430389558  0.000873567088124345  -0.00728741452481423    0.0522272902606851
 2.93207703234176e-05   0.00526217495164012    0.0137913294155814      1.95294950449569   0.00330351005277335 -0.000560029741907049    0.0011046760250559  -0.00150951095321081    0.0125832251022775   -0.0901812687703143
 8.64947325930341e-05    0.0017364637558306   0.00509142707433613   0.00330351005277335      1.98026649463335  7.85003909722415e-05 -0.000146378806189259  0.000200733003495168  -0.00168081683807083    0.0120459894690522
  0.00489783697367922  0.000118281662264864  0.000326985460438872 -0.000560029741907049  7.85003909722415e-05      1.70020578436365     0.190833395143814    -0.488130097902263   -0.0104020531079911   -0.0012188149130624
   0.0018137640384065 -0.000231380206929545 -0.000638912430389558    0.0011046760250559 -0.000146378806189259     0.190833395143814      1.66797031170839     0.530260911551011   -0.0235250816491331   0.00642317258213235
 -0.00171306934571131  0.000316337319718872  0.000873567088124345  -0.00150951095321081  0.000200733003495168    -0.488130097902263     0.530260911551011     0.519881652407955  -0.00518573620611709   0.00100095111402212
 0.000547239071347866  -0.00263869220672857  -0.00728741452481423    0.0125832251022775  -0.00168081683807083   -0.0104020531079911   -0.0235250816491331  -0.00518573620611709      0.13558947294608    0.0113751877289107
-0.000458414221066589    0.0189109255331277    0.0522272902606851   -0.0901812687703143    0.0120459894690522   -0.0012188149130624   0.00642317258213235   0.00100095111402212    0.0113751877289107    0.0547444335211126
TOTAL ENERGY: -127.408101955309	 lambda: 0	 population of target: 6.43928732444077
1RDM: 
     1.99973611761086  1.24502412827335e-05  4.32937753861958e-05  4.90907380652412e-05  9.36649061617207e-05   0.00479865144099375   0.00246460016750132  -0.00324065311124346 -0.000713234858642485 -0.000159088205709522
 1.24502412827335e-05      1.99886191782944  -0.00321793255208408   0.00493972904574792    0.0014657816431005  4.68021875216309e-05 -9.09264281071752e-05  0.000124365472821549  -0.00103794131567119   0.00743869068456293
 4.32937753861958e-05  -0.00321793255208408      1.99081290755914    0.0128658828418933   0.00422031019317465  0.000112328305693922 -0.000216976106967669  0.000296877888828013  -0.00247884027366961    0.0177652781148649
 4.90907380652412e-05   0.00493972904574792    0.0128658828418933      1.95440718244858   0.00251337478059221 -0.000478469613277011  0.000946042511687929  -0.00129255388611405    0.0107726850899006   -0.0772055416043862
 9.36649061617207e-05    0.0014657816431005   0.00422031019317465   0.00251337478059221      1.98146707596832  0.000150880478408632 -0.000288126615410549  0.000394513633182308  -0.00329707305173676    0.0236293435152719
  0.00479865144099375  4.68021875216309e-05  0.000112328305693922 -0.000478469613277011  0.000150880478408632      1.71719537245584     0.171409724331326    -0.454267455122967   0.00827867020806744  0.000486506106421537
  0.00246460016750132 -9.09264281071752e-05 -0.000216976106967669  0.000946042511687929 -0.000288126615410549     0.171409724331326      1.67057587118804     0.519435797702981    0.0170438238817088    0.0124412367988254
 -0.00324065311124346  0.000124365472821549  0.000296877888828013  -0.00129255388611405  0.000394513633182308    -0.454267455122967     0.519435797702981     0.490433813196468   0.00399949100010305   0.00240355873417383
-0.000713234858642485  -0.00103794131567119  -0.00247884027366961    0.0107726850899006  -0.00329707305173676   0.00827867020806744    0.0170438238817088   0.00399949100010305     0.142966297648988    0.0128327328559722
-0.000159088205709522   0.00743869068456293    0.0177652781148649   -0.0772055416043862    0.0236293435152719  0.000486506106421537    0.0124412367988254   0.00240355873417383    0.0128327328559722    0.0535434440943712
TOTAL ENERGY: -127.400910386772	 lambda: 0.1	 population of target: 6.58331255340185
1RDM: 
     1.99971263086018  1.59203608970617e-05  5.53217311560514e-05  6.25298710979859e-05  9.65479897582532e-05   0.00478898755533696   0.00311760733634863  -0.00473031982366105  -0.00192943450556676  0.000140495140920802
 1.59203608970617e-05      1.99883906158705  -0.00331111292824984   0.00472778142272872   0.00132705679562614 -2.56170062390036e-05  5.18925337871344e-05 -7.07955651937096e-05  0.000588939737836662   -0.0042208142265777
 5.53217311560514e-05  -0.00331111292824984      1.99045990384805    0.0122793931006278   0.00374966449743071 -0.000104731197999424  0.000211242204368888 -0.000288266407871831   0.00239884350058217   -0.0171920311197263
 6.25298710979859e-05   0.00472778142272872    0.0122793931006278      1.95588748122028   0.00168052861607691 -0.000389473636966345   0.00077218609082623  -0.00105484169775481   0.00878962336200108   -0.0629933842967804
 9.65479897582532e-05   0.00132705679562614   0.00374966449743071   0.00168052861607691      1.98239615525991  0.000222197488292642 -0.000428183407593113  0.000585949343395547  -0.00489342351480375    0.0350700428112867
  0.00478898755533696 -2.56170062390036e-05 -0.000104731197999424 -0.000389473636966345  0.000222197488292642      1.73189311574657     0.152244639165117     -0.42046989504466    0.0262846764884197   0.00212437925594493
  0.00311760733634863  5.18925337871344e-05  0.000211242204368888   0.00077218609082623 -0.000428183407593113     0.152244639165117      1.67150561654512     0.507705493933125    0.0561459231037357    0.0182311156350699
 -0.00473031982366105 -7.07955651937096e-05 -0.000288266407871831  -0.00105484169775481  0.000585949343395547     -0.42046989504466     0.507705493933125     0.463352846574577    0.0128552931708548   0.00373247412121425
 -0.00192943450556676  0.000588939737836662   0.00239884350058217   0.00878962336200108  -0.00489342351480375    0.0262846764884197    0.0561459231037357    0.0128552931708548     0.152256571355037    0.0143612911152729
 0.000140495140920802   -0.0042208142265777   -0.0171920311197263   -0.0629933842967804    0.0350700428112867   0.00212437925594493    0.0182311156350699   0.00373247412121425    0.0143612911152729    0.0536966170032322
TOTAL ENERGY: -127.379515872813	 lambda: 0.2	 population of target: 6.72602173716249
1RDM: 
     1.99968721406967    2.483193220202e-05  8.37432172784807e-05  6.96978897859722e-05  9.56450531294836e-05    0.0048349921997207   0.00376250901062872  -0.00617494370377085  -0.00310104472204138  0.000438556953121655
   2.483193220202e-05      1.99867239116306   -0.0038384115316739   0.00464857596307956   0.00132567172278874 -9.87394499566789e-05  0.000196603684285677 -0.000268499875804864   0.00223657280599778   -0.0160290497955353
 8.37432172784807e-05   -0.0038384115316739      1.98879629405608    0.0120946184254192   0.00369254452223066 -0.000323355016773619  0.000644070338179345 -0.000879582089137874   0.00732661814510819   -0.0525083457681648
 6.96978897859722e-05   0.00464857596307956    0.0120946184254192      1.95729172252464  0.000762584718912547 -0.000291825760045527  0.000580720292877148 -0.000793112354716304   0.00660684125753294   -0.0473498617641175
 9.56450531294836e-05   0.00132567172278874   0.00369254452223066  0.000762584718912547      1.98300272318043  0.000292380735449053 -0.000566363216712483   0.00077478983292134  -0.00646782019380493    0.0463534078071473
   0.0048349921997207 -9.87394499566789e-05 -0.000323355016773619 -0.000291825760045527  0.000292380735449053       1.7449655808733     0.133507788630066    -0.387178589399627    0.0436127965609078   0.00370042591048757
  0.00376250901062872  0.000196603684285677  0.000644070338179345  0.000580720292877148 -0.000566363216712483     0.133507788630066      1.67139190578181     0.495559943785827    0.0937769876593345    0.0237890617854619
 -0.00617494370377085 -0.000268499875804864 -0.000879582089137874 -0.000793112354716304   0.00077478983292134    -0.387178589399627     0.495559943785827     0.438188442815577    0.0213781529408365    0.0050057226643977
 -0.00310104472204138   0.00223657280599778   0.00732661814510819   0.00660684125753294  -0.00646782019380493    0.0436127965609078    0.0937769876593345    0.0213781529408365     0.162685329816381     0.015834270036036
 0.000438556953121655   -0.0160290497955353   -0.0525083457681648   -0.0473498617641175    0.0463534078071473   0.00370042591048757    0.0237890617854619    0.0050057226643977     0.015834270036036    0.0553183957190925
TOTAL ENERGY: -127.344198136814	 lambda: 0.3	 population of target: 6.86733650111756
1RDM: 
     1.99966142193769   3.9036332190883e-05  0.000128116798779065  7.08742769983565e-05  9.15513693830927e-05   0.00490009612483189   0.00439284116349694  -0.00757734368974497  -0.00423598340909593  0.000733250170164927
  3.9036332190883e-05      1.99836030354755  -0.00480339264686354   0.00472089172523632   0.00146049886943936 -0.000172167952354052  0.000342411646407503 -0.000467661561559512   0.00389591657707407   -0.0279212191673568
 0.000128116798779065  -0.00480339264686354       1.9858149049518    0.0123632258041226   0.00404182583032202 -0.000542321380753478   0.00107906314182191  -0.00147373072210754    0.0122766860970024   -0.0879844483022499
 7.08742769983565e-05   0.00472089172523632    0.0123632258041226      1.95851862994487 -0.000279135056879091 -0.000186073218474853  0.000372747281866147 -0.000508870247560972   0.00423685118920948   -0.0303646503916044
 9.15513693830927e-05   0.00146049886943936   0.00404182583032202 -0.000279135056879091      1.98325368856617  0.000360986044949843 -0.000701736399870296  0.000959769526935654  -0.00800976361642422    0.0574041890216667
  0.00490009612483189 -0.000172167952354052 -0.000542321380753478 -0.000186073218474853  0.000360986044949843      1.75723394765158     0.115247966128231    -0.354633078183596    0.0603861034322275   0.00523193139749555
  0.00439284116349694  0.000342411646407503   0.00107906314182191  0.000372747281866147 -0.000701736399870296     0.115247966128231      1.67092224244108      0.48344638511596     0.130207010914893    0.0291520772287895
 -0.00757734368974497 -0.000467661561559512  -0.00147373072210754 -0.000508870247560972  0.000959769526935654    -0.354633078183596      0.48344638511596     0.414261037556203    0.0296265395738785   0.00625157371709869
 -0.00423598340909593   0.00389591657707407    0.0122766860970024   0.00423685118920948  -0.00800976361642422    0.0603861034322275     0.130207010914893    0.0296265395738785      0.17347685046152    0.0171303064451884
 0.000733250170164927   -0.0279212191673568   -0.0879844483022499   -0.0303646503916044    0.0574041890216667   0.00523193139749555    0.0291520772287895   0.00625157371709869    0.0171303064451884    0.0584969729415958
TOTAL ENERGY: -127.295134281611	 lambda: 0.4	 population of target: 7.00753972418393
1RDM: 
     1.99963636779672  5.83611688152493e-05  0.000187937744920849  6.65442783044281e-05  8.49048449810907e-05    0.0049542656562429   0.00500786889222721  -0.00895020652224194  -0.00534888184433838   0.00102300492911318
 5.83611688152493e-05      1.99790417880235  -0.00620077347003422   0.00495626701243071   0.00172234649422815 -0.000245392552630719  0.000488297023356748 -0.000666888578894524   0.00555538041310864   -0.0398142562418793
 0.000187937744920849  -0.00620077347003422      1.98153472301357    0.0131145269655674   0.00476639844946786 -0.000760169185876697   0.00151329887753682  -0.00206672272124143    0.0172158282651294    -0.123382267496216
 6.65442783044281e-05   0.00495626701243071    0.0131145269655674      1.95947363140336  -0.00146704255652698 -7.43857025989142e-05  0.000152581839878028 -0.000208008298418675   0.00172875189792829   -0.0123896337579762
 8.49048449810907e-05   0.00172234649422815   0.00476639844946786  -0.00146704255652698      1.98313997935423  0.000427340242429644 -0.000832918394806332   0.00113900131314531  -0.00950357008065736    0.0681099826787674
   0.0049542656562429 -0.000245392552630719 -0.000760169185876697 -7.43857025989142e-05  0.000427340242429644      1.76947295738007    0.0973719960616696    -0.322794705424104    0.0768304526260925   0.00674420313804341
  0.00500786889222721  0.000488297023356748   0.00151329887753682  0.000152581839878028 -0.000832918394806332    0.0973719960616696      1.67066630080142     0.471649472507556     0.165928597388377    0.0343909038879524
 -0.00895020652224194 -0.000666888578894524  -0.00206672272124143 -0.000208008298418675   0.00113900131314531    -0.322794705424104     0.471649472507556     0.390826581208938    0.0377098786747382   0.00750206507136945
 -0.00534888184433838   0.00555538041310864    0.0172158282651294   0.00172875189792829  -0.00950357008065736    0.0768304526260925     0.165928597388377    0.0377098786747382     0.184060593088311    0.0181636383366641
  0.00102300492911318   -0.0398142562418793    -0.123382267496216   -0.0123896337579762    0.0681099826787674   0.00674420313804341    0.0343909038879524   0.00750206507136945    0.0181636383366641    0.0632846871510812
TOTAL ENERGY: -127.232302696933	 lambda: 0.5	 population of target: 7.14717037112745
1RDM: 
     1.99961244119227  8.26489228862115e-05  0.000262752002362891  5.73178145836482e-05  7.63017846643112e-05   0.00498150430781645   0.00561290136931476   -0.0103132137128798  -0.00645763760412559   0.00130674590478612
 8.26489228862115e-05      1.99730774098326  -0.00801849932066389   0.00535807620330226   0.00209559691085083 -0.000317838316876778  0.000633113688999602 -0.000864615914153925   0.00720192859428837   -0.0516147332498789
 0.000262752002362891  -0.00801849932066389      1.97599418570169    0.0143526967645801   0.00581664519413331 -0.000975324607369317    0.0019436379679457  -0.00265427114055838     0.022108339743003    -0.158445906033811
 5.73178145836482e-05   0.00535807620330226    0.0143526967645801      1.96006961238767  -0.00280465113723191  3.98448216483446e-05 -7.30447407432441e-05  0.000100278872718809 -0.000840851439358858   0.00602617119621836
 7.63017846643112e-05   0.00209559691085083   0.00581664519413331  -0.00280465113723191      1.98267467535084  0.000490720650171332 -0.000958431883409016   0.00131047099808695   -0.0109324966038688    0.0783507948154627
  0.00498150430781645 -0.000317838316876778 -0.000975324607369317  3.98448216483446e-05  0.000490720650171332      1.78222068311945    0.0796637370307619    -0.291348332971533    0.0932216140002368   0.00826466011001287
  0.00561290136931476  0.000633113688999602    0.0019436379679457 -7.30447407432441e-05 -0.000958431883409016    0.0796637370307619      1.67093430567925     0.460216451057477     0.201541675283767    0.0395932792828885
  -0.0103132137128798 -0.000864615914153925  -0.00265427114055838  0.000100278872718809   0.00131047099808695    -0.291348332971533     0.460216451057477     0.367260663717278    0.0457629346464382   0.00878551979223064
 -0.00645763760412559   0.00720192859428837     0.022108339743003 -0.000840851439358858   -0.0109324966038688    0.0932216140002368     0.201541675283767    0.0457629346464382     0.194220441608736    0.0189036399432834
  0.00130674590478612   -0.0516147332498789    -0.158445906033811   0.00602617119621836    0.0783507948154627   0.00826466011001287    0.0395932792828885   0.00878551979223064    0.0189036399432834    0.0697052502596182
TOTAL ENERGY: -127.155490376828	 lambda: 0.6	 population of target: 7.28682471520189
1RDM: 
     1.99958922512877  0.000111771362006896  0.000352194886405785  4.38435316944462e-05  6.62194293885695e-05   0.00498340386717661   0.00621803601030032   -0.0116884941806472  -0.00757927132984853   0.00158392730561259
 0.000111771362006896      1.99657677891621   -0.0102387690004206   0.00591989100896341   0.00256137720325484 -0.000388905841856392   0.00077567016994422  -0.00105921636130693   0.00882200378244571   -0.0632254866696479
 0.000352194886405785   -0.0102387690004206      1.96924760998676    0.0160528793372343   0.00713424763969014  -0.00118619316950646   0.00236690886557956  -0.00323204488120193    0.0269181366109283    -0.192916754732817
 4.38435316944462e-05   0.00591989100896341    0.0160528793372343      1.96024123322834  -0.00428017087482508  0.000152549331825905 -0.000296065845790179  0.000404971597948465  -0.00338013285838566    0.0242246725379327
 6.62194293885695e-05   0.00256137720325484   0.00713424763969014  -0.00428017087482508      1.98188731121682   0.00055046983048592  -0.00107693852518678   0.00147235264961487   -0.0122813604540148    0.0880178166067283
  0.00498340386717661 -0.000388905841856392  -0.00118619316950646  0.000152549331825905   0.00055046983048592       1.7956575504114    0.0618341255993535    -0.259775733314512     0.109821897951296   0.00981651213712697
  0.00621803601030032   0.00077567016994422   0.00236690886557956 -0.000296065845790179  -0.00107693852518678    0.0618341255993535      1.67170833642608     0.448947379831071     0.237615617167565    0.0448438096537694
  -0.0116884941806472  -0.00105921636130693  -0.00323204488120193  0.000404971597948465   0.00147235264961487    -0.259775733314512     0.448947379831071      0.34320221206289    0.0539148403705263     0.010120015331782
 -0.00757927132984853   0.00882200378244571    0.0269181366109283  -0.00338013285838566   -0.0122813604540148     0.109821897951296     0.237615617167565    0.0539148403705263     0.204143787684005    0.0193821114590031
  0.00158392730561259   -0.0632254866696479    -0.192916754732817    0.0242246725379327    0.0880178166067283   0.00981651213712697    0.0448438096537694     0.010120015331782    0.0193821114590031    0.0777459549387898
TOTAL ENERGY: -127.064399617728	 lambda: 0.7	 population of target: 7.42695631745069
1RDM: 
     1.99956561673401  0.000145615650937578  0.000455943070556357  2.67406972849434e-05  5.49827866171532e-05   0.00497818422855474   0.00683578802653128   -0.0130957071994504  -0.00872621210446876   0.00185444518777189
 0.000145615650937578      1.99571947066258   -0.0128372736815602   0.00662231548869157    0.0031003584798124 -0.000458025595475095  0.000914835293218433  -0.00124914471292517    0.0104027337271946    -0.074554262171565
 0.000455943070556357   -0.0128372736815602      1.96136699060333    0.0181539722522807   0.00866066419741378  -0.00139127932303837   0.00278013863035934  -0.00379598262163134    0.0316113906548941    -0.226552374711018
 2.67406972849434e-05   0.00662231548869157    0.0181539722522807      1.95997952927736  -0.00587169264927694  0.000259687275499421  -0.00050847180357195  0.000695130351971785   -0.0057979231681111     0.041552429687836
