Lodwin Orthonormalized
TOTAL ENERGY: -123.347938076024	 lambda: -5	 population of target: 4.00000000000075
1RDM: 
     1.99997463063551   0.00166138994248048 -8.56369933877004e-11 -6.34919235639283e-13 -3.13494880450585e-10  3.24385304982633e-24  1.54016141706987e-16  1.56233591598982e-21  -1.6556608058478e-22  3.01789537762223e-05
  0.00166138994248048      1.88572591789579  1.09303698973494e-08  8.43167764832046e-11  4.04962539959662e-08 -4.30455775220346e-22 -1.65305721352004e-13 -1.96935175269235e-19  1.77718674061673e-19   -0.0323912104221359
-8.56369933877004e-11  1.09303698973494e-08      1.99999999999995 -4.41161824195407e-16 -2.05876663955207e-13  2.28279590505249e-27  1.66981286097371e-18 -1.10653078224561e-18  1.51326874452441e-21  3.27195407866826e-07
-6.34919235639283e-13  8.43167764832046e-11 -4.41161824195407e-16                     2  -1.6562815963344e-15 -5.39571597518222e-27  1.34389009894435e-20 -1.47145119522538e-18 -2.54028285307589e-19  2.63332316715729e-09
-3.13494880450585e-10  4.04962539959662e-08 -2.05876663955207e-13  -1.6562815963344e-15      1.99999999999923  8.35979942106417e-27  6.05638530980223e-18 -1.00124325181639e-11  1.61180533193966e-23  1.22855446870157e-06
 3.24385304982633e-24 -4.30455775220346e-22  2.28279590505249e-27 -5.39571597518222e-27  8.35979942106417e-27                     2 -6.99499370054239e-25 -1.76167557374859e-17 -4.18118123448863e-08 -1.34335595779617e-20
 1.54016141706987e-16 -1.65305721352004e-13  1.66981286097371e-18  1.34389009894435e-20  6.05638530980223e-18 -6.99499370054239e-25                     2 -4.18218252253479e-08 -1.52012080404082e-17 -1.00122873756841e-11
 1.56233591598982e-21 -1.96935175269235e-19 -1.10653078224561e-18 -1.47145119522538e-18 -1.00124325181639e-11 -1.76167557374859e-17 -4.18218252253479e-08    0.0380903108105414  1.68181224437645e-17 -6.05674547858468e-18
 -1.6556608058478e-22  1.77718674061673e-19  1.51326874452441e-21 -2.54028285307589e-19  1.61180533193966e-23 -4.18118123448863e-08 -1.52012080404082e-17  1.68181224437645e-17    0.0380903108105403 -1.56216101358082e-22
 3.01789537762223e-05   -0.0323912104221359  3.27195407866826e-07  2.63332316715729e-09  1.22855446870157e-06 -1.34335595779617e-20 -1.00122873756841e-11 -6.05674547858468e-18 -1.56216101358082e-22    0.0381188298484577
TOTAL ENERGY: -123.347938076024	 lambda: -4.95	 population of target: 4.00000000000077
1RDM: 
      1.9999746306355   0.00166138994247985 -8.67457321897948e-11 -6.39523704858607e-13 -3.18635171680577e-10  3.26763644496195e-24  1.54016185855746e-16  1.58842112158083e-21 -1.65566080464488e-22  3.01789537760821e-05
  0.00166138994247985      1.88572591789582  1.10815680809131e-08    8.496833152479e-11  4.12280763322616e-08 -4.33801133993016e-22 -1.65305721580502e-13 -2.00648384703122e-19  1.77718674084945e-19   -0.0323912104221373
-8.67457321897948e-11  1.10815680809131e-08      1.99999999999994 -4.51390357077286e-16 -2.13094996819932e-13  2.33566464646563e-27  1.69459984798625e-18 -1.20179886019127e-18  1.51426221260959e-21  3.32052359236214e-07
-6.39523704858607e-13    8.496833152479e-11 -4.51390357077286e-16                     2 -1.70319566269208e-15 -5.60149696327032e-27  1.35495408487358e-20 -1.48113865816895e-18 -2.58526289198014e-19  2.65500297028382e-09
-3.18635171680577e-10  4.12280763322616e-08 -2.13094996819932e-13 -1.70319566269208e-15      1.99999999999919  8.59851807353459e-27  6.17719364498932e-18 -1.00124322940403e-11  1.63375449664343e-23  1.25306300025054e-06
 3.26763644496195e-24 -4.33801133993016e-22  2.33566464646563e-27 -5.60149696327032e-27  8.59851807353459e-27                     2 -7.19164298698956e-25 -1.77546248910618e-17 -4.26482474362622e-08 -1.35442825176933e-20
 1.54016185855746e-16 -1.65305721580502e-13  1.69459984798625e-18  1.35495408487358e-20  6.17719364498932e-18 -7.19164298698956e-25                     2 -4.26582603198402e-08 -1.53242894629582e-17 -1.00122871791013e-11
 1.58842112158083e-21 -2.00648384703122e-19 -1.20179886019127e-18 -1.48113865816895e-18 -1.00124322940403e-11 -1.77546248910618e-17 -4.26582603198402e-08    0.0380903108105297  1.64760377908151e-17 -6.17755375760851e-18
-1.65566080464488e-22  1.77718674084945e-19  1.51426221260959e-21 -2.58526289198014e-19  1.63375449664343e-23 -4.26482474362622e-08 -1.53242894629582e-17  1.64760377908151e-17    0.0380903108105333 -1.56216098263344e-22
 3.01789537760821e-05   -0.0323912104221373  3.32052359236214e-07  2.65500297028382e-09  1.25306300025054e-06 -1.35442825176933e-20 -1.00122871791013e-11 -6.17755375760851e-18 -1.56216098263344e-22     0.038118829848478
TOTAL ENERGY: -123.347938076024	 lambda: -4.9	 population of target: 4.00000000000081
1RDM: 
      1.9999746306355   0.00166138994248034 -8.78837637916978e-11 -6.44231263385061e-13 -3.23947927624473e-10  3.29196587834724e-24   1.5401623460938e-16  1.61537836432692e-21 -1.65566080563328e-22  3.01789537759667e-05
  0.00166138994248034      1.88572591789581  1.12370244104507e-08  8.56359998567509e-11  4.19871697221411e-08  -4.3723052640746e-22 -1.65305721686015e-13 -2.04499930645703e-19  1.77718674166024e-19   -0.0323912104221652
-8.78837637916978e-11  1.12370244104507e-08      1.99999999999994 -4.62026203945895e-16 -2.20702079897263e-13   2.3906450666086e-27  1.72012861484779e-18 -1.30596513627582e-18  1.51527004853287e-21  3.37054661656286e-07
-6.44231263385061e-13  8.56359998567509e-11 -4.62026203945895e-16                     2 -1.75240029739203e-15 -5.81956705867707e-27  1.36631599063076e-20 -1.49098866241705e-18 -2.63199558496151e-19  2.67726655564984e-09
-3.23947927624473e-10  4.19871697221411e-08 -2.20702079897263e-13 -1.75240029739203e-15      1.99999999999916  8.84891838915174e-27  6.30292101495001e-18 -1.00124320376382e-11  1.65647312933664e-23  1.27856954591565e-06
 3.29196587834724e-24  -4.3723052640746e-22   2.3906450666086e-27 -5.81956705867707e-27  8.84891838915174e-27                     2 -7.39868060972923e-25 -1.78981190125752e-17 -4.35188202078247e-08 -1.36580159088592e-20
  1.5401623460938e-16 -1.65305721686015e-13  1.72012861484779e-18  1.36631599063076e-20  6.30292101495001e-18 -7.39868060972923e-25                     2 -4.35288330946232e-08  -1.5452392526826e-17  -1.0012286952636e-11
 1.61537836432692e-21 -2.04499930645703e-19 -1.30596513627582e-18 -1.49098866241705e-18 -1.00124320376382e-11 -1.78981190125752e-17 -4.35288330946232e-08    0.0380903108105369  1.61339531397485e-17 -6.30328111902241e-18
-1.65566080563328e-22  1.77718674166024e-19  1.51527004853287e-21 -2.63199558496151e-19  1.65647312933664e-23 -4.35188202078247e-08  -1.5452392526826e-17  1.61339531397485e-17    0.0380903108105401 -1.56216097594476e-22
 3.01789537759667e-05   -0.0323912104221652  3.37054661656286e-07  2.67726655564984e-09  1.27856954591565e-06 -1.36580159088592e-20  -1.0012286952636e-11 -6.30328111902241e-18 -1.56216097594476e-22    0.0381188298485105
TOTAL ENERGY: -123.347938076024	 lambda: -4.85	 population of target: 4.00000000000085
1RDM: 
      1.9999746306355   0.00166138994248014 -8.90522757346147e-11 -6.49045820559991e-13 -3.29442034896453e-10  3.31686443889277e-24  1.54016288479826e-16  1.64325108933298e-21 -1.65566080170964e-22  3.01789537760005e-05
  0.00166138994248014      1.88572591789581  1.13969217720332e-08  8.63204667145022e-11  4.27751064984913e-08 -4.40747694959756e-22 -1.65305721661556e-13 -2.08497418887702e-19  1.77718674117138e-19   -0.0323912104221625
-8.90522757346147e-11  1.13969217720332e-08      1.99999999999994  -4.7309256594154e-16  -2.2872651348645e-13  2.44785796537715e-27  1.74643262377842e-18  -1.4198708507186e-18  1.51629301919541e-21  3.42208872120068e-07
-6.49045820559991e-13  8.63204667145022e-11  -4.7309256594154e-16                     2 -1.80405620622546e-15 -6.05094106545582e-27  1.37798955582304e-20 -1.50100605209181e-18 -2.68058985875829e-19  2.70014084714472e-09
-3.29442034896453e-10  4.27751064984913e-08  -2.2872651348645e-13 -1.80405620622546e-15      1.99999999999913  9.11182156404957e-27  6.43387416678857e-18 -1.00124317458279e-11  1.68000283667995e-23  1.30513634595375e-06
 3.31686443889277e-24 -4.40747694959756e-22  2.44785796537715e-27 -6.05094106545582e-27  9.11182156404957e-27                     2 -7.61690643796258e-25  -1.8047589513381e-17 -4.44256639893404e-08 -1.37748994352788e-20
 1.54016288479826e-16 -1.65305721661556e-13  1.74643262377842e-18  1.37798955582304e-20  6.43387416678857e-18 -7.61690643796258e-25                     2 -4.44356768794683e-08 -1.55858309516052e-17 -1.00122866934225e-11
 1.64325108933298e-21 -2.08497418887702e-19  -1.4198708507186e-18 -1.50100605209181e-18 -1.00124317458279e-11  -1.8047589513381e-17 -4.44356768794683e-08    0.0380903108105377   1.5791868487491e-17 -6.43423432107683e-18
-1.65566080170964e-22  1.77718674117138e-19  1.51629301919541e-21 -2.68058985875829e-19  1.68000283667995e-23 -4.44256639893404e-08 -1.55858309516052e-17   1.5791868487491e-17    0.0380903108105365 -1.56216091016594e-22
 3.01789537760005e-05   -0.0323912104221625  3.42208872120068e-07  2.70014084714472e-09  1.30513634595375e-06 -1.37748994352788e-20 -1.00122866934225e-11 -6.43423432107683e-18 -1.56216091016594e-22    0.0381188298485456
TOTAL ENERGY: -123.347938076024	 lambda: -4.8	 population of target: 4.00000000000089
1RDM: 
      1.9999746306355    0.0016613899424802 -9.02525215504295e-11  -6.5397148599679e-13 -3.35127006198675e-10  3.34235319823269e-24  1.54016348134208e-16  1.67208856325441e-21 -1.65566080141835e-22  3.01789537758424e-05
   0.0016613899424802       1.8857259178958  1.15614536774778e-08   8.7022457718017e-11  4.35935836866432e-08  -4.4435648096435e-22 -1.65305721453831e-13 -2.12649871699833e-19  1.77718674164108e-19   -0.0323912104221774
-9.02525215504295e-11  1.15614536774778e-08      1.99999999999994 -4.84614364963905e-16  -2.3719959377389e-13  2.50743427864057e-27  1.77354734897971e-18 -1.54474871216704e-18  1.51733256540997e-21  3.47521942005084e-07
 -6.5397148599679e-13   8.7022457718017e-11 -4.84614364963905e-16                     2 -1.85833890538281e-15 -6.29674155115009e-27  1.38998939708137e-20  -1.5112129139655e-18 -2.73116389599916e-19  2.72365448834316e-09
-3.35127006198675e-10  4.35935836866432e-08  -2.3719959377389e-13 -1.85833890538281e-15      1.99999999999909  9.38812887842613e-27  6.57038589357346e-18 -1.00124314117012e-11  1.70438749922501e-23  1.33283092630992e-06
 3.34235319823269e-24  -4.4435648096435e-22  2.50743427864057e-27 -6.29674155115009e-27  9.38812887842613e-27                     2 -7.84720149073318e-25 -1.82034176931047e-17 -4.53710936240861e-08  -1.3895088113768e-20
 1.54016348134208e-16 -1.65305721453831e-13  1.77354734897971e-18  1.38998939708137e-20  6.57038589357346e-18 -7.84720149073318e-25                     2 -4.53811065176565e-08 -1.57249451395923e-17 -1.00122863948384e-11
 1.67208856325441e-21 -2.12649871699833e-19 -1.54474871216704e-18  -1.5112129139655e-18 -1.00124314117012e-11 -1.82034176931047e-17 -4.53811065176565e-08    0.0380903108105417  1.54497838380408e-17 -6.57074616424007e-18
-1.65566080141835e-22  1.77718674164108e-19  1.51733256540997e-21 -2.73116389599916e-19  1.70438749922501e-23 -4.53710936240861e-08 -1.57249451395923e-17  1.54497838380408e-17     0.038090310810543 -1.56216088537216e-22
 3.01789537758424e-05   -0.0323912104221774  3.47521942005084e-07  2.72365448834316e-09  1.33283092630992e-06  -1.3895088113768e-20 -1.00122863948384e-11 -6.57074616424007e-18 -1.56216088537216e-22    0.0381188298485842
TOTAL ENERGY: -123.347938076025	 lambda: -4.75	 population of target: 4.00000000000093
1RDM: 
      1.9999746306355   0.00166138994248027 -9.14858255166625e-11 -6.59012584194791e-13 -3.41013036977984e-10  3.36845699241407e-24  1.54016414315173e-16  1.70194142506048e-21 -1.65566080194041e-22  3.01789537758315e-05
  0.00166138994248027      1.88572591789581  1.17308250454959e-08   8.7742742011765e-11  4.44444357669538e-08 -4.48061088620343e-22 -1.65305721029413e-13 -2.16966437549114e-19  1.77718674232805e-19    -0.032391210422194
-9.14858255166625e-11  1.17308250454959e-08      1.99999999999994 -4.96618400533998e-16 -2.46155625683252e-13  2.56951433190793e-27  1.80151042762088e-18 -1.68183946349857e-18  1.51838992841322e-21  3.53001246502118e-07
-6.59012584194791e-13   8.7742742011765e-11 -4.96618400533998e-16                     2 -1.91544042404292e-15 -6.55821297089478e-27  1.40233107918166e-20 -1.52162233880232e-18 -2.78384614864303e-19  2.74783798051235e-09
-3.41013036977984e-10  4.44444357669538e-08 -2.46155625683252e-13 -1.91544042404292e-15      1.99999999999905  9.67882455305123e-27  6.71281786595881e-18 -1.00124310292533e-11  1.72967439614559e-23  1.36172667265288e-06
 3.36845699241407e-24 -4.48061088620343e-22  2.56951433190793e-27 -6.55821297089478e-27  9.67882455305123e-27                     2 -8.09053821666349e-25 -1.83660179958673e-17 -4.63576252162288e-08 -1.40187437794288e-20
 1.54016414315173e-16 -1.65305721029413e-13  1.80151042762088e-18  1.40233107918166e-20  6.71281786595881e-18 -8.09053821666349e-25                     2 -4.63676381133585e-08 -1.58701050825052e-17 -1.00122860512178e-11
 1.70194142506048e-21 -2.16966437549114e-19 -1.68183946349857e-18 -1.52162233880232e-18 -1.00124310292533e-11 -1.83660179958673e-17 -4.63676381133585e-08    0.0380903108105418  1.51076991898757e-17 -6.71317833324576e-18
-1.65566080194041e-22  1.77718674232805e-19  1.51838992841322e-21 -2.78384614864303e-19  1.72967439614559e-23 -4.63576252162288e-08 -1.58701050825052e-17  1.51076991898757e-17     0.038090310810539 -1.56216086851605e-22
 3.01789537758315e-05    -0.032391210422194  3.53001246502118e-07  2.74783798051235e-09  1.36172667265288e-06 -1.40187437794288e-20 -1.00122860512178e-11 -6.71317833324576e-18 -1.56216086851605e-22    0.0381188298486155
TOTAL ENERGY: -123.347938076025	 lambda: -4.7	 population of target: 4.00000000000098
1RDM: 
     1.99997463063551   0.00166138994247978 -9.27535878330479e-11  -6.6417366668049e-13 -3.47111068385394e-10    3.395201708779e-24  1.54016487753063e-16  1.73286416964455e-21 -1.65566080020149e-22  3.01789537756049e-05
  0.00166138994247978      1.88572591789583   1.1905253051083e-08  8.84821355312105e-11  4.53296490396684e-08 -4.51865942910761e-22 -1.65305720360808e-13 -2.21457015762948e-19  1.77718674241521e-19   -0.0323912104222047
-9.27535878330479e-11   1.1905253051083e-08      1.99999999999994 -5.09133524523573e-16 -2.55632279018374e-13  2.63424908333501e-27  1.83036182290273e-18 -1.83237747776123e-18  1.51946636396718e-21  3.58654616585437e-07
 -6.6417366668049e-13  8.84821355312105e-11 -5.09133524523573e-16                     2 -1.97557124581992e-15 -6.83673796858068e-27  1.41503119503746e-20 -1.53224605145705e-18 -2.83877648134723e-19  2.77272383953762e-09
-3.47111068385394e-10  4.53296490396684e-08 -2.55632279018374e-13 -1.97557124581992e-15      1.99999999999901  9.98498689488856e-27  6.86156383335933e-18 -1.00124305928612e-11  1.75591410522073e-23  1.39190348006267e-06
   3.395201708779e-24 -4.51865942910761e-22  2.63424908333501e-27 -6.83673796858068e-27  9.98498689488856e-27                     2 -8.34799233389979e-25  -1.8535841690335e-17 -4.73879984861973e-08 -1.41460378931678e-20
 1.54016487753063e-16 -1.65305720360808e-13  1.83036182290273e-18  1.41503119503746e-20  6.86156383335933e-18 -8.34799233389979e-25                     2 -4.73980113870096e-08 -1.60217136468493e-17 -1.00122856573085e-11
 1.73286416964455e-21 -2.21457015762948e-19 -1.83237747776123e-18 -1.53224605145705e-18 -1.00124305928612e-11  -1.8535841690335e-17 -4.73980113870096e-08    0.0380903108105363  1.47656145424888e-17 -6.86192459016086e-18
-1.65566080020149e-22  1.77718674241521e-19  1.51946636396718e-21 -2.83877648134723e-19  1.75591410522073e-23 -4.73879984861973e-08 -1.60217136468493e-17  1.47656145424888e-17    0.0380903108105387 -1.56216082343136e-22
 3.01789537756049e-05   -0.0323912104222047  3.58654616585437e-07  2.77272383953762e-09  1.39190348006267e-06 -1.41460378931678e-20 -1.00122856573085e-11 -6.86192459016086e-18 -1.56216082343136e-22    0.0381188298486559
TOTAL ENERGY: -123.347938076025	 lambda: -4.65	 population of target: 4.00000000000102
1RDM: 
      1.9999746306355   0.00166138994247965 -9.40572902719238e-11 -6.69459527826221e-13 -3.53432857490895e-10  3.42261440528947e-24  1.54016569484168e-16  1.76491585085281e-21 -1.65566079762135e-22  3.01789537755841e-05
  0.00166138994247965      1.88572591789584  1.20849680508851e-08  8.92415046732023e-11  4.62513778471443e-08 -4.55775801514157e-22 -1.65305719383093e-13 -2.26132585347663e-19  1.77718674227552e-19   -0.0323912104222277
-9.40572902719238e-11  1.20849680508851e-08      1.99999999999993 -5.22190834053771e-16 -2.65670995008824e-13  2.70180223530816e-27  1.86014400078524e-18 -1.99809873825433e-18  1.52056368160435e-21  3.64490373799389e-07
-6.69459527826221e-13  8.92415046732023e-11 -5.22190834053771e-16                     2 -2.03896252084327e-15 -7.13385623417719e-27  1.42810745018344e-20 -1.54310621050635e-18 -2.89610745303602e-19  2.79834676271502e-09
-3.53432857490895e-10  4.62513778471443e-08 -2.65670995008824e-13 -2.03896252084327e-15      1.99999999999896  1.03078038518193e-26  7.01705325586473e-18 -1.00124300929906e-11  1.78316049459775e-23  1.42344849066781e-06
 3.42261440528947e-24 -4.55775801514157e-22  2.70180223530816e-27 -7.13385623417719e-27  1.03078038518193e-26                     2 -8.62075651256907e-25  -1.8713381044521e-17  -4.8465202155866e-08 -1.42771582897399e-20
 1.54016569484168e-16 -1.65305719383093e-13  1.86014400078524e-18  1.42810745018344e-20  7.01705325586473e-18 -8.62075651256907e-25                     2 -4.84752150604845e-08 -1.61802103011583e-17 -1.00122852040193e-11
 1.76491585085281e-21 -2.26132585347663e-19 -1.99809873825433e-18 -1.54310621050635e-18 -1.00124300929906e-11  -1.8713381044521e-17 -4.84752150604845e-08    0.0380903108105365   1.4423529895901e-17 -7.01741441330126e-18
-1.65566079762135e-22  1.77718674227552e-19  1.52056368160435e-21 -2.89610745303602e-19  1.78316049459775e-23  -4.8465202155866e-08 -1.61802103011583e-17   1.4423529895901e-17    0.0380903108105356 -1.56216076658301e-22
 3.01789537755841e-05   -0.0323912104222277  3.64490373799389e-07  2.79834676271502e-09  1.42344849066781e-06 -1.42771582897399e-20 -1.00122852040193e-11 -7.01741441330126e-18 -1.56216076658301e-22    0.0381188298486929
TOTAL ENERGY: -123.347938076025	 lambda: -4.6	 population of target: 4.00000000000108
1RDM: 
     1.99997463063551   0.00166138994248046  -9.5398502369329e-11 -6.74875218739236e-13 -3.59991055585362e-10  3.45072215302505e-24  1.54016660568455e-16  1.79816075016058e-21 -1.65566079869511e-22  3.01789537753999e-05
  0.00166138994248046      1.88572591789583  1.22702145936445e-08  9.00217702210747e-11  4.72119629541898e-08 -4.59795631993037e-22  -1.6530571802164e-13 -2.31005226773017e-19  1.77718674310871e-19   -0.0323912104222434
 -9.5398502369329e-11  1.22702145936445e-08      1.99999999999993 -5.35823887359965e-16 -2.76317451922556e-13  2.77235071477098e-27  1.89090212387422e-18 -2.18083179908535e-18  1.52168392348764e-21  3.70517368147254e-07
-6.74875218739236e-13  9.00217702210747e-11 -5.35823887359965e-16                     2 -2.10586860555232e-15 -7.45128653821772e-27  1.44157876102241e-20  -1.5542281629117e-18 -2.95600580672287e-19   2.8247438204273e-09
-3.59991055585362e-10  4.72119629541898e-08 -2.76317451922556e-13 -2.10586860555232e-15      1.99999999999892  1.06485836021096e-26  7.17975545199452e-18 -1.00124295193287e-11  1.81147101430864e-23  1.45645693499018e-06
 3.45072215302505e-24 -4.59795631993037e-22  2.77235071477098e-27 -7.45128653821772e-27  1.06485836021096e-26                     2 -8.91015625784705e-25 -1.88991740972556e-17 -4.95925029112768e-08 -1.44123063299469e-20
 1.54016660568455e-16  -1.6530571802164e-13  1.89090212387422e-18  1.44157876102241e-20  7.17975545199452e-18 -8.91015625784705e-25                     2 -4.96025158198287e-08 -1.63460753755261e-17 -1.00122846815108e-11
 1.79816075016058e-21 -2.31005226773017e-19 -2.18083179908535e-18  -1.5542281629117e-18 -1.00124295193287e-11 -1.88991740972556e-17 -4.96025158198287e-08    0.0380903108105377  1.40814452526367e-17 -7.18011713857142e-18
-1.65566079869511e-22  1.77718674310871e-19  1.52168392348764e-21 -2.95600580672287e-19  1.81147101430864e-23 -4.95925029112768e-08 -1.63460753755261e-17  1.40814452526367e-17    0.0380903108105398 -1.56216075071217e-22
 3.01789537753999e-05   -0.0323912104222434  3.70517368147254e-07   2.8247438204273e-09  1.45645693499018e-06 -1.44123063299469e-20 -1.00122846815108e-11 -7.18011713857142e-18 -1.56216075071217e-22    0.0381188298487484
TOTAL ENERGY: -123.347938076026	 lambda: -4.55	 population of target: 4.00000000000113
1RDM: 
     1.99997463063551   0.00166138994247945 -9.67788882020993e-11 -6.80426066720889e-13 -3.66799295875158e-10  3.47955675279063e-24  1.54016762299162e-16  1.83266616468872e-21 -1.65566079853466e-22  3.01789537751552e-05
  0.00166138994247945      1.88572591789585  1.24612525232405e-08  9.08239118174767e-11  4.82139524214919e-08 -4.63930915630797e-22 -1.65305716208239e-13 -2.36087589145556e-19  1.77718674360731e-19   -0.0323912104222591
-9.67788882020993e-11  1.24612525232405e-08      1.99999999999993 -5.50068942463225e-16 -2.87622099541584e-13  2.84608553766655e-27  1.92268426206772e-18 -2.38265210897484e-18  1.52282913371492e-21  3.76745019370226e-07
-6.80426066720889e-13  9.08239118174767e-11 -5.50068942463225e-16                     2 -2.17656997219585e-15 -7.79095240170842e-27  1.45546535817726e-20 -1.56563161845162e-18 -3.01865414974914e-19   2.8519546586273e-09
-3.66799295875158e-10  4.82139524214919e-08 -2.87622099541584e-13 -2.17656997219585e-15      1.99999999999886  1.10087679845707e-26  7.35018433370572e-18 -1.00124288607614e-11  1.84090754233741e-23  1.49103309286419e-06
 3.47955675279063e-24 -4.63930915630797e-22  2.84608553766655e-27 -7.79095240170842e-27  1.10087679845707e-26                     2 -9.21766838973111e-25 -1.90938101046277e-17 -5.07734784862989e-08 -1.45516957008688e-20
 1.54016762299162e-16 -1.65305716208239e-13  1.92268426206772e-18  1.45546535817726e-20  7.35018433370572e-18 -9.21766838973111e-25                     2 -5.07834913989148e-08 -1.65198349238712e-17 -1.00122840792525e-11
 1.83266616468872e-21 -2.36087589145556e-19 -2.38265210897484e-18 -1.56563161845162e-18 -1.00124288607614e-11 -1.90938101046277e-17 -5.07834913989148e-08    0.0380903108105357  1.37393606101069e-17 -7.35054670324451e-18
-1.65566079853466e-22  1.77718674360731e-19  1.52282913371492e-21 -3.01865414974914e-19  1.84090754233741e-23 -5.07734784862989e-08 -1.65198349238712e-17  1.37393606101069e-17     0.038090310810534  -1.5621607181556e-22
 3.01789537751552e-05   -0.0323912104222591  3.76745019370226e-07   2.8519546586273e-09  1.49103309286419e-06 -1.45516957008688e-20 -1.00122840792525e-11 -7.35054670324451e-18  -1.5621607181556e-22    0.0381188298487903
TOTAL ENERGY: -123.347938076026	 lambda: -4.5	 population of target: 4.00000000000119
1RDM: 
      1.9999746306355   0.00166138994247952 -9.82002138381656e-11 -6.86117690628081e-13 -3.73872291792467e-10  3.50915033248874e-24  1.54016876048948e-16  1.86850562400923e-21  -1.6556607959402e-22  3.01789537751334e-05
  0.00166138994247952      1.88572591789585   1.2658358184957e-08  9.16489726577487e-11  4.92601253744301e-08 -4.68187405792188e-22 -1.65305713863387e-13 -2.41393675343988e-19  1.77718674345843e-19   -0.0323912104222731
-9.82002138381656e-11   1.2658358184957e-08      1.99999999999992 -5.64965225271167e-16 -2.99640774507268e-13  2.92321372014589e-27  1.95554162197627e-18 -2.60579460244411e-18  1.52400165362359e-21  3.83183361922296e-07
-6.86117690628081e-13  9.16489726577487e-11 -5.64965225271167e-16                     2 -2.25137656781534e-15 -8.15501220592713e-27  1.46978890614506e-20 -1.57734024478701e-18 -3.08425289477876e-19  2.88002173349252e-09
-3.73872291792467e-10  4.92601253744301e-08 -2.99640774507268e-13 -2.25137656781534e-15      1.99999999999881  1.13899516803671e-26  7.52890383180365e-18 -1.00124281050201e-11  1.87153611348643e-23  1.52729139455084e-06
 3.50915033248874e-24 -4.68187405792188e-22  2.92321372014589e-27 -8.15501220592713e-27  1.13899516803671e-26                     2 -9.54494262584641e-25 -1.92979357823981e-17 -5.20120555846251e-08 -1.46955562591926e-20
 1.54016876048948e-16 -1.65305713863387e-13  1.95554162197627e-18  1.46978890614506e-20  7.52890383180365e-18 -9.54494262584641e-25                     2 -5.20220685014387e-08 -1.67020662968283e-17 -1.00122833856158e-11
 1.86850562400923e-21 -2.41393675343988e-19 -2.60579460244411e-18 -1.57734024478701e-18 -1.00124281050201e-11 -1.92979357823981e-17 -5.20220685014387e-08    0.0380903108105376  1.33972759687008e-17 -7.52926706228801e-18
 -1.6556607959402e-22  1.77718674345843e-19  1.52400165362359e-21 -3.08425289477876e-19  1.87153611348643e-23 -5.20120555846251e-08 -1.67020662968283e-17  1.33972759687008e-17     0.038090310810538 -1.56216065486312e-22
 3.01789537751334e-05   -0.0323912104222731  3.83183361922296e-07  2.88002173349252e-09  1.52729139455084e-06 -1.46955562591926e-20 -1.00122833856158e-11 -7.52926706228801e-18 -1.56216065486312e-22    0.0381188298488464
TOTAL ENERGY: -123.347938076026	 lambda: -4.45	 population of target: 4.00000000000125
1RDM: 
      1.9999746306355   0.00166138994247931 -9.96643555211665e-11  -6.9195602107292e-13 -3.81225947589199e-10  3.53953594184554e-24  1.54017003547479e-16   1.9057592276914e-21 -1.65566079441926e-22  3.01789537749353e-05
  0.00166138994247931      1.88572591789584  1.28618257449713e-08  9.24980647822496e-11   5.0353519155953e-08 -4.72571262428676e-22 -1.65305710857562e-13 -2.46939041618518e-19  1.77718674360172e-19   -0.0323912104222973
-9.96643555211665e-11  1.28618257449713e-08      1.99999999999992 -5.80555227520544e-16 -3.12435410878704e-13  3.00396085593888e-27  1.98952879636963e-18 -2.85309654838001e-18  1.52520456704044e-21  3.89843094006978e-07
 -6.9195602107292e-13  9.24980647822496e-11 -5.80555227520544e-16                     2 -2.33063168894491e-15 -8.54589454692223e-27  1.48457263125473e-20 -1.58938946992473e-18 -3.15302247109743e-19  2.90899056334919e-09
-3.81225947589199e-10   5.0353519155953e-08 -3.12435410878704e-13 -2.33063168894491e-15      1.99999999999874   1.1793906141078e-26  7.71653412852612e-18 -1.00124272348084e-11   1.9034270206594e-23  1.56535768621256e-06
 3.53953594184554e-24 -4.72571262428676e-22  3.00396085593888e-27 -8.54589454692223e-27   1.1793906141078e-26                     2 -9.89382687579314e-25  -1.9512262477694e-17   -5.331255347035e-08 -1.48441401390193e-20
 1.54017003547479e-16 -1.65305710857562e-13  1.98952879636963e-18  1.48457263125473e-20  7.71653412852612e-18 -9.89382687579314e-25                     2 -5.33225663914961e-08 -1.68934045444125e-17 -1.00122825840462e-11
  1.9057592276914e-21 -2.46939041618518e-19 -2.85309654838001e-18 -1.58938946992473e-18 -1.00124272348084e-11  -1.9512262477694e-17 -5.33225663914961e-08    0.0380903108105397  1.30551913298252e-17  -7.7168984302359e-18
-1.65566079441926e-22  1.77718674360172e-19  1.52520456704044e-21 -3.15302247109743e-19   1.9034270206594e-23   -5.331255347035e-08 -1.68934045444125e-17  1.30551913298252e-17    0.0380903108105383 -1.56216060211895e-22
 3.01789537749353e-05   -0.0323912104222973  3.89843094006978e-07  2.90899056334919e-09  1.56535768621256e-06 -1.48441401390193e-20 -1.00122825840462e-11  -7.7168984302359e-18 -1.56216060211895e-22    0.0381188298489073
TOTAL ENERGY: -123.347938076026	 lambda: -4.4	 population of target: 4.00000000000132
1RDM: 
     1.99997463063551   0.00166138994247969 -1.01173308708691e-10  -6.9794732144019e-13 -3.88877482959007e-10  3.57074997408784e-24  1.54017146750371e-16  1.94451279853601e-21 -1.65566079294756e-22  3.01789537749166e-05
  0.00166138994247969      1.88572591789586  1.30719686373072e-08  9.33723749198484e-11  5.14974604621555e-08 -4.77089148313066e-22 -1.65305707057128e-13 -2.52740469589359e-19  1.77718674374672e-19   -0.0323912104223058
-1.01173308708691e-10  1.30719686373072e-08      1.99999999999992 -5.96885040916832e-16 -3.26074863593043e-13  3.08857179400569e-27  2.02470403784552e-18 -3.12767895657272e-18  1.52644116546951e-21  3.96735631078493e-07
 -6.9794732144019e-13  9.33723749198484e-11 -5.96885040916832e-16                     2 -2.41471647867525e-15 -8.96634006562292e-27  1.49984146707444e-20 -1.60181274727316e-18 -3.22520589980835e-19  2.93891001256905e-09
-3.88877482959007e-10  5.14974604621555e-08 -3.26074863593043e-13 -2.41471647867525e-15      1.99999999999868  1.22225985419573e-26  7.91375885831744e-18 -1.00124262313951e-11   1.9366556342852e-23  1.60537069079194e-06
 3.57074997408784e-24 -4.77089148313066e-22  3.08857179400569e-27 -8.96634006562292e-27  1.22225985419573e-26                     2 -1.02663970231962e-24 -1.97375744585545e-17 -5.46797343032195e-08 -1.49977172444012e-20
 1.54017146750371e-16 -1.65305707057128e-13  2.02470403784552e-18  1.49984146707444e-20  7.91375885831744e-18 -1.02663970231962e-24                     2 -5.46897472288336e-08 -1.70945498162683e-17 -1.00122816566805e-11
 1.94451279853601e-21 -2.52740469589359e-19 -3.12767895657272e-18 -1.60181274727316e-18 -1.00124262313951e-11 -1.97375744585545e-17 -5.46897472288336e-08    0.0380903108105366  1.27131066931978e-17 -7.91412447870931e-18
-1.65566079294756e-22  1.77718674374672e-19  1.52644116546951e-21 -3.22520589980835e-19   1.9366556342852e-23 -5.46797343032195e-08 -1.70945498162683e-17  1.27131066931978e-17    0.0380903108105366 -1.56216054707815e-22
 3.01789537749166e-05   -0.0323912104223058  3.96735631078493e-07  2.93891001256905e-09  1.60537069079194e-06 -1.49977172444012e-20 -1.00122816566805e-11 -7.91412447870931e-18 -1.56216054707815e-22    0.0381188298489687
TOTAL ENERGY: -123.347938076027	 lambda: -4.35	 population of target: 4.00000000000139
1RDM: 
     1.99997463063551   0.00166138994247975 -1.02729198054689e-10 -7.04098208845828e-13 -3.96845573934707e-10   3.6028304266524e-24  1.54017307936737e-16  1.98485968853103e-21 -1.65566079218352e-22  3.01789537746731e-05
  0.00166138994247975      1.88572591789586  1.32891211501416e-08  9.42731708339437e-11  5.26956011376453e-08 -4.81748197103364e-22 -1.65305702292493e-13 -2.58816476760899e-19  1.77718674408269e-19   -0.0323912104223302
-1.02729198054689e-10  1.32891211501416e-08      1.99999999999992 -6.14004731649014e-16 -3.40635865459173e-13  3.17731347906574e-27  2.06112955589023e-18 -3.43316285978903e-18  1.52771535151571e-21  4.03873164165497e-07
-7.04098208845828e-13  9.42731708339437e-11 -6.14004731649014e-16                     2 -2.50405515774751e-15  -9.4194509816577e-27  1.51562221544148e-20 -1.61465014412614e-18 -3.30107176087593e-19  2.96983260797093e-09
-3.96845573934707e-10  5.26956011376453e-08 -3.40635865459173e-13 -2.50405515774751e-15      1.99999999999861  1.26782221753256e-26  8.12133343311421e-18 -1.00124250720405e-11  1.97130232310944e-23  1.64748369806231e-06
  3.6028304266524e-24 -4.81748197103364e-22  3.17731347906574e-27  -9.4194509816577e-27  1.26782221753256e-26                     2 -1.06649921046453e-24 -1.99747384989864e-17 -5.61188613851999e-08  -1.5156580901249e-20
 1.54017307936737e-16 -1.65305702292493e-13  2.06112955589023e-18  1.51562221544148e-20  8.12133343311421e-18 -1.06649921046453e-24                     2 -5.61288743154182e-08 -1.73062759187828e-17 -1.00122805817732e-11
 1.98485968853103e-21 -2.58816476760899e-19 -3.43316285978903e-18 -1.61465014412614e-18 -1.00124250720405e-11 -1.99747384989864e-17 -5.61288743154182e-08    0.0380903108105365   1.2371022059402e-17 -8.12170066376856e-18
-1.65566079218352e-22  1.77718674408269e-19  1.52771535151571e-21 -3.30107176087593e-19  1.97130232310944e-23 -5.61188613851999e-08 -1.73062759187828e-17   1.2371022059402e-17    0.0380903108105347 -1.56216049799706e-22
 3.01789537746731e-05   -0.0323912104223302  4.03873164165497e-07  2.96983260797093e-09  1.64748369806231e-06  -1.5156580901249e-20 -1.00122805817732e-11 -8.12170066376856e-18 -1.56216049799706e-22    0.0381188298490411
TOTAL ENERGY: -123.347938076027	 lambda: -4.3	 population of target: 4.00000000000147
1RDM: 
      1.9999746306355   0.00166138994247918  -1.0433428846731e-10 -7.10415678767434e-13 -4.05150512611369e-10  3.63581889319113e-24  1.54017489827426e-16  2.02690067301472e-21 -1.65566079043598e-22  3.01789537744322e-05
  0.00166138994247918      1.88572591789587  1.35136401676766e-08  9.52018084509926e-11  5.39519594951537e-08 -4.86556173900046e-22 -1.65305696359478e-13 -2.65187309638706e-19  1.77718674415917e-19   -0.0323912104223521
 -1.0433428846731e-10  1.35136401676766e-08      1.99999999999991 -6.31968760403328e-16 -3.56204143562296e-13  3.27047724470404e-27  2.09887184137978e-18  -3.7737974329604e-18  1.52903163231057e-21  4.11268723495038e-07
-7.10415678767434e-13  9.52018084509926e-11 -6.31968760403328e-16                     2 -2.59912113182841e-15 -9.90875008276783e-27    1.531943725332e-20 -1.62794567377554e-18 -3.38091764195014e-19  3.00181488952901e-09
-4.05150512611369e-10  5.39519594951537e-08 -3.56204143562296e-13 -2.59912113182841e-15      1.99999999999854  1.31632283196991e-26  8.34009471825439e-18 -1.00124237295274e-11  2.00745293780275e-23   1.6918665285089e-06
 3.63581889319113e-24 -4.86556173900046e-22  3.27047724470404e-27 -9.90875008276783e-27  1.31632283196991e-26                     2 -1.10922560608551e-24 -2.02247150221935e-17 -5.76357668619406e-08 -1.53210494480895e-20
 1.54017489827426e-16 -1.65305696359478e-13  2.09887184137978e-18    1.531943725332e-20  8.34009471825439e-18 -1.10922560608551e-24                     2 -5.76457797968931e-08 -1.75294402631461e-17 -1.00122793332892e-11
 2.02690067301472e-21 -2.65187309638706e-19  -3.7737974329604e-18 -1.62794567377554e-18 -1.00124237295274e-11 -2.02247150221935e-17 -5.76457797968931e-08    0.0380903108105359  1.20289374275913e-17 -8.34046390463319e-18
-1.65566079043598e-22  1.77718674415917e-19  1.52903163231057e-21 -3.38091764195014e-19  2.00745293780275e-23 -5.76357668619406e-08 -1.75294402631461e-17  1.20289374275913e-17    0.0380903108105359 -1.56216043468337e-22
 3.01789537744322e-05   -0.0323912104223521  4.11268723495038e-07  3.00181488952901e-09   1.6918665285089e-06 -1.53210494480895e-20 -1.00122793332892e-11 -8.34046390463319e-18 -1.56216043468337e-22    0.0381188298491088
TOTAL ENERGY: -123.347938076028	 lambda: -4.25	 population of target: 4.00000000000156
1RDM: 
     1.99997463063551   0.00166138994247886 -1.05990997404335e-10 -7.16907128187384e-13 -4.13814388726501e-10   3.6697592343465e-24  1.54017695454767e-16  2.07074552220727e-21  -1.6556607856667e-22  3.01789537743679e-05
  0.00166138994247886      1.88572591789586  1.37459070852581e-08  9.61597396163209e-11  5.52709681867291e-08 -4.91521394708861e-22 -1.65305689030151e-13 -2.71875284616755e-19  1.77718674342606e-19   -0.0323912104223703
-1.05990997404335e-10  1.37459070852581e-08      1.99999999999991 -6.50836455764452e-16 -3.72875726340006e-13  3.36838113428309e-27  2.13800202059568e-18 -4.15426664635173e-18  1.53039504621355e-21  4.18936247832115e-07
-7.16907128187384e-13  9.61597396163209e-11 -6.50836455764452e-16                     2 -2.70044415573981e-15  -1.0438251322876e-26  1.54883709589315e-20  -1.6417456917628e-18 -3.46507417505731e-19   3.0349178079438e-09
-4.13814388726501e-10  5.52709681867291e-08 -3.72875726340006e-13 -2.70044415573981e-15      1.99999999999846  1.36803625342127e-26  8.57097231983775e-18 -1.00124221734437e-11  2.04519901358403e-23  1.73870782401422e-06
  3.6697592343465e-24 -4.91521394708861e-22  3.36838113428309e-27  -1.0438251322876e-26  1.36803625342127e-26                     2  -1.1551187509742e-24 -2.04885711035489e-17 -5.92369307144305e-08  -1.5491466900582e-20
 1.54017695454767e-16 -1.65305689030151e-13  2.13800202059568e-18  1.54883709589315e-20  8.57097231983775e-18  -1.1551187509742e-24                     2 -5.92469436542403e-08 -1.77649954735828e-17 -1.00122778821789e-11
 2.07074552220727e-21 -2.71875284616755e-19 -4.15426664635173e-18  -1.6417456917628e-18 -1.00124221734437e-11 -2.04885711035489e-17 -5.92469436542403e-08    0.0380903108105412  1.16868527978195e-17 -8.57134386590585e-18
 -1.6556607856667e-22  1.77718674342606e-19  1.53039504621355e-21 -3.46507417505731e-19  2.04519901358403e-23 -5.92369307144305e-08 -1.77649954735828e-17  1.16868527978195e-17     0.038090310810538 -1.56216033268052e-22
 3.01789537743679e-05   -0.0323912104223703  4.18936247832115e-07   3.0349178079438e-09  1.73870782401422e-06  -1.5491466900582e-20 -1.00122778821789e-11 -8.57134386590585e-18 -1.56216033268052e-22     0.038118829849203
TOTAL ENERGY: -123.347938076028	 lambda: -4.2	 population of target: 4.00000000000165
1RDM: 
      1.9999746306355   0.00166138994247875 -1.07701908553356e-10 -7.23580381699979e-13 -4.22861296871157e-10  3.70469542437453e-24  1.54017928607775e-16  2.11651507954336e-21 -1.65566078363253e-22   3.0178953774037e-05
  0.00166138994247875      1.88572591789587  1.39863299149208e-08  9.71485207198519e-11  5.66575298653883e-08 -4.96652793361713e-22 -1.65305679959584e-13 -2.78905515531969e-19  1.77718674342276e-19   -0.0323912104223956
-1.07701908553356e-10  1.39863299149208e-08      1.99999999999991 -6.70672546436136e-16 -3.90758479399415e-13  3.47137538690487e-27  2.17859623873517e-18 -4.58047357479263e-18  1.53181227092354e-21  4.26890660000405e-07
-7.23580381699979e-13  9.71485207198519e-11 -6.70672546436136e-16                     2 -2.80861875914436e-15 -1.10125445393099e-26  1.56633589984752e-20 -1.65611872685631e-18 -3.55390973303295e-19  3.06920716512086e-09
-4.22861296871157e-10  5.66575298653883e-08 -3.90758479399415e-13 -2.80861875914436e-15      1.99999999999836  1.42327192237332e-26  8.81500178643667e-18  -1.0012420362046e-11  2.08463706498344e-23  1.78821772874541e-06
 3.70469542437453e-24 -4.96652793361713e-22  3.47137538690487e-27 -1.10125445393099e-26  1.42327192237332e-26                     2 -1.20451993376852e-24 -2.07674956820216e-17 -6.09295732317309e-08 -1.56682168891627e-20
 1.54017928607775e-16 -1.65305679959584e-13  2.17859623873517e-18  1.56633589984752e-20  8.81500178643667e-18 -1.20451993376852e-24                     2 -6.09395861765111e-08 -1.80140029676695e-17 -1.00122761882745e-11
 2.11651507954336e-21 -2.78905515531969e-19 -4.58047357479263e-18 -1.65611872685631e-18  -1.0012420362046e-11 -2.07674956820216e-17 -6.09395861765111e-08    0.0380903108105337  1.13447681724816e-17 -8.81537617461086e-18
-1.65566078363253e-22  1.77718674342276e-19  1.53181227092354e-21 -3.55390973303295e-19  2.08463706498344e-23 -6.09295732317309e-08 -1.80140029676695e-17  1.13447681724816e-17    0.0380903108105374  -1.5621602598214e-22
  3.0178953774037e-05   -0.0323912104223956  4.26890660000405e-07  3.06920716512086e-09  1.78821772874541e-06 -1.56682168891627e-20 -1.00122761882745e-11 -8.81537617461086e-18  -1.5621602598214e-22    0.0381188298492858
TOTAL ENERGY: -123.347938076028	 lambda: -4.15	 population of target: 4.00000000000175
1RDM: 
      1.9999746306355   0.00166138994247836 -1.09469787126908e-10 -7.30443721588944e-13 -4.32317573490444e-10  3.74067846912908e-24  1.54018193630062e-16  2.16433937169064e-21 -1.65566077995122e-22  3.01789537740469e-05
  0.00166138994247836      1.88572591789588  1.42353456049856e-08  9.81698224472777e-11  5.81170822292065e-08 -5.01960227532015e-22  -1.6530566878884e-13 -2.86305277238304e-19  1.77718674297137e-19    -0.032391210422417
-1.09469787126908e-10  1.42353456049856e-08       1.9999999999999 -6.91547761967468e-16  -4.0997391844513e-13  3.57984300645074e-27  2.22073608083458e-18 -5.05897368437787e-18  1.53329040799389e-21  4.35147949087205e-07
-7.30443721588944e-13  9.81698224472777e-11 -6.91547761967468e-16                     2 -2.92431421093079e-15 -1.16368979529826e-26  1.58447643755513e-20 -1.67112659617935e-18 -3.64783599472642e-19  3.10475410976126e-09
