TOTAL ENERGY: -124.511157967731	 lambda: -5	 population of target: 3.92867255132903
1RDM: 
       1.999984444403  1.08353533346977e-05   -0.0018506865141971  0.000862471452620459   -0.0037613605240881  8.34907122287763e-18 -2.33419056849804e-18  2.66844751518962e-18 -9.59132785049967e-18   0.00354867033169664
 1.08353533346977e-05      1.99997038454618   0.00170193576917086  -0.00167767854762594   0.00188708787252172 -6.61348264196826e-18  1.84896356468312e-18 -7.09223181819863e-19  2.54919442939923e-18  -0.00233389225669625
  -0.0018506865141971   0.00170193576917086      1.77107338348918     0.125496267957621    -0.431890847286326  1.09526137853829e-15 -3.06207568755413e-16  2.49798931801925e-16 -8.97864203782108e-16     0.419294662617407
 0.000862471452620459  -0.00167767854762594     0.125496267957621      1.89191660380951     0.167049609531698 -2.78731517614204e-16  7.79263361722461e-17 -1.99311520772665e-16   7.1639491925286e-16    -0.188839770006467
  -0.0037613605240881   0.00188708787252172    -0.431890847286326     0.167049609531698      1.06149604190302  3.92142188118267e-15 -1.09633103587019e-15 -2.92561330574373e-16  1.05156711959363e-15     0.863831625663651
 8.34907122287763e-18 -6.61348264196826e-18  1.09526137853829e-15 -2.78731517614204e-16  3.92142188118267e-15      1.54904254084857  8.20973283009897e-16  -0.00104003956567656     -0.82405580043675 -1.05406721644554e-15
-2.33419056849804e-18  1.84896356468312e-18 -3.06207568755413e-16  7.79263361722461e-17 -1.09633103587019e-15  8.20973283009897e-16      1.54904254084732    -0.824055800437543   0.00104003956567859  2.94690712171541e-16
 2.66844751518962e-18 -7.09223181819863e-19  2.49798931801925e-16 -1.99311520772665e-16 -2.92561330574373e-16  -0.00104003956567656    -0.824055800437543     0.494150333659905 -2.42984785879839e-15 -1.04740591647343e-15
-9.59132785049967e-18  2.54919442939923e-18 -8.97864203782108e-16   7.1639491925286e-16  1.05156711959363e-15     -0.82405580043675   0.00104003956567859 -2.42984785879839e-15     0.494150333658661  3.76474088573273e-15
  0.00354867033169664  -0.00233389225669625     0.419294662617407    -0.188839770006467     0.863831625663651 -1.05406721644554e-15  2.94690712171541e-16 -1.04740591647343e-15  3.76474088573273e-15      1.18917339283466
TOTAL ENERGY: -124.513080030269	 lambda: -4.95	 population of target: 3.92905890672498
1RDM: 
     1.99998462809962  1.07499356591711e-05  -0.00183582652105978  0.000854019185678686  -0.00373794856459052  8.30692168859557e-18 -2.32240661566813e-18  2.65034981468364e-18 -9.52627841224528e-18   0.00353144847303896
 1.07499356591711e-05      1.99997039902385   0.00169691596753386  -0.00167505811132363   0.00188051188382976 -6.59563802212636e-18  1.84397465979431e-18 -7.08738612186343e-19  2.54745270338337e-18   -0.0023316029496062
 -0.00183582652105978   0.00169691596753386      1.77200485394552     0.124885101002514    -0.430805313790477   1.0947513019454e-15 -3.06064963866054e-16  2.48446587112784e-16 -8.93003404407067e-16     0.418855470016869
 0.000854019185678686  -0.00167505811132363     0.124885101002514      1.89225548424821     0.166145860383323  -2.7948201213579e-16  7.81361559527415e-17 -1.97534624045091e-16  7.10008135481351e-16    -0.188279249009611
 -0.00373794856459052   0.00188051188382976    -0.430805313790477     0.166145860383323      1.06201454201072  3.92055919240868e-15 -1.09608984925445e-15  -2.9286888276104e-16  1.05267257100548e-15     0.864506235959601
 8.30692168859557e-18 -6.59563802212636e-18   1.0947513019454e-15  -2.7948201213579e-16  3.92055919240868e-15      1.54949253619949  8.26122240773376e-16  -0.00103968239528594    -0.823772803640432 -1.05811349137029e-15
-2.32240661566813e-18  1.84397465979431e-18 -3.06064963866054e-16  7.81361559527415e-17 -1.09608984925445e-15  8.26122240773376e-16      1.54949253619825    -0.823772803641221   0.00103968239528798  2.95821949514908e-16
 2.65034981468364e-18 -7.08738612186343e-19  2.48446587112784e-16 -1.97534624045091e-16  -2.9286888276104e-16  -0.00103968239528594    -0.823772803641221     0.493680998215802 -2.42833636526348e-15 -1.04767425350678e-15
-9.52627841224528e-18  2.54745270338337e-18 -8.93003404407067e-16  7.10008135481351e-16  1.05267257100548e-15    -0.823772803640432   0.00103968239528798 -2.42833636526348e-15     0.493680998214559  3.76570538608024e-15
  0.00353144847303896   -0.0023316029496062     0.418855470016869    -0.188279249009611     0.864506235959601 -1.05811349137029e-15  2.95821949514908e-16 -1.04767425350678e-15  3.76570538608024e-15      1.18742302384397
TOTAL ENERGY: -124.515050202941	 lambda: -4.9	 population of target: 3.92945895367871
1RDM: 
     1.99998481121561  1.06646376305094e-05  -0.00182093085503789  0.000845594753306544  -0.00371440247806013  8.26470186537568e-18 -2.31060301364996e-18  2.63214877121015e-18 -9.46085753542236e-18   0.00351422463647487
 1.06646376305094e-05      1.99997041350763   0.00169187287511411  -0.00167244519193894   0.00187389857253622 -6.57791810701843e-18  1.83902061711827e-18 -7.08190448310506e-19  2.54548241280044e-18  -0.00232938885181247
 -0.00182093085503789   0.00169187287511411      1.77294672846554      0.12427287155805    -0.429697893504362  1.09422250180745e-15 -3.05917124594353e-16  2.47077472591605e-16 -8.88082330721692e-16     0.418414893031861
 0.000845594753306544  -0.00167244519193894      0.12427287155805      1.89259284209835     0.165238660906412 -2.80221783664805e-16  7.83429774402533e-17 -1.95762609699113e-16  7.03638899694902e-16    -0.187723373572855
 -0.00371440247806013   0.00187389857253622    -0.429697893504362     0.165238660906412      1.06257422405454  3.91968128111466e-15 -1.09584440732745e-15 -2.93225372785136e-16  1.05395391988221e-15     0.865185980171732
 8.26470186537568e-18 -6.57791810701843e-18  1.09422250180745e-15 -2.80221783664805e-16  3.91968128111466e-15      1.54995574020714   8.2833337057031e-16  -0.00103931416105073     -0.82348104020299 -1.06226290573643e-15
-2.31060301364996e-18  1.83902061711827e-18 -3.05917124594353e-16  7.83429774402533e-17 -1.09584440732745e-15   8.2833337057031e-16      1.54995574020591    -0.823481040203784   0.00103931416105277  2.96982021537449e-16
 2.63214877121015e-18 -7.08190448310506e-19  2.47077472591605e-16 -1.95762609699113e-16 -2.93225372785136e-16  -0.00103931416105073    -0.823481040203784     0.493198212261339 -2.43377445103182e-15 -1.04794456861813e-15
-9.46085753542236e-18  2.54548241280044e-18 -8.88082330721692e-16  7.03638899694902e-16  1.05395391988221e-15     -0.82348104020299   0.00103931416105277 -2.43377445103182e-15     0.493198212260099  3.76667699265132e-15
  0.00351422463647487  -0.00232938885181247     0.418414893031861    -0.187723373572855     0.865185980171732 -1.06226290573643e-15  2.96982021537449e-16 -1.04794456861813e-15  3.76667699265132e-15      1.18562307572388
TOTAL ENERGY: -124.51707077311	 lambda: -4.85	 population of target: 3.9298734422891
1RDM: 
     1.99998499373748  1.05794585415532e-05  -0.00180599927013097  0.000837198646705779  -0.00369072052593858  8.22238833561893e-18 -2.29877321362349e-18  2.61385661280192e-18 -9.39510915976118e-18   0.00349700149821345
 1.05794585415532e-05      1.99997042800894   0.00168680505318683  -0.00166983931579451   0.00186724563254067  -6.5603145929148e-18  1.83409911722577e-18 -7.07597175668067e-19  2.54334998574345e-18  -0.00232725219885223
 -0.00180599927013097   0.00168680505318683      1.77389931810586     0.123659543003416    -0.428567823636898  1.09367146554865e-15  -3.0576306865794e-16  2.45692862768064e-16 -8.83105561512808e-16     0.417972954536021
 0.000837198646705779  -0.00166983931579451     0.123659543003416      1.89292867194873     0.164327941290922 -2.80958525970663e-16  7.85489520277045e-17 -1.93992589870711e-16  6.97276832875393e-16    -0.187172379402387
 -0.00369072052593858   0.00186724563254067    -0.428567823636898     0.164327941290922      1.06317693739893  3.91877859162921e-15 -1.09559203804205e-15 -2.93629361476584e-16  1.05540599547995e-15     0.865870931612585
 8.22238833561893e-18  -6.5603145929148e-18  1.09367146554865e-15 -2.80958525970663e-16  3.91877859162921e-15       1.5504327375185   8.2972908617974e-16  -0.00103893434854178    -0.823180102742948 -1.06652832692764e-15
-2.29877321362349e-18  1.83409911722577e-18  -3.0576306865794e-16  7.85489520277045e-17 -1.09559203804205e-15   8.2972908617974e-16      1.55043273751727    -0.823180102743738   0.00103893434854382  2.98174526155392e-16
 2.61385661280192e-18 -7.07597175668067e-19  2.45692862768064e-16 -1.93992589870711e-16 -2.93629361476584e-16  -0.00103893434854178    -0.823180102743738     0.492701388231103 -2.42827092508737e-15 -1.04821235043706e-15
-9.39510915976118e-18  2.54334998574345e-18 -8.83105561512808e-16  6.97276832875393e-16  1.05540599547995e-15    -0.823180102742948   0.00103893434854382 -2.42827092508737e-15     0.492701388229863  3.76763949370055e-15
  0.00349700149821345  -0.00232725219885223     0.417972954536021    -0.187172379402387     0.865870931612585 -1.06652832692764e-15  2.98174526155392e-16 -1.04821235043706e-15  3.76763949370055e-15      1.18377139930332
TOTAL ENERGY: -124.519144171061	 lambda: -4.8	 population of target: 3.93030317559852
1RDM: 
     1.99998517565166  1.04943976137194e-05  -0.00179103149724253  0.000828831352797158  -0.00366690087296866   8.1799781159479e-18 -2.28691638152509e-18   2.5954753639174e-18 -9.32904056193955e-18   0.00347978187769433
 1.04943976137194e-05      1.99997044253998   0.00168171098486415  -0.00166723996859932   0.00186055061662385 -6.54285772592452e-18  1.82921861631177e-18 -7.06942307537357e-19  2.54099616537411e-18  -0.00232519533168202
 -0.00179103149724253   0.00168171098486415      1.77486294842223     0.123045074730271    -0.427414302488018  1.09309457964558e-15  -3.0560178578879e-16  2.44293707334871e-16 -8.78076510215796e-16     0.417529678793153
 0.000828831352797158  -0.00166723996859932     0.123045074730271      1.89326297034798        0.163413623935 -2.81686035160734e-16  7.87523451912264e-17  -1.9222786169642e-16  6.90933785680237e-16    -0.186626511579986
 -0.00366690087296866   0.00186055061662385    -0.427414302488018        0.163413623935      1.06382463741843  3.91785244866735e-15 -1.09533311180162e-15  -2.9408437270458e-16  1.05704146355897e-15     0.866561159215441
  8.1799781159479e-18 -6.54285772592452e-18  1.09309457964558e-15 -2.81686035160734e-16  3.91785244866735e-15      1.55092414646339  8.24486493386662e-16  -0.00103854241226653    -0.822869559297275 -1.07091377858422e-15
-2.28691638152509e-18  1.82921861631177e-18  -3.0560178578879e-16  7.87523451912264e-17 -1.09533311180162e-15  8.24486493386662e-16      1.55092414646215     -0.82286955929807   0.00103854241226858  2.99400588251378e-16
  2.5954753639174e-18 -7.06942307537357e-19  2.44293707334871e-16  -1.9222786169642e-16  -2.9408437270458e-16  -0.00103854241226653     -0.82286955929807     0.492189904584663  -2.4298171179216e-15  -1.0484778972988e-15
-9.32904056193955e-18  2.54099616537411e-18 -8.78076510215796e-16  6.90933785680237e-16  1.05704146355897e-15    -0.822869559297275   0.00103854241226858  -2.4298171179216e-15      0.49218990458342  3.76859396135811e-15
  0.00347978187769433  -0.00232519533168202     0.417529678793153    -0.186626511579986     0.866561159215441 -1.07091377858422e-15  2.99400588251378e-16  -1.0484778972988e-15  3.76859396135811e-15      1.18186572352613
TOTAL ENERGY: -124.521272981432	 lambda: -4.75	 population of target: 3.93074901420567
1RDM: 
     1.99998535694438  1.04094539869263e-05  -0.00177602724169748  0.000820493353060396  -0.00364294157787663  8.13747889463425e-18 -2.27503466681726e-18  2.57700149498045e-18 -9.26263905554254e-18   0.00346256874504527
 1.04094539869263e-05      1.99997045711365   0.00167658906980306  -0.00166464659179748   0.00185381092589941 -6.52553373374453e-18  1.82437526394406e-18 -7.06231495620268e-19  2.53844126542621e-18  -0.00232322070286317
 -0.00177602724169748   0.00167658906980306      1.77583796031242     0.122429421789839    -0.426236486937365  1.09249301290039e-15 -3.05433602761589e-16  2.42878454227479e-16  -8.7298959821413e-16     0.417085091505332
 0.000820493353060396  -0.00166464659179748     0.122429421789839      1.89359573601246     0.162495622651159 -2.82408414705964e-16  7.89543041752024e-17 -1.90466454630458e-16  6.84602675383981e-16    -0.186086024976701
 -0.00364294157787663   0.00185381092589941    -0.426236486937365     0.162495622651159      1.06451939297718  3.91689926288437e-15 -1.09506662510808e-15 -2.94591631371835e-16   1.0588647268846e-15     0.867256726537335
 8.13747889463425e-18 -6.52553373374453e-18  1.09249301290039e-15 -2.82408414705964e-16  3.91689926288437e-15      1.55143062243782  8.18021724217792e-16  -0.00103813777290975    -0.822548950840973 -1.07542484452111e-15
-2.27503466681726e-18  1.82437526394406e-18 -3.05433602761589e-16  7.89543041752024e-17 -1.09506662510808e-15  8.18021724217792e-16      1.55143062243658    -0.822548950841769   0.00103813777291179  3.00661768920895e-16
 2.57700149498045e-18 -7.06231495620268e-19  2.42878454227479e-16 -1.90466454630458e-16 -2.94591631371835e-16  -0.00103813777290975    -0.822548950841769     0.491663102407394 -2.42208581702692e-15 -1.04874080804206e-15
-9.26263905554254e-18  2.53844126542621e-18  -8.7298959821413e-16  6.84602675383981e-16   1.0588647268846e-15    -0.822548950840973   0.00103813777291179 -2.42208581702692e-15     0.491663102406152  3.76953895372161e-15
  0.00346256874504527  -0.00232322070286317     0.417085091505332    -0.186086024976701     0.867256726537335 -1.07542484452111e-15  3.00661768920895e-16 -1.04874080804206e-15  3.76953895372161e-15      1.17990364695206
TOTAL ENERGY: -124.523459955466	 lambda: -4.7	 population of target: 3.93121188129502
1RDM: 
     1.99998553760173  1.03246267105297e-05  -0.00176098618061558  0.000812185122036423  -0.00361884058304496  8.09489850115353e-18 -2.26313025843246e-18  2.55843140306065e-18 -9.19589169044358e-18   0.00344536522981245
 1.03246267105297e-05      1.99997047174368     0.001671437618643  -0.00166205857852788   0.00184702379901674 -6.50832845396698e-18  1.81956510061948e-18 -7.05470542791229e-19  2.53570614279348e-18   -0.0023213308834677
 -0.00176098618061558     0.001671437618643       1.7768247109326     0.121812534474963    -0.425033489680164  1.09186792864073e-15 -3.05258844821061e-16  2.41445501432425e-16 -8.67839067357332e-16     0.416639219891725
 0.000812185122036423  -0.00166205857852788     0.121812534474963      1.89392697007763     0.161573841736488 -2.83129873279061e-16  7.91560056419334e-17 -1.88706339544066e-16  6.78276208725008e-16     -0.18555118462172
 -0.00361884058304496   0.00184702379901674    -0.425033489680164     0.161573841736488      1.06526339481207  3.91591524851752e-15 -1.09479151954488e-15 -2.95152453996355e-16  1.06088051754599e-15     0.867957690644335
 8.09489850115353e-18 -6.50832845396698e-18  1.09186792864073e-15 -2.83129873279061e-16  3.91591524851752e-15      1.55195286066183    8.245404451246e-16  -0.00103771981434441      -0.8222177891807 -1.08006746903895e-15
-2.26313025843246e-18  1.81956510061948e-18 -3.05258844821061e-16  7.91560056419334e-17 -1.09479151954488e-15    8.245404451246e-16       1.5519528606606    -0.822217789181491   0.00103771981434646  3.01959730046049e-16
 2.55843140306065e-18 -7.05470542791229e-19  2.41445501432425e-16 -1.88706339544066e-16 -2.95152453996355e-16  -0.00103771981434441    -0.822217789181491     0.491120282598397 -2.41765513296738e-15  -1.0490006285255e-15
-9.19589169044358e-18  2.53570614279348e-18 -8.67839067357332e-16  6.78276208725008e-16  1.06088051754599e-15      -0.8222177891807   0.00103771981434646 -2.41765513296738e-15     0.491120282597164  3.77047283848607e-15
  0.00344536522981245   -0.0023213308834677     0.416639219891725     -0.18555118462172     0.867957690644335 -1.08006746903895e-15  3.01959730046049e-16  -1.0490006285255e-15  3.77047283848607e-15       1.1778826283143
TOTAL ENERGY: -124.525708024079	 lambda: -4.65	 population of target: 3.93169276810835
1RDM: 
     1.99998571760975  1.02399147305872e-05  -0.00174590795973819  0.000803907125664877  -0.00359459570327265  8.05231013185136e-18 -2.25122361812355e-18  2.53972698760766e-18  -9.1286615059937e-18   0.00342817462973322
 1.02399147305872e-05      1.99997048644478   0.00166625484612991   -0.0016594752683445   0.00184018630043088 -6.49083043614734e-18    1.814673095549e-18 -7.04879809227971e-19  2.53358280738775e-18  -0.00231952856966868
 -0.00174590795973819   0.00166625484612991      1.77782357471816     0.121194357855965     -0.42380437626423  1.09125992861667e-15  -3.0508886315737e-16  2.39973186331641e-16  -8.6254705339603e-16     0.416192092704157
 0.000803907125664877   -0.0016594752683445     0.121194357855965      1.89425667634652     0.160648174931674 -2.83950286500541e-16  7.93853735127997e-17 -1.86897218167358e-16  6.71773601574991e-16    -0.185022266051956
 -0.00359459570327265   0.00184018630043088     -0.42380437626423     0.160648174931674      1.06605896430182    3.914846600164e-15 -1.09449275132804e-15 -2.95743651027146e-16   1.0630054898483e-15     0.868664100936869
 8.05231013185136e-18 -6.49083043614734e-18  1.09125992861667e-15 -2.83950286500541e-16    3.914846600164e-15      1.55249159866777  8.23423455662755e-16  -0.00103728788078451    -0.821875554949735 -1.08486817796008e-15
-2.25122361812355e-18    1.814673095549e-18  -3.0508886315737e-16  7.93853735127997e-17 -1.09449275132804e-15  8.23423455662755e-16      1.55249159866655    -0.821875554950525   0.00103728788078656  3.03301888498327e-16
 2.53972698760766e-18 -7.04879809227971e-19  2.39973186331641e-16 -1.86897218167358e-16 -2.95743651027146e-16  -0.00103728788078451    -0.821875554950525      0.49056070344578 -2.41195744023869e-15 -1.04924611815103e-15
 -9.1286615059937e-18  2.53358280738775e-18  -8.6254705339603e-16  6.71773601574991e-16   1.0630054898483e-15    -0.821875554949735   0.00103728788078656 -2.41195744023869e-15     0.490560703444547  3.77135521948859e-15
  0.00342817462973322  -0.00231952856966868     0.416192092704157    -0.185022266051956     0.868664100936869 -1.08486817796008e-15  3.03301888498327e-16 -1.04924611815103e-15  3.77135521948859e-15      1.17579997635438
TOTAL ENERGY: -124.528020313369	 lambda: -4.6	 population of target: 3.93219274024517
1RDM: 
     1.99998589695423   1.0155316882924e-05   -0.0017307921918105  0.000795659819812714  -0.00357020461471575  8.00957843679522e-18 -2.23927690931752e-18  2.52096012073681e-18 -9.06120686123023e-18   0.00341100042176572
  1.0155316882924e-05      1.99997050123254   0.00166103886778253  -0.00165689594551089   0.00183329530568652 -6.47385512265455e-18  1.80992722537404e-18 -7.04020071731772e-19   2.5304926171423e-18  -0.00231781659317163
  -0.0017307921918105   0.00166103886778253      1.77883494423266     0.120574831360826     -0.42254816195102  1.09058672121321e-15 -3.04900651148276e-16  2.38502191522875e-16  -8.5725978592053e-16     0.415743740451283
 0.000795659819812714  -0.00165689594551089     0.120574831360826      1.89458486170064     0.159718504428478 -2.84674704306744e-16  7.95879023148126e-17 -1.85137665945953e-16  6.65449157890582e-16    -0.184499555911177
 -0.00357020461471575   0.00183329530568652     -0.42254816195102     0.159718504428478      1.06690856389069  3.91379158756647e-15 -1.09419779636986e-15 -2.96417462665915e-16  1.06542740264461e-15     0.869375997163406
 8.00957843679522e-18 -6.47385512265455e-18  1.09058672121321e-15 -2.84674704306744e-16  3.91379158756647e-15       1.5530476215908  8.22219895972466e-16  -0.00103684127336447     -0.82152169389645 -1.08979365247922e-15
-2.23927690931752e-18  1.80992722537404e-18 -3.04900651148276e-16  7.95879023148126e-17 -1.09419779636986e-15  8.22219895972466e-16      1.55304762158957    -0.821521693897242   0.00103684127336651  3.04678927466837e-16
 2.52096012073681e-18 -7.04020071731772e-19  2.38502191522875e-16 -1.85137665945953e-16 -2.96417462665915e-16  -0.00103684127336447    -0.821521693897242      0.48998357485778 -2.41215747770259e-15 -1.04949799818756e-15
-9.06120686123023e-18   2.5304926171423e-18  -8.5725978592053e-16  6.65449157890582e-16  1.06542740264461e-15     -0.82152169389645   0.00103684127336651 -2.41215747770259e-15     0.489983574856548  3.77226056413547e-15
  0.00341100042176572  -0.00231781659317163     0.415743740451283    -0.184499555911177     0.869375997163406 -1.08979365247922e-15  3.04678927466837e-16 -1.04949799818756e-15  3.77226056413547e-15      1.17365283909456
TOTAL ENERGY: -124.530400159295	 lambda: -4.55	 population of target: 3.9327129441187
1RDM: 
     1.99998607562096  1.00708318695625e-05  -0.00171563845073483  0.000787443647597831  -0.00354566483882403  7.96678038454208e-18 -2.22731164856755e-18  2.50209074837499e-18 -8.99338377515295e-18   0.00339384626990603
 1.00708318695625e-05      1.99997051612366   0.00165578768802335  -0.00165431982886755   0.00182634748938536  -6.4569877268913e-18   1.8052115264314e-18 -7.03112063397798e-19  2.52722892387906e-18  -0.00231619792545852
 -0.00171563845073483   0.00165578768802335      1.77985923154807     0.119953888128622    -0.421263808188968  1.08988952867616e-15  -3.0470573347901e-16  2.37010405374118e-16 -8.51897786968567e-16     0.415294195245574
 0.000787443647597831  -0.00165431982886755     0.119953888128622      1.89491153626149     0.158784699395966 -2.85403811009323e-16  7.97917420305812e-17 -1.83376942372252e-16  6.59120503954214e-16    -0.183983352036404
 -0.00354566483882403   0.00182634748938536    -0.421263808188968     0.158784699395966      1.06781480678432  3.91269624693696e-15 -1.09389156666808e-15 -2.97151062746463e-16  1.06806421606264e-15     0.870093408457847
 7.96678038454208e-18  -6.4569877268913e-18  1.08988952867616e-15 -2.85403811009323e-16  3.91269624693696e-15      1.55362176276504  8.26791269381058e-16  -0.00103637924689735    -0.821155615856226 -1.09487041162159e-15
-2.22731164856755e-18   1.8052115264314e-18  -3.0470573347901e-16  7.97917420305812e-17 -1.09389156666808e-15  8.26791269381058e-16      1.55362176276381    -0.821155615857021    0.0010363792468994  3.06098261857567e-16
 2.50209074837499e-18 -7.03112063397798e-19  2.37010405374118e-16 -1.83376942372252e-16 -2.97151062746463e-16  -0.00103637924689735    -0.821155615857021     0.489388058358225 -2.41821983674607e-15 -1.04974535583663e-15
-8.99338377515295e-18  2.52722892387906e-18 -8.51897786968567e-16  6.59120503954214e-16  1.06806421606264e-15    -0.821155615856226    0.0010363792468994 -2.41821983674607e-15     0.489388058356994  3.77314965404158e-15
  0.00339384626990603  -0.00231619792545852     0.415294195245574    -0.183983352036404     0.870093408457847 -1.09487041162159e-15  3.06098261857567e-16 -1.04974535583663e-15  3.77314965404158e-15      1.17143819141747
TOTAL ENERGY: -124.532851126115	 lambda: -4.5	 population of target: 3.93325461460633
1RDM: 
     1.99998625359556  9.98645824792226e-06   -0.0017004462693623  0.000779259037566429  -0.00352097372926275  7.92392009044112e-18 -2.21532898621654e-18  2.48311718489645e-18 -8.92518618762901e-18   0.00337671603763503
 9.98645824792226e-06      1.99997053113599   0.00165049919549916  -0.00165174606877515   0.00181933930786779 -6.44022188903729e-18  1.80052422083743e-18  -7.0215846483795e-19  2.52380136051291e-18  -0.00231467568929951
  -0.0017004462693623   0.00165049919549916      1.78089686927721     0.119331454478786    -0.419950218939932  1.08916817814923e-15 -3.04504061803544e-16  2.35496699459217e-16 -8.46457000374624e-16     0.414843490974513
 0.000779259037566429  -0.00165174606877515     0.119331454478786      1.89523671390041     0.157846614767905 -2.86140359500787e-16  7.99976623508127e-17  -1.8161381352175e-16  6.52783204756796e-16    -0.183473964087117
 -0.00352097372926275   0.00181933930786779    -0.419950218939932     0.157846614767905      1.06878046903121  3.91155624211137e-15 -1.09357284986407e-15 -2.97946461939802e-16  1.07092315752166e-15     0.870816350881849
 7.92392009044112e-18 -6.44022188903729e-18  1.08916817814923e-15 -2.86140359500787e-16  3.91155624211137e-15       1.5542149096636  8.30936909994253e-16  -0.00103590100586494    -0.820776690515133 -1.10010649213235e-15
-2.21532898621654e-18  1.80052422083743e-18 -3.04504061803544e-16  7.99976623508127e-17 -1.09357284986407e-15  8.30936909994253e-16      1.55421490966238    -0.820776690515925     0.001035901005867  3.07562138615971e-16
 2.48311718489645e-18  -7.0215846483795e-19  2.35496699459217e-16  -1.8161381352175e-16 -2.97946461939802e-16  -0.00103590100586494    -0.820776690515925     0.488773260647565 -2.41362109342721e-15 -1.04998728697731e-15
-8.92518618762901e-18  2.52380136051291e-18 -8.46457000374624e-16  6.52783204756796e-16  1.07092315752166e-15    -0.820776690515133     0.001035901005867 -2.41362109342721e-15     0.488773260646337  3.77401923999027e-15
  0.00337671603763503  -0.00231467568929951     0.414843490974513    -0.183473964087117     0.870816350881849 -1.10010649213235e-15  3.07562138615971e-16 -1.04998728697731e-15  3.77401923999027e-15      1.16915282243977
TOTAL ENERGY: -124.535377025559	 lambda: -4.45	 population of target: 3.93381908328601
1RDM: 
     1.99998643086361  9.90219441033461e-06  -0.00168521513476497  0.000771106400897949  -0.00349612845440914  7.88098583299967e-18 -2.20332564420375e-18  2.46404603652598e-18 -8.85663783667765e-18   0.00335961379878718
 9.90219441033461e-06      1.99997054628863   0.00164517115395673  -0.00164917373970924   0.00181226698243935 -6.42357648569041e-18  1.79587058705096e-18  -7.0115411709048e-19  2.52019137665983e-18  -0.00231325316758759
 -0.00168521513476497   0.00164517115395673       1.7819483118917      0.11870744923438    -0.418606236622068  1.08841840850881e-15 -3.04294444687113e-16  2.33962115861361e-16  -8.4094117052396e-16     0.414391663329698
 0.000771106400897949  -0.00164917373970924      0.11870744923438      1.89556041262704     0.156904089649468 -2.86882516079125e-16  8.02051507631931e-17 -1.79849704757273e-16  6.46442383651733e-16    -0.182971713884966
 -0.00349612845440914   0.00181226698243935    -0.418606236622068     0.156904089649468      1.06980850202168  3.91036700059898e-15 -1.09324036729698e-15  -2.9880602988996e-16  1.07401274579699e-15     0.871544825296569
 7.88098583299967e-18 -6.42357648569041e-18  1.08841840850881e-15 -2.86882516079125e-16  3.91036700059898e-15       1.5548280077394  8.13415664604079e-16  -0.00103540570017553     -0.82038424431244 -1.10551278597628e-15
-2.20332564420375e-18  1.79587058705096e-18 -3.04294444687113e-16  8.02051507631931e-17 -1.09324036729698e-15  8.13415664604079e-16      1.55482800773816    -0.820384244313242   0.00103540570017758  3.09073603189421e-16
 2.46404603652598e-18  -7.0115411709048e-19  2.33962115861361e-16 -1.79849704757273e-16  -2.9880602988996e-16  -0.00103540570017553    -0.820384244313242     0.488138229797543 -2.41533623349397e-15 -1.05022159171464e-15
-8.85663783667765e-18  2.52019137665983e-18  -8.4094117052396e-16  6.46442383651733e-16  1.07401274579699e-15     -0.82038424431244   0.00103540570017758 -2.41533623349397e-15     0.488138229796301  3.77486141705361e-15
  0.00335961379878718  -0.00231325316758759     0.414391663329698    -0.182971713884966     0.871544825296569 -1.10551278597628e-15  3.09073603189421e-16 -1.05022159171464e-15  3.77486141705361e-15      1.16679332123605
TOTAL ENERGY: -124.537981938202	 lambda: -4.4	 population of target: 3.93440778763978
1RDM: 
     1.99998660741058  9.81803856275181e-06  -0.00166994448339985  0.000762986128326477  -0.00347112597816108  7.83781941398027e-18 -2.19125738246344e-18  2.44496084460048e-18 -8.78803891762402e-18    0.0033425438493825
 9.81803856275181e-06      1.99997056160201   0.00163980119326392  -0.00164660183299346   0.00180512648066309 -6.40712474941926e-18  1.79127111046686e-18 -7.00132303976489e-19  2.51651851455699e-18  -0.00231193381360487
 -0.00166994448339985   0.00163980119326392      1.78301403708504     0.118081782990762    -0.417230637723857  1.08761288263456e-15 -3.04069237923243e-16  2.32421256853676e-16 -8.35402769399931e-16     0.413938749875113
 0.000762986128326477  -0.00164660183299346     0.118081782990762      1.89588265506115     0.155956945584901 -2.87631163234639e-16   8.0414455879739e-17 -1.78088647440036e-16  6.40112533180759e-16    -0.182476935793317
 -0.00347112597816108   0.00180512648066309    -0.417230637723857     0.155956945584901      1.07090204635533  3.90909343880115e-15 -1.09288430675408e-15 -2.99719532852388e-16  1.07729621499498e-15     0.872278814765397
 7.83781941398027e-18 -6.40712474941926e-18  1.08761288263456e-15 -2.87631163234639e-16  3.90909343880115e-15       1.5554620652025  8.13424795180677e-16   -0.0010348924204477    -0.819977556697817 -1.11114126345877e-15
-2.19125738246344e-18  1.79127111046686e-18 -3.04069237923243e-16   8.0414455879739e-17 -1.09288430675408e-15  8.13424795180677e-16      1.55546206520127    -0.819977556698617   0.00103489242044976  3.10647189051497e-16
 2.44496084460048e-18 -7.00132303976489e-19  2.32421256853676e-16 -1.78088647440036e-16 -2.99719532852388e-16   -0.0010348924204477    -0.819977556698617     0.487481950373914 -2.40793501683455e-15  -1.0504247976189e-15
-8.78803891762402e-18  2.51651851455699e-18 -8.35402769399931e-16  6.40112533180759e-16  1.07729621499498e-15    -0.819977556697817   0.00103489242044976 -2.40793501683455e-15     0.487481950372678  3.77559184392686e-15
   0.0033425438493825  -0.00231193381360487     0.413938749875113    -0.182476935793317     0.872278814765397 -1.11114126345877e-15  3.10647189051497e-16  -1.0504247976189e-15  3.77559184392686e-15      1.16435606133558
TOTAL ENERGY: -124.540670236717	 lambda: -4.35	 population of target: 3.93502228120943
1RDM: 
     1.99998678322192  9.73398870110863e-06  -0.00165463369631804   0.00075489858712882  -0.00344596304174086  7.79484388807441e-18  -2.1792425058902e-18  2.42564019427824e-18   -8.718593790354e-18   0.00332551072180677
 9.73398870110863e-06      1.99997057709811   0.00163438679829276  -0.00164402924728199    0.0017979134960126 -6.39065420700806e-18   1.7866663602484e-18  -6.9901574316069e-19  2.51250521994369e-18  -0.00231072126110772
 -0.00165463369631804   0.00163438679829276      1.78409454735235      0.11745435727131    -0.415822128057176  1.08682130463659e-15 -3.03847932668827e-16  2.30831972086655e-16 -8.29690328351655e-16     0.413484789955219
  0.00075489858712882  -0.00164402924728199      0.11745435727131      1.89620346899303     0.155004984681578 -2.88392806452012e-16  8.06273917286045e-17 -1.76316316498402e-16  6.33742157711946e-16    -0.181989977079776
 -0.00344596304174086    0.0017979134960126    -0.415822128057176     0.155004984681578       1.0720644464124  3.90780705998798e-15 -1.09252466786969e-15 -3.00721136443025e-16  1.08089632511058e-15      0.87301828172771
 7.79484388807441e-18 -6.39065420700806e-18  1.08682130463659e-15 -2.88392806452012e-16  3.90780705998798e-15      1.55611815790841  8.22265701549293e-16  -0.00103436019293203    -0.819555856200163 -1.11689216278349e-15
 -2.1792425058902e-18   1.7866663602484e-18 -3.03847932668827e-16  8.06273917286045e-17 -1.09252466786969e-15  8.22265701549293e-16      1.55611815790718    -0.819555856200965    0.0010343601929341  3.12254995780192e-16
 2.42564019427824e-18  -6.9901574316069e-19  2.30831972086655e-16 -1.76316316498402e-16 -3.00721136443025e-16  -0.00103436019293203    -0.819555856200965     0.486803338556049 -2.41514090764636e-15   -1.050652988312e-15
  -8.718593790354e-18  2.51250521994369e-18 -8.29690328351655e-16  6.33742157711946e-16  1.08089632511058e-15    -0.819555856200163    0.0010343601929341 -2.41514090764636e-15     0.486803338554815  3.77641203883305e-15
  0.00332551072180677  -0.00231072126110772     0.413484789955219    -0.181989977079776      0.87301828172771 -1.11689216278349e-15  3.12254995780192e-16   -1.050652988312e-15  3.77641203883305e-15      1.16183718399579
TOTAL ENERGY: -124.54344661239	 lambda: -4.3	 population of target: 3.93566424509635
1RDM: 
     1.99998695828307  9.65004258213774e-06  -0.00163928209233282  0.000746844116569604  -0.00342063613555731  7.75176809943115e-18 -2.16719959367145e-18  2.40623705543279e-18 -8.64885213806965e-18    0.0033085191954691
 9.65004258213774e-06       1.9999705928005   0.00162892530013577  -0.00164145478157892   0.00179062342489905 -6.37431735279371e-18  1.78209899035657e-18 -6.97854632689965e-19   2.5083317613887e-18  -0.00230961933726956
 -0.00163928209233282   0.00162892530013577       1.7851903714071     0.116825063690322    -0.414379337568146  1.08599272162452e-15 -3.03616281191657e-16  2.29222327526511e-16 -8.23904701793381e-16     0.413029824943431
 0.000746844116569604  -0.00164145478157892     0.116825063690322      1.89652288792669     0.154047987394339 -2.89164239956571e-16  8.08430654287064e-17 -1.74542291317485e-16  6.27365693375934e-16    -0.181511198278149
 -0.00342063613555731   0.00179062342489905    -0.414379337568146     0.154047987394339      1.07329926768378   3.9064504562192e-15 -1.09214539432214e-15 -3.01792264404464e-16  1.08474633740189e-15     0.873763164347853
 7.75176809943115e-18 -6.37431735279371e-18  1.08599272162452e-15 -2.89164239956571e-16   3.9064504562192e-15      1.55679743567845  8.14475088730994e-16  -0.00103380797358551    -0.819118315546244 -1.12285156296189e-15
-2.16719959367145e-18  1.78209899035657e-18 -3.03616281191657e-16  8.08430654287064e-17 -1.09214539432214e-15  8.14475088730994e-16      1.55679743567722    -0.819118315547047   0.00103380797358756  3.13921095700779e-16
 2.40623705543279e-18 -6.97854632689965e-19  2.29222327526511e-16 -1.74542291317485e-16 -3.01792264404464e-16  -0.00103380797358551    -0.819118315547047     0.486101235529367 -2.40411162720174e-15 -1.05086529067257e-15
-8.64885213806965e-18   2.5083317613887e-18 -8.23904701793381e-16  6.27365693375934e-16  1.08474633740189e-15    -0.819118315546244   0.00103380797358756 -2.40411162720174e-15     0.486101235528135  3.77717513649196e-15
   0.0033085191954691  -0.00230961933726956     0.413029824943431    -0.181511198278149     0.873763164347853 -1.12285156296189e-15  3.13921095700779e-16 -1.05086529067257e-15  3.77717513649196e-15      1.15923257948576
TOTAL ENERGY: -124.546316103369	 lambda: -4.25	 population of target: 3.93633550053905
1RDM: 
     1.99998713257942  9.56619769333622e-06  -0.00162388892236845  0.000738823024189801  -0.00339514147815555   7.7088635333695e-18 -2.15520456589213e-18  2.38660811278785e-18 -8.57829897216119e-18   0.00329157431361493
 9.56619769333622e-06      1.99997060873452   0.00162341386210209  -0.00163887712260699   0.00178325134248694 -6.35800940737274e-18  1.77753968838764e-18 -6.96582609820023e-19  2.50375976069168e-18  -0.00230863207374441
 -0.00162388892236845   0.00162341386210209      1.78630206607994     0.116193782884855    -0.412900814741568  1.08516788640166e-15 -3.03385679242559e-16   2.2756642846951e-16 -8.17952837411246e-16     0.412573898013119
 0.000738823024189801  -0.00163887712260699     0.116193782884855      1.89684095181395     0.153085710213428 -2.89946634842955e-16  8.10618014408494e-17 -1.72758906914103e-16  6.20955586803085e-16    -0.181040973475832
 -0.00339514147815555   0.00178325134248694    -0.412900814741568     0.153085710213428      1.07461031393054   3.9050747696653e-15 -1.09176079056823e-15 -3.02960345964437e-16  1.08894481088817e-15     0.874513372855166
  7.7088635333695e-18 -6.35800940737274e-18  1.08516788640166e-15 -2.89946634842955e-16   3.9050747696653e-15      1.55750112803941  8.17905618184357e-16  -0.00103323464190664    -0.818664046947947 -1.12895421994385e-15
-2.15520456589213e-18  1.77753968838764e-18 -3.03385679242559e-16  8.10618014408494e-17 -1.09176079056823e-15  8.17905618184357e-16      1.55750112803818    -0.818664046948753   0.00103323464190871  3.15627241540736e-16
 2.38660811278785e-18 -6.96582609820023e-19   2.2756642846951e-16 -1.72758906914103e-16 -3.02960345964437e-16  -0.00103323464190664    -0.818664046948753     0.485374401800583 -2.41278044664996e-15 -1.05110011752309e-15
-8.57829897216119e-18  2.50375976069168e-18 -8.17952837411246e-16  6.20955586803085e-16  1.08894481088817e-15    -0.818664046947947   0.00103323464190871 -2.41278044664996e-15     0.485374401799347   3.7780191601059e-15
  0.00329157431361493  -0.00230863207374441     0.412573898013119    -0.181040973475832     0.874513372855166 -1.12895421994385e-15  3.15627241540736e-16 -1.05110011752309e-15   3.7780191601059e-15      1.15653786718407
TOTAL ENERGY: -124.549284126878	 lambda: -4.2	 population of target: 3.93703802317088
1RDM: 
     1.99998730609648  9.48245121393284e-06   -0.0016084533612191  0.000730835580122136  -0.00336947498277499  7.66582702628469e-18 -2.14317264288611e-18  2.36691372795462e-18 -8.50751053017455e-18   0.00327468139538248
 9.48245121393284e-06      1.99997062492755   0.00161784946829941  -0.00163629483510638   0.00177579197487518 -6.34186212006176e-18  1.77302530989692e-18 -6.95265836797771e-19  2.49902685140242e-18   -0.0023077637207043
  -0.0016084533612191   0.00161784946829941      1.78743021800354     0.115560383457341    -0.411385020489181  1.08429656348161e-15 -3.03142079567545e-16   2.2589212450878e-16 -8.11934810434412e-16     0.412117054321131
 0.000730835580122136  -0.00163629483510638     0.115560383457341       1.8971577077533     0.152117882905438 -2.90739362260133e-16  8.12834274001842e-17 -1.70974795342143e-16  6.14542867987145e-16    -0.180579690572909
 -0.00336947498277499   0.00177579197487518    -0.411385020489181     0.152117882905438      1.07600164763396  3.90361247943924e-15 -1.09135197209583e-15 -3.04202484416293e-16  1.09340948265697e-15     0.875268784844088
 7.66582702628469e-18 -6.34186212006176e-18  1.08429656348161e-15 -2.90739362260133e-16  3.90361247943924e-15       1.5582305515231  8.10287189421593e-16  -0.00103263899378902    -0.818192096330098 -1.13529648568235e-15
-2.14317264288611e-18  1.77302530989692e-18 -3.03142079567545e-16  8.12834274001842e-17 -1.09135197209583e-15  8.10287189421593e-16      1.55823055152187    -0.818192096330906   0.00103263899379109   3.1740037858365e-16
 2.36691372795462e-18 -6.95265836797771e-19   2.2589212450878e-16 -1.70974795342143e-16 -3.04202484416293e-16  -0.00103263899378902    -0.818192096330906      0.48462150963562 -2.40653575063607e-15 -1.05131184545189e-15
-8.50751053017455e-18  2.49902685140242e-18 -8.11934810434412e-16  6.14542867987145e-16  1.09340948265697e-15    -0.818192096330098   0.00103263899379109 -2.40653575063607e-15     0.484621509634379  3.77878017616204e-15
  0.00327468139538248   -0.0023077637207043     0.412117054321131    -0.180579690572909     0.875268784844088 -1.13529648568235e-15   3.1740037858365e-16 -1.05131184545189e-15  3.77878017616204e-15      1.15374837327026
TOTAL ENERGY: -124.552356514335	 lambda: -4.15	 population of target: 3.93777395883264
1RDM: 
     1.99998747881975  9.39879997735253e-06  -0.00159297450012352  0.000722882012021478   -0.0033436322285636  7.62272286261761e-18  -2.1311218013101e-18  2.34712027083765e-18 -8.43636596359287e-18   0.00325784605370443
 9.39879997735253e-06      1.99997064140899   0.00161222890820771  -0.00163370634764552   0.00176823966968363  -6.3258632755139e-18  1.76855243561296e-18 -6.93880269566047e-19  2.49404664516728e-18  -0.00230701876032445
 -0.00159297450012352   0.00161222890820771      1.78857544574552     0.114924720698982    -0.409830321467859  1.08338618547175e-15 -3.02887560665557e-16  2.24193013669425e-16 -8.05827614964684e-16     0.411659340796291
 0.000722882012021478  -0.00163370634764552     0.114924720698982      1.89747321087954     0.151144205594373  -2.9153996617006e-16  8.15072559174545e-17 -1.69189615822937e-16  6.08126310866444e-16    -0.180127751487904
