TOTAL ENERGY: -124.234937010423	 lambda: -5	 population of target: 3.99338721658436
1RDM: 
     1.99999931944739  1.02345939579846e-06 -0.000129747362771879  0.000143165523281374  0.000628996909558846 -1.04014936273963e-16 -1.05817703731775e-16 -2.73060944302801e-17  2.01493530102426e-17 -0.000950652962763335
 1.02345939579846e-06      1.99997319888102  0.000494619385162772  -0.00167765468127955 -0.000401535910755535  1.05268655138247e-16  1.07088433891406e-16 -6.64425998947222e-18  4.90040024785322e-18  0.000980520445378612
-0.000129747362771879  0.000494619385162772      1.97152920183529    0.0455495651552342     0.113101734581821 -2.06120497880847e-14 -2.09692317075923e-14 -2.65069774608303e-15  1.95650478110069e-15    -0.175612286504456
 0.000143165523281374  -0.00167765468127955    0.0455495651552342      1.88058597569244   -0.0989102823034801  1.78250833798286e-14  1.81347233464722e-14  4.07174503789129e-15 -3.00542334687648e-15     0.172365904576806
 0.000628996909558846 -0.000401535910755535     0.113101734581821   -0.0989102823034801      1.40607416014294  1.07727364951467e-13  1.09594275989891e-13  1.20181680621573e-14 -8.87163806376828e-15     0.889074017843434
-1.04014936273963e-16  1.05268655138247e-16 -2.06120497880847e-14  1.78250833798286e-14  1.07727364951467e-13        1.195508191801 -1.06987538283609e-14     0.135787981877691    -0.954866926446477 -7.57341195387317e-14
-1.05817703731775e-16  1.07088433891406e-16 -2.09692317075923e-14  1.81347233464722e-14  1.09594275989891e-13 -1.06987538283609e-14       1.1955081918005     0.954866926446566       0.1357879818777 -7.70385391186993e-14
-2.73060944302801e-17 -6.64425998947222e-18 -2.65069774608303e-15  4.07174503789129e-15  1.20181680621573e-14     0.135787981877691     0.954866926446566     0.843730148293059  5.78087005675901e-14 -1.36161841942573e-13
 2.01493530102426e-17  4.90040024785322e-18  1.95650478110069e-15 -3.00542334687648e-15 -8.87163806376828e-15    -0.954866926446477       0.1357879818777  5.78087005675901e-14     0.843730148292578  1.00440777730292e-13
-0.000950652962763335  0.000980520445378612    -0.175612286504456     0.172365904576806     0.889074017843434 -7.57341195387317e-14 -7.70385391186993e-14 -1.36161841942573e-13  1.00440777730292e-13     0.663361463813795
TOTAL ENERGY: -124.235185478491	 lambda: -4.95	 population of target: 3.99343716178333
1RDM: 
      1.9999993237434  1.02061678811185e-06 -0.000129152127641026   0.00014262872883791  0.000626647565801912 -1.03684269988147e-16 -1.05481304790603e-16 -2.71764018611059e-17  2.00536533961397e-17 -0.000947904892656243
 1.02061678811185e-06      1.99997319764447  0.000494313518387808  -0.00167763217620882 -0.000400930648284426  1.05254930527888e-16   1.0707440545765e-16 -6.70297231078248e-18  4.94379083197073e-18  0.000980976365586865
-0.000129152127641026  0.000494313518387808      1.97160262110891    0.0454877352882879     0.112858605947857  -2.0582179097319e-14 -2.09388480244754e-14 -2.63545930271315e-15  1.94526559244731e-15    -0.175398341374851
  0.00014262872883791  -0.00167763217620882    0.0454877352882879      1.88062119798928   -0.0987289802539516  1.78070704104804e-14  1.81164161265975e-14  4.05903759678282e-15 -2.99606576531731e-15     0.172271139399504
 0.000626647565801912 -0.000400930648284426     0.112858605947857   -0.0987289802539516      1.40672049025022  1.07677215417424e-13  1.09543256434966e-13  1.19569711955765e-14 -8.82648433702675e-15     0.888829923774279
-1.03684269988147e-16  1.05254930527888e-16  -2.0582179097319e-14  1.78070704104804e-14  1.07677215417424e-13      1.19566421972888 -1.05855053896059e-14     0.135784272587928    -0.954840842628449 -7.57746381984032e-14
-1.05481304790603e-16   1.0707440545765e-16 -2.09388480244754e-14  1.81164161265975e-14  1.09543256434966e-13 -1.05855053896059e-14      1.19566421972838     0.954840842628537     0.135784272587937 -7.70797701290593e-14
-2.71764018611059e-17 -6.70297231078248e-18 -2.63545930271315e-15  4.05903759678282e-15  1.19569711955765e-14     0.135784272587928     0.954840842628537     0.843569020581115  5.83913155790826e-14 -1.36128030962947e-13
 2.00536533961397e-17  4.94379083197073e-18  1.94526559244731e-15 -2.99606576531731e-15 -8.82648433702675e-15    -0.954840842628449     0.135784272587937  5.83913155790826e-14     0.843569020580632  1.00415837722954e-13
-0.000947904892656243  0.000980976365586865    -0.175398341374851     0.172271139399504     0.888829923774279 -7.57746381984032e-14 -7.70797701290593e-14 -1.36128030962947e-13  1.00415837722954e-13      0.66261668864482
TOTAL ENERGY: -124.235442784784	 lambda: -4.9	 population of target: 3.99348940872377
1RDM: 
     1.99999932801902  1.01777524082982e-06 -0.000128554811656745  0.000142093618712185  0.000624291539506631 -1.03353898101429e-16 -1.05145203003775e-16 -2.70458832371381e-17  1.99573417345954e-17 -0.000945168044980805
 1.01777524082982e-06      1.99997319643878  0.000493999255730907  -0.00167760720812536  -0.00040030273756466   1.0523901680831e-16  1.07058209330763e-16  -6.7623214766243e-18  4.98759103166561e-18  0.000981439316913704
-0.000128554811656745  0.000493999255730907      1.97167747425198    0.0454250760629414     0.112609754652332 -2.05517286923917e-14 -2.09078710431396e-14  -2.6197572881927e-15  1.93368064075907e-15    -0.175180326006216
 0.000142093618712185  -0.00167760720812536    0.0454250760629414      1.88065642337908   -0.0985454489488289  1.77892801293484e-14  1.80983218966171e-14  4.04578585731238e-15 -2.98629238527574e-15     0.172178406524775
 0.000624291539506631  -0.00040030273756466     0.112609754652332   -0.0985454489488289       1.4073886635561  1.07625243289365e-13  1.09490385221942e-13  1.18938125829332e-14 -8.77988576382237e-15     0.888576374843838
-1.03353898101429e-16   1.0523901680831e-16 -2.05517286923917e-14  1.77892801293484e-14  1.07625243289365e-13      1.19582545920166  -1.1216903119732e-14     0.135780422552081    -0.954813769015092 -7.58163356121484e-14
-1.05145203003775e-16  1.07058209330763e-16 -2.09078710431396e-14  1.80983218966171e-14  1.09490385221942e-13  -1.1216903119732e-14      1.19582545920117      0.95481376901518      0.13578042255209 -7.71222006929011e-14
-2.70458832371381e-17  -6.7623214766243e-18  -2.6197572881927e-15  4.04578585731238e-15  1.18938125829332e-14     0.135780422552081      0.95481376901518     0.843402730627048  5.76561255913684e-14 -1.36093018681768e-13
 1.99573417345954e-17  4.98759103166561e-18  1.93368064075907e-15 -2.98629238527574e-15 -8.77988576382237e-15    -0.954813769015092      0.13578042255209  5.76561255913684e-14     0.843402730626566  1.00390011540665e-13
-0.000945168044980805  0.000981439316913704    -0.175180326006216     0.172178406524775     0.888576374843838 -7.58163356121484e-14 -7.71222006929011e-14 -1.36093018681768e-13  1.00390011540665e-13     0.661848534698697
TOTAL ENERGY: -124.235709418295	 lambda: -4.85	 population of target: 3.99354410493702
1RDM: 
     1.99999933227337  1.01493517544447e-06  -0.00012795539257734  0.000141560280783742  0.000621928790161063 -1.03023862923752e-16 -1.04809442296948e-16 -2.69145371508416e-17  1.98604179652246e-17 -0.000942443403717915
 1.01493517544447e-06      1.99997319526587   0.00049367626899312   -0.0016775796128809 -0.000399651114235335  1.05221210166076e-16  1.07040125765477e-16  -6.8228365180399e-18  5.03221170781625e-18  0.000981909572548632
 -0.00012795539257734   0.00049367626899312      1.97175381180608    0.0453615534521518     0.112354949894871 -2.05206531621854e-14 -2.08762557855531e-14 -2.60360349199027e-15  1.92175992012667e-15     -0.17495809839268
 0.000141560280783742   -0.0016775796128809    0.0453615534521518      1.88069166114187   -0.0983595686298782   1.7771630274466e-14  1.80803616688724e-14  4.03208326090838e-15  -2.9761771277849e-15     0.172087781973582
 0.000621928790161063 -0.000399651114235335     0.112354949894871   -0.0983595686298782      1.40807974121584  1.07571374720772e-13  1.09435586370004e-13  1.18285755076947e-14 -8.73175536802631e-15     0.888312874648059
-1.03023862923752e-16  1.05221210166076e-16 -2.05206531621854e-14   1.7771630274466e-14  1.07571374720772e-13       1.1959921705885 -8.75898977799131e-15     0.135776424555937     -0.95478565489551 -7.58592664431574e-14
-1.04809442296948e-16  1.07040125765477e-16 -2.08762557855531e-14  1.80803616688724e-14  1.09435586370004e-13 -8.75898977799131e-15      1.19599217058802     0.954785654895597     0.135776424555946  -7.7165886401575e-14
-2.69145371508416e-17  -6.8228365180399e-18 -2.60360349199027e-15  4.03208326090838e-15  1.18285755076947e-14     0.135776424555937     0.954785654895597      0.84323102013011  5.86737056779312e-14 -1.36056744984071e-13
 1.98604179652246e-17  5.03221170781625e-18  1.92175992012667e-15  -2.9761771277849e-15 -8.73175536802631e-15     -0.95478565489551     0.135776424555946  5.86737056779312e-14      0.84323102012964  1.00363254866483e-13
-0.000942443403717915  0.000981909572548632     -0.17495809839268     0.172087781973582     0.888312874648059 -7.58592664431574e-14  -7.7165886401575e-14 -1.36056744984071e-13  1.00363254866483e-13     0.661055876860762
TOTAL ENERGY: -124.235985903971	 lambda: -4.8	 population of target: 3.99360140999296
1RDM: 
     1.99999933650556  1.01209718260268e-06 -0.000127353848361032  0.000141028815912672  0.000619559262141534 -1.02694149006787e-16 -1.04474010944514e-16 -2.67824375878002e-17  1.97629408635862e-17 -0.000939732003186898
 1.01209718260268e-06      1.99997319412779  0.000493344210639614  -0.00167754921307368 -0.000398974645822375  1.05203235544977e-16  1.07021815501521e-16  -6.8869419901589e-18  5.07953968799299e-18  0.000982387417041626
-0.000127353848361032  0.000493344210639614      1.97183168671742    0.0452971314672355     0.112093948274893 -2.04888177369052e-14 -2.08438709177188e-14 -2.58712451427267e-15  1.90960284963068e-15    -0.174731510079769
 0.000141028815912672  -0.00167754921307368    0.0452971314672355      1.88072692155414   -0.0981712112981822  1.77537026262552e-14  1.80621319672107e-14  4.01846405759026e-15 -2.96613706011848e-15     0.171999345604726
 0.000619559262141534 -0.000398974645822375     0.112093948274893   -0.0981712112981822      1.40879485351777  1.07515589334335e-13  1.09378835186229e-13  1.17610576078711e-14 -8.68193975448555e-15     0.888038891718018
-1.02694149006787e-16  1.05203235544977e-16 -2.04888177369052e-14  1.77537026262552e-14  1.07515589334335e-13      1.19616463217496 -9.86613410049454e-15     0.135772270883315    -0.954756446130444 -7.59034876472056e-14
-1.04474010944514e-16  1.07021815501521e-16 -2.08438709177188e-14  1.80621319672107e-14  1.09378835186229e-13 -9.86613410049454e-15      1.19616463217447     0.954756446130531     0.135772270883324 -7.72108852267366e-14
-2.67824375878002e-17  -6.8869419901589e-18 -2.58712451427267e-15  4.01846405759026e-15  1.17610576078711e-14     0.135772270883315     0.954756446130531     0.843053612640629  5.83817037237836e-14   -1.360191452951e-13
 1.97629408635862e-17  5.07953968799299e-18  1.90960284963068e-15 -2.96613706011848e-15 -8.68193975448555e-15    -0.954756446130444     0.135772270883324  5.83817037237836e-14      0.84305361264015   1.0033552013416e-13
-0.000939732003186898  0.000982387417041626    -0.174731510079769     0.171999345604726     0.888038891718018 -7.59034876472056e-14 -7.72108852267366e-14   -1.360191452951e-13   1.0033552013416e-13     0.660237517947198
TOTAL ENERGY: -124.236272806608	 lambda: -4.75	 population of target: 3.99366149682141
1RDM: 
      1.9999993407146  1.00926158453557e-06 -0.000126750152018979  0.000140499310532532  0.000617182894958639 -1.02364894483667e-16 -1.04139045679368e-16 -2.66494602216526e-17  1.96648147110789e-17 -0.000937034945550983
 1.00926158453557e-06      1.99997319302674     0.000493002718187   -0.0016775158164579 -0.000398272127254618  1.05183300440221e-16  1.07001545297419e-16 -6.95249168594535e-18  5.12789748382077e-18  0.000982873156852915
-0.000126750152018979     0.000493002718187      1.97191115431721    0.0452317722528749     0.111826492610964  -2.0456300566511e-14 -2.08107904066265e-14 -2.57016385757792e-15  1.89708819229994e-15    -0.174500406093994
 0.000140499310532532   -0.0016775158164579    0.0452317722528749      1.88076221600566   -0.0979802388731843  1.77358942884748e-14  1.80440156856364e-14  4.00438670573642e-15 -2.95575066751555e-15     0.171913180634875
 0.000617182894958639 -0.000398272127254618     0.111826492610964   -0.0979802388731843      1.40953520746301   1.0745771459857e-13  1.09319959960348e-13  1.16912422536362e-14 -8.63043058345428e-15     0.887753856207289
-1.02364894483667e-16  1.05183300440221e-16  -2.0456300566511e-14  1.77358942884748e-14   1.0745771459857e-13      1.19634314064539  -9.5396881563978e-15     0.135767953285199    -0.954726084593003 -7.59490618984465e-14
-1.04139045679368e-16  1.07001545297419e-16 -2.08107904066265e-14  1.80440156856364e-14  1.09319959960348e-13  -9.5396881563978e-15       1.1963431406449     0.954726084593093     0.135767953285208 -7.72572609358487e-14
-2.66494602216526e-17 -6.95249168594535e-18 -2.57016385757792e-15  4.00438670573642e-15  1.16912422536362e-14     0.135767953285199     0.954726084593093     0.842870214124477  5.88333708251793e-14    -1.35980149309e-13
 1.96648147110789e-17  5.12789748382077e-18  1.89708819229994e-15 -2.95575066751555e-15 -8.63043058345428e-15    -0.954726084593003     0.135767953285208  5.88333708251793e-14     0.842870214123999  1.00306755414475e-13
-0.000937034945550983  0.000982873156852915    -0.174500406093994     0.171913180634875     0.887753856207289 -7.59490618984465e-14 -7.72572609358487e-14    -1.35980149309e-13  1.00306755414475e-13     0.659392178934097
TOTAL ENERGY: -124.23657073401	 lambda: -4.7	 population of target: 3.99372455294527
1RDM: 
     1.99999934489949  1.00642890661725e-06 -0.000126144276995185  0.000139971866526707  0.000614799609632277 -1.02036140671291e-16 -1.03804589895059e-16 -2.65156082780344e-17  1.95660433121169e-17 -0.000934353391405679
 1.00642890661725e-06      1.99997319196511  0.000492651406452523  -0.00167747921465822  -0.00039754227466161  1.05161938572358e-16  1.06979826281436e-16 -7.02038299141774e-18  5.17798039210436e-18  0.000983367111421536
-0.000126144276995185  0.000492651406452523      1.97199227264847    0.0451654356672083     0.111552311289197 -2.04230362088052e-14 -2.07769496319165e-14 -2.55275116085841e-15  1.88423985199648e-15    -0.174264624292479
 0.000139971866526707  -0.00167747921465822    0.0451654356672083      1.88079755711912   -0.0977865035568583  1.77180607867406e-14  1.80258732982087e-14  3.99002192400279e-15 -2.94515166237534e-15     0.171829374590969
 0.000614799609632277  -0.00039754227466161     0.111552311289197   -0.0977865035568583       1.4103020911872  1.07397667624587e-13  1.09258875027609e-13  1.16189773846277e-14  -8.5771142787044e-15     0.887457156602664
-1.02036140671291e-16  1.05161938572358e-16 -2.04230362088052e-14  1.77180607867406e-14  1.07397667624587e-13      1.19652801392428 -1.05017811476246e-14     0.135763462914198    -0.954694508108577 -7.59960544753258e-14
-1.03804589895059e-16  1.06979826281436e-16 -2.07769496319165e-14  1.80258732982087e-14  1.09258875027609e-13 -1.05017811476246e-14       1.1965280139238     0.954694508108665     0.135763462914208 -7.73050799635527e-14
-2.65156082780344e-17 -7.02038299141774e-18 -2.55275116085841e-15  3.99002192400279e-15  1.16189773846277e-14     0.135763462914198     0.954694508108665     0.842680508950266  5.73128776840571e-14 -1.35939682553024e-13
 1.95660433121169e-17  5.17798039210436e-18  1.88423985199648e-15 -2.94515166237534e-15  -8.5771142787044e-15    -0.954694508108577     0.135763462914208  5.73128776840571e-14     0.842680508949791  1.00276905794766e-13
-0.000934353391405679  0.000983367111421536    -0.174264624292479     0.171829374590969     0.887457156602664 -7.59960544753258e-14 -7.73050799635527e-14 -1.35939682553024e-13  1.00276905794766e-13     0.658518496432525
TOTAL ENERGY: -124.236880341463	 lambda: -4.65	 population of target: 3.993790782062
1RDM: 
     1.99999934905919  1.00359964111831e-06 -0.000125536194198833    0.0001394465863911  0.000612409312446986   -1.017079578661e-16 -1.03470715127627e-16  -2.6380848753212e-17  1.94666023370842e-17 -0.000931688570845425
 1.00359964111831e-06       1.9999731909455  0.000492289869312268  -0.00167743918136627 -0.000396783718913028  1.05139076104621e-16  1.06956583128511e-16 -7.09073419458596e-18  5.22987587457365e-18  0.000983869619313323
-0.000125536194198833  0.000492289869312268      1.97207510252862    0.0450980792588202     0.111271117046853 -2.03889944823367e-14 -2.07423179016405e-14 -2.53486651966816e-15    1.871043155485e-15    -0.174023995151937
   0.0001394465863911  -0.00167743918136627    0.0450980792588202      1.88083295888894   -0.0975898462849551  1.77001973057854e-14  1.80076999542271e-14  3.97535485164234e-15 -2.93432913197924e-15     0.171748019160386
 0.000612409312446986 -0.000396783718913028     0.111271117046853   -0.0975898462849551      1.41109688200652  1.07335332897296e-13  1.09195462866212e-13   1.1544135797149e-14 -8.52189698175965e-15     0.887148135764892
  -1.017079578661e-16  1.05139076104621e-16 -2.03889944823367e-14  1.77001973057854e-14  1.07335332897296e-13      1.19671959243143 -1.10441117777797e-14     0.135758790279106    -0.954661649933936 -7.60445353025538e-14
-1.03470715127627e-16  1.06956583128511e-16 -2.07423179016405e-14  1.80076999542271e-14  1.09195462866212e-13 -1.10441117777797e-14      1.19671959243093     0.954661649934025     0.135758790279115 -7.73544134671631e-14
 -2.6380848753212e-17 -7.09073419458596e-18 -2.53486651966816e-15  3.97535485164234e-15   1.1544135797149e-14     0.135758790279106     0.954661649934025     0.842484159233058  5.81470213077635e-14  -1.3589766500861e-13
 1.94666023370842e-17  5.22987587457365e-18    1.871043155485e-15 -2.93432913197924e-15 -8.52189698175965e-15    -0.954661649933936     0.135758790279115  5.81470213077635e-14     0.842484159232574  1.00245912249972e-13
-0.000931688570845425  0.000983869619313323    -0.174023995151937     0.171748019160386     0.887148135764892 -7.60445353025538e-14 -7.73544134671631e-14  -1.3589766500861e-13  1.00245912249972e-13     0.657615013243305
TOTAL ENERGY: -124.23720233634	 lambda: -4.6	 population of target: 3.99386040573951
1RDM: 
     1.99999935319262  1.00077429609283e-06 -0.000124925872363178  0.000138923576404621  0.000610011891217806 -1.01380419562193e-16 -1.03137496171838e-16 -2.62451457735002e-17    1.936646534325e-17 -0.000929041786670906
 1.00077429609283e-06      1.99997318997072   0.00049191767744713  -0.00167739547054031  -0.00039599499827568  1.05114636121489e-16  1.06931737304501e-16  -7.1636747902892e-18  5.28367976749864e-18  0.000984381038343722
-0.000124925872363178   0.00049191767744713      1.97215970773255    0.0450296580646274      0.11098260585371 -2.03541434275881e-14 -2.07068627211235e-14 -2.51648900424583e-15  1.85748267883016e-15    -0.173778341357656
 0.000138923576404621  -0.00167739547054031    0.0450296580646274       1.8808684368328   -0.0973900958097965  1.76822979319102e-14  1.79894897083663e-14  3.96037028339304e-15 -2.92327193143443e-15     0.171669210508185
 0.000610011891217806  -0.00039599499827568      0.11098260585371   -0.0973900958097965      1.41192105402938  1.07270586678086e-13  1.09129597584829e-13  1.14665812229909e-14 -8.46467814183962e-15     0.886826086633634
-1.01380419562193e-16  1.05114636121489e-16 -2.03541434275881e-14  1.76822979319102e-14  1.07270586678086e-13      1.19691824123576 -9.93127358878506e-15     0.135753925184269    -0.954627438371072 -7.60945789559853e-14
-1.03137496171838e-16  1.06931737304501e-16 -2.07068627211235e-14  1.79894897083663e-14  1.09129597584829e-13 -9.93127358878506e-15      1.19691824123527     0.954627438371161     0.135753925184278 -7.74053373385029e-14
-2.62451457735002e-17  -7.1636747902892e-18 -2.51648900424583e-15  3.96037028339304e-15  1.14665812229909e-14     0.135753925184269     0.954627438371161      0.84228080255633  5.80458309165473e-14 -1.35854010770779e-13
   1.936646534325e-17  5.28367976749864e-18  1.85748267883016e-15 -2.92327193143443e-15 -8.46467814183962e-15    -0.954627438371072     0.135753925184278  5.80458309165473e-14     0.842280802555854  1.00213711412744e-13
-0.000929041786670906  0.000984381038343722    -0.173778341357656     0.171669210508185     0.886826086633634 -7.60945789559853e-14 -7.74053373385029e-14 -1.35854010770779e-13  1.00213711412744e-13      0.65668017065879
TOTAL ENERGY: -124.237537483426	 lambda: -4.55	 population of target: 3.99393366536077
1RDM: 
     1.99999935729863  9.97953389602084e-07 -0.000124313277652483  0.000138402946288837  0.000607607211790354 -1.01053620299768e-16 -1.02805028444546e-16  -2.6108436067771e-17  1.92655847702333e-17 -0.000926414418831475
 9.97953389602084e-07      1.99997318904385  0.000491534376739724  -0.00167734781517962 -0.000395174549464404  1.05088084996091e-16  1.06904769157911e-16 -7.23877891947756e-18  5.33905532074645e-18  0.000984901746491158
-0.000124313277652483  0.000491534376739724      1.97224615515927    0.0449601244477253      0.11068645560891 -2.03184764154641e-14 -2.06705759884213e-14 -2.49756020313365e-15  1.84351387405027e-15    -0.173527477438194
 0.000138402946288837  -0.00167734781517962    0.0449601244477253      1.88090400803774   -0.0971870674516976   1.7664456504804e-14  1.79713329201362e-14  3.94491770402654e-15 -2.91186357533213e-15     0.171593049535194
 0.000607607211790354 -0.000395174549464404      0.11068645560891   -0.0971870674516976      1.41277618726824  1.07203277222289e-13  1.09061125787476e-13  1.13861926122611e-14 -8.40536942280048e-15     0.886490247175756
-1.01053620299768e-16  1.05088084996091e-16 -2.03184764154641e-14   1.7664456504804e-14  1.07203277222289e-13      1.19712435204445 -1.02227712106094e-14     0.135748856676991    -0.954591796349897 -7.61462656864886e-14
-1.02805028444546e-16  1.06904769157911e-16 -2.06705759884213e-14  1.79713329201362e-14  1.09061125787476e-13 -1.02227712106094e-14      1.19712435204397     0.954591796349984     0.135748856676999 -7.74579332682061e-14
 -2.6108436067771e-17 -7.23877891947756e-18 -2.49756020313365e-15  3.94491770402654e-15  1.13861926122611e-14     0.135748856676991     0.954591796349984     0.842070049986965   5.7266024771968e-14 -1.35808626281727e-13
 1.92655847702333e-17  5.33905532074645e-18  1.84351387405027e-15 -2.91186357533213e-15 -8.40536942280048e-15    -0.954591796349897     0.135748856676999   5.7266024771968e-14     0.842070049986495  1.00180234205638e-13
-0.000926414418831475  0.000984901746491158    -0.173527477438194     0.171593049535194     0.886490247175756 -7.61462656864886e-14 -7.74579332682061e-14 -1.35808626281727e-13  1.00180234205638e-13     0.655712299130495
TOTAL ENERGY: -124.237886610179	 lambda: -4.5	 population of target: 3.99401082416313
1RDM: 
     1.99999936137601  9.95137462171469e-07  -0.00012369837396016  0.000137884810742982  0.000605195120194488 -1.00727754629245e-16 -1.02473503624774e-16 -2.59705267386061e-17  1.91638119632333e-17 -0.000923807934935503
 9.95137462171469e-07      1.99997318816816   0.00049113948286288  -0.00167729591982965  -0.00039432070427434  1.05056123325817e-16  1.06872484329111e-16 -7.31194495171787e-18  5.39280183311481e-18  0.000985432143469675
 -0.00012369837396016   0.00049113948286288      1.97233451523796    0.0448894275427329     0.110382324865049 -2.02821570637072e-14 -2.06336138472369e-14 -2.47779399033955e-15   1.8289149854481e-15    -0.173271208758191
 0.000137884810742982  -0.00167729591982965    0.0448894275427329      1.88093969213447   -0.0969805625641744  1.76474164970356e-14  1.79539472903846e-14  3.92799100959112e-15 -2.89932181166022e-15     0.171519642257971
 0.000605195120194488  -0.00039432070427434     0.110382324865049   -0.0969805625641744      1.41366397427722  1.07133122967833e-13  1.08989768161516e-13  1.13029954985902e-14 -8.34399714241542e-15     0.886139796510023
-1.00727754629245e-16  1.05056123325817e-16 -2.02821570637072e-14  1.76474164970356e-14  1.07133122967833e-13      1.19733834720198 -1.01370473189039e-14     0.135743572912959    -0.954554640743853 -7.61996832914245e-14
-1.02473503624774e-16  1.06872484329111e-16 -2.06336138472369e-14  1.79539472903846e-14  1.08989768161516e-13 -1.01370473189039e-14      1.19733834720149     0.954554640743942     0.135743572912968 -7.75122902879263e-14
-2.59705267386061e-17 -7.31194495171787e-18 -2.47779399033955e-15  3.92799100959112e-15  1.13029954985902e-14     0.135743572912959     0.954554640743942     0.841851481836379  5.75656665450893e-14  -1.3576140735136e-13
 1.91638119632333e-17  5.39280183311481e-18   1.8289149854481e-15 -2.89932181166022e-15 -8.34399714241542e-15    -0.954554640743853     0.135743572912968  5.75656665450893e-14     0.841851481835905  1.00145403609467e-13
-0.000923807934935503  0.000985432143469675    -0.173271208758191     0.171519642257971     0.886139796510023 -7.61996832914245e-14 -7.75122902879263e-14  -1.3576140735136e-13  1.00145403609467e-13     0.654709610730482
TOTAL ENERGY: -124.238250614697	 lambda: -4.45	 population of target: 3.99409216999531
1RDM: 
     1.99999936542354  9.92327072096455e-07 -0.000123081121746712   0.00013736928605082  0.000602775423214199 -1.00402464765883e-16 -1.02142581116472e-16 -2.58319559028771e-17  1.90615681872553e-17 -0.000921223880370032
 9.92327072096455e-07      1.99997318734733   0.00049073249521964  -0.00167723947066289 -0.000393431671459906  1.05030843154675e-16  1.06846564178637e-16 -7.39929883574221e-18  5.45747216488295e-18  0.000985972664173944
-0.000123081121746712   0.00049073249521964      1.97242486120411    0.0448175142088904     0.110069851635908 -2.02443962521833e-14 -2.05952123372122e-14 -2.45815786783739e-15  1.81444019112751e-15    -0.173009333525209
  0.00013736928605082  -0.00167723947066289    0.0448175142088904      1.88097550983361    -0.096770364442014   1.7628345549271e-14  1.79345970945547e-14  3.91330003451989e-15 -2.88853513001446e-15     0.171449098936446
 0.000602775423214199 -0.000393431671459906     0.110069851635908    -0.096770364442014      1.41458623725302  1.07060493933166e-13  1.08915874138106e-13  1.12161335465711e-14 -8.27990140508138e-15     0.885773846272847
-1.00402464765883e-16  1.05030843154675e-16 -2.02443962521833e-14   1.7628345549271e-14  1.07060493933166e-13      1.19756067961702 -1.16776310987927e-14     0.135738061124575      -0.9545158815591 -7.62549115197408e-14
-1.02142581116472e-16  1.06846564178637e-16 -2.05952123372122e-14  1.79345970945547e-14  1.08915874138106e-13 -1.16776310987927e-14      1.19756067961652      0.95451588155919     0.135738061124584 -7.75684903900776e-14
-2.58319559028771e-17 -7.39929883574221e-18 -2.45815786783739e-15  3.91330003451989e-15  1.12161335465711e-14     0.135738061124575      0.95451588155919     0.841624649535806  5.81416505406215e-14 -1.35712266617182e-13
 1.90615681872553e-17  5.45747216488295e-18  1.81444019112751e-15 -2.88853513001446e-15 -8.27990140508138e-15      -0.9545158815591     0.135738061124584  5.81416505406215e-14     0.841624649535317   1.0010915600175e-13
-0.000921223880370032  0.000985972664173944    -0.173009333525209     0.171449098936446     0.885773846272847 -7.62549115197408e-14 -7.75684903900776e-14 -1.35712266617182e-13   1.0010915600175e-13     0.653670180633804
TOTAL ENERGY: -124.238630471297	 lambda: -4.4	 population of target: 3.99417801769136
1RDM: 
     1.99999936943989  9.89522766605308e-07 -0.000122461478247192  0.000136856494501639   0.00060034790879207 -1.00078309314246e-16 -1.01812804485601e-16 -2.56920478918496e-17  1.89583292194238e-17 -0.000918663910391418
 9.89522766605308e-07      1.99997318658531  0.000490312863157811  -0.00167717811382666 -0.000392505530970641  1.04999204706612e-16  1.06814401379505e-16 -7.48408690340832e-18  5.52001195189198e-18  0.000986523748366529
-0.000122461478247192  0.000490312863157811      1.97251727107793    0.0447443267021866     0.109748650672806 -2.02059512242084e-14 -2.05561006985996e-14 -2.43757197573928e-15  1.79924999263148e-15    -0.172741637743563
 0.000136856494501639  -0.00167717811382666    0.0447443267021866       1.8810114853873   -0.0965562413813239   1.7610228891263e-14  1.79161649518938e-14   3.8968698243162e-15 -2.87641034699252e-15     0.171381537008081
  0.00060034790879207 -0.000392505530970641     0.109748650672806   -0.0965562413813239      1.41554493171659  1.06984669288001e-13  1.08838739026006e-13  1.11261556256713e-14 -8.21351690741785e-15     0.885391436355396
-1.00078309314246e-16  1.04999204706612e-16 -2.02059512242084e-14   1.7610228891263e-14  1.06984669288001e-13      1.19779183898184 -1.13281400558823e-14     0.135732307582534    -0.954475422419926  -7.6312060121607e-14
-1.01812804485601e-16  1.06814401379505e-16 -2.05561006985996e-14  1.79161649518938e-14  1.08838739026006e-13 -1.13281400558823e-14      1.19779183898133     0.954475422420019     0.135732307582543 -7.76266444299211e-14
-2.56920478918496e-17 -7.48408690340832e-18 -2.43757197573928e-15   3.8968698243162e-15  1.11261556256713e-14     0.135732307582534     0.954475422420019     0.841389065339955  5.98864146855197e-14  -1.3566106691315e-13
 1.89583292194238e-17  5.52001195189198e-18  1.79924999263148e-15 -2.87641034699252e-15 -8.21351690741785e-15    -0.954475422419926     0.135732307582543  5.98864146855197e-14     0.841389065339457  1.00071389299701e-13
-0.000918663910391418  0.000986523748366529    -0.172741637743563     0.171381537008081     0.885391436355396  -7.6312060121607e-14 -7.76266444299211e-14  -1.3566106691315e-13  1.00071389299701e-13     0.652591947150438
TOTAL ENERGY: -124.239027240437	 lambda: -4.35	 population of target: 3.9942687125715
1RDM: 
     1.99999937342373  9.86725124596731e-07 -0.000121839397054389  0.000136346561096954  0.000597912318464269 -9.97552183103545e-17 -1.01484111086544e-16 -2.55509604345225e-17  1.88542202950821e-17 -0.000916129773158233
 9.86725124596731e-07      1.99997318588645  0.000489880015434184  -0.00167711147027586 -0.000391540219313724  1.04965537640447e-16  1.06780174295983e-16 -7.57230084731273e-18  5.58508033053913e-18  0.000987085876140867
-0.000121839397054389  0.000489880015434184      1.97261182612588    0.0446698044609975     0.109418312898387  -2.0166506360143e-14 -2.05159719859087e-14 -2.41636925542371e-15  1.78360474158237e-15    -0.172467899298049
 0.000136346561096954  -0.00167711147027586    0.0446698044609975      1.88104764485444   -0.0963379404213832  1.75920288183562e-14  1.78976482521537e-14  3.88003580903735e-15 -2.86398791838038e-15     0.171317078731384
 0.000597912318464269 -0.000391540219313724     0.109418312898387   -0.0963379404213832      1.41654216641318  1.06905661120597e-13  1.08758365286248e-13  1.10326163645028e-14 -8.14450482730252e-15      0.88499152565269
-9.97552183103545e-17  1.04965537640447e-16  -2.0166506360143e-14  1.75920288183562e-14  1.06905661120597e-13      1.19803235304543  -1.0148956526945e-14     0.135726297390166    -0.954433158502062 -7.63712294903864e-14
-1.01484111086544e-16  1.06780174295983e-16 -2.05159719859087e-14  1.78976482521537e-14  1.08758365286248e-13  -1.0148956526945e-14      1.19803235304493     0.954433158502154     0.135726297390176 -7.76868548662613e-14
-2.55509604345225e-17 -7.57230084731273e-18 -2.41636925542371e-15  3.88003580903735e-15  1.10326163645028e-14     0.135726297390166     0.954433158502154     0.841144205250591  5.90595922012774e-14 -1.35607690784425e-13
 1.88542202950821e-17  5.58508033053913e-18  1.78360474158237e-15 -2.86398791838038e-15 -8.14450482730252e-15    -0.954433158502062     0.135726297390176  5.90595922012774e-14     0.841144205250108  1.00032017174856e-13
-0.000916129773158233  0.000987085876140867    -0.172467899298049     0.171317078731384      0.88499152565269 -7.63712294903864e-14 -7.76868548662613e-14 -1.35607690784425e-13  1.00032017174856e-13     0.651472686705316
TOTAL ENERGY: -124.239442077383	 lambda: -4.3	 population of target: 3.99436463385756
1RDM: 
      1.9999993773736  9.83934721351157e-07 -0.000121214827451945  0.000135839614023904  0.000595468353277539 -9.94332883018015e-17 -1.01156599120966e-16 -2.54086298802186e-17  1.87491944270777e-17  -0.00091362332917571
 9.83934721351157e-07      1.99997318525551  0.000489433341080347  -0.00167703912075775  -0.00039053351970541  1.04929698725114e-16    1.067437381761e-16 -7.66410554854018e-18   5.6527979774233e-18   0.00098765955565466
-0.000121214827451945  0.000489433341080347      1.97270861202204    0.0445938826700914     0.109078402813178 -2.01260186175842e-14 -2.04747823546777e-14 -2.39451726705242e-15  1.76748044286808e-15    -0.172187885162525
 0.000135839614023904  -0.00167703912075775    0.0445938826700914      1.88108401772588   -0.0961151874517035  1.75737398634686e-14  1.78790412199171e-14  3.86276680008726e-15 -2.85124460828578e-15      0.17125585259633
 0.000595468353277539  -0.00039053351970541     0.109078402813178   -0.0961151874517035      1.41758021426851  1.06823275430119e-13  1.08674555601505e-13  1.09353069429955e-14 -8.07271114011805e-15      0.88457298483806
-9.94332883018015e-17  1.04929698725114e-16 -2.01260186175842e-14  1.75737398634686e-14  1.06823275430119e-13      1.19828279280285 -9.48130197988792e-15     0.135720014401299    -0.954388976267499  -7.6432532058591e-14
-1.01156599120966e-16    1.067437381761e-16 -2.04747823546777e-14  1.78790412199171e-14  1.08674555601505e-13 -9.48130197988792e-15      1.19828279280236     0.954388976267587     0.135720014401309 -7.77492361133701e-14
-2.54086298802186e-17 -7.66410554854018e-18 -2.39451726705242e-15  3.86276680008726e-15  1.09353069429955e-14     0.135720014401299     0.954388976267587     0.840889501939267  5.83098630109764e-14 -1.35552002692368e-13
 1.87491944270777e-17   5.6527979774233e-18  1.76748044286808e-15 -2.85124460828578e-15 -8.07271114011805e-15    -0.954388976267499     0.135720014401309  5.83098630109764e-14     0.840889501938791  9.99909396443275e-14
 -0.00091362332917571   0.00098765955565466    -0.172187885162525      0.17125585259633      0.88457298483806  -7.6432532058591e-14 -7.77492361133701e-14 -1.35552002692368e-13  9.99909396443275e-14     0.650310003871202
TOTAL ENERGY: -124.239876243157	 lambda: -4.25	 population of target: 3.99446619881983
1RDM: 
     1.99999938128803  9.81152141388533e-07 -0.000120587714111716  0.000135335785058751  0.000593015664433874 -9.91126192442542e-17 -1.00830370282361e-16 -2.52649869944194e-17  1.86432005366648e-17 -0.000911146556677004
 9.81152141388533e-07      1.99997318469772  0.000488972189632963  -0.00167696060493152 -0.000389483044699832  1.04891547619073e-16    1.067049505231e-16 -7.75969604048464e-18  5.72330843941178e-18  0.000988245326241641
-0.000120587714111716  0.000488972189632963      1.97280771891408    0.0445164921958309      0.10872845642183 -2.00844415543574e-14 -2.04324845405361e-14 -2.37198249358463e-15  1.75085234854484e-15    -0.171901351401207
 0.000135335785058751  -0.00167696060493152    0.0445164921958309      1.88112063688237   -0.0958876845440989  1.75553525814197e-14  1.78603341772206e-14  3.84503332792117e-15 -2.83815860560638e-15     0.171197993561832
 0.000593015664433874 -0.000389483044699832      0.10872845642183   -0.0958876845440989      1.41866152994045  1.06737302906182e-13  1.08587097051939e-13  1.08340010498236e-14 -7.99796888791329e-15     0.884134586208108
-9.91126192442542e-17  1.04891547619073e-16 -2.00844415543574e-14  1.75553525814197e-14  1.06737302906182e-13      1.19854377649023 -9.97801408715123e-15     0.135713441097594    -0.954342752527058 -7.64960886672283e-14
-1.00830370282361e-16    1.067049505231e-16 -2.04324845405361e-14  1.78603341772206e-14  1.08587097051939e-13 -9.97801408715123e-15      1.19854377648975     0.954342752527147     0.135713441097603 -7.78139111435526e-14
-2.52649869944194e-17 -7.75969604048464e-18 -2.37198249358463e-15  3.84503332792117e-15  1.08340010498236e-14     0.135713441097594     0.954342752527147     0.840624340962773  5.70340773224987e-14 -1.35493855831314e-13
 1.86432005366648e-17  5.72330843941178e-18  1.75085234854484e-15 -2.83815860560638e-15 -7.99796888791329e-15    -0.954342752527058     0.135713441097603  5.70340773224987e-14     0.840624340962305  9.99480484176669e-14
-0.000911146556677004  0.000988245326241641    -0.171901351401207     0.171197993561832     0.884134586208108 -7.64960886672283e-14 -7.78139111435526e-14 -1.35493855831314e-13  9.99480484176669e-14     0.649101313372368
TOTAL ENERGY: -124.240331116887	 lambda: -4.2	 population of target: 3.99457386750227
1RDM: 
     1.99999938516545  9.78377980253618e-07 -0.000119957996539716  0.000134835209430496   0.00059055384507045 -9.87933229168012e-17  -1.0050553745287e-16 -2.51199496599895e-17  1.85361774386809e-17 -0.000908701560137644
 9.78377980253618e-07      1.99997318421878  0.000488495869025541  -0.00167687541997216 -0.000388386219429475  1.04850623560909e-16  1.06663356281743e-16 -7.85877287248825e-18  5.79636820763698e-18  0.000988843762861892
-0.000119957996539716  0.000488495869025541      1.97290924168203    0.0444375592812785     0.108367978757049 -2.00417480285098e-14 -2.03890496957279e-14  -2.3487019926425e-15  1.73367288042843e-15    -0.171608042712999
 0.000134835209430496  -0.00167687541997216    0.0444375592812785      1.88115753875934   -0.0956551071734071  1.75369444948757e-14  1.78416013635479e-14  3.82669374899733e-15 -2.82462112273754e-15     0.171143643304526
  0.00059055384507045 -0.000388386219429475     0.108367978757049   -0.0956551071734071      1.41978876871904  1.06647504079266e-13   1.0849574675499e-13  1.07284724396182e-14 -7.92011199642996e-15      0.88367499270499
-9.87933229168012e-17  1.04850623560909e-16 -2.00417480285098e-14  1.75369444948757e-14  1.06647504079266e-13      1.19881597433941 -9.19869098468406e-15     0.135706558441315    -0.954294353326814 -7.65620299112226e-14
 -1.0050553745287e-16  1.06663356281743e-16 -2.03890496957279e-14  1.78416013635479e-14   1.0849574675499e-13 -9.19869098468406e-15      1.19881597433892     0.954294353326902     0.135706558441325 -7.78810127046599e-14
-2.51199496599895e-17 -7.85877287248825e-18  -2.3487019926425e-15  3.82669374899733e-15  1.07284724396182e-14     0.135706558441315     0.954294353326902     0.840348056264615  5.84152997379094e-14 -1.35433094923348e-13
 1.85361774386809e-17  5.79636820763698e-18  1.73367288042843e-15 -2.82462112273754e-15 -7.92011199642996e-15    -0.954294353326814     0.135706558441325  5.84152997379094e-14     0.840348056264141  9.99032290554927e-14
-0.000908701560137644  0.000988843762861892    -0.171608042712999     0.171143643304526      0.88367499270499 -7.65620299112226e-14 -7.78810127046599e-14 -1.35433094923348e-13  9.99032290554927e-14     0.647843820248341
TOTAL ENERGY: -124.2408082092	 lambda: -4.15	 population of target: 3.99468814797941
1RDM: 
     1.99999938900422  9.75612808986424e-07 -0.000119325608248192  0.000134338023944544  0.000588082424288955 -9.84754903370741e-17 -1.00182194968146e-16 -2.49734466740943e-17  1.84280738687154e-17 -0.000906290581040436
 9.75612808986424e-07      1.99997318382513  0.000488003637203566  -0.00167678299969218 -0.000387240264262909   1.0480739341349e-16  1.06619403004279e-16 -7.96259656931521e-18  5.87295187927712e-18  0.000989455472139817
-0.000119325608248192  0.000488003637203566      1.97301328032176    0.0443570048384596     0.107996441514435 -1.99978409800092e-14  -2.0344381527228e-14  -2.3246923486007e-15  1.71595653284826e-15    -0.171307691782218
 0.000134338023944544  -0.00167678299969218    0.0443570048384596      1.88119476505376   -0.0954171020057767  1.75183245685151e-14  1.78226576124459e-14  3.80793657624786e-15 -2.81077976880809e-15     0.171092950657513
