TOTAL ENERGY: -123.953112967831	 lambda: -5	 population of target: 3.99963608321103
1RDM: 
     1.99999996362724  1.64447429645755e-07 -1.12310769981827e-05 -2.57179042536546e-05 -0.000160489279792021 -3.73007685226125e-17 -3.08167553161988e-16 -7.27852727428468e-17  4.04772952202027e-17  0.000211083419093202
 1.64447429645755e-07      1.99997292662804  0.000193370183601421    0.0017142700964847  0.000239751685476998 -2.00780650545252e-16  1.56587676887384e-16  4.49196535140996e-16  -3.1424293782728e-16 -0.000447821428508529
-1.12310769981827e-05  0.000193370183601421      1.99572545473055   -0.0169866024377305   -0.0467963070729539   4.1042488493442e-14 -1.19335061023797e-14 -1.18736393557448e-13   7.4111977157326e-14    0.0622991506300985
-2.57179042536546e-05    0.0017142700964847   -0.0169866024377305      1.88036949852015   -0.0825192767169409   4.9316979992869e-13  6.38297759780922e-13 -1.03381003114642e-12  6.34631675368587e-13     0.116950562484682
-0.000160489279792021  0.000239751685476998   -0.0467963070729539   -0.0825192767169409       1.2824016159874 -1.33670536268356e-13  -1.1385405734046e-12  -6.2376556074594e-13  2.17860293256942e-13     0.941250690207883
-3.73007685226125e-17 -2.00780650545252e-16   4.1042488493442e-14   4.9316979992869e-13 -1.33670536268356e-13      1.22691115667062 -2.05112511596732e-14     0.017136151603454    -0.958394536571556  3.27691561888279e-13
-3.08167553161988e-16  1.56587676887384e-16 -1.19335061023797e-14  6.38297759780922e-13  -1.1385405734046e-12 -2.05112511596732e-14      1.22691115666665     0.958394536572416    0.0171361516034603  1.23304455307626e-12
-7.27852727428468e-17  4.49196535140996e-16 -1.18736393557448e-13 -1.03381003114642e-12  -6.2376556074594e-13     0.017136151603454     0.958394536572416     0.811503031873867  5.06448805236439e-14  1.13731702458524e-12
 4.04772952202027e-17  -3.1424293782728e-16   7.4111977157326e-14  6.34631675368587e-13  2.17860293256942e-13    -0.958394536571556    0.0171361516034603  5.06448805236439e-14     0.811503031869897 -9.08061427098348e-14
 0.000211083419093202 -0.000447821428508529    0.0622991506300985     0.116950562484682     0.941250690207883  3.27691561888279e-13  1.23304455307626e-12  1.13731702458524e-12 -9.08061427098348e-14     0.764702163425616
TOTAL ENERGY: -123.953140748121	 lambda: -4.95	 population of target: 3.99964166741919
1RDM: 
     1.99999996356485  1.64704371866367e-07 -1.12289866763988e-05 -2.57460295408284e-05 -0.000160594533061346 -3.63825031705595e-17 -3.06927183162768e-16 -7.40279838779111e-17  4.12496095432759e-17  0.000211285418285125
 1.64704371866367e-07      1.99997292659792  0.000193300166757988   0.00171426990070041  0.000239586873763574 -2.01666096694648e-16  1.55122892592262e-16  4.47680168852894e-16 -3.13385513294227e-16 -0.000447927848883319
-1.12289866763988e-05  0.000193300166757988      1.99573325322077   -0.0169765339715383   -0.0467325804678383  4.08079377839891e-14  -1.2212807481125e-14 -1.18018225672874e-13  7.36774365642511e-14     0.062234875398823
-2.57460295408284e-05   0.00171426990070041   -0.0169765339715383      1.88037088673557   -0.0824898750780554  4.93261889474417e-13  6.38462108537769e-13 -1.03353251104619e-12   6.3447182454438e-13     0.116958892138352
-0.000160594533061346  0.000239586873763574   -0.0467325804678383   -0.0824898750780554      1.28266503660834  -1.3360687263691e-13 -1.13821310159606e-12 -6.20734184635964e-13  2.16082215617534e-13     0.941180694691389
-3.63825031705595e-17 -2.01666096694648e-16  4.08079377839891e-14  4.93261889474417e-13  -1.3360687263691e-13      1.22695076099055 -2.05175120142027e-14     0.017135999999167     -0.95838605759817  3.25838851886106e-13
-3.06927183162768e-16  1.55122892592262e-16  -1.2212807481125e-14  6.38462108537769e-13 -1.13821310159606e-12 -2.05175120142027e-14      1.22695076098659     0.958386057599025    0.0171359999991733  1.23025840744613e-12
-7.40279838779111e-17  4.47680168852894e-16 -1.18018225672874e-13 -1.03353251104619e-12 -6.20734184635964e-13     0.017135999999167     0.958386057599025     0.811463173647621  5.04744779656732e-14  1.13708590353267e-12
 4.12496095432759e-17 -3.13385513294227e-16  7.36774365642511e-14   6.3447182454438e-13  2.16082215617534e-13     -0.95838605759817    0.0171359999991733  5.04744779656732e-14     0.811463173643659 -9.07364588196799e-14
 0.000211285418285125 -0.000447927848883319     0.062234875398823     0.116958892138352     0.941180694691389  3.25838851886106e-13  1.23025840744613e-12  1.13708590353267e-12 -9.07364588196799e-14     0.764430064004179
TOTAL ENERGY: -123.953169649126	 lambda: -4.9	 population of target: 3.99964753589223
1RDM: 
     1.99999996349988  1.64967175823321e-07 -1.12269429759219e-05 -2.57750686759064e-05 -0.000160704201266049 -3.54276280761304e-17 -3.05637571601619e-16 -7.53227919212712e-17  4.20542241979979e-17  0.000211495526696813
 1.64967175823321e-07      1.99997292657128  0.000193228337218227   0.00171426934503842  0.000239416160184712 -2.02574938172916e-16  1.53617999347113e-16  4.46106426245991e-16  -3.1249529075013e-16 -0.000448036621653346
-1.12269429759219e-05  0.000193228337218227      1.99574124373549   -0.0169662210766698   -0.0466671452765633  4.05677280557402e-14 -1.24986649650298e-14 -1.17280941300546e-13  7.32313498777611e-14    0.0621689815785276
-2.57750686759064e-05   0.00171426934503842   -0.0169662210766698      1.88037229184718   -0.0824597296515468  4.93358363110971e-13  6.38633664801473e-13  -1.0332486855135e-12  6.34308418743408e-13     0.116967798614153
-0.000160704201266049  0.000239416160184712   -0.0466671452765633   -0.0824597296515468      1.28293763127898 -1.33541598476631e-13  -1.1378751275821e-12 -6.17597154694353e-13  2.14242148587232e-13     0.941108148890434
-3.54276280761304e-17 -2.02574938172916e-16  4.05677280557402e-14  4.93358363110971e-13 -1.33541598476631e-13      1.22699176351453  -2.0540089286387e-14    0.0171358428943146    -0.958377270926029  3.23921736366315e-13
-3.05637571601619e-16  1.53617999347113e-16 -1.24986649650298e-14  6.38633664801473e-13  -1.1378751275821e-12  -2.0540089286387e-14      1.22699176351056     0.958377270926889    0.0171358428943209   1.2273752937668e-12
-7.53227919212712e-17  4.46106426245991e-16 -1.17280941300546e-13  -1.0332486855135e-12 -6.17597154694353e-13    0.0171358428943146     0.958377270926889     0.811421924474569  5.05388227178366e-14  1.13684586010307e-12
 4.20542241979979e-17  -3.1249529075013e-16  7.32313498777611e-14  6.34308418743408e-13  2.14242148587232e-13    -0.958377270926029    0.0171358428943209  5.05388227178366e-14     0.811421924470605 -9.06638313360458e-14
 0.000211495526696813 -0.000448036621653346    0.0621689815785276     0.116967798614153     0.941108148890434  3.23921736366315e-13   1.2273752937668e-12  1.13684586010307e-12 -9.06638313360458e-14     0.764148567096969
TOTAL ENERGY: -123.953199738806	 lambda: -4.85	 population of target: 3.99965370840326
1RDM: 
     1.99999996343224  1.65236043538645e-07  -1.1224947162561e-05 -2.58050569018143e-05 -0.000160818455487825 -3.44345091257135e-17 -3.04296488422274e-16 -7.66717408321726e-17  4.28924099501675e-17  0.000211714097962925
 1.65236043538645e-07      1.99997292654838  0.000193154624673785   0.00171426840538573  0.000239239255579627 -2.03507932571746e-16  1.52071752786324e-16  4.44471659069192e-16 -3.11570238801245e-16 -0.000448147852901136
 -1.1224947162561e-05  0.000193154624673785      1.99574943347947   -0.0169556540736034   -0.0465999308680093  4.03216667080679e-14 -1.27912853522544e-14 -1.16523777971382e-13  7.27732561905161e-14    0.0621014075161681
-2.58050569018143e-05   0.00171426840538573   -0.0169556540736034      1.88037371559113   -0.0824288000076438   4.9345951213143e-13  6.38812934434947e-13 -1.03295839974763e-12  6.34141356926684e-13     0.116977307991631
-0.000160818455487825  0.000239239255579627   -0.0465999308680093   -0.0824288000076438      1.28321988599453  -1.3347466290241e-13 -1.13752614732201e-12 -6.14348841927679e-13  2.12336789624825e-13      0.94103291237397
-3.44345091257135e-17 -2.03507932571746e-16  4.03216667080679e-14   4.9345951213143e-13  -1.3347466290241e-13       1.2270342392864 -2.07498671499693e-14    0.0171356799912258    -0.958368159954557  3.21936797124396e-13
-3.04296488422274e-16  1.52071752786324e-16 -1.27912853522544e-14  6.38812934434947e-13 -1.13752614732201e-12 -2.07498671499693e-14      1.22703423928242     0.958368159955416    0.0171356799912321   1.2243900602278e-12
-7.66717408321726e-17  4.44471659069192e-16 -1.16523777971382e-13 -1.03295839974763e-12 -6.14348841927679e-13    0.0171356799912258     0.958368159955416     0.811379209667727  5.05378552612747e-14  1.13659636943742e-12
 4.28924099501675e-17 -3.11570238801245e-16  7.27732561905161e-14  6.34141356926684e-13  2.12336789624825e-13    -0.958368159954557    0.0171356799912321  5.05378552612747e-14     0.811379209663746 -9.05880747701068e-14
 0.000211714097962925 -0.000448147852901136    0.0621014075161681     0.116977307991631      0.94103291237397  3.21936797124396e-13   1.2243900602278e-12  1.13659636943742e-12 -9.05880747701068e-14     0.763857177053994
TOTAL ENERGY: -123.953231090614	 lambda: -4.8	 population of target: 3.99966020647822
1RDM: 
     1.99999996336181  1.65511193109988e-07 -1.12230005520315e-05  -2.5836031710452e-05 -0.000160937475171183 -3.34014721940335e-17 -3.02901670279411e-16  -7.8076839409565e-17  4.37654307543701e-17  0.000211941506276626
 1.65511193109988e-07      1.99997292652949   0.00019307895491055   0.00171426705346535  0.000239055851866201 -2.04466344563671e-16  1.50481936157537e-16  4.42773053766215e-16 -3.10608728934068e-16 -0.000448261655315808
-1.12230005520315e-05   0.00019307895491055      1.99575783003076   -0.0169448227288312    -0.046530862582007  4.00695497899352e-14 -1.30908890591264e-14 -1.15745921455676e-13  7.23026654252561e-14     0.062032088356643
 -2.5836031710452e-05   0.00171426705346535   -0.0169448227288312      1.88037516016865   -0.0823970428342659  4.93565536828086e-13  6.39000247927458e-13 -1.03266121898036e-12  6.33970397050612e-13      0.11698744797395
-0.000160937475171183  0.000239055851866201    -0.046530862582007   -0.0823970428342659      1.28351232115803  -1.3340599981006e-13 -1.13716557047963e-12 -6.10983243594155e-13  2.10362611115959e-13     0.940954834416904
-3.34014721940335e-17 -2.04466344563671e-16  4.00695497899352e-14  4.93565536828086e-13  -1.3340599981006e-13      1.22707826904632 -2.05844657631012e-14    0.0171355109520479    -0.958358706864538  3.19880368864979e-13
-3.02901670279411e-16  1.50481936157537e-16 -1.30908890591264e-14  6.39000247927458e-13 -1.13716557047963e-12 -2.05844657631012e-14      1.22707826904236     0.958358706865396    0.0171355109520542  1.22129717364986e-12
 -7.8076839409565e-17  4.42773053766215e-16 -1.15745921455676e-13 -1.03266121898036e-12 -6.10983243594155e-13    0.0171355109520479     0.958358706865396     0.811334948751958  5.05733411118096e-14  1.13633683147785e-12
 4.37654307543701e-17 -3.10608728934068e-16  7.23026654252561e-14  6.33970397050612e-13  2.10362611115959e-13    -0.958358706864538    0.0171355109520542  5.05733411118096e-14     0.811334948747987 -9.05089853208854e-14
 0.000211941506276626 -0.000448261655315808     0.062032088356643      0.11698744797395     0.940954834416904  3.19880368864979e-13  1.22129717364986e-12  1.13633683147785e-12 -9.05089853208854e-14     0.763555363162725
TOTAL ENERGY: -123.953263784179	 lambda: -4.75	 population of target: 3.99966705361374
1RDM: 
     1.99999996328843  1.65792838133833e-07 -1.12211043502724e-05 -2.58680314131965e-05 -0.000161061446942908 -3.23266966540493e-17 -3.01450676177284e-16 -7.95402490971057e-17  4.46746680505131e-17  0.000212178146087044
 1.65792838133833e-07      1.99997292651483   0.00019300125145951   0.00171426525634405  0.000238865619787013 -2.05452673548515e-16   1.4884399871075e-16  4.41010315696873e-16 -3.09610374420221e-16 -0.000448378149706172
-1.12211043502724e-05   0.00019300125145951       1.9957664412981   -0.0169337163632597   -0.0464598616903192  3.98111231136048e-14 -1.33977771911909e-14 -1.14946424960582e-13  7.18190106956714e-14     0.061960956322729
-2.58680314131965e-05   0.00171426525634405   -0.0169337163632597       1.8803766283104   -0.0823644113849804  4.93676377440004e-13    6.391954295587e-13 -1.03235601610751e-12  6.33794949753726e-13     0.116998247951038
-0.000161061446942908  0.000238865619787013   -0.0464598616903192   -0.0823644113849804      1.28381549659163 -1.33335518480545e-13 -1.13679276315161e-12   -6.074939672888e-13  2.08315857666467e-13     0.940873752574238
-3.23266966540493e-17 -2.05452673548515e-16  3.98111231136048e-14  4.93676377440004e-13 -1.33335518480545e-13      1.22712393879395 -2.05066875980943e-14    0.0171353354399132    -0.958348892667024   3.1774851543454e-13
-3.01450676177284e-16   1.4884399871075e-16 -1.33977771911909e-14    6.391954295587e-13 -1.13679276315161e-12 -2.05066875980943e-14      1.22712393878997     0.958348892667884    0.0171353354399196  1.21809070308768e-12
-7.95402490971057e-17  4.41010315696873e-16 -1.14946424960582e-13 -1.03235601610751e-12   -6.074939672888e-13    0.0171353354399132     0.958348892667884     0.811289056006109  5.06785643715075e-14  1.13606665174474e-12
 4.46746680505131e-17 -3.09610374420221e-16  7.18190106956714e-14  6.33794949753726e-13  2.08315857666467e-13    -0.958348892667024    0.0171353354399196  5.06785643715075e-14     0.811289056002136  -9.0426350633172e-14
 0.000212178146087044 -0.000448378149706172     0.061960956322729     0.116998247951038     0.940873752574238   3.1774851543454e-13  1.21809070308768e-12  1.13606665174474e-12  -9.0426350633172e-14     0.763242554404395
TOTAL ENERGY: -123.953297905933	 lambda: -4.7	 population of target: 3.99967427549122
1RDM: 
     1.99999996321202  1.66081258499473e-07 -1.12192600271683e-05 -2.59010996902068e-05 -0.000161190562948186 -3.12081046502091e-17 -2.99940627585178e-16 -8.10646049213502e-17  4.56217450211711e-17  0.000212424431244374
 1.66081258499473e-07      1.99997292650479  0.000192921428153845   0.00171426297581462  0.000238668207484459 -2.06485393113498e-16  1.47122882187786e-16  4.39220475417789e-16 -3.08593435984341e-16 -0.000448497463584035
-1.12192600271683e-05  0.000192921428153845      1.99577527561035   -0.0169223233901439    -0.046386845348291  3.95456407112855e-14 -1.37131853377906e-14 -1.14123138935961e-13    7.132111702896e-14    0.0618879407929846
-2.59010996902068e-05   0.00171426297581462   -0.0169223233901439       1.8803781231943   -0.0823308553738301  4.93788176698467e-13  6.39391030491469e-13 -1.03203247357514e-12  6.33609823672406e-13     0.117009739225495
-0.000161190562948186  0.000238668207484459    -0.046386845348291   -0.0823308553738301      1.28413001509282 -1.33262835152133e-13 -1.13640656880189e-12 -6.03874842459367e-13  2.06192848325788e-13     0.940789491384965
-3.12081046502091e-17 -2.06485393113498e-16  3.95456407112855e-14  4.93788176698467e-13 -1.33262835152133e-13      1.22717134029354 -2.04280838708006e-14    0.0171351531496796    -0.958338697185871   3.1553695139155e-13
-2.99940627585178e-16  1.47122882187786e-16 -1.37131853377906e-14  6.39391030491469e-13 -1.13640656880189e-12 -2.04280838708006e-14      1.22717134028958     0.958338697186729     0.017135153149686  1.21476418686687e-12
-8.10646049213502e-17  4.39220475417789e-16 -1.14123138935961e-13 -1.03203247357514e-12 -6.03874842459367e-13    0.0171351531496796     0.958338697186729     0.811241439721347  5.05295759301023e-14  1.13578542736856e-12
 4.56217450211711e-17 -3.08593435984341e-16    7.132111702896e-14  6.33609823672406e-13  2.06192848325788e-13    -0.958338697185871     0.017135153149686  5.05295759301023e-14     0.811241439717387 -9.03400160670613e-14
 0.000212424431244374 -0.000448497463584035    0.0618879407929846     0.117009739225495     0.940789491384965   3.1553695139155e-13  1.21476418686687e-12  1.13578542736856e-12 -9.03400160670613e-14     0.762918136363865
TOTAL ENERGY: -123.953333549406	 lambda: -4.65	 population of target: 3.99968190013558
1RDM: 
     1.99999996313243    1.663766428939e-07 -1.12174686027612e-05 -2.59352765693873e-05 -0.000161325033168744 -3.00437232691841e-17 -2.98368758080026e-16 -8.26522779645761e-17  4.66080839638565e-17  0.000212680809979923
   1.663766428939e-07      1.99997292649957  0.000192839407783867   0.00171426019732691  0.000238463234100039 -2.07581522694136e-16  1.45286442582451e-16  4.37436171930306e-16 -3.07574113899742e-16 -0.000448619730391798
-1.12174686027612e-05  0.000192839407783867      1.99578434171372   -0.0169106324754692   -0.0463117246338913  3.92724325627922e-14 -1.40382082873648e-14 -1.13274030075003e-13  7.08078788168703e-14    0.0618129656587091
-2.59352765693873e-05   0.00171426019732691   -0.0169106324754692      1.88037964542595   -0.0822963208607653   4.9389747963327e-13  6.39580446053266e-13 -1.03168121910153e-12  6.33410261302301e-13     0.117021955210739
-0.000161325033168744  0.000238463234100039   -0.0463117246338913   -0.0822963208607653      1.28445652020622 -1.33187580829054e-13  -1.1360056473844e-12 -6.00119135129087e-13  2.03989551742098e-13     0.940701862479603
-3.00437232691841e-17 -2.07581522694136e-16  3.92724325627922e-14   4.9389747963327e-13 -1.33187580829054e-13      1.22722057564002 -2.06326098484353e-14    0.0171349636220931    -0.958328097627582  3.13241075926959e-13
-2.98368758080026e-16  1.45286442582451e-16 -1.40382082873648e-14  6.39580446053266e-13  -1.1360056473844e-12 -2.06326098484353e-14      1.22722057563605     0.958328097628443    0.0171349636220995  1.21131063610136e-12
-8.26522779645761e-17  4.37436171930306e-16 -1.13274030075003e-13 -1.03168121910153e-12 -6.00119135129087e-13    0.0171349636220931     0.958328097628443     0.811191998724004  5.05813295085799e-14   1.1354924631045e-12
 4.66080839638565e-17 -3.07574113899742e-16  7.08078788168703e-14  6.33410261302301e-13  2.03989551742098e-13    -0.958328097627582    0.0171349636220995  5.05813295085799e-14      0.81119199872003 -9.02497727302737e-14
 0.000212680809979923 -0.000448619730391798    0.0618129656587091     0.117021955210739     0.940701862479603  3.13241075926959e-13  1.21131063610136e-12   1.1354924631045e-12 -9.02497727302737e-14     0.762581454302109
TOTAL ENERGY: -123.953370816775	 lambda: -4.6	 population of target: 3.99968995835023
1RDM: 
     1.99999996304947  1.66679213058758e-07 -1.12157309191434e-05 -2.59706049324273e-05 -0.000161465067303041 -2.88312885622619e-17 -2.96732034525787e-16 -8.43058913420474e-17  4.76353860352686e-17  0.000212947745668416
 1.66679213058758e-07      1.99997292649971  0.000192755090209868   0.00171425690410711   0.00023825029338164 -2.08656964353412e-16  1.43495734481468e-16   4.3545188403859e-16 -3.06449212018882e-16 -0.000448745091730602
-1.12157309191434e-05  0.000192755090209868      1.99579364885126   -0.0168986307114739   -0.0462344067634675  3.89936785091478e-14 -1.43684600229706e-14 -1.12403922346393e-13  7.02815964556555e-14    0.0617359530371928
-2.59706049324273e-05   0.00171425690410711   -0.0168986307114739      1.88038119441743   -0.0822607493188798  4.94025079937008e-13  6.39803323437029e-13  -1.0313509833975e-12  6.33220637113455e-13     0.117034931608029
-0.000161465067303041   0.00023825029338164   -0.0462344067634675   -0.0822607493188798      1.28479571134715 -1.33111330073564e-13 -1.13559248759415e-12 -5.96214803468892e-13  2.01699268610165e-13     0.940610660998098
-2.88312885622619e-17 -2.08656964353412e-16  3.89936785091478e-14  4.94025079937008e-13 -1.33111330073564e-13        1.227271752112 -2.06326088936189e-14    0.0171347664406232    -0.958317069587018   3.1085625599276e-13
-2.96732034525787e-16  1.43495734481468e-16 -1.43684600229706e-14  6.39803323437029e-13 -1.13559248759415e-12 -2.06326088936189e-14      1.22727175210803     0.958317069587878    0.0171347664406295  1.20772321752073e-12
-8.43058913420474e-17   4.3545188403859e-16 -1.12403922346393e-13  -1.0313509833975e-12 -5.96214803468892e-13    0.0171347664406232     0.958317069587878     0.811140627780166  5.06089101129626e-14  1.13518634167395e-12
 4.76353860352686e-17 -3.06449212018882e-16  7.02815964556555e-14  6.33220637113455e-13  2.01699268610165e-13    -0.958317069587018    0.0171347664406295  5.06089101129626e-14     0.811140627776189 -9.01550198266414e-14
 0.000212947745668416 -0.000448745091730602    0.0617359530371928     0.117034931608029     0.940610660998098   3.1085625599276e-13  1.20772321752073e-12  1.13518634167395e-12 -9.01550198266414e-14     0.762231796058651
TOTAL ENERGY: -123.953409819176	 lambda: -4.55	 population of target: 3.99969848390724
1RDM: 
       1.999999962963  1.66989285707342e-07 -1.12140484581929e-05 -2.60071352918889e-05 -0.000161610890265378 -2.75685080526347e-17 -2.95027365224224e-16 -8.60280024779321e-17  4.87052874821635e-17  0.000213225736729055
 1.66989285707342e-07      1.99997292650557  0.000192668373198884   0.00171425298720682  0.000238028962872184 -2.09782783977402e-16  1.41615962698878e-16  4.33425937036305e-16 -3.05298163223509e-16 -0.000448873710985338
-1.12140484581929e-05  0.000192668373198884      1.99580320682633   -0.0168863038441427   -0.0461547926837927   3.8707159418148e-14 -1.47079697067583e-14 -1.11507013012297e-13  6.97392581504232e-14    0.0616568198683846
-2.60071352918889e-05   0.00171425298720682   -0.0168863038441427      1.88038278244531   -0.0822240778351505  4.94154743558955e-13  6.40028605673256e-13 -1.03100151085835e-12  6.33020732601364e-13     0.117048705708088
-0.000161610890265378  0.000238028962872184   -0.0461547926837927   -0.0822240778351505      1.28514833841031 -1.33032565299084e-13 -1.13516374003791e-12 -5.92156395791472e-13  1.99318637177739e-13      0.94051566800606
-2.75685080526347e-17 -2.09782783977402e-16   3.8707159418148e-14  4.94154743558955e-13 -1.33032565299084e-13      1.22732498532111 -2.04825700193472e-14    0.0171345611623779    -0.958305588604698  3.08376840092065e-13
-2.95027365224224e-16  1.41615962698878e-16 -1.47079697067583e-14  6.40028605673256e-13 -1.13516374003791e-12 -2.04825700193472e-14      1.22732498531715     0.958305588605556    0.0171345611623843   1.2039935020101e-12
-8.60280024779321e-17  4.33425937036305e-16 -1.11507013012297e-13 -1.03100151085835e-12 -5.92156395791472e-13    0.0171345611623779     0.958305588605556     0.811087208881079  5.05265369987136e-14  1.13486678266798e-12
 4.87052874821635e-17 -3.05298163223509e-16  6.97392581504232e-14  6.33020732601364e-13  1.99318637177739e-13    -0.958305588604698    0.0171345611623843  5.05265369987136e-14     0.811087208877115 -9.00558832238964e-14
 0.000213225736729055 -0.000448873710985338    0.0616568198683846     0.117048705708088      0.94051566800606  3.08376840092065e-13   1.2039935020101e-12  1.13486678266798e-12 -9.00558832238964e-14     0.761868394453038
TOTAL ENERGY: -123.95345067796	 lambda: -4.5	 population of target: 3.9997075139553
1RDM: 
     1.99999996287289  1.67307106990425e-07 -1.12124221379267e-05 -2.60449161393679e-05 -0.000161762736056462 -2.62530131477729e-17 -2.93251365630399e-16  -8.7821411217178e-17  4.98194255832694e-17  0.000213515310186081
 1.67307106990425e-07      1.99997292651758  0.000192579164786594   0.00171424845798029  0.000237798760182935 -2.10905867113734e-16  1.39746289003195e-16  4.31227758298959e-16 -3.04053605722601e-16 -0.000449005738951373
-1.12124221379267e-05  0.000192579164786594      1.99581302572216    -0.016873638825376   -0.0460727771712306  3.84141233695772e-14 -1.50541186716173e-14 -1.10585798687652e-13  6.91819960032974e-14    0.0615754787820956
-2.60449161393679e-05   0.00171424845798029    -0.016873638825376      1.88038440600254   -0.0821862384074326  4.94299668842384e-13  6.40281267603482e-13 -1.03066290086685e-12  6.32825691567938e-13     0.117063318983014
-0.000161762736056462  0.000237798760182935   -0.0460727771712306   -0.0821862384074326      1.28551521536959 -1.32952619495403e-13 -1.13472059449262e-12  -5.8793195888629e-13  1.96840453990798e-13     0.940416641489892
-2.62530131477729e-17 -2.10905867113734e-16  3.84141233695772e-14  4.94299668842384e-13 -1.32952619495403e-13      1.22738040204454 -2.04924513438408e-14    0.0171343472749852    -0.958293626326645   3.0579771352203e-13
-2.93251365630399e-16  1.39746289003195e-16 -1.50541186716173e-14  6.40281267603482e-13 -1.13472059449262e-12 -2.04924513438408e-14      1.22738040204059       0.9582936263275    0.0171343472749915  1.20011321823753e-12
 -8.7821411217178e-17  4.31227758298959e-16 -1.10585798687652e-13 -1.03066290086685e-12  -5.8793195888629e-13    0.0171343472749852       0.9582936263275     0.811031616398907  5.04339068404935e-14  1.13453239095946e-12
 4.98194255832694e-17 -3.04053605722601e-16  6.91819960032974e-14  6.32825691567938e-13  1.96840453990798e-13    -0.958293626326645    0.0171343472749915  5.04339068404935e-14     0.811031616394946  -8.9951303034627e-14
 0.000213515310186081 -0.000449005738951373    0.0615754787820956     0.117063318983014     0.940416641489892   3.0579771352203e-13  1.20011321823753e-12  1.13453239095946e-12  -8.9951303034627e-14     0.761490426636353
TOTAL ENERGY: -123.953493525944	 lambda: -4.45	 population of target: 3.99971708945171
1RDM: 
     1.99999996277892  1.67632979340488e-07 -1.12108530253725e-05 -2.60840004606227e-05 -0.000161920849450556 -2.48820758585082e-17 -2.91400425427699e-16 -8.96890458108293e-17  5.09797545381444e-17  0.000213817026429252
 1.67632979340488e-07       1.9999729265362  0.000192487349070128   0.00171424323652414   0.00023755919703581 -2.12082408080545e-16  1.37782128277123e-16  4.28977231780835e-16 -3.02776771655418e-16 -0.000449141365339798
-1.12108530253725e-05  0.000192487349070128      1.99582311639495   -0.0168606199333278   -0.0459882488843894  3.81127771096849e-14 -1.54100974661263e-14 -1.09635421275433e-13  6.86072553230867e-14      0.06149183824692
-2.60840004606227e-05   0.00171424323652414   -0.0168606199333278      1.88038607295831   -0.0821471566026709  4.94447465741832e-13  6.40537706842367e-13 -1.03030405991793e-12  6.32619797304172e-13     0.117078813767972
-0.000161920849450556   0.00023755919703581   -0.0459882488843894   -0.0821471566026709      1.28589721948233 -1.32870032518852e-13 -1.13426015247347e-12 -5.83533873163309e-13  1.94260416114638e-13     0.940313324731092
-2.48820758585082e-17 -2.12082408080545e-16  3.81127771096849e-14  4.94447465741832e-13 -1.32870032518852e-13      1.22743813905089 -2.04811199762531e-14    0.0171341242301964    -0.958281151904827  3.03112091445784e-13
-2.91400425427699e-16  1.37782128277123e-16 -1.54100974661263e-14  6.40537706842367e-13 -1.13426015247347e-12 -2.04811199762531e-14      1.22743813904693     0.958281151905686    0.0171341242302028  1.19607266706851e-12
-8.96890458108293e-17  4.28977231780835e-16 -1.09635421275433e-13 -1.03030405991793e-12 -5.83533873163309e-13    0.0171341242301964     0.958281151905686     0.810973715403784  5.05627088124049e-14  1.13418265246581e-12
 5.09797545381444e-17 -3.02776771655418e-16  6.86072553230867e-14  6.32619797304172e-13  1.94260416114638e-13    -0.958281151904827    0.0171341242302028  5.05627088124049e-14     0.810973715399819 -8.98416245451178e-14
 0.000213817026429252 -0.000449141365339798      0.06149183824692     0.117078813767972     0.940313324731092  3.03112091445784e-13  1.19607266706851e-12  1.13418265246581e-12 -8.98416245451178e-14     0.761096992947948
TOTAL ENERGY: -123.953538508641	 lambda: -4.4	 population of target: 3.99972725561174
1RDM: 
     1.99999996268091  1.67967231065476e-07 -1.12093422306137e-05 -2.61244454874281e-05 -0.000162085485945489 -2.34529079576074e-17  -2.8947066315831e-16 -9.16340107432957e-17   5.2188183887441e-17  0.000214131480738721
 1.67967231065476e-07      1.99997292656195  0.000192392812592108   0.00171423727897246  0.000237309725843715 -2.13303111874228e-16  1.35741129557545e-16  4.26643296288432e-16 -3.01451306285194e-16 -0.000449280771643395
-1.12093422306137e-05  0.000192392812592108       1.9958334901639   -0.0168472314814848   -0.0459010892596873  3.78031305825239e-14 -1.57756289937812e-14 -1.08655318790237e-13  6.80146201038861e-14    0.0614058016682628
-2.61244454874281e-05   0.00171423727897246   -0.0168472314814848       1.8803877865529   -0.0821067524175653  4.94601149784843e-13  6.40803559852853e-13  -1.0299305751009e-12    6.324058155533e-13     0.117095236945075
-0.000162085485945489  0.000237309725843715   -0.0459010892596873   -0.0821067524175653      1.28629530478506 -1.32785036898299e-13 -1.13378188382804e-12 -5.78950576270246e-13  1.91571682102221e-13     0.940205433755803
-2.34529079576074e-17 -2.13303111874228e-16  3.78031305825239e-14  4.94601149784843e-13 -1.32785036898299e-13      1.22749834428875 -2.04726116869482e-14     0.017133891446058    -0.958268132906911  3.00313408510524e-13
 -2.8947066315831e-16  1.35741129557545e-16 -1.57756289937812e-14  6.40803559852853e-13 -1.13378188382804e-12 -2.04726116869482e-14       1.2274983442848     0.958268132907768    0.0171338914460643  1.19186179937478e-12
-9.16340107432957e-17  4.26643296288432e-16 -1.08655318790237e-13  -1.0299305751009e-12 -5.78950576270246e-13     0.017133891446058     0.958268132907768     0.810913357561465  5.04610006893314e-14  1.13381637940209e-12
  5.2188183887441e-17 -3.01451306285194e-16  6.80146201038861e-14    6.324058155533e-13  1.91571682102221e-13    -0.958268132906911    0.0171338914460643  5.04610006893314e-14     0.810913357557504 -8.97262699199607e-14
 0.000214131480738721 -0.000449280771643395    0.0614058016682628     0.117095236945075     0.940205433755803  3.00313408510524e-13  1.19186179937478e-12  1.13381637940209e-12 -8.97262699199607e-14     0.760687125562805
TOTAL ENERGY: -123.953585785894	 lambda: -4.35	 population of target: 3.99973806247626
1RDM: 
     1.99999996257867  1.68310146350683e-07 -1.12078902994697e-05 -2.61663073213178e-05 -0.000162256911354789 -2.19625061147322e-17 -2.87457950759082e-16 -9.36595266231008e-17  5.34467465750429e-17  0.000214459304892131
 1.68310146350683e-07      1.99997292659549  0.000192295433568155   0.00171423052872674  0.000237049761211073 -2.14563674173893e-16  1.33631591165016e-16   4.2420501499075e-16 -3.00066220738074e-16  -0.00044942415881564
-1.12078902994697e-05  0.000192295433568155      1.99584415896877   -0.0168334566970556   -0.0458111723007378  3.74850549724781e-14 -1.61506936429048e-14  -1.0764453335885e-13  6.74034727420837e-14    0.0613172675459387
-2.61663073213178e-05   0.00171423052872674   -0.0168334566970556      1.88038955111689   -0.0820649384504999  4.94762680496409e-13  6.41082456198541e-13 -1.02954533946196e-12  6.32185162346547e-13     0.117112638252037
-0.000162256911354789  0.000237049761211073   -0.0458111723007378   -0.0820649384504999      1.28671050639602 -1.32697692724526e-13 -1.13328500297571e-12 -5.74169797489633e-13  1.88767058747908e-13     0.940092660773546
-2.19625061147322e-17 -2.14563674173893e-16  3.74850549724781e-14  4.94762680496409e-13 -1.32697692724526e-13      1.22756117887932 -2.05550417317039e-14    0.0171336482873668     -0.95825453341733  2.97394406778502e-13
-2.87457950759082e-16  1.33631591165016e-16 -1.61506936429048e-14  6.41082456198541e-13 -1.13328500297571e-12 -2.05550417317039e-14      1.22756117887535     0.958254533418191    0.0171336482873732  1.18746966100761e-12
-9.36595266231008e-17   4.2420501499075e-16  -1.0764453335885e-13 -1.02954533946196e-12 -5.74169797489633e-13    0.0171336482873668     0.958254533418191     0.810850382759041  5.05574210804802e-14  1.13343233636276e-12
 5.34467465750429e-17 -3.00066220738074e-16  6.74034727420837e-14  6.32185162346547e-13  1.88767058747908e-13     -0.95825453341733    0.0171336482873732  5.05574210804802e-14      0.81085038275507  -8.9604758313813e-14
 0.000214459304892131  -0.00044942415881564    0.0613172675459387     0.117112638252037     0.940092660773546  2.97394406778502e-13  1.18746966100761e-12  1.13343233636276e-12  -8.9604758313813e-14      0.76025977107543
TOTAL ENERGY: -123.953635533562	 lambda: -4.3	 population of target: 3.99974956552653
1RDM: 
     1.99999996247198  1.68662080421323e-07  -1.1206498147993e-05  -2.6209649138581e-05 -0.000162435405974886 -2.04076955203892e-17 -2.85357914809921e-16 -9.57689144502139e-17  5.47575321717351e-17  0.000214801175590408
 1.68662080421323e-07      1.99997292663746    0.0001921950791184   0.00171422291958064  0.000236778672712223 -2.15865346520742e-16  1.31451567347819e-16  4.21654027764683e-16 -2.98616740121854e-16 -0.000449571743589798
 -1.1206498147993e-05    0.0001921950791184      1.99585513548111   -0.0168192774709057   -0.0457183636782964   3.7158260282597e-14 -1.65355663667703e-14 -1.06601665291219e-13  6.67729650358741e-14    0.0612261287040657
 -2.6209649138581e-05   0.00171422291958064   -0.0168192774709057       1.8803913722488   -0.0820216196836992  4.94932746900756e-13  6.41375568007316e-13 -1.02914806696431e-12  6.31957654499483e-13      0.11713107109465
-0.000162435405974886  0.000236778672712223   -0.0457183636782964   -0.0820216196836992      1.28714394961476 -1.32607944291692e-13 -1.13276843497245e-12 -5.69178459367463e-13  1.85838872617917e-13      0.93997466995868
-2.04076955203892e-17 -2.15865346520742e-16   3.7158260282597e-14  4.94932746900756e-13 -1.32607944291692e-13      1.22762681829875 -2.05816477911189e-14    0.0171333940510748    -0.958240314500289  2.94347154488094e-13
-2.85357914809921e-16  1.31451567347819e-16 -1.65355663667703e-14  6.41375568007316e-13 -1.13276843497245e-12 -2.05816477911189e-14      1.22762681829478      0.95824031450115    0.0171333940510812  1.18288428015207e-12
-9.57689144502139e-17  4.21654027764683e-16 -1.06601665291219e-13 -1.02914806696431e-12 -5.69178459367463e-13    0.0171333940510748      0.95824031450115     0.810784616114746  5.05324647512987e-14  1.13302921709258e-12
 5.47575321717351e-17 -2.98616740121854e-16  6.67729650358741e-14  6.31957654499483e-13  1.85838872617917e-13    -0.958240314500289    0.0171333940510812  5.05324647512987e-14     0.810784616110777 -8.94766029136414e-14
 0.000214801175590408 -0.000449571743589798    0.0612261287040657      0.11713107109465      0.93997466995868  2.94347154488094e-13  1.18288428015207e-12  1.13302921709258e-12 -8.94766029136414e-14     0.759813784726901
TOTAL ENERGY: -123.953687945608	 lambda: -4.25	 population of target: 3.99976182642475
1RDM: 
     1.99999996236061  1.69023358351699e-07 -1.12051661193108e-05  -2.6254534181578e-05 -0.000162621259643213 -1.87850197738251e-17 -2.83165770736429e-16 -9.79657569384078e-17  5.61227979592489e-17  0.000215157810558181
 1.69023358351699e-07      1.99997292668855  0.000192091614324817   0.00171421437658315  0.000236495774882735 -2.17217682017398e-16  1.29183331626632e-16  4.18999293547701e-16 -2.97107145830054e-16 -0.000449723758299103
-1.12051661193108e-05  0.000192091614324817       1.9958664329759   -0.0168046749656519   -0.0456225202995047  3.68222027065802e-14 -1.69309813809505e-14  -1.0552464637482e-13  6.61219002662908e-14    0.0611322724367353
 -2.6254534181578e-05   0.00171421437658315   -0.0168046749656519      1.88039325651913   -0.0819766922624116  4.95110176412113e-13  6.41680649313395e-13  -1.0287339336064e-12  6.31720762100168e-13     0.117150592877883
-0.000162621259643213  0.000236495774882735   -0.0456225202995047   -0.0819766922624116      1.28759686061799 -1.32515572441984e-13 -1.13223070696588e-12 -5.63962703750726e-13  1.82778958175184e-13     0.939851094156554
-1.87850197738251e-17 -2.17217682017398e-16  3.68222027065802e-14  4.95110176412113e-13 -1.32515572441984e-13      1.22769545396808 -2.07165928020177e-14    0.0171331279792111    -0.958225433648949  2.91162984349891e-13
-2.83165770736429e-16  1.29183331626632e-16 -1.69309813809505e-14  6.41680649313395e-13 -1.13223070696588e-12 -2.07165928020177e-14      1.22769545396411     0.958225433649812    0.0171331279792174  1.17809257994274e-12
-9.79657569384078e-17  4.18999293547701e-16  -1.0552464637482e-13  -1.0287339336064e-12 -5.63962703750726e-13    0.0171331279792111     0.958225433649812     0.810715866870411  5.05276480634324e-14  1.13260561827568e-12
 5.61227979592489e-17 -2.97107145830054e-16  6.61219002662908e-14  6.31720762100168e-13  1.82778958175184e-13    -0.958225433648949    0.0171331279792174  5.05276480634324e-14     0.810715866866435 -8.93412909140054e-14
 0.000215157810558181 -0.000449723758299103    0.0611322724367353     0.117150592877883     0.939851094156554  2.91162984349891e-13  1.17809257994274e-12  1.13260561827568e-12 -8.93412909140054e-14      0.75934791916882
TOTAL ENERGY: -123.953743236464	 lambda: -4.2	 population of target: 3.99977491386931
1RDM: 
     1.99999996224432   1.6939434426475e-07 -1.12038945918492e-05 -2.63010308967147e-05 -0.000162814775599905 -1.70908208784465e-17 -2.80876464676505e-16 -1.00253714075198e-16  5.75448575299744e-17  0.000215529977385253
  1.6939434426475e-07       1.9999729267496  0.000191984890342034   0.00171420481953041   0.00023620032535305 -2.18619202317472e-16  1.26830137705956e-16  4.16223985214685e-16 -2.95528331782804e-16  -0.00044988045230427
-1.12038945918492e-05  0.000191984890342034      1.99587806553959   -0.0167896288507234   -0.0455234894821916  3.64766518013712e-14  -1.7337068779449e-14 -1.04412084273021e-13  6.54494142372623e-14    0.0610355799988892
-2.63010308967147e-05   0.00171420481953041   -0.0167896288507234      1.88039521063645   -0.0819300427139888  4.95296480909425e-13   6.4200042412124e-13 -1.02830426831065e-12  6.31475104416773e-13     0.117171265428178
-0.000162814775599905   0.00023620032535305   -0.0455234894821916   -0.0819300427139888      1.28807057840085 -1.32420584050773e-13 -1.13167068565681e-12 -5.58506828005729e-13  1.79578113674437e-13     0.939721530823138
-1.70908208784465e-17 -2.18619202317472e-16  3.64766518013712e-14  4.95296480909425e-13 -1.32420584050773e-13      1.22776729503049 -2.06399349052706e-14    0.0171328492416212    -0.958209844350605  2.87832465153007e-13
-2.80876464676505e-16  1.26830137705956e-16  -1.7337068779449e-14   6.4200042412124e-13 -1.13167068565681e-12 -2.06399349052706e-14      1.22776729502652     0.958209844351464    0.0171328492416276  1.17308033329166e-12
-1.00253714075198e-16  4.16223985214685e-16 -1.04412084273021e-13 -1.02830426831065e-12 -5.58506828005729e-13    0.0171328492416212     0.958209844351464     0.810643926705024  5.04473149653124e-14  1.13215994855122e-12
 5.75448575299744e-17 -2.95528331782804e-16  6.54494142372623e-14  6.31475104416773e-13  1.79578113674437e-13    -0.958209844350605    0.0171328492416276  5.04473149653124e-14     0.810643926701048 -8.91982172921138e-14
 0.000215529977385253  -0.00044988045230427    0.0610355799988892     0.117171265428178     0.939721530823138  2.87832465153007e-13  1.17308033329166e-12  1.13215994855122e-12 -8.91982172921138e-14     0.758860812966095
TOTAL ENERGY: -123.95380164372	 lambda: -4.15	 population of target: 3.99978890457342
1RDM: 
     1.99999996212286  1.69775431466031e-07 -1.12026838361186e-05 -2.63492122932612e-05 -0.000163016270004658 -1.53211643201077e-17 -2.78484541230003e-16 -1.02636635763242e-16  5.90261439722219e-17  0.000215918496567013
 1.69775431466031e-07       1.9999729268215  0.000191874749790153   0.00171419415768168  0.000235891517700276 -2.20074644794103e-16  1.24383624444006e-16  4.13324073211343e-16 -2.93877816735675e-16  -0.00045004209506647
-1.12026838361186e-05  0.000191874749790153      1.99589004804734   -0.0167741175173343   -0.0454211080939244  3.61211901056238e-14 -1.77542909006104e-14 -1.03262063838268e-13  6.47543659131382e-14    0.0609359262303176
-2.63492122932612e-05   0.00171419415768168   -0.0167741175173343        1.880397242608   -0.0818815467344305  4.95491801195456e-13  6.42335083898262e-13 -1.02785699260824e-12  6.31219533999594e-13     0.117193155388892
