Lodwin Orthonormalized
TOTAL ENERGY: -123.606608193435	 lambda: -5	 population of target: 4.00000013289015
1RDM: 
     1.99997470018961   0.00165480909412702  1.51498112357925e-07  2.58453991449484e-09  4.08354681104052e-07 -1.31775729467402e-20 -3.22660534416656e-16 -2.03631904519397e-18  2.08268064995363e-22 -6.32244429704681e-05
  0.00165480909412702      1.88479362550053 -2.13896584171803e-05 -3.93569475601376e-07 -5.84341236246381e-05  2.00764932575888e-18  3.36761304251956e-13   2.8560668717238e-16 -2.23162773908599e-19    0.0659874896952156
 1.51498112357925e-07 -2.13896584171803e-05      1.99999993649433 -1.24415056425518e-09 -1.75487498867415e-07  6.29546662553212e-21  1.78939752321441e-15 -8.84845744057539e-19 -1.43643876041599e-18  0.000350627756449647
 2.58453991449484e-09 -3.93569475601376e-07 -1.24415056425518e-09      1.99999999997562 -3.43812263352187e-09 -1.28458391069854e-20  3.51213391162405e-17 -6.64693405928621e-20  -3.4683795152195e-16  6.88193474212223e-06
 4.08354681104052e-07 -5.84341236246381e-05 -1.75487498867415e-07 -3.43812263352187e-09       1.9999995150632  1.75579701788292e-20  4.57196197619695e-15 -1.00118535040877e-11  3.33844695420924e-19  0.000969212030091267
-1.31775729467402e-20  2.00764932575888e-18  6.29546662553212e-21 -1.28458391069854e-20  1.75579701788292e-20      1.99999999725713  3.31736733694256e-26 -3.04768943822505e-21 -7.33480902263337e-05 -3.51203965579958e-17
-3.22660534416656e-16  3.36761304251956e-13  1.78939752321441e-15  3.51213391162405e-17  4.57196197619695e-15  3.31736733694256e-26      1.99999999725713 -7.33481002392762e-05  3.93979285005709e-21 -1.00086752307606e-11
-2.03631904519397e-18   2.8560668717238e-16 -8.84845744057539e-19 -6.64693405928621e-20 -1.00118535040877e-11 -3.04768943822505e-21 -7.33481002392762e-05    0.0382029241983467 -5.90121628448739e-22 -4.57308388135695e-15
 2.08268064995363e-22 -2.23162773908599e-19 -1.43643876041599e-18  -3.4683795152195e-16  3.33844695420924e-19 -7.33480902263337e-05  3.93979285005709e-21 -5.90121628448739e-22    0.0382029241983455 -1.96768412992067e-21
-6.32244429704681e-05    0.0659874896952156  0.000350627756449647  6.88193474212223e-06  0.000969212030091267 -3.51203965579958e-17 -1.00086752307606e-11 -4.57308388135695e-15 -1.96768412992067e-21    0.0388263798657455
TOTAL ENERGY: -123.60660829378	 lambda: -4.95	 population of target: 4.00000015306084
1RDM: 
     1.99997470018974   0.00165480908347776  1.53375081068405e-07  2.59575019524636e-09  4.14715813076406e-07 -1.32343000227702e-20 -3.22660124909591e-16 -2.06876916722901e-18  2.08308073683635e-22 -6.32243530304325e-05
  0.00165480908347776      1.88479362573653 -2.16726268647495e-05 -3.95346550848754e-07 -5.94374473388609e-05  2.01669574419544e-18  3.36761315661398e-13  2.90740773494152e-16 -2.23157068406813e-19    0.0659874928769455
 1.53375081068405e-07 -2.16726268647495e-05      1.99999993470705 -1.26741122377399e-09 -1.81243688550353e-07  6.41326162830585e-21  1.81444300049146e-15 -9.96415732759749e-19  -1.4355655184182e-18  0.000355535362632248
 2.59575019524636e-09 -3.95346550848754e-07 -1.26741122377399e-09      1.99999999997539 -3.51827524608201e-09    -1.33488810815e-20  3.52848926817984e-17 -7.04960364566335e-20 -3.53696088538636e-16  6.91398286148811e-06
 4.14715813076406e-07 -5.94374473388609e-05 -1.81243688550353e-07 -3.51827524608201e-09      1.99999949688747  1.79674957728477e-20  4.65699061050965e-15 -1.00118530874259e-11  3.35908150028748e-19  0.000987247226740344
-1.32343000227702e-20  2.01669574419544e-18  6.41326162830585e-21    -1.33488810815e-20  1.79674957728477e-20      1.99999999715341   3.4105096064149e-26  -3.0641821620335e-21 -7.47221257756552e-05 -3.52843115632335e-17
-3.22660124909591e-16  3.36761315661398e-13  1.81444300049146e-15  3.52848926817984e-17  4.65699061050965e-15   3.4105096064149e-26      1.99999999715341 -7.47221357886052e-05  3.96435769111361e-21 -1.00086748646904e-11
-2.06876916722901e-18  2.90740773494152e-16 -9.96415732759749e-19 -7.04960364566335e-20 -1.00118530874259e-11  -3.0641821620335e-21 -7.47221357886052e-05    0.0382029245163712 -5.78519947838858e-22 -4.65811190953247e-15
 2.08308073683635e-22 -2.23157068406813e-19  -1.4355655184182e-18 -3.53696088538636e-16  3.35908150028748e-19 -7.47221257756552e-05  3.96435769111361e-21 -5.78519947838858e-22    0.0382029245163703 -1.96727718621788e-21
-6.32243530304325e-05    0.0659874928769455  0.000355535362632248  6.91398286148811e-06  0.000987247226740344 -3.52843115632335e-17 -1.00086748646904e-11 -4.65811190953247e-15 -1.96727718621788e-21    0.0388263991642608
TOTAL ENERGY: -123.606608398683	 lambda: -4.9	 population of target: 4.00000017436184
1RDM: 
     1.99997470018987   0.00165480907178957  1.55299494152633e-07  2.60714573953926e-09  4.21279768886962e-07 -1.32919712672595e-20 -3.22659695881043e-16 -2.10222535730476e-18  2.08349441619586e-22 -6.32242585201776e-05
  0.00165480907178957      1.88479362600607  -2.1963187762788e-05 -3.97156090131802e-07 -6.04762017488817e-05   2.0259075754901e-18  3.36761329293744e-13  2.96047884066606e-16 -2.23151321992456e-19    0.0659874965015123
 1.55299494152633e-07  -2.1963187762788e-05       1.9999999328437 -1.29144321320154e-09 -1.87289329596769e-07  6.53495855234327e-21  1.84019286797908e-15 -1.11372768196791e-18 -1.43465168116639e-18  0.000360580992948928
 2.60714573953926e-09 -3.97156090131802e-07 -1.29144321320154e-09      1.99999999997516 -3.60178868259321e-09  -1.3881507366182e-20   3.5451648212891e-17 -7.45776235047482e-20 -3.60821208933246e-16  6.94665840834748e-06
 4.21279768886962e-07 -6.04762017488817e-05 -1.87289329596769e-07 -3.60178868259321e-09       1.9999994776695  1.83941924057971e-20  4.74524425839519e-15 -1.00118526517138e-11  3.38048728475563e-19   0.00100596681177111
-1.32919712672595e-20   2.0259075754901e-18  6.53495855234327e-21  -1.3881507366182e-20  1.83941924057971e-20       1.9999999970437  3.50840482631453e-26  -3.0813039386277e-21 -7.61486149986413e-05 -3.54514252608833e-17
-3.22659695881043e-16  3.36761329293744e-13  1.84019286797908e-15   3.5451648212891e-17  4.74524425839519e-15  3.50840482631453e-26      1.99999999704369 -7.61486250115956e-05  3.98985954199928e-21 -1.00086744833469e-11
-2.10222535730476e-18  2.96047884066606e-16 -1.11372768196791e-18 -7.45776235047482e-20 -1.00118526517138e-11  -3.0813039386277e-21 -7.61486250115956e-05    0.0382029248579117 -5.66918310491204e-22 -4.74636558140892e-15
 2.08349441619586e-22 -2.23151321992456e-19 -1.43465168116639e-18 -3.60821208933246e-16  3.38048728475563e-19 -7.61486149986413e-05  3.98985954199928e-21 -5.66918310491204e-22     0.038202924857906   -1.966770802933e-21
-6.32242585201776e-05    0.0659874965015123  0.000360580992948928  6.94665840834748e-06   0.00100596681177111 -3.54514252608833e-17 -1.00086744833469e-11 -4.74636558140892e-15   -1.966770802933e-21    0.0388264195124927
TOTAL ENERGY: -123.606608508452	 lambda: -4.85	 population of target: 4.00000019687974
1RDM: 
     1.99997470019003   0.00165480905898262  1.57273189836425e-07  2.61873282958954e-09  4.28056476446082e-07 -1.33506163032711e-20 -3.22659245740597e-16 -2.13674057963446e-18  2.08392271508243e-22 -6.32241591703618e-05
  0.00165480905898262      1.88479362631217  -2.2261650270489e-05 -3.98999341137909e-07 -6.15523169538865e-05  2.03529085429121e-18   3.3676134531324e-13  3.01538287363517e-16 -2.23145539865942e-19    0.0659875005928449
 1.57273189836425e-07  -2.2261650270489e-05      1.99999993089994 -1.31628413398477e-09 -1.93644263900263e-07   6.6607463539186e-21  1.86667685744138e-15 -1.23651743753923e-18 -1.43369555394289e-18  0.000365770473225796
 2.61873282958954e-09 -3.98999341137909e-07 -1.31628413398477e-09      1.99999999997492 -3.68887139221463e-09 -1.44460635653943e-20  3.56217380189713e-17 -7.87119487638948e-20 -3.68228934495136e-16  6.97998730739494e-06
 4.28056476446082e-07 -6.15523169538865e-05 -1.93644263900263e-07 -3.68887139221463e-09      1.99999945732799  1.88391224463764e-20  4.83691005895215e-15 -1.00118521981013e-11  3.40270752722415e-19   0.00102541051622663
-1.33506163032711e-20  2.03529085429121e-18   6.6607463539186e-21 -1.44460635653943e-20  1.88391224463764e-20      1.99999999692752  3.61140159190401e-26 -3.09909145777847e-21 -7.76306195948119e-05 -3.56218647907231e-17
-3.22659245740597e-16   3.3676134531324e-13  1.86667685744138e-15  3.56217380189713e-17  4.83691005895215e-15  3.61140159190401e-26      1.99999999692752 -7.76306296077748e-05  4.01635305861743e-21 -1.00086740881405e-11
-2.13674057963446e-18  3.01538287363517e-16 -1.23651743753923e-18 -7.87119487638948e-20 -1.00118521981013e-11 -3.09909145777847e-21 -7.76306296077748e-05    0.0382029252242652 -5.55316719981042e-22 -4.83803199395217e-15
 2.08392271508243e-22 -2.23145539865942e-19 -1.43369555394289e-18 -3.68228934495136e-16  3.40270752722415e-19 -7.76306195948119e-05  4.01635305861743e-21 -5.55316719981042e-22    0.0382029252242658 -1.96615558190703e-21
-6.32241591703618e-05    0.0659875005928449  0.000365770473225796  6.97998730739494e-06   0.00102541051622663 -3.56218647907231e-17 -1.00086740881405e-11 -4.83803199395217e-15 -1.96615558190703e-21    0.0388264409914133
TOTAL ENERGY: -123.606608623425	 lambda: -4.8	 population of target: 4.00000022070957
1RDM: 
     1.99997470019018   0.00165480904496465  1.59298103810251e-07  2.63051805310051e-09  4.35056527635172e-07 -1.34102681876261e-20 -3.22658772796298e-16 -2.17236963546721e-18   2.0843666039936e-22 -6.32240546886119e-05
  0.00165480904496465      1.88479362665823 -2.25683404667847e-05 -4.00877621545054e-07 -6.26678672268413e-05  2.04485202352656e-18  3.36761363919656e-13  3.07222552552044e-16 -2.23139727542729e-19    0.0659875051766175
 1.59298103810251e-07 -2.25683404667847e-05      1.99999992887111 -1.34197401422748e-09 -2.00330072320662e-07  6.79082570371291e-21  1.89392636345344e-15 -1.36439323860368e-18 -1.43269561316874e-18  0.000371109955079425
 2.63051805310051e-09 -4.00877621545054e-07 -1.34197401422748e-09      1.99999999997467 -3.77974909575005e-09 -1.50451315499064e-20   3.5795302351696e-17 -8.28876313726233e-20 -3.75936127317657e-16  7.01399703893011e-06
 4.35056527635172e-07 -6.26678672268413e-05 -2.00330072320662e-07 -3.77974909575005e-09      1.99999943577355  1.93034350425987e-20  4.93218992334011e-15 -1.00118517284602e-11  3.42578875067266e-19   0.00104562120860242
-1.34102681876261e-20  2.04485202352656e-18  6.79082570371291e-21 -1.50451315499064e-20  1.93034350425987e-20      1.99999999680434  3.71988192398759e-26 -3.11758431923526e-21 -7.91714442538821e-05 -3.57957627939791e-17
-3.22658772796298e-16  3.36761363919656e-13  1.89392636345344e-15   3.5795302351696e-17  4.93218992334011e-15  3.71988192398759e-26      1.99999999680434 -7.91714542668541e-05  4.04389723213468e-21 -1.00086736812533e-11
-2.17236963546721e-18  3.07222552552044e-16 -1.36439323860368e-18 -8.28876313726233e-20 -1.00118517284602e-11 -3.11758431923526e-21 -7.91714542668541e-05    0.0382029256168419 -5.43715180094958e-22  -4.9333130480506e-15
  2.0843666039936e-22 -2.23139727542729e-19 -1.43269561316874e-18 -3.75936127317657e-16  3.42578875067266e-19 -7.91714442538821e-05  4.04389723213468e-21 -5.43715180094958e-22    0.0382029256168409 -1.96542076527543e-21
-6.32240546886119e-05    0.0659875051766175  0.000371109955079425  7.01399703893011e-06   0.00104562120860242 -3.57957627939791e-17 -1.00086736812533e-11  -4.9333130480506e-15 -1.96542076527543e-21    0.0388264636898736
TOTAL ENERGY: -123.606608743971	 lambda: -4.75	 population of target: 4.00000024595598
1RDM: 
     1.99997470019036   0.00165480902963781  1.61376275901309e-07  2.64250832030754e-09  4.42291235267117e-07 -1.34709600478623e-20 -3.22658275173945e-16 -2.20917216178905e-18   2.0848272414442e-22  -6.3223944760132e-05
  0.00165480902963781      1.88479362704791 -2.28836025099001e-05  -4.0279232406511e-07 -6.38250848531227e-05  2.05459779311236e-18  3.36761385325495e-13  3.13112355898345e-16 -2.23133891661002e-19    0.0659875102804702
 1.61376275901309e-07 -2.28836025099001e-05      1.99999992675224 -1.36855550364963e-09 -2.07370261787657e-07   6.9254103398047e-21  1.92197455739447e-15 -1.49692593979934e-18 -1.43165012548455e-18  0.000376605938273148
 2.64250832030754e-09  -4.0279232406511e-07 -1.36855550364963e-09      1.99999999997442 -3.87466659006137e-09 -1.56815585349765e-20  3.59724900291523e-17  -8.7098323248504e-20 -3.83961015353685e-16   7.0487167616671e-06
 4.42291235267117e-07 -6.38250848531227e-05 -2.07370261787657e-07 -3.87466659006137e-09      1.99999941290773  1.97883763188865e-20  5.03130202151193e-15 -1.00118512448283e-11  3.44978101784408e-19   0.00106664521080304
-1.34709600478623e-20  2.05459779311236e-18   6.9254103398047e-21 -1.56815585349765e-20  1.97883763188865e-20      1.99999999667362  3.83426524464702e-26 -3.13682532687976e-21 -8.07746612435196e-05 -3.59732602190117e-17
-3.22658275173945e-16  3.36761385325495e-13  1.92197455739447e-15  3.59724900291523e-17  5.03130202151193e-15  3.83426524464702e-26      1.99999999667362 -8.07746712564975e-05  4.07255582727516e-21 -1.00086732650666e-11
-2.20917216178905e-18  3.13112355898345e-16 -1.49692593979934e-18  -8.7098323248504e-20 -1.00118512448283e-11 -3.13682532687976e-21 -8.07746712564975e-05    0.0382029260371897 -5.32113695029567e-22 -5.03242687888447e-15
  2.0848272414442e-22 -2.23133891661002e-19 -1.43165012548455e-18 -3.83961015353685e-16  3.44978101784408e-19 -8.07746612435196e-05  4.07255582727516e-21 -5.32113695029567e-22    0.0382029260371854 -1.96455476790192e-21
 -6.3223944760132e-05    0.0659875102804702  0.000376605938273148   7.0487167616671e-06   0.00106664521080304 -3.59732602190117e-17 -1.00086732650666e-11 -5.03242687888447e-15 -1.96455476790192e-21    0.0388264877057187
TOTAL ENERGY: -123.606608870491	 lambda: -4.7	 population of target: 4.00000027273423
1RDM: 
     1.99997470019056   0.00165480901289537  1.63509857323148e-07  2.65471088119457e-09  4.49772696080084e-07 -1.35327225914308e-20 -3.22657750723496e-16 -2.24721452465137e-18  2.08530611924877e-22 -6.32238290419153e-05
  0.00165480901289537      1.88479362748538 -2.32077998916149e-05  -4.0474492184325e-07 -6.50263756085707e-05  2.06453503021358e-18  3.36761409734405e-13  3.19220969491591e-16 -2.23128040280829e-19    0.0659875159341244
 1.63509857323148e-07 -2.32077998916149e-05      1.99999992453796 -1.39607408695203e-09 -2.14790476436797e-07  7.06472836162779e-21  1.95085651038813e-15  -1.6336517515104e-18 -1.43055691170558e-18  0.000382265294827122
 2.65471088119457e-09  -4.0474492184325e-07 -1.39607408695203e-09      1.99999999997416 -3.97388978091031e-09 -1.63584904260392e-20  3.61534591156111e-17 -9.13507190755167e-20 -3.92323333640007e-16  7.08417744638834e-06
 4.49772696080084e-07 -6.50263756085707e-05 -2.14790476436797e-07 -3.97388978091031e-09      1.99999938862186  2.02953003508266e-20  5.13448245232983e-15 -1.00118507489126e-11  3.47473822285193e-19   0.00108853265308521
-1.35327225914308e-20  2.06453503021358e-18  7.06472836162779e-21 -1.63584904260392e-20  2.02953003508266e-20      1.99999999653471  3.95501292161268e-26  -3.1568608193373e-21 -8.24441380449936e-05 -3.61545082323389e-17
-3.22657750723496e-16  3.36761409734405e-13  1.95085651038813e-15  3.61534591156111e-17  5.13448245232983e-15  3.95501292161268e-26       1.9999999965347 -8.24441480579819e-05  4.10239787494194e-21 -1.00086728416036e-11
-2.24721452465137e-18  3.19220969491591e-16  -1.6336517515104e-18 -9.13507190755167e-20 -1.00118507489126e-11  -3.1568608193373e-21 -8.24441480579819e-05    0.0382029264869498 -5.20512269537321e-22 -5.13560949668761e-15
 2.08530611924877e-22 -2.23128040280829e-19 -1.43055691170558e-18 -3.92323333640007e-16  3.47473822285193e-19 -8.24441380449936e-05  4.10239787494194e-21 -5.20512269537321e-22    0.0382029264869506 -1.96354535264648e-21
-6.32238290419153e-05    0.0659875159341244  0.000382265294827122  7.08417744638834e-06   0.00108853265308521 -3.61545082323389e-17 -1.00086728416036e-11 -5.13560949668761e-15 -1.96354535264648e-21    0.0388265131467616
TOTAL ENERGY: -123.606609003429	 lambda: -4.65	 population of target: 4.00000030117164
1RDM: 
     1.99997470019078   0.00165480899461743   1.6570111854854e-07  2.66713335159198e-09  4.57513860557576e-07 -1.35955917759936e-20 -3.22657197193968e-16 -2.28656467856144e-18  2.08580460655183e-22 -6.32237071641452e-05
  0.00165480899461743      1.88479362797522 -2.35413167955556e-05 -4.06736974651464e-07  -6.6274336120967e-05  2.07467115242406e-18  3.36761437411372e-13  3.25561880842588e-16 -2.23122181766628e-19    0.0659875221696519
  1.6570111854854e-07 -2.35413167955556e-05      1.99999992222251 -1.42457831662861e-09 -2.22618736478627e-07  7.20902246034567e-21  1.98060932666142e-15 -1.77393183713466e-18 -1.42941410850846e-18  0.000388095295079195
 2.66713335159198e-09 -4.06736974651464e-07 -1.42457831662861e-09       1.9999999999739 -4.07770797632616e-09 -1.70794101652678e-20  3.63383776421486e-17 -9.56366781667728e-20 -4.01044483103714e-16  7.12041201564921e-06
 4.57513860557576e-07  -6.6274336120967e-05 -2.22618736478627e-07 -4.07770797632616e-09      1.99999936279577  2.08256782790724e-20  5.24198712672551e-15 -1.00118502437423e-11   3.5007186324918e-19   0.00111133787402352
-1.35955917759936e-20  2.07467115242406e-18  7.20902246034567e-21 -1.70794101652678e-20  2.08256782790724e-20      1.99999999638691  4.08263348070597e-26 -3.17774104303494e-21 -8.41840685029645e-05   -3.633966407455e-17
-3.22657197193968e-16  3.36761437411372e-13  1.98060932666142e-15  3.63383776421486e-17  5.24198712672551e-15  4.08263348070597e-26      1.99999999638691 -8.41840785159568e-05  4.13349822797328e-21 -1.00086724143188e-11
-2.28656467856144e-18  3.25561880842588e-16 -1.77393183713466e-18 -9.56366781667728e-20 -1.00118502437423e-11 -3.17774104303494e-21 -8.41840785159568e-05    0.0382029269679555 -5.08910908619931e-22  -5.2431167785747e-15
 2.08580460655183e-22 -2.23122181766628e-19 -1.42941410850846e-18 -4.01044483103714e-16   3.5007186324918e-19 -8.41840685029645e-05  4.13349822797328e-21 -5.08910908619931e-22    0.0382029269679509 -1.96237830547554e-21
-6.32237071641452e-05    0.0659875221696519  0.000388095295079195  7.12041201564921e-06   0.00111133787402352   -3.633966407455e-17 -1.00086724143188e-11  -5.2431167785747e-15 -1.96237830547554e-21    0.0388265401321028
TOTAL ENERGY: -123.60660914327	 lambda: -4.6	 population of target: 4.00000033140912
1RDM: 
     1.99997470019102   0.00165480897467435  1.67952457890378e-07  2.67978373096818e-09  4.65528610391694e-07 -1.36596019518483e-20 -3.22656612072517e-16 -2.32729746028838e-18  2.08632439454804e-22 -6.32235787242883e-05
  0.00165480897467435      1.88479362852251 -2.38845595675531e-05 -4.08770135267388e-07 -6.75717733594007e-05  2.08501382312161e-18  3.36761468623031e-13  3.32150212007474e-16 -2.23116325856381e-19     0.065987529021745
 1.67952457890378e-07 -2.38845595675531e-05      1.99999991979971  -1.4541200702005e-09 -2.30885708859945e-07   7.3585520052728e-21   2.0112722865856e-15  -1.9171039641281e-18  -1.4282194245803e-18  0.000394103635774147
 2.67978373096818e-09 -4.08770135267388e-07  -1.4541200702005e-09      1.99999999997363 -4.18643648672607e-09 -1.78481819077331e-20  3.65274244334738e-17 -9.99594632808873e-20 -4.10147710118685e-16  7.15745550714718e-06
 4.65528610391694e-07 -6.75717733594007e-05 -2.30885708859945e-07 -4.18643648672607e-09       1.9999993352963  2.13811137229229e-20  5.35409388910347e-15 -1.00118497321354e-11   3.5277851688535e-19   0.00113511987150017
-1.36596019518483e-20  2.08501382312161e-18   7.3585520052728e-21 -1.78481819077331e-20  2.13811137229229e-20      1.99999999622945  4.21768858834879e-26 -3.19952057250105e-21 -8.59990079774889e-05 -3.65288962542096e-17
-3.22656612072517e-16  3.36761468623031e-13   2.0112722865856e-15  3.65274244334738e-17  5.35409388910347e-15  4.21768858834879e-26      1.99999999622945 -8.59990179904878e-05  4.16593818746102e-21 -1.00086719864584e-11
-2.32729746028838e-18  3.32150212007474e-16  -1.9171039641281e-18 -9.99594632808873e-20 -1.00118497321354e-11 -3.19952057250105e-21 -8.59990179904878e-05    0.0382029274821756 -4.97309617892632e-22 -5.35522649249613e-15
 2.08632439454804e-22 -2.23116325856381e-19  -1.4282194245803e-18 -4.10147710118685e-16   3.5277851688535e-19 -8.59990079774889e-05  4.16593818746102e-21 -4.97309617892632e-22    0.0382029274821748 -1.96103837136216e-21
-6.32235787242883e-05     0.065987529021745  0.000394103635774147  7.15745550714718e-06   0.00113511987150017 -3.65288962542096e-17 -1.00086719864584e-11 -5.35522649249613e-15 -1.96103837136216e-21    0.0388265687935885
TOTAL ENERGY: -123.606609290548	 lambda: -4.55	 population of target: 4.00000036360292
1RDM: 
     1.99997470019129   0.00165480895291964   1.7026641085133e-07  2.69267042872186e-09  4.73831844667304e-07 -1.37247894432244e-20  -3.2265599266394e-16 -2.36949251190096e-18  2.08686730394763e-22 -6.32234432852514e-05
  0.00165480895291964      1.88479362913307 -2.42379583101142e-05 -4.10846156715149e-07 -6.89217265962033e-05  2.09557115541246e-18  3.36761503668553e-13  3.39002165686909e-16 -2.23110483202466e-19    0.0659875365279045
  1.7026641085133e-07 -2.42379583101142e-05      1.99999991726289 -1.48475483166389e-09  -2.3962501488478e-07   7.5135940174426e-21  2.04288700178392e-15 -2.06244334934722e-18 -1.42697045883954e-18  0.000400298470426232
 2.69267042872186e-09 -4.10846156715149e-07 -1.48475483166389e-09      1.99999999997335 -4.30041957327188e-09 -1.86691021181116e-20  3.67207899908803e-17 -1.04321560833345e-19 -4.19658309580112e-16  7.19534524610194e-06
 4.73831844667304e-07 -6.89217265962033e-05  -2.3962501488478e-07 -4.30041957327188e-09      1.99999930597558  2.19633565891654e-20  5.47110492048624e-15 -1.00118492173516e-11  3.55600596085171e-19   0.00115994281332715
-1.37247894432244e-20  2.09557115541246e-18   7.5135940174426e-21 -1.86691021181116e-20  2.19633565891654e-20      1.99999999606147  4.36079995211762e-26 -3.22225878684238e-21 -8.78939131584809e-05 -3.67223832612364e-17
 -3.2265599266394e-16  3.36761503668553e-13  2.04288700178392e-15  3.67207899908803e-17  5.47110492048624e-15  4.36079995211762e-26      1.99999999606147 -8.78939231714972e-05  4.19980621266505e-21 -1.00086715617966e-11
-2.36949251190096e-18  3.39002165686909e-16 -2.06244334934722e-18 -1.04321560833345e-19 -1.00118492173516e-11 -3.22225878684238e-21 -8.78939231714972e-05    0.0382029280317565 -4.85708403485943e-22 -5.47224074982316e-15
 2.08686730394763e-22 -2.23110483202466e-19 -1.42697045883954e-18 -4.19658309580112e-16  3.55600596085171e-19 -8.78939131584809e-05  4.19980621266505e-21 -4.85708403485943e-22    0.0382029280317568 -1.95950854945227e-21
-6.32234432852514e-05    0.0659875365279045  0.000400298470426232  7.19534524610194e-06   0.00115994281332715 -3.67223832612364e-17 -1.00086715617966e-11 -5.47224074982316e-15 -1.95950854945227e-21    0.0388265992773937
TOTAL ENERGY: -123.606609445854	 lambda: -4.5	 population of target: 4.00000039792672
1RDM: 
     1.99997470019157    0.0016548089291966  1.72645660342219e-07  2.70580228848636e-09  4.82439575913346e-07 -1.37911903869104e-20 -3.22655336052504e-16 -2.41323611563182e-18  2.08743544014309e-22 -6.32233003713436e-05
   0.0016548089291966      1.88479362981313 -2.46019686119185e-05 -4.12966900054889e-07 -7.03274921978652e-05  2.10635164636987e-18  3.36761542860643e-13  3.46135524792577e-16 -2.23104665515711e-19    0.0659875447287526
 1.72645660342219e-07 -2.46019686119185e-05      1.99999991460486 -1.51654200184833e-09 -2.48873580569987e-07   7.6744450176322e-21   2.0754975822538e-15 -2.20925399769155e-18 -1.42566440075469e-18  0.000406688442089301
 2.70580228848636e-09 -4.12966900054889e-07 -1.51654200184833e-09      1.99999999997306 -4.42003380461162e-09 -1.95469588163775e-20   3.6918677479598e-17 -1.08733810742797e-19 -4.29603855479859e-16  7.23412103923416e-06
 4.82439575913346e-07 -7.03274921978652e-05 -2.48873580569987e-07 -4.42003380461162e-09      1.99999927466901   2.2574320973619e-20  5.59334946301355e-15 -1.00118487024991e-11  3.58545482826493e-19   0.00118587661634426
-1.37911903869104e-20  2.10635164636987e-18   7.6744450176322e-21 -1.95469588163775e-20   2.2574320973619e-20      1.99999999588201  4.51265729519027e-26  -3.2460204101726e-21 -8.98741872490799e-05 -3.69203161689371e-17
-3.22655336052504e-16  3.36761542860643e-13   2.0754975822538e-15   3.6918677479598e-17  5.59334946301355e-15  4.51265729519027e-26      1.99999999588201 -8.98741972620995e-05  4.23519872628914e-21 -1.00086711440155e-11
-2.41323611563182e-18  3.46135524792577e-16 -2.20925399769155e-18 -1.08733810742797e-19 -1.00118487024991e-11  -3.2460204101726e-21 -8.98741972620995e-05    0.0382029286191181 -4.74107272195174e-22  -5.5944887028953e-15
 2.08743544014309e-22 -2.23104665515711e-19 -1.42566440075469e-18 -4.29603855479859e-16  3.58545482826493e-19 -8.98741872490799e-05  4.23519872628914e-21 -4.74107272195174e-22    0.0382029286191165 -1.95777023048583e-21
-6.32233003713436e-05    0.0659875447287526  0.000406688442089301  7.23412103923416e-06   0.00118587661634426 -3.69203161689371e-17 -1.00086711440155e-11  -5.5944887028953e-15 -1.95777023048583e-21    0.0388266317461085
TOTAL ENERGY: -123.606609609841	 lambda: -4.45	 population of target: 4.00000043457407
1RDM: 
     1.99997470019189   0.00165480890332786  1.75093047860706e-07  2.71918861616635e-09    4.913690373953e-07 -1.38588426867237e-20 -3.22654639149011e-16 -2.45862050779948e-18  2.08803110826396e-22 -6.32231494637791e-05
  0.00165480890332786      1.88479363057004 -2.49770734252658e-05   -4.151343429685e-07 -7.17926516948135e-05  2.11736430480233e-18   3.3676158654167e-13  3.53569468215643e-16 -2.23098885526083e-19    0.0659875536684669
 1.75093047860706e-07 -2.49770734252658e-05      1.99999991181789 -1.54954523968476e-09 -2.58672036778032e-07  7.84142245964023e-21  2.10915081701759e-15 -2.35685111489777e-18 -1.42429818644092e-18  0.000413282718742161
 2.71918861616635e-09   -4.151343429685e-07 -1.54954523968476e-09      1.99999999997276 -4.54569188598928e-09 -2.04871005204017e-20  3.71213038074546e-17 -1.13209014406731e-19 -4.40014463344164e-16  7.27382538586868e-06
   4.913690373953e-07 -7.17926516948135e-05 -2.58672036778032e-07 -4.54569188598928e-09      1.99999924119296  2.32161038852394e-20  5.72118692017317e-15 -1.00118481907589e-11  3.61621192693403e-19   0.00121299760530003
-1.38588426867237e-20  2.11736430480233e-18  7.84142245964023e-21 -2.04871005204017e-20  2.32161038852394e-20         1.99999999569  4.67402760714475e-26 -3.27087612694889e-21 -9.19457314012769e-05 -3.71228984538724e-17
-3.22654639149011e-16   3.3676158654167e-13  2.10915081701759e-15  3.71213038074546e-17  5.72118692017317e-15  4.67402760714475e-26         1.99999999569 -9.19457414143088e-05  4.27222103134357e-21  -1.0008670736976e-11
-2.45862050779948e-18  3.53569468215643e-16 -2.35685111489777e-18 -1.13209014406731e-19 -1.00118481907589e-11 -3.27087612694889e-21 -9.19457414143088e-05    0.0382029292468232 -4.62506231501093e-22 -5.72232966994734e-15
 2.08803110826396e-22 -2.23098885526083e-19 -1.42429818644092e-18 -4.40014463344164e-16  3.61621192693403e-19 -9.19457314012769e-05  4.27222103134357e-21 -4.62506231501093e-22    0.0382029292468203 -1.95580267231038e-21
-6.32231494637791e-05    0.0659875536684669  0.000413282718742161  7.27382538586868e-06   0.00121299760530003 -3.71228984538724e-17  -1.0008670736976e-11 -5.72232966994734e-15 -1.95580267231038e-21     0.038826666380804
TOTAL ENERGY: -123.606609783232	 lambda: -4.4	 population of target: 4.00000047376107
1RDM: 
     1.99997470019225   0.00165480887512008  1.77611585747135e-07  2.73283920878503e-09  5.00638803228348e-07 -1.39277850058239e-20 -3.22653898636978e-16 -2.50574502096228e-18  2.08865689330397e-22 -6.32229899979748e-05
  0.00165480887512008      1.88479363141178 -2.53637851053748e-05  -4.1735058918268e-07 -7.33211036442086e-05  2.12861863421245e-18  3.36761635082455e-13  3.61324874572725e-16 -2.23093157104987e-19     0.065987563395134
 1.77611585747135e-07 -2.53637851053748e-05      1.99999990889362 -1.58383283899559e-09 -2.69065177382308e-07  8.01486667019286e-21  2.14389636905214e-15 -2.50457886909004e-18 -1.42286835598666e-18  0.000420091031483011
 2.73283920878503e-09  -4.1735058918268e-07 -1.58383283899559e-09      1.99999999997246 -4.67784704236026e-09 -2.14955167278075e-20  3.73289008283532e-17 -1.17765828710709e-19 -4.50923089974127e-16  7.31450371378824e-06
 5.00638803228348e-07 -7.33211036442086e-05 -2.69065177382308e-07 -4.67784704236026e-09      1.99999920534207  2.38910076991641e-20  5.85501039288475e-15 -1.00118476853636e-11  3.64836439993257e-19   0.00124138926444027
-1.39277850058239e-20  2.12861863421245e-18  8.01486667019286e-21 -2.14955167278075e-20  2.38910076991641e-20      1.99999999548424  4.84576590735489e-26 -3.29690328424212e-21 -9.41150034268104e-05 -3.73303476406367e-17
-3.22653898636978e-16  3.36761635082455e-13  2.14389636905214e-15  3.73289008283532e-17  5.85501039288475e-15  4.84576590735489e-26      1.99999999548424 -9.41150134398528e-05  4.31098835755805e-21 -1.00086703447021e-11
-2.50574502096228e-18  3.61324874572725e-16 -2.50457886909004e-18 -1.17765828710709e-19 -1.00118476853636e-11 -3.29690328424212e-21 -9.41150134398528e-05    0.0382029299177778 -4.50905289694876e-22 -5.85615666018354e-15
 2.08865689330397e-22 -2.23093157104987e-19 -1.42286835598666e-18 -4.50923089974127e-16  3.64836439993257e-19 -9.41150034268104e-05  4.31098835755805e-21 -4.50905289694876e-22    0.0382029299177787 -1.95358284590037e-21
-6.32229899979748e-05     0.065987563395134  0.000420091031483011  7.31450371378824e-06   0.00124138926444027 -3.73303476406367e-17 -1.00086703447021e-11 -5.85615666018354e-15 -1.95358284590037e-21     0.038826703383789
TOTAL ENERGY: -123.606609966833	 lambda: -4.35	 population of target: 4.00000051572973
1RDM: 
     1.99997470019263   0.00165480884435756  1.80204470642568e-07  2.74676438552619e-09  5.10268923172833e-07 -1.39980574710511e-20 -3.22653111011251e-16 -2.55471637936843e-18  2.08931567237882e-22 -6.32228213558104e-05
  0.00165480884435756      1.88479363234747 -2.57626476263829e-05 -4.19617878787342e-07   -7.491709990493e-05  2.14012472363417e-18  3.36761688879364e-13  3.69424422223511e-16 -2.23087495288472e-19    0.0659875739609754
 1.80204470642568e-07 -2.57626476263829e-05        1.999999905823 -1.61947814402568e-09 -2.80102485350897e-07  8.19514290743719e-21  2.17978698549132e-15 -2.65189694557278e-18 -1.42137099930243e-18  0.000427123715729961
 2.74676438552619e-09 -4.19617878787342e-07 -1.61947814402568e-09      1.99999999997215 -4.81699804800369e-09 -2.25789321788208e-20  3.75417166650223e-17 -1.22428469726669e-19  -4.6236587624366e-16   7.3562046386452e-06
 5.10268923172833e-07   -7.491709990493e-05 -2.80102485350897e-07 -4.81699804800369e-09      1.99999916688606  2.46015656962762e-20  5.99525072489574e-15 -1.00118471892328e-11  3.68200715329775e-19   0.00127114309743221
-1.39980574710511e-20  2.14012472363417e-18  8.19514290743719e-21 -2.25789321788208e-20  2.46015656962762e-20      1.99999999526339  5.02882781320374e-26 -3.32418669557519e-21 -9.63890850114446e-05 -3.75428966665473e-17
-3.22653111011251e-16  3.36761688879364e-13  2.17978698549132e-15  3.75417166650223e-17  5.99525072489574e-15  5.02882781320374e-26      1.99999999526339 -9.63890950245007e-05  4.35162705918108e-21 -1.00086699710567e-11
-2.55471637936843e-18  3.69424422223511e-16 -2.65189694557278e-18 -1.22428469726669e-19 -1.00118471892328e-11 -3.32418669557519e-21 -9.63890950245007e-05    0.0382029306351496 -4.39304455972306e-22 -5.99640042677226e-15
 2.08931567237882e-22 -2.23087495288472e-19 -1.42137099930243e-18  -4.6236587624366e-16  3.68200715329775e-19 -9.63890850114446e-05  4.35162705918108e-21 -4.39304455972306e-22    0.0382029306351487 -1.95108506925381e-21
-6.32228213558104e-05    0.0659875739609754  0.000427123715729961   7.3562046386452e-06   0.00127114309743221 -3.75428966665473e-17 -1.00086699710567e-11 -5.99640042677226e-15 -1.95108506925381e-21    0.0388267429816155
TOTAL ENERGY: -123.60661016154	 lambda: -4.3	 population of target: 4.00000056075177
1RDM: 
     1.99997470019305   0.00165480881080051  1.82875098305803e-07  2.76097502057216e-09  5.20281074287914e-07 -1.40697014281144e-20 -3.22652272589082e-16 -2.60564956627859e-18  2.09001067202192e-22 -6.32226428601773e-05
  0.00165480881080051      1.88479363338739 -2.61742389912703e-05 -4.21938599610064e-07 -7.65852870618442e-05  2.15189328763333e-18  3.36761748354237e-13  3.77892835202861e-16  -2.2308191636456e-19    0.0659875854231456
 1.82875098305803e-07 -2.61742389912703e-05      1.99999990259626 -1.65656000881693e-09 -2.91838738586436e-07  8.38264369676631e-21  2.21687872423776e-15 -2.79844524041678e-18  -1.4198016272394e-18  0.000434391755634065
 2.76097502057216e-09 -4.21938599610064e-07 -1.65656000881693e-09      1.99999999997182 -4.96369501798429e-09 -2.37449176908238e-20  3.77600171823232e-17 -1.27228908192802e-19 -4.74382540987998e-16   7.3989802528412e-06
 5.20281074287914e-07 -7.65852870618442e-05 -2.91838738586436e-07 -4.96369501798429e-09      1.99999912556601  2.53505716466366e-20  6.14238114559133e-15 -1.00118467047116e-11   3.7172437079961e-19    0.0013023596143248
-1.40697014281144e-20  2.15189328763333e-18  8.38264369676631e-21 -2.37449176908238e-20  2.53505716466366e-20      1.99999999502594  5.22428426936729e-26 -3.35281956409038e-21 -9.87757589106081e-05 -3.77607956885406e-17
-3.22652272589082e-16  3.36761748354237e-13  2.21687872423776e-15  3.77600171823232e-17  6.14238114559133e-15  5.22428426936729e-26      1.99999999502594 -9.87757689236713e-05  4.39427599059385e-21 -1.00086696195063e-11
-2.60564956627859e-18  3.77892835202861e-16 -2.79844524041678e-18 -1.27228908192802e-19 -1.00118467047116e-11 -3.35281956409038e-21 -9.87757689236713e-05    0.0382029314024578 -4.27703740585103e-22 -6.14353410755945e-15
 2.09001067202192e-22  -2.2308191636456e-19  -1.4198016272394e-18 -4.74382540987998e-16   3.7172437079961e-19 -9.87757589106081e-05  4.39427599059385e-21 -4.27703740585103e-22     0.038202931402459 -1.94828067082026e-21
-6.32226428601773e-05    0.0659875854231456  0.000434391755634065   7.3989802528412e-06    0.0013023596143248 -3.77607956885406e-17 -1.00086696195063e-11 -6.14353410755945e-15 -1.94828067082026e-21    0.0388267854286745
TOTAL ENERGY: -123.606610368355	 lambda: -4.25	 population of target: 4.00000060913308
1RDM: 
     1.99997470019352   0.00165480877418198   1.8562707995435e-07  2.77548257822015e-09  5.30698731982479e-07 -1.41427597999609e-20 -3.22651379508868e-16 -2.65866846376672e-18  2.09074549685848e-22 -6.32224537684135e-05
  0.00165480877418198       1.8847936345432 -2.65991738529406e-05 -4.24315299752689e-07 -7.83307538792927e-05  2.16393573670513e-18  3.36761813957135e-13  3.86757069202179e-16 -2.23076438052005e-19    0.0659875978440596
  1.8562707995435e-07 -2.65991738529406e-05      1.99999989920282 -1.69516330524962e-09 -3.04334709741368e-07  8.57779129944073e-21  2.25523119800426e-15  -2.9440912865814e-18 -1.41815510805706e-18  0.000441906831900685
 2.77548257822015e-09 -4.24315299752689e-07 -1.69516330524962e-09      1.99999999997149 -5.11854609773927e-09 -2.50020209710977e-20  3.79840876240326e-17 -1.32206740227986e-19 -4.87016834877073e-16  7.44288644629499e-06
 5.30698731982479e-07 -7.83307538792927e-05 -3.04334709741368e-07 -5.11854609773927e-09      1.99999908109002  2.61411136498208e-20   6.2969226159297e-15 -1.00118462334696e-11  3.75418718111696e-19   0.00133514946801958
-1.41427597999609e-20  2.16393573670513e-18  8.57779129944073e-21 -2.50020209710977e-20  2.61411136498208e-20      1.99999999477018  5.43333887618083e-26 -3.38290454622523e-21 -0.000101283597899132 -3.79843135473355e-17
-3.22651379508868e-16  3.36761813957135e-13  2.25523119800426e-15  3.79840876240326e-17   6.2969226159297e-15  5.43333887618083e-26      1.99999999477018 -0.000101283607912211  4.43908809131088e-21 -1.00086692930591e-11
-2.65866846376672e-18  3.86757069202179e-16  -2.9440912865814e-18 -1.32206740227986e-19 -1.00118462334696e-11 -3.38290454622523e-21 -0.000101283607912211    0.0382029322235878 -4.16103154987516e-22 -6.29807857536323e-15
 2.09074549685848e-22 -2.23076438052005e-19 -1.41815510805706e-18 -4.87016834877073e-16  3.75418718111696e-19 -0.000101283597899132  4.43908809131088e-21 -4.16103154987516e-22    0.0382029322235869 -1.94513749616212e-21
-6.32224537684135e-05    0.0659875978440596  0.000441906831900685  7.44288644629499e-06   0.00133514946801958 -3.79843135473355e-17 -1.00086692930591e-11 -6.29807857536323e-15 -1.94513749616212e-21    0.0388268310114246
TOTAL ENERGY: -123.606610588403	 lambda: -4.2	 population of target: 4.00000066121912
1RDM: 
     1.99997470019403   0.00165480873420443  1.88464260337521e-07  2.79029915006194e-09  5.41547363488718e-07 -1.42172779147527e-20 -3.22650427702714e-16 -2.71390644302564e-18   2.0915241279444e-22 -6.32222532652057e-05
  0.00165480873420443      1.88479363582817 -2.70381063664192e-05 -4.26750701426802e-07 -8.01590858450018e-05  2.17626425316771e-18  3.36761886185055e-13  3.96046470642487e-16 -2.23071080023312e-19    0.0659876112922523
 1.88464260337521e-07 -2.70381063664192e-05       1.9999998956312 -1.73537948550448e-09 -3.17657977161672e-07  8.78104020249158e-21  2.29490783675907e-15 -3.08888361513246e-18 -1.41642572887285e-18  0.000449681373194954
 2.79029915006194e-09 -4.26750701426802e-07 -1.73537948550448e-09      1.99999999997114 -5.28222521687589e-09 -2.63599216442254e-20  3.82142344380845e-17 -1.37405972499772e-19 -5.00317065446993e-16  7.48798326375334e-06
 5.41547363488718e-07 -8.01590858450018e-05 -3.17657977161672e-07 -5.28222521687589e-09      1.99999903312799  2.69766126463861e-20  6.45945000527996e-15 -1.00118457768494e-11  3.79296141972165e-19   0.00136963476739388
-1.42172779147527e-20  2.17626425316771e-18  8.78104020249158e-21 -2.63599216442254e-20  2.69766126463861e-20      1.99999999449417  5.65734835797536e-26 -3.41455498158586e-21 -0.000103922067620828 -3.82137383800722e-17
-3.22650427702714e-16  3.36761886185055e-13  2.29490783675907e-15  3.82142344380845e-17  6.45945000527996e-15  5.65734835797536e-26      1.99999999449417 -0.000103922077633917  4.48623221863523e-21 -1.00086689946756e-11
-2.71390644302564e-18  3.96046470642487e-16 -3.08888361513246e-18 -1.37405972499772e-19 -1.00118457768494e-11 -3.41455498158586e-21 -0.000103922077633917    0.0382029331028473 -4.04502712022795e-22 -6.46060862267537e-15
  2.0915241279444e-22 -2.23071080023312e-19 -1.41642572887285e-18 -5.00317065446993e-16  3.79296141972165e-19 -0.000103922067620828  4.48623221863523e-21 -4.04502712022795e-22    0.0382029331028499 -1.94161922894222e-21
-6.32222532652057e-05    0.0659876112922523  0.000449681373194954  7.48798326375334e-06   0.00136963476739388 -3.82137383800722e-17 -1.00086689946756e-11 -6.46060862267537e-15 -1.94161922894222e-21     0.038826880053446
TOTAL ENERGY: -123.606610822945	 lambda: -4.15	 population of target: 4.00000071740116
1RDM: 
     1.99997470019459   0.00165480869053092  1.91390737762409e-07  2.80543749291917e-09  5.52854647326729e-07  -1.4293302356717e-20 -3.22649412909827e-16 -2.77150803605432e-18  2.09235106627127e-22 -6.32220404482704e-05
  0.00165480869053092      1.88479363725734 -2.74917332918804e-05 -4.29247716182951e-07 -8.20764280738823e-05  2.18889182884225e-18  3.36761965555914e-13   4.0579327772703e-16 -2.23065863931978e-19    0.0659876258428993
 1.91390737762409e-07 -2.74917332918804e-05      1.99999989186894 -1.77730720550481e-09 -3.31883867671337e-07  8.99288055497479e-21  2.33597616887446e-15 -3.23326173498069e-18 -1.41460683170238e-18  0.000457728611283192
 2.80543749291917e-09 -4.29247716182951e-07 -1.77730720550481e-09      1.99999999997078 -5.45548110823942e-09 -2.78296156803967e-20  3.84507873116609e-17 -1.42882184552046e-19 -5.14336705695763e-16  7.53433530447828e-06
