  1   1   -0.4354071188E+02
  1   2    0.3922990466E+00
  1   3    0.6950364242E+00
  1   4    0.2421931415E-14
  1   5    0.2700486534E-14
  1   6   -0.2615256719E+00
  1   7   -0.2063763991E+00
  1   8    0.1173260445E-14
  1   9   -0.2887971133E-14
  1  10    0.2205495801E-01
  2   1    0.3922990466E+00
  2   2   -0.3668050904E+02
  2   3    0.3362686502E+00
  2   4    0.1040844655E-14
  2   5    0.1966633091E-15
  2   6    0.7222346115E+00
  2   7   -0.1163080868E+00
  2   8   -0.5255176676E-15
  2   9    0.9882014706E-15
  2  10    0.9990088810E+00
  3   1    0.6950364242E+00
  3   2    0.3362686502E+00
  3   3   -0.1312124641E+02
  3   4   -0.1487601486E-14
  3   5   -0.2962222968E-14
  3   6    0.5913885936E-01
  3   7    0.1275005540E+01
  3   8   -0.1743192684E-14
  3   9    0.4268330287E-14
  3  10   -0.1720995062E+01
  4   1    0.2421931415E-14
  4   2    0.1040844655E-14
  4   3   -0.1487601486E-14
  4   4   -0.1279476165E+02
  4   5    0.4159574769E-30
  4   6    0.1336393735E-15
  4   7    0.5026725214E-14
  4   8    0.3873696034E+00
  4   9   -0.8543873572E+00
  4  10   -0.5193742472E-14
  5   1    0.2700486534E-14
  5   2    0.1966633091E-15
  5   3   -0.2962222968E-14
  5   4    0.1332267630E-14
  5   5   -0.1279476165E+02
  5   6    0.2117782023E-14
  5   7    0.7796372232E-14
  5   8   -0.8543873572E+00
  5   9   -0.3873696034E+00
  5  10    0.1722041052E-14
  6   1   -0.2615256719E+00
  6   2    0.7222346115E+00
  6   3    0.5913885936E-01
  6   4    0.1336393735E-15
  6   5    0.2117782023E-14
  6   6   -0.1086398555E+02
  6   7    0.5812953388E+00
  6   8   -0.4234695353E-14
  6   9   -0.4685624276E-14
  6  10   -0.1688239955E+01
  7   1   -0.2063763991E+00
  7   2   -0.1163080868E+00
  7   3    0.1275005540E+01
  7   4    0.5026725214E-14
  7   5    0.7796372232E-14
  7   6    0.5812953388E+00
  7   7   -0.1165056154E+02
  7   8   -0.1232032371E-13
  7   9    0.2507546120E-14
  7  10   -0.1785365126E-01
  8   1    0.1173260445E-14
  8   2   -0.5255176676E-15
  8   3   -0.1743192684E-14
  8   4    0.3873696034E+00
  8   5   -0.8543873572E+00
  8   6   -0.4234695353E-14
  8   7   -0.1232032371E-13
  8   8   -0.1015956997E+02
  8   9    0.1776356839E-14
  8  10   -0.2539286009E-13
  9   1   -0.2887971133E-14
  9   2    0.9882014706E-15
  9   3    0.4268330287E-14
  9   4   -0.8543873572E+00
  9   5   -0.3873696034E+00
  9   6   -0.4685624276E-14
  9   7    0.2507546120E-14
  9   8    0.1776356839E-14
  9   9   -0.1015956997E+02
  9  10    0.2060212726E-13
 10   1    0.2205495801E-01
 10   2    0.9990088810E+00
 10   3   -0.1720995062E+01
 10   4   -0.5193742472E-14
 10   5    0.1722041052E-14
 10   6   -0.1688239955E+01
 10   7   -0.1785365126E-01
 10   8   -0.2539286009E-13
 10   9    0.2060212726E-13
 10  10   -0.7461060184E+01
