  1   1   -0.4168662532E+02
  1   2    0.3063940387E+00
  1   3   -0.6902358894E+00
  1   4    0.5171184902E-14
  1   5   -0.1640550877E-14
  1   6    0.3041915361E+00
  1   7    0.1249016984E+00
  1   8    0.3506292144E-15
  1   9   -0.3995055787E-14
  1  10    0.5589721718E-01
  2   1    0.3063940387E+00
  2   2   -0.3533783901E+02
  2   3   -0.3932406141E+00
  2   4   -0.2037471934E-14
  2   5   -0.4660655181E-15
  2   6   -0.6350647025E+00
  2   7    0.5364505075E-01
  2   8   -0.9516098172E-16
  2   9    0.1130455496E-14
  2  10   -0.9275825617E+00
  3   1   -0.6902358894E+00
  3   2   -0.3932406141E+00
  3   3   -0.1312561292E+02
  3   4    0.5023499039E-15
  3   5    0.1222938458E-14
  3   6   -0.3814896087E-01
  3   7    0.1404569648E+01
  3   8   -0.2871464139E-14
  3   9    0.1106641224E-14
  3  10   -0.1623200912E+01
  4   1    0.5171184902E-14
  4   2   -0.2037471934E-14
  4   3    0.5023499039E-15
  4   4   -0.1244458184E+02
  4   5    0.2664535259E-14
  4   6    0.9553030495E-15
  4   7    0.5157767540E-16
  4   8    0.2097788340E+00
  4   9   -0.8055595241E+00
  4  10    0.3209183492E-14
  5   1   -0.1640550877E-14
  5   2   -0.4660655181E-15
  5   3    0.1222938458E-14
  5   4    0.2442490654E-14
  5   5   -0.1244458184E+02
  5   6   -0.1790865434E-14
  5   7   -0.9483288651E-16
  5   8   -0.8055595241E+00
  5   9   -0.2097788340E+00
  5  10   -0.2172985520E-15
  6   1    0.3041915361E+00
  6   2   -0.6350647025E+00
  6   3   -0.3814896087E-01
  6   4    0.9553030495E-15
  6   5   -0.1790865434E-14
  6   6   -0.1066268527E+02
  6   7    0.6792793076E+00
  6   8    0.4846025042E-14
  6   9    0.5785472141E-14
  6  10   -0.1609346191E+01
  7   1    0.1249016984E+00
  7   2    0.5364505075E-01
  7   3    0.1404569648E+01
  7   4    0.5157767540E-16
  7   5   -0.9483288651E-16
  7   6    0.6792793076E+00
  7   7   -0.1156531831E+02
  7   8   -0.7387449878E-14
  7   9    0.2103602414E-15
  7  10   -0.8875605408E-01
  8   1    0.3506292144E-15
  8   2   -0.9516098172E-16
  8   3   -0.2871464139E-14
  8   4    0.2097788340E+00
  8   5   -0.8055595241E+00
  8   6    0.4846025042E-14
  8   7   -0.7387449878E-14
  8   8   -0.1015163223E+02
  8   9   -0.7299716387E-14
  8  10   -0.2202377457E-13
  9   1   -0.3995055787E-14
  9   2    0.1130455496E-14
  9   3    0.1106641224E-14
  9   4   -0.8055595241E+00
  9   5   -0.2097788340E+00
  9   6    0.5785472141E-14
  9   7    0.2103602414E-15
  9   8   -0.7299716387E-14
  9   9   -0.1015163223E+02
  9  10    0.8555193127E-14
 10   1    0.5589721718E-01
 10   2   -0.9275825617E+00
 10   3   -0.1623200912E+01
 10   4    0.3209183492E-14
 10   5   -0.2172985520E-15
 10   6   -0.1609346191E+01
 10   7   -0.8875605408E-01
 10   8   -0.2202377457E-13
 10   9    0.8555193127E-14
 10  10   -0.7133888881E+01
