  1   1   -0.4632994162E+02
  1   2    0.4346185642E+00
  1   3    0.6832829191E+00
  1   4    0.2108663422E-14
  1   5    0.1108905688E-14
  1   6   -0.1963121538E+00
  1   7   -0.2383557125E+00
  1   8   -0.1029333196E-14
  1   9   -0.5423785186E-14
  1  10   -0.9497330909E-01
  2   1    0.4346185642E+00
  2   2   -0.3785038015E+02
  2   3    0.3016129733E+00
  2   4    0.3888017057E-15
  2   5   -0.1288061447E-14
  2   6    0.8475093538E+00
  2   7   -0.1484075917E+00
  2   8    0.5137705347E-15
  2   9    0.3596607262E-14
  2  10   -0.1067566416E+01
  3   1    0.6832829191E+00
  3   2    0.3016129733E+00
  3   3   -0.1348701541E+02
  3   4    0.2372760133E-14
  3   5    0.6415791799E-15
  3   6    0.2183662179E-01
  3   7    0.1182597112E+01
  3   8    0.1222366013E-13
  3   9    0.7268574849E-14
  3  10    0.1803225752E+01
  4   1    0.2108663422E-14
  4   2    0.3888017057E-15
  4   3    0.2372760133E-14
  4   4   -0.1318111272E+02
  4   5    0.1776356839E-14
  4   6   -0.5682832760E-16
  4   7    0.1070803046E-13
  4   8   -0.1071919948E+01
  4   9   -0.1174744563E+00
  4  10    0.4737225198E-15
  5   1    0.1108905688E-14
  5   2   -0.1288061447E-14
  5   3    0.6415791799E-15
  5   4    0.1776356839E-14
  5   5   -0.1318111272E+02
  5   6    0.5652413778E-15
  5   7    0.1116670966E-14
  5   8    0.1174744563E+00
  5   9   -0.1071919948E+01
  5  10   -0.1049269769E-13
  6   1   -0.1963121538E+00
  6   2    0.8475093538E+00
  6   3    0.2183662179E-01
  6   4   -0.5682832760E-16
  6   5    0.5652413778E-15
  6   6   -0.1113267640E+02
  6   7    0.6431524939E+00
  6   8   -0.2426231255E-14
  6   9   -0.5648485089E-14
  6  10    0.1656924104E+01
  7   1   -0.2383557125E+00
  7   2   -0.1484075917E+00
  7   3    0.1182597112E+01
  7   4    0.1070803046E-13
  7   5    0.1116670966E-14
  7   6    0.6431524939E+00
  7   7   -0.1133688443E+02
  7   8    0.2006037772E-14
  7   9   -0.4279251294E-14
  7  10    0.1510452390E+00
  8   1   -0.1029333196E-14
  8   2    0.5137705347E-15
  8   3    0.1222366013E-13
  8   4   -0.1071919948E+01
  8   5    0.1174744563E+00
  8   6   -0.2426231255E-14
  8   7    0.2006037772E-14
  8   8   -0.1011166079E+02
  8   9    0.2131628207E-13
  8  10   -0.2081677111E-13
  9   1   -0.5423785186E-14
  9   2    0.3596607262E-14
  9   3    0.7268574849E-14
  9   4   -0.1174744563E+00
  9   5   -0.1071919948E+01
  9   6   -0.5648485089E-14
  9   7   -0.4279251294E-14
  9   8    0.2486899575E-13
  9   9   -0.1011166079E+02
  9  10    0.7758214347E-14
 10   1   -0.9497330909E-01
 10   2   -0.1067566416E+01
 10   3    0.1803225752E+01
 10   4    0.4737225198E-15
 10   5   -0.1049269769E-13
 10   6    0.1656924104E+01
 10   7    0.1510452390E+00
 10   8   -0.2081677111E-13
 10   9    0.7758214347E-14
 10  10   -0.7777464642E+01
