  1   1   -0.3938706514E+02
  1   2    0.1488097755E+00
  1   3   -0.6136452239E+00
  1   4   -0.3324671324E-14
  1   5    0.2221284520E-14
  1   6   -0.3545587722E+00
  1   7    0.1416215104E+00
  1   8   -0.1935722725E-14
  1   9   -0.1668421187E-14
  1  10    0.7883371998E-01
  2   1    0.1488097755E+00
  2   2   -0.3304182683E+02
  2   3   -0.4519959468E+00
  2   4   -0.8208119441E-15
  2   5   -0.4613637298E-15
  2   6    0.3648484564E+00
  2   7   -0.3707053676E+00
  2   8    0.1931705830E-15
  2   9   -0.3021622829E-15
  2  10   -0.7095165755E+00
  3   1   -0.6136452239E+00
  3   2   -0.4519959468E+00
  3   3   -0.1367375154E+02
  3   4   -0.1377706354E-14
  3   5   -0.1227371662E-14
  3   6    0.9197134277E+00
  3   7    0.9691879444E+00
  3   8    0.2928199223E-15
  3   9   -0.2854103765E-14
  3  10   -0.1468734670E+01
  4   1   -0.3324671324E-14
  4   2   -0.8208119441E-15
  4   3   -0.1377706354E-14
  4   4   -0.1180357323E+02
  4   5   -0.8881784197E-15
  4   6    0.2492147817E-14
  4   7    0.1643471318E-14
  4   8    0.4851855156E+00
  4   9    0.5023552230E+00
  4  10   -0.1171103219E-14
  5   1    0.2221284520E-14
  5   2   -0.4613637298E-15
  5   3   -0.1227371662E-14
  5   4   -0.1332267630E-14
  5   5   -0.1180357323E+02
  5   6   -0.1145036475E-14
  5   7    0.4471602842E-15
  5   8   -0.5023552230E+00
  5   9    0.4851855156E+00
  5  10   -0.4540017596E-14
  6   1   -0.3545587722E+00
  6   2    0.3648484564E+00
  6   3    0.9197134277E+00
  6   4    0.2492147817E-14
  6   5   -0.1145036475E-14
  6   6   -0.1113975228E+02
  6   7   -0.4707668891E+00
  6   8    0.3198197941E-14
  6   9   -0.4451040101E-15
  6  10    0.8203750582E+00
  7   1    0.1416215104E+00
  7   2   -0.3707053676E+00
  7   3    0.9691879444E+00
  7   4    0.1643471318E-14
  7   5    0.4471602842E-15
  7   6   -0.4707668891E+00
  7   7   -0.9843727973E+01
  7   8    0.2103462639E-14
  7   9   -0.2329307648E-14
  7  10   -0.8480713109E+00
  8   1   -0.1935722725E-14
  8   2    0.1931705830E-15
  8   3    0.2928199223E-15
  8   4    0.4851855156E+00
  8   5   -0.5023552230E+00
  8   6    0.3198197941E-14
  8   7    0.2103462639E-14
  8   8   -0.1003844708E+02
  8   9   -0.3552713679E-14
  8  10    0.2035041548E-13
  9   1   -0.1668421187E-14
  9   2   -0.3021622829E-15
  9   3   -0.2854103765E-14
  9   4    0.5023552230E+00
  9   5    0.4851855156E+00
  9   6   -0.4451040101E-15
  9   7   -0.2329307648E-14
  9   8   -0.3552713679E-14
  9   9   -0.1003844708E+02
  9  10   -0.1082157515E-13
 10   1    0.7883371998E-01
 10   2   -0.7095165755E+00
 10   3   -0.1468734670E+01
 10   4   -0.1171103219E-14
 10   5   -0.4540017596E-14
 10   6    0.8203750582E+00
 10   7   -0.8480713109E+00
 10   8    0.2035041548E-13
 10   9   -0.1082157515E-13
 10  10   -0.6879964306E+01
