  1   1   -0.3548834805E+02
  1   2   -0.2894528767E-02
  1   3    0.4352638040E+00
  1   4    0.4231308300E+00
  1   5   -0.6546067370E-14
  1   6    0.8635180477E-14
  1   7   -0.6839193862E-01
  1   8   -0.1274780254E-14
  1   9   -0.1259466487E-13
  1  10   -0.2258319907E+00
  2   1   -0.2894528767E-02
  2   2   -0.2862753752E+02
  2   3   -0.2667401626E+00
  2   4    0.2722765563E+00
  2   5    0.3273903568E-15
  2   6    0.8604740318E-15
  2   7    0.3419346388E+00
  2   8   -0.1849149167E-15
  2   9   -0.6316169890E-15
  2  10   -0.1073905668E+00
  3   1    0.4352638040E+00
  3   2   -0.2667401626E+00
  3   3   -0.1157244605E+02
  3   4    0.1965699048E+00
  3   5   -0.1563908810E-14
  3   6    0.5179795488E-14
  3   7   -0.7110499686E+00
  3   8    0.1842767750E-14
  3   9    0.3548670659E-14
  3  10    0.6195096215E+00
  4   1    0.4231308300E+00
  4   2    0.2722765563E+00
  4   3    0.1965699048E+00
  4   4   -0.9406926655E+01
  4   5    0.2716625889E-14
  4   6    0.8735158417E-15
  4   7    0.5256520135E+00
  4   8    0.3763690595E-15
  4   9    0.5618578115E-14
  4  10    0.2515008182E+00
  5   1   -0.6546067370E-14
  5   2    0.3273903568E-15
  5   3   -0.1563908810E-14
  5   4    0.2716625889E-14
  5   5   -0.9653834163E+01
  5   6    0.7105427358E-14
  5   7    0.1731079120E-14
  5   8   -0.4639309493E+00
  5   9    0.3145060879E+00
  5  10   -0.3872345425E-14
  6   1    0.8635180477E-14
  6   2    0.8604740318E-15
  6   3    0.5179795488E-14
  6   4    0.8735158417E-15
  6   5    0.7549516567E-14
  6   6   -0.9653834163E+01
  6   7   -0.1379235524E-14
  6   8   -0.3145060879E+00
  6   9   -0.4639309493E+00
  6  10    0.3730561566E-14
  7   1   -0.6839193862E-01
  7   2    0.3419346388E+00
  7   3   -0.7110499686E+00
  7   4    0.5256520135E+00
  7   5    0.1731079120E-14
  7   6   -0.1379235524E-14
  7   7   -0.8589692275E+01
  7   8   -0.1119420600E-14
  7   9   -0.3008588358E-14
  7  10    0.4124717783E+00
  8   1   -0.1274780254E-14
  8   2   -0.1849149167E-15
  8   3    0.1842767750E-14
  8   4    0.3763690595E-15
  8   5   -0.4639309493E+00
  8   6   -0.3145060879E+00
  8   7   -0.1119420600E-14
  8   8   -0.9054525385E+01
  8   9   -0.4080069615E-14
  8  10    0.3264633674E-14
  9   1   -0.1259466487E-13
  9   2   -0.6316169890E-15
  9   3    0.3548670659E-14
  9   4    0.5618578115E-14
  9   5    0.3145060879E+00
  9   6   -0.4639309493E+00
  9   7   -0.3008588358E-14
  9   8   -0.4080069615E-14
  9   9   -0.9054525385E+01
  9  10   -0.5173928713E-14
 10   1   -0.2258319907E+00
 10   2   -0.1073905668E+00
 10   3    0.6195096215E+00
 10   4    0.2515008182E+00
 10   5   -0.3872345425E-14
 10   6    0.3730561566E-14
 10   7    0.4124717783E+00
 10   8    0.3264633674E-14
 10   9   -0.5173928713E-14
 10  10   -0.9435044975E+01
