  1   1   -0.3698437734E+02
  1   2    0.2921207899E-01
  1   3   -0.4863799105E+00
  1   4    0.6522154555E-14
  1   5    0.3396163066E-14
  1   6    0.4340903370E+00
  1   7   -0.7935261348E-01
  1   8    0.6234683126E-15
  1   9   -0.1767521540E-14
  1  10   -0.1554066088E+00
  2   1    0.2921207899E-01
  2   2   -0.3033694845E+02
  2   3   -0.3498269518E+00
  2   4    0.4570887323E-16
  2   5   -0.4872567037E-17
  2   6   -0.1717496794E+00
  2   7    0.4273701614E+00
  2   8   -0.9987536389E-16
  2   9   -0.3528422994E-16
  2  10   -0.1254585417E+00
  3   1   -0.4863799105E+00
  3   2   -0.3498269518E+00
  3   3   -0.1320854247E+02
  3   4   -0.7610056361E-15
  3   5   -0.4105379929E-15
  3   6   -0.6400924852E+00
  3   7   -0.6684983555E+00
  3   8    0.9920380446E-15
  3   9    0.1415418012E-14
  3  10   -0.9807935264E+00
  4   1    0.6522154555E-14
  4   2    0.4570887323E-16
  4   3   -0.7610056361E-15
  4   4   -0.1069615555E+02
  4   5   -0.3108624469E-14
  4   6   -0.1209732558E-14
  4   7   -0.1142347959E-14
  4   8   -0.5245263869E+00
  4   9   -0.2775163726E+00
  4  10   -0.2165016692E-14
  5   1    0.3396163066E-14
  5   2   -0.4872567037E-17
  5   3   -0.4105379929E-15
  5   4   -0.3108624469E-14
  5   5   -0.1069615555E+02
  5   6   -0.1486150937E-14
  5   7    0.1597056003E-15
  5   8   -0.2775163726E+00
  5   9    0.5245263869E+00
  5  10    0.5482510373E-14
  6   1    0.4340903370E+00
  6   2   -0.1717496794E+00
  6   3   -0.6400924852E+00
  6   4   -0.1209732558E-14
  6   5   -0.1486150937E-14
  6   6   -0.1028821152E+02
  6   7   -0.2166691926E+00
  6   8    0.7339075148E-15
  6   9   -0.2511332809E-14
  6  10   -0.1176612493E+00
  7   1   -0.7935261348E-01
  7   2    0.4273701614E+00
  7   3   -0.6684983555E+00
  7   4   -0.1142347959E-14
  7   5    0.1597056003E-15
  7   6   -0.2166691926E+00
  7   7   -0.8922275784E+01
  7   8    0.5408121489E-15
  7   9    0.1526003787E-14
  7  10   -0.7854809978E-02
  8   1    0.6234683126E-15
  8   2   -0.9987536389E-16
  8   3    0.9920380446E-15
  8   4   -0.5245263869E+00
  8   5   -0.2775163726E+00
  8   6    0.7339075148E-15
  8   7    0.5408121489E-15
  8   8   -0.9643787374E+01
  8   9    0.7049916206E-14
  8  10    0.4218889391E-14
  9   1   -0.1767521540E-14
  9   2   -0.3528422994E-16
  9   3    0.1415418012E-14
  9   4   -0.2775163726E+00
  9   5    0.5245263869E+00
  9   6   -0.2511332809E-14
  9   7    0.1526003787E-14
  9   8    0.7105427358E-14
  9   9   -0.9643787374E+01
  9  10    0.1317527755E-13
 10   1   -0.1554066088E+00
 10   2   -0.1254585417E+00
 10   3   -0.9807935264E+00
 10   4   -0.2165016692E-14
 10   5    0.5482510373E-14
 10   6   -0.1176612493E+00
 10   7   -0.7854809978E-02
 10   8    0.4218889391E-14
 10   9    0.1317527755E-13
 10  10   -0.8464993387E+01
