  1   1   -0.3597420245E+02
  1   2   -0.7784159558E-02
  1   3    0.4467013023E+00
  1   4    0.4834244617E-14
  1   5    0.1340927608E-14
  1   6   -0.4345792985E+00
  1   7   -0.1683022361E-01
  1   8   -0.1338652212E-14
  1   9   -0.3087702154E-15
  1  10   -0.2235449893E+00
  2   1   -0.7784159558E-02
  2   2   -0.2918332873E+02
  2   3   -0.2899434905E+00
  2   4   -0.1071164374E-14
  2   5   -0.8836762282E-16
  2   6   -0.2272031925E+00
  2   7    0.3812880709E+00
  2   8   -0.6772237267E-16
  2   9   -0.2432630992E-15
  2  10   -0.6333367322E-01
  3   1    0.4467013023E+00
  3   2   -0.2899434905E+00
  3   3   -0.1221010090E+02
  3   4    0.1351614352E-14
  3   5   -0.1380190400E-14
  3   6   -0.3580223024E+00
  3   7   -0.7129094657E+00
  3   8   -0.2247670530E-14
  3   9    0.3421136093E-14
  3  10    0.7200827454E+00
  4   1    0.4834244617E-14
  4   2   -0.1071164374E-14
  4   3    0.1351614352E-14
  4   4   -0.1002829165E+02
  4   5   -0.1332267630E-14
  4   6    0.4585666861E-15
  4   7   -0.3890229102E-14
  4   8   -0.2990694447E+00
  4   9   -0.4795761366E+00
  4  10    0.1638196632E-14
  5   1    0.1340927608E-14
  5   2   -0.8836762282E-16
  5   3   -0.1380190400E-14
  5   4   -0.1332267630E-14
  5   5   -0.1002829165E+02
  5   6    0.1102891309E-14
  5   7   -0.1490522530E-14
  5   8    0.4795761366E+00
  5   9   -0.2990694447E+00
  5  10   -0.6774045224E-15
  6   1   -0.4345792985E+00
  6   2   -0.2272031925E+00
  6   3   -0.3580223024E+00
  6   4    0.4585666861E-15
  6   5    0.1102891309E-14
  6   6   -0.9737856425E+01
  6   7   -0.4312352731E+00
  6   8    0.5151349386E-14
  6   9   -0.1835236155E-14
  6  10   -0.1242683234E+00
  7   1   -0.1683022361E-01
  7   2    0.3812880709E+00
  7   3   -0.7129094657E+00
  7   4   -0.3890229102E-14
  7   5   -0.1490522530E-14
  7   6   -0.4312352731E+00
  7   7   -0.8676513073E+01
  7   8   -0.5730962939E-15
  7   9   -0.8279833395E-15
  7  10    0.3340689212E+00
  8   1   -0.1338652212E-14
  8   2   -0.6772237267E-16
  8   3   -0.2247670530E-14
  8   4   -0.2990694447E+00
  8   5    0.4795761366E+00
  8   6    0.5151349386E-14
  8   7   -0.5730962939E-15
  8   8   -0.9290934422E+01
  8   9    0.3552713679E-14
  8  10    0.1025894898E-14
  9   1   -0.3087702154E-15
  9   2   -0.2432630992E-15
  9   3    0.3421136093E-14
  9   4   -0.4795761366E+00
  9   5   -0.2990694447E+00
  9   6   -0.1835236155E-14
  9   7   -0.8279833395E-15
  9   8    0.3108624469E-14
  9   9   -0.9290934422E+01
  9  10   -0.4439027429E-14
 10   1   -0.2235449893E+00
 10   2   -0.6333367322E-01
 10   3    0.7200827454E+00
 10   4    0.1638196632E-14
 10   5   -0.6774045224E-15
 10   6   -0.1242683234E+00
 10   7    0.3340689212E+00
 10   8    0.1025894898E-14
 10   9   -0.4439027429E-14
 10  10   -0.9279753511E+01
