  1   1   -0.3528385288E+02
  1   2   -0.1568505395E-02
  1   3   -0.4334310039E+00
  1   4   -0.4154114110E+00
  1   5   -0.1550960203E-14
  1   6    0.1687620752E-14
  1   7    0.8944875194E-01
  1   8    0.2949703322E-14
  1   9   -0.4347040993E-14
  1  10    0.2201251732E+00
  2   1   -0.1568505395E-02
  2   2   -0.2839356906E+02
  2   3    0.2582076703E+00
  2   4   -0.2936125449E+00
  2   5    0.1091671237E-14
  2   6   -0.1883246944E-15
  2   7   -0.3209434451E+00
  2   8    0.2396417955E-15
  2   9    0.2400709399E-15
  2  10    0.1166933514E+00
  3   1   -0.4334310039E+00
  3   2    0.2582076703E+00
  3   3   -0.1127653151E+02
  3   4    0.1219278756E+00
  3   5    0.2658871329E-14
  3   6   -0.1202010019E-14
  3   7   -0.7004368075E+00
  3   8    0.1358344366E-14
  3   9    0.5323025063E-16
  3  10    0.5836761773E+00
  4   1   -0.4154114110E+00
  4   2   -0.2936125449E+00
  4   3    0.1219278756E+00
  4   4   -0.9253877528E+01
  4   5   -0.2295741879E-14
  4   6    0.1105196848E-14
  4   7    0.5557057324E+00
  4   8    0.3260564257E-14
  4   9   -0.2523757970E-15
  4  10    0.3042343242E+00
  5   1   -0.1550960203E-14
  5   2    0.1091671237E-14
  5   3    0.2658871329E-14
  5   4   -0.2295741879E-14
  5   5   -0.9486177362E+01
  5   6    0.2220446049E-14
  5   7   -0.2867619428E-14
  5   8   -0.2430598163E-01
  5   9   -0.5602904409E+00
  5  10   -0.3816882007E-15
  6   1    0.1687620752E-14
  6   2   -0.1883246944E-15
  6   3   -0.1202010019E-14
  6   4    0.1105196848E-14
  6   5    0.2664535259E-14
  6   6   -0.9486177362E+01
  6   7    0.2272266773E-14
  6   8    0.5602904409E+00
  6   9   -0.2430598163E-01
  6  10   -0.1059940005E-14
  7   1    0.8944875194E-01
  7   2   -0.3209434451E+00
  7   3   -0.7004368075E+00
  7   4    0.5557057324E+00
  7   5   -0.2867619428E-14
  7   6    0.2272266773E-14
  7   7   -0.8557738459E+01
  7   8   -0.2070162350E-14
  7   9   -0.4107113295E-14
  7  10    0.4341780208E+00
  8   1    0.2949703322E-14
  8   2    0.2396417955E-15
  8   3    0.1358344366E-14
  8   4    0.3260564257E-14
  8   5   -0.2430598163E-01
  8   6    0.5602904409E+00
  8   7   -0.2070162350E-14
  8   8   -0.8938707969E+01
  8   9   -0.3108624469E-14
  8  10   -0.8655657284E-15
  9   1   -0.4347040993E-14
  9   2    0.2400709399E-15
  9   3    0.5323025063E-16
  9   4   -0.2523757970E-15
  9   5   -0.5602904409E+00
  9   6   -0.2430598163E-01
  9   7   -0.4107113295E-14
  9   8   -0.3996802889E-14
  9   9   -0.8938707969E+01
  9  10   -0.1712878142E-14
 10   1    0.2201251732E+00
 10   2    0.1166933514E+00
 10   3    0.5836761773E+00
 10   4    0.3042343242E+00
 10   5   -0.3816882007E-15
 10   6   -0.1059940005E-14
 10   7    0.4341780208E+00
 10   8   -0.8655657284E-15
 10   9   -0.1712878142E-14
 10  10   -0.9439894747E+01
