  1   1   -0.3796541337E+02
  1   2    0.6756962635E-01
  1   3   -0.5325394565E+00
  1   4    0.1019037202E-14
  1   5   -0.1942635151E-14
  1   6    0.4103793354E+00
  1   7    0.1389465440E+00
  1   8    0.1236133079E-14
  1   9   -0.3652844233E-14
  1  10   -0.4093020101E-01
  2   1    0.6756962635E-01
  2   2   -0.3145132640E+02
  2   3   -0.4114876967E+00
  2   4    0.7739876000E-15
  2   5    0.1614469405E-15
  2   6   -0.1879761776E+00
  2   7   -0.4400349366E+00
  2   8    0.2477696753E-15
  2   9    0.1017951796E-15
  2  10   -0.3915184698E+00
  3   1   -0.5325394565E+00
  3   2   -0.4114876967E+00
  3   3   -0.1370877896E+02
  3   4    0.2902120834E-14
  3   5    0.1697810258E-14
  3   6   -0.8578366383E+00
  3   7    0.6572030730E+00
  3   8   -0.4196728386E-15
  3   9   -0.2273442931E-15
  3  10   -0.1230069043E+01
  4   1    0.1019037202E-14
  4   2    0.7739876000E-15
  4   3    0.2902120834E-14
  4   4   -0.1121921218E+02
  4   5   -0.4440892099E-15
  4   6   -0.1216826725E-14
  4   7   -0.3519759619E-14
  4   8   -0.6293223827E+00
  4   9   -0.5020497602E-01
  4  10    0.2037493759E-14
  5   1   -0.1942635151E-14
  5   2    0.1614469405E-15
  5   3    0.1697810258E-14
  5   4   -0.4440892099E-15
  5   5   -0.1121921218E+02
  5   6   -0.9874881488E-15
  5   7    0.2994814549E-15
  5   8   -0.5020497602E-01
  5   9    0.6293223827E+00
  5  10    0.1295065457E-14
  6   1    0.4103793354E+00
  6   2   -0.1879761776E+00
  6   3   -0.8578366383E+00
  6   4   -0.1216826725E-14
  6   5   -0.9874881488E-15
  6   6   -0.1071026105E+02
  6   7    0.1204543410E+00
  6   8   -0.1215679675E-14
  6   9    0.1023250975E-14
  6  10   -0.3195914906E+00
  7   1    0.1389465440E+00
  7   2   -0.4400349366E+00
  7   3    0.6572030730E+00
  7   4   -0.3519759619E-14
  7   5    0.2994814549E-15
  7   6    0.1204543410E+00
  7   7   -0.9225907825E+01
  7   8   -0.5802882410E-15
  7   9    0.1576256786E-14
  7  10   -0.4607713894E+00
  8   1    0.1236133079E-14
  8   2    0.2477696753E-15
  8   3   -0.4196728386E-15
  8   4   -0.6293223827E+00
  8   5   -0.5020497602E-01
  8   6   -0.1215679675E-14
  8   7   -0.5802882410E-15
  8   8   -0.9859048383E+01
  8   9    0.5773159728E-14
  8  10    0.1864866738E-14
  9   1   -0.3652844233E-14
  9   2    0.1017951796E-15
  9   3   -0.2273442931E-15
  9   4   -0.5020497602E-01
  9   5    0.6293223827E+00
  9   6    0.1023250975E-14
  9   7    0.1576256786E-14
  9   8    0.5440092821E-14
  9   9   -0.9859048383E+01
  9  10    0.6197472513E-14
 10   1   -0.4093020101E-01
 10   2   -0.3915184698E+00
 10   3   -0.1230069043E+01
 10   4    0.2037493759E-14
 10   5    0.1295065457E-14
 10   6   -0.3195914906E+00
 10   7   -0.4607713894E+00
 10   8    0.1864866738E-14
 10   9    0.6197472513E-14
 10  10   -0.7504189908E+01
