  1   1   -0.3571695022E+02
  1   2   -0.4853932008E-02
  1   3    0.4396022249E+00
  1   4   -0.4296519373E+00
  1   5   -0.1402253704E-13
  1   6   -0.1703013708E-14
  1   7   -0.4411640764E-01
  1   8   -0.5316132455E-15
  1   9   -0.8006014668E-14
  1  10   -0.2274754687E+00
  2   1   -0.4853932008E-02
  2   2   -0.2888907324E+02
  2   3   -0.2771505977E+00
  2   4   -0.2498949842E+00
  2   5   -0.9428490895E-14
  2   6    0.2520045568E-14
  2   7    0.3621886191E+00
  2   8    0.4673402799E-16
  2   9   -0.3430676018E-15
  2  10   -0.9054437327E-01
  3   1    0.4396022249E+00
  3   2   -0.2771505977E+00
  3   3   -0.1188444699E+02
  3   4   -0.2752513745E+00
  3   5   -0.6475940692E-14
  3   6    0.8695862674E-15
  3   7   -0.7152537593E+00
  3   8   -0.6733076890E-15
  3   9    0.4115047203E-14
  3  10    0.6641170478E+00
  4   1   -0.4296519373E+00
  4   2   -0.2498949842E+00
  4   3   -0.2752513745E+00
  4   4   -0.9568571736E+01
  4   5    0.1113054475E-13
  4   6   -0.5710307756E-14
  4   7   -0.4842112837E+00
  4   8   -0.1205664462E-13
  4   9    0.7966870546E-14
  4  10   -0.1915312881E+00
  5   1   -0.1402253704E-13
  5   2   -0.9428490895E-14
  5   3   -0.6475940692E-14
  5   4    0.1113054475E-13
  5   5   -0.9834353913E+01
  5   6    0.1021405183E-13
  5   7   -0.2024923714E-13
  5   8    0.4872542909E+00
  5   9   -0.2795889214E+00
  5  10   -0.5828030000E-14
  6   1   -0.1703013708E-14
  6   2    0.2520045568E-14
  6   3    0.8695862674E-15
  6   4   -0.5710307756E-14
  6   5    0.1021405183E-13
  6   6   -0.9834353913E+01
  6   7    0.6233611432E-14
  6   8    0.2795889214E+00
  6   9    0.4872542909E+00
  6  10    0.3366823162E-14
  7   1   -0.4411640764E-01
  7   2    0.3621886191E+00
  7   3   -0.7152537593E+00
  7   4   -0.4842112837E+00
  7   5   -0.2024923714E-13
  7   6    0.6233611432E-14
  7   7   -0.8628043495E+01
  7   8    0.2267694219E-14
  7   9   -0.4105900515E-14
  7  10    0.3808690513E+00
  8   1   -0.5316132455E-15
  8   2    0.4673402799E-16
  8   3   -0.6733076890E-15
  8   4   -0.1205664462E-13
  8   5    0.4872542909E+00
  8   6    0.2795889214E+00
  8   7    0.2267694219E-14
  8   8   -0.9172155029E+01
  8   9    0.2664535259E-14
  8  10    0.2424265976E-14
  9   1   -0.8006014668E-14
  9   2   -0.3430676018E-15
  9   3    0.4115047203E-14
  9   4    0.7966870546E-14
  9   5   -0.2795889214E+00
  9   6    0.4872542909E+00
  9   7   -0.4105900515E-14
  9   8    0.3108624469E-14
  9   9   -0.9172155029E+01
  9  10   -0.1619934673E-14
 10   1   -0.2274754687E+00
 10   2   -0.9054437327E-01
 10   3    0.6641170478E+00
 10   4   -0.1915312881E+00
 10   5   -0.5828030000E-14
 10   6    0.3366823162E-14
 10   7    0.3808690513E+00
 10   8    0.2424265976E-14
 10   9   -0.1619934673E-14
 10  10   -0.9385886311E+01
