  1   1   -0.3659935699E+02
  1   2   -0.1895152735E-01
  1   3   -0.4699352383E+00
  1   4    0.3502107835E-14
  1   5    0.2143290396E-14
  1   6   -0.4375774161E+00
  1   7   -0.4568134271E-01
  1   8    0.2606392148E-14
  1   9    0.2269895055E-14
  1  10   -0.1903010591E+00
  2   1   -0.1895152735E-01
  2   2   -0.2989776484E+02
  2   3    0.3254312949E+00
  2   4   -0.8260710946E-16
  2   5   -0.3811611403E-15
  2   6   -0.1856772481E+00
  2   7   -0.4144304210E+00
  2   8    0.1036981430E-15
  2   9    0.5013201159E-16
  2  10    0.3894269101E-01
  3   1   -0.4699352383E+00
  3   2    0.3254312949E+00
  3   3   -0.1288257220E+02
  3   4    0.1060566015E-14
  3   5   -0.5951370249E-15
  3   6    0.5392665739E+00
  3   7   -0.6884985422E+00
  3   8    0.1899417238E-14
  3   9   -0.4135333296E-15
  3  10   -0.8767950708E+00
  4   1    0.3502107835E-14
  4   2   -0.8260710946E-16
  4   3    0.1060566015E-14
  4   4   -0.1045859377E+02
  4   5   -0.7771561172E-15
  4   6   -0.2686824390E-15
  4   7    0.7020277574E-15
  4   8    0.2687198011E+00
  4   9   -0.5146210937E+00
  4  10    0.1286759166E-14
  5   1    0.2143290396E-14
  5   2   -0.3811611403E-15
  5   3   -0.5951370249E-15
  5   4   -0.7771561172E-15
  5   5   -0.1045859377E+02
  5   6    0.8820084866E-15
  5   7    0.1312196047E-14
  5   8    0.5146210937E+00
  5   9    0.2687198011E+00
  5  10    0.4705827263E-15
  6   1   -0.4375774161E+00
  6   2   -0.1856772481E+00
  6   3    0.5392665739E+00
  6   4   -0.2686824390E-15
  6   5    0.8820084866E-15
  6   6   -0.1009741506E+02
  6   7    0.2938504630E+00
  6   8    0.2375481765E-15
  6   9   -0.1204185625E-14
  6  10    0.3143965803E-01
  7   1   -0.4568134271E-01
  7   2   -0.4144304210E+00
  7   3   -0.6884985422E+00
  7   4    0.7020277574E-15
  7   5    0.1312196047E-14
  7   6    0.2938504630E+00
  7   7   -0.8819012050E+01
  7   8    0.7908330914E-15
  7   9    0.1512202227E-15
  7  10   -0.1598717072E+00
  8   1    0.2606392148E-14
  8   2    0.1036981430E-15
  8   3    0.1899417238E-14
  8   4    0.2687198011E+00
  8   5    0.5146210937E+00
  8   6    0.2375481765E-15
  8   7    0.7908330914E-15
  8   8   -0.9528133925E+01
  8   9   -0.3093304162E-30
  8  10    0.1594311866E-15
  9   1    0.2269895055E-14
  9   2    0.5013201159E-16
  9   3   -0.4135333296E-15
  9   4   -0.5146210937E+00
  9   5    0.2687198011E+00
  9   6   -0.1204185625E-14
  9   7    0.1512202227E-15
  9   8    0.8881784197E-15
  9   9   -0.9528133925E+01
  9  10    0.7553459861E-14
 10   1   -0.1903010591E+00
 10   2    0.3894269101E-01
 10   3   -0.8767950708E+00
 10   4    0.1286759166E-14
 10   5    0.4705827263E-15
 10   6    0.3143965803E-01
 10   7   -0.1598717072E+00
 10   8    0.1594311866E-15
 10   9    0.7553459861E-14
 10  10   -0.8833923223E+01
