  1   1   -0.3230046823E+02
  1   2    0.1919864133E-05
  1   3    0.2359284879E-03
  1   4   -0.6192086362E+00
  1   5    0.3105009578E-04
  1   6   -0.6902710202E-15
  1   7    0.1016063366E-15
  1   8   -0.2531824407E-14
  1   9   -0.6227965415E-14
  1  10   -0.8020604834E-02
  2   1    0.1919864133E-05
  2   2   -0.2498402870E+02
  2   3    0.4776277356E+00
  2   4    0.1643655492E-03
  2   5    0.6132545166E-02
  2   6    0.1808540872E-18
  2   7   -0.2501699031E-19
  2   8    0.3495219706E-18
  2   9    0.1332702954E-17
  2  10   -0.2575369727E-05
  3   1    0.2359284879E-03
  3   2    0.4776277356E+00
  3   3   -0.6082201582E+01
  3   4    0.5683262618E-03
  3   5    0.5932838969E-01
  3   6    0.1819494791E-17
  3   7   -0.4298895254E-18
  3   8    0.1514807654E-17
  3   9    0.1337843329E-16
  3  10   -0.2369688497E-04
  4   1   -0.6192086362E+00
  4   2    0.1643655492E-03
  4   3    0.5683262618E-03
  4   4   -0.7638252871E+01
  4   5    0.1227932712E-03
  4   6    0.2014686655E-16
  4   7   -0.1409735704E-15
  4   8   -0.1222043305E-14
  4   9    0.1575374594E-14
  4  10    0.4254675428E-01
  5   1    0.3105009578E-04
  5   2    0.6132545166E-02
  5   3    0.5932838969E-01
  5   4    0.1227932712E-03
  5   5   -0.5716277138E+01
  5   6    0.1700776867E-16
  5   7    0.2001045803E-15
  5   8    0.2289420588E-14
  5   9   -0.3263522298E-15
  5  10    0.3406858737E-05
  6   1   -0.6902710202E-15
  6   2    0.1808540872E-18
  6   3    0.1819494791E-17
  6   4    0.2014686655E-16
  6   5    0.1700776867E-16
  6   6   -0.7137734866E+01
  6   7    0.8881784197E-15
  6   8    0.3277856973E-01
  6   9    0.1205596398E+00
  6  10   -0.2083801666E-15
  7   1    0.1016063366E-15
  7   2   -0.2501699031E-19
  7   3   -0.4298895254E-18
  7   4   -0.1409735704E-15
  7   5    0.2001045803E-15
  7   6    0.6661338148E-15
  7   7   -0.7137734866E+01
  7   8    0.1205596398E+00
  7   9   -0.3277856973E-01
  7  10    0.1877733318E-15
  8   1   -0.2531824407E-14
  8   2    0.3495219706E-18
  8   3    0.1514807654E-17
  8   4   -0.1222043305E-14
  8   5    0.2289420588E-14
  8   6    0.3277856973E-01
  8   7    0.1205596398E+00
  8   8   -0.5717806465E+01
  8   9    0.5334274689E-15
  8  10    0.1219182872E-14
  9   1   -0.6227965415E-14
  9   2    0.1332702954E-17
  9   3    0.1337843329E-16
  9   4    0.1575374594E-14
  9   5   -0.3263522298E-15
  9   6    0.1205596398E+00
  9   7   -0.3277856973E-01
  9   8    0.5186823193E-15
  9   9   -0.5717806465E+01
  9  10   -0.3685190273E-14
 10   1   -0.8020604834E-02
 10   2   -0.2575369727E-05
 10   3   -0.2369688497E-04
 10   4    0.4254675428E-01
 10   5    0.3406858737E-05
 10   6   -0.2083801666E-15
 10   7    0.1877733318E-15
 10   8    0.1219182872E-14
 10   9   -0.3685190273E-14
 10  10   -0.7154392321E+01
