  1   1   -0.3626586617E+02
  1   2   -0.1221273727E-01
  1   3    0.4567640476E+00
  1   4    0.3387047562E-15
  1   5   -0.1961627255E-14
  1   6   -0.4374373377E+00
  1   7    0.1324375700E-01
  1   8   -0.1721430308E-14
  1   9   -0.1407935309E-14
  1  10   -0.2120210513E+00
  2   1   -0.1221273727E-01
  2   2   -0.2951679772E+02
  2   3   -0.3057640177E+00
  2   4   -0.4696281683E-15
  2   5   -0.8986597472E-15
  2   6   -0.2052327173E+00
  2   7    0.3988504242E+00
  2   8   -0.6239539198E-17
  2   9   -0.6730928711E-16
  2  10   -0.2189396266E-01
  3   1    0.4567640476E+00
  3   2   -0.3057640177E+00
  3   3   -0.1254525438E+02
  3   4    0.1968582663E-14
  3   5   -0.3658187359E-14
  3   6   -0.4456057861E+00
  3   7   -0.7039279327E+00
  3   8   -0.2433342605E-15
  3   9    0.5911150845E-15
  3  10    0.7901846842E+00
  4   1    0.3387047562E-15
  4   2   -0.4696281683E-15
  4   3    0.1968582663E-14
  4   4   -0.1023618526E+02
  4   5   -0.1110223025E-15
  4   6   -0.4493945724E-16
  4   7    0.2147931380E-15
  4   8   -0.5656558192E+00
  4   9   -0.7994761662E-01
  4  10    0.1417875419E-15
  5   1   -0.1961627255E-14
  5   2   -0.8986597472E-15
  5   3   -0.3658187359E-14
  5   4   -0.1387778781E-15
  5   5   -0.1023618526E+02
  5   6   -0.9620509086E-15
  5   7   -0.3446315567E-14
  5   8    0.7994761662E-01
  5   9   -0.5656558192E+00
  5  10   -0.1832384420E-15
  6   1   -0.4374373377E+00
  6   2   -0.2052327173E+00
  6   3   -0.4456057861E+00
  6   4   -0.4493945724E-16
  6   5   -0.9620509086E-15
  6   6   -0.9914185962E+01
  6   7   -0.3671890019E+00
  6   8    0.2030566691E-15
  6   9    0.7042475774E-14
  6  10   -0.4972320539E-01
  7   1    0.1324375700E-01
  7   2    0.3988504242E+00
  7   3   -0.7039279327E+00
  7   4    0.2147931380E-15
  7   5   -0.3446315567E-14
  7   6   -0.3671890019E+00
  7   7   -0.8738809499E+01
  7   8   -0.9982819316E-15
  7   9    0.3582260005E-14
  7  10    0.2641409879E+00
  8   1   -0.1721430308E-14
  8   2   -0.6239539198E-17
  8   3   -0.2433342605E-15
  8   4   -0.5656558192E+00
  8   5    0.7994761662E-01
  8   6    0.2030566691E-15
  8   7   -0.9982819316E-15
  8   8   -0.9409985802E+01
  8   9    0.2664535259E-14
  8  10    0.2459309676E-14
  9   1   -0.1407935309E-14
  9   2   -0.6730928711E-16
  9   3    0.5911150845E-15
  9   4   -0.7994761662E-01
  9   5   -0.5656558192E+00
  9   6    0.7042475774E-14
  9   7    0.3582260005E-14
  9   8    0.3108624469E-14
  9   9   -0.9409985802E+01
  9  10   -0.7283129601E-15
 10   1   -0.2120210513E+00
 10   2   -0.2189396266E-01
 10   3    0.7901846842E+00
 10   4    0.1417875419E-15
 10   5   -0.1832384420E-15
 10   6   -0.4972320539E-01
 10   7    0.2641409879E+00
 10   8    0.2459309676E-14
 10   9   -0.7283129601E-15
 10  10   -0.9101349096E+01
