  1   1   -0.3860396888E+02
  1   2    0.1007512254E+00
  1   3   -0.5676365444E+00
  1   4    0.4019605623E-14
  1   5    0.1623442262E-14
  1   6   -0.3852271517E+00
  1   7    0.1550283719E+00
  1   8    0.1931182416E-14
  1   9   -0.8519701078E-15
  1  10    0.2700796710E-01
  2   1    0.1007512254E+00
  2   2   -0.3217141444E+02
  2   3   -0.4394988418E+00
  2   4    0.1314437181E-15
  2   5    0.8581845422E-16
  2   6    0.2418950622E+00
  2   7   -0.4306034252E+00
  2   8    0.1543789850E-15
  2   9    0.6469882082E-16
  2  10   -0.5557710964E+00
  3   1   -0.5676365444E+00
  3   2   -0.4394988418E+00
  3   3   -0.1378326430E+02
  3   4   -0.6252105128E-15
  3   5    0.2481155729E-14
  3   6    0.9511179448E+00
  3   7    0.7297446763E+00
  3   8   -0.1389964533E-14
  3   9   -0.3836755026E-14
  3  10   -0.1359114034E+01
  4   1    0.4019605623E-14
  4   2    0.1314437181E-15
  4   3   -0.6252105128E-15
  4   4   -0.1150441135E+02
  4   5    0.6439293543E-14
  4   6    0.6171707814E-15
  4   7   -0.7954177610E-15
  4   8   -0.6338645269E+00
  4   9    0.1809936213E+00
  4  10    0.5973654440E-14
  5   1    0.1623442262E-14
  5   2    0.8581845422E-16
  5   3    0.2481155729E-14
  5   4    0.6439293543E-14
  5   5   -0.1150441135E+02
  5   6    0.8334215058E-16
  5   7   -0.1323192091E-14
  5   8   -0.1809936213E+00
  5   9   -0.6338645269E+00
  5  10    0.4279755910E-14
  6   1   -0.3852271517E+00
  6   2    0.2418950622E+00
  6   3    0.9511179448E+00
  6   4    0.6171707814E-15
  6   5    0.8334215058E-16
  6   6   -0.1095540500E+02
  6   7   -0.1842925698E+00
  6   8   -0.1545109762E-14
  6   9   -0.5665561148E-15
  6  10    0.4887462047E+00
  7   1    0.1550283719E+00
  7   2   -0.4306034252E+00
  7   3    0.7297446763E+00
  7   4   -0.7954177610E-15
  7   5   -0.1323192091E-14
  7   6   -0.1842925698E+00
  7   7   -0.9452549717E+01
  7   8   -0.1508582780E-14
  7   9    0.1748004170E-14
  7  10   -0.7234609312E+00
  8   1    0.1931182416E-14
  8   2    0.1543789850E-15
  8   3   -0.1389964533E-14
  8   4   -0.6338645269E+00
  8   5   -0.1809936213E+00
  8   6   -0.1545109762E-14
  8   7   -0.1508582780E-14
  8   8   -0.9954289356E+01
  8   9   -0.2275957200E-14
  8  10   -0.2864085701E-13
  9   1   -0.8519701078E-15
  9   2    0.6469882082E-16
  9   3   -0.3836755026E-14
  9   4    0.1809936213E+00
  9   5   -0.6338645269E+00
  9   6   -0.5665561148E-15
  9   7    0.1748004170E-14
  9   8   -0.2220446049E-14
  9   9   -0.9954289356E+01
  9  10   -0.9643461484E-14
 10   1    0.2700796710E-01
 10   2   -0.5557710964E+00
 10   3   -0.1359114034E+01
 10   4    0.5973654440E-14
 10   5    0.4279755910E-14
 10   6    0.4887462047E+00
 10   7   -0.7234609312E+00
 10   8   -0.2864085701E-13
 10   9   -0.9643461484E-14
 10  10   -0.7089409844E+01
