  1   1   -0.3743385541E+02
  1   2    0.4469048178E-01
  1   3    0.5066455271E+00
  1   4   -0.5573469061E-14
  1   5    0.6073007441E-15
  1   6   -0.4257072940E+00
  1   7   -0.1117641639E+00
  1   8    0.1847781625E-14
  1   9   -0.3466110307E-14
  1  10    0.1050979928E+00
  2   1    0.4469048178E-01
  2   2   -0.3084846432E+02
  2   3    0.3792368163E+00
  2   4    0.2085072116E-14
  2   5   -0.2801478938E-15
  2   6    0.1693942716E+00
  2   7    0.4366111048E+00
  2   8   -0.1609654876E-15
  2   9   -0.4859027068E-15
  2  10    0.2432030126E+00
  3   1    0.5066455271E+00
  3   2    0.3792368163E+00
  3   3   -0.1349812833E+02
  3   4   -0.3249607386E-14
  3   5    0.1938449627E-14
  3   6   -0.7476871822E+00
  3   7    0.6513813848E+00
  3   8    0.4551371598E-15
  3   9   -0.1895046367E-14
  3  10   -0.1100329031E+01
  4   1   -0.5573469061E-14
  4   2    0.2085072116E-14
  4   3   -0.3249607386E-14
  4   4   -0.1094956697E+02
  4   5    0.5551115123E-14
  4   6    0.1229144701E-14
  4   7    0.6165851910E-14
  4   8    0.2437724919E+00
  4   9    0.5593203965E+00
  4  10   -0.3242464707E-15
  5   1    0.6073007441E-15
  5   2   -0.2801478938E-15
  5   3    0.1938449627E-14
  5   4    0.6217248938E-14
  5   5   -0.1094956697E+02
  5   6   -0.2280841244E-15
  5   7   -0.1635087239E-14
  5   8    0.5593203965E+00
  5   9   -0.2437724919E+00
  5  10    0.4361973027E-14
  6   1   -0.4257072940E+00
  6   2    0.1693942716E+00
  6   3   -0.7476871822E+00
  6   4    0.1229144701E-14
  6   5   -0.2280841244E-15
  6   6   -0.1048977016E+02
  6   7    0.1494495141E+00
  6   8   -0.1152504489E-14
  6   9   -0.2028971732E-14
  6  10   -0.2094553856E+00
  7   1   -0.1117641639E+00
  7   2    0.4366111048E+00
  7   3    0.6513813848E+00
  7   4    0.6165851910E-14
  7   5   -0.1635087239E-14
  7   6    0.1494495141E+00
  7   7   -0.9055162239E+01
  7   8   -0.2841410505E-14
  7   9   -0.1987723938E-14
  7  10   -0.2015977636E+00
  8   1    0.1847781625E-14
  8   2   -0.1609654876E-15
  8   3    0.4551371598E-15
  8   4    0.2437724919E+00
  8   5    0.5593203965E+00
  8   6   -0.1152504489E-14
  8   7   -0.2841410505E-14
  8   8   -0.9754869218E+01
  8   9   -0.6661338148E-15
  8  10    0.1304930785E-14
  9   1   -0.3466110307E-14
  9   2   -0.4859027068E-15
  9   3   -0.1895046367E-14
  9   4    0.5593203965E+00
  9   5   -0.2437724919E+00
  9   6   -0.2028971732E-14
  9   7   -0.1987723938E-14
  9   8   -0.8881784197E-15
  9   9   -0.9754869218E+01
  9  10   -0.1266812343E-14
 10   1    0.1050979928E+00
 10   2    0.2432030126E+00
 10   3   -0.1100329031E+01
 10   4   -0.3242464707E-15
 10   5    0.4361973027E-14
 10   6   -0.2094553856E+00
 10   7   -0.2015977636E+00
 10   8    0.1304930785E-14
 10   9   -0.1266812343E-14
 10  10   -0.8002599104E+01
