  1   1   -0.3493335717E+02
  1   2   -0.3911214600E-04
  1   3    0.4361212029E+00
  1   4   -0.3977721186E+00
  1   5    0.1531161495E-14
  1   6    0.6691513413E-14
  1   7    0.1213380150E+00
  1   8    0.1197447788E-14
  1   9   -0.5858150111E-14
  1  10   -0.2007475330E+00
  2   1   -0.3911214600E-04
  2   2   -0.2799257894E+02
  2   3   -0.2452030902E+00
  2   4   -0.3312906923E+00
  2   5    0.5194463164E-15
  2   6    0.3644212060E-15
  2   7   -0.2785721019E+00
  2   8   -0.1159314216E-15
  2   9   -0.3002050879E-15
  2  10   -0.1204147332E+00
  3   1    0.4361212029E+00
  3   2   -0.2452030902E+00
  3   3   -0.1073797108E+02
  3   4    0.1358661017E-01
  3   5   -0.2371612389E-14
  3   6    0.8721644796E-15
  3   7    0.6613863601E+00
  3   8    0.2235249100E-14
  3   9    0.1056314283E-14
  3  10    0.5301688573E+00
  4   1   -0.3977721186E+00
  4   2   -0.3312906923E+00
  4   3    0.1358661017E-01
  4   4   -0.8977246409E+01
  4   5   -0.3490701589E-15
  4   6    0.1409464788E-15
  4   7    0.5851056954E+00
  4   8   -0.8264228995E-15
  4   9   -0.7974493264E-15
  4  10   -0.3875516499E+00
  5   1    0.1531161495E-14
  5   2    0.5194463164E-15
  5   3   -0.2371612389E-14
  5   4   -0.3490701589E-15
  5   5   -0.9187117225E+01
  5   6   -0.2775557562E-15
  5   7   -0.1733076487E-16
  5   8   -0.5599094873E+00
  5   9   -0.7203845902E-01
  5  10    0.4299950405E-14
  6   1    0.6691513413E-14
  6   2    0.3644212060E-15
  6   3    0.8721644796E-15
  6   4    0.1409464788E-15
  6   5   -0.3330669074E-15
  6   6   -0.9187117225E+01
  6   7    0.1656031049E-15
  6   8    0.7203845902E-01
  6   9   -0.5599094873E+00
  6  10    0.3000342068E-14
  7   1    0.1213380150E+00
  7   2   -0.2785721019E+00
  7   3    0.6613863601E+00
  7   4    0.5851056954E+00
  7   5   -0.1733076487E-16
  7   6    0.1656031049E-15
  7   7   -0.8499042794E+01
  7   8   -0.1979245100E-14
  7   9    0.7625789136E-15
  7  10   -0.4608691368E+00
  8   1    0.1197447788E-14
  8   2   -0.1159314216E-15
  8   3    0.2235249100E-14
  8   4   -0.8264228995E-15
  8   5   -0.5599094873E+00
  8   6    0.7203845902E-01
  8   7   -0.1979245100E-14
  8   8   -0.8714320528E+01
  8   9    0.4773959006E-14
  8  10   -0.4684853548E-14
  9   1   -0.5858150111E-14
  9   2   -0.3002050879E-15
  9   3    0.1056314283E-14
  9   4   -0.7974493264E-15
  9   5   -0.7203845902E-01
  9   6   -0.5599094873E+00
  9   7    0.7625789136E-15
  9   8    0.4773959006E-14
  9   9   -0.8714320528E+01
  9  10   -0.4030756179E-14
 10   1   -0.2007475330E+00
 10   2   -0.1204147332E+00
 10   3    0.5301688573E+00
 10   4   -0.3875516499E+00
 10   5    0.4299950405E-14
 10   6    0.3000342068E-14
 10   7   -0.4608691368E+00
 10   8   -0.4684853548E-14
 10   9   -0.4030756179E-14
 10  10   -0.9355919315E+01
