  1   1   -0.3440064625E+02
  1   2    0.9779098901E-03
  1   3   -0.4585628387E+00
  1   4   -0.3597227185E+00
  1   5   -0.1483311066E+00
  1   6    0.1699075045E-14
  1   7    0.5682188077E-15
  1   8   -0.1081230644E-14
  1   9   -0.2462673178E-14
  1  10    0.1478996521E+00
  2   1    0.9779098901E-03
  2   2   -0.2738327118E+02
  2   3    0.2275092650E+00
  2   4   -0.3845439700E+00
  2   5    0.2010461091E+00
  2   6   -0.1081602601E-14
  2   7   -0.7565446302E-15
  2   8    0.4016861873E-15
  2   9    0.5303411380E-15
  2  10    0.1005143726E+00
  3   1   -0.4585628387E+00
  3   2    0.2275092650E+00
  3   3   -0.9880833648E+01
  3   4   -0.2218819668E+00
  3   5    0.5301850120E+00
  3   6   -0.1450348247E-14
  3   7   -0.2267729790E-14
  3   8    0.3272079064E-14
  3   9    0.1793356325E-15
  3  10    0.4625143630E+00
  4   1   -0.3597227185E+00
  4   2   -0.3845439700E+00
  4   3   -0.2218819668E+00
  4   4   -0.8537337930E+01
  4   5   -0.5653584635E+00
  4   6    0.3861580649E-14
  4   7    0.7058702414E-15
  4   8    0.9882585335E-15
  4   9   -0.5443615772E-15
  4  10    0.4635329935E+00
  5   1   -0.1483311066E+00
  5   2    0.2010461091E+00
  5   3    0.5301850120E+00
  5   4   -0.5653584635E+00
  5   5   -0.8339703458E+01
  5   6   -0.5289802736E-14
  5   7    0.4488276263E-14
  5   8   -0.1307087619E-14
  5   9   -0.4286290577E-14
  5  10   -0.4887732186E+00
  6   1    0.1699075045E-14
  6   2   -0.1081602601E-14
  6   3   -0.1450348247E-14
  6   4    0.3861580649E-14
  6   5   -0.5289802736E-14
  6   6   -0.8718904397E+01
  6   7   -0.3330669074E-14
  6   8    0.5161532913E+00
  6   9   -0.2520278796E+00
  6  10    0.7676462134E-15
  7   1    0.5682188077E-15
  7   2   -0.7565446302E-15
  7   3   -0.2267729790E-14
  7   4    0.7058702414E-15
  7   5    0.4488276263E-14
  7   6   -0.3330669074E-14
  7   7   -0.8718904397E+01
  7   8   -0.2520278796E+00
  7   9   -0.5161532913E+00
  7  10    0.1401934287E-14
  8   1   -0.1081230644E-14
  8   2    0.4016861873E-15
  8   3    0.3272079064E-14
  8   4    0.9882585335E-15
  8   5   -0.1307087619E-14
  8   6    0.5161532913E+00
  8   7   -0.2520278796E+00
  8   8   -0.8298302390E+01
  8   9   -0.3330669074E-14
  8  10   -0.4706377003E-14
  9   1   -0.2462673178E-14
  9   2    0.5303411380E-15
  9   3    0.1793356325E-15
  9   4   -0.5443615772E-15
  9   5   -0.4286290577E-14
  9   6   -0.2520278796E+00
  9   7   -0.5161532913E+00
  9   8   -0.3552713679E-14
  9   9   -0.8298302390E+01
  9  10    0.9348633801E-16
 10   1    0.1478996521E+00
 10   2    0.1005143726E+00
 10   3    0.4625143630E+00
 10   4    0.4635329935E+00
 10   5   -0.4887732186E+00
 10   6    0.7676462134E-15
 10   7    0.1401934287E-14
 10   8   -0.4706377003E-14
 10   9    0.9348633801E-16
 10  10   -0.9007044645E+01
