  1   1   -0.3451718283E+02
  1   2    0.8621527661E-03
  1   3   -0.4515467134E+00
  1   4   -0.3693288219E+00
  1   5   -0.1452925747E+00
  1   6    0.4583124520E-14
  1   7    0.2780984696E-14
  1   8    0.1850799315E-14
  1   9   -0.2993246175E-14
  1  10    0.1618253693E+00
  2   1    0.8621527661E-03
  2   2   -0.2751654419E+02
  2   3    0.2314177439E+00
  2   4   -0.3736866789E+00
  2   5    0.2191852427E+00
  2   6   -0.2952922824E-14
  2   7    0.6539750673E-15
  2   8   -0.1863853328E-15
  2   9   -0.1333374302E-15
  2  10    0.1069544025E+00
  3   1   -0.4515467134E+00
  3   2    0.2314177439E+00
  3   3   -0.1006828480E+02
  3   4   -0.1776003566E+00
  3   5    0.5679608485E+00
  3   6   -0.8763959748E-14
  3   7    0.1555895779E-14
  3   8   -0.4103379195E-15
  3   9   -0.3225325908E-14
  3  10    0.4761382305E+00
  4   1   -0.3693288219E+00
  4   2   -0.3736866789E+00
  4   3   -0.1776003566E+00
  4   4   -0.8635622511E+01
  4   5   -0.5759061042E+00
  4   6    0.7100655287E-14
  4   7   -0.2889923900E-14
  4   8    0.1608159635E-15
  4   9   -0.1006939828E-14
  4  10    0.4556152414E+00
  5   1   -0.1452925747E+00
  5   2    0.2191852427E+00
  5   3    0.5679608485E+00
  5   4   -0.5759061042E+00
  5   5   -0.8388072917E+01
  5   6   -0.5167094609E-14
  5   7    0.9560309433E-15
  5   8    0.1189206563E-14
  5   9    0.9382072000E-14
  5  10   -0.4834941334E+00
  6   1    0.4583124520E-14
  6   2   -0.2952922824E-14
  6   3   -0.8763959748E-14
  6   4    0.7100655287E-14
  6   5   -0.5167094609E-14
  6   6   -0.8820740538E+01
  6   7    0.1332267630E-14
  6   8    0.1612016705E+00
  6   9    0.5492312473E+00
  6  10    0.4888271609E-14
  7   1    0.2780984696E-14
  7   2    0.6539750673E-15
  7   3    0.1555895779E-14
  7   4   -0.2889923900E-14
  7   5    0.9560309433E-15
  7   6    0.1776356839E-14
  7   7   -0.8820740538E+01
  7   8    0.5492312473E+00
  7   9   -0.1612016705E+00
  7  10    0.1086637139E-14
  8   1    0.1850799315E-14
  8   2   -0.1863853328E-15
  8   3   -0.4103379195E-15
  8   4    0.1608159635E-15
  8   5    0.1189206563E-14
  8   6    0.1612016705E+00
  8   7    0.5492312473E+00
  8   8   -0.8398568829E+01
  8   9   -0.3996802889E-14
  8  10    0.3096997836E-14
  9   1   -0.2993246175E-14
  9   2   -0.1333374302E-15
  9   3   -0.3225325908E-14
  9   4   -0.1006939828E-14
  9   5    0.9382072000E-14
  9   6    0.5492312473E+00
  9   7   -0.1612016705E+00
  9   8   -0.3996802889E-14
  9   9   -0.8398568829E+01
  9  10   -0.6173545016E-15
 10   1    0.1618253693E+00
 10   2    0.1069544025E+00
 10   3    0.4761382305E+00
 10   4    0.4556152414E+00
 10   5   -0.4834941334E+00
 10   6    0.4888271609E-14
 10   7    0.1086637139E-14
 10   8    0.3096997836E-14
 10   9   -0.6173545016E-15
 10  10   -0.9103157662E+01
