  1   1   -0.3478202135E+02
  1   2    0.3871442994E-03
  1   3    0.4400406728E+00
  1   4    0.3884049319E+00
  1   5    0.4096380765E-14
  1   6   -0.1849222789E-14
  1   7   -0.1322358551E+00
  1   8   -0.1807089858E-14
  1   9    0.2364894645E-14
  1  10   -0.1885771604E+00
  2   1    0.3871442994E-03
  2   2   -0.2781946086E+02
  2   3   -0.2400924501E+00
  2   4    0.3472468091E+00
  2   5   -0.8299639432E-14
  2   6    0.3750672747E-14
  2   7    0.2579911010E+00
  2   8   -0.3279822627E-16
  2   9    0.9019468996E-16
  2  10   -0.1175456477E+00
  3   1    0.4400406728E+00
  3   2   -0.2400924501E+00
  3   3   -0.1049637242E+02
  3   4   -0.7361908070E-01
  3   5    0.1917275303E-13
  3   6   -0.9214011305E-14
  3   7   -0.6341635464E+00
  3   8    0.8709085334E-15
  3   9   -0.6983627995E-15
  3  10    0.5095512225E+00
  4   1    0.3884049319E+00
  4   2    0.3472468091E+00
  4   3   -0.7361908070E-01
  4   4   -0.8854271932E+01
  4   5   -0.1873164179E-13
  4   6    0.7400385486E-14
  4   7    0.5874023318E+00
  4   8    0.4737975532E-15
  4   9   -0.4858682357E-15
  4  10    0.4178264118E+00
  5   1    0.4096380765E-14
  5   2   -0.8299639432E-14
  5   3    0.1917275303E-13
  5   4   -0.1873164179E-13
  5   5   -0.9054541753E+01
  5   6   -0.1998401444E-14
  5   7   -0.1907316539E-13
  5   8   -0.5221604328E+00
  5   9    0.2213839563E+00
  5  10   -0.1476523663E-13
  6   1   -0.1849222789E-14
  6   2    0.3750672747E-14
  6   3   -0.9214011305E-14
  6   4    0.7400385486E-14
  6   5   -0.1998401444E-14
  6   6   -0.9054541753E+01
  6   7    0.9033903964E-14
  6   8    0.2213839563E+00
  6   9    0.5221604328E+00
  6  10    0.6559186155E-14
  7   1   -0.1322358551E+00
  7   2    0.2579911010E+00
  7   3   -0.6341635464E+00
  7   4    0.5874023318E+00
  7   5   -0.1907316539E-13
  7   6    0.9033903964E-14
  7   7   -0.8466775762E+01
  7   8   -0.2109081663E-13
  7   9    0.8679028621E-16
  7  10    0.4697738890E+00
  8   1   -0.1807089858E-14
  8   2   -0.3279822627E-16
  8   3    0.8709085334E-15
  8   4    0.4737975532E-15
  8   5   -0.5221604328E+00
  8   6    0.2213839563E+00
  8   7   -0.2109081663E-13
  8   8   -0.8606275153E+01
  8   9    0.9992007222E-15
  8  10   -0.1310164104E-14
  9   1    0.2364894645E-14
  9   2    0.9019468996E-16
  9   3   -0.6983627995E-15
  9   4   -0.4858682357E-15
  9   5    0.2213839563E+00
  9   6    0.5221604328E+00
  9   7    0.8679028621E-16
  9   8    0.6661338148E-15
  9   9   -0.8606275153E+01
  9  10   -0.5961656658E-15
 10   1   -0.1885771604E+00
 10   2   -0.1175456477E+00
 10   3    0.5095512225E+00
 10   4    0.4178264118E+00
 10   5   -0.1476523663E-13
 10   6    0.6559186155E-14
 10   7    0.4697738890E+00
 10   8   -0.1310164104E-14
 10   9   -0.5961656658E-15
 10  10   -0.9282535911E+01
