  1   1   -0.3419344390E+02
  1   2    0.1068259690E-02
  1   3    0.4736695008E+00
  1   4   -0.3406370973E+00
  1   5   -0.1501791833E+00
  1   6    0.5582757340E-14
  1   7   -0.3046145012E-14
  1   8    0.4163414126E-14
  1   9   -0.6390330643E-17
  1  10   -0.1195822336E+00
  2   1    0.1068259690E-02
  2   2   -0.2714634516E+02
  2   3   -0.2202088768E+00
  2   4   -0.4025365361E+00
  2   5    0.1666653238E+00
  2   6   -0.3292876172E-14
  2   7    0.1056718149E-14
  2   8   -0.3480974574E-15
  2   9   -0.1599002853E-16
  2  10   -0.8770118502E-01
  3   1    0.4736695008E+00
  3   2   -0.2202088768E+00
  3   3   -0.9554654226E+01
  3   4    0.2969958179E+00
  3   5   -0.4461584787E+00
  3   6    0.9543326221E-14
  3   7   -0.3863240723E-14
  3   8    0.2119248992E-14
  3   9    0.2296737528E-14
  3  10    0.4415373288E+00
  4   1   -0.3406370973E+00
  4   2   -0.4025365361E+00
  4   3    0.2969958179E+00
  4   4   -0.8356308210E+01
  4   5   -0.5421122421E+00
  4   6    0.1186522012E-13
  4   7   -0.3102623143E-14
  4   8    0.1704061500E-14
  4   9   -0.1052166532E-14
  4  10   -0.4585005354E+00
  5   1   -0.1501791833E+00
  5   2    0.1666653238E+00
  5   3   -0.4461584787E+00
  5   4   -0.5421122421E+00
  5   5   -0.8218986545E+01
  5   6   -0.4948973706E-14
  5   7    0.2241803468E-14
  5   8    0.1570476558E-13
  5   9    0.1942179749E-14
  5  10    0.4937406232E+00
  6   1    0.5582757340E-14
  6   2   -0.3292876172E-14
  6   3    0.9543326221E-14
  6   4    0.1186522012E-13
  6   5   -0.4948973706E-14
  6   6   -0.8546599585E+01
  6   7   -0.1332267630E-14
  6   8    0.5668505393E+00
  6   9   -0.9469553075E-01
  6  10   -0.9952162172E-14
  7   1   -0.3046145012E-14
  7   2    0.1056718149E-14
  7   3   -0.3863240723E-14
  7   4   -0.3102623143E-14
  7   5    0.2241803468E-14
  7   6   -0.1776356839E-14
  7   7   -0.8546599585E+01
  7   8   -0.9469553075E-01
  7   9   -0.5668505393E+00
  7  10    0.4034204752E-14
  8   1    0.4163414126E-14
  8   2   -0.3480974574E-15
  8   3    0.2119248992E-14
  8   4    0.1704061500E-14
  8   5    0.1570476558E-13
  8   6    0.5668505393E+00
  8   7   -0.9469553075E-01
  8   8   -0.8100384909E+01
  8   9   -0.3663735981E-14
  8  10   -0.4469740755E-15
  9   1   -0.6390330643E-17
  9   2   -0.1599002853E-16
  9   3    0.2296737528E-14
  9   4   -0.1052166532E-14
  9   5    0.1942179749E-14
  9   6   -0.9469553075E-01
  9   7   -0.5668505393E+00
  9   8   -0.3885780586E-14
  9   9   -0.8100384909E+01
  9  10   -0.1588001413E-14
 10   1   -0.1195822336E+00
 10   2   -0.8770118502E-01
 10   3    0.4415373288E+00
 10   4   -0.4585005354E+00
 10   5    0.4937406232E+00
 10   6   -0.9952162172E-14
 10   7    0.4034204752E-14
 10   8   -0.4469740755E-15
 10   9   -0.1588001413E-14
 10  10   -0.8824934658E+01
