  1   1   -0.3401477091E+02
  1   2   -0.1054877391E-02
  1   3    0.4876859452E+00
  1   4   -0.3235807043E+00
  1   5    0.1513970833E+00
  1   6    0.1069399604E-14
  1   7   -0.3390791132E-15
  1   8    0.2234068297E-15
  1   9    0.7029053380E-16
  1  10   -0.8845481576E-01
  2   1   -0.1054877391E-02
  2   2   -0.2694208718E+02
  2   3    0.2147677845E+00
  2   4    0.4163866903E+00
  2   5    0.1323169989E+00
  2   6    0.8576968897E-16
  2   7    0.2889800722E-15
  2   8   -0.2019496524E-15
  2   9    0.2109075671E-16
  2  10    0.7739586444E-01
  3   1    0.4876859452E+00
  3   2    0.2147677845E+00
  3   3   -0.9282420100E+01
  3   4    0.3599238034E+00
  3   5    0.3437580728E+00
  3   6    0.1161357047E-14
  3   7   -0.1137763708E-15
  3   8   -0.1026853968E-14
  3   9   -0.1986163447E-14
  3  10    0.4327895977E+00
  4   1   -0.3235807043E+00
  4   2    0.4163866903E+00
  4   3    0.3599238034E+00
  4   4   -0.8191734918E+01
  4   5    0.5288406740E+00
  4   6   -0.4636961912E-15
  4   7    0.1594117351E-14
  4   8    0.6370085899E-15
  4   9    0.1331107545E-14
  4  10   -0.4226699232E+00
  5   1    0.1513970833E+00
  5   2    0.1323169989E+00
  5   3    0.3437580728E+00
  5   4    0.5288406740E+00
  5   5   -0.8044144914E+01
  5   6   -0.1081614878E-14
  5   7   -0.1156161939E-15
  5   8   -0.2343038045E-18
  5   9   -0.1100113835E-14
  5  10   -0.4749338678E+00
  6   1    0.1069399604E-14
  6   2    0.8576968897E-16
  6   3    0.1161357047E-14
  6   4   -0.4636961912E-15
  6   5   -0.1081614878E-14
  6   6   -0.8429752793E+01
  6   7   -0.4662936703E-14
  6   8   -0.4988031227E+00
  6   9   -0.2551555755E+00
  6  10   -0.2011977452E-14
  7   1   -0.3390791132E-15
  7   2    0.2889800722E-15
  7   3   -0.1137763708E-15
  7   4    0.1594117351E-14
  7   5   -0.1156161939E-15
  7   6   -0.4218847494E-14
  7   7   -0.8429752793E+01
  7   8   -0.2551555755E+00
  7   9    0.4988031227E+00
  7  10   -0.1326889525E-14
  8   1    0.2234068297E-15
  8   2   -0.2019496524E-15
  8   3   -0.1026853968E-14
  8   4    0.6370085899E-15
  8   5   -0.2343038045E-18
  8   6   -0.4988031227E+00
  8   7   -0.2551555755E+00
  8   8   -0.7887810566E+01
  8   9   -0.1054711873E-14
  8  10    0.3130836385E-14
  9   1    0.7029053380E-16
  9   2    0.2109075671E-16
  9   3   -0.1986163447E-14
  9   4    0.1331107545E-14
  9   5   -0.1100113835E-14
  9   6   -0.2551555755E+00
  9   7    0.4988031227E+00
  9   8   -0.9992007222E-15
  9   9   -0.7887810566E+01
  9  10    0.6575164745E-15
 10   1   -0.8845481576E-01
 10   2    0.7739586444E-01
 10   3    0.4327895977E+00
 10   4   -0.4226699232E+00
 10   5   -0.4749338678E+00
 10   6   -0.2011977452E-14
 10   7   -0.1326889525E-14
 10   8    0.3130836385E-14
 10   9    0.6575164745E-15
 10  10   -0.8696440199E+01
