  1   1   -0.3464384634E+02
  1   2    0.6744566355E-03
  1   3    0.4452786143E+00
  1   4   -0.3788999762E+00
  1   5   -0.1400875021E+00
  1   6   -0.5201879147E-14
  1   7   -0.1019756118E-13
  1   8   -0.3021475204E-14
  1   9   -0.3302165460E-14
  1  10   -0.1754747005E+00
  2   1    0.6744566355E-03
  2   2   -0.2766141217E+02
  2   3   -0.2355638915E+00
  2   4   -0.3613231291E+00
  2   5    0.2381619404E+00
  2   6    0.8515945737E-14
  2   7    0.1908785427E-13
  2   8   -0.3096278818E-15
  2   9   -0.4903618292E-15
  2  10   -0.1128210534E+00
  3   1    0.4452786143E+00
  3   2   -0.2355638915E+00
  3   3   -0.1027326099E+02
  3   4    0.1282615936E+00
  3   5   -0.6027924183E+00
  3   6   -0.2312512540E-13
  3   7   -0.4835265137E-13
  3   8   -0.1211501664E-15
  3   9    0.2578280813E-14
  3  10    0.4917268122E+00
  4   1   -0.3788999762E+00
  4   2   -0.3613231291E+00
  4   3    0.1282615936E+00
  4   4   -0.8740798111E+01
  4   5   -0.5837690008E+00
  4   6   -0.2010831218E-13
  4   7   -0.4592429701E-13
  4   8   -0.4734625069E-15
  4   9   -0.6473464500E-15
  4  10   -0.4404649696E+00
  5   1   -0.1400875021E+00
  5   2    0.2381619404E+00
  5   3   -0.6027924183E+00
  5   4   -0.5837690008E+00
  5   5   -0.8430143543E+01
  5   6    0.1835715054E-13
  5   7    0.3926449875E-13
  5   8    0.2375706699E-13
  5   9    0.4099822878E-13
  5  10    0.4771678529E+00
  6   1   -0.5201879147E-14
  6   2    0.8515945737E-14
  6   3   -0.2312512540E-13
  6   4   -0.2010831218E-13
  6   5    0.1835715054E-13
  6   6   -0.8932552739E+01
  6   7    0.4440892098E-15
  6   8    0.3419190850E+00
  6   9   -0.4559050465E+00
  6  10    0.1737798729E-13
  7   1   -0.1019756118E-13
  7   2    0.1908785427E-13
  7   3   -0.4835265137E-13
  7   4   -0.4592429701E-13
  7   5    0.3926449875E-13
  7   6    0.8881784197E-15
  7   7   -0.8932552739E+01
  7   8   -0.4559050465E+00
  7   9   -0.3419190850E+00
  7  10    0.3945582502E-13
  8   1   -0.3021475204E-14
  8   2   -0.3096278818E-15
  8   3   -0.1211501664E-15
  8   4   -0.4734625069E-15
  8   5    0.2375706699E-13
  8   6    0.3419190850E+00
  8   7   -0.4559050465E+00
  8   8   -0.8501081500E+01
  8   9    0.2220446049E-15
  8  10   -0.1050585455E-14
  9   1   -0.3302165460E-14
  9   2   -0.4903618292E-15
  9   3    0.2578280813E-14
  9   4   -0.6473464500E-15
  9   5    0.4099822878E-13
  9   6   -0.4559050465E+00
  9   7   -0.3419190850E+00
  9   8    0.4440892099E-15
  9   9   -0.8501081500E+01
  9  10   -0.3631598144E-14
 10   1   -0.1754747005E+00
 10   2   -0.1128210534E+00
 10   3    0.4917268122E+00
 10   4   -0.4404649696E+00
 10   5    0.4771678529E+00
 10   6    0.1737798729E-13
 10   7    0.3945582502E-13
 10   8   -0.1050585455E-14
 10   9   -0.3631598144E-14
 10  10   -0.9196546716E+01
