  1   1   -0.3360087532E+02
  1   2   -0.8517213651E-03
  1   3   -0.4998111244E+00
  1   4   -0.3291092404E+00
  1   5   -0.1283787839E+00
  1   6    0.3073037186E-15
  1   7    0.9700407147E-16
  1   8   -0.1826000464E-15
  1   9    0.2526086114E-15
  1  10    0.5954411681E-02
  2   1   -0.8517213651E-03
  2   2   -0.2646933801E+02
  2   3   -0.2362302685E+00
  2   4    0.4192120707E+00
  2   5   -0.6380850932E-01
  2   6   -0.1689869852E-15
  2   7    0.3303134131E-16
  2   8   -0.3921694999E-17
  2   9   -0.4441564617E-15
  2  10    0.4763750215E-01
  3   1   -0.4998111244E+00
  3   2   -0.2362302685E+00
  3   3   -0.8645557190E+01
  3   4   -0.5407701846E+00
  3   5    0.9147630758E-01
  3   6    0.1518660003E-14
  3   7   -0.2633322815E-15
  3   8    0.7430801951E-15
  3   9    0.4819734346E-14
  3  10   -0.3394513734E+00
  4   1   -0.3291092404E+00
  4   2    0.4192120707E+00
  4   3   -0.5407701846E+00
  4   4   -0.7872680003E+01
  4   5   -0.4918461087E+00
  4   6    0.4966355989E-15
  4   7    0.1681919805E-15
  4   8    0.5040530676E-15
  4   9    0.2557528993E-14
  4  10   -0.2470843794E+00
  5   1   -0.1283787839E+00
  5   2   -0.6380850932E-01
  5   3    0.9147630758E-01
  5   4   -0.4918461087E+00
  5   5   -0.7374185316E+01
  5   6   -0.5563943632E-15
  5   7   -0.7273855388E-16
  5   8    0.4142557304E-15
  5   9   -0.2969305522E-14
  5  10    0.2112560068E+00
  6   1    0.3073037186E-15
  6   2   -0.1689869852E-15
  6   3    0.1518660003E-14
  6   4    0.4966355989E-15
  6   5   -0.5563943632E-15
  6   6   -0.8275308315E+01
  6   7   -0.1526556659E-15
  6   8    0.2307785325E-01
  6   9    0.3830182382E+00
  6  10    0.2644824224E-14
  7   1    0.9700407147E-16
  7   2    0.3303134131E-16
  7   3   -0.2633322815E-15
  7   4    0.1681919805E-15
  7   5   -0.7273855388E-16
  7   6   -0.1526556659E-15
  7   7   -0.8275308315E+01
  7   8    0.3830182382E+00
  7   9   -0.2307785325E-01
  7  10   -0.2584099453E-15
  8   1   -0.1826000464E-15
  8   2   -0.3921694999E-17
  8   3    0.7430801951E-15
  8   4    0.5040530676E-15
  8   5    0.4142557304E-15
  8   6    0.2307785325E-01
  8   7    0.3830182382E+00
  8   8   -0.7249392087E+01
  8   9   -0.1366962099E-14
  8  10    0.1960667037E-14
  9   1    0.2526086114E-15
  9   2   -0.4441564617E-15
  9   3    0.4819734346E-14
  9   4    0.2557528993E-14
  9   5   -0.2969305522E-14
  9   6    0.3830182382E+00
  9   7   -0.2307785325E-01
  9   8   -0.1332267630E-14
  9   9   -0.7249392087E+01
  9  10    0.8180553661E-14
 10   1    0.5954411681E-02
 10   2    0.4763750215E-01
 10   3   -0.3394513734E+00
 10   4   -0.2470843794E+00
 10   5    0.2112560068E+00
 10   6    0.2644824224E-14
 10   7   -0.2584099453E-15
 10   8    0.1960667037E-14
 10   9    0.8180553661E-14
 10  10   -0.8499199995E+01
