  1   1   -0.3393433508E+02
  1   2   -0.1035460584E-02
  1   3    0.4929974813E+00
  1   4   -0.3178359595E+00
  1   5    0.1532798052E+00
  1   6    0.1750553414E-14
  1   7    0.6709876807E-16
  1   8   -0.3417853615E-14
  1   9    0.1082536926E-14
  1  10   -0.6953450077E-01
  2   1   -0.1035460584E-02
  2   2   -0.2685015986E+02
  2   3    0.2140921159E+00
  2   4    0.4214951055E+00
  2   5    0.1144697902E+00
  2   6    0.2729821827E-14
  2   7    0.2899758750E-15
  2   8    0.7266902697E-15
  2   9   -0.2546213191E-16
  2  10    0.7336603553E-01
  3   1    0.4929974813E+00
  3   2    0.2140921159E+00
  3   3   -0.9160113175E+01
  3   4    0.3906374476E+00
  3   5    0.2810258016E+00
  3   6    0.8082051564E-14
  3   7    0.1764183176E-14
  3   8    0.3929695870E-14
  3   9    0.2160307208E-14
  3  10    0.4323054721E+00
  4   1   -0.3178359595E+00
  4   2    0.4214951055E+00
  4   3    0.3906374476E+00
  4   4   -0.8117775856E+01
  4   5    0.5310968778E+00
  4   6    0.1239783119E-13
  4   7    0.1372290011E-14
  4   8    0.9776699142E-15
  4   9   -0.2543112275E-15
  4  10   -0.3899225489E+00
  5   1    0.1532798052E+00
  5   2    0.1144697902E+00
  5   3    0.2810258016E+00
  5   4    0.5310968778E+00
  5   5   -0.7923988492E+01
  5   6    0.9815826008E-14
  5   7    0.1839210529E-16
  5   8   -0.1345034892E-13
  5   9   -0.3314179932E-15
  5  10   -0.4414085492E+00
  6   1    0.1750553414E-14
  6   2    0.2729821827E-14
  6   3    0.8082051564E-14
  6   4    0.1239783119E-13
  6   5    0.9815826008E-14
  6   6   -0.8401108644E+01
  6   7    0.2220446049E-14
  6   8    0.5309610833E+00
  6   9   -0.9074532715E-01
  6  10   -0.1056273725E-13
  7   1    0.6709876807E-16
  7   2    0.2899758750E-15
  7   3    0.1764183176E-14
  7   4    0.1372290011E-14
  7   5    0.1839210529E-16
  7   6    0.2442490654E-14
  7   7   -0.8401108644E+01
  7   8    0.9074532715E-01
  7   9    0.5309610833E+00
  7  10   -0.2650416248E-14
  8   1   -0.3417853615E-14
  8   2    0.7266902697E-15
  8   3    0.3929695870E-14
  8   4    0.9776699142E-15
  8   5   -0.1345034892E-13
  8   6    0.5309610833E+00
  8   7    0.9074532715E-01
  8   8   -0.7765408046E+01
  8   9   -0.4773959006E-14
  8  10   -0.2534952018E-14
  9   1    0.1082536926E-14
  9   2   -0.2546213191E-16
  9   3    0.2160307208E-14
  9   4   -0.2543112275E-15
  9   5   -0.3314179932E-15
  9   6   -0.9074532715E-01
  9   7    0.5309610833E+00
  9   8   -0.4551914401E-14
  9   9   -0.7765408046E+01
  9  10   -0.3448391976E-14
 10   1   -0.6953450077E-01
 10   2    0.7336603553E-01
 10   3    0.4323054721E+00
 10   4   -0.3899225489E+00
 10   5   -0.4414085492E+00
 10   6   -0.1056273725E-13
 10   7   -0.2650416248E-14
 10   8   -0.2534952018E-14
 10   9   -0.3448391976E-14
 10  10   -0.8668857780E+01
