  1   1   -0.3354528931E+02
  1   2   -0.7942796901E-03
  1   3   -0.4948283654E+00
  1   4    0.3405711700E+00
  1   5   -0.1194056709E+00
  1   6    0.5101679847E-15
  1   7   -0.1097256328E-15
  1   8   -0.5597893100E-14
  1   9   -0.5711111534E-15
  1  10    0.1315762574E-01
  2   1   -0.7942796901E-03
  2   2   -0.2640587912E+02
  2   3   -0.2475563839E+00
  2   4   -0.4128213051E+00
  2   5   -0.5913806118E-01
  2   6   -0.4325981197E-16
  2   7    0.2749390255E-16
  2   8    0.3015071088E-15
  2   9    0.1036848942E-16
  2  10    0.4286658661E-01
  3   1   -0.4948283654E+00
  3   2   -0.2475563839E+00
  3   3   -0.8546037254E+01
  3   4    0.5728848381E+00
  3   5    0.8644553240E-01
  3   6    0.9952797418E-15
  3   7    0.7649261237E-15
  3   8   -0.3962477996E-14
  3   9   -0.2138335672E-14
  3  10   -0.3124141334E+00
  4   1    0.3405711700E+00
  4   2   -0.4128213051E+00
  4   3    0.5728848381E+00
  4   4   -0.7851781911E+01
  4   5    0.4726384577E+00
  4   6    0.8503812241E-16
  4   7   -0.7304643849E-16
  4   8    0.1935044534E-14
  4   9    0.7319100719E-15
  4  10    0.2346153887E+00
  5   1   -0.1194056709E+00
  5   2   -0.5913806118E-01
  5   3    0.8644553240E-01
  5   4    0.4726384577E+00
  5   5   -0.7292138466E+01
  5   6    0.1237266845E-17
  5   7    0.4922783376E-15
  5   8    0.2766875597E-14
  5   9    0.1265321264E-14
  5  10    0.1805919185E+00
  6   1    0.5101679847E-15
  6   2   -0.4325981197E-16
  6   3    0.9952797418E-15
  6   4    0.8503812241E-16
  6   5    0.1237266845E-17
  6   6   -0.8240368795E+01
  6   7   -0.1776356839E-14
  6   8   -0.3246534562E+00
  6   9    0.1578855792E+00
  6  10    0.3601694312E-14
  7   1   -0.1097256328E-15
  7   2    0.2749390255E-16
  7   3    0.7649261237E-15
  7   4   -0.7304643849E-16
  7   5    0.4922783376E-15
  7   6   -0.2220446049E-14
  7   7   -0.8240368795E+01
  7   8   -0.1578855792E+00
  7   9   -0.3246534562E+00
  7  10    0.1464154059E-14
  8   1   -0.5597893100E-14
  8   2    0.3015071088E-15
  8   3   -0.3962477996E-14
  8   4    0.1935044534E-14
  8   5    0.2766875597E-14
  8   6   -0.3246534562E+00
  8   7   -0.1578855792E+00
  8   8   -0.7175142031E+01
  8   9   -0.1203898092E-14
  8  10   -0.7722715729E-14
  9   1   -0.5711111534E-15
  9   2    0.1036848942E-16
  9   3   -0.2138335672E-14
  9   4    0.7319100719E-15
  9   5    0.1265321264E-14
  9   6    0.1578855792E+00
  9   7   -0.3246534562E+00
  9   8   -0.1176142517E-14
  9   9   -0.7175142031E+01
  9  10   -0.2792056053E-14
 10   1    0.1315762574E-01
 10   2    0.4286658661E-01
 10   3   -0.3124141334E+00
 10   4    0.2346153887E+00
 10   5    0.1805919185E+00
 10   6    0.3601694312E-14
 10   7    0.1464154059E-14
 10   8   -0.7722715729E-14
 10   9   -0.2792056053E-14
 10  10   -0.8449372361E+01
