  1   1   -0.3344289447E+02
  1   2   -0.6730431856E-03
  1   3    0.4710943225E+00
  1   4    0.3790335426E+00
  1   5   -0.1016793304E+00
  1   6    0.8278158780E-15
  1   7    0.7628443987E-16
  1   8    0.2372817903E-14
  1   9    0.3400859636E-14
  1  10    0.2267896944E-01
  2   1   -0.6730431856E-03
  2   2   -0.2628898368E+02
  2   3    0.2823891999E+00
  2   4   -0.3897090247E+00
  2   5   -0.5173428176E-01
  2   6   -0.1056269217E-16
  2   7    0.1897215166E-16
  2   8    0.4644788401E-16
  2   9    0.3704998974E-16
  2  10    0.3443696117E-01
  3   1    0.4710943225E+00
  3   2    0.2823891999E+00
  3   3   -0.8316541112E+01
  3   4   -0.6412922674E+00
  3   5   -0.1006076167E+00
  3   6   -0.3833631723E-15
  3   7    0.3475981376E-15
  3   8    0.5957938324E-15
  3   9    0.1346853579E-14
  3  10    0.2566055520E+00
  4   1    0.3790335426E+00
  4   2   -0.3897090247E+00
  4   3   -0.6412922674E+00
  4   4   -0.7860888349E+01
  4   5    0.4287540295E+00
  4   6   -0.2564823865E-15
  4   7    0.4908781126E-16
  4   8    0.3952609684E-15
  4   9    0.6781474095E-15
  4  10    0.2226160986E+00
  5   1   -0.1016793304E+00
  5   2   -0.5173428176E-01
  5   3   -0.1006076167E+00
  5   4    0.4287540295E+00
  5   5   -0.7145699319E+01
  5   6   -0.2743153080E-15
  5   7   -0.5216165255E-15
  5   8    0.8089457997E-15
  5   9    0.3674133220E-15
  5  10    0.1319958749E+00
  6   1    0.8278158780E-15
  6   2   -0.1056269217E-16
  6   3   -0.3833631723E-15
  6   4   -0.2564823865E-15
  6   5   -0.2743153080E-15
  6   6   -0.8169239695E+01
  6   7   -0.5551115123E-15
  6   8   -0.3204668676E+00
  6   9   -0.3988305735E-01
  6  10   -0.1215565307E-15
  7   1    0.7628443987E-16
  7   2    0.1897215166E-16
  7   3    0.3475981376E-15
  7   4    0.4908781126E-16
  7   5   -0.5216165255E-15
  7   6   -0.4440892099E-15
  7   7   -0.8169239695E+01
  7   8   -0.3988305735E-01
  7   9    0.3204668676E+00
  7  10    0.2378326325E-16
  8   1    0.2372817903E-14
  8   2    0.4644788401E-16
  8   3    0.5957938324E-15
  8   4    0.3952609684E-15
  8   5    0.8089457997E-15
  8   6   -0.3204668676E+00
  8   7   -0.3988305735E-01
  8   8   -0.7043677797E+01
  8   9    0.2229119667E-14
  8  10    0.2608359785E-15
  9   1    0.3400859636E-14
  9   2    0.3704998974E-16
  9   3    0.1346853579E-14
  9   4    0.6781474095E-15
  9   5    0.3674133220E-15
  9   6   -0.3988305735E-01
  9   7    0.3204668676E+00
  9   8    0.2218711326E-14
  9   9   -0.7043677797E+01
  9  10   -0.2984952778E-15
 10   1    0.2267896944E-01
 10   2    0.3443696117E-01
 10   3    0.2566055520E+00
 10   4    0.2226160986E+00
 10   5    0.1319958749E+00
 10   6   -0.1215565307E-15
 10   7    0.2378326325E-16
 10   8    0.2608359785E-15
 10   9   -0.2984952778E-15
 10  10   -0.8349482644E+01
