  1   1   -0.3365973085E+02
  1   2   -0.9045108607E-03
  1   3   -0.5018508762E+00
  1   4   -0.3214711779E+00
  1   5   -0.1370133623E+00
  1   6   -0.1825008382E-14
  1   7   -0.1980368660E-14
  1   8   -0.3363981764E-14
  1   9    0.2346351880E-15
  1  10   -0.3433059307E-02
  2   1   -0.9045108607E-03
  2   2   -0.2653653225E+02
  2   3   -0.2278976664E+00
  2   4    0.4233174306E+00
  2   5   -0.6948373609E-01
  2   6   -0.3317508583E-16
  2   7    0.2753934235E-16
  2   8   -0.1488026779E-16
  2   9   -0.2566981544E-16
  2  10    0.5276717752E-01
  3   1   -0.5018508762E+00
  3   2   -0.2278976664E+00
  3   3   -0.8741683940E+01
  3   4   -0.5103444410E+00
  3   5    0.1055884762E+00
  3   6    0.2185462013E-15
  3   7    0.1669691309E-15
  3   8    0.2099038461E-14
  3   9    0.2335869895E-14
  3  10   -0.3657938352E+00
  4   1   -0.3214711779E+00
  4   2    0.4233174306E+00
  4   3   -0.5103444410E+00
  4   4   -0.7905065271E+01
  4   5   -0.5088268270E+00
  4   6   -0.2030863615E-15
  4   7    0.4446190358E-15
  4   8    0.1328588979E-14
  4   9    0.8144967365E-15
  4  10   -0.2644424407E+00
  5   1   -0.1370133623E+00
  5   2   -0.6948373609E-01
  5   3    0.1055884762E+00
  5   4   -0.5088268270E+00
  5   5   -0.7463575290E+01
  5   6    0.7728333109E-15
  5   7   -0.8971842565E-15
  5   8   -0.1701094031E-14
  5   9    0.3795407547E-15
  5  10    0.2471430340E+00
  6   1   -0.1825008382E-14
  6   2   -0.3317508583E-16
  6   3    0.2185462013E-15
  6   4   -0.2030863615E-15
  6   5    0.7728333109E-15
  6   6   -0.8308684246E+01
  6   7   -0.1998401444E-14
  6   8    0.5620972040E-02
  6   9    0.4094258174E+00
  6  10    0.6839400690E-15
  7   1   -0.1980368660E-14
  7   2    0.2753934235E-16
  7   3    0.1669691309E-15
  7   4    0.4446190358E-15
  7   5   -0.8971842565E-15
  7   6   -0.1998401444E-14
  7   7   -0.8308684246E+01
  7   8    0.4094258174E+00
  7   9   -0.5620972040E-02
  7  10   -0.9434918199E-15
  8   1   -0.3363981764E-14
  8   2   -0.1488026779E-16
  8   3    0.2099038461E-14
  8   4    0.1328588979E-14
  8   5   -0.1701094031E-14
  8   6    0.5620972040E-02
  8   7    0.4094258174E+00
  8   8   -0.7330987736E+01
  8   9    0.3719247132E-14
  8  10   -0.1954541844E-14
  9   1    0.2346351880E-15
  9   2   -0.2566981544E-16
  9   3    0.2335869895E-14
  9   4    0.8144967365E-15
  9   5    0.3795407547E-15
  9   6    0.4094258174E+00
  9   7   -0.5620972040E-02
  9   8    0.3663735981E-14
  9   9   -0.7330987736E+01
  9  10    0.3109833728E-14
 10   1   -0.3433059307E-02
 10   2    0.5276717752E-01
 10   3   -0.3657938352E+00
 10   4   -0.2644424407E+00
 10   5    0.2471430340E+00
 10   6    0.6839400690E-15
 10   7   -0.9434918199E-15
 10   8   -0.1954541844E-14
 10   9    0.3109833728E-14
 10  10   -0.8547163258E+01
