  1   1   -0.3349270806E+02
  1   2   -0.7341636827E-03
  1   3    0.4857952950E+00
  1   4    0.3568445848E+00
  1   5   -0.1104370718E+00
  1   6   -0.9610400439E-15
  1   7   -0.4749836708E-17
  1   8    0.1805443242E-14
  1   9    0.7758564866E-15
  1  10   -0.1861268341E-01
  2   1   -0.7341636827E-03
  2   2   -0.2634585159E+02
  2   3    0.2626552248E+00
  2   4   -0.4033888735E+00
  2   5   -0.5517717210E-01
  2   6    0.7075645809E-16
  2   7    0.2327694098E-16
  2   8   -0.1546659003E-15
  2   9   -0.6547263292E-18
  2  10   -0.3846920838E-01
  3   1    0.4857952950E+00
  3   2    0.2626552248E+00
  3   3   -0.8438355932E+01
  3   4   -0.6068091940E+00
  3   5   -0.8963864308E-01
  3   6    0.7731886667E-15
  3   7    0.4734540269E-15
  3   8   -0.1982006518E-14
  3   9   -0.1547948284E-14
  3  10   -0.2848912792E+00
  4   1    0.3568445848E+00
  4   2   -0.4033888735E+00
  4   3   -0.6068091940E+00
  4   4   -0.7846120225E+01
  4   5    0.4516371044E+00
  4   6    0.2361353735E-15
  4   7    0.1509523564E-15
  4   8   -0.1165260919E-14
  4   9   -0.1068228448E-14
  4  10   -0.2265769986E+00
  5   1   -0.1104370718E+00
  5   2   -0.5517717210E-01
  5   3   -0.8963864308E-01
  5   4    0.4516371044E+00
  5   5   -0.7216264734E+01
  5   6   -0.7738099818E-15
  5   7    0.8809651849E-16
  5   8   -0.5742125695E-16
  5   9   -0.5742335143E-15
  5  10   -0.1543892038E+00
  6   1   -0.9610400439E-15
  6   2    0.7075645809E-16
  6   3    0.7731886667E-15
  6   4    0.2361353735E-15
  6   5   -0.7738099818E-15
  6   6   -0.8204805910E+01
  6   7    0.4440892099E-14
  6   8   -0.3265656811E+00
  6   9   -0.9778305573E-01
  6  10    0.9949761928E-15
  7   1   -0.4749836708E-17
  7   2    0.2327694098E-16
  7   3    0.4734540269E-15
  7   4    0.1509523564E-15
  7   5    0.8809651849E-16
  7   6    0.4218847494E-14
  7   7   -0.8204805910E+01
  7   8   -0.9778305573E-01
  7   9    0.3265656811E+00
  7  10    0.6586365672E-15
  8   1    0.1805443242E-14
  8   2   -0.1546659003E-15
  8   3   -0.1982006518E-14
  8   4   -0.1165260919E-14
  8   5   -0.5742125695E-16
  8   6   -0.3265656811E+00
  8   7   -0.9778305573E-01
  8   8   -0.7106899554E+01
  8   9   -0.8951173136E-15
  8  10   -0.2905080976E-14
  9   1    0.7758564866E-15
  9   2   -0.6547263292E-18
  9   3   -0.1547948284E-14
  9   4   -0.1068228448E-14
  9   5   -0.5742335143E-15
  9   6   -0.9778305573E-01
  9   7    0.3265656811E+00
  9   8   -0.9159339953E-15
  9   9   -0.7106899554E+01
  9  10   -0.1333264302E-14
 10   1   -0.1861268341E-01
 10   2   -0.3846920838E-01
 10   3   -0.2848912792E+00
 10   4   -0.2265769986E+00
 10   5   -0.1543892038E+00
 10   6    0.9949761928E-15
 10   7    0.6586365672E-15
 10   8   -0.2905080976E-14
 10   9   -0.1333264302E-14
 10  10   -0.8399154275E+01
