  1   1   -0.3378847140E+02
  1   2   -0.9874150516E-03
  1   3    0.4999538593E+00
  1   4   -0.3148059884E+00
  1   5   -0.1507089913E+00
  1   6   -0.1176734118E-14
  1   7   -0.7211351030E-15
  1   8   -0.1160952581E-14
  1   9   -0.2606182805E-15
  1  10    0.3074649246E-01
  2   1   -0.9874150516E-03
  2   2   -0.2668353417E+02
  2   3    0.2178107829E+00
  2   4    0.4260638009E+00
  2   5   -0.8595166463E-01
  2   6   -0.1724989044E-15
  2   7   -0.2773442781E-15
  2   8    0.2960971430E-15
  2   9    0.1360136655E-15
  2  10   -0.6370800630E-01
  3   1    0.4999538593E+00
  3   2    0.2178107829E+00
  3   3   -0.8938549838E+01
  3   4    0.4515893995E+00
  3   5   -0.1672665123E+00
  3   6   -0.8889687646E-16
  3   7   -0.7809943934E-15
  3   8   -0.6320212344E-15
  3   9    0.2059754637E-14
  3  10   -0.4118604718E+00
  4   1   -0.3148059884E+00
  4   2    0.4260638009E+00
  4   3    0.4515893995E+00
  4   4   -0.7995649276E+01
  4   5   -0.5316651094E+00
  4   6   -0.1016538866E-14
  4   7   -0.1260411183E-14
  4   8    0.1640937328E-14
  4   9   -0.7719138153E-15
  4  10    0.3163999185E+00
  5   1   -0.1507089913E+00
  5   2   -0.8595166463E-01
  5   3   -0.1672665123E+00
  5   4   -0.5316651094E+00
  5   5   -0.7671379896E+01
  5   6    0.7651393396E-15
  5   7    0.4092559008E-15
  5   8    0.5455793858E-14
  5   9    0.7610826634E-15
  5  10   -0.3375149827E+00
  6   1   -0.1176734118E-14
  6   2   -0.1724989044E-15
  6   3   -0.8889687646E-16
  6   4   -0.1016538866E-14
  6   5    0.7651393396E-15
  6   6   -0.8364725210E+01
  6   7    0.3996802889E-14
  6   8   -0.3623357168E+00
  6   9    0.3016248042E+00
  6  10   -0.1119325933E-14
  7   1   -0.7211351030E-15
  7   2   -0.2773442781E-15
  7   3   -0.7809943934E-15
  7   4   -0.1260411183E-14
  7   5    0.4092559008E-15
  7   6    0.3996802889E-14
  7   7   -0.8364725210E+01
  7   8   -0.3016248042E+00
  7   9   -0.3623357168E+00
  7  10   -0.2545437310E-14
  8   1   -0.1160952581E-14
  8   2    0.2960971430E-15
  8   3   -0.6320212344E-15
  8   4    0.1640937328E-14
  8   5    0.5455793858E-14
  8   6   -0.3623357168E+00
  8   7   -0.3016248042E+00
  8   8   -0.7523993184E+01
  8   9   -0.2664535259E-14
  8  10    0.4077092295E-14
  9   1   -0.2606182805E-15
  9   2    0.1360136655E-15
  9   3    0.2059754637E-14
  9   4   -0.7719138153E-15
  9   5    0.7610826634E-15
  9   6    0.3016248042E+00
  9   7   -0.3623357168E+00
  9   8   -0.2997602166E-14
  9   9   -0.7523993184E+01
  9  10    0.2394392894E-14
 10   1    0.3074649246E-01
 10   2   -0.6370800630E-01
 10   3   -0.4118604718E+00
 10   4    0.3163999185E+00
 10   5   -0.3375149827E+00
 10   6   -0.1119325933E-14
 10   7   -0.2545437310E-14
 10   8    0.4077092295E-14
 10   9    0.2394392894E-14
 10  10   -0.8627207703E+01
