  1   1   -0.3315619787E+02
  1   2   -0.3008308322E-03
  1   3    0.1631950842E+00
  1   4    0.5910883714E+00
  1   5   -0.5187685274E-01
  1   6   -0.9953876191E-15
  1   7   -0.1358799135E-14
  1   8   -0.4434895134E-14
  1   9    0.2492640407E-14
  1  10   -0.3058456708E-01
  2   1   -0.3008308322E-03
  2   2   -0.2596165714E+02
  2   3    0.4598857081E+00
  2   4   -0.1370525132E+00
  2   5   -0.3521380585E-01
  2   6    0.4942172154E-17
  2   7    0.8967058167E-17
  2   8    0.1086925133E-16
  2   9   -0.1604391404E-16
  2  10   -0.1478511888E-01
  3   1    0.1631950842E+00
  3   2    0.4598857081E+00
  3   3   -0.7183504587E+01
  3   4   -0.3862847287E+00
  3   5   -0.2450311977E+00
  3   6    0.1208806018E-15
  3   7    0.1756616570E-15
  3   8    0.6951438101E-15
  3   9   -0.6635670714E-15
  3  10   -0.5105439875E-01
  4   1    0.5910883714E+00
  4   2   -0.1370525132E+00
  4   3   -0.3862847287E+00
  4   4   -0.8379443873E+01
  4   5    0.1954587733E+00
  4   6    0.2969911436E-15
  4   7    0.4265275081E-15
  4   8    0.2566333204E-14
  4   9   -0.1668348013E-14
  4  10   -0.2168360712E+00
  5   1   -0.5187685274E-01
  5   2   -0.3521380585E-01
  5   3   -0.2450311977E+00
  5   4    0.1954587733E+00
  5   5   -0.6758309826E+01
  5   6   -0.4202611511E-15
  5   7   -0.1296744766E-14
  5   8   -0.5510263761E-14
  5   9    0.1107582582E-14
  5  10   -0.4425115405E-01
  6   1   -0.9953876191E-15
  6   2    0.4942172154E-17
  6   3    0.1208806018E-15
  6   4    0.2969911436E-15
  6   5   -0.4202611511E-15
  6   6   -0.7940534759E+01
  6   7   -0.4440892099E-15
  6   8    0.2932534069E-01
  6   9   -0.2334105955E+00
  6  10    0.1149029647E-14
  7   1   -0.1358799135E-14
  7   2    0.8967058167E-17
  7   3    0.1756616570E-15
  7   4    0.4265275081E-15
  7   5   -0.1296744766E-14
  7   6   -0.4440892099E-15
  7   7   -0.7940534759E+01
  7   8    0.2334105955E+00
  7   9    0.2932534069E-01
  7  10   -0.5873524000E-15
  8   1   -0.4434895134E-14
  8   2    0.1086925133E-16
  8   3    0.6951438101E-15
  8   4    0.2566333204E-14
  8   5   -0.5510263761E-14
  8   6    0.2932534069E-01
  8   7    0.2334105955E+00
  8   8   -0.6696099481E+01
  8   9   -0.8187894807E-15
  8  10   -0.3007039644E-14
  9   1    0.2492640407E-14
  9   2   -0.1604391404E-16
  9   3   -0.6635670714E-15
  9   4   -0.1668348013E-14
  9   5    0.1107582582E-14
  9   6   -0.2334105955E+00
  9   7    0.2932534069E-01
  9   8   -0.9159339953E-15
  9   9   -0.6696099481E+01
  9  10   -0.6632444115E-14
 10   1   -0.3058456708E-01
 10   2   -0.1478511888E-01
 10   3   -0.5105439875E-01
 10   4   -0.2168360712E+00
 10   5   -0.4425115405E-01
 10   6    0.1149029647E-14
 10   7   -0.5873524000E-15
 10   8   -0.3007039644E-14
 10   9   -0.6632444115E-14
 10  10   -0.8045329831E+01
