  1   1   -0.3308997366E+02
  1   2   -0.2257789947E-03
  1   3   -0.1016631127E+00
  1   4   -0.6061000823E+00
  1   5   -0.4165842049E-01
  1   6    0.9359367395E-15
  1   7    0.3634379306E-16
  1   8   -0.4445946258E-14
  1   9    0.1494029185E-14
  1  10   -0.2986739867E-01
  2   1   -0.2257789947E-03
  2   2   -0.2588603536E+02
  2   3   -0.4716638027E+00
  2   4    0.8640211147E-01
  2   5   -0.3190263949E-01
  2   6   -0.1093426440E-17
  2   7   -0.5589083245E-17
  2   8    0.1221708748E-17
  2   9   -0.1486832978E-16
  2  10   -0.1134284832E-01
  3   1   -0.1016631127E+00
  3   2   -0.4716638027E+00
  3   3   -0.7037047807E+01
  3   4   -0.2506145964E+00
  3   5    0.2441984334E+00
  3   6    0.1368317670E-16
  3   7    0.3414311993E-16
  3   8   -0.2083447611E-16
  3   9    0.7828064877E-16
  3  10    0.2616045839E-01
  4   1   -0.6061000823E+00
  4   2    0.8640211147E-01
  4   3   -0.2506145964E+00
  4   4   -0.8383684073E+01
  4   5   -0.1453014535E+00
  4   6    0.9131172084E-16
  4   7   -0.1690541570E-15
  4   8   -0.6136978593E-15
  4   9   -0.5561311416E-15
  4  10    0.1996030943E+00
  5   1   -0.4165842049E-01
  5   2   -0.3190263949E-01
  5   3    0.2441984334E+00
  5   4   -0.1453014535E+00
  5   5   -0.6672642402E+01
  5   6    0.1307162700E-15
  5   7    0.8965009015E-16
  5   8    0.1814332225E-15
  5   9   -0.2417753816E-15
  5  10   -0.3244211888E-01
  6   1    0.9359367395E-15
  6   2   -0.1093426440E-17
  6   3    0.1368317670E-16
  6   4    0.9131172084E-16
  6   5    0.1307162700E-15
  6   6   -0.7883621445E+01
  6   7   -0.2886579864E-14
  6   8   -0.2090866669E+00
  6   9    0.6132648281E-01
  6  10    0.1775850978E-15
  7   1    0.3634379306E-16
  7   2   -0.5589083245E-17
  7   3    0.3414311993E-16
  7   4   -0.1690541570E-15
  7   5    0.8965009015E-16
  7   6   -0.2442490654E-14
  7   7   -0.7883621445E+01
  7   8    0.6132648281E-01
  7   9    0.2090866669E+00
  7  10   -0.3918016173E-15
  8   1   -0.4445946258E-14
  8   2    0.1221708748E-17
  8   3   -0.2083447611E-16
  8   4   -0.6136978593E-15
  8   5    0.1814332225E-15
  8   6   -0.2090866669E+00
  8   7    0.6132648281E-01
  8   8   -0.6618179630E+01
  8   9    0.3080001532E-14
  8  10    0.9652951332E-15
  9   1    0.1494029185E-14
  9   2   -0.1486832978E-16
  9   3    0.7828064877E-16
  9   4   -0.5561311416E-15
  9   5   -0.2417753816E-15
  9   6    0.6132648281E-01
  9   7    0.2090866669E+00
  9   8    0.3100818213E-14
  9   9   -0.6618179630E+01
  9  10    0.2359463141E-14
 10   1   -0.2986739867E-01
 10   2   -0.1134284832E-01
 10   3    0.2616045839E-01
 10   4    0.1996030943E+00
 10   5   -0.3244211888E-01
 10   6    0.1775850978E-15
 10   7   -0.3918016173E-15
 10   8    0.9652951332E-15
 10   9    0.2359463141E-14
 10  10   -0.7974116088E+01
