  1   1   -0.3319156838E+02
  1   2   -0.3440954128E-03
  1   3    0.2071086094E+00
  1   4    0.5762910481E+00
  1   5   -0.5763698369E-01
  1   6   -0.3890856066E-15
  1   7   -0.6236788290E-16
  1   8   -0.4504882370E-15
  1   9    0.3864387575E-15
  1  10   -0.3068251287E-01
  2   1   -0.3440954128E-03
  2   2   -0.2600204459E+02
  2   3    0.4478597226E+00
  2   4   -0.1728842778E+00
  2   5   -0.3704782924E-01
  2   6   -0.6254994577E-19
  2   7   -0.2370180443E-16
  2   8   -0.1556124318E-16
  2   9   -0.8459658758E-16
  2  10   -0.1681384739E-01
  3   1    0.2071086094E+00
  3   2    0.4478597226E+00
  3   3   -0.7292563675E+01
  3   4   -0.4733064120E+00
  3   5   -0.2380178430E+00
  3   6    0.5985315957E-16
  3   7   -0.2889090891E-15
  3   8    0.8858567827E-16
  3   9   -0.1581191602E-14
  3  10   -0.7088778130E-01
  4   1    0.5762910481E+00
  4   2   -0.1728842778E+00
  4   3   -0.4733064120E+00
  4   4   -0.8346257643E+01
  4   5    0.2276915834E+00
  4   6    0.2229428362E-15
  4   7   -0.4323740181E-15
  4   8    0.8416899120E-15
  4   9   -0.3432216874E-14
  4  10   -0.2240882855E+00
  5   1   -0.5763698369E-01
  5   2   -0.3704782924E-01
  5   3   -0.2380178430E+00
  5   4    0.2276915834E+00
  5   5   -0.6804612467E+01
  5   6    0.6922987023E-16
  5   7   -0.6420285769E-16
  5   8   -0.1081657169E-14
  5   9   -0.1406687867E-14
  5  10   -0.5169856364E-01
  6   1   -0.3890856066E-15
  6   2   -0.6254994577E-19
  6   3    0.5985315957E-16
  6   4    0.2229428362E-15
  6   5    0.6922987023E-16
  6   6   -0.7970414008E+01
  6   7    0.1443289932E-14
  6   8    0.2419727892E+00
  6   9   -0.3788028200E-01
  6  10    0.2414066068E-15
  7   1   -0.6236788290E-16
  7   2   -0.2370180443E-16
  7   3   -0.2889090891E-15
  7   4   -0.4323740181E-15
  7   5   -0.6420285769E-16
  7   6    0.1443289932E-14
  7   7   -0.7970414008E+01
  7   8    0.3788028200E-01
  7   9    0.2419727892E+00
  7  10   -0.7187947498E-15
  8   1   -0.4504882370E-15
  8   2   -0.1556124318E-16
  8   3    0.8858567827E-16
  8   4    0.8416899120E-15
  8   5   -0.1081657169E-14
  8   6    0.2419727892E+00
  8   7    0.3788028200E-01
  8   8   -0.6737984071E+01
  8   9   -0.4799979858E-14
  8  10   -0.1471798294E-14
  9   1    0.3864387575E-15
  9   2   -0.8459658758E-16
  9   3   -0.1581191602E-14
  9   4   -0.3432216874E-14
  9   5   -0.1406687867E-14
  9   6   -0.3788028200E-01
  9   7    0.2419727892E+00
  9   8   -0.4805184028E-14
  9   9   -0.6737984071E+01
  9  10   -0.2511354570E-14
 10   1   -0.3068251287E-01
 10   2   -0.1681384739E-01
 10   3   -0.7088778130E-01
 10   4   -0.2240882855E+00
 10   5   -0.5169856364E-01
 10   6    0.2414066068E-15
 10   7   -0.7187947498E-15
 10   8   -0.1471798294E-14
 10   9   -0.2511354570E-14
 10  10   -0.8083446903E+01
