  1   1   -0.3302915755E+02
  1   2   -0.1653721944E-03
  1   3   -0.6515042976E-01
  1   4    0.6121554981E+00
  1   5   -0.3307021957E-01
  1   6    0.3872688269E-15
  1   7   -0.5143527652E-15
  1   8    0.4711302251E-16
  1   9    0.9620771680E-14
  1  10   -0.2872152038E-01
  2   1   -0.1653721944E-03
  2   2   -0.2581658367E+02
  2   3   -0.4759248790E+00
  2   4   -0.5591187178E-01
  2   5   -0.2900503992E-01
  2   6   -0.1808386745E-16
  2   7    0.4167781929E-16
  2   8   -0.7378109723E-17
  2   9    0.7806354610E-16
  2  10   -0.8612674886E-02
  3   1   -0.6515042976E-01
  3   2   -0.4759248790E+00
  3   3   -0.6939678389E+01
  3   4    0.1640415233E+00
  3   5    0.2338639666E+00
  3   6    0.2434319732E-16
  3   7   -0.6239173434E-16
  3   8   -0.5159990930E-16
  3   9   -0.2456325692E-15
  3  10    0.1353213770E-01
  4   1    0.6121554981E+00
  4   2   -0.5591187178E-01
  4   3    0.1640415233E+00
  4   4   -0.8350246333E+01
  4   5    0.1097477114E+00
  4   6    0.3997616852E-16
  4   7    0.6044220049E-17
  4   8    0.7829157870E-15
  4   9   -0.9850672441E-16
  4  10   -0.1827222076E+00
  5   1   -0.3307021957E-01
  5   2   -0.2900503992E-01
  5   3    0.2338639666E+00
  5   4    0.1097477114E+00
  5   5   -0.6595098683E+01
  5   6    0.3525626405E-15
  5   7   -0.3704143107E-15
  5   8    0.6536560161E-15
  5   9   -0.2051613186E-14
  5  10   -0.2381570027E-01
  6   1    0.3872688269E-15
  6   2   -0.1808386745E-16
  6   3    0.2434319732E-16
  6   4    0.3997616852E-16
  6   5    0.3525626405E-15
  6   6   -0.7830321546E+01
  6   7   -0.1332267630E-14
  6   8    0.1940543514E+00
  6   9   -0.5922211913E-01
  6  10    0.1083060610E-15
  7   1   -0.5143527652E-15
  7   2    0.4167781929E-16
  7   3   -0.6239173434E-16
  7   4    0.6044220049E-17
  7   5   -0.3704143107E-15
  7   6   -0.1776356839E-14
  7   7   -0.7830321546E+01
  7   8    0.5922211913E-01
  7   9    0.1940543514E+00
  7  10    0.1024304428E-16
  8   1    0.4711302251E-16
  8   2   -0.7378109723E-17
  8   3   -0.5159990930E-16
  8   4    0.7829157870E-15
  8   5    0.6536560161E-15
  8   6    0.1940543514E+00
  8   7    0.5922211913E-01
  8   8   -0.6547134344E+01
  8   9    0.7320533069E-15
  8  10    0.6222488726E-15
  9   1    0.9620771680E-14
  9   2    0.7806354610E-16
  9   3   -0.2456325692E-15
  9   4   -0.9850672441E-16
  9   5   -0.2051613186E-14
  9   6   -0.5922211913E-01
  9   7    0.1940543514E+00
  9   8    0.7580741590E-15
  9   9   -0.6547134344E+01
  9  10    0.2488835887E-14
 10   1   -0.2872152038E-01
 10   2   -0.8612674886E-02
 10   3    0.1353213770E-01
 10   4   -0.1827222076E+00
 10   5   -0.2381570027E-01
 10   6    0.1083060610E-15
 10   7    0.1024304428E-16
 10   8    0.6222488726E-15
 10   9    0.2488835887E-14
 10  10   -0.7909044137E+01
