  1   1   -0.3330803499E+02
  1   2   -0.4959669428E-03
  1   3   -0.3708709989E+00
  1   4    0.4832788107E+00
  1   5   -0.7764502618E-01
  1   6    0.2186436756E-14
  1   7   -0.6699069901E-15
  1   8   -0.8178403372E-14
  1   9    0.6917967015E-15
  1  10    0.2917046943E-01
  2   1   -0.4959669428E-03
  2   2   -0.2613502095E+02
  2   3   -0.3708490937E+00
  2   4   -0.3058554131E+00
  2   5   -0.4343543403E-01
  2   6    0.9003796656E-16
  2   7   -0.2186292959E-16
  2   8   -0.2829621635E-17
  2   9    0.4204731634E-17
  2  10    0.2434132650E-01
  3   1   -0.3708709989E+00
  3   2   -0.3708490937E+00
  3   3   -0.7813614963E+01
  3   4    0.6832173168E+00
  3   5    0.1726772789E+00
  3   6    0.5458911562E-16
  3   7    0.6842296345E-16
  3   8   -0.8332753990E-15
  3   9   -0.4995402466E-15
  3  10   -0.1617508509E+00
  4   1    0.4832788107E+00
  4   2   -0.3058554131E+00
  4   3    0.6832173168E+00
  4   4   -0.8074763951E+01
  4   5    0.3408493670E+00
  4   6   -0.2022659322E-15
  4   7    0.1402386609E-15
  4   8    0.1353339153E-14
  4   9    0.2980177576E-15
  4  10    0.2281625900E+00
  5   1   -0.7764502618E-01
  5   2   -0.4343543403E-01
  5   3    0.1726772789E+00
  5   4    0.3408493670E+00
  5   5   -0.6959900925E+01
  5   6   -0.1124019840E-14
  5   7    0.7151219503E-15
  5   8    0.1401143077E-14
  5   9    0.1746544645E-15
  5  10    0.8254042666E-01
  6   1    0.2186436756E-14
  6   2    0.9003796656E-16
  6   3    0.5458911562E-16
  6   4   -0.2022659322E-15
  6   5   -0.1124019840E-14
  6   6   -0.8065873158E+01
  6   7   -0.1776356839E-14
  6   8   -0.2518284079E+00
  6   9   -0.1197458773E+00
  6  10    0.1415165000E-14
  7   1   -0.6699069901E-15
  7   2   -0.2186292959E-16
  7   3    0.6842296345E-16
  7   4    0.1402386609E-15
  7   5    0.7151219503E-15
  7   6   -0.1776356839E-14
  7   7   -0.8065873158E+01
  7   8    0.1197458773E+00
  7   9   -0.2518284079E+00
  7  10    0.2834221903E-15
  8   1   -0.8178403372E-14
  8   2   -0.2829621635E-17
  8   3   -0.8332753990E-15
  8   4    0.1353339153E-14
  8   5    0.1401143077E-14
  8   6   -0.2518284079E+00
  8   7    0.1197458773E+00
  8   8   -0.6877537865E+01
  8   9   -0.1245531456E-14
  8  10   -0.3469934867E-14
  9   1    0.6917967015E-15
  9   2    0.4204731634E-17
  9   3   -0.4995402466E-15
  9   4    0.2980177576E-15
  9   5    0.1746544645E-15
  9   6   -0.1197458773E+00
  9   7   -0.2518284079E+00
  9   8   -0.1307981501E-14
  9   9   -0.6877537865E+01
  9  10   -0.2669125606E-14
 10   1    0.2917046943E-01
 10   2    0.2434132650E-01
 10   3   -0.1617508509E+00
 10   4    0.2281625900E+00
 10   5    0.8254042666E-01
 10   6    0.1415165000E-14
 10   7    0.2834221903E-15
 10   8   -0.3469934867E-14
 10   9   -0.2669125606E-14
 10  10   -0.8208568404E+01
