  1   1   -0.3322858450E+02
  1   2   -0.3911622401E-03
  1   3   -0.2596707013E+00
  1   4   -0.5535605578E+00
  1   5   -0.6384731317E-01
  1   6    0.8108048656E-15
  1   7   -0.2053136298E-15
  1   8    0.1245070221E-14
  1   9    0.1792732354E-14
  1  10    0.3053205045E-01
  2   1   -0.3911622401E-03
  2   2   -0.2604430948E+02
  2   3   -0.4291700258E+00
  2   4    0.2155886407E+00
  2   5   -0.3901740353E-01
  2   6    0.1557764288E-16
  2   7   -0.4007315406E-17
  2   8    0.1022708141E-17
  2   9    0.5888233566E-16
  2  10    0.1907058455E-01
  3   1   -0.2596707013E+00
  3   2   -0.4291700258E+00
  3   3   -0.7436715131E+01
  3   4   -0.5635909740E+00
  3   5    0.2234735424E+00
  3   6   -0.1367388003E-15
  3   7   -0.1902089808E-15
  3   8    0.8085532298E-15
  3   9   -0.5870060038E-15
  3  10   -0.9675433383E-01
  4   1   -0.5535605578E+00
  4   2    0.2155886407E+00
  4   3   -0.5635909740E+00
  4   4   -0.8281457452E+01
  4   5   -0.2643848521E+00
  4   6   -0.1692113627E-15
  4   7   -0.4586047365E-15
  4   8    0.2203469739E-14
  4   9   -0.9584285579E-15
  4  10   -0.2288955261E+00
  5   1   -0.6384731317E-01
  5   2   -0.3901740353E-01
  5   3    0.2234735424E+00
  5   4   -0.2643848521E+00
  5   5   -0.6853489483E+01
  5   6    0.1754192901E-15
  5   7    0.4519264435E-17
  5   8   -0.1133673312E-14
  5   9    0.3187141267E-14
  5  10    0.6041144775E-01
  6   1    0.8108048656E-15
  6   2    0.1557764288E-16
  6   3   -0.1367388003E-15
  6   4   -0.1692113627E-15
  6   5    0.1754192901E-15
  6   6   -0.8001265140E+01
  6   7   -0.1887379142E-14
  6   8   -0.5660627259E-01
  6   9    0.2489949837E+00
  6  10   -0.8096710375E-15
  7   1   -0.2053136298E-15
  7   2   -0.4007315406E-17
  7   3   -0.1902089808E-15
  7   4   -0.4586047365E-15
  7   5    0.4519264435E-17
  7   6   -0.1776356839E-14
  7   7   -0.8001265140E+01
  7   8   -0.2489949837E+00
  7   9   -0.5660627259E-01
  7  10   -0.4762508743E-15
  8   1    0.1245070221E-14
  8   2    0.1022708141E-17
  8   3    0.8085532298E-15
  8   4    0.2203469739E-14
  8   5   -0.1133673312E-14
  8   6   -0.5660627259E-01
  8   7   -0.2489949837E+00
  8   8   -0.6782043460E+01
  8   9    0.4905797990E-14
  8  10   -0.1676153290E-14
  9   1    0.1792732354E-14
  9   2    0.5888233566E-16
  9   3   -0.5870060038E-15
  9   4   -0.9584285579E-15
  9   5    0.3187141267E-14
  9   6    0.2489949837E+00
  9   7   -0.5660627259E-01
  9   8    0.4884981308E-14
  9   9   -0.6782043460E+01
  9  10   -0.2348325132E-14
 10   1    0.3053205045E-01
 10   2    0.1907058455E-01
 10   3   -0.9675433383E-01
 10   4   -0.2288955261E+00
 10   5    0.6041144775E-01
 10   6   -0.8096710375E-15
 10   7   -0.4762508743E-15
 10   8   -0.1676153290E-14
 10   9   -0.2348325132E-14
 10  10   -0.8123331926E+01
