  1   1   -0.3305893183E+02
  1   2   -0.1938241014E-03
  1   3    0.8105591638E-01
  1   4   -0.6097612222E+00
  1   5   -0.3716942892E-01
  1   6    0.1159463450E-14
  1   7   -0.5238247165E-15
  1   8   -0.3162022618E-14
  1   9   -0.3424085556E-14
  1  10   -0.2933228172E-01
  2   1   -0.1938241014E-03
  2   2   -0.2585058643E+02
  2   3    0.4743208074E+00
  2   4    0.6924986222E-01
  2   5   -0.3040611320E-01
  2   6    0.2188734639E-17
  2   7   -0.1887652080E-17
  2   8   -0.2120779803E-16
  2   9   -0.1007659375E-16
  2  10   -0.9896526303E-02
  3   1    0.8105591638E-01
  3   2    0.4743208074E+00
  3   3   -0.6984545968E+01
  3   4    0.2022481782E+00
  3   5   -0.2396888963E+00
  3   6    0.1407739903E-16
  3   7   -0.8257139133E-18
  3   8   -0.1293663680E-15
  3   9   -0.3910529171E-16
  3  10   -0.1877792249E-01
  4   1   -0.6097612222E+00
  4   2    0.6924986222E-01
  4   3    0.2022481782E+00
  4   4   -0.8369444087E+01
  4   5   -0.1260708036E+00
  4   6   -0.1530174882E-16
  4   7   -0.1264630689E-15
  4   8    0.7333049960E-16
  4   9   -0.3425321943E-16
  4  10    0.1909732243E+00
  5   1   -0.3716942892E-01
  5   2   -0.3040611320E-01
  5   3   -0.2396888963E+00
  5   4   -0.1260708036E+00
  5   5   -0.6632931799E+01
  5   6   -0.2173608545E-15
  5   7    0.3648667423E-15
  5   8    0.9663745609E-15
  5   9    0.2420209479E-14
  5  10   -0.2779027350E-01
  6   1    0.1159463450E-14
  6   2    0.2188734639E-17
  6   3    0.1407739903E-16
  6   4   -0.1530174882E-16
  6   5   -0.2173608545E-15
  6   6   -0.7856535098E+01
  6   7    0.1332267630E-14
  6   8   -0.1650744277E+00
  6   9   -0.1300008574E+00
  6  10    0.3469105828E-15
  7   1   -0.5238247165E-15
  7   2   -0.1887652080E-17
  7   3   -0.8257139133E-18
  7   4   -0.1264630689E-15
  7   5    0.3648667423E-15
  7   6    0.1443289932E-14
  7   7   -0.7856535098E+01
  7   8   -0.1300008574E+00
  7   9    0.1650744277E+00
  7  10    0.2734598606E-15
  8   1   -0.3162022618E-14
  8   2   -0.2120779803E-16
  8   3   -0.1293663680E-15
  8   4    0.7333049960E-16
  8   5    0.9663745609E-15
  8   6   -0.1650744277E+00
  8   7   -0.1300008574E+00
  8   8   -0.6581858960E+01
  8   9    0.1207367539E-14
  8  10   -0.2849676755E-14
  9   1   -0.3424085556E-14
  9   2   -0.1007659375E-16
  9   3   -0.3910529171E-16
  9   4   -0.3425321943E-16
  9   5    0.2420209479E-14
  9   6   -0.1300008574E+00
  9   7    0.1650744277E+00
  9   8    0.9159339953E-15
  9   9   -0.6581858960E+01
  9  10    0.9020140300E-15
 10   1   -0.2933228172E-01
 10   2   -0.9896526303E-02
 10   3   -0.1877792249E-01
 10   4    0.1909732243E+00
 10   5   -0.2779027350E-01
 10   6    0.3469105828E-15
 10   7    0.2734598606E-15
 10   8   -0.2849676755E-14
 10   9    0.9020140300E-15
 10  10   -0.7940855348E+01
