  1   1   -0.3335074018E+02
  1   2   -0.5529779166E-03
  1   3   -0.4155457896E+00
  1   4    0.4436082509E+00
  1   5   -0.8523018561E-01
  1   6   -0.1488850197E-14
  1   7    0.3360639826E-15
  1   8   -0.2521405235E-15
  1   9    0.2898511545E-14
  1  10   -0.2774889167E-01
  2   1   -0.5529779166E-03
  2   2   -0.2618377669E+02
  2   3   -0.3376132457E+00
  2   4   -0.3424845157E+00
  2   5   -0.4593594952E-01
  2   6   -0.1591420790E-16
  2   7   -0.1883989298E-16
  2   8    0.8227962430E-17
  2   9    0.1105358094E-15
  2  10   -0.2739401283E-01
  3   1   -0.4155457896E+00
  3   2   -0.3376132457E+00
  3   3   -0.8005229429E+01
  3   4    0.6906402186E+00
  3   5    0.1438607739E+00
  3   6    0.6893810019E-15
  3   7    0.3669237846E-15
  3   8   -0.6573308908E-15
  3   9   -0.2446383441E-14
  3  10    0.1953101424E+00
  4   1    0.4436082509E+00
  4   2   -0.3424845157E+00
  4   3    0.6906402186E+00
  4   4   -0.7974623761E+01
  4   5    0.3743686892E+00
  4   6   -0.3254843794E-15
  4   7   -0.3086418004E-15
  4   8    0.2658048518E-15
  4   9    0.2204614466E-14
  4  10   -0.2247210968E+00
  5   1   -0.8523018561E-01
  5   2   -0.4593594952E-01
  5   3    0.1438607739E+00
  5   4    0.3743686892E+00
  5   5   -0.7017989018E+01
  5   6    0.1514280367E-14
  5   7    0.2237356042E-15
  5   8   -0.1417665757E-14
  5   9   -0.1728175769E-14
  5  10   -0.9650886519E-01
  6   1   -0.1488850197E-14
  6   2   -0.1591420790E-16
  6   3    0.6893810019E-15
  6   4   -0.3254843794E-15
  6   5    0.1514280367E-14
  6   6   -0.8099564974E+01
  6   7    0.4440892099E-15
  6   8    0.6572791842E-01
  6   9   -0.2846910756E+00
  6  10   -0.4790445775E-15
  7   1    0.3360639826E-15
  7   2   -0.1883989298E-16
  7   3    0.3669237846E-15
  7   4   -0.3086418004E-15
  7   5    0.2237356042E-15
  7   6    0.6661338148E-15
  7   7   -0.8099564974E+01
  7   8   -0.2846910756E+00
  7   9   -0.6572791842E-01
  7  10   -0.9010319754E-15
  8   1   -0.2521405235E-15
  8   2    0.8227962430E-17
  8   3   -0.6573308908E-15
  8   4    0.2658048518E-15
  8   5   -0.1417665757E-14
  8   6    0.6572791842E-01
  8   7   -0.2846910756E+00
  8   8   -0.6929503968E+01
  8   9   -0.5447031715E-15
  8  10    0.4046482036E-14
  9   1    0.2898511545E-14
  9   2    0.1105358094E-15
  9   3   -0.2446383441E-14
  9   4    0.2204614466E-14
  9   5   -0.1728175769E-14
  9   6   -0.2846910756E+00
  9   7   -0.6572791842E-01
  9   8   -0.5308253836E-15
  9   9   -0.6929503968E+01
  9  10    0.2355919759E-14
 10   1   -0.2774889167E-01
 10   2   -0.2739401283E-01
 10   3    0.1953101424E+00
 10   4   -0.2247210968E+00
 10   5   -0.9650886519E-01
 10   6   -0.4790445775E-15
 10   7   -0.9010319754E-15
 10   8    0.4046482036E-14
 10   9    0.2355919759E-14
 10  10   -0.8253906690E+01
