  1   1   -0.3282859003E+02
  1   2   -0.3586954974E-04
  1   3    0.1412999010E-01
  1   4    0.6176631104E+00
  1   5   -0.1179252803E-01
  1   6   -0.2844438754E-15
  1   7   -0.2783287745E-15
  1   8   -0.7588417544E-15
  1   9    0.4003551386E-14
  1  10   -0.2308498331E-01
  2   1   -0.3586954974E-04
  2   2   -0.2558749463E+02
  2   3    0.4781986947E+00
  2   4   -0.1218638150E-01
  2   5   -0.2052329541E-01
  2   6   -0.3829787111E-17
  2   7   -0.6872818551E-19
  2   8   -0.1230619344E-16
  2   9    0.1730960826E-16
  2  10   -0.2597489496E-02
  3   1    0.1412999010E-01
  3   2    0.4781986947E+00
  3   3   -0.6689041162E+01
  3   4   -0.3662496622E-01
  3   5   -0.1805204024E+00
  3   6   -0.3674454640E-16
  3   7    0.7486401809E-18
  3   8   -0.9420249049E-16
  3   9    0.1883090416E-15
  3  10   -0.1361268830E-02
  4   1    0.6176631104E+00
  4   2   -0.1218638150E-01
  4   3   -0.3662496622E-01
  4   4   -0.8168362018E+01
  4   5    0.3682525395E-01
  4   6   -0.4054569628E-15
  4   7    0.1175690669E-15
  4   8   -0.9128872019E-16
  4   9    0.3385925855E-14
  4  10   -0.1325928526E+00
  5   1   -0.1179252803E-01
  5   2   -0.2052329541E-01
  5   3   -0.1805204024E+00
  5   4    0.3682525395E-01
  5   5   -0.6345889181E+01
  5   6    0.1441093338E-15
  5   7    0.7841923552E-16
  5   8    0.2411993825E-15
  5   9    0.9577002075E-15
  5  10   -0.7207727955E-02
  6   1   -0.2844438754E-15
  6   2   -0.3829787111E-17
  6   3   -0.3674454640E-16
  6   4   -0.4054569628E-15
  6   5    0.1441093338E-15
  6   6   -0.7648244119E+01
  6   7   -0.1878230955E-31
  6   8    0.7877817841E-01
  6   9   -0.1411084298E+00
  6  10   -0.2207275001E-15
  7   1   -0.2783287745E-15
  7   2   -0.6872818551E-19
  7   3    0.7486401809E-18
  7   4    0.1175690669E-15
  7   5    0.7841923552E-16
  7   6   -0.2056015400E-31
  7   7   -0.7648244119E+01
  7   8    0.1411084298E+00
  7   9    0.7877817841E-01
  7  10   -0.3700330922E-15
  8   1   -0.7588417544E-15
  8   2   -0.1230619344E-16
  8   3   -0.9420249049E-16
  8   4   -0.9128872019E-16
  8   5    0.2411993825E-15
  8   6    0.7877817841E-01
  8   7    0.1411084298E+00
  8   8   -0.6315805260E+01
  8   9   -0.2862293735E-15
  8  10   -0.1684704593E-14
  9   1    0.4003551386E-14
  9   2    0.1730960826E-16
  9   3    0.1883090416E-15
  9   4    0.3385925855E-14
  9   5    0.9577002075E-15
  9   6   -0.1411084298E+00
  9   7    0.7877817841E-01
  9   8   -0.2723515857E-15
  9   9   -0.6315805260E+01
  9  10    0.1478882175E-14
 10   1   -0.2308498331E-01
 10   2   -0.2597489496E-02
 10   3   -0.1361268830E-02
 10   4   -0.1325928526E+00
 10   5   -0.7207727955E-02
 10   6   -0.2207275001E-15
 10   7   -0.3700330922E-15
 10   8   -0.1684704593E-14
 10   9    0.1478882175E-14
 10  10   -0.7697328573E+01
