  1   1   -0.3287325904E+02
  1   2   -0.5531846691E-04
  1   3   -0.2014852623E-01
  1   4    0.6171455210E+00
  1   5   -0.1549735065E-01
  1   6    0.8506832101E-16
  1   7   -0.6063627388E-16
  1   8   -0.1209886774E-14
  1   9   -0.1866212555E-14
  1  10   -0.2448021164E-01
  2   1   -0.5531846691E-04
  2   2   -0.2563852160E+02
  2   3   -0.4781928692E+00
  2   4   -0.1744307431E-01
  2   5   -0.2226044823E-01
  2   6    0.4224445317E-17
  2   7   -0.2179760377E-17
  2   8   -0.5277880598E-17
  2   9    0.5321334883E-17
  2  10   -0.3554762743E-02
  3   1   -0.2014852623E-01
  3   2   -0.4781928692E+00
  3   3   -0.6741604736E+01
  3   4    0.5204586631E-01
  3   5    0.1930774949E+00
  3   6   -0.2708457829E-16
  3   7    0.2832335422E-16
  3   8    0.6505277726E-16
  3   9   -0.9525462570E-16
  3  10    0.2207141712E-02
  4   1    0.6171455210E+00
  4   2   -0.1744307431E-01
  4   3    0.5204586631E-01
  4   4   -0.8212220587E+01
  4   5    0.4863784803E-01
  4   6   -0.5367250048E-15
  4   7   -0.1246554030E-15
  4   8   -0.1906675938E-14
  4   9   -0.1377368156E-14
  4  10   -0.1428286080E+00
  5   1   -0.1549735065E-01
  5   2   -0.2226044823E-01
  5   3    0.1930774949E+00
  5   4    0.4863784803E-01
  5   5   -0.6400653075E+01
  5   6   -0.1165492336E-14
  5   7    0.3296954801E-15
  5   8    0.5149709890E-15
  5   9   -0.2295363065E-14
  5  10   -0.9624824201E-02
  6   1    0.8506832101E-16
  6   2    0.4224445317E-17
  6   3   -0.2708457829E-16
  6   4   -0.5367250048E-15
  6   5   -0.1165492336E-14
  6   6   -0.7689578818E+01
  6   7   -0.8881784197E-15
  6   8    0.1097147756E+00
  6   9    0.1291900595E+00
  6  10   -0.3205394838E-15
  7   1   -0.6063627388E-16
  7   2   -0.2179760377E-17
  7   3    0.2832335422E-16
  7   4   -0.1246554030E-15
  7   5    0.3296954801E-15
  7   6   -0.8881784197E-15
  7   7   -0.7689578818E+01
  7   8    0.1291900595E+00
  7   9   -0.1097147756E+00
  7  10   -0.6948522070E-16
  8   1   -0.1209886774E-14
  8   2   -0.5277880598E-17
  8   3    0.6505277726E-16
  8   4   -0.1906675938E-14
  8   5    0.5149709890E-15
  8   6    0.1097147756E+00
  8   7    0.1291900595E+00
  8   8   -0.6366962902E+01
  8   9   -0.7799316748E-14
  8  10   -0.2047312667E-14
  9   1   -0.1866212555E-14
  9   2    0.5321334883E-17
  9   3   -0.9525462570E-16
  9   4   -0.1377368156E-14
  9   5   -0.2295363065E-14
  9   6    0.1291900595E+00
  9   7   -0.1097147756E+00
  9   8   -0.7556455461E-14
  9   9   -0.6366962902E+01
  9  10   -0.1672431184E-14
 10   1   -0.2448021164E-01
 10   2   -0.3554762743E-02
 10   3    0.2207141712E-02
 10   4   -0.1428286080E+00
 10   5   -0.9624824201E-02
 10   6   -0.3205394838E-15
 10   7   -0.6948522070E-16
 10   8   -0.2047312667E-14
 10   9   -0.1672431184E-14
 10  10   -0.7744105760E+01
