  1   1   -0.3278695095E+02
  1   2   -0.2207395283E-04
  1   3    0.1003004850E-01
  1   4   -0.6180116442E+00
  1   5   -0.8885515231E-02
  1   6   -0.3015489902E-15
  1   7   -0.2351841048E-15
  1   8    0.1101992772E-14
  1   9    0.1870328018E-14
  1  10    0.2176002687E-01
  2   1   -0.2207395283E-04
  2   2   -0.2553992586E+02
  2   3    0.4781484169E+00
  2   4    0.8592713609E-02
  2   5   -0.1898504525E-01
  2   6    0.4457987901E-18
  2   7   -0.2041199724E-17
  2   8   -0.5674008984E-17
  2   9   -0.1621424669E-16
  2  10    0.1880710110E-02
  3   1    0.1003004850E-01
  3   2    0.4781484169E+00
  3   3   -0.6640549254E+01
  3   4    0.2605279868E-01
  3   5   -0.1689395210E+00
  3   6    0.6456396275E-17
  3   7   -0.1380840699E-16
  3   8   -0.5736267093E-16
  3   9   -0.1225128425E-15
  3  10    0.9283116828E-03
  4   1   -0.6180116442E+00
  4   2    0.8592713609E-02
  4   3    0.2605279868E-01
  4   4   -0.8126966824E+01
  4   5   -0.2767749737E-01
  4   6   -0.2292382496E-16
  4   7    0.7471343915E-16
  4   8    0.4831740638E-15
  4   9    0.1444168494E-14
  4  10   -0.1234896202E+00
  5   1   -0.8885515231E-02
  5   2   -0.1898504525E-01
  5   3   -0.1689395210E+00
  5   4   -0.2767749737E-01
  5   5   -0.6295140749E+01
  5   6   -0.3401765691E-15
  5   7   -0.2321120844E-15
  5   8   -0.1738139833E-14
  5   9   -0.2144935663E-14
  5  10    0.5440343251E-02
  6   1   -0.3015489902E-15
  6   2    0.4457987901E-18
  6   3    0.6456396275E-17
  6   4   -0.2292382496E-16
  6   5   -0.3401765691E-15
  6   6   -0.7609342127E+01
  6   7    0.1332267630E-14
  6   8   -0.1264239848E+00
  6   9    0.8979172028E-01
  6  10   -0.8349135987E-16
  7   1   -0.2351841048E-15
  7   2   -0.2041199724E-17
  7   3   -0.1380840699E-16
  7   4    0.7471343915E-16
  7   5   -0.2321120844E-15
  7   6    0.1776356839E-14
  7   7   -0.7609342127E+01
  7   8    0.8979172028E-01
  7   9    0.1264239848E+00
  7  10   -0.1679504470E-15
  8   1    0.1101992772E-14
  8   2   -0.5674008984E-17
  8   3   -0.5736267093E-16
  8   4    0.4831740638E-15
  8   5   -0.1738139833E-14
  8   6   -0.1264239848E+00
  8   7    0.8979172028E-01
  8   8   -0.6268283651E+01
  8   9    0.2633310237E-14
  8  10    0.2022617997E-14
  9   1    0.1870328018E-14
  9   2   -0.1621424669E-16
  9   3   -0.1225128425E-15
  9   4    0.1444168494E-14
  9   5   -0.2144935663E-14
  9   6    0.8979172028E-01
  9   7    0.1264239848E+00
  9   8    0.2576064362E-14
  9   9   -0.6268283651E+01
  9  10    0.2750880340E-14
 10   1    0.2176002687E-01
 10   2    0.1880710110E-02
 10   3    0.9283116828E-03
 10   4   -0.1234896202E+00
 10   5    0.5440343251E-02
 10   6   -0.8349135987E-16
 10   7   -0.1679504470E-15
 10   8    0.2022617997E-14
 10   9    0.2750880340E-14
 10  10   -0.7653890095E+01
