  1   1   -0.3285052549E+02
  1   2   -0.4478838564E-04
  1   3   -0.1684491640E-01
  1   4    0.6174315735E+00
  1   5   -0.1353539737E-01
  1   6    0.5953675578E-16
  1   7   -0.6365588567E-15
  1   8   -0.1363136138E-14
  1   9    0.4997998374E-14
  1  10   -0.2377495242E-01
  2   1   -0.4478838564E-04
  2   2   -0.2561255270E+02
  2   3   -0.4782069332E+00
  2   4   -0.1456098842E-01
  2   5   -0.2136512450E-01
  2   6   -0.3641044410E-17
  2   7   -0.3853742758E-17
  2   8   -0.7386283015E-17
  2   9    0.3018509132E-16
  2  10   -0.3042149498E-02
  3   1   -0.1684491640E-01
  3   2   -0.4782069332E+00
  3   3   -0.6714763397E+01
  3   4    0.4359518123E-01
  3   5    0.1866794943E+00
  3   6   -0.6466136745E-18
  3   7    0.4483581340E-16
  3   8    0.8391630385E-16
  3   9   -0.2625900728E-15
  3  10    0.1713369913E-02
  4   1    0.6174315735E+00
  4   2   -0.1456098842E-01
  4   3    0.4359518123E-01
  4   4   -0.8189991843E+01
  4   5    0.4235679745E-01
  4   6   -0.3082028878E-16
  4   7   -0.3470961839E-15
  4   8   -0.1066487588E-15
  4   9    0.2398088987E-14
  4  10   -0.1375561822E+00
  5   1   -0.1353539737E-01
  5   2   -0.2136512450E-01
  5   3    0.1866794943E+00
  5   4    0.4235679745E-01
  5   5   -0.6372737342E+01
  5   6   -0.1008171856E-15
  5   7   -0.1849828825E-15
  5   8    0.1769916725E-14
  5   9    0.1231752486E-14
  5  10   -0.8320815516E-02
  6   1    0.5953675578E-16
  6   2   -0.3641044410E-17
  6   3   -0.6466136745E-18
  6   4   -0.3082028878E-16
  6   5   -0.1008171856E-15
  6   6   -0.7668595083E+01
  6   7    0.8881784197E-15
  6   8   -0.1471966086E+00
  6   9   -0.7537375068E-01
  6  10    0.1188693801E-15
  7   1   -0.6365588567E-15
  7   2   -0.3853742758E-17
  7   3    0.4483581340E-16
  7   4   -0.3470961839E-15
  7   5   -0.1849828825E-15
  7   6    0.8881784197E-15
  7   7   -0.7668595083E+01
  7   8    0.7537375068E-01
  7   9   -0.1471966086E+00
  7  10   -0.3246587357E-15
  8   1   -0.1363136138E-14
  8   2   -0.7386283015E-17
  8   3    0.8391630385E-16
  8   4   -0.1066487588E-15
  8   5    0.1769916725E-14
  8   6   -0.1471966086E+00
  8   7    0.7537375068E-01
  8   8   -0.6340903123E+01
  8   9   -0.1774622116E-14
  8  10   -0.5363202595E-15
  9   1    0.4997998374E-14
  9   2    0.3018509132E-16
  9   3   -0.2625900728E-15
  9   4    0.2398088987E-14
  9   5    0.1231752486E-14
  9   6   -0.7537375068E-01
  9   7   -0.1471966086E+00
  9   8   -0.1844011055E-14
  9   9   -0.6340903123E+01
  9  10    0.3346448299E-14
 10   1   -0.2377495242E-01
 10   2   -0.3042149498E-02
 10   3    0.1713369913E-02
 10   4   -0.1375561822E+00
 10   5   -0.8320815516E-02
 10   6    0.1188693801E-15
 10   7   -0.3246587357E-15
 10   8   -0.5363202595E-15
 10   9    0.3346448299E-14
 10  10   -0.7720275060E+01
