  1   1   -0.3297311346E+02
  1   2   -0.1181157477E-03
  1   3   -0.4304837620E-01
  1   4    0.6149042753E+00
  1   5   -0.2596124927E-01
  1   6    0.6838917848E-15
  1   7   -0.1586102218E-14
  1   8    0.4307921911E-14
  1   9    0.2298403622E-14
  1  10   -0.2736172942E-01
  2   1   -0.1181157477E-03
  2   2   -0.2575257657E+02
  2   3   -0.4774830040E+00
  2   4   -0.3718278461E-01
  2   5   -0.2646275470E-01
  2   6    0.2065937190E-17
  2   7   -0.5457131641E-17
  2   8    0.1980725626E-16
  2   9    0.7813683822E-17
  2  10   -0.6474442024E-02
  3   1   -0.4304837620E-01
  3   2   -0.4774830040E+00
  3   3   -0.6863888017E+01
  3   4    0.1097498476E+00
  3   5    0.2204394546E+00
  3   6    0.9064609203E-18
  3   7    0.7894210805E-16
  3   8   -0.1861948528E-15
  3   9   -0.7655800032E-17
  3  10    0.7133392162E-02
  4   1    0.6149042753E+00
  4   2   -0.3718278461E-01
  4   3    0.1097498476E+00
  4   4   -0.8305323608E+01
  4   5    0.8364731339E-01
  4   6   -0.3635798304E-15
  4   7   -0.3416999377E-15
  4   8    0.4901284120E-15
  4   9    0.3841625246E-16
  4  10   -0.1676397261E+00
  5   1   -0.2596124927E-01
  5   2   -0.2646275470E-01
  5   3    0.2204394546E+00
  5   4    0.8364731339E-01
  5   5   -0.6524530092E+01
  5   6   -0.1517301944E-15
  5   7   -0.2681993019E-15
  5   8    0.1683590897E-15
  5   9   -0.1300820915E-15
  5  10   -0.1752499573E-01
  6   1    0.6838917848E-15
  6   2    0.2065937190E-17
  6   3    0.9064609203E-18
  6   4   -0.3635798304E-15
  6   5   -0.1517301944E-15
  6   6   -0.7780383427E+01
  6   7   -0.1554312234E-14
  6   8    0.6617809541E-01
  6   9   -0.1780553509E+00
  6  10    0.1175751300E-14
  7   1   -0.1586102218E-14
  7   2   -0.5457131641E-17
  7   3    0.7894210805E-16
  7   4   -0.3416999377E-15
  7   5   -0.2681993019E-15
  7   6   -0.1554312234E-14
  7   7   -0.7780383427E+01
  7   8   -0.1780553509E+00
  7   9   -0.6617809541E-01
  7  10   -0.1229421676E-14
  8   1    0.4307921911E-14
  8   2    0.1980725626E-16
  8   3   -0.1861948528E-15
  8   4    0.4901284120E-15
  8   5    0.1683590897E-15
  8   6    0.6617809541E-01
  8   7   -0.1780553509E+00
  8   8   -0.6482056361E+01
  8   9    0.5717648577E-14
  8  10   -0.5335110447E-15
  9   1    0.2298403622E-14
  9   2    0.7813683822E-17
  9   3   -0.7655800032E-17
  9   4    0.3841625246E-16
  9   5   -0.1300820915E-15
  9   6   -0.1780553509E+00
  9   7   -0.6617809541E-01
  9   8    0.5599687380E-14
  9   9   -0.6482056361E+01
  9  10   -0.1669726395E-14
 10   1   -0.2736172942E-01
 10   2   -0.6474442024E-02
 10   3    0.7133392162E-02
 10   4   -0.1676397261E+00
 10   5   -0.1752499573E-01
 10   6    0.1175751300E-14
 10   7   -0.1229421676E-14
 10   8   -0.5335110447E-15
 10   9   -0.1669726395E-14
 10  10   -0.7849432921E+01
