  1   1   -0.3294670887E+02
  1   2   -0.9882894763E-04
  1   3    0.3533657509E-01
  1   4    0.6157195404E+00
  1   5   -0.2290904653E-01
  1   6   -0.9494074647E-15
  1   7   -0.2383700568E-14
  1   8    0.4898550109E-15
  1   9   -0.2582154890E-14
  1  10    0.2664555281E-01
  2   1   -0.9882894763E-04
  2   2   -0.2572241854E+02
  2   3    0.4778323233E+00
  2   4   -0.3057932351E-01
  2   5   -0.2530971600E-01
  2   6   -0.7544283737E-17
  2   7   -0.1607696953E-16
  2   8    0.7743151032E-17
  2   9   -0.1947044422E-16
  2  10    0.5593022010E-02
  3   1    0.3533657509E-01
  3   2    0.4778323233E+00
  3   3   -0.6830516664E+01
  3   4   -0.9048400393E-01
  3   5   -0.2134520839E+00
  3   6   -0.3404602911E-16
  3   7   -0.5131189427E-16
  3   8    0.2271013982E-16
  3   9   -0.1078131909E-15
  3  10    0.5230424465E-02
  4   1    0.6157195404E+00
  4   2   -0.3057932351E-01
  4   3   -0.9048400393E-01
  4   4   -0.8281772633E+01
  4   5    0.7310397852E-01
  4   6   -0.2870299823E-15
  4   7   -0.2421195759E-15
  4   8    0.4335556772E-15
  4   9   -0.1686441722E-15
  4  10    0.1608109557E+00
  5   1   -0.2290904653E-01
  5   2   -0.2530971600E-01
  5   3   -0.2134520839E+00
  5   4    0.7310397852E-01
  5   5   -0.6491555938E+01
  5   6   -0.9739623847E-16
  5   7    0.1458169031E-15
  5   8   -0.3858678873E-15
  5   9   -0.2747467610E-14
  5  10    0.1505456118E-01
  6   1   -0.9494074647E-15
  6   2   -0.7544283737E-17
  6   3   -0.3404602911E-16
  6   4   -0.2870299823E-15
  6   5   -0.9739623847E-16
  6   6   -0.7756594429E+01
  6   7   -0.1332267630E-14
  6   8    0.1154174071E+00
  6   9    0.1435546939E+00
  6  10   -0.3160970895E-16
  7   1   -0.2383700568E-14
  7   2   -0.1607696953E-16
  7   3   -0.5131189427E-16
  7   4   -0.2421195759E-15
  7   5    0.1458169031E-15
  7   6   -0.2220446049E-14
  7   7   -0.7756594429E+01
  7   8   -0.1435546939E+00
  7   9    0.1154174071E+00
  7  10   -0.2538097507E-15
  8   1    0.4898550109E-15
  8   2    0.7743151032E-17
  8   3    0.2271013982E-16
  8   4    0.4335556772E-15
  8   5   -0.3858678873E-15
  8   6    0.1154174071E+00
  8   7   -0.1435546939E+00
  8   8   -0.6451518571E+01
  8   9    0.2206568261E-14
  8  10    0.1103482664E-14
  9   1   -0.2582154890E-14
  9   2   -0.1947044422E-16
  9   3   -0.1078131909E-15
  9   4   -0.1686441722E-15
  9   5   -0.2747467610E-14
  9   6    0.1435546939E+00
  9   7    0.1154174071E+00
  9   8    0.2050443149E-14
  9   9   -0.6451518571E+01
  9  10    0.1091574039E-14
 10   1    0.2664555281E-01
 10   2    0.5593022010E-02
 10   3    0.5230424465E-02
 10   4    0.1608109557E+00
 10   5    0.1505456118E-01
 10   6   -0.3160970895E-16
 10   7   -0.2538097507E-15
 10   8    0.1103482664E-14
 10   9    0.1091574039E-14
 10  10   -0.7821472657E+01
