  1   1   -0.3300057479E+02
  1   2   -0.1402140984E-03
  1   3   -0.5277258624E-01
  1   4   -0.6137736906E+00
  1   5   -0.2934109967E-01
  1   6    0.8907990583E-15
  1   7    0.1289346369E-16
  1   8   -0.7040105498E-14
  1   9   -0.2020905868E-14
  1  10   -0.2805852788E-01
  2   1   -0.1402140984E-03
  2   2   -0.2578394036E+02
  2   3   -0.4768963880E+00
  2   4    0.4545542254E-01
  2   5   -0.2769263903E-01
  2   6    0.2438952044E-16
  2   7    0.3757970475E-17
  2   8    0.3468136261E-16
  2   9   -0.8107148358E-17
  2  10   -0.7476619823E-02
  3   1   -0.5277258624E-01
  3   2   -0.4768963880E+00
  3   3   -0.6899963068E+01
  3   4   -0.1338056845E+00
  3   5    0.2273220732E+00
  3   6   -0.3907689050E-16
  3   7   -0.2419961041E-16
  3   8   -0.2084354084E-15
  3   9   -0.1019209709E-15
  3  10    0.9797551227E-02
  4   1   -0.6137736906E+00
  4   2    0.4545542254E-01
  4   3   -0.1338056845E+00
  4   4   -0.8328416528E+01
  4   5   -0.9575262130E-01
  4   6   -0.9419590441E-16
  4   7   -0.2873541928E-15
  4   8   -0.1808185803E-14
  4   9   -0.1715639165E-14
  4  10    0.1749383735E+00
  5   1   -0.2934109967E-01
  5   2   -0.2769263903E-01
  5   3    0.2273220732E+00
  5   4   -0.9575262130E-01
  5   5   -0.6559006376E+01
  5   6    0.3573471375E-16
  5   7   -0.1234884121E-15
  5   8   -0.1424811027E-14
  5   9    0.7222331208E-15
  5  10   -0.2042159245E-01
  6   1    0.8907990583E-15
  6   2    0.2438952044E-16
  6   3   -0.3907689050E-16
  6   4   -0.9419590441E-16
  6   5    0.3573471375E-16
  6   6   -0.7804948478E+01
  6   7   -0.1985375223E-31
  6   8    0.1796186631E+00
  6   9   -0.7888609534E-01
  6  10   -0.8178784876E-16
  7   1    0.1289346369E-16
  7   2    0.3757970475E-17
  7   3   -0.2419961041E-16
  7   4   -0.2873541928E-15
  7   5   -0.1234884121E-15
  7   6   -0.2134595762E-31
  7   7   -0.7804948478E+01
  7   8    0.7888609534E-01
  7   9    0.1796186631E+00
  7  10   -0.5764095253E-16
  8   1   -0.7040105498E-14
  8   2    0.3468136261E-16
  8   3   -0.2084354084E-15
  8   4   -0.1808185803E-14
  8   5   -0.1424811027E-14
  8   6    0.1796186631E+00
  8   7    0.7888609534E-01
  8   8   -0.6513898997E+01
  8   9   -0.4891920202E-15
  8  10    0.1978938308E-14
  9   1   -0.2020905868E-14
  9   2   -0.8107148358E-17
  9   3   -0.1019209709E-15
  9   4   -0.1715639165E-14
  9   5    0.7222331208E-15
  9   6   -0.7888609534E-01
  9   7    0.1796186631E+00
  9   8   -0.3434752482E-15
  9   9   -0.6513898997E+01
  9  10   -0.1121201650E-14
 10   1   -0.2805852788E-01
 10   2   -0.7476619823E-02
 10   3    0.9797551227E-02
 10   4    0.1749383735E+00
 10   5   -0.2042159245E-01
 10   6   -0.8178784876E-16
 10   7   -0.5764095253E-16
 10   8    0.1978938308E-14
 10   9   -0.1121201650E-14
 10  10   -0.7878597372E+01
