  1   1   -0.3289683504E+02
  1   2   -0.6767818688E-04
  1   3   -0.2419040190E-01
  1   4    0.6167859374E+00
  1   5   -0.1769918703E-01
  1   6   -0.1110231290E-15
  1   7   -0.6106905265E-15
  1   8   -0.1037969285E-14
  1   9   -0.6092555757E-14
  1  10   -0.2519723901E-01
  2   1   -0.6767818688E-04
  2   2   -0.2566545192E+02
  2   3   -0.4781424520E+00
  2   4   -0.2095716066E-01
  2   5   -0.2321336272E-01
  2   6   -0.3867047760E-19
  2   7   -0.1324624840E-16
  2   8   -0.6273711356E-17
  2   9   -0.6167060963E-16
  2  10   -0.4144173730E-02
  3   1   -0.2419040190E-01
  3   2   -0.4781424520E+00
  3   3   -0.6769704747E+01
  3   4    0.6234045495E-01
  3   5    0.1996975756E+00
  3   6    0.4232463048E-17
  3   7    0.1207709143E-15
  3   8    0.6351482226E-16
  3   9    0.5730857541E-15
  3  10    0.2899817424E-02
  4   1    0.6167859374E+00
  4   2   -0.2095716066E-01
  4   3    0.6234045495E-01
  4   4   -0.8235000007E+01
  4   5    0.5576990032E-01
  4   6    0.3236776658E-16
  4   7   -0.6750152681E-15
  4   8   -0.1327832277E-14
  4   9   -0.5145896837E-14
  4  10   -0.1484398513E+00
  5   1   -0.1769918703E-01
  5   2   -0.2321336272E-01
  5   3    0.1996975756E+00
  5   4    0.5576990032E-01
  5   5   -0.6429707830E+01
  5   6    0.1528149110E-15
  5   7    0.8262480772E-15
  5   8    0.5258056777E-15
  5   9    0.3987489561E-14
  5  10   -0.1115416111E-01
  6   1   -0.1110231290E-15
  6   2   -0.3867047760E-19
  6   3    0.4232463048E-17
  6   4    0.3236776658E-16
  6   5    0.1528149110E-15
  6   6   -0.7711221459E+01
  6   7   -0.6661338148E-15
  6   8   -0.1737077364E+00
  6   9    0.9873926335E-02
  6  10    0.5912731763E-15
  7   1   -0.6106905265E-15
  7   2   -0.1324624840E-16
  7   3    0.1207709143E-15
  7   4   -0.6750152681E-15
  7   5    0.8262480772E-15
  7   6   -0.6661338148E-15
  7   7   -0.7711221459E+01
  7   8    0.9873926335E-02
  7   9    0.1737077364E+00
  7  10   -0.5275990736E-15
  8   1   -0.1037969285E-14
  8   2   -0.6273711356E-17
  8   3    0.6351482226E-16
  8   4   -0.1327832277E-14
  8   5    0.5258056777E-15
  8   6   -0.1737077364E+00
  8   7    0.9873926335E-02
  8   8   -0.6394042696E+01
  8   9    0.8465450563E-15
  8  10   -0.2101434572E-14
  9   1   -0.6092555757E-14
  9   2   -0.6167060963E-16
  9   3    0.5730857541E-15
  9   4   -0.5145896837E-14
  9   5    0.3987489561E-14
  9   6    0.9873926335E-02
  9   7    0.1737077364E+00
  9   8    0.1089406343E-14
  9   9   -0.6394042696E+01
  9  10   -0.2971101214E-14
 10   1   -0.2519723901E-01
 10   2   -0.4144173730E-02
 10   3    0.2899817424E-02
 10   4   -0.1484398513E+00
 10   5   -0.1115416111E-01
 10   6    0.5912731763E-15
 10   7   -0.5275990736E-15
 10   8   -0.2101434572E-14
 10   9   -0.2971101214E-14
 10  10   -0.7768875365E+01
