  1   1   -0.3271160764E+02
  1   2   -0.6077437084E-05
  1   3   -0.5212930000E-02
  1   4    0.6184388929E+00
  1   5   -0.4899924479E-02
  1   6   -0.1512872800E-14
  1   7   -0.6041323495E-15
  1   8   -0.8258506638E-15
  1   9    0.5426079967E-14
  1  10    0.1935714336E-01
  2   1   -0.6077437084E-05
  2   2   -0.2545384617E+02
  2   3   -0.4780175492E+00
  2   4   -0.4373266888E-02
  2   5   -0.1639836330E-01
  2   6    0.5522873337E-18
  2   7   -0.2827268264E-17
  2   8   -0.1945674960E-17
  2   9    0.1179790601E-16
  2  10    0.9592126626E-03
  3   1   -0.5212930000E-02
  3   2   -0.4780175492E+00
  3   3   -0.6553465769E+01
  3   4    0.1354912344E-01
  3   5    0.1486131633E+00
  3   6   -0.1411190722E-16
  3   7    0.6485176213E-17
  3   8    0.3048784390E-16
  3   9   -0.1177341494E-15
  3  10   -0.5632807054E-03
  4   1    0.6184388929E+00
  4   2   -0.4373266888E-02
  4   3    0.1354912344E-01
  4   4   -0.8051457514E+01
  4   5    0.1524439306E-01
  4   6    0.2175187425E-15
  4   7    0.3858432674E-15
  4   8   -0.1104792514E-14
  4   9    0.6783139680E-15
  4  10    0.1079983665E+00
  5   1   -0.4899924479E-02
  5   2   -0.1639836330E-01
  5   3    0.1486131633E+00
  5   4    0.1524439306E-01
  5   5   -0.6203938518E+01
  5   6   -0.3271077373E-15
  5   7    0.5785968448E-16
  5   8   -0.3550635912E-15
  5   9    0.1617194459E-14
  5  10    0.3156262004E-02
  6   1   -0.1512872800E-14
  6   2    0.5522873337E-18
  6   3   -0.1411190722E-16
  6   4    0.2175187425E-15
  6   5   -0.3271077373E-15
  6   6   -0.7538114494E+01
  6   7   -0.2664535259E-14
  6   8   -0.1184067546E+00
  6   9   -0.8423583589E-01
  6  10   -0.3669149157E-15
  7   1   -0.6041323495E-15
  7   2   -0.2827268264E-17
  7   3    0.6485176213E-17
  7   4    0.3858432674E-15
  7   5    0.5785968448E-16
  7   6   -0.3552713679E-14
  7   7   -0.7538114494E+01
  7   8    0.8423583589E-01
  7   9   -0.1184067546E+00
  7  10   -0.1051302058E-14
  8   1   -0.8258506638E-15
  8   2   -0.1945674960E-17
  8   3    0.3048784390E-16
  8   4   -0.1104792514E-14
  8   5   -0.3550635912E-15
  8   6   -0.1184067546E+00
  8   7    0.8423583589E-01
  8   8   -0.6182651516E+01
  8   9   -0.6800116026E-15
  8  10    0.1799309758E-14
  9   1    0.5426079967E-14
  9   2    0.1179790601E-16
  9   3   -0.1177341494E-15
  9   4    0.6783139680E-15
  9   5    0.1617194459E-14
  9   6   -0.8423583589E-01
  9   7   -0.1184067546E+00
  9   8   -0.5134781489E-15
  9   9   -0.6182651516E+01
  9  10    0.1642976020E-14
 10   1    0.1935714336E-01
 10   2    0.9592126626E-03
 10   3   -0.5632807054E-03
 10   4    0.1079983665E+00
 10   5    0.3156262004E-02
 10   6   -0.3669149157E-15
 10   7   -0.1051302058E-14
 10   8    0.1799309758E-14
 10   9    0.1642976020E-14
 10  10   -0.7575643877E+01
