  1   1   -0.3274804361E+02
  1   2   -0.1252195088E-04
  1   3    0.7194684046E-02
  1   4    0.6182580827E+00
  1   5   -0.6630325811E-02
  1   6   -0.4016008711E-15
  1   7    0.5794936514E-15
  1   8    0.3360964317E-14
  1   9    0.1941736662E-14
  1  10   -0.2051639694E-01
  2   1   -0.1252195088E-04
  2   2   -0.2549547531E+02
  2   3    0.4780825226E+00
  2   4   -0.6106607152E-02
  2   5   -0.1761802136E-01
  2   6   -0.1143122016E-16
  2   7   -0.2943849620E-17
  2   8    0.1243011470E-17
  2   9    0.6750621551E-16
  2  10   -0.1349322334E-02
  3   1    0.7194684046E-02
  3   2    0.4780825226E+00
  3   3   -0.6595503147E+01
  3   4   -0.1870542344E-01
  3   5   -0.1583233975E+00
  3   6   -0.8444179116E-16
  3   7   -0.3000777818E-16
  3   8    0.4885613101E-16
  3   9    0.5904962628E-15
  3  10   -0.6980277516E-03
  4   1    0.6182580827E+00
  4   2   -0.6106607152E-02
  4   3   -0.1870542344E-01
  4   4   -0.8088036895E+01
  4   5    0.2063070620E-01
  4   6   -0.9693819542E-16
  4   7    0.2254536826E-15
  4   8    0.2172810729E-14
  4   9    0.1038252150E-14
  4  10   -0.1153388366E+00
  5   1   -0.6630325811E-02
  5   2   -0.1761802136E-01
  5   3   -0.1583233975E+00
  5   4    0.2063070620E-01
  5   5   -0.6247951520E+01
  5   6    0.5866381294E-15
  5   7    0.1497720534E-15
  5   8    0.1644844322E-14
  5   9   -0.2039445978E-14
  5  10   -0.4134597498E-02
  6   1   -0.4016008711E-15
  6   2   -0.1143122016E-16
  6   3   -0.8444179116E-16
  6   4   -0.9693819542E-16
  6   5    0.5866381294E-15
  6   6   -0.7572688101E+01
  6   7    0.1429412144E-14
  6   8   -0.3038356394E-01
  6   9   -0.1465746696E+00
  6  10   -0.1655212915E-16
  7   1    0.5794936514E-15
  7   2   -0.2943849620E-17
  7   3   -0.3000777818E-16
  7   4    0.2254536826E-15
  7   5    0.1497720534E-15
  7   6    0.1415534356E-14
  7   7   -0.7572688101E+01
  7   8    0.1465746696E+00
  7   9   -0.3038356394E-01
  7  10    0.1180147304E-15
  8   1    0.3360964317E-14
  8   2    0.1243011470E-17
  8   3    0.4885613101E-16
  8   4    0.2172810729E-14
  8   5    0.1644844322E-14
  8   6   -0.3038356394E-01
  8   7    0.1465746696E+00
  8   8   -0.6224010889E+01
  8   9    0.2439021207E-14
  8  10    0.4806232000E-14
  9   1    0.1941736662E-14
  9   2    0.6750621551E-16
  9   3    0.5904962628E-15
  9   4    0.1038252150E-14
  9   5   -0.2039445978E-14
  9   6   -0.1465746696E+00
  9   7   -0.3038356394E-01
  9   8    0.2223915496E-14
  9   9   -0.6224010889E+01
  9  10    0.2911341582E-14
 10   1   -0.2051639694E-01
 10   2   -0.1349322334E-02
 10   3   -0.6980277516E-03
 10   4   -0.1153388366E+00
 10   5   -0.4134597498E-02
 10   6   -0.1655212915E-16
 10   7    0.1180147304E-15
 10   8    0.4806232000E-14
 10   9    0.2911341582E-14
 10  10   -0.7613430930E+01
