  1   1   -0.3267741476E+02
  1   2   -0.1855695956E-05
  1   3    0.3817794886E-02
  1   4   -0.6185754862E+00
  1   5   -0.3586564298E-02
  1   6    0.6344530713E-16
  1   7   -0.8116650260E-16
  1   8   -0.6112895222E-15
  1   9    0.1864434671E-15
  1  10   -0.1828071506E-01
  2   1   -0.1855695956E-05
  2   2   -0.2541477812E+02
  2   3    0.4779595408E+00
  2   4    0.3158977891E-02
  2   5   -0.1530568459E-01
  2   6    0.6046119413E-17
  2   7   -0.3861789229E-18
  2   8    0.2201462087E-16
  2   9    0.2961048489E-16
  2  10   -0.6756145732E-03
  3   1    0.3817794886E-02
  3   2    0.4779595408E+00
  3   3   -0.6514103655E+01
  3   4    0.9906443168E-02
  3   5   -0.1397331387E+00
  3   6    0.5038517677E-16
  3   7   -0.6069008523E-17
  3   8    0.2019920399E-15
  3   9    0.2549185015E-15
  3  10   -0.4717319315E-03
  4   1   -0.6185754862E+00
  4   2    0.3158977891E-02
  4   3    0.9906443168E-02
  4   4   -0.8017072915E+01
  4   5   -0.1116547771E-01
  4   6    0.9985315589E-16
  4   7    0.1196048120E-15
  4   8   -0.2834563337E-15
  4   9    0.1032319238E-14
  4  10    0.1013551329E+00
  5   1   -0.3586564298E-02
  5   2   -0.1530568459E-01
  5   3   -0.1397331387E+00
  5   4   -0.1116547771E-01
  5   5   -0.6162777251E+01
  5   6   -0.5134592582E-15
  5   7    0.2627714180E-15
  5   8   -0.2674069304E-14
  5   9   -0.2339047175E-14
  5  10   -0.2411946241E-02
  6   1    0.6344530713E-16
  6   2    0.6046119413E-17
  6   3    0.5038517677E-16
  6   4    0.9985315589E-16
  6   5   -0.5134592582E-15
  6   6   -0.7505469004E+01
  6   7    0.3330669074E-15
  6   8    0.7481482219E-01
  6   9    0.1204225398E+00
  6  10    0.1257453723E-15
  7   1   -0.8116650260E-16
  7   2   -0.3861789229E-18
  7   3   -0.6069008523E-17
  7   4    0.1196048120E-15
  7   5    0.2627714180E-15
  7   6    0.3330669074E-15
  7   7   -0.7505469004E+01
  7   8   -0.1204225398E+00
  7   9    0.7481482219E-01
  7  10   -0.3290473424E-15
  8   1   -0.6112895222E-15
  8   2    0.2201462087E-16
  8   3    0.2019920399E-15
  8   4   -0.2834563337E-15
  8   5   -0.2674069304E-14
  8   6    0.7481482219E-01
  8   7   -0.1204225398E+00
  8   8   -0.6143913772E+01
  8   9   -0.3018418848E-14
  8  10    0.2685201114E-14
  9   1    0.1864434671E-15
  9   2    0.2961048489E-16
  9   3    0.2549185015E-15
  9   4    0.1032319238E-14
  9   5   -0.2339047175E-14
  9   6    0.1204225398E+00
  9   7    0.7481482219E-01
  9   8   -0.3115563363E-14
  9   9   -0.6143913772E+01
  9  10    0.1331916098E-14
 10   1   -0.1828071506E-01
 10   2   -0.6756145732E-03
 10   3   -0.4717319315E-03
 10   4    0.1013551329E+00
 10   5   -0.2411946241E-02
 10   6    0.1257453723E-15
 10   7   -0.3290473424E-15
 10   8    0.2685201114E-14
 10   9    0.1331916098E-14
 10  10   -0.7540264958E+01
