  1   1   -0.3261497746E+02
  1   2    0.2418268765E-05
  1   3    0.2130527681E-02
  1   4   -0.6187648931E+00
  1   5   -0.1868849798E-02
  1   6   -0.3863928926E-15
  1   7   -0.1082376007E-15
  1   8   -0.3946438895E-14
  1   9   -0.2154249537E-14
  1  10   -0.1635915332E-01
  2   1    0.2418268765E-05
  2   2   -0.2534343498E+02
  2   3    0.4778684088E+00
  2   4    0.1705881412E-02
  2   5   -0.1343478955E-01
  2   6   -0.1437997821E-17
  2   7    0.2838684582E-18
  2   8   -0.1097710877E-16
  2   9   -0.1889948432E-17
  2  10   -0.3260763508E-03
  3   1    0.2130527681E-02
  3   2    0.4778684088E+00
  3   3   -0.6442369839E+01
  3   4    0.5483729224E-02
  3   5   -0.1241535299E+00
  3   6   -0.1377601028E-16
  3   7    0.4924440168E-17
  3   8   -0.1001140659E-15
  3   9   -0.1731089022E-16
  3  10   -0.3374757593E-03
  4   1   -0.6187648931E+00
  4   2    0.1705881412E-02
  4   3    0.5483729224E-02
  4   4   -0.7954233598E+01
  4   5   -0.5842009976E-02
  4   6    0.1211751159E-16
  4   7   -0.2072913970E-16
  4   8    0.5537752068E-15
  4   9   -0.2681996388E-15
  4  10    0.8981132982E-01
  5   1   -0.1868849798E-02
  5   2   -0.1343478955E-01
  5   3   -0.1241535299E+00
  5   4   -0.5842009976E-02
  5   5   -0.6087936677E+01
  5   6    0.1151456517E-15
  5   7   -0.1450099805E-15
  5   8    0.9063873023E-15
  5   9   -0.9349695920E-15
  5  10   -0.1391633648E-02
  6   1   -0.3863928926E-15
  6   2   -0.1437997821E-17
  6   3   -0.1377601028E-16
  6   4    0.1211751159E-16
  6   5    0.1151456517E-15
  6   6   -0.7445417359E+01
  6   7   -0.4440892099E-15
  6   8    0.1281899838E+00
  6   9    0.4720939589E-01
  6  10   -0.6107162955E-15
  7   1   -0.1082376007E-15
  7   2    0.2838684582E-18
  7   3    0.4924440168E-17
  7   4   -0.2072913970E-16
  7   5   -0.1450099805E-15
  7   6    0.3710016510E-31
  7   7   -0.7445417359E+01
  7   8   -0.4720939589E-01
  7   9    0.1281899838E+00
  7  10    0.1697257021E-15
  8   1   -0.3946438895E-14
  8   2   -0.1097710877E-16
  8   3   -0.1001140659E-15
  8   4    0.5537752068E-15
  8   5    0.9063873023E-15
  8   6    0.1281899838E+00
  8   7   -0.4720939589E-01
  8   8   -0.6073318164E+01
  8   9   -0.4857225733E-16
  8  10   -0.6414608399E-14
  9   1   -0.2154249537E-14
  9   2   -0.1889948432E-17
  9   3   -0.1731089022E-16
  9   4   -0.2681996388E-15
  9   5   -0.9349695920E-15
  9   6    0.4720939589E-01
  9   7    0.1281899838E+00
  9   8   -0.5828670879E-15
  9   9   -0.6073318164E+01
  9  10   -0.1850863148E-14
 10   1   -0.1635915332E-01
 10   2   -0.3260763508E-03
 10   3   -0.3374757593E-03
 10   4    0.8981132982E-01
 10   5   -0.1391633648E-02
 10   6   -0.6107162955E-15
 10   7    0.1697257021E-15
 10   8   -0.6414608399E-14
 10   9   -0.1850863148E-14
 10  10   -0.7475847483E+01
