  1   1   -0.3266109570E+02
  1   2   -0.3620029932E-06
  1   3    0.3281999315E-02
  1   4   -0.6186315865E+00
  1   5   -0.3057615626E-02
  1   6   -0.1558441473E-15
  1   7   -0.2333892719E-15
  1   8    0.2781269878E-14
  1   9   -0.1138836363E-14
  1  10   -0.1777236479E-01
  2   1   -0.3620029932E-06
  2   2   -0.2539613179E+02
  2   3    0.4779337050E+00
  2   4    0.2695030366E-02
  2   5   -0.1480144902E-01
  2   6    0.2923158159E-17
  2   7   -0.5896871941E-17
  2   8    0.3801804003E-16
  2   9    0.2577194018E-16
  2  10   -0.5650488159E-03
  3   1    0.3281999315E-02
  3   2    0.4779337050E+00
  3   3   -0.6495339688E+01
  3   4    0.8504188280E-02
  3   5   -0.1355798482E+00
  3   6    0.2787486920E-16
  3   7   -0.5332495674E-16
  3   8    0.3338866958E-15
  3   9    0.2466137618E-15
  3  10   -0.4340650771E-03
  4   1   -0.6186315865E+00
  4   2    0.2695030366E-02
  4   3    0.8504188280E-02
  4   4   -0.8000652067E+01
  4   5   -0.9524775789E-02
  4   6    0.6374415153E-16
  4   7    0.8054354316E-16
  4   8   -0.3669897521E-15
  4   9   -0.1041716105E-14
  4  10    0.9826574751E-01
  5   1   -0.3057615626E-02
  5   2   -0.1480144902E-01
  5   3   -0.1355798482E+00
  5   4   -0.9524775789E-02
  5   5   -0.6143177662E+01
  5   6    0.2137783875E-15
  5   7    0.5684901926E-15
  5   8   -0.2907069122E-14
  5   9    0.5003575229E-17
  5  10   -0.2106769196E-02
  6   1   -0.1558441473E-15
  6   2    0.2923158159E-17
  6   3    0.2787486920E-16
  6   4    0.6374415153E-16
  6   5    0.2137783875E-15
  6   6   -0.7489825364E+01
  6   7   -0.3108624469E-14
  6   8   -0.2576362579E-02
  6   9    0.1402411335E+00
  6  10   -0.9869332819E-16
  7   1   -0.2333892719E-15
  7   2   -0.5896871941E-17
  7   3   -0.5332495674E-16
  7   4    0.8054354316E-16
  7   5    0.5684901926E-15
  7   6   -0.3552713679E-14
  7   7   -0.7489825364E+01
  7   8   -0.1402411335E+00
  7   9   -0.2576362579E-02
  7  10   -0.4422129077E-15
  8   1    0.2781269878E-14
  8   2    0.3801804003E-16
  8   3    0.3338866958E-15
  8   4   -0.3669897521E-15
  8   5   -0.2907069122E-14
  8   6   -0.2576362579E-02
  8   7   -0.1402411335E+00
  8   8   -0.6125447224E+01
  8   9   -0.1075528555E-14
  8  10    0.1100918333E-14
  9   1   -0.1138836363E-14
  9   2    0.2577194018E-16
  9   3    0.2466137618E-15
  9   4   -0.1041716105E-14
  9   5    0.5003575229E-17
  9   6    0.1402411335E+00
  9   7   -0.2576362579E-02
  9   8   -0.7840950111E-15
  9   9   -0.6125447224E+01
  9  10   -0.1436035504E-15
 10   1   -0.1777236479E-01
 10   2   -0.5650488159E-03
 10   3   -0.4340650771E-03
 10   4    0.9826574751E-01
 10   5   -0.2106769196E-02
 10   6   -0.9869332819E-16
 10   7   -0.4422129077E-15
 10   8    0.1100918333E-14
 10   9   -0.1436035504E-15
 10  10   -0.7523405974E+01
