  1   1   -0.3262989794E+02
  1   2    0.1722947924E-05
  1   3    0.2450922784E-02
  1   4   -0.6187254020E+00
  1   5   -0.2206991575E-02
  1   6   -0.2957095423E-15
  1   7    0.6051674094E-15
  1   8    0.5783055733E-14
  1   9    0.1365143778E-14
  1  10   -0.1681226802E-01
  2   1    0.1722947924E-05
  2   2   -0.2536048405E+02
  2   3    0.4778882548E+00
  2   4    0.1979683691E-02
  2   5   -0.1386767368E-01
  2   6    0.1697806753E-17
  2   7    0.2658388292E-17
  2   8    0.1813895351E-16
  2   9    0.1394301556E-16
  2  10   -0.3925377933E-03
  3   1    0.2450922784E-02
  3   2    0.4778882548E+00
  3   3   -0.6459498871E+01
  3   4    0.6325109973E-02
  3   5   -0.1277990562E+00
  3   6    0.1625915262E-16
  3   7    0.2453844003E-16
  3   8    0.1722018863E-15
  3   9    0.1181558880E-15
  3  10   -0.3675914563E-03
  4   1   -0.6187254020E+00
  4   2    0.1979683691E-02
  4   3    0.6325109973E-02
  4   4   -0.7969251847E+01
  4   5   -0.6888879415E-02
  4   6   -0.1011204529E-15
  4   7    0.5093806335E-16
  4   8   -0.2244326379E-14
  4   9    0.2741503719E-14
  4  10    0.9250237172E-01
  5   1   -0.2206991575E-02
  5   2   -0.1386767368E-01
  5   3   -0.1277990562E+00
  5   4   -0.6888879415E-02
  5   5   -0.6105785317E+01
  5   6   -0.8982869911E-16
  5   7    0.8096422206E-17
  5   8   -0.7941944149E-15
  5   9    0.9438590891E-15
  5  10   -0.1600985542E-02
  6   1   -0.2957095423E-15
  6   2    0.1697806753E-17
  6   3    0.1625915262E-16
  6   4   -0.1011204529E-15
  6   5   -0.8982869911E-16
  6   6   -0.7459814839E+01
  6   7    0.3996802889E-14
  6   8    0.1256121704E+00
  6   9   -0.5641331681E-01
  6  10   -0.9542297928E-16
  7   1    0.6051674094E-15
  7   2    0.2658388292E-17
  7   3    0.2453844003E-16
  7   4    0.5093806335E-16
  7   5    0.8096422206E-17
  7   6    0.3996802889E-14
  7   7   -0.7459814839E+01
  7   8    0.5641331681E-01
  7   9    0.1256121704E+00
  7  10    0.2765897605E-15
  8   1    0.5783055733E-14
  8   2    0.1813895351E-16
  8   3    0.1722018863E-15
  8   4   -0.2244326379E-14
  8   5   -0.7941944149E-15
  8   6    0.1256121704E+00
  8   7    0.5641331681E-01
  8   8   -0.6090175350E+01
  8   9   -0.4614364446E-15
  8  10    0.1903296943E-15
  9   1    0.1365143778E-14
  9   2    0.1394301556E-16
  9   3    0.1181558880E-15
  9   4    0.2741503719E-14
  9   5    0.9438590891E-15
  9   6   -0.5641331681E-01
  9   7    0.1256121704E+00
  9   8    0.2532696275E-15
  9   9   -0.6090175350E+01
  9  10    0.3183647329E-14
 10   1   -0.1681226802E-01
 10   2   -0.3925377933E-03
 10   3   -0.3675914563E-03
 10   4    0.9250237172E-01
 10   5   -0.1600985542E-02
 10   6   -0.9542297928E-16
 10   7    0.2765897605E-15
 10   8    0.1903296943E-15
 10   9    0.3183647329E-14
 10  10   -0.7491220474E+01
