  1   1   -0.3264526393E+02
  1   2    0.8120958662E-06
  1   3    0.2830939275E-02
  1   4   -0.6186812337E+00
  1   5   -0.2600649358E-02
  1   6   -0.7442521909E-16
  1   7    0.8336526043E-16
  1   8   -0.5915707365E-15
  1   9    0.5164126120E-14
  1  10   -0.1728310658E-01
  2   1    0.8120958662E-06
  2   2   -0.2537804195E+02
  2   3    0.4779099764E+00
  2   4    0.2306001503E-02
  2   5   -0.1432269332E-01
  2   6    0.5427178451E-17
  2   7    0.8188792961E-19
  2   8    0.4575744760E-16
  2   9   -0.1337833490E-16
  2  10   -0.4714941997E-03
  3   1    0.2830939275E-02
  3   2    0.4779099764E+00
  3   3   -0.6477147117E+01
  3   4    0.7322131347E-02
  3   5   -0.1316048906E+00
  3   6    0.5088096516E-16
  3   7    0.1183162991E-17
  3   8    0.4197918235E-15
  3   9   -0.1227696290E-15
  3  10   -0.3996329177E-03
  4   1   -0.6186812337E+00
  4   2    0.2306001503E-02
  4   3    0.7322131347E-02
  4   4   -0.7984718303E+01
  4   5   -0.8108325975E-02
  4   6    0.1103392025E-15
  4   7   -0.2391920513E-15
  4   8   -0.6982520571E-16
  4   9   -0.2668734428E-14
  4  10    0.9531779717E-01
  5   1   -0.2600649358E-02
  5   2   -0.1432269332E-01
  5   3   -0.1316048906E+00
  5   4   -0.8108325975E-02
  5   5   -0.6124189983E+01
  5   6    0.2833694595E-15
  5   7    0.3076599112E-15
  5   8    0.7688383500E-15
  5   9    0.1577433908E-14
  5  10   -0.1838045988E-02
  6   1   -0.7442521909E-16
  6   2    0.5427178451E-17
  6   3    0.5088096516E-16
  6   4    0.1103392025E-15
  6   5    0.2833694595E-15
  6   6   -0.7474612514E+01
  6   7    0.3219646771E-14
  6   8    0.1324158560E+00
  6   9   -0.4198605745E-01
  6  10    0.1540187894E-15
  7   1    0.8336526043E-16
  7   2    0.8188792961E-19
  7   3    0.1183162991E-17
  7   4   -0.2391920513E-15
  7   5    0.3076599112E-15
  7   6    0.3330669074E-14
  7   7   -0.7474612514E+01
  7   8    0.4198605745E-01
  7   9    0.1324158560E+00
  7  10    0.3217527619E-15
  8   1   -0.5915707365E-15
  8   2    0.4575744760E-16
  8   3    0.4197918235E-15
  8   4   -0.6982520571E-16
  8   5    0.7688383500E-15
  8   6    0.1324158560E+00
  8   7    0.4198605745E-01
  8   8   -0.6107543348E+01
  8   9    0.2289834988E-15
  8  10    0.4082219774E-14
  9   1    0.5164126120E-14
  9   2   -0.1337833490E-16
  9   3   -0.1227696290E-15
  9   4   -0.2668734428E-14
  9   5    0.1577433908E-14
  9   6   -0.4198605745E-01
  9   7    0.1324158560E+00
  9   8   -0.2775557562E-16
  9   9   -0.6107543348E+01
  9  10    0.1657426496E-14
 10   1   -0.1728310658E-01
 10   2   -0.4714941997E-03
 10   3   -0.3996329177E-03
 10   4    0.9531779717E-01
 10   5   -0.1838045988E-02
 10   6    0.1540187894E-15
 10   7    0.3217527619E-15
 10   8    0.4082219774E-14
 10   9    0.1657426496E-14
 10  10   -0.7507065812E+01
