  1   1   -0.3276717290E+02
  1   2   -0.1684475661E-04
  1   3    0.8484229273E-02
  1   4   -0.6181448731E+00
  1   5   -0.7684839782E-02
  1   6   -0.2773489930E-15
  1   7   -0.1266321261E-15
  1   8   -0.5294933169E-15
  1   9    0.3404403894E-15
  1  10    0.2112771462E-01
  2   1   -0.1684475661E-04
  2   2   -0.2551733029E+02
  2   3    0.4781160388E+00
  2   4    0.7236935710E-02
  2   5   -0.1828170659E-01
  2   6   -0.4572884298E-17
  2   7   -0.4332852117E-17
  2   8   -0.1379417404E-16
  2   9   -0.4525974677E-16
  2  10    0.1594837867E-02
  3   1    0.8484229273E-02
  3   2    0.4781160388E+00
  3   3   -0.6617625899E+01
  3   4    0.2205106701E-01
  3   5   -0.1635139039E+00
  3   6   -0.3902791414E-16
  3   7   -0.5044934071E-16
  3   8   -0.1549309063E-15
  3   9   -0.4147850309E-15
  3  10    0.7962384563E-03
  4   1   -0.6181448731E+00
  4   2    0.7236935710E-02
  4   3    0.2205106701E-01
  4   4   -0.8107199332E+01
  4   5   -0.2392137134E-01
  4   6    0.3038663530E-15
  4   7    0.9603291921E-15
  4   8    0.2347078637E-14
  4   9    0.5040295341E-14
  4  10   -0.1193048360E+00
  5   1   -0.7684839782E-02
  5   2   -0.1828170659E-01
  5   3   -0.1635139039E+00
  5   4   -0.2392137134E-01
  5   5   -0.6271126699E+01
  5   6    0.6128118212E-15
  5   7   -0.6978899518E-15
  5   8   -0.9383377214E-15
  5   9   -0.8307509992E-15
  5  10    0.4739253728E-02
  6   1   -0.2773489930E-15
  6   2   -0.4572884298E-17
  6   3   -0.3902791414E-16
  6   4    0.3038663530E-15
  6   5    0.6128118212E-15
  6   6   -0.7590744974E+01
  6   7   -0.4440892099E-15
  6   8   -0.1071888291E+00
  6   9    0.1081136838E+00
  6  10   -0.2081965424E-15
  7   1   -0.1266321261E-15
  7   2   -0.4332852117E-17
  7   3   -0.5044934071E-16
  7   4    0.9603291921E-15
  7   5   -0.6978899518E-15
  7   6    0.4440892099E-15
  7   7   -0.7590744974E+01
  7   8    0.1081136838E+00
  7   9    0.1071888291E+00
  7  10    0.8177263538E-15
  8   1   -0.5294933169E-15
  8   2   -0.1379417404E-16
  8   3   -0.1549309063E-15
  8   4    0.2347078637E-14
  8   5   -0.9383377214E-15
  8   6   -0.1071888291E+00
  8   7    0.1081136838E+00
  8   8   -0.6245763235E+01
  8   9   -0.1668803984E-14
  8  10    0.4253611938E-14
  9   1    0.3404403894E-15
  9   2   -0.4525974677E-16
  9   3   -0.4147850309E-15
  9   4    0.5040295341E-14
  9   5   -0.8307509992E-15
  9   6    0.1081136838E+00
  9   7    0.1071888291E+00
  9   8   -0.1687885942E-14
  9   9   -0.6245763235E+01
  9  10    0.4940623984E-14
 10   1    0.2112771462E-01
 10   2    0.1594837867E-02
 10   3    0.7962384563E-03
 10   4   -0.1193048360E+00
 10   5    0.4739253728E-02
 10   6   -0.2081965424E-15
 10   7    0.8177263538E-15
 10   8    0.4253611938E-14
 10   9    0.4940623984E-14
 10  10   -0.7633308411E+01
