  1   1   -0.3269424397E+02
  1   2   -0.3735122442E-05
  1   3    0.4454801025E-02
  1   4   -0.6185117442E+00
  1   5   -0.4197119708E-02
  1   6    0.4677691775E-16
  1   7    0.5381189589E-16
  1   8   -0.2586140550E-14
  1   9    0.2963854707E-14
  1  10   -0.1880878748E-01
  2   1   -0.3735122442E-05
  2   2   -0.2543400700E+02
  2   3    0.4779875136E+00
  2   4    0.3712502512E-02
  2   5   -0.1583730014E-01
  2   6   -0.4715948299E-17
  2   7    0.6864322366E-17
  2   8   -0.3099836523E-16
  2   9   -0.4809703387E-16
  2  10   -0.8059523459E-03
  3   1    0.4454801025E-02
  3   2    0.4779875136E+00
  3   3   -0.6533468355E+01
  3   4    0.1157111636E-01
  3   5   -0.1440743111E+00
  3   6   -0.4365744428E-16
  3   7    0.6347824797E-16
  3   8   -0.2850300105E-15
  3   9   -0.4392343480E-15
  3  10   -0.5140509469E-03
  4   1   -0.6185117442E+00
  4   2    0.3712502512E-02
  4   3    0.1157111636E-01
  4   4   -0.8034001171E+01
  4   5   -0.1306077194E-01
  4   6    0.2116705535E-15
  4   7   -0.3036579692E-15
  4   8    0.2058833885E-14
  4   9    0.2840079595E-14
  4  10    0.1045957409E+00
  5   1   -0.4197119708E-02
  5   2   -0.1583730014E-01
  5   3   -0.1440743111E+00
  5   4   -0.1306077194E-01
  5   5   -0.6183019754E+01
  5   6    0.1675531899E-15
  5   7   -0.4019271672E-15
  5   8    0.1744528093E-14
  5   9    0.1585459840E-14
  5  10   -0.2759408180E-02
  6   1    0.4677691775E-16
  6   2   -0.4715948299E-17
  6   3   -0.4365744428E-16
  6   4    0.2116705535E-15
  6   5    0.1675531899E-15
  6   6   -0.7521559716E+01
  6   7   -0.2463307336E-14
  6   8   -0.5274755424E-01
  6   9    0.1333968908E+00
  6  10   -0.3419266154E-15
  7   1    0.5381189589E-16
  7   2    0.6864322366E-17
  7   3    0.6347824797E-16
  7   4   -0.3036579692E-15
  7   5   -0.4019271672E-15
  7   6   -0.2461572612E-14
  7   7   -0.7521559716E+01
  7   8   -0.1333968908E+00
  7   9   -0.5274755424E-01
  7  10    0.4025410095E-15
  8   1   -0.2586140550E-14
  8   2   -0.3099836523E-16
  8   3   -0.2850300105E-15
  8   4    0.2058833885E-14
  8   5    0.1744528093E-14
  8   6   -0.5274755424E-01
  8   7   -0.1333968908E+00
  8   8   -0.6162971647E+01
  8   9    0.1491862189E-14
  8  10   -0.2510966547E-14
  9   1    0.2963854707E-14
  9   2   -0.4809703387E-16
  9   3   -0.4392343480E-15
  9   4    0.2840079595E-14
  9   5    0.1585459840E-14
  9   6    0.1333968908E+00
  9   7   -0.5274755424E-01
  9   8    0.1384309334E-14
  9   9   -0.6162971647E+01
  9  10   -0.4595697112E-14
 10   1   -0.1880878748E-01
 10   2   -0.8059523459E-03
 10   3   -0.5140509469E-03
 10   4    0.1045957409E+00
 10   5   -0.2759408180E-02
 10   6   -0.3419266154E-15
 10   7    0.4025410095E-15
 10   8   -0.2510966547E-14
 10   9   -0.4595697112E-14
 10  10   -0.7557668429E+01
