  1   1   -0.3272953166E+02
  1   2   -0.8972065581E-05
  1   3    0.6116370629E-02
  1   4   -0.6183551081E+00
  1   5   -0.5706704670E-02
  1   6    0.2497869292E-15
  1   7   -0.7461280393E-15
  1   8   -0.1222058677E-14
  1   9   -0.1012639575E-14
  1  10   -0.1992624250E-01
  2   1   -0.8972065581E-05
  2   2   -0.2547432512E+02
  2   3    0.4780493890E+00
  2   4    0.5162640432E-02
  2   5   -0.1699112271E-01
  2   6   -0.3836476695E-17
  2   7   -0.1559497333E-19
  2   8   -0.8115081739E-17
  2   9   -0.2304596712E-16
  2  10   -0.1138980329E-02
  3   1    0.6116370629E-02
  3   2    0.4780493890E+00
  3   3   -0.6574131036E+01
  3   4    0.1590216338E-01
  3   5   -0.1533595972E+00
  3   6   -0.4884950340E-16
  3   7    0.4097810209E-18
  3   8   -0.8065633754E-16
  3   9   -0.2315384604E-15
  3  10   -0.6228850381E-03
  4   1   -0.6183551081E+00
  4   2    0.5162640432E-02
  4   3    0.1590216338E-01
  4   4   -0.8069462662E+01
  4   5   -0.1775382281E-01
  4   6    0.3542699145E-15
  4   7   -0.1764625490E-15
  4   8    0.7858101163E-15
  4   9    0.2413516023E-14
  4  10    0.1115749653E+00
  5   1   -0.5706704670E-02
  5   2   -0.1699112271E-01
  5   3   -0.1533595972E+00
  5   4   -0.1775382281E-01
  5   5   -0.6225569491E+01
  5   6    0.6449405499E-15
  5   7   -0.1076712243E-15
  5   8   -0.8694214680E-16
  5   9    0.1065375674E-14
  5  10   -0.3611159037E-02
  6   1    0.2497869292E-15
  6   2   -0.3836476695E-17
  6   3   -0.4884950340E-16
  6   4    0.3542699145E-15
  6   5    0.6449405499E-15
  6   6   -0.7555151094E+01
  6   7   -0.2220446049E-14
  6   8    0.6770152196E-01
  6   9    0.1309181400E+00
  6  10   -0.6861080698E-15
  7   1   -0.7461280393E-15
  7   2   -0.1559497333E-19
  7   3    0.4097810209E-18
  7   4   -0.1764625490E-15
  7   5   -0.1076712243E-15
  7   6   -0.2664535259E-14
  7   7   -0.7555151094E+01
  7   8   -0.1309181400E+00
  7   9    0.6770152196E-01
  7  10    0.3463690834E-15
  8   1   -0.1222058677E-14
  8   2   -0.8115081739E-17
  8   3   -0.8065633754E-16
  8   4    0.7858101163E-15
  8   5   -0.8694214680E-16
  8   6    0.6770152196E-01
  8   7   -0.1309181400E+00
  8   8   -0.6202986210E+01
  8   9    0.1332267630E-14
  8  10   -0.1559472938E-15
  9   1   -0.1012639575E-14
  9   2   -0.2304596712E-16
  9   3   -0.2315384604E-15
  9   4    0.2413516023E-14
  9   5    0.1065375674E-14
  9   6    0.1309181400E+00
  9   7    0.6770152196E-01
  9   8    0.1606353939E-14
  9   9   -0.6202986210E+01
  9  10   -0.1617945947E-14
 10   1   -0.1992624250E-01
 10   2   -0.1138980329E-02
 10   3   -0.6228850381E-03
 10   4    0.1115749653E+00
 10   5   -0.3611159037E-02
 10   6   -0.6861080698E-15
 10   7    0.3463690834E-15
 10   8   -0.1559472938E-15
 10   9   -0.1617945947E-14
 10  10   -0.7594220805E+01
