  1   1   -0.3250956783E+02
  1   2    0.3877052017E-05
  1   3    0.8339329163E-03
  1   4    0.6189739070E+00
  1   5    0.4665958429E-03
  1   6    0.5332658622E-15
  1   7   -0.3020321083E-15
  1   8    0.4521687442E-14
  1   9   -0.6476739738E-14
  1  10    0.1329007981E-01
  2   1    0.3877052017E-05
  2   2   -0.2522298229E+02
  2   3    0.4777590117E+00
  2   4   -0.6216163284E-03
  2   5    0.1061508711E-01
  2   6    0.6292508277E-18
  2   7   -0.6155838684E-18
  2   8   -0.8062862399E-18
  2   9   -0.6199387685E-17
  2  10    0.6915915459E-04
  3   1    0.8339329163E-03
  3   2    0.4777590117E+00
  3   3   -0.6321510929E+01
  3   4   -0.2079358281E-02
  3   5    0.9984306524E-01
  3   6    0.5982548195E-17
  3   7   -0.5692219392E-17
  3   8   -0.6307955940E-17
  3   9   -0.6082261385E-16
  3  10    0.1558844905E-03
  4   1    0.6189739070E+00
  4   2   -0.6216163284E-03
  4   3   -0.2079358281E-02
  4   4   -0.7848183709E+01
  4   5   -0.1505178342E-02
  4   6   -0.1550355070E-15
  4   7   -0.1018092182E-15
  4   8    0.1216141881E-14
  4   9   -0.1560034142E-14
  4  10    0.7197607404E-01
  5   1    0.4665958429E-03
  5   2    0.1061508711E-01
  5   3    0.9984306524E-01
  5   4   -0.1505178342E-02
  5   5   -0.5962434743E+01
  5   6    0.3762214941E-16
  5   7   -0.1122730721E-15
  5   8   -0.2006090445E-15
  5   9    0.1043275559E-15
  5  10   -0.4054156111E-03
  6   1    0.5332658622E-15
  6   2    0.6292508277E-18
  6   3    0.5982548195E-17
  6   4   -0.1550355070E-15
  6   5    0.3762214941E-16
  6   6   -0.7343029629E+01
  6   7    0.8881784197E-15
  6   8   -0.1236762809E+00
  6   9   -0.4286032706E-01
  6  10   -0.3424040895E-15
  7   1   -0.3020321083E-15
  7   2   -0.6155838684E-18
  7   3   -0.5692219392E-17
  7   4   -0.1018092182E-15
  7   5   -0.1122730721E-15
  7   6    0.8881784197E-15
  7   7   -0.7343029629E+01
  7   8   -0.4286032706E-01
  7   9    0.1236762809E+00
  7  10    0.2710985558E-15
  8   1    0.4521687442E-14
  8   2   -0.8062862399E-18
  8   3   -0.6307955940E-17
  8   4    0.1216141881E-14
  8   5   -0.2006090445E-15
  8   6   -0.1236762809E+00
  8   7   -0.4286032706E-01
  8   8   -0.5954321179E+01
  8   9    0.2747801986E-14
  8  10    0.1589672675E-14
  9   1   -0.6476739738E-14
  9   2   -0.6199387685E-17
  9   3   -0.6082261385E-16
  9   4   -0.1560034142E-14
  9   5    0.1043275559E-15
  9   6   -0.4286032706E-01
  9   7    0.1236762809E+00
  9   8    0.3205768984E-14
  9   9   -0.5954321179E+01
  9  10    0.3243278974E-14
 10   1    0.1329007981E-01
 10   2    0.6915915459E-04
 10   3    0.1558844905E-03
 10   4    0.7197607404E-01
 10   5   -0.4054156111E-03
 10   6   -0.3424040895E-15
 10   7    0.2710985558E-15
 10   8    0.1589672675E-14
 10   9    0.3243278974E-14
 10  10   -0.7367582175E+01
