  1   1   -0.3255938422E+02
  1   2    0.3754817381E-05
  1   3    0.1275597390E-02
  1   4   -0.6188879351E+00
  1   5   -0.9427040686E-03
  1   6   -0.2518264762E-15
  1   7    0.4093859955E-15
  1   8   -0.3135857134E-15
  1   9    0.3678595675E-14
  1  10    0.1470995607E-01
  2   1    0.3754817381E-05
  2   2   -0.2527990896E+02
  2   3    0.4778046524E+00
  2   4    0.9844997174E-03
  2   5   -0.1189696804E-01
  2   6   -0.7835176749E-18
  2   7    0.3949210959E-18
  2   8   -0.3699295323E-18
  2   9    0.1044565755E-16
  2  10    0.1520847192E-03
  3   1    0.1275597390E-02
  3   2    0.4778046524E+00
  3   3   -0.6378600276E+01
  3   4    0.3236654315E-02
  3   5   -0.1110131818E+00
  3   6   -0.7779585318E-17
  3   7    0.2762109320E-17
  3   8    0.4330591604E-17
  3   9    0.9098490460E-16
  3  10    0.2335180732E-03
  4   1   -0.6188879351E+00
  4   2    0.9844997174E-03
  4   3    0.3236654315E-02
  4   4   -0.7898287287E+01
  4   5   -0.2977588959E-02
  4   6   -0.8959198270E-16
  4   7   -0.8125256875E-16
  4   8    0.5491349580E-15
  4   9    0.4185797241E-15
  4  10   -0.8015029728E-01
  5   1   -0.9427040686E-03
  5   2   -0.1189696804E-01
  5   3   -0.1110131818E+00
  5   4   -0.2977588959E-02
  5   5   -0.6021620211E+01
  5   6   -0.9556642244E-16
  5   7   -0.4211939775E-15
  5   8    0.4600579131E-14
  5   9   -0.2418131479E-14
  5  10    0.7727262718E-03
  6   1   -0.2518264762E-15
  6   2   -0.7835176749E-18
  6   3   -0.7779585318E-17
  6   4   -0.8959198270E-16
  6   5   -0.9556642244E-16
  6   6   -0.7391549807E+01
  6   7    0.1332267630E-14
  6   8   -0.2733446053E-01
  6   9   -0.1303755387E+00
  6  10    0.3436255902E-15
  7   1    0.4093859955E-15
  7   2    0.3949210959E-18
  7   3    0.2762109320E-17
  7   4   -0.8125256875E-16
  7   5   -0.4211939775E-15
  7   6    0.4440892099E-15
  7   7   -0.7391549807E+01
  7   8   -0.1303755387E+00
  7   9    0.2733446053E-01
  7  10    0.2375631450E-16
  8   1   -0.3135857134E-15
  8   2   -0.3699295323E-18
  8   3    0.4330591604E-17
  8   4    0.5491349580E-15
  8   5    0.4600579131E-14
  8   6   -0.2733446053E-01
  8   7   -0.1303755387E+00
  8   8   -0.6010550050E+01
  8   9    0.1977584763E-14
  8  10   -0.6310309309E-16
  9   1    0.3678595675E-14
  9   2    0.1044565755E-16
  9   3    0.9098490460E-16
  9   4    0.4185797241E-15
  9   5   -0.2418131479E-14
  9   6   -0.1303755387E+00
  9   7    0.2733446053E-01
  9   8    0.2024422296E-14
  9   9   -0.6010550050E+01
  9  10   -0.3353220670E-14
 10   1    0.1470995607E-01
 10   2    0.1520847192E-03
 10   3    0.2335180732E-03
 10   4   -0.8015029728E-01
 10   5    0.7727262718E-03
 10   6    0.3436255902E-15
 10   7    0.2375631450E-16
 10   8   -0.6310309309E-16
 10   9   -0.3353220670E-14
 10  10   -0.7418675825E+01
