  1   1   -0.3257270332E+02
  1   2    0.3580927825E-05
  1   3    0.1438931977E-02
  1   4   -0.6188614680E+00
  1   5   -0.1121407307E-02
  1   6   -0.9927760385E-16
  1   7    0.3978378528E-16
  1   8    0.1861331873E-14
  1   9    0.5736524690E-14
  1  10   -0.1509914218E-01
  2   1    0.3580927825E-05
  2   2   -0.2529512883E+02
  2   3    0.4778185556E+00
  2   4    0.1120892910E-02
  2   5   -0.1225484938E-01
  2   6    0.7824096982E-18
  2   7   -0.2466587948E-17
  2   8    0.1435502247E-17
  2   9    0.1854699602E-16
  2  10   -0.1845625465E-03
  3   1    0.1438931977E-02
  3   2    0.4778185556E+00
  3   3   -0.6393871698E+01
  3   4    0.3665889230E-02
  3   5   -0.1140970572E+00
  3   6    0.8450029420E-17
  3   7   -0.2264610217E-16
  3   8    0.3651967168E-17
  3   9    0.1566930509E-15
  3  10   -0.2570746339E-03
  4   1   -0.6188614680E+00
  4   2    0.1120892910E-02
  4   3    0.3665889230E-02
  4   4   -0.7911688440E+01
  4   5   -0.3530011432E-02
  4   6   -0.6562129636E-16
  4   7    0.3364637762E-15
  4   8    0.2035739998E-15
  4   9    0.1691458290E-14
  4  10    0.8241278404E-01
  5   1   -0.1121407307E-02
  5   2   -0.1225484938E-01
  5   3   -0.1140970572E+00
  5   4   -0.3530011432E-02
  5   5   -0.6037482144E+01
  5   6   -0.4937538102E-16
  5   7    0.5432160296E-15
  5   8   -0.1753777518E-14
  5   9   -0.4879052433E-14
  5  10   -0.8994440645E-03
  6   1   -0.9927760385E-16
  6   2    0.7824096982E-18
  6   3    0.8450029420E-17
  6   4   -0.6562129636E-16
  6   5   -0.4937538102E-16
  6   6   -0.7404484937E+01
  6   7   -0.4440892099E-15
  6   8   -0.1196670365E+00
  6   9    0.6015581883E-01
  6  10    0.8974727602E-16
  7   1    0.3978378528E-16
  7   2   -0.2466587948E-17
  7   3   -0.2264610217E-16
  7   4    0.3364637762E-15
  7   5    0.5432160296E-15
  7   6   -0.4440892099E-15
  7   7   -0.7404484937E+01
  7   8   -0.6015581883E-01
  7   9   -0.1196670365E+00
  7  10   -0.4570119407E-15
  8   1    0.1861331873E-14
  8   2    0.1435502247E-17
  8   3    0.3651967168E-17
  8   4    0.2035739998E-15
  8   5   -0.1753777518E-14
  8   6   -0.1196670365E+00
  8   7   -0.6015581883E-01
  8   8   -0.6025584233E+01
  8   9   -0.2775557562E-14
  8  10   -0.5751840510E-15
  9   1    0.5736524690E-14
  9   2    0.1854699602E-16
  9   3    0.1566930509E-15
  9   4    0.1691458290E-14
  9   5   -0.4879052433E-14
  9   6    0.6015581883E-01
  9   7   -0.1196670365E+00
  9   8   -0.3101685575E-14
  9   9   -0.6025584233E+01
  9  10    0.3377566470E-14
 10   1   -0.1509914218E-01
 10   2   -0.1845625465E-03
 10   3   -0.2570746339E-03
 10   4    0.8241278404E-01
 10   5   -0.8994440645E-03
 10   6    0.8974727602E-16
 10   7   -0.4570119407E-15
 10   8   -0.5751840510E-15
 10   9    0.3377566470E-14
 10  10   -0.7432358018E+01
