  1   1   -0.3249791217E+02
  1   2    0.3822554553E-05
  1   3    0.7607116775E-03
  1   4    0.6189915532E+00
  1   5   -0.3913372381E-03
  1   6   -0.8495031895E-16
  1   7   -0.5124380896E-16
  1   8   -0.3253797478E-14
  1   9   -0.4930778860E-16
  1  10    0.1296636423E-01
  2   1    0.3822554553E-05
  2   2   -0.2520966283E+02
  2   3    0.4777495629E+00
  2   4   -0.5627054122E-03
  2   5   -0.1032773694E-01
  2   6    0.1381230339E-18
  2   7   -0.1270709818E-18
  2   8    0.1150320507E-18
  2   9   -0.1619845482E-17
  2  10    0.5668726829E-04
  3   1    0.7607116775E-03
  3   2    0.4777495629E+00
  3   3   -0.6308159318E+01
  3   4   -0.1888696545E-02
  3   5   -0.9731310937E-01
  3   6    0.1484135229E-17
  3   7   -0.1658840011E-17
  3   8    0.3466398223E-17
  3   9   -0.1846685470E-16
  3  10    0.1405232332E-03
  4   1    0.6189915532E+00
  4   2   -0.5627054122E-03
  4   3   -0.1888696545E-02
  4   4   -0.7836465794E+01
  4   5    0.1271940321E-02
  4   6   -0.2175178366E-15
  4   7    0.1765618812E-16
  4   8   -0.6047099763E-15
  4   9   -0.8715863454E-15
  4  10    0.7012875528E-01
  5   1   -0.3913372381E-03
  5   2   -0.1032773694E-01
  5   3   -0.9731310937E-01
  5   4    0.1271940321E-02
  5   5   -0.5948618582E+01
  5   6   -0.2198143804E-17
  5   7   -0.3896281422E-15
  5   8    0.9376663652E-15
  5   9   -0.3402787818E-14
  5  10    0.3415784699E-03
  6   1   -0.8495031895E-16
  6   2    0.1381230339E-18
  6   3    0.1484135229E-17
  6   4   -0.2175178366E-15
  6   5   -0.2198143804E-17
  6   6   -0.7331649003E+01
  6   7   -0.1110223025E-14
  6   8    0.1173402017E+00
  6   9    0.5694166828E-01
  6  10    0.7839691016E-15
  7   1   -0.5124380896E-16
  7   2   -0.1270709818E-18
  7   3   -0.1658840011E-17
  7   4    0.1765618812E-16
  7   5   -0.3896281422E-15
  7   6   -0.1110223025E-14
  7   7   -0.7331649003E+01
  7   8   -0.5694166828E-01
  7   9    0.1173402017E+00
  7  10    0.4502441058E-15
  8   1   -0.3253797478E-14
  8   2    0.1150320507E-18
  8   3    0.3466398223E-17
  8   4   -0.6047099763E-15
  8   5    0.9376663652E-15
  8   6    0.1173402017E+00
  8   7   -0.5694166828E-01
  8   8   -0.5941162924E+01
  8   9   -0.3826799988E-14
  8  10    0.4994054059E-14
  9   1   -0.4930778860E-16
  9   2   -0.1619845482E-17
  9   3   -0.1846685470E-16
  9   4   -0.8715863454E-15
  9   5   -0.3402787818E-14
  9   6    0.5694166828E-01
  9   7    0.1173402017E+00
  9   8   -0.3663735981E-14
  9   9   -0.5941162924E+01
  9  10    0.7934308412E-14
 10   1    0.1296636423E-01
 10   2    0.5668726829E-04
 10   3    0.1405232332E-03
 10   4    0.7012875528E-01
 10   5    0.3415784699E-03
 10   6    0.7839691016E-15
 10   7    0.4502441058E-15
 10   8    0.4994054059E-14
 10   9    0.7934308412E-14
 10  10   -0.7355645599E+01
