  1   1   -0.3258639768E+02
  1   2    0.3316453558E-05
  1   3    0.1631909378E-02
  1   4   -0.6188324153E+00
  1   5   -0.1331946795E-02
  1   6   -0.1683527341E-15
  1   7   -0.4883472208E-15
  1   8   -0.4171512983E-14
  1   9    0.7053253504E-15
  1  10   -0.1550328536E-01
  2   1    0.3316453558E-05
  2   2   -0.2531077737E+02
  2   3    0.4778337186E+00
  2   4    0.1283065921E-02
  2   5   -0.1262967092E-01
  2   6    0.5228420461E-18
  2   7   -0.1651469635E-17
  2   8   -0.1563518157E-16
  2   9   -0.3918498170E-17
  2  10   -0.2235671514E-03
  3   1    0.1631909378E-02
  3   2    0.4778337186E+00
  3   3   -0.6409577411E+01
  3   4    0.4173209896E-02
  3   5   -0.1173102706E+00
  3   6    0.5805104107E-17
  3   7   -0.1680503641E-16
  3   8   -0.1577037207E-15
  3   9   -0.4326977106E-16
  3  10   -0.2822630359E-03
  4   1   -0.6188324153E+00
  4   2    0.1283065921E-02
  4   3    0.4173209896E-02
  4   4   -0.7925469077E+01
  4   5   -0.4180983871E-02
  4   6   -0.1096015874E-15
  4   7    0.2585196288E-15
  4   8    0.2164375970E-14
  4   9    0.1107392880E-14
  4  10    0.8477313543E-01
  5   1   -0.1331946795E-02
  5   2   -0.1262967092E-01
  5   3   -0.1173102706E+00
  5   4   -0.4180983871E-02
  5   5   -0.6053808042E+01
  5   6    0.1064497295E-15
  5   7   -0.2630084827E-15
  5   8   -0.2641866245E-14
  5   9   -0.3063010529E-15
  5  10   -0.1043423282E-02
  6   1   -0.1683527341E-15
  6   2    0.5228420461E-18
  6   3    0.5805104107E-17
  6   4   -0.1096015874E-15
  6   5    0.1064497295E-15
  6   6   -0.7417765966E+01
  6   7   -0.1332267630E-14
  6   8   -0.8875115273E-02
  6   9   -0.1344448528E+00
  6  10    0.3772394304E-15
  7   1   -0.4883472208E-15
  7   2   -0.1651469635E-17
  7   3   -0.1680503641E-16
  7   4    0.2585196288E-15
  7   5   -0.2630084827E-15
  7   6   -0.8881784197E-15
  7   7   -0.7417765966E+01
  7   8    0.1344448528E+00
  7   9   -0.8875115273E-02
  7  10   -0.8595543313E-15
  8   1   -0.4171512983E-14
  8   2   -0.1563518157E-16
  8   3   -0.1577037207E-15
  8   4    0.2164375970E-14
  8   5   -0.2641866245E-14
  8   6   -0.8875115273E-02
  8   7    0.1344448528E+00
  8   8   -0.6041043891E+01
  8   9    0.3316791286E-14
  8  10   -0.8793979545E-14
  9   1    0.7053253504E-15
  9   2   -0.3918498170E-17
  9   3   -0.4326977106E-16
  9   4    0.1107392880E-14
  9   5   -0.3063010529E-15
  9   6   -0.1344448528E+00
  9   7   -0.8875115273E-02
  9   8    0.2831068713E-14
  9   9   -0.6041043891E+01
  9  10   -0.2868543414E-14
 10   1   -0.1550328536E-01
 10   2   -0.2235671514E-03
 10   3   -0.2822630359E-03
 10   4    0.8477313543E-01
 10   5   -0.1043423282E-02
 10   6    0.3772394304E-15
 10   7   -0.8595543313E-15
 10   8   -0.8793979545E-14
 10   9   -0.2868543414E-14
 10  10   -0.7446435477E+01
