  1   1   -0.3254642516E+02
  1   2    0.3857181599E-05
  1   3    0.1137135906E-02
  1   4   -0.6189121498E+00
  1   5   -0.7914825525E-03
  1   6    0.6863552514E-15
  1   7   -0.6364514516E-15
  1   8   -0.1789143422E-15
  1   9   -0.3578804720E-14
  1  10   -0.1433507454E-01
  2   1    0.3857181599E-05
  2   2   -0.2526510039E+02
  2   3    0.4777918619E+00
  2   4    0.8696520292E-03
  2   5   -0.1155497912E-01
  2   6   -0.2207495324E-18
  2   7    0.2171626980E-17
  2   8    0.3253172926E-17
  2   9    0.1215506225E-16
  2  10   -0.1251165549E-03
  3   1    0.1137135906E-02
  3   2    0.4777918619E+00
  3   3   -0.6363745060E+01
  3   4    0.2873078788E-02
  3   5   -0.1080519562E+00
  3   6   -0.1587749850E-17
  3   7    0.1949358750E-16
  3   8    0.2847846591E-16
  3   9    0.1193263826E-15
  3  10   -0.2116190191E-03
  4   1   -0.6189121498E+00
  4   2    0.8696520292E-03
  4   3    0.2873078788E-02
  4   4   -0.7885250380E+01
  4   5   -0.2510136524E-02
  4   6   -0.1995612523E-15
  4   7    0.5446913924E-16
  4   8    0.4655115661E-15
  4   9   -0.2017862863E-14
  4  10    0.7798024862E-01
  5   1   -0.7914825525E-03
  5   2   -0.1155497912E-01
  5   3   -0.1080519562E+00
  5   4   -0.2510136524E-02
  5   5   -0.6006202557E+01
  5   6    0.3100952239E-15
  5   7   -0.3043348251E-15
  5   8   -0.5426963192E-15
  5   9    0.2102296899E-14
  5  10   -0.6614811718E-03
  6   1    0.6863552514E-15
  6   2   -0.2207495324E-18
  6   3   -0.1587749850E-17
  6   4   -0.1995612523E-15
  6   5    0.3100952239E-15
  6   6   -0.7378948289E+01
  6   7    0.1332267630E-14
  6   8   -0.1232218086E+00
  6   9    0.4884631428E-01
  6  10    0.4714331829E-15
  7   1   -0.6364514516E-15
  7   2    0.2171626980E-17
  7   3    0.1949358750E-16
  7   4    0.5446913924E-16
  7   5   -0.3043348251E-15
  7   6    0.1776356839E-14
  7   7   -0.7378948289E+01
  7   8    0.4884631428E-01
  7   9    0.1232218086E+00
  7  10    0.3833339058E-15
  8   1   -0.1789143422E-15
  8   2    0.3253172926E-17
  8   3    0.2847846591E-16
  8   4    0.4655115661E-15
  8   5   -0.5426963192E-15
  8   6   -0.1232218086E+00
  8   7    0.4884631428E-01
  8   8   -0.5995923205E+01
  8   9   -0.8391724815E-15
  8  10   -0.1362489356E-16
  9   1   -0.3578804720E-14
  9   2    0.1215506225E-16
  9   3    0.1193263826E-15
  9   4   -0.2017862863E-14
  9   5    0.2102296899E-14
  9   6    0.4884631428E-01
  9   7    0.1232218086E+00
  9   8   -0.8088148207E-15
  9   9   -0.5995923205E+01
  9  10    0.6571552633E-14
 10   1   -0.1433507454E-01
 10   2   -0.1251165549E-03
 10   3   -0.2116190191E-03
 10   4    0.7798024862E-01
 10   5   -0.6614811718E-03
 10   6    0.4714331829E-15
 10   7    0.3833339058E-15
 10   8   -0.1362489356E-16
 10   9    0.6571552633E-14
 10  10   -0.7405372345E+01
