  1   1   -0.3260048338E+02
  1   2    0.2938228624E-05
  1   3    0.1860195538E-02
  1   4   -0.6188003819E+00
  1   5   -0.1579245333E-02
  1   6   -0.3598456732E-15
  1   7    0.1237803899E-15
  1   8    0.2222182075E-15
  1   9    0.5761647185E-15
  1  10    0.1592305919E-01
  2   1    0.2938228624E-05
  2   2   -0.2532687294E+02
  2   3    0.4778502843E+00
  2   4    0.1476060338E-02
  2   5   -0.1302257111E-01
  2   6   -0.9466284900E-18
  2   7   -0.1045635484E-17
  2   8   -0.9195246377E-17
  2   9   -0.2273494243E-17
  2  10    0.2702813366E-03
  3   1    0.1860195538E-02
  3   2    0.4778502843E+00
  3   3   -0.6425736634E+01
  3   4    0.4773337153E-02
  3   5   -0.1206599207E+00
  3   6   -0.1093266909E-16
  3   7   -0.1005630834E-16
  3   8   -0.9371489969E-16
  3   9   -0.1834012711E-16
  3  10    0.3090606525E-03
  4   1   -0.6188003819E+00
  4   2    0.1476060338E-02
  4   3    0.4773337153E-02
  4   4   -0.7939645201E+01
  4   5   -0.4945873230E-02
  4   6   -0.3010078886E-15
  4   7   -0.6642081591E-16
  4   8   -0.2063645450E-14
  4   9   -0.1868758203E-14
  4  10   -0.8723720650E-01
  5   1   -0.1579245333E-02
  5   2   -0.1302257111E-01
  5   3   -0.1206599207E+00
  5   4   -0.4945873230E-02
  5   5   -0.6070618810E+01
  5   6   -0.2146316807E-15
  5   7    0.2540654978E-15
  5   8   -0.1621899409E-14
  5   9   -0.4159154482E-15
  5  10    0.1206701326E-02
  6   1   -0.3598456732E-15
  6   2   -0.9466284900E-18
  6   3   -0.1093266909E-16
  6   4   -0.3010078886E-15
  6   5   -0.2146316807E-15
  6   6   -0.7431405678E+01
  6   7   -0.1110223025E-14
  6   8    0.1313953278E+00
  6   9    0.3360210856E-01
  6  10    0.2372066183E-15
  7   1    0.1237803899E-15
  7   2   -0.1045635484E-17
  7   3   -0.1005630834E-16
  7   4   -0.6642081591E-16
  7   5    0.2540654978E-15
  7   6   -0.1221245327E-14
  7   7   -0.7431405678E+01
  7   8    0.3360210856E-01
  7   9   -0.1313953278E+00
  7  10   -0.4971777617E-15
  8   1    0.2222182075E-15
  8   2   -0.9195246377E-17
  8   3   -0.9371489969E-16
  8   4   -0.2063645450E-14
  8   5   -0.1621899409E-14
  8   6    0.1313953278E+00
  8   7    0.3360210856E-01
  8   8   -0.6056948335E+01
  8   9   -0.9697104231E-15
  8  10   -0.7600428463E-15
  9   1    0.5761647185E-15
  9   2   -0.2273494243E-17
  9   3   -0.1834012711E-16
  9   4   -0.1868758203E-14
  9   5   -0.4159154482E-15
  9   6    0.3360210856E-01
  9   7   -0.1313953278E+00
  9   8   -0.9731798700E-15
  9   9   -0.6056948335E+01
  9  10   -0.9382611992E-15
 10   1    0.1592305919E-01
 10   2    0.2702813366E-03
 10   3    0.3090606525E-03
 10   4   -0.8723720650E-01
 10   5    0.1206701326E-02
 10   6    0.2372066183E-15
 10   7   -0.4971777617E-15
 10   8   -0.7600428463E-15
 10   9   -0.9382611992E-15
 10  10   -0.7460925754E+01
