  1   1   -0.3253381172E+02
  1   2    0.3903620032E-05
  1   3    0.1019533334E-02
  1   4    0.6189343933E+00
  1   5   -0.6639031492E-03
  1   6   -0.5067672000E-16
  1   7    0.1957678763E-15
  1   8    0.1303884157E-14
  1   9   -0.1065741532E-14
  1  10    0.1397386737E-01
  2   1    0.3903620032E-05
  2   2   -0.2525068668E+02
  2   3    0.4777800673E+00
  2   4   -0.7727958234E-03
  2   5   -0.1122791804E-01
  2   6   -0.1226912454E-17
  2   7   -0.2947630789E-18
  2   8   -0.9709827448E-17
  2   9   -0.3822493027E-17
  2  10    0.1027853813E-03
  3   1    0.1019533334E-02
  3   2    0.4777800673E+00
  3   3   -0.6349289007E+01
  3   4   -0.2564674088E-02
  3   5   -0.1052070843E+00
  3   6   -0.1174862784E-16
  3   7   -0.3537089695E-17
  3   8   -0.9378887370E-16
  3   9   -0.4113594039E-16
  3  10    0.1913898630E-03
  4   1    0.6189343933E+00
  4   2   -0.7727958234E-03
  4   3   -0.2564674088E-02
  4   4   -0.7872563223E+01
  4   5    0.2115693849E-02
  4   6   -0.1465029813E-15
  4   7   -0.1126142500E-15
  4   8   -0.2195047982E-14
  4   9    0.9632427097E-15
  4  10    0.7589759986E-01
  5   1   -0.6639031492E-03
  5   2   -0.1122791804E-01
  5   3   -0.1052070843E+00
  5   4    0.2115693849E-02
  5   5   -0.5991210616E+01
  5   6    0.1713320360E-15
  5   7   -0.2434168367E-15
  5   8    0.1361919409E-14
  5   9   -0.2668997618E-14
  5  10    0.5641163563E-03
  6   1   -0.5067672000E-16
  6   2   -0.1226912454E-17
  6   3   -0.1174862784E-16
  6   4   -0.1465029813E-15
  6   5    0.1713320360E-15
  6   6   -0.7366668583E+01
  6   7    0.8881784197E-15
  6   8    0.1319485308E+00
  6   9    0.2033293606E-04
  6  10    0.1451533069E-15
  7   1    0.1957678763E-15
  7   2   -0.2947630789E-18
  7   3   -0.3537089695E-17
  7   4   -0.1126142500E-15
  7   5   -0.2434168367E-15
  7   6    0.8881784197E-15
  7   7   -0.7366668583E+01
  7   8   -0.2033293606E-04
  7   9    0.1319485307E+00
  7  10    0.5177804357E-15
  8   1    0.1303884157E-14
  8   2   -0.9709827448E-17
  8   3   -0.9378887370E-16
  8   4   -0.2195047982E-14
  8   5    0.1361919409E-14
  8   6    0.1319485308E+00
  8   7   -0.2033293606E-04
  8   8   -0.5981686644E+01
  8   9    0.1106753578E-14
  8  10    0.1711681322E-14
  9   1   -0.1065741532E-14
  9   2   -0.3822493027E-17
  9   3   -0.4113594039E-16
  9   4    0.9632427097E-15
  9   5   -0.2668997618E-14
  9   6    0.2033293606E-04
  9   7    0.1319485307E+00
  9   8    0.1051242426E-14
  9   9   -0.5981686644E+01
  9  10    0.4752881036E-14
 10   1    0.1397386737E-01
 10   2    0.1027853813E-03
 10   3    0.1913898630E-03
 10   4    0.7589759986E-01
 10   5    0.5641163563E-03
 10   6    0.1451533069E-15
 10   7    0.5177804357E-15
 10   8    0.1711681322E-14
 10   9    0.4752881036E-14
 10  10   -0.7392431954E+01
