  1   1   -0.3248655162E+02
  1   2    0.3749915066E-05
  1   3    0.6977487830E-03
  1   4    0.6190080084E+00
  1   5    0.3285773369E-03
  1   6    0.3702257175E-16
  1   7    0.1370522931E-15
  1   8   -0.1152616449E-14
  1   9    0.1327635807E-14
  1  10    0.1265405374E-01
  2   1    0.3749915066E-05
  2   2   -0.2519668055E+02
  2   3    0.4777407266E+00
  2   4   -0.5124709161E-03
  2   5    0.1005213974E-01
  2   6    0.1050767633E-17
  2   7    0.1537618962E-18
  2   8    0.3286284030E-17
  2   9    0.8873511549E-17
  2  10    0.4647118351E-04
  3   1    0.6977487830E-03
  3   2    0.4777407266E+00
  3   3   -0.6295147571E+01
  3   4   -0.1725314332E-02
  3   5    0.9487785128E-01
  3   6    0.1046666766E-16
  3   7    0.1635366955E-17
  3   8    0.3241697921E-16
  3   9    0.8895907527E-16
  3  10    0.1266657073E-03
  4   1    0.6190080084E+00
  4   2   -0.5124709161E-03
  4   3   -0.1725314332E-02
  4   4   -0.7825046448E+01
  4   5   -0.1077121675E-02
  4   6    0.2574982525E-15
  4   7   -0.2269317693E-15
  4   8    0.3472123348E-14
  4   9    0.1134714398E-14
  4  10    0.6835190013E-01
  5   1    0.3285773369E-03
  5   2    0.1005213974E-01
  5   3    0.9487785128E-01
  5   4   -0.1077121675E-02
  5   5   -0.5935163549E+01
  5   6    0.2178082867E-16
  5   7   -0.1297340663E-16
  5   8   -0.5220674065E-16
  5   9   -0.1854660529E-15
  5  10   -0.2865872087E-03
  6   1    0.3702257175E-16
  6   2    0.1050767633E-17
  6   3    0.1046666766E-16
  6   4    0.2574982525E-15
  6   5    0.2178082867E-16
  6   6   -0.7320547381E+01
  6   7    0.6043466037E-30
  6   8    0.5504690468E-01
  6   9    0.1177654013E+00
  6  10   -0.6285571226E-15
  7   1    0.1370522931E-15
  7   2    0.1537618962E-18
  7   3    0.1635366955E-17
  7   4   -0.2269317693E-15
  7   5   -0.1297340663E-16
  7   6    0.4440892099E-15
  7   7   -0.7320547381E+01
  7   8   -0.1177654013E+00
  7   9    0.5504690468E-01
  7  10    0.5396001133E-15
  8   1   -0.1152616449E-14
  8   2    0.3286284030E-17
  8   3    0.3241697921E-16
  8   4    0.3472123348E-14
  8   5   -0.5220674065E-16
  8   6    0.5504690468E-01
  8   7   -0.1177654013E+00
  8   8   -0.5928336140E+01
  8   9   -0.3642919300E-16
  8  10   -0.8093071658E-14
  9   1    0.1327635807E-14
  9   2    0.8873511549E-17
  9   3    0.8895907527E-16
  9   4    0.1134714398E-14
  9   5   -0.1854660529E-15
  9   6    0.1177654013E+00
  9   7    0.5504690468E-01
  9   8   -0.7112366252E-16
  9   9   -0.5928336140E+01
  9  10   -0.4371522606E-14
 10   1    0.1265405374E-01
 10   2    0.4647118351E-04
 10   3    0.1266657073E-03
 10   4    0.6835190013E-01
 10   5   -0.2865872087E-03
 10   6   -0.6285571226E-15
 10   7    0.5396001133E-15
 10   8   -0.8093071658E-14
 10   9   -0.4371522606E-14
 10  10   -0.7344017629E+01
