  1   1   -0.3240506967E+02
  1   2    0.2954401591E-05
  1   3    0.4105399385E-03
  1   4    0.6191089746E+00
  1   5   -0.9278724251E-04
  1   6   -0.4587626978E-16
  1   7   -0.3347939908E-15
  1   8   -0.5053970544E-15
  1   9   -0.7339792396E-14
  1  10    0.1051047505E-01
  2   1    0.2954401591E-05
  2   2   -0.2510356572E+02
  2   3    0.4776855262E+00
  2   4   -0.2907522982E-03
  2   5   -0.8201084273E-02
  2   6    0.2208593581E-18
  2   7    0.7296965323E-18
  2   8    0.4329693035E-17
  2   9    0.4675153160E-17
  2  10    0.1041490314E-04
  3   1    0.4105399385E-03
  3   2    0.4776855262E+00
  3   3   -0.6201866754E+01
  3   4   -0.9935257471E-03
  3   5   -0.7830202612E-01
  3   6    0.2472052301E-17
  3   7    0.7156864210E-17
  3   8    0.4378156970E-16
  3   9    0.4542118624E-16
  3  10    0.5817725110E-04
  4   1    0.6191089746E+00
  4   2   -0.2907522982E-03
  4   3   -0.9935257471E-03
  4   4   -0.7743197100E+01
  4   5    0.3357698221E-03
  4   6    0.1794615238E-15
  4   7   -0.1430784287E-15
  4   8    0.1181111992E-14
  4   9   -0.2726556292E-14
  4  10    0.5628964228E-01
  5   1   -0.9278724251E-04
  5   2   -0.8201084273E-02
  5   3   -0.7830202612E-01
  5   4    0.3357698221E-03
  5   5   -0.5838978070E+01
  5   6    0.6178466730E-16
  5   7   -0.1373706169E-15
  5   8   -0.9489879434E-15
  5   9   -0.7249083472E-15
  5  10    0.6052827302E-04
  6   1   -0.4587626978E-16
  6   2    0.2208593581E-18
  6   3    0.2472052301E-17
  6   4    0.1794615238E-15
  6   5    0.6178466730E-16
  6   6   -0.7240696779E+01
  6   7    0.8881784197E-15
  6   8    0.1073443405E+00
  6   9   -0.6864677888E-01
  6  10    0.9069439261E-16
  7   1   -0.3347939908E-15
  7   2    0.7296965323E-18
  7   3    0.7156864210E-17
  7   4   -0.1430784287E-15
  7   5   -0.1373706169E-15
  7   6   -0.8406925055E-31
  7   7   -0.7240696779E+01
  7   8    0.6864677888E-01
  7   9    0.1073443405E+00
  7  10    0.5693397168E-15
  8   1   -0.5053970544E-15
  8   2    0.4329693035E-17
  8   3    0.4378156970E-16
  8   4    0.1181111992E-14
  8   5   -0.9489879434E-15
  8   6    0.1073443405E+00
  8   7    0.6864677888E-01
  8   8   -0.5836263010E+01
  8   9    0.2052611553E-14
  8  10    0.3898187815E-14
  9   1   -0.7339792396E-14
  9   2    0.4675153160E-17
  9   3    0.4542118624E-16
  9   4   -0.2726556292E-14
  9   5   -0.7249083472E-15
  9   6   -0.6864677888E-01
  9   7    0.1073443405E+00
  9   8    0.2071693511E-14
  9   9   -0.5836263010E+01
  9  10    0.3576505531E-14
 10   1    0.1051047505E-01
 10   2    0.1041490314E-04
 10   3    0.5817725110E-04
 10   4    0.5628964228E-01
 10   5    0.6052827302E-04
 10   6    0.9069439261E-16
 10   7    0.5693397168E-15
 10   8    0.3898187815E-14
 10   9    0.3576505531E-14
 10  10   -0.7260796268E+01
