  1   1   -0.3239592615E+02
  1   2    0.2855995193E-05
  1   3    0.3899272548E-03
  1   4   -0.6191188160E+00
  1   5    0.8154163974E-04
  1   6    0.5513577292E-15
  1   7    0.1571119176E-15
  1   8   -0.2708364267E-14
  1   9   -0.5971818196E-14
  1  10   -0.1028082770E-01
  2   1    0.2855995193E-05
  2   2   -0.2509311671E+02
  2   3    0.4776800077E+00
  2   4    0.2754840810E-03
  2   5    0.8006755526E-02
  2   6   -0.3987142313E-18
  2   7   -0.1597631546E-18
  2   8    0.7859885677E-19
  2   9    0.2911874999E-17
  2  10   -0.8863182734E-05
  3   1    0.3899272548E-03
  3   2    0.4776800077E+00
  3   3   -0.6191403296E+01
  3   4    0.9424372961E-03
  3   5    0.7653987703E-01
  3   6   -0.3339307979E-17
  3   7   -0.2069560514E-17
  3   8   -0.5368755913E-17
  3   9    0.2470429537E-16
  3  10   -0.5340136567E-04
  4   1   -0.6191188160E+00
  4   2    0.2754840810E-03
  4   3    0.9424372961E-03
  4   4   -0.7734018124E+01
  4   5    0.2990724301E-03
  4   6   -0.2372547361E-15
  4   7    0.1375344126E-16
  4   8    0.6238854391E-15
  4   9    0.2461469332E-14
  4  10    0.5501046303E-01
  5   1    0.8154163974E-04
  5   2    0.8006755526E-02
  5   3    0.7653987703E-01
  5   4    0.2990724301E-03
  5   5   -0.5828218577E+01
  5   6   -0.3854573336E-15
  5   7    0.2706578370E-15
  5   8    0.3788613152E-14
  5   9    0.2526415885E-14
  5  10    0.4895979124E-04
  6   1    0.5513577292E-15
  6   2   -0.3987142313E-18
  6   3   -0.3339307979E-17
  6   4   -0.2372547361E-15
  6   5   -0.3854573336E-15
  6   6   -0.7231714926E+01
  6   7    0.1332267630E-14
  6   8   -0.5277372358E-01
  6   9   -0.1157036998E+00
  6  10    0.5002834805E-15
  7   1    0.1571119176E-15
  7   2   -0.1597631546E-18
  7   3   -0.2069560514E-17
  7   4    0.1375344126E-16
  7   5    0.2706578370E-15
  7   6    0.8881784197E-15
  7   7   -0.7231714926E+01
  7   8    0.1157036998E+00
  7   9   -0.5277372358E-01
  7  10   -0.4869766125E-16
  8   1   -0.2708364267E-14
  8   2    0.7859885677E-19
  8   3   -0.5368755913E-17
  8   4    0.6238854391E-15
  8   5    0.3788613152E-14
  8   6   -0.5277372358E-01
  8   7    0.1157036998E+00
  8   8   -0.5825920793E+01
  8   9    0.1342675970E-14
  8  10   -0.3060468218E-14
  9   1   -0.5971818196E-14
  9   2    0.2911874999E-17
  9   3    0.2470429537E-16
  9   4    0.2461469332E-14
  9   5    0.2526415885E-14
  9   6   -0.1157036998E+00
  9   7   -0.5277372358E-01
  9   8    0.1485790657E-14
  9   9   -0.5825920793E+01
  9  10   -0.4484560799E-14
 10   1   -0.1028082770E-01
 10   2   -0.8863182734E-05
 10   3   -0.5340136567E-04
 10   4    0.5501046303E-01
 10   5    0.4895979124E-04
 10   6    0.5002834805E-15
 10   7   -0.4869766125E-16
 10   8   -0.3060468218E-14
 10   9   -0.4484560799E-14
 10  10   -0.7251476481E+01
