  1   1   -0.3241442583E+02
  1   2    0.3055351496E-05
  1   3    0.4333173207E-03
  1   4    0.6190986371E+00
  1   5   -0.1064378650E-03
  1   6    0.1897169473E-14
  1   7   -0.9707189839E-15
  1   8    0.5308039660E-14
  1   9   -0.1688910787E-14
  1  10    0.1074778356E-01
  2   1    0.3055351496E-05
  2   2   -0.2511425772E+02
  2   3    0.4776912885E+00
  2   4   -0.3077427622E-03
  2   5   -0.8402678571E-02
  2   6   -0.1978332664E-18
  2   7   -0.3810977877E-19
  2   8   -0.1006902554E-17
  2   9    0.1880571820E-18
  2  10    0.1233612227E-04
  3   1    0.4333173207E-03
  3   2    0.4776912885E+00
  3   3   -0.6212574311E+01
  3   4   -0.1050275590E-02
  3   5   -0.8012565193E-01
  3   6   -0.1932387229E-17
  3   7   -0.2643027199E-18
  3   8   -0.9589076672E-17
  3   9   -0.2957841427E-18
  3  10    0.6357586490E-04
  4   1    0.6190986371E+00
  4   2   -0.3077427622E-03
  4   3   -0.1050275590E-02
  4   4   -0.7752590717E+01
  4   5    0.3798772053E-03
  4   6   -0.7315593947E-16
  4   7   -0.4003220660E-17
  4   8    0.8079327506E-15
  4   9    0.2143137707E-15
  4  10    0.5761406868E-01
  5   1   -0.1064378650E-03
  5   2   -0.8402678571E-02
  5   3   -0.8012565193E-01
  5   4    0.3798772053E-03
  5   5   -0.5849994751E+01
  5   6    0.9847860125E-16
  5   7    0.5122535471E-16
  5   8    0.3018777267E-15
  5   9   -0.1303608174E-14
  5  10    0.7455808561E-04
  6   1    0.1897169473E-14
  6   2   -0.1978332664E-18
  6   3   -0.1932387229E-17
  6   4   -0.7315593947E-16
  6   5    0.9847860125E-16
  6   6   -0.7249883464E+01
  6   7    0.1998401444E-14
  6   8    0.1245217846E+00
  6   9   -0.2820889184E-01
  6  10    0.6391559349E-16
  7   1   -0.9707189839E-15
  7   2   -0.3810977877E-19
  7   3   -0.2643027199E-18
  7   4   -0.4003220660E-17
  7   5    0.5122535471E-16
  7   6    0.1887379142E-14
  7   7   -0.7249883464E+01
  7   8   -0.2820889184E-01
  7   9   -0.1245217846E+00
  7  10   -0.2970384775E-15
  8   1    0.5308039660E-14
  8   2   -0.1006902554E-17
  8   3   -0.9589076672E-17
  8   4    0.8079327506E-15
  8   5    0.3018777267E-15
  8   6    0.1245217846E+00
  8   7   -0.2820889184E-01
  8   8   -0.5846843406E+01
  8   9    0.8101158633E-14
  8  10    0.4629761418E-15
  9   1   -0.1688910787E-14
  9   2    0.1880571820E-18
  9   3   -0.2957841427E-18
  9   4    0.2143137707E-15
  9   5   -0.1303608174E-14
  9   6   -0.2820889184E-01
  9   7   -0.1245217846E+00
  9   8    0.7837480664E-14
  9   9   -0.5846843406E+01
  9  10    0.1931635994E-14
 10   1    0.1074778356E-01
 10   2    0.1233612227E-04
 10   3    0.6357586490E-04
 10   4    0.5761406868E-01
 10   5    0.7455808561E-04
 10   6    0.6391559349E-16
 10   7   -0.2970384775E-15
 10   8    0.4629761418E-15
 10   9    0.1931635994E-14
 10  10   -0.7270336660E+01
