  1   1   -0.3245413261E+02
  1   2    0.3469989508E-05
  1   3    0.5550000949E-03
  1   4    0.6190514092E+00
  1   5    0.1972149800E-03
  1   6    0.3162255364E-16
  1   7    0.2316704213E-15
  1   8    0.1604917989E-14
  1   9    0.1031249340E-14
  1  10    0.1178062638E-01
  2   1    0.3469989508E-05
  2   2   -0.2515963344E+02
  2   3    0.4777172507E+00
  2   4   -0.4004450661E-03
  2   5    0.9289577861E-02
  2   6    0.3595328048E-18
  2   7    0.2824643243E-19
  2   8    0.3028015286E-17
  2   9   -0.5075805884E-18
  2  10    0.2578725265E-04
  3   1    0.5550000949E-03
  3   2    0.4777172507E+00
  3   3   -0.6258025593E+01
  3   4   -0.1357913003E-02
  3   5    0.8809527396E-01
  3   6    0.3646231949E-17
  3   7    0.4843324072E-18
  3   8    0.3268227597E-16
  3   9   -0.6056307746E-17
  3  10    0.9319165009E-04
  4   1    0.6190514092E+00
  4   2   -0.4004450661E-03
  4   3   -0.1357913003E-02
  4   4   -0.7792469947E+01
  4   5   -0.6673915289E-03
  4   6    0.1921996635E-15
  4   7    0.1810423421E-17
  4   8    0.3167387243E-14
  4   9   -0.1227598350E-14
  4  10    0.6340960964E-01
  5   1    0.1972149800E-03
  5   2    0.9289577861E-02
  5   3    0.8809527396E-01
  5   4   -0.6673915289E-03
  5   5   -0.5896828216E+01
  5   6    0.1581663667E-18
  5   7   -0.1294875009E-15
  5   8   -0.5004912992E-15
  5   9   -0.1978726352E-15
  5  10   -0.1650079293E-03
  6   1    0.3162255364E-16
  6   2    0.3595328048E-18
  6   3    0.3646231949E-17
  6   4    0.1921996635E-15
  6   5    0.1581663667E-18
  6   6   -0.7288821833E+01
  6   7    0.8881784197E-15
  6   8    0.1264359887E+00
  6   9   -0.2495179636E-01
  6  10   -0.1018594359E-14
  7   1    0.2316704213E-15
  7   2    0.2824643243E-19
  7   3    0.4843324072E-18
  7   4    0.1810423421E-17
  7   5   -0.1294875009E-15
  7   6    0.1332267630E-14
  7   7   -0.7288821833E+01
  7   8    0.2495179636E-01
  7   9    0.1264359887E+00
  7  10   -0.7653770808E-16
  8   1    0.1604917989E-14
  8   2    0.3028015286E-17
  8   3    0.3268227597E-16
  8   4    0.3167387243E-14
  8   5   -0.5004912992E-15
  8   6    0.1264359887E+00
  8   7    0.2495179636E-01
  8   8   -0.5891720972E+01
  8   9    0.2175343239E-14
  8  10   -0.1089156701E-13
  9   1    0.1031249340E-14
  9   2   -0.5075805884E-18
  9   3   -0.6056307746E-17
  9   4   -0.1227598350E-14
  9   5   -0.1978726352E-15
  9   6   -0.2495179636E-01
  9   7    0.1264359887E+00
  9   8    0.1883909695E-14
  9   9   -0.5891720972E+01
  9  10    0.1416881859E-14
 10   1    0.1178062638E-01
 10   2    0.2578725265E-04
 10   3    0.9319165009E-04
 10   4    0.6340960964E-01
 10   5   -0.1650079293E-03
 10   6   -0.1018594359E-14
 10   7   -0.7653770808E-16
 10   8   -0.1089156701E-13
 10   9    0.1416881859E-14
 10  10   -0.7310869552E+01
