  1   1   -0.3247547510E+02
  1   2    0.3664353709E-05
  1   3    0.6433701606E-03
  1   4   -0.6190233967E+00
  1   5    0.2763780175E-03
  1   6   -0.1386931372E-16
  1   7   -0.4902749697E-15
  1   8   -0.2025036422E-14
  1   9    0.3657407029E-14
  1  10    0.1235264356E-01
  2   1    0.3664353709E-05
  2   2   -0.2518402280E+02
  2   3    0.4777324330E+00
  2   4    0.4694566744E-03
  2   5    0.9787644012E-02
  2   6    0.7875969444E-18
  2   7   -0.4460591302E-18
  2   8    0.1869599710E-17
  2   9    0.5078510615E-17
  2  10    0.3812406324E-04
  3   1    0.6433701606E-03
  3   2    0.4777324330E+00
  3   3   -0.6282462772E+01
  3   4    0.1584770373E-02
  3   5    0.9253265680E-01
  3   6    0.6512386863E-17
  3   7   -0.4674724507E-17
  3   8    0.7557180098E-17
  3   9    0.4497402462E-16
  3  10    0.1142243526E-03
  4   1   -0.6190233967E+00
  4   2    0.4694566744E-03
  4   3    0.1584770373E-02
  4   4   -0.7813914411E+01
  4   5    0.9147350238E-03
  4   6   -0.4985786125E-15
  4   7    0.3531485071E-16
  4   8   -0.2707260704E-14
  4   9   -0.1770087408E-14
  4  10   -0.6664194677E-01
  5   1    0.2763780175E-03
  5   2    0.9787644012E-02
  5   3    0.9253265680E-01
  5   4    0.9147350238E-03
  5   5   -0.5922055587E+01
  5   6    0.7715086494E-15
  5   7    0.1083538800E-15
  5   8    0.5829504033E-14
  5   9    0.2415884895E-14
  5  10   -0.2394325116E-03
  6   1   -0.1386931372E-16
  6   2    0.7875969444E-18
  6   3    0.6512386863E-17
  6   4   -0.4985786125E-15
  6   5    0.7715086494E-15
  6   6   -0.7309715101E+01
  6   7    0.1336104362E-30
  6   8    0.1146475030E+00
  6   9    0.6042313935E-01
  6  10   -0.3752994240E-15
  7   1   -0.4902749697E-15
  7   2   -0.4460591302E-18
  7   3   -0.4674724507E-17
  7   4    0.3531485071E-16
  7   5    0.1083538800E-15
  7   6    0.4440892099E-15
  7   7   -0.7309715101E+01
  7   8    0.6042313935E-01
  7   9   -0.1146475030E+00
  7  10    0.3912602938E-15
  8   1   -0.2025036422E-14
  8   2    0.1869599710E-17
  8   3    0.7557180098E-17
  8   4   -0.2707260704E-14
  8   5    0.5829504033E-14
  8   6    0.1146475030E+00
  8   7    0.6042313935E-01
  8   8   -0.5915828125E+01
  8   9   -0.1112174589E-14
  8  10   -0.3046908716E-14
  9   1    0.3657407029E-14
  9   2    0.5078510615E-17
  9   3    0.4497402462E-16
  9   4   -0.1770087408E-14
  9   5    0.2415884895E-14
  9   6    0.6042313935E-01
  9   7   -0.1146475030E+00
  9   8   -0.1135159675E-14
  9   9   -0.5915828125E+01
  9  10   -0.3941111191E-14
 10   1    0.1235264356E-01
 10   2    0.3812406324E-04
 10   3    0.1142243526E-03
 10   4   -0.6664194677E-01
 10   5   -0.2394325116E-03
 10   6   -0.3752994240E-15
 10   7    0.3912602938E-15
 10   8   -0.3046908716E-14
 10   9   -0.3941111191E-14
 10  10   -0.7332686386E+01
