  1   1   -0.3238698811E+02
  1   2    0.2760497572E-05
  1   3    0.3711635154E-03
  1   4   -0.6191282020E+00
  1   5    0.7226461802E-04
  1   6    0.3509620149E-16
  1   7    0.1025053083E-14
  1   8   -0.1874008604E-14
  1   9   -0.6855113824E-15
  1  10    0.1005852204E-01
  2   1    0.2760497572E-05
  2   2   -0.2508290250E+02
  2   3    0.4776747127E+00
  2   4    0.2616748548E-03
  2   5    0.7819341988E-02
  2   6    0.4058510562E-18
  2   7   -0.2266237820E-18
  2   8    0.2894700386E-17
  2   9    0.1874395192E-17
  2  10    0.7609065611E-05
  3   1    0.3711635154E-03
  3   2    0.4776747127E+00
  3   3   -0.6181175653E+01
  3   4    0.8961598976E-03
  3   5    0.7483647727E-01
  3   6    0.3560073610E-17
  3   7   -0.2511031125E-17
  3   8    0.2443267982E-16
  3   9    0.1871799637E-16
  3  10    0.4917130468E-04
  4   1   -0.6191282020E+00
  4   2    0.2616748548E-03
  4   3    0.8961598976E-03
  4   4   -0.7725046499E+01
  4   5    0.2684565703E-03
  4   6    0.1577235434E-15
  4   7    0.5613211328E-15
  4   8    0.1472521602E-15
  4   9   -0.6506851051E-15
  4  10   -0.5377448764E-01
  5   1    0.7226461802E-04
  5   2    0.7819341988E-02
  5   3    0.7483647727E-01
  5   4    0.2684565703E-03
  5   5   -0.5817707323E+01
  5   6    0.3115458712E-15
  5   7   -0.7882019558E-16
  5   8    0.3285131712E-14
  5   9    0.5600248899E-15
  5  10   -0.3946707584E-04
  6   1    0.3509620149E-16
  6   2    0.4058510562E-18
  6   3    0.3560073610E-17
  6   4    0.1577235434E-15
  6   5    0.3115458712E-15
  6   6   -0.7222931246E+01
  6   7   -0.3203261614E-31
  6   8    0.1264067830E+00
  6   9   -0.1158086146E-01
  6  10   -0.2573000564E-15
  7   1    0.1025053083E-14
  7   2   -0.2266237820E-18
  7   3   -0.2511031125E-17
  7   4    0.5613211328E-15
  7   5   -0.7882019558E-16
  7   6    0.2220446049E-15
  7   7   -0.7222931246E+01
  7   8   -0.1158086146E-01
  7   9   -0.1264067830E+00
  7  10   -0.3922823736E-15
  8   1   -0.1874008604E-14
  8   2    0.2894700386E-17
  8   3    0.2443267982E-16
  8   4    0.1472521602E-15
  8   5    0.3285131712E-14
  8   6    0.1264067830E+00
  8   7   -0.1158086146E-01
  8   8   -0.5815808755E+01
  8   9   -0.3751339517E-15
  8  10   -0.1508906743E-14
  9   1   -0.6855113824E-15
  9   2    0.1874395192E-17
  9   3    0.1871799637E-16
  9   4   -0.6506851051E-15
  9   5    0.5600248899E-15
  9   6   -0.1158086146E-01
  9   7   -0.1264067830E+00
  9   8   -0.2589074788E-15
  9   9   -0.5815808755E+01
  9  10    0.1999438448E-14
 10   1    0.1005852204E-01
 10   2    0.7609065611E-05
 10   3    0.4917130468E-04
 10   4   -0.5377448764E-01
 10   5   -0.3946707584E-04
 10   6   -0.2573000564E-15
 10   7   -0.3922823736E-15
 10   8   -0.1508906743E-14
 10   9    0.1999438448E-14
 10  10   -0.7242369705E+01
