  1   1   -0.3243380650E+02
  1   2    0.3262495275E-05
  1   3    0.4869726079E-03
  1   4   -0.6190763064E+00
  1   5   -0.1431533556E-03
  1   6   -0.1900294368E-15
  1   7    0.4439981449E-15
  1   8    0.7665256057E-15
  1   9   -0.3805601787E-14
  1  10    0.1124674710E-01
  2   1    0.3262495275E-05
  2   2   -0.2513640541E+02
  2   3    0.4777036306E+00
  2   4    0.3482390963E-03
  2   5   -0.8829184326E-02
  2   6    0.7222624683E-18
  2   7    0.2522472984E-18
  2   8   -0.2401472618E-17
  2   9   -0.1452745732E-17
  2  10    0.1765817607E-04
  3   1    0.4869726079E-03
  3   2    0.4777036306E+00
  3   3   -0.6234756862E+01
  3   4    0.1185085179E-02
  3   5   -0.8396904903E-01
  3   6    0.6969135673E-17
  3   7    0.2510891230E-17
  3   8   -0.2489216630E-16
  3   9   -0.1668354181E-16
  3  10    0.7658672806E-04
  4   1   -0.6190763064E+00
  4   2    0.3482390963E-03
  4   3    0.1185085179E-02
  4   4   -0.7772052786E+01
  4   5   -0.4970248345E-03
  4   6    0.1663605153E-15
  4   7    0.1391841037E-15
  4   8    0.6393495507E-16
  4   9   -0.1565283034E-14
  4  10   -0.6040745949E-01
  5   1   -0.1431533556E-03
  5   2   -0.8829184326E-02
  5   3   -0.8396904903E-01
  5   4   -0.4970248345E-03
  5   5   -0.5872837686E+01
  5   6   -0.1852194195E-15
  5   7    0.1178651391E-16
  5   8   -0.5017388643E-16
  5   9   -0.1773995180E-14
  5  10    0.1118223490E-03
  6   1   -0.1900294368E-15
  6   2    0.7222624683E-18
  6   3    0.6969135673E-17
  6   4    0.1663605153E-15
  6   5   -0.1852194195E-15
  6   6   -0.7268899380E+01
  6   7    0.1287858709E-13
  6   8   -0.1282406972E+00
  6   9    0.4719451841E-04
  6  10    0.2801728620E-15
  7   1    0.4439981449E-15
  7   2    0.2522472984E-18
  7   3    0.2510891230E-17
  7   4    0.1391841037E-15
  7   5    0.1178651391E-16
  7   6    0.1332267630E-13
  7   7   -0.7268899380E+01
  7   8   -0.4719451841E-04
  7   9   -0.1282406970E+00
  7  10   -0.9771784109E-16
  8   1    0.7665256057E-15
  8   2   -0.2401472618E-17
  8   3   -0.2489216630E-16
  8   4    0.6393495507E-16
  8   5   -0.5017388643E-16
  8   6   -0.1282406972E+00
  8   7   -0.4719451841E-04
  8   8   -0.5868752709E+01
  8   9    0.7271960811E-14
  8  10   -0.3695682961E-14
  9   1   -0.3805601787E-14
  9   2   -0.1452745732E-17
  9   3   -0.1668354181E-16
  9   4   -0.1565283034E-14
  9   5   -0.1773995180E-14
  9   6    0.4719451841E-04
  9   7   -0.1282406970E+00
  9   8    0.6744604875E-14
  9   9   -0.5868752709E+01
  9  10    0.1213840658E-14
 10   1    0.1124674710E-01
 10   2    0.1765817607E-04
 10   3    0.7658672806E-04
 10   4   -0.6040745949E-01
 10   5    0.1118223490E-03
 10   6    0.2801728620E-15
 10   7   -0.9771784109E-16
 10   8   -0.3695682961E-14
 10   9    0.1213840658E-14
 10  10   -0.7290111507E+01
