  1   1   -0.3244384710E+02
  1   2    0.3366865130E-05
  1   3    0.5188684048E-03
  1   4    0.6190642082E+00
  1   5    0.1675910391E-03
  1   6   -0.5019202013E-15
  1   7    0.3626447610E-16
  1   8    0.4229057194E-14
  1   9    0.4320104593E-14
  1  10    0.1150912866E-01
  2   1    0.3366865130E-05
  2   2   -0.2514787950E+02
  2   3    0.4777102649E+00
  2   4   -0.3726051203E-03
  2   5    0.9054920792E-02
  2   6   -0.4200233665E-18
  2   7   -0.2924155165E-18
  2   8    0.3174439870E-17
  2   9    0.1092765296E-17
  2  10    0.2129648669E-04
  3   1    0.5188684048E-03
  3   2    0.4777102649E+00
  3   3   -0.6246250503E+01
  3   4   -0.1265883458E-02
  3   5    0.8599511565E-01
  3   6   -0.4224551009E-17
  3   7   -0.2106727657E-17
  3   8    0.2955386725E-16
  3   9    0.7157626708E-17
  3  10    0.8438897787E-04
  4   1    0.6190642082E+00
  4   2   -0.3726051203E-03
  4   3   -0.1265883458E-02
  4   4   -0.7782137630E+01
  4   5   -0.5742562087E-03
  4   6   -0.3935511682E-15
  4   7   -0.5461485648E-16
  4   8    0.2981717465E-14
  4   9    0.6955295139E-15
  4  10    0.6188116224E-01
  5   1    0.1675910391E-03
  5   2    0.9054920792E-02
  5   3    0.8599511565E-01
  5   4   -0.5742562087E-03
  5   5   -0.5884684133E+01
  5   6   -0.4743293173E-16
  5   7   -0.4669509148E-15
  5   8    0.1259274094E-14
  5   9    0.2259555629E-14
  5  10   -0.1361187926E-03
  6   1   -0.5019202013E-15
  6   2   -0.4200233665E-18
  6   3   -0.4224551009E-17
  6   4   -0.3935511682E-15
  6   5   -0.4743293173E-16
  6   6   -0.7278743397E+01
  6   7    0.1776356839E-14
  6   8   -0.1285479179E+00
  6   9    0.1533611646E-04
  6  10    0.6630651697E-15
  7   1    0.3626447610E-16
  7   2   -0.2924155165E-18
  7   3   -0.2106727657E-17
  7   4   -0.5461485648E-16
  7   5   -0.4669509148E-15
  7   6    0.8881784197E-15
  7   7   -0.7278743397E+01
  7   8   -0.1533611644E-04
  7   9   -0.1285479176E+00
  7  10   -0.2478344433E-15
  8   1    0.4229057194E-14
  8   2    0.3174439870E-17
  8   3    0.2955386725E-16
  8   4    0.2981717465E-14
  8   5    0.1259274094E-14
  8   6   -0.1285479179E+00
  8   7   -0.1533611644E-04
  8   8   -0.5880099667E+01
  8   9    0.1078304113E-13
  8  10   -0.5050415244E-14
  9   1    0.4320104593E-14
  9   2    0.1092765296E-17
  9   3    0.7157626708E-17
  9   4    0.6955295139E-15
  9   5    0.2259555629E-14
  9   6    0.1533611646E-04
  9   7   -0.1285479176E+00
  9   8    0.9672818102E-14
  9   9   -0.5880099667E+01
  9  10   -0.1220182141E-14
 10   1    0.1150912866E-01
 10   2    0.2129648669E-04
 10   3    0.8438897787E-04
 10   4    0.6188116224E-01
 10   5   -0.1361187926E-03
 10   6    0.6630651697E-15
 10   7   -0.2478344433E-15
 10   8   -0.5050415244E-14
 10   9   -0.1220182141E-14
 10  10   -0.7300363081E+01
