  1   1   -0.3236133986E+02
  1   2    0.2493277395E-05
  1   3    0.3235696088E-03
  1   4   -0.6191539192E+00
  1   5    0.5293243166E-04
  1   6    0.1085475027E-14
  1   7   -0.1908914729E-15
  1   8   -0.8313034839E-14
  1   9    0.3210038392E-15
  1  10   -0.9432692231E-02
  2   1    0.2493277395E-05
  2   2   -0.2505359214E+02
  2   3    0.4776600248E+00
  2   4    0.2270198113E-03
  2   5    0.7295399386E-02
  2   6   -0.1965540805E-18
  2   7   -0.9215510280E-19
  2   8   -0.5496552333E-18
  2   9   -0.1674490608E-17
  2  10   -0.5100182015E-05
  3   1    0.3235696088E-03
  3   2    0.4776600248E+00
  3   3   -0.6151830249E+01
  3   4    0.7797493351E-03
  3   5    0.7005367839E-01
  3   6   -0.1549458268E-17
  3   7   -0.9889518227E-18
  3   8   -0.8266489776E-17
  3   9   -0.1734631318E-16
  3  10   -0.3910179434E-04
  4   1   -0.6191539192E+00
  4   2    0.2270198113E-03
  4   3    0.7797493351E-03
  4   4   -0.7699307617E+01
  4   5    0.2030228777E-03
  4   6    0.2884847871E-15
  4   7   -0.3711752266E-15
  4   8   -0.5609745484E-14
  4   9   -0.1249245324E-14
  4  10    0.5030702481E-01
  5   1    0.5293243166E-04
  5   2    0.7295399386E-02
  5   3    0.7005367839E-01
  5   4    0.2030228777E-03
  5   5   -0.5787579525E+01
  5   6   -0.4403476928E-15
  5   7    0.1287831955E-15
  5   8    0.3774401035E-14
  5   9    0.3633962601E-15
  5  10    0.2031655283E-04
  6   1    0.1085475027E-14
  6   2   -0.1965540805E-18
  6   3   -0.1549458268E-17
  6   4    0.2884847871E-15
  6   5   -0.4403476928E-15
  6   6   -0.7197706658E+01
  6   7    0.3552713679E-14
  6   8   -0.9331374151E-01
  6   9    0.8510557197E-01
  6  10    0.1698529207E-15
  7   1   -0.1908914729E-15
  7   2   -0.9215510280E-19
  7   3   -0.9889518227E-18
  7   4   -0.3711752266E-15
  7   5    0.1287831955E-15
  7   6    0.3996802889E-14
  7   7   -0.7197706658E+01
  7   8    0.8510557197E-01
  7   9    0.9331374151E-01
  7  10    0.7339135325E-15
  8   1   -0.8313034839E-14
  8   2   -0.5496552333E-18
  8   3   -0.8266489776E-17
  8   4   -0.5609745484E-14
  8   5    0.3774401035E-14
  8   6   -0.9331374151E-01
  8   7    0.8510557197E-01
  8   8   -0.5786779075E+01
  8   9   -0.3293806200E-15
  8  10    0.3835077605E-14
  9   1    0.3210038392E-15
  9   2   -0.1674490608E-17
  9   3   -0.1734631318E-16
  9   4   -0.1249245324E-14
  9   5    0.3633962601E-15
  9   6    0.8510557197E-01
  9   7    0.9331374151E-01
  9   8   -0.3126839065E-15
  9   9   -0.5786779075E+01
  9  10    0.6112632354E-14
 10   1   -0.9432692231E-02
 10   2   -0.5100182015E-05
 10   3   -0.3910179434E-04
 10   4    0.5030702481E-01
 10   5    0.2031655283E-04
 10   6    0.1698529207E-15
 10   7    0.7339135325E-15
 10   8    0.3835077605E-14
 10   9    0.6112632354E-14
 10  10   -0.7216256555E+01
