  1   1   -0.3235315818E+02
  1   2    0.2410819606E-05
  1   3    0.3099993645E-03
  1   4   -0.6191617673E+00
  1   5    0.4849426119E-04
  1   6    0.2320680021E-15
  1   7    0.2748697260E-15
  1   8   -0.4266791656E-14
  1   9    0.5770253524E-14
  1  10   -0.9236862424E-02
  2   1    0.2410819606E-05
  2   2   -0.2504424223E+02
  2   3    0.4776554836E+00
  2   4    0.2172302962E-03
  2   5    0.7132546505E-02
  2   6    0.8709148446E-19
  2   7   -0.2230518184E-18
  2   8    0.3040521330E-18
  2   9   -0.1750430288E-17
  2  10   -0.4552161167E-05
  3   1    0.3099993645E-03
  3   2    0.4776554836E+00
  3   3   -0.6142470184E+01
  3   4    0.7467980280E-03
  3   5    0.6856084251E-01
  3   6    0.5376473724E-18
  3   7   -0.2067575581E-17
  3   8    0.5731379055E-17
  3   9   -0.1589478903E-16
  3  10   -0.3643718922E-04
  4   1   -0.6191617673E+00
  4   2    0.2172302962E-03
  4   3    0.7467980280E-03
  4   4   -0.7691098761E+01
  4   5    0.1875008554E-03
  4   6    0.4003587634E-16
  4   7   -0.1791562437E-15
  4   8   -0.1454994805E-15
  4   9   -0.1728939800E-14
  4  10    0.4922561140E-01
  5   1    0.4849426119E-04
  5   2    0.7132546505E-02
  5   3    0.6856084251E-01
  5   4    0.1875008554E-03
  5   5   -0.5777979617E+01
  5   6    0.1952511897E-15
  5   7   -0.1006193677E-15
  5   8   -0.1324760911E-14
  5   9   -0.9501020655E-15
  5  10    0.1621114998E-04
  6   1    0.2320680021E-15
  6   2    0.8709148446E-19
  6   3    0.5376473724E-18
  6   4    0.4003587634E-16
  6   5    0.1952511897E-15
  6   6   -0.7189654339E+01
  6   7    0.6661338148E-14
  6   8   -0.1260995969E+00
  6   9   -0.8429464338E-07
  6  10   -0.1402957101E-15
  7   1    0.2748697260E-15
  7   2   -0.2230518184E-18
  7   3   -0.2067575581E-17
  7   4   -0.1791562437E-15
  7   5   -0.1006193677E-15
  7   6    0.6661338148E-14
  7   7   -0.7189654339E+01
  7   8   -0.8429467394E-07
  7   9    0.1260995967E+00
  7  10   -0.1611912619E-16
  8   1   -0.4266791656E-14
  8   2    0.3040521330E-18
  8   3    0.5731379055E-17
  8   4   -0.1454994805E-15
  8   5   -0.1324760911E-14
  8   6   -0.1260995969E+00
  8   7   -0.8429467396E-07
  8   8   -0.5777514745E+01
  8   9    0.6963180033E-14
  8  10    0.1092935776E-14
  9   1    0.5770253524E-14
  9   2   -0.1750430288E-17
  9   3   -0.1589478903E-16
  9   4   -0.1728939800E-14
  9   5   -0.9501020655E-15
  9   6   -0.8429464335E-07
  9   7    0.1260995967E+00
  9   8    0.7310124728E-14
  9   9   -0.5777514745E+01
  9  10   -0.1438918398E-15
 10   1   -0.9236862424E-02
 10   2   -0.4552161167E-05
 10   3   -0.3643718922E-04
 10   4    0.4922561140E-01
 10   5    0.1621114998E-04
 10   6   -0.1402957101E-15
 10   7   -0.1611912619E-16
 10   8    0.1092935776E-14
 10   9   -0.1438918398E-15
 10  10   -0.7207932497E+01
