  1   1   -0.3232963586E+02
  1   2    0.2182736390E-05
  1   3    0.2744024663E-03
  1   4    0.6191834525E+00
  1   5   -0.3885858707E-04
  1   6    0.4459210828E-15
  1   7    0.4844274303E-15
  1   8    0.1163260024E-14
  1   9    0.5870125822E-14
  1  10    0.8684230388E-02
  2   1    0.2182736390E-05
  2   2   -0.2501736121E+02
  2   3    0.4776427881E+00
  2   4   -0.1917177315E-03
  2   5   -0.6675749174E-02
  2   6   -0.2221847922E-18
  2   7    0.3515022872E-18
  2   8    0.2612743613E-17
  2   9    0.5699542973E-18
  2  10    0.3417470772E-05
  3   1    0.2744024663E-03
  3   2    0.4776427881E+00
  3   3   -0.6115562486E+01
  3   4   -0.6607855421E-03
  3   5   -0.6435757516E-01
  3   6   -0.2403617831E-17
  3   7    0.3053649637E-17
  3   8    0.2316603356E-16
  3   9    0.1734687170E-17
  3  10    0.2993433996E-04
  4   1    0.6191834525E+00
  4   2   -0.1917177315E-03
  4   3   -0.6607855421E-03
  4   4   -0.7667502845E+01
  4   5    0.1526787749E-03
  4   6   -0.2326622430E-15
  4   7   -0.3997888449E-16
  4   8    0.8127269978E-15
  4   9   -0.1433368933E-14
  4  10    0.4618297240E-01
  5   1   -0.3885858707E-04
  5   2   -0.6675749174E-02
  5   3   -0.6435757516E-01
  5   4    0.1526787749E-03
  5   5   -0.5750408290E+01
  5   6    0.4743937399E-17
  5   7   -0.3815687565E-15
  5   8   -0.3177426446E-14
  5   9   -0.2322916494E-14
  5  10    0.8201193182E-05
  6   1    0.4459210828E-15
  6   2   -0.2221847922E-18
  6   3   -0.2403617831E-17
  6   4   -0.2326622430E-15
  6   5    0.4743937399E-17
  6   6   -0.7166489072E+01
  6   7   -0.3996802889E-14
  6   8   -0.8933319386E-01
  6   9    0.8823317661E-01
  6  10   -0.1095189655E-15
  7   1    0.4844274303E-15
  7   2    0.3515022872E-18
  7   3    0.3053649637E-17
  7   4   -0.3997888449E-16
  7   5   -0.3815687565E-15
  7   6   -0.4440892099E-14
  7   7   -0.7166489072E+01
  7   8    0.8823317661E-01
  7   9    0.8933319386E-01
  7  10   -0.1726852473E-15
  8   1    0.1163260024E-14
  8   2    0.2612743613E-17
  8   3    0.2316603356E-16
  8   4    0.8127269978E-15
  8   5   -0.3177426446E-14
  8   6   -0.8933319386E-01
  8   7    0.8823317661E-01
  8   8   -0.5750869078E+01
  8   9   -0.6264520153E-15
  8  10   -0.2491188507E-15
  9   1    0.5870125822E-14
  9   2    0.5699542973E-18
  9   3    0.1734687170E-17
  9   4   -0.1433368933E-14
  9   5   -0.2322916494E-14
  9   6    0.8823317661E-01
  9   7    0.8933319386E-01
  9   8   -0.6136584296E-15
  9   9   -0.5750869078E+01
  9  10   -0.1668845445E-14
 10   1    0.8684230388E-02
 10   2    0.3417470772E-05
 10   3    0.2993433996E-04
 10   4    0.4618297240E-01
 10   5    0.8201193182E-05
 10   6   -0.1095189655E-15
 10   7   -0.1726852473E-15
 10   8   -0.2491188507E-15
 10   9   -0.1668845445E-14
 10  10   -0.7184016518E+01
