  1   1   -0.3236970137E+02
  1   2    0.2579048653E-05
  1   3    0.3381826072E-03
  1   4   -0.6191457239E+00
  1   5    0.5823212274E-04
  1   6   -0.5477451697E-15
  1   7   -0.3115063033E-15
  1   8    0.9389379245E-14
  1   9   -0.3423725053E-14
  1  10   -0.9634735829E-02
  2   1    0.2579048653E-05
  2   2   -0.2506314754E+02
  2   3    0.4776647373E+00
  2   4    0.2376053181E-03
  2   5    0.7463964140E-02
  2   6   -0.1481910137E-18
  2   7   -0.5843227294E-18
  2   8    0.3490673406E-17
  2   9   -0.2365484807E-17
  2  10   -0.5770525948E-05
  3   1    0.3381826072E-03
  3   2    0.4776647373E+00
  3   3   -0.6161396522E+01
  3   4    0.8153472719E-03
  3   5    0.7159575162E-01
  3   6   -0.1135664681E-17
  3   7   -0.5664448745E-17
  3   8    0.2910422087E-16
  3   9   -0.2278113364E-16
  3  10   -0.4207955692E-04
  4   1   -0.6191457239E+00
  4   2    0.2376053181E-03
  4   3    0.8153472719E-03
  4   4   -0.7707697755E+01
  4   5    0.2212592624E-03
  4   6   -0.7198081641E-15
  4   7    0.8628913848E-16
  4   8    0.3500264271E-14
  4   9   -0.2695505305E-14
  4  10    0.5142454056E-01
  5   1    0.5823212274E-04
  5   2    0.7463964140E-02
  5   3    0.7159575162E-01
  5   4    0.2212592624E-03
  5   5   -0.5797395763E+01
  5   6    0.6431540625E-16
  5   7   -0.3330888816E-15
  5   8    0.3168564350E-14
  5   9   -0.6388433303E-15
  5  10    0.2541411792E-04
  6   1   -0.5477451697E-15
  6   2   -0.1481910137E-18
  6   3   -0.1135664681E-17
  6   4   -0.7198081641E-15
  6   5    0.6431540625E-16
  6   6   -0.7205933120E+01
  6   7    0.1332267630E-13
  6   8   -0.1264990077E+00
  6   9   -0.5161268825E-05
  6  10    0.7327723879E-16
  7   1   -0.3115063033E-15
  7   2   -0.5843227294E-18
  7   3   -0.5664448745E-17
  7   4    0.8628913848E-16
  7   5   -0.3330888816E-15
  7   6    0.1287858709E-13
  7   7   -0.7205933120E+01
  7   8   -0.5161268904E-05
  7   9    0.1264990075E+00
  7  10    0.3479979868E-15
  8   1    0.9389379245E-14
  8   2    0.3490673406E-17
  8   3    0.2910422087E-16
  8   4    0.3500264271E-14
  8   5    0.3168564350E-14
  8   6   -0.1264990077E+00
  8   7   -0.5161268904E-05
  8   8   -0.5796245021E+01
  8   9    0.1412064909E-14
  8  10   -0.3343062053E-16
  9   1   -0.3423725053E-14
  9   2   -0.2365484807E-17
  9   3   -0.2278113364E-16
  9   4   -0.2695505305E-14
  9   5   -0.6388433303E-15
  9   6   -0.5161268825E-05
  9   7    0.1264990075E+00
  9   8    0.1040834086E-14
  9   9   -0.5796245021E+01
  9  10    0.3320556683E-14
 10   1   -0.9634735829E-02
 10   2   -0.5770525948E-05
 10   3   -0.4207955692E-04
 10   4    0.5142454056E-01
 10   5    0.2541411792E-04
 10   6    0.7327723879E-16
 10   7    0.3479979868E-15
 10   8   -0.3343062053E-16
 10   9    0.3320556683E-14
 10  10   -0.7224766511E+01
