  1   1   -0.3234515057E+02
  1   2    0.2331630967E-05
  1   3    0.2973479376E-03
  1   4   -0.6191692971E+00
  1   5    0.4475374868E-04
  1   6    0.6350214307E-13
  1   7    0.2387101104E-12
  1   8   -0.1464384013E-13
  1   9   -0.2233669044E-14
  1  10   -0.9046997752E-02
  2   1    0.2331630967E-05
  2   2   -0.2503509124E+02
  2   3    0.4776511045E+00
  2   4    0.2081366634E-03
  2   5    0.6975147037E-02
  2   6   -0.5575358421E-17
  2   7   -0.2158750080E-16
  2   8   -0.2107817482E-14
  2   9   -0.7895860991E-15
  2  10   -0.4101599437E-05
  3   1    0.2973479376E-03
  3   2    0.4776511045E+00
  3   3   -0.6133309713E+01
  3   4    0.7161631144E-03
  3   5    0.6711517269E-01
  3   6    0.2836128784E-15
  3   7    0.1061332716E-14
  3   8    0.2310878560E-14
  3   9    0.8789905922E-15
  3  10   -0.3404418314E-04
  4   1   -0.6191692971E+00
  4   2    0.2081366634E-03
  4   3    0.7161631144E-03
  4   4   -0.7683065360E+01
  4   5    0.1741941386E-03
  4   6   -0.2286272764E-12
  4   7   -0.8612949871E-12
  4   8    0.1054759016E-12
  4   9    0.4176933971E-13
  4  10    0.4817875892E-01
  5   1    0.4475374868E-04
  5   2    0.6975147037E-02
  5   3    0.6711517269E-01
  5   4    0.1741941386E-03
  5   5   -0.5768588927E+01
  5   6   -0.1347537433E-15
  5   7   -0.6366657409E-15
  5   8   -0.4097159176E-16
  5   9    0.5380030164E-15
  5  10    0.1291935693E-04
  6   1    0.6350214307E-13
  6   2   -0.5575358421E-17
  6   3    0.2836128784E-15
  6   4   -0.2286272764E-12
  6   5   -0.1347537433E-15
  6   6   -0.7181770728E+01
  6   7   -0.1110223717E-14
  6   8   -0.1246573674E-01
  6   9    0.1252938976E+00
  6  10    0.3333058124E-13
  7   1    0.2387101104E-12
  7   2   -0.2158750080E-16
  7   3    0.1061332716E-14
  7   4   -0.8612949871E-12
  7   5   -0.6366657409E-15
  7   6   -0.6661345071E-15
  7   7   -0.7181770728E+01
  7   8    0.1252938976E+00
  7   9    0.1246573674E-01
  7  10    0.1259958667E-12
  8   1   -0.1464384013E-13
  8   2   -0.2107817482E-14
  8   3    0.2310878560E-14
  8   4    0.1054759016E-12
  8   5   -0.4097159176E-16
  8   6   -0.1246573674E-01
  8   7    0.1252938976E+00
  8   8   -0.5768445671E+01
  8   9    0.2766883937E-14
  8  10   -0.9700673804E-14
  9   1   -0.2233669044E-14
  9   2   -0.7895860991E-15
  9   3    0.8789905922E-15
  9   4    0.4176933971E-13
  9   5    0.5380030164E-15
  9   6    0.1252938976E+00
  9   7    0.1246573674E-01
  9   8    0.2947295179E-14
  9   9   -0.5768445671E+01
  9  10   -0.4175140234E-14
 10   1   -0.9046997752E-02
 10   2   -0.4101599437E-05
 10   3   -0.3404418314E-04
 10   4    0.4817875892E-01
 10   5    0.1291935693E-04
 10   6    0.3333058124E-13
 10   7    0.1259958667E-12
 10   8   -0.9700673804E-14
 10   9   -0.4175140234E-14
 10  10   -0.7199788289E+01
