HCORE:-24.9841 -6.08204 -5.71639 -7.14864 -7.15488 -32.3004 -7.63782  -5.7069  -5.7069 -7.14864
HCORE2:-32.3004 -24.9841 -7.63782 -7.15488 -7.14864 -7.14864 -6.08204 -5.71639  -5.7069  -5.7069
Lodwin Orthonormalized
TOTAL ENERGY: -123.347938076024	 lambda: -5	 population of target: 4.00000000000075
1RDM: 
                    2  6.34789712114987e-13 -4.41147978267713e-16 -1.65628010371125e-15  1.72100667415601e-21 -4.30261734715294e-22 -8.43082968834677e-11 -2.63332319080104e-09  4.27919163934733e-22  3.15301339421523e-20
 6.34789712114987e-13      1.99997463063551  8.56368393573838e-11  3.13494750654543e-10 -3.39150343768954e-14  8.47875932575882e-15   0.00166138994248069  3.01789537338727e-05  1.93189852113414e-17 -1.15790124987864e-16
-4.41147978267713e-16  8.56368393573838e-11      1.99999999999995 -2.05870393972366e-13  2.23121221701417e-19 -5.57815335932751e-20 -1.09302046059569e-08 -3.27185396028567e-07 -1.01922476391512e-20  2.83287275145675e-18
-1.65628010371125e-15  3.13494750654543e-10 -2.05870393972366e-13      1.99999999999923  8.26660588928768e-19 -4.20103650136397e-19 -4.04962455256149e-08 -1.22855446850705e-06 -6.41827288336631e-19  1.00124387886539e-11
 1.72100667415601e-21 -3.39150343768954e-14  2.23121221701417e-19  8.26660588928768e-19                     2  1.36252463005736e-23  2.33275083759579e-12  6.61197913401349e-13 -4.18118123303721e-08 -1.64758956613454e-16
-4.30261734715294e-22  8.47875932575882e-15 -5.57815335932751e-20 -4.20103650136397e-19  1.36252463005736e-23                     2 -5.83187886660618e-13 -1.65306463162895e-13 -8.40799533462754e-17  4.18218245764972e-08
-8.43082968834677e-11   0.00166138994248069 -1.09302046059569e-08 -4.04962455256149e-08  2.33275083759579e-12 -5.83187886660618e-13      1.88572591789418    -0.032391210469273  5.92346194554938e-18  1.65305566857013e-13
-2.63332319080104e-09  3.01789537338727e-05 -3.27185396028567e-07 -1.22855446850705e-06  6.61197913401349e-13 -1.65306463162895e-13    -0.032391210469273    0.0381188298500897 -8.48319726179936e-20 -1.51656821080359e-16
 4.27919163934733e-22  1.93189852113414e-17 -1.01922476391512e-20 -6.41827288336631e-19 -4.18118123303721e-08 -8.40799533462754e-17  5.92346194554938e-18 -8.48319726179936e-20    0.0380903108105305  2.33425745115243e-18
 3.15301339421523e-20 -1.15790124987864e-16  2.83287275145675e-18  1.00124387886539e-11 -1.64758956613454e-16  4.18218245764972e-08  1.65305566857013e-13 -1.51656821080359e-16  2.33425745115243e-18     0.038090310810529
First eigenvector coefficient: 0.970810689365051
TOTAL ENERGY: -123.347938076024	 lambda: -4.95	 population of target: 4.00000000000077
1RDM: 
                    2  6.39394180999529e-13 -4.51376395485187e-16 -1.70319414680732e-15   1.7343073055368e-21 -4.33587013002334e-22 -8.49598519201332e-11  -2.6550029950598e-09  4.09021597418435e-22  3.31174672090332e-20
 6.39394180999529e-13       1.9999746306355  8.67455781603777e-11  3.18635041881727e-10 -3.39150342935262e-14   8.4787592984642e-15   0.00166138994248122  3.01789537337224e-05   1.9504358644195e-17 -1.15422500954937e-16
-4.51376395485187e-16  8.67455781603777e-11      1.99999999999994  -2.1308860176933e-13  2.26207703145066e-19 -5.65531744860282e-20 -1.10814027897328e-08 -3.32042347399475e-07 -1.07624332598349e-20  2.95258705002783e-18
-1.70319414680732e-15  3.18635041881727e-10  -2.1308860176933e-13      1.99999999999919  8.41599579448418e-19 -4.28107156041635e-19 -4.12280678631263e-08 -1.25306300010655e-06 -6.54707496595605e-19  1.00124386899551e-11
  1.7343073055368e-21 -3.39150342935262e-14  2.26207703145066e-19  8.41599579448418e-19                     2  1.36733238971568e-23  2.33275083528577e-12  6.61198129288529e-13 -4.26482474229663e-08 -1.66043564912533e-16
-4.33587013002334e-22   8.4787592984642e-15 -5.65531744860282e-20 -4.28107156041635e-19  1.36733238971568e-23                     2 -5.83187885656801e-13 -1.65306513646691e-13 -8.47355146279125e-17  4.26582596676032e-08
-8.49598519201332e-11   0.00166138994248122 -1.10814027897328e-08 -4.12280678631263e-08  2.33275083528577e-12 -5.83187885656801e-13      1.88572591789415   -0.0323912104692948  5.90053994600465e-18  1.65305704503614e-13
 -2.6550029950598e-09  3.01789537337224e-05 -3.32042347399475e-07 -1.25306300010655e-06  6.61198129288529e-13 -1.65306513646691e-13   -0.0323912104692948    0.0381188298501342 -8.48378100187294e-20 -1.51783915168413e-16
 4.09021597418435e-22   1.9504358644195e-17 -1.07624332598349e-20 -6.54707496595605e-19 -4.26482474229663e-08 -8.47355146279125e-17  5.90053994600465e-18 -8.48378100187294e-20     0.038090310810535  2.28677671157564e-18
 3.31174672090332e-20 -1.15422500954937e-16  2.95258705002783e-18  1.00124386899551e-11 -1.66043564912533e-16  4.26582596676032e-08  1.65305704503614e-13 -1.51783915168413e-16  2.28677671157564e-18    0.0380903108105346
First eigenvector coefficient: 0.970810689365027
TOTAL ENERGY: -123.347938076024	 lambda: -4.9	 population of target: 4.00000000000081
1RDM: 
                    2  6.44101739478901e-13 -4.62012123470602e-16 -1.75239875698835e-15  1.74793689018286e-21 -4.36994536212311e-22 -8.56275202570035e-11   -2.677266580927e-09  3.88402880868042e-22  3.48332618361301e-20
 6.44101739478901e-13       1.9999746306355  8.78836097620298e-11  3.23947797827955e-10 -3.39150341975102e-14  8.47875926779764e-15   0.00166138994248051  3.01789537336372e-05  1.96897320765067e-17 -1.15054876311317e-16
-4.62012123470602e-16  8.78836097620298e-11      1.99999999999994 -2.20695554673938e-13  2.29381111227467e-19 -5.73465478827341e-20 -1.12368591193847e-08  -3.3704464981989e-07 -1.13719503756772e-20  3.08198005646357e-18
-1.75239875698835e-15  3.23947797827955e-10 -2.20695554673938e-13      1.99999999999916  8.57095276316184e-19  -4.3642405993123e-19 -4.19871612535786e-08  -1.2785695457564e-06  -6.6811687105531e-19  1.00124385634733e-11
 1.74793689018286e-21 -3.39150341975102e-14  2.29381111227467e-19  8.57095276316184e-19                     2  1.37239331808412e-23  2.33275083239963e-12  6.61198363411763e-13  -4.3518820193279e-08 -1.67380584244174e-16
-4.36994536212311e-22  8.47875926779764e-15 -5.73465478827341e-20  -4.3642405993123e-19  1.37239331808412e-23                     2 -5.83187884494946e-13 -1.65306568539583e-13 -8.54178222547359e-17  4.35288324363432e-08
-8.56275202570035e-11   0.00166138994248051 -1.12368591193847e-08 -4.19871612535786e-08  2.33275083239963e-12 -5.83187884494946e-13      1.88572591789418    -0.032391210469298  5.87692109146185e-18  1.65305841904395e-13
  -2.677266580927e-09  3.01789537336372e-05  -3.3704464981989e-07  -1.2785695457564e-06  6.61198363411763e-13 -1.65306568539583e-13    -0.032391210469298    0.0381188298501496 -8.48436488628503e-20 -1.51916105528507e-16
 3.88402880868042e-22  1.96897320765067e-17 -1.13719503756772e-20  -6.6811687105531e-19  -4.3518820193279e-08 -8.54178222547359e-17  5.87692109146185e-18 -8.48436488628503e-20    0.0380903108105319  2.23929597442929e-18
 3.48332618361301e-20 -1.15054876311317e-16  3.08198005646357e-18  1.00124385634733e-11 -1.67380584244174e-16  4.35288324363432e-08  1.65305841904395e-13 -1.51916105528507e-16  2.23929597442929e-18    0.0380903108105306
First eigenvector coefficient: 0.970810689365018
TOTAL ENERGY: -123.347938076024	 lambda: -4.85	 population of target: 4.00000000000084
1RDM: 
                    2  6.48916295973786e-13 -4.73078363494376e-16 -1.80405464102243e-15  1.76190941819997e-21 -4.40487802422573e-22 -8.63119870922047e-11 -2.70014087392312e-09  3.66224517441836e-22  3.66853801552975e-20
 6.48916295973786e-13       1.9999746306355  8.90521217040705e-11  3.29441905096852e-10 -3.39150340875825e-14  8.47875923343212e-15   0.00166138994248092  3.01789537334908e-05  1.98751055082241e-17  -1.1468725081845e-16
-4.73078363494376e-16  8.90521217040705e-11      1.99999999999994 -2.28719852661627e-13  2.32645179710624e-19 -5.81625872853361e-20 -1.13967564809847e-08 -3.42198860280227e-07  -1.2020134145408e-20   3.2218805182175e-18
-1.80405464102243e-15  3.29441905096852e-10 -2.28719852661627e-13      1.99999999999913  8.73179777926075e-19 -4.45073273763384e-19 -4.27750980288171e-08 -1.30513634569136e-06 -6.82088572844741e-19  1.00124384063504e-11
 1.76190941819997e-21 -3.39150340875825e-14  2.32645179710624e-19  8.73179777926075e-19                     2  1.37772686847139e-23  2.33275082887597e-12  6.61198617407974e-13 -4.44256639707083e-08 -1.68773288901157e-16
-4.40487802422573e-22  8.47875923343212e-15 -5.81625872853361e-20 -4.45073273763384e-19  1.37772686847139e-23                     2 -5.83187883158971e-13  -1.6530662824055e-13 -8.61285471572206e-17  4.44356762121109e-08
-8.63119870922047e-11   0.00166138994248092 -1.13967564809847e-08 -4.27750980288171e-08  2.33275082887597e-12 -5.83187883158971e-13      1.88572591789418   -0.0323912104693122  5.85256183415552e-18  1.65305978990595e-13
-2.70014087392312e-09  3.01789537334908e-05 -3.42198860280227e-07 -1.30513634569136e-06  6.61198617407974e-13  -1.6530662824055e-13   -0.0323912104693122    0.0381188298501872 -8.48494892357168e-20  -1.5205370757704e-16
 3.66224517441836e-22  1.98751055082241e-17  -1.2020134145408e-20 -6.82088572844741e-19 -4.44256639707083e-08 -8.61285471572206e-17  5.85256183415552e-18 -8.48494892357168e-20    0.0380903108105344  2.19181523994214e-18
 3.66853801552975e-20  -1.1468725081845e-16   3.2218805182175e-18  1.00124384063504e-11 -1.68773288901157e-16  4.44356762121109e-08  1.65305978990595e-13  -1.5205370757704e-16  2.19181523994214e-18      0.03809031081053
First eigenvector coefficient: 0.970810689364998
TOTAL ENERGY: -123.347938076025	 lambda: -4.8	 population of target: 4.00000000000089
1RDM: 
                    2  6.53841961349066e-13 -4.84600037010468e-16  -1.8583373142377e-15  1.77623970701412e-21 -4.44070516635303e-22 -8.70139781026438e-11 -2.72365451581748e-09  3.42332316868233e-22  3.86838031542706e-20
 6.53841961349066e-13      1.99997463063551  9.02523675204671e-11  3.35126876398268e-10  -3.3915033962808e-14  8.47875919512188e-15    0.0016613899424805   3.0178953733524e-05  2.00604789393472e-17 -1.14319624010605e-16
-4.84600037010468e-16  9.02523675204671e-11      1.99999999999994 -2.37192791624776e-13  2.36003859412457e-19 -5.90022804713075e-20 -1.15612883866447e-08 -3.47511930167775e-07 -1.27113455588987e-20  3.37342062996844e-18
 -1.8583373142377e-15  3.35126876398268e-10 -2.37192791624776e-13      1.99999999999909  8.89887728769791e-19 -4.54075272369164e-19 -4.35935752185669e-08 -1.33283092610929e-06 -6.96659352150474e-19  1.00124382139166e-11
 1.77623970701412e-21  -3.3915033962808e-14  2.36003859412457e-19  8.89887728769791e-19                     2  1.38335446510403e-23  2.33275082468791e-12  6.61198893557292e-13  -4.5371093606873e-08 -1.70225231693562e-16
-4.44070516635303e-22  8.47875919512188e-15 -5.90022804713075e-20 -4.54075272369164e-19  1.38335446510403e-23                     2 -5.83187881641338e-13 -1.65306693308092e-13 -8.68695023979196e-17   4.5381105846515e-08
-8.70139781026438e-11    0.0016613899424805 -1.15612883866447e-08 -4.35935752185669e-08  2.33275082468791e-12 -5.83187881641338e-13      1.88572591789417   -0.0323912104693216  5.82741491903327e-18  1.65306115630132e-13
-2.72365451581748e-09   3.0178953733524e-05 -3.47511930167775e-07 -1.33283092610929e-06  6.61198893557292e-13 -1.65306693308092e-13   -0.0323912104693216    0.0381188298502292 -8.48553312777344e-20 -1.52197060994251e-16
 3.42332316868233e-22  2.00604789393472e-17 -1.27113455588987e-20 -6.96659352150474e-19  -4.5371093606873e-08 -8.68695023979196e-17  5.82741491903327e-18 -8.48553312777344e-20    0.0380903108105348  2.14433450792434e-18
 3.86838031542706e-20 -1.14319624010605e-16  3.37342062996844e-18  1.00124382139166e-11 -1.70225231693562e-16   4.5381105846515e-08  1.65306115630132e-13 -1.52197060994251e-16  2.14433450792434e-18    0.0380903108105322
First eigenvector coefficient: 0.970810689364978
TOTAL ENERGY: -123.347938076025	 lambda: -4.75	 population of target: 4.00000000000093
1RDM: 
                    2  6.58883059300269e-13 -4.96603943575835e-16 -1.91543880638104e-15   1.7909434605704e-21 -4.47746605765526e-22 -8.77342623967331e-11 -2.74783800907153e-09   3.1654438526635e-22  4.08482084933284e-20
 6.58883059300269e-13      1.99997463063551  9.14856714876759e-11  3.41012907172323e-10 -3.39150338215024e-14   8.4787591524324e-15   0.00166138994248026  3.01789537334871e-05  2.02458523697285e-17 -1.13951996306379e-16
-4.96603943575835e-16  9.14856714876759e-11      1.99999999999994  -2.4614867608712e-13   2.3946133400312e-19 -5.98666734415724e-20 -1.17306597549126e-08 -3.52991234667439e-07 -1.34485142327754e-20  3.53793368260698e-18
-1.91543880638104e-15  3.41012907172323e-10  -2.4614867608712e-13      1.99999999999905  9.07256579217236e-19 -4.63452259062081e-19 -4.44444273007802e-08 -1.36172667255151e-06 -7.11868498044886e-19  1.00124379795618e-11
  1.7909434605704e-21 -3.39150338215024e-14   2.3946133400312e-19  9.07256579217236e-19                     2  1.38929975224979e-23  2.33275081975272e-12  6.61199193998657e-13 -4.63576252018031e-08 -1.71740274208928e-16
-4.47746605765526e-22   8.4787591524324e-15 -5.98666734415724e-20 -4.63452259062081e-19  1.38929975224979e-23                     2 -5.83187879920452e-13 -1.65306764264562e-13 -8.76426586137407e-17  4.63676374395756e-08
-8.77342623967331e-11   0.00166138994248026 -1.17306597549126e-08 -4.44444273007802e-08  2.33275081975272e-12 -5.83187879920452e-13      1.88572591789421   -0.0323912104693374  5.80142898720213e-18  1.65306251925483e-13
-2.74783800907153e-09  3.01789537334871e-05 -3.52991234667439e-07 -1.36172667255151e-06  6.61199193998657e-13 -1.65306764264562e-13   -0.0323912104693374    0.0381188298502536 -8.48611753224254e-20 -1.52346545825472e-16
  3.1654438526635e-22  2.02458523697285e-17 -1.34485142327754e-20 -7.11868498044886e-19 -4.63576252018031e-08 -8.76426586137407e-17  5.80142898720213e-18 -8.48611753224254e-20     0.038090310810525  2.09685377895362e-18
 4.08482084933284e-20 -1.13951996306379e-16  3.53793368260698e-18  1.00124379795618e-11 -1.71740274208928e-16  4.63676374395756e-08  1.65306251925483e-13 -1.52346545825472e-16  2.09685377895362e-18    0.0380903108105245
First eigenvector coefficient: 0.970810689364966
TOTAL ENERGY: -123.347938076025	 lambda: -4.7	 population of target: 4.00000000000097
1RDM: 
                    2  6.64044141496106e-13 -5.09118934776614e-16 -1.97556960034203e-15   1.8060373394357e-21 -4.51520235885657e-22 -8.84736559102474e-11 -2.77272386895795e-09  2.88760928632691e-22  4.31950916606568e-20
 6.64044141496106e-13       1.9999746306355  9.27534338037283e-11  3.47110938580771e-10 -3.39150336620523e-14  8.47875910494605e-15   0.00166138994247993  3.01789537332145e-05  2.04312257992741e-17 -1.13584367645256e-16
-5.09118934776614e-16  9.27534338037283e-11      1.99999999999993 -2.55625175408217e-13  2.43022037454348e-19  -6.0756874781188e-20  -1.1905087760604e-08 -3.58644604749704e-07 -1.42345240415797e-20  3.71684288962978e-18
-1.97556960034203e-15  3.47110938580771e-10 -2.55625175408217e-13      1.99999999999901  9.25326879297546e-19 -4.73228353263592e-19 -4.53296405735602e-08 -1.39190347991071e-06 -7.27759109459704e-19  1.00124376966256e-11
  1.8060373394357e-21 -3.39150336620523e-14  2.43022037454348e-19  9.25326879297546e-19                     2  1.39558888158235e-23  2.33275081400209e-12  6.61199521262876e-13  -4.7387998469268e-08  -1.7332262114017e-16
-4.51520235885657e-22  8.47875910494605e-15  -6.0756874781188e-20 -4.73228353263592e-19  1.39558888158235e-23                     2 -5.83187877978262e-13   -1.653068417289e-13 -8.84501615339876e-17    4.739801070505e-08
-8.84736559102474e-11   0.00166138994247993  -1.1905087760604e-08 -4.53296405735602e-08  2.33275081400209e-12 -5.83187877978262e-13      1.88572591789421   -0.0323912104693456   5.7745481131719e-18  1.65306387851206e-13
-2.77272386895795e-09  3.01789537332145e-05 -3.58644604749704e-07 -1.39190347991071e-06  6.61199521262876e-13   -1.653068417289e-13   -0.0323912104693456    0.0381188298502933 -8.48670216324923e-20 -1.52502569747258e-16
 2.88760928632691e-22  2.04312257992741e-17 -1.42345240415797e-20 -7.27759109459704e-19  -4.7387998469268e-08 -8.84501615339876e-17   5.7745481131719e-18 -8.48670216324923e-20    0.0380903108105267  2.04937305327722e-18
 4.31950916606568e-20 -1.13584367645256e-16  3.71684288962978e-18  1.00124376966256e-11  -1.7332262114017e-16    4.739801070505e-08  1.65306387851206e-13 -1.52502569747258e-16  2.04937305327722e-18     0.038090310810524
First eigenvector coefficient: 0.970810689364944
TOTAL ENERGY: -123.347938076025	 lambda: -4.65	 population of target: 4.00000000000102
1RDM: 
                    2   6.6933000218191e-13 -5.22176107671267e-16 -2.03896084687188e-15  1.82153903507216e-21 -4.55395830900693e-22   -8.923302504113e-11 -2.79834679340721e-09  2.58835164273717e-22  4.57420615636627e-20
  6.6933000218191e-13       1.9999746306355  9.40571362424024e-11  3.53432727683856e-10 -3.39150334829085e-14  8.47875905226022e-15   0.00166138994247998  3.01789537331262e-05  2.06165992279368e-17 -1.13216737834009e-16
-5.22176107671267e-16  9.40571362424024e-11      1.99999999999993 -2.65663730404284e-13  2.46690672950781e-19 -6.16740603910642e-20 -1.20848027605302e-08 -3.64480361962893e-07 -1.50732506392324e-20   3.9117815882546e-18
-2.03896084687188e-15  3.53432727683856e-10 -2.65663730404284e-13      1.99999999999896  9.44142610001339e-19 -4.83429802928679e-19 -4.62513693810822e-08 -1.42344849047683e-06 -7.44378453487117e-19  1.00124373572965e-11
 1.82153903507216e-21 -3.39150334829085e-14  2.46690672950781e-19  9.44142610001339e-19                     2  1.40225084417689e-23  2.33275080737569e-12  6.61199878302777e-13 -4.84652021369073e-08  -1.7497685923845e-16
-4.55395830900693e-22  8.47875905226022e-15 -6.16740603910642e-20 -4.83429802928679e-19  1.40225084417689e-23                     2 -5.83187875798632e-13 -1.65306926423989e-13 -8.92943518586486e-17  4.84752143705644e-08
  -8.923302504113e-11   0.00166138994247998 -1.20848027605302e-08 -4.62513693810822e-08  2.33275080737569e-12 -5.83187875798632e-13       1.8857259178942   -0.0323912104693733  5.74671128776124e-18  1.65306523344771e-13
-2.79834679340721e-09  3.01789537331262e-05 -3.64480361962893e-07 -1.42344849047683e-06  6.61199878302777e-13 -1.65306926423989e-13   -0.0323912104693733    0.0381188298503412 -8.48728704981162e-20 -1.52665575889386e-16
 2.58835164273717e-22  2.06165992279368e-17 -1.50732506392324e-20 -7.44378453487117e-19 -4.84652021369073e-08 -8.92943518586486e-17  5.74671128776124e-18 -8.48728704981162e-20    0.0380903108105338  2.00189233104547e-18
 4.57420615636627e-20 -1.13216737834009e-16   3.9117815882546e-18  1.00124373572965e-11  -1.7497685923845e-16  4.84752143705644e-08  1.65306523344771e-13 -1.52665575889386e-16  2.00189233104547e-18    0.0380903108105313
First eigenvector coefficient: 0.970810689364917
TOTAL ENERGY: -123.347938076025	 lambda: -4.6	 population of target: 4.00000000000107
1RDM: 
                    2   6.7474569281369e-13 -5.35809020181669e-16  -2.1058669019741e-15  1.83746734984508e-21 -4.59378092660211e-22 -9.00132905861559e-11 -2.82474385214376e-09  2.26654490057903e-22  4.85117108664816e-20
  6.7474569281369e-13      1.99997463063551  9.53983483401193e-11  3.59990925775435e-10 -3.39150332822065e-14  8.47875899389207e-15   0.00166138994248036  3.01789537328809e-05  2.08019726555632e-17 -1.12849106981344e-16
-5.35809020181669e-16  9.53983483401193e-11      1.99999999999993 -2.76310018868975e-13  2.50472233464986e-19 -6.26194786332963e-20 -1.22700493034769e-08 -3.70507356311582e-07 -1.59677280091848e-20  4.12459946508617e-18
 -2.1058669019741e-15  3.59990925775435e-10 -2.76310018868975e-13      1.99999999999892  9.63751558250024e-19 -4.94085225996998e-19 -4.72119544892077e-08 -1.45645693482787e-06 -7.61777978614504e-19  1.00124369520976e-11
 1.83746734984508e-21 -3.39150332822065e-14  2.50472233464986e-19  9.63751558250024e-19                     2  1.40931785555298e-23  2.33275079979495e-12  6.61200268220812e-13 -4.95925028925398e-08  -1.7670800171039e-16
-4.59378092660211e-22  8.47875899389207e-15 -6.26194786332963e-20 -4.94085225996998e-19  1.40931785555298e-23                     2 -5.83187873360773e-13 -1.65307019108597e-13 -9.01777879149645e-17  4.96025151239251e-08
-9.00132905861559e-11   0.00166138994248036 -1.22700493034769e-08 -4.72119544892077e-08  2.33275079979495e-12 -5.83187873360773e-13      1.88572591789421   -0.0323912104693743  5.71785182933565e-18  1.65306658423924e-13
-2.82474385214376e-09  3.01789537328809e-05 -3.70507356311582e-07 -1.45645693482787e-06  6.61200268220812e-13 -1.65307019108597e-13   -0.0323912104693743    0.0381188298503871 -8.48787222986896e-20 -1.52836052296091e-16
 2.26654490057903e-22  2.08019726555632e-17 -1.59677280091848e-20 -7.61777978614504e-19 -4.95925028925398e-08 -9.01777879149645e-17  5.71785182933565e-18 -8.48787222986896e-20     0.038090310810531  1.95441161272074e-18
 4.85117108664816e-20 -1.12849106981344e-16  4.12459946508617e-18  1.00124369520976e-11  -1.7670800171039e-16  4.96025151239251e-08  1.65306658423924e-13 -1.52836052296091e-16  1.95441161272074e-18    0.0380903108105323
First eigenvector coefficient: 0.970810689364893
TOTAL ENERGY: -123.347938076026	 lambda: -4.55	 population of target: 4.00000000000113
1RDM: 
                    2  6.80296540638517e-13 -5.50053930137354e-16 -2.17656823784256e-15   1.8538422887184e-21 -4.63472023747477e-22 -9.08154321860303e-11 -2.85195469123033e-09   1.9199839362093e-22  5.15254100171876e-20
 6.80296540638517e-13      1.99997463063551  9.67787341732585e-11  3.66799166062954e-10 -3.39150330579344e-14  8.47875892931955e-15   0.00166138994248035  3.01789537329107e-05   2.0987346082101e-17 -1.12481474714752e-16
-5.50053930137354e-16  9.67787341732585e-11      1.99999999999993 -2.87614490043176e-13  2.54372024404845e-19 -6.35944559966901e-20 -1.24610872332839e-08 -3.76735007536537e-07 -1.69236040272074e-20  4.35744579539795e-18
-2.17656823784256e-15  3.66799166062954e-10 -2.87614490043176e-13      1.99999999999886  9.84205743511799e-19 -5.05225885888403e-19 -4.82139439579511e-08 -1.49103309274957e-06 -7.80014733475703e-19  1.00124364700779e-11
  1.8538422887184e-21 -3.39150330579344e-14  2.54372024404845e-19  9.84205743511799e-19                     2  1.41682580383487e-23  2.33275079118448e-12   6.6120069491026e-13 -5.07734784683586e-08 -1.78521538968177e-16
-4.63472023747477e-22  8.47875892931955e-15 -6.35944559966901e-20 -5.05225885888403e-19  1.41682580383487e-23                     2 -5.83187870644518e-13 -1.65307120737002e-13 -9.11032715559894e-17   5.0783490697308e-08
-9.08154321860303e-11   0.00166138994248035 -1.24610872332839e-08 -4.82139439579511e-08  2.33275079118448e-12 -5.83187870644518e-13      1.88572591789421   -0.0323912104693936  5.68789670473142e-18  1.65306792975721e-13
-2.85195469123033e-09  3.01789537329107e-05 -3.76735007536537e-07 -1.49103309274957e-06   6.6120069491026e-13 -1.65307120737002e-13   -0.0323912104693936    0.0381188298504341 -8.48845774134582e-20 -1.53014527565362e-16
  1.9199839362093e-22   2.0987346082101e-17 -1.69236040272074e-20 -7.80014733475703e-19 -5.07734784683586e-08 -9.11032715559894e-17  5.68789670473142e-18 -8.48845774134582e-20    0.0380903108105335  1.90693089834518e-18
 5.15254100171876e-20 -1.12481474714752e-16  4.35744579539795e-18  1.00124364700779e-11 -1.78521538968177e-16   5.0783490697308e-08  1.65306792975721e-13 -1.53014527565362e-16  1.90693089834518e-18    0.0380903108105332
First eigenvector coefficient: 0.970810689364867
TOTAL ENERGY: -123.347938076026	 lambda: -4.5	 population of target: 4.00000000000118
1RDM: 
                    2  6.85988164180038e-13 -5.64950063266224e-16 -2.25137480148975e-15   1.8706851539816e-21 -4.67682951342565e-22 -9.16404930178058e-11 -2.88002176711695e-09   1.5483300719328e-22  5.48098109557751e-20
 6.85988164180038e-13       1.9999746306355  9.82000598088953e-11  3.73872161979296e-10 -3.39150328078072e-14   8.4787588579516e-15   0.00166138994247967  3.01789537327457e-05  2.11727195073678e-17 -1.12113841080571e-16
-5.64950063266224e-16  9.82000598088953e-11      1.99999999999992 -2.99632979958981e-13  2.58395688103542e-19  -6.4600403218385e-20 -1.26581928951248e-08 -3.83173350087663e-07  -1.7943065395477e-20  4.61265473993622e-18
-2.25137480148975e-15  3.73872161979296e-10 -2.99632979958981e-13       1.9999999999988  1.00556190252903e-18 -5.16886006216925e-19 -4.92601169110332e-08 -1.52729139438834e-06  -7.9915071697315e-19  1.00124358987853e-11
  1.8706851539816e-21 -3.39150328078072e-14  2.58395688103542e-19  1.00556190252903e-18                     2  1.42481477306817e-23  2.33275078145096e-12  6.61201162273877e-13 -5.20120555641728e-08 -1.80423496798355e-16
-4.67682951342565e-22   8.4787588579516e-15  -6.4600403218385e-20 -5.16886006216925e-19  1.42481477306817e-23                     2 -5.83187867625165e-13 -1.65307232264028e-13 -9.20738778450094e-17  5.20220677905033e-08
-9.16404930178058e-11   0.00166138994247967 -1.26581928951248e-08 -4.92601169110332e-08  2.33275078145096e-12 -5.83187867625165e-13      1.88572591789422   -0.0323912104694148  5.65676575995125e-18  1.65306926998493e-13
-2.88002176711695e-09  3.01789537327457e-05 -3.83173350087663e-07 -1.52729139438834e-06  6.61201162273877e-13 -1.65307232264028e-13   -0.0323912104694148    0.0381188298504869 -8.48904363127001e-20 -1.53201587117211e-16
  1.5483300719328e-22  2.11727195073678e-17  -1.7943065395477e-20  -7.9915071697315e-19 -5.20120555641728e-08 -9.20738778450094e-17  5.65676575995125e-18 -8.48904363127001e-20    0.0380903108105327  1.85945018847073e-18
 5.48098109557751e-20 -1.12113841080571e-16  4.61265473993622e-18  1.00124358987853e-11 -1.80423496798355e-16  5.20220677905033e-08  1.65306926998493e-13 -1.53201587117211e-16  1.85945018847073e-18      0.03809031081053
First eigenvector coefficient: 0.97081068936484
TOTAL ENERGY: -123.347938076026	 lambda: -4.45	 population of target: 4.00000000000125
1RDM: 
                    2  6.91826494271845e-13 -5.80539911052777e-16 -2.33062988943558e-15  1.88801865529898e-21 -4.72016554795689e-22 -9.24895851352284e-11 -2.90899059803402e-09  1.14931430581725e-22  5.83978317033817e-20
 6.91826494271845e-13       1.9999746306355  9.96642014918579e-11  3.81225817777629e-10 -3.39150325296045e-14  8.47875877921013e-15   0.00166138994248026  3.01789537326871e-05  2.13580929312267e-17   -1.117462061556e-16
-5.80539911052777e-16  9.96642014918579e-11      1.99999999999992 -3.12427422051418e-13  2.62549230903768e-19 -6.56388220653881e-20 -1.28616604552938e-08 -3.89833082172039e-07 -1.90311811356272e-20  4.89306057569188e-18
-2.33062988943558e-15  3.81225817777629e-10 -3.12427422051418e-13      1.99999999999874  1.02788204428791e-18 -5.29103131974721e-19 -5.03535106926785e-08 -1.56535768598926e-06 -8.19254622561975e-19  1.00124352221431e-11
 1.88801865529898e-21 -3.39150325296045e-14  2.62549230903768e-19  1.02788204428791e-18                     2  1.43332965658206e-23  2.33275077051321e-12   6.6120167490661e-13 -5.33125534468992e-08 -1.82420503214678e-16
-4.72016554795689e-22  8.47875877921013e-15 -6.56388220653881e-20 -5.29103131974721e-19  1.43332965658206e-23                     2 -5.83187864280821e-13 -1.65307354814844e-13 -9.30929891715476e-17  5.33225656704043e-08
-9.24895851352284e-11   0.00166138994248026 -1.28616604552938e-08 -5.03535106926785e-08  2.33275077051321e-12 -5.83187864280821e-13      1.88572591789422    -0.032391210469433  5.62437082718753e-18  1.65307060495786e-13
-2.90899059803402e-09  3.01789537326871e-05 -3.89833082172039e-07 -1.56535768598926e-06   6.6120167490661e-13 -1.65307354814844e-13    -0.032391210469433    0.0381188298505497 -8.48962995871411e-20 -1.53397875020176e-16
 1.14931430581725e-22  2.13580929312267e-17 -1.90311811356272e-20 -8.19254622561975e-19 -5.33125534468992e-08 -9.30929891715476e-17  5.62437082718753e-18 -8.48962995871411e-20    0.0380903108105322  1.81196948359742e-18
 5.83978317033817e-20   -1.117462061556e-16  4.89306057569188e-18  1.00124352221431e-11 -1.82420503214678e-16  5.33225656704043e-08  1.65307060495786e-13 -1.53397875020176e-16  1.81196948359742e-18    0.0380903108105308
First eigenvector coefficient: 0.970810689364808
TOTAL ENERGY: -123.347938076027	 lambda: -4.4	 population of target: 4.00000000000132
1RDM: 
                    2  6.97817794049165e-13 -5.96869564988221e-16 -2.41471464485057e-15  1.90586702778173e-21  -4.7647889503953e-22 -9.33638952540438e-11 -2.93891004859131e-09  7.21514273844577e-23  6.23234393236094e-20
 6.97817794049165e-13      1.99997463063551  1.01173154679362e-10  3.88877353148387e-10 -3.39150322206139e-14  8.47875869239188e-15   0.00166138994247988  3.01789537324336e-05  2.15434663534884e-17 -1.11378569821085e-16
-5.96869564988221e-16  1.01173154679362e-10      1.99999999999992 -3.26066670541945e-13  2.66839052690896e-19 -6.67113127165959e-20 -1.30718033477738e-08 -3.96725619241368e-07 -2.01924182057385e-20  5.20183001523173e-18
-2.41471464485057e-15  3.88877353148387e-10 -3.26066670541945e-13      1.99999999999868  1.05123408557991e-18 -5.41918545278538e-19 -5.14974519984316e-08 -1.60537069046743e-06  -8.4040238643971e-19  1.00124344219726e-11
 1.90586702778173e-21 -3.39150322206139e-14  2.66839052690896e-19  1.05123408557991e-18                     2   1.4424208788449e-23  2.33275075827111e-12  6.61202238026348e-13 -5.46797342754234e-08 -1.84519865659659e-16
 -4.7647889503953e-22  8.47875869239188e-15 -6.67113127165959e-20 -5.41918545278538e-19   1.4424208788449e-23                     2 -5.83187860584697e-13 -1.65307489667465e-13 -9.41643346485002e-17  5.46897464958705e-08
-9.33638952540438e-11   0.00166138994247988 -1.30718033477738e-08 -5.14974519984316e-08  2.33275075827111e-12 -5.83187860584697e-13      1.88572591789424    -0.032391210469449  5.59061469764211e-18  1.65307193417861e-13
-2.93891004859131e-09  3.01789537324336e-05 -3.96725619241368e-07 -1.60537069046743e-06  6.61202238026348e-13 -1.65307489667465e-13    -0.032391210469449    0.0381188298506078 -8.49021678658932e-20 -1.53604098875439e-16
 7.21514273844577e-23  2.15434663534884e-17 -2.01924182057385e-20  -8.4040238643971e-19 -5.46797342754234e-08 -9.41643346485002e-17  5.59061469764211e-18 -8.49021678658932e-20    0.0380903108105294  1.76448878417339e-18
 6.23234393236094e-20 -1.11378569821085e-16  5.20183001523173e-18  1.00124344219726e-11 -1.84519865659659e-16  5.46897464958705e-08  1.65307193417861e-13 -1.53604098875439e-16  1.76448878417339e-18    0.0380903108105275
First eigenvector coefficient: 0.970810689364779
TOTAL ENERGY: -123.347938076027	 lambda: -4.35	 population of target: 4.00000000000139
1RDM: 
                    2   7.0396868140966e-13 -6.13989090795098e-16 -2.50405328782935e-15  1.92425616360689e-21 -4.81076447534755e-22 -9.42646911752693e-11  -2.9698326446159e-09  2.63432073848143e-23  6.66220734601594e-20
  7.0396868140966e-13      1.99997463063551  1.02729044024721e-10  3.96845444122614e-10 -3.39150318780127e-14  8.47875859676354e-15   0.00166138994248021  3.01789537322934e-05   2.1728839774034e-17 -1.11010931702058e-16
-6.13989090795098e-16  1.02729044024721e-10      1.99999999999992 -3.40627457493775e-13  2.71271979356251e-19 -6.78195818853411e-20 -1.32889558607774e-08 -4.03863152330317e-07 -2.14319134559997e-20  5.54258415454514e-18
-2.50405328782935e-15  3.96845444122614e-10 -3.40627457493775e-13      1.99999999999861  1.07569258218381e-18 -5.55377745436842e-19 -5.26955926751236e-08 -1.64748369775232e-06 -8.62678365262032e-19  1.00124334772341e-11
 1.92425616360689e-21 -3.39150318780127e-14  2.71271979356251e-19  1.07569258218381e-18                     2  1.45214524828296e-23  2.33275074462675e-12  6.61202857744728e-13 -5.61188613567831e-08  -1.8672966034579e-16
-4.81076447534755e-22  8.47875859676354e-15 -6.78195818853411e-20 -5.55377745436842e-19  1.45214524828296e-23                     2 -5.83187856510374e-13 -1.65307638319767e-13 -9.52920357042193e-17  5.61288735739102e-08
-9.42646911752693e-11   0.00166138994248021 -1.32889558607774e-08 -5.26955926751236e-08  2.33275074462675e-12 -5.83187856510374e-13      1.88572591789422   -0.0323912104694713  5.55538993217719e-18  1.65307325643832e-13
 -2.9698326446159e-09  3.01789537322934e-05 -4.03863152330317e-07 -1.64748369775232e-06  6.61202857744728e-13 -1.65307638319767e-13   -0.0323912104694713    0.0381188298506839  -8.4908041849402e-20 -1.53821037661224e-16
 2.63432073848143e-23   2.1728839774034e-17 -2.14319134559997e-20 -8.62678365262032e-19 -5.61188613567831e-08 -9.52920357042193e-17  5.55538993217719e-18  -8.4908041849402e-20    0.0380903108105359   1.7170080905526e-18
 6.66220734601594e-20 -1.11010931702058e-16  5.54258415454514e-18  1.00124334772341e-11  -1.8672966034579e-16  5.61288735739102e-08  1.65307325643832e-13 -1.53821037661224e-16   1.7170080905526e-18    0.0380903108105347
First eigenvector coefficient: 0.970810689364738
TOTAL ENERGY: -123.347938076027	 lambda: -4.3	 population of target: 4.00000000000147
1RDM: 
                    2  7.10286151127971e-13  -6.3195294914061e-16 -2.59911922529056e-15  1.94321375483697e-21 -4.85816138208204e-22 -9.51933287991619e-11 -3.00181492748109e-09  -2.2616990485308e-23  7.13374036749049e-20
 7.10286151127971e-13       1.9999746306355   1.0433413443916e-10  4.05150382784849e-10 -3.39150314986369e-14  8.47875849150275e-15   0.00166138994248027  3.01789537322124e-05  2.19142131926505e-17 -1.10643291686071e-16
 -6.3195294914061e-16   1.0433413443916e-10      1.99999999999991 -3.56195509150072e-13  2.75855298318141e-19 -6.89654517072923e-20  -1.3513474878689e-08 -4.11258711663728e-07 -2.27539888592704e-20  5.91951215650039e-18
-2.59911922529056e-15  4.05150382784849e-10 -3.56195509150072e-13      1.99999999999854  1.10133957219933e-18 -5.69531005192612e-19    -5.39519510366e-08 -1.69186652844836e-06 -8.86175975253247e-19  1.00124323623345e-11
 1.94321375483697e-21 -3.39150314986369e-14  2.75855298318141e-19  1.10133957219933e-18                     2  1.46256696911322e-23  2.33275072947089e-12  6.61203540757101e-13 -5.76357668412023e-08 -1.89058836060218e-16
-4.85816138208204e-22  8.47875849150275e-15 -6.89654517072923e-20 -5.69531005192612e-19  1.46256696911322e-23                     2 -5.83187852028326e-13 -1.65307802411729e-13 -9.64806590555848e-17  5.76457790547164e-08
-9.51933287991619e-11   0.00166138994248027  -1.3513474878689e-08    -5.39519510366e-08  2.33275072947089e-12 -5.83187852028326e-13      1.88572591789421      -0.0323912104695  5.51857748145017e-18  1.65307457120888e-13
-3.00181492748109e-09  3.01789537322124e-05 -4.11258711663728e-07 -1.69186652844836e-06  6.61203540757101e-13 -1.65307802411729e-13      -0.0323912104695     0.038118829850764 -8.49139223971876e-20 -1.54049557936687e-16
 -2.2616990485308e-23  2.19142131926505e-17 -2.27539888592704e-20 -8.86175975253247e-19 -5.76357668412023e-08 -9.64806590555848e-17  5.51857748145017e-18 -8.49139223971876e-20    0.0380903108105404  1.66952740336049e-18
 7.13374036749049e-20 -1.10643291686071e-16  5.91951215650039e-18  1.00124323623345e-11 -1.89058836060218e-16  5.76457790547164e-08  1.65307457120888e-13 -1.54049557936687e-16  1.66952740336049e-18    0.0380903108105419
First eigenvector coefficient: 0.970810689364696
TOTAL ENERGY: -123.347938076028	 lambda: -4.25	 population of target: 4.00000000000156
1RDM: 
                    2  7.16777600032279e-13 -6.50820468113615e-16 -2.70044221038144e-15  1.96276945366214e-21 -4.90705383733742e-22 -9.61512599485989e-11  -3.0349178470915e-09  -7.5037846408115e-23  7.65263342719072e-20
 7.16777600032279e-13      1.99997463063551  1.05990843376056e-10  4.13814258903267e-10 -3.39150310792701e-14  8.47875837576983e-15    0.0016613899424794  3.01789537320305e-05  2.20995866090515e-17 -1.10275649966299e-16
-6.50820468113615e-16  1.05990843376056e-10      1.99999999999991 -3.72866852852581e-13  2.80596797685953e-19 -7.01508695468086e-20 -1.37457417964256e-08 -4.18926235999061e-07 -2.41657067723782e-20  6.33769981263749e-18
-2.70044221038144e-15  4.13814258903267e-10 -3.72866852852581e-13      1.99999999999846  1.12826555357356e-18 -5.84434017983147e-19 -5.52709597277126e-08 -1.73870782383171e-06 -9.10999522726609e-19  1.00124310440515e-11
 1.96276945366214e-21 -3.39150310792701e-14  2.80596797685953e-19  1.12826555357356e-18                     2  1.47375884731004e-23  2.33275071270388e-12  6.61204294625486e-13 -5.92369306884274e-08 -1.91517335238127e-16
-4.90705383733742e-22  8.47875837576983e-15 -7.01508695468086e-20 -5.84434017983147e-19  1.47375884731004e-23                     2  -5.8318784711112e-13 -1.65307983795412e-13 -9.77352784934653e-17   5.9246942897988e-08
-9.61512599485989e-11    0.0016613899424794 -1.37457417964256e-08 -5.52709597277126e-08  2.33275071270388e-12  -5.8318784711112e-13      1.88572591789424   -0.0323912104695108  5.48004507297875e-18  1.65307587873301e-13
 -3.0349178470915e-09  3.01789537320305e-05 -4.18926235999061e-07 -1.73870782383171e-06  6.61204294625486e-13 -1.65307983795412e-13   -0.0323912104695108    0.0381188298508364   -8.491981059626e-20 -1.54290625980588e-16
 -7.5037846408115e-23  2.20995866090515e-17 -2.41657067723782e-20 -9.10999522726609e-19 -5.92369306884274e-08 -9.77352784934653e-17  5.48004507297875e-18   -8.491981059626e-20    0.0380903108105322   1.6220467234171e-18
 7.65263342719072e-20 -1.10275649966299e-16  6.33769981263749e-18  1.00124310440515e-11 -1.91517335238127e-16   5.9246942897988e-08  1.65307587873301e-13 -1.54290625980588e-16   1.6220467234171e-18    0.0380903108105298
First eigenvector coefficient: 0.970810689364662
TOTAL ENERGY: -123.347938076028	 lambda: -4.2	 population of target: 4.00000000000165
1RDM: 
                    2  7.23450853205101e-13 -6.70656376041347e-16 -2.80861677296193e-15  1.98295504980815e-21 -4.95752135719229e-22 -9.71400410436542e-11  -3.0692072051652e-09 -1.31110752383854e-22  8.22505180301858e-20
 7.23450853205101e-13       1.9999746306355  1.07701754523749e-10  4.22861167054567e-10 -3.39150306166842e-14  8.47875824871749e-15   0.00166138994247914  3.01789537317485e-05  2.22849600229666e-17 -1.09908006576861e-16
-6.70656376041347e-16  1.07701754523749e-10      1.99999999999991  -3.9074935320519e-13  2.85504809324399e-19 -7.13779187647663e-20 -1.39861646261909e-08 -4.26880648167011e-07 -2.56727709700039e-20  6.80293960970948e-18
-2.80861677296193e-15  4.22861167054567e-10  -3.9074935320519e-13      1.99999999999836  1.15657062112165e-18 -6.00148654437847e-19 -5.66575214052891e-08 -1.78821772838046e-06 -9.37265497686487e-19  1.00124294836597e-11
 1.98295504980815e-21 -3.39150306166842e-14  2.85504809324399e-19  1.15657062112165e-18                     2  1.48580373509649e-23  2.33275069424028e-12  6.61205127896601e-13 -6.09295731981879e-08 -1.94116235883863e-16
-4.95752135719229e-22  8.47875824871749e-15 -7.13779187647663e-20 -6.00148654437847e-19  1.48580373509649e-23                     2 -5.83187841734522e-13 -1.65308184563561e-13 -9.90615473070794e-17  6.09395854034036e-08
-9.71400410436542e-11   0.00166138994247914 -1.39861646261909e-08 -5.66575214052891e-08  2.33275069424028e-12 -5.83187841734522e-13      1.88572591789425   -0.0323912104695338  5.43964532212611e-18  1.65307717879764e-13
 -3.0692072051652e-09  3.01789537317485e-05 -4.26880648167011e-07 -1.78821772838046e-06  6.61205127896601e-13 -1.65308184563561e-13   -0.0323912104695338    0.0381188298509253 -8.49257076538345e-20 -1.54545316059278e-16
-1.31110752383854e-22  2.22849600229666e-17 -2.56727709700039e-20 -9.37265497686487e-19 -6.09295731981879e-08 -9.90615473070794e-17  5.43964532212611e-18 -8.49257076538345e-20    0.0380903108105282  1.57456605159903e-18
 8.22505180301858e-20 -1.09908006576861e-16  6.80293960970948e-18  1.00124294836597e-11 -1.94116235883863e-16  6.09395854034036e-08  1.65307717879764e-13 -1.54545316059278e-16  1.57456605159903e-18     0.038090310810525
