HCORE:-27.6623  -8.7344 -8.82175 -9.32377  -9.8087 -34.6439 -9.97404 -8.13055 -8.13055 -9.32377
HCORE2:-34.6439 -27.6623 -9.97404  -9.8087 -9.32377 -9.32377 -8.82175  -8.7344 -8.13055 -8.13055
TOTAL ENERGY: -124.337332810046	 lambda: -5	 population of target: 3.65893402728694
1RDM: 
     1.99984326791856 -0.000130660390392596   0.00871575860295431   0.00374003622927484  -0.00451543118806387 -5.23113506631133e-17 -1.44511484176133e-16 -1.38556385863011e-18 -5.34335238790555e-19   -0.0142444112587418
-0.000130660390392596      1.99987357554872   0.00749242493688164   0.00375053566716683  -0.00306806330812179 -3.57990490319627e-17 -9.81968798801026e-17 -3.13649757477358e-18 -7.25103523202364e-19   -0.0117983847389933
  0.00871575860295431   0.00749242493688164      1.51131827775063    -0.218977424459225     0.239092793090124  2.77568344313738e-15  7.69952702195178e-15   4.8128399863763e-17  9.12692565303181e-18     0.790961982806008
  0.00374003622927484   0.00375053566716683    -0.218977424459225      1.87921676140206    0.0725927281317343   9.7798133525668e-16  2.08548674221832e-15   5.1474365513482e-16 -2.21590537999716e-17     0.335720575747821
 -0.00451543118806387  -0.00306806330812179     0.239092793090124    0.0725927281317343      1.83033510108677  5.47251344124565e-15   1.4624078382935e-14 -2.32422225776748e-14 -1.99599882926472e-14    -0.415493302377838
-5.23113506631133e-17 -3.57990490319627e-17  2.77568344313738e-15   9.7798133525668e-16  5.47251344124565e-15      1.35867369754767  2.28972496344616e-15    -0.318659940522162     0.863545346098121 -4.78220275149894e-15
-1.44511484176133e-16 -9.81968798801026e-17  7.69952702195178e-15  2.08548674221832e-15   1.4624078382935e-14  2.28972496344616e-15      1.35867369754766     0.863545346098126     0.318659940522163 -1.32854096202798e-14
-1.38556385863011e-18 -3.13649757477358e-18   4.8128399863763e-17   5.1474365513482e-16 -2.32422225776748e-14    -0.318659940522162     0.863545346098126     0.678879418462928  3.34323165667047e-15  -1.1368142301752e-16
-5.34335238790555e-19 -7.25103523202364e-19  9.12692565303181e-18 -2.21590537999716e-17 -1.99599882926472e-14     0.863545346098121     0.318659940522163  3.34323165667047e-15     0.678879418462912 -9.23688495094323e-17
  -0.0142444112587418   -0.0117983847389933     0.790961982806008     0.335720575747821    -0.415493302377838 -4.78220275149894e-15 -1.32854096202798e-14  -1.1368142301752e-16 -9.23688495094323e-17     0.704306784272144
First eigenvector coefficient: 0.286433830167276
TOTAL ENERGY: -124.343216896572	 lambda: -4.95	 population of target: 3.66011678962897
1RDM: 
     1.99984527402215 -0.000129096355865212   0.00864075472128006   0.00370097360501726   -0.0044866205703601   -5.197619234888e-17 -1.43575590132255e-16 -1.37207596228431e-18 -5.28830095137632e-19   -0.0141683094893123
-0.000129096355865212      1.99987477222775   0.00743615096911236   0.00372131865448465  -0.00304644875343605 -3.55520162892314e-17 -9.75146499723162e-17 -3.10473452724135e-18  -7.0561237828572e-19   -0.0117448745203781
  0.00864075472128006   0.00743615096911236      1.51344189231973    -0.217690769194635     0.238544615983747   2.7686230212223e-15  7.67933308013449e-15  4.99132290086489e-17  1.07204143258912e-17     0.790084262625808
  0.00370097360501726   0.00372131865448465    -0.217690769194635      1.87988691350211    0.0721027986803779  9.69953473480362e-16  2.06514754814342e-15  5.19918518646826e-16 -1.69590560674444e-17     0.334704816955576
  -0.0044866205703601  -0.00304644875343605     0.238544615983747    0.0721027986803779      1.83024862545851  5.45697359059035e-15  1.45833271720705e-14 -2.32251185840862e-14  -1.9944929594356e-14    -0.415974929668975
  -5.197619234888e-17 -3.55520162892314e-17   2.7686230212223e-15  9.69953473480362e-16  5.45697359059035e-15      1.35972351950291  2.33053670078318e-15    -0.318518348562126     0.863161642143005 -4.78805545158822e-15
-1.43575590132255e-16 -9.75146499723162e-17  7.67933308013449e-15  2.06514754814342e-15  1.45833271720705e-14  2.33053670078318e-15       1.3597235195029     0.863161642143009     0.318518348562126 -1.33001027502438e-14
-1.37207596228431e-18 -3.10473452724135e-18  4.99132290086489e-17  5.19918518646826e-16 -2.32251185840862e-14    -0.318518348562126     0.863161642143009     0.677888095076637  3.03857358377836e-15  -1.1281112115589e-16
-5.28830095137632e-19  -7.0561237828572e-19  1.07204143258912e-17 -1.69590560674444e-17  -1.9944929594356e-14     0.863161642143005     0.318518348562126  3.03857358377836e-15     0.677888095076622 -9.14600753176784e-17
  -0.0141683094893123   -0.0117448745203781     0.790084262625808     0.334704816955576    -0.415974929668975 -4.78805545158822e-15 -1.33001027502438e-14  -1.1281112115589e-16 -9.14600753176784e-17     0.701479293310715
First eigenvector coefficient: -0.287476779510081
TOTAL ENERGY: -124.349230486712	 lambda: -4.9	 population of target: 3.66133785628112
1RDM: 
     1.99984727695869 -0.000127537441122012   0.00856535217912383   0.00366178886510256  -0.00445744789348576 -5.16414556165674e-17 -1.42640992228595e-16 -1.34145075640842e-18 -5.08795510292327e-19   -0.0140918395754313
-0.000127537441122012      1.99987596228369   0.00737973631671521   0.00369207184426729  -0.00302465276241573 -3.52857929920087e-17 -9.67805775660605e-17 -3.12376748969409e-18 -7.29541164203137e-19   -0.0116914434202374
  0.00856535217912383   0.00737973631671521      1.51560233947575      -0.2163875983684     0.237973864770928   2.7630475771936e-15  7.66316799700202e-15  4.60135053500612e-17  7.46629186636506e-18     0.789184650470511
  0.00366178886510256   0.00369207184426729      -0.2163875983684      1.88056398579586    0.0716023454700106  9.66575297794293e-16  2.05748280068463e-15  5.09826058525377e-16 -2.47640080140939e-17     0.333674562327904
 -0.00445744789348576  -0.00302465276241573     0.237973864770928    0.0716023454700106      1.83017526454157  5.44676966763231e-15  1.45570967100544e-14 -2.32251268705582e-14 -1.99444584742134e-14    -0.416445025508029
-5.16414556165674e-17 -3.52857929920087e-17   2.7630475771936e-15  9.66575297794293e-16  5.44676966763231e-15       1.3607996590305  5.31476243746846e-16    -0.318372991723108     0.862767735775829 -4.79332331437437e-15
-1.42640992228595e-16 -9.67805775660605e-17  7.66316799700202e-15  2.05748280068463e-15  1.45570967100544e-14  5.31476243746846e-16      1.36079965903049     0.862767735775834     0.318372991723109 -1.33132017670693e-14
-1.34145075640842e-18 -3.12376748969409e-18  4.60135053500612e-17  5.09826058525377e-16 -2.32251268705582e-14    -0.318372991723108     0.862767735775834     0.676869761865359  3.68049845895159e-15 -1.13164777206958e-16
-5.08795510292327e-19 -7.29541164203137e-19  7.46629186636506e-18 -2.47640080140939e-17 -1.99444584742134e-14     0.862767735775829     0.318372991723109  3.68049845895159e-15      0.67686976186535 -9.15930994134001e-17
  -0.0140918395754313   -0.0116914434202374     0.789184650470511     0.333674562327904    -0.416445025508029 -4.79332331437437e-15 -1.33132017670693e-14 -1.13164777206958e-16 -9.15930994134001e-17     0.698596329152804
First eigenvector coefficient: 0.288545010314305
TOTAL ENERGY: -124.355378170403	 lambda: -4.85	 population of target: 3.66259895458091
1RDM: 
     1.99984927660764 -0.000125983689140731   0.00848954705843848   0.00362248216599316  -0.00442790471668756 -5.12974349559053e-17 -1.41681315440215e-16 -1.32877094869923e-18 -5.04141832636118e-19   -0.0140149992720786
-0.000125983689140731       1.9998771457154   0.00732317706976663    0.0036627942203898  -0.00300266935344165 -3.50351623529004e-17 -9.60892103018944e-17 -3.08931789663874e-18 -7.08002786373937e-19   -0.0116380944543112
  0.00848954705843848   0.00732317706976663      1.51780057300108    -0.215067585355593     0.237379663719675  2.75536550065795e-15  7.64126647520794e-15  4.80802409896689e-17  9.29748075045474e-18     0.788262375255983
  0.00362248216599316    0.0036627942203898    -0.215067585355593      1.88124808605199    0.0710910632671064  9.58049621728021e-16  2.03585532799057e-15  5.15738209122826e-16 -1.89126610301693e-17     0.332629469022797
 -0.00442790471668756  -0.00300266935344165     0.237379663719675    0.0710910632671064       1.8301157415648   5.4306521619021e-15  1.45147997897801e-14 -2.32065859364492e-14  -1.9928171672066e-14    -0.416902688365034
-5.12974349559053e-17 -3.50351623529004e-17  2.75536550065795e-15  9.58049621728021e-16   5.4306521619021e-15      1.36190312795276  2.32360858033676e-15    -0.318223706987102     0.862363184936653 -4.79891333217228e-15
-1.41681315440215e-16 -9.60892103018944e-17  7.64126647520794e-15  2.03585532799057e-15  1.45147997897801e-14  2.32360858033676e-15      1.36190312795275     0.862363184936659     0.318223706987102 -1.33271734699982e-14
-1.32877094869923e-18 -3.08931789663874e-18  4.80802409896689e-17  5.15738209122826e-16 -2.32065859364492e-14    -0.318223706987102     0.862363184936659     0.675823367521839  3.50835353104674e-15  -1.1223747545198e-16
-5.04141832636118e-19 -7.08002786373937e-19  9.29748075045474e-18 -1.89126610301693e-17  -1.9928171672066e-14     0.862363184936653     0.318223706987102  3.50835353104674e-15     0.675823367521824 -9.06320858578111e-17
  -0.0140149992720786   -0.0116380944543112     0.788262375255983     0.332629469022797    -0.416902688365034 -4.79891333217228e-15 -1.33271734699982e-14  -1.1223747545198e-16 -9.06320858578111e-17     0.695656186109972
First eigenvector coefficient: -0.289639465824415
TOTAL ENERGY: -124.361664759818	 lambda: -4.8	 population of target: 3.66390191163098
1RDM: 
     1.99985127284687 -0.000124435142379458   0.00841333533872739    0.0035830536662848  -0.00439798230732137  -5.0948916840638e-17 -1.40709575142907e-16 -1.31619066717521e-18 -4.99655479115765e-19   -0.0139377862984363
-0.000124435142379458       1.9998783225234   0.00726646911146387   0.00363348468608629  -0.00298049227093261 -3.47821951766597e-17 -9.53918407253331e-17 -3.05476106091681e-18 -6.86508690812619e-19   -0.0115848306891997
  0.00841333533872739   0.00726646911146387      1.52003758000078    -0.213730393933906     0.236761099051055  2.74740279205714e-15  7.61859214622419e-15  5.01454163386888e-17  1.11252094886078e-17     0.787316629169601
   0.0035830536662848   0.00363348468608629    -0.213730393933906      1.88193932498946    0.0705686360529726  9.49397029470575e-16  2.01391455859516e-15  5.21626067277668e-16 -1.30718263921919e-17     0.331569180843614
 -0.00439798230732137  -0.00298049227093261     0.236761099051055    0.0705686360529726      1.83007081691578  5.41438649406312e-15  1.44721096718574e-14 -2.31877527941482e-14 -1.99116362712607e-14    -0.417346960438795
 -5.0948916840638e-17 -3.47821951766597e-17  2.74740279205714e-15  9.49397029470575e-16  5.41438649406312e-15      1.36303498942863  2.80209648054155e-15    -0.318070321763387     0.861947522073231 -4.80433886661968e-15
-1.40709575142907e-16 -9.53918407253331e-17  7.61859214622419e-15  2.01391455859516e-15  1.44721096718574e-14  2.80209648054155e-15      1.36303498942862     0.861947522073237     0.318070321763387 -1.33406949954555e-14
-1.31619066717521e-18 -3.05476106091681e-18  5.01454163386888e-17  5.21626067277668e-16 -2.31877527941482e-14    -0.318070321763387     0.861947522073237     0.674747807457346  3.75803525379213e-15 -1.11330104613698e-16
-4.99655479115765e-19 -6.86508690812619e-19  1.11252094886078e-17 -1.30718263921919e-17 -1.99116362712607e-14     0.861947522073231     0.318070321763387  3.75803525379213e-15     0.674747807457328 -8.96862801922467e-17
  -0.0139377862984363   -0.0115848306891997     0.787316629169601     0.331569180843614    -0.417346960438795 -4.80433886661968e-15 -1.33406949954555e-14 -1.11330104613698e-16 -8.96862801922467e-17     0.692657088951844
First eigenvector coefficient: 0.290761136592116
TOTAL ENERGY: -124.368095303601	 lambda: -4.75	 population of target: 3.66524866145829
1RDM: 
     1.99985326555281 -0.000122891842356325   0.00833671288421078   0.00354350350506316  -0.00436767163600187 -5.05958257395613e-17   -1.397255734872e-16 -1.30359889479741e-18 -4.95244107178739e-19   -0.0138601983234538
-0.000122891842356325      1.99987949271039   0.00720960808982431   0.00360414203921052  -0.00295811497018584 -3.45267108410267e-17 -9.46879904269698e-17 -3.02039679891264e-18 -6.65320249950821e-19   -0.0115316552154692
  0.00833671288421078   0.00720960808982431      1.52231438243163    -0.212375676858336     0.236117217800227  2.73915888554075e-15  7.59514341442343e-15   5.2175010246125e-17  1.29203840929915e-17      0.78634656540981
  0.00354350350506316   0.00360414203921052    -0.212375676858336      1.88263781728577    0.0700347364065094  9.40641788684979e-16  1.99172788616988e-15  5.27398830854623e-16 -7.31844908164035e-18     0.330493325823286
 -0.00436767163600187  -0.00295811497018584     0.236117217800227    0.0700347364065094      1.83004128946081  5.39800150665595e-15  1.44291050896308e-14 -2.31687167277196e-14 -1.98949283495125e-14    -0.417776825028251
-5.05958257395613e-17 -3.45267108410267e-17  2.73915888554075e-15  9.40641788684979e-16  5.39800150665595e-15      1.36419636156559  3.37781037716801e-15    -0.317912653368841     0.861520252128983 -4.80958554987674e-15
  -1.397255734872e-16 -9.46879904269698e-17  7.59514341442343e-15  1.99172788616988e-15  1.44291050896308e-14  3.37781037716801e-15      1.36419636156558     0.861520252128988     0.317912653368841 -1.33537275508031e-14
-1.30359889479741e-18 -3.02039679891264e-18   5.2175010246125e-17  5.27398830854623e-16 -2.31687167277196e-14    -0.317912653368841     0.861520252128988     0.673641919983336  2.27226248788767e-15 -1.10449430103315e-16
-4.95244107178739e-19 -6.65320249950821e-19  1.29203840929915e-17 -7.31844908164035e-18 -1.98949283495125e-14     0.861520252128983     0.317912653368841  2.27226248788767e-15     0.673641919983319 -8.87613689425375e-17
  -0.0138601983234538   -0.0115316552154692      0.78634656540981     0.330493325823286    -0.417776825028251 -4.80958554987674e-15 -1.33537275508031e-14 -1.10449430103315e-16 -8.87613689425375e-17     0.689597189460795
First eigenvector coefficient: 0.291911063171398
TOTAL ENERGY: -124.374675101154	 lambda: -4.7	 population of target: 3.66664125256496
1RDM: 
     1.99985525460054 -0.000121353829620554   0.00825967543810724   0.00350383180256384  -0.00433696336146575 -5.02380709418607e-17 -1.38729071690241e-16 -1.29092628543082e-18 -4.90851081776029e-19   -0.0137822329610279
-0.000121353829620554      1.99988065628138   0.00715258940618317   0.00357476496836169  -0.00293553060150316 -3.42685692343347e-17 -9.39772914374995e-17 -2.98639314284686e-18 -6.44586701395769e-19    -0.011478571147229
  0.00825967543810724   0.00715258940618317      1.52463203861455    -0.211003075551866     0.235447025817206  2.73062815309926e-15  7.57090494210007e-15  5.41497749236827e-17  1.46665159651158e-17     0.785351295771607
  0.00350383180256384   0.00357476496836169    -0.211003075551866      1.88334368162747    0.0694890250706622  9.31795454744304e-16  1.96932827167023e-15  5.33005444919892e-16 -1.69552107953202e-18     0.329401515507974
 -0.00433696336146575  -0.00293553060150316     0.235447025817206    0.0694890250706622      1.83002799868715  5.38151138936743e-15  1.43858250196892e-14 -2.31495207821411e-14 -1.98780845144945e-14    -0.418191202387794
-5.02380709418607e-17 -3.42685692343347e-17  2.73062815309926e-15  9.31795454744304e-16  5.38151138936743e-15      1.36538842082021   5.7504410012915e-15    -0.317750508250594     0.861080850590165 -4.81463955514256e-15
-1.38729071690241e-16 -9.39772914374995e-17  7.57090494210007e-15  1.96932827167023e-15  1.43858250196892e-14   5.7504410012915e-15      1.36538842082018     0.861080850590175     0.317750508250593 -1.33662338295234e-14
-1.29092628543082e-18 -2.98639314284686e-18  5.41497749236827e-17  5.33005444919892e-16 -2.31495207821411e-14    -0.317750508250594     0.861080850590175     0.672504482802307  4.56488297351393e-15 -1.09598671414183e-16
-4.90851081776029e-19 -6.44586701395769e-19  1.46665159651158e-17 -1.69552107953202e-18 -1.98780845144945e-14     0.861080850590165     0.317750508250593  4.56488297351393e-15     0.672504482802275 -8.78600096537259e-17
  -0.0137822329610279    -0.011478571147229     0.785351295771607     0.329401515507974    -0.418191202387794 -4.81463955514256e-15 -1.33662338295234e-14 -1.09598671414183e-16 -8.78600096537259e-17     0.686474562943984
First eigenvector coefficient: 0.293090339302788
TOTAL ENERGY: -124.381409718141	 lambda: -4.65	 population of target: 3.66808185614309
1RDM: 
     1.99985723986378 -0.000119821143631637    0.0081822186147845   0.00346403865580499  -0.00430584781676333 -4.98755429961494e-17 -1.37719780285859e-16 -1.27815785300758e-18 -4.86466243107122e-19   -0.0137038877620885
-0.000119821143631637       1.9998818132438   0.00709540819893979   0.00354535204395752  -0.00291273199331975 -3.40076795896106e-17 -9.32595105411643e-17 -2.95275838486508e-18 -6.24321515411761e-19   -0.0114255816150783
   0.0081822186147845   0.00709540819893979       1.5269916448413    -0.209612219527951      0.23474948584193  2.72179901090591e-15  7.54584519069516e-15  5.60682558193707e-17  1.63622769937949e-17     0.784329888046683
  0.00346403865580499   0.00354535204395752    -0.209612219527951      1.88405704097832     0.068931150459249  9.22854538352998e-16  1.94670782752891e-15   5.3844246305715e-16  3.79457136940227e-18     0.328293343782033
 -0.00430584781676333  -0.00291273199331975      0.23474948584193     0.068931150459249      1.83003182679345  5.36491297903982e-15   1.4342261251339e-14 -2.31301527355142e-14 -1.98610942655333e-14    -0.418588945559469
-4.98755429961494e-17 -3.40076795896106e-17  2.72179901090591e-15  9.22854538352998e-16  5.36491297903982e-15      1.36661240574593  4.47973178577224e-15    -0.317583681186415     0.860628761319273 -4.81948763657669e-15
-1.37719780285859e-16 -9.32595105411643e-17  7.54584519069516e-15  1.94670782752891e-15   1.4342261251339e-14  4.47973178577224e-15      1.36661240574591     0.860628761319281     0.317583681186414 -1.33781781281284e-14
-1.27815785300758e-18 -2.95275838486508e-18  5.60682558193707e-17   5.3844246305715e-16 -2.31301527355142e-14    -0.317583681186415     0.860628761319281     0.671334209119888  4.29167262603251e-15 -1.08777340050249e-16
-4.86466243107122e-19 -6.24321515411761e-19  1.63622769937949e-17  3.79457136940227e-18 -1.98610942655333e-14     0.860628761319273     0.317583681186414  4.29167262603251e-15     0.671334209119862 -8.69816965036226e-17
  -0.0137038877620885   -0.0114255816150783     0.784329888046683     0.328293343782033    -0.418588945559469 -4.81948763657669e-15 -1.33781781281284e-14 -1.08777340050249e-16 -8.69816965036226e-17     0.683287204547816
First eigenvector coefficient: -0.294300115267861
TOTAL ENERGY: -124.388305003125	 lambda: -4.6	 population of target: 3.66957277497665
1RDM: 
     1.99985922121495 -0.000118293822627749   0.00810433789129548   0.00342412413375678   -0.0042743149947592 -4.95081023260848e-17 -1.36697328026354e-16 -1.26537465218085e-18 -4.82161326915067e-19   -0.0136251602056016
-0.000118293822627749      1.99988296360778   0.00703805932612283   0.00351590170857323  -0.00288971163430551 -3.37440353371484e-17 -9.25346445680564e-17 -2.91923434461337e-18 -6.04311780033259e-19   -0.0113726897579006
  0.00810433789129548   0.00703805932612283      1.52939433705979    -0.208202725775309     0.234023515491974  2.71265041023153e-15  7.51990682405998e-15  5.79584919608413e-17  1.80314368227596e-17     0.783281363226272
  0.00342412413375678   0.00351590170857323    -0.208202725775309      1.88477802286859     0.068360748143927   9.1379108735201e-16  1.92379206288736e-15  5.43784942210968e-16  9.21628938946982e-18       0.3271683855865
  -0.0042743149947592  -0.00288971163430551     0.234023515491974     0.068360748143927      1.83005370088028  5.34817485820855e-15  1.42983285721088e-14 -2.31105096376368e-14 -1.98438698746161e-14    -0.418968835903309
-4.95081023260848e-17 -3.37440353371484e-17  2.71265041023153e-15   9.1379108735201e-16  5.34817485820855e-15      1.36786962102309  3.12272884213213e-15    -0.317411954415687     0.860163394199774  -4.8241177133661e-15
-1.36697328026354e-16 -9.25346445680564e-17  7.51990682405998e-15  1.92379206288736e-15  1.42983285721088e-14  3.12272884213213e-15      1.36786962102307     0.860163394199781     0.317411954415687 -1.33895279483057e-14
-1.26537465218085e-18 -2.91923434461337e-18  5.79584919608413e-17  5.43784942210968e-16 -2.31105096376368e-14    -0.317411954415687     0.860163394199781     0.670129743464799  4.01481282577821e-15  -1.0797966858063e-16
-4.82161326915067e-19 -6.04311780033259e-19  1.80314368227596e-17  9.21628938946982e-18 -1.98438698746161e-14     0.860163394199774     0.317411954415687  4.01481282577821e-15     0.670129743464781 -8.61214271717995e-17
  -0.0136251602056016   -0.0113726897579006     0.783281363226272       0.3271683855865    -0.418968835903309  -4.8241177133661e-15 -1.33895279483057e-14  -1.0797966858063e-16 -8.61214271717995e-17     0.680033025392915
First eigenvector coefficient: 0.29554160149211
TOTAL ENERGY: -124.395367105403	 lambda: -4.55	 population of target: 3.671116453095
1RDM: 
     1.99986119852531 -0.000116771903482742   0.00802602859826069   0.00338408827203944  -0.00424235453290125 -4.91355914697654e-17 -1.35661295106528e-16 -1.25270878095986e-18 -4.78051572568388e-19   -0.0135460476883628
-0.000116771903482742      1.99988410738632   0.00698053734669508   0.00348641226650799  -0.00286646165437855 -3.34776679959486e-17 -9.18027952605706e-17 -2.88543309934947e-18 -5.84234883053535e-19   -0.0113198987133743
  0.00802602859826069   0.00698053734669508      1.53184129264153    -0.206774198104115     0.233267985159823  2.70315655777104e-15   7.4930195273695e-15  5.98626812813163e-17  1.97097786419974e-17     0.782204692489545
  0.00338408827203944   0.00348641226650799    -0.206774198104115      1.88550675970619     0.067777440322098  9.04565657316434e-16  1.90047511582944e-15  5.49145229391938e-16  1.46657803751224e-17     0.326026195523228
 -0.00424235453290125  -0.00286646165437855     0.233267985159823     0.067777440322098      1.83009459524477  5.33125221376051e-15  1.42539051235185e-14 -2.30904446646723e-14 -1.98262863631949e-14    -0.419329578300716
-4.91355914697654e-17 -3.34776679959486e-17  2.70315655777104e-15  9.04565657316434e-16  5.33125221376051e-15      1.36916144179424  4.40717968299457e-15    -0.317235096693649     0.859684122573702 -4.82851754601316e-15
-1.35661295106528e-16 -9.18027952605706e-17   7.4930195273695e-15  1.90047511582944e-15  1.42539051235185e-14  4.40717968299457e-15      1.36916144179422      0.85968412257371     0.317235096693649 -1.34002503999431e-14
-1.25270878095986e-18 -2.88543309934947e-18  5.98626812813163e-17  5.49145229391938e-16 -2.30904446646723e-14    -0.317235096693649      0.85968412257371     0.668889657191619  4.28055845720468e-15 -1.07198120295722e-16
-4.78051572568388e-19 -5.84234883053535e-19  1.97097786419974e-17  1.46657803751224e-17 -1.98262863631949e-14     0.859684122573702     0.317235096693649  4.28055845720468e-15     0.668889657191594 -8.52726957222503e-17
  -0.0135460476883628   -0.0113198987133743     0.782204692489545     0.326026195523228    -0.419329578300716 -4.82851754601316e-15 -1.34002503999431e-14 -1.07198120295722e-16 -8.52726957222503e-17     0.676709848524268
First eigenvector coefficient: -0.296816072415345
TOTAL ENERGY: -124.402602494168	 lambda: -4.5	 population of target: 3.67271548624954
1RDM: 
     1.99986317166496 -0.000115255421550085   0.00794728591003247   0.00334393106708764  -0.00420995569723358 -4.87578732621648e-17  -1.3461131723179e-16 -1.24020208629078e-18 -4.74175485951547e-19   -0.0134665475133962
-0.000115255421550085      1.99988524459556   0.00692283650048483   0.00345688187250028   -0.0028429738045633  -3.3208517933913e-17 -9.10638171301213e-17 -2.85122599149497e-18 -5.63989564597337e-19   -0.0112672116069921
  0.00794728591003247   0.00692283650048483      1.53433373223394    -0.205326226450649     0.232481715818365  2.69329993755303e-15  7.46513550815521e-15  6.17941164293306e-17   2.1408449297987e-17     0.781098793958854
  0.00334393106708764   0.00345688187250028    -0.205326226450649      1.88624338911104    0.0671808352653144   8.9516272604687e-16  1.87671631330039e-15  5.54558393803025e-16  2.01733782443294e-17     0.324866306331769
 -0.00420995569723358   -0.0028429738045633     0.232481715818365    0.0671808352653144      1.83015553378029  5.31412764439741e-15   1.4208943660649e-14 -2.30698980406003e-14 -1.98082929223667e-14     -0.41966979600674
-4.87578732621648e-17  -3.3208517933913e-17  2.69329993755303e-15   8.9516272604687e-16  5.31412764439741e-15      1.37048931833138  3.12075503245095e-15    -0.317052862261344     0.859190280450788 -4.83267179943839e-15
 -1.3461131723179e-16 -9.10638171301213e-17  7.46513550815521e-15  1.87671631330039e-15   1.4208943660649e-14  3.12075503245095e-15      1.37048931833137     0.859190280450793     0.317052862261344 -1.34103041921141e-14
-1.24020208629078e-18 -2.85122599149497e-18  6.17941164293306e-17  5.54558393803025e-16 -2.30698980406003e-14    -0.317052862261344     0.859190280450793     0.667612443639822  2.41108896858749e-15 -1.06430954082379e-16
-4.74175485951547e-19 -5.63989564597337e-19   2.1408449297987e-17  2.01733782443294e-17 -1.98082929223667e-14     0.859190280450788     0.317052862261344  2.41108896858749e-15     0.667612443639805 -8.44339306646164e-17
  -0.0134665475133962   -0.0112672116069921     0.781098793958854     0.324866306331769     -0.41966979600674 -4.83267179943839e-15 -1.34103041921141e-14 -1.06430954082379e-16 -8.44339306646164e-17      0.67331540467181
First eigenvector coefficient: -0.29812487065147
TOTAL ENERGY: -124.410017978666	 lambda: -4.45	 population of target: 3.67437263320064
1RDM: 
     1.99986514050298 -0.000113744410537565   0.00786810483679187   0.00330365247440267  -0.00417710736447263  -4.8379479144253e-17 -1.33559771039455e-16 -1.21058031882484e-18  -4.5584813847874e-19   -0.0133866568790216
-0.000113744410537565      1.99988637525501   0.00686495068826992   0.00342730852300182   -0.0028192394345162 -3.29211538231376e-17 -9.02756238042311e-17 -2.86300754763022e-18 -5.83029015732506e-19   -0.0112146315402137
  0.00786810483679187   0.00686495068826992       1.5368729215912    -0.203858386398013     0.231663476624849  2.68460448253577e-15  7.44041483040561e-15  5.86400157018381e-17  1.87797875973684e-17     0.779962529243486
  0.00330365247440267   0.00342730852300182    -0.203858386398013       1.8869880540677    0.0665705268013252  8.89747911957126e-16  1.86388934606776e-15  5.46451629360874e-16   1.4198373786595e-17     0.323688227589898
 -0.00417710736447263   -0.0028192394345162     0.231663476624849    0.0665705268013252      1.83023759260014  5.30161165190965e-15  1.41765769122296e-14 -2.30643891600432e-14 -1.98030861311674e-14    -0.419988024893976
 -4.8379479144253e-17 -3.29211538231376e-17  2.68460448253577e-15  8.89747911957126e-16  5.30161165190965e-15      1.37185478095255  4.98013482881887e-15    -0.316864989714874      0.85868115950563 -4.83624539219808e-15
-1.33559771039455e-16 -9.02756238042311e-17  7.44041483040561e-15  1.86388934606776e-15  1.41765769122296e-14  4.98013482881887e-15      1.37185478095253     0.858681159505639     0.316864989714874  -1.3418774885225e-14
-1.21058031882484e-18 -2.86300754763022e-18  5.86400157018381e-17  5.46451629360874e-16 -2.30643891600432e-14    -0.316864989714874     0.858681159505639     0.666296513054952   4.3268480081871e-15 -1.06495067841296e-16
 -4.5584813847874e-19 -5.83029015732506e-19  1.87797875973684e-17   1.4198373786595e-17 -1.98030861311674e-14      0.85868115950563     0.316864989714874   4.3268480081871e-15     0.666296513054926 -8.42997897856237e-17
  -0.0133866568790216   -0.0112146315402137     0.779962529243486     0.323688227589898    -0.419988024893976 -4.83624539219808e-15  -1.3418774885225e-14 -1.06495067841296e-16 -8.42997897856237e-17     0.669847327968052
First eigenvector coefficient: 0.29946941130689
TOTAL ENERGY: -124.417620731974	 lambda: -4.4	 population of target: 3.67609082846006
1RDM: 
     1.99986710490764 -0.000112238902129299   0.00778848020206297   0.00326325238247423  -0.00414379800898732 -4.79912479022539e-17 -1.32481672729006e-16 -1.19724935759157e-18  -4.5148218229477e-19   -0.0133063728545413
-0.000112238902129299      1.99988749938793   0.00680687344164949   0.00339769002863872  -0.00279524947416551 -3.26452821433902e-17 -8.95192679850385e-17 -2.83056849289197e-18 -5.64653620145051e-19   -0.0111621615718453
  0.00778848020206297   0.00680687344164949      1.53946017403944    -0.202370237335817      0.23081198297975  2.67405878062753e-15  7.41063903671263e-15  6.03481021347222e-17  2.02837729153278e-17     0.778794699502915
  0.00326325238247423   0.00339769002863872    -0.202370237335817      1.88774090415271    0.0659460935126853  8.80188290504649e-16  1.83979936141456e-15  5.51244103418474e-16  1.92098899569232e-17     0.322491442420913
 -0.00414379800898732  -0.00279524947416551      0.23081198297975    0.0659460935126853      1.83034190218375  5.28431639604182e-15  1.41311833535603e-14 -2.30436549625818e-14 -1.97849282210767e-14    -0.420282708445757
-4.79912479022539e-17 -3.26452821433902e-17  2.67405878062753e-15  8.80188290504649e-16  5.28431639604182e-15      1.37325944591148  3.99132747459168e-15    -0.316671200812277     0.858156005588117 -4.83984777297334e-15
-1.32481672729006e-16 -8.95192679850385e-17  7.41063903671263e-15  1.83979936141456e-15  1.41311833535603e-14  3.99132747459168e-15      1.37325944591145     0.858156005588126     0.316671200812278 -1.34273270254028e-14
-1.19724935759157e-18 -2.83056849289197e-18  6.03481021347222e-17  5.51244103418474e-16 -2.30436549625818e-14    -0.316671200812277     0.858156005588126      0.66494018639641  5.05648021329408e-15 -1.05770661727764e-16
 -4.5148218229477e-19 -5.64653620145051e-19  2.02837729153278e-17  1.92098899569232e-17 -1.97849282210767e-14     0.858156005588117     0.316671200812278  5.05648021329408e-15     0.664940186396385 -8.34923670544207e-17
  -0.0133063728545413   -0.0111621615718453     0.778794699502915     0.322491442420913    -0.420282708445757 -4.83984777297334e-15 -1.34273270254028e-14 -1.05770661727764e-16 -8.34923670544207e-17     0.666303150712841
First eigenvector coefficient: -0.300851187506818
TOTAL ENERGY: -124.425418312393	 lambda: -4.35	 population of target: 3.67787319521703
1RDM: 
     1.99986906474626 -0.000110738926110458   0.00770840664756608   0.00322273063424759  -0.00411001567781165 -4.75970082401357e-17 -1.31387475248097e-16 -1.18554085499113e-18 -4.48603774414666e-19   -0.0132256923794444
-0.000110738926110458      1.99988861702144   0.00674859790979419   0.00336802402218603  -0.00277099440358655 -3.23675797070148e-17 -8.87584386232615e-17 -2.79381534303753e-18  -5.4281532450697e-19   -0.0111098047101517
  0.00770840664756608   0.00674859790979419      1.54209685200468    -0.200861323200207     0.229925893361621  2.66297730567704e-15  7.37939417873279e-15  6.25124119879459e-17  2.21722426446637e-17     0.777594041588789
  0.00322273063424759   0.00336802402218603    -0.200861323200207      1.88850209468951    0.0653070984473463  8.70087975168451e-16  1.81428130315224e-15  5.57223525243508e-16  2.52453366210671e-17     0.321275407744062
 -0.00411001567781165  -0.00277099440358655     0.229925893361621    0.0653070984473463      1.83046965080258   5.2664000171997e-15  1.40841078282178e-14 -2.30210723730113e-14 -1.97651985301003e-14    -0.420552189974744
-4.75970082401357e-17 -3.23675797070148e-17  2.66297730567704e-15  8.70087975168451e-16   5.2664000171997e-15      1.37470502055068  3.53687935656556e-15    -0.316471199088358     0.857614015341617 -4.84317522711997e-15
-1.31387475248097e-16 -8.87584386232615e-17  7.37939417873279e-15  1.81428130315224e-15  1.40841078282178e-14  3.53687935656556e-15      1.37470502055067     0.857614015341623     0.316471199088358 -1.34351324030368e-14
-1.18554085499113e-18 -2.79381534303753e-18  6.25124119879459e-17  5.57223525243508e-16 -2.30210723730113e-14    -0.316471199088358     0.857614015341623     0.663541690121095  3.00536805825479e-15   -1.049969950255e-16
-4.48603774414666e-19  -5.4281532450697e-19  2.21722426446637e-17  2.52453366210671e-17 -1.97651985301003e-14     0.857614015341617     0.316471199088358  3.00536805825479e-15     0.663541690121074 -8.26405164610111e-17
  -0.0132256923794444   -0.0111098047101517     0.777594041588789     0.321275407744062    -0.420552189974744 -4.84317522711997e-15 -1.34351324030368e-14   -1.049969950255e-16 -8.26405164610111e-17     0.662680299392033
First eigenvector coefficient: 0.302271774351377
TOTAL ENERGY: -124.433418690504	 lambda: -4.3	 population of target: 3.67972306031785
1RDM: 
     1.99987101988571 -0.000109244509757245   0.00762787860343456   0.00318208699308858  -0.00407574797528847  -4.7195392746262e-17 -1.30273454387607e-16 -1.18002580790106e-18 -4.51099618504273e-19   -0.0131446122238172
-0.000109244509757245      1.99988972818719   0.00669011682022191   0.00333830792291603  -0.00274646423185309  -3.2091844139845e-17 -8.80035385785888e-17 -2.74078232706595e-18 -5.07364561472595e-19   -0.0110575638786141
  0.00762787860343456   0.00669011682022191       1.5447843695769    -0.199331170329406     0.229003807382353  2.65095787507463e-15  7.34558033111851e-15  6.64295301132173e-17  2.55461203968015e-17     0.776359223533308
  0.00318208699308858   0.00333830792291603    -0.199331170329406      1.88927178820454    0.0646530882508289  8.58423576541594e-16  1.78453734261826e-15  5.67733184709324e-16  3.51443078658649e-17     0.320039550217415
 -0.00407574797528847  -0.00274646423185309     0.229003807382353    0.0646530882508289      1.83062208679968  5.24664045336754e-15  1.40320077830525e-14  -2.2992664710259e-14  -1.9740519832221e-14    -0.420794706957023
 -4.7195392746262e-17  -3.2091844139845e-17  2.65095787507463e-15  8.58423576541594e-16  5.24664045336754e-15      1.37619331000989  1.33686994863723e-15    -0.316264668405308     0.857054332116202  -4.8462712725779e-15
-1.30273454387607e-16 -8.80035385785888e-17  7.34558033111851e-15  1.78453734261826e-15  1.40320077830525e-14  1.33686994863723e-15      1.37619331000988     0.857054332116205     0.316264668405308 -1.34423111874841e-14
-1.18002580790106e-18 -2.74078232706595e-18  6.64295301132173e-17  5.67733184709324e-16  -2.2992664710259e-14    -0.316264668405308     0.857054332116205     0.662099149105747  3.03915372746186e-15 -1.04024375123026e-16
-4.51099618504273e-19 -5.07364561472595e-19  2.55461203968015e-17  3.51443078658649e-17  -1.9740519832221e-14     0.857054332116202     0.316264668405308  3.03915372746186e-15     0.662099149105735 -8.16170417897557e-17
  -0.0131446122238172   -0.0110575638786141     0.776359223533308     0.320039550217415    -0.420794706957023  -4.8462712725779e-15 -1.34423111874841e-14 -1.04024375123026e-16 -8.16170417897557e-17     0.658976089114743
First eigenvector coefficient: -0.303732835749521
TOTAL ENERGY: -124.441630276189	 lambda: -4.25	 population of target: 3.68164397011729
1RDM: 
     1.99987297019214 -0.000107755677974188    0.0075468902881296   0.00314132115275022  -0.00404098204167494 -4.67908359453131e-17 -1.29151733731169e-16 -1.16360809766837e-18 -4.44446653324241e-19   -0.0130631289882681
-0.000107755677974188      1.99989083292134   0.00663142246071731   0.00330853893529402  -0.00272164846734011 -3.18032312305265e-17 -8.72140327945891e-17 -2.71627795608494e-18 -4.96372921440806e-19   -0.0110054419106226
   0.0075468902881296   0.00663142246071731      1.54752419471801    -0.197779287344457     0.228044262646252  2.63944440127363e-15  7.31314471606962e-15  6.72094537633526e-17  2.62509135247844e-17     0.775088839819837
  0.00314132115275022   0.00330853893529402    -0.197779287344457      1.89005015422946    0.0639835926867314  8.49057393702703e-16  1.76113036515277e-15  5.70102416000194e-16   3.8144102131088e-17     0.318783265190186
 -0.00404098204167494  -0.00272164846734011     0.228044262646252    0.0639835926867314      1.83080052190848  5.22962065410706e-15  1.39874130308853e-14 -2.29732923843659e-14 -1.97235169180347e-14     -0.42100838282341
-4.67908359453131e-17 -3.18032312305265e-17  2.63944440127363e-15  8.49057393702703e-16  5.22962065410706e-15      1.37772622402336  4.40598593420669e-15    -0.316051271371757     0.856476041587957 -4.84885947742543e-15
-1.29151733731169e-16 -8.72140327945891e-17  7.31314471606962e-15  1.76113036515277e-15  1.39874130308853e-14  4.40598593420669e-15      1.37772622402334     0.856476041587962     0.316051271371755 -1.34481076346285e-14
-1.16360809766837e-18 -2.71627795608494e-18  6.72094537633526e-17  5.70102416000194e-16 -2.29732923843659e-14    -0.316051271371757     0.856476041587962      0.66061057969095  1.51638938498886e-15 -1.03463366810524e-16
-4.44446653324241e-19 -4.96372921440806e-19  2.62509135247844e-17   3.8144102131088e-17 -1.97235169180347e-14     0.856476041587957     0.316051271371755  1.51638938498886e-15     0.660610579690933 -8.09405143561962e-17
  -0.0130631289882681   -0.0110054419106226     0.775088839819837     0.318783265190186     -0.42100838282341 -4.84885947742543e-15 -1.34481076346285e-14 -1.03463366810524e-16 -8.09405143561962e-17     0.655187718602036
First eigenvector coefficient: 0.305236129546113
TOTAL ENERGY: -124.450061948953	 lambda: -4.2	 population of target: 3.68363970804756
1RDM: 
     1.99987491553148 -0.000106272452771103   0.00746543568151143   0.00310043271203332  -0.00400570453298799 -4.63795102993207e-17 -1.28011875673639e-16 -1.14995722846694e-18 -4.40266648376623e-19   -0.0129812390641078
-0.000106272452771103      1.99989193126522   0.00657250664192772   0.00327871401923158   -0.0026965360915713 -3.15134040425827e-17 -8.64218040285124e-17 -2.68437334315731e-18 -4.79330212913081e-19   -0.0109534415157735
  0.00746543568151143   0.00657250664192772      1.55031785187664    -0.196205163454854     0.227045732304764  2.62724692467777e-15   7.2788351126972e-15  6.87725188742268e-17  2.76173374882688e-17     0.773781406163012
  0.00310043271203332   0.00327871401923158    -0.196205163454854      1.89083737039828    0.0632981238396802  8.38896949440706e-16  1.73560826936077e-15  5.74431690328116e-16  4.28264715165061e-17     0.317505913039275
 -0.00400570453298799   -0.0026965360915713     0.227045732304764    0.0632981238396802      1.83100633395848  5.21164751940649e-15  1.39402291597124e-14 -2.29509867422939e-14 -1.97040203959991e-14    -0.421191219690298
-4.63795102993207e-17 -3.15134040425827e-17  2.62724692467777e-15  8.38896949440706e-16  5.21164751940649e-15      1.37930578430122  3.31546344098614e-15    -0.315830647567996      0.85587816702059 -4.85111727156779e-15
-1.28011875673639e-16 -8.64218040285124e-17   7.2788351126972e-15  1.73560826936077e-15  1.39402291597124e-14  3.31546344098614e-15      1.37930578430121     0.855878167020595     0.315830647567995 -1.34530084215888e-14
-1.14995722846694e-18 -2.68437334315731e-18  6.87725188742268e-17  5.74431690328116e-16 -2.29509867422939e-14    -0.315830647567996     0.855878167020595     0.659073881964612  2.49915725854245e-15 -1.02835696233594e-16
-4.40266648376623e-19 -4.79330212913081e-19  2.76173374882688e-17  4.28264715165061e-17 -1.97040203959991e-14      0.85587816702059     0.315830647567995  2.49915725854245e-15     0.659073881964595 -8.02044948472553e-17
  -0.0129812390641078   -0.0109534415157735     0.773781406163012     0.317505913039275    -0.421191219690298 -4.85111727156779e-15 -1.34530084215888e-14 -1.02835696233594e-16 -8.02044948472553e-17       0.6513122644383
