HCORE:-26.8507 -7.94684 -7.80305 -8.70704 -8.93672 -33.9337  -9.2709 -7.45963 -7.45963 -8.70704
HCORE2:-33.9337 -26.8507  -9.2709 -8.93672 -8.70704 -8.70704 -7.94684 -7.80305 -7.45963 -7.45963
TOTAL ENERGY: -124.511157967849	 lambda: -5	 population of target: 3.92867255135264
1RDM: 
     1.99998444440301 -1.08353533402388e-05  -0.00185068651373352  -0.00086247145247328   0.00376136052214724  9.28732513697616e-18 -5.04418937356503e-17 -4.47837954372102e-17   3.8944392351854e-17   0.00354867033139232
-1.08353533402388e-05      1.99997038454619  -0.00170193576906292  -0.00167767854827458   0.00188708787294017  7.49005916200276e-18 -4.01286815049736e-17 -1.05828447591938e-17  1.35445809824538e-17   0.00233389225684637
 -0.00185068651373352  -0.00170193576906292      1.77107338349071      -0.1254962679684     0.431890847203617  1.42100510971275e-15 -6.88559780495093e-15 -3.81922254931195e-15  3.26484046356529e-15     0.419294662686788
 -0.00086247145247328  -0.00167767854827458      -0.1254962679684      1.89191660368338     0.167049609396729  3.53296948414599e-16 -2.26836963435892e-15 -2.49479374886631e-15  2.36687327834901e-15     0.188839769944276
  0.00376136052214724   0.00188708787294017     0.431890847203617     0.167049609396729       1.0614960421756  -6.2752400002661e-15  2.30623875709545e-14 -3.65413064561477e-15  5.19666874049566e-15    -0.863831625763697
 9.28732513697616e-18  7.49005916200276e-18  1.42100510971275e-15  3.53296948414599e-16  -6.2752400002661e-15      1.54904254064229 -2.26823319785738e-14     0.342049680312116     0.749713985649661 -4.40056068775592e-16
-5.04418937356503e-17 -4.01286815049736e-17 -6.88559780495093e-15 -2.26836963435892e-15  2.30623875709545e-14 -2.26823319785738e-14      1.54904254064226      0.74971398564969    -0.342049680312099  6.53229480547234e-15
-4.47837954372102e-17 -1.05828447591938e-17 -3.81922254931195e-15 -2.49479374886631e-15 -3.65413064561477e-15     0.342049680312116      0.74971398564969     0.494150333982232  2.31692920497194e-15  1.73207462636247e-14
  3.8944392351854e-17  1.35445809824538e-17  3.26484046356529e-15  2.36687327834901e-15  5.19666874049566e-15     0.749713985649661    -0.342049680312099  2.31692920497194e-15     0.494150333982168 -1.55159320561247e-14
  0.00354867033139232   0.00233389225684637     0.419294662686788     0.188839769944276    -0.863831625763697 -4.40056068775592e-16  6.53229480547234e-15  1.73207462636247e-14 -1.55159320561247e-14      1.18917339245219
First eigenvector coefficient: -0.234419683948603
TOTAL ENERGY: -124.513080030216	 lambda: -4.95	 population of target: 3.9290589067142
1RDM: 
     1.99998462809962 -1.07499356582661e-05  -0.00183582652129515 -0.000854019185796785   0.00373794856522223  9.24396625550476e-18 -5.01736315385185e-17  -4.4495292755303e-17  3.86896549222361e-17   0.00353144847319552
-1.07499356582661e-05      1.99997039902385  -0.00169691596757988  -0.00167505811136695   0.00188051188356763  7.47772799323835e-18 -4.00799803033062e-17  -1.0480001895219e-17  1.34751999072174e-17   0.00233160294944766
 -0.00183582652129515  -0.00169691596757988      1.77200485393218    -0.124885101013698      0.43080531382063  1.41987608092031e-15 -6.87675813115131e-15 -3.80371764416946e-15  3.25144001692945e-15     0.418855470003511
-0.000854019185796785  -0.00167505811136695    -0.124885101013698      1.89225548425259     0.166145860412208  3.51948692657833e-16 -2.26097163963297e-15 -2.48051689925319e-15  2.35569218277932e-15     0.188279249027791
  0.00373794856522223   0.00188051188356763      0.43080531382063     0.166145860412208      1.06201454192187 -6.27553558526849e-15  2.30625073944265e-14 -3.66739718395283e-15   5.2087472224537e-15    -0.864506235929938
 9.24396625550476e-18  7.47772799323835e-18  1.41987608092031e-15  3.51948692657833e-16 -6.27553558526849e-15      1.54949253625063 -2.12626976684894e-14     0.341932213650121     0.749456519203027  -4.4576492515915e-16
-5.01736315385185e-17 -4.00799803033062e-17 -6.87675813115131e-15 -2.26097163963297e-15  2.30625073944265e-14 -2.12626976684894e-14       1.5494925362506     0.749456519203051    -0.341932213650104  6.55555828232222e-15
 -4.4495292755303e-17  -1.0480001895219e-17 -3.80371764416946e-15 -2.48051689925319e-15 -3.66739718395283e-15     0.341932213650121     0.749456519203051     0.493680998153523  3.80628921235565e-15  1.73254620205793e-14
 3.86896549222361e-17  1.34751999072174e-17  3.25144001692945e-15  2.35569218277932e-15   5.2087472224537e-15     0.749456519203027    -0.341932213650104  3.80628921235565e-15     0.493680998153464 -1.55203186088755e-14
  0.00353144847319552   0.00233160294944766     0.418855470003511     0.188279249027791    -0.864506235929938  -4.4576492515915e-16  6.55555828232222e-15  1.73254620205793e-14 -1.55203186088755e-14      1.18742302396166
First eigenvector coefficient: 0.235054793683609
TOTAL ENERGY: -124.51505020291	 lambda: -4.9	 population of target: 3.92945895367241
1RDM: 
      1.9999848112156 -1.06646376288876e-05  -0.00182093085512824 -0.000845594753383898   0.00371440247830533  9.20022909916632e-18 -4.99041389866234e-17 -4.42059978917957e-17  3.84347594347886e-17   0.00351422463643766
-1.06646376288876e-05      1.99997041350762  -0.00169187287509608  -0.00167244519191217   0.00187389857227978  7.46521152728577e-18 -4.00297924113544e-17 -1.03812057674474e-17  1.34094379814804e-17   0.00232938885149535
 -0.00182093085512824  -0.00169187287509608      1.77294672845392    -0.124272871571402     0.429697893523412  1.41872119135858e-15 -6.86785181762428e-15  -3.7878701981129e-15  3.23784414301842e-15     0.418414893022296
-0.000845594753383898  -0.00167244519191217    -0.124272871571402       1.8925928420925     0.165238660927302  3.50819014358523e-16 -2.25429000715776e-15 -2.46531609133195e-15  2.34373723862078e-15      0.18772337358392
  0.00371440247830533   0.00187389857227978     0.429697893523412     0.165238660927302      1.06257422399665 -6.27564099773756e-15  2.30619298441903e-14 -3.68075548504215e-15  5.22085512944605e-15    -0.865185980155859
 9.20022909916632e-18  7.46521152728577e-18  1.41872119135858e-15  3.50819014358523e-16 -6.27564099773756e-15      1.54995574025241 -2.06799446504131e-14     0.341811108209713     0.749191077098578 -4.51826652278156e-16
-4.99041389866234e-17 -4.00297924113544e-17 -6.86785181762428e-15 -2.25429000715776e-15  2.30619298441903e-14 -2.06799446504131e-14      1.54995574025238     0.749191077098603    -0.341811108209697  6.57985618204007e-15
-4.42059978917957e-17 -1.03812057674474e-17  -3.7878701981129e-15 -2.46531609133195e-15 -3.68075548504215e-15     0.341811108209713     0.749191077098603     0.493198212215162  3.12092994146311e-15  1.73296006771736e-14
 3.84347594347886e-17  1.34094379814804e-17  3.23784414301842e-15  2.34373723862078e-15  5.22085512944605e-15     0.749191077098578    -0.341811108209697  3.12092994146311e-15     0.493198212215106 -1.55240839614963e-14
  0.00351422463643766   0.00232938885149535     0.418414893022296      0.18772337358392    -0.865185980155859 -4.51826652278156e-16  6.57985618204007e-15  1.73296006771736e-14 -1.55240839614963e-14      1.18562307579865
First eigenvector coefficient: 0.235708273410295
TOTAL ENERGY: -124.517070773073	 lambda: -4.85	 population of target: 3.92987344228141
1RDM: 
     1.99998499373748 -1.05794585401004e-05  -0.00180599927019535 -0.000837198646771731   0.00369072052612313  9.15660700489668e-18 -4.96342877291766e-17 -4.39148603692137e-17  3.81782520454486e-17   0.00349700149813626
-1.05794585401004e-05      1.99997042800895  -0.00168680505315665  -0.00166983931576713   0.00186724563228906  7.45289024493849e-18 -3.99797481038825e-17 -1.02822647480868e-17   1.3343455081233e-17   0.00232725219857238
 -0.00180599927019535  -0.00168680505315665      1.77389931809556    -0.123659543015171     0.428567823654726  1.41758104245454e-15 -6.85886936362882e-15 -3.77167287426489e-15  3.22393796435173e-15     0.417972954527181
-0.000837198646771731  -0.00166983931576713    -0.123659543015171      1.89292867194318     0.164327941308346  3.49727102666487e-16 -2.24772763798791e-15 -2.44994647787739e-15  2.33164897339555e-15     0.187172379412868
  0.00369072052612313   0.00186724563228906     0.428567823654726     0.164327941308346      1.06317693734044  -6.2757276729653e-15   2.3061116113513e-14 -3.69480525531582e-15  5.23356990589129e-15    -0.865870931598245
 9.15660700489668e-18  7.45289024493849e-18  1.41758104245454e-15  3.49727102666487e-16  -6.2757276729653e-15      1.55043273754357 -2.19249694852485e-14     0.341686194924159     0.748917288562168 -4.58083703044346e-16
-4.96342877291766e-17 -3.99797481038825e-17 -6.85886936362882e-15 -2.24772763798791e-15   2.3061116113513e-14 -2.19249694852485e-14      1.55043273754354     0.748917288562195    -0.341686194924142  6.60482990810721e-15
-4.39148603692137e-17 -1.02822647480868e-17 -3.77167287426489e-15 -2.44994647787739e-15 -3.69480525531582e-15     0.341686194924159     0.748917288562195     0.492701388206689  2.50635348527611e-15  1.73336974602595e-14
 3.81782520454486e-17   1.3343455081233e-17  3.22393796435173e-15  2.33164897339555e-15  5.23356990589129e-15     0.748917288562168    -0.341686194924142  2.50635348527611e-15     0.492701388206627 -1.55278177301033e-14
  0.00349700149813626   0.00232725219857238     0.417972954527181     0.187172379412868    -0.865870931598245 -4.58083703044346e-16  6.60482990810721e-15  1.73336974602595e-14 -1.55278177301033e-14      1.18377139937396
First eigenvector coefficient: 0.236380936256215
TOTAL ENERGY: -124.519144171037	 lambda: -4.8	 population of target: 3.93030317559349
1RDM: 
     1.99998517565165 -1.04943976125995e-05  -0.00179103149731623 -0.000828831352862326   0.00366690087316291  9.11311199228281e-18 -4.93640192066399e-17 -4.36219957882926e-17  3.79201709023288e-17   0.00347978187765548
-1.04943976125995e-05      1.99997044253998  -0.00168171098484912   -0.0016672399685972    0.0018605506164012  7.44092875225941e-18 -3.99305238266204e-17 -1.01820479017126e-17  1.32763290489891e-17   0.00232519533145831
 -0.00179103149731623  -0.00168171098484912      1.77486294841311    -0.123045074740245     0.427414302504029  1.41644439069951e-15 -6.84974458967606e-15 -3.75520907944699e-15  3.20977651659978e-15     0.417529678785604
-0.000828831352862326   -0.0016672399685972    -0.123045074740245      1.89326297034455     0.163413623951954  3.48631724711686e-16 -2.24111833889341e-15 -2.43464975853045e-15    2.319617526437e-15      0.18662651159058
  0.00366690087316291    0.0018605506164012     0.427414302504029     0.163413623951954      1.06382463737049 -6.27582104359616e-15  2.30601474296627e-14 -3.70970717674504e-15  5.24702788643717e-15    -0.866561159199802
 9.11311199228281e-18  7.44092875225941e-18  1.41644439069951e-15  3.48631724711686e-16 -6.27582104359616e-15      1.55092414650426 -2.30383892027216e-14     0.341557294353753     0.748634760627498 -4.64528994590781e-16
-4.93640192066399e-17 -3.99305238266204e-17 -6.84974458967606e-15 -2.24111833889341e-15  2.30601474296627e-14 -2.30383892027216e-14      1.55092414650422     0.748634760627529    -0.341557294353736  6.63046618474969e-15
-4.36219957882926e-17 -1.01820479017126e-17 -3.75520907944699e-15 -2.43464975853045e-15 -3.70970717674504e-15     0.341557294353753     0.748634760627529     0.492189904540485  1.06707529192226e-15  1.73378097101884e-14
 3.79201709023288e-17  1.32763290489891e-17  3.20977651659978e-15    2.319617526437e-15  5.24702788643717e-15     0.748634760627498    -0.341557294353736  1.06707529192226e-15     0.492189904540418 -1.55315776531086e-14
  0.00347978187765548   0.00232519533145831     0.417529678785604      0.18662651159058    -0.866561159199802 -4.64528994590781e-16  6.63046618474969e-15  1.73378097101884e-14 -1.55315776531086e-14      1.18186572359085
First eigenvector coefficient: -0.237073642233308
TOTAL ENERGY: -124.521272981265	 lambda: -4.75	 population of target: 3.93074901417047
1RDM: 
     1.99998535694439 -1.04094539836882e-05  -0.00177602724107989 -0.000820493352830936   0.00364294157661741   9.0697241723713e-18 -4.90935969977069e-17 -4.33269329801925e-17  3.76603440717703e-17   0.00346256874405664
-1.04094539836882e-05      1.99997045711366   -0.0016765890691313  -0.00166464659117389   0.00185381092608577  7.42876495351705e-18 -3.98796973177001e-17 -1.00845592664478e-17  1.32113375237666e-17   0.00232322070200973
 -0.00177602724107989   -0.0016765890691313      1.77583796032922    -0.122429421785691     0.426236486928068  1.41535113912202e-15  -6.8406938270735e-15 -3.73813871389963e-15  3.19512681770739e-15     0.417085091497008
-0.000820493352830936  -0.00166464659117389    -0.122429421785691      1.89359573596339     0.162495622598853  3.47691216401547e-16 -2.23508367238737e-15 -2.41853593818573e-15  2.30693767559721e-15     0.186086024917932
  0.00364294157661741   0.00185381092608577     0.426236486928068     0.162495622598853      1.06451939290393 -6.27581858258201e-15  2.30586654498617e-14 -3.72502081406393e-15  5.26085462339926e-15    -0.867256726643201
  9.0697241723713e-18  7.42876495351705e-18  1.41535113912202e-15  3.47691216401547e-16 -6.27581858258201e-15      1.55143062202879 -2.17908666014759e-14     0.341424216019416     0.748343075975617  -4.7123526966172e-16
-4.90935969977069e-17 -3.98796973177001e-17  -6.8406938270735e-15 -2.23508367238737e-15  2.30586654498617e-14 -2.17908666014759e-14      1.55143062202876     0.748343075975642    -0.341424216019399   6.6569634066027e-15
-4.33269329801925e-17 -1.00845592664478e-17 -3.73813871389963e-15 -2.41853593818573e-15 -3.72502081406393e-15     0.341424216019416     0.748343075975642     0.491663102920728   3.6843736261386e-15  1.73416928295346e-14
 3.76603440717703e-17  1.32113375237666e-17  3.19512681770739e-15  2.30693767559721e-15  5.26085462339926e-15     0.748343075975617    -0.341424216019399   3.6843736261386e-15     0.491663102920668 -1.55351178982515e-14
  0.00346256874405664   0.00232322070200973     0.417085091497008     0.186086024917932    -0.867256726643201  -4.7123526966172e-16   6.6569634066027e-15  1.73416928295346e-14 -1.55351178982515e-14      1.17990364684656
First eigenvector coefficient: -0.237787301692985
TOTAL ENERGY: -124.523459955269	 lambda: -4.7	 population of target: 3.93121188125288
1RDM: 
     1.99998553760175 -1.03246267072664e-05  -0.00176098618006868 -0.000812185121880943   0.00361884058216484  9.02641990705964e-18 -4.88223951010284e-17 -4.30307406672919e-17  3.73993268712045e-17   0.00344536522894886
-1.03246267072664e-05       1.9999704717437  -0.00167143761789108  -0.00166205857781419   0.00184702379916382  7.41748235520566e-18 -3.98318497279739e-17 -9.98242778201533e-18  1.31425212942509e-17   0.00232133088258742
 -0.00176098618006868  -0.00167143761789108      1.77682471096118    -0.121812534467746     0.425033489676054  1.41421481658467e-15 -6.83127201359898e-15 -3.72111205111359e-15  3.18044685859305e-15     0.416639219863258
-0.000812185121880943  -0.00166205857781419    -0.121812534467746      1.89392697004224     0.161573841706511  3.46624865733126e-16 -2.22849434691285e-15 -2.40324748687705e-15  2.29490180996302e-15     0.185551184575233
  0.00361884058216484   0.00184702379916382     0.425033489676054     0.161573841706511      1.06526339467909 -6.27588810190613e-15  2.30572605809366e-14 -3.74162553515961e-15  5.27578497245124e-15     -0.86795769074554
 9.02641990705964e-18  7.41748235520566e-18  1.41421481658467e-15  3.46624865733126e-16 -6.27588810190613e-15      1.55195286025037 -2.26944272892046e-14     0.341286757219607     0.748041789906912 -4.78118201294632e-16
-4.88223951010284e-17 -3.98318497279739e-17 -6.83127201359898e-15 -2.22849434691285e-15  2.30572605809366e-14 -2.26944272892046e-14      1.55195286025033     0.748041789906942    -0.341286757219591  6.68409430452036e-15
-4.30307406672919e-17 -9.98242778201533e-18 -3.72111205111359e-15 -2.40324748687705e-15 -3.74162553515961e-15     0.341286757219607     0.748041789906942     0.491120283104273  9.03570477293003e-16  1.73457191937389e-14
 3.73993268712045e-17  1.31425212942509e-17  3.18044685859305e-15  2.29490180996302e-15  5.27578497245124e-15     0.748041789906912    -0.341286757219591  9.03570477293003e-16     0.491120283104205  -1.5538803387424e-14
  0.00344536522894886   0.00232133088258742     0.416639219863258     0.185551184575233     -0.86795769074554 -4.78118201294632e-16  6.68409430452036e-15  1.73457191937389e-14  -1.5538803387424e-14      1.17788262826291
First eigenvector coefficient: -0.238522880776078
TOTAL ENERGY: -124.525708024105	 lambda: -4.65	 population of target: 3.93169276811403
1RDM: 
     1.99998571760974 -1.02399147289013e-05  -0.00174590795961554 -0.000803907125641257   0.00359459570292761  8.98322735453165e-18 -4.85507772440902e-17 -4.27328175603899e-17  3.71367919476822e-17   0.00342817462932523
-1.02399147289013e-05      1.99997048644478  -0.00166625484614377  -0.00165947526839309    0.0018401863001764  7.40653070870815e-18 -3.97846053485375e-17 -9.87943399552194e-18  1.30729332478154e-17   0.00231952856946239
 -0.00174590795961554  -0.00166625484614377      1.77782357470734    -0.121194357864236     0.423804376273491  1.41308100582485e-15 -6.82170471127234e-15  -3.7037728069229e-15  3.16548212284771e-15     0.416192092704667
-0.000803907125641257  -0.00165947526839309    -0.121194357864236      1.89425667634697     0.160648174948088  3.45581334977136e-16 -2.22194470609191e-15  -2.3879240418226e-15  2.28283211887889e-15     0.185022266063091
  0.00359459570292761    0.0018401863001764     0.423804376273491     0.160648174948088      1.06605896430994 -6.27593970549721e-15  2.30556038552603e-14 -3.75912061255413e-15  5.29148584140926e-15    -0.868664100910476
 8.98322735453165e-18  7.40653070870815e-18  1.41308100582485e-15  3.45581334977136e-16 -6.27593970549721e-15       1.5524915987668 -2.22046984784618e-14     0.341144702279478     0.747730429901312 -4.85237367390454e-16
-4.85507772440902e-17 -3.97846053485375e-17 -6.82170471127234e-15 -2.22194470609191e-15  2.30556038552603e-14 -2.22046984784618e-14      1.55249159876676     0.747730429901342    -0.341144702279462  6.71202846090387e-15
-4.27328175603899e-17 -9.87943399552194e-18  -3.7037728069229e-15  -2.3879240418226e-15 -3.75912061255413e-15     0.341144702279478     0.747730429901342     0.490560703325779  1.38198227209031e-15   1.7349688315055e-14
 3.71367919476822e-17  1.30729332478154e-17  3.16548212284771e-15  2.28283211887889e-15  5.29148584140926e-15     0.747730429901312    -0.341144702279462  1.38198227209031e-15     0.490560703325717 -1.55424379049854e-14
  0.00342817462932523   0.00231952856946239     0.416192092704667     0.185022266063091    -0.868664100910476 -4.85237367390454e-16  6.71202846090387e-15   1.7349688315055e-14 -1.55424379049854e-14      1.17579997639619
First eigenvector coefficient: 0.239281402969392
TOTAL ENERGY: -124.528020313417	 lambda: -4.6	 population of target: 3.93219274025551
1RDM: 
     1.99998589695423 -1.01553168814235e-05  -0.00173079219168889  -0.00079565981977406   0.00357020461428361  8.94015770805018e-18 -4.82787754851035e-17 -4.24331220928661e-17   3.6872707690783e-17   0.00341100042137534
-1.01553168814235e-05      1.99997050123254  -0.00166103886782423  -0.00165689594561249   0.00183329530544918  7.39590819247405e-18 -3.97379214665526e-17 -9.77561548450999e-18  1.30026010049408e-17   0.00231781659298081
 -0.00173079219168889  -0.00166103886782423      1.77883494421923    -0.120574831368309     0.422548161957311  1.41195104063402e-15 -6.81199221228858e-15 -3.68610142167934e-15  3.15021622837461e-15     0.415743740459034
 -0.00079565981977406  -0.00165689594561249    -0.120574831368309          1.8945848617     0.159718504440492  3.44565055461621e-16 -2.21545028546599e-15 -2.37254527392698e-15  2.27071222238471e-15     0.184499555918892
  0.00357020461428361   0.00183329530544918     0.422548161957311     0.159718504440492      1.06690856393362 -6.27596956880388e-15  2.30536730249008e-14 -3.77753713795483e-15   5.3079842595492e-15    -0.869375997134751
 8.94015770805018e-18  7.39590819247405e-18  1.41195104063402e-15  3.44565055461621e-16 -6.27596956880388e-15      1.55304762170077 -2.32697463233098e-14     0.340997821387898     0.747408492248465 -4.92605234763212e-16
-4.82787754851035e-17 -3.97379214665526e-17 -6.81199221228858e-15 -2.21545028546599e-15  2.30536730249008e-14 -2.32697463233098e-14      1.55304762170074     0.747408492248494    -0.340997821387879  6.74080588995805e-15
-4.24331220928661e-17 -9.77561548450999e-18 -3.68610142167934e-15 -2.37254527392698e-15 -3.77753713795483e-15     0.340997821387898     0.747408492248494      0.48998357472198  2.92312395115504e-15  1.73535900160784e-14
  3.6872707690783e-17  1.30026010049408e-17  3.15021622837461e-15  2.27071222238471e-15   5.3079842595492e-15     0.747408492248465    -0.340997821387879  2.92312395115504e-15     0.489983574721916  -1.5546011705496e-14
  0.00341100042137534   0.00231781659298081     0.415743740459034     0.184499555918892    -0.869375997134751 -4.92605234763212e-16  6.74080588995805e-15  1.73535900160784e-14  -1.5546011705496e-14      1.17365283911499
First eigenvector coefficient: -0.240063955140021
TOTAL ENERGY: -124.53040015936	 lambda: -4.55	 population of target: 3.93271294413296
1RDM: 
     1.99998607562096 -1.00708318681948e-05  -0.00171563845061854  -0.00078744364754661   0.00354566483830939  8.89721879226017e-18 -4.80064103103718e-17 -4.21316295381511e-17  3.66070575689085e-17   0.00339384626953136
-1.00708318681948e-05      1.99997051612367  -0.00165578768809525  -0.00165431982903065   0.00182634748914903  7.38562106735673e-18  -3.9691787608148e-17 -9.67096654644004e-18  1.29315202248745e-17   0.00231619792527232
 -0.00171563845061854  -0.00165578768809525      1.77985923153106    -0.119953888136186     0.421263808192966  1.41082517317374e-15 -6.80213039885716e-15 -3.66808397245641e-15    3.134637392164e-15     0.415294195260879
 -0.00078744364754661  -0.00165431982903065    -0.119953888136186      1.89491153625853     0.158784699403529   3.4357895958827e-16 -2.20901976946057e-15 -2.35710148462771e-15  2.25853388867388e-15     0.183983352040992
  0.00354566483830939   0.00182634748914903     0.421263808192966     0.158784699403529      1.06781480686116 -6.27597392581864e-15  2.30514467849592e-14 -3.79691218162176e-15  5.32531159972918e-15    -0.870093408426102
 8.89721879226017e-18  7.38562106735673e-18  1.41082517317374e-15   3.4357895958827e-16 -6.27597392581864e-15      1.55362176288095 -2.30584404422918e-14     0.340845869460045     0.747075439762098 -5.00235448236993e-16
-4.80064103103718e-17  -3.9691787608148e-17 -6.80213039885716e-15 -2.20901976946057e-15  2.30514467849592e-14 -2.30584404422918e-14      1.55362176288092     0.747075439762129    -0.340845869460028  6.77046954515155e-15
-4.21316295381511e-17 -9.67096654644004e-18 -3.66808397245641e-15 -2.35710148462771e-15 -3.79691218162176e-15     0.340845869460045     0.747075439762129     0.489388058212268  1.21742425766478e-15  1.73574127334533e-14
 3.66070575689085e-17  1.29315202248745e-17    3.134637392164e-15  2.25853388867388e-15  5.32531159972918e-15     0.747075439762098    -0.340845869460028  1.21742425766478e-15       0.4893880582122 -1.55495131856926e-14
  0.00339384626953136   0.00231619792527232     0.415294195260879     0.183983352040992    -0.870093408426102 -5.00235448236993e-16  6.77046954515155e-15  1.73574127334533e-14 -1.55495131856926e-14      1.17143819141836
First eigenvector coefficient: -0.240871691968505
TOTAL ENERGY: -124.53285112619	 lambda: -4.5	 population of target: 3.93325461462309
1RDM: 
     1.99998625359556 -9.98645824653836e-06  -0.00170044626924882 -0.000779259037504357   0.00352097372866889  8.85443216145821e-18  -4.7733732827781e-17 -4.18282733438248e-17  3.63397782431931e-17   0.00337671603725456
-9.98645824653836e-06        1.999970531136   -0.0016504991955978  -0.00165174606899843    0.0018193393076042  7.37567495622828e-18 -3.96461880888243e-17 -9.56544732918242e-18  1.28596467811832e-17    0.0023146756891023
 -0.00170044626924882   -0.0016504991955978      1.78089686925584    -0.119331454487439     0.419950218943025  1.40970551417272e-15 -6.79211911510121e-15 -3.64969913822428e-15  3.11872576317034e-15     0.414843490996654
-0.000779259037504357  -0.00165174606899843    -0.119331454487439      1.89523671389452     0.157846614771916  3.42624594590445e-16 -2.20265901579863e-15 -2.34158418330799e-15   2.2462907469547e-15      0.18347396408987
  0.00352097372866889    0.0018193393076042     0.419950218943025     0.157846614771916      1.06878046913531 -6.27595193527251e-15    2.304890939317e-14 -3.81729276580984e-15  5.34351004715773e-15    -0.870816350845775
 8.85443216145821e-18  7.37567495622828e-18  1.40970551417272e-15  3.42624594590445e-16 -6.27595193527251e-15      1.55421490978085 -2.36763777866972e-14     0.340688584865042     0.746730698991303 -5.08138630050379e-16
 -4.7733732827781e-17 -3.96461880888243e-17 -6.79211911510121e-15 -2.20265901579863e-15    2.304890939317e-14 -2.36763777866972e-14      1.55421490978081     0.746730698991336    -0.340688584865025  6.80105643567178e-15
-4.18282733438248e-17 -9.56544732918242e-18 -3.64969913822428e-15 -2.34158418330799e-15 -3.81729276580984e-15     0.340688584865042     0.746730698991336     0.488773260496857  1.56458860941778e-15  1.73611556381376e-14
 3.63397782431931e-17  1.28596467811832e-17  3.11872576317034e-15   2.2462907469547e-15  5.34351004715773e-15     0.746730698991303    -0.340688584865025  1.56458860941778e-15      0.48877326049679 -1.55529431951667e-14
  0.00337671603725456    0.0023146756891023     0.414843490996654      0.18347396408987    -0.870816350845775 -5.08138630050379e-16  6.80105643567178e-15  1.73611556381376e-14 -1.55529431951667e-14      1.16915282242752
First eigenvector coefficient: -0.241705841211688
TOTAL ENERGY: -124.53537702563	 lambda: -4.45	 population of target: 3.93381908330228
1RDM: 
      1.9999864308636 -9.90219440894504e-06   -0.0016852151346676 -0.000771106400834456   0.00349612845382102  8.81183792915012e-18 -4.74608368939135e-17  -4.1522927351084e-17  3.60707410520027e-17   0.00335961379844674
-9.90219440894504e-06      1.99997054628862  -0.00164517115403723  -0.00164917373994561   0.00181226698216307  7.36607284296778e-18 -3.96010924048953e-17  -9.4589854645646e-18  1.27868939923632e-17   0.00231325316734853
  -0.0016852151346676  -0.00164517115403723      1.78194831186956    -0.118707449242558     0.418606236624611  1.40859674768944e-15 -6.78196427875191e-15 -3.63091469008226e-15  3.10245009007683e-15     0.414391663354327
-0.000771106400834456  -0.00164917373994561    -0.118707449242558      1.89556041261899     0.156904089650477  3.41702440834658e-16 -2.19637273895942e-15 -2.32598271106861e-15  2.23397564269364e-15     0.182971713884434
  0.00349612845382102   0.00181226698216307     0.418606236624611     0.156904089650477      1.06980850213645 -6.27590678871706e-15  2.30460526871199e-14 -3.83873837559047e-15  5.36263587546799e-15     -0.87154482526186
 8.81183792915012e-18  7.36607284296778e-18  1.40859674768944e-15  3.41702440834658e-16 -6.27590678871706e-15      1.55482800783798 -2.29413715332752e-14     0.340525688024579     0.746373657148562 -5.16320913177012e-16
-4.74608368939135e-17 -3.96010924048953e-17 -6.78196427875191e-15 -2.19637273895942e-15  2.30460526871199e-14 -2.29413715332752e-14      1.55482800783795     0.746373657148591    -0.340525688024561  6.83259444244301e-15
 -4.1522927351084e-17  -9.4589854645646e-18 -3.63091469008226e-15 -2.32598271106861e-15 -3.83873837559047e-15     0.340525688024579     0.746373657148591     0.488138229666255  2.70951383754465e-15  1.73648330708706e-14
 3.60707410520027e-17  1.27868939923632e-17  3.10245009007683e-15  2.23397564269364e-15  5.36263587546799e-15     0.746373657148562    -0.340525688024561  2.70951383754465e-15     0.488138229666193 -1.55563201435127e-14
  0.00335961379844674   0.00231325316734853     0.414391663354327     0.182971713884434     -0.87154482526186 -5.16320913177012e-16  6.83259444244301e-15  1.73648330708706e-14 -1.55563201435127e-14      1.16679332121441
First eigenvector coefficient: 0.242567709462056
TOTAL ENERGY: -124.537981938198	 lambda: -4.4	 population of target: 3.93440778763899
1RDM: 
     1.99998660741057 -9.81803856160393e-06  -0.00166994448344717 -0.000762986128366552   0.00347112597826986  8.76946103550513e-18 -4.71877802029181e-17 -4.12155136324018e-17  3.57998704356764e-17   0.00334254384947192
-9.81803856160393e-06      1.99997056160201  -0.00163980119303188   -0.0016466018329236   0.00180512648043471  7.35682415621429e-18 -3.95564941866266e-17 -9.35151441548524e-18  1.27131939918312e-17   0.00231193381314009
 -0.00166994448344717  -0.00163980119303188      1.78301403708832    -0.118081782990184      0.41723063772724  1.40750095418833e-15   -6.771664584596e-15 -3.61170817442027e-15  3.08578918872744e-15     0.413938749869166
-0.000762986128366552   -0.0016466018329236    -0.118081782990184      1.89588265505802     0.155956945594316  3.40813914212617e-16 -2.19016537401069e-15 -2.31029010281943e-15  2.22158297992348e-15     0.182476935788666
  0.00347112597826986   0.00180512648043471      0.41723063772724     0.155956945594316      1.07090204635733 -6.27583858007791e-15  2.30428617621513e-14 -3.86130698607593e-15  5.38274148094378e-15    -0.872278814767906
 8.76946103550513e-18  7.35682415621429e-18  1.40750095418833e-15  3.40813914212617e-16 -6.27583858007791e-15      1.55546206519869 -2.27850214656316e-14     0.340356879867127     0.746003658719714 -5.24793247367196e-16
-4.71877802029181e-17 -3.95564941866266e-17   -6.771664584596e-15 -2.19016537401069e-15  2.30428617621513e-14 -2.27850214656316e-14      1.55546206519865     0.746003658719745    -0.340356879867111  6.86512260713219e-15
-4.12155136324018e-17 -9.35151441548524e-18 -3.61170817442027e-15 -2.31029010281943e-15 -3.86130698607593e-15     0.340356879867127     0.746003658719745     0.487481950372391  8.49904883295981e-16  1.73684472325702e-14
 3.57998704356764e-17  1.27131939918312e-17  3.08578918872744e-15  2.22158297992348e-15  5.38274148094378e-15     0.746003658719714    -0.340356879867111  8.49904883295981e-16     0.487481950372323 -1.55596483668487e-14
  0.00334254384947192   0.00231193381314009     0.413938749869166     0.182476935788666    -0.872278814767906 -5.24793247367196e-16  6.86512260713219e-15  1.73684472325702e-14 -1.55596483668487e-14       1.1643560613417
First eigenvector coefficient: -0.24345868845581
TOTAL ENERGY: -124.540670236734	 lambda: -4.35	 population of target: 3.93502228121326
1RDM: 
     1.99998678322192  -9.7339886999729e-06  -0.00165463369633739 -0.000754898587157752   0.00344596304168219  8.72730555752028e-18 -4.69145710002329e-17 -4.09060213850213e-17  3.55271648306645e-17   0.00332551072183101
 -9.7339886999729e-06      1.99997057709811  -0.00163438679813182  -0.00164402924730582   0.00179791349574792  7.34794501498254e-18 -3.95124133136083e-17 -9.24298602470013e-18  1.26385128051343e-17   0.00231072126068304
 -0.00165463369633739  -0.00163438679813182      1.78409454735042     -0.11745435727421     0.415822128056391  1.40641693851537e-15 -6.76120982735301e-15 -3.59206966610682e-15  3.06873487549129e-15     0.413484789957398
-0.000754898587157752  -0.00164402924730582     -0.11745435727421       1.8962034689853     0.155004984687947  3.39961542816386e-16 -2.18404130796745e-15 -2.29450382450608e-15  2.20910930280755e-15     0.181989977077467
  0.00344596304168219   0.00179791349574792     0.415822128056391     0.155004984687947      1.07206444645005 -6.27574252587524e-15  2.30393109229324e-14 -3.88505065732265e-15  5.40387024864167e-15    -0.873018281722379
 8.72730555752028e-18  7.34794501498254e-18  1.40641693851537e-15  3.39961542816386e-16 -6.27574252587524e-15      1.55611815791862 -2.35274424725484e-14     0.340181840123103     0.745620001727613 -5.33573549107035e-16
-4.69145710002329e-17 -3.95124133136083e-17 -6.76120982735301e-15 -2.18404130796745e-15  2.30393109229324e-14 -2.35274424725484e-14      1.55611815791859     0.745620001727643    -0.340181840123084  6.89869603862897e-15
-4.09060213850213e-17 -9.24298602470013e-18 -3.59206966610682e-15 -2.29450382450608e-15 -3.88505065732265e-15     0.340181840123103     0.745620001727643     0.486803338535763  2.84902027481902e-15  1.73719817694617e-14
 3.55271648306645e-17  1.26385128051343e-17  3.06873487549129e-15  2.20910930280755e-15  5.40387024864167e-15     0.745620001727613    -0.340181840123084  2.84902027481902e-15       0.4868033385357 -1.55629109164718e-14
  0.00332551072183101   0.00231072126068304     0.413484789957398     0.181989977077467    -0.873018281722379 -5.33573549107035e-16  6.89869603862897e-15  1.73719817694617e-14 -1.55629109164718e-14      1.16183718398555
First eigenvector coefficient: 0.244380261968797
TOTAL ENERGY: -124.54344661239	 lambda: -4.3	 population of target: 3.93566424509634
1RDM: 
     1.99998695828306 -9.65004258097486e-06  -0.00163928209236686 -0.000746844116629178     0.003420636135639  8.68537217560265e-18 -4.66412089453596e-17 -4.05944509938136e-17  3.52526354450023e-17   0.00330851919554498
-9.65004258097486e-06       1.9999705928005  -0.00162892529990741  -0.00164145478152122   0.00179062342462538   7.3394530247077e-18 -3.94688737136578e-17 -9.13335329783646e-18  1.25628207036528e-17   0.00230961933681386
 -0.00163928209236686  -0.00162892529990741      1.78519037141165    -0.116825063692646     0.414379337567271  1.40534297600176e-15 -6.75058796585904e-15 -3.57199069699779e-15  3.05128053901195e-15      0.41302982493611
-0.000746844116629178  -0.00164145478152122    -0.116825063692646      1.89652288792007     0.154047987405014  3.39147933195117e-16 -2.17800462220323e-15 -2.27862240266251e-15   2.1965519221258e-15     0.181511198279075
    0.003420636135639   0.00179062342462538     0.414379337567271     0.154047987405014      1.07329926768517 -6.27561241085987e-15    2.303537030878e-14 -3.91002232756622e-15  5.42606536381833e-15    -0.873763164349143
 8.68537217560265e-18   7.3394530247077e-18  1.40534297600176e-15  3.39147933195117e-16 -6.27561241085987e-15      1.55679743567733 -2.30230137736015e-14     0.340000225440963     0.745221933603875 -5.42682179991614e-16
-4.66412089453596e-17 -3.94688737136578e-17 -6.75058796585904e-15 -2.17800462220323e-15    2.303537030878e-14 -2.30230137736015e-14       1.5567974356773     0.745221933603905    -0.340000225440945  6.93337620736662e-15
-4.05944509938136e-17 -9.13335329783646e-18 -3.57199069699779e-15 -2.27862240266251e-15 -3.91002232756622e-15     0.340000225440963     0.745221933603905     0.486101235526984  2.74222812111787e-15  1.73754151569362e-14
 3.52526354450023e-17  1.25628207036528e-17  3.05128053901195e-15   2.1965519221258e-15  5.42606536381833e-15     0.745221933603875    -0.340000225440945  2.74222812111787e-15     0.486101235526919 -1.55660851658962e-14
  0.00330851919554498   0.00230961933681386      0.41302982493611     0.181511198279075    -0.873763164349143 -5.42682179991614e-16  6.93337620736662e-15  1.73754151569362e-14 -1.55660851658962e-14      1.15923257949106
First eigenvector coefficient: 0.245334013378945
TOTAL ENERGY: -124.546316103387	 lambda: -4.25	 population of target: 3.9363355005431
1RDM: 
     1.99998713257943 -9.56619769138217e-06  -0.00162388892226228 -0.000738823024168528   0.00339514147767526   8.6436627590528e-18 -4.63676957019469e-17 -4.02807992888297e-17  3.49762900905108e-17   0.00329157431323383
-9.56619769138217e-06      1.99997060873454  -0.00162341386203731   -0.0016388771227294    0.0017832513420569  7.33136608836218e-18 -3.94258981338596e-17 -9.02256464508203e-18  1.24860834691638e-17   0.00230863207335392
 -0.00162388892226228  -0.00162341386203731      1.78630206606295    -0.116193782896554     0.412900814746607  1.40427751127845e-15 -6.73978687016057e-15 -3.55146141175967e-15  3.03341818392576e-15     0.412573898026063
-0.000738823024168528   -0.0016388771227294    -0.116193782896554      1.89684095179889     0.153085710215908  3.38375477580856e-16 -2.17205887922488e-15 -2.26264473498002e-15  2.18390868458477e-15     0.181040973480951
  0.00339514147767526    0.0017832513420569     0.412900814746607     0.153085710215908      1.07461031397975 -6.27544150310488e-15  2.30310076163235e-14 -3.93627798943798e-15  5.44937247193474e-15    -0.874513372829907
  8.6436627590528e-18  7.33136608836218e-18  1.40427751127845e-15  3.38375477580856e-16 -6.27544150310488e-15      1.55750112807304 -2.44381991778077e-14     0.339811667300967     0.744808646616332 -5.52140798853267e-16
-4.63676957019469e-17 -3.94258981338596e-17 -6.73978687016057e-15 -2.17205887922488e-15  2.30310076163235e-14 -2.44381991778077e-14        1.557501128073     0.744808646616365    -0.339811667300949  6.96922852830738e-15
-4.02807992888297e-17 -9.02256464508203e-18 -3.55146141175967e-15 -2.26264473498002e-15 -3.93627798943798e-15     0.339811667300967     0.744808646616365     0.485374401753531  1.99936826018151e-15  1.73787242161193e-14
 3.49762900905108e-17  1.24860834691638e-17  3.03341818392576e-15  2.18390868458477e-15  5.44937247193474e-15     0.744808646616332    -0.339811667300949  1.99936826018151e-15     0.485374401753461 -1.55691469224788e-14
  0.00329157431323383   0.00230863207335392     0.412573898026063     0.181040973480951    -0.874513372829907 -5.52140798853267e-16  6.96922852830738e-15  1.73787242161193e-14 -1.55691469224788e-14      1.15653786719144
First eigenvector coefficient: -0.246321633976066
TOTAL ENERGY: -124.54928412688	 lambda: -4.2	 population of target: 3.93703802317139
1RDM: 
     1.99998730609648 -9.48245121176468e-06  -0.00160845336109496 -0.000730835580118163    0.0033694749822458  8.60217616303557e-18 -4.60940249580842e-17 -3.99650732883917e-17  3.46981482795984e-17   0.00327468139488042
-9.48245121176468e-06      1.99997062492755  -0.00161784946827839  -0.00163629483528481   0.00177579197432471  7.32370303932701e-18 -3.93835113338058e-17 -8.91057036963933e-18  1.24082713960959e-17   0.00230776372030327
 -0.00160845336109496  -0.00161784946827839      1.78743021798093    -0.115560383476298     0.411385020498156  1.40321859085133e-15 -6.72879283817884e-15 -3.53047284719275e-15  3.01514080903572e-15     0.412117054333086
-0.000730835580118163  -0.00163629483528481    -0.115560383476298      1.89715770773216     0.152117882911541  3.37646487421293e-16 -2.16620706951938e-15 -2.24657096721626e-15  2.17117854769888e-15     0.180579690586433
   0.0033694749822458   0.00177579197432471     0.411385020498156     0.152117882911541      1.07600164766474 -6.27522140094008e-15  2.30261855211021e-14 -3.96387430586283e-15  5.47383673506473e-15    -0.875268784809696
 8.60217616303557e-18  7.32370303932701e-18  1.40321859085133e-15  3.37646487421293e-16 -6.27522140094008e-15      1.55823055156319 -2.47477830353053e-14      0.33961576970177     0.744379272798272 -5.61973830803086e-16
-4.60940249580842e-17 -3.93835113338058e-17 -6.72879283817884e-15 -2.16620706951938e-15  2.30261855211021e-14 -2.47477830353053e-14      1.55823055156315     0.744379272798307    -0.339615769701752  7.00632571996199e-15
-3.99650732883917e-17 -8.91057036963933e-18 -3.53047284719275e-15 -2.24657096721626e-15 -3.96387430586283e-15      0.33961576970177     0.744379272798307      0.48462150958395  9.79786401332692e-16  1.73818798263528e-14
 3.46981482795984e-17  1.24082713960959e-17  3.01514080903572e-15  2.17117854769888e-15  5.47383673506473e-15     0.744379272798272    -0.339615769701752  9.79786401332692e-16     0.484621509583877 -1.55720655920342e-14
  0.00327468139488042   0.00230776372030327     0.412117054333086     0.180579690586433    -0.875268784809696 -5.61973830803086e-16  7.00632571996199e-15  1.73818798263528e-14 -1.55720655920342e-14      1.15374837330402
