HCORE:-26.1841 -7.28202 -7.00882 -8.16823 -8.26571 -33.3504 -8.68782 -6.86062 -6.86062 -8.16823
HCORE2:-33.3504 -26.1841 -8.68782 -8.26571 -8.16823 -8.16823 -7.28202 -7.00882 -6.86062 -6.86062
TOTAL ENERGY: -124.234937010422	 lambda: -5	 population of target: 3.99338721658415
1RDM: 
     1.99999931944739 -1.02345939332001e-06  -0.00012974736276193 -0.000143165523138185  0.000628996909752388 -1.65912992456159e-18  -2.7508309445398e-17  7.62260488130101e-18  7.74501670597065e-18  0.000950652963006001
-1.02345939332001e-06      1.99997319888102 -0.000494619385103355  -0.00167765468129037  0.000401535910919688  6.01616170850889e-18 -2.53008386768084e-17 -2.67324911262659e-18  2.21175053923099e-18  0.000980520445493319
 -0.00012974736276193 -0.000494619385103355      1.97152920183774   -0.0455495651496769     0.113101734583873 -1.60264874275566e-16 -5.45231308814253e-15  1.27362363477549e-15  8.64324548760415e-16     0.175612286503667
-0.000143165523138185  -0.00167765468129037   -0.0455495651496769      1.88058597569341    0.0989102823042943 -1.05452566373174e-15 -4.84028659600744e-15  2.20325161655959e-15   1.1709082596984e-15     0.172365904569622
 0.000628996909752388  0.000401535910919688     0.113101734583873    0.0989102823042943      1.40607416013534 -2.85681122330149e-16  2.78534522067062e-14 -5.25495812501667e-15 -4.64926606954328e-15    -0.889074017852257
-1.65912992456159e-18  6.01616170850889e-18 -1.60264874275566e-16 -1.05452566373174e-15 -2.85681122330149e-16      1.19550819180637  1.15529443279539e-14     0.958081523536935     0.110855841050664 -6.48141305184265e-15
 -2.7508309445398e-17 -2.53008386768084e-17 -5.45231308814253e-15 -4.84028659600744e-15  2.78534522067062e-14  1.15529443279539e-14      1.19550819180636      0.11085584105066    -0.958081523536938  2.09637787212177e-14
 7.62260488130101e-18 -2.67324911262659e-18  1.27362363477549e-15  2.20325161655959e-15 -5.25495812501667e-15     0.958081523536935      0.11085584105066     0.843730148292141  1.01015526621505e-14  2.20277006003223e-15
 7.74501670597065e-18  2.21175053923099e-18  8.64324548760415e-16   1.1709082596984e-15 -4.64926606954328e-15     0.110855841050664    -0.958081523536938  1.01015526621505e-14     0.843730148292153 -3.09293188956424e-14
 0.000950652963006001  0.000980520445493319     0.175612286503667     0.172365904569622    -0.889074017852257 -6.48141305184265e-15  2.09637787212177e-14  2.20277006003223e-15 -3.09293188956424e-14     0.663361463808111
First eigenvector coefficient: -0.229092943651515
TOTAL ENERGY: -124.235185478489	 lambda: -4.95	 population of target: 3.99343716178296
1RDM: 
     1.99999932374339 -1.02061678819897e-06  -0.00012915212764232 -0.000142628728840964  0.000626647565811133 -1.64780997278229e-18   -2.742039631294e-17  7.58078433721263e-18  7.70920973145602e-18  0.000947904892662264
-1.02061678819897e-06      1.99997319764446 -0.000494313518373332  -0.00167763217616712  0.000400930648328801  6.00658994583542e-18 -2.53018758716629e-17 -2.68012893883955e-18  2.19274132437682e-18  0.000980976365610358
 -0.00012915212764232 -0.000494313518373332       1.9716026211094   -0.0454877352868569     0.112858605948856 -1.59746733615834e-16 -5.44394607506223e-15  1.26932929639458e-15  8.60755222064247e-16     0.175398341374189
-0.000142628728840964  -0.00167763217616712   -0.0454877352868569      1.88062119799215    0.0987289802541702 -1.05349512041195e-15 -4.83346532998825e-15  2.19867011842904e-15  1.16986871958167e-15     0.172271139396323
 0.000626647565811133  0.000400930648328801     0.112858605948856    0.0987289802541702      1.40672049023986 -2.83406402151138e-16  2.78404843642327e-14 -5.24507876160743e-15 -4.63363152498457e-15    -0.888829923782275
-1.64780997278229e-18  6.00658994583542e-18 -1.59746733615834e-16 -1.05349512041195e-15 -2.83406402151138e-16      1.19566421973374  1.16265816820702e-14      0.95805535190694      0.11085281282702  -6.4689051805481e-15
  -2.742039631294e-17 -2.53018758716629e-17 -5.44394607506223e-15 -4.83346532998825e-15  2.78404843642327e-14  1.16265816820702e-14      1.19566421973373     0.110852812827016    -0.958055351906942  2.09743410163307e-14
 7.58078433721263e-18 -2.68012893883955e-18  1.26932929639458e-15  2.19867011842904e-15 -5.24507876160743e-15      0.95805535190694     0.110852812827016     0.843569020579145  9.38566536375435e-15  2.20228966781192e-15
 7.70920973145602e-18  2.19274132437682e-18  8.60755222064247e-16  1.16986871958167e-15 -4.63363152498457e-15      0.11085281282702    -0.958055351906942  9.38566536375435e-15     0.843569020579166 -3.09220527086619e-14
 0.000947904892662264  0.000980976365610358     0.175398341374189     0.172271139396323    -0.888829923782275  -6.4689051805481e-15  2.09743410163307e-14  2.20228966781192e-15 -3.09220527086619e-14     0.662616688645007
First eigenvector coefficient: 0.229283628116169
TOTAL ENERGY: -124.235442784782	 lambda: -4.9	 population of target: 3.9934894087234
1RDM: 
     1.99999932801901 -1.01777524148514e-06 -0.000128554811661677 -0.000142093618750275  0.000624291539478523 -1.63665094587629e-18 -2.73325543432437e-17  7.53890180350494e-18  7.67322084414417e-18  0.000945168044940873
-1.01777524148514e-06      1.99997319643878 -0.000493999255718736  -0.00167760720810182  0.000400302737584246  5.99667702895596e-18 -2.53023855906054e-17 -2.68725134429468e-18  2.17353738507206e-18  0.000981439316910459
-0.000128554811661677 -0.000493999255718736       1.9716774742524   -0.0454250760617201     0.112609754653342 -1.59234450911531e-16 -5.43542378488814e-15  1.26495079458517e-15  8.57068576870503e-16     0.175180326005674
-0.000142093618750275  -0.00167760720810182   -0.0454250760617201      1.88065642338243    0.0985454489508638 -1.05249755560125e-15  -4.8266930986129e-15  2.19407159595586e-15  1.16871116309194e-15     0.172178406524326
 0.000624291539478523  0.000400302737584246     0.112609754653342    0.0985454489508638      1.40738866354913 -2.81076027196181e-16  2.78270345456902e-14 -5.23485722448323e-15 -4.61750490401282e-15    -0.888576374847384
-1.63665094587629e-18  5.99667702895596e-18 -1.59234450911531e-16 -1.05249755560125e-15 -2.81076027196181e-16       1.1958254592042  1.18931789832645e-14     0.958028187151564     0.110849669699619 -6.45598891580388e-15
-2.73325543432437e-17 -2.53023855906054e-17 -5.43542378488814e-15  -4.8266930986129e-15  2.78270345456902e-14  1.18931789832645e-14      1.19582545920419     0.110849669699615    -0.958028187151566  2.09852072163151e-14
 7.53890180350494e-18 -2.68725134429468e-18  1.26495079458517e-15  2.19407159595586e-15 -5.23485722448323e-15     0.958028187151564     0.110849669699615     0.843402730622642   9.5780344017187e-15   2.2018045636428e-15
 7.67322084414417e-18  2.17353738507206e-18  8.57068576870503e-16  1.16871116309194e-15 -4.61750490401282e-15     0.110849669699619    -0.958028187151566   9.5780344017187e-15     0.843402730622665 -3.09145296888238e-14
 0.000945168044940873  0.000981439316910459     0.175180326005674     0.172178406524326    -0.888576374847384 -6.45598891580388e-15  2.09852072163151e-14   2.2018045636428e-15 -3.09145296888238e-14     0.661848534704629
First eigenvector coefficient: 0.229480356994141
TOTAL ENERGY: -124.235709418297	 lambda: -4.85	 population of target: 3.99354410493734
1RDM: 
     1.99999933227337  -1.0149351736888e-06 -0.000127955392554477 -0.000141560280671447  0.000621928790190855 -1.62566271394147e-18 -2.72447954891074e-17  7.49695842297132e-18  7.63704987887539e-18  0.000942443403744475
 -1.0149351736888e-06      1.99997319526587 -0.000493676269017056  -0.00167757961285673  0.000399651114241179  5.98639702030434e-18  -2.5302421008981e-17 -2.69460515898061e-18  2.15404353686403e-18  0.000981909572576655
-0.000127955392554477 -0.000493676269017056      1.97175381180529   -0.0453615534527461     0.112354949894425 -1.58727875528329e-16 -5.42673578794835e-15  1.26048340954042e-15  8.53265195635307e-16     0.174958098394165
-0.000141560280671447  -0.00167757961285673   -0.0453615534527461      1.88069166114576     0.098359568626954 -1.05153192232376e-15 -4.81995416076452e-15  2.18944955698358e-15  1.16745065424424e-15     0.172087781971142
 0.000621928790190855  0.000399651114241179     0.112354949894425     0.098359568626954      1.40807974122182 -2.78687263860193e-16  2.78130821066331e-14 -5.22427761393352e-15 -4.60085848849877e-15    -0.888312874647359
-1.62566271394147e-18  5.98639702030434e-18 -1.58727875528329e-16 -1.05153192232376e-15 -2.78687263860193e-16      1.19599217058527   1.2670457032227e-14     0.957999978384851     0.110846405778908 -6.44264406541469e-15
-2.72447954891074e-17  -2.5302421008981e-17 -5.42673578794835e-15 -4.81995416076452e-15  2.78130821066331e-14   1.2670457032227e-14      1.19599217058525     0.110846405778903    -0.957999978384855  2.09963913961749e-14
 7.49695842297132e-18 -2.69460515898061e-18  1.26048340954042e-15  2.18944955698358e-15 -5.22427761393352e-15     0.957999978384851     0.110846405778903     0.843231020134234  9.70585761634102e-15  2.20131495308686e-15
 7.63704987887539e-18  2.15404353686403e-18  8.53265195635307e-16  1.16745065424424e-15 -4.60085848849877e-15     0.110846405778908    -0.957999978384855  9.70585761634102e-15     0.843231020134261 -3.09067369034502e-14
 0.000942443403744475  0.000981909572576655     0.174958098394165     0.172087781971142    -0.888312874647359 -6.44264406541469e-15  2.09963913961749e-14  2.20131495308686e-15 -3.09067369034502e-14     0.661055876848936
First eigenvector coefficient: -0.229683426785954
TOTAL ENERGY: -124.23598590397	 lambda: -4.8	 population of target: 3.99360140999298
1RDM: 
     1.99999933650554  -1.0120971823912e-06 -0.000127353848358389 -0.000141028815899811  0.000619559262143608 -1.61486095078695e-18 -2.71571171103237e-17  7.45495941191489e-18  7.60071469005415e-18  0.000939732003189057
 -1.0120971823912e-06      1.99997319412777 -0.000493344210637603  -0.00167754921304387   0.00039897464581731  5.97584882800366e-18 -2.53023946987432e-17 -2.70227915403249e-18  2.13371575647566e-18  0.000982387417030385
-0.000127353848358389 -0.000493344210637603      1.97183168671729   -0.0452971314671103     0.112093948274838 -1.58234591420876e-16 -5.41784917909758e-15  1.25592837201499e-15   8.4937282947852e-16      0.17473151008007
-0.000141028815899811  -0.00167754921304387   -0.0452971314671103      1.88072692155632    0.0981712112982006 -1.05062651476808e-15 -4.81314829941974e-15   2.1848206948647e-15  1.16620665276849e-15     0.171999345604664
 0.000619559262143608   0.00039897464581731     0.112093948274838    0.0981712112982006      1.40879485351986 -2.76242540519868e-16  2.77986197446951e-14 -5.21331869393456e-15 -4.58364419243609e-15    -0.888038891716995
-1.61486095078695e-18  5.97584882800366e-18 -1.58234591420876e-16 -1.05062651476808e-15 -2.76242540519868e-16      1.19616463217289  1.27863376194235e-14     0.957970671287949     0.110843014765548 -6.42884903012934e-15
-2.71571171103237e-17 -2.53023946987432e-17 -5.41784917909758e-15 -4.81314829941974e-15  2.77986197446951e-14  1.27863376194235e-14      1.19616463217287     0.110843014765544    -0.957970671287951  2.10079082265658e-14
 7.45495941191489e-18 -2.70227915403249e-18  1.25592837201499e-15   2.1848206948647e-15 -5.21331869393456e-15     0.957970671287949     0.110843014765544     0.843053612640911  1.06645742607996e-14   2.2008210090998e-15
 7.60071469005415e-18  2.13371575647566e-18   8.4937282947852e-16  1.16620665276849e-15 -4.58364419243609e-15     0.110843014765548    -0.957970671287951  1.06645742607996e-14     0.843053612640933 -3.08986604467546e-14
 0.000939732003189057  0.000982387417030385      0.17473151008007     0.171999345604664    -0.888038891716995 -6.42884903012934e-15  2.10079082265658e-14   2.2008210090998e-15 -3.08986604467546e-14     0.660237517945585
First eigenvector coefficient: -0.229893153758827
TOTAL ENERGY: -124.236272806608	 lambda: -4.75	 population of target: 3.99366149682152
1RDM: 
     1.99999934071459 -1.00926158440226e-06 -0.000126750152017299 -0.000140499310525183   0.00061718289495713 -1.60425247647818e-18  -2.7069553433548e-17  7.41290351294213e-18  7.56418877567464e-18  0.000937034945550776
-1.00926158440226e-06      1.99997319302673 -0.000493002718183408  -0.00167751581643025  0.000398272127240424  5.96489871934848e-18 -2.53018805007549e-17 -2.71020389632253e-18  2.11302745644878e-18  0.000982873156831297
-0.000126750152017299 -0.000493002718183408      1.97191115431708   -0.0452317722529034      0.11182649261068 -1.57748124112173e-16 -5.40878172188647e-15  1.25127690674806e-15  8.45356088684073e-16     0.174500406094299
-0.000140499310525183  -0.00167751581643025   -0.0452317722529034      1.88076221600711    0.0979802388732264 -1.04975605582309e-15 -4.80636930870627e-15   2.1801642866116e-15  1.16485895668929e-15     0.171913180635355
  0.00061718289495713  0.000398272127240424      0.11182649261068    0.0979802388732264       1.4095352074672 -2.73734438017715e-16  2.77836037421247e-14 -5.20196475530054e-15 -4.56585513323398e-15    -0.887753856204699
-1.60425247647818e-18  5.96489871934848e-18 -1.57748124112173e-16 -1.04975605582309e-15 -2.73734438017715e-16      1.19634314064264   1.2592799903332e-14     0.957940207537596     0.110839489925162 -6.41458083187275e-15
 -2.7069553433548e-17 -2.53018805007549e-17 -5.40878172188647e-15 -4.80636930870627e-15  2.77836037421247e-14   1.2592799903332e-14      1.19634314064263     0.110839489925158    -0.957940207537597  2.10197738461239e-14
 7.41290351294213e-18 -2.71020389632253e-18  1.25127690674806e-15   2.1801642866116e-15 -5.20196475530054e-15     0.957940207537596     0.110839489925158      0.84287021412481  1.04138444796582e-14  2.20032306866593e-15
 7.56418877567464e-18  2.11302745644878e-18  8.45356088684073e-16  1.16485895668929e-15 -4.56585513323398e-15     0.110839489925162    -0.957940207537597  1.04138444796582e-14     0.842870214124835 -3.08902850857054e-14
 0.000937034945550776  0.000982873156831297     0.174500406094299     0.171913180635355    -0.887753856204699 -6.41458083187275e-15  2.10197738461239e-14  2.20032306866593e-15 -3.08902850857054e-14     0.659392178932402
First eigenvector coefficient: -0.230109875415411
TOTAL ENERGY: -124.236570734011	 lambda: -4.7	 population of target: 3.99372455294549
1RDM: 
     1.99999934489949 -1.00642890655086e-06 -0.000126144276994301 -0.000139971866524136  0.000614799609627023 -1.59385125580349e-18 -2.69821157266493e-17  7.37079383345595e-18  7.52747403798723e-18  0.000934353391402876
-1.00642890655086e-06      1.99997319196511 -0.000492651406448975  -0.00167747921463519  0.000397542274638095  5.95356676758747e-18 -2.53010020104399e-17 -2.71841836674384e-18  2.09178026528454e-18  0.000983367111390678
-0.000126144276994301 -0.000492651406448975      1.97199227264831   -0.0451654356674855     0.111552311288675 -1.57271491289278e-16 -5.39951725121411e-15  1.24652667555036e-15  8.41220694535728e-16      0.17426462429284
-0.000139971866524136  -0.00167747921463519   -0.0451654356674855      1.88079755711971    0.0977865035568884 -1.04893126687711e-15 -4.79958326803351e-15    2.175484736607e-15  1.16344465958107e-15     0.171829374592044
 0.000614799609627023  0.000397542274638095     0.111552311288675    0.0977865035568884      1.41030209119364 -2.71161900149593e-16  2.77680113474297e-14 -5.19019419986737e-15 -4.54745426441535e-15    -0.887457156598425
-1.59385125580349e-18  5.95356676758747e-18 -1.57271491289278e-16 -1.04893126687711e-15 -2.71161900149593e-16      1.19652801392088  1.24320852281971e-14      0.95790852475006     0.110835824034851 -6.39981484211277e-15
-2.69821157266493e-17 -2.53010020104399e-17 -5.39951725121411e-15 -4.79958326803351e-15  2.77680113474297e-14  1.24320852281971e-14      1.19652801392086     0.110835824034847    -0.957908524750064  2.10320050651056e-14
 7.37079383345595e-18 -2.71841836674384e-18  1.24652667555036e-15    2.175484736607e-15 -5.19019419986737e-15      0.95790852475006     0.110835824034847     0.842680508950727  9.83271228019956e-15  2.19982144705231e-15
 7.52747403798723e-18  2.09178026528454e-18  8.41220694535728e-16  1.16344465958107e-15 -4.54745426441535e-15     0.110835824034851    -0.957908524750064  9.83271228019956e-15     0.842680508950753 -3.08815947484835e-14
 0.000934353391402876  0.000983367111390678      0.17426462429284     0.171829374592044    -0.887457156598425 -6.39981484211277e-15  2.10320050651056e-14  2.19982144705231e-15 -3.08815947484835e-14     0.658518496430593
First eigenvector coefficient: -0.23033395243029
TOTAL ENERGY: -124.236880341464	 lambda: -4.65	 population of target: 3.99379078206239
1RDM: 
     1.99999934905919 -1.00359964114609e-06 -0.000125536194199139 -0.000139446586395376  0.000612409312435763 -1.58367045824461e-18 -2.68948221566071e-17  7.32863235158985e-18  7.49056443793207e-18  0.000931688570838951
-1.00359964114609e-06       1.9999731909455 -0.000492289869311724  -0.00167743918135366  0.000396783718873531  5.94183278874886e-18 -2.52997401985356e-17 -2.72693564521602e-18  2.06994620359997e-18  0.000983869619268682
-0.000125536194199139 -0.000492289869311724      1.97207510252829   -0.0450980792596511     0.111271117045875 -1.56805392719129e-16 -5.39004781517913e-15  1.24167346647808e-15  8.36961461787493e-16     0.174023995152449
-0.000139446586395376  -0.00167743918135366   -0.0450980792596511      1.88083295888804    0.0975898462848191 -1.04815393065065e-15 -4.79278892262951e-15  2.17078002670458e-15  1.16196017553624e-15     0.171748019162402
 0.000612409312435763  0.000396783718873531     0.111271117045875    0.0975898462848191      1.41109688201727 -2.68522085901711e-16  2.77518119285765e-14 -5.17798512649996e-15 -4.52840972797083e-15    -0.887148135757519
-1.58367045824461e-18  5.94183278874886e-18 -1.56805392719129e-16 -1.04815393065065e-15 -2.68522085901711e-16      1.19671959242658  1.25304367756107e-14     0.957875555957798     0.110832009346163 -6.38452471488419e-15
-2.68948221566071e-17 -2.52997401985356e-17 -5.39004781517913e-15 -4.79278892262951e-15  2.77518119285765e-14  1.25304367756107e-14      1.19671959242656     0.110832009346159      -0.9578755559578  2.10446198861352e-14
 7.32863235158985e-18 -2.72693564521602e-18  1.24167346647808e-15  2.17078002670458e-15 -5.17798512649996e-15     0.957875555957798     0.110832009346159     0.842484159233901  9.72284582551144e-15  2.19931654265463e-15
 7.49056443793207e-18  2.06994620359997e-18  8.36961461787493e-16  1.16196017553624e-15 -4.52840972797083e-15     0.110832009346163      -0.9578755559578  9.72284582551144e-15      0.84248415923393 -3.08725721387615e-14
 0.000931688570838951  0.000983869619268682     0.174023995152449     0.171748019162402    -0.887148135757519 -6.38452471488419e-15  2.10446198861352e-14  2.19931654265463e-15 -3.08725721387615e-14     0.657615013240796
First eigenvector coefficient: 0.230565770655278
TOTAL ENERGY: -124.237202336344	 lambda: -4.6	 population of target: 3.99386040574037
1RDM: 
     1.99999935319261 -1.00077429632477e-06 -0.000124925872366416 -0.000138923576426251  0.000610011891188589  -1.5737241575416e-18 -2.68076917080381e-17  7.28642100842419e-18  7.45345335570269e-18   0.00092904178665243
-1.00077429632477e-06      1.99997318997071 -0.000491917677452347  -0.00167739547055279  0.000395994998179651  5.92967587166652e-18 -2.52980752362077e-17 -2.73577037927517e-18  2.04749457730857e-18  0.000984381038241911
-0.000124925872366416 -0.000491917677452347      1.97215970773164   -0.0450296580671932     0.110982605851682 -1.56350631986566e-16  -5.3803649945666e-15  1.23671286920994e-15  8.32572941237151e-16      0.17377834135905
-0.000138923576426251  -0.00167739547055279   -0.0450296580671932      1.88086843682779     0.097390095810323 -1.04742608829618e-15 -4.78598473416517e-15  2.16604812957309e-15  1.16040184139013e-15     0.171669210514483
 0.000610011891188589  0.000395994998179651     0.110982605851682     0.097390095810323      1.41192105405445 -2.65812023460737e-16  2.77349726727651e-14 -5.16531403975531e-15 -4.50868738885079e-15    -0.886826086615031
 -1.5737241575416e-18  5.92967587166652e-18 -1.56350631986566e-16 -1.04742608829618e-15 -2.65812023460737e-16      1.19691824122498  1.18296667036243e-14     0.957841229223619      0.11082803753574 -6.36868221718046e-15
-2.68076917080381e-17 -2.52980752362077e-17  -5.3803649945666e-15 -4.78598473416517e-15  2.77349726727651e-14  1.18296667036243e-14      1.19691824122497     0.110828037535735    -0.957841229223622  2.10576375063881e-14
 7.28642100842419e-18 -2.73577037927517e-18  1.23671286920994e-15  2.16604812957309e-15 -5.16531403975531e-15     0.957841229223619     0.110828037535735     0.842280802557925  1.00150783382962e-14  2.19880882690233e-15
 7.45345335570269e-18  2.04749457730857e-18  8.32572941237151e-16  1.16040184139013e-15 -4.50868738885079e-15      0.11082803753574    -0.957841229223622  1.00150783382962e-14     0.842280802557943 -3.08631986789746e-14
  0.00092904178665243  0.000984381038241911      0.17377834135905     0.171669210514483    -0.886826086615031 -6.36868221718046e-15  2.10576375063881e-14  2.19880882690233e-15 -3.08631986789746e-14      0.65668017065698
First eigenvector coefficient: -0.230805743342718
TOTAL ENERGY: -124.237537483416	 lambda: -4.55	 population of target: 3.99393366535866
1RDM: 
     1.99999935729862 -9.97953394441351e-07   -0.0001243132777205 -0.000138402946637259  0.000607607211693702 -1.56402560091154e-18 -2.67207485062898e-17  7.24416009147529e-18  7.41612794689657e-18  0.000926414418731156
-9.97953394441351e-07      1.99997318904384 -0.000491534376478629  -0.00167734781532236  0.000395174549252115  5.91702638310151e-18 -2.52958768102888e-17 -2.74489741438108e-18  2.02452181948025e-18  0.000984901745990142
  -0.0001243132777205 -0.000491534376478629       1.9722461551652   -0.0449601244396985      0.11068645561489 -1.55905207194135e-16 -5.37046644012326e-15  1.23163767265216e-15  8.28041036265709e-16     0.173527477434578
-0.000138402946637259  -0.00167734781532236   -0.0449601244396985      1.88090400802156    0.0971870674876481 -1.04673911846951e-15 -4.77919314932965e-15  2.16127726627771e-15  1.15873493407662e-15      0.17159304957179
 0.000607607211693702  0.000395174549252115      0.11068645561489    0.0971870674876481      1.41277618727987 -2.63026560990995e-16  2.77174537723405e-14 -5.15215748779976e-15 -4.48825640318817e-15    -0.886490247131446
-1.56402560091154e-18  5.91702638310151e-18 -1.55905207194135e-16 -1.04673911846951e-15 -2.63026560990995e-16      1.19712435201855  1.28454596358611e-14     0.957805467235728     0.110823899662994 -6.35225710898724e-15
-2.67207485062898e-17 -2.52958768102888e-17 -5.37046644012326e-15 -4.77919314932965e-15  2.77174537723405e-14  1.28454596358611e-14      1.19712435201853      0.11082389966299    -0.957805467235731   2.1071078574458e-14
 7.24416009147529e-18 -2.74489741438108e-18  1.23163767265216e-15  2.16127726627771e-15 -5.15215748779976e-15     0.957805467235728      0.11082389966299      0.84207004995468  1.02486650984206e-14  2.19829892390138e-15
 7.41612794689657e-18  2.02452181948025e-18  8.28041036265709e-16  1.15873493407662e-15 -4.48825640318817e-15     0.110823899662994    -0.957805467235731  1.02486650984206e-14     0.842070049954707 -3.08534540776688e-14
 0.000926414418731156  0.000984901745990142     0.173527477434578      0.17159304957179    -0.886490247131446 -6.35225710898724e-15   2.1071078574458e-14  2.19829892390138e-15 -3.08534540776688e-14     0.655712299244502
First eigenvector coefficient: -0.231054313590828
TOTAL ENERGY: -124.237886610207	 lambda: -4.5	 population of target: 3.99401082416951
1RDM: 
       1.999999361376 -9.95137479101846e-07 -0.000123698374142064 -0.000137884812056484  0.000605195120541068 -1.55458713052777e-18 -2.66340197493974e-17  7.20184774246767e-18  7.37857231823025e-18  0.000923807935965009
-9.95137479101846e-07      1.99997318816812 -0.000491139485508704  -0.00167729592445424  0.000394320702112352    5.903753762241e-18 -2.52929158731698e-17 -2.75423582655741e-18  2.00125901627214e-18  0.000985432144094995
-0.000123698374142064 -0.000491139485508704      1.97233451524338   -0.0448894277353514      0.11038232458353  -1.5546346182792e-16 -5.36035582254925e-15   1.2264368168769e-15  8.23343177706875e-16     0.173271208460104
-0.000137884812056484  -0.00167729592445424   -0.0448894277353514      1.88093969169065    0.0969805625315461 -1.04607059092883e-15 -4.77246120575525e-15  2.15644219603687e-15   1.1568937433089e-15     0.171519642514625
 0.000605195120541068  0.000394320702112352      0.11038232458353    0.0969805625315461      1.41366397446893 -2.60157814636152e-16  2.76992085197304e-14 -5.13849260569008e-15 -4.46708881306478e-15     -0.88613979634929
-1.55458713052777e-18    5.903753762241e-18  -1.5546346182792e-16 -1.04607059092883e-15 -2.60157814636152e-16      1.19733834657751  1.17923715664535e-14      0.95776818656176     0.110819586080118 -6.33521695689907e-15
-2.66340197493974e-17 -2.52929158731698e-17 -5.36035582254925e-15 -4.77246120575525e-15  2.76992085197304e-14  1.17923715664535e-14      1.19733834657749     0.110819586080114    -0.957768186561763  2.10849651513418e-14
 7.20184774246767e-18 -2.75423582655741e-18   1.2264368168769e-15  2.15644219603687e-15 -5.13849260569008e-15      0.95776818656176     0.110819586080114     0.841851482616509  9.59799355593061e-15  2.19778765170274e-15
 7.37857231823025e-18  2.00125901627214e-18  8.23343177706875e-16   1.1568937433089e-15 -4.46708881306478e-15     0.110819586080118    -0.957768186561763  9.59799355593061e-15     0.841851482616529 -3.08433167147352e-14
 0.000923807935965009  0.000985432144094995     0.173271208460104     0.171519642514625     -0.88613979634929 -6.33521695689907e-15  2.10849651513418e-14  2.19778765170274e-15 -3.08433167147352e-14     0.654709610664916
First eigenvector coefficient: 0.231311957113774
TOTAL ENERGY: -124.238250614694	 lambda: -4.45	 population of target: 3.99409216999483
1RDM: 
     1.99999936542354  -9.9232707034581e-07 -0.000123081121723145  -0.00013736928592732  0.000602775423279561 -1.54544734774628e-18 -2.65474836859657e-17  7.15950542093296e-18  7.34083211262423e-18  0.000921223880425434
 -9.9232707034581e-07      1.99997318734733 -0.000490732495243227  -0.00167723947053175  0.000393431671590246  5.89042485447037e-18 -2.52904059027064e-17 -2.76433320745574e-18  1.97612943310868e-18  0.000985972664340063
-0.000123081121723145 -0.000490732495243227      1.97242486120453   -0.0448175142058998     0.110069851636349  -1.5506292693262e-16 -5.34994685328302e-15  1.22113820200412e-15  8.18569416343744e-16     0.173009333523398
 -0.00013736928592732  -0.00167723947053175   -0.0448175142058998      1.88097550985074     0.096770364436164  -1.0455595282862e-15 -4.76550181928004e-15   2.1516643882239e-15  1.15523387396115e-15     0.171449098923159
 0.000602775423279561  0.000393431671590246     0.110069851636349     0.096770364436164      1.41458623722556  -2.5722758453828e-16  2.76802487938064e-14 -5.12426751470547e-15 -4.44507590078344e-15     -0.88577384630077
-1.54544734774628e-18  5.89042485447037e-18  -1.5506292693262e-16  -1.0455595282862e-15  -2.5722758453828e-16      1.19756067963253  1.24567734260202e-14     0.957729296836826     0.110815086286711 -6.31752611545188e-15
-2.65474836859657e-17 -2.52904059027064e-17 -5.34994685328302e-15 -4.76550181928004e-15  2.76802487938064e-14  1.24567734260202e-14      1.19756067963251     0.110815086286707    -0.957729296836829  2.10993194066177e-14
 7.15950542093296e-18 -2.76433320745574e-18  1.22113820200412e-15   2.1516643882239e-15 -5.12426751470547e-15     0.957729296836826     0.110815086286707     0.841624649535494  1.01805468074164e-14  2.19727482099238e-15
 7.34083211262423e-18  1.97612943310868e-18  8.18569416343744e-16  1.15523387396115e-15 -4.44507590078344e-15     0.110815086286711    -0.957729296836829  1.01805468074164e-14     0.841624649535518 -3.08327650378829e-14
 0.000921223880425434  0.000985972664340063     0.173009333523398     0.171449098923159     -0.88577384630077 -6.31752611545188e-15  2.10993194066177e-14  2.19727482099238e-15 -3.08327650378829e-14     0.653670180612331
First eigenvector coefficient: 0.231579185507619
TOTAL ENERGY: -124.238630471295	 lambda: -4.4	 population of target: 3.99417801769087
1RDM: 
      1.9999993694399 -9.89522765874601e-07 -0.000122461478239163 -0.000136856494457835  0.000600347908823148 -1.53660030670999e-18 -2.64612133460688e-17  7.11711205576602e-18  7.30283393316909e-18  0.000918663910416701
-9.89522765874601e-07      1.99997318658531 -0.000490312863145448  -0.00167717811377426  0.000392505530984549  5.87634288270186e-18 -2.52869007941846e-17 -2.77461344199588e-18  1.95085159107064e-18  0.000986523748359925
-0.000122461478239163 -0.000490312863145448      1.97251727107843   -0.0447443267006585     0.109748650673611 -1.54663583434537e-16 -5.33931644159086e-15  1.21569905017039e-15  8.13602322985774e-16     0.172741637742467
-0.000136856494457835  -0.00167717811377426   -0.0447443267006585      1.88101148539368    0.0965562413834203 -1.04505434751051e-15 -4.75863869448232e-15  2.14680150283078e-15   1.1533383055966e-15     0.171381537007538
 0.000600347908823148  0.000392505530984549     0.109748650673611    0.0965562413834203      1.41554493170666 -2.54203596064189e-16  2.76604704067469e-14 -5.10947644626947e-15 -4.42224845961084e-15    -0.885391436361084
-1.53660030670999e-18  5.87634288270186e-18 -1.54663583434537e-16 -1.04505434751051e-15 -2.54203596064189e-16      1.19779183898549  1.31407957713284e-14     0.957688701499574     0.110810389158239 -6.29914760423328e-15
-2.64612133460688e-17 -2.52869007941846e-17 -5.33931644159086e-15 -4.75863869448232e-15  2.76604704067469e-14  1.31407957713284e-14      1.19779183898547     0.110810389158234     -0.95768870149958  2.11141678947155e-14
 7.11711205576602e-18 -2.77461344199588e-18  1.21569905017039e-15  2.14680150283078e-15 -5.10947644626947e-15     0.957688701499574     0.110810389158234     0.841389065334226  1.04178708203757e-14  2.19676236444589e-15
 7.30283393316909e-18  1.95085159107064e-18  8.13602322985774e-16   1.1533383055966e-15 -4.42224845961084e-15     0.110810389158239     -0.95768870149958  1.04178708203757e-14     0.841389065334249 -3.08217719178156e-14
 0.000918663910416701  0.000986523748359925     0.172741637742467     0.171381537007538    -0.885391436361084 -6.29914760423328e-15  2.11141678947155e-14  2.19676236444589e-15 -3.08217719178156e-14     0.652591947156642
First eigenvector coefficient: 0.23185654902273
TOTAL ENERGY: -124.239027240436	 lambda: -4.35	 population of target: 3.99426871257107
1RDM: 
     1.99999937342373 -9.86725123960944e-07 -0.000121839397048289 -0.000136346561062571  0.000597912318489988 -1.52807443754456e-18 -2.63752144411047e-17  7.07467681302117e-18  7.26458939396911e-18  0.000916129773179421
-9.86725123960944e-07      1.99997318588646 -0.000489880015422902  -0.00167711147023855  0.000391540219296854  5.86171787514574e-18 -2.52828756974944e-17 -2.78531095872624e-18  1.92475730210719e-18  0.000987085876095199
-0.000121839397048289 -0.000489880015422902      1.97261182612607   -0.0446698044605424     0.109418312899026 -1.54281435347666e-16 -5.32842249822571e-15   1.2101268348831e-15  8.08473712310755e-16     0.172467899297246
-0.000136346561062571  -0.00167711147023855   -0.0446698044605424      1.88104764485763      0.09633794042434 -1.04461303936395e-15 -4.75175346321241e-15  2.14190050589548e-15  1.15134805642504e-15     0.171317078733148
 0.000597912318489988  0.000391540219296854     0.109418312899026      0.09633794042434      1.41654216640752 -2.51092163655259e-16  2.76398474355165e-14 -5.09407640087814e-15 -4.39853058355894e-15    -0.884991525653744
-1.52807443754456e-18  5.86171787514574e-18 -1.54281435347666e-16 -1.04461303936395e-15 -2.51092163655259e-16      1.19803235304733  1.39650038740848e-14     0.957646295299804     0.110805482502306 -6.28004049603817e-15
-2.63752144411047e-17 -2.52828756974944e-17 -5.32842249822571e-15 -4.75175346321241e-15  2.76398474355165e-14  1.39650038740848e-14      1.19803235304729     0.110805482502301     -0.95764629529981  2.11295370110277e-14
 7.07467681302117e-18 -2.78531095872624e-18   1.2101268348831e-15  2.14190050589548e-15 -5.09407640087814e-15     0.957646295299804     0.110805482502301     0.841144205244196  9.25670218875517e-15  2.19625093523314e-15
 7.26458939396911e-18  1.92475730210719e-18  8.08473712310755e-16  1.15134805642504e-15 -4.39853058355894e-15     0.110805482502306     -0.95764629529981  9.25670218875517e-15     0.841144205244239 -3.08103109974596e-14
 0.000916129773179421  0.000987085876095199     0.172467899297246     0.171317078733148    -0.884991525653744 -6.28004049603817e-15  2.11295370110277e-14  2.19625093523314e-15 -3.08103109974596e-14     0.651472686715623
First eigenvector coefficient: -0.232144641062538
TOTAL ENERGY: -124.23944207738	 lambda: -4.3	 population of target: 3.99436463385692
1RDM: 
      1.9999993773736 -9.83934720691489e-07 -0.000121214827445478 -0.000135839613989921  0.000595468353302287 -1.51989086517482e-18 -2.62895117784475e-17   7.0322004861855e-18  7.22608603359836e-18   0.00091362332919131
-9.83934720691489e-07      1.99997318525551 -0.000489433341062099  -0.00167703912069755   0.00039053351967692  5.84651751770324e-18 -2.52782945479909e-17 -2.79644808582652e-18  1.89780632513335e-18  0.000987659555578802
-0.000121214827445478 -0.000489433341062099      1.97270861202218   -0.0445938826697504     0.109078402814243 -1.53917844114949e-16 -5.31725361928268e-15  1.20441530858924e-15  8.03175287766021e-16      0.17218788516153
-0.000135839613989921  -0.00167703912069755   -0.0445938826697504      1.88108401772941    0.0961151874561108  -1.0442384524946e-15 -4.74484446826899e-15   2.1369580214945e-15  1.14925584649459e-15     0.171255852599129
 0.000595468353302287   0.00039053351967692     0.109078402814243    0.0961151874561108      1.41758021426014 -2.47889122103058e-16  2.76183284848578e-14 -5.07803086453457e-15 -4.37386983955289e-15    -0.884572984839449
-1.51989086517482e-18  5.84651751770324e-18 -1.53917844114949e-16  -1.0442384524946e-15 -2.47889122103058e-16      1.19828279280645     1.25263461315e-14      0.95760196432425     0.110800353138078 -6.26016085805262e-15
-2.62895117784475e-17 -2.52782945479909e-17 -5.31725361928268e-15 -4.74484446826899e-15  2.76183284848578e-14     1.25263461315e-14      1.19828279280644     0.110800353138073    -0.957601964324253  2.11454556652021e-14
  7.0322004861855e-18 -2.79644808582652e-18  1.20441530858924e-15   2.1369580214945e-15 -5.07803086453457e-15      0.95760196432425     0.110800353138073     0.840889501929627  1.06967208014606e-14  2.19574171008096e-15
 7.22608603359836e-18  1.89780632513335e-18  8.03175287766021e-16  1.14925584649459e-15 -4.37386983955289e-15     0.110800353138078    -0.957601964324253  1.06967208014606e-14     0.840889501929645 -3.07983528598725e-14
  0.00091362332919131  0.000987659555578802      0.17218788516153     0.171255852599129    -0.884572984839449 -6.26016085805262e-15  2.11454556652021e-14  2.19574171008096e-15 -3.07983528598725e-14     0.650310003887025
First eigenvector coefficient: -0.232444102051614
TOTAL ENERGY: -124.239876243153	 lambda: -4.25	 population of target: 3.99446619881888
1RDM: 
     1.99999938128804 -9.81152140665381e-07 -0.000120587714104187 -0.000135335785022103  0.000593015664459971 -1.51207234178719e-18 -2.62041310320507e-17  6.98968352651622e-18  7.18731020312547e-18  0.000911146556688121
-9.81152140665381e-07      1.99997318469773 -0.000488972189603156  -0.00167696060483348  0.000389483044667791  5.83070857938133e-18 -2.52731217291778e-17 -2.80805026593605e-18  1.86995159892301e-18  0.000988245326138008
-0.000120587714104187 -0.000488972189603156      1.97280771891436   -0.0445164921950864      0.10872845642345 -1.53574404093743e-16 -5.30579753144145e-15  1.19855791356946e-15  7.97698443808053e-16     0.171901351399738
-0.000135335785022103  -0.00167696060483348   -0.0445164921950864      1.88112063688781    0.0958876845501816 -1.04393398065231e-15 -4.73790911602043e-15  2.13197067479815e-15  1.14705471299393e-15     0.171197993565063
 0.000593015664459971  0.000389483044667791      0.10872845642345    0.0958876845501816      1.41866152992749 -2.44590132587985e-16  2.75958580885432e-14 -5.06130028513186e-15 -4.34820941239785e-15    -0.884134586211238
-1.51207234178719e-18  5.83070857938133e-18 -1.53574404093743e-16 -1.04393398065231e-15 -2.44590132587985e-16      1.19854377649664  1.17016629164568e-14     0.957555584969849     0.110794986763916  -6.2394611638649e-15
-2.62041310320507e-17 -2.52731217291778e-17 -5.30579753144145e-15 -4.73790911602043e-15  2.75958580885432e-14  1.17016629164568e-14      1.19854377649661     0.110794986763912    -0.957555584969853  2.11619549249859e-14
 6.98968352651622e-18 -2.80805026593605e-18  1.19855791356946e-15  2.13197067479815e-15 -5.06130028513186e-15     0.957555584969849     0.110794986763912     0.840624340948675  8.86508736071812e-15  2.19523605510563e-15
 7.18731020312547e-18  1.86995159892301e-18  7.97698443808053e-16  1.14705471299393e-15 -4.34820941239785e-15     0.110794986763916    -0.957555584969853  8.86508736071812e-15       0.8406243409487 -3.07858656301251e-14
 0.000911146556688121  0.000988245326138008     0.171901351399738     0.171197993565063    -0.884134586211238  -6.2394611638649e-15  2.11619549249859e-14  2.19523605510563e-15 -3.07858656301251e-14     0.649101313394044
First eigenvector coefficient: -0.232755624272849
TOTAL ENERGY: -124.240331116881	 lambda: -4.2	 population of target: 3.994573867501
1RDM: 
     1.99999938516544 -9.78377979968898e-07 -0.000119957996539376 -0.000134835209418933  0.000590553845105406 -1.50464161814945e-18 -2.61191003279544e-17  6.94712402433837e-18  7.14824594615362e-18  0.000908701560163864
-9.78377979968898e-07      1.99997318421877 -0.000488495868988268  -0.00167687541987261   0.00038838621944672  5.81420062826852e-18 -2.52672488633973e-17 -2.82008970515338e-18  1.84126426911214e-18  0.000988843762812015
-0.000119957996539376 -0.000488495868988268      1.97290924168294   -0.0444375592787546     0.108367978759324 -1.53249353528652e-16 -5.29404645782186e-15  1.19254417893639e-15  7.92027845961694e-16     0.171608042711103
-0.000134835209418933  -0.00167687541987261   -0.0444375592787546      1.88115753876873    0.0956551071807906 -1.04369005521045e-15 -4.73096610107573e-15  2.12692193980378e-15  1.14471151049666e-15     0.171143643307082
 0.000590553845105406   0.00038838621944672     0.108367978759324    0.0956551071807906      1.41978876870206 -2.41188203097391e-16  2.75723733618036e-14  -5.0438442869092e-15 -4.32149202482094e-15    -0.883674992710623
-1.50464161814945e-18  5.81420062826852e-18 -1.53249353528652e-16 -1.04369005521045e-15 -2.41188203097391e-16      1.19881597434457  1.34425487642212e-14     0.957507022833122     0.110789367837501 -6.21789003024629e-15
-2.61191003279544e-17 -2.52672488633973e-17 -5.29404645782186e-15 -4.73096610107573e-15  2.75723733618036e-14  1.34425487642212e-14      1.19881597434455     0.110789367837496    -0.957507022833125  2.11790682753237e-14
 6.94712402433837e-18 -2.82008970515338e-18  1.19254417893639e-15  2.12692193980378e-15  -5.0438442869092e-15     0.957507022833122     0.110789367837496     0.840348056250207  1.10623068814798e-14  2.19473571267997e-15
 7.14824594615362e-18  1.84126426911214e-18  7.92027845961694e-16  1.14471151049666e-15 -4.32149202482094e-15     0.110789367837501    -0.957507022833125  1.10623068814798e-14     0.840348056250229 -3.07728159438683e-14
 0.000908701560163864  0.000988843762812015     0.171608042711103     0.171143643307082    -0.883674992710623 -6.21789003024629e-15  2.11790682753237e-14  2.19473571267997e-15 -3.07728159438683e-14     0.647843820272502
