HCORE:-25.7841 -6.88204 -6.56069 -7.83409   -7.884 -33.0004 -8.33782 -6.48475 -6.48475 -7.83409
HCORE2:-33.0004 -25.7841 -8.33782   -7.884 -7.83409 -7.83409 -6.88204 -6.56069 -6.48475 -6.48475
TOTAL ENERGY: -123.953112967754	 lambda: -5	 population of target: 3.99963608319558
1RDM: 
     1.99999999352411 -4.71110890348102e-08 -1.13531630058406e-05 -3.13660308632307e-06  0.000111869793087283 -4.29100248137287e-17  2.85771869300046e-17  3.48235199199816e-17  3.65293205204073e-16 -4.80704873334546e-06
-4.71110890348102e-08      1.99997444751314  -0.00165095842485841  0.000144566264839848  0.000207247068477343  2.80457515471913e-17  1.19706079259891e-16 -5.63028426000045e-17  4.46503916059604e-16 -3.88664709924364e-05
-1.13531630058406e-05  -0.00165095842485841      1.87787045153362   0.00542891334818274     0.156134523531346 -3.79076674007302e-14  6.40516184253724e-14  1.76330284310584e-13  3.91841198021257e-13  -0.00866573923810462
-3.13660308632307e-06  0.000144566264839848   0.00542891334818274      1.99731216823945     0.058469154156504   -6.889313606138e-15  1.17683635030204e-14  2.43064062608393e-16  8.08464302369781e-14  -0.00230307738209842
 0.000111869793087283  0.000207247068477343     0.156134523531346     0.058469154156504    0.0515837285101166 -1.80181564316136e-13 -3.98223945600941e-13   7.6734306214066e-14  1.13965384729518e-14    0.0829549668735927
-4.29100248137287e-17  2.80457515471913e-17 -3.79076674007302e-14   -6.889313606138e-15 -1.80181564316136e-13      1.95917681312773  1.40975167375829e-15  0.000683874366716504     0.280019950931194 -4.84212701077067e-14
 2.85771869300046e-17  1.19706079259891e-16  6.40516184253724e-14  1.17683635030204e-14 -3.98223945600941e-13  1.40975167375829e-15      1.95917681312687    -0.280019950934097  0.000683874366714123  4.72408100459999e-14
 3.48235199199816e-17 -5.63028426000045e-17  1.76330284310584e-13  2.43064062608393e-16   7.6734306214066e-14  0.000683874366716504    -0.280019950934097    0.0792373750937532 -7.13833569923488e-16  2.04697926272511e-13
 3.65293205204073e-16  4.46503916059604e-16  3.91841198021257e-13  8.08464302369781e-14  1.13965384729518e-14     0.280019950931194  0.000683874366714123 -7.13833569923488e-16    0.0792373750929014  3.84397127481646e-13
-4.80704873334546e-06 -3.88664709924364e-05  -0.00866573923810462  -0.00230307738209842    0.0829549668735927 -4.84212701077067e-14  4.72408100459999e-14  2.04697926272511e-13  3.84397127481646e-13      1.99643083423829
First eigenvector coefficient: 0.00162780385564694
TOTAL ENERGY: -123.953140748044	 lambda: -4.95	 population of target: 3.99964166740366
1RDM: 
     1.99999999349701  -4.7332404667935e-08 -1.13837617594625e-05 -3.13722388522003e-06  0.000112099865993386 -4.29567043170695e-17  2.87044683770095e-17  3.50739094798453e-17  3.65920832110521e-16 -4.83321672769213e-06
 -4.7332404667935e-08      1.99997444745168  -0.00165095668996962  0.000144620568309538  0.000207254667740794  2.82453714451911e-17  1.20077976479427e-16  -5.6371174200568e-17  4.46532393465593e-16  -3.9017552388259e-05
-1.13837617594625e-05  -0.00165095668996962       1.8778741562245   0.00543952659970976     0.156112993675114 -3.78608204239776e-14  6.41173485573717e-14  1.76294684419848e-13  3.91785412180161e-13  -0.00869521283696395
-3.13722388522003e-06  0.000144620568309538   0.00543952659970976      1.99731681647075    0.0583820370762924 -6.85352943192405e-15  1.17558900703478e-14  1.45585164673301e-16  8.06045427870617e-14  -0.00230685696908672
 0.000112099865993386  0.000207254667740794     0.156112993675114    0.0583820370762924    0.0515997932391356 -1.80449643825903e-13 -3.98936150227969e-13  7.68718108393925e-14  1.14308419935004e-14    0.0832313570800571
-4.29567043170695e-17  2.82453714451911e-17 -3.78608204239776e-14 -6.85352943192405e-15 -1.80449643825903e-13      1.95918840580064  9.18524769771434e-16  0.000683779366719399      0.27998105198462 -4.84797991273897e-14
 2.87044683770095e-17  1.20077976479427e-16  6.41173485573717e-14  1.17558900703478e-14 -3.98936150227969e-13  9.18524769771434e-16      1.95918840579978    -0.279981051987508  0.000683779366720272  4.73839320361809e-14
 3.50739094798453e-17  -5.6371174200568e-17  1.76294684419848e-13  1.45585164673301e-16  7.68718108393925e-14  0.000683779366719399    -0.279981051987508    0.0792255284950979  -1.2143205785662e-15  2.05092021443732e-13
 3.65920832110521e-16  4.46532393465593e-16  3.91785412180161e-13  8.06045427870617e-14  1.14308419935004e-14      0.27998105198462  0.000683779366720272  -1.2143205785662e-15    0.0792255284942594  3.85108840481354e-13
-4.83321672769213e-06  -3.9017552388259e-05  -0.00869521283696395  -0.00230685696908672    0.0832313570800571 -4.84797991273897e-14  4.73839320361809e-14  2.05092021443732e-13  3.85108840481354e-13      1.99640692452716
First eigenvector coefficient: -0.00163815097910014
TOTAL ENERGY: -123.953169649038	 lambda: -4.9	 population of target: 3.99964753587436
1RDM: 
     1.99999999346871 -4.75584779752881e-08 -1.14153782989693e-05 -3.13795387533765e-06  0.000112339589808745 -4.30054258935408e-17  2.88369019777209e-17  3.53344889842206e-17  3.66574795616628e-16 -4.86043135534916e-06
-4.75584779752881e-08      1.99997444739216  -0.00165095455112723  0.000144676213798547  0.000207261166915301  2.84514536787121e-17  1.20460460349624e-16 -5.64430804879452e-17  4.46558389942961e-16  -3.9173183080541e-05
-1.14153782989693e-05  -0.00165095455112723      1.87787791895101   0.00545039933828414     0.156091260573651 -3.78125624398904e-14  6.41853857593029e-14   1.7625819870438e-13  3.91729072537562e-13  -0.00872568397521501
-3.13795387533765e-06  0.000144676213798547   0.00545039933828414      1.99732158193033    0.0582925956632802 -6.81675108887013e-15  1.17431832717321e-14  4.54335431549052e-17  8.03562003605918e-14  -0.00231077611875027
 0.000112339589808745  0.000207261166915301     0.156091260573651    0.0582925956632802    0.0516165810151964 -1.80727051152688e-13  -3.9967307875958e-13  7.70141764126569e-14  1.14666980161195e-14    0.0835173404897357
-4.30054258935408e-17  2.84514536787121e-17 -3.78125624398904e-14 -6.81675108887013e-15 -1.80727051152688e-13      1.95920040467833  8.05556252606243e-16  0.000683681026315004     0.279940782637776 -4.85402444051845e-14
 2.88369019777209e-17  1.20460460349624e-16  6.41853857593029e-14  1.17431832717321e-14  -3.9967307875958e-13  8.05556252606243e-16      1.95920040467747    -0.279940782640676  0.000683681026316662  4.75322262200286e-14
 3.53344889842206e-17 -5.64430804879452e-17   1.7625819870438e-13  4.54335431549052e-17  7.70141764126569e-14  0.000683681026315004    -0.279940782640676    0.0792132829583504 -1.34612155760759e-15  2.05499820345456e-13
 3.66574795616628e-16  4.46558389942961e-16  3.91729072537562e-13  8.03562003605918e-14  1.14666980161195e-14     0.279940782637776  0.000683681026316662 -1.34612155760759e-15    0.0792132829575088  3.85845239668074e-13
-4.86043135534916e-06  -3.9173183080541e-05  -0.00872568397521501  -0.00231077611875027    0.0835173404897357 -4.85402444051845e-14  4.75322262200286e-14  2.05499820345456e-13  3.85845239668074e-13      1.99638210197091
First eigenvector coefficient: 0.00164888298561367
TOTAL ENERGY: -123.953199738738	 lambda: -4.85	 population of target: 3.99965370838923
1RDM: 
     1.99999999343918 -4.77894777640916e-08 -1.14480545267015e-05 -3.13879735245017e-06  0.000112589386848945 -4.30563188450142e-17   2.8974861954684e-17  3.56065370303053e-17  3.67256623203822e-16 -4.88874871361398e-06
-4.77894777640916e-08      1.99997444733483  -0.00165095198155039  0.000144733253533164   0.00020726650008889  2.86640970582706e-17  1.20854981326998e-16 -5.65177785554316e-17  4.46581448599106e-16 -3.93335750900049e-05
-1.14480545267015e-05  -0.00165095198155039      1.87788174243515   0.00546154168404173     0.156069315550164 -3.77628893697663e-14   6.4256011106992e-14  1.76221516648899e-13  3.91672507833674e-13  -0.00875720367586617
-3.13879735245017e-06  0.000144733253533164   0.00546154168404173      1.99732646888978    0.0582007383081021  -6.7789405084305e-15   1.1730260397131e-14 -5.73242436948082e-17  8.01011868233396e-14  -0.00231484271607861
 0.000112589386848945   0.00020726650008889     0.156069315550164    0.0582007383081021    0.0516341373031468 -1.81014306844119e-13 -4.00436018472309e-13  7.71618250081934e-14   1.1504257864914e-14    0.0838134258768916
-4.30563188450142e-17  2.86640970582706e-17 -3.77628893697663e-14  -6.7789405084305e-15 -1.81014306844119e-13      1.95921283132352  8.77281911164593e-16  0.000683579146496713     0.279899069815305 -4.86026996497198e-14
  2.8974861954684e-17  1.20854981326998e-16   6.4256011106992e-14   1.1730260397131e-14 -4.00436018472309e-13  8.77281911164593e-16      1.95921283132265    -0.279899069818207  0.000683579146497887  4.76859723403575e-14
 3.56065370303053e-17 -5.65177785554316e-17  1.76221516648899e-13 -5.73242436948082e-17  7.71618250081934e-14  0.000683579146496713    -0.279899069818207    0.0792006171315118 -1.26659430348232e-15   2.0592200508041e-13
 3.67256623203822e-16  4.46581448599106e-16  3.91672507833674e-13  8.01011868233396e-14   1.1504257864914e-14     0.279899069815305  0.000683579146497887 -1.26659430348232e-15    0.0792006171306897  3.86607623868379e-13
-4.88874871361398e-06 -3.93335750900049e-05  -0.00875720367586617  -0.00231484271607861    0.0838134258768916 -4.86026996497198e-14  4.76859723403575e-14   2.0592200508041e-13  3.86607623868379e-13      1.99635631368954
First eigenvector coefficient: -0.00166002169248024
TOTAL ENERGY: -123.953231090592	 lambda: -4.8	 population of target: 3.99966020647378
1RDM: 
     1.99999999340834 -4.80255677602555e-08 -1.14818344304505e-05  -3.1397592394997e-06  0.000112849714209195 -4.31093479093456e-17  2.91184890143114e-17   3.5889641415076e-17  3.67966761083629e-16 -4.91822930644809e-06
-4.80255677602555e-08       1.9999744472797  -0.00165094896268478  0.000144791737620204  0.000207270615764386  2.88842369471754e-17  1.21261050660648e-16  -5.6596462341879e-17  4.46601508781656e-16 -3.94989548053648e-05
-1.14818344304505e-05  -0.00165094896268478      1.87788562952634   0.00547296394854133     0.156047149331218 -3.77115784770427e-14  6.43291791892636e-14  1.76183813683216e-13  3.91614968865496e-13  -0.00878982642652674
 -3.1397592394997e-06  0.000144791737620204   0.00547296394854133      1.99733148188926    0.0581063685883811  -6.7400418795773e-15  1.17170978540974e-14  -1.6298464685233e-16  7.98391212041019e-14   -0.0023190652150033
 0.000112849714209195  0.000207270615764386     0.156047149331218    0.0581063685883811    0.0516525106597143 -1.81311895931653e-13   -4.012264025174e-13  7.73148728651991e-14  1.15435057899425e-14    0.0841201574770458
-4.31093479093456e-17  2.88842369471754e-17 -3.77115784770427e-14  -6.7400418795773e-15 -1.81311895931653e-13      1.95922570915388  8.76581494859486e-16  0.000683473554951407     0.279855834120133 -4.86672704419694e-14
 2.91184890143114e-17  1.21261050660648e-16  6.43291791892636e-14  1.17170978540974e-14   -4.012264025174e-13  8.76581494859486e-16      1.95922570915302    -0.279855834123042  0.000683473554952618  4.78454830990803e-14
  3.5889641415076e-17  -5.6596462341879e-17  1.76183813683216e-13  -1.6298464685233e-16  7.73148728651991e-14  0.000683473554951407    -0.279855834123042    0.0791875080802265 -1.26655283429609e-15  2.06359406595502e-13
 3.67966761083629e-16  4.46601508781656e-16  3.91614968865496e-13  7.98391212041019e-14  1.15435057899425e-14     0.279855834120133  0.000683473554952618 -1.26655283429609e-15    0.0791875080793648  3.87397418325929e-13
-4.91822930644809e-06 -3.94989548053648e-05  -0.00878982642652674   -0.0023190652150033    0.0841201574770458 -4.86672704419694e-14  4.78454830990803e-14  2.06359406595502e-13  3.87397418325929e-13      1.99632950277016
First eigenvector coefficient: 0.00167158992524455
TOTAL ENERGY: -123.953263784202	 lambda: -4.75	 population of target: 3.99966705361847
1RDM: 
     1.99999999337613 -4.82669820055755e-08 -1.15167685104934e-05 -3.14084413925077e-06  0.000113121051672488 -4.31647247901672e-17  2.92682285025397e-17  3.61853815130542e-17  3.68707408713498e-16 -4.94893803929417e-06
-4.82669820055755e-08      1.99997444722758  -0.00165094544948748  0.000144851722451643  0.000207273436351475  2.91115893139954e-17   1.2168034554206e-16 -5.66784271489279e-17  4.46618134479547e-16 -3.96695614905943e-05
-1.15167685104934e-05  -0.00165094544948748      1.87788958297041   0.00548467739927893     0.156024752145054 -3.76587072782366e-14  6.44052274864995e-14  1.76145973255411e-13  3.91557233707552e-13  -0.00882361062588556
-3.14084413925077e-06  0.000144851722451643   0.00548467739927893      1.99733662565732    0.0580093843699764 -6.70001957135673e-15  1.17037158244735e-14 -2.71465312398197e-16  7.95698347568892e-14  -0.00232345271968612
 0.000113121051672488  0.000207273436351475     0.156024752145054    0.0580093843699764    0.0516717543056691 -1.81620459927571e-13 -4.02045687402588e-13  7.74738265009227e-14  1.15846965132171e-14    0.0844381202579358
-4.31647247901672e-17  2.91115893139954e-17 -3.76587072782366e-14 -6.70001957135673e-15 -1.81620459927571e-13       1.9592390628899  8.68763051086436e-16  0.000683364039023912     0.279810991704231 -4.87340606423727e-14
 2.92682285025397e-17   1.2168034554206e-16  6.44052274864995e-14  1.17037158244735e-14 -4.02045687402588e-13  8.68763051086436e-16      1.95923906288904    -0.279810991707123  0.000683364039025132  4.80110788346038e-14
 3.61853815130542e-17 -5.66784271489279e-17  1.76145973255411e-13 -2.71465312398197e-16  7.74738265009227e-14  0.000683364039023912    -0.279810991707123     0.079173931495932 -1.26194198308667e-15  2.06812793521397e-13
 3.68707408713498e-16  4.46618134479547e-16  3.91557233707552e-13  7.95698347568892e-14  1.15846965132171e-14     0.279810991704231  0.000683364039025132 -1.26194198308667e-15    0.0791739314950782  3.88216101914544e-13
-4.94893803929417e-06 -3.96695614905943e-05  -0.00882361062588556  -0.00232345271968612    0.0844381202579358 -4.87340606423727e-14  4.80110788346038e-14  2.06812793521397e-13  3.88216101914544e-13      1.99630160769294
First eigenvector coefficient: -0.00168361290422465
TOTAL ENERGY: -123.953297905927	 lambda: -4.7	 population of target: 3.99967427548997
1RDM: 
     1.99999999334249 -4.85138136999498e-08 -1.15528991362542e-05 -3.14205770990106e-06  0.000113403900156672 -4.32224531216666e-17  2.94241679420162e-17  3.64927886445208e-17  3.69479353169528e-16 -4.98094415836776e-06
-4.85138136999498e-08      1.99997444717745   -0.0016509414454505  0.000144913267672352  0.000207274898794817  2.93467699201921e-17  1.22112348904575e-16   -5.676383813517e-17  4.46631833490438e-16 -3.98456537734068e-05
-1.15528991362542e-05   -0.0016509414454505      1.87789360684848   0.00549669344613118     0.156002113586395  -3.7604097006665e-14   6.4484041548175e-14  1.76106665917722e-13  3.91498777479042e-13  -0.00885861899665152
-3.14205770990106e-06  0.000144913267672352   0.00549669344613118      1.99734190513482    0.0579096792944602 -6.65882223565831e-15  1.16900923640991e-14 -3.83088244300163e-16  7.92929865409538e-14  -0.00232801510462228
 0.000113403900156672  0.000207274898794817     0.156002113586395    0.0579096792944602    0.0516919256595998 -1.81940522102581e-13 -4.02895563397872e-13  7.76387597624147e-14  1.16278731760032e-14     0.084767942937163
-4.32224531216666e-17  2.93467699201921e-17  -3.7604097006665e-14 -6.65882223565831e-15 -1.81940522102581e-13      1.95925291986499  8.77894303754993e-16  0.000683250372892123     0.279764449878847 -4.88031905252535e-14
 2.94241679420162e-17  1.22112348904575e-16   6.4484041548175e-14  1.16900923640991e-14 -4.02895563397872e-13  8.77894303754993e-16      1.95925291986413    -0.279764449881744  0.000683250372893284  4.81831251370828e-14
 3.64927886445208e-17   -5.676383813517e-17  1.76106665917722e-13 -3.83088244300163e-16  7.76387597624147e-14  0.000683250372892123    -0.279764449881744    0.0791598600894241 -1.25384948125779e-15  2.07283136835668e-13
 3.69479353169528e-16  4.46631833490438e-16  3.91498777479042e-13  7.92929865409538e-14  1.16278731760032e-14     0.279764449878847  0.000683250372893284 -1.25384948125779e-15    0.0791598600885865  3.89065301052913e-13
-4.98094415836776e-06 -3.98456537734068e-05  -0.00885861899665152  -0.00232801510462228     0.084767942937163 -4.88031905252535e-14  4.81831251370828e-14  2.07283136835668e-13  3.89065301052913e-13      1.99627256193007
First eigenvector coefficient: 0.00169611739790887
TOTAL ENERGY: -123.953333549483	 lambda: -4.65	 population of target: 3.99968190015233
1RDM: 
     1.99999999330733 -4.87663254424262e-08 -1.15902825184094e-05 -3.14340490228026e-06  0.000113698793159361 -4.32826197646542e-17  2.95867159812436e-17  3.68129840232658e-17  3.70284053654816e-16 -5.01432247811599e-06
-4.87663254424262e-08      1.99997444713055  -0.00165093688918947  0.000144976431317053  0.000207274933199959  2.95900226514015e-17  1.22557833013821e-16 -5.68538042817588e-17  4.46642843540339e-16 -4.00275037116436e-05
-1.15902825184094e-05  -0.00165093688918947      1.87789770463061   0.00550902433781578     0.155979221990502 -3.75476520162166e-14  6.45658639250263e-14  1.76066312982383e-13  3.91439542716611e-13  -0.00889491866569687
-3.14340490228026e-06  0.000144976431317053   0.00550902433781578       1.9973473255132    0.0578071407303162 -6.61639902347586e-15  1.16762276636746e-14 -4.97962142207949e-16  7.90082872257822e-14  -0.00233276301176821
 0.000113698793159361  0.000207274933199959     0.155979221990502    0.0578071407303162    0.0517130865498648 -1.82272797309112e-13 -4.03777739146196e-13  7.78101135354016e-14  1.16731944820672e-14    0.0851103015680313
-4.32826197646542e-17  2.95900226514015e-17 -3.75476520162166e-14 -6.61639902347586e-15 -1.82272797309112e-13      1.95926730874276  8.79878324526893e-16  0.000683132319636027     0.279716111333567 -4.88747811710633e-14
 2.95867159812436e-17  1.22557833013821e-16  6.45658639250263e-14  1.16762276636746e-14 -4.03777739146196e-13  8.79878324526893e-16      1.95926730874189    -0.279716111336479  0.000683132319637219  4.83620073345025e-14
 3.68129840232658e-17 -5.68538042817588e-17  1.76066312982383e-13 -4.97962142207949e-16  7.78101135354016e-14  0.000683132319636027    -0.279716111336479    0.0791452659474665 -1.26040148929234e-15  2.07771420814139e-13
 3.70284053654816e-16  4.46642843540339e-16  3.91439542716611e-13  7.90082872257822e-14  1.16731944820672e-14     0.279716111333567  0.000683132319637219 -1.26040148929234e-15       0.0791452659466  3.89946744793339e-13
-5.01432247811599e-06 -4.00275037116436e-05  -0.00889491866569687  -0.00233276301176821    0.0851103015680313 -4.88747811710633e-14  4.83620073345025e-14  2.07771420814139e-13  3.89946744793339e-13      1.99624229348971
First eigenvector coefficient: 0.00170913243909243
TOTAL ENERGY: -123.953370816825	 lambda: -4.6	 population of target: 3.99968995836114
1RDM: 
     1.99999999327058 -4.90247284799239e-08 -1.16289749236895e-05 -3.14489168553454e-06  0.000114006310597598 -4.33453762657483e-17  2.97563767022597e-17  3.71475940339009e-17   3.7112346549731e-16 -5.04915411173018e-06
-4.90247284799239e-08       1.9999744470866  -0.00165093176843317   0.00014504128157896  0.000207273440876232  2.98422794740863e-17  1.23017824317556e-16 -5.69497252271545e-17  4.46648551687319e-16 -4.02154042484471e-05
-1.16289749236895e-05  -0.00165093176843317       1.8779018791145   0.00552168315359441     0.155956066196281 -3.74893106116245e-14   6.4651021025015e-14  1.76025701487408e-13  3.91379841873666e-13  -0.00893258197175318
-3.14489168553454e-06   0.00014504128157896   0.00552168315359441      1.99735289227939    0.0577016489111242 -6.57268226730641e-15  1.16621265656266e-14 -6.16166791293617e-16   7.8715313696961e-14   -0.0023377078784503
 0.000114006310597598  0.000207273440876232     0.155956066196281    0.0577016489111242    0.0517353054750044 -1.82617996591962e-13 -4.04694065342345e-13  7.79883979428685e-14  1.17208275600584e-14    0.0854659239479122
-4.33453762657483e-17  2.98422794740863e-17 -3.74893106116245e-14 -6.57268226730641e-15 -1.82617996591962e-13      1.95928226056726  8.71554529937108e-16  0.000683009618938213     0.279665870656519 -4.89489702531759e-14
 2.97563767022597e-17  1.23017824317556e-16   6.4651021025015e-14  1.16621265656266e-14 -4.04694065342345e-13  8.71554529937108e-16       1.9592822605664    -0.279665870659416  0.000683009618939417  4.85481195103316e-14
 3.71475940339009e-17 -5.69497252271545e-17  1.76025701487408e-13 -6.16166791293617e-16  7.79883979428685e-14  0.000683009618938213    -0.279665870659416     0.079130118648343 -1.25624943649523e-15  2.08278547390074e-13
  3.7112346549731e-16  4.46648551687319e-16  3.91379841873666e-13   7.8715313696961e-14  1.17208275600584e-14     0.279665870656519  0.000683009618939417 -1.25624943649523e-15    0.0791301186475062  3.90862336265232e-13
-5.04915411173018e-06 -4.02154042484471e-05  -0.00893258197175318   -0.0023377078784503    0.0854659239479122 -4.89489702531759e-14  4.85481195103316e-14  2.08278547390074e-13  3.90862336265232e-13      1.99621072434445
First eigenvector coefficient: -0.00172268941401623
TOTAL ENERGY: -123.953409819209	 lambda: -4.55	 population of target: 3.9996984839146
1RDM: 
     1.99999999323215  -4.9289233732045e-08  -1.1669033617488e-05 -3.14652388764307e-06  0.000114327048408447 -4.34129539631893e-17    2.993355158597e-17  3.74974518536965e-17  3.72013725536275e-16  -5.0855257980451e-06
 -4.9289233732045e-08      1.99997444704654  -0.00165092601691807  0.000145107882443738  0.000207270334006351  3.00911000415478e-17  1.23494316842061e-16 -5.70485318133079e-17  4.46655001257775e-16 -4.04096665706943e-05
 -1.1669033617488e-05  -0.00165092601691807      1.87790613541192   0.00553468327955243     0.155932633924804 -3.74315893860812e-14  6.47397760572436e-14  1.75984982072119e-13  3.91332035735603e-13  -0.00897168673856505
-3.14652388764307e-06  0.000145107882443738   0.00553468327955243      1.99735861117575    0.0575930785038682 -6.52787920001617e-15  1.16478194414051e-14 -7.37610525328593e-16  7.84160494114135e-14  -0.00234286221430961
 0.000114327048408447  0.000207270334006351     0.155932633924804    0.0575930785038682    0.0517586565080234  -1.8297714545978e-13 -4.05646574884285e-13  7.81741322716551e-14  1.17732029145784e-14    0.0858355971384511
-4.34129539631893e-17  3.00911000415478e-17 -3.74315893860812e-14 -6.52787920001617e-15  -1.8297714545978e-13      1.95929780917736  8.71369347919682e-16  0.000682881995132117     0.279613612961832 -4.90258402070558e-14
   2.993355158597e-17  1.23494316842061e-16  6.47397760572436e-14  1.16478194414051e-14 -4.05646574884285e-13  8.71369347919682e-16       1.9592978091765    -0.279613612964731  0.000682881995133338  4.87419252220848e-14
 3.74974518536965e-17 -5.70485318133079e-17  1.75984982072119e-13 -7.37610525328593e-16  7.81741322716551e-14  0.000682881995132117    -0.279613612964731    0.0791143843430138 -1.26158160240374e-15  2.08805729136462e-13
 3.72013725536275e-16  4.46655001257775e-16  3.91332035735603e-13  7.84160494114135e-14  1.17732029145784e-14     0.279613612961832  0.000682881995133338 -1.26158160240374e-15    0.0791143843421406  3.91813547274182e-13
 -5.0855257980451e-06 -4.04096665706943e-05  -0.00897168673856505  -0.00234286221430961    0.0858355971384511 -4.90258402070558e-14  4.87419252220848e-14  2.08805729136462e-13  3.91813547274182e-13      1.99617776958657
First eigenvector coefficient: 0.00173682221721063
TOTAL ENERGY: -123.953450678031	 lambda: -4.5	 population of target: 3.99970751397121
1RDM: 
     1.99999999319196 -4.95600650770054e-08  -1.1710520372475e-05 -3.14830804709629e-06  0.000114661654147222 -4.34774991475231e-17  3.01181259541584e-17  3.78595670738763e-17  3.72902519783644e-16 -5.12353185188919e-06
-4.95600650770054e-08      1.99997444700989  -0.00165091962591303  0.000145176310224655  0.000207265537669659  3.03815215816123e-17    1.239846321892e-16 -5.71530673390462e-17  4.46648783428778e-16  -4.0610627739598e-05
 -1.1710520372475e-05  -0.00165091962591303      1.87791047723999   0.00554803931280757     0.155908911072682 -3.73647409349676e-14  6.48316746221825e-14  1.75940967168837e-13  3.91249996878876e-13  -0.00901231689845759
-3.14830804709629e-06  0.000145176310224655   0.00554803931280757      1.99736448818534    0.0574812969230696 -6.48101553383367e-15  1.16332354820327e-14 -8.63097356772608e-16  7.81020551253269e-14  -0.00234823953659921
 0.000114661654147222  0.000207265537669659     0.155908911072682    0.0574812969230696    0.0517832207240174 -1.83350079025454e-13 -4.06637523211557e-13  7.83671638924189e-14  1.18222812585477e-14    0.0862201706591856
-4.34774991475231e-17  3.03815215816123e-17 -3.73647409349676e-14 -6.48101553383367e-15 -1.83350079025454e-13      1.95931399098348  8.76424217044767e-16  0.000682749141779929     0.279559214520454 -4.91057501505395e-14
 3.01181259541584e-17    1.239846321892e-16  6.48316746221825e-14  1.16332354820327e-14 -4.06637523211557e-13  8.76424217044767e-16      1.95931399098262    -0.279559214523354  0.000682749141781109   4.8943918211014e-14
 3.78595670738763e-17 -5.71530673390462e-17  1.75940967168837e-13 -8.63097356772608e-16  7.83671638924189e-14  0.000682749141779929    -0.279559214523354    0.0790980273877686 -1.25431637034441e-15  2.09354272933516e-13
 3.72902519783644e-16  4.46648783428778e-16  3.91249996878876e-13  7.81020551253269e-14  1.18222812585477e-14     0.279559214520454  0.000682749141781109 -1.25431637034441e-15    0.0790980273869134  3.92804434536131e-13
-5.12353185188919e-06  -4.0610627739598e-05  -0.00901231689845759  -0.00234823953659921    0.0862201706591856 -4.91057501505395e-14   4.8943918211014e-14  2.09354272933516e-13  3.92804434536131e-13      1.99614333690797
First eigenvector coefficient: 0.00175156786581161
TOTAL ENERGY: -123.953493525991	 lambda: -4.45	 population of target: 3.99971708946232
1RDM: 
     1.99999999314992 -4.98374836637815e-08 -1.17535018663944e-05 -3.15025051024538e-06  0.000115010804190346 -4.35431345252116e-17  3.03320049806081e-17  3.83807806350159e-17  3.73818639792573e-16 -5.16327380300874e-06
-4.98374836637815e-08      1.99997444697752  -0.00165091253404997  0.000145246638048299  0.000207258922145386  3.06929205672964e-17  1.24610423715011e-16 -5.72224275540304e-17  4.46631057278424e-16 -4.08186452979659e-05
-1.17535018663944e-05  -0.00165091253404997        1.877914908975   0.00556176626667915     0.155884883856457 -3.72935493088009e-14  6.49526146396873e-14  1.76016193609272e-13   3.9115724714023e-13  -0.00905456301835532
-3.15025051024538e-06  0.000145246638048299   0.00556176626667915      1.99737052965032    0.0573661641642314  -6.4324549899325e-15  1.16208505735576e-14 -9.70882512044425e-16  7.77767161601479e-14  -0.00235385453436382
 0.000115010804190346  0.000207258922145386     0.155884883856457    0.0573661641642314     0.051809086391153 -1.83738130739987e-13 -4.07666477411585e-13  7.85900431068167e-14  1.18722437334116e-14      0.08662056327189
-4.35431345252116e-17  3.06929205672964e-17 -3.72935493088009e-14  -6.4324549899325e-15 -1.83738130739987e-13      1.95933084539229  9.08236847584507e-16  0.000682610731900827     0.279502541367585 -4.91887771934749e-14
 3.03320049806081e-17  1.24610423715011e-16  6.49526146396873e-14  1.16208505735576e-14 -4.07666477411585e-13  9.08236847584507e-16      1.95933084539143    -0.279502541370479  0.000682610731901779   4.9154045493984e-14
 3.83807806350159e-17 -5.72224275540304e-17  1.76016193609272e-13 -9.70882512044425e-16  7.85900431068167e-14  0.000682610731900827    -0.279502541370479    0.0790810091620255 -1.21635742237159e-15  2.09920286778932e-13
 3.73818639792573e-16  4.46631057278424e-16   3.9115724714023e-13  7.77767161601479e-14  1.18722437334116e-14     0.279502541367585  0.000682610731901779 -1.21635742237159e-15    0.0790810091611721  3.93836528583661e-13
-5.16327380300874e-06 -4.08186452979659e-05  -0.00905456301835532  -0.00235385453436382      0.08662056327189 -4.91887771934749e-14   4.9154045493984e-14  2.09920286778932e-13  3.93836528583661e-13      1.99610732574917
First eigenvector coefficient: -0.0017669662642778
TOTAL ENERGY: -123.953538508735	 lambda: -4.4	 population of target: 3.99972725563331
1RDM: 
      1.9999999931059 -5.01217279227286e-08 -1.17980467838496e-05 -3.15235850092201e-06  0.000115375228169304 -4.36246374120321e-17  3.05126893377305e-17  3.86337684622029e-17  3.74864917066789e-16 -5.20486221645383e-06
-5.01217279227286e-08      1.99997444694984  -0.00165090467862937  0.000145318944393278  0.000207250393042945  3.09421404003359e-17  1.25018498884959e-16 -5.73771598472789e-17  4.46634577824387e-16 -4.10341045617357e-05
-1.17980467838496e-05  -0.00165090467862937      1.87791943763766   0.00557588000519171     0.155860536757878 -3.72353656207167e-14  6.50275286714502e-14  1.75851532713065e-13   3.9113773296876e-13   -0.0090985230851097
-3.15235850092201e-06  0.000145318944393278   0.00557588000519171      1.99737674223117    0.0572475320714503 -6.38384137311267e-15  1.16034227972912e-14 -1.12527979134005e-15  7.74549471810889e-14  -0.00235972326945441
 0.000115375228169304  0.000207250393042945     0.155860536757878    0.0572475320714503    0.0518363505512357 -1.84144259432026e-13 -4.08744216393188e-13  7.87786730863517e-14  1.19386782871434e-14    0.0870377731999462
-4.36246374120321e-17  3.09421404003359e-17 -3.72353656207167e-14 -6.38384137311267e-15 -1.84144259432026e-13      1.95934841505811  8.80289808438482e-16  0.000682466414523051     0.279443448518795 -4.92746888536043e-14
 3.05126893377305e-17  1.25018498884959e-16  6.50275286714502e-14  1.16034227972912e-14 -4.08744216393188e-13  8.80289808438482e-16      1.95934841505725    -0.279443448521714   0.00068246641452425  4.93745843801559e-14
 3.86337684622029e-17 -5.73771598472789e-17  1.75851532713065e-13 -1.12527979134005e-15  7.87786730863517e-14  0.000682466414523051    -0.279443448521714    0.0790632866582581 -1.25781337090643e-15  2.10520452461271e-13
 3.74864917066789e-16  4.46634577824387e-16   3.9113773296876e-13  7.74549471810889e-14  1.19386782871434e-14     0.279443448518795   0.00068246641452425 -1.25781337090643e-15    0.0790632866574089  3.94908709756392e-13
-5.20486221645383e-06 -4.10341045617357e-05   -0.0090985230851097  -0.00235972326945441    0.0870377731999462 -4.92746888536043e-14  4.93745843801559e-14  2.10520452461271e-13  3.94908709756392e-13      1.99606962609314
First eigenvector coefficient: -0.00178306090410085
TOTAL ENERGY: -123.953585785947	 lambda: -4.35	 population of target: 3.99973806248859
1RDM: 
     1.99999999305981 -5.04130684037253e-08  -1.1844229603325e-05 -3.15463938525961e-06  0.000115755700732156 -4.37011840589041e-17  3.07237977934816e-17  3.90483255654408e-17  3.75899987605537e-16 -5.24841686599471e-06
-5.04130684037253e-08      1.99997444692685  -0.00165089604644299  0.000145393319306311  0.000207239814627986  3.12475966026914e-17  1.25564193995342e-16 -5.74985931807126e-17  4.46618020943865e-16 -4.12574200043521e-05
 -1.1844229603325e-05  -0.00165089604644299      1.87792406513674   0.00559039786365429     0.155835853669644 -3.71650447067646e-14  6.51321052031487e-14  1.75806639749368e-13  3.91071328034872e-13  -0.00914430315417093
-3.15463938525961e-06  0.000145393319306311   0.00559039786365429      1.99738313288971    0.0571252436557571 -6.33268862652235e-15  1.15882083107547e-14 -1.26230464907665e-15  7.71148050655042e-14    -0.002365863137587
 0.000115755700732156  0.000207239814627986     0.155835853669644    0.0571252436557571    0.0518651198519801 -1.84566772016606e-13 -4.09865313808081e-13  7.89983402324744e-14  1.20001317508205e-14    0.0874728810120008
-4.37011840589041e-17  3.12475966026914e-17 -3.71650447067646e-14 -6.33268862652235e-15 -1.84566772016606e-13       1.9593667467214  8.84059070244152e-16  0.000682315795730985       0.2793817768482 -4.93642449800557e-14
 3.07237977934816e-17  1.25564193995342e-16  6.51321052031487e-14  1.15882083107547e-14 -4.09865313808081e-13  8.84059070244152e-16      1.95936674672054    -0.279381776851108  0.000682315795732131   4.9604459978722e-14
 3.90483255654408e-17 -5.74985931807126e-17  1.75806639749368e-13 -1.26230464907665e-15  7.89983402324744e-14  0.000682315795730985    -0.279381776851108    0.0790448154181716 -1.24685321813672e-15  2.11141076464007e-13
 3.75899987605537e-16  4.46618020943865e-16  3.91071328034872e-13  7.71148050655042e-14  1.20001317508205e-14       0.2793817768482  0.000682315795732131 -1.24685321813672e-15    0.0790448154173156  3.96028879574733e-13
-5.24841686599471e-06 -4.12574200043521e-05  -0.00914430315417093    -0.002365863137587    0.0874728810120008 -4.93642449800557e-14   4.9604459978722e-14  2.11141076464007e-13  3.96028879574733e-13      1.99603011785751
First eigenvector coefficient: -0.0017998992910318
TOTAL ENERGY: -123.953635533616	 lambda: -4.3	 population of target: 3.99974956553891
1RDM: 
     1.99999999301153 -5.07117779742103e-08 -1.18921284770604e-05 -3.15710109895117e-06  0.000116153049310871 -4.37813673266375e-17  3.09446890871668e-17   3.9481342947306e-17  3.76984113599954e-16 -5.29406825217688e-06
-5.07117779742103e-08      1.99997444690935  -0.00165088654376443  0.000145469847790619  0.000207227060288368  3.15625425622346e-17  1.26130481648923e-16 -5.76246128580716e-17  4.46596807927733e-16 -4.14890372400951e-05
-1.18921284770604e-05  -0.00165088654376443      1.87792880050031   0.00560533738674896     0.155810817110563 -3.70925321903303e-14   6.5241332629417e-14  1.75760737471289e-13  3.91006528201263e-13  -0.00919201839005527
-3.15710109895117e-06  0.000145469847790619   0.00560533738674896      1.99738970902544     0.056999132890491 -6.27988432628511e-15  1.15728032995918e-14 -1.40351315979297e-15  7.67644592205932e-14  -0.00237229327555844
 0.000116153049310871  0.000207227060288368     0.155810817110563     0.056999132890491     0.051895511461305  -1.8500791270467e-13 -4.11035536249201e-13  7.92280514526662e-14  1.20655963442973e-14    0.0879270654673436
-4.37813673266375e-17  3.15625425622346e-17 -3.70925321903303e-14 -6.27988432628511e-15  -1.8500791270467e-13      1.95938589079015  8.79358848245928e-16   0.00068215846245791     0.279317354883698 -4.94574291225834e-14
 3.09446890871668e-17  1.26130481648923e-16   6.5241332629417e-14  1.15728032995918e-14 -4.11035536249201e-13  8.79358848245928e-16      1.95938589078929    -0.279317354886593  0.000682158462459057  4.98449123222719e-14
  3.9481342947306e-17 -5.76246128580716e-17  1.75760737471289e-13 -1.40351315979297e-15  7.92280514526662e-14   0.00068215846245791    -0.279317354886593    0.0790255442125917 -1.23955853094791e-15  2.11788859076366e-13
 3.76984113599954e-16  4.46596807927733e-16  3.91006528201263e-13  7.67644592205932e-14  1.20655963442973e-14     0.279317354883698  0.000682158462459057 -1.23955853094791e-15    0.0790255442117303  3.97198031876224e-13
-5.29406825217688e-06 -4.14890372400951e-05  -0.00919201839005527  -0.00237229327555844    0.0879270654673436 -4.94574291225834e-14  4.98449123222719e-14  2.11788859076366e-13  3.97198031876224e-13      1.99598866908831
First eigenvector coefficient: 0.00181753312620909
TOTAL ENERGY: -123.953687945672	 lambda: -4.25	 population of target: 3.99976182643988
1RDM: 
     1.99999999296092 -5.10181944653292e-08 -1.19418294726511e-05 -3.15975142556517e-06  0.000116568147634033  -4.3864502289427e-17  3.11754038454229e-17  3.99298541423134e-17  3.78113961103431e-16 -5.34195810869344e-06
-5.10181944653292e-08      1.99997444689811   -0.0016508761133651  0.000145548628881945  0.000207211979820683  3.18770745808711e-17  1.26723865230631e-16 -5.77342023292325e-17  4.46609115970544e-16 -4.17294376658594e-05
-1.19418294726511e-05   -0.0016508761133651      1.87793364838762   0.00562071790885616     0.155785407499414 -3.70176084744221e-14  6.53553757024632e-14  1.75711655435554e-13  3.90940462278989e-13  -0.00924179392993764
-3.15975142556517e-06  0.000145548628881945   0.00562071790885616      1.99739647829358    0.0568690244243302 -6.22561289633131e-15  1.15573574234515e-14 -1.54809772156432e-15  7.64054234744593e-14  -0.00237903458655962
 0.000116568147634033  0.000207211979820683     0.155785407499414    0.0568690244243302    0.0519276545815413 -1.85468559343065e-13 -4.12258454749321e-13  7.94682515202697e-14   1.2135226344108e-14     0.088401609196382
 -4.3864502289427e-17  3.18770745808711e-17 -3.70176084744221e-14 -6.22561289633131e-15 -1.85468559343065e-13       1.9594059023521  8.65976433445244e-16  0.000681993954959853     0.279249994960691 -4.95544388794215e-14
 3.11754038454229e-17  1.26723865230631e-16  6.53553757024632e-14  1.15573574234515e-14 -4.12258454749321e-13  8.65976433445244e-16      1.95940590235124    -0.279249994963586  0.000681993954961087  5.00966916681313e-14
 3.99298541423134e-17 -5.77342023292325e-17  1.75711655435554e-13 -1.54809772156432e-15  7.94682515202697e-14  0.000681993954959853    -0.279249994963586    0.0790054195992651 -1.25123531974481e-15  2.12465561275673e-13
 3.78113961103431e-16  4.46609115970544e-16  3.90940462278989e-13  7.64054234744593e-14   1.2135226344108e-14     0.279249994960691  0.000681993954961087 -1.25123531974481e-15    0.0790054195984103  3.98419117944159e-13
-5.34195810869344e-06 -4.17294376658594e-05  -0.00924179392993764  -0.00237903458655962     0.088401609196382 -4.95544388794215e-14  5.00966916681313e-14  2.12465561275673e-13  3.98419117944159e-13      1.99594513497719
First eigenvector coefficient: -0.00183601919076957
TOTAL ENERGY: -123.953743236516	 lambda: -4.2	 population of target: 3.99977491388157
1RDM: 
     1.99999999290785 -5.13325405130053e-08 -1.19934172031551e-05 -3.16260022473802e-06  0.000117001956256153 -4.39520481215788e-17  3.14177516725166e-17  4.04033134527699e-17  3.79301959217562e-16 -5.39224218829117e-06
-5.13325405130053e-08      1.99997444689317  -0.00165086468193592   0.00014562975521536  0.000207194431669977  3.22293592269517e-17  1.27325124276188e-16 -5.78976201009075e-17  4.46537719333763e-16 -4.19791396771077e-05
-1.19934172031551e-05  -0.00165086468193592      1.87793861821936   0.00563655871775404     0.155759606887762 -3.69389805730066e-14  6.54743124158675e-14   1.7566282421765e-13  3.90875603609292e-13  -0.00929376591544168
-3.16260022473802e-06   0.00014562975521536   0.00563655871775404      1.99740344896554    0.0567347316707911 -6.16885871766109e-15  1.15413694763605e-14 -1.70014236049285e-15  7.60301703233827e-14  -0.00238611000786934
 0.000117001956256153  0.000207194431669977     0.155759606887762    0.0567347316707911    0.0519616922323168   -1.859510821949e-13 -4.13536983678763e-13  7.97197317705382e-14  1.22087161717144e-14    0.0888979124469303
-4.39520481215788e-17  3.22293592269517e-17 -3.69389805730066e-14 -6.16885871766109e-15   -1.859510821949e-13      1.95942684199946  8.78385784097107e-16  0.000681821766525444     0.279179490748988 -4.96556151698211e-14
 3.14177516725166e-17  1.27325124276188e-16  6.54743124158675e-14  1.15413694763605e-14 -4.13536983678763e-13  8.78385784097107e-16       1.9594268419986    -0.279179490751889  0.000681821766526606  5.03606543378812e-14
 4.04033134527699e-17 -5.78976201009075e-17   1.7566282421765e-13 -1.70014236049285e-15  7.97197317705382e-14  0.000681821766525444    -0.279179490751889    0.0789843803436706 -1.24276821171514e-15  2.13173762463586e-13
 3.79301959217562e-16  4.46537719333763e-16  3.90875603609292e-13  7.60301703233827e-14  1.22087161717144e-14     0.279179490748988  0.000681821766526606 -1.24276821171514e-15    0.0789843803428216  3.99696947974478e-13
