HCORE:-25.3269 -6.42489 -6.07137 -7.44466 -7.46285 -32.6004 -7.93782 -6.04369 -6.04369 -7.44466
HCORE2:-32.6004 -25.3269 -7.93782 -7.46285 -7.44466 -7.44466 -6.42489 -6.07137 -6.04369 -6.04369
Lodwin Orthonormalized
TOTAL ENERGY: -123.606608193436	 lambda: -5	 population of target: 4.00000013289016
1RDM: 
     1.99999999997562 -2.58454004335447e-09 -1.24415052994562e-09 -3.43812263566108e-09 -7.98155395820521e-18  2.00854452316155e-18  3.93569483859747e-07 -6.88193474260576e-06  3.51880921902361e-17  2.11287696259472e-21
-2.58454004335447e-09      1.99997470018962 -1.51498112036097e-07 -4.08354681228163e-07 -3.37744332588631e-14  8.44516806133732e-15   0.00165480909412449 -6.32244430070368e-05  3.98652656114848e-16   3.5452165161515e-20
-1.24415052994562e-09 -1.51498112036097e-07      1.99999993649434 -1.75487493922278e-07 -4.33954366371056e-16  1.09160191715935e-16  2.13896580717174e-05 -0.000350627746445192  1.79030566585672e-15 -7.83574416318395e-21
-3.43812263566108e-09 -4.08354681228163e-07 -1.75487493922278e-07       1.9999995150632 -1.18547160308765e-15 -7.61120042122344e-17  5.84341236079577e-05 -0.000969212030084941  1.00167997881438e-11   1.1230082289371e-15
-7.98155395820521e-18 -3.37744332588631e-14 -4.33954366371056e-16 -1.18547160308765e-15      1.99999999725713 -6.85397257454178e-22  2.35088737394045e-12 -1.33220764270023e-12   4.0922165844623e-16  7.33480902268545e-05
 2.00854452316155e-18  8.44516806133732e-15  1.09160191715935e-16 -7.61120042122344e-17 -6.85397257454178e-22      1.99999999725713 -5.87945474966254e-13  3.37135845673419e-13  7.33481002397567e-05 -3.90567731972122e-16
 3.93569483859747e-07   0.00165480909412449  2.13896580717174e-05  5.84341236079577e-05  2.35088737394045e-12 -5.87945474966254e-13      1.88479362550392    0.0659874896481259 -3.36816208461953e-13  1.49875236787447e-15
-6.88193474260576e-06 -6.32244430070368e-05 -0.000350627746445192 -0.000969212030084941 -1.33220764270023e-12  3.37135845673419e-13    0.0659874896481259      0.03882637986237 -8.12680142175823e-15  1.97035550107492e-20
 3.51880921902361e-17  3.98652656114848e-16  1.79030566585672e-15  1.00167997881438e-11   4.0922165844623e-16  7.33481002397567e-05 -3.36816208461953e-13 -8.12680142175823e-15    0.0382029241983406 -1.02264351213672e-17
 2.11287696259472e-21   3.5452165161515e-20 -7.83574416318395e-21   1.1230082289371e-15  7.33480902268545e-05 -3.90567731972122e-16  1.49875236787447e-15  1.97035550107492e-20 -1.02264351213672e-17     0.038202924198341
First eigenvector coefficient: 0.96996261732766
TOTAL ENERGY: -123.60660829378	 lambda: -4.95	 population of target: 4.00000015306085
1RDM: 
     1.99999999997539 -2.59575032435463e-09 -1.26741118927302e-09 -3.51827524817141e-09 -8.01660379090013e-18  2.01761353688036e-18  3.95346559115405e-07 -6.91398286173019e-06  3.53556440367927e-17  2.15548654200339e-21
-2.59575032435463e-09      1.99997470018974 -1.53375080746925e-07 -4.14715813202861e-07 -3.37743358085775e-14  8.44516795988116e-15   0.00165480908347563 -6.32243530671558e-05  3.99384178967893e-16  3.58109261388604e-20
-1.26741118927302e-09 -1.53375080746925e-07      1.99999993470705 -1.81243683515575e-07 -4.39642678104285e-16  1.10604294710117e-16  2.16726265192199e-05 -0.000355535352629042  1.81546222385566e-15  -8.1548529786616e-21
-3.51827524817141e-09 -4.14715813202861e-07 -1.81243683515575e-07      1.99999949688747 -1.20567647710756e-15 -7.80038709647493e-17  5.94374473221661e-05 -0.000987247226743617  1.00168914123929e-11  1.14404585021249e-15
-8.01660379090013e-18 -3.37743358085775e-14 -4.39642678104285e-16 -1.20567647710756e-15      1.99999999715341 -7.02935459320463e-22  2.35087201996755e-12  -1.3319316880555e-12  4.16453137532109e-16  7.47221257767197e-05
 2.01761353688036e-18  8.44516795988116e-15  1.10604294710117e-16 -7.80038709647493e-17 -7.02935459320463e-22      1.99999999715341 -5.87945476563023e-13   3.3714289906652e-13  7.47221357896275e-05 -3.97681755209007e-16
 3.95346559115405e-07   0.00165480908347563  2.16726265192199e-05  5.94374473221661e-05  2.35087201996755e-12 -5.87945476563023e-13      1.88479362573991    0.0659874928298326 -3.36817867362425e-13   1.5267998416785e-15
-6.91398286173019e-06 -6.32243530671558e-05 -0.000355535352629042 -0.000987247226743617  -1.3319316880555e-12   3.3714289906652e-13    0.0659874928298326    0.0388263991608885 -8.21893620414893e-15  1.95360724812683e-20
 3.53556440367927e-17  3.99384178967893e-16  1.81546222385566e-15  1.00168914123929e-11  4.16453137532109e-16  7.47221357896275e-05 -3.36817867362425e-13 -8.21893620414893e-15    0.0382029245163654 -1.00254304070574e-17
 2.15548654200339e-21  3.58109261388604e-20  -8.1548529786616e-21  1.14404585021249e-15  7.47221257767197e-05 -3.97681755209007e-16   1.5267998416785e-15  1.95360724812683e-20 -1.00254304070574e-17    0.0382029245163647
First eigenvector coefficient: -0.969962607310696
TOTAL ENERGY: -123.606608398683	 lambda: -4.9	 population of target: 4.00000017436185
1RDM: 
     1.99999999997516 -2.60714586870219e-09 -1.29144317853492e-09 -3.60178868471332e-09  -8.0522649120093e-18  2.02684822486748e-18   3.9715609839968e-07 -6.94665840853613e-06  3.55264502678121e-17  2.21174358566764e-21
-2.60714586870219e-09      1.99997470018987 -1.55299493831294e-07 -4.21279769013116e-07 -3.37742352572249e-14  8.44516785619306e-15   0.00165480907178726 -6.32242585568152e-05  4.00114626605595e-16  3.61674269583894e-20
-1.29144317853492e-09 -1.55299493831294e-07       1.9999999328437 -1.87289324467925e-07 -4.45481550056395e-16  1.12087145107145e-16  2.19631874171525e-05 -0.000360580982945984  1.84132887514708e-15 -8.46001158906265e-21
-3.60178868471332e-09 -4.21279769013116e-07 -1.87289324467925e-07       1.9999994776695 -1.22658876241454e-15 -7.99826102964648e-17  6.04762017319182e-05  -0.00100596681178134  1.00169865102988e-11  1.16588655333198e-15
 -8.0522649120093e-18 -3.37742352572249e-14 -4.45481550056395e-16 -1.22658876241454e-15       1.9999999970437 -7.21317190741901e-22  2.35085612470675e-12 -1.33164527196932e-12   4.2396067144388e-16  7.61486150002231e-05
 2.02684822486748e-18  8.44516785619306e-15  1.12087145107145e-16 -7.99826102964648e-17 -7.21317190741901e-22       1.9999999970437 -5.87945478446292e-13  3.37150224333802e-13  7.61486250131363e-05 -4.05067351566369e-16
  3.9715609839968e-07   0.00165480907178726  2.19631874171525e-05  6.04762017319182e-05  2.35085612470675e-12 -5.87945478446292e-13      1.88479362600945    0.0659874964543993 -3.36819610353165e-13  1.55591805871302e-15
-6.94665840853613e-06 -6.32242585568152e-05 -0.000360580982945984  -0.00100596681178134 -1.33164527196932e-12  3.37150224333802e-13    0.0659874964543993    0.0388264195091251 -8.31456839386574e-15  1.93662197990043e-20
 3.55264502678121e-17  4.00114626605595e-16  1.84132887514708e-15  1.00169865102988e-11   4.2396067144388e-16  7.61486250131363e-05 -3.36819610353165e-13 -8.31456839386574e-15    0.0382029248579045 -9.82442489160182e-18
 2.21174358566764e-21  3.61674269583894e-20 -8.46001158906265e-21  1.16588655333198e-15  7.61486150002231e-05 -4.05067351566369e-16  1.55591805871302e-15  1.93662197990043e-20 -9.82442489160182e-18    0.0382029248579065
First eigenvector coefficient: -0.969962596731161
TOTAL ENERGY: -123.606608508452	 lambda: -4.85	 population of target: 4.00000019687973
1RDM: 
     1.99999999997492 -2.61873295847658e-09 -1.31628409919515e-09 -3.68887139444572e-09  -8.0885595986923e-18  2.03625495357205e-18  3.98999349393742e-07 -6.97998730781731e-06  3.57006419954528e-17   2.2840744658797e-21
-2.61873295847658e-09      1.99997470019002 -1.57273189515032e-07 -4.28056476570352e-07 -3.37741314510388e-14   8.4451677496389e-15   0.00165480905898012 -6.32241592066147e-05   4.0084394869785e-16  3.65214140886288e-20
-1.31628409919515e-09 -1.57273189515032e-07      1.99999993089994  -1.9364425866951e-07 -4.51476989506985e-16  1.13610320646765e-16  2.22616499246821e-05 -0.000365770463221577  1.86793511001879e-15   -8.722893980231e-21
-3.68887139444572e-09 -4.28056476570352e-07  -1.9364425866951e-07      1.99999945732799 -1.24824662201982e-15 -8.20539971947843e-17  6.15523169359667e-05   -0.0010254105162257  1.00170852856216e-11  1.18857721722751e-15
 -8.0885595986923e-18 -3.37741314510388e-14 -4.51476989506985e-16 -1.24824662201982e-15      1.99999999692751  -7.4060204249454e-22  2.35083965851314e-12 -1.33134778612584e-12  4.31760373083191e-16  7.76306195957549e-05
 2.03625495357205e-18   8.4451677496389e-15  1.13610320646765e-16 -8.20539971947843e-17  -7.4060204249454e-22      1.99999999692751 -5.87945480592101e-13  3.37157837095097e-13  7.76306296086754e-05 -4.12740372442676e-16
 3.98999349393742e-07   0.00165480905898012  2.22616499246821e-05  6.15523169359667e-05  2.35083965851314e-12 -5.87945480592101e-13      1.88479362631555    0.0659875005457422 -3.36821443965638e-13  1.58616950646965e-15
-6.97998730781731e-06 -6.32241592066147e-05 -0.000365770463221577   -0.0010254105162257 -1.33134778612584e-12  3.37157837095097e-13    0.0659875005457422    0.0388264409880396 -8.41390121304354e-15  1.91941318617746e-20
 3.57006419954528e-17   4.0084394869785e-16  1.86793511001879e-15  1.00170852856216e-11  4.31760373083191e-16  7.76306296086754e-05 -3.36821443965638e-13 -8.41390121304354e-15    0.0382029252242617 -9.62341852478011e-18
  2.2840744658797e-21  3.65214140886288e-20   -8.722893980231e-21  1.18857721722751e-15  7.76306195957549e-05 -4.12740372442676e-16  1.58616950646965e-15  1.91941318617746e-20 -9.62341852478011e-18    0.0382029252242613
First eigenvector coefficient: -0.969962585546299
TOTAL ENERGY: -123.606608623425	 lambda: -4.8	 population of target: 4.00000022070958
1RDM: 
     1.99999999997467 -2.63051818206003e-09 -1.34197397926487e-09 -3.77974909799799e-09 -8.12551129472855e-18  2.04584044775273e-18  4.00877629802941e-07 -7.01399703928905e-06  3.58783433790519e-17  2.37526681545595e-21
-2.63051818206003e-09      1.99997470019018 -1.59298103488651e-07 -4.35056527759063e-07 -3.37740242274193e-14  8.44516763990399e-15   0.00165480904496181 -6.32240547247757e-05  4.01572089104792e-16  3.68725720252193e-20
-1.34197397926487e-09 -1.59298103488651e-07      1.99999992887112 -2.00330066987709e-07 -4.57635322592597e-16   1.1517548544464e-16  2.25683401208434e-05 -0.000371109945075636  1.89531189339232e-15 -8.91716876253704e-21
-3.77974909799799e-09 -4.35056527759063e-07 -2.00330066987709e-07      1.99999943577355 -1.27069103920425e-15 -8.42243109405805e-17  6.26678672084997e-05  -0.00104562120860512  1.00171879592953e-11  1.21216843772638e-15
-8.12551129472855e-18 -3.37740242274193e-14 -4.57635322592597e-16 -1.27069103920425e-15      1.99999999680434 -7.60855172919561e-22   2.3508225896464e-12 -1.33103857460863e-12  4.39869634142179e-16  7.91714442550532e-05
 2.04584044775273e-18  8.44516763990399e-15   1.1517548544464e-16 -8.42243109405805e-17 -7.60855172919561e-22      1.99999999680434 -5.87945483004662e-13  3.37165754321527e-13    7.917145426798e-05 -4.20717927277117e-16
 4.00877629802941e-07   0.00165480904496181  2.25683401208434e-05  6.26678672084997e-05   2.3508225896464e-12 -5.87945483004662e-13      1.88479362666161    0.0659875051295012 -3.36823374642729e-13  1.61762163312611e-15
-7.01399703928905e-06 -6.32240547247757e-05 -0.000371109945075636  -0.00104562120860512 -1.33103857460863e-12  3.37165754321527e-13    0.0659875051295012    0.0388264636865014 -8.51715387006022e-15  1.90199084601208e-20
 3.58783433790519e-17  4.01572089104792e-16  1.89531189339232e-15  1.00171879592953e-11  4.39869634142179e-16    7.917145426798e-05 -3.36823374642729e-13 -8.51715387006022e-15    0.0382029256168361  -9.4224112482487e-18
 2.37526681545595e-21  3.68725720252193e-20 -8.91716876253704e-21  1.21216843772638e-15  7.91714442550532e-05 -4.20717927277117e-16  1.61762163312611e-15  1.90199084601208e-20  -9.4224112482487e-18    0.0382029256168349
First eigenvector coefficient: 0.969962573709198
TOTAL ENERGY: -123.606608743971	 lambda: -4.75	 population of target: 4.00000024595599
1RDM: 
     1.99999999997442 -2.64250844929173e-09 -1.36855546853141e-09  -3.8746665923446e-09 -8.16314468092798e-18  2.05561181391151e-18  4.02792332325106e-07 -7.04871676206972e-06  3.60596994627763e-17  2.48812424969413e-21
-2.64250844929173e-09      1.99997470019036 -1.61376275579675e-07 -4.42291235392406e-07 -3.37739134126068e-14  8.44516752662429e-15   0.00165480902963573 -6.32239447965919e-05   4.0229899010837e-16  3.72205981024735e-20
-1.36855546853141e-09 -1.61376275579675e-07      1.99999992675225 -2.07370256346432e-07 -4.63963214931521e-16  1.16784395855253e-16   2.2883602163831e-05 -0.000376605928270019  1.92349199641879e-15 -9.00979592034477e-21
 -3.8746665923446e-09 -4.42291235392406e-07 -2.07370256346432e-07      1.99999941290773 -1.29396608444409e-15 -8.65003900176433e-17   6.3825084834102e-05  -0.00106664521079849  1.00172947695281e-11  1.23671491104612e-15
-8.16314468092798e-18 -3.37739134126068e-14 -4.63963214931521e-16 -1.29396608444409e-15      1.99999999667362 -7.82147957741035e-22  2.35080488392362e-12 -1.33071692816873e-12  4.48307254459157e-16  8.07746612441221e-05
 2.05561181391151e-18  8.44516752662429e-15  1.16784395855253e-16 -8.65003900176433e-17 -7.82147957741035e-22      1.99999999667362 -5.87945485682084e-13  3.37173994232737e-13  8.07746712570565e-05  -4.2901851080819e-16
 4.02792332325106e-07   0.00165480902963573   2.2883602163831e-05   6.3825084834102e-05  2.35080488392362e-12 -5.87945485682084e-13      1.88479362705129    0.0659875102333718 -3.36825409997452e-13  1.65034734704496e-15
-7.04871676206972e-06 -6.32239447965919e-05 -0.000376605928270019  -0.00106664521079849 -1.33071692816873e-12  3.37173994232737e-13    0.0659875102333718    0.0388264877023422 -8.62456330473076e-15  1.88437399880461e-20
 3.60596994627763e-17   4.0229899010837e-16  1.92349199641879e-15  1.00172947695281e-11  4.48307254459157e-16  8.07746712570565e-05 -3.36825409997452e-13 -8.62456330473076e-15    0.0382029260371825 -9.22140300036934e-18
 2.48812424969413e-21  3.72205981024735e-20 -9.00979592034477e-21  1.23671491104612e-15  8.07746612441221e-05  -4.2901851080819e-16  1.65034734704496e-15  1.88437399880461e-20 -9.22140300036934e-18    0.0382029260371827
First eigenvector coefficient: -0.969962561168238
TOTAL ENERGY: -123.606608870492	 lambda: -4.7	 population of target: 4.00000027273424
1RDM: 
     1.99999999997417 -2.65471101038655e-09 -1.39607405163353e-09 -3.97388978316868e-09 -8.20148575514183e-18  2.06557656826225e-18   4.0474493011061e-07 -7.08417744660723e-06  3.62448710202011e-17  2.62583912408961e-21
-2.65471101038655e-09      1.99997470019056  -1.6350985700117e-07 -4.49772696205466e-07 -3.37737988208784e-14  8.44516740942637e-15   0.00165480901289275 -6.32238290784001e-05  4.03024591068866e-16  3.75651554497501e-20
-1.39607405163353e-09  -1.6350985700117e-07      1.99999992453797 -2.14790470886398e-07 -4.70467693974863e-16  1.18438906873695e-16  2.32077995454154e-05 -0.000382265284825116   1.9525099722888e-15  -8.9600019854047e-21
-3.97388978316868e-09 -4.49772696205466e-07 -2.14790470886398e-07      1.99999938862186 -1.31811921418793e-15 -8.88896942156456e-17  6.50263755893025e-05  -0.00108853265309026  1.00174059741171e-11  1.26227585598141e-15
-8.20148575514183e-18 -3.37737988208784e-14 -4.70467693974863e-16 -1.31811921418793e-15      1.99999999653471 -8.04558731634636e-22  2.35078650449514e-12 -1.33038207869315e-12  4.57093587492241e-16  8.24441380461652e-05
 2.06557656826225e-18  8.44516740942637e-15  1.18438906873695e-16 -8.88896942156456e-17 -8.04558731634636e-22      1.99999999653471 -5.87945488619704e-13  3.37182576414209e-13  8.24441480591046e-05 -4.37662146187273e-16
  4.0474493011061e-07   0.00165480901289275  2.32077995454154e-05  6.50263755893025e-05  2.35078650449514e-12 -5.87945488619704e-13      1.88479362748878    0.0659875158870126 -3.36827558640884e-13  1.68442558176004e-15
-7.08417744660723e-06 -6.32238290784001e-05 -0.000382265284825116  -0.00108853265309026 -1.33038207869315e-12  3.37182576414209e-13    0.0659875158870126    0.0388265131433831 -8.73638598140268e-15  1.86660661737004e-20
 3.62448710202011e-17  4.03024591068866e-16   1.9525099722888e-15  1.00174059741171e-11  4.57093587492241e-16  8.24441480591046e-05 -3.36827558640884e-13 -8.73638598140268e-15    0.0382029264869363 -9.02039371460428e-18
 2.62583912408961e-21  3.75651554497501e-20  -8.9600019854047e-21  1.26227585598141e-15  8.24441380461652e-05 -4.37662146187273e-16  1.68442558176004e-15  1.86660661737004e-20 -9.02039371460428e-18    0.0382029264869356
First eigenvector coefficient: -0.969962547866584
TOTAL ENERGY: -123.606609003429	 lambda: -4.65	 population of target: 4.00000030117165
1RDM: 
      1.9999999999739  -2.6671334804362e-09 -1.42457828118204e-09 -4.07770797871186e-09 -8.24056192568176e-18  2.07574266941655e-18  4.06736982903103e-07   -7.120412016141e-06  3.64340219420598e-17  2.79169166200069e-21
 -2.6671334804362e-09      1.99997470019078 -1.65701118227165e-07 -4.57513860682619e-07 -3.37736802552191e-14  8.44516728836116e-15   0.00165480899461571 -6.32237072000097e-05  4.03748825649557e-16  3.79058775307253e-20
-1.42457828118204e-09 -1.65701118227165e-07      1.99999992222252 -2.22618730807785e-07 -4.77156173246055e-16   1.2014097910909e-16   2.3541316449203e-05 -0.000388095285075566   1.9824023260266e-15 -8.72837181289177e-21
-4.07770797871186e-09 -4.57513860682619e-07 -2.22618730807785e-07      1.99999936279577 -1.34320160593839e-15 -9.14003748781703e-17  6.62743361006037e-05  -0.00111133787401223  1.00175218530549e-11  1.28891548643505e-15
-8.24056192568176e-18 -3.37736802552191e-14 -4.77156173246055e-16 -1.34320160593839e-15      1.99999999638691  -8.2817363651877e-22  2.35076741172186e-12 -1.33003319394305e-12  4.66250704204862e-16  8.41840685031621e-05
 2.07574266941655e-18  8.44516728836116e-15   1.2014097910909e-16 -9.14003748781703e-17  -8.2817363651877e-22      1.99999999638691  -5.8794549184603e-13  3.37191522194482e-13  8.41840785161066e-05 -4.46670546204858e-16
 4.06736982903103e-07   0.00165480899461571   2.3541316449203e-05  6.62743361006037e-05  2.35076741172186e-12  -5.8794549184603e-13      1.88479362797858    0.0659875221225521 -3.36829829557271e-13   1.7199419332689e-15
  -7.120412016141e-06 -6.32237072000097e-05 -0.000388095285075566  -0.00111133787401223 -1.33003319394305e-12  3.37191522194482e-13    0.0659875221225521    0.0388265401287324 -8.85289986105753e-15   1.8487262545868e-20
 3.64340219420598e-17  4.03748825649557e-16   1.9824023260266e-15  1.00175218530549e-11  4.66250704204862e-16  8.41840785161066e-05 -3.36829829557271e-13 -8.85289986105753e-15    0.0382029269679586 -8.81938331508595e-18
 2.79169166200069e-21  3.79058775307253e-20 -8.72837181289177e-21  1.28891548643505e-15  8.41840685031621e-05 -4.46670546204858e-16   1.7199419332689e-15   1.8487262545868e-20 -8.81938331508595e-18    0.0382029269679553
First eigenvector coefficient: -0.969962533741445
TOTAL ENERGY: -123.60660914327	 lambda: -4.6	 population of target: 4.00000033140912
1RDM: 
     1.99999999997363 -2.67978386001195e-09 -1.45412003454256e-09  -4.1864364891182e-09 -8.28040210217112e-18    2.086118550743e-18  4.08770143525559e-07 -7.15745550744868e-06  3.66273272561529e-17   2.9892033069497e-21
-2.67978386001195e-09      1.99997470019102 -1.67952457568937e-07 -4.65528610515602e-07  -3.3773557505185e-14  8.44516716366385e-15   0.00165480897467124 -6.32235787603215e-05  4.04471622741571e-16  3.82423629522252e-20
-1.45412003454256e-09 -1.67952457568937e-07      1.99999991979972 -2.30885703072039e-07 -4.84036478118387e-16  1.21892686266805e-16  2.38845592210689e-05 -0.000394103625771228  2.01320761080836e-15 -8.27069537891037e-21
 -4.1864364891182e-09 -4.65528610515602e-07 -2.30885703072039e-07       1.9999993352963 -1.36926853321359e-15 -9.40413549349657e-17  6.75717733389644e-05  -0.00113511987150824  1.00176427107384e-11   1.3167035524278e-15
-8.28040210217112e-18  -3.3773557505185e-14 -4.84036478118387e-16 -1.36926853321359e-15      1.99999999622945 -8.53087594501174e-22   2.3507475627991e-12 -1.32966937017801e-12  4.75802578113288e-16  8.59990079790435e-05
   2.086118550743e-18  8.44516716366385e-15  1.21892686266805e-16 -9.40413549349657e-17 -8.53087594501174e-22      1.99999999622945 -5.87945495403221e-13  3.37200854705663e-13  8.59990179919984e-05 -4.56067295336536e-16
 4.08770143525559e-07   0.00165480897467124  2.38845592210689e-05  6.75717733389644e-05   2.3507475627991e-12 -5.87945495403221e-13      1.88479362852593    0.0659875289746369 -3.36832232570816e-13  1.75698937664281e-15
-7.15745550744868e-06 -6.32235787603215e-05 -0.000394103625771228  -0.00113511987150824 -1.32966937017801e-12  3.37200854705663e-13    0.0659875289746369    0.0388265687902068 -8.97440675176632e-15  1.83077841682019e-20
 3.66273272561529e-17  4.04471622741571e-16  2.01320761080836e-15  1.00176427107384e-11  4.75802578113288e-16  8.59990179919984e-05 -3.36832232570816e-13 -8.97440675176632e-15    0.0382029274821522  -8.6183717175412e-18
  2.9892033069497e-21  3.82423629522252e-20 -8.27069537891037e-21   1.3167035524278e-15  8.59990079790435e-05 -4.56067295336536e-16  1.75698937664281e-15  1.83077841682019e-20  -8.6183717175412e-18    0.0382029274821522
First eigenvector coefficient: 0.969962518723431
TOTAL ENERGY: -123.606609290548	 lambda: -4.55	 population of target: 4.00000036360292
1RDM: 
     1.99999999997335 -2.69267055780381e-09 -1.48475479583063e-09 -4.30041957567503e-09 -8.32103679451203e-18  2.09671315588088e-18  4.10846164975333e-07 -7.19534524641669e-06  3.68249852972982e-17  3.22182868701495e-21
-2.69267055780381e-09      1.99997470019128 -1.70266410529331e-07 -4.73831844792198e-07 -3.37734303458637e-14  8.44516703582014e-15   0.00165480895291739 -6.32234433212132e-05  4.05192907343163e-16  3.85742204011265e-20
-1.48475479583063e-09 -1.70266410529331e-07      1.99999991726289 -2.39625008968616e-07 -4.91116873610408e-16  1.23696223264858e-16  2.42379579634584e-05 -0.000400298460424239  2.04496680072357e-15  -7.5405960129413e-21
-4.30041957567503e-09 -4.73831844792198e-07 -2.39625008968616e-07      1.99999930597558 -1.39637978736769e-15 -9.68224199496015e-17  6.89217265748563e-05  -0.00115994281332441  1.00177688773352e-11  1.34571595106917e-15
-8.32103679451203e-18 -3.37734303458637e-14 -4.91116873610408e-16 -1.39637978736769e-15      1.99999999606147 -8.79405426984412e-22  2.35072691143194e-12 -1.32928962415873e-12  4.85775294730093e-16  8.78939131591451e-05
 2.09671315588088e-18  8.44516703582014e-15  1.23696223264858e-16 -9.68224199496015e-17 -8.79405426984412e-22      1.99999999606147  -5.8794549934983e-13  3.37210599039714e-13  8.78939231721107e-05 -4.65878055790467e-16
 4.10846164975333e-07   0.00165480895291739  2.42379579634584e-05  6.89217265748563e-05  2.35072691143194e-12  -5.8794549934983e-13      1.88479362913645    0.0659875364807798 -3.36834778758044e-13  1.79566907976376e-15
-7.19534524641669e-06 -6.32234433212132e-05 -0.000400298460424239  -0.00115994281332441 -1.32928962415873e-12  3.37210599039714e-13    0.0659875364807798    0.0388265992740183 -9.10123495914402e-15  1.81282286394414e-20
 3.68249852972982e-17  4.05192907343163e-16  2.04496680072357e-15  1.00177688773352e-11  4.85775294730093e-16  8.78939231721107e-05 -3.36834778758044e-13 -9.10123495914402e-15    0.0382029280317495 -8.41735882960159e-18
 3.22182868701495e-21  3.85742204011265e-20  -7.5405960129413e-21  1.34571595106917e-15  8.78939131591451e-05 -4.65878055790467e-16  1.79566907976376e-15  1.81282286394414e-20 -8.41735882960159e-18    0.0382029280317495
First eigenvector coefficient: -0.969962502735542
TOTAL ENERGY: -123.606609445854	 lambda: -4.5	 population of target: 4.00000039792673
1RDM: 
     1.99999999997306 -2.70580241756044e-09 -1.51654196583551e-09 -4.42003380709569e-09 -8.36249822342307e-18  2.10753597976822e-18  4.12966908314381e-07  -7.2341210395772e-06  3.70272052521492e-17  3.49329234659126e-21
-2.70580241756044e-09      1.99997470019157 -1.72645660020611e-07 -4.82439576037929e-07  -3.3773298536764e-14  8.44516690565397e-15   0.00165480892919484 -6.32233004073933e-05  4.05912598186548e-16  3.89010109809155e-20
-1.51654196583551e-09 -1.72645660020611e-07      1.99999991460487 -2.48873574522752e-07 -4.98406094374449e-16  1.25553915082961e-16  2.46019682651271e-05   -0.0004066884320874  2.07772321243853e-15 -6.48748892315382e-21
-4.42003380709569e-09 -4.82439576037929e-07 -2.48873574522752e-07      1.99999927466901 -1.42460015351919e-15  -9.9754322276527e-17   7.0327492176004e-05   -0.0011858766163471  1.00179007132028e-11  1.37603541647597e-15
-8.36249822342307e-18  -3.3773298536764e-14 -4.98406094374449e-16 -1.42460015351919e-15      1.99999999588201 -9.07243146507019e-22  2.35070540748913e-12 -1.32889288450588e-12  4.96197289433828e-16  8.98741872502289e-05
 2.10753597976822e-18  8.44516690565397e-15  1.25553915082961e-16  -9.9754322276527e-17 -9.07243146507019e-22      1.99999999588201 -5.87945503769287e-13   3.3722078253767e-13  8.98741972632008e-05 -4.76130801516939e-16
 4.12966908314381e-07   0.00165480892919484  2.46019682651271e-05   7.0327492176004e-05  2.35070540748913e-12 -5.87945503769287e-13      1.88479362981652    0.0659875446816355 -3.36837480092767e-13  1.83609132537973e-15
 -7.2341210395772e-06 -6.32233004073933e-05   -0.0004066884320874   -0.0011858766163471 -1.32889288450588e-12   3.3722078253767e-13    0.0659875446816355    0.0388266317427346 -9.23374220057832e-15  1.79492863198845e-20
 3.70272052521492e-17  4.05912598186548e-16  2.07772321243853e-15  1.00179007132028e-11  4.96197289433828e-16  8.98741972632008e-05 -3.36837480092767e-13 -9.23374220057832e-15    0.0382029286191084 -8.21634454750637e-18
 3.49329234659126e-21  3.89010109809155e-20 -6.48748892315382e-21  1.37603541647597e-15  8.98741872502289e-05 -4.76130801516939e-16  1.83609132537973e-15  1.79492863198845e-20 -8.21634454750637e-18    0.0382029286191065
First eigenvector coefficient: -0.969962485692259
TOTAL ENERGY: -123.606609609841	 lambda: -4.45	 population of target: 4.00000043457407
1RDM: 
     1.99999999997277 -2.71918874517616e-09 -1.54954520347048e-09 -4.54569188846781e-09  -8.4048204369965e-18  2.11859711199708e-18  4.15134351221556e-07 -7.27382538616883e-06  3.72342175850702e-17   3.8070656820647e-21
-2.71918874517616e-09      1.99997470019189 -1.75093047539087e-07 -4.91369037520105e-07 -3.37731618203208e-14  8.44516677436155e-15   0.00165480890332531 -6.32231494991643e-05  4.06630608101588e-16  3.92223126337729e-20
-1.54954520347048e-09 -1.75093047539087e-07       1.9999999118179 -2.58672030590805e-07 -5.05913376923675e-16  1.27468226336418e-16  2.49770730783051e-05 -0.000413282708739715  2.11152300051052e-15    -5.06354240511e-21
-4.54569188846781e-09 -4.91369037520105e-07 -2.58672030590805e-07      1.99999924119296 -1.45399994822537e-15 -1.02848900173749e-16  7.17926516721276e-05   -0.0012129976052965  1.00180386107639e-11  1.40775230742349e-15
 -8.4048204369965e-18 -3.37731618203208e-14 -5.05913376923675e-16 -1.45399994822537e-15         1.99999999569 -9.36729451646486e-22  2.35068299658894e-12 -1.32847798178915e-12  5.07099618071957e-16  9.19457314019223e-05
 2.11859711199708e-18  8.44516677436155e-15  1.27468226336418e-16 -1.02848900173749e-16 -9.36729451646486e-22         1.99999999569 -5.87945508773796e-13  3.37231435095605e-13  9.19457414149028e-05 -4.86856084423746e-16
 4.15134351221556e-07   0.00165480890332531  2.49770730783051e-05  7.17926516721276e-05  2.35068299658894e-12 -5.87945508773796e-13      1.88479363057344    0.0659875536213609  -3.3684034974669e-13  1.87837656248417e-15
-7.27382538616883e-06 -6.32231494991643e-05 -0.000413282708739715   -0.0012129976052965 -1.32847798178915e-12  3.37231435095605e-13    0.0659875536213609    0.0388266663774226 -9.37231900087742e-15  1.77716517995561e-20
 3.72342175850702e-17  4.06630608101588e-16  2.11152300051052e-15  1.00180386107639e-11  5.07099618071957e-16  9.19457414149028e-05  -3.3684034974669e-13 -9.37231900087742e-15    0.0382029292468143 -8.01532875521074e-18
  3.8070656820647e-21  3.92223126337729e-20    -5.06354240511e-21  1.40775230742349e-15  9.19457314019223e-05 -4.86856084423746e-16  1.87837656248417e-15  1.77716517995561e-20 -8.01532875521074e-18    0.0382029292468104
First eigenvector coefficient: -0.969962467498366
TOTAL ENERGY: -123.606609783232	 lambda: -4.4	 population of target: 4.00000047376107
1RDM: 
     1.99999999997246 -2.73283933778815e-09  -1.5838328026007e-09 -4.67784704494898e-09 -8.44803943541134e-18  2.12990728490399e-18  4.17350597436137e-07 -7.31450371415152e-06   3.7446271082745e-17  4.16672674161093e-21
-2.73283933778815e-09      1.99997470019224 -1.77611585425678e-07 -5.00638803351959e-07  -3.3773019920303e-14  8.44516664356825e-15   0.00165480887511783 -6.32229900334975e-05  4.07346842954347e-16  3.95376699379313e-20
 -1.5838328026007e-09 -1.77611585425678e-07      1.99999990889362 -2.69065171051739e-07  -5.1364849419614e-16  1.29441771680298e-16  2.53637847582534e-05 -0.000420091021480756  2.14641512518893e-15 -3.21582206473171e-21
-4.67784704494898e-09 -5.00638803351959e-07 -2.69065171051739e-07      1.99999920534207 -1.48465562862779e-15 -1.06119214955474e-16  7.33211036209062e-05  -0.00124138926444318  1.00181829995335e-11   1.4409655072958e-15
-8.44803943541134e-18  -3.3773019920303e-14  -5.1364849419614e-16 -1.48465562862779e-15      1.99999999548424 -9.68007463754567e-22  2.35065961961466e-12 -1.32804363676419e-12  5.18516265985172e-16  9.41150034280344e-05
 2.12990728490399e-18  8.44516664356825e-15  1.29441771680298e-16 -1.06119214955474e-16 -9.68007463754567e-22      1.99999999548424  -5.8794551450508e-13  3.37242589400428e-13  9.41150134410252e-05 -4.98087338386726e-16
 4.17350597436137e-07   0.00165480887511783  2.53637847582534e-05  7.33211036209062e-05  2.35065961961466e-12  -5.8794551450508e-13      1.88479363141517    0.0659875633480214 -3.36843402161732e-13  1.92265660382365e-15
-7.31450371415152e-06 -6.32229900334975e-05 -0.000420091021480756  -0.00124138926444318 -1.32804363676419e-12  3.37242589400428e-13    0.0659875633480214    0.0388267033804148 -9.51739253175815e-15  1.75961008835516e-20
  3.7446271082745e-17  4.07346842954347e-16  2.14641512518893e-15  1.00181829995335e-11  5.18516265985172e-16  9.41150134410252e-05 -3.36843402161732e-13 -9.51739253175815e-15    0.0382029299177651 -7.81431132255568e-18
 4.16672674161093e-21  3.95376699379313e-20 -3.21582206473171e-21   1.4409655072958e-15  9.41150034280344e-05 -4.98087338386726e-16  1.92265660382365e-15  1.75961008835516e-20 -7.81431132255568e-18    0.0382029299177644
First eigenvector coefficient: -0.969962448047511
TOTAL ENERGY: -123.606609966833	 lambda: -4.35	 population of target: 4.00000051572974
1RDM: 
     1.99999999997215 -2.74676451441231e-09 -1.61947810743812e-09 -4.81699805068781e-09  -8.4921933048661e-18  2.14147792610076e-18  4.19617887033721e-07 -7.35620463906059e-06  3.76636374753065e-17  4.57562946575797e-21
-2.74676451441231e-09      1.99997470019263 -1.80204470321687e-07 -5.10268923295255e-07 -3.37728725396093e-14  8.44516651529018e-15   0.00165480884435512 -6.32228213907996e-05  4.08061201056951e-16  3.98466350613463e-20
-1.61947810743812e-09 -1.80204470321687e-07        1.999999905823 -2.80102478868751e-07 -5.21621792798318e-16  1.31477327122053e-16  2.57626472791079e-05 -0.000427123705726669  2.18245180462444e-15 -8.95157400357161e-22
-4.81699805068781e-09 -5.10268923295255e-07 -2.80102478868751e-07      1.99999916688606 -1.51665048491849e-15 -1.09579708758023e-16  7.49170998809626e-05  -0.00127114309743898  1.00183343492702e-11  1.47578345169477e-15
 -8.4921933048661e-18 -3.37728725396093e-14 -5.21621792798318e-16 -1.51665048491849e-15       1.9999999952634 -1.00123675061169e-21  2.35063521216952e-12 -1.32758844753137e-12   5.3048450167905e-16  9.63890850131115e-05
 2.14147792610076e-18  8.44516651529018e-15  1.31477327122053e-16 -1.09579708758023e-16 -1.00123675061169e-21      1.99999999526339 -5.87945521137032e-13  3.37254281354415e-13  9.63890950261133e-05  -5.0986122718633e-16
 4.19617887033721e-07   0.00165480884435512  2.57626472791079e-05  7.49170998809626e-05  2.35063521216952e-12 -5.87945521137032e-13      1.88479363235083    0.0659875739138851 -3.36846653199808e-13  1.96907599948803e-15
-7.35620463906059e-06 -6.32228213907996e-05 -0.000427123705726669  -0.00127114309743898 -1.32758844753137e-12  3.37254281354415e-13    0.0659875739138851    0.0388267429782515 -9.66943101761021e-15  1.74234241083166e-20
 3.76636374753065e-17  4.08061201056951e-16  2.18245180462444e-15  1.00183343492702e-11   5.3048450167905e-16  9.63890950261133e-05 -3.36846653199808e-13 -9.66943101761021e-15    0.0382029306351503 -7.61329210326906e-18
 4.57562946575797e-21  3.98466350613463e-20 -8.95157400357161e-22  1.47578345169477e-15  9.63890850131115e-05  -5.0986122718633e-16  1.96907599948803e-15  1.74234241083166e-20 -7.61329210326906e-18    0.0382029306351509
First eigenvector coefficient: -0.969962427220681
TOTAL ENERGY: -123.60661016154	 lambda: -4.3	 population of target: 4.00000056075177
1RDM: 
     1.99999999997182 -2.76097514962615e-09 -1.65655997200743e-09 -4.96369502059111e-09  -8.5373223623804e-18   2.1533212166861e-18  4.21938607862833e-07 -7.39898025313718e-06   3.7886614634549e-17   5.0368002894421e-21
-2.76097514962615e-09      1.99997470019305 -1.82875097983821e-07 -5.20281074412685e-07 -3.37727193582548e-14  8.44516639200596e-15   0.00165480881079844 -6.32226428951985e-05  4.08773572438935e-16  4.01487712620907e-20
-1.65655997200743e-09 -1.82875097983821e-07      1.99999990259626 -2.91838731943263e-07 -5.29844232925414e-16  1.33577842316688e-16  2.61742386437878e-05 -0.000434391745632838  2.21968878421571e-15  1.94612213687602e-21
-4.96369502059111e-09 -5.20281074412685e-07 -2.91838731943263e-07      1.99999912556601 -1.55007542939704e-15 -1.13246387110927e-16  7.65852870367691e-05  -0.00130235961431726  1.00184931750929e-11  1.51232531124294e-15
 -8.5373223623804e-18 -3.37727193582548e-14 -5.29844232925414e-16 -1.55007542939704e-15      1.99999999502594 -1.03659569377337e-21  2.35060970395249e-12 -1.32711087443433e-12  5.43045283080612e-16  9.87757589109097e-05
  2.1533212166861e-18  8.44516639200596e-15  1.33577842316688e-16 -1.13246387110927e-16 -1.03659569377337e-21      1.99999999502594 -5.87945528878189e-13  3.37266550471779e-13  9.87757689239214e-05 -5.22218044174733e-16
 4.21938607862833e-07   0.00165480881079844  2.61742386437878e-05  7.65852870367691e-05  2.35060970395249e-12 -5.87945528878189e-13      1.88479363339079    0.0659875853760334 -3.36850120330662e-13  2.01779361281619e-15
-7.39898025313718e-06 -6.32226428951985e-05 -0.000434391745632838  -0.00130235961431726 -1.32711087443433e-12  3.37266550471779e-13    0.0659875853760334    0.0388267854252892  -9.8289487903436e-15  1.72543588238125e-20
  3.7886614634549e-17  4.08773572438935e-16  2.21968878421571e-15  1.00184931750929e-11  5.43045283080612e-16  9.87757689239214e-05 -3.36850120330662e-13  -9.8289487903436e-15    0.0382029314024457 -7.41227093252311e-18
  5.0368002894421e-21  4.01487712620907e-20  1.94612213687602e-21  1.51232531124294e-15  9.87757589109097e-05 -5.22218044174733e-16  2.01779361281619e-15  1.72543588238125e-20 -7.41227093252311e-18    0.0382029314024458
First eigenvector coefficient: -0.969962404884341
TOTAL ENERGY: -123.606610368355	 lambda: -4.25	 population of target: 4.00000060913308
1RDM: 
     1.99999999997149 -2.77548270730073e-09 -1.69516326823605e-09 -5.11854610045219e-09 -8.58346930713672e-18  2.16545015478075e-18  4.24315308006794e-07 -7.44288644661319e-06  3.81155245064048e-17  5.55327987655465e-21
-2.77548270730073e-09      1.99997470019352 -1.85627079632845e-07 -5.30698732106764e-07 -3.37725600304916e-14  8.44516627658621e-15   0.00165480877418025 -6.32224538036796e-05  4.09483837584503e-16  4.04436126732588e-20
-1.69516326823605e-09 -1.85627079632845e-07      1.99999989920282 -3.04334702933353e-07 -5.38327431119191e-16   1.3574645394028e-16  2.65991735053051e-05 -0.000441906821899663  2.25818543068508e-15  5.35652540411743e-21
-5.11854610045219e-09 -5.30698732106764e-07 -3.04334702933353e-07      1.99999908109002 -1.58502989839783e-15 -1.17137030789188e-16  7.83307538536632e-05  -0.00133514946802217  1.00186600437839e-11  1.55072235316011e-15
-8.58346930713672e-18 -3.37725600304916e-14 -5.38327431119191e-16 -1.58502989839783e-15      1.99999999477018 -1.07428426831191e-21  2.35058301802179e-12 -1.32660922250485e-12   5.5624372566817e-16  0.000101283597900269
 2.16545015478075e-18  8.44516627658621e-15   1.3574645394028e-16 -1.17137030789188e-16 -1.07428426831191e-21      1.99999999477018 -5.87945537969247e-13  3.37279440294113e-13  0.000101283607913292 -5.35202172812246e-16
 4.24315308006794e-07   0.00165480877418025  2.65991735053051e-05  7.83307538536632e-05  2.35058301802179e-12 -5.87945537969247e-13       1.8847936345466    0.0659875977969563 -3.36853822797184e-13  2.06898443579722e-15
-7.44288644661319e-06 -6.32224538036796e-05 -0.000441906821899663  -0.00133514946802217 -1.32660922250485e-12  3.37279440294113e-13    0.0659875977969563    0.0388268310080502 -9.99651210495895e-15  1.70897193666851e-20
 3.81155245064048e-17  4.09483837584503e-16  2.25818543068508e-15  1.00186600437839e-11   5.5624372566817e-16  0.000101283607913292 -3.36853822797184e-13 -9.99651210495895e-15    0.0382029322235782 -7.21124762447216e-18
 5.55327987655465e-21  4.04436126732588e-20  5.35652540411743e-21  1.55072235316011e-15  0.000101283597900269 -5.35202172812246e-16  2.06898443579722e-15  1.70897193666851e-20 -7.21124762447216e-18    0.0382029322235763
First eigenvector coefficient: -0.969962380888137
TOTAL ENERGY: -123.606610588403	 lambda: -4.2	 population of target: 4.00000066121912
1RDM: 
     1.99999999997114 -2.79029927899853e-09  -1.7353794482821e-09 -5.28222521964642e-09 -8.63067938704927e-18  2.17787862657968e-18  4.26750709671787e-07 -7.48798326412093e-06  3.83507185302851e-17  6.12763088702769e-21
-2.79029927899853e-09      1.99997470019403  -1.8846426001634e-07 -5.41547363612838e-07  -3.3772394182156e-14  8.44516617236308e-15    0.0016548087342025 -6.32222532998502e-05  4.10191866504397e-16  4.07307141967139e-20
 -1.7353794482821e-09  -1.8846426001634e-07       1.9999998956312  -3.1765797017541e-07  -5.4708370617348e-16  1.37986500253514e-16  2.70381060185926e-05 -0.000449681363193002  2.29800528639254e-15  9.37911833484849e-21
-5.28222521964642e-09 -5.41547363612838e-07  -3.1765797017541e-07      1.99999903312799 -1.62162288706541e-15 -1.21271442160225e-16  8.01590858182899e-05  -0.00136963476738887  1.00188355794964e-11   1.5911195150407e-15
-8.63067938704927e-18  -3.3772394182156e-14  -5.4708370617348e-16 -1.62162288706541e-15      1.99999999449417 -1.11452731936614e-21  2.35055506998408e-12 -1.32608162183451e-12  5.70129643642091e-16  0.000103922067621497
 2.17787862657968e-18  8.44516617236308e-15  1.37986500253514e-16 -1.21271442160225e-16 -1.11452731936614e-21      1.99999999449417 -5.87945548689067e-13  3.37292999035041e-13  0.000103922077634529 -5.48862619062172e-16
 4.26750709671787e-07    0.0016548087342025  2.70381060185926e-05  8.01590858182899e-05  2.35055506998408e-12 -5.87945548689067e-13      1.88479363583154    0.0659876112451582 -3.36857781824511e-13   2.1228416893914e-15
-7.48798326412093e-06 -6.32222532998502e-05 -0.000449681363193002  -0.00136963476738887 -1.32608162183451e-12  3.37292999035041e-13    0.0659876112451582    0.0388268800500718 -1.01727458626969e-14  1.69301679968644e-20
 3.83507185302851e-17  4.10191866504397e-16  2.29800528639254e-15  1.00188355794964e-11  5.70129643642091e-16  0.000103922077634529 -3.36857781824511e-13 -1.01727458626969e-14     0.038202933102846 -7.01022196870389e-18
 6.12763088702769e-21  4.07307141967139e-20  9.37911833484849e-21   1.5911195150407e-15  0.000103922067621497 -5.48862619062172e-16   2.1228416893914e-15  1.69301679968644e-20 -7.01022196870389e-18    0.0382029331028431
