Naturals in-correctTOTAL ENERGY: -124.33733281063	 lambda: -5	 population of target: 3.65893402740365
1RDM: 
     1.99996269619317  2.59742374396054e-05  -0.00224370152368245   0.00299928888202469   0.00326812031497121  1.01223993699552e-17 -5.79533260805018e-18  9.13515626015623e-18 -1.33504356641665e-17   0.00699765272918421
 2.59742374396054e-05      1.99997571161564   0.00157749353272462  -0.00204277889618982  -0.00243359024446914  5.60329218298376e-17   4.4669411407172e-17 -5.62142134842145e-17 -8.07847628409636e-17  -0.00502383029775536
 -0.00224370152368245   0.00157749353272462      1.85674726359799     0.202751070200656      0.18659170744177  9.22825244802406e-18  4.76566634331351e-17 -4.79310274916365e-17 -1.91814643475202e-17      0.42894610002844
  0.00299928888202469  -0.00204277889618982     0.202751070200656       1.6972127567009    -0.232873515014336  -5.6103238769676e-17  1.10019875319588e-16 -1.77504345412245e-16   7.0565444243416e-17    -0.582000890343241
  0.00326812031497121  -0.00243359024446914      0.18659170744177    -0.232873515014336      1.69526894300684  6.60841346907814e-17 -1.10824237033276e-16  1.33258725488456e-16 -7.89928790869485e-17    -0.608290655557805
 1.01223993699552e-17  5.60329218298376e-17  9.22825244802406e-18  -5.6103238769676e-17  6.60841346907814e-17      1.31916775623172  3.76467739779057e-17   -0.0624364395821734     0.932014810517014  4.19882277377635e-18
-5.79533260805018e-18   4.4669411407172e-17  4.76566634331351e-17  1.10019875319588e-16 -1.10824237033276e-16  3.76467739779057e-17      1.31916775623168     0.932014810517024    0.0624364395821741 -1.97579694652916e-17
 9.13515626015623e-18 -5.62142134842145e-17 -4.79310274916365e-17 -1.77504345412245e-16  1.33258725488456e-16   -0.0624364395821734     0.932014810517024     0.718385359701055  1.92286218318391e-15  -2.4325138986952e-17
-1.33504356641665e-17 -8.07847628409636e-17 -1.91814643475202e-17   7.0565444243416e-17 -7.89928790869485e-17     0.932014810517014    0.0624364395821741  1.92286218318391e-15     0.718385359701025  1.35217171924086e-18
  0.00699765272918421  -0.00502383029775536      0.42894610002844    -0.582000890343241    -0.608290655557805  4.19882277377635e-18 -1.97579694652916e-17  -2.4325138986952e-17  1.35217171924086e-18      0.67572639702001
TOTAL ENERGY: -124.402602495095	 lambda: -4.5	 population of target: 3.67271548645537
1RDM: 
     1.99996985565328  2.11065848927792e-05  -0.00195848919393426    0.0025845285981307   0.00290820893655107  9.44269858589715e-18 -4.07205694810824e-18   6.7655291732956e-18 -1.27341704589988e-17   0.00635560482105214
 2.11065848927792e-05      1.99997888896766   0.00139044469583386  -0.00176591963103185  -0.00220716699518618  5.24738649022142e-17  4.55642185992656e-17 -5.85169155943495e-17  -7.7023453056443e-17  -0.00462311889137373
 -0.00195848919393426   0.00139044469583386      1.86387205166515      0.19142389688011     0.179199171669661  8.78597896906591e-18  4.94762661064603e-17 -5.22285555913426e-17  -1.8317838558369e-17     0.422756863281629
   0.0025845285981307  -0.00176591963103185      0.19142389688011      1.71450202326328    -0.219962475634303 -4.97037246580731e-17  9.79491831288379e-17 -1.60847132439216e-16  6.28413365307672e-17    -0.568115131439926
  0.00290820893655107  -0.00220716699518618     0.179199171669661    -0.219962475634303      1.70106336974974  6.00989021351173e-17 -9.94065706601389e-17  1.19828059887164e-16 -7.37793371643361e-17    -0.608363198453618
 9.44269858589715e-18  5.24738649022142e-17  8.78597896906591e-18 -4.97037246580731e-17  6.00989021351173e-17      1.33117059106044 -3.60124832153961e-16   -0.0621592880946247     0.927877653755088   1.9549604623885e-18
-4.07205694810824e-18  4.55642185992656e-17  4.94762661064603e-17  9.79491831288379e-17 -9.94065706601389e-17 -3.60124832153961e-16      1.33117059106041     0.927877653755097    0.0621592880946257 -1.72179421513884e-17
  6.7655291732956e-18 -5.85169155943495e-17 -5.22285555913426e-17 -1.60847132439216e-16  1.19828059887164e-16   -0.0621592880946247     0.927877653755097     0.706931170728793  2.19917605493367e-15 -2.69396990160784e-17
-1.27341704589988e-17  -7.7023453056443e-17  -1.8317838558369e-17  6.28413365307672e-17 -7.37793371643361e-17     0.927877653755088    0.0621592880946257  2.19917605493367e-15     0.706931170728764  2.27047227112089e-18
  0.00635560482105214  -0.00462311889137373     0.422756863281629    -0.568115131439926    -0.608363198453618   1.9549604623885e-18 -1.72179421513884e-17 -2.69396990160784e-17  2.27047227112089e-18     0.644410287122546
TOTAL ENERGY: -124.486185378117	 lambda: -4	 population of target: 3.6924560177153
1RDM: 
     1.99997646459684  1.67772529289044e-05  -0.00166861719583766   0.00216662335275701   0.00252399534742104  8.71899301149648e-18 -2.33797741415032e-18  4.32971490963009e-18 -1.20938988527579e-17   0.00568323432467787
 1.67772529289044e-05       1.9999815646986   0.00121503437189263  -0.00150707494988127  -0.00198419827707508  4.87464565404076e-17  4.60581342983528e-17   -6.060442937054e-17 -7.32100541861809e-17   -0.0042547647571857
 -0.00166861719583766   0.00121503437189263      1.87208712230052     0.178481678078285     0.169630297750389  8.99219312557035e-18  5.02791530473241e-17 -5.56163811390403e-17 -1.82065571147541e-17      0.41525714348347
  0.00216662335275701  -0.00150707494988127     0.178481678078285       1.7341146983314     -0.20390904131937  -4.4326844382776e-17  8.78528113461463e-17 -1.46974597660689e-16  5.62701359618055e-17    -0.551591300876517
  0.00252399534742104  -0.00198419827707508     0.169630297750389     -0.20390904131937      1.71096941301469  5.51109199067843e-17 -8.97344092675586e-17  1.09494206463752e-16 -7.01910723198174e-17     -0.60500189554535
 8.71899301149648e-18  4.87464565404076e-17  8.99219312557035e-18  -4.4326844382776e-17  5.51109199067843e-17      1.34707136300165  1.44873245980539e-17   -0.0617817036909436     0.922241294169646 -2.95965548351139e-19
-2.33797741415032e-18  4.60581342983528e-17  5.02791530473241e-17  8.78528113461463e-17 -8.97344092675586e-17  1.44873245980539e-17      1.34707136300161     0.922241294169659    0.0617817036909445 -1.51123150505305e-17
 4.32971490963009e-18   -6.060442937054e-17 -5.56163811390403e-17 -1.46974597660689e-16  1.09494206463752e-16   -0.0617817036909436     0.922241294169659     0.691463202433749  2.39160119547696e-15 -2.86071233442876e-17
-1.20938988527579e-17 -7.32100541861809e-17 -1.82065571147541e-17  5.62701359618055e-17 -7.01910723198174e-17     0.922241294169646    0.0617817036909445  2.39160119547696e-15     0.691463202433711  2.70874191423716e-18
  0.00568323432467787   -0.0042547647571857      0.41525714348347    -0.551591300876517     -0.60500189554535 -2.95965548351139e-19 -1.51123150505305e-17 -2.86071233442876e-17  2.70874191423716e-18     0.605801606187322
TOTAL ENERGY: -124.597631111704	 lambda: -3.5	 population of target: 3.7223219038279
1RDM: 
     1.99998243021883  1.29626189748173e-05  -0.00137639188933276    0.0017490723210461   0.00211350606003991  7.92556564601307e-18 -6.19382782958739e-19  1.83017403468871e-18 -1.14087673978556e-17   0.00497841094855729
 1.29626189748173e-05      1.99998379656905   0.00105116380100541   -0.0012656769846899  -0.00176020930836733  4.46274845344082e-17  4.61298390306687e-17 -6.26437915643035e-17 -6.91414420673413e-17  -0.00392166388005129
 -0.00137639188933276   0.00105116380100541      1.88163249501822     0.163534402243115     0.157019497175899  8.64309940380906e-18  5.19190478738906e-17 -6.11845824281343e-17  -1.7299641378493e-17     0.406011976019053
   0.0017490723210461   -0.0012656769846899     0.163534402243115      1.75664171652942    -0.183545214349918 -3.57518534307573e-17   7.3254053566157e-17 -1.26190917974137e-16  4.53734170673576e-17    -0.531379831108129
  0.00211350606003991  -0.00176020930836733     0.157019497175899    -0.183545214349918      1.72723449700574   4.7316666283743e-17 -7.58091982459809e-17  9.37041626258049e-17 -6.35875692617688e-17     -0.59549836710199
 7.92556564601307e-18  4.46274845344082e-17  8.64309940380906e-18 -3.57518534307573e-17   4.7316666283743e-17      1.36910397928201  2.91550271485938e-16   -0.0612330615798894     0.914051485251389 -2.99315875073254e-18
-6.19382782958739e-19  4.61298390306687e-17  5.19190478738906e-17   7.3254053566157e-17 -7.58091982459809e-17  2.91550271485938e-16      1.36910397928197     0.914051485251403    0.0612330615798901 -1.29259618415972e-17
 1.83017403468871e-18 -6.26437915643035e-17 -6.11845824281343e-17 -1.26190917974137e-16  9.37041626258049e-17   -0.0612330615798894     0.914051485251403     0.669663114051591  1.94995148869072e-15  -2.9674420100892e-17
-1.14087673978556e-17 -6.91414420673413e-17  -1.7299641378493e-17  4.53734170673576e-17 -6.35875692617688e-17     0.914051485251389    0.0612330615798901  1.94995148869072e-15     0.669663114051558  2.85955357758076e-18
  0.00497841094855729  -0.00392166388005129     0.406011976019053    -0.531379831108129     -0.59549836710199 -2.99315875073254e-18 -1.29259618415972e-17  -2.9674420100892e-17  2.85955357758076e-18     0.556990877991717
TOTAL ENERGY: -124.754155733318	 lambda: -3	 population of target: 3.77080715959863
1RDM: 
     1.99998767530418  9.60483709738267e-06  -0.00108432603297247   0.00133541144283475   0.00167436213912102  7.02839286239681e-18  1.00838708284403e-18 -6.87176762212069e-19 -1.06541264754044e-17   0.00423404443516681
 9.60483709738267e-06      1.99998567524182   0.00089667399638062   -0.0010377859798499  -0.00152458477044807  4.00399461090082e-17  4.52152648852726e-17 -6.41520512005673e-17 -6.48503727586391e-17  -0.00362037777540848
 -0.00108432603297247   0.00089667399638062      1.89281745605486     0.146004599921156     0.140098681888734  9.47879740519445e-18  5.15963246919257e-17 -6.51982557397897e-17 -1.79265369885828e-17     0.394320256121036
  0.00133541144283475   -0.0010377859798499     0.146004599921156       1.7830101574957    -0.157173444631053 -2.88016763507466e-17  6.16220742970023e-17 -1.09728663229667e-16  3.62545030083543e-17    -0.505514112792474
  0.00167436213912102  -0.00152458477044807     0.140098681888734    -0.157173444631053        1.753283232723  4.10334544828938e-17 -6.42319903274898e-17  8.26075870630482e-17 -5.96741373670528e-17    -0.574787927590987
 7.02839286239681e-18  4.00399461090082e-17  9.47879740519445e-18 -2.88016763507466e-17  4.10334544828938e-17      1.40143581933738 -2.47409796750348e-16   -0.0603635501177997     0.901071923795063 -5.88388508664929e-18
 1.00838708284403e-18  4.52152648852726e-17  5.15963246919257e-17  6.16220742970023e-17 -6.42319903274898e-17 -2.47409796750348e-16      1.40143581933735     0.901071923795078    0.0603635501178009 -1.12444603377548e-17
-6.87176762212069e-19 -6.41520512005673e-17 -6.51982557397897e-17 -1.09728663229667e-16  8.26075870630482e-17   -0.0603635501177997     0.901071923795078     0.637207542422398  2.20087577709824e-15 -2.90183661746829e-17
-1.06541264754044e-17 -6.48503727586391e-17 -1.79265369885828e-17  3.62545030083543e-17 -5.96741373670528e-17     0.901071923795063    0.0603635501178009  2.20087577709824e-15     0.637207542422371  2.03413565509791e-18
  0.00423404443516681  -0.00362037777540848     0.394320256121036    -0.505514112792474    -0.574787927590987 -5.88388508664929e-18 -1.12444603377548e-17 -2.90183661746829e-17  2.03413565509791e-18      0.49362907966104
TOTAL ENERGY: -124.988526787773	 lambda: -2.5	 population of target: 3.85683601167487
1RDM: 
       1.999992155575  6.59655465718585e-06 -0.000794097297127763  0.000928453184584902   0.00120473748661062  5.95550986349497e-18  2.40029119913425e-18 -3.13367764301248e-18 -9.76085558342961e-18   0.00342724051066202
 6.59655465718585e-06      1.99998735685159  0.000745334300412701 -0.000813283631989854  -0.00125582653153275   3.4537454090697e-17  4.26646063154715e-17 -6.47943450078383e-17 -5.99662635805629e-17  -0.00332913680886589
-0.000794097297127763  0.000745334300412701      1.90606060297091     0.124979347324032      0.11712383107433  1.11996485774279e-17  4.94861439536558e-17 -6.87709316337846e-17 -2.00518310377289e-17     0.378839464344892
 0.000928453184584902 -0.000813283631989854     0.124979347324032      1.81469983052879    -0.122602598404877  -2.1326275425345e-17   5.0114091817168e-17  -9.3524860378007e-17  2.60578097406065e-17    -0.469885657882892
  0.00120473748661062  -0.00125582653153275      0.11712383107433    -0.122602598404877      1.79364502029385  3.46757094758064e-17 -5.19951767227584e-17  7.23721964107999e-17 -5.69145341441615e-17    -0.533303647061854
 5.95550986349497e-18   3.4537454090697e-17  1.11996485774279e-17  -2.1326275425345e-17  3.46757094758064e-17      1.45234929798743  9.92980746210279e-16    -0.058813200034447     0.877929200129435 -9.56759074149657e-18
 2.40029119913425e-18  4.26646063154715e-17  4.94861439536558e-17   5.0114091817168e-17 -5.19951767227584e-17  9.92980746210279e-16      1.45234929798737     0.877929200129467    0.0588132000344481 -9.74598726178209e-18
-3.13367764301248e-18 -6.47943450078383e-17 -6.87709316337846e-17  -9.3524860378007e-17  7.23721964107999e-17    -0.058813200034447     0.877929200129467     0.585503815996273  2.94880386458408e-15  -2.6291649345057e-17
-9.76085558342961e-18 -5.99662635805629e-17 -2.00518310377289e-17  2.60578097406065e-17 -5.69145341441615e-17     0.877929200129435    0.0588132000344481  2.94880386458408e-15     0.585503815996216  2.47593687786229e-19
  0.00342724051066202  -0.00332913680886589     0.378839464344892    -0.469885657882892    -0.533303647061854 -9.56759074149657e-18 -9.74598726178209e-18  -2.6291649345057e-17  2.47593687786229e-19     0.409908805812662
TOTAL ENERGY: -125.36257153665	 lambda: -2	 population of target: 4.02528572378062
1RDM: 
     1.99999582954082  3.79543664810616e-06 -0.000505992416196496  0.000534377544417193  0.000715506740682038  4.58122073999863e-18  3.22334593245397e-18 -5.23299798826588e-18 -8.55661716852951e-18   0.00249887239659275
 3.79543664810616e-06      1.99998912267135  0.000584021266940816 -0.000574798041448746 -0.000921868270843499  2.73599227901318e-17  3.70317051051765e-17  -6.3371131414804e-17 -5.36261954057466e-17  -0.00297920385171875
-0.000505992416196496  0.000584021266940816      1.92204935743128    0.0990670400491899     0.086467214748781  1.35955702087305e-17  4.42840624258783e-17 -7.13826988397767e-17 -2.44803794928558e-17      0.35621842099752
 0.000534377544417193 -0.000574798041448746    0.0990670400491899      1.85350337227769   -0.0788417881604665 -1.34878725131768e-17  3.80512752432424e-17  -7.7235625188847e-17  1.46569959761469e-17    -0.415806588453707
 0.000715506740682038 -0.000921868270843499     0.086467214748781   -0.0788417881604665      1.85064541205744  2.75313650767624e-17 -3.82624327644164e-17  6.19394706563975e-17 -5.45378444400695e-17    -0.455110985631691
 4.58122073999863e-18  2.73599227901318e-17  1.35955702087305e-17 -1.34878725131768e-17  2.75313650767624e-17      1.53820274743088  3.69863164742677e-15   -0.0555995749818615     0.829958076165776    -1.41621536846e-17
 3.22334593245397e-18  3.70317051051765e-17  4.42840624258783e-17  3.80512752432424e-17 -3.82624327644164e-17  3.69863164742677e-15      1.53820274743079     0.829958076165832    0.0555995749818606 -8.05264654923666e-18
-5.23299798826588e-18  -6.3371131414804e-17 -7.13826988397767e-17  -7.7235625188847e-17  6.19394706563975e-17   -0.0555995749818615     0.829958076165832     0.497557784184156  2.10060829411976e-15 -2.09870562409296e-17
-8.55661716852951e-18 -5.36261954057466e-17 -2.44803794928558e-17  1.46569959761469e-17 -5.45378444400695e-17     0.829958076165776    0.0555995749818606  2.10060829411976e-15     0.497557784184068 -3.11033985952988e-18
  0.00249887239659275  -0.00297920385171875      0.35621842099752    -0.415806588453707    -0.455110985631691    -1.41621536846e-17 -8.05264654923666e-18 -2.09870562409296e-17 -3.11033985952988e-18     0.302295842791586
TOTAL ENERGY: -125.957870704857	 lambda: -1.5	 population of target: 4.37115017238021
1RDM: 
     1.99999836927774  1.28963163220724e-06 -0.000235011250826695  0.000198372567523767  0.000290996397078712  2.84784512073663e-18   2.9133948723508e-18 -6.20681837684653e-18  -6.6652311963941e-18   0.00140663131208828
 1.28963163220724e-06      1.99999132635581  0.000395410755326677 -0.000318298835698697 -0.000526802299348564  1.78297976206917e-17  2.64463793707458e-17 -5.66167863696239e-17 -4.35850098893001e-17  -0.00242902472665954
-0.000235011250826695  0.000395410755326677      1.94231469863812    0.0673981335819543    0.0505133721800925  1.45517219703958e-17  3.40286621752494e-17 -7.12723075320216e-17 -3.17389518382945e-17      0.31630914157967
 0.000198372567523767 -0.000318298835698697    0.0673981335819543      1.89781280148535    -0.034310008379694 -5.46798010053968e-18  2.50556039829895e-17 -6.12327635446306e-17  1.55733081783125e-18    -0.331312905554777
 0.000290996397078712 -0.000526802299348564    0.0505133721800925    -0.034310008379694      1.91018008559744  1.90445667163901e-17 -2.27907585458017e-17  4.81001017435119e-17 -5.11640343241095e-17    -0.332362371236412
 2.84784512073663e-18  1.78297976206917e-17  1.45517219703958e-17 -5.46798010053968e-18  1.90445667163901e-17       1.6786927362502 -6.71712969681307e-16   -0.0480768433265176     0.717663114026862 -1.89598958867415e-17
  2.9133948723508e-18  2.64463793707458e-17  3.40286621752494e-17  2.50556039829895e-17 -2.27907585458017e-17 -6.71712969681307e-16       1.6786927362501     0.717663114026948    0.0480768433265249 -6.05912116157764e-18
-6.20681837684653e-18 -5.66167863696239e-17 -7.12723075320216e-17 -6.12327635446306e-17  4.81001017435119e-17   -0.0480768433265176     0.717663114026948     0.352642469368978   6.9654142194683e-15 -1.37071322556873e-17
 -6.6652311963941e-18 -4.35850098893001e-17 -3.17389518382945e-17  1.55733081783125e-18 -5.11640343241095e-17     0.717663114026862    0.0480768433265249   6.9654142194683e-15     0.352642469368887 -6.35023569544008e-18
  0.00140663131208828  -0.00242902472665954      0.31630914157967    -0.331312905554777    -0.332362371236412 -1.89598958867415e-17 -6.05912116157764e-18 -1.37071322556873e-17 -6.35023569544008e-18     0.187032307407446
TOTAL ENERGY: -126.691969879686	 lambda: -1	 population of target: 4.96551969158562
1RDM: 
     1.99999917849614 -8.21427092328469e-08 -6.10218411237401e-05   3.0877190582292e-05  9.17470383983902e-05  1.41078772702285e-18  1.73630341354515e-18 -5.03949621945471e-18  -3.8986427536119e-18  0.000500277261881665
-8.21427092328469e-08      1.99999369255299  0.000193704841246278 -0.000106912192909464 -0.000214031206421043  9.07289149784686e-18  1.44726074430839e-17 -4.07649801641123e-17 -2.76798466252972e-17  -0.00164040307117316
-6.10218411237401e-05  0.000193704841246278        1.967611216042    0.0350563188333429    0.0215377531469644  8.40165908396358e-18  1.94293308631639e-17 -6.35993184671449e-17 -3.42032699888859e-17     0.240176885237685
  3.0877190582292e-05 -0.000106912192909464    0.0350563188333429      1.93644801364683  -0.00948294355052243 -2.08382649084642e-18   1.1887363279316e-17 -4.35233182829389e-17 -7.22807042635762e-18    -0.225911798893642
 9.17470383983902e-05 -0.000214031206421043    0.0215377531469644  -0.00948294355052243      1.94140859146699  7.33080526086421e-18 -9.45318529123297e-18  2.77262318747261e-17 -3.73008149975454e-17    -0.214065258420221
 1.41078772702285e-18  9.07289149784686e-18  8.40165908396358e-18 -2.08382649084642e-18  7.33080526086421e-18      1.82733174286694 -2.81508041835859e-15   -0.0333531123435097     0.497875836524801 -1.84224980377088e-17
 1.73630341354515e-18  1.44726074430839e-17  1.94293308631639e-17   1.1887363279316e-17 -9.45318529123297e-18 -2.81508041835859e-15       1.8273317428669     0.497875836524864     0.033353112343524 -4.50719416122078e-18
-5.03949621945471e-18 -4.07649801641123e-17 -6.35993184671449e-17 -4.35233182829389e-17  2.77262318747261e-17   -0.0333531123435097     0.497875836524864     0.197267210298677  5.54652762348133e-15 -7.66962951838684e-18
 -3.8986427536119e-18 -2.76798466252972e-17 -3.42032699888859e-17 -7.22807042635762e-18 -3.73008149975454e-17     0.497875836524801     0.033353112343524  5.54652762348133e-15     0.197267210298639 -6.33516639385858e-18
 0.000500277261881665  -0.00164040307117316     0.240176885237685    -0.225911798893642    -0.214065258420221 -1.84224980377088e-17 -4.50719416122078e-18 -7.66962951838684e-18 -6.33516639385858e-18     0.105341401463892
TOTAL ENERGY: -127.22563350532	 lambda: -0.5	 population of target: 5.67997715864349
1RDM: 
     1.99999907235991 -2.38958246700242e-07 -8.38190759062186e-06 -7.24916294687687e-06  2.68171600733433e-05  9.86225233386958e-19  1.21084660513072e-18 -2.71358726852421e-18 -1.34376130546196e-18  7.87074933973469e-05
-2.38958246700242e-07      1.99999556424612  4.85328850134561e-05  2.37684628281618e-08 -5.35278893608013e-05  5.78458525289092e-18   9.0616683306293e-18 -2.13241745372381e-17 -1.07430130604756e-17 -0.000813628677710079
-8.38190759062186e-06  4.85328850134561e-05      1.98906369606445    0.0111360297435109   0.00454380403269338  3.50040283416846e-19  7.93941646034217e-18 -4.47642318752927e-17 -2.21753953650455e-17     0.130432985392684
-7.24916294687687e-06  2.37684628281618e-08    0.0111360297435109      1.96444758366803  0.000497595887765048   5.1447971043833e-19  4.51598660483754e-18 -2.45836352538937e-17 -1.47508581338961e-17    -0.115698274947655
 2.68171600733433e-05 -5.35278893608013e-05   0.00454380403269338  0.000497595887765048      1.95615347979895  7.79641215602098e-19 -9.86319358907142e-20  1.35527466036296e-18 -1.86628873672845e-17    -0.111280831858924
 9.86225233386958e-19  5.78458525289092e-18  3.50040283416846e-19   5.1447971043833e-19  7.79641215602098e-19      1.89182177825473 -1.32660456295083e-15   -0.0162805810945282     0.243027024828373 -1.18522392953272e-17
 1.21084660513072e-18   9.0616683306293e-18  7.93941646034217e-18  4.51598660483754e-18 -9.86319358907142e-20 -1.32660456295083e-15      1.89182177825473     0.243027024828336    0.0162805810945394 -2.56909133572663e-18
-2.71358726852421e-18 -2.13241745372381e-17 -4.47642318752927e-17 -2.45836352538937e-17  1.35527466036296e-18   -0.0162805810945282     0.243027024828336     0.125828133973983  1.40683766365324e-15 -1.35374626961131e-18
-1.34376130546196e-18 -1.07430130604756e-17 -2.21753953650455e-17 -1.47508581338961e-17 -1.86628873672845e-17     0.243027024828373    0.0162805810945394  1.40683766365324e-15     0.125828133973986     -1.5729975142e-18
 7.87074933973469e-05 -0.000813628677710079     0.130432985392684    -0.115698274947655    -0.111280831858924 -1.18522392953272e-17 -2.56909133572663e-18 -1.35374626961131e-18     -1.5729975142e-18    0.0550407794051783
TOTAL ENERGY: -127.412569250226	 lambda: 0	 population of target: 6.43061040520569
1RDM: 
     1.99999868439783    3.488948351179e-14   1.3405602761285e-12 -1.40983551534805e-13  7.47930356514496e-12  1.09571170083134e-18  1.46336768581503e-18   6.3026571510404e-20  7.03476770263063e-19 -7.21252044319489e-11
   3.488948351179e-14      1.99999692385593 -1.52737281914952e-12 -2.03116468318204e-11   1.2344652374624e-12  6.43092923195753e-18   9.3421254284471e-18 -2.10317109655785e-18  4.43898182700237e-18 -4.60233065614349e-11
  1.3405602761285e-12 -1.52737281914952e-12      1.99611633794427  4.33440141355377e-11 -1.61814006505536e-10 -8.58594212038013e-19  4.29935969260453e-18 -1.74132125972814e-17  3.40840450023997e-18  5.03506313102236e-10
-1.40983551534805e-13 -2.03116468318204e-11  4.33440141355377e-11      1.98053980514103 -1.88017918083368e-10  1.00865918671884e-18  1.89768714180623e-18 -7.51736342530814e-19 -1.09206012212655e-17  1.25720498797914e-09
 7.47930356514496e-12   1.2344652374624e-12 -1.61814006505536e-10 -1.88017918083368e-10      1.96061320000778 -1.74421988069507e-18  4.35497312883993e-18 -2.43980436249274e-17  1.07306368474441e-17  6.89392943578019e-10
 1.09571170083134e-18  6.43092923195753e-18 -8.58594212038013e-19  1.00865918671884e-18 -1.74421988069507e-18       1.8875130385205  5.26312133591966e-16 -3.74294769595912e-10  3.19085536268495e-10  4.57389567103864e-19
 1.46336768581503e-18   9.3421254284471e-18  4.29935969260453e-18  1.89768714180623e-18  4.35497312883993e-18  5.26312133591966e-16      1.88751303852048  3.19087664372585e-10   3.7430136080857e-10  -3.8553493652935e-20
  6.3026571510404e-20 -2.10317109655785e-18 -1.74132125972814e-17 -7.51736342530814e-19 -2.43980436249274e-17 -3.74294769595912e-10  3.19087664372585e-10     0.124065369391491  7.95018836039364e-16  2.61069402321301e-18
 7.03476770263063e-19  4.43898182700237e-18  3.40840450023997e-18 -1.09206012212655e-17  1.07306368474441e-17  3.19085536268495e-10   3.7430136080857e-10  7.95018836039364e-16     0.124065369391474 -5.87373356254033e-19
-7.21252044319489e-11 -4.60233065614349e-11  5.03506313102236e-10  1.25720498797914e-09  6.89392943578019e-10  4.57389567103864e-19  -3.8553493652935e-20  2.61069402321301e-18 -5.87373356254033e-19    0.0395782328292185
TOTAL ENERGY: -127.227408852764	 lambda: 0.5	 population of target: 7.17465528602423
1RDM: 
     1.99999798917573  1.99973896079724e-07  3.27626474836701e-05  5.08703698922657e-06  -3.5997340822855e-05  1.40239522999926e-18  2.29175224014727e-18  3.06958664563757e-18  2.31436431919373e-18  0.000162675043620342
 1.99973896079724e-07      1.99999731373454  5.82110253884847e-05 -8.49187969663791e-05 -7.18080235520017e-05  9.16761354348561e-18  1.31798131052124e-17  1.57446414143569e-17  1.72534174654945e-17  0.000930566147322058
 3.27626474836701e-05  5.82110253884847e-05      1.98267918560864   0.00404321186146438    0.0109145047941086  8.03327599995211e-18   8.5570693147377e-18  1.23678210227228e-17  3.26092353712404e-17    -0.135891649440616
 5.08703698922657e-06 -8.49187969663791e-05   0.00404321186146438      1.98077418674287   -0.0107187458437767    2.365015205149e-18  5.25680683483819e-18  2.51715164750007e-17 -3.34452743890707e-18     0.112198668916866
 -3.5997340822855e-05 -7.18080235520017e-05    0.0109145047941086   -0.0107187458437767       1.9534147404387   1.1037627808614e-18  6.47978476231302e-18 -5.13179697455814e-17  3.92180637043539e-17     0.127113784748169
 1.40239522999926e-18  9.16761354348561e-18  8.03327599995211e-18    2.365015205149e-18   1.1037627808614e-18      1.84215582249742 -6.64195041351577e-16    0.0146867600715354    -0.219235399270917  1.40382528889398e-17
 2.29175224014727e-18  1.31798131052124e-17   8.5570693147377e-18  5.25680683483819e-18  6.47978476231302e-18 -6.64195041351577e-16      1.84215582249741    -0.219235399270869   -0.0146867600715329  9.31741334859459e-19
 3.06958664563757e-18  1.57446414143569e-17  1.23678210227228e-17  2.51715164750007e-17 -5.13179697455814e-17    0.0146867600715354    -0.219235399270869     0.166866791925197  1.01358034684423e-15  4.80975971870624e-18
 2.31436431919373e-18  1.72534174654945e-17  3.26092353712404e-17 -3.34452743890707e-18  3.92180637043539e-17    -0.219235399270917   -0.0146867600715329  1.01358034684423e-15      0.16686679192519 -2.95414097659428e-18
 0.000162675043620342  0.000930566147322058    -0.135891649440616     0.112198668916866     0.127113784748169  1.40382528889398e-17  9.31741334859459e-19  4.80975971870624e-18 -2.95414097659428e-18    0.0650913554543178
TOTAL ENERGY: -126.674810411423	 lambda: 1	 population of target: 7.91136854678476
1RDM: 
     1.99999681112551  1.53960840627951e-07  0.000133375699607548   7.2884554954337e-07 -9.30782241251472e-05  1.73249668409726e-18  3.44488274619052e-18  6.83635419759256e-18  3.83967773223663e-18  0.000414525767578376
 1.53960840627951e-07      1.99999605782299  0.000250381281345361 -0.000274722648792517 -0.000292473140761302  1.25959638870663e-17  1.85436323923401e-17  3.44585802165751e-17  2.90357825008181e-17   0.00204911778527445
 0.000133375699607548  0.000250381281345361      1.94845768018494    0.0198755081174342    0.0353592777444548  2.39715896348898e-17  1.70637663653093e-17  4.24100209460123e-17  5.99901909241032e-17     -0.26274127384965
  7.2884554954337e-07 -0.000274722648792517    0.0198755081174342      1.96682931594511   -0.0310179449147038  2.35127562654925e-18  1.42696757251967e-17  5.09190260461416e-17  7.61761740403568e-18     0.205758113537243
-9.30782241251472e-05 -0.000292473140761302    0.0353592777444548   -0.0310179449147038      1.93272901823472  1.09812510290137e-17 -6.06624243430448e-19 -7.30735926634694e-17  6.33747669006802e-17     0.243966536646826
 1.73249668409726e-18  1.25959638870663e-17  2.39715896348898e-17  2.35127562654925e-18  1.09812510290137e-17      1.77947763771001  1.65407253434401e-15    0.0295274372132029    -0.440768390349441  2.61140452570027e-17
 3.44488274619052e-18  1.85436323923401e-17  1.70637663653093e-17  1.42696757251967e-17 -6.06624243430448e-19  1.65407253434401e-15      1.77947763770997    -0.440768390349492    -0.029527437213202 -1.14906534414699e-18
 6.83635419759256e-18  3.44585802165751e-17  4.24100209460123e-17  5.09190260461416e-17 -7.30735926634694e-17    0.0295274372132029    -0.440768390349492     0.231731811948505  9.88557402656727e-16  2.37706725337965e-18
 3.83967773223663e-18  2.90357825008181e-17  5.99901909241032e-17  7.61761740403568e-18  6.33747669006802e-17    -0.440768390349441    -0.029527437213202  9.88557402656727e-16     0.231731811948466 -6.90928485584202e-18
 0.000414525767578376   0.00204911778527445     -0.26274127384965     0.205758113537243     0.243966536646826  2.61140452570027e-17 -1.14906534414699e-18  2.37706725337965e-18 -6.90928485584202e-18     0.129572217369824
TOTAL ENERGY: -125.776308088571	 lambda: 1.5	 population of target: 8.63145743881305
1RDM: 
     1.99999532875796 -2.86232488108313e-07  0.000292880890564073 -1.06285522840599e-05 -0.000153434983970585  2.36225332360749e-18  5.87081332531804e-18  1.13213172694791e-17  5.23954231474219e-18  0.000680742726595543
-2.86232488108313e-07      1.99999206617179  0.000629247592049939 -0.000588214119219617 -0.000684191927198366  1.83870665672559e-17  2.93015437193986e-17  5.41008122309468e-17  3.94707187822733e-17   0.00341506869914123
 0.000292880890564073  0.000629247592049939      1.89904243575846    0.0419866336565041    0.0691001398644914  4.57946012916856e-17  3.19347459339049e-17  7.47130738835845e-17  8.38067929943379e-17    -0.372468314372819
-1.06285522840599e-05 -0.000588214119219617    0.0419866336565041      1.94756262657905   -0.0564454568367353  5.12141004678968e-18  3.22403225569214e-17   7.3846127524314e-17  2.42541073568865e-17     0.271624895854908
-0.000153434983970585 -0.000684191927198366    0.0691001398644914   -0.0564454568367353      1.90638287472039  2.26086061473483e-17 -6.68360513244968e-18 -6.50351857283981e-17  7.50417747213002e-17     0.340074213651687
 2.36225332360749e-18  1.83870665672559e-17  4.57946012916856e-17  5.12141004678968e-18  2.26086061473483e-17      1.65822541174581 -1.17888891395455e-15    0.0443003954820258    -0.661290506346665  3.50439166976932e-17
 5.87081332531804e-18  2.93015437193986e-17  3.19347459339049e-17  3.22403225569214e-17 -6.68360513244968e-18 -1.17888891395455e-15      1.65822541174577    -0.661290506346719   -0.0443003954820312 -1.31459275858901e-17
 1.13213172694791e-17  5.41008122309468e-17  7.47130738835845e-17   7.3846127524314e-17 -6.50351857283981e-17    0.0443003954820258    -0.661290506346719      0.35805638514473  3.59590196812494e-15  1.96624412300373e-18
 5.23954231474219e-18  3.94707187822733e-17  8.38067929943379e-17  2.42541073568865e-17  7.50417747213002e-17    -0.661290506346665   -0.0443003954820312  3.59590196812494e-15     0.358056385144698 -1.40330146581899e-17
 0.000680742726595543   0.00341506869914123    -0.372468314372819     0.271624895854908     0.340074213651687  3.50439166976932e-17 -1.31459275858901e-17  1.96624412300373e-18 -1.40330146581899e-17     0.214461074231412
TOTAL ENERGY: -124.615122509962	 lambda: 2	 population of target: 9.29688855663732
1RDM: 
     1.99999400832651 -1.29189492815499e-06  0.000478718980793941 -3.11781474035697e-05 -0.000211581633971579  3.30355732845244e-18  1.01048725636063e-17  1.59149438598673e-17   6.3156954529673e-18  0.000924536576295183
-1.29189492815499e-06      1.99998369464469   0.00123980199021263  -0.00102169736729324  -0.00130924263899084  2.66875498473299e-17  4.72700276456824e-17  7.24155155184433e-17  4.73307371772165e-17   0.00504425137110213
 0.000478718980793941   0.00123980199021263      1.84290456155395    0.0653193147277584     0.110458610637366  7.36828980571113e-17  5.60160470652561e-17  1.09138049855641e-16  1.02750004113228e-16    -0.459723170181419
-3.11781474035697e-05  -0.00102169736729324    0.0653193147277584      1.92951869505173   -0.0850330675327312  1.42478454458831e-17  5.85298609389975e-17  8.61971823652262e-17  4.30993959111961e-17     0.312245742533911
-0.000211581633971579  -0.00130924263899084     0.110458610637366   -0.0850330675327312      1.87133561179811  3.22285341858663e-17  9.51029809796039e-18 -1.60507294343124e-17  7.57938739158032e-17     0.428219313188243
 3.30355732845244e-18  2.66875498473299e-17  7.36828980571113e-17  1.42478454458831e-17  3.22285341858663e-17      1.46382015859758  7.12529528452221e-16    0.0571704585472455     -0.85340731476256  3.74243782989248e-17
 1.01048725636063e-17  4.72700276456824e-17  5.60160470652561e-17  5.85298609389975e-17  9.51029809796039e-18  7.12529528452221e-16       1.4638201585975    -0.853407314762611   -0.0571704585472478 -3.33007969015312e-17
 1.59149438598673e-17  7.24155155184433e-17  1.09138049855641e-16  8.61971823652262e-17 -1.60507294343124e-17    0.0571704585472455    -0.853407314762611      0.55851874428121  4.79018732864816e-15  1.23304659031126e-17
  6.3156954529673e-18  4.73307371772165e-17  1.02750004113228e-16  4.30993959111961e-17  7.57938739158032e-17     -0.85340731476256   -0.0571704585472478  4.79018732864816e-15     0.558518744281131 -2.28639252658412e-17
 0.000924536576295183   0.00504425137110213    -0.459723170181419     0.312245742533911     0.428219313188243  3.74243782989248e-17 -3.33007969015312e-17  1.23304659031126e-17 -2.28639252658412e-17     0.311585622867634
TOTAL ENERGY: -123.509046846878	 lambda: 2.5	 population of target: 9.79318637851758
1RDM: 
     1.99999267481187 -3.48513683806745e-06  0.000713372110613248 -8.08715690000076e-05  -0.00033898640801515  4.33780122349153e-18  1.53434395364727e-17  1.88334881832749e-17  6.75914473470128e-18   0.00125124751001957
-3.48513683806745e-06       1.9999681524931   0.00207956721856401  -0.00156950556209083  -0.00241620974079343  3.57340088029786e-17   6.8746537198013e-17  8.28095477734957e-17  5.06266217447621e-17   0.00691179687807918
 0.000713372110613248   0.00207956721856401      1.79130485476467    0.0849716841981816     0.166412200679955  1.02257088943928e-16  8.63045730475145e-17  1.37584664399562e-16  1.12726670290915e-16    -0.514976928204716
-8.08715690000076e-05  -0.00156950556209083    0.0849716841981816      1.91627289903112    -0.121229152933866  2.78218362097201e-17  8.30657600669879e-17  8.52500784985491e-17  5.57532343149307e-17      0.33022877206977
 -0.00033898640801515  -0.00241620974079343     0.166412200679955    -0.121229152933866      1.80407598594078  3.48802986895701e-17  5.56928464369094e-17  3.40588460426169e-17  7.16110037182265e-17     0.540223356241686
 4.33780122349153e-18  3.57340088029786e-17  1.02257088943928e-16  2.78218362097201e-17  3.48802986895701e-17      1.23776075239161   3.8598896826864e-17    0.0639467520408466    -0.954559864321292  3.39439750546196e-17
 1.53434395364727e-17   6.8746537198013e-17  8.63045730475145e-17  8.30657600669879e-17  5.56928464369094e-17   3.8598896826864e-17      1.23776075239157    -0.954559864321302   -0.0639467520408472 -4.54173271296824e-17
 1.88334881832749e-17  8.28095477734957e-17  1.37584664399562e-16  8.52500784985491e-17  3.40588460426169e-17    0.0639467520408466    -0.954559864321302     0.790295302922374  2.26679591937533e-15  3.68344667045343e-17
 6.75914473470128e-18  5.06266217447621e-17  1.12726670290915e-16  5.57532343149307e-17  7.16110037182265e-17    -0.954559864321292   -0.0639467520408472  2.26679591937533e-15     0.790295302922343 -2.87113665521649e-17
  0.00125124751001957   0.00691179687807918    -0.514976928204716      0.33022877206977     0.540223356241686  3.39439750546196e-17 -4.54173271296824e-17  3.68344667045343e-17 -2.87113665521649e-17     0.432273322330596
TOTAL ENERGY: -122.802197995164	 lambda: 3	 population of target: 10.0530989683571
1RDM: 
     1.99999147902806 -6.77773445711712e-06  0.000944431691748042 -0.000158249271589105 -0.000569078349947848   5.0312004305459e-18  1.88810211403965e-17  1.97979996089606e-17  6.82430342324901e-18   0.00157358883023937
-6.77773445711712e-06      1.99994983690923   0.00291356261827051  -0.00207337087560676  -0.00374608333734871  4.17847680637093e-17  8.28180595061712e-17  8.54256387882261e-17  5.11141695134249e-17   0.00835682713845953
 0.000944431691748042   0.00291356261827051      1.75230487129648    0.0999354849343189       0.2243094555727  1.20850622288267e-16  1.08308553573242e-16  1.51947209405494e-16  1.15668345225265e-16    -0.540511565609285
-0.000158249271589105  -0.00207337087560676    0.0999354849343189      1.90756092213388    -0.155744112228601  3.68511032968918e-17   9.6858776385699e-17  8.08261008355279e-17   5.9715424135544e-17     0.333814208247384
-0.000569078349947848  -0.00374608333734871       0.2243094555727    -0.155744112228601      1.71389125201205  3.46658813761116e-17  8.74320434463306e-17  4.77760190950166e-17  6.87043865291056e-17     0.633866379769603
  5.0312004305459e-18  4.17847680637093e-17  1.20850622288267e-16  3.68511032968918e-17  3.46658813761116e-17      1.08889988120642 -4.43619185452912e-16    0.0655631533949255    -0.978688567200308  2.82236689468155e-17
 1.88810211403965e-17  8.28180595061712e-17  1.08308553573242e-16   9.6858776385699e-17  8.74320434463306e-17 -4.43619185452912e-16      1.08889988120642    -0.978688567200312   -0.0655631533949255 -4.36851434699948e-17
 1.97979996089606e-17  8.54256387882261e-17  1.51947209405494e-16  8.08261008355279e-17  4.77760190950166e-17    0.0655631533949255    -0.978688567200312     0.942688088223055  2.73833083758335e-16  5.37179404214295e-17
 6.82430342324901e-18  5.11141695134249e-17  1.15668345225265e-16   5.9715424135544e-17  6.87043865291056e-17    -0.978688567200308   -0.0655631533949255  2.73833083758335e-16     0.942688088223066 -3.02591674850309e-17
  0.00157358883023937   0.00835682713845953    -0.540511565609285     0.333814208247384     0.633866379769603  2.82236689468155e-17 -4.36851434699948e-17  5.37179404214295e-17 -3.02591674850309e-17     0.563125699761432
TOTAL ENERGY: -122.39492306292	 lambda: 3.5	 population of target: 10.1795134617968
1RDM: 
     1.99999051481678  -1.0292494720767e-05   0.00114093168413752 -0.000236804149745064  -0.00080660929253473  5.46238029302106e-18  2.08279797417171e-17   2.0034152338657e-17     6.84111736675e-18   0.00182652306239931
 -1.0292494720767e-05      1.99993273273019   0.00365375584513731  -0.00246511627190179  -0.00489134198928474   4.5429331722163e-17  9.04133876703239e-17  8.55940837312231e-17  5.11632600464754e-17   0.00934661071774943
  0.00114093168413752   0.00365375584513731      1.72104168034913     0.111636305114328     0.271002947273404  1.31182299022608e-16  1.21451125216469e-16  1.59162279714874e-16  1.16193161725674e-16    -0.555684883029006
-0.000236804149745064  -0.00246511627190179     0.111636305114328      1.90258225207263    -0.179452068439432  4.17767854269605e-17  1.04087032642159e-16   7.7781154234452e-17  6.05699185354766e-17     0.330995789749406
