Naturals in-correctTOTAL ENERGY: -124.511157967237	 lambda: -5	 population of target: 3.92867255123018
1RDM: 
     1.99999969805115  1.08302025739863e-06  4.00717300000377e-05   1.0795248516924e-05   0.00028792114934066  3.98975269179027e-13  1.89989548310866e-13  2.46314439034253e-13  5.18869350026843e-13 -0.000400711142708112
 1.08302025739863e-06      1.99998292103532 -0.000781956226670825   0.00131032038939961   -0.0026578975224376  1.85400603830507e-13  8.94410886457028e-14  1.26358893397747e-13  2.62977918704686e-13   0.00433114146830971
 4.00717300000377e-05 -0.000781956226670825      1.95498041129839    0.0830793122417144    -0.137959905368386  3.05822535224392e-11   1.4558185215736e-11   1.9493187243342e-11  4.10744306631472e-11     0.231233652290192
  1.0795248516924e-05   0.00131032038939961    0.0830793122417144      1.81915024927873     0.200934755253485  3.01743887073281e-12  1.43747235759825e-12  7.98145599828293e-13  1.68205881742724e-12    -0.363458943153798
  0.00028792114934066   -0.0026578975224376    -0.137959905368386     0.200934755253485       1.4726478216823 -2.89808128103993e-11  -1.3797598967676e-11 -1.61506018774364e-11 -3.40361914451996e-11     0.831923316775467
 3.98975269179027e-13  1.85400603830507e-13  3.05822535224392e-11  3.01743887073281e-12 -2.89808128103993e-11       1.2743077939487  3.72399143737003e-16    0.0011381839795963    -0.945200566475209   -1.028609489985e-11
 1.89989548310866e-13  8.94410886457028e-14   1.4558185215736e-11  1.43747235759825e-12  -1.3797598967676e-11  3.72399143737003e-16      1.27430779394857    -0.945200566475241  -0.00113818397959616 -4.89350138145172e-12
 2.46314439034253e-13  1.26358893397747e-13   1.9493187243342e-11  7.98145599828293e-13 -1.61506018774364e-11    0.0011381839795963    -0.945200566475241     0.768885080534947  -2.3969616681181e-16 -9.33353172133697e-12
 5.18869350026843e-13  2.62977918704686e-13  4.10744306631472e-11  1.68205881742724e-12 -3.40361914451996e-11    -0.945200566475209  -0.00113818397959616  -2.3969616681181e-16     0.768885080534815 -1.96634625418392e-11
-0.000400711142708112   0.00433114146830971     0.231233652290192    -0.363458943153798     0.831923316775467   -1.028609489985e-11 -4.89350138145172e-12 -9.33353172133697e-12 -1.96634625418392e-11     0.666853149687157
TOTAL ENERGY: -124.532851126436	 lambda: -4.5	 population of target: 3.93325461467781
1RDM: 
     1.99999976345398  5.97453861325582e-07  1.39792714789139e-05  5.30387160598493e-05  0.000198449962531283  4.01703772221227e-13  1.91285528239135e-13   2.4993063293754e-13  5.26494934012915e-13 -0.000260984176212913
 5.97453861325582e-07      1.99998428922127  -0.00072150141176132   0.00120833268166865  -0.00250263299608903  1.76641744160228e-13  8.52567011956598e-14  1.21871422302273e-13  2.53543598710077e-13   0.00416219637996309
 1.39792714789139e-05  -0.00072150141176132      1.95762081160864    0.0787390007754838    -0.131569415337055   3.0110943968089e-11  1.43338430067007e-11  1.93461560603697e-11   4.0764641235671e-11     0.225523495452427
 5.30387160598493e-05   0.00120833268166865    0.0787390007754838      1.82600890349292     0.190082474802855  3.52043604909769e-12  1.67692011204719e-12  1.08423476104755e-12  2.28473474079598e-12    -0.353689657049169
 0.000198449962531283  -0.00250263299608903    -0.131569415337055     0.190082474802855      1.48477968924717 -2.92972092204274e-11 -1.39481586202542e-11 -1.63597101225944e-11 -3.44768130102449e-11     0.828444013219675
 4.01703772221227e-13  1.76641744160228e-13   3.0110943968089e-11  3.52043604909769e-12 -2.92972092204274e-11      1.28022617867618  3.73648816565677e-16   0.00113634746575525    -0.943675441092216 -1.01926210698568e-11
 1.91285528239135e-13  8.52567011956598e-14  1.43338430067007e-11  1.67692011204719e-12 -1.39481586202542e-11  3.73648816565677e-16      1.28022617867604    -0.943675441092253  -0.00113634746575511 -4.84900791477505e-12
  2.4993063293754e-13  1.21871422302273e-13  1.93461560603697e-11  1.08423476104755e-12 -1.63597101225944e-11   0.00113634746575525    -0.943675441092253     0.762761991668385  -2.2671045745314e-16 -9.55866751539805e-12
 5.26494934012915e-13  2.53543598710077e-13   4.0764641235671e-11  2.28473474079598e-12 -3.44768130102449e-11    -0.943675441092216  -0.00113634746575511  -2.2671045745314e-16     0.762761991668248  -2.0137898229204e-11
-0.000260984176212913   0.00416219637996309     0.225523495452427    -0.353689657049169     0.828444013219675 -1.01926210698568e-11 -4.84900791477505e-12 -9.55866751539805e-12  -2.0137898229204e-11     0.645630202287215
TOTAL ENERGY: -124.562265245347	 lambda: -4	 population of target: 3.94020664469076
1RDM: 
     1.99999979698887  2.03529361395573e-07 -7.70040958217048e-06    8.769131248562e-05  0.000120485478196954  4.02889414917572e-13  1.91846924811083e-13  2.53279825037576e-13  5.33558081812577e-13  -0.00013606173044671
 2.03529361395573e-07      1.99998567043728 -0.000658007283754116   0.00110555375330316  -0.00232593697861414  1.66711714330722e-13  8.05110723864194e-14  1.17036452521841e-13  2.43379549318758e-13   0.00398528150403798
-7.70040958217048e-06 -0.000658007283754116      1.96053170220758    0.0741683668420711    -0.123788965819812   2.9518310729224e-11  1.40517536296487e-11  1.91797574702589e-11  4.04140374552042e-11     0.219170539471982
   8.769131248562e-05   0.00110555375330316    0.0741683668420711      1.83288715224428     0.177784361737195  4.05913920347608e-12  1.93335576068677e-12  1.38170720394084e-12   2.9113988297554e-12    -0.344229348762925
 0.000120485478196954  -0.00232593697861414    -0.123788965819812     0.177784361737195      1.50328562310597 -2.98042398672913e-11 -1.41894473433373e-11 -1.67035777588993e-11 -3.52013659935257e-11     0.821200334834422
 4.02889414917572e-13  1.66711714330722e-13   2.9518310729224e-11  4.05913920347608e-12 -2.98042398672913e-11      1.28851762624083  3.82587674659001e-16   0.00113366698856338    -0.941449449968948 -9.96392004885695e-12
 1.91846924811083e-13  8.05110723864194e-14  1.40517536296487e-11  1.93335576068677e-12 -1.41894473433373e-11  3.82587674659001e-16       1.2885176262407    -0.941449449968983  -0.00113366698856322 -4.74014935769878e-12
 2.53279825037576e-13  1.17036452521841e-13  1.91797574702589e-11  1.38170720394084e-12 -1.67035777588993e-11   0.00113366698856338    -0.941449449968983     0.754237013348654 -2.41998595799304e-16 -9.82162871051103e-12
 5.33558081812577e-13  2.43379549318758e-13  4.04140374552042e-11   2.9113988297554e-12 -3.52013659935257e-11    -0.941449449968948  -0.00113366698856322 -2.41998595799304e-16     0.754237013348524 -2.06920669727962e-11
 -0.00013606173044671   0.00398528150403798     0.219170539471982    -0.344229348762925     0.821200334834422 -9.96392004885695e-12 -4.74014935769878e-12 -9.82162871051103e-12 -2.06920669727962e-11     0.617800775837389
TOTAL ENERGY: -124.605514106246	 lambda: -3.5	 population of target: 3.95181236474893
1RDM: 
     1.99999980823259 -8.05125374204342e-08 -2.36093529827554e-05  0.000112698947066463  5.95201482258796e-05  4.01593105391156e-13  1.91226646604179e-13  2.56254320317648e-13  5.39831847800985e-13 -3.39712637191655e-05
-8.05125374204342e-08      1.99998705556386  -0.00059119697534688   0.00100150100937307  -0.00211926419969155  1.55367165198535e-13  7.50855668867744e-14  1.11952392255672e-13  2.32695346588952e-13   0.00380145996970446
-2.36093529827554e-05  -0.00059119697534688      1.96376560814263    0.0692730451862089    -0.114037643180196  2.87398200310943e-11  1.36811992025474e-11  1.89923632656039e-11  4.00191869409013e-11     0.212118630576666
 0.000112698947066463   0.00100150100937307    0.0692730451862089      1.83994925435988     0.163183117827311  4.64173426668957e-12  2.21067296444236e-12  1.69065263466041e-12  3.56223390492626e-12    -0.335269752317818
 5.95201482258796e-05  -0.00211926419969155    -0.114037643180196     0.163183117827311      1.53214781130075 -3.06162554702536e-11 -1.45758871565892e-11 -1.72808494892466e-11 -3.64176953858748e-11     0.807191987728236
 4.01593105391156e-13  1.55367165198535e-13  2.87398200310943e-11  4.64173426668957e-12 -3.06162554702536e-11      1.30090770157127  3.71868647272426e-16   0.00112944663268581    -0.937944673016335 -9.48171499301237e-12
 1.91226646604179e-13  7.50855668867744e-14  1.36811992025474e-11  2.21067296444236e-12 -1.45758871565892e-11  3.71868647272426e-16      1.30090770157114    -0.937944673016373  -0.00112944663268564 -4.51062971427184e-12
 2.56254320317648e-13  1.11952392255672e-13  1.89923632656039e-11  1.69065263466041e-12 -1.72808494892466e-11   0.00112944663268581    -0.937944673016373     0.741570522696205 -2.18643544797447e-16  -1.0134829432126e-11
 5.39831847800985e-13  2.32695346588952e-13  4.00191869409013e-11  3.56223390492626e-12 -3.64176953858748e-11    -0.937944673016335  -0.00112944663268564 -2.18643544797447e-16     0.741570522696065 -2.13521457433137e-11
-3.39712637191655e-05   0.00380145996970446     0.212118630576666    -0.335269752317818     0.807191987728236 -9.48171499301237e-12 -4.51062971427184e-12  -1.0134829432126e-11 -2.13521457433137e-11     0.579194013865659
TOTAL ENERGY: -124.676727349548	 lambda: -3	 population of target: 3.97392663859666
1RDM: 
      1.9999998094052 -2.45352760639141e-07 -3.26610270507114e-05  0.000126073335861087  2.01730609077794e-05  3.96018501426902e-13   1.8856943114275e-13  2.58784727522138e-13  5.45169959578338e-13  3.77791195951719e-05
-2.45352760639141e-07      1.99998843601646 -0.000521016565282359  0.000894239322624765   -0.0018654320558416  1.41237491507068e-13  6.83215667785588e-14  1.06263931307808e-13  2.20747509876441e-13   0.00361205428432633
-3.26610270507114e-05 -0.000521016565282359      1.96734331353727    0.0638827834136018      -0.1013592734949  2.76373690292666e-11  1.31564418647852e-11  1.87809915485444e-11  3.95738021132449e-11     0.204553864848067
 0.000126073335861087  0.000894239322624765    0.0638827834136018      1.84768336786433     0.144397052480793  5.32517684526294e-12  2.53597672988155e-12  2.04217590799427e-12   4.3027728771497e-12    -0.326815919163005
 2.01730609077794e-05   -0.0018654320558416      -0.1013592734949     0.144397052480793      1.57909539002282 -3.19188505385155e-11 -1.51958033074931e-11 -1.82926396012076e-11 -3.85495490954028e-11     0.779493941734865
 3.96018501426902e-13  1.41237491507068e-13  2.76373690292666e-11  5.32517684526294e-12 -3.19188505385155e-11      1.32121034669368  3.64363127825764e-16   0.00112201412349255     -0.93177237672906 -8.46006397557568e-12
  1.8856943114275e-13  6.83215667785588e-14  1.31564418647852e-11  2.53597672988155e-12 -1.51958033074931e-11  3.64363127825764e-16      1.32121034669355    -0.931772376729103  -0.00112201412349237 -4.02435009757969e-12
 2.58784727522138e-13  1.06263931307808e-13  1.87809915485444e-11  2.04217590799427e-12 -1.82926396012076e-11   0.00112201412349255    -0.931772376729103     0.720900819224964 -1.97850074146519e-16 -1.05007190401366e-11
 5.45169959578338e-13  2.20747509876441e-13  3.95738021132449e-11   4.3027728771497e-12 -3.85495490954028e-11     -0.93177237672906  -0.00112201412349237 -1.97850074146519e-16     0.720900819224824 -2.21233352951135e-11
 3.77791195951719e-05   0.00361205428432633     0.204553864848067    -0.326815919163005     0.779493941734865 -8.46006397557568e-12 -4.02435009757969e-12 -1.05007190401366e-11 -2.21233352951135e-11     0.521667351316962
TOTAL ENERGY: -124.81491213319	 lambda: -2.5	 population of target: 4.02489255215226
1RDM: 
     1.99999980891962 -3.37047522249207e-07 -3.65613465012651e-05  0.000129354833089699 -4.54991292501032e-06  3.82533857263356e-13  1.82145984669688e-13  2.61427439092954e-13  5.50744705830885e-13  9.23687116088996e-05
-3.37047522249207e-07      1.99998981714757 -0.000448678113036155  0.000776978154233703  -0.00152547432022471  1.21909140840984e-13  5.90541384917581e-14  9.95685236740189e-14  2.06703237820554e-13   0.00341471649199253
-3.65613465012651e-05 -0.000448678113036155       1.9710945220161    0.0576577287184743   -0.0840958763976099    2.589837913086e-11  1.23286892088506e-11  1.85619947636396e-11   3.9112327728806e-11     0.197773404793773
 0.000129354833089699  0.000776978154233703    0.0576577287184743      1.85766083308603     0.116852190713859  6.20751567847161e-12  2.95592141160219e-12  2.51217944406132e-12  5.29293202369184e-12    -0.317420430893453
-4.54991292501032e-06  -0.00152547432022471   -0.0840958763976099     0.116852190713859      1.65981436699693 -3.39837241651736e-11 -1.61784889578422e-11 -2.02300738039058e-11 -4.26317330648568e-11     0.719304737706661
 3.82533857263356e-13  1.21909140840984e-13    2.589837913086e-11  6.20751567847161e-12 -3.39837241651736e-11      1.35934545984414  3.57179076684522e-16   0.00110636050081587    -0.918772889977829 -6.09176657929592e-12
 1.82145984669688e-13  5.90541384917581e-14  1.23286892088506e-11  2.95592141160219e-12 -1.61784889578422e-11  3.57179076684522e-16      1.35934545984401    -0.918772889977878  -0.00110636050081566 -2.89711178610504e-12
 2.61427439092954e-13  9.95685236740189e-14  1.85619947636396e-11  2.51217944406132e-12 -2.02300738039058e-11   0.00110636050081587    -0.918772889977878     0.682119218605072 -1.95444413126518e-16 -1.08324098752153e-11
 5.50744705830885e-13  2.06703237820554e-13   3.9112327728806e-11  5.29293202369184e-12 -4.26317330648568e-11    -0.918772889977829  -0.00110636050081566 -1.95444413126518e-16     0.682119218604936 -2.28226423827678e-11
 9.23687116088996e-05   0.00341471649199253     0.197773404793773    -0.317420430893453     0.719304737706661 -6.09176657929592e-12 -2.89711178610504e-12 -1.08324098752153e-11 -2.28226423827678e-11     0.428511294935674
TOTAL ENERGY: -125.14780786147	 lambda: -2	 population of target: 4.17612228165469
1RDM: 
     1.99999977682451 -6.39885250024844e-07  -5.1238011320154e-05  0.000142917049663945 -6.43226440421324e-05  3.50564218979167e-13   1.6692059295262e-13  2.67125072098373e-13  5.62756702023974e-13  0.000278459761840804
-6.39885250024844e-07      1.99999133861483 -0.000378332100992698  0.000624787205839258   -0.0010147707005791  9.27380340694447e-14  4.50247079623877e-14  9.11747003048359e-14  1.89166292621493e-13   0.00316223019408303
 -5.1238011320154e-05 -0.000378332100992698      1.97410301183216     0.049617669951373   -0.0590581453908146   2.2649083076544e-11  1.07819988848199e-11  1.84175761860467e-11  3.88079123043401e-11     0.196987883057609
 0.000142917049663945  0.000624787205839258     0.049617669951373      1.87525060280842    0.0705441468276078  7.58208967617934e-12  3.61014939099698e-12   3.4474057311039e-12  7.26330530820748e-12    -0.296365339676839
-6.43226440421324e-05   -0.0010147707005791   -0.0590581453908146    0.0705441468276078      1.79645726313328 -3.62963283374175e-11 -1.72789668194435e-11 -2.42688958932405e-11 -5.11414940552403e-11     0.570185466566098
 3.50564218979167e-13  9.27380340694447e-14   2.2649083076544e-11  7.58208967617934e-12 -3.62963283374175e-11      1.44518074847872  3.17281833694447e-16   0.00106212282605204    -0.882035875167704 -1.91685579691259e-14
  1.6692059295262e-13  4.50247079623877e-14  1.07819988848199e-11  3.61014939099698e-12 -1.72789668194435e-11  3.17281833694447e-16      1.44518074847859    -0.882035875167761  -0.00106212282605181 -6.77615486345963e-15
 2.67125072098373e-13  9.11747003048359e-14  1.84175761860467e-11   3.4474057311039e-12 -2.42688958932405e-11   0.00106212282605204    -0.882035875167761     0.594490161068474 -1.51991600501371e-16 -1.04582024314251e-11
 5.62756702023974e-13  1.89166292621493e-13  3.88079123043401e-11  7.26330530820748e-12 -5.11414940552403e-11    -0.882035875167704  -0.00106212282605181 -1.51991600501371e-16     0.594490161068332 -2.20348651989005e-11
 0.000278459761840804   0.00316223019408303     0.196987883057609    -0.296365339676839     0.570185466566098 -1.91685579691259e-14 -6.77615486345963e-15 -1.04582024314251e-11 -2.20348651989005e-11     0.274856187692697
TOTAL ENERGY: -125.925086168241	 lambda: -1.5	 population of target: 4.6294265873594
1RDM: 
     1.99999935817275 -1.32060110571586e-06 -0.000107746453748811  0.000170566007709501 -9.55106332331147e-05  2.64236884551215e-13  1.25813967993261e-13  2.71433327316432e-13  5.71844032616598e-13  0.000904497988274518
-1.32060110571586e-06      1.99999369861548 -0.000283447720443686  0.000400430348293291 -0.000436795278199415  6.03526694944258e-14  2.93145585893517e-14  8.08532531267123e-14  1.67919899644533e-13   0.00255661592741427
-0.000107746453748811 -0.000283447720443686      1.97657467902761    0.0354398285259155   -0.0236051375141457  1.61934864306473e-11  7.70894356720157e-12  1.79584484059415e-11  3.78400719514074e-11     0.196041943174122
 0.000170566007709501  0.000400430348293291    0.0354398285259155      1.90768345969845    0.0193160723062827  8.88054425255585e-12  4.22829730895253e-12  5.58890790451804e-12  1.17755745005756e-11    -0.225838708138771
-9.55106332331147e-05 -0.000436795278199415   -0.0236051375141457    0.0193160723062827      1.90060895543235 -3.04906228101321e-11 -1.45150770926949e-11 -2.91923567809563e-11 -6.15143200683082e-11     0.294512895424185
 2.64236884551215e-13  6.03526694944258e-14  1.61934864306473e-11  8.88054425255585e-12 -3.04906228101321e-11      1.62636497366749  3.14820168640414e-16  0.000897586676549806    -0.745395015480105  9.09417384980989e-12
 1.25813967993261e-13  2.93145585893517e-14  7.70894356720157e-12  4.22829730895253e-12 -1.45150770926949e-11  3.14820168640414e-16      1.62636497366724    -0.745395015480318 -0.000897586676549549  4.33068480452127e-12
 2.71433327316432e-13  8.08532531267123e-14  1.79584484059415e-11  5.58890790451804e-12 -2.91923567809563e-11  0.000897586676549806    -0.745395015480318     0.407499693583773 -4.23327460694979e-18 -6.86636329478631e-12
 5.71844032616598e-13  1.67919899644533e-13  3.78400719514074e-11  1.17755745005756e-11 -6.15143200683082e-11    -0.745395015480105 -0.000897586676549549 -4.23327460694979e-18     0.407499693583526 -1.44672214654933e-11
 0.000904497988274518   0.00255661592741427     0.196041943174122    -0.225838708138771     0.294512895424185  9.09417384980989e-12  4.33068480452127e-12 -6.86636329478631e-12 -1.44672214654933e-11      0.14741051455145
TOTAL ENERGY: -126.6897722814	 lambda: -1	 population of target: 5.23975011572414
1RDM: 
     1.99999931644302 -7.13089917727885e-07 -7.08456213698451e-05  9.16341524647845e-05  7.55450445450987e-06  1.68662449160275e-13  8.03079414553814e-14  2.36170356147472e-13  4.97557734730024e-13  0.000773098474601756
-7.13089917727885e-07      1.99999587764278 -0.000138970966323533  0.000232087803037316 -0.000284078660956762  4.31733016980764e-14  2.09578115875061e-14  6.42089829407675e-14  1.33821173492462e-13   0.00178362789379422
-7.08456213698451e-05 -0.000138970966323533      1.98709424526016    0.0184143858620075  -0.00672446953343477  1.04167849728434e-11  4.95892246552284e-12  1.51355005887719e-11  3.18911732798118e-11     0.139100881301774
 9.16341524647845e-05  0.000232087803037316    0.0184143858620075      1.93600915770421    0.0107694969671829  6.64848322953597e-12  3.16552800135341e-12  5.95530800218331e-12  1.25475220488295e-11    -0.152545799889592
 7.55450445450987e-06 -0.000284078660956762  -0.00672446953343477    0.0107694969671829      1.89339995287801 -1.89038532928623e-11  -8.9992447482465e-12 -2.57763327174586e-11 -5.43135169837773e-11     0.209814871656403
 1.68662449160275e-13  4.31733016980764e-14  1.04167849728434e-11  6.64848322953597e-12 -1.89038532928623e-11       1.7418457988866  6.24176159504588e-17  0.000567599194200432    -0.471360542559145  3.06111622171707e-12
 8.03079414553814e-14  2.09578115875061e-14  4.95892246552284e-12  3.16552800135341e-12  -8.9992447482465e-12  6.24176159504588e-17      1.74184579888667    -0.471360542558897 -0.000567599194200149  1.45869038107421e-12
 2.36170356147472e-13  6.42089829407675e-14  1.51355005887719e-11  5.95530800218331e-12 -2.57763327174586e-11  0.000567599194200432    -0.471360542558897     0.282974204745318 -1.36771089730457e-16 -4.58488294974357e-12
 4.97557734730024e-13  1.33821173492462e-13  3.18911732798118e-11  1.25475220488295e-11 -5.43135169837773e-11    -0.471360542559145 -0.000567599194200149 -1.36771089730457e-16     0.282974204745393 -9.66030486068875e-12
 0.000773098474601756   0.00178362789379422     0.139100881301774    -0.152545799889592     0.209814871656403  3.06111622171707e-12  1.45869038107421e-12 -4.58488294974357e-12 -9.66030486068875e-12     0.133861442807961
TOTAL ENERGY: -127.16217337491	 lambda: -0.5	 population of target: 5.87008842070021
1RDM: 
     1.99999951206309 -3.42075678430614e-07 -2.57405125207303e-05   3.8954713102688e-05  2.62246525587619e-05  8.72780556825734e-14  4.15992490658464e-14  1.67602377320271e-13  3.52956025775133e-13  0.000557757534060966
-3.42075678430614e-07      1.99999762801827 -4.92465973751316e-05   9.6785372394397e-05 -0.000103391186385063  8.09062693834303e-14  3.88826033384537e-14  7.34262848277819e-14  1.54198399419164e-13   0.00094850261524882
-2.57405125207303e-05 -4.92465973751316e-05       1.9944692823853   0.00676129830427839   0.00237755340540745  1.05170397472773e-11  5.00334134174428e-12  1.49161655309699e-11  3.14411936362563e-11    0.0799836087902709
  3.8954713102688e-05   9.6785372394397e-05   0.00676129830427839       1.9615903570613   0.00311910150647567  1.72712696781033e-11  8.21091022846489e-12  1.53901349967799e-11  3.24664293087473e-11    -0.074199965206659
 2.62246525587619e-05 -0.000103391186385063   0.00237755340540745   0.00311910150647567      1.88557922130427 -3.97085159916053e-11 -1.88772199960434e-11 -4.99384327269446e-11 -1.05327372711367e-10    0.0779493504220534
 8.72780556825734e-14  8.09062693834303e-14  1.05170397472773e-11  1.72712696781033e-11 -3.97085159916053e-11      1.74745118752304 -6.72800847778195e-17  0.000284020927777716    -0.235860931721613 -5.53683059021999e-12
 4.15992490658464e-14  3.88826033384537e-14  5.00334134174428e-12  8.21091022846489e-12 -1.88772199960434e-11 -6.72800847778195e-17      1.74745118752302    -0.235860931721822 -0.000284020927776819 -2.62592905169036e-12
 1.67602377320271e-13  7.34262848277819e-14  1.49161655309699e-11  1.53901349967799e-11 -4.99384327269446e-11  0.000284020927777716    -0.235860931721822     0.269007000737638  8.03523727859089e-17 -1.16070708648446e-11
 3.52956025775133e-13  1.54198399419164e-13  3.14411936362563e-11  3.24664293087473e-11 -1.05327372711367e-10    -0.235860931721613 -0.000284020927776819  8.03523727859089e-17     0.269007000737623 -2.44949797256233e-11
 0.000557757534060966   0.00094850261524882    0.0799836087902709    -0.074199965206659    0.0779493504220534 -5.53683059021999e-12 -2.62592905169036e-12 -1.16070708648446e-11 -2.44949797256233e-11     0.125447622646464
TOTAL ENERGY: -127.317458306463	 lambda: 0	 population of target: 6.50147420685654
1RDM: 
     1.99999962848953   -3.819381690146e-14 -5.20624097992056e-13 -7.12505085292016e-12  1.50608189694598e-11  1.15799900361597e-13    5.513845876649e-14  1.46644108758014e-13     3.08951570436e-13 -4.79853776508387e-11
  -3.819381690146e-14      1.99999883707641  1.83765319963904e-12 -1.43773613261108e-12  1.69240839718886e-11  9.34652766435916e-15  5.03934898396208e-15  1.54441353476575e-14  3.27008723963293e-14 -7.69945650837322e-11
-5.20624097992056e-13  1.83765319963904e-12      1.99724857034425  2.41757651927358e-11  4.87838191588806e-11  6.44782357316513e-12    3.069308829257e-12   7.8659024096965e-12  1.65720877550288e-11 -1.22635086382084e-09
-7.12505085292016e-12 -1.43773613261108e-12  2.41757651927358e-11      1.98260697526989 -2.54780932795443e-10  4.38737439800373e-12  2.08851472399974e-12  4.46855371181047e-12  9.41460683210038e-12  2.14740995106189e-09
 1.50608189694598e-11  1.69240839718886e-11  4.87838191588806e-11 -2.54780932795443e-10      1.87807359942757 -1.20954955994141e-11  -5.7570169309753e-12 -1.55833170120295e-11 -3.28313079518236e-11 -2.48102015647895e-10
 1.15799900361597e-13  9.34652766435916e-15  6.44782357316513e-12  4.38737439800373e-12 -1.20954955994141e-11      1.64282963504905 -3.98289840965632e-16 -1.04853159469161e-10 -1.07715735608168e-09 -2.94282080911504e-12
   5.513845876649e-14  5.03934898396208e-15    3.069308829257e-12  2.08851472399974e-12  -5.7570169309753e-12 -3.98289840965632e-16      1.64282963504907  -1.0772508187789e-09  1.04854642561592e-10  -1.4003518293831e-12
 1.46644108758014e-13  1.54441353476575e-14   7.8659024096965e-12  4.46855371181047e-12 -1.55833170120295e-11 -1.04853159469161e-10  -1.0772508187789e-09     0.364290158222276  3.47828003307176e-16 -4.05714274009838e-12
    3.08951570436e-13  3.27008723963293e-14  1.65720877550288e-11  9.41460683210038e-12 -3.28313079518236e-11 -1.07715735608168e-09  1.04854642561592e-10  3.47828003307176e-16       0.3642901582223 -8.54948153979053e-12
-4.79853776508387e-11 -7.69945650837322e-11 -1.22635086382084e-09  2.14740995106189e-09 -2.48102015647895e-10 -2.94282080911504e-12  -1.4003518293831e-12 -4.05714274009838e-12 -8.54948153979053e-12     0.127832802849683
TOTAL ENERGY: -127.191682670445	 lambda: 0.5	 population of target: 7.04009719997965
1RDM: 
     1.99999941823878 -2.11974088428807e-07 -8.50393665904235e-06  1.30666356109719e-05 -5.40712517882942e-05   1.3779960309485e-13  6.56132908130571e-14  1.11989216380586e-13  2.35939739455231e-13 -0.000387989529110653
-2.11974088428807e-07       1.9999989288681 -3.03847371268489e-05  8.79524659768919e-06  -4.4631822220954e-05   1.0778887830626e-14  5.93524832727876e-15  3.22683229561633e-17  6.05636757022389e-16 -0.000757165113623127
-8.50393665904235e-06 -3.03847371268489e-05      1.99403105441383  0.000182964070670391      -0.0110077580401  8.02131901557536e-12  3.81819167446024e-12  5.43624079934585e-12  1.14522393820028e-11   -0.0555108159010847
 1.30666356109719e-05  8.79524659768919e-06  0.000182964070670391      1.98990800455172    0.0153571153995147  4.82583081056157e-12  2.29718667720641e-12  4.57829687957971e-12  9.64612984860392e-12    0.0747451533338766
-5.40712517882942e-05  -4.4631822220954e-05      -0.0110077580401    0.0153571153995147       1.8128501480213  -1.3260742106423e-11 -6.31109229850841e-12 -1.44853130202456e-11 -3.05175899276261e-11    -0.210226809343272
  1.3779960309485e-13   1.0778887830626e-14  8.02131901557536e-12  4.82583081056157e-12  -1.3260742106423e-11      1.51532158069484 -2.68790455389809e-16 -0.000136383609871034     0.113258980123146  4.11350579381592e-12
 6.56132908130571e-14  5.93524832727876e-15  3.81819167446024e-12  2.29718667720641e-12 -6.31109229850841e-12 -2.68790455389809e-16      1.51532158069488     0.113258980123218  0.000136383609871708  1.95777761173631e-12
 1.11989216380586e-13  3.22683229561633e-17  5.43624079934585e-12  4.57829687957971e-12 -1.44853130202456e-11 -0.000136383609871034     0.113258980123218     0.488218395700385  2.35093014736909e-16 -3.01525070773826e-12
 2.35939739455231e-13  6.05636757022389e-16  1.14522393820028e-11  9.64612984860392e-12 -3.05175899276261e-11     0.113258980123146  0.000136383609871708  2.35093014736909e-16     0.488218395700418  -6.3550961875301e-12
-0.000387989529110653 -0.000757165113623127   -0.0555108159010847    0.0747451533338766    -0.210226809343272  4.11350579381592e-12  1.95777761173631e-12 -3.01525070773826e-12  -6.3550961875301e-12     0.196132493115761
TOTAL ENERGY: -126.766677000655	 lambda: 1	 population of target: 7.59620270560435
1RDM: 
      1.9999986667359 -4.87944912726555e-07 -7.69660790207294e-05  3.92688835452193e-05 -0.000276036253815613  9.74214524200051e-14  4.63860010571727e-14   8.7968466662748e-14  1.85336170718375e-13 -0.000856802140759152
-4.87944912726555e-07      1.99999878706903 -0.000102961025531469  3.58230400403729e-05 -0.000208814054876271  1.04973267881321e-14  5.69435098296901e-15 -1.82056805204424e-15 -2.77919972986534e-15 -0.000939948233346966
-7.69660790207294e-05 -0.000102961025531469      1.97978943002558   0.00105979227625385    -0.029872264731439  5.91614596671498e-12  2.81583764104216e-12  3.53707028795394e-12  7.45007129730945e-12    -0.111067713812679
 3.92688835452193e-05  3.58230400403729e-05   0.00105979227625385      1.98643684401722    0.0342060614222041   1.8706169069099e-12  8.89888267339635e-13  4.42345888210526e-12  9.31871575535292e-12     0.112193580719305
-0.000276036253815613 -0.000208814054876271    -0.029872264731439    0.0342060614222041      1.76759970186289  -4.5207516890004e-12 -2.15304331296292e-12 -1.51883141048227e-11 -3.20044954822615e-11    -0.460343377347376
 9.74214524200051e-14  1.04973267881321e-14  5.91614596671498e-12   1.8706169069099e-12  -4.5207516890004e-12      1.57946379256446 -4.29616292436905e-16 -0.000317420027790889     0.263599973268915  1.02458848809814e-11
 4.63860010571727e-14  5.69435098296901e-15  2.81583764104216e-12  8.89888267339635e-13 -2.15304331296292e-12 -4.29616292436905e-16      1.57946379256457     0.263599973268927  0.000317420027791494  4.87762321781795e-12
  8.7968466662748e-14 -1.82056805204424e-15  3.53707028795394e-12  4.42345888210526e-12 -1.51883141048227e-11 -0.000317420027790889     0.263599973268927     0.426473247649497  3.09955483475285e-16  1.49199950913401e-12
 1.85336170718375e-13 -2.77919972986534e-15  7.45007129730945e-12  9.31871575535292e-12 -3.20044954822615e-11     0.263599973268915  0.000317420027791494  3.09955483475285e-16     0.426473247649606  3.14533423444824e-12
-0.000856802140759152 -0.000939948233346966    -0.111067713812679     0.112193580719305    -0.460343377347376  1.02458848809814e-11  4.87762321781795e-12  1.49199950913401e-12  3.14533423444824e-12     0.254302489861259
TOTAL ENERGY: -126.008519248441	 lambda: 1.5	 population of target: 8.20282417751103
1RDM: 
     1.99999728596009 -1.39405067203277e-06 -0.000229351928972214  8.96216154138748e-05 -0.000504276326768508  5.49618947082892e-14   2.6169995686796e-14  4.34854120832239e-14  9.16243226123578e-14  -0.00138104665701471
-1.39405067203277e-06      1.99999796124403  -0.00024828466964032  8.82812665892542e-05 -0.000376926538830831   8.3065391219028e-15  4.66026131108498e-15 -1.27541932439899e-14  -2.4930180168806e-14  -0.00145981318213685
-0.000229351928972214  -0.00024828466964032      1.95416145932725   0.00494088305902438   -0.0546621119729362  4.42992309657428e-12  2.10750713369205e-12  2.10504216393728e-13  4.40043488546754e-13    -0.181836677456631
 8.96216154138748e-05  8.82812665892542e-05   0.00494088305902438      1.97924612022209    0.0497540940308171 -5.20566607240236e-13 -2.47695157785687e-13  3.42416232650143e-12  7.21457263300645e-12     0.154072259675702
-0.000504276326768508 -0.000376926538830831   -0.0546621119729362    0.0497540940308171      1.72822263814996  3.86801298767475e-13   1.8648355688609e-13 -9.12705878584183e-12  -1.9224432688658e-11    -0.525867746957883
 5.49618947082892e-14   8.3065391219028e-15  4.42992309657428e-12 -5.20566607240236e-13  3.86801298767475e-13      1.58542518320874 -6.82550577515595e-16 -0.000621570561633055      0.51617957080662  6.08551726531087e-12
  2.6169995686796e-14  4.66026131108498e-15  2.10750713369205e-12 -2.47695157785687e-13   1.8648355688609e-13 -6.82550577515595e-16      1.58542518320887      0.51617957080636  0.000621570561635779  2.89439205864142e-12
 4.34854120832239e-14 -1.27541932439899e-14  2.10504216393728e-13  3.42416232650143e-12 -9.12705878584183e-12 -0.000621570561633055      0.51617957080636     0.427723195120121  5.50805245190091e-16  1.81541945191202e-12
 9.16243226123578e-14  -2.4930180168806e-14  4.40043488546754e-13  7.21457263300645e-12  -1.9224432688658e-11      0.51617957080662  0.000621570561635779  5.50805245190091e-16     0.427723195120258  3.82269238039543e-12
 -0.00138104665701471  -0.00145981318213685    -0.181836677456631     0.154072259675702    -0.525867746957883  6.08551726531087e-12  2.89439205864142e-12  1.81541945191202e-12  3.82269238039543e-12     0.312077778438639
TOTAL ENERGY: -124.923216624672	 lambda: 2	 population of target: 8.82501104264593
1RDM: 
     1.99999587151763 -1.86036184719051e-06  -0.00038749806673957  0.000139333207706287  -0.00078930934909933  6.50092256742914e-14  3.09506046370262e-14 -6.37383569101951e-15 -1.34287591982499e-14  -0.00180353880076063
-1.86036184719051e-06       1.9999975885457 -0.000361354849062744  0.000102397751959926 -0.000437218652227046  1.32112556620739e-14  7.18655071817005e-15 -1.84356656355193e-14 -3.61872912728832e-14  -0.00146790514421879
 -0.00038749806673957 -0.000361354849062744       1.9254842234949   0.00909054562868742   -0.0878692575250523  5.01609885203803e-12  2.38669964798118e-12 -2.82697964777592e-12 -5.96067421821852e-12    -0.237849981007527
 0.000139333207706287  0.000102397751959926   0.00909054562868742      1.97359122604407    0.0682687334624104 -7.96688297949647e-13 -3.79359565546272e-13  1.77460687812508e-12  3.73808874053237e-12     0.173043604086753
 -0.00078930934909933 -0.000437218652227046   -0.0878692575250523    0.0682687334624104      1.66744736791919   3.8358547542185e-12  1.82796924922914e-12 -4.85735374267987e-12 -1.02268298917981e-11    -0.634383992123775
 6.50092256742914e-14  1.32112556620739e-14  5.01609885203803e-12 -7.96688297949647e-13   3.8358547542185e-12      1.47224970564963 -1.63179635813376e-15 -0.000877952531940221     0.729092211754425  2.07604201914825e-12
 3.09506046370262e-14  7.18655071817005e-15  2.38669964798118e-12 -3.79359565546272e-13  1.82796924922914e-12 -1.63179635813376e-15      1.47224970564964     0.729092211754463  0.000877952531943714  9.85679105551684e-13
-6.37383569101951e-15 -1.84356656355193e-14 -2.82697964777592e-12  1.77460687812508e-12 -4.85735374267987e-12 -0.000877952531940221     0.729092211754463     0.548096698614709  1.67579571933584e-15  2.53357610169093e-12
-1.34287591982499e-14 -3.61872912728832e-14 -5.96067421821852e-12  3.73808874053237e-12 -1.02268298917981e-11     0.729092211754425  0.000877952531943714  1.67579571933584e-15     0.548096698614715  5.33681190819718e-12
 -0.00180353880076063  -0.00146790514421879    -0.237849981007527     0.173043604086753    -0.634383992123775  2.07604201914825e-12  9.85679105551684e-13  2.53357610169093e-12  5.33681190819718e-12     0.392790913949874
TOTAL ENERGY: -123.565004959169	 lambda: 2.5	 population of target: 9.42676207297694
1RDM: 
     1.99999435138808 -2.41826846400456e-06 -0.000573159237123358  0.000207243873606826  -0.00101881362107708  1.04142662215226e-13  4.95824145473048e-14 -6.34313868466491e-14 -1.33640979164616e-13  -0.00223441179624764
-2.41826846400456e-06      1.99999786797753 -0.000457334441335424  8.70432927946872e-05 -0.000567281878745458   1.9985113760394e-14  1.07662257211156e-14 -2.14389196466561e-14 -4.18442886703824e-14  -0.00138703676793182
-0.000573159237123358 -0.000457334441335424      1.89223069211766    0.0148740677393671    -0.122512394350855  7.97579521866666e-12  3.79521304503313e-12 -6.43984054901537e-12 -1.35735829156536e-11    -0.296269219714352
 0.000207243873606826  8.70432927946872e-05    0.0148740677393671      1.96929363910121    0.0875812934228976 -1.32076723632505e-13 -6.30355874496882e-14 -3.96488991988502e-14 -8.46202413913838e-14     0.186458526003131
 -0.00101881362107708 -0.000567281878745458    -0.122512394350855    0.0875812934228976      1.64002143230666 -1.81892973020731e-12 -8.62681232196672e-13   1.4922093690906e-12  3.15518519078613e-12     -0.69889327510292
 1.04142662215226e-13   1.9985113760394e-14  7.97579521866666e-12 -1.32076723632505e-13 -1.81892973020731e-12      1.25909449124725 -1.38007442480343e-15  -0.00112428157926388     0.933654901334733  -2.3616445171916e-12
 4.95824145473048e-14  1.07662257211156e-14  3.79521304503313e-12 -6.30355874496882e-14 -8.62681232196672e-13 -1.38007442480343e-15      1.25909449124739     0.933654901334694   0.00112428157926474 -1.12686479907934e-12
-6.34313868466491e-14 -2.14389196466561e-14 -6.43984054901537e-12 -3.96488991988502e-14   1.4922093690906e-12  -0.00112428157926388     0.933654901334694     0.769119066921635  1.20854392900997e-15 -1.95647057648073e-13
-1.33640979164616e-13 -4.18442886703824e-14 -1.35735829156536e-11 -8.46202413913838e-14  3.15518519078613e-12     0.933654901334733   0.00112428157926474  1.20854392900997e-15     0.769119066921777 -4.14557081326783e-13
 -0.00223441179624764  -0.00138703676793182    -0.296269219714352     0.186458526003131     -0.69889327510292  -2.3616445171916e-12 -1.12686479907934e-12 -1.95647057648073e-13 -4.14557081326783e-13     0.442034900770774
TOTAL ENERGY: -122.411823312468	 lambda: 3	 population of target: 9.85250902368279
1RDM: 
     1.99999321754933 -1.36557672702427e-06 -0.000692885151759988  0.000222767141215964  -0.00149761309757731  1.92949547719612e-13  9.18630581096654e-14 -9.01601676582499e-14 -1.89957224993004e-13  -0.00236569985993339
-1.36557672702427e-06      1.99999872474332 -0.000347942629507416 -4.04658450133087e-05 -0.000232697453647717   1.0140443876791e-14   6.4605755858252e-15 -1.13204147748266e-14 -2.03837951894435e-14 -0.000436042494150225
-0.000692885151759988 -0.000347942629507416      1.87352044106611    0.0129181092148772    -0.176481316822246  1.41185271363879e-11  6.71910303304304e-12 -7.52075642518613e-12 -1.58512589829133e-11    -0.294931973876865
 0.000222767141215964 -4.04658450133087e-05    0.0129181092148772      1.97166306210957     0.112338596348934  1.26940980579661e-12  6.04118486930951e-13 -1.67091183759537e-12 -3.52162849641202e-12     0.162191477222175
 -0.00149761309757731 -0.000232697453647717    -0.176481316822246     0.112338596348934      1.42195042181204 -2.50465379814339e-12 -1.18846133913854e-12  4.21341071454243e-12  8.88829142495941e-12    -0.871672357276304
 1.92949547719612e-13   1.0140443876791e-14  1.41185271363879e-11  1.26940980579661e-12 -2.50465379814339e-12      1.02632891356653 -8.44408496488715e-16  -0.00118280376863743     0.982254563930634  5.35239630765285e-12
 9.18630581096654e-14   6.4605755858252e-15  6.71910303304304e-12  6.04118486930951e-13 -1.18846133913854e-12 -8.44408496488715e-16      1.02632891356666     0.982254563930637   0.00118280376863748  2.54491126987408e-12
-9.01601676582499e-14 -1.13204147748266e-14 -7.52075642518613e-12 -1.67091183759537e-12  4.21341071454243e-12  -0.00118280376863743     0.982254563930637      1.00734095059722  6.60649868916768e-16  1.22992017419169e-12
-1.89957224993004e-13 -2.03837951894435e-14 -1.58512589829133e-11 -3.52162849641202e-12  8.88829142495941e-12     0.982254563930634   0.00118280376863748  6.60649868916768e-16      1.00734095059735   2.5876431872103e-12
 -0.00236569985993339 -0.000436042494150225    -0.294931973876865     0.162191477222175    -0.871672357276304  5.35239630765285e-12  2.54491126987408e-12  1.22992017419169e-12   2.5876431872103e-12     0.665534404391851
TOTAL ENERGY: -121.994687761898	 lambda: 3.5	 population of target: 9.98282827042336
1RDM: 
     1.99999258246931 -1.10396276474962e-06 -0.000760465517432483    0.0002509309281348  -0.00185193204177047  2.41922422865378e-13  1.15177919707092e-13 -9.49384073079917e-14 -2.00025561586378e-13   -0.0023692527362294
-1.10396276474962e-06      1.99999871099272 -0.000331640303117634 -7.14496830040379e-05 -0.000102203145861183  6.32346114509699e-15  4.79898373680844e-15 -9.71559175592232e-15 -1.70239322390578e-14 -0.000213768266507023
-0.000760465517432483 -0.000331640303117634       1.8657484830503    0.0142519084425828    -0.209321998366174  1.74806667885459e-11  8.31948076534593e-12 -7.42461121776856e-12 -1.56486631846768e-11    -0.281743932467397
   0.0002509309281348 -7.14496830040379e-05    0.0142519084425828      1.97064077101649     0.131191432290274  1.54930268540246e-12  7.37391786202298e-13 -2.22833913124703e-12 -4.69604073375191e-12     0.155054326803065
