Naturals in-correctTOTAL ENERGY: -123.95311296772	 lambda: -5	 population of target: 3.99963608318875
1RDM: 
     1.99999997380857 -3.14301104808039e-07  7.92650349195636e-06 -5.54631631584251e-05  0.000103554333857159 -8.65057093608771e-18  1.71106215391189e-17  1.77118773970675e-17  8.94175037618957e-18 -0.000136145384767378
-3.14301104808039e-07      1.99999291221161  6.86961956471568e-05 -0.000403589751969996   0.00207497068285354 -6.11924177726895e-17 -2.30146716922897e-17 -2.37988298315127e-17  6.31323573198459e-17  -0.00267489843896905
 7.92650349195636e-06  6.86961956471568e-05      1.99738799685675    0.0189260747617599   -0.0242196760387482 -6.78697160241149e-17 -1.29021471238381e-16 -1.34023759946999e-16  7.33451944381894e-17    0.0322895313541598
-5.54631631584251e-05 -0.000403589751969996    0.0189260747617599      1.86070148265814     0.142542875288405  2.47042592481038e-16  2.03090211897015e-16  2.13471018259699e-16 -2.75332253975972e-16     -0.19213550037394
 0.000103554333857159   0.00207497068285354   -0.0242196760387482     0.142542875288405      1.27339241243091  1.36569804353958e-17  1.37445827686499e-16  1.34424810200214e-16   5.7391968493216e-17     0.936752384265522
-8.65057093608771e-18 -6.11924177726895e-17 -6.78697160241149e-17  2.47042592481038e-16  1.36569804353958e-17      1.05297491828753   2.0922093708322e-15 -4.89764164666744e-07     0.980211430181353 -5.60951125062041e-17
 1.71106215391189e-17 -2.30146716922897e-17 -1.29021471238381e-16  2.03090211897015e-16  1.37445827686499e-16   2.0922093708322e-15      1.05297491955643     -0.98021143013764 -4.89764164806198e-07  4.14396255747705e-17
 1.77118773970675e-17 -2.37988298315127e-17 -1.34023759946999e-16  2.13471018259699e-16  1.34424810200214e-16 -4.89764164666744e-07     -0.98021143013764     0.985439268099589  1.44045859523484e-15  5.31256998178282e-17
 8.94175037618957e-18  6.31323573198459e-17  7.33451944381894e-17 -2.75332253975972e-16   5.7391968493216e-17     0.980211430181353 -4.89764164806198e-07  1.44045859523484e-15     0.985439269368485 -3.45744222744348e-17
-0.000136145384767378  -0.00267489843896905    0.0322895313541598     -0.19213550037394     0.936752384265522 -5.60951125062041e-17  4.14396255747705e-17  5.31256998178282e-17 -3.45744222744348e-17     0.791696846722018
TOTAL ENERGY: -123.953450678036	 lambda: -4.5	 population of target: 3.99970751397217
1RDM: 
     1.99999997616599 -2.92013221947088e-07  7.52617522313818e-06  -5.3473606593962e-05  9.59834619974485e-05 -7.58995146302533e-18  1.50976009416442e-17  1.56358447302207e-17  7.84765668613655e-18 -0.000126835873611141
-2.92013221947088e-07       1.9999929614766  6.67301752377887e-05 -0.000401204447633819   0.00206187123952683 -5.65217766879022e-17 -2.32185931850024e-17 -2.40230181473442e-17  5.83099129457825e-17  -0.00266727743339674
 7.52617522313818e-06  6.67301752377887e-05       1.9974349091592    0.0187753881039935   -0.0235903968790055 -6.49982792904185e-17 -1.27739931325767e-16 -1.32743109437217e-16   7.0586493526447e-17    0.0316059013982717
 -5.3473606593962e-05 -0.000401204447633819    0.0187753881039935      1.86072295438952     0.142082379346869  2.34639468500873e-16  2.04350649031987e-16  2.14807378474079e-16 -2.64106317960427e-16    -0.192372676750197
 9.59834619974485e-05   0.00206187123952683   -0.0235903968790055     0.142082379346869      1.27653710445686  2.12771482475318e-17  1.40970945368563e-16  1.38597350531629e-16  5.55566832083596e-17     0.935952827920963
-7.58995146302533e-18 -5.65217766879022e-17 -6.49982792904185e-17  2.34639468500873e-16  2.12771482475318e-17      1.05345461738268   2.0958132455577e-15 -4.89756371586608e-07     0.980195832854581 -6.32055136903335e-17
 1.50976009416442e-17 -2.32185931850024e-17 -1.27739931325767e-16  2.04350649031987e-16  1.40970945368563e-16   2.0958132455577e-15      1.05345461865155    -0.980195832810246  -4.8975637172558e-07  4.92208634707067e-17
 1.56358447302207e-17 -2.40230181473442e-17 -1.32743109437217e-16  2.14807378474079e-16  1.38597350531629e-16 -4.89756371586608e-07    -0.980195832810246     0.984957399825918  1.44662914630964e-15  6.06588560225811e-17
 7.84765668613655e-18  5.83099129457825e-17   7.0586493526447e-17 -2.64106317960427e-16  5.55566832083596e-17     0.980195832854581  -4.8975637172558e-07  1.44662914630964e-15     0.984957401094794 -3.53795036159264e-17
-0.000126835873611141  -0.00266727743339674    0.0316059013982717    -0.192372676750197     0.935952827920963 -6.32055136903335e-17  4.92208634707067e-17  6.06588560225811e-17 -3.53795036159264e-17     0.788488057396917
TOTAL ENERGY: -123.953998357856	 lambda: -4	 population of target: 3.9998372094551
1RDM: 
     1.99999997912809 -2.61807289874336e-07  7.00510684706002e-06 -5.07862262637402e-05   8.5613933671689e-05 -6.48674248505215e-18  1.29821635923379e-17  1.34550085361021e-17  6.71010239917696e-18 -0.000114032993312078
-2.61807289874336e-07       1.9999930242307  6.41664242280293e-05 -0.000398173406097765   0.00204411648957637 -5.18531491402133e-17 -2.34443409317307e-17 -2.42768028060014e-17  5.34899319047748e-17  -0.00265821356234732
 7.00510684706002e-06  6.41664242280293e-05      1.99749537582178    0.0185772047562896   -0.0227529653125458 -6.16945618059272e-17 -1.25986674021945e-16 -1.30997831659265e-16  6.74756506532281e-17    0.0307082287200261
-5.07862262637402e-05 -0.000398173406097765    0.0185772047562896      1.86074825193303     0.141425288691837  2.21919965935352e-16  2.05516131810133e-16   2.1606245085013e-16  -2.5333095571798e-16    -0.192758817454485
  8.5613933671689e-05   0.00204411648957637   -0.0227529653125458     0.141425288691837      1.28126929028531  3.12221906945419e-17  1.47483924231914e-16  1.46135677882694e-16  5.43007608322281e-17     0.934723746231956
-6.48674248505215e-18 -5.18531491402133e-17 -6.16945618059272e-17  2.21919965935352e-16  3.12221906945419e-17      1.05418197095101  2.10185849114101e-15 -4.89743785457105e-07     0.980170643337096 -7.17380003334788e-17
 1.29821635923379e-17 -2.34443409317307e-17 -1.25986674021945e-16  2.05516131810133e-16  1.47483924231914e-16  2.10185849114101e-15      1.05418197221987    -0.980170643291817 -4.89743785596672e-07  5.94015758330837e-17
 1.34550085361021e-17 -2.42768028060014e-17 -1.30997831659265e-16   2.1606245085013e-16  1.46135677882694e-16 -4.89743785457105e-07    -0.980170643291817     0.984229014927363  1.45524489354409e-15  7.04186647307079e-17
 6.71010239917696e-18  5.34899319047748e-17  6.74756506532281e-17  -2.5333095571798e-16  5.43007608322281e-17     0.980170643337096 -4.89743785596672e-07  1.45524489354409e-15     0.984229016196219 -3.88551084617392e-17
-0.000114032993312078  -0.00265821356234732    0.0307082287200261    -0.192758817454485     0.934723746231956 -7.17380003334788e-17  5.94015758330837e-17  7.04186647307079e-17 -3.88551084617392e-17     0.783672104306674
TOTAL ENERGY: -123.955023731821	 lambda: -3.5	 population of target: 4.00011322700738
1RDM: 
     1.99999998283516 -2.19207374661439e-07  6.30838751422505e-06 -4.69953638886925e-05  7.08197745337837e-05 -5.33999656085312e-18  1.07524991882277e-17  1.11581241779643e-17  5.52871557911044e-18 -9.56578669474552e-05
-2.19207374661439e-07      1.99999310831683  6.06957425063303e-05 -0.000394071135692862   0.00201802455446884 -4.71880526806172e-17 -2.37116608385472e-17 -2.45879798775867e-17  4.86746724180884e-17  -0.00264749370891648
 6.30838751422505e-06  6.06957425063303e-05      1.99757572328812    0.0183052891917852   -0.0215882665148789 -5.76717774412681e-17 -1.23552188927421e-16 -1.28595665347363e-16  6.38050793467108e-17    0.0294900276124925
-4.69953638886925e-05 -0.000394071135692862    0.0183052891917852      1.86078864859843     0.140365438543851  2.08445020818795e-16   2.0650949485905e-16  2.17172490168627e-16 -2.43316660873472e-16    -0.193419824673356
 7.08197745337837e-05   0.00201802455446884   -0.0215882665148789     0.140365438543851      1.28919032224955   4.5759879686016e-17  1.60089632548138e-16   1.6054620805541e-16  5.42180104996717e-17     0.932602932226009
-5.33999656085312e-18 -4.71880526806172e-17 -5.76717774412681e-17  2.08445020818795e-16   4.5759879686016e-17      1.05541347416624  2.11285753153086e-15    -4.89721209998e-07     0.980125461379991 -8.32021279818122e-17
 1.07524991882277e-17 -2.37116608385472e-17 -1.23552188927421e-16   2.0650949485905e-16  1.60089632548138e-16  2.11285753153086e-15      1.05541347543503    -0.980125461333118 -4.89721210140379e-07  7.43740370544959e-17
 1.11581241779643e-17 -2.45879798775867e-17 -1.28595665347363e-16  2.17172490168627e-16   1.6054620805541e-16    -4.89721209998e-07    -0.980125461333118     0.982998460824087  1.46884633835744e-15  8.46247817346385e-17
 5.52871557911044e-18  4.86746724180884e-17  6.38050793467108e-17 -2.43316660873472e-16  5.42180104996717e-17     0.980125461379991 -4.89721210140379e-07  1.46884633835744e-15     0.982998462092874 -4.76773449824679e-17
-9.56578669474552e-05  -0.00264749370891648    0.0294900276124925    -0.193419824673356     0.932602932226009 -8.32021279818122e-17  7.43740370544959e-17  8.46247817346385e-17 -4.76773449824679e-17     0.775628342193675
TOTAL ENERGY: -123.957516325774	 lambda: -3	 population of target: 4.00089208395417
1RDM: 
     1.99999998725484 -1.56552070570118e-07  5.35651915060129e-06 -4.13697510231151e-05   4.8779621774762e-05 -4.14944853797542e-18   8.3920326939157e-18   8.7310332313225e-18  4.30515398229033e-18 -6.79944670620827e-05
-1.56552070570118e-07       1.9999932280271  5.58605238912322e-05 -0.000387965719042208   0.00197411284678854 -4.25234977513448e-17 -2.40793074945166e-17 -2.50405276821631e-17  4.38638176051599e-17  -0.00263657343130677
 5.35651915060129e-06  5.58605238912322e-05      1.99768491261762    0.0179152484125764   -0.0198895231444184  -5.2366697427293e-17 -1.20228656885782e-16 -1.25399594736512e-16  5.92594143728047e-17    0.0278183196912515
-4.13697510231151e-05 -0.000387965719042208    0.0179152484125764      1.86089272446197     0.138263045824267  1.93061395443204e-16  2.06890475378462e-16  2.17728930680281e-16 -2.35147702857072e-16    -0.194689723105062
  4.8779621774762e-05   0.00197411284678854   -0.0198895231444184     0.138263045824267      1.30515015072128  7.15882441595319e-17  1.88427282692351e-16  1.92743621770594e-16  5.70685503560567e-17      0.92810195338594
-4.14944853797542e-18 -4.25234977513448e-17  -5.2366697427293e-17  1.93061395443204e-16  7.15882441595319e-17      1.05794530663697  2.13637618983071e-15 -4.89671722473344e-07     0.980026412154954 -1.02433767112593e-16
  8.3920326939157e-18 -2.40793074945166e-17 -1.20228656885782e-16  2.06890475378462e-16  1.88427282692351e-16  2.13637618983071e-15       1.0579453079056    -0.980026412104808  -4.8967172262436e-07  1.01325723727486e-16
  8.7310332313225e-18 -2.50405276821631e-17 -1.25399594736512e-16  2.17728930680281e-16  1.92743621770594e-16 -4.89671722473344e-07    -0.980026412104808     0.980471270105422  1.49503025858451e-15  1.09955280715643e-16
 4.30515398229033e-18  4.38638176051599e-17  5.92594143728047e-17 -2.35147702857072e-16  5.70685503560567e-17     0.980026412154954  -4.8967172262436e-07  1.49503025858451e-15     0.980471271374051 -6.98675857505636e-17
-6.79944670620827e-05  -0.00263657343130677    0.0278183196912515    -0.194689723105062      0.92810195338594 -1.02433767112593e-16  1.01325723727486e-16  1.09955280715643e-16 -6.98675857505636e-17      0.75944584089523
TOTAL ENERGY: -123.968891264483	 lambda: -2.5	 population of target: 4.00515996464816
1RDM: 
     1.99999999137437 -6.89669307573975e-08  4.12466642637633e-06 -3.30921104147378e-05  1.76156067814563e-05 -2.90708881936943e-18  5.88453201410768e-18  6.17312834451279e-18  3.04051728028491e-18 -2.80062194803245e-05
-6.89669307573975e-08      1.99999340283632  5.01014336020019e-05 -0.000377056890376802   0.00187302307951544 -3.78264137122307e-17 -2.48325958241611e-17 -2.60591669217485e-17  3.90444994801905e-17  -0.00264507555184042
 4.12466642637633e-06  5.01014336020019e-05      1.99781796296755    0.0173811968375255   -0.0175014766858586 -4.44331956524608e-17 -1.17676687572319e-16 -1.23587355244863e-16  5.39275804431924e-17    0.0261859319405879
-3.30921104147378e-05 -0.000377056890376802    0.0173811968375255      1.86142804947279     0.131719593686605  1.69673396762907e-16  2.03725705357642e-16  2.14934491188164e-16 -2.33845986279451e-16     -0.19791125125394
 1.76156067814563e-05   0.00187302307951544   -0.0175014766858586     0.131719593686605      1.35388133950677  1.40329381074435e-16  2.84832154337685e-16  3.02345549570173e-16  7.17296973213176e-17     0.912495318510534
-2.90708881936943e-18 -3.78264137122307e-17 -4.44331956524608e-17  1.69673396762907e-16  1.40329381074435e-16      1.06607975343059  2.21145504354714e-15 -4.89491898237065e-07     0.979666514006938 -1.57202910444076e-16
 5.88453201410768e-18 -2.48325958241611e-17 -1.17676687572319e-16  2.03725705357642e-16  2.84832154337685e-16  2.21145504354714e-15      1.06607975469871    -0.979666513946267  -4.8949189842291e-07  1.76058541053751e-16
 6.17312834451279e-18 -2.60591669217485e-17 -1.23587355244863e-16  2.14934491188164e-16  3.02345549570173e-16 -4.89491898237065e-07    -0.979666513946267      0.97234587976876  1.57306765181951e-15   1.7986984262876e-16
 3.04051728028491e-18  3.90444994801905e-17  5.39275804431924e-17 -2.33845986279451e-16  7.17296973213176e-17     0.979666514006938  -4.8949189842291e-07  1.57306765181951e-15     0.972345881036869 -1.45517771122887e-16
-2.80062194803245e-05  -0.00264507555184042    0.0261859319405879     -0.19791125125394     0.912495318510534 -1.57202910444076e-16  1.76058541053751e-16   1.7986984262876e-16 -1.45517771122887e-16     0.710027984907323
The Davidson algorithm did not converge.lambda: -2
TOTAL ENERGY: -126.015487222603	 lambda: -1.5	 population of target: 5.00544247363277
1RDM: 
     1.99999999181827 -6.88131837783563e-08  2.99440027815759e-06  -2.4000782455278e-05  1.12753906552849e-05 -3.30601491937365e-18  3.19710104691568e-18  7.90553789181073e-19 -6.69151432890077e-19 -2.09069836852585e-05
-6.88131837783563e-08      1.99999589084504  3.31731004332248e-05 -0.000304505611991548   0.00141075740576112 -3.01046515631692e-17  1.96239483808339e-17 -6.29107019956343e-17  2.03321059153752e-17  -0.00200657323255243
 2.99440027815759e-06  3.31731004332248e-05      1.99869943300946    0.0107114346022552    -0.010252037288225  6.23997228518078e-18 -5.26613525648957e-17 -4.86399260758628e-17  4.48780767014347e-17    0.0157760291789064
 -2.4000782455278e-05 -0.000304505611991548    0.0107114346022552      1.90983355747197     0.100941141611623  1.26393319612383e-16  1.63250963009781e-16  1.77635746081368e-16 -1.78416861390211e-16    -0.150744202580198
 1.12753906552849e-05   0.00141075740576112    -0.010252037288225     0.100941141611623      1.35098698606336  2.36280040467765e-16 -7.51582992213635e-17  -2.6541406947073e-16  6.28073020605964e-16     0.911849647677191
-3.30601491937365e-18 -3.01046515631692e-17  6.23997228518078e-18  1.26393319612383e-16  2.36280040467765e-16         1.06828716433  7.57710945962432e-16 -2.39624597817814e-07     0.491499408149561  4.97469070212631e-16
 3.19710104691568e-18  1.96239483808339e-17 -5.26613525648957e-17  1.63250963009781e-16 -7.51582992213635e-17  7.57710945962432e-16      1.06828716461263     -0.49149939739724 -2.39624555539673e-07   5.7700094216379e-16
 7.90553789181073e-19 -6.29107019956343e-17 -4.86399260758628e-17  1.77635746081368e-16  -2.6541406947073e-16 -2.39624597817814e-07     -0.49149939739724     0.950911023447708  1.41324122481253e-15  3.94728515811802e-16
-6.69151432890077e-19  2.03321059153752e-17  4.48780767014347e-17 -1.78416861390211e-16  6.28073020605964e-16     0.491499408149561 -2.39624555539673e-07  1.41324122481253e-15     0.950911024145774 -5.47113686996515e-17
-2.09069836852585e-05  -0.00200657323255243    0.0157760291789064    -0.150744202580198     0.911849647677191  4.97469070212631e-16   5.7700094216379e-16  3.94728515811802e-16 -5.47113686996515e-17     0.702087764255821
The Davidson algorithm did not converge.lambda: -1
The Davidson algorithm did not converge.lambda: -0.5
TOTAL ENERGY: -127.172374575856	 lambda: 0	 population of target: 6.91600411729236
1RDM: 
     1.99999999528871  1.22098074120567e-16  9.65679475126787e-15  3.73168267275816e-13  4.22789465569806e-12 -1.40407474703364e-17  4.94762016452949e-19 -5.27101087295384e-17 -7.41746975031636e-18 -3.40649311576754e-12
 1.22098074120567e-16      1.99999992147322  2.28445337105547e-13  3.10691430611783e-12  3.67042033570842e-12 -1.76966423706823e-17  6.01630754102818e-17  -8.0294167390234e-17   1.2414581232046e-17 -2.63148379344021e-12
 9.65679475126787e-15  2.28445337105547e-13        1.999958554407 -1.46822803931877e-11 -2.50789368475336e-10 -4.32870207202966e-16 -4.53157061529776e-15 -4.89402921370667e-15  3.72831513379481e-16 -1.37055614063341e-11
 3.73168267275816e-13  3.10691430611783e-12 -1.46822803931877e-11       1.9970713276368  4.53439451774129e-11 -4.90783145770421e-16 -7.98957281403604e-15 -9.10146728446127e-15  2.97596345780984e-16  3.65889902585496e-10
 4.22789465569806e-12  3.67042033570842e-12 -2.50789368475336e-10  4.53439451774129e-11      1.35099179175015  4.14699873031142e-13  -5.3311696455934e-13  1.31432844698666e-12  3.70254578001982e-13 -1.72378491151351e-09
-1.40407474703364e-17 -1.76966423706823e-17 -4.32870207202966e-16 -4.90783145770421e-16  4.14699873031142e-13      1.05110815553932 -6.47458897521448e-16 -5.18229865149351e-11 -1.33013869726841e-11 -5.17685607643206e-13
 4.94762016452949e-19  6.01630754102818e-17 -4.53157061529776e-15 -7.98957281403604e-15  -5.3311696455934e-13 -6.47458897521448e-16      1.05110815553901  7.94174036068105e-11 -5.18233727307389e-11  1.53500351411295e-12
-5.27101087295384e-17  -8.0294167390234e-17 -4.89402921370667e-15 -9.10146728446127e-15  1.31432844698666e-12 -5.18229865149351e-11  7.94174036068105e-11     0.948976309762646 -6.45442349832749e-16 -8.61690491942872e-13
-7.41746975031636e-18   1.2414581232046e-17  3.72831513379481e-16  2.97596345780984e-16  3.70254578001982e-13 -1.33013869726841e-11 -5.18233727307389e-11 -6.45442349832749e-16     0.948976309762343 -5.17079115039406e-13
-3.40649311576754e-12 -2.63148379344021e-12 -1.37055614063341e-11  3.65889902585496e-10 -1.72378491151351e-09 -5.17685607643206e-13  1.53500351411295e-12 -8.61690491942872e-13 -5.17079115039406e-13     0.651809478840858
TOTAL ENERGY: -127.165702457723	 lambda: 0.5	 population of target: 6.99904130532474
1RDM: 
     1.99999999092829 -1.56735156571975e-09  2.76978809816917e-08 -3.40831031042148e-08 -2.65212459627767e-05  1.49353244227527e-19 -9.85166105266087e-20 -3.01882194429692e-18 -1.65147978845797e-19  1.13512680744079e-05
-1.56735156571975e-09      1.99999987210817  7.96614340327419e-07 -7.76921453238734e-06  0.000180852047616874 -2.54175560669451e-17  7.16272048713835e-17 -1.00870542323857e-16  2.80632461469344e-18  0.000268308088191166
 2.76978809816917e-08  7.96614340327419e-07      1.99990136060039 -0.000121646266491003   0.00305699796676901  1.29037915651893e-17  9.45186004566102e-18  1.08024732237757e-17 -2.44575126594475e-17 -0.000828549953068924
-3.40831031042148e-08 -7.76921453238734e-06 -0.000121646266491003      1.99910929088159    0.0189639258817259 -2.19442550157619e-17  1.28214979319739e-17  1.37592336399268e-18  3.28246850544702e-17    0.0196901158349983
-2.65212459627767e-05  0.000180852047616874   0.00305699796676901    0.0189639258817259      1.09942692987511  2.88948695037403e-17  -6.0959957955546e-17 -7.47248746727687e-17  -4.9191216843011e-17   -0.0213852324896598
 1.49353244227527e-19 -2.54175560669451e-17  1.29037915651893e-17 -2.19442550157619e-17  2.88948695037403e-17      1.01494110979971 -1.20063201542465e-16  1.94935463554828e-10 -0.000459421711816371  4.61333267482826e-17
-9.85166105266087e-20  7.16272048713835e-17  9.45186004566102e-18  1.28214979319739e-17  -6.0959957955546e-17 -1.20063201542465e-16      1.01494110979896  0.000459421731134302   1.9493541993808e-10 -6.42875118108608e-17
-3.01882194429692e-18 -1.00870542323857e-16  1.08024732237757e-17  1.37592336399268e-18 -7.47248746727687e-17  1.94935463554828e-10  0.000459421731134302     0.985088544535927 -1.19737175494624e-16 -4.97356831844628e-17
-1.65147978845797e-19  2.80632461469344e-18 -2.44575126594475e-17  3.28246850544702e-17  -4.9191216843011e-17 -0.000459421711816371   1.9493541993808e-10 -1.19737175494624e-16     0.985088544535179 -2.22697666795192e-17
 1.13512680744079e-05  0.000268308088191166 -0.000828549953068924    0.0196901158349983   -0.0213852324896598  4.61333267482826e-17 -6.42875118108608e-17 -4.97356831844628e-17 -2.22697666795192e-17     0.901503246936712
TOTAL ENERGY: -127.154394334954	 lambda: 1	 population of target: 7.01246890029604
1RDM: 
     1.99999996227075  8.56598193963712e-09 -1.33319262152147e-06 -8.71245624805227e-07 -5.43597673157123e-05  6.11542283658985e-19 -1.68324474280114e-18 -4.72478275363172e-18 -5.92024954111107e-19  6.89480499257413e-05
 8.56598193963712e-09      1.99999978417757  4.20552678079907e-06 -1.07907779351052e-05  0.000211521835303535 -2.30868844896583e-17  7.07701225120687e-17 -1.01978018171933e-16  7.17009837283309e-19  0.000376530010347739
-1.33319262152147e-06  4.20552678079907e-06       1.9995864585566 -0.000209595399793176   0.00549311556590983  3.00674964398843e-17  3.30888892158349e-17  3.57041125875762e-17  -4.6511913125544e-17  -0.00582356925324997
-8.71245624805227e-07 -1.07907779351052e-05 -0.000209595399793176       1.9988727397991    0.0229349663468674 -3.71968252442349e-17  2.37000444839236e-17  1.18609161176502e-17  5.56831759550227e-17    0.0219389724086839
-5.43597673157123e-05  0.000211521835303535   0.00549311556590983    0.0229349663468674      1.15297903977293   7.5518887797109e-17 -1.80007258540475e-16 -2.20086176914435e-16 -1.38077518044603e-16   -0.0463064728489176
 6.11542283658985e-19 -2.30868844896583e-17  3.00674964398843e-17 -3.71968252442349e-17   7.5518887797109e-17      1.02280976768302  -3.0642905193062e-16  4.72339604704291e-10 -0.000958141999111997  1.15919965390758e-16
-1.68324474280114e-18  7.07701225120687e-17  3.30888892158349e-17  2.37000444839236e-17 -1.80007258540475e-16  -3.0642905193062e-16       1.0228097676817  0.000958142028613843  4.72339558053555e-10 -1.60042715360837e-16
-4.72478275363172e-18 -1.01978018171933e-16  3.57041125875762e-17  1.18609161176502e-17 -2.20086176914435e-16  4.72339604704291e-10  0.000958142028613843     0.977224646741316 -3.05647854291682e-16 -1.20849052652382e-16
-5.92024954111107e-19  7.17009837283309e-19  -4.6511913125544e-17  5.56831759550227e-17 -1.38077518044603e-16 -0.000958141999111997  4.72339558053555e-10 -3.05647854291682e-16     0.977224646740002 -3.71161792924576e-17
 6.89480499257413e-05  0.000376530010347739  -0.00582356925324997    0.0219389724086839   -0.0463064728489176  1.15919965390758e-16 -1.60042715360837e-16 -1.20849052652382e-16 -3.71161792924576e-17     0.848493186576986
The Davidson algorithm did not converge.lambda: 1.5
The Davidson algorithm did not converge.lambda: 2
TOTAL ENERGY: -123.690092530432	 lambda: 2.5	 population of target: 8.98167729025872
1RDM: 
     1.99999699786676  3.75606525372654e-06 -0.000326717615032878 -6.06085177603248e-05  0.000439802347379823   8.3473599632729e-18  -1.3682709162154e-18 -2.87685206096201e-18  7.16940930993774e-18  0.000409854981327741
 3.75606525372654e-06       1.9999900712278  0.000793716084593539   6.8656784042974e-05   0.00113198397734779 -1.23930566978585e-17  1.23082129248955e-16 -1.52163607599442e-16 -2.02948182588266e-17   0.00111920426147023
-0.000326717615032878  0.000793716084593539      1.93563647711743  -0.00663046820274222   -0.0625040998673897 -2.13017937022563e-16  2.12684329619481e-17  5.34180786062844e-17 -1.55820480187208e-16   -0.0624406246064111
-6.06085177603248e-05   6.8656784042974e-05  -0.00663046820274222      1.99808019370464    0.0276282278066221  3.44369398206613e-16 -1.46116692655551e-16 -1.82300692469811e-16 -2.91752031280065e-16    0.0263015454966648
 0.000439802347379823   0.00113198397734779   -0.0625040998673897    0.0276282278066221     0.980768576812246  8.08808210483277e-16 -1.39932873985304e-15 -1.90537322556995e-15 -6.15887991370251e-15    -0.978529487563306
  8.3473599632729e-18 -1.23930566978585e-17 -2.13017937022563e-16  3.44369398206613e-16  8.08808210483277e-16      1.05059228882939 -1.70215477356671e-15  2.39305705437421e-07    -0.494802900112962 -5.56747317383142e-15
 -1.3682709162154e-18  1.23082129248955e-16  2.12684329619481e-17 -1.46116692655551e-16 -1.39932873985304e-15 -1.70215477356671e-15      1.05059228861043     0.494802883333932  2.39305762625416e-07  1.11128361884485e-15
-2.87685206096201e-18 -1.52163607599442e-16  5.34180786062844e-17 -1.82300692469811e-16 -1.90537322556995e-15  2.39305705437421e-07     0.494802883333932     0.965603078399232  1.91498376507181e-15  1.18361054699186e-15
 7.16940930993774e-18 -2.02948182588266e-17 -1.55820480187208e-16 -2.91752031280065e-16 -6.15887991370251e-15    -0.494802900112962  2.39305762625416e-07  1.91498376507181e-15     0.965603078733034  1.95617305374692e-15
 0.000409854981327741   0.00111920426147023   -0.0624406246064111    0.0263015454966648    -0.978529487563306 -5.56747317383142e-15  1.11128361884485e-15  1.18361054699186e-15  1.95617305374692e-15      1.05313694869905
TOTAL ENERGY: -123.641753344177	 lambda: 3	 population of target: 8.99983445018707
1RDM: 
     1.99999697757063  3.75676715285954e-06 -0.000330135937527043 -6.30498901111496e-05  0.000460610754691468  9.75266198223388e-18  -2.5297121427479e-18 -3.86509099518324e-18  7.09537296393385e-18  0.000387358232128984
 3.75676715285954e-06      1.99998960515593  0.000813201626047448  5.64583893335204e-05   0.00132539645411347 -5.84356804621983e-18  1.20862143355524e-16 -1.54455068076786e-16 -2.51481508104325e-17   0.00117050081661714
-0.000330135937527043  0.000813201626047448      1.93487414008958  -0.00613485375897812    -0.066380849429241 -3.35193896562376e-16  8.96910912069393e-17  1.11149235725075e-16 -1.00260410353814e-16   -0.0591130681815375
-6.30498901111496e-05  5.64583893335204e-05  -0.00613485375897812       1.9977231466879     0.035748989641364  5.42162454171657e-16 -1.89648788655334e-16 -2.23498348555885e-16 -4.00525708527943e-16     0.030765634430417
 0.000460610754691468   0.00132539645411347    -0.066380849429241     0.035748989641364     0.872901787152251 -1.50576860052798e-16 -1.05625221569992e-15 -2.51965820353802e-15 -8.85770135940548e-15    -0.965656471550607
 9.75266198223388e-18 -5.84356804621983e-18 -3.35193896562376e-16  5.42162454171657e-16 -1.50576860052798e-16      1.05567299719757 -1.21681054049123e-16  2.40898877064561e-07    -0.497892558817729 -8.47218622068104e-15
 -2.5297121427479e-18  1.20862143355524e-16  8.96910912069393e-17 -1.89648788655334e-16 -1.05625221569992e-15 -1.21681054049123e-16      1.05567299757925     0.497892542921839  2.40898932738964e-07  2.06454362011733e-15
-3.86509099518324e-18 -1.54455068076786e-16  1.11149235725075e-16 -2.23498348555885e-16 -2.51965820353802e-15  2.40898877064561e-07     0.497892542921839     0.960606746134529  2.58631124021619e-15  1.68497574038362e-15
 7.09537296393385e-18 -2.51481508104325e-17 -1.00260410353814e-16 -4.00525708527943e-16 -8.85770135940548e-15    -0.497892558817729  2.40898932738964e-07  2.58631124021619e-15     0.960606747040796  3.22838882033895e-15
 0.000387358232128984   0.00117050081661714   -0.0591130681815375     0.030765634430417    -0.965656471550607 -8.47218622068104e-15  2.06454362011733e-15  1.68497574038362e-15  3.22838882033895e-15      1.16195485539164
TOTAL ENERGY: -120.467198103575	 lambda: 3.5	 population of target: 9.9808118831853
1RDM: 
     1.99999442762017  6.69900828212787e-06 -0.000576854046642151 -0.000101455669660654  0.000546930431116286  1.29588081505128e-17  1.00162729977916e-19  6.20200583636815e-19  1.28551709979403e-17  0.000505520098595505
 6.69900828212787e-06       1.9999846375406   0.00123275633586161  0.000106233934617026   0.00152322025009379 -2.45369911438327e-17  1.87887466538871e-16 -1.86703256876858e-16 -2.44258931978942e-17   0.00152243828824957
-0.000576854046642151   0.00123275633586161      1.90009559239733  -0.00985152054184395   -0.0932356611857951 -1.97898226647281e-16  -5.9228596811119e-17 -3.94021090957448e-18 -2.07814464965669e-16   -0.0942061265255517
-0.000101455669660654  0.000106233934617026  -0.00985152054184395      1.99746687992497    0.0287881690084571 -3.92053379098547e-17  3.28299985526367e-17 -1.13671793364257e-18 -4.17835386618373e-17    0.0274074316426738
 0.000546930431116286   0.00152322025009379   -0.0932356611857951    0.0287881690084571      0.98907685089414 -3.09155889860628e-16 -4.64276677216992e-16 -5.17572323760982e-16 -2.79680827918891e-16    -0.980676199912308
 1.29588081505128e-17 -2.45369911438327e-17 -1.97898226647281e-16 -3.92053379098547e-17 -3.09155889860628e-16      1.01607148634986 -2.81518813401326e-15  4.91524361898541e-07    -0.983733934496321   2.9288003218368e-16
 1.00162729977916e-19  1.87887466538871e-16  -5.9228596811119e-17  3.28299985526367e-17 -4.64276677216992e-16 -2.81518813401326e-15      1.01607148507641     0.983733934496074  4.91524361914391e-07 -5.06673698172636e-16
 6.20200583636815e-19 -1.86703256876858e-16 -3.94021090957448e-18 -1.13671793364257e-18 -5.17572323760982e-16  4.91524361898541e-07     0.983733934496074       1.0164514406004 -2.19423000132945e-15 -4.45571408507021e-16
 1.28551709979403e-17 -2.44258931978942e-17 -2.07814464965669e-16 -4.17835386618373e-17 -2.79680827918891e-16    -0.983733934496321  4.91524361914391e-07 -2.19423000132945e-15      1.01645143932695  3.21081306484842e-16
 0.000505520098595505   0.00152243828824957   -0.0942061265255517    0.0274074316426738    -0.980676199912308   2.9288003218368e-16 -5.06673698172636e-16 -4.45571408507021e-16  3.21081306484842e-16      1.04833576026924
TOTAL ENERGY: -120.406217193279	 lambda: 4	 population of target: 9.99757536915403
1RDM: 
     1.99999440154875  6.74556060107584e-06  -0.00058153539938317 -0.000102058136175075  0.000575136178168214  1.31820453600555e-17 -2.48468811059019e-19  6.38911641922223e-19  1.28876803866176e-17  0.000475802968346415
 6.74556060107584e-06      1.99998424077743   0.00125084486590356   9.8705359454157e-05   0.00168343458830088 -2.42610733168628e-17  1.88420594813138e-16 -1.84048791516255e-16 -2.34863498432143e-17   0.00147998297249022
 -0.00058153539938317   0.00125084486590356      1.89943386109432  -0.00945038496054452   -0.0987667045633566 -1.99767109351335e-16  -3.5215044707464e-17  1.49379148008273e-17 -2.14433075684927e-16   -0.0876409024267048
-0.000102058136175075   9.8705359454157e-05  -0.00945038496054452      1.99734460503495    0.0334057811969195 -1.75897965726892e-17  2.16765443009792e-17 -4.07807190549673e-18 -1.57002733484273e-17    0.0283474523147928
 0.000575136178168214   0.00168343458830088   -0.0987667045633566    0.0334057811969195     0.871884482801557 -5.19500505383941e-17  -2.3268423475431e-16 -2.49902558746123e-16 -1.48908088676596e-16    -0.969763849345905
 1.31820453600555e-17 -2.42610733168628e-17 -1.99767109351335e-16 -1.75897965726892e-17 -5.19500505383941e-17     0.995557339343054 -2.33181830974429e-15  4.91412837966766e-07    -0.983511079911263  1.62505231279996e-16
-2.48468811059019e-19  1.88420594813138e-16  -3.5215044707464e-17  2.16765443009792e-17  -2.3268423475431e-16 -2.33181830974429e-15      0.99555733806986     0.983511079884446  4.91412838066161e-07 -2.16215491202943e-16
 6.38911641922223e-19 -1.84048791516255e-16  1.49379148008273e-17 -4.07807190549673e-18 -2.49902558746123e-16  4.91412837966766e-07     0.983511079884446      1.03698415103056 -1.70993792155864e-15 -1.98309214280422e-16
 1.28876803866176e-17 -2.34863498432143e-17 -2.14433075684927e-16 -1.57002733484273e-17 -1.48908088676596e-16    -0.983511079911263  4.91412838066161e-07 -1.70993792155864e-15      1.03698414975736   7.4533544400561e-17
 0.000475802968346415   0.00147998297249022   -0.0876409024267048    0.0283474523147928    -0.969763849345905  1.62505231279996e-16 -2.16215491202943e-16 -1.98309214280422e-16   7.4533544400561e-17      1.16627543054214
TOTAL ENERGY: -120.398768472248	 lambda: 4.5	 population of target: 9.99935233088457
1RDM: 
     1.99999439955317  6.72438769367748e-06 -0.000581691485431601 -0.000103055661544251  0.000582544437968163  1.32311014107116e-17 -3.40559551643159e-19  6.38580276287025e-19  1.28885121992312e-17  0.000471197034560355
 6.72438769367748e-06      1.99998393838962   0.00126145396044131  9.06526796186746e-05   0.00178321977426675 -2.40334620284656e-17  1.87956397185724e-16 -1.82935501043356e-16  -2.3171794231446e-17    0.0015174858002534
-0.000581691485431601   0.00126145396044131      1.89928370697054  -0.00906835578430051    -0.100420961274368 -2.02012888924038e-16 -3.02584393375538e-17  1.88267921956415e-17 -2.14324925041284e-16   -0.0861942387782488
-0.000103055661544251  9.06526796186746e-05  -0.00906835578430051      1.99717561047728    0.0369803370350885 -1.08902460789127e-17  1.89810207072878e-17 -4.85080651480065e-18 -8.63940518165479e-18    0.0305941608609538
 0.000582544437968163   0.00178321977426675    -0.100420961274368    0.0369803370350885     0.844967257754697 -1.62053801841052e-17 -1.71297565767823e-16  -1.7861955149364e-16 -1.14348897552818e-16    -0.965111608835687
 1.32311014107116e-17 -2.40334620284656e-17 -2.02012888924038e-16 -1.08902460789127e-17 -1.62053801841052e-17     0.991252266201926 -2.22472005590116e-15  4.91364235318939e-07    -0.983413803106973   1.2253574697351e-16
-3.40559551643159e-19  1.87956397185724e-16 -3.02584393375538e-17  1.89810207072878e-17 -1.71297565767823e-16 -2.22472005590116e-15     0.991252264928861     0.983413803074587  4.91364235430345e-07 -1.50112103998053e-16
 6.38580276287025e-19 -1.82935501043356e-16  1.88267921956415e-17 -4.85080651480065e-18  -1.7861955149364e-16  4.91364235318939e-07     0.983413803074587      1.04128382571133 -1.60267195777379e-15 -1.41960825612327e-16
 1.28885121992312e-17  -2.3171794231446e-17 -2.14324925041284e-16 -8.63940518165479e-18 -1.14348897552818e-16    -0.983413803106973  4.91364235430345e-07 -1.60267195777379e-15      1.04128382443826   3.6892075974959e-17
 0.000471197034560355    0.0015174858002534   -0.0861942387782488    0.0305941608609538    -0.965111608835687   1.2253574697351e-16 -1.50112103998053e-16 -1.41960825612327e-16   3.6892075974959e-17      1.19352290557434
-------------------general-----------------------
mullikenoperator: 
 0.000301708823418798    0.0173645513614763  0.000157881250588944  0.000376263533198687 -1.09767459561513e-07  2.70180856475114e-17 -5.13873021489927e-17 -5.60087812693094e-17 -2.82837220551714e-17  3.63737763271478e-05
   0.0173645513614763     0.999554679728736    0.0118674683827248   0.00149969226019515  0.000504510253686814  6.55260961417178e-17  8.17853846968529e-17 -8.49971106345171e-17 -9.00767308373228e-17  0.000524337410010525
 0.000157881250588945    0.0118674683827248    0.0165591176772199    -0.127073564622619  0.000857946415892084  2.40443273195392e-17  5.48226810108201e-17  5.65269948421589e-17 -2.99629191791673e-17  -0.00960670526185431
 0.000376263533198683   0.00149969226019508    -0.127073564622619     0.982024007972073    0.0318376652794258 -2.94884215310516e-18  2.31769383517022e-17  9.39983663568078e-18   3.6370917090124e-17    0.0242455870342658
-1.09767459562394e-07  0.000504510253686808  0.000857946415892088    0.0318376652794259     0.389544217356241  6.26402373047747e-17 -6.85061045357474e-17  -6.7297154878064e-17 -8.27341538019256e-17    -0.486832591425607
 2.70180856477728e-17  6.55260961416075e-17  2.40443273156312e-17 -2.94884213594343e-18  6.26402371379247e-17     0.483983291909496 -1.06597954148282e-15  2.49698871385466e-07    -0.499746010876536 -4.17712316450191e-17
-5.13873021491827e-17  8.17853846969759e-17   5.4822681013791e-17  2.31769383458275e-17 -6.85061045308752e-17 -1.01677923267138e-15     0.483983291262558     0.499746010855803  2.49698871471091e-07   1.5610529432427e-17
-5.60087812695109e-17 -8.49971106343769e-17   5.6526994845438e-17  9.39983662795989e-18 -6.72971548639733e-17  2.49698871419452e-07     0.499746010855803     0.516016708737443 -7.09944228456971e-16  1.07517056975273e-17
-2.82837220554574e-17 -9.00767308372112e-17 -2.99629191749352e-17   3.6370917070821e-17 -8.27341535973468e-17    -0.499746010876536  2.49698871466372e-07 -7.16708148930217e-16     0.516016708090504  6.71806447584708e-17
 3.63737763271487e-05  0.000524337410010526  -0.00960670526185432    0.0242455870342658    -0.486832591425607  -4.1771231884574e-17   1.5610529434927e-17  1.07517057118886e-17  6.71806450475997e-17     0.612016268442315
selected BF: 
0 1 2 3 4
selected lambdas: 
  -5 -4.5   -4 -3.5   -3 -2.5   -2 -1.5   -1 -0.5    0  0.5    1  1.5    2  2.5    3  3.5    4  4.5
RHF C: 
-2.96168734360181e-05    -0.995345736370717     0.258968068811833    0.0260290398411227   0.00306429409024459  3.72570798077865e-13 -7.15746380690122e-12 -8.34188946724573e-14 -2.70396912682872e-12   0.00520168394746819
 0.000158295459741204   -0.0190714428239194     -1.02334744158348    -0.103069353455094    -0.012272418744296 -1.47860079642019e-12  2.88205354585386e-11  3.59894258924222e-13  1.06543402003134e-11    -0.021063903434035
 1.98867535002997e-14  3.98080559867465e-15 -7.33752091950805e-12  6.03456388299412e-12  6.82683224023207e-10    0.0298150258276361      0.18150091755886     0.918569010321995    -0.349871255945355   1.4167209774932e-11
 7.02782455958096e-15 -6.50192921522887e-14 -9.57671942969878e-12  2.41017385604089e-11   1.4995518767269e-09   -0.0795031046292976    0.0680659525208653     0.344479110555793     0.932947408031632  5.02014578936286e-11
 0.000266165001345256 -4.97044476003394e-05   -0.0145838879060254    0.0297290273130823     0.998857329496711  1.20522383090631e-10 -1.67036468642512e-10 -1.15304825125525e-09 -1.15570220519144e-09   -0.0464703986965291
   -0.995065933211576 -4.41927097250815e-05    0.0237373751211065    -0.261689186070882    0.0124590010237129  2.16007267858999e-12 -8.56554435522872e-12  -9.2122074229384e-12 -9.03158144294998e-12   0.00423539932161433
  -0.0200444371954416  0.000156429561307487   -0.0922264732477662      1.02374458834399   -0.0503632961682958 -8.77760242079658e-12  3.43038690395938e-11  3.78967414053166e-11   3.7197534717423e-11   -0.0164421899801766
 1.23751869893893e-13  2.20807673255739e-14  1.06030105710773e-11 -9.76119980940085e-12 -2.84850828275397e-11     0.349773088528233     0.917977733986077    -0.184468126683411    0.0309454033038927  7.93178968638137e-10
 8.12897606017903e-14  2.69918946448763e-14  7.68282498659797e-12 -1.04068465271869e-11  3.07955732843164e-12    -0.932685640457417     0.344257371710748   -0.0691787067458448    -0.082517306917022  1.69428197909729e-10
-5.03338412815826e-07 -0.000228382803281621   0.00705921389882205   -0.0170044647145019   -0.0199041170585244  1.13547246666076e-10  7.96938299285097e-10 -1.02004980842196e-10  7.55157379788214e-11     -1.00008796920691
RDM (no constraint): 
     1.99999998821153  2.96142726776406e-08  3.63299894645186e-06  2.06047403204201e-06  1.64183510649543e-05   3.2204615497478e-14 -1.59936612473856e-13 -2.42334849427564e-15 -1.50311861600702e-14  1.71176737889165e-05
 2.96142726776406e-08      1.99999939795503 -4.02918348143521e-05 -9.02500322094649e-06 -0.000108223261460468  -9.5666305866083e-15 -8.62715823077851e-14  1.63160340337872e-13  1.84697789458193e-13  0.000103809753457793
 3.63299894645186e-06 -4.02918348143521e-05      1.99505426247221   -0.0023464071948083   -0.0424858257550475 -1.14299934076906e-12  1.88209627016526e-12  6.13548499187743e-11  5.63751368215679e-11  -0.00491052610288339
