Naturals in-correctTOTAL ENERGY: -123.606608193431	 lambda: -5	 population of target: 4.00000013288921
1RDM: 
     1.99999999082098   1.0787292710055e-07  1.46603590300201e-05 -2.66101239793485e-05  5.01860368867849e-05  8.07249637090137e-17 -4.65954006358058e-17 -4.69320509911805e-17  8.06894645143438e-17  5.09825818321726e-05
  1.0787292710055e-07      1.99999350864488 -0.000332127617559908  0.000603546067920516  0.000643231492990838  2.64709589286729e-16 -1.65461142606655e-16 -1.69959188928583e-16   2.6305322056903e-16  0.000650905304092041
 1.46603590300201e-05 -0.000332127617559908      1.97169296813969    0.0514014136717043   -0.0431315481387837 -2.88896774855415e-15  2.28230077959986e-15  2.71731509433947e-15  -2.6822698325656e-15   -0.0438927071965982
-2.66101239793485e-05  0.000603546067920516    0.0514014136717043      1.90666244459809    0.0779722862145088  5.17016711204964e-15 -4.28675165644644e-15 -5.07394535053853e-15   4.7965463583265e-15    0.0793494079295304
 5.01860368867849e-05  0.000643231492990838   -0.0431315481387837    0.0779722862145088      1.03685125168205  -1.3086493177628e-15 -4.00220144866715e-15  4.53064912835841e-15  2.80726147677438e-15    -0.977273493846551
 8.07249637090137e-17  2.64709589286729e-16 -2.88896774855415e-15  5.17016711204964e-15  -1.3086493177628e-15       1.0201536148389  9.83741836390572e-14  -0.00224489912719318    -0.980895405659317 -2.42866181848618e-15
-4.65954006358058e-17 -1.65461142606655e-16  2.28230077959986e-15 -4.28675165644644e-15 -4.00220144866715e-15  9.83741836390572e-14      1.02015361483887    -0.980895405659319   0.00224489912719333 -5.08867219578543e-15
-4.69320509911805e-17 -1.69959188928583e-16  2.71731509433947e-15 -5.07394535053853e-15  4.53064912835841e-15  -0.00224489912719318    -0.980895405659319      1.01804930753668 -9.85000339644027e-14  3.56596852912617e-15
 8.06894645143438e-17   2.6305322056903e-16  -2.6822698325656e-15   4.7965463583265e-15  2.80726147677438e-15    -0.980895405659317   0.00224489912719333 -9.85000339644027e-14      1.01804930753666  1.74893716073411e-15
 5.09825818321726e-05  0.000650905304092041   -0.0438927071965982    0.0793494079295304    -0.977273493846551 -2.42866181848618e-15 -5.08867219578543e-15  3.56596852912617e-15  1.74893716073411e-15      1.00839399136323
TOTAL ENERGY: -123.606609445865	 lambda: -4.5	 population of target: 4.00000039792917
1RDM: 
     1.99999999075977  1.07646596264855e-07  1.46895386104783e-05 -2.66678893450406e-05  5.06862667693778e-05  7.12915843102928e-17 -4.12989609395995e-17 -4.16628747434874e-17    7.122932437105e-17  5.15032089545731e-05
 1.07646596264855e-07      1.99999350858099 -0.000332137618831586  0.000603529559432168  0.000643257666607009  2.59904709526774e-16 -1.61427388419272e-16 -1.65980411405194e-16  2.58211543994909e-16  0.000651029105620656
 1.46895386104783e-05 -0.000332137618831586      1.97169727137695    0.0513986870223402   -0.0430905576149821 -2.88897453263723e-15  2.27657130041219e-15  2.71750772375523e-15    -2.67886384994e-15   -0.0438642540569786
-2.66678893450406e-05  0.000603529559432168    0.0513986870223402      1.90665820795472    0.0779791428010151  5.17457446589452e-15 -4.27870214824832e-15 -5.07734107313456e-15  4.79443298479186e-15    0.0793801720288453
 5.06862667693778e-05  0.000643257666607009   -0.0430905576149821    0.0779791428010151      1.03706736395273 -1.31520350401864e-15 -4.05537455610932e-15  4.57754832649593e-15  2.85938000146636e-15    -0.977270342157815
 7.12915843102928e-17  2.59904709526774e-16 -2.88897453263723e-15  5.17457446589452e-15 -1.31520350401864e-15      1.02017014396546  9.83959559018321e-14  -0.00224489908294217    -0.980895386372195  -2.4746834662105e-15
-4.12989609395995e-17 -1.61427388419272e-16  2.27657130041219e-15 -4.27870214824832e-15 -4.05537455610932e-15  9.83959559018321e-14      1.02017014396544    -0.980895386372196   0.00224489908294232 -5.11951795423127e-15
-4.16628747434874e-17 -1.65980411405194e-16  2.71750772375523e-15 -5.07734107313456e-15  4.57754832649593e-15  -0.00224489908294217    -0.980895386372196      1.01803278124901 -9.85042583128273e-14  3.63853543779215e-15
   7.122932437105e-17  2.58211543994909e-16    -2.67886384994e-15  4.79443298479186e-15  2.85938000146636e-15    -0.980895386372195   0.00224489908294232 -9.85042583128273e-14      1.01803278124899  1.76327851190007e-15
 5.15032089545731e-05  0.000651029105620656   -0.0438642540569786    0.0793801720288453    -0.977270342157815  -2.4746834662105e-15 -5.11951795423127e-15  3.63853543779215e-15  1.76327851190007e-15      1.00817780694596
TOTAL ENERGY: -123.60661162876	 lambda: -4	 population of target: 4.00000091529459
1RDM: 
     1.99999999067833  1.07341316154164e-07  1.47275996005428e-05 -2.67436774003432e-05  5.13463999159384e-05  6.14217214145718e-17 -3.57566231907299e-17 -3.61537656346631e-17  6.13291368883853e-17  5.21937845506633e-05
 1.07341316154164e-07      1.99999350849111 -0.000332151704748533  0.000603506669902407   0.00064328130703638  2.55121049973425e-16 -1.57380281137705e-16 -1.62018702450699e-16  2.53376346473776e-16  0.000651212503028454
 1.47275996005428e-05 -0.000332151704748533      1.97170312418664    0.0513949696603776   -0.0430331848989959  -2.8894364233989e-15  2.26870614458233e-15   2.7188152825001e-15 -2.67404821779791e-15   -0.0438262838877807
-2.67436774003432e-05  0.000603506669902407    0.0513949696603776      1.90665245603676    0.0779865175799759  5.18115570555226e-15 -4.26740110958337e-15 -5.08367134317918e-15  4.79097146173972e-15    0.0794243981783151
 5.13463999159384e-05   0.00064328130703638   -0.0430331848989959    0.0779865175799759      1.03740809495498 -1.32740765798872e-15 -4.14429787569218e-15  4.64634074392376e-15  2.93966820800337e-15    -0.977265276159904
 6.14217214145718e-17  2.55121049973425e-16  -2.8894364233989e-15  5.18115570555226e-15 -1.32740765798872e-15      1.02019628184796  9.84109067945173e-14  -0.00224489901059569    -0.980895354886963 -2.54923789816478e-15
-3.57566231907299e-17 -1.57380281137705e-16  2.26870614458233e-15 -4.26740110958337e-15 -4.14429787569218e-15  9.84109067945173e-14      1.02019628184792    -0.980895354886964   0.00224489901059585 -5.17332236178881e-15
-3.61537656346631e-17 -1.62018702450699e-16   2.7188152825001e-15 -5.08367134317918e-15  4.64634074392376e-15  -0.00224489901059569    -0.980895354886964      1.01800664869209 -9.85498495117877e-14  3.74780468462027e-15
 6.13291368883853e-17  2.53376346473776e-16 -2.67404821779791e-15  4.79097146173972e-15  2.93966820800337e-15    -0.980895354886963   0.00224489901059585 -9.85498495117877e-14      1.01800664869205  1.78393148743235e-15
 5.21937845506633e-05  0.000651212503028454   -0.0438262838877807    0.0794243981783151    -0.977265276159904 -2.54923789816478e-15 -5.17332236178881e-15  3.74780468462027e-15  1.78393148743235e-15      1.00783696457216
TOTAL ENERGY: -123.606616234404	 lambda: -3.5	 population of target: 4.00000215711543
1RDM: 
     1.99999999056276   1.0690020775832e-07  1.47802310105814e-05 -2.68491376051652e-05   5.2271958349048e-05  5.10886854268783e-17 -2.99503357424103e-17 -3.03923030442449e-17  5.09593766588124e-17  5.31708374884176e-05
  1.0690020775832e-07      1.99999350835931  -0.00033217262579511  0.000603473230401255  0.000643279019801155  2.50367384909273e-16 -1.53304419463565e-16 -1.58098949747804e-16  2.48536620710489e-16  0.000651514403422794
 1.47802310105814e-05  -0.00033217262579511      1.97171151316418    0.0513896216201023   -0.0429470615127474 -2.89115276938181e-15  2.25694540356487e-15  2.72324219710707e-15 -2.66647122140755e-15   -0.0437743617803483
-2.68491376051652e-05  0.000603473230401255    0.0513896216201023      1.90664423833191    0.0779914597249849  5.19190606065049e-15 -4.24963352998139e-15 -5.09677775247225e-15  4.78414034477087e-15    0.0794939282973434
  5.2271958349048e-05  0.000643279019801155   -0.0429470615127474    0.0779914597249849      1.03802515317242 -1.35206833836371e-15 -4.31250260270689e-15  4.76357316323293e-15  3.08244648746758e-15    -0.977255800215309
 5.10886854268783e-17  2.50367384909273e-16 -2.89115276938181e-15  5.19190606065049e-15 -1.35206833836371e-15      1.02024384799745  9.85359592996468e-14  -0.00224489888923331    -0.980895294385296  -2.6871267103944e-15
-2.99503357424103e-17 -1.53304419463565e-16  2.25694540356487e-15 -4.24963352998139e-15 -4.31250260270689e-15  9.85359592996468e-14      1.02024384799741    -0.980895294385298   0.00224489888923348   -5.278087337261e-15
-3.03923030442449e-17 -1.58098949747804e-16  2.72324219710707e-15 -5.09677775247225e-15  4.76357316323293e-15  -0.00224489888923331    -0.980895294385298      1.01795909507271  -9.8690773476715e-14  3.93846520350993e-15
 5.09593766588124e-17  2.48536620710489e-16 -2.66647122140755e-15  4.78414034477087e-15  3.08244648746758e-15    -0.980895294385296   0.00224489888923348  -9.8690773476715e-14      1.01795909507267  1.81855446634556e-15
 5.31708374884176e-05  0.000651514403422794   -0.0437743617803483    0.0794939282973434    -0.977255800215309  -2.6871267103944e-15   -5.278087337261e-15  3.93846520350993e-15  1.81855446634556e-15      1.00721971026923
TOTAL ENERGY: -123.606630528207	 lambda: -3	 population of target: 4.00000664163389
1RDM: 
     1.99999999038376  1.06206937900239e-07  1.48590662713472e-05 -2.70079734755842e-05  5.36704282215176e-05  4.02674011968342e-17 -2.38524643998835e-17  -2.4370098371708e-17  4.00853463554385e-17  5.46802368172281e-05
 1.06206937900239e-07      1.99999350816451 -0.000332204474756777  0.000603421860605615  0.000643117003162608  2.45680445516874e-16  -1.4911899298032e-16 -1.54298998577541e-16  2.43650557489763e-16  0.000652125337390037
 1.48590662713472e-05 -0.000332204474756777      1.97172431643497    0.0513813815351294   -0.0428027714525403 -2.89820778075186e-15   2.2350706037968e-15  2.73814055545976e-15 -2.65247808483759e-15   -0.0437076425639773
-2.70079734755842e-05  0.000603421860605615    0.0513813815351294      1.90663187424034    0.0779751564888086  5.21379397521747e-15 -4.21249076544965e-15 -5.12892758102698e-15  4.76657346067726e-15     0.079622804453057
 5.36704282215176e-05  0.000643117003162608   -0.0428027714525403    0.0779751564888086      1.03948543455831 -1.41427707364319e-15  -4.7225314221555e-15  5.02818391008176e-15  3.41612710306653e-15    -0.977231849588787
 4.02674011968342e-17  2.45680445516874e-16 -2.89820778075186e-15  5.21379397521747e-15 -1.41427707364319e-15      1.02035744908731  9.86272669783058e-14  -0.00224489848568503    -0.980895143036753 -3.01860375555375e-15
-2.38524643998835e-17  -1.4911899298032e-16   2.2350706037968e-15 -4.21249076544965e-15  -4.7225314221555e-15  9.86272669783058e-14      1.02035744908726    -0.980895143036754   0.00224489848568522 -5.53857392221842e-15
 -2.4370098371708e-17 -1.54298998577541e-16  2.73814055545976e-15 -5.12892758102698e-15  5.02818391008176e-15  -0.00224489848568503    -0.980895143036754      1.01784551894814 -9.88065641453213e-14  4.37772583568873e-15
 4.00853463554385e-17  2.43650557489763e-16 -2.65247808483759e-15  4.76657346067726e-15  3.41612710306653e-15    -0.980895143036753   0.00224489848568522 -9.88065641453213e-14      1.01784551894809  1.89577387155376e-15
 5.46802368172281e-05  0.000652125337390037   -0.0437076425639773     0.079622804453057    -0.977231849588787 -3.01860375555375e-15 -5.53857392221842e-15  4.37772583568873e-15  1.89577387155376e-15      1.00575894014732
TOTAL ENERGY: -123.606790330011	 lambda: -2.5	 population of target: 4.00006762779647
1RDM: 
     1.99999999011314  1.05255923076189e-07  1.49783336093237e-05 -2.72433959117231e-05  5.55215881036423e-05  2.88927441783468e-17 -1.72839880086216e-17 -1.80733215100929e-17  2.85597856143276e-17  5.70376304707771e-05
 1.05255923076189e-07      1.99999350826338 -0.000332206551479222  0.000603365856854653  0.000640968137641237  2.41410010286493e-16 -1.43959016526394e-16 -1.51396795505649e-16  2.38250448463352e-16  0.000654577011650084
 1.49783336093237e-05 -0.000332206551479222       1.9717413266096    0.0513694737653262    -0.042498771149761 -2.95942836133984e-15  2.15381314456005e-15  2.83982384610251e-15 -2.60950739946577e-15   -0.0437886694760836
-2.72433959117231e-05  0.000603365856854653    0.0513694737653262      1.90661881759477    0.0776713261443635  5.30390808760052e-15 -4.03333875023712e-15 -5.28655325394978e-15  4.66495051098315e-15    0.0800266296292398
 5.55215881036423e-05  0.000640968137641237    -0.042498771149761    0.0776713261443635      1.04728949318015 -1.74629349610245e-15 -6.94759292600525e-15  6.38927256305375e-15  5.19091169676291e-15    -0.977067684665534
 2.88927441783468e-17  2.41410010286493e-16 -2.95942836133984e-15  5.30390808760052e-15 -1.74629349610245e-15      1.02098598140638    9.888626228234e-14  -0.00224489625617959    -0.980894115575789 -4.81472720882952e-15
-1.72839880086216e-17 -1.43959016526394e-16  2.15381314456005e-15 -4.03333875023712e-15 -6.94759292600525e-15    9.888626228234e-14      1.02098598140629    -0.980894115575792   0.00224489625617991 -6.97829921015542e-15
-1.80733215100929e-17 -1.51396795505649e-16  2.83982384610251e-15 -5.28655325394978e-15  6.38927256305375e-15  -0.00224489625617959    -0.980894115575792      1.01721702909594 -9.91648238673224e-14  6.69360748252622e-15
 2.85597856143276e-17  2.38250448463352e-16 -2.60950739946577e-15  4.66495051098315e-15  5.19091169676291e-15    -0.980894115575789   0.00224489625617991 -9.91648238673224e-14      1.01721702909585  2.29409138985808e-15
 5.70376304707771e-05  0.000654577011650084   -0.0437886694760836    0.0800266296292398    -0.977067684665534 -4.81472720882952e-15 -6.97829921015542e-15  6.69360748252622e-15  2.29409138985808e-15     0.997950843234527
The Davidson algorithm did not converge.lambda: -2
The Davidson algorithm did not converge.lambda: -1.5
The Davidson algorithm did not converge.lambda: -1
The Davidson algorithm did not converge.lambda: -0.5
TOTAL ENERGY: -127.163137277522	 lambda: 0	 population of target: 6.99971663996688
1RDM: 
     1.99999999999288  5.73823612172932e-17 -1.19236796643254e-14  3.97921142692545e-14  1.85164622630311e-12  3.68820852959519e-18 -1.37259504651034e-18 -1.02798549151905e-18  1.35128008122054e-18 -1.53733210529505e-12
 5.73823612172932e-17      1.99999999950051   1.3322417523916e-13  1.84389346914562e-13  1.72436124173179e-11  1.40785881341157e-16 -6.20511571912841e-17 -4.26407984427247e-17  5.32967978666139e-17  2.28007639697931e-12
-1.19236796643254e-14   1.3322417523916e-13      1.99999314224476 -9.39494348641461e-12 -3.14651661146941e-10 -1.61983959774013e-17 -3.19396908090693e-17  8.72328355187027e-18  1.97359851283331e-17 -6.94001087824446e-11
 3.97921142692545e-14  1.84389346914562e-13 -9.39494348641461e-12      1.99997554706863  8.36123689978841e-10  3.76293380449864e-17   6.3759962350795e-17 -3.93663125591077e-17 -4.90439795719843e-17 -1.93276477961406e-10
 1.85164622630311e-12  1.72436124173179e-11 -3.14651661146941e-10  8.36123689978841e-10      1.02046025107514 -2.86944669025377e-15 -4.48711182680279e-15   5.4526517096301e-15  3.05866586065248e-15  4.54697953424653e-10
 3.68820852959519e-18  1.40785881341157e-16 -1.61983959774013e-17  3.76293380449864e-17 -2.86944669025377e-15      1.00152893965441 -1.67943824531799e-14 -1.28770356592701e-10   2.4165591676522e-12  -3.0619969926438e-15
-1.37259504651034e-18 -6.20511571912841e-17 -3.19396908090693e-17   6.3759962350795e-17 -4.48711182680279e-15 -1.67943824531799e-14      1.00152893965415  2.41678090883591e-12  1.28770703086008e-10 -5.45217268003288e-15
-1.02798549151905e-18 -4.26407984427247e-17  8.72328355187027e-18 -3.93663125591077e-17   5.4526517096301e-15 -1.28770356592701e-10  2.41678090883591e-12     0.998474751441858    1.618767804352e-14  4.51197717013783e-15
 1.35128008122054e-18  5.32967978666139e-17  1.97359851283331e-17 -4.90439795719843e-17  3.05866586065248e-15   2.4165591676522e-12  1.28770703086008e-10    1.618767804352e-14     0.998474751441594   2.8628706861381e-15
-1.53733210529505e-12  2.28007639697931e-12 -6.94001087824446e-11 -1.93276477961406e-10  4.54697953424653e-10  -3.0619969926438e-15 -5.45217268003288e-15  4.51197717013783e-15   2.8628706861381e-15     0.979563677926054
TOTAL ENERGY: -127.163117741423	 lambda: 0.5	 population of target: 6.99999604574172
1RDM: 
     1.99999999998609  7.62871458714411e-12  6.42698922983067e-10  3.73024298569281e-09  1.00153535283529e-06 -2.14741305713458e-18  1.74105706827872e-18  2.45670434438866e-18 -4.26575428876358e-18  2.09226993025115e-07
 7.62871458714411e-12      1.99999999980011  4.19350921970333e-09 -4.38239024384552e-08  5.29640985469139e-06  1.36912069892067e-16 -6.25790579683631e-17  -3.7968086762781e-17  5.20595520517332e-17 -5.07003481869101e-06
 6.42698922983067e-10  4.19350921970333e-09      1.99998999840477 -3.97655086353361e-07 -0.000231717567534713  7.19133647608322e-17  1.16694193347178e-16 -1.22178538108418e-16  -5.4134397961826e-17   0.00034084020080289
 3.73024298569281e-09 -4.38239024384552e-08 -3.97655086353361e-07       1.9999871831293  0.000572320648211662 -1.15714789955323e-16 -2.01118928787568e-16  2.23721551507153e-16  1.03768278410534e-16 -0.000509190475607651
 1.00153535283529e-06  5.29640985469139e-06 -0.000231717567534713  0.000572320648211662      1.00505993838608 -7.99904205969099e-16 -1.00579545668286e-15  1.43805892216418e-15   6.6325780634144e-16  6.35421432509316e-05
-2.14741305713458e-18  1.36912069892067e-16  7.19133647608322e-17 -1.15714789955323e-16 -7.99904205969099e-16      1.00038480710475  6.21803505497852e-15  8.69279195954656e-10  3.60571597121304e-07 -6.83591421472677e-16
 1.74105706827872e-18 -6.25790579683631e-17  1.16694193347178e-16 -2.01118928787568e-16 -1.00579545668286e-15  6.21803505497852e-15      1.00038480710477  3.60571597130866e-07 -8.69279110382698e-10 -1.46575086195815e-15
 2.45670434438866e-18  -3.7968086762781e-17 -1.22178538108418e-16  2.23721551507153e-16  1.43805892216418e-15  8.69279195954656e-10  3.60571597130866e-07     0.999618833555617 -6.17852551356143e-15  1.04279659300002e-15
-4.26575428876358e-18  5.20595520517332e-17  -5.4134397961826e-17  1.03768278410534e-16   6.6325780634144e-16  3.60571597121304e-07 -8.69279110382698e-10 -6.17852551356143e-15     0.999618833555634  8.14537594449019e-16
 2.09226993025115e-07 -5.07003481869101e-06   0.00034084020080289 -0.000509190475607651  6.35421432509316e-05 -6.83591421472677e-16 -1.46575086195815e-15  1.04279659300002e-15  8.14537594449019e-16      0.99495559897294
TOTAL ENERGY: -127.163102871753	 lambda: 1	 population of target: 7.00001462320305
1RDM: 
     1.99999999994191  3.24660387625569e-11 -1.16160612118287e-10  1.06310423494449e-08   2.1498069465174e-06 -8.12439334690851e-18  5.22055961456685e-18   5.9974446457893e-18 -1.02228946987853e-17  1.21421465779183e-06
 3.24660387625569e-11      1.99999999975247  1.77810664936091e-09 -5.16350422027149e-08  7.06021045051769e-06  1.33922702114923e-16 -6.12360475045912e-17 -3.51324794735846e-17  4.98640955575413e-17 -6.32087072382784e-06
-1.16160612118287e-10  1.77810664936091e-09      1.99999001836406 -6.86689111463179e-07 -0.000185531020344225  9.78134142227478e-17  1.59676661977829e-16 -1.35110033148542e-16 -6.04542311670267e-17   0.00050196984062413
 1.06310423494449e-08 -5.16350422027149e-08 -6.86689111463179e-07      1.99998659070231  0.000734503281993753 -1.42826270822914e-16 -2.49678776326004e-16  2.75401582507924e-16  1.34507895199457e-16  -0.00055350770570685
  2.1498069465174e-06  7.06021045051769e-06 -0.000185531020344225  0.000734503281993753      1.00628341645207 -1.10956051395194e-15 -1.14737820679001e-15  1.89870242408545e-15  7.19516653303776e-16  9.76429121592448e-05
-8.12439334690851e-18  1.33922702114923e-16  9.78134142227478e-17 -1.42826270822914e-16 -1.10956051395194e-15      1.00047354713197   2.1232420259976e-15  1.24904372868504e-09   5.4939884132789e-07 -7.54114425808533e-16
 5.22055961456685e-18 -6.12360475045912e-17  1.59676661977829e-16 -2.49678776326004e-16 -1.14737820679001e-15   2.1232420259976e-15      1.00047354713192   5.4939884125667e-07 -1.24904362680896e-09  -1.9401120573207e-15
  5.9974446457893e-18 -3.51324794735846e-17 -1.35110033148542e-16  2.75401582507924e-16  1.89870242408545e-15  1.24904372868504e-09   5.4939884125667e-07     0.999530094640895 -2.23782686083782e-15  1.20613228647812e-15
-1.02228946987853e-17  4.98640955575413e-17 -6.04542311670267e-17  1.34507895199457e-16  7.19516653303776e-16   5.4939884132789e-07 -1.24904362680896e-09 -2.23782686083782e-15     0.999530094640845  1.13116991332167e-15
 1.21421465779183e-06 -6.32087072382784e-06   0.00050196984062413  -0.00055350770570685  9.76429121592448e-05 -7.54114425808533e-16  -1.9401120573207e-15  1.20613228647812e-15  1.13116991332167e-15     0.993732691241558
The Davidson algorithm did not converge.lambda: 1.5
The Davidson algorithm did not converge.lambda: 2
The Davidson algorithm did not converge.lambda: 2.5
TOTAL ENERGY: -123.285106645601	 lambda: 3	 population of target: 8.99998696748237
1RDM: 
     1.99999398108393  1.46411095924124e-06  0.000503456889670298  0.000277538819847049 -0.000117723173695853  6.12332812035728e-16  8.10144020424047e-16 -4.60964855360695e-16 -4.07370658426499e-16  0.000115973205322022
 1.46411095924124e-06      1.99999959471987 -0.000141736337884829 -7.80084884212609e-05 -6.60420985263277e-05  2.26554729907687e-15  3.22068136983831e-15  3.10304946462686e-15  2.02806613623787e-15  6.57404479768566e-05
 0.000503456889670298 -0.000141736337884829      1.95030177434606   -0.0273376684877117   -0.0309047594693743 -2.90805169116792e-14 -5.08246317436923e-14 -1.51924893618659e-13 -1.04906304154909e-13    0.0307211404777723
 0.000277538819847049 -7.80084884212609e-05   -0.0273376684877117      1.98495856375726   -0.0156601830093002  1.39468465519235e-13  2.07010298947985e-13  1.59984183740747e-13  1.03510312370987e-13    0.0155752193811145
-0.000117723173695853 -6.60420985263277e-05   -0.0309047594693743   -0.0156601830093002      1.00814003478766  4.78571557526223e-12   6.5602718766513e-12  8.06055529179739e-13  1.20427073261144e-13     0.983595182370788
 6.12332812035728e-16  2.26554729907687e-15 -2.90805169116792e-14  1.39468465519235e-13  4.78571557526223e-12      1.00848053399843  5.06297716314784e-13   0.00112599968594906     0.491998906739239  1.41624120993859e-13
 8.10144020424047e-16  3.22068136983831e-15 -5.08246317436923e-14  2.07010298947985e-13   6.5602718766513e-12  5.06297716314784e-13      1.00848053399737     0.491998906667635  -0.00112599961105418   8.3257715366658e-13
-4.60964855360695e-16  3.10304946462686e-15 -1.51924893618659e-13  1.59984183740747e-13  8.06055529179739e-13   0.00112599968594906     0.491998906667635       1.0075785649525  7.16041632916062e-13  6.57574816708317e-12
-4.07370658426499e-16  2.02806613623787e-15 -1.04906304154909e-13  1.03510312370987e-13  1.20427073261144e-13     0.491998906739239  -0.00112599961105418  7.16041632916062e-13      1.00757856495378  4.77138153982007e-12
 0.000115973205322022  6.57404479768566e-05    0.0307211404777723    0.0155752193811145     0.983595182370788  1.41624120993859e-13   8.3257715366658e-13  6.57574816708317e-12  4.77138153982007e-12      1.02448785340318
The Davidson algorithm did not converge.lambda: 3.5
TOTAL ENERGY: -119.703081562304	 lambda: 4	 population of target: 9.99997797499939
1RDM: 
     1.99998916908481  2.48428266268596e-06  0.000848402652506531  0.000467610573895341 -0.000122609156338866  3.80675129089441e-17  5.65334902902457e-17 -5.65863081587356e-17 -3.84014542619044e-17  0.000120333863046567
 2.48428266268596e-06      1.99999936957108 -0.000218365221038847  -0.00012016382249978 -0.000104405081620923  1.07855739471785e-16  3.72105097927291e-17 -3.73343768503019e-17 -1.07937184274891e-16  0.000104067285159441
 0.000848402652506531 -0.000218365221038847      1.92421377870758   -0.0416920153235614    -0.044927754724165  1.24091306478732e-14  2.16971676672367e-14  -2.1671842357349e-14 -1.24513832436481e-14    0.0447514494475124
 0.000467610573895341  -0.00012016382249978   -0.0416920153235614      1.97706219894705    -0.023357917371651  6.54358064355274e-15  1.13937345462162e-14 -1.13804815717256e-14 -6.56477660542563e-15    0.0232701617914279
-0.000122609156338866 -0.000104405081620923    -0.044927754724165    -0.023357917371651      1.01025820527654 -5.21018617745129e-16  2.45103480489656e-15 -1.66906662790962e-15 -1.96175908648511e-15     0.983088263980666
 3.80675129089441e-17  1.07855739471785e-16  1.24091306478732e-14  6.54358064355274e-15 -5.21018617745129e-16      1.01576409333313 -1.00149733706862e-13   0.00225145066556395     0.983758069924576  2.34197436718266e-15
 5.65334902902457e-17  3.72105097927291e-17  2.16971676672367e-14  1.13937345462162e-14  2.45103480489656e-15 -1.00149733706862e-13      1.01576409333316     0.983758069924576  -0.00225145066556413  2.32658693868302e-15
-5.65863081587356e-17 -3.73343768503019e-17  -2.1671842357349e-14 -1.13804815717256e-14 -1.66906662790962e-15   0.00225145066556395     0.983758069924576      1.01671438458616  1.00287113790696e-13 -3.10517350594796e-15
-3.84014542619044e-17 -1.07937184274891e-16 -1.24513832436481e-14 -6.56477660542563e-15 -1.96175908648511e-15     0.983758069924576  -0.00225145066556413  1.00287113790696e-13      1.01671438458619  1.35864079251049e-16
 0.000120333863046567  0.000104067285159441    0.0447514494475124    0.0232701617914279     0.983088263980666  2.34197436718266e-15  2.32658693868302e-15 -3.10517350594796e-15  1.35864079251049e-16      1.02352032257434
TOTAL ENERGY: -119.703009199692	 lambda: 4.5	 population of target: 9.99999537240738
1RDM: 
     1.99998916898065  2.48398952704318e-06  0.000848433341804084  0.000467596069093482 -0.000122499260540073  3.80980208745441e-17  5.64000354510726e-17 -5.65553898326639e-17 -3.82802114471465e-17  0.000120104646342706
 2.48398952704318e-06      1.99999937066013 -0.000218161377342692 -0.000120017960355369  -0.00010119914674822  1.07328401604676e-16  3.52892087917874e-17 -3.55145414464342e-17 -1.07297016928076e-16  0.000100448886819406
 0.000848433341804084 -0.000218161377342692        1.924200100881   -0.0416838045378023   -0.0451168517591534  1.24542636329616e-14  2.17210845581924e-14  -2.1738002625999e-14  -1.2457193078827e-14    0.0447536658073165
 0.000467596069093482 -0.000120017960355369   -0.0416838045378023      1.97707469714699   -0.0232295298852762  6.50673506622114e-15  1.12995689514162e-14 -1.13081594003689e-14 -6.50747259552326e-15     0.023046091745142
-0.000122499260540073  -0.00010119914674822   -0.0451168517591534   -0.0232295298852762      1.00677257791562  4.46974409473423e-16  2.81044223715239e-15  -3.0722066945866e-15 -2.07316276068067e-15     0.983057994502211
 3.80980208745441e-17  1.07328401604676e-16  1.24542636329616e-14  6.50673506622114e-15  4.46974409473423e-16       1.0154877830342 -9.92721119743141e-14      0.00225145035237     0.983757909889419  2.46646141065355e-15
 5.64000354510726e-17  3.52892087917874e-17  2.17210845581924e-14  1.12995689514162e-14  2.81044223715239e-15 -9.92721119743141e-14      1.01548778303422     0.983757909889418  -0.00225145035237022  3.74475651083891e-15
-5.65553898326639e-17 -3.55145414464342e-17  -2.1738002625999e-14 -1.13081594003689e-14  -3.0722066945866e-15      0.00225145035237     0.983757909889418      1.01699067047537  9.93808156415482e-14 -3.48733314058023e-15
-3.82802114471465e-17 -1.07297016928076e-16  -1.2457193078827e-14 -6.50747259552326e-15 -2.07316276068067e-15     0.983757909889419  -0.00225145035237022  9.93808156415482e-14      1.01699067047538 -8.39785646118601e-16
 0.000120104646342706  0.000100448886819406    0.0447536658073165     0.023046091745142     0.983057994502211  2.46646141065355e-15  3.74475651083891e-15 -3.48733314058023e-15 -8.39785646118601e-16      1.02700717739655
-------------------general-----------------------
mullikenoperator: 
 0.000642768855318415    0.0253416407097618 -0.000239554606956568  0.000315503865420586  4.56021521673417e-06 -2.41266658448922e-16  1.35204036385746e-16  1.35922231281964e-16 -2.43752281576056e-16  3.20476008894945e-06
   0.0253416407097618     0.999352211411358  -0.00198690601306589   -0.0011054905159052  1.27959762771445e-05 -3.25755885779354e-17  4.49401050498596e-17  7.76428122384205e-17 -1.15680261194798e-16 -1.18541151120166e-05
-0.000239554606956567  -0.00198690601306586     0.232679330476912    -0.422534227446731 -0.000297115944141249  1.37758639393289e-16  2.36029296194997e-16 -1.79835471274893e-16 -8.81963838434502e-17  0.000665083603868171
 0.000315503865420584  -0.00110549051590527    -0.422534227446731     0.767323798017869  0.000979338682939623 -1.93199009441853e-16  -3.6661531035406e-16  3.84831493043443e-16  2.15622644880137e-16 -0.000761671617432433
 4.56021521673411e-06  1.27959762771432e-05  -0.00029711594414125  0.000979338682939627     0.493308019652473  7.86380510338719e-16  1.86474746218899e-15 -2.23141849409104e-15 -1.16313615117163e-15     0.499954364317634
-2.41266658464109e-16 -3.25755885828916e-17  1.37758639327098e-16 -1.93199009275346e-16  7.86380502927123e-16     0.499501066594801 -5.00922846442644e-14   0.00114430759731628     0.499998442317019  1.26382354084173e-15
 1.35204036368278e-16  4.49401050489894e-17   2.3602929613417e-16 -3.66615310004568e-16  1.86474745642199e-15 -5.00879077127199e-14     0.499501066594808     0.499998442317018  -0.00114430759731639  2.47454483391203e-15
 1.35922231264325e-16   7.7642812231129e-17 -1.79835471366538e-16  3.84831493449764e-16 -2.23141849828346e-15   0.00114430759731633     0.499998442317018     0.500498933405191  5.01281688026441e-14 -1.67670540338909e-15
-2.43752281591617e-16 -1.15680261216976e-16 -8.81963839475002e-17  2.15622645115172e-16 -1.16313615796321e-15     0.499998442317019  -0.00114430759731633  5.01585968961645e-14     0.500498933405199 -7.13663775991441e-16
 3.20476008894938e-06 -1.18541151120183e-05  0.000665083603868169 -0.000761671617432431     0.499954364317634  1.26382354705245e-15  2.47454484262361e-15 -1.67670539627442e-15 -7.13663770417321e-16     0.506693871586072
selected BF: 
0 1 2 3 4
selected lambdas: 
  -5 -4.5   -4 -3.5   -3 -2.5   -2 -1.5   -1 -0.5    0  0.5    1  1.5    2  2.5    3  3.5    4  4.5
RHF C: 
-2.04035318597518e-07     0.995134687744304 -0.000840561649749362     0.261100628705276 -0.000328550757389151  1.56647422758288e-10  2.29118945978084e-10  8.96718684298692e-12  4.05958890109653e-11    0.0023596743258958
-9.90000212019283e-06    0.0199038466299529   0.00327653650576444     -1.02858117885261    0.0012918981304787 -6.26908750885218e-10 -9.18085326436379e-10 -3.39975786492623e-11 -1.58473406644157e-10  -0.00923685561229925
 -6.6221749956395e-12  3.14399360876538e-12  1.37523398803263e-09 -3.29190316513637e-10  8.26552639462973e-10     0.768747990105526     0.203581120040263     0.151257471084139     0.587113647847293 -4.57719112578507e-08
 2.20206582460567e-12 -3.03166847705731e-12 -4.55047910984569e-10   1.6331366519827e-10  -2.3815030825219e-10     0.203581120041832    -0.768747990099406    -0.587113647855307     0.151257471082029  4.37702247885966e-08
-7.86339256220473e-06 -1.49325561300338e-05 -0.000126713308220522   -0.0089831764513233  -0.00183367487488786  2.58747939056183e-08  4.27918105763823e-08  3.28413453788569e-08  2.07769636083558e-08     0.999958370709947
    0.995255568500839  5.84070829468065e-06     0.262322808819794  0.000778983661032212  -0.00260438990573562 -4.55616058599926e-10 -2.88857727461711e-10  5.68525105099681e-11  9.41228497098827e-11   0.00014322307040537
   0.0193008614137408 -1.25156511500029e-05      -1.0290117138305  -0.00307952484717563    0.0103480555480919  1.81637245386128e-09  1.15193004160764e-09 -2.23252256261339e-10 -3.69930188673367e-10 -0.000563849508960741
 -2.1671684187733e-12  -2.2752628507302e-12  6.90601886292241e-10  6.52750295515623e-10  2.20824360400611e-07    -0.586122410590316    -0.155217847207389     0.198392343431126     0.770070399739802 -2.96487860220406e-10
 7.62057171721567e-13  2.05888720079133e-12 -2.49610044825649e-10 -5.25177057338117e-10 -7.25035120344826e-08    -0.155217847205345     0.586122410598353    -0.770070399733706     0.198392343432752 -3.45505639734217e-11
-3.36016929043089e-05  7.66402278018813e-06    0.0100513732532729  0.000903054071837888     0.999945957240837  1.17638415859364e-07  7.65215364842705e-08 -9.98280794017843e-08  -1.5607147815997e-07   0.00264861085373905
RDM (no constraint): 
     1.99999999838246  5.34658606246212e-10  4.27776128190823e-07 -5.26511652273857e-08  3.48546259814232e-05  7.60324414256546e-12  4.94187458403542e-12 -1.62659940374264e-13 -3.68890946814994e-13  4.44681521495202e-07
 5.34658606246212e-10      1.99999998850538 -7.85703938503491e-08  2.49771080753707e-06  2.37303932834518e-06 -6.33797508503895e-14  -2.8330247757225e-13  2.64133933560211e-12  1.52898369618585e-12  9.48028918578566e-05
 4.27776128190823e-07 -7.85703938503491e-08      1.99988114032088  8.94954762873993e-06   -0.0103824832527454 -1.82219594809531e-09 -1.17407549891636e-09  2.31084892949879e-10  4.00145150897579e-10 -9.86257074564454e-05
-5.26511652273857e-08  2.49771080753707e-06  8.94954762873993e-06      1.99939199612949 -0.000122740375213456 -1.25510196801812e-10 -4.47731579131253e-10  -1.1668982102818e-09 -7.07076428651255e-10   -0.0242364301323846
 3.48546259814232e-05  2.37303932834518e-06   -0.0103824832527454 -0.000122740375213456      1.00048663286766 -2.34641272329832e-10 -6.83913182920874e-10 -5.91087502066789e-10 -2.99561059352752e-10   -0.0204481419472198
 7.60324414256546e-12 -6.33797508503895e-14 -1.82219594809531e-09 -1.25510196801812e-10 -2.34641272329832e-10     0.998528853178435 -1.43845523679792e-14 -2.71280592597542e-06  0.000402875966500166 -2.38057396012377e-09
 4.94187458403542e-12  -2.8330247757225e-13 -1.17407549891636e-09 -4.47731579131253e-10 -6.83913182920874e-10 -1.43845523679792e-14     0.998528853178259  0.000402875966515203  2.71280593416627e-06 -1.51713421696725e-09
-1.62659940374264e-13  2.64133933560211e-12  2.31084892949879e-10  -1.1668982102818e-09 -5.91087502066789e-10 -2.71280592597542e-06  0.000402875966515203       1.0014748379176  1.55863635134511e-14  1.99470449580157e-09
-3.68890946814994e-13  1.52898369618585e-12  4.00145150897579e-10 -7.07076428651255e-10 -2.99561059352752e-10  0.000402875966500166  2.71280593416627e-06  1.55863635134511e-14      1.00147483791742  3.16200591057466e-09
 4.44681521495202e-07  9.48028918578566e-05 -9.86257074564454e-05   -0.0242364301323846   -0.0204481419472198 -2.38057396012377e-09 -1.51713421696725e-09  1.99470449580157e-09  3.16200591057466e-09       1.0002328616024
RDM Eigenvectors: 
    0.999661986868115    -0.025359882708237  -0.00481062580361229  -0.00310564371635595 -2.50701066769437e-05 -4.06593800995375e-12 -5.14463472211277e-12 -2.63031317098453e-12 -2.01562212356818e-12  2.42465035947864e-05
  -0.0253425704789444    -0.999635860478572  -0.00233095582877507   0.00896985093461626  6.61154190184182e-05   8.5213511461171e-13  3.45542296171948e-13  2.40630683694908e-12  4.67480424406991e-12  6.79313638398038e-05
  0.00577006483726359   0.00216681932584611     0.874423466986351     0.485013049790506   0.00749188806469732  9.61101941539394e-10  1.20736403613525e-09  4.08159330036079e-10  2.99395894950526e-10  -0.00719894266485649
-0.000609655514015593  -0.00896168913980091     0.484912144947879    -0.874180566051394   -0.0172542688558723  3.18345420646844e-10   1.2947202386107e-10 -4.91260343733683e-10 -6.90982160025565e-10   -0.0170339741186954
 -2.5323503698284e-05 -2.71771478425449e-05  -0.00890435309602421  -0.00536580172549426     0.713379129745649  1.01279702360769e-07  1.30310846509237e-07 -1.29416973755244e-07 -1.00166927095463e-07    -0.700701174917806
-2.85469045029325e-12 -3.23170409273747e-12 -1.62205761831381e-09   -8.218938371275e-10   6.5585330752986e-08    0.0112607011802361     0.132619078996402     0.987738822500374    0.0815928613337835 -1.01005725769612e-07
-1.55316403640331e-12  1.45977250245009e-12 -1.21836386723621e-09 -2.05863479695046e-10  2.44197215215788e-08     0.132619078986115   -0.0112607011793695   -0.0815928613339071     0.987738822501759 -8.41764808512177e-08
 1.85779314084789e-12  8.59587000052618e-12 -3.82830565983012e-10  1.17944028165489e-09 -9.41503364287517e-08     0.986962515918899   -0.0905006556266306    0.0118500988593208    -0.132567713487106  4.67296836492212e-08
 2.38274820124666e-12  6.08877649596015e-12 -2.78742245461147e-11  8.82010178755923e-10 -1.25732135625087e-07    0.0905006556265096     0.986962515917513     -0.13256771349739   -0.0118500988600712  9.47938106046447e-08
  1.2769570929466e-05  0.000122790316554593   -0.0116597206596081    0.0212552203973022    -0.700525784010144  -4.0072903432765e-08 -2.02440868873821e-08 -1.99433063357802e-08 -3.99699701094711e-08    -0.713215168947244
Total C: 
  -0.0253834680076913    -0.997113740040701     0.123531657449915    -0.219678649988558  -0.00633299804847465 -4.74958886136599e-16  5.27116434660384e-16  2.97446943402156e-16 -5.04750460118262e-16  -0.00582666896630388
 0.000131524057498929   -0.0106725926538555    -0.495856577002376     0.900730141934736    0.0251655485277435  1.31418161310408e-15 -1.82507965700848e-15 -1.01234360198086e-15  1.77845547075639e-15    0.0231812204346819
 6.62600725028211e-17    7.230870305483e-17  6.47795019743527e-17  1.04816810696067e-17  2.37001786598809e-14     0.238075006308372     0.665428446976929     0.666671570576046     0.236800112090911  2.50404186340521e-14
 3.91944090533231e-16   2.8871797856716e-16  -5.8850417388727e-18   1.3465315517573e-17  5.60760735355114e-14    -0.665428446976948     0.238075006308441     0.236800112090843    -0.666671570576028  5.64849308195436e-14
 1.00786681904159e-05  0.000218191442242962   -0.0161096874019417    0.0290555258385562    -0.701650678975966 -4.62712230433077e-14    3.864332314595e-14  4.47155701217501e-14 -4.34620865929566e-14     -0.71174668997489
    0.996432223515215   -0.0246838895747215     0.224992663328628     0.123475175223132  -3.1347308295297e-05  -2.0119887608745e-17 -2.24921808808944e-17  3.30200693156707e-17  6.55168039064455e-18 -0.000154833982875254
   0.0133587985409562   -0.0026793916774801    -0.901463677837507    -0.496519613043409  0.000120487651035013  7.28875764906336e-17  9.58877443791235e-17 -1.31901964032909e-16 -2.65328598261865e-17  0.000611971346207791
-9.94362461225273e-18  8.41713049697019e-18  2.86137814016988e-17 -8.74137754901968e-17  3.87942628009038e-13     0.238312685207324     0.666092829532477    -0.666006694636784    -0.236563927911969 -3.89199122924839e-13
-2.30522520623894e-17  1.11814508581029e-16  2.14471405193572e-17  4.97180968952536e-17 -7.07711735986643e-14    -0.666092829532458     0.238312685207256    -0.236563927912037     0.666006694636803  7.04924559879744e-14
-1.62635116985341e-06 -1.99729324168383e-05  0.000292448372846761  -0.00122342695883467     0.711544880149004 -1.97344493892155e-13 -3.41696568057157e-13  3.42909720505597e-13  1.96723467199544e-13    -0.702640078684064
Basis set used: STO-3G
Naturals: 
 1.99999999999288  1.99999999950051  1.99999314224947  1.99997554702092  1.02046028047123  1.00152894178747  1.00152894178729 0.998474749308564 0.998474749308387 0.979563648573251
Naturals: 
 1.99999999999288  1.99999999950051  1.99999314224476  1.99997554706863  1.02046025107514  1.00152893965441  1.00152893965415 0.998474751441858 0.998474751441594 0.979563677926054
Version: Tmhuysen's fci hack
