HCORE:-24.9841 -6.08204 -5.71639 -7.14864 -7.15488 -32.3004 -7.63782  -5.7069  -5.7069 -7.14864
HCORE2:-32.3004 -24.9841 -7.63782 -7.15488 -7.14864 -7.14864 -6.08204 -5.71639  -5.7069  -5.7069
Lodwin Orthonormalized
TOTAL ENERGY: -123.347938076023	 lambda: -5	 population of target: 4.00000000000074
1RDM: 
                    2   6.2833160882754e-13 -4.36709402148879e-16 -1.64279573547641e-15  2.57097156769754e-21 -5.79071869326223e-22 -8.35822320289261e-11 -2.61144990404565e-09 -5.48335745253692e-15  2.41979338818436e-14
  6.2833160882754e-13      1.99997463063544  8.57063904445141e-11  3.13669341201681e-10 -3.38440845964227e-14  8.51357107573598e-15   0.00166138994665863  3.01789910106573e-05 -3.59856291998264e-16  1.55106230213578e-14
-4.36709402148879e-16  8.57063904445141e-11      1.99999999999994 -2.05538968555139e-13  3.44968380832013e-19 -1.36552304826677e-20 -1.09260468339814e-08 -3.26601657919428e-07  -6.6105880550972e-14  2.35269496517785e-13
-1.64279573547641e-15  3.13669341201681e-10 -2.05538968555139e-13      1.99999999999922  1.29018271121571e-18 -2.90943391945869e-19 -4.05120888259469e-08 -1.22874968423247e-06  -3.8826761662273e-14  1.22990132623406e-11
 2.57097156769754e-21 -3.38440845964227e-14  3.44968380832013e-19  1.29018271121571e-18                     2  1.36316580000551e-23  2.33911848065648e-12  1.40399618425568e-12 -4.18525381591658e-08 -1.79817806035405e-16
-5.79071869326223e-22  8.51357107573598e-15 -1.36552304826677e-20 -2.90943391945869e-19  1.36316580000551e-23                     2   -5.813128064542e-13  1.19247587535159e-13 -9.03400939845948e-17  4.18627088906329e-08
-8.35822320289261e-11   0.00166138994665863 -1.09260468339814e-08 -4.05120888259469e-08  2.33911848065648e-12   -5.813128064542e-13      1.88572591789548   -0.0323912104677422  1.00610317004422e-13 -3.98106946668443e-12
-2.61144990404565e-09  3.01789910106573e-05 -3.26601657919428e-07 -1.22874968423247e-06  1.40399618425568e-12  1.19247587535159e-13   -0.0323912104677422    0.0381188298493166 -4.45584146426573e-15  1.83479557746094e-13
-5.48335745253692e-15 -3.59856291998264e-16  -6.6105880550972e-14  -3.8826761662273e-14 -4.18525381591658e-08 -9.03400939845948e-17  1.00610317004422e-13 -4.45584146426573e-15    0.0380903108103789  2.33405256495098e-18
 2.41979338818436e-14  1.55106230213578e-14  2.35269496517785e-13  1.22990132623406e-11 -1.79817806035405e-16  4.18627088906329e-08 -3.98106946668443e-12  1.83479557746094e-13  2.33405256495098e-18     0.038090310810213
First eigenvector coefficient: -0.970810689365381
TOTAL ENERGY: -123.347938076024	 lambda: -4.95	 population of target: 4.00000000000077
1RDM: 
                    2  6.36659937870814e-13  -4.4859740028184e-16 -1.69208420808225e-15  1.76552169891222e-21 -4.12738587124036e-22  -8.4506949109179e-11  -2.6379201766763e-09 -1.20471559854646e-16  5.13079667360333e-16
 6.36659937870814e-13      1.99997463063552  8.68183425225353e-11   3.1902196932889e-10 -3.39135308122459e-14   8.4794049074946e-15   0.00166138994183315  3.01789529501867e-05  1.47283087498795e-16 -5.38166496381078e-15
 -4.4859740028184e-16  8.68183425225353e-11      1.99999999999994 -2.13125153251297e-13  2.31698839107564e-19 -5.28012585159826e-20 -1.10878591431341e-08 -3.32130685741508e-07 -2.79989427531126e-15 -1.86228031759825e-15
-1.69208420808225e-15   3.1902196932889e-10 -2.13125153251297e-13      1.99999999999919  8.62475229124525e-19 -4.14491028315274e-19 -4.12530688125842e-08 -1.25293040950738e-06 -3.51661593424269e-15  1.00342420963549e-11
 1.76552169891222e-21 -3.39135308122459e-14  2.31698839107564e-19  8.62475229124525e-19                     2  1.36805012965149e-23   2.3331353658517e-12  6.93277616396541e-13 -4.26316837637189e-08 -1.67034795808185e-16
-4.12738587124036e-22   8.4794049074946e-15 -5.28012585159826e-20 -4.14491028315274e-19  1.36805012965149e-23                     2 -5.82889657740169e-13 -1.43170626016908e-13 -8.51506733412491e-17  4.26417154278627e-08
 -8.4506949109179e-11   0.00166138994183315 -1.10878591431341e-08 -4.12530688125842e-08   2.3331353658517e-12 -5.82889657740169e-13      1.88572591789543   -0.0323912104672232 -3.39009349784064e-14  1.56276723135254e-12
 -2.6379201766763e-09  3.01789529501867e-05 -3.32130685741508e-07 -1.25293040950738e-06  6.93277616396541e-13 -1.43170626016908e-13   -0.0323912104672232    0.0381188298492985  1.50549661369188e-15 -6.22037052961249e-14
-1.20471559854646e-16  1.47283087498795e-16 -2.79989427531126e-15 -3.51661593424269e-15 -4.26316837637189e-08 -8.51506733412491e-17 -3.39009349784064e-14  1.50549661369188e-15    0.0380903108103101  2.28354596301932e-18
 5.13079667360333e-16 -5.38166496381078e-15 -1.86228031759825e-15  1.00342420963549e-11 -1.67034795808185e-16  4.26417154278627e-08  1.56276723135254e-12 -6.22037052961249e-14  2.28354596301932e-18     0.038090310810305
First eigenvector coefficient: 0.970810689365385
TOTAL ENERGY: -123.347938076024	 lambda: -4.9	 population of target: 4.0000000000008
1RDM: 
                    2  6.41249245178688e-13 -4.59551505819726e-16 -1.74237734894433e-15  1.74093288548547e-21 -4.34552519832689e-22 -8.51959731003981e-11 -2.66201016194869e-09 -6.61044781798018e-18 -1.59578924683455e-17
 6.41249245178688e-13      1.99997463063551  8.79633335179204e-11  3.24390468313585e-10 -3.39148899522751e-14  8.47886659657264e-15    0.0016613899420486   3.0178953904335e-05 -2.47712785312226e-17  1.71756509295934e-15
-4.59551505819726e-16  8.79633335179204e-11      1.99999999999994 -2.20771214157398e-13  2.29780846784178e-19 -5.74034517144392e-20 -1.12443128883553e-08 -3.37167791311553e-07  1.76408245939224e-17  2.00616071626323e-16
-1.74237734894433e-15  3.24390468313585e-10 -2.20771214157398e-13      1.99999999999916  8.58651677833383e-19 -4.36829946321542e-19 -4.20173866789981e-08 -1.27852626071917e-06  9.83626537904983e-17  1.00217282635178e-11
 1.74093288548547e-21 -3.39148899522751e-14  2.29780846784178e-19  8.58651677833383e-19                     2  1.37241407057856e-23  2.33276295779679e-12  6.62640501350045e-13 -4.35168689877239e-08 -1.67382424013228e-16
-4.34552519832689e-22  8.47886659657264e-15 -5.74034517144392e-20 -4.36829946321542e-19  1.37241407057856e-23                     2 -5.83197125499746e-13 -1.65387258550621e-13 -8.54178721794814e-17  4.35268807173045e-08
-8.51959731003981e-11    0.0016613899420486 -1.12443128883553e-08 -4.20173866789981e-08  2.33276295779679e-12 -5.83197125499746e-13       1.8857259178924   -0.0323912104684002  1.18056414668517e-14  -3.2101521845228e-13
-2.66201016194869e-09   3.0178953904335e-05 -3.37167791311553e-07 -1.27852626071917e-06  6.62640501350045e-13 -1.65387258550621e-13   -0.0323912104684002    0.0381188298507602  -5.2434362095559e-16  2.14550640429965e-14
-6.61044781798018e-18 -2.47712785312226e-17  1.76408245939224e-17  9.83626537904983e-17 -4.35168689877239e-08 -8.54178721794814e-17  1.18056414668517e-14  -5.2434362095559e-16    0.0380903108111086  2.23589216760267e-18
-1.59578924683455e-17  1.71756509295934e-15  2.00616071626323e-16  1.00217282635178e-11 -1.67382424013228e-16  4.35268807173045e-08  -3.2101521845228e-13  2.14550640429965e-14  2.23589216760267e-18    0.0380903108111045
First eigenvector coefficient: -0.970810689364573
TOTAL ENERGY: -123.347938076024	 lambda: -4.85	 population of target: 4.00000000000084
1RDM: 
                    2  6.45998885503731e-13 -4.70504970085088e-16 -1.79349138261829e-15  1.75290346048726e-21 -4.38119316745473e-22 -8.58683412241192e-11 -2.68439733747907e-09  2.60752069075646e-19  1.76573740710359e-18
 6.45998885503731e-13      1.99997463063551  8.91343672150365e-11  3.29904149015813e-10 -3.39150316077372e-14  8.47875375778233e-15   0.00166138994199348  3.01789538516971e-05  3.53703022737947e-17 -7.53140933802418e-16
-4.70504970085088e-16  8.91343672150365e-11      1.99999999999994 -2.28801379045102e-13  2.32809009878654e-19 -5.81819428543457e-20 -1.14045138017094e-08  -3.4233013218535e-07 -7.83424528034781e-18 -8.15128525888595e-17
-1.79349138261829e-15  3.29904149015813e-10 -2.28801379045102e-13      1.99999999999912  8.73843598243461e-19 -4.45134601328228e-19 -4.28065863875373e-08 -1.30508581292471e-06 -2.30853828195415e-17  1.00118611517256e-11
 1.75290346048726e-21 -3.39150316077372e-14  2.32809009878654e-19  8.73843598243461e-19      1.99999999999999   1.3777101451541e-23  2.33275114062578e-12  6.61231136696554e-13 -4.44224490273839e-08  -1.6877318121024e-16
-4.38119316745473e-22  8.47875375778233e-15 -5.81819428543457e-20 -4.45134601328228e-19   1.3777101451541e-23      1.99999999999999 -5.83185842960345e-13 -1.65201862511309e-13 -8.61281610136341e-17  4.44324613937433e-08
-8.58683412241192e-11   0.00166138994199348 -1.14045138017094e-08 -4.28065863875373e-08  2.33275114062578e-12 -5.83185842960345e-13      1.88572591789596   -0.0323912104675826 -4.10501550826597e-15  3.34736855333755e-13
-2.68439733747907e-09  3.01789538516971e-05  -3.4233013218535e-07 -1.30508581292471e-06  6.61231136696554e-13 -1.65201862511309e-13   -0.0323912104675826    0.0381188298495742  1.82583162038229e-16 -7.68086300205963e-15
 2.60752069075646e-19  3.53703022737947e-17 -7.83424528034781e-18 -2.30853828195415e-17 -4.44224490273839e-08 -8.61281610136341e-17 -4.10501550826597e-15  1.82583162038229e-16    0.0380903108099402   2.1884107791072e-18
 1.76573740710359e-18 -7.53140933802418e-16 -8.15128525888595e-17  1.00118611517256e-11  -1.6877318121024e-16  4.44324613937433e-08  3.34736855333755e-13 -7.68086300205963e-15   2.1884107791072e-18    0.0380903108099382
First eigenvector coefficient: 0.970810689365482
TOTAL ENERGY: -123.347938076024	 lambda: -4.8	 population of target: 4.00000000000088
1RDM: 
                    2  6.50843916803271e-13 -4.81905168248803e-16 -1.84719555813972e-15  1.76690753101314e-21 -4.41738494763861e-22  -8.6556826655997e-11 -2.70739475017065e-09 -3.68870136447415e-20 -3.50776772581723e-19
 6.50843916803271e-13      1.99997463063551  9.03381508670098e-11  3.35615021107896e-10 -3.39150325432063e-14  8.47875974360679e-15   0.00166138994204875  3.01789538544547e-05  1.46554435562437e-17  1.08628275837828e-16
-4.81905168248803e-16  9.03381508670098e-11      1.99999999999993 -2.37281256758668e-13  2.36169932828585e-19 -5.90452088503467e-20 -1.15694191557465e-08 -3.47651402093487e-07  7.32536372360904e-19   9.6224648668169e-18
-1.84719555813972e-15  3.35615021107896e-10 -2.37281256758668e-13      1.99999999999909  8.90566872923909e-19 -4.54235249687499e-19 -4.36268268182772e-08 -1.33277724284978e-06  1.57497621806599e-18  1.00125265302873e-11
 1.76690753101314e-21 -3.39150325432063e-14  2.36169932828585e-19  8.90566872923909e-19      1.99999999999999  1.38333569384028e-23  2.33275073605939e-12   6.6119936799123e-13 -4.53678189670442e-08 -1.70220555013964e-16
-4.41738494763861e-22  8.47875974360679e-15 -5.90452088503467e-20 -4.54235249687499e-19  1.38333569384028e-23      1.99999999999999 -5.83188036988412e-13 -1.65313942611558e-13 -8.68671367343943e-17  4.53778311968462e-08
 -8.6556826655997e-11   0.00166138994204875 -1.15694191557465e-08 -4.36268268182772e-08  2.33275073605939e-12 -5.83188036988412e-13      1.88572591789185   -0.0323912104684265  1.44134925299294e-15  1.06144122420264e-13
-2.70739475017065e-09  3.01789538544547e-05 -3.47651402093487e-07 -1.33277724284978e-06   6.6119936799123e-13 -1.65313942611558e-13   -0.0323912104684265    0.0381188298510048 -6.38771677356341e-17  2.47679015442206e-15
-3.68870136447415e-20  1.46554435562437e-17  7.32536372360904e-19  1.57497621806599e-18 -4.53678189670442e-08 -8.68671367343943e-17  1.44134925299294e-15 -6.38771677356341e-17    0.0380903108113013  2.14090051079633e-18
-3.50776772581723e-19  1.08628275837828e-16   9.6224648668169e-18  1.00125265302873e-11 -1.70220555013964e-16  4.53778311968462e-08  1.06144122420264e-13  2.47679015442206e-15  2.14090051079633e-18    0.0380903108112993
First eigenvector coefficient: -0.970810689364392
TOTAL ENERGY: -123.347938076024	 lambda: -4.75	 population of target: 4.00000000000092
1RDM: 
                    2  6.55804774934898e-13 -4.93779815638082e-16 -1.90367423505328e-15  1.78132209049194e-21 -4.45340060493408e-22 -8.72631980851424e-11  -2.7310344014502e-09  3.87242586439991e-21  5.69520751607393e-20
 6.55804774934898e-13      1.99997463063551  9.15751420465111e-11  3.41528640743247e-10  -3.3915032852858e-14  8.47875882408237e-15   0.00166138994198471  3.01789538544418e-05  2.21445210115423e-17 -1.92019117926161e-16
-4.93779815638082e-16  9.15751420465111e-11      1.99999999999993 -2.46244947908171e-13  2.39634699242246e-19  -5.9909751744168e-20 -1.17391874827557e-08 -3.53139742782603e-07 -8.51630986878264e-20  6.05222841967336e-19
-1.90367423505328e-15  3.41528640743247e-10 -2.46244947908171e-13      1.99999999999905  9.07970971581185e-19 -4.63612175473942e-19 -4.44795581707874e-08 -1.36166967448935e-06 -1.00083345224487e-18  1.00124309893193e-11
 1.78132209049194e-21  -3.3915032852858e-14  2.39634699242246e-19  9.07970971581185e-19      1.99999999999999  1.38927955758392e-23  2.33275069284136e-12  6.61195250777628e-13 -4.63541439196496e-08 -1.71735664224397e-16
-4.45340060493408e-22  8.47875882408237e-15  -5.9909751744168e-20 -4.63612175473942e-19  1.38927955758392e-23      1.99999999999999 -5.83187825303603e-13 -1.65304700324117e-13  -8.7640304935559e-17  4.63641561611073e-08
-8.72631980851424e-11   0.00166138994198471 -1.17391874827557e-08 -4.44795581707874e-08  2.33275069284136e-12 -5.83187825303603e-13      1.88572591789664   -0.0323912104675158 -4.96857803488027e-16  1.86025802231104e-13
 -2.7310344014502e-09  3.01789538544418e-05 -3.53139742782603e-07 -1.36166967448935e-06  6.61195250777628e-13 -1.65304700324117e-13   -0.0323912104675158    0.0381188298494209  2.22505422871287e-17 -1.07308918265235e-15
 3.87242586439991e-21  2.21445210115423e-17 -8.51630986878264e-20 -1.00083345224487e-18 -4.63541439196496e-08  -8.7640304935559e-17 -4.96857803488027e-16  2.22505422871287e-17      0.03809031080972  2.09339083425971e-18
 5.69520751607393e-20 -1.92019117926161e-16  6.05222841967336e-19  1.00124309893193e-11 -1.71735664224397e-16  4.63641561611073e-08  1.86025802231104e-13 -1.07308918265235e-15  2.09339083425971e-18     0.038090310809717
First eigenvector coefficient: 0.970810689365617
TOTAL ENERGY: -123.347938076025	 lambda: -4.7	 population of target: 4.00000000000097
1RDM: 
                    2  6.60882374500536e-13 -5.06157624030404e-16 -1.96313621617496e-15  1.79611902825465e-21 -4.49039923131411e-22 -8.79880621805317e-11 -2.75535088245031e-09 -4.15732884596511e-22  7.92846311983451e-21
 6.60882374500536e-13      1.99997463063551   9.2846805372268e-11  3.47656401574565e-10 -3.39150329401571e-14   8.4787589290854e-15   0.00166138994205772  3.01789538540567e-05  1.97712355840192e-17 -8.61919018492452e-17
-5.06157624030404e-16   9.2846805372268e-11      1.99999999999993 -2.55730100132073e-13  2.43204014371328e-19 -6.08023504457068e-20 -1.19140390496346e-08 -3.58802904551173e-07  7.97704979944534e-21  1.99089942754816e-18
-1.96313621617496e-15  3.47656401574565e-10 -2.55730100132073e-13        1.999999999999  9.26082448965471e-19 -4.73398601850272e-19 -4.53667960305034e-08 -1.39184286307971e-06  -6.9060848981611e-19  1.00124416577906e-11
 1.79611902825465e-21 -3.39150329401571e-14  2.43204014371328e-19  9.26082448965471e-19                     2  1.39556723658328e-23  2.33275070186741e-12  6.61195433666188e-13 -4.73843093352134e-08 -1.73317688103468e-16
-4.49039923131411e-22   8.4787589290854e-15 -6.08023504457068e-20 -4.73398601850272e-19  1.39556723658328e-23                     2 -5.83187852128944e-13 -1.65305943655556e-13 -8.84476458612155e-17  4.73943215734428e-08
-8.79880621805317e-11   0.00166138994205772 -1.19140390496346e-08 -4.53667960305034e-08  2.33275070186741e-12 -5.83187852128944e-13      1.88572591789117   -0.0323912104685775   1.8214765186607e-16  1.58039785798353e-13
-2.75535088245031e-09  3.01789538540567e-05 -3.58802904551173e-07 -1.39184286307971e-06  6.61195433666188e-13 -1.65305943655556e-13   -0.0323912104685775    0.0381188298513064 -7.92412528298295e-18  1.70395119818984e-16
-4.15732884596511e-22  1.97712355840192e-17  7.97704979944534e-21  -6.9060848981611e-19 -4.73843093352134e-08 -8.84476458612155e-17   1.8214765186607e-16 -7.92412528298295e-18     0.038090310811532  2.04587985191885e-18
 7.92846311983451e-21 -8.61919018492452e-17  1.99089942754816e-18  1.00124416577906e-11 -1.73317688103468e-16  4.73943215734428e-08  1.58039785798353e-13  1.70395119818984e-16  2.04587985191885e-18     0.038090310811529
First eigenvector coefficient: -0.970810689364173
TOTAL ENERGY: -123.347938076025	 lambda: -4.65	 population of target: 4.00000000000101
1RDM: 
                    2  6.66081681809859e-13 -5.19069005223004e-16  -2.0258078740897e-15  1.81131048725049e-21 -4.52837854272454e-22 -8.87322610743284e-11 -2.78037659630793e-09  6.78034357669227e-23  1.48704462585184e-20
 6.66081681809859e-13      1.99997463063551  9.41546365276782e-11  3.54010267633158e-10 -3.39150330178597e-14  8.47875893111433e-15   0.00166138994197328  3.01789538543375e-05  2.08555840199324e-17 -1.22869832365661e-16
-5.19069005223004e-16  9.41546365276782e-11      1.99999999999993 -2.65778288536977e-13  2.46881811627342e-19  -6.1721792681817e-20 -1.20942068113051e-08 -3.64649313476976e-07 -2.74072806240407e-21  1.84974185832056e-18
 -2.0258078740897e-15  3.54010267633158e-10 -2.65778288536977e-13      1.99999999999896  9.44942435810193e-19 -4.83609843954647e-19 -4.62907091349328e-08 -1.42338394278553e-06 -7.46665122705206e-19    1.001244050883e-11
 1.81131048725049e-21 -3.39150330178597e-14  2.46881811627342e-19  9.44942435810193e-19                     2  1.40222760121258e-23  2.33275070694301e-12  6.61195418737005e-13 -4.84612860665703e-08 -1.74971630213724e-16
-4.52837854272454e-22  8.47875893111433e-15  -6.1721792681817e-20 -4.83609843954647e-19  1.40222760121258e-23                     2 -5.83187850234068e-13 -1.65305801134539e-13 -8.92916851412599e-17  4.84712983033569e-08
-8.87322610743284e-11   0.00166138994197328 -1.20942068113051e-08 -4.62907091349328e-08  2.33275070694301e-12 -5.83187850234068e-13      1.88572591789749   -0.0323912104673861 -5.64120737754478e-17  1.67870913579077e-13
-2.78037659630793e-09  3.01789538543375e-05 -3.64649313476976e-07 -1.42338394278553e-06  6.61195418737005e-13 -1.65305801134539e-13   -0.0323912104673861    0.0381188298492162  2.67567511086236e-18  -2.6663570246333e-16
 6.78034357669227e-23  2.08555840199324e-17 -2.74072806240407e-21 -7.46665122705206e-19 -4.84612860665703e-08 -8.92916851412599e-17 -5.64120737754478e-17  2.67567511086236e-18    0.0380903108094439  1.99836754204712e-18
 1.48704462585184e-20 -1.22869832365661e-16  1.84974185832056e-18    1.001244050883e-11 -1.74971630213724e-16  4.84712983033569e-08  1.67870913579077e-13  -2.6663570246333e-16  1.99836754204712e-18    0.0380903108094419
First eigenvector coefficient: 0.970810689365792
TOTAL ENERGY: -123.347938076025	 lambda: -4.6	 population of target: 4.00000000000107
1RDM: 
                    2   6.7140759994993e-13 -5.32546881791873e-16 -2.09193876212444e-15  1.82691473204587e-21 -4.56739014523689e-22 -8.94966795513641e-11 -2.80614693691379e-09  1.22285892194043e-23   1.4117644561956e-20
  6.7140759994993e-13      1.99997463063551  9.55002215018576e-11  3.60603128014603e-10 -3.39150331022466e-14  8.47875894421478e-15   0.00166138994207284  3.01789538537533e-05  2.07244616368491e-17 -1.09452234499359e-16
-5.32546881791873e-16  9.55002215018576e-11      1.99999999999993 -2.76435324013781e-13  2.50673181397263e-19 -6.26696613294188e-20 -1.22799379009611e-08   -3.706879123335e-07 -1.53713578009034e-21   1.9039582042522e-18
-2.09193876212444e-15  3.60603128014603e-10 -2.76435324013781e-13      1.99999999999891  9.64599219650929e-19 -4.94276004406697e-19 -4.72536543921585e-08 -1.45638810859893e-06 -7.58970593670546e-19  1.00124408396077e-11
 1.82691473204587e-21 -3.39150331022466e-14  2.50673181397263e-19  9.64599219650929e-19                     2  1.40929285655088e-23  2.33275071311184e-12  6.61195441658796e-13  -4.9588340978002e-08 -1.76702446313206e-16
-4.56739014523689e-22  8.47875894421478e-15 -6.26696613294188e-20 -4.94276004406697e-19  1.40929285655088e-23                     2 -5.83187851462934e-13 -1.65305819457426e-13 -9.01749547115717e-17  4.95983532130483e-08
-8.94966795513641e-11   0.00166138994207284 -1.22799379009611e-08 -4.72536543921585e-08  2.33275071311184e-12 -5.83187851462934e-13      1.88572591789005   -0.0323912104688056  2.75828903457219e-17  1.64407999158199e-13
-2.80614693691379e-09  3.01789538537533e-05   -3.706879123335e-07 -1.45638810859893e-06  6.61195441658796e-13 -1.65305819457426e-13   -0.0323912104688056    0.0381188298517763 -1.05818706364554e-18 -1.12916185964869e-16
 1.22285892194043e-23  2.07244616368491e-17 -1.53713578009034e-21 -7.58970593670546e-19  -4.9588340978002e-08 -9.01749547115717e-17  2.75828903457219e-17 -1.05818706364554e-18    0.0380903108119074  1.95085381451123e-18
  1.4117644561956e-20 -1.09452234499359e-16   1.9039582042522e-18  1.00124408396077e-11 -1.76702446313206e-16  4.95983532130483e-08  1.64407999158199e-13 -1.12916185964869e-16  1.95085381451123e-18    0.0380903108119043
First eigenvector coefficient: -0.970810689363832
TOTAL ENERGY: -123.347938076025	 lambda: -4.55	 population of target: 4.00000000000112
1RDM: 
                    2  6.76865317168394e-13 -5.46626805933378e-16 -2.16180391363305e-15  1.84295091984829e-21 -4.60748161004449e-22  -9.0282258183535e-11  -2.8326996398618e-09  1.88872968240111e-23  1.43713214332206e-20
 6.76865317168394e-13      1.99997463063551   9.6885242267628e-11   3.6744888372695e-10 -3.39150331866561e-14  8.47875895687194e-15    0.0016613899419585  3.01789538541804e-05  2.10218312460843e-17 -1.13694545169968e-16
-5.46626805933378e-16   9.6885242267628e-11      1.99999999999992 -2.87751812192282e-13  2.54583479453272e-19 -6.36472586009646e-20 -1.24714950702978e-08  -3.7692822810119e-07 -1.72480879342473e-21  1.93274206310157e-18
-2.16180391363305e-15   3.6744888372695e-10 -2.87751812192282e-13      1.99999999999886  9.85105154988264e-19 -5.05428256456094e-19 -4.82581980402957e-08 -1.49095960072446e-06  -7.7767499474057e-19  1.00124409945304e-11
 1.84295091984829e-21 -3.39150331866561e-14  2.54583479453272e-19  9.85105154988264e-19                     2  1.41679886797042e-23  2.33275071920399e-12  6.61195461486022e-13 -5.07690494697909e-08 -1.78515629840617e-16
-4.60748161004449e-22  8.47875895687194e-15 -6.36472586009646e-20 -5.05428256456094e-19  1.41679886797042e-23                     2 -5.83187852423509e-13 -1.65305817750317e-13 -9.11002580014454e-17  5.07790617030417e-08
 -9.0282258183535e-11    0.0016613899419585 -1.24714950702978e-08 -4.82581980402957e-08  2.33275071920399e-12 -5.83187852423509e-13      1.88572591789861   -0.0323912104671881 -2.13222577350927e-18  1.65631566529564e-13
 -2.8326996398618e-09  3.01789538541804e-05  -3.7692822810119e-07 -1.49095960072446e-06  6.61195461486022e-13 -1.65305817750317e-13   -0.0323912104671881    0.0381188298489345  2.60927551023255e-19 -1.67461657918222e-16
 1.88872968240111e-23  2.10218312460843e-17 -1.72480879342473e-21  -7.7767499474057e-19 -5.07690494697909e-08 -9.11002580014454e-17 -2.13222577350927e-18  2.60927551023255e-19    0.0380903108090743   1.9033385719682e-18
 1.43713214332206e-20 -1.13694545169968e-16  1.93274206310157e-18  1.00124409945304e-11 -1.78515629840617e-16  5.07790617030417e-08  1.65631566529564e-13 -1.67461657918222e-16   1.9033385719682e-18    0.0380903108090713
First eigenvector coefficient: 0.970810689366033
TOTAL ENERGY: -123.347938076026	 lambda: -4.5	 population of target: 4.00000000000118
1RDM: 
                    2  6.82460309447957e-13 -5.61347238707787e-16 -2.23570719287493e-15  1.85943950286115e-21 -4.64870409503064e-22 -9.10899986653223e-11 -2.86007510900666e-09  1.82109524880013e-23  1.44953104927236e-20
 6.82460309447957e-13      1.99997463063551   9.8311484307852e-11   3.7456255023383e-10 -3.39150332775108e-14  8.47875897047186e-15   0.00166138994209103   3.0178953853459e-05  2.11677111055533e-17 -1.11692964851583e-16
-5.61347238707787e-16   9.8311484307852e-11      1.99999999999992 -2.99783771225169e-13  2.58618413862121e-19 -6.46560163096993e-20 -1.26691579037869e-08  -3.8338041686154e-07 -1.75217822302685e-21  1.96633303155898e-18
-2.23570719287493e-15   3.7456255023383e-10 -2.99783771225169e-13       1.9999999999988  1.00651739421344e-18 -5.17100937079031e-19 -4.93071397032995e-08 -1.52721280367918e-06 -7.96569143654013e-19  1.00124411829608e-11
 1.85943950286115e-21 -3.39150332775108e-14  2.58618413862121e-19  1.00651739421344e-18                     2  1.42478569678954e-23  2.33275072579254e-12  6.61195482763546e-13 -5.20073358879461e-08 -1.80417203007841e-16
-4.64870409503064e-22  8.47875897047186e-15 -6.46560163096993e-20 -5.17100937079031e-19  1.42478569678954e-23                     2  -5.8318785347028e-13 -1.65305818573476e-13 -9.20706681242477e-17  5.20173481193135e-08
-9.10899986653223e-11   0.00166138994209103 -1.26691579037869e-08 -4.93071397032995e-08  2.33275072579254e-12  -5.8318785347028e-13       1.8857259178887   -0.0323912104690964  8.35462510087443e-18  1.65198171583903e-13
-2.86007510900666e-09   3.0178953853459e-05  -3.8338041686154e-07 -1.52721280367918e-06  6.61195482763546e-13 -1.65305818573476e-13   -0.0323912104690964    0.0381188298523396 -2.06497824680238e-19 -1.48383982188353e-16
 1.82109524880013e-23  2.11677111055533e-17 -1.75217822302685e-21 -7.96569143654013e-19 -5.20073358879461e-08 -9.20706681242477e-17  8.35462510087443e-18 -2.06497824680238e-19    0.0380903108123604  1.85582170938202e-18
 1.44953104927236e-20 -1.11692964851583e-16  1.96633303155898e-18  1.00124411829608e-11 -1.80417203007841e-16  5.20173481193135e-08  1.65198171583903e-13 -1.48383982188353e-16  1.85582170938202e-18    0.0380903108123585
First eigenvector coefficient: -0.970810689363422
TOTAL ENERGY: -123.347938076026	 lambda: -4.45	 population of target: 4.00000000000124
1RDM: 
                    2  6.88198359892298e-13 -5.76749841968398e-16 -2.31398507450356e-15  1.87640227564878e-21 -4.69111208821474e-22 -9.19209686755048e-11 -2.88831664742447e-09  1.84191999379806e-23  1.46419968654668e-20
 6.88198359892298e-13      1.99997463063552   9.9780844957503e-11  3.81960373389648e-10  -3.3915033368106e-14  8.47875898383813e-15   0.00166138994193747  3.01789538540488e-05  2.13673259912206e-17 -1.11905753134711e-16
-5.76749841968398e-16   9.9780844957503e-11      1.99999999999992 -3.12593347912146e-13  2.62784063292472e-19 -6.56974535461595e-20 -1.28732241849827e-08 -3.90055315527243e-07 -1.79982610268669e-21  2.00047925359232e-18
-2.31398507450356e-15  3.81960373389648e-10 -3.12593347912146e-13      1.99999999999874  1.02889841197063e-18   -5.293316919406e-19 -5.04035399057091e-08 -1.56527351240909e-06  -8.1649374442084e-19  1.00124413763345e-11
 1.87640227564878e-21  -3.3915033368106e-14  2.62784063292472e-19  1.02889841197063e-18                     2  1.43329820879214e-23  2.33275073234328e-12  6.61195505022815e-13 -5.33075168116484e-08 -1.82413790321126e-16
-4.69111208821474e-22  8.47875898383813e-15 -6.56974535461595e-20   -5.293316919406e-19  1.43329820879214e-23                     2 -5.83187854504042e-13 -1.65305819106738e-13 -9.30895657407762e-17  5.33175290410354e-08
-9.19209686755048e-11   0.00166138994193747 -1.28732241849827e-08 -5.04035399057091e-08  2.33275073234328e-12 -5.83187854504042e-13       1.8857259179002   -0.0323912104669176  4.58218244380774e-18  1.65352415805592e-13
-2.88831664742447e-09  3.01789538540488e-05 -3.90055315527243e-07 -1.56527351240909e-06  6.61195505022815e-13 -1.65305819106738e-13   -0.0323912104669176    0.0381188298485138 -4.03281859419636e-20 -1.55428969167683e-16
 1.84191999379806e-23  2.13673259912206e-17 -1.79982610268669e-21  -8.1649374442084e-19 -5.33075168116484e-08 -9.30895657407762e-17  4.58218244380774e-18 -4.03281859419636e-20    0.0380903108085501  1.80830310965393e-18
 1.46419968654668e-20 -1.11905753134711e-16  2.00047925359232e-18  1.00124413763345e-11 -1.82413790321126e-16  5.33175290410354e-08  1.65352415805592e-13 -1.55428969167683e-16  1.80830310965393e-18    0.0380903108085481
First eigenvector coefficient: 0.970810689366386
TOTAL ENERGY: -123.347938076026	 lambda: -4.4	 population of target: 4.00000000000131
1RDM: 
                    2  6.94085580263445e-13 -5.92879806902667e-16 -2.39701103061978e-15  1.89386249627316e-21 -4.73476373619757e-22 -9.27763075945232e-11 -2.91747072738051e-09  1.85248900219819e-23  1.47906718242651e-20
 6.94085580263445e-13      1.99997463063551  1.01295342572399e-10  3.89659960106424e-10 -3.39150334666918e-14  8.47875899876897e-15   0.00166138994211916  3.01789538530229e-05  2.15478325548901e-17 -1.11330669764854e-16
-5.92879806902667e-16  1.01295342572399e-10      1.99999999999992 -3.26249646638301e-13  2.67086908591563e-19 -6.67731906526508e-20 -1.30840113987294e-08 -3.96964497869171e-07 -1.84834132747629e-21   2.0359421316702e-18
-2.39701103061978e-15  3.89659960106424e-10 -3.26249646638301e-13      1.99999999999868  1.05231665248862e-18 -5.42161920453753e-19 -5.15507516087303e-08 -1.60528038974872e-06 -8.37431618257974e-19  1.00124415811648e-11
 1.89386249627316e-21 -3.39150334666918e-14  2.67086908591563e-19  1.05231665248862e-18                     2    1.442386796897e-23  2.33275073950059e-12  6.61195528350106e-13 -5.46743512939643e-08 -1.84512695246811e-16
-4.73476373619757e-22  8.47875899876897e-15 -6.67731906526508e-20 -5.42161920453753e-19    1.442386796897e-23                     2  -5.8318785565775e-13 -1.65305819703412e-13 -9.41606779138854e-17  5.46843635212729e-08
-9.27763075945232e-11   0.00166138994211916 -1.30840113987294e-08 -5.15507516087303e-08  2.33275073950059e-12  -5.8318785565775e-13      1.88572591788661   -0.0323912104695154  5.88121015923924e-18  1.65297583310262e-13
-2.91747072738051e-09  3.01789538530229e-05 -3.96964497869171e-07 -1.60528038974872e-06  6.61195528350106e-13 -1.65305819703412e-13   -0.0323912104695154    0.0381188298531652 -9.95845983851492e-20 -1.53193023169856e-16
 1.85248900219819e-23  2.15478325548901e-17 -1.84834132747629e-21 -8.37431618257974e-19 -5.46743512939643e-08 -9.41606779138854e-17  5.88121015923924e-18 -9.95845983851492e-20    0.0380903108130562  1.76078264685588e-18
 1.47906718242651e-20 -1.11330669764854e-16   2.0359421316702e-18  1.00124415811648e-11 -1.84512695246811e-16  5.46843635212729e-08  1.65297583310262e-13 -1.53193023169856e-16  1.76078264685588e-18    0.0380903108130542
First eigenvector coefficient: -0.970810689362814
TOTAL ENERGY: -123.347938076027	 lambda: -4.35	 population of target: 4.00000000000139
1RDM: 
                    2  7.00128432856532e-13 -6.09786223140701e-16 -2.48520063856013e-15  1.91184501151627e-21  -4.7797211581446e-22 -9.36572325837411e-11 -2.94758728945267e-09  1.86479052637959e-23  1.49447793511636e-20
 7.00128432856532e-13      1.99997463063552  1.02857126692718e-10   3.9768042682819e-10 -3.39150335639675e-14  8.47875901301338e-15   0.00166138994190719  3.01789538538982e-05  2.17351713746647e-17 -1.11036823394994e-16
-6.09786223140701e-16  1.02857126692718e-10      1.99999999999991 -3.40829694541567e-13   2.7153386651742e-19 -6.78849568546905e-20 -1.33018583778575e-08 -4.04120336465405e-07 -1.89948289824565e-21  2.07263889271509e-18
-2.48520063856013e-15   3.9768042682819e-10 -3.40829694541567e-13      1.99999999999861  1.07684727119723e-18 -5.55637254756505e-19 -5.27524565179672e-08 -1.64738665731281e-06 -8.59471174333505e-19   1.0012441795494e-11
 1.91184501151627e-21 -3.39150335639675e-14   2.7153386651742e-19  1.07684727119723e-18                     2  1.45210823229907e-23  2.33275074653889e-12  6.61195552891181e-13 -5.61130991121658e-08  -1.8672198939491e-16
 -4.7797211581446e-22  8.47875901301338e-15 -6.78849568546905e-20 -5.55637254756505e-19  1.45210823229907e-23                     2 -5.83187856760237e-13 -1.65305820334866e-13 -9.52881237337795e-17  5.61231113372834e-08
-9.36572325837411e-11   0.00166138994190719 -1.33018583778575e-08 -5.27524565179672e-08  2.33275074653889e-12 -5.83187856760237e-13      1.88572591790249   -0.0323912104665146  5.36780061506538e-18  1.65317387849023e-13
-2.94758728945267e-09  3.01789538538982e-05 -4.04120336465405e-07 -1.64738665731281e-06  6.61195552891181e-13 -1.65305820334866e-13   -0.0323912104665146    0.0381188298478739 -7.83660708030645e-20 -1.54284546525447e-16
 1.86479052637959e-23  2.17351713746647e-17 -1.89948289824565e-21 -8.59471174333505e-19 -5.61130991121658e-08 -9.52881237337795e-17  5.36780061506538e-18 -7.83660708030645e-20    0.0380903108077992  1.71326017979971e-18
 1.49447793511636e-20 -1.11036823394994e-16  2.07263889271509e-18   1.0012441795494e-11  -1.8672198939491e-16  5.61231113372834e-08  1.65317387849023e-13 -1.54284546525447e-16  1.71326017979971e-18    0.0380903108077972
First eigenvector coefficient: 0.97081068936691
TOTAL ENERGY: -123.347938076027	 lambda: -4.3	 population of target: 4.00000000000146
1RDM: 
                    2  7.06333755589812e-13 -6.27522493294761e-16 -2.57901754035308e-15  1.93037639771746e-21 -4.82605079698864e-22 -9.45650455909627e-11 -2.97872007850649e-09  1.87726625199541e-23   1.5103920603391e-20
 7.06333755589812e-13      1.99997463063551  1.04468489277207e-10   4.0604256783803e-10 -3.39150336713629e-14  8.47875902936895e-15   0.00166138994215446  3.01789538526019e-05  2.19200742061222e-17 -1.10642198491774e-16
-6.27522493294761e-16  1.04468489277207e-10      1.99999999999991 -3.56419566588952e-13  2.76132326635044e-19 -6.90345995984236e-20 -1.35271271251164e-08 -4.11536070061033e-07 -1.95348295671198e-21  2.11068287949876e-18
-2.57901754035308e-15   4.0604256783803e-10 -3.56419566588952e-13      1.99999999999853  1.10257298899909e-18 -5.69808118771346e-19 -5.40127069902833e-08 -1.69176205570478e-06 -8.82702168447915e-19  1.00124420227141e-11
 1.93037639771746e-21 -3.39150336713629e-14  2.76132326635044e-19  1.10257298899909e-18                     2  1.46252667590847e-23  2.33275075434767e-12  6.61195578656417e-13 -5.76295883221236e-08 -1.89050616288124e-16
-4.82605079698864e-22  8.47875902936895e-15 -6.90345995984236e-20 -5.69808118771346e-19  1.46252667590847e-23                     2 -5.83187858027912e-13 -1.65305820989788e-13 -9.64764672304185e-17  5.76396005449336e-08
-9.45650455909627e-11   0.00166138994215446 -1.35271271251164e-08 -5.40127069902833e-08  2.33275075434767e-12 -5.83187858027912e-13      1.88572591788397    -0.032391210470066  5.50155334458627e-18  1.65310452850883e-13
-2.97872007850649e-09  3.01789538526019e-05 -4.11536070061033e-07 -1.69176205570478e-06  6.61195578656417e-13 -1.65305820989788e-13    -0.032391210470066    0.0381188298541978 -8.59770888500746e-20 -1.54199456837311e-16
 1.87726625199541e-23  2.19200742061222e-17 -1.95348295671198e-21 -8.82702168447915e-19 -5.76295883221236e-08 -9.64764672304185e-17  5.50155334458627e-18 -8.59770888500746e-20    0.0380903108139377  1.66573555567769e-18
  1.5103920603391e-20 -1.10642198491774e-16  2.11068287949876e-18  1.00124420227141e-11 -1.89050616288124e-16  5.76396005449336e-08  1.65310452850883e-13 -1.54199456837311e-16  1.66573555567769e-18    0.0380903108139357
First eigenvector coefficient: -0.970810689362051
TOTAL ENERGY: -123.347938076027	 lambda: -4.25	 population of target: 4.00000000000155
1RDM: 
                    2  7.12708786896785e-13 -6.46146800027734e-16 -2.67898043150561e-15  1.94948511500426e-21 -4.87382380548813e-22 -9.55011407757024e-11 -3.01092701773469e-09  1.89040706499945e-23  1.52686937826114e-20
 7.12708786896785e-13      1.99997463063552   1.0613187714645e-10  4.14769047380967e-10 -3.39150337760162e-14  8.47875904460816e-15    0.0016613899418659  3.01789538537895e-05  2.21058655570721e-17 -1.10283783535653e-16
-6.46146800027734e-16   1.0613187714645e-10      1.99999999999991 -3.73115704480121e-13  2.80890192318965e-19 -7.02240947830616e-20 -1.37602048036684e-08 -4.19225877869178e-07 -2.01063829885656e-21  2.15012338174458e-18
-2.67898043150561e-15  4.14769047380967e-10 -3.73115704480121e-13      1.99999999999845   1.1295850848341e-18  -5.8473037881455e-19 -5.53359745850809e-08 -1.73859513429289e-06  -9.0722321483325e-19  1.00124422609855e-11
 1.94948511500426e-21 -3.39150337760162e-14  2.80890192318965e-19   1.1295850848341e-18                     2  1.47371488231539e-23  2.33275076192451e-12  6.61195605841991e-13 -5.92302941892727e-08 -1.91508512304523e-16
-4.87382380548813e-22  8.47875904460816e-15 -7.02240947830616e-20  -5.8473037881455e-19  1.47371488231539e-23                     2 -5.83187859210271e-13 -1.65305821693607e-13 -9.77307791077491e-17  5.92403064096442e-08
-9.55011407757024e-11    0.0016613899418659 -1.37602048036684e-08 -5.53359745850809e-08  2.33275076192451e-12 -5.83187859210271e-13      1.88572591790559   -0.0323912104659586  5.40028369233962e-18  1.65313131743037e-13
-3.01092701773469e-09  3.01789538537895e-05 -4.19225877869178e-07 -1.73859513429289e-06  6.61195605841991e-13 -1.65305821693607e-13   -0.0323912104659586    0.0381188298469688 -8.32211578272119e-20 -1.54554187196309e-16
 1.89040706499945e-23  2.21058655570721e-17 -2.01063829885656e-21  -9.0722321483325e-19 -5.92302941892727e-08 -9.77307791077491e-17  5.40028369233962e-18 -8.32211578272119e-20    0.0380903108067841  1.61820860318683e-18
 1.52686937826114e-20 -1.10283783535653e-16  2.15012338174458e-18  1.00124422609855e-11 -1.91508512304523e-16  5.92403064096442e-08  1.65313131743037e-13 -1.54554187196309e-16  1.61820860318683e-18    0.0380903108067811
First eigenvector coefficient: 0.970810689367635
TOTAL ENERGY: -123.347938076028	 lambda: -4.2	 population of target: 4.00000000000165
1RDM: 
                    2    7.192611947672e-13 -6.65722633341521e-16  -2.7856712836092e-15  1.96920168086594e-21 -4.92311647985582e-22 -9.64670131654041e-11 -3.04427063162286e-09  1.90383041613969e-23  1.54391606407898e-20
   7.192611947672e-13      1.99997463063551  1.07849905904626e-10  4.23884619339878e-10 -3.39150338937511e-14  8.47875906265446e-15   0.00166138994220954  3.01789538519611e-05  2.22913498067972e-17 -1.09912267687637e-16
-6.65722633341521e-16  1.07849905904626e-10      1.99999999999991  -3.9102646648299e-13  2.85815925704983e-19 -7.14555580039012e-20 -1.40015059606721e-08 -4.27204960724312e-07 -2.07102441555103e-21  2.19105742057411e-18
 -2.7856712836092e-15  4.23884619339878e-10  -3.9102646648299e-13      1.99999999999836  1.15798454817613e-18 -6.00466103279027e-19 -5.67272066099607e-08 -1.78809592883453e-06 -9.33145106771794e-19  1.00124425146309e-11
 1.96920168086594e-21 -3.39150338937511e-14  2.85815925704983e-19  1.15798454817613e-18                     2  1.48575564329947e-23  2.33275077049883e-12  6.61195634454078e-13 -6.09224315180352e-08 -1.94106748412478e-16
-4.92311647985582e-22  8.47875906265446e-15 -7.14555580039012e-20 -6.00466103279027e-19  1.48575564329947e-23                     2 -5.83187860612347e-13 -1.65305822422886e-13 -9.90567090676105e-17  6.09324437358342e-08
-9.64670131654041e-11   0.00166138994220954 -1.40015059606721e-08 -5.67272066099607e-08  2.33275077049883e-12 -5.83187860612347e-13       1.8857259178799    -0.032391210470857  5.38133757126526e-18  1.65312339188377e-13
-3.04427063162286e-09  3.01789538519611e-05 -4.27204960724312e-07 -1.78809592883453e-06  6.61195634454078e-13 -1.65305822422886e-13    -0.032391210470857     0.038118829855736 -8.42069529341138e-20 -1.54768330533654e-16
 1.90383041613969e-23  2.22913498067972e-17 -2.07102441555103e-21 -9.33145106771794e-19 -6.09224315180352e-08 -9.90567090676105e-17  5.38133757126526e-18 -8.42069529341138e-20    0.0380903108152933  1.57067913591568e-18
 1.54391606407898e-20 -1.09912267687637e-16  2.19105742057411e-18  1.00124425146309e-11 -1.94106748412478e-16  6.09324437358342e-08  1.65312339188377e-13 -1.54768330533654e-16  1.57067913591568e-18    0.0380903108152923
