HCORE:-27.6623  -8.7344 -8.82175 -9.32377  -9.8087 -34.6439 -9.97404 -8.13055 -8.13055 -9.32377
HCORE2:-34.6439 -27.6623 -9.97404  -9.8087 -9.32377 -9.32377 -8.82175  -8.7344 -8.13055 -8.13055
TOTAL ENERGY: -124.337332809741	 lambda: -5	 population of target: 3.65893402722589
1RDM: 
     1.99984326791835 -0.000130660390627994   0.00871575860839893   0.00374003623446709  -0.00451543118888215 -5.23988985134492e-17 -1.44755582230398e-16 -1.05650692989246e-18 -2.58411262452355e-19   -0.0142444112683289
-0.000130660390627994      1.99987357554848   0.00749242494624868   0.00375053567400768  -0.00306806330897267 -3.54750207375203e-17 -9.72935353711989e-17 -4.13376418266786e-18 -1.56127801817042e-18   -0.0117983847532588
  0.00871575860839893   0.00749242494624868      1.51131827776207    -0.218977424650501     0.239092792886978  2.80907176979251e-15  7.79264332904142e-15 -6.34585286212197e-17 -8.44453360152965e-17     0.790961982779396
  0.00374003623446709   0.00375053567400768    -0.218977424650501      1.87921676125848    0.0725927281166114  1.06938375141006e-15  2.34040635562045e-15  2.14790139513273e-16 -2.73688727040318e-16     0.335720576028625
 -0.00451543118888215  -0.00306806330897267     0.239092792886978    0.0725927281166114      1.83033510115219  5.57748065729551e-15  1.49168316877735e-14 -2.35842258173828e-14 -2.02467800905256e-14    -0.415493302139483
-5.23988985134492e-17 -3.54750207375203e-17  2.80907176979251e-15  1.06938375141006e-15  5.57748065729551e-15      1.35867369718703  3.24204372671165e-15    -0.318659940573129     0.863545346208677 -4.77340266337465e-15
-1.44755582230398e-16 -9.72935353711989e-17  7.79264332904142e-15  2.34040635562045e-15  1.49168316877735e-14  3.24204372671165e-15      1.35867369718701     0.863545346208685     0.318659940573129 -1.32608619328102e-14
-1.05650692989246e-18 -4.13376418266786e-18 -6.34585286212197e-17  2.14790139513273e-16 -2.35842258173828e-14    -0.318659940573129     0.863545346208685     0.678879418860348  5.06841777354187e-15 -1.38579704468361e-16
-2.58411262452355e-19 -1.56127801817042e-18 -8.44453360152965e-17 -2.73688727040318e-16 -2.02467800905256e-14     0.863545346208677     0.318659940573129  5.06841777354187e-15     0.678879418860326 -1.13249368714158e-16
  -0.0142444112683289   -0.0117983847532588     0.790961982779396     0.335720576028625    -0.415493302139483 -4.77340266337465e-15 -1.32608619328102e-14 -1.38579704468361e-16 -1.13249368714158e-16     0.704306784265772
First eigenvector coefficient: 0.286433830132679
TOTAL ENERGY: -124.343216895885	 lambda: -4.95	 population of target: 3.66011678948989
1RDM: 
     1.99984527402376 -0.000129096354164222    0.0086407546788062   0.00370097358076787  -0.00448662055682598 -5.19027278378793e-17 -1.43376329576229e-16 -1.63966900751874e-18 -7.57281148015223e-19   -0.0141683094132493
-0.000129096354164222      1.99987477222949   0.00743615091132419   0.00372131862322183  -0.00304644873257886 -3.58205777579356e-17 -9.82429870735773e-17  -2.3035660510997e-18 -2.16829110990005e-20   -0.0117448744209363
   0.0086407546788062   0.00743615091132419      1.51344189209855    -0.217690768928866     0.238544616602927  2.74100974057136e-15  7.60441789566184e-15  1.39442523709443e-16  8.71568427108936e-17     0.790084262638915
  0.00370097358076787   0.00372131862322183    -0.217690768928866      1.87988691382918    0.0721027988300692  8.94433313758226e-16   1.8602536437918e-15  7.60291298819823e-16  1.88262128765035e-16     0.334704816378264
 -0.00448662055682598  -0.00304644873257886     0.238544616602927    0.0721027988300692      1.83024862495668   5.3702194417485e-15  1.43479530798024e-14 -2.29509941887014e-14 -1.97108917825139e-14    -0.415974930504937
-5.19027278378793e-17 -3.58205777579356e-17  2.74100974057136e-15  8.94433313758226e-16   5.3702194417485e-15      1.35972351961331  2.95582354995962e-15    -0.318518348615462     0.863161642105761 -4.79519791076357e-15
-1.43376329576229e-16 -9.82429870735773e-17  7.60441789566184e-15   1.8602536437918e-15  1.43479530798024e-14  2.95582354995962e-15      1.35972351961329     0.863161642105767     0.318518348615462 -1.33194844237533e-14
-1.63966900751874e-18  -2.3035660510997e-18  1.39442523709443e-16  7.60291298819823e-16 -2.29509941887014e-14    -0.318518348615462     0.863161642105767     0.677888094896497  4.14846922876056e-15 -9.33198792199015e-17
-7.57281148015223e-19 -2.16829110990005e-20  8.71568427108936e-17  1.88262128765035e-16 -1.97108917825139e-14     0.863161642105761     0.318518348615462  4.14846922876056e-15     0.677888094896479   -7.481762672964e-17
  -0.0141683094132493   -0.0117448744209363     0.790084262638915     0.334704816378264    -0.415974930504937 -4.79519791076357e-15 -1.33194844237533e-14 -9.33198792199015e-17   -7.481762672964e-17     0.701479293842904
First eigenvector coefficient: -0.287476779500401
TOTAL ENERGY: -124.349230486301	 lambda: -4.9	 population of target: 3.66133785619691
1RDM: 
     1.99984727696014   -0.0001275374395841   0.00856535214086949   0.00366178883960484  -0.00445744788329524  -5.1552626985186e-17  -1.4239948692237e-16 -1.66606558567958e-18 -7.85495844858581e-19    -0.014091839506755
  -0.0001275374395841      1.99987596228527   0.00737973626395541   0.00369207181319555  -0.00302465274460179 -3.56065403749602e-17 -9.76525033546376e-17 -2.16364294939119e-18  8.88045677962607e-20    -0.011691443329364
  0.00856535214086949   0.00737973626395541      1.51560233926959    -0.216387597918166      0.23797386546367   2.7301367610695e-15  7.57366823498807e-15  1.53180315734676e-16  9.88184151771338e-17     0.789184650500091
  0.00366178883960484   0.00369207181319555    -0.216387597918166      1.88056398627107    0.0716023455591762  8.76650511632046e-16  1.81292728059762e-15  7.97217148802388e-16  2.20217516009583e-16     0.333674561470717
 -0.00445744788329524  -0.00302465274460179      0.23797386546367    0.0716023455591762      1.83017526397672  5.34343993902938e-15  1.42760841659516e-14 -2.28973265248575e-14 -1.96650298494518e-14    -0.416445026467273
 -5.1552626985186e-17 -3.56065403749602e-17   2.7301367610695e-15  8.76650511632046e-16  5.34343993902938e-15      1.36079965927751  2.38001705811776e-15    -0.318372991804314     0.862767735678343 -4.80167218540581e-15
 -1.4239948692237e-16 -9.76525033546376e-17  7.57366823498807e-15  1.81292728059762e-15  1.42760841659516e-14  2.38001705811776e-15       1.3607996592775     0.862767735678349     0.318372991804314 -1.33359112934181e-14
-1.66606558567958e-18 -2.16364294939119e-18  1.53180315734676e-16  7.97217148802388e-16 -2.28973265248575e-14    -0.318372991804314     0.862767735678349     0.676869761535098  3.72128004230507e-15 -9.04224637984611e-17
-7.85495844858581e-19  8.88045677962607e-20  9.88184151771338e-17  2.20217516009583e-16 -1.96650298494518e-14     0.862767735678343     0.318372991804314  3.72128004230507e-15     0.676869761535082 -7.22048913312365e-17
   -0.014091839506755    -0.011691443329364     0.789184650500091     0.333674561470717    -0.416445026467273 -4.80167218540581e-15 -1.33359112934181e-14 -9.04224637984611e-17 -7.22048913312365e-17     0.698596329612184
First eigenvector coefficient: -0.288545010277294
TOTAL ENERGY: -124.35537817011	 lambda: -4.85	 population of target: 3.66259895452002
1RDM: 
     1.99984927660889    -0.000125983687851   0.00848954702595751   0.00362248214367097  -0.00442790470802692 -5.12087600665866e-17 -1.41440109589102e-16 -1.65321083835749e-18 -7.80603432113649e-19   -0.0140149992130944
   -0.000125983687851      1.99987714571673   0.00732317702591892   0.00366279419383849  -0.00300266933895248 -3.53515481713699e-17 -9.69496973262134e-17 -2.14105405599518e-18  9.99699471088586e-20   -0.0116380943781734
  0.00848954702595751   0.00732317702591892       1.5178005727965    -0.215067584943159     0.237379664331489  2.72297141224622e-15  7.55312835096715e-15  1.53794926506337e-16  9.93826113593754e-17     0.788262375303394
  0.00362248214367097   0.00366279419383849    -0.215067584943159      1.88124808648648    0.0710910633345805  8.69619135247016e-16  1.79524436877833e-15  7.98901982442668e-16   2.2238727443623e-16     0.332629468233674
 -0.00442790470802692  -0.00300266933895248     0.237379664331489    0.0710910633345805      1.83011574108089  5.32900568974026e-15   1.4238227843365e-14 -2.28835344240316e-14 -1.96528801795963e-14    -0.416902689200467
-5.12087600665866e-17 -3.53515481713699e-17  2.72297141224622e-15  8.69619135247016e-16  5.32900568974026e-15       1.3619031282546  1.86001752575829e-15    -0.318223707054068     0.862363184819488 -4.80696783520802e-15
-1.41440109589102e-16 -9.69496973262134e-17  7.55312835096715e-15  1.79524436877833e-15   1.4238227843365e-14  1.86001752575829e-15      1.36190312825458     0.862363184819494     0.318223707054068 -1.33490934054731e-14
-1.65321083835749e-18 -2.14105405599518e-18  1.53794926506337e-16  7.98901982442668e-16 -2.28835344240316e-14    -0.318223707054068     0.862363184819494      0.67582336714394  3.62477407194763e-15 -9.03925083301103e-17
-7.80603432113649e-19  9.99699471088586e-20  9.93826113593754e-17   2.2238727443623e-16 -1.96528801795963e-14     0.862363184819488     0.318223707054068  3.62477407194763e-15     0.675823367143927 -7.20147882398129e-17
  -0.0140149992130944   -0.0116380943781734     0.788262375303394     0.332629468233674    -0.416902689200467 -4.80696783520802e-15 -1.33490934054731e-14 -9.03925083301103e-17 -7.20147882398129e-17     0.695656186513688
First eigenvector coefficient: -0.289639465819792
TOTAL ENERGY: -124.361664759656	 lambda: -4.8	 population of target: 3.66390191159674
1RDM: 
     1.99985127284792  -0.00012443514132831   0.00841333531176505   0.00358305364686415  -0.00439798230022139 -5.08612010379198e-17 -1.40470883016857e-16 -1.63750425064013e-18 -7.73381063036094e-19   -0.0139377862488526
 -0.00012443514132831      1.99987832252448   0.00726646907627643   0.00363348466381429  -0.00298049225975256 -3.50915610563061e-17 -9.62335655836943e-17 -2.12644999389671e-18  1.04253305982144e-19   -0.0115848306275159
  0.00841333531176505   0.00726646907627643      1.52003757980081    -0.213730393550028     0.236761099587135  2.71579735944995e-15  7.53256525333156e-15  1.53505332001617e-16  9.91805914532825e-17     0.787316629233233
  0.00358305364686415   0.00363348466381429    -0.213730393550028      1.88193932539129    0.0705686360974013  8.63197402177984e-16  1.77927902781837e-15  7.98162573959841e-16    2.225187919894e-16     0.331569180109107
 -0.00439798230022139  -0.00298049225975256     0.236761099587135    0.0705686360974013      1.83007081650667  5.31526789825504e-15  1.42023071397585e-14 -2.28721809156893e-14  -1.9642789171343e-14    -0.417346961160282
-5.08612010379198e-17 -3.50915610563061e-17  2.71579735944995e-15  8.63197402177984e-16  5.31526789825504e-15      1.36303498978958  2.93105821674667e-15    -0.318070321815966     0.861947521934804 -4.81203682158233e-15
-1.40470883016857e-16 -9.62335655836943e-17  7.53256525333156e-15  1.77927902781837e-15  1.42023071397585e-14  2.93105821674667e-15      1.36303498978957     0.861947521934809     0.318070321815966 -1.33616532979638e-14
-1.63750425064013e-18 -2.12644999389671e-18  1.53505332001617e-16  7.98162573959841e-16 -2.28721809156893e-14    -0.318070321815966     0.861947521934809     0.674747807026851  3.78197462596954e-15 -9.05534066560576e-17
-7.73381063036094e-19  1.04253305982144e-19  9.91805914532825e-17    2.225187919894e-16  -1.9642789171343e-14     0.861947521934804     0.318070321815966  3.78197462596954e-15     0.674747807026832 -7.19839365399246e-17
  -0.0139377862488526   -0.0115848306275159     0.787316629233233     0.331569180109107    -0.417346961160282 -4.81203682158233e-15 -1.33616532979638e-14 -9.05534066560576e-17 -7.19839365399246e-17     0.692657089296305
First eigenvector coefficient: -0.290761136621345
TOTAL ENERGY: -124.368095303578	 lambda: -4.75	 population of target: 3.66524866145261
1RDM: 
      1.9998532655537 -0.000122891841521228   0.00833671286224446   0.00354350348818699  -0.00436767163033203 -5.05091625604852e-17 -1.39489650986659e-16 -1.62147061319393e-18 -7.65965739115061e-19   -0.0138601982824802
-0.000122891841521228      1.99987949271126   0.00720960806254809   0.00360414202078593  -0.00295811496202711 -3.48289697524615e-17 -9.55107039897512e-17  -2.1123271438351e-18  1.07992494782496e-19   -0.0115316551670914
  0.00833671286224446   0.00720960806254809      1.52231438223738    -0.212375676495944     0.236117218266042  2.70835013474537e-15  7.51125102416615e-15  1.53148549953292e-16  9.89199688278787e-17     0.786346565488485
  0.00354350348818699   0.00360414202078593    -0.212375676495944      1.88263781766137    0.0700347364271013  8.56688513347973e-16  1.76311401205851e-15  7.97244142035321e-16   2.2251087865352e-16     0.330493325132132
 -0.00436767163033203  -0.00295811496202711     0.236117218266042    0.0700347364271013         1.83004128912  5.30142684851188e-15  1.41661202726593e-14 -2.28606907030998e-14 -1.96325792556644e-14    -0.417776825645106
-5.05091625604852e-17 -3.48289697524615e-17  2.70835013474537e-15  8.56688513347973e-16  5.30142684851188e-15      1.36419636198765    4.542583081685e-15      -0.3179126534075     0.861520251968332 -4.81693192157043e-15
-1.39489650986659e-16 -9.55107039897512e-17  7.51125102416615e-15  1.76311401205851e-15  1.41661202726593e-14    4.542583081685e-15      1.36419636198763     0.861520251968339       0.3179126534075 -1.33737370318425e-14
-1.62147061319393e-18  -2.1123271438351e-18  1.53148549953292e-16  7.97244142035321e-16 -2.28606907030998e-14      -0.3179126534075     0.861520251968339      0.67364191949775  3.31887817157641e-15  -9.0726297067575e-17
-7.65965739115061e-19  1.07992494782496e-19  9.89199688278787e-17   2.2251087865352e-16 -1.96325792556644e-14     0.861520251968332       0.3179126534075  3.31887817157641e-15     0.673641919497727  -7.1961013962184e-17
  -0.0138601982824802   -0.0115316551670914     0.786346565488485     0.330493325132132    -0.417776825645106 -4.81693192157043e-15 -1.33737370318425e-14  -9.0726297067575e-17  -7.1961013962184e-17     0.689597189745933
First eigenvector coefficient: 0.29191106323572
TOTAL ENERGY: -124.374675101263	 lambda: -4.7	 population of target: 3.66664125258733
1RDM: 
     1.99985525459972 -0.000121353830893502   0.00825967546599944   0.00350383180246187  -0.00433696338238477  -5.0152487746272e-17 -1.38495991257708e-16 -1.60528779764853e-18 -7.58508858858193e-19   -0.0137822330014159
-0.000121353830893502       1.9998806562799   0.00715258946200868   0.00357476498259961  -0.00293553063602016 -3.45638623078623e-17  -9.4781377600083e-17 -2.09815465306138e-18  1.11626070807928e-19   -0.0114785712352327
  0.00825967546599944   0.00715258946200868      1.52463203822747    -0.211003075092014     0.235447026305074  2.70060078113428e-15    7.489105578148e-15  1.52783319354555e-16  9.86498547225434e-17     0.785351296006743
  0.00350383180246187   0.00357476498259961    -0.211003075092014      1.88334368212316    0.0694890250246989  8.50040540565978e-16   1.7466060629493e-15  7.96303916777406e-16  2.22495734784552e-16     0.329401514589054
 -0.00433696338238477  -0.00293553063602016     0.235447026305074    0.0694890250246989      1.83002799842502  5.28742376297958e-15  1.41295036640973e-14 -2.28488691903241e-14 -1.96220871609703e-14    -0.418191202931394
 -5.0152487746272e-17 -3.45638623078623e-17  2.70060078113428e-15  8.50040540565978e-16  5.28742376297958e-15      1.36538842154728  3.58145915052437e-15    -0.317750508254829     0.861080850322909 -4.82164492032112e-15
-1.38495991257708e-16  -9.4781377600083e-17    7.489105578148e-15   1.7466060629493e-15  1.41295036640973e-14  3.58145915052437e-15      1.36538842154727     0.861080850322914     0.317750508254828  -1.3385322887888e-14
-1.60528779764853e-18 -2.09815465306138e-18  1.52783319354555e-16  7.96303916777406e-16 -2.28488691903241e-14    -0.317750508254829     0.861080850322914     0.672504481998543  2.34054313728275e-15 -9.08988923590835e-17
-7.58508858858193e-19  1.11626070807928e-19  9.86498547225434e-17  2.22495734784552e-16 -1.96220871609703e-14     0.861080850322909     0.317750508254828  2.34054313728275e-15     0.672504481998525 -7.19356354303341e-17
  -0.0137822330014159   -0.0114785712352327     0.785351296006743     0.329401514589054    -0.418191202931394 -4.82164492032112e-15  -1.3385322887888e-14 -9.08988923590835e-17 -7.19356354303341e-17     0.686474563253579
First eigenvector coefficient: -0.293090339418336
TOTAL ENERGY: -124.381409718457	 lambda: -4.65	 population of target: 3.66808185621005
1RDM: 
     1.99985723986303 -0.000119821144816569   0.00818221864073476    0.0034640386554708  -0.00430584783533288  -4.9791062751644e-17 -1.37489606333122e-16 -1.58894803907112e-18 -7.51009353135088e-19   -0.0137038878001813
-0.000119821144816569      1.99988181324244   0.00709540825119695   0.00354535205713861  -0.00291273202493583 -3.42961543776664e-17 -9.40453577247362e-17 -2.08393477175898e-18  1.15153652275931e-19   -0.0114255816981787
  0.00818221864073476   0.00709540825119695      1.52699164448005    -0.209612219087425     0.234749486243686  2.69253706603878e-15  7.46609693586218e-15  1.52408581952332e-16  9.83701494639449e-17     0.784329888287089
   0.0034640386554708   0.00354535205713861    -0.209612219087425       1.8840570414432     0.068931150380967  8.43248374620419e-16  1.72974647492309e-15  7.95339043163613e-16  2.22473847402685e-16     0.328293342910259
 -0.00430584783533288  -0.00291273202493583     0.234749486243686     0.068931150380967      1.83003182660149  5.27325356695464e-15  1.40924480171051e-14 -2.28367033081224e-14 -1.96112989687578e-14    -0.418588945986854
 -4.9791062751644e-17 -3.42961543776664e-17  2.69253706603878e-15  8.43248374620419e-16  5.27325356695464e-15      1.36661240654199  2.96532526671851e-15    -0.317583681176769     0.860628761024703 -4.82616258550048e-15
-1.37489606333122e-16 -9.40453577247362e-17  7.46609693586218e-15  1.72974647492309e-15  1.40924480171051e-14  2.96532526671851e-15      1.36661240654197     0.860628761024709      0.31758368117677 -1.33963748991705e-14
-1.58894803907112e-18 -2.08393477175898e-18  1.52408581952332e-16  7.95339043163613e-16 -2.28367033081224e-14    -0.317583681176769     0.860628761024709     0.671334208256061  3.25259496644264e-15 -9.10711181367919e-17
-7.51009353135088e-19  1.15153652275931e-19  9.83701494639449e-17  2.22473847402685e-16 -1.96112989687578e-14     0.860628761024703      0.31758368117677  3.25259496644264e-15     0.671334208256042 -7.19074821316076e-17
  -0.0137038878001813   -0.0114255816981787     0.784329888287089     0.328293342910259    -0.418588945986854 -4.82616258550048e-15 -1.33963748991705e-14 -9.10711181367919e-17 -7.19074821316076e-17     0.683287204774253
First eigenvector coefficient: -0.294300115429205
TOTAL ENERGY: -124.388305003604	 lambda: -4.6	 population of target: 3.66957277507972
1RDM: 
     1.99985922121428 -0.000118293823714451   0.00810433791516696   0.00342412413311111  -0.00427431501104479 -4.94247695837183e-17 -1.36470182054877e-16 -1.57245553150194e-18  -7.4347221491718e-19   -0.0136251602409262
-0.000118293823714451      1.99988296360654   0.00703805937443049   0.00351590172052124  -0.00288971166290327  -3.4025759028008e-17 -9.33024286732995e-17 -2.06964440935156e-18  1.18584130248092e-19   -0.0113726898352104
  0.00810433791516696   0.00703805937443049      1.52939433671586     -0.20820272535695     0.234023515818552  2.68414611645653e-15  7.44218939059448e-15  1.52026426298082e-16  9.80820945516922e-17     0.783281363472866
  0.00342412413311111   0.00351590172052124     -0.20820272535695      1.88477802330304    0.0683607480382583  8.36306458966919e-16  1.71252000354891e-15  7.94354944128097e-16  2.22449222805905e-16     0.327168384760848
 -0.00427431501104479  -0.00288971166290327     0.234023515818552    0.0683607480382583      1.83005370074856  5.25891067813514e-15  1.40549364640431e-14 -2.28241697657181e-14 -1.96001961121587e-14    -0.418968836226602
-4.94247695837183e-17  -3.4025759028008e-17  2.68414611645653e-15  8.36306458966919e-16  5.25891067813514e-15      1.36786962187284  2.24266186156167e-15    -0.317411954394136      0.86016339388324 -4.83047082010744e-15
-1.36470182054877e-16 -9.33024286732995e-17  7.44218939059448e-15  1.71252000354891e-15  1.40549364640431e-14  2.24266186156167e-15      1.36786962187282     0.860163393883245     0.317411954394137 -1.34068552353008e-14
-1.57245553150194e-18 -2.06964440935156e-18  1.52026426298082e-16  7.94354944128097e-16 -2.28241697657181e-14    -0.317411954394136     0.860163393883245     0.670129742555916  4.14316575302665e-15 -9.12424307312032e-17
 -7.4347221491718e-19  1.18584130248092e-19  9.80820945516922e-17  2.22449222805905e-16 -1.96001961121587e-14      0.86016339388324     0.317411954394137  4.14316575302665e-15     0.670129742555899 -7.18760886352276e-17
  -0.0136251602409262   -0.0113726898352104     0.783281363472866     0.327168384760848    -0.418968836226602 -4.83047082010744e-15 -1.34068552353008e-14 -9.12424307312032e-17 -7.18760886352276e-17     0.680033025554826
First eigenvector coefficient: -0.295541601690904
TOTAL ENERGY: -124.395367106	 lambda: -4.55	 population of target: 3.67111645322484
1RDM: 
     1.99986119852472 -0.000116771904463462   0.00802602861996028   0.00338408827106399  -0.00424235454697369 -4.90534871734789e-17 -1.35437397872984e-16 -1.55580674981963e-18  -7.3589729310843e-19   -0.0135460477205309
-0.000116771904463462      1.99988410738523    0.0069805373907524   0.00348641227710946  -0.00286646167987837 -3.37525807422961e-17 -9.25523462847259e-17 -2.05527875482244e-18  1.21913946241107e-19   -0.0113198987841487
  0.00802602861996028    0.0069805373907524      1.53184129230724      -0.2067741977127     0.233267985420995   2.6754149353269e-15  7.41734748943177e-15  1.51636746715454e-16  9.77854541793019e-17     0.782204692742794
  0.00338408827106399   0.00348641227710946      -0.2067741977127      1.88550676010884    0.0677774401947495  8.29210198813391e-16  1.69491571958521e-15  7.93351191095041e-16  2.22421977132329e-16     0.326026194746399
 -0.00424235454697369  -0.00286646167987837     0.233267985420995    0.0677774401947495       1.8300945951644  5.24439051893819e-15  1.40169567408108e-14 -2.28112508180531e-14 -1.95887635340316e-14     -0.41932957853062
-4.90534871734789e-17 -3.37525807422961e-17   2.6754149353269e-15  8.29210198813391e-16  5.24439051893819e-15      1.36916144268006  4.10211063707769e-15    -0.317235096662009     0.859684122241574 -4.83455455687471e-15
-1.35437397872984e-16 -9.25523462847259e-17  7.41734748943177e-15  1.69491571958521e-15  1.40169567408108e-14  4.10211063707769e-15      1.36916144268004     0.859684122241582     0.317235096662008 -1.34167233097756e-14
-1.55580674981963e-18 -2.05527875482244e-18  1.51636746715454e-16  7.93351191095041e-16 -2.28112508180531e-14    -0.317235096662009     0.859684122241582     0.668889656255127  3.33827753412355e-15 -9.14126639917767e-17
 -7.3589729310843e-19  1.21913946241107e-19  9.77854541793019e-17  2.22421977132329e-16 -1.95887635340316e-14     0.859684122241574     0.317235096662008  3.33827753412355e-15     0.668889656255107 -7.18412304367886e-17
  -0.0135460477205309   -0.0113198987841487     0.782204692742794     0.326026194746399     -0.41932957853062 -4.83455455687471e-15 -1.34167233097756e-14 -9.14126639917767e-17 -7.18412304367886e-17     0.676709848639865
First eigenvector coefficient: -0.296816072641203
TOTAL ENERGY: -124.402602494838	 lambda: -4.5	 population of target: 3.67271548639705
1RDM: 
     1.99986317166447 -0.000115255422419293   0.00794728592948987   0.00334393106577489  -0.00420995570917752 -4.86770901909859e-17 -1.34390922065875e-16 -1.53899747756224e-18 -7.28284108434118e-19   -0.0134665475420923
-0.000115255422419293      1.99988524459462   0.00692283654006872   0.00345688188167285  -0.00284297382693718  -3.3476519093429e-17 -9.17948533460355e-17 -2.04083413794569e-18  1.25138356266959e-19   -0.0112672116706434
  0.00794728592948987   0.00692283654006872      1.53433373190332    -0.205326226090168     0.232481716023526   2.6663299884567e-15  7.39153435652541e-15  1.51239275381154e-16  9.74798752332538e-17     0.781098794218638
  0.00334393106577489   0.00345688188167285    -0.205326226090168      1.88624338948093    0.0671808351220115  8.21954907600796e-16  1.67692264285914e-15  7.92326909142126e-16  2.22391952522839e-16     0.324866305606258
 -0.00420995570917752  -0.00284297382693718     0.232481716023526    0.0671808351220115      1.83015553374295  5.22968831379105e-15  1.39784961883961e-14 -2.27979281008209e-14 -1.95769855637994e-14    -0.419669796154246
-4.86770901909859e-17  -3.3476519093429e-17   2.6663299884567e-15  8.21954907600796e-16  5.22968831379105e-15      1.37048931923485  2.26154830649917e-15    -0.317052862221192     0.859190280110033 -4.83839777462072e-15
-1.34390922065875e-16 -9.17948533460355e-17  7.39153435652541e-15  1.67692264285914e-15  1.39784961883961e-14  2.26154830649917e-15      1.37048931923483      0.85919028011004     0.317052862221193 -1.34259359571052e-14
-1.53899747756224e-18 -2.04083413794569e-18  1.51239275381154e-16  7.92326909142126e-16 -2.27979281008209e-14    -0.317052862221192      0.85919028011004     0.667612442693834  4.88980758442326e-15 -9.15816667169308e-17
-7.28284108434118e-19  1.25138356266959e-19  9.74798752332538e-17  2.22391952522839e-16 -1.95769855637994e-14     0.859190280110033     0.317052862221193  4.88980758442326e-15     0.667612442693814 -7.18026875205709e-17
  -0.0134665475420923   -0.0112672116706434     0.781098794218638     0.324866305606258    -0.419669796154246 -4.83839777462072e-15 -1.34259359571052e-14 -9.15816667169308e-17 -7.18026875205709e-17     0.673315404757085
First eigenvector coefficient: -0.298124870894726
TOTAL ENERGY: -124.410017979788	 lambda: -4.45	 population of target: 3.6743726334512
1RDM: 
     1.99986514050264  -0.00011374441124604   0.00786810485120525   0.00330365246797277  -0.00417710737555819 -4.82954487739422e-17 -1.33330410904849e-16 -1.52202323454251e-18 -7.20632150395058e-19   -0.0133866569017205
 -0.00011374441124604      1.99988637525425   0.00686495072158256   0.00342730852712996  -0.00281923945492757 -3.31974687429119e-17 -9.10296800008798e-17 -2.02630675221043e-18  1.28252254731259e-19   -0.0112146315954931
  0.00786810485120525   0.00686495072158256      1.53687292137102    -0.203858385805274     0.231663476893534  2.65687715202293e-15  7.36471151192336e-15   1.5083372105865e-16  9.71649796290121e-17     0.779962529466957
  0.00330365246797277   0.00342730852712996    -0.203858385805274      1.88698805461616    0.0665705265936014  8.14535729190748e-16  1.65852943317075e-15  7.91281141279969e-16  2.22358962110336e-16     0.323688226545113
 -0.00417710737555819  -0.00281923945492757     0.231663476893534    0.0665705265936014       1.8302375924796  5.21479897725508e-15  1.39395413312221e-14 -2.27841821218508e-14 -1.95648455614534e-14    -0.419988025204513
-4.82954487739422e-17 -3.31974687429119e-17  2.65687715202293e-15  8.14535729190748e-16  5.21479897725508e-15      1.37185478196843  7.68603021509632e-16    -0.316864989675248     0.858681159123093 -4.84198344006305e-15
-1.33330410904849e-16 -9.10296800008798e-17  7.36471151192336e-15  1.65852943317075e-15  1.39395413312221e-14  7.68603021509632e-16      1.37185478196841     0.858681159123098      0.31686498967525  -1.3434447284699e-14
-1.52202323454251e-18 -2.02630675221043e-18   1.5083372105865e-16  7.91281141279969e-16 -2.27841821218508e-14    -0.316864989675248     0.858681159123098     0.666296511978893  4.64139185913691e-15 -9.17492761118794e-17
-7.20632150395058e-19  1.28252254731259e-19  9.71649796290121e-17  2.22358962110336e-16 -1.95648455614534e-14     0.858681159123093      0.31686498967525  4.64139185913691e-15      0.66629651197888 -7.17602265793978e-17
  -0.0133866569017205   -0.0112146315954931     0.779962529466957     0.323688226545113    -0.419988025204513 -4.84198344006305e-15  -1.3434447284699e-14 -9.17492761118794e-17 -7.17602265793978e-17     0.669847327882518
First eigenvector coefficient: -0.299469411721483
TOTAL ENERGY: -124.417620733111	 lambda: -4.4	 population of target: 3.67609082871663
1RDM: 
      1.9998671049074 -0.000112238902729105   0.00778848021413996   0.00326325237553815  -0.00414379801827441 -4.79084283157762e-17 -1.32255508079413e-16   -1.504879294806e-18 -7.12940900807809e-19   -0.0133063728735498
-0.000112238902729105      1.99988749938732   0.00680687347060661   0.00339769003126124  -0.00279524949182651 -3.29153191821427e-17 -9.02565431161065e-17 -2.01169254186123e-18  1.31250215310203e-19   -0.0111621616200352
  0.00778848021413996   0.00680687347060661      1.53946017382815      -0.2023702367631     0.230811983212629  2.64704168347433e-15  7.33683878895265e-15  1.50419778966966e-16  9.68403703345007e-17     0.778794699724774
  0.00326325237553815   0.00339769003126124      -0.2023702367631      1.88774090467874     0.065946093295504  8.06947625118655e-16  1.63972435370774e-15  7.90212872781559e-16  2.22322808284685e-16      0.32249144140888
 -0.00414379801827441  -0.00279524949182651     0.230811983212629     0.065946093295504      1.83034190208611  5.19971707584706e-15   1.3900077765782e-14  -2.2769992138567e-14 -1.95523258187394e-14    -0.420282708708351
-4.79084283157762e-17 -3.29153191821427e-17  2.64704168347433e-15  8.06947625118655e-16  5.19971707584706e-15      1.37325944689393  3.56810744020052e-15    -0.316671200764957     0.858156005218231   -4.845293439514e-15
-1.32255508079413e-16 -9.02565431161065e-17  7.33683878895265e-15  1.63972435370774e-15   1.3900077765782e-14  3.56810744020052e-15      1.37325944689391     0.858156005218239     0.316671200764957 -1.34422084890664e-14
  -1.504879294806e-18 -2.01169254186123e-18  1.50419778966966e-16  7.90212872781559e-16  -2.2769992138567e-14    -0.316671200764957     0.858156005218239     0.664940185359492  3.98555284794534e-15 -9.19153145570124e-17
-7.12940900807809e-19  1.31250215310203e-19  9.68403703345007e-17  2.22322808284685e-16 -1.95523258187394e-14     0.858156005218231     0.316671200764957  3.98555284794534e-15     0.664940185359472 -7.17135986245839e-17
  -0.0133063728735498   -0.0111621616200352     0.778794699724774      0.32249144140888    -0.420282708708351   -4.845293439514e-15 -1.34422084890664e-14 -9.19153145570124e-17 -7.17135986245839e-17     0.666303150606374
First eigenvector coefficient: -0.30085118786888
TOTAL ENERGY: -124.425418313443	 lambda: -4.35	 population of target: 3.67787319545627
1RDM: 
     1.99986906474615 -0.000110738926569564    0.0077084066564775   0.00322273062564951  -0.00411001568530213 -4.75158892490192e-17  -1.3116584411761e-16  -1.4875606718882e-18 -7.05209836602839e-19   -0.0132256923926906
-0.000110738926569564      1.99988861702101   0.00674859793359704   0.00336802402229802  -0.00277099441871554  -3.2629954438992e-17 -8.94751455301678e-17 -1.99698717382009e-18  1.34126472380423e-19   -0.0111098047492902
   0.0077084066564775   0.00674859793359704      1.54209685177143    -0.200861322615447      0.22992589360174  2.63680819318848e-15  7.30787425625343e-15  1.49997130918937e-16  9.65056308753525e-17     0.777594041824275
  0.00322273062564951   0.00336802402229802    -0.200861322615447       1.8885020952206    0.0653070982185879  7.99185366635707e-16  1.62049525522358e-15  7.89121028975597e-16  2.22283283414988e-16     0.321275406688347
 -0.00411001568530213  -0.00277099441871554      0.22992589360174    0.0653070982185879      1.83046965071313  5.18443679184647e-15  1.38600900632171e-14 -2.27553360565387e-14 -1.95394074727785e-14    -0.420552190242424
-4.75158892490192e-17  -3.2629954438992e-17  2.63680819318848e-15  7.99185366635707e-16  5.18443679184647e-15      1.37470502145485   3.4303921337407e-15    -0.316471199029339     0.857614015007433 -4.84830850505935e-15
 -1.3116584411761e-16 -8.94751455301678e-17  7.30787425625343e-15  1.62049525522358e-15  1.38600900632171e-14   3.4303921337407e-15      1.37470502145483     0.857614015007437     0.316471199029338  -1.3449167656428e-14
 -1.4875606718882e-18 -1.99698717382009e-18  1.49997130918937e-16  7.89121028975597e-16 -2.27553360565387e-14    -0.316471199029339     0.857614015007437     0.663541689160685  1.65308295506857e-15 -9.20795881524628e-17
-7.05209836602839e-19  1.34126472380423e-19  9.65056308753525e-17  2.22283283414988e-16 -1.95394074727785e-14     0.857614015007433     0.316471199029338  1.65308295506857e-15      0.66354168916067 -7.16625377925609e-17
  -0.0132256923926906   -0.0111098047492902     0.777594041824275     0.321275406688347    -0.420552190242424 -4.84830850505935e-15  -1.3449167656428e-14 -9.20795881524628e-17 -7.16625377925609e-17     0.662680299297629
First eigenvector coefficient: 0.30227177475583
TOTAL ENERGY: -124.433418691389	 lambda: -4.3	 population of target: 3.67972306052131
1RDM: 
     1.99987101988563 -0.000109244510155444   0.00762787861202417   0.00318208698613153  -0.00407574798106896 -4.71176868224196e-17 -1.30061035795134e-16 -1.47006207718053e-18 -6.97438415459046e-19   -0.0131446122357293
-0.000109244510155444      1.99988972818685   0.00669011684115577   0.00333830792325314   -0.0027464642442427 -3.23412527524297e-17 -8.86851751992138e-17  -1.9821860720857e-18  1.36874856864605e-19   -0.0110575639123781
  0.00762787861202417   0.00669011684115577      1.54478436930269    -0.199331169864575     0.229003807552483  2.62616061642515e-15  7.27777414235681e-15  1.49565438418616e-16  9.61603200474999e-17     0.776359223789343
  0.00318208698613153   0.00333830792325314    -0.199331169864575      1.88927178863356    0.0646530880355077  7.91243529620042e-16  1.60082957336414e-15  7.88004455939949e-16  2.22240159519522e-16     0.320039549334244
 -0.00407574798106896   -0.0027464642442427     0.229003807552483    0.0646530880355077      1.83062208678033  5.16895188728476e-15  1.38195616782849e-14 -2.27401903402912e-14 -1.95260704263073e-14    -0.420794707090114
-4.71176868224196e-17 -3.23412527524297e-17  2.62616061642515e-15  7.91243529620042e-16  5.16895188728476e-15      1.37619331083692  4.09245863581945e-15    -0.316264668341388     0.857054331809209 -4.85100813517269e-15
-1.30061035795134e-16 -8.86851751992138e-17  7.27777414235681e-15  1.60082957336414e-15  1.38195616782849e-14  4.09245863581945e-15      1.37619331083691     0.857054331809215     0.316264668341387 -1.34552695479028e-14
-1.47006207718053e-18  -1.9821860720857e-18  1.49565438418616e-16  7.88004455939949e-16 -2.27401903402912e-14    -0.316264668341388     0.857054331809215     0.662099148235926  2.71613090655788e-15 -9.22418855877158e-17
-6.97438415459046e-19  1.36874856864605e-19  9.61603200474999e-17  2.22240159519522e-16 -1.95260704263073e-14     0.857054331809209     0.316264668341387  2.71613090655788e-15     0.662099148235908 -7.16067602857215e-17
  -0.0131446122357293   -0.0110575639123781     0.776359223789343     0.320039549334244    -0.420794707090114 -4.85100813517269e-15 -1.34552695479028e-14 -9.22418855877158e-17 -7.16067602857215e-17     0.658976089066321
First eigenvector coefficient: 0.303732836070774
TOTAL ENERGY: -124.441630277061	 lambda: -4.25	 population of target: 3.68164397032021
1RDM: 
      1.9998729701921 -0.000107755678313583   0.00754689029564915   0.00314132114598168  -0.00404098204622893 -4.67136708699802e-17 -1.28940685524877e-16 -1.45237786518228e-18  -6.8962605372263e-19   -0.0130631289987044
-0.000107755678313583      1.99989083292109   0.00663142247907804   0.00330853893497904  -0.00272164847762196 -3.20490862224676e-17 -8.78863042721417e-17 -1.96728447913845e-18  1.39488709302379e-19   -0.0110054419402469
  0.00754689029564915   0.00663142247907804      1.54752419445469    -0.197779286909908      0.22804426276705  2.61508218485601e-15  7.24649275966363e-15  1.49124332720915e-16  9.58039644672864e-17      0.77508884007464
  0.00314132114598168   0.00330853893497904    -0.197779286909908      1.89005015463537    0.0639835924636982  7.83116490792072e-16  1.58071433179301e-15  7.86861893283529e-16  2.22193172690692e-16     0.318783264363335
 -0.00404098204622893  -0.00272164847762196      0.22804426276705    0.0639835924636982      1.83080052191144  5.15325566526669e-15  1.37784748533574e-14 -2.27245299231924e-14 -1.95122932656532e-14    -0.421008382890146
-4.67136708699802e-17 -3.20490862224676e-17  2.61508218485601e-15  7.83116490792072e-16  5.15325566526669e-15      1.37772622478482  2.89271530529684e-15    -0.316051271304971     0.856476041304503 -4.85337050938086e-15
-1.28940685524877e-16 -8.78863042721417e-17  7.24649275966363e-15  1.58071433179301e-15  1.37784748533574e-14  2.89271530529684e-15       1.3777262247848     0.856476041304509     0.316051271304971 -1.34604553684879e-14
-1.45237786518228e-18 -1.96728447913845e-18  1.49124332720915e-16  7.86861893283529e-16 -2.27245299231924e-14    -0.316051271304971     0.856476041304509     0.660610578895763  3.65343199747216e-15 -9.24019769906315e-17
 -6.8962605372263e-19  1.39488709302379e-19  9.58039644672864e-17  2.22193172690692e-16 -1.95122932656532e-14     0.856476041304503     0.316051271304971  3.65343199747216e-15     0.660610578895745 -7.15459633147084e-17
  -0.0130631289987044   -0.0110054419402469      0.77508884007464     0.318783264363335    -0.421008382890146 -4.85337050938086e-15 -1.34604553684879e-14 -9.24019769906315e-17 -7.15459633147084e-17     0.655187718525317
First eigenvector coefficient: -0.305236129810023
TOTAL ENERGY: -124.450061949751	 lambda: -4.2	 population of target: 3.68363970823496
1RDM: 
     1.99987491553149  -0.00010627245304587   0.00746543568778604   0.00310043270505974  -0.00400570453664057 -4.63036855624291e-17 -1.27804380688293e-16 -1.43450202198466e-18  -6.8177213493454e-19   -0.0129812390725139
 -0.00010627245304587      1.99989193126505    0.0065725066575213   0.00327871401792377  -0.00269653610021409 -3.17533204647711e-17 -8.70781882152631e-17 -1.95227740262502e-18  1.41960865296172e-19   -0.0109534415407392
  0.00746543568778604    0.0065725066575213      1.55031785161692    -0.196205163034543     0.227045732408989   2.6035553947538e-15  7.21398241583701e-15  1.48673417287917e-16  9.54360593341468e-17     0.773781406416354
  0.00310043270505974   0.00327871401792377    -0.196205163034543       1.8908373707923    0.0632981236167585  7.74798418246251e-16  1.56013612132516e-15  7.85691976720901e-16  2.22142027186726e-16     0.317505912233467
 -0.00400570453664057  -0.00269653610021409     0.227045732408989    0.0632981236167585        1.831006333972  5.13734091882461e-15  1.37368104780973e-14 -2.27083280681784e-14 -1.94980531437712e-14    -0.421191219735578
-4.63036855624291e-17 -3.17533204647711e-17   2.6035553947538e-15  7.74798418246251e-16  5.13734091882461e-15       1.3793057849709  5.02348409951675e-15    -0.315830647497667      0.85587816677473 -4.85537239675425e-15
-1.27804380688293e-16 -8.70781882152631e-17  7.21398241583701e-15  1.56013612132516e-15  1.37368104780973e-14  5.02348409951675e-15      1.37930578497088     0.855878166774738     0.315830647497666 -1.34646625199286e-14
-1.43450202198466e-18 -1.95227740262502e-18  1.48673417287917e-16  7.85691976720901e-16 -2.27083280681784e-14    -0.315830647497667     0.855878166774738      0.65907388126339  3.91644281942357e-15 -9.25596115512957e-17
 -6.8177213493454e-19  1.41960865296172e-19  9.54360593341468e-17  2.22142027186726e-16 -1.94980531437712e-14      0.85587816677473     0.315830647497666  3.91644281942357e-15     0.659073881263366 -7.14798233626827e-17
  -0.0129812390725139   -0.0109534415407392     0.773781406416354     0.317505912233467    -0.421191219735578 -4.85537239675425e-15 -1.34646625199286e-14 -9.25596115512957e-17 -7.14798233626827e-17     0.651312264354909
