HCORE:-26.8507 -7.94684 -7.80305 -8.70704 -8.93672 -33.9337  -9.2709 -7.45963 -7.45963 -8.70704
HCORE2:-33.9337 -26.8507  -9.2709 -8.93672 -8.70704 -8.70704 -7.94684 -7.80305 -7.45963 -7.45963
TOTAL ENERGY: -124.511157967055	 lambda: -5	 population of target: 3.92867255119366
1RDM: 
     1.99998444440301 -1.08353533161536e-05  -0.00185068651436835 -0.000862471449947131   0.00376136052546607 -1.32407779566223e-16  3.09586954530561e-16 -5.40166111266479e-16  5.52047241523186e-16   0.00354867032983262
-1.08353533161536e-05      1.99997038454618  -0.00170193576629408  -0.00167767853888212   0.00188708787585096  2.65217867891038e-16 -7.04541271986606e-16  5.99361901363615e-16 -6.16092660752343e-16   0.00233389225577579
 -0.00185068651436835  -0.00170193576629408       1.7710733834155    -0.125496267485338     0.431890847849808 -3.80937451563277e-14  9.37192328164963e-14 -1.48498037674242e-13  1.52769717634707e-13     0.419294662695755
-0.000862471449947131  -0.00167767853888212    -0.125496267485338      1.89191660474519     0.167049609552787 -4.70260231773845e-14   1.1857873813666e-13  -1.8529599240163e-13  1.90842528066113e-13      0.18883976959513
  0.00376136052546607   0.00188708787585096     0.431890847849808     0.167049609552787      1.06149604120284 -1.61382510602483e-14   4.8284979055816e-14 -5.05294784974874e-14  5.32951321412642e-14    -0.863831625752421
-1.32407779566223e-16  2.65217867891038e-16 -3.80937451563277e-14 -4.70260231773845e-14 -1.61382510602483e-14      1.54904254042741 -2.35402652452783e-14     0.342049680454443     0.749713985877069 -1.47234968168204e-14
 3.09586954530561e-16 -7.04541271986606e-16  9.37192328164963e-14   1.1857873813666e-13   4.8284979055816e-14 -2.35402652452783e-14      1.54904254042738     0.749713985877097    -0.342049680454426  4.26234944940892e-14
-5.40166111266479e-16  5.99361901363615e-16 -1.48498037674242e-13  -1.8529599240163e-13 -5.05294784974874e-14     0.342049680454443     0.749713985877097     0.494150333728372  2.91724214697072e-15 -3.38063843617035e-14
 5.52047241523186e-16 -6.16092660752343e-16  1.52769717634707e-13  1.90842528066113e-13  5.32951321412642e-14     0.749713985877069    -0.342049680454426  2.91724214697072e-15       0.4941503337283  3.75769961648512e-14
  0.00354867032983262   0.00233389225577579     0.419294662695755      0.18883976959513    -0.863831625752421 -1.47234968168204e-14  4.26234944940892e-14 -3.38063843617035e-14  3.75769961648512e-14       1.1891733933759
First eigenvector coefficient: 0.23441968393427
TOTAL ENERGY: -124.513080029756	 lambda: -4.95	 population of target: 3.92905890662104
1RDM: 
     1.99998462809997 -1.07499354418089e-05  -0.00183582650242016 -0.000854019175925658   0.00373794852762058  5.19332284314598e-18 -3.99065002467051e-17 -5.85480845878415e-17  5.32695405162905e-17   0.00353144843394654
-1.07499354418089e-05        1.999970399024  -0.00169691595613624  -0.00167505810212499   0.00188051186274404  1.07511803036556e-17 -4.87284473439974e-17 -1.06339493825072e-17   1.3634661199602e-17   0.00233160292705833
 -0.00183582650242016  -0.00169691595613624      1.77200485380206    -0.124885100871665     0.430805314239721  6.02121547059498e-16 -4.80122510826033e-15 -6.92065482644785e-15  6.47509575655111e-15     0.418855469954919
-0.000854019175925658  -0.00167505810212499    -0.124885100871665      1.89225548471094     0.166145860571743   1.1007361314956e-16 -1.64924353303982e-15 -4.02825035661384e-15   3.9424499955218e-15     0.188279248892489
  0.00373794852762058   0.00188051186274404     0.430805314239721     0.166145860571743      1.06201454115139 -5.87693559597945e-15  2.20463188966086e-14 -2.81628399738985e-15  4.31681683565192e-15    -0.864506235800298
 5.19332284314598e-18  1.07511803036556e-17  6.02121547059498e-16   1.1007361314956e-16 -5.87693559597945e-15      1.54949253663917  -2.2694020744654e-14     0.341932213714665     0.749456518970571 -1.24443614579267e-15
-3.99065002467051e-17 -4.87284473439974e-17 -4.80122510826033e-15 -1.64924353303982e-15  2.20463188966086e-14  -2.2694020744654e-14      1.54949253663914     0.749456518970598    -0.341932213714647  8.57810506838468e-15
-5.85480845878415e-17 -1.06339493825072e-17 -6.92065482644785e-15 -4.02825035661384e-15 -2.81628399738985e-15     0.341932213714665     0.749456518970598     0.493680997529916  3.21036019811772e-15  1.44567136500988e-14
 5.32695405162905e-17   1.3634661199602e-17  6.47509575655111e-15   3.9424499955218e-15  4.31681683565192e-15     0.749456518970571    -0.341932213714647  3.21036019811772e-15     0.493680997529855 -1.25450906627985e-14
  0.00353144843394654   0.00233160292705833     0.418855469954919     0.188279248892489    -0.864506235800298 -1.24443614579267e-15  8.57810506838468e-15  1.44567136500988e-14 -1.25450906627985e-14      1.18742302487369
First eigenvector coefficient: -0.235054793662789
TOTAL ENERGY: -124.515050202451	 lambda: -4.9	 population of target: 3.92945895357846
1RDM: 
     1.99998481121587 -1.06646374690761e-05  -0.00182093084167827  -0.00084559474686311   0.00371440245202692  9.07722139052888e-18 -4.95902493744148e-17 -4.46362170236134e-17  3.88790218314087e-17   0.00351422460754051
-1.06646374690761e-05      1.99997041350776  -0.00169187286661152  -0.00167244518580365   0.00187389855584803  7.51429474133008e-18 -4.01747615285847e-17 -1.05856201350279e-17  1.36292367187843e-17   0.00232938883387612
 -0.00182093084167827  -0.00169187286661152      1.77294672835348    -0.124272871538934     0.429697893883304  1.39779517185713e-15 -6.81379883668356e-15  -3.8715681245712e-15  3.32342660295084e-15     0.418414892897356
 -0.00084559474686311  -0.00167244518580365    -0.124272871538934      1.89259284235861     0.165238661179963   3.5684212737526e-16 -2.26771063292025e-15 -2.47170951273937e-15  2.34785262406732e-15     0.187723373579487
  0.00371440245202692   0.00187389855584803     0.429697893883304     0.165238661179963      1.06257422314429 -6.25497737613577e-15   2.3010208949174e-14 -3.62874589909718e-15  5.16575329025539e-15     -0.86518597998027
 9.07722139052888e-18  7.51429474133008e-18  1.39779517185713e-15   3.5684212737526e-16 -6.25497737613577e-15       1.5499557407802 -2.37921120681743e-14     0.341811108284551     0.749191076745762  -4.8112619942846e-16
-4.95902493744148e-17 -4.01747615285847e-17 -6.81379883668356e-15 -2.26771063292025e-15   2.3010208949174e-14 -2.37921120681743e-14      1.54995574078017     0.749191076745793    -0.341811108284532  6.65385915821016e-15
-4.46362170236134e-17 -1.05856201350279e-17  -3.8715681245712e-15 -2.47170951273937e-15 -3.62874589909718e-15     0.341811108284551     0.749191076745793     0.493198211508963  2.79368523480182e-15  1.72247635322216e-14
 3.88790218314087e-17  1.36292367187843e-17  3.32342660295084e-15  2.34785262406732e-15  5.16575329025539e-15     0.749191076745762    -0.341811108284532  2.79368523480182e-15       0.4931982115089 -1.54151513736351e-14
  0.00351422460754051   0.00232938883387612     0.418414892897356     0.187723373579487     -0.86518597998027  -4.8112619942846e-16  6.65385915821016e-15  1.72247635322216e-14 -1.54151513736351e-14        1.185623076842
First eigenvector coefficient: -0.235708273400399
TOTAL ENERGY: -124.517070772318	 lambda: -4.85	 population of target: 3.92987344212508
1RDM: 
     1.99998499373764 -1.05794584407465e-05  -0.00180599926357969 -0.000837198642821852   0.00369072051606284   9.1552904387659e-18 -4.96283984051015e-17 -4.39238948492478e-17  3.81850964644057e-17   0.00349700148246457
-1.05794584407465e-05      1.99997042800905  -0.00168680504913645  -0.00166983931040675    0.0018672456272886  7.45905415206464e-18 -4.00052374592705e-17 -1.02446167437734e-17    1.331371310432e-17   0.00232725218903358
 -0.00180599926357969  -0.00168680504913645      1.77389931801465    -0.123659542957629     0.428567824141456  1.41692914907096e-15 -6.85610726855476e-15 -3.77580596279977e-15  3.22713977619646e-15     0.417972954283347
-0.000837198642821852  -0.00166983931040675    -0.123659542957629      1.89292867228919     0.164327941683042  3.48269965126435e-16 -2.24175395908133e-15  -2.4588068762311e-15  2.33861763711075e-15     0.187172379347167
  0.00369072051606284    0.0018672456272886     0.428567824141456     0.164327941683042      1.06317693603233 -6.27643104714171e-15  2.30639302539292e-14 -3.69890261922526e-15  5.23682733054448e-15    -0.865870931475946
  9.1552904387659e-18  7.45905415206464e-18  1.41692914907096e-15  3.48269965126435e-16 -6.27643104714171e-15      1.55043273804351 -2.33741152772214e-14     0.341686194950461     0.748917288252505 -4.57863197187118e-16
-4.96283984051015e-17 -4.00052374592705e-17 -6.85610726855476e-15 -2.24175395908133e-15  2.30639302539292e-14 -2.33741152772214e-14      1.55043273804348     0.748917288252535    -0.341686194950443  6.60403765275073e-15
-4.39238948492478e-17 -1.02446167437734e-17 -3.77580596279977e-15  -2.4588068762311e-15 -3.69890261922526e-15     0.341686194950461     0.748917288252535     0.492701387522072  2.00110162612624e-15  1.73349030729783e-14
 3.81850964644057e-17    1.331371310432e-17  3.22713977619646e-15  2.33861763711075e-15  5.23682733054448e-15     0.748917288252505    -0.341686194950443  2.00110162612624e-15     0.492701387522008 -1.55288310726552e-14
  0.00349700148246457   0.00232725218903358     0.417972954283347     0.187172379347167    -0.865870931475946 -4.57863197187118e-16  6.60403765275073e-15  1.73349030729783e-14 -1.55288310726552e-14      1.18377140078643
First eigenvector coefficient: -0.236380936082033
TOTAL ENERGY: -124.5191441705	 lambda: -4.8	 population of target: 3.93030317548091
1RDM: 
      1.9999851756518 -1.04943975428288e-05  -0.00179103149191773 -0.000828831350069509   0.00366690086563916  9.11160614527301e-18 -4.93577163740144e-17 -4.36315723389401e-17  3.79276408475825e-17   0.00347978186570604
-1.04943975428288e-05      1.99997044254006  -0.00168171098098952  -0.00166723996389617   0.00186055061299176  7.44649356872043e-18 -3.99543146381593e-17 -1.01479675815909e-17  1.32500823048507e-17   0.00232519532419416
 -0.00179103149191773  -0.00168171098098952      1.77486294848243    -0.123045074630112     0.427414302819747  1.41581196359509e-15  -6.8470577058099e-15 -3.75926191953747e-15  3.21291857154099e-15      0.41752967849942
-0.000828831350069509  -0.00166723996389617    -0.123045074630112      1.89326297067163     0.163413624280116  3.47368040765099e-16  -2.2356902631993e-15 -2.44282567390626e-15  2.32592569549817e-15     0.186626511537981
  0.00366690086563916   0.00186055061299176     0.427414302819747     0.163413624280116       1.0638246362379 -6.27637845657546e-15   2.3062566053477e-14 -3.71331766457976e-15  5.24980243548082e-15    -0.866561159190222
 9.11160614527301e-18  7.44649356872043e-18  1.41581196359509e-15  3.47368040765099e-16 -6.27637845657546e-15      1.55092414686312 -2.28976679734704e-14     0.341557294381455      0.74863476040939 -4.64418736659633e-16
-4.93577163740144e-17 -3.99543146381593e-17  -6.8470577058099e-15  -2.2356902631993e-15   2.3062566053477e-14 -2.28976679734704e-14      1.55092414686309     0.748634760409416    -0.341557294381436  6.62995570271665e-15
-4.36315723389401e-17 -1.01479675815909e-17 -3.75926191953747e-15 -2.44282567390626e-15 -3.71331766457976e-15     0.341557294381455     0.748634760409416      0.49218990402037  3.08022893707913e-15  1.73386156496868e-14
 3.79276408475825e-17  1.32500823048507e-17  3.21291857154099e-15  2.32592569549817e-15  5.24980243548082e-15      0.74863476040939    -0.341557294381436  3.08022893707913e-15     0.492189904020307 -1.55321788312016e-14
  0.00347978186570604   0.00232519532419416      0.41752967849942     0.186626511537981    -0.866561159190222 -4.64418736659633e-16  6.62995570271665e-15  1.73386156496868e-14 -1.55321788312016e-14       1.1818657246497
First eigenvector coefficient: 0.23707364208906
TOTAL ENERGY: -124.521272981764	 lambda: -4.75	 population of target: 3.93074901427471
1RDM: 
     1.99998535694411 -1.04094541608419e-05  -0.00177602726078986  -0.00082049335913215     0.003642941619794  9.06825404342707e-18 -4.90871732337998e-17 -4.33367626535058e-17  3.76678643857569e-17   0.00346256878337602
-1.04094541608419e-05      1.99997045711357  -0.00167658907907258  -0.00166464659109841   0.00185381095104419  7.43470317569596e-18 -3.99051245224214e-17 -1.00477217674789e-17  1.31828517081749e-17   0.00232322072379957
 -0.00177602726078986  -0.00167658907907258      1.77583796036769    -0.122429421418155     0.426236487158127  1.41469516634113e-15 -6.83786464362144e-15 -3.74240907445036e-15  3.19841182289155e-15     0.417085091519623
 -0.00082049335913215  -0.00166464659109841    -0.122429421418155      1.89359573664266     0.162495622545129  3.46325950747785e-16 -2.22924769882278e-15 -2.42730471941713e-15  2.31371011286927e-15     0.186086024605617
    0.003642941619794   0.00185381095104419     0.426236487158127     0.162495622545129      1.06451939267738 -6.27644367489555e-15   2.3061316532059e-14 -3.72895235740072e-15  5.26390139200316e-15    -0.867256726726285
 9.06825404342707e-18  7.43470317569596e-18  1.41469516634113e-15  3.46325950747785e-16 -6.27644367489555e-15      1.55143062325518 -2.36708459246001e-14     0.341424215906058     0.748343075250541  -4.7107893996715e-16
-4.90871732337998e-17 -3.99051245224214e-17 -6.83786464362144e-15 -2.22924769882278e-15   2.3061316532059e-14 -2.36708459246001e-14      1.55143062325515     0.748343075250566    -0.341424215906038  6.65632868701661e-15
-4.33367626535058e-17 -1.00477217674789e-17 -3.74240907445036e-15 -2.42730471941713e-15 -3.72895235740072e-15     0.341424215906058     0.748343075250566     0.491663101386991  4.58532385073916e-15  1.73426788144208e-14
 3.76678643857569e-17  1.31828517081749e-17  3.19841182289155e-15  2.31371011286927e-15  5.26390139200316e-15     0.748343075250541    -0.341424215906038  4.58532385073916e-15     0.491663101386928 -1.55358977458851e-14
  0.00346256878337602   0.00232322072379957     0.417085091519623     0.186086024605617    -0.867256726726285  -4.7107893996715e-16  6.65632868701661e-15  1.73426788144208e-14 -1.55358977458851e-14      1.17990364697083
First eigenvector coefficient: -0.237787302205947
TOTAL ENERGY: -124.523459955887	 lambda: -4.7	 population of target: 3.93121188138334
1RDM: 
     1.99998553760152 -1.03246268524857e-05  -0.00176098619899777  -0.00081218513000444   0.00361884061913446  9.02501380402251e-18 -4.88162356880894e-17 -4.30401786335143e-17  3.74065393868577e-17   0.00344536526477258
-1.03246268524857e-05       1.9999704717437  -0.00167143762841876   -0.0016620585853949    0.0018470238113736  7.42321254272351e-18 -3.98563891776535e-17 -9.94684865705692e-18  1.31150043900283e-17   0.00232133089749436
 -0.00176098619899777  -0.00167143762841876      1.77682471066113    -0.121812534700524     0.425033489711593  1.41358360721225e-15 -6.82854739662546e-15 -3.72522845978024e-15  3.18361210330028e-15     0.416639220090904
 -0.00081218513000444   -0.0016620585853949    -0.121812534700524      1.89392696984539     0.161573841762368  3.45309336312712e-16  -2.2228713115875e-15 -2.41170291441144e-15  2.30143205825192e-15     0.185551184778135
  0.00361884061913446    0.0018470238113736     0.425033489711593     0.161573841762368      1.06526339539189 -6.27649196729732e-15  2.30598185839474e-14 -3.74542059260793e-15   5.2787273643031e-15    -0.867957690317166
 9.02501380402251e-18  7.42321254272351e-18  1.41358360721225e-15  3.45309336312712e-16 -6.27649196729732e-15      1.55195286157449 -2.53030755473031e-14     0.341286757044425     0.748041789096757 -4.77963675502126e-16
-4.88162356880894e-17 -3.98563891776535e-17 -6.82854739662546e-15  -2.2228713115875e-15  2.30598185839474e-14 -2.53030755473031e-14      1.55195286157445     0.748041789096789    -0.341286757044405  6.68347018891554e-15
-4.30401786335143e-17 -9.94684865705692e-18 -3.72522845978024e-15 -2.41170291441144e-15 -3.74542059260793e-15     0.341286757044425     0.748041789096789     0.491120281615933  2.88056066024651e-15  1.73466888075293e-14
 3.74065393868577e-17  1.31150043900283e-17  3.18361210330028e-15  2.30143205825192e-15   5.2787273643031e-15     0.748041789096757    -0.341286757044405  2.88056066024651e-15     0.491120281615864  -1.5539572142121e-14
  0.00344536526477258   0.00232133089749436     0.416639220090904     0.185551184778135    -0.867957690317166 -4.77963675502126e-16  6.68347018891554e-15  1.73466888075293e-14  -1.5539572142121e-14      1.17788262837621
First eigenvector coefficient: 0.238522881330453
TOTAL ENERGY: -124.525708023924	 lambda: -4.65	 population of target: 3.93169276807405
1RDM: 
     1.99998571760967 -1.02399147708919e-05  -0.00174590796995165 -0.000803907131321932   0.00359459572307261  8.98189838778668e-18 -4.85449296067506e-17 -4.27417921445541e-17  3.71436367002225e-17   0.00342817464606605
-1.02399147708919e-05      1.99997048644488  -0.00166625485196561  -0.00165947527563208   0.00184018630008567  7.41202722818466e-18 -3.98081243920051e-17 -9.84528775484236e-18  1.30465011741823e-17   0.00231952857109873
 -0.00174590796995165  -0.00166625485196561       1.7778235743266    -0.121194358375054     0.423804376451114  1.41247828340373e-15 -6.81910118926124e-15 -3.70770949319897e-15  3.16850785564493e-15     0.416192092724487
-0.000803907131321932  -0.00165947527563208    -0.121194358375054       1.8942566758436     0.160648175393927  3.44320292065166e-16  -2.2165619258912e-15 -2.39602205595333e-15  2.28908944457583e-15     0.185022266529726
  0.00359459572307261   0.00184018630008567     0.423804376451114     0.160648175393927       1.0660589643794 -6.27652159980197e-15  2.30580596601758e-14 -3.76276347763564e-15  5.29431454571141e-15    -0.868664100267376
 8.98189838778668e-18  7.41202722818466e-18  1.41247828340373e-15  3.44320292065166e-16 -6.27652159980197e-15      1.55249159975398 -2.45967375227672e-14     0.341144702155248     0.747730429295334 -4.85083263854957e-16
-4.85449296067506e-17 -3.98081243920051e-17 -6.81910118926124e-15  -2.2165619258912e-15  2.30580596601758e-14 -2.45967375227672e-14      1.55249159975395     0.747730429295363    -0.341144702155228  6.71141385837638e-15
-4.27417921445541e-17 -9.84528775484236e-18 -3.70770949319897e-15 -2.39602205595333e-15 -3.76276347763564e-15     0.341144702155248     0.747730429295363     0.490560702210998  3.26281348605249e-15  1.73506422058115e-14
 3.71436367002225e-17  1.30465011741823e-17  3.16850785564493e-15  2.28908944457583e-15  5.29431454571141e-15     0.747730429295334    -0.341144702155228  3.26281348605249e-15     0.490560702210933 -1.55431986858701e-14
  0.00342817464606605   0.00231952857109873     0.416192092724487     0.185022266529726    -0.868664100267376 -4.85083263854957e-16  6.71141385837638e-15  1.73506422058115e-14 -1.55431986858701e-14      1.17579997746662
First eigenvector coefficient: 0.239281403219135
TOTAL ENERGY: -124.528020312942	 lambda: -4.6	 population of target: 3.93219274015094
1RDM: 
     1.99998589695413 -1.01553169335712e-05  -0.00173079220462477 -0.000795659826285934   0.00357020464023937  8.93891817290421e-18 -4.82732663303687e-17   -4.244159747924e-17   3.6879143062151e-17   0.00341100044229116
-1.01553169335712e-05      1.99997050123266   -0.0016610388749233  -0.00165689595295212   0.00183329530773764  7.40116301970074e-18 -3.97604017234595e-17 -9.74289517662712e-18  1.29772460504775e-17   0.00231781659533497
 -0.00173079220462477   -0.0016610388749233      1.77883494374283    -0.120574831927002     0.422548162282806  1.41137903834138e-15 -6.80951462149495e-15 -3.68985093292292e-15  3.15309391557739e-15     0.415743740465553
-0.000795659826285934  -0.00165689595295212    -0.120574831927002      1.89458486119239     0.159718504969259  3.43358885880609e-16 -2.21030818449004e-15  -2.3802830681062e-15  2.27669316916107e-15     0.184499556367966
  0.00357020464023937   0.00183329530773764     0.422548162282806     0.159718504969259      1.06690856375974 -6.27653151592807e-15  2.30560314433191e-14 -3.78103280979729e-15   5.3107047292397e-15    -0.869375996433655
 8.93891817290421e-18  7.40116301970074e-18  1.41137903834138e-15  3.43358885880609e-16 -6.27653151592807e-15      1.55304762267709 -2.41704709383844e-14     0.340997821249044     0.747408491658344 -4.92448646986052e-16
-4.82732663303687e-17 -3.97604017234595e-17 -6.80951462149495e-15 -2.21030818449004e-15  2.30560314433191e-14 -2.41704709383844e-14      1.55304762267706     0.747408491658376    -0.340997821249026  6.74019458921217e-15
  -4.244159747924e-17 -9.74289517662712e-18 -3.68985093292292e-15  -2.3802830681062e-15 -3.78103280979729e-15     0.340997821249044     0.747408491658376     0.489983573609729  1.29573978321809e-15  1.73545365349716e-14
  3.6879143062151e-17  1.29772460504775e-17  3.15309391557739e-15  2.27669316916107e-15   5.3107047292397e-15     0.747408491658344    -0.340997821249026  1.29573978321809e-15      0.48998357360966 -1.55467743258843e-14
  0.00341100044229116   0.00231781659533497     0.415743740465553     0.184499556367966    -0.869375996433655 -4.92448646986052e-16  6.74019458921217e-15  1.73545365349716e-14 -1.55467743258843e-14      1.17365284054541
First eigenvector coefficient: -0.24006395528714
TOTAL ENERGY: -124.53040015916	 lambda: -4.55	 population of target: 3.93271294408757
1RDM: 
     1.99998607562115 -1.00708317827258e-05  -0.00171563844658306 -0.000787443646069134    0.0035456648293181  8.89608595669986e-18 -4.80012821333445e-17 -4.21395444071988e-17  3.66130192412367e-17   0.00339384625795869
-1.00708317827258e-05      1.99997051612386  -0.00165578768608187  -0.00165431983012621   0.00182634747790954  7.39062747423123e-18 -3.97131922861547e-17 -9.63967864781776e-18  1.29072275929017e-17   0.00231619791389048
 -0.00171563844658306  -0.00165578768608187      1.77985923122638    -0.119953888441755     0.421263808473446  1.41028665231004e-15 -6.79978702052986e-15 -3.67163296387963e-15  3.13735444338916e-15     0.415294195243785
-0.000787443646069134  -0.00165431983012621    -0.119953888441755       1.8949115360454     0.158784699780473  3.42427176663621e-16 -2.20412143198239e-15 -2.36447005050785e-15  2.26423330508952e-15     0.183983352285229
   0.0035456648293181   0.00182634747790954     0.421263808473446     0.158784699780473      1.06781480664914 -6.27651960685622e-15  2.30537142388507e-14  -3.8002664291547e-15  5.32793256794888e-15    -0.870093407955125
 8.89608595669986e-18  7.39062747423123e-18  1.41028665231004e-15  3.42427176663621e-16 -6.27651960685622e-15      1.55362176392047 -2.52644568765938e-14     0.340845869296167     0.747075439148637  -5.0007164956595e-16
-4.80012821333445e-17 -3.97131922861547e-17 -6.79978702052986e-15 -2.20412143198239e-15  2.30537142388507e-14 -2.52644568765938e-14      1.55362176392043      0.74707543914867    -0.340845869296147  6.76985174377883e-15
-4.21395444071988e-17 -9.63967864781776e-18 -3.67163296387963e-15 -2.36447005050785e-15  -3.8002664291547e-15     0.340845869296167      0.74707543914867     0.489388056999194  2.11678547544242e-15  1.73583649077953e-14
 3.66130192412367e-17  1.29072275929017e-17  3.13735444338916e-15  2.26423330508952e-15  5.32793256794888e-15     0.747075439148637    -0.340845869296147  2.11678547544242e-15     0.489388056999123 -1.55502933386547e-14
  0.00339384625795869   0.00231619791389048     0.415294195243785     0.183983352285229    -0.870093407955125  -5.0007164956595e-16  6.76985174377883e-15  1.73583649077953e-14 -1.55502933386547e-14      1.17143819249565
First eigenvector coefficient: -0.240871692299467
TOTAL ENERGY: -124.532851126066	 lambda: -4.5	 population of target: 3.93325461459382
1RDM: 
     1.99998625359577 -9.98645815412434e-06  -0.00170044626473482 -0.000779259035452121   0.00352097371822653  8.85341395241646e-18 -4.77289983126695e-17 -4.18356119582087e-17  3.63452423485458e-17   0.00337671602458629
-9.98645815412434e-06       1.9999705311362  -0.00165049919349061  -0.00165174606978534   0.00181933929589087  7.38043494310235e-18 -3.96665392667097e-17 -9.53553320825608e-18   1.2836370214991e-17   0.00231467567709401
 -0.00170044626473482  -0.00165049919349061      1.78089686890483    -0.119331454780492     0.419950219246163  1.40920126453208e-15 -6.78990957497728e-15 -3.65304787962004e-15  3.12128014760674e-15     0.414843491038175
-0.000779259035452121  -0.00165174606978534    -0.119331454780492      1.89523671370171     0.157846615087572  3.41525950131083e-16 -2.19799703909454e-15 -2.34859300888678e-15  2.25171438283488e-15     0.183473964279229
  0.00352097371822653   0.00181933929589087     0.419950219246163     0.157846615087572      1.06878046902492 -6.27648419711511e-15  2.30510944580553e-14  -3.8205166272918e-15  5.34604165940307e-15    -0.870816350375684
 8.85341395241646e-18  7.38043494310235e-18  1.40920126453208e-15  3.41525950131083e-16 -6.27648419711511e-15      1.55421491090967 -2.38459516788666e-14     0.340688584668005     0.746730698328061 -5.07964709403872e-16
-4.77289983126695e-17 -3.96665392667097e-17 -6.78990957497728e-15 -2.19799703909454e-15  2.30510944580553e-14 -2.38459516788666e-14      1.55421491090963     0.746730698328092    -0.340688584667986  6.80042535995305e-15
-4.18356119582087e-17 -9.53553320825608e-18 -3.65304787962004e-15 -2.34859300888678e-15  -3.8205166272918e-15     0.340688584668005     0.746730698328092     0.488773259194306  2.35245634084353e-15  1.73621227048506e-14
 3.63452423485458e-17   1.2836370214991e-17  3.12128014760674e-15  2.25171438283488e-15  5.34604165940307e-15     0.746730698328061    -0.340688584667986  2.35245634084353e-15     0.488773259194241 -1.55537510599101e-14
  0.00337671602458629   0.00231467567709401     0.414843491038175     0.183473964279229    -0.870816350375684 -5.07964709403872e-16  6.80042535995305e-15  1.73621227048506e-14 -1.55537510599101e-14      1.16915282342957
First eigenvector coefficient: 0.241705841573145
TOTAL ENERGY: -124.535377025588	 lambda: -4.45	 population of target: 3.93381908329085
1RDM: 
     1.99998643086383 -9.90219430974878e-06  -0.00168521512949109 -0.000771106398296927   0.00349612844152923  8.81091605383988e-18 -4.74564505470368e-17 -4.15297515486223e-17  3.60757726857876e-17   0.00335961378441187
-9.90219430974878e-06      1.99997054628884  -0.00164517115173072   -0.0016491737406362   0.00181226696958615  7.37059547467929e-18 -3.96204287819376e-17 -9.43043758462472e-18  1.27646440411646e-17   0.00231325315460939
 -0.00168521512949109  -0.00164517115173072      1.78194831148819    -0.118707449532964     0.418606236924428  1.40812355490458e-15 -6.77987943242397e-15 -3.63407696414637e-15  3.10485527122997e-15     0.414391663444289
-0.000771106398296927   -0.0016491737406362    -0.118707449532964      1.89556041242259      0.15690408991138  3.40657115564886e-16 -2.19194322351763e-15 -2.33264093713958e-15  2.23912906011625e-15     0.182971714042099
  0.00349612844152923   0.00181226696958615     0.418606236924428      0.15690408991138      1.06980850214379 -6.27642294238724e-15  2.30481514449695e-14 -3.84182937316277e-15  5.36507296784337e-15     -0.87154482479103
 8.81091605383988e-18  7.37059547467929e-18  1.40812355490458e-15  3.40657115564886e-16 -6.27642294238724e-15      1.55482800901492 -2.35954747447083e-14     0.340525687805534     0.746373656457768 -5.16141154097716e-16
-4.74564505470368e-17 -3.96204287819376e-17 -6.77987943242397e-15 -2.19194322351763e-15  2.30481514449695e-14 -2.35954747447083e-14      1.55482800901489     0.746373656457795    -0.340525687805515  6.83195930329649e-15
-4.15297515486223e-17 -9.43043758462472e-18 -3.63407696414637e-15 -2.33264093713958e-15 -3.84182937316277e-15     0.340525687805534     0.746373656457795     0.488138228321733   2.8225016729769e-15  1.73658024769324e-14
 3.60757726857876e-17  1.27646440411646e-17  3.10485527122997e-15  2.23912906011625e-15  5.36507296784337e-15     0.746373656457768    -0.340525687805515   2.8225016729769e-15     0.488138228321666 -1.55571410646096e-14
  0.00335961378441187   0.00231325315460939     0.414391663444289     0.182971714042099     -0.87154482479103 -5.16141154097716e-16  6.83195930329649e-15  1.73658024769324e-14 -1.55571410646096e-14      1.16679332212047
First eigenvector coefficient: 0.242567709849634
TOTAL ENERGY: -124.537981938219	 lambda: -4.4	 population of target: 3.93440778764155
1RDM: 
     1.99998660741082 -9.81803845938761e-06  -0.00166994447788032 -0.000762986125592429   0.00347112596477579   8.7686065159094e-18 -4.71836710776585e-17 -4.12219210388296e-17  3.58045734566231e-17   0.00334254383466868
-9.81803845938761e-06      1.99997056160225  -0.00163980119065001  -0.00164660183373193   0.00180512646721766  7.36112158796451e-18 -3.95748681869621e-17 -9.32433447415235e-18  1.26919978061421e-17   0.00231193379999707
 -0.00166994447788032  -0.00163980119065001      1.78301403669023    -0.118081783285281     0.417230638009802  1.40705402885955e-15 -6.76969110481222e-15 -3.61470444184829e-15  3.08806541077094e-15     0.413938749993109
-0.000762986125592429  -0.00164660183373193    -0.118081783285281      1.89588265484211     0.155956945812988  3.39822261769589e-16 -2.18596355901859e-15 -2.31661026398794e-15  2.22647406425377e-15      0.18247693593265
  0.00347112596477579   0.00180512646721766     0.417230638009802     0.155956945812988      1.07090204646941 -6.27633346340369e-15  2.30448652848521e-14  -3.8642572897334e-15  5.38507216348836e-15    -0.872278814295899
  8.7686065159094e-18  7.36112158796451e-18  1.40705402885955e-15  3.39822261769589e-16 -6.27633346340369e-15      1.55546206637819   -2.517589446606e-14     0.340356879638049     0.746003658027042 -5.24615130717521e-16
-4.71836710776585e-17 -3.95748681869621e-17 -6.76969110481222e-15 -2.18596355901859e-15  2.30448652848521e-14   -2.517589446606e-14      1.55546206637816     0.746003658027072    -0.340356879638029   6.8644996436551e-15
-4.12219210388296e-17 -9.32433447415235e-18 -3.61470444184829e-15 -2.31661026398794e-15  -3.8642572897334e-15     0.340356879638049     0.746003658027072     0.487481949035914  2.89591534093103e-15  1.73693969440627e-14
 3.58045734566231e-17  1.26919978061421e-17  3.08806541077094e-15  2.22647406425377e-15  5.38507216348836e-15     0.746003658027042    -0.340356879638029  2.89591534093103e-15     0.487481949035842 -1.55604567883351e-14
  0.00334254383466868   0.00231193379999707     0.413938749993109      0.18247693593265    -0.872278814295899 -5.24615130717521e-16   6.8644996436551e-15  1.73693969440627e-14 -1.55604567883351e-14       1.1643560621581
First eigenvector coefficient: 0.243458688854519
TOTAL ENERGY: -124.540670236786	 lambda: -4.35	 population of target: 3.93502228122307
1RDM: 
     1.99998678322217 -9.73398860186168e-06  -0.00165463369112283 -0.000754898584546517    0.0034459630286419  8.72650036369192e-18 -4.69106934841701e-17  -4.0912075473245e-17  3.55316053147396e-17   0.00332551070776512
-9.73398860186168e-06      1.99997057709835  -0.00163438679603966  -0.00164402924847538     0.001797913482634  7.35202652965802e-18 -3.95298654259039e-17 -9.21716171545209e-18  1.26183762446014e-17   0.00231072124786129
 -0.00165463369112283  -0.00163438679603966      1.78409454694163    -0.117454357581182     0.415822128318276  1.40599320755602e-15 -6.75933870012237e-15 -3.59491373211797e-15  3.07089538772493e-15     0.413484790103947
-0.000754898584546517  -0.00164402924847538    -0.117454357581182      1.89620346873878     0.155004984877343  3.39023046709958e-16 -2.18006158442106e-15 -2.30049732971954e-15  2.21374595589441e-15     0.181989977220291
   0.0034459630286419     0.001797913482634     0.415822128318276     0.155004984877343      1.07206444664381 -6.27621314703773e-15    2.304121458074e-14 -3.88785655362753e-15  5.40608795866891e-15    -0.873018281247524
 8.72650036369192e-18  7.35202652965802e-18  1.40599320755602e-15  3.39023046709958e-16 -6.27621314703773e-15      1.55611815906071  -2.4749747450132e-14      0.34018183989413     0.745620001055914 -5.33401710294556e-16
-4.69106934841701e-17 -3.95298654259039e-17 -6.75933870012237e-15 -2.18006158442106e-15    2.304121458074e-14  -2.4749747450132e-14      1.55611815906067     0.745620001055946     -0.34018183989411  6.89809533697386e-15
 -4.0912075473245e-17 -9.21716171545209e-18 -3.59491373211797e-15 -2.30049732971954e-15 -3.88785655362753e-15      0.34018183989413     0.745620001055946     0.486803337251168  2.57052860163105e-15  1.73728981194349e-14
 3.55316053147396e-17  1.26183762446014e-17  3.07089538772493e-15  2.21374595589441e-15  5.40608795866891e-15     0.745620001055914     -0.34018183989411  2.57052860163105e-15     0.486803337251099 -1.55636910180976e-14
  0.00332551070776512   0.00231072124786129     0.413484790103947     0.181989977220291    -0.873018281247524 -5.33401710294556e-16  6.89809533697386e-15  1.73728981194349e-14 -1.55636910180976e-14      1.16183718473268
First eigenvector coefficient: 0.244380262361391
TOTAL ENERGY: -124.543446612442	 lambda: -4.3	 population of target: 3.93566424510627
1RDM: 
      1.9999869582833 -9.65004249497065e-06  -0.00163928208839136 -0.000746844114607314   0.00342063612502239   8.6846134570051e-18 -4.66375529072975e-17 -4.06001664549625e-17  3.52568259075304e-17   0.00330851918402254
-9.65004249497065e-06      1.99997059280074  -0.00162892529852912   -0.0016414547832654   0.00179062341251916  7.34332425839358e-18 -3.94854282669429e-17 -9.10885307982523e-18  1.25437204237371e-17   0.00230961932515069
 -0.00163928208839136  -0.00162892529852912      1.78519037099529    -0.116825064016504     0.414379337809249  1.40494163537901e-15 -6.74881597601033e-15 -3.57468724992093e-15  3.05332911245785e-15     0.413029825096355
-0.000746844114607314   -0.0016414547832654    -0.116825064016504      1.89652288763666     0.154047987575676  3.38261215239169e-16 -2.17424096491259e-15 -2.28429808909225e-15  2.20094095134625e-15     0.181511198428376
  0.00342063612502239   0.00179062341251916     0.414379337809249     0.154047987575676      1.07329926793563 -6.27605911407362e-15  2.30371762339235e-14 -3.91268705954213e-15  5.42817228576436e-15     -0.87376316387117
  8.6846134570051e-18  7.34332425839358e-18  1.40494163537901e-15  3.38261215239169e-16 -6.27605911407362e-15        1.556797436748 -2.52169569037221e-14     0.340000225220535     0.745221932972752 -5.42516963475615e-16
-4.66375529072975e-17 -3.94854282669429e-17 -6.74881597601033e-15 -2.17424096491259e-15  2.30371762339235e-14 -2.52169569037221e-14      1.55679743674796     0.745221932972786    -0.340000225220516  6.93279846683159e-15
-4.06001664549625e-17 -9.10885307982523e-18 -3.57468724992093e-15 -2.28429808909225e-15 -3.91268705954213e-15     0.340000225220535     0.745221932972786     0.486101234331691  2.22350861670374e-15  1.73762971998788e-14
 3.52568259075304e-17  1.25437204237371e-17  3.05332911245785e-15  2.20094095134625e-15  5.42817228576436e-15     0.745221932972752    -0.340000225220516  2.22350861670374e-15     0.486101234331623 -1.55668358042219e-14
  0.00330851918402254   0.00230961932515069     0.413029825096355     0.181511198428376     -0.87376316387117 -5.42516963475615e-16  6.93279846683159e-15  1.73762971998788e-14 -1.55668358042219e-14      1.15923258019021
First eigenvector coefficient: 0.245334013753332
TOTAL ENERGY: -124.546316103163	 lambda: -4.25	 population of target: 3.93633550048792
1RDM: 
     1.99998713257933 -9.56619778435646e-06  -0.00162388894010125 -0.000738823031638554   0.00339514151210348  8.64296232299753e-18 -4.63642825770071e-17 -4.02861490802854e-17  3.49801937749117e-17    0.0032915743447997
-9.56619778435646e-06      1.99997060873471  -0.00162341387215742  -0.00163887713112043   0.00178325134815745  7.33503074230063e-18 -3.94415807273017e-17 -8.99931283271921e-18  1.24679537813101e-17   0.00230863207962109
 -0.00162388894010125  -0.00162341387215742      1.78630206540584    -0.116193783450498     0.412900815068694  1.40389975004404e-15 -6.73811452892255e-15 -3.55400928221041e-15  3.03535113654881e-15     0.412573898292693
-0.000738823031638554  -0.00163887713112043    -0.116193783450498      1.89684095126034     0.153085710431871  3.37538344636384e-16 -2.16850187292479e-15  -2.2680140408755e-15  2.18805815014729e-15     0.181040973731807
  0.00339514151210348   0.00178325134815745     0.412900815068694     0.153085710431871      1.07461031437981 -6.27586830318514e-15  2.30327269182115e-14 -3.93881539665478e-15  5.45138201326319e-15    -0.874513372141641
 8.64296232299753e-18  7.33503074230063e-18  1.40389975004404e-15  3.37538344636384e-16 -6.27586830318514e-15      1.55750112901508 -2.67934449673111e-14     0.339811667100639      0.74480864605284 -5.51978021457439e-16
-4.63642825770071e-17 -3.94415807273017e-17 -6.73811452892255e-15 -2.16850187292479e-15  2.30327269182115e-14 -2.67934449673111e-14      1.55750112901504     0.744808646052877    -0.339811667100619  6.96866408653242e-15
-4.02861490802854e-17 -8.99931283271921e-18 -3.55400928221041e-15  -2.2680140408755e-15 -3.93881539665478e-15     0.339811667100639     0.744808646052877      0.48537440073484  9.33884239366768e-16  1.73795851704002e-14
 3.49801937749117e-17  1.24679537813101e-17  3.03535113654881e-15  2.18805815014729e-15  5.45138201326319e-15      0.74480864605284    -0.339811667100619  9.33884239366768e-16     0.485374400734764 -1.55698827412073e-14
   0.0032915743447997   0.00230863207962109     0.412573898292693     0.181040973731807    -0.874513372141641 -5.51978021457439e-16  6.96866408653242e-15  1.73795851704002e-14 -1.55698827412073e-14      1.15653786814141
First eigenvector coefficient: 0.246321634262123
TOTAL ENERGY: -124.549284126649	 lambda: -4.2	 population of target: 3.93703802311387
1RDM: 
     1.99998730609639 -9.48245131145169e-06  -0.00160845337901947 -0.000730835587805491   0.00336947501707412  8.60156514104798e-18 -4.60909282984293e-17 -3.99699516590214e-17  3.47016506935913e-17   0.00327468142718777
-9.48245131145169e-06      1.99997062492773  -0.00161784947830289  -0.00163629484372638   0.00177579198083906  7.32715887058608e-18 -3.93982955742381e-17 -8.88851797404036e-18  1.23910376298261e-17   0.00230776372722204
 -0.00160845337901947  -0.00161784947830289      1.78743021737532     -0.11556038401241      0.41138502077173  1.40286842357288e-15  -6.7272310656223e-15  -3.5328538171181e-15   3.0169399293337e-15     0.412117054577424
-0.000730835587805491  -0.00163629484372638     -0.11556038401241      1.89715770718612     0.152117883111085  3.36856915935585e-16 -2.16285579655469e-15 -2.25162776565211e-15  2.17508613790957e-15     0.180579690841275
  0.00336947501707412   0.00177579198083906      0.41138502077173     0.152117883111085      1.07600164806608 -6.27563697376398e-15  2.30278362061573e-14 -3.96630428777282e-15  5.47577331845617e-15    -0.875268784164506
 8.60156514104798e-18  7.32715887058608e-18  1.40286842357288e-15  3.36856915935585e-16 -6.27563697376398e-15      1.55823055234592 -2.43511660795025e-14     0.339615769533131     0.744379272327558 -5.61803245705264e-16
-4.60909282984293e-17 -3.93982955742381e-17  -6.7272310656223e-15 -2.16285579655469e-15  2.30278362061573e-14 -2.43511660795025e-14      1.55823055234589     0.744379272327588    -0.339615769533111  7.00575212191287e-15
-3.99699516590214e-17 -8.88851797404036e-18  -3.5328538171181e-15 -2.25162776565211e-15 -3.96630428777282e-15     0.339615769533131     0.744379272327588     0.484621508745847  2.82290603324248e-15   1.7382749880686e-14
 3.47016506935913e-17  1.23910376298261e-17   3.0169399293337e-15  2.17508613790957e-15  5.47577331845617e-15     0.744379272327558    -0.339615769533111  2.82290603324248e-15      0.48462150874578 -1.55728214139523e-14
  0.00327468142718777   0.00230776372722204     0.412117054577424     0.180579690841275    -0.875268784164506 -5.61803245705264e-16  7.00575212191287e-15   1.7382749880686e-14 -1.55728214139523e-14      1.15374837416619
