HCORE:-26.1841 -7.28202 -7.00882 -8.16823 -8.26571 -33.3504 -8.68782 -6.86062 -6.86062 -8.16823
HCORE2:-33.3504 -26.1841 -8.68782 -8.26571 -8.16823 -8.16823 -7.28202 -7.00882 -6.86062 -6.86062
TOTAL ENERGY: -124.234937010377	 lambda: -5	 population of target: 3.99338721657521
1RDM: 
     1.99999931944739 -1.02345944990698e-06 -0.000129747363633702 -0.000143165527442815  0.000628996907723419 -1.92231236030112e-18  -2.9765355811329e-17  8.25217406313449e-18  5.07187662641911e-18  0.000950652960894841
-1.02345944990698e-06      1.99997319888102 -0.000494619387660839  -0.00167765469710282  0.000401535904542654  1.21814588759657e-17  2.75230711277925e-17 -1.71310576487846e-17  6.36361331964944e-17  0.000980520438820554
-0.000129747363633702 -0.000494619387660839      1.97152920170374    -0.045549565645559      0.11310173460965 -5.34170864543134e-16 -8.66017765970376e-15  2.16400572826816e-15 -2.91662168486158e-15     0.175612286612114
-0.000143165527442815  -0.00167765469710282    -0.045549565645559      1.88058597370736    0.0989102823894237 -2.48363297097526e-15 -1.71019820638481e-14  5.60610808270973e-15 -1.32789508693261e-14     0.172365905061727
 0.000628996907723419  0.000401535904542654      0.11310173460965    0.0989102823894237      1.40607416055937 -5.41810611737325e-16  2.56554202334119e-14 -4.64787224963498e-15 -7.22701345961684e-15    -0.889074017119444
-1.92231236030112e-18  1.21814588759657e-17 -5.34170864543134e-16 -2.48363297097526e-15 -5.41810611737325e-16      1.19550819202852  1.29591955868619e-14     0.958081523388959     0.110855841028663 -6.48076132834969e-15
 -2.9765355811329e-17  2.75230711277925e-17 -8.66017765970376e-15 -1.71019820638481e-14  2.56554202334119e-14  1.29591955868619e-14       1.1955081920285     0.110855841028658    -0.958081523388963  2.09686696776677e-14
 8.25217406313449e-18 -1.71310576487846e-17  2.16400572826816e-15  5.60610808270973e-15 -4.64787224963498e-15     0.958081523388959     0.110855841028658     0.843730148331376  1.00874079223203e-14  2.19745060882362e-15
 5.07187662641911e-18  6.36361331964944e-17 -2.91662168486158e-15 -1.32789508693261e-14 -7.22701345961684e-15     0.110855841028663    -0.958081523388963  1.00874079223203e-14     0.843730148331403 -3.09064220197747e-14
 0.000950652960894841  0.000980520438820554     0.175612286612114     0.172365905061727    -0.889074017119444 -6.48076132834969e-15  2.09686696776677e-14  2.19745060882362e-15 -3.09064220197747e-14     0.663361464981327
First eigenvector coefficient: -0.229092943611527
TOTAL ENERGY: -124.23518547851	 lambda: -4.95	 population of target: 3.99343716178729
1RDM: 
     1.99999932374334 -1.02061683022147e-06 -0.000129152132731553 -0.000142628734137499  0.000626647590417014 -1.64817187535353e-18 -2.74232867826008e-17  7.58161639454921e-18  7.70581209318956e-18  0.000947904929958721
-1.02061683022147e-06      1.99997319764443 -0.000494313513201752  -0.00167763215797599  0.000400930654805223  6.01520910323057e-18 -2.52332610476881e-17  -2.6997339307745e-18  2.27296281869368e-18  0.000980976369959934
-0.000129152132731553 -0.000494313513201752      1.97160262124945   -0.0454877346335795     0.112858606156906 -1.60271016933726e-16 -5.44813130487849e-15  1.27053264559306e-15  8.55836778025706e-16     0.175398341537171
-0.000142628734137499  -0.00167763215797599   -0.0454877346335795      1.88062120052552    0.0987289807973015   -1.055500413679e-15  -4.8494762465939e-15  2.20327362152087e-15  1.15105083852824e-15      0.17227113955474
 0.000626647590417014  0.000400930654805223     0.112858606156906    0.0987289807973015      1.40672049063414 -2.83764637855969e-16  2.78376270868162e-14 -5.24425741841302e-15 -4.63698920527956e-15    -0.888829923494328
-1.64817187535353e-18  6.01520910323057e-18 -1.60271016933726e-16   -1.055500413679e-15 -2.83764637855969e-16       1.1956642189204  1.29562537737978e-14     0.958055352722464     0.110852812919767 -6.46890404924471e-15
-2.74232867826008e-17 -2.52332610476881e-17 -5.44813130487849e-15  -4.8494762465939e-15  2.78376270868162e-14  1.29562537737978e-14      1.19566421892038     0.110852812919763    -0.958055352722467   2.0974351806435e-14
 7.58161639454921e-18  -2.6997339307745e-18  1.27053264559306e-15  2.20327362152087e-15 -5.24425741841302e-15     0.958055352722464     0.110852812919763      0.84356901978001  1.01646756280444e-14  2.20228608282094e-15
 7.70581209318956e-18  2.27296281869368e-18  8.55836778025706e-16  1.15105083852824e-15 -4.63698920527956e-15     0.110852812919767    -0.958055352722467  1.01646756280444e-14     0.843569019780036 -3.09220398362597e-14
 0.000947904929958721  0.000980976369959934     0.175398341537171      0.17227113955474    -0.888829923494328 -6.46890404924471e-15   2.0974351806435e-14  2.20228608282094e-15 -3.09220398362597e-14     0.662616688802363
First eigenvector coefficient: 0.229283628114411
TOTAL ENERGY: -124.235442784806	 lambda: -4.9	 population of target: 3.99348940872816
1RDM: 
     1.99999932801898 -1.01777528143383e-06 -0.000128554816694844 -0.000142093623939414  0.000624291564025949 -1.63666849265882e-18 -2.73324856092349e-17  7.53891276486655e-18  7.67331060543028e-18  0.000945168082158951
-1.01777528143383e-06      1.99997319643875 -0.000493999250516068   -0.0016776071901949  0.000400302743732673   5.9971005527532e-18 -2.53040133403331e-17  -2.6875442516591e-18  2.17163543069889e-18   0.00098143932085181
-0.000128554816694844 -0.000493999250516068       1.9716774743968   -0.0454250754120243     0.112609754847651 -1.59260391835702e-16 -5.43532689008383e-15  1.26496808794546e-15  8.57189495643857e-16      0.17518032614935
-0.000142093623939414   -0.0016776071901949   -0.0454250754120243      1.88065642588647    0.0985454495010133 -1.05259706094773e-15 -4.82632914979416e-15  2.19413912630611e-15  1.16916492960315e-15     0.172178406698844
 0.000624291564025949  0.000400302743732673     0.112609754847651    0.0985454495010133      1.40738866396041 -2.81093658603334e-16  2.78271031553902e-14 -5.23484542376958e-15 -4.61742230545686e-15    -0.888576374537036
-1.63666849265882e-18   5.9971005527532e-18 -1.59260391835702e-16 -1.05259706094773e-15 -2.81093658603334e-16      1.19582545837351  1.19551769515715e-14     0.958028187974327     0.110849669793655 -6.45598889882477e-15
-2.73324856092349e-17 -2.53040133403331e-17 -5.43532689008383e-15 -4.82632914979416e-15  2.78271031553902e-14  1.19551769515715e-14       1.1958254583735      0.11084966979365     -0.95802818797433  2.09852064750273e-14
 7.53891276486655e-18  -2.6875442516591e-18  1.26496808794546e-15  2.19413912630611e-15 -5.23484542376958e-15     0.958028187974327      0.11084966979365     0.843402729830963  9.94019979485192e-15   2.2018052115024e-15
 7.67331060543028e-18  2.17163543069889e-18  8.57189495643857e-16  1.16916492960315e-15 -4.61742230545686e-15     0.110849669793655     -0.95802818797433  9.94019979485192e-15     0.843402729830981 -3.09145343947556e-14
 0.000945168082158951   0.00098143932085181      0.17518032614935     0.172178406698844    -0.888576374537036 -6.45598889882477e-15  2.09852064750273e-14   2.2018052115024e-15 -3.09145343947556e-14     0.661848534889818
First eigenvector coefficient: 0.229480356965402
TOTAL ENERGY: -124.235709418255	 lambda: -4.85	 population of target: 3.9935441049284
1RDM: 
     1.99999933227335  -1.0149352658181e-06 -0.000127955398164741 -0.000141560289171697  0.000621928813314192 -1.62568236564542e-18 -2.72447256782307e-17  7.49697231323492e-18  7.63713840537989e-18  0.000942443439319483
 -1.0149352658181e-06      1.99997319526586 -0.000493676263055668   -0.0016775795952628  0.000399651120054506  5.98687013407616e-18 -2.53041185165483e-17 -2.69493383762017e-18   2.1519876540433e-18  0.000981909574990194
-0.000127955398164741 -0.000493676263055668      1.97175381197425   -0.0453615527802139      0.11235495010922 -1.58756730253686e-16 -5.42663270575691e-15  1.26050360021562e-15  8.53392623851705e-16     0.174958098481301
-0.000141560289171697   -0.0016775795952628   -0.0453615527802139      1.88069166359522      0.09835956931161 -1.05164180200706e-15 -4.81956259048143e-15   2.1895265768627e-15  1.16793458281814e-15     0.172087782236189
 0.000621928813314192  0.000399651120054506      0.11235495010922      0.09835956931161      1.40807974140872 -2.78707094651136e-16  2.78131532631922e-14  -5.2242637934488e-15 -4.60077129046493e-15    -0.888312874354684
-1.62568236564542e-18  5.98687013407616e-18 -1.58756730253686e-16 -1.05164180200706e-15 -2.78707094651136e-16        1.195992169883  1.21288772750097e-14     0.957999979231794     0.110846405871076 -6.44264391837747e-15
-2.72447256782307e-17 -2.53041185165483e-17 -5.42663270575691e-15 -4.81956259048143e-15  2.78131532631922e-14  1.21288772750097e-14      1.19599216988297     0.110846405871072    -0.957999979231799  2.09963906782676e-14
 7.49697231323492e-18 -2.69493383762017e-18  1.26050360021562e-15   2.1895265768627e-15  -5.2242637934488e-15     0.957999979231794     0.110846405871072     0.843231019100871  9.00268162761742e-15  2.20131486074017e-15
 7.63713840537989e-18   2.1519876540433e-18  8.53392623851705e-16  1.16793458281814e-15 -4.60077129046493e-15     0.110846405871076    -0.957999979231799  9.00268162761742e-15       0.8432310191009 -3.09067387610415e-14
 0.000942443439319483  0.000981909574990194     0.174958098481301     0.172087782236189    -0.888312874354684 -6.44264391837747e-15  2.09963906782676e-14  2.20131486074017e-15 -3.09067387610415e-14     0.661055877515119
First eigenvector coefficient: -0.229683426776616
TOTAL ENERGY: -124.235985903981	 lambda: -4.8	 population of target: 3.99360140999476
1RDM: 
     1.99999933650553 -1.01209722950019e-06  -0.00012735385338915 -0.000141028821560047   0.00061955928620708 -1.61487932253955e-18 -2.71570590364339e-17  7.45497347400845e-18   7.6007886897093e-18  0.000939732039782038
-1.01209722950019e-06      1.99997319412778 -0.000493344205275995   -0.0016775491958153  0.000398974651380567  5.97629564632123e-18 -2.53038362255126e-17 -2.70260985972695e-18  2.13195588899986e-18  0.000982387420017161
 -0.00012735385338915 -0.000493344205275995      1.97183168687216   -0.0452971308317692     0.112093948445625 -1.58261852800842e-16  -5.4177613359684e-15  1.25594880708169e-15  8.49481665704842e-16     0.174731510172531
-0.000141028821560047   -0.0016775491958153   -0.0452971308317692      1.88072692393679    0.0981712118651332 -1.05073008449329e-15 -4.81281459261563e-15  2.18489832049836e-15  1.16662001087534e-15     0.171999345803235
  0.00061955928620708  0.000398974651380567     0.112093948445625    0.0981712118651332      1.40879485386801 -2.76261323774703e-16  2.77986803188119e-14 -5.21330468724843e-15  -4.5835695943369e-15    -0.888038891416691
-1.61487932253955e-18  5.97629564632123e-18 -1.58261852800842e-16 -1.05073008449329e-15 -2.76261323774703e-16      1.19616463137427   1.2922540209247e-14     0.957970672091794     0.110843014857251 -6.42884883751789e-15
-2.71570590364339e-17 -2.53038362255126e-17  -5.4177613359684e-15 -4.81281459261563e-15  2.77986803188119e-14   1.2922540209247e-14      1.19616463137425     0.110843014857247    -0.957970672091798  2.10079075274179e-14
 7.45497347400845e-18 -2.70260985972695e-18  1.25594880708169e-15  2.18489832049836e-15 -5.21330468724843e-15     0.957970672091794     0.110843014857247     0.843053611849072  9.41204698353321e-15  2.20082078639225e-15
  7.6007886897093e-18  2.13195588899986e-18  8.49481665704842e-16  1.16662001087534e-15  -4.5835695943369e-15     0.110843014857251    -0.957970672091798  9.41204698353321e-15     0.843053611849104 -3.08986619011984e-14
 0.000939732039782038  0.000982387420017161     0.174731510172531     0.171999345803235    -0.888038891416691 -6.42884883751789e-15  2.10079075274179e-14  2.20082078639225e-15 -3.08986619011984e-14     0.660237518243325
First eigenvector coefficient: 0.229893153744867
TOTAL ENERGY: -124.236272806583	 lambda: -4.75	 population of target: 3.99366149681564
1RDM: 
     1.99999934071459  -1.0092616338492e-06 -0.000126750156273312  -0.00014049931586779  0.000617182916586481 -1.60427089550949e-18 -2.70695003020584e-17  7.41291832834944e-18  7.56425656547572e-18  0.000937034978178951
 -1.0092616338492e-06      1.99997319302672 -0.000493002710542061  -0.00167751579191686  0.000398272134971165  5.96535249080498e-18 -2.53032195617401e-17 -2.71055643330094e-18  2.11138572856602e-18  0.000982873160053757
-0.000126750156273312 -0.000493002710542061      1.97191115464222   -0.0452317713177143     0.111826492599721 -1.57775832711461e-16 -5.40869997707845e-15  1.25129873129006e-15  8.45457657052926e-16     0.174500405771309
 -0.00014049931586779  -0.00167751579191686   -0.0452317713177143       1.8807622193785    0.0979802397013972 -1.04986113433062e-15 -4.80605924341629e-15  2.18024703045442e-15  1.16524423343783e-15     0.171913180854924
 0.000617182916586481  0.000398272134971165     0.111826492599721    0.0979802397013972      1.40953520742692 -2.73753562522605e-16  2.77836600972871e-14  -5.2019497630592e-15 -4.56578541584707e-15    -0.887753856223134
-1.60427089550949e-18  5.96535249080498e-18 -1.57775832711461e-16 -1.04986113433062e-15 -2.73753562522605e-16      1.19634313960245  1.30824204309441e-14     0.957940208549056      0.11083949004003 -6.41458057799985e-15
-2.70695003020584e-17 -2.53032195617401e-17 -5.40869997707845e-15 -4.80605924341629e-15  2.77836600972871e-14  1.30824204309441e-14      1.19634313960243     0.110839490040025    -0.957940208549058  2.10197730445561e-14
 7.41291832834944e-18 -2.71055643330094e-18  1.25129873129006e-15  2.18024703045442e-15  -5.2019497630592e-15     0.957940208549056     0.110839490040025     0.842870213179659  1.04206262747333e-14  2.20032276787856e-15
 7.56425656547572e-18  2.11138572856602e-18  8.45457657052926e-16  1.16524423343783e-15 -4.56578541584707e-15      0.11083949004003    -0.957940208549058  1.04206262747333e-14     0.842870213179685 -3.08902864777869e-14
 0.000937034978178951  0.000982873160053757     0.174500405771309     0.171913180854924    -0.887753856223134 -6.41458057799985e-15  2.10197730445561e-14  2.20032276787856e-15 -3.08902864777869e-14     0.659392179247204
First eigenvector coefficient: 0.230109875497654
TOTAL ENERGY: -124.236570733969	 lambda: -4.7	 population of target: 3.99372455293595
1RDM: 
      1.9999993448995 -1.00642895680645e-06 -0.000126144281169772 -0.000139971871916743  0.000614799630891441  -1.5938694725371e-18 -2.69820671550935e-17  7.37080904576318e-18  7.52753630985367e-18  0.000934353423449639
-1.00642895680645e-06      1.99997319196511 -0.000492651398975689  -0.00167747919125783  0.000397542282051917  5.95402192189079e-18  -2.5302244605295e-17 -2.71878569118599e-18  2.09025216717884e-18   0.00098336711424622
-0.000126144281169772 -0.000492651398975689      1.97199227297555   -0.0451654347649853     0.111552311254504 -1.57299313623094e-16 -5.39944131083235e-15  1.24654944513376e-15  8.41315358065565e-16     0.174264623925004
-0.000139971871916743  -0.00167747919125783   -0.0451654347649853      1.88079756032766    0.0977865043810725 -1.04903658678302e-15 -4.79929574615418e-15  2.17557091090207e-15  1.16380310813545e-15     0.171829374822242
 0.000614799630891441  0.000397542282051917     0.111552311254504    0.0977865043810725      1.41030209107381 -2.71181135165547e-16  2.77680637750797e-14 -5.19017853289498e-15  -4.5473891847472e-15    -0.887457156647409
 -1.5938694725371e-18  5.95402192189079e-18 -1.57299313623094e-16 -1.04903658678302e-15 -2.71181135165547e-16      1.19652801292881  1.28810230275457e-14     0.957908525720336     0.110835824144662 -6.39981453771819e-15
-2.69820671550935e-17  -2.5302244605295e-17 -5.39944131083235e-15 -4.79929574615418e-15  2.77680637750797e-14  1.28810230275457e-14      1.19652801292879     0.110835824144658    -0.957908525720339   2.1032004181297e-14
 7.37080904576318e-18 -2.71878569118599e-18  1.24654944513376e-15  2.17557091090207e-15 -5.19017853289498e-15     0.957908525720336     0.110835824144658     0.842680508035989  9.85055140871409e-15  2.19982109097274e-15
 7.52753630985367e-18  2.09025216717884e-18  8.41315358065565e-16  1.16380310813545e-15  -4.5473891847472e-15     0.110835824144662    -0.957908525720339  9.85055140871409e-15     0.842680508036018 -3.08815962039682e-14
 0.000934353423449639   0.00098336711424622     0.174264623925004     0.171829374822242    -0.887457156647409 -6.39981453771819e-15   2.1032004181297e-14  2.19982109097274e-15 -3.08815962039682e-14     0.658518496829215
First eigenvector coefficient: 0.230333952502028
TOTAL ENERGY: -124.236880341403	 lambda: -4.65	 population of target: 3.99379078204845
1RDM: 
     1.99999934905922 -1.00359969091001e-06 -0.000125536198272188 -0.000139446591746219  0.000612409333353971 -1.58368833044578e-18 -2.68947778015724e-17  7.32864774404346e-18  7.49062157415537e-18  0.000931688602296978
-1.00359969091001e-06      1.99997319094551   -0.0004922898620426  -0.00167743915914214  0.000396783726055436  5.94228595424516e-18 -2.53008931187083e-17 -2.72731282659795e-18   2.0685240426293e-18  0.000983869621875916
-0.000125536198272188   -0.0004922898620426      1.97207510285736   -0.0450980783902227     0.111271116989474 -1.56833124059885e-16 -5.38997726887041e-15  1.24169688061561e-15  8.37049677117595e-16     0.174023994738818
-0.000139446591746219  -0.00167743915914214   -0.0450980783902227      1.88083296193245    0.0975898471017077 -1.04825870836871e-15  -4.7925223228241e-15  2.17086847399217e-15  1.16229360589705e-15     0.171748019396447
 0.000612409333353971  0.000396783726055436     0.111271116989474    0.0975898471017077      1.41109688179595 -2.68541292095602e-16  2.77518606994611e-14 -5.17796898848031e-15 -4.52834898059113e-15     -0.88714813585553
-1.58368833044578e-18  5.94228595424516e-18 -1.56833124059885e-16 -1.04825870836871e-15 -2.68541292095602e-16      1.19671959149461  1.11276362996613e-14     0.957875556878954     0.110832009449848 -6.38452436015242e-15
-2.68947778015724e-17 -2.53008931187083e-17 -5.38997726887041e-15  -4.7925223228241e-15  2.77518606994611e-14  1.11276362996613e-14       1.1967195914946     0.110832009449844    -0.957875556878957  2.10446189324249e-14
 7.32864774404346e-18 -2.72731282659795e-18  1.24169688061561e-15  2.17086847399217e-15 -5.17796898848031e-15     0.957875556878954     0.110832009449844     0.842484158351552  9.50280125506536e-15  2.19931612934784e-15
 7.49062157415537e-18   2.0685240426293e-18  8.37049677117595e-16  1.16229360589705e-15 -4.52834898059113e-15     0.110832009449848    -0.957875556878957  9.50280125506536e-15     0.842484158351568 -3.08725736358042e-14
 0.000931688602296978  0.000983869621875916     0.174023994738818     0.171748019396447     -0.88714813585553 -6.38452436015242e-15  2.10446189324249e-14  2.19931612934784e-15 -3.08725736358042e-14     0.657615013717714
First eigenvector coefficient: 0.230565770716596
TOTAL ENERGY: -124.237202336254	 lambda: -4.6	 population of target: 3.99386040571985
1RDM: 
     1.99999935319265  -1.0007743440121e-06 -0.000124925876312499 -0.000138923581611426  0.000610011911839939 -1.57374158225859e-18 -2.68076512538024e-17  7.28643641453099e-18  7.45350571323761e-18  0.000929041817565077
 -1.0007743440121e-06      1.99997318997074 -0.000491917670417806  -0.00167739544947237  0.000395995005395293  5.93012457908673e-18 -2.52991447172157e-17 -2.73615365878326e-18  2.04617131545108e-18  0.000984381040920235
-0.000124925876312499 -0.000491917670417806        1.972159708064   -0.0450296572257099     0.110982605776992 -1.56378122942971e-16 -5.38029946924289e-15  1.23673669804865e-15  8.32655129632533e-16     0.173778340895858
-0.000138923581611426  -0.00167739544947237   -0.0450296572257099      1.88086843972371    0.0973900966144642 -1.04752975414666e-15 -4.78573758886294e-15  2.16613796674944e-15  1.16071191668059e-15     0.171669210732527
 0.000610011911839939  0.000395995005395293     0.110982605776992    0.0973900966144642       1.4119210536662  -2.6583109827171e-16  2.77350180327584e-14 -5.16529758726702e-15 -4.50863069158864e-15    -0.886826086814974
-1.57374158225859e-18  5.93012457908673e-18 -1.56378122942971e-16 -1.04752975414666e-15  -2.6583109827171e-16      1.19691824038383   1.1992979629607e-14     0.957841230078126     0.110828037630908 -6.36868181197779e-15
-2.68076512538024e-17 -2.52991447172157e-17 -5.38029946924289e-15 -4.78573758886294e-15  2.77350180327584e-14   1.1992979629607e-14      1.19691824038382     0.110828037630903    -0.957841230078129  2.10576364948878e-14
 7.28643641453099e-18 -2.73615365878326e-18  1.23673669804865e-15  2.16613796674944e-15 -5.16529758726702e-15     0.957841230078126     0.110828037630903     0.842280801706135  1.00592376939306e-14  2.19880835450378e-15
 7.45350571323761e-18  2.04617131545108e-18  8.32655129632533e-16  1.16071191668059e-15 -4.50863069158864e-15     0.110828037630908    -0.957841230078129  1.00592376939306e-14     0.842280801706152 -3.08632001941768e-14
 0.000929041817565077  0.000984381040920235     0.173778340895858     0.171669210732527    -0.886826086814974 -6.36868181197779e-15  2.10576364948878e-14  2.19880835450378e-15 -3.08632001941768e-14     0.656680171203345
First eigenvector coefficient: 0.230805743391596
TOTAL ENERGY: -124.237537483196	 lambda: -4.55	 population of target: 3.99393366530922
1RDM: 
     1.99999935729866 -9.97953438725955e-07 -0.000124313281607527  -0.00013840295155458   0.00060760723302562 -1.56404429602397e-18 -2.67207074034945e-17  7.24417696556652e-18  7.41618138621673e-18  0.000926414449952957
-9.97953438725955e-07      1.99997318904385 -0.000491534369858418  -0.00167734779429073  0.000395174558043435  5.91751643886075e-18 -2.52969774555341e-17 -2.74532510800853e-18  2.02316180769183e-18  0.000984901750132411
-0.000124313281607527 -0.000491534369858418      1.97224615550626   -0.0449601235967328      0.11068645556931 -1.55935249003588e-16 -5.37039907051615e-15  1.23166431090284e-15  8.28125891685764e-16      0.17352747688762
 -0.00013840295155458  -0.00167734779429073   -0.0449601235967328      1.88090401094436    0.0971870683238884 -1.04685212456678e-15 -4.77893999284273e-15  2.16137748602434e-15  1.15905394551241e-15     0.171593049700093
  0.00060760723302562  0.000395174558043435      0.11068645556931    0.0971870683238884      1.41277618614253 -2.63047456855592e-16  2.77175005254126e-14 -5.15213907209583e-15 -4.48819776287108e-15    -0.886490247808611
-1.56404429602397e-18  5.91751643886075e-18 -1.55935249003588e-16 -1.04685212456678e-15 -2.63047456855592e-16      1.19712435161165   1.1934972213152e-14       0.9578054679222     0.110823899732703 -6.35225660013739e-15
-2.67207074034945e-17 -2.52969774555341e-17 -5.37039907051615e-15 -4.77893999284273e-15  2.77175005254126e-14   1.1934972213152e-14      1.19712435161164     0.110823899732699    -0.957805467922204  2.10710773631961e-14
 7.24417696556652e-18 -2.74532510800853e-18  1.23166431090284e-15  2.16137748602434e-15 -5.15213907209583e-15       0.9578054679222     0.110823899732699     0.842070048884628   9.8345617023105e-15  2.19829831812577e-15
 7.41618138621673e-18  2.02316180769183e-18  8.28125891685764e-16  1.15905394551241e-15 -4.48819776287108e-15     0.110823899732703    -0.957805467922204   9.8345617023105e-15     0.842070048884646 -3.08534558869064e-14
 0.000926414449952957  0.000984901750132411      0.17352747688762     0.171593049700093    -0.886490247808611 -6.35225660013739e-15  2.10710773631961e-14  2.19829831812577e-15 -3.08534558869064e-14     0.655712300072414
First eigenvector coefficient: 0.231054313650253
TOTAL ENERGY: -124.237886610068	 lambda: -4.5	 population of target: 3.99401082413725
1RDM: 
     1.99999936137606 -9.95137511681755e-07 -0.000123698377779416 -0.000137884815416235  0.000605195139117943 -1.55461257322589e-18 -2.66339670412594e-17   7.2018711866457e-18   7.3786404908372e-18  0.000923807963386032
-9.95137511681755e-07      1.99997318816818 -0.000491139479319967  -0.00167729590145709   0.00039432071271195   5.9044387030869e-18  -2.5294367787077e-17 -2.75484531396981e-18  1.99946110793664e-18  0.000985432150519782
-0.000123698377779416 -0.000491139479319967      1.97233451541712    -0.044889426911836     0.110382324928586 -1.55505529351283e-16 -5.36026673987075e-15  1.22647486692798e-15  8.23455777767705e-16     0.173271208598655
-0.000137884815416235  -0.00167729590145709    -0.044889426911836      1.88093969474984    0.0969805629932741    -1.04622837891e-15  -4.7721278113989e-15  2.15658496384723e-15  1.15731528290155e-15     0.171519642141016
 0.000605195139117943   0.00039432071271195     0.110382324928586    0.0969805629932741      1.41366397362455 -2.60187098474237e-16  2.76992702974692e-14 -5.13846631349957e-15 -4.46701097105072e-15    -0.886139797089648
-1.55461257322589e-18   5.9044387030869e-18 -1.55505529351283e-16    -1.04622837891e-15 -2.60187098474237e-16      1.19733834664912  1.23745359382797e-14     0.957768187041556      0.11081958610887 -6.33521618116228e-15
-2.66339670412594e-17  -2.5294367787077e-17 -5.36026673987075e-15  -4.7721278113989e-15  2.76992702974692e-14  1.23745359382797e-14       1.1973383466491     0.110819586108866     -0.95776818704156  2.10849634396229e-14
  7.2018711866457e-18 -2.75484531396981e-18  1.22647486692798e-15  2.15658496384723e-15 -5.13846631349957e-15     0.957768187041556     0.110819586108866     0.841851481360656  9.41538083209352e-15  2.19778666586753e-15
  7.3786404908372e-18  1.99946110793664e-18  8.23455777767705e-16  1.15731528290155e-15 -4.46701097105072e-15      0.11081958610887     -0.95776818704156  9.41538083209352e-15     0.841851481360683 -3.08433191831449e-14
 0.000923807963386032  0.000985432150519782     0.173271208598655     0.171519642141016    -0.886139797089648 -6.33521618116228e-15  2.10849634396229e-14  2.19778666586753e-15 -3.08433191831449e-14     0.654709610645381
First eigenvector coefficient: 0.231311957231393
TOTAL ENERGY: -124.238250614452	 lambda: -4.45	 population of target: 3.99409216993901
1RDM: 
      1.9999993654236 -9.92327112583844e-07 -0.000123081125447977 -0.000137369290825024  0.000602775444118723 -1.54546363675815e-18 -2.65474518838884e-17  7.15952071162047e-18  7.34087406903868e-18  0.000921223910870966
-9.92327112583844e-07      1.99997318734737 -0.000490732488888855  -0.00167723945201563  0.000393431679095421  5.89086693952535e-18 -2.52912904055007e-17 -2.76473374618051e-18  1.97503236428751e-18  0.000985972666951157
-0.000123081125447977 -0.000490732488888855      1.97242486155248    -0.044817513432244     0.110069851528203 -1.55090089214946e-16 -5.34989261885195e-15  1.22116322865055e-15  8.18638211428603e-16     0.173009332874187
-0.000137369290825024  -0.00167723945201563    -0.044817513432244      1.88097551243761    0.0967703652995969 -1.04566124850968e-15 -4.76529912728453e-15  2.15175815002959e-15  1.15549117484444e-15     0.171449099139016
 0.000602775444118723  0.000393431679095421     0.110069851528203    0.0967703652995969      1.41458623606528 -2.57246570444425e-16  2.76802865890785e-14 -5.12425013342068e-15 -4.44502817716417e-15     -0.88577384690212
-1.54546363675815e-18  5.89086693952535e-18 -1.55090089214946e-16 -1.04566124850968e-15 -2.57246570444425e-16      1.19756067923614  1.18553776718818e-14     0.957729297506273     0.110815086353964 -6.31752554866395e-15
-2.65474518838884e-17 -2.52912904055007e-17 -5.34989261885195e-15 -4.76529912728453e-15  2.76802865890785e-14  1.18553776718818e-14      1.19756067923611      0.11081508635396    -0.957729297506277  2.10993181569337e-14
 7.15952071162047e-18 -2.76473374618051e-18  1.22116322865055e-15  2.15175815002959e-15 -5.12425013342068e-15     0.957729297506273      0.11081508635396     0.841624648491423  8.72010535444075e-15  2.19727415080021e-15
 7.34087406903868e-18  1.97503236428751e-18  8.18638211428603e-16  1.15549117484444e-15 -4.44502817716417e-15     0.110815086353964    -0.957729297506277  8.72010535444075e-15     0.841624648491452 -3.08327668622755e-14
 0.000921223910870966  0.000985972666951157     0.173009332874187     0.171449099139016     -0.88577384690212 -6.31752554866395e-15  2.10993181569337e-14  2.19727415080021e-15 -3.08327668622755e-14     0.653670181719335
First eigenvector coefficient: 0.231579185539852
TOTAL ENERGY: -124.238630471092	 lambda: -4.4	 population of target: 3.99417801764323
1RDM: 
     1.99999936943997 -9.89522802951923e-07 -0.000122461481884292 -0.000136856499151689  0.000600347929524887 -1.53661592788884e-18 -2.64611845983031e-17  7.11712697474622e-18  7.30287220154484e-18  0.000918663940826824
-9.89522802951923e-07      1.99997318658537 -0.000490312857513135  -0.00167717809721923  0.000392505537045346  5.87677497079383e-18 -2.52877180781157e-17 -2.77501132871076e-18  1.94983606374594e-18  0.000986523749896359
-0.000122461481884292 -0.000490312857513135      1.97251727140569   -0.0447443260186336     0.109748650511114 -1.54690162927871e-16 -5.33926628623805e-15  1.21572395202527e-15  8.13666193444737e-16     0.172741637072109
-0.000136856499151689  -0.00167717809721923   -0.0447443260186336      1.88101148770779    0.0965562422173844 -1.04515365147989e-15 -4.75845180590555e-15  2.14689459270717e-15  1.15357648908861e-15      0.17138153730118
 0.000600347929524887  0.000392505537045346     0.109748650511114    0.0965562422173844      1.41554493077595 -2.54222225340071e-16  2.76605054827887e-14 -5.10945910877549e-15 -4.42220405141331e-15    -0.885391436777647
-1.53661592788884e-18  5.87677497079383e-18 -1.54690162927871e-16 -1.04515365147989e-15 -2.54222225340071e-16      1.19779183852217  1.30777039312469e-14      0.95768870216953     0.110810389227519 -6.29914699637027e-15
-2.64611845983031e-17 -2.52877180781157e-17 -5.33926628623805e-15 -4.75845180590555e-15  2.76605054827887e-14  1.30777039312469e-14      1.19779183852215     0.110810389227514    -0.957688702169536  2.11141666140418e-14
 7.11712697474622e-18 -2.77501132871076e-18  1.21572395202527e-15  2.14689459270717e-15 -5.10945910877549e-15      0.95768870216953     0.110810389227514     0.841389064384939  9.73779069986682e-15  2.19676164915002e-15
 7.30287220154484e-18  1.94983606374594e-18  8.13666193444737e-16  1.15357648908861e-15 -4.42220405141331e-15     0.110810389227519    -0.957688702169536  9.73779069986682e-15     0.841389064384968 -3.08217738458039e-14
 0.000918663940826824  0.000986523749896359     0.172741637072109      0.17138153730118    -0.885391436777647 -6.29914699637027e-15  2.11141666140418e-14  2.19676164915002e-15 -3.08217738458039e-14     0.652591948271862
First eigenvector coefficient: 0.231856549044797
TOTAL ENERGY: -124.23902724026	 lambda: -4.35	 population of target: 3.99426871252916
1RDM: 
     1.99999937342381  -9.8672515447403e-07 -0.000121839400618256 -0.000136346565416404  0.000597912339366422 -1.52808921339523e-18 -2.63751888217199e-17  7.07469115866089e-18  7.26462388759105e-18  0.000916129803924394
 -9.8672515447403e-07      1.99997318588652 -0.000489880010507366  -0.00167711145516093  0.000391540224539197  5.86213471545581e-18 -2.52836214593209e-17 -2.78570057918208e-18   1.9238297859919e-18  0.000987085877312737
-0.000121839400618256 -0.000489880010507366      1.97261182643696   -0.0446698038522856     0.109418312688312 -1.54307106350805e-16 -5.32837671773152e-15   1.2101512631392e-15  8.08532266733015e-16     0.172467898600029
-0.000136346565416404  -0.00167711145516093   -0.0446698038522856      1.88104764696056     0.096337941206917 -1.04470870898449e-15 -4.75158346843435e-15  2.14199161642255e-15  1.15156567748188e-15     0.171317079049521
 0.000597912339366422  0.000391540224539197     0.109418312688312     0.096337941206917       1.4165421655829 -2.51110208962785e-16  2.76398795931318e-14   -5.094059352038e-15 -4.39848976622257e-15    -0.884991526004905
-1.52808921339523e-18  5.86213471545581e-18 -1.54307106350805e-16 -1.04470870898449e-15 -2.51110208962785e-16      1.19803235258013   1.1569812010333e-14     0.957646295930882      0.11080548256879 -6.28003985333216e-15
-2.63751888217199e-17 -2.52836214593209e-17 -5.32837671773152e-15 -4.75158346843435e-15  2.76398795931318e-14   1.1569812010333e-14      1.19803235258012     0.110805482568786    -0.957646295930883  2.11295357262516e-14
 7.07469115866089e-18 -2.78570057918208e-18   1.2101512631392e-15  2.14199161642255e-15   -5.094059352038e-15     0.957646295930882     0.110805482568786     0.841144204394074  9.80808065666164e-15  2.19625017847905e-15
 7.26462388759105e-18   1.9238297859919e-18  8.08532266733015e-16  1.15156567748188e-15 -4.39848976622257e-15      0.11080548256879    -0.957646295930883  9.80808065666164e-15     0.841144204394094 -3.08103130087324e-14
 0.000916129803924394  0.000987085877312737     0.172467898600029     0.171317079049521    -0.884991526004905 -6.28003985333216e-15  2.11295357262516e-14  2.19625017847905e-15 -3.08103130087324e-14     0.651472687761775
First eigenvector coefficient: 0.232144641073223
TOTAL ENERGY: -124.239442077232	 lambda: -4.3	 population of target: 3.99436463382062
1RDM: 
      1.9999993773737 -9.83934746906733e-07  -0.00012121483099663 -0.000135839618142018  0.000595468374486829 -1.51990470422143e-18  -2.6289489177146e-17  7.03221413302114e-18  7.22611690807952e-18  0.000913623360498371
-9.83934746906733e-07      1.99997318525561 -0.000489433336804679   -0.0016770391069538   0.00039053352428216  5.84691601135622e-18 -2.52789688815902e-17 -2.79682576409463e-18  1.89696792974282e-18  0.000987659556688715
 -0.00012121483099663 -0.000489433336804679      1.97270861231843   -0.0445938821278262     0.109078402559116 -1.53942410943819e-16 -5.31721224222393e-15  1.20443903275124e-15  8.03228477622443e-16     0.172187884440061
-0.000135839618142018   -0.0016770391069538   -0.0445938821278262      1.88108401963502    0.0961151881798451 -1.04432976323051e-15 -4.74469146127863e-15  2.13704629739409e-15  1.14945273369338e-15     0.171255852922578
 0.000595468374486829   0.00039053352428216     0.109078402559116    0.0961151881798451      1.41758021351937   -2.479064477314e-16  2.76183577190055e-14 -5.07801426566275e-15 -4.37383265334221e-15    -0.884572985150969
-1.51990470422143e-18  5.84691601135622e-18 -1.53942410943819e-16 -1.04432976323051e-15   -2.479064477314e-16      1.19828279234565  1.19519700733542e-14     0.957601964907657     0.110800353200861 -6.26016018742612e-15
 -2.6289489177146e-17 -2.52789688815902e-17 -5.31721224222393e-15 -4.74469146127863e-15  2.76183577190055e-14  1.19519700733542e-14      1.19828279234563     0.110800353200857     -0.95760196490766   2.1145454391976e-14
 7.03221413302114e-18 -2.79682576409463e-18  1.20443903275124e-15  2.13704629739409e-15 -5.07801426566275e-15     0.957601964907657     0.110800353200857     0.840889501185181  9.19782531253026e-15  2.19574091875137e-15
 7.22611690807952e-18  1.89696792974282e-18  8.03228477622443e-16  1.14945273369338e-15 -4.37383265334221e-15     0.110800353200861     -0.95760196490766  9.19782531253026e-15     0.840889501185207 -3.07983549676096e-14
 0.000913623360498371  0.000987659556688715     0.172187884440061     0.171255852922578    -0.884572985150969 -6.26016018742612e-15   2.1145454391976e-14  2.19574091875137e-15 -3.07983549676096e-14     0.650310004837221
First eigenvector coefficient: 0.2324441020528
TOTAL ENERGY: -124.239876243031	 lambda: -4.25	 population of target: 3.99446619878808
1RDM: 
     1.99999938128813 -9.81152165438768e-07 -0.000120587717684229 -0.000135335789140401  0.000593015685938566 -1.51208518711031e-18  -2.6204111282653e-17  6.98969638207597e-18   7.1873376694768e-18  0.000911146588582603
-9.81152165438768e-07      1.99997318469783 -0.000488972185924499  -0.00167696059238936  0.000389483048756972  5.83108641886163e-18 -2.52737261210175e-17 -2.80841307271467e-18  1.86920140761158e-18   0.00098824532725956
-0.000120587717684229 -0.000488972185924499       1.9728077191962   -0.0445164917139027     0.108728456131803  -1.5359771974224e-16 -5.30576049427791e-15  1.19858074842816e-15  7.97746333019769e-16     0.171901350664074
-0.000135335789140401  -0.00167696059238936   -0.0445164917139027      1.88112063859669    0.0958876852095949 -1.04402039740117e-15 -4.73777282123875e-15  2.13205543553816e-15  1.14723114570169e-15     0.171197993884776
 0.000593015685938566  0.000389483048756972     0.108728456131803    0.0958876852095949      1.41866152926541 -2.44606635527707e-16  2.75958844535345e-14 -5.06128426664935e-15 -4.34817581993507e-15    -0.884134586492966
-1.51208518711031e-18  5.83108641886163e-18  -1.5359771974224e-16 -1.04402039740117e-15 -2.44606635527707e-16      1.19854377604345  1.23117129286677e-14     0.957555585500921     0.110794986822592 -6.23946047264649e-15
 -2.6204111282653e-17 -2.52737261210175e-17 -5.30576049427791e-15 -4.73777282123875e-15  2.75958844535345e-14  1.23117129286677e-14      1.19854377604343     0.110794986822588    -0.957555585500924  2.11619536780194e-14
 6.98969638207597e-18 -2.80841307271467e-18  1.19858074842816e-15  2.13205543553816e-15 -5.06128426664935e-15     0.957555585500921     0.110794986822588     0.840624340319454  9.80303586347602e-15  2.19523523679945e-15
  7.1873376694768e-18  1.86920140761158e-18  7.97746333019769e-16  1.14723114570169e-15 -4.34817581993507e-15     0.110794986822592    -0.957555585500924  9.80303586347602e-15      0.84062434031948 -3.07858678417731e-14
 0.000911146588582603   0.00098824532725956     0.171901350664074     0.171197993884776    -0.884134586492966 -6.23946047264649e-15  2.11619536780194e-14  2.19523523679945e-15 -3.07858678417731e-14     0.649101314230994
First eigenvector coefficient: 0.232755624267539
TOTAL ENERGY: -124.240331116647	 lambda: -4.2	 population of target: 3.99457386744281
1RDM: 
     1.99999938516556 -9.78377997452663e-07 -0.000119958000104469 -0.000134835213221669  0.000590553867367005 -1.50465517106755e-18 -2.61190817534739e-17  6.94713791954585e-18  7.14827102575954e-18  0.000908701592658219
-9.78377997452663e-07      1.99997318421895 -0.000488495864622073  -0.00167687540499734  0.000388386223510971  5.81461100093106e-18 -2.52678561335121e-17 -2.82049081177752e-18  1.84047730558853e-18  0.000988843762414098
-0.000119958000104469 -0.000488495864622073      1.97290924197029    -0.044437558777909     0.108367978520233 -1.53274845515145e-16 -5.29400836245759e-15  1.19256948398426e-15  7.92076752921924e-16      0.17160804194315
-0.000134835213221669  -0.00167687540499734    -0.044437558777909      1.88115754058062    0.0956551079488595 -1.04378445771053e-15 -4.73082423570883e-15  2.12701552267537e-15  1.14489384220484e-15     0.171143643640722
 0.000590553867367005  0.000388386223510971     0.108367978520233    0.0956551079488595      1.41978876758045 -2.41206220060494e-16  2.75723997452039e-14 -5.04382647694442e-15 -4.32145771792663e-15    -0.883674993194993
-1.50465517106755e-18  5.81461100093106e-18 -1.53274845515145e-16 -1.04378445771053e-15 -2.41206220060494e-16      1.19881597417199  1.15351663725848e-14     0.957507023339839     0.110789367886462 -6.21788921492857e-15
-2.61190817534739e-17 -2.52678561335121e-17 -5.29400836245759e-15 -4.73082423570883e-15  2.75723997452039e-14  1.15351663725848e-14      1.19881597417197     0.110789367886458    -0.957507023339842  2.11790670258493e-14
 6.94713791954585e-18 -2.82049081177752e-18  1.19256948398426e-15  2.12701552267537e-15 -5.04382647694442e-15     0.957507023339839     0.110789367886458     0.840348055276053  8.54144269501742e-15  2.19473471479107e-15
 7.14827102575954e-18  1.84047730558853e-18  7.92076752921924e-16  1.14489384220484e-15 -4.32145771792663e-15     0.110789367886462    -0.957507023339842  8.54144269501742e-15     0.840348055276079 -3.07728169837468e-14
 0.000908701592658219  0.000988843762414098      0.17160804194315     0.171143643640722    -0.883674993194993 -6.21788921492857e-15  2.11790670258493e-14  2.19473471479107e-15 -3.07728169837468e-14     0.647843821589213
