HCORE:-25.3269 -6.42489 -6.07137 -7.44466 -7.46285 -32.6004 -7.93782 -6.04369 -6.04369 -7.44466
HCORE2:-32.6004 -25.3269 -7.93782 -7.46285 -7.44466 -7.44466 -6.42489 -6.07137 -6.04369 -6.04369
Lodwin Orthonormalized
TOTAL ENERGY: -123.606608193432	 lambda: -5	 population of target: 4.00000013288942
1RDM: 
     1.99999999997562 -2.58453791400919e-09 -1.24414447494331e-09  -3.4381033313433e-09   -7.981166648792e-18  2.00865390062811e-18  3.93568286806978e-07  -6.8819003101129e-06  3.78651365445875e-17  -1.1254835758569e-17
-2.58453791400919e-09       1.9999747001906 -1.51497843274825e-07 -4.08354925725114e-07 -3.37776509908046e-14   8.4459693054717e-15    0.0016548090599897 -6.32243862770873e-05  -5.7829590643141e-15  2.45280315555087e-14
-1.24414447494331e-09 -1.51497843274825e-07      1.99999993649433 -1.75487391622174e-07 -4.33877032984855e-16  1.09151117824901e-16  2.13896419745318e-05 -0.000350627782534486  2.33309246865989e-15 -2.17264751640067e-15
 -3.4381033313433e-09 -4.08354925725114e-07 -1.75487391622174e-07      1.99999951506384 -1.18527372131417e-15 -7.61299173854645e-17  5.84341213304174e-05  -0.00096921136997324  1.00182118323597e-11 -4.47444144543424e-15
  -7.981166648792e-18 -3.37776509908046e-14 -4.33877032984855e-16 -1.18527372131417e-15      1.99999999725719 -6.85357125347871e-22   2.3512907045829e-12 -1.33214360588008e-12  4.09218576330006e-16  7.33473620475931e-05
 2.00865390062811e-18   8.4459693054717e-15  1.09151117824901e-16 -7.61299173854645e-17 -6.85357125347871e-22      1.99999999725719 -5.88048195996335e-13  3.37177370248816e-13  7.33473720606141e-05 -3.90565495491183e-16
 3.93568286806978e-07    0.0016548090599897  2.13896419745318e-05  5.84341213304174e-05   2.3512907045829e-12 -5.88048195996335e-13      1.88479362546422    0.0659874895236482  1.32965886074187e-12 -6.61091134225182e-12
 -6.8819003101129e-06 -6.32243862770873e-05 -0.000350627782534486  -0.00096921136997324 -1.33214360588008e-12  3.37177370248816e-13    0.0659874895236482     0.038826379952767  1.40910569173215e-13 -5.91365011889025e-13
 3.78651365445875e-17  -5.7829590643141e-15  2.33309246865989e-15  1.00182118323597e-11  4.09218576330006e-16  7.33473720606141e-05  1.32965886074187e-12  1.40910569173215e-13     0.038202924172122  -1.0226450150967e-17
 -1.1254835758569e-17  2.45280315555087e-14 -2.17264751640067e-15 -4.47444144543424e-15  7.33473620475931e-05 -3.90565495491183e-16 -6.61091134225182e-12 -5.91365011889025e-13  -1.0226450150967e-17    0.0382029241721267
First eigenvector coefficient: 0.969962617320726
TOTAL ENERGY: -123.606608293781	 lambda: -4.95	 population of target: 4.00000015306093
1RDM: 
     1.99999999997539 -2.59576484353399e-09  -1.2674136011632e-09  -3.5182813663457e-09 -8.01663072958665e-18  2.01762368399906e-18   3.9534788451425e-07 -6.91399423525887e-06  3.52365023316291e-17  1.21163079114449e-19
-2.59576484353399e-09      1.99997470018984 -1.53374819942736e-07 -4.14715051087084e-07 -3.37743022934491e-14   8.4451595185837e-15   0.00165480907974726 -6.32243575418398e-05  4.70631854802777e-16 -2.82483196851994e-16
 -1.2674136011632e-09 -1.53374819942736e-07      1.99999993470703 -1.81243728746062e-07  -4.3964301317769e-16  1.10604452661458e-16  2.16726110909023e-05 -0.000355535435356282  1.80761284948815e-15  2.35150774802951e-17
 -3.5182813663457e-09 -4.14715051087084e-07 -1.81243728746062e-07      1.99999949688743 -1.20567730455713e-15 -7.80038192528217e-17  5.94373968307637e-05 -0.000987247295287341  1.00168776245782e-11  1.21068355390642e-15
-8.01663072958665e-18 -3.37743022934491e-14  -4.3964301317769e-16 -1.20567730455713e-15      1.99999999715341 -7.02935605755748e-22  2.35086753563592e-12 -1.33193120417341e-12  4.16453186463858e-16  7.47221342760859e-05
 2.01762368399906e-18   8.4451595185837e-15  1.10604452661458e-16 -7.80038192528217e-17 -7.02935605755748e-22      1.99999999715341 -5.87944346342515e-13  3.37142774592194e-13  7.47221442889958e-05 -3.97681802927968e-16
  3.9534788451425e-07   0.00165480907974726  2.16726110909023e-05  5.94373968307637e-05  2.35086753563592e-12 -5.87944346342515e-13      1.88479362564892    0.0659874919172658 -3.56026887203519e-13  7.76972563281574e-14
-6.91399423525887e-06 -6.32243575418398e-05 -0.000355535435356282 -0.000987247295287341 -1.33193120417341e-12  3.37142774592194e-13    0.0659874919172658    0.0388263990436031 -9.93686806756165e-15  6.81253915810388e-15
 3.52365023316291e-17  4.70631854802777e-16  1.80761284948815e-15  1.00168776245782e-11  4.16453186463858e-16  7.47221442889958e-05 -3.56026887203519e-13 -9.93686806756165e-15    0.0382029246204887 -1.00254483647693e-17
 1.21163079114449e-19 -2.82483196851994e-16  2.35150774802951e-17  1.21068355390642e-15  7.47221342760859e-05 -3.97681802927968e-16  7.76972563281574e-14  6.81253915810388e-15 -1.00254483647693e-17    0.0382029246204913
First eigenvector coefficient: -0.969962607309555
TOTAL ENERGY: -123.606608398683	 lambda: -4.9	 population of target: 4.00000017436195
1RDM: 
     1.99999999997516 -2.60716093987441e-09 -1.29144583581473e-09 -3.60179559583155e-09 -8.05228862250766e-18  2.02685779657765e-18  3.97157496711774e-07 -6.94667095274054e-06  3.54337064952202e-17 -1.31622657052903e-21
-2.60716093987441e-09      1.99997470018997 -1.55299211081342e-07 -4.21278922653046e-07 -3.37742397130089e-14  8.44516898532252e-15   0.00165480906832785 -6.32242631443506e-05  3.99341897240981e-16  3.28435344295157e-18
-1.29144583581473e-09 -1.55299211081342e-07      1.99999993284368 -1.87289373484526e-07 -4.45480957247418e-16  1.12087076352693e-16  2.19631704609336e-05 -0.000360581065025064  1.83933421766816e-15 -3.01453759512749e-19
-3.60179559583155e-09 -4.21278922653046e-07 -1.87289373484526e-07      1.99999947766944 -1.22658693970422e-15 -7.99832528819907e-17  6.04761461540781e-05  -0.00100596690291077  1.00169900544835e-11  1.16508574151751e-15
-8.05228862250766e-18 -3.37742397130089e-14 -4.45480957247418e-16 -1.22658693970422e-15       1.9999999970437 -7.21317455885072e-22   2.3508564063441e-12 -1.33164383323409e-12  4.23960733894665e-16  7.61486257155702e-05
 2.02685779657765e-18  8.44516898532252e-15  1.12087076352693e-16 -7.99832528819907e-17 -7.21317455885072e-22       1.9999999970437 -5.87945549413196e-13  3.37149859000732e-13  7.61486357284856e-05 -4.05067409848831e-16
 3.97157496711774e-07   0.00165480906832785  2.19631704609336e-05  6.04761461540781e-05   2.3508564063441e-12 -5.87945549413196e-13      1.88479362591585    0.0659874955217412 -3.36611050294846e-13  6.80052172262071e-16
-6.94667095274054e-06 -6.32242631443506e-05 -0.000360581065025064  -0.00100596690291077 -1.33164383323409e-12  3.37149859000732e-13    0.0659874955217412    0.0388264193769027 -8.29582895566468e-15 -7.83160736052281e-17
 3.54337064952202e-17  3.99341897240981e-16  1.83933421766816e-15  1.00169900544835e-11  4.23960733894665e-16  7.61486357284856e-05 -3.36611050294846e-13 -8.29582895566468e-15    0.0382029249708151 -9.82444406814825e-18
-1.31622657052903e-21  3.28435344295157e-18 -3.01453759512749e-19  1.16508574151751e-15  7.61486257155702e-05 -4.05067409848831e-16  6.80052172262071e-16 -7.83160736052281e-17 -9.82444406814825e-18    0.0382029249708155
First eigenvector coefficient: -0.969962596729873
TOTAL ENERGY: -123.606608508453	 lambda: -4.85	 population of target: 4.00000019687986
1RDM: 
     1.99999999997493 -2.61874865258416e-09 -1.31628703053726e-09  -3.6888791834713e-09 -8.08858452868192e-18  2.03626508291453e-18  3.99000828544495e-07 -6.98000112366474e-06  3.56030137944238e-17  5.39569339606296e-23
-2.61874865258416e-09       1.9999747001901   -1.572728828874e-07 -4.28055539214217e-07 -3.37741352539481e-14  8.44516871532912e-15   0.00165480905587254 -6.32241639100861e-05  4.00902767013538e-16 -1.53104720020179e-20
-1.31628703053726e-09   -1.572728828874e-07      1.99999993089992    -1.93644312054e-07 -4.51476347008547e-16  1.13610247067671e-16  2.22616313278043e-05 -0.000365770545360076  1.86571533288136e-15   -2.180715243547e-20
 -3.6888791834713e-09 -4.28055539214217e-07    -1.93644312054e-07      1.99999945732791 -1.24824463819738e-15 -8.20547083719795e-17  6.15522558314461e-05  -0.00102541063086322  1.00170889777031e-11  1.18857127057053e-15
-8.08858452868192e-18 -3.37741352539481e-14 -4.51476347008547e-16 -1.24824463819738e-15      1.99999999692752 -7.40602355738429e-22  2.35083986574045e-12 -1.33134623882583e-12  4.31760448395188e-16  7.76306326282252e-05
 2.03626508291453e-18  8.44516871532912e-15  1.13610247067671e-16 -8.20547083719795e-17 -7.40602355738429e-22      1.99999999692752 -5.87945532868081e-13  3.37157444155895e-13    7.763064264115e-05 -4.12740443054225e-16
 3.99000828544495e-07   0.00165480905587254  2.22616313278043e-05  6.15522558314461e-05  2.35083986574045e-12 -5.87945532868081e-13      1.88479362621891     0.065987499585581 -3.36837075735529e-13  1.60001919544382e-15
-6.98000112366474e-06 -6.32241639100861e-05 -0.000365770545360076  -0.00102541063086322 -1.33134623882583e-12  3.37157444155895e-13     0.065987499585581    0.0388264408381042 -8.41520770455928e-15  1.25802985189463e-18
 3.56030137944238e-17  4.00902767013538e-16  1.86571533288136e-15  1.00170889777031e-11  4.31760448395188e-16    7.763064264115e-05 -3.36837075735529e-13 -8.41520770455928e-15    0.0382029253475676 -9.62343902306914e-18
 5.39569339606296e-23 -1.53104720020179e-20   -2.180715243547e-20  1.18857127057053e-15  7.76306326282252e-05 -4.12740443054225e-16  1.60001919544382e-15  1.25802985189463e-18 -9.62343902306914e-18    0.0382029253475695
First eigenvector coefficient: -0.969962585544936
TOTAL ENERGY: -123.606608623427	 lambda: -4.8	 population of target: 4.00000022070973
1RDM: 
     1.99999999997468 -2.63053455309559e-09  -1.3419772142479e-09 -3.77975786289373e-09 -8.12553750689752e-18  2.04585116277985e-18  4.00879196992754e-07  -7.0140122429541e-06  3.57761258857886e-17  3.92545975707007e-23
-2.63053455309559e-09      1.99997470019025 -1.59297770662593e-07 -4.35055489887922e-07 -3.37740278061274e-14  8.44516855024014e-15   0.00165480904228946  -6.3224059586913e-05  4.01621248270331e-16  2.29138181458211e-20
 -1.3419772142479e-09 -1.59297770662593e-07       1.9999999288711 -2.00330124913887e-07 -4.57634614190993e-16   1.1517540352684e-16  2.25683197186879e-05 -0.000371110027140446  1.89293161090584e-15  -2.5207830384894e-20
-3.77975786289373e-09 -4.35055489887922e-07 -2.00330124913887e-07      1.99999943577345 -1.27068884413844e-15 -8.42251050460932e-17  6.26677999549272e-05  -0.00104562134784501  1.00171920116864e-11  1.21215254388533e-15
-8.12553750689752e-18 -3.37740278061274e-14 -4.57634614190993e-16 -1.27068884413844e-15      1.99999999680435 -7.60855538569237e-22  2.35082277731654e-12 -1.33103690155914e-12  4.39869723030942e-16  7.91714597352063e-05
 2.04585116277985e-18  8.44516855024014e-15   1.1517540352684e-16 -8.42251050460932e-17 -7.60855538569237e-22      1.99999999680435  -5.8794553041556e-13  3.37165329394846e-13  7.91714697481329e-05 -4.20718010886309e-16
 4.00879196992754e-07   0.00165480904228946  2.25683197186879e-05  6.26677999549272e-05  2.35082277731654e-12  -5.8794553041556e-13      1.88479362656196     0.065987504141235 -3.36836396440384e-13  1.62124859458927e-15
 -7.0140122429541e-06  -6.3224059586913e-05 -0.000371110027140446  -0.00104562134784501 -1.33103690155914e-12  3.37165329394846e-13     0.065987504141235     0.038826463516353 -8.51822146826069e-15   3.4372556637009e-19
 3.57761258857886e-17  4.01621248270331e-16  1.89293161090584e-15  1.00171920116864e-11  4.39869723030942e-16  7.91714697481329e-05 -3.36836396440384e-13 -8.51822146826069e-15    0.0382029257517835 -9.42243317171329e-18
 3.92545975707007e-23  2.29138181458211e-20  -2.5207830384894e-20  1.21215254388533e-15  7.91714597352063e-05 -4.20718010886309e-16  1.62124859458927e-15   3.4372556637009e-19 -9.42243317171329e-18    0.0382029257517799
First eigenvector coefficient: -0.969962573707788
TOTAL ENERGY: -123.606608743972	 lambda: -4.75	 population of target: 4.00000024595617
1RDM: 
     1.99999999997443  -2.6425255577642e-09  -1.3685590398626e-09 -3.87467644338447e-09 -8.16317230599972e-18  2.05562316048901e-18  4.02793995577832e-07 -7.04873348256251e-06  3.59528374553576e-17  4.00728395466764e-23
 -2.6425255577642e-09       1.9999747001904 -1.61375913892444e-07 -4.42290085913632e-07 -3.37739167355954e-14  8.44516837371276e-15   0.00165480902749874 -6.32239498698722e-05   4.0234824498016e-16  2.25148898021759e-20
 -1.3685590398626e-09 -1.61375913892444e-07      1.99999992675223 -2.07370318860106e-07 -4.63962434548723e-16  1.16784304662041e-16  2.28835797623161e-05  -0.00037660600994245  1.92094392795662e-15 -2.52802891007396e-20
-3.87467644338447e-09 -4.42290085913632e-07 -2.07370318860106e-07       1.9999994129076 -1.29396365617742e-15 -8.65012742342701e-17  6.38250106974209e-05  -0.00106664537563898  1.00172991871112e-11  1.23669858668245e-15
-8.16317230599972e-18 -3.37739167355954e-14 -4.63962434548723e-16 -1.29396365617742e-15      1.99999999667363 -7.82148379203287e-22  2.35080504924435e-12 -1.33071512309279e-12  4.48307357596808e-16  8.07746792981064e-05
 2.05562316048901e-18  8.44516837371276e-15  1.16784304662041e-16 -8.65012742342701e-17 -7.82148379203287e-22      1.99999999667363 -5.87945527525645e-13  3.37173535679702e-13  8.07746893110441e-05 -4.29018608072177e-16
 4.02793995577832e-07   0.00165480902749874  2.28835797623161e-05  6.38250106974209e-05  2.35080504924435e-12 -5.87945527525645e-13      1.88479362694824    0.0659875092163281 -3.36838449849343e-13  1.65416386202392e-15
-7.04873348256251e-06 -6.32239498698722e-05  -0.00037660600994245  -0.00106664537563898 -1.33071512309279e-12  3.37173535679702e-13    0.0659875092163281     0.038826487509354 -8.62562680991489e-15  3.60680031564858e-19
 3.59528374553576e-17   4.0234824498016e-16  1.92094392795662e-15  1.00172991871112e-11  4.48307357596808e-16  8.07746893110441e-05 -3.36838449849343e-13 -8.62562680991489e-15    0.0382029261852716 -9.22142646380865e-18
 4.00728395466764e-23  2.25148898021759e-20 -2.52802891007396e-20  1.23669858668245e-15  8.07746792981064e-05 -4.29018608072177e-16  1.65416386202392e-15  3.60680031564858e-19 -9.22142646380865e-18    0.0382029261852746
First eigenvector coefficient: -0.969962561166708
TOTAL ENERGY: -123.606608870493	 lambda: -4.7	 population of target: 4.00000027273445
1RDM: 
     1.99999999997418 -2.65472893234762e-09 -1.39607799492578e-09 -3.97390083851117e-09 -8.20151495026633e-18  2.06558859988952e-18  4.04746698610179e-07 -7.08419581654886e-06  3.61333091666724e-17  4.07454510494634e-23
-2.65472893234762e-09      1.99997470019058 -1.63509463511695e-07  -4.4977142311506e-07 -3.37738018604955e-14  8.44516818635214e-15   0.00165480901139899 -6.32238344311143e-05  4.03073849804204e-16  2.25527432028873e-20
-1.39607799492578e-09 -1.63509463511695e-07      1.99999992453795 -2.14790538068558e-07 -4.70466835240807e-16   1.1843880541521e-16  2.32077749364285e-05 -0.000382265365959698  1.94978807394659e-15 -2.53952785412277e-20
-3.97390083851117e-09  -4.4977142311506e-07 -2.14790538068558e-07       1.9999993886217 -1.31811652913914e-15 -8.88906759715495e-17  6.50262937641197e-05  -0.00108853284427337  1.00174107616621e-11  1.26225898306282e-15
-8.20151495026633e-18 -3.37738018604955e-14 -4.70466835240807e-16 -1.31811652913914e-15      1.99999999653472 -8.04559212021346e-22  2.35078664526419e-12  -1.3303801364046e-12  4.57093705418151e-16  8.24441587761146e-05
 2.06558859988952e-18  8.44516818635214e-15   1.1843880541521e-16 -8.88906759715495e-17 -8.04559212021346e-22      1.99999999653472 -5.87945524342505e-13  3.37182082863911e-13  8.24441687890561e-05 -4.37662257635613e-16
 4.04746698610179e-07   0.00165480901139899  2.32077749364285e-05  6.50262937641197e-05  2.35078664526419e-12 -5.87945524342505e-13      1.88479362738232    0.0659875148404693 -3.36840589409409e-13  1.68831291657512e-15
-7.08419581654886e-06 -6.32238344311143e-05 -0.000382265365959698  -0.00108853284427337  -1.3303801364046e-12  3.37182082863911e-13    0.0659875148404693     0.038826512924538  -8.7374427220203e-15  3.67023373020251e-19
 3.61333091666724e-17  4.03073849804204e-16  1.94978807394659e-15  1.00174107616621e-11  4.57093705418151e-16  8.24441687890561e-05 -3.36840589409409e-13  -8.7374427220203e-15    0.0382029266496917  -9.0204188266572e-18
 4.07454510494634e-23  2.25527432028873e-20 -2.53952785412277e-20  1.26225898306282e-15  8.24441587761146e-05 -4.37662257635613e-16  1.68831291657512e-15  3.67023373020251e-19  -9.0204188266572e-18    0.0382029266496936
First eigenvector coefficient: -0.969962547864954
TOTAL ENERGY: -123.606609003431	 lambda: -4.65	 population of target: 4.0000003011719
1RDM: 
     1.99999999997391 -2.66715230469713e-09 -1.42458263611743e-09 -4.07772037005455e-09 -8.24059287563711e-18     2.07575544734e-18  4.06738867080172e-07 -7.12043218082187e-06  3.63177075791413e-17  4.14499544424138e-23
-2.66715230469713e-09      1.99997470019076 -1.65700689589281e-07 -4.57512450341617e-07 -3.37736829803825e-14  8.44516798734927e-15   0.00165480899388756 -6.32237129141543e-05  4.03798109589749e-16   2.2573959225589e-20
-1.42458263611743e-09 -1.65700689589281e-07       1.9999999222225 -2.22618802651752e-07 -4.77155229269133e-16  1.20140866283081e-16  2.35412893955049e-05  -0.00038809536549416  1.97950099897917e-15 -2.55131856258326e-20
-4.07772037005455e-09 -4.57512450341617e-07 -2.22618802651752e-07      1.99999936279558 -1.34319863809332e-15 -9.14014620283178e-17  6.62742456599098e-05  -0.00111133809200613  1.00175270120006e-11  1.28889805620775e-15
-8.24059287563711e-18 -3.37736829803825e-14 -4.77155229269133e-16 -1.34319863809332e-15      1.99999999638692 -8.28174178627322e-22  2.35076752550939e-12 -1.33003111022374e-12  4.66250837338589e-16  8.41840919900238e-05
    2.07575544734e-18  8.44516798734927e-15  1.20140866283081e-16 -9.14014620283178e-17 -8.28174178627322e-22      1.99999999638692 -5.87945520837368e-13  3.37190992511472e-13  8.41841020029732e-05 -4.46670672253531e-16
 4.06738867080172e-07   0.00165480899388756  2.35412893955049e-05  6.62742456599098e-05  2.35076752550939e-12 -5.87945520837368e-13      1.88479362786854    0.0659875210458033 -3.36842854219265e-13  1.72390350131741e-15
-7.12043218082187e-06 -6.32237129141543e-05  -0.00038809536549416  -0.00111133809200613 -1.33003111022374e-12  3.37190992511472e-13    0.0659875210458033    0.0388265398807671 -8.85394982770916e-15  3.73680766009568e-19
 3.63177075791413e-17  4.03798109589749e-16  1.97950099897917e-15  1.00175270120006e-11  4.66250837338589e-16  8.41841020029732e-05 -3.36842854219265e-13 -8.85394982770916e-15     0.038202927147089 -8.81941019128734e-18
 4.14499544424138e-23   2.2573959225589e-20 -2.55131856258326e-20  1.28889805620775e-15  8.41840919900238e-05 -4.46670672253531e-16  1.72390350131741e-15  3.73680766009568e-19 -8.81941019128734e-18    0.0382029271470904
First eigenvector coefficient: 0.969962533739704
TOTAL ENERGY: -123.606609143272	 lambda: -4.6	 population of target: 4.0000003314094
1RDM: 
     1.99999999997364  -2.6798036883555e-09 -1.45412484470571e-09 -4.18645036105822e-09 -8.28043501865069e-18  2.08613214386883e-18  4.08772154989692e-07 -7.15747762234291e-06  3.65062099359076e-17  4.21871065264485e-23
 -2.6798036883555e-09      1.99997470019096 -1.67951989997798e-07 -4.65527047500289e-07 -3.37735598802873e-14  8.44516777580683e-15   0.00165480897484731 -6.32235849329259e-05  4.04520950980691e-16  2.25828450006159e-20
-1.45412484470571e-09 -1.67951989997798e-07       1.9999999197997 -2.30885779465419e-07 -4.84035441490655e-16  1.21892560856537e-16  2.38845294546708e-05 -0.000394103705284521  2.01012182605819e-15 -2.56346093101724e-20
-4.18645036105822e-09 -4.65527047500289e-07 -2.30885779465419e-07      1.99999933529608 -1.36926525394863e-15 -9.40425557126405e-17   6.7571673220334e-05  -0.00113512011639286   1.0017648238524e-11   1.3166855487472e-15
-8.28043501865069e-18 -3.37735598802873e-14 -4.84035441490655e-16 -1.36926525394863e-15      1.99999999622946 -8.53088200605876e-22  2.35074764688131e-12 -1.32966714199055e-12  4.75802726694849e-16  8.59990342715688e-05
 2.08613214386883e-18  8.44516777580683e-15  1.21892560856537e-16 -9.40425557126405e-17 -8.53088200605876e-22      1.99999999622946  -5.8794551697862e-13  3.37200288042624e-13  8.59990442845301e-05 -4.56067436230058e-16
 4.08772154989692e-07   0.00165480897484731  2.38845294546708e-05   6.7571673220334e-05  2.35074764688131e-12  -5.8794551697862e-13      1.88479362841203    0.0659875278669333 -3.36845253076571e-13  1.76102735344631e-15
-7.15747762234291e-06 -6.32235849329259e-05 -0.000394103705284521  -0.00113512011639286 -1.32966714199055e-12  3.37200288042624e-13    0.0659875278669333    0.0388265685096053 -8.97544980774954e-15  3.80541119347527e-19
 3.65062099359076e-17  4.04520950980691e-16  2.01012182605819e-15   1.0017648238524e-11  4.75802726694849e-16  8.59990442845301e-05 -3.36845253076571e-13 -8.97544980774954e-15    0.0382029276795721 -8.61840047941605e-18
 4.21871065264485e-23  2.25828450006159e-20 -2.56346093101724e-20   1.3166855487472e-15  8.59990342715688e-05 -4.56067436230058e-16  1.76102735344631e-15  3.80541119347527e-19 -8.61840047941605e-18    0.0382029276795714
First eigenvector coefficient: -0.969962518721532
TOTAL ENERGY: -123.60660929055	 lambda: -4.55	 population of target: 4.00000036360323
1RDM: 
     1.99999999997336 -2.69269151201593e-09 -1.48476010954203e-09 -4.30043508671523e-09 -8.32107192712855e-18  2.09672764413857e-18  4.10848316982553e-07 -7.19536947670051e-06  3.66990050240745e-17  4.29585178879075e-23
-2.69269151201593e-09      1.99997470019118 -1.70265899765849e-07 -4.73830111969787e-07 -3.37734323295096e-14  8.44516755076417e-15   0.00165480895414169 -6.32234500673549e-05  4.05242295876882e-16  2.25799771939828e-20
-1.48476010954203e-09 -1.70265899765849e-07      1.99999991726288 -2.39625089785708e-07     -4.9111573655e-16  1.23696083981402e-16  2.42379251884509e-05 -0.000400298539007186  2.04169199424567e-15 -2.57598097878424e-20
-4.30043508671523e-09 -4.73830111969787e-07 -2.39625089785708e-07      1.99999930597533 -1.39637616577816e-15 -9.68237428742726e-17  6.89216155845198e-05  -0.00115994308477097  1.00177747679244e-11  1.34569734860824e-15
-8.32107192712855e-18 -3.37734323295096e-14     -4.9111573655e-16 -1.39637616577816e-15      1.99999999606148 -8.79406098762933e-22  2.35072696271194e-12 -1.32928725006044e-12  4.85775458797066e-16   8.7893942269354e-05
 2.09672764413857e-18  8.44516755076417e-15  1.23696083981402e-16 -9.68237428742726e-17 -8.79406098762933e-22      1.99999999606148 -5.87945512731416e-13   3.3720999494177e-13   8.7893952282319e-05 -4.65878211578959e-16
 4.10848316982553e-07   0.00165480895414169  2.42379251884509e-05  6.89216155845198e-05  2.35072696271194e-12 -5.87945512731416e-13      1.88479362901929    0.0659875353409669 -3.36847795819105e-13  1.79978549265572e-15
-7.19536947670051e-06 -6.32234500673549e-05 -0.000400298539007186  -0.00115994308477097 -1.32928725006044e-12   3.3720999494177e-13    0.0659875353409669     0.038826598956726 -9.10227084089785e-15  3.87591377407528e-19
 3.66990050240745e-17  4.05242295876882e-16  2.04169199424567e-15  1.00177747679244e-11  4.85775458797066e-16   8.7893952282319e-05 -3.36847795819105e-13 -9.10227084089785e-15    0.0382029282491852 -8.41738959841259e-18
 4.29585178879075e-23  2.25799771939828e-20 -2.57598097878424e-20  1.34569734860824e-15   8.7893942269354e-05 -4.65878211578959e-16  1.79978549265572e-15  3.87591377407528e-19 -8.41738959841259e-18    0.0382029282491844
First eigenvector coefficient: 0.96996250273368
TOTAL ENERGY: -123.606609445856	 lambda: -4.5	 population of target: 4.00000039792708
1RDM: 
     1.99999999997308 -2.70582463411433e-09 -1.51654783650903e-09 -4.42005113495239e-09 -8.36253585666894e-18  2.10755145343308e-18  4.12969215601319e-07 -7.23414756690983e-06  3.68962941378342e-17   4.3768808074752e-23
-2.70582463411433e-09      1.99997470019142 -1.72645101159114e-07 -4.82437653418845e-07 -3.37733000801184e-14  8.44516731118192e-15   0.00165480893164352 -6.32233078599522e-05  4.05962061818101e-16  2.25628267635333e-20
-1.51654783650903e-09 -1.72645101159114e-07      1.99999991460486 -2.48873659412215e-07 -4.98404848306086e-16  1.25553760455004e-16  2.46019321354084e-05 -0.000406688509535052  2.07425542322837e-15    -2.58888297572e-20
-4.42005113495239e-09 -4.82437653418845e-07 -2.48873659412215e-07      1.99999927466874  -1.4245961549344e-15 -9.97557764988184e-17  7.03273689113906e-05  -0.00118587691364225  1.00179069562009e-11  1.37601618087477e-15
-8.36253585666894e-18 -3.37733000801184e-14 -4.98404848306086e-16  -1.4245961549344e-15      1.99999999588202 -9.07243885033817e-22  2.35070542239728e-12 -1.32889036482515e-12   4.9619746884218e-16  8.98742191577529e-05
 2.10755145343308e-18  8.44516731118192e-15  1.25553760455004e-16 -9.97557764988184e-17 -9.07243885033817e-22      1.99999999588202 -5.87945508060574e-13  3.37220140985993e-13  8.98742291707285e-05  -4.7613097207762e-16
 4.12969215601319e-07   0.00165480893164352  2.46019321354084e-05  7.03273689113906e-05  2.35070542239728e-12 -5.87945508060574e-13      1.88479362969539    0.0659875435088381 -3.36850493624581e-13  1.84028867030499e-15
-7.23414756690983e-06 -6.32233078599522e-05 -0.000406688509535052  -0.00118587691364225 -1.32889036482515e-12  3.37220140985993e-13    0.0659875435088381    0.0388266313848015 -9.23477049390607e-15   3.9487410366899e-19
 3.68962941378342e-17  4.05962061818101e-16  2.07425542322837e-15  1.00179069562009e-11   4.9619746884218e-16  8.98742291707285e-05 -3.36850493624581e-13 -9.23477049390607e-15    0.0382029288588914 -8.21637746087496e-18
  4.3768808074752e-23  2.25628267635333e-20    -2.58888297572e-20  1.37601618087477e-15  8.98742191577529e-05  -4.7613097207762e-16  1.84028867030499e-15   3.9487410366899e-19 -8.21637746087496e-18    0.0382029288588907
First eigenvector coefficient: -0.969962485690286
TOTAL ENERGY: -123.606609609843	 lambda: -4.45	 population of target: 4.00000043457445
1RDM: 
     1.99999999997278 -2.71921238627324e-09 -1.54955169119974e-09 -4.54571122980403e-09 -8.40486090414987e-18  2.11861367566735e-18   4.1513683068587e-07 -7.27385440594887e-06   3.7098292132404e-17  4.46193877482951e-23
-2.71921238627324e-09      1.99997470019168 -1.75092435043874e-07 -4.91366902879217e-07 -3.37731628649072e-14  8.44516705584756e-15   0.00165480890718279 -6.32231578127095e-05   4.0668015827998e-16  2.25324804201965e-20
-1.54955169119974e-09 -1.75092435043874e-07      1.99999991181789 -2.58672119210108e-07 -5.05912012796682e-16  1.27468054800577e-16  2.49770332128674e-05 -0.000413282785134056  2.10785869432377e-15 -2.60219873818046e-20
-4.54571122980403e-09 -4.91366902879217e-07 -2.58672119210108e-07      1.99999924119266 -1.45399553497384e-15 -1.02850495192102e-16  7.17925145575736e-05  -0.00121299792714724  1.00180451918874e-11   1.4077323931478e-15
-8.40486090414987e-18 -3.37731628649072e-14 -5.05912012796682e-16 -1.45399553497384e-15      1.99999999569001 -9.36730257082562e-22  2.35068297092365e-12 -1.32847531864028e-12  5.07099812392294e-16  9.19457660341636e-05
 2.11861367566735e-18  8.44516705584756e-15  1.27468054800577e-16 -1.02850495192102e-16 -9.36730257082562e-22      1.99999999569001 -5.87945502920214e-13  3.37230756509956e-13  9.19457760471517e-05 -4.86856269358442e-16
  4.1513683068587e-07   0.00165480890718279  2.49770332128674e-05  7.17925145575736e-05  2.35068297092365e-12 -5.87945502920214e-13      1.88479363044847    0.0659875524142505 -3.36853358350325e-13  1.88265708167753e-15
-7.27385440594887e-06 -6.32231578127095e-05 -0.000413282785134056  -0.00121299792714724 -1.32847531864028e-12  3.37230756509956e-13    0.0659875524142505    0.0388266659743612 -9.37333916328728e-15  4.02367384911004e-19
  3.7098292132404e-17   4.0668015827998e-16  2.10785869432377e-15  1.00180451918874e-11  5.07099812392294e-16  9.19457760471517e-05 -3.36853358350325e-13 -9.37333916328728e-15    0.0382029295111254 -8.01536395099088e-18
 4.46193877482951e-23  2.25324804201965e-20 -2.60219873818046e-20   1.4077323931478e-15  9.19457660341636e-05 -4.86856269358442e-16  1.88265708167753e-15  4.02367384911004e-19 -8.01536395099088e-18    0.0382029295111247
First eigenvector coefficient: 0.969962467496363
TOTAL ENERGY: -123.606609783235	 lambda: -4.4	 population of target: 4.00000047376149
1RDM: 
     1.99999999997248 -2.73286458617559e-09 -1.58383997424258e-09 -4.67786861982997e-09 -8.44808311446724e-18  2.12992505686797e-18  4.17353267898238e-07 -7.31453543969837e-06  3.73052286123084e-17  4.55145903199028e-23
-2.73286458617559e-09      1.99997470019196 -1.77610912963057e-07 -5.00636431090032e-07 -3.37730203959465e-14  8.44516678345964e-15   0.00165480888058744 -6.32229993801217e-05   4.0739648885094e-16  2.24875112276682e-20
-1.58383997424258e-09 -1.77610912963057e-07      1.99999990889362 -2.69065262872512e-07 -5.13647002121665e-16  1.29441581489989e-16  2.53637407203504e-05 -0.000420091096882424  2.14255124014106e-15 -2.61594412045239e-20
-4.67786861982997e-09 -5.00636431090032e-07 -2.69065262872512e-07      1.99999920534175 -1.48465075865806e-15 -1.06120960935274e-16  7.33209508310272e-05  -0.00124138960900506  1.00181898999845e-11  1.44094485634643e-15
-8.44808311446724e-18 -3.37730203959465e-14 -5.13647002121665e-16 -1.48465075865806e-15      1.99999999548426   -9.680083352995e-22  2.35065954841974e-12 -1.32804083432954e-12  5.18516474518508e-16  9.41150406634671e-05
 2.12992505686797e-18  8.44516678345964e-15  1.29441581489989e-16 -1.06120960935274e-16   -9.680083352995e-22      1.99999999548426 -5.87945497263035e-13  3.37241874709391e-13  9.41150506764598e-05 -4.98087537038341e-16
 4.17353267898238e-07   0.00165480888058744  2.53637407203504e-05  7.33209508310272e-05  2.35065954841974e-12 -5.87945497263035e-13      1.88479363128617    0.0659875621051613 -3.36856403381041e-13  1.92702277857594e-15
-7.31453543969837e-06 -6.32229993801217e-05 -0.000420091096882424  -0.00124138960900506 -1.32804083432954e-12  3.37241874709391e-13    0.0659875621051613    0.0388267029275843 -9.51840385585714e-15  4.10093374300846e-19
 3.73052286123084e-17   4.0739648885094e-16  2.14255124014106e-15  1.00181898999845e-11  5.18516474518508e-16  9.41150506764598e-05 -3.36856403381041e-13 -9.51840385585714e-15    0.0382029302090308 -7.81434895265258e-18
 4.55145903199028e-23  2.24875112276682e-20 -2.61594412045239e-20  1.44094485634643e-15  9.41150406634671e-05 -4.98087537038341e-16  1.92702277857594e-15  4.10093374300846e-19 -7.81434895265258e-18      0.03820293020903
First eigenvector coefficient: -0.969962448045477
TOTAL ENERGY: -123.606609966836	 lambda: -4.35	 population of target: 4.00000051573018
1RDM: 
     1.99999999997217 -2.74679157584765e-09  -1.6194860379263e-09 -4.81702210769535e-09 -8.49224062421943e-18   2.1414970403452e-18    4.196207695281e-07 -7.35623930576054e-06  3.75173492458086e-17  4.64591977709912e-23
-2.74679157584765e-09      1.99997470019227 -1.80203730640157e-07 -5.10266283848616e-07 -3.37728723624678e-14  8.44516649261594e-15   0.00165480885166435 -6.32228319645526e-05  4.08110949228756e-16  2.24267625218508e-20
 -1.6194860379263e-09 -1.80203730640157e-07        1.999999905823 -2.80102573151743e-07 -5.21620161872007e-16  1.31477116315247e-16  2.57625985674596e-05 -0.000427123780162751  2.17838555271495e-15 -2.63014026254074e-20
-4.81702210769535e-09 -5.10266283848616e-07 -2.80102573151743e-07      1.99999916688571 -1.51664511098606e-15 -1.09581616751052e-16  7.49169292998339e-05  -0.00127114346232554  1.00183415462961e-11  1.47576199297761e-15
-8.49224062421943e-18 -3.37728723624678e-14 -5.21620161872007e-16 -1.51664511098606e-15      1.99999999526341 -1.00123768650082e-21  2.35063508958862e-12 -1.32758551203332e-12  5.30484723463113e-16  9.63891246822941e-05
  2.1414970403452e-18  8.44516649261594e-15  1.31477116315247e-16 -1.09581616751052e-16 -1.00123768650082e-21      1.99999999526341 -5.87945491037539e-13   3.3725353198734e-13  9.63891346952991e-05 -5.09861438644332e-16
   4.196207695281e-07   0.00165480885166435  2.57625985674596e-05  7.49169292998339e-05  2.35063508958862e-12 -5.87945491037539e-13      1.88479363221746    0.0659875726334231 -3.36859643455218e-13   1.9735304628433e-15
-7.35623930576054e-06 -6.32228319645526e-05 -0.000427123780162751  -0.00127114346232554 -1.32758551203332e-12   3.3725353198734e-13    0.0659875726334231    0.0388267424708156 -9.67043261799684e-15  4.18067109640498e-19
 3.75173492458086e-17  4.08110949228756e-16  2.17838555271495e-15  1.00183415462961e-11  5.30484723463113e-16  9.63891346952991e-05 -3.36859643455218e-13 -9.67043261799684e-15    0.0382029309559567  -7.6133323363919e-18
 4.64591977709912e-23  2.24267625218508e-20 -2.63014026254074e-20  1.47576199297761e-15  9.63891246822941e-05 -5.09861438644332e-16   1.9735304628433e-15  4.18067109640498e-19  -7.6133323363919e-18    0.0382029309559559
First eigenvector coefficient: 0.969962427218591
TOTAL ENERGY: -123.606610161543	 lambda: -4.3	 population of target: 4.00000056075223
1RDM: 
     1.99999999997184 -2.76100425863045e-09 -1.65656874633212e-09 -4.96372184070697e-09 -8.53737380978242e-18  2.15334182587605e-18  4.21941726098989e-07 -7.39901812043037e-06  3.77349171835819e-17  4.74567701974064e-23
-2.76100425863045e-09       1.9999747001926 -1.82874282821947e-07 -5.20278134095442e-07 -3.37727184278753e-14  8.44516618164166e-15   0.00165480882018524 -6.32226549114441e-05  4.08823426138476e-16  2.23501474463544e-20
-1.65656874633212e-09 -1.82874282821947e-07      1.99999990259627  -2.9183882785895e-07 -5.29842451247909e-16  1.33577608737444e-16  2.61741846942029e-05 -0.000434391819350788  2.21541740969646e-15 -2.64481562039101e-20
-4.96372184070697e-09 -5.20278134095442e-07  -2.9183882785895e-07      1.99999912556564 -1.55006949875046e-15 -1.13248469072705e-16    7.658509624308e-05  -0.00130235999646377  1.00185006424027e-11  1.51230295864445e-15
-8.53737380978242e-18 -3.37727184278753e-14 -5.29842451247909e-16 -1.55006949875046e-15      1.99999999502596  -1.0365966910143e-21  2.35060952303708e-12 -1.32710781407983e-12  5.43045516821586e-16   9.8775800783413e-05
 2.15334182587605e-18  8.44516618164166e-15  1.33577608737444e-16 -1.13248469072705e-16  -1.0365966910143e-21      1.99999999502596 -5.87945484178864e-13  3.37265768343153e-13  9.87758107964294e-05 -5.22218267207991e-16
 4.21941726098989e-07   0.00165480882018524  2.61741846942029e-05    7.658509624308e-05  2.35060952303708e-12 -5.87945484178864e-13      1.88479363325302    0.0659875840558711 -3.36863094777595e-13  2.02233896420229e-15
-7.39901812043037e-06 -6.32226549114441e-05 -0.000434391819350788  -0.00130235999646377 -1.32710781407983e-12  3.37265768343153e-13    0.0659875840558711    0.0388267848580458 -9.82993961507635e-15  4.26287238742647e-19
 3.77349171835819e-17  4.08823426138476e-16  2.21541740969646e-15  1.00185006424027e-11  5.43045516821586e-16  9.87758107964294e-05 -3.36863094777595e-13 -9.82993961507635e-15    0.0382029317554124  -7.4123139488907e-18
 4.74567701974064e-23  2.23501474463544e-20 -2.64481562039101e-20  1.51230295864445e-15   9.8775800783413e-05 -5.22218267207991e-16  2.02233896420229e-15  4.26287238742647e-19  -7.4123139488907e-18    0.0382029317554127
First eigenvector coefficient: -0.969962404882255
TOTAL ENERGY: -123.606610368359	 lambda: -4.25	 population of target: 4.00000060913356
1RDM: 
     1.99999999997151 -2.77551412764122e-09 -1.69517298300011e-09  -5.1185760044736e-09  -8.5835254342167e-18  2.16547243205033e-18  4.24318688577493e-07 -7.44292780396734e-06  3.79582146917603e-17  4.85124343908001e-23
-2.77551412764122e-09      1.99997470019296 -1.85626179532707e-07 -5.30695452067589e-07 -3.37725582277001e-14   8.4451658487227e-15   0.00165480878590311 -6.32224675000091e-05  4.09533797168948e-16  2.22568692813337e-20
-1.69517298300011e-09 -1.85626179532707e-07      1.99999989920282 -3.04334799471588e-07 -5.38325485500251e-16  1.35746195174884e-16  2.65991136743322e-05  -0.00044190689525535  2.25370611210166e-15  -2.6599972258305e-20
 -5.1185760044736e-09 -5.30695452067589e-07 -3.04334799471588e-07      1.99999908108964  -1.5850233514401e-15 -1.17139299896138e-16  7.83305400486416e-05   -0.0013351498636795  1.00186677514992e-11  1.55069900459257e-15
 -8.5835254342167e-18 -3.37725582277001e-14 -5.38325485500251e-16  -1.5850233514401e-15      1.99999999477019 -1.07428532261246e-21  2.35058277058357e-12 -1.32660604762311e-12  5.56243969740396e-16  0.000101283641684751
 2.16547243205033e-18   8.4451658487227e-15  1.35746195174884e-16 -1.17139299896138e-16 -1.07428532261246e-21      1.99999999477019 -5.87945476617126e-13  3.37278627836532e-13  0.000101283651697779 -5.35202405868608e-16
 4.24318688577493e-07   0.00165480878590311  2.65991136743322e-05  7.83305400486416e-05  2.35058277058357e-12 -5.87945476617126e-13      1.88479363440441    0.0659875964345799 -3.36866775419196e-13  2.07362335090312e-15
-7.44292780396734e-06 -6.32224675000091e-05  -0.00044190689525535   -0.0013351498636795 -1.32660604762311e-12  3.37278627836532e-13    0.0659875964345799    0.0388268303755987 -9.99749091706526e-15  4.34762862439667e-19
 3.79582146917603e-17  4.09533797168948e-16  2.25370611210166e-15  1.00186677514992e-11  5.56243969740396e-16  0.000101283651697779 -3.36866775419196e-13 -9.99749091706526e-15    0.0382029326114121 -7.21129362328727e-18
 4.85124343908001e-23  2.22568692813337e-20  -2.6599972258305e-20  1.55069900459257e-15  0.000101283641684751 -5.35202405868608e-16  2.07362335090312e-15  4.34762862439667e-19 -7.21129362328727e-18    0.0382029326114128
First eigenvector coefficient: 0.969962380886132
TOTAL ENERGY: -123.606610588406	 lambda: -4.2	 population of target: 4.0000006612196
1RDM: 
     1.99999999997116 -2.79033330111022e-09 -1.73539021325153e-09 -5.28225857774687e-09 -8.63074080851956e-18  2.17790276626559e-18  4.26754382088965e-07 -7.48802843823535e-06  3.81875449394603e-17  4.96331091551279e-23
-2.79033330111022e-09      1.99997470019336 -1.88463264115826e-07 -5.41543698457192e-07 -3.37723913664501e-14  8.44516549185596e-15    0.0016548087485415 -6.32222689347284e-05  4.10241929848077e-16  2.21451986256734e-20
-1.73539021325153e-09 -1.88463264115826e-07      1.99999989563121 -3.17658065989461e-07 -5.47081581634639e-16  1.37986213532677e-16  2.70380395623964e-05 -0.000449681436427958  2.29331474179717e-15 -2.67570872813644e-20
-5.28225857774687e-09 -5.41543698457192e-07 -3.17658065989461e-07       1.9999990331276 -1.62161565530822e-15 -1.21273913410316e-16  8.01588457343481e-05  -0.00136963517222613  1.00188434950614e-11  1.59109505240549e-15
-8.63074080851956e-18 -3.37723913664501e-14 -5.47081581634639e-16 -1.62161565530822e-15      1.99999999449419 -1.11452842524569e-21   2.3505547464122e-12 -1.32607834454925e-12  5.70129896149968e-16  0.000103922112977113
 2.17790276626559e-18  8.44516549185596e-15  1.37986213532677e-16 -1.21273913410316e-16 -1.11452842524569e-21      1.99999999449419 -5.87945468274908e-13  3.37292159114784e-13  0.000103922122990148 -5.48862860328916e-16
 4.26754382088965e-07    0.0016548087485415  2.70380395623964e-05  8.01588457343481e-05   2.3505547464122e-12 -5.87945468274908e-13      1.88479363568466    0.0659876098374908  -3.3687070559446e-13  2.12757707553746e-15
-7.48802843823535e-06 -6.32222689347284e-05 -0.000449681436427958  -0.00136963517222613 -1.32607834454925e-12  3.37292159114784e-13    0.0659876098374908    0.0388268793468824 -1.01737112177727e-14  4.43517596640011e-19
 3.81875449394603e-17  4.10241929848077e-16  2.29331474179717e-15  1.00188434950614e-11  5.70129896149968e-16  0.000103922122990148  -3.3687070559446e-13 -1.01737112177727e-14    0.0382029335284598 -7.01027117822071e-18
 4.96331091551279e-23  2.21451986256734e-20 -2.67570872813644e-20  1.59109505240549e-15  0.000103922112977113 -5.48862860328916e-16  2.12757707553746e-15  4.43517596640011e-19 -7.01027117822071e-18    0.0382029335284583
