TOTAL ENERGY: -116.191257808929	 lambda: -1
1RDM (lambda : -1): 
     1.99756114706511   0.00293997218182769    0.0274441082182684 -3.74667394150254e-18  2.52655687540018e-17   0.00495278779652053  -0.00779288149156054  7.56510466194543e-17 -3.69869142048629e-17   -0.0633943622072704
  0.00293997218182769      1.99643494143938   -0.0331374217780729 -4.63244756448356e-18 -1.23901685085116e-18  -0.00583319328845325   0.00964999561491476  9.47669101496812e-18 -3.94157390048496e-18     0.076501066977936
   0.0274441082182684   -0.0331374217780729      1.69075047622009 -4.34016685161304e-17  5.21448096218709e-17   -0.0549911930528313    0.0890434157730667  3.20643841405701e-16 -7.15464513522675e-17     0.714025827686365
-3.74667394150254e-18 -4.63244756448356e-18 -4.34016685161304e-17      1.86131979689989  5.68118072061685e-16 -2.59388187712423e-17 -1.36200866891182e-17   -0.0731644057730133    -0.499230886257883  7.63604276315972e-17
 2.52655687540018e-17 -1.23901685085116e-18  5.21448096218709e-17  5.68118072061685e-16      1.86131979689989 -1.52466798432867e-19  6.34745805783189e-17     -0.49923088625787    0.0731644057730134  1.10904741069504e-16
  0.00495278779652053  -0.00583319328845325   -0.0549911930528313 -2.59388187712423e-17 -1.52466798432867e-19      1.98797133068821    0.0119925303007694  1.55105749207925e-17 -7.64712093165082e-17     0.127670802209637
 -0.00779288149156054   0.00964999561491476    0.0890434157730667 -1.36200866891182e-17  6.34745805783189e-17    0.0119925303007694      1.96640469666663  1.87807166966694e-16 -1.20364890504524e-16    -0.204202246698223
 7.56510466194543e-17  9.47669101496812e-18  3.20643841405701e-16   -0.0731644057730133     -0.49923088625787  1.55105749207925e-17  1.87807166966694e-16     0.143737864730788  5.30933732443969e-16  8.39951748205047e-17
-3.69869142048629e-17 -3.94157390048496e-18 -7.15464513522675e-17    -0.499230886257883    0.0731644057730134 -7.64712093165082e-17 -1.20364890504524e-16  5.30933732443969e-16     0.143737864730796 -4.22908235164384e-17
  -0.0633943622072704     0.076501066977936     0.714025827686365  7.63604276315972e-17  1.10904741069504e-16     0.127670802209637    -0.204202246698223  8.39951748205047e-17 -4.22908235164384e-17     0.350762084659279
POPULATION (lambda : -1): -0.534963566728709
TOTAL ENERGY: -116.458832972605	 lambda: -0.9
1RDM (lambda : -0.9): 
     1.99793506358012    0.0024995618402905    0.0239646243529839 -3.27406166144538e-18  2.21382960965969e-17   0.00439182680173789  -0.00686643653624906  7.32940165533122e-17 -3.60898750302567e-17   -0.0589312423621623
   0.0024995618402905      1.99695286093153   -0.0290640610594032 -4.28938961757839e-18 -7.07120071241719e-19  -0.00517556190331719   0.00856614756299796  9.30192416788597e-18  -3.9346470181208e-18    0.0714224491952771
   0.0239646243529839   -0.0290640610594032      1.72141339889232 -4.13284294755958e-17  5.09887822296244e-17   -0.0501674749989141    0.0811204837267252  3.19231857167148e-16 -7.23406087675917e-17     0.684683358876336
-3.27406166144538e-18 -4.28938961757839e-18 -4.13284294755958e-17      1.88215189426451  7.16603486503562e-16 -2.61195308213749e-17  -1.5200534995801e-17   -0.0676658741995269    -0.461712137809559  7.87984667997817e-17
 2.21382960965969e-17 -7.07120071241719e-19  5.09887822296244e-17  7.16603486503562e-16      1.88215189426451 -2.00248651605726e-18  6.27075983151194e-17    -0.461712137809559    0.0676658741995296  9.66360359423637e-17
  0.00439182680173789  -0.00517556190331719   -0.0501674749989141 -2.61195308213749e-17 -2.00248651605726e-18      1.98856005883503    0.0106810288831679  4.65338980816215e-18 -8.36159394506521e-17     0.124133383278365
 -0.00686643653624906   0.00856614756299796    0.0811204837267252  -1.5200534995801e-17  6.27075983151194e-17    0.0106810288831679      1.96851341645793  2.08905014095101e-16 -1.36648602448221e-16    -0.197687616383507
 7.32940165533122e-17  9.30192416788597e-18  3.19231857167148e-16   -0.0676658741995269    -0.461712137809559  4.65338980816215e-18  2.08905014095101e-16     0.122947888785266 -7.52590639571619e-16  7.88816309655641e-17
-3.60898750302567e-17  -3.9346470181208e-18 -7.23406087675917e-17    -0.461712137809559    0.0676658741995296 -8.36159394506521e-17 -1.36648602448221e-16 -7.52590639571619e-16     0.122947888785266 -3.86591626555517e-17
  -0.0589312423621623    0.0714224491952771     0.684683358876336  7.87984667997817e-17  9.66360359423637e-17     0.124133383278365    -0.197687616383507  7.88816309655641e-17 -3.86591626555517e-17     0.316425635203524
POPULATION (lambda : -0.9): -0.252914005926553
TOTAL ENERGY: -116.739868058021	 lambda: -0.8
1RDM (lambda : -0.8): 
     1.99829285320874   0.00207562123575659    0.0204389376093361 -2.80285952886724e-18  1.89859123148722e-17   0.00380793488045746   -0.0059117293028968  7.06915769801805e-17 -3.51018488082191e-17   -0.0541685160535165
  0.00207562123575659       1.9974542962105   -0.0249066497952409 -3.92036317635514e-18 -1.83366528379096e-19  -0.00448594843899803    0.0074398525733299  9.09353101994762e-18 -3.92027128218789e-18    0.0659563120181678
   0.0204389376093361   -0.0249066497952409      1.75478312196854 -3.87449097393246e-17  4.96823117526268e-17   -0.0447281369691979    0.0722873150989249  3.16781887523104e-16 -7.25238463627014e-17     0.649419081168888
-2.80285952886724e-18 -3.92036317635514e-18 -3.87449097393246e-17      1.90242388899736 -2.43640560841102e-16 -2.57660608271346e-17 -1.58950676531565e-17   -0.0616846133685373    -0.420899530493841   8.1139492025749e-17
 1.89859123148722e-17 -1.83366528379096e-19  4.96823117526268e-17 -2.43640560841102e-16      1.90242388899736 -3.50253150673553e-18  6.01811381869766e-17    -0.420899530493835    0.0616846133685354  8.02936805980103e-17
  0.00380793488045746  -0.00448594843899803   -0.0447281369691979 -2.57660608271346e-17 -3.50253150673553e-18      1.98927177514833   0.00918615844503915 -7.20952302699062e-18 -9.07839158784615e-17     0.119449119023697
  -0.0059117293028968    0.0074398525733299    0.0722873150989249 -1.58950676531565e-17  6.01811381869766e-17   0.00918615844503915      1.97094523320579  2.29000026559858e-16 -1.51585749211169e-16    -0.189415834223649
 7.06915769801805e-17  9.09353101994762e-18  3.16781887523104e-16   -0.0616846133685373    -0.420899530493835 -7.20952302699062e-18  2.29000026559858e-16     0.102709339976548  6.85912053040088e-16  7.30794858484466e-17
-3.51018488082191e-17 -3.92027128218789e-18 -7.25238463627014e-17    -0.420899530493841    0.0616846133685354 -9.07839158784615e-17 -1.51585749211169e-16  6.85912053040088e-16     0.102709339976551 -3.47461443816786e-17
  -0.0541685160535165    0.0659563120181678     0.649419081168888   8.1139492025749e-17  8.02936805980103e-17     0.119449119023697    -0.189415834223649  7.30794858484466e-17 -3.47461443816786e-17     0.278986262310328
POPULATION (lambda : -0.8): 0.0782430135594279
TOTAL ENERGY: -117.032035476211	 lambda: -0.7
1RDM (lambda : -0.7): 
     1.99863142541358   0.00167174307422559    0.0169015281493708 -2.34053295025643e-18  1.58520367632504e-17   0.00320561902026251  -0.00493625656739643  6.78342586229665e-17 -3.40165736566574e-17   -0.0490570567564442
  0.00167174307422559      1.99793506912743   -0.0207019583707583 -3.52279731861706e-18  3.17213500468145e-19  -0.00376876401834845   0.00627835939116736  8.84293126912904e-18 -3.89482187754176e-18    0.0600317330036637
   0.0169015281493708   -0.0207019583707583      1.79071062931285 -3.56116826507148e-17  4.81547908127208e-17   -0.0386668891785975    0.0625379379005091  3.13180482612564e-16 -7.20072277443227e-17     0.606887528410721
-2.34053295025643e-18 -3.52279731861706e-18 -3.56116826507148e-17      1.92173782526541 -3.74500650814549e-16 -2.48171753271251e-17   -1.574668362156e-17   -0.0552151998728058    -0.376756052505989  8.33084702940714e-17
 1.58520367632504e-17  3.17213500468145e-19  4.81547908127208e-17 -3.74500650814549e-16       1.9217378252654 -4.55235310457238e-18  5.59530019535977e-17    -0.376756052506005    0.0552151998728063  6.15344119009679e-17
  0.00320561902026251  -0.00376876401834845   -0.0386668891785975 -2.48171753271251e-17 -4.55235310457238e-18      1.99011539648104   0.00749943885462416 -2.00235713099811e-17 -9.79387541232305e-17     0.113299730256624
 -0.00493625656739643   0.00627835939116736    0.0625379379005091   -1.574668362156e-17  5.59530019535977e-17   0.00749943885462416      1.97371550782726  2.48104399465874e-16 -1.65015833012305e-16    -0.178910274048946
 6.78342586229665e-17  8.84293126912904e-18  3.13180482612564e-16   -0.0552151998728058    -0.376756052506005 -2.00235713099811e-17  2.48104399465874e-16    0.0834207797574797 -6.33178409347606e-16  6.64980173841507e-17
-3.40165736566574e-17 -3.89482187754176e-18 -7.20072277443227e-17    -0.376756052505989    0.0552151998728063 -9.79387541232305e-17 -1.65015833012305e-16 -6.33178409347606e-16    0.0834207797574731 -3.05600448006716e-17
  -0.0490570567564442    0.0600317330036637     0.606887528410721  8.33084702940714e-17  6.15344119009679e-17     0.113299730256624    -0.178910274048946  6.64980173841507e-17 -3.05600448006716e-17      0.23857476179212
POPULATION (lambda : -0.7): 0.46851788658712
TOTAL ENERGY: -117.331036512041	 lambda: -0.6
1RDM (lambda : -0.6): 
     1.99894689290612   0.00129259039106143    0.0134056962117208 -1.89578361717124e-18  1.27927926410105e-17   0.00259335142103756  -0.00395343014868315  6.47217776854989e-17 -3.28301097238231e-17   -0.0435408306043981
  0.00129259039106143      1.99838957201962   -0.0165103018453491 -3.09471783766582e-18  7.72117551397393e-19  -0.00303324033149134   0.00509621638457759  8.53965591884583e-18 -3.85415360003421e-18    0.0535663862791949
   0.0134056962117208   -0.0165103018453491      1.82873527318409 -3.19014805270997e-17  4.62330178150698e-17   -0.0320372586451173    0.0519552252889918   3.0822902299885e-16 -7.06946817005134e-17      0.55552601634155
-1.89578361717124e-18 -3.09471783766582e-18 -3.19014805270997e-17      1.93965245923851  1.51276096205803e-17 -2.32195305102233e-17 -1.48263587356349e-17    -0.048266595355409    -0.329342859271916  8.52082653065554e-17
 1.27927926410105e-17  7.72117551397393e-19  4.62330178150698e-17  1.51276096205803e-17      1.93965245923852 -5.06782925221958e-18  5.00671597174831e-17    -0.329342859271912    0.0482665953554084  4.00107694478641e-17
  0.00259335142103756  -0.00303324033149134   -0.0320372586451173 -2.32195305102233e-17 -5.06782925221958e-18      1.99108851543011   0.00562831339672492 -3.36720700249187e-17 -1.05053369812448e-16     0.105302274558506
 -0.00395343014868315   0.00509621638457759    0.0519552252889918 -1.48263587356349e-17  5.00671597174831e-17   0.00562831339672492      1.97681408315904  2.65834089445422e-16 -1.76707893687998e-16    -0.165596554299878
 6.47217776854989e-17  8.53965591884583e-18   3.0822902299885e-16    -0.048266595355409    -0.329342859271912 -3.36720700249187e-17  2.65834089445422e-16    0.0655246777668645  2.24907970012395e-16  5.90721780337739e-17
-3.28301097238231e-17 -3.85415360003421e-18 -7.06946817005134e-17    -0.329342859271916    0.0482665953554084 -1.05053369812448e-16 -1.76707893687998e-16  2.24907970012395e-16    0.0655246777668662 -2.61359742296707e-17
  -0.0435408306043981    0.0535663862791949      0.55552601634155  8.52082653065554e-17  4.00107694478641e-17     0.105302274558506    -0.165596554299878  5.90721780337739e-17 -2.61359742296707e-17     0.195671389290266
POPULATION (lambda : -0.6): 0.929505799333694
TOTAL ENERGY: -117.629684800265	 lambda: -0.5
1RDM (lambda : -0.5): 
     1.99923432252426  0.000944264004056669    0.0100307497800528 -1.47826289271925e-18  9.87681735977185e-18   0.00198542974929308  -0.00298527322651101  6.13635619368269e-17 -3.15420916358421e-17   -0.0375606136596763
 0.000944264004056669      1.99881023971902     -0.01242544797749  -2.6353075354275e-18  1.14960493974184e-18  -0.00229588195149407   0.00391896275465908  8.17187154343256e-18 -3.79402897726871e-18    0.0464708985138244
   0.0100307497800528     -0.01242544797749      1.86791773122832 -2.76079919034898e-17  4.36321345418477e-17   -0.0249917546442139    0.0407685336613123  3.01767637135857e-16 -6.85085487288883e-17     0.493639473062356
-1.47826289271925e-18  -2.6353075354275e-18 -2.76079919034898e-17      1.95570150054187  1.44890563119479e-16 -2.09280732819101e-17  -1.3255466424292e-17   -0.0408658096038751    -0.278844248401704  8.67229111924701e-17
 9.87681735977185e-18  1.14960493974184e-18  4.36321345418477e-17  1.44890563119479e-16      1.95570150054187 -5.00708217468324e-18  4.27335038468403e-17    -0.278844248401698    0.0408658096038751  1.53972746064331e-17
  0.00198542974929308  -0.00229588195149407   -0.0249917546442139 -2.09280732819101e-17 -5.00708217468324e-18      1.99216780820058   0.00360847594277341 -4.79955462565695e-17 -1.12087624978962e-16    0.0950237693527152
 -0.00298527322651101   0.00391896275465908    0.0407685336613123  -1.3255466424292e-17  4.27335038468403e-17   0.00360847594277341      1.98018615041556  2.82104058854848e-16 -1.86578145051198e-16    -0.148821338399371
 6.13635619368269e-17  8.17187154343256e-18  3.01767637135857e-16   -0.0408658096038751    -0.278844248401698 -4.79955462565695e-17  2.82104058854848e-16    0.0494891560355194  1.44289282217983e-16  5.07513277315475e-17
-3.15420916358421e-17 -3.79402897726871e-18 -6.85085487288883e-17    -0.278844248401704    0.0408658096038751 -1.12087624978962e-16 -1.86578145051198e-16  1.44289282217983e-16    0.0494891560355215 -2.15262415802543e-17
  -0.0375606136596763    0.0464708985138244     0.493639473062356  8.67229111924701e-17  1.53972746064331e-17    0.0950237693527152    -0.148821338399371  5.07513277315475e-17 -2.15262415802543e-17     0.151302434757458
POPULATION (lambda : -0.5): 1.47386301504326
TOTAL ENERGY: -117.916858637236	 lambda: -0.4
1RDM (lambda : -0.4): 
     1.99948749769158  0.000634677081524968    0.0068893713510536 -1.09762741867042e-18  7.18514639713256e-18   0.00140407356734505  -0.00206543088214025  5.77816929164008e-17 -3.01561071441723e-17   -0.0310627221066648
 0.000634677081524968      1.99918698924348  -0.00858532504537237 -2.14576132569763e-18  1.40658358823146e-18  -0.00158333854903823   0.00278744793434355  7.72628916954904e-18 -3.71056028060174e-18    0.0386600876669834
   0.0068893713510536  -0.00858532504537237      1.90664952989112 -2.27600022848999e-17   3.9905299369724e-17   -0.0178299047289448    0.0294244076974114  2.93634962851817e-16 -6.53961857917298e-17     0.419613012552455
-1.09762741867042e-18 -2.14576132569763e-18 -2.27600022848999e-17       1.9694204348308  3.78914531849597e-17 -1.79179175299545e-17 -1.11778244970033e-17   -0.0330611647339114    -0.225589945152592  8.77178294813378e-17
 7.18514639713256e-18  1.40658358823146e-18   3.9905299369724e-17  3.78914531849597e-17       1.9694204348308 -4.39232538693019e-18  3.42698013653234e-17    -0.225589945152593     0.033061164733912 -1.25166482544456e-17
  0.00140407356734505  -0.00158333854903823   -0.0178299047289448 -1.79179175299545e-17 -4.39232538693019e-18      1.99329637897963   0.00151995965372631 -6.27987043022444e-17 -1.19014536994464e-16     0.082028176973441
 -0.00206543088214025   0.00278744793434355    0.0294244076974114 -1.11778244970033e-17  3.42698013653234e-17   0.00151995965372631      1.98370744740123  2.96852458398543e-16 -1.94584787088683e-16    -0.127913971229089
 5.77816929164008e-17  7.72628916954904e-18  2.93634962851817e-16   -0.0330611647339114    -0.225589945152593 -6.27987043022444e-17  2.96852458398543e-16    0.0357808986455025 -9.16317358231233e-17  4.15377110556271e-17
-3.01561071441723e-17 -3.71056028060174e-18 -6.53961857917298e-17    -0.225589945152592     0.033061164733912 -1.19014536994464e-16 -1.94584787088683e-16 -9.16317358231233e-17    0.0357808986455024 -1.68206681289339e-17
  -0.0310627221066648    0.0386600876669834     0.419613012552455  8.77178294813378e-17 -1.25166482544456e-17     0.082028176973441    -0.127913971229089  4.15377110556271e-17 -1.68206681289339e-17     0.107269489840358
POPULATION (lambda : -0.4): 2.11390104666427
TOTAL ENERGY: -118.176688086924	 lambda: -0.3
1RDM (lambda : -0.3): 
     1.99969882782083  0.000373760012620536   0.00413188660128142 -7.62413195387382e-19  4.80834338893478e-18  0.000880993164321993  -0.00124147778392226  5.40125615798839e-17 -2.86801268028912e-17   -0.0240149520117609
 0.000373760012620536      1.99950686077432  -0.00517938664333644 -1.63021369792825e-18  1.48864192039349e-18 -0.000934765378370537   0.00176150269773444  7.18931927482695e-18 -3.60079895239277e-18    0.0300745331910039
  0.00413188660128142  -0.00517938664333644      1.94250507195518 -1.74383032476337e-17  3.44300730993115e-17   -0.0110408839077202    0.0186511812667954  2.83645456491022e-16 -6.13450321359386e-17      0.33231152677982
-7.62413195387382e-19 -1.63021369792825e-18 -1.74383032476337e-17      1.98038197855019  4.55838518059558e-17 -1.41899756560177e-17  -8.7475769307779e-18   -0.0249240884728567    -0.170067319978236  8.80523509272989e-17
 4.80834338893478e-18  1.48864192039349e-18  3.44300730993115e-17  4.55838518059558e-17      1.98038197855019 -3.32061332868045e-18  2.50969142761571e-17    -0.170067319978237    0.0249240884728572 -4.36926852428432e-17
 0.000880993164321993 -0.000934765378370537   -0.0110408839077202 -1.41899756560177e-17 -3.32061332868045e-18      1.99437124833337 -0.000496802526356391 -7.77776032630841e-17 -1.25819817339348e-16    0.0659747908046719
 -0.00124147778392226   0.00176150269773444    0.0186511812667954  -8.7475769307779e-18  2.50969142761571e-17 -0.000496802526356391      1.98715913640423  3.09913063619884e-16 -2.00709225619046e-16    -0.102315702547587
 5.40125615798839e-17  7.18931927482695e-18  2.83645456491022e-16   -0.0249240884728567    -0.170067319978237 -7.77776032630841e-17  3.09913063619884e-16    0.0248289967325214 -4.89564685672621e-17  3.15220945661837e-17
-2.86801268028912e-17 -3.60079895239277e-18 -6.13450321359386e-17    -0.170067319978236    0.0249240884728572 -1.25819817339348e-16 -2.00709225619046e-16 -4.89564685672621e-17    0.0248289967325214 -1.21498732658859e-17
  -0.0240149520117609    0.0300745331910039      0.33231152677982  8.80523509272989e-17 -4.36926852428432e-17    0.0659747908046719    -0.102315702547587  3.15220945661837e-17 -1.21498732658859e-17    0.0663369041466351
POPULATION (lambda : -0.3): 2.85883350004341
TOTAL ENERGY: -118.388739086336	 lambda: -0.2
1RDM (lambda : -0.2): 
     1.99985964412985  0.000173164154773483   0.00194142327635306 -4.78698099403815e-19  2.83880208363555e-18  0.000456849705716477 -0.000574477127688492  5.01044417921161e-17 -2.71260176922792e-17   -0.0164299108066131
 0.000173164154773483      1.99975431631032  -0.00244456363593415 -1.09665942259184e-18   1.3344262065299e-18 -0.000401626362176001  0.000920197140837731  6.54850818071488e-18 -3.46412003773189e-18    0.0207134636782315
  0.00194142327635306  -0.00244456363593415      1.97226930439291  -1.1790528475565e-17  2.64749608456469e-17  -0.00530810421083279   0.00947406780310778  2.71685451222545e-16 -5.64154499146296e-17     0.231676512971781
-4.78698099403815e-19 -1.09665942259184e-18  -1.1790528475565e-17      1.98823764564337  3.73289774645149e-17 -9.77833059893284e-18  -6.1148368715162e-18   -0.0165474470392551    -0.112910047267528  8.76073780221785e-17
 2.83880208363555e-18   1.3344262065299e-18  2.64749608456469e-17  3.73289774645149e-17      1.98823764564337 -1.97711289569783e-18  1.57568321903079e-17    -0.112910047267525    0.0165474470392554 -7.76865943837644e-17
 0.000456849705716477 -0.000401626362176001  -0.00530810421083279 -9.77833059893284e-18 -1.97711289569783e-18      1.99523938750531  -0.00223478438605072 -9.26689856830146e-17 -1.32497973428963e-16    0.0467762796104127
-0.000574477127688492  0.000920197140837731   0.00947406780310778  -6.1148368715162e-18  1.57568321903079e-17  -0.00223478438605072       1.9902160338854  3.21341867265634e-16 -2.05031138665264e-16   -0.0717895289766758
 5.01044417921161e-17  6.54850818071488e-18  2.71685451222545e-16   -0.0165474470392551    -0.112910047267525 -9.26689856830146e-17  3.21341867265634e-16    0.0169822534454823  2.44797284759014e-17  2.09051232973291e-17
-2.71260176922792e-17 -3.46412003773189e-18 -5.64154499146296e-17    -0.112910047267528    0.0165474470392554 -1.32497973428963e-16 -2.05031138665264e-16  2.44797284759014e-17    0.0169822534454829 -7.67582922923876e-18
  -0.0164299108066131    0.0207134636782315     0.231676512971781  8.76073780221785e-17 -7.76865943837644e-17    0.0467762796104127   -0.0717895289766758  2.09051232973291e-17 -7.67582922923876e-18    0.0322215155985248
POPULATION (lambda : -0.2): 3.71051063436495
TOTAL ENERGY: -118.530213790547	 lambda: -0.1
1RDM (lambda : -0.1): 
     1.99996115897518  4.50533649760515e-05  0.000512735849524481 -2.48962029084882e-19  1.35794641556363e-18  0.000176496039500348 -0.000133030283060596  4.61128164530136e-17 -2.55076267401744e-17  -0.00839025315651704
 4.50533649760515e-05      1.99991278721054 -0.000639455423116405 -5.56980541730198e-19  8.86353792589472e-19 -4.20587617950592e-05  0.000354712743431511  5.79565051418298e-18 -3.30306579457986e-18    0.0106721332011941
 0.000512735849524481 -0.000639455423116405      1.99231414018442 -6.03360995139264e-18  1.53496748537608e-17  -0.00142924502422257   0.00311758114053197  2.57688695663422e-16 -5.07540224087013e-17     0.119387699093992
-2.48962029084882e-19 -5.56980541730198e-19 -6.03360995139264e-18      1.99275714760945  1.06279244098856e-17 -4.75292201419559e-18 -3.40069173616405e-18   -0.0080379420389428   -0.0548461897064887  8.63237766663422e-17
 1.35794641556363e-18  8.86353792589472e-19  1.53496748537608e-17  1.06279244098856e-17      1.99275714760945 -5.89923636618357e-19  6.81026373287994e-18   -0.0548461897064856   0.00803794203894291  -1.1350701389315e-16
 0.000176496039500348 -4.20587617950592e-05  -0.00142924502422257 -4.75292201419559e-18 -5.89923636618357e-19      1.99571533093307  -0.00343956260751384  -1.0720340760317e-16  -1.3907197148371e-16    0.0247851221915449
-0.000133030283060596  0.000354712743431511   0.00311758114053197 -3.40069173616405e-18  6.81026373287994e-18  -0.00343956260751384      1.99247017934114  3.31141238460363e-16 -2.07615076275924e-16   -0.0366792407714273
 4.61128164530136e-17  5.79565051418298e-18  2.57688695663422e-16   -0.0080379420389428   -0.0548461897064856  -1.0720340760317e-16  3.31141238460363e-16    0.0124688131468777  1.39703394720323e-17  1.00210564567723e-17
-2.55076267401744e-17 -3.30306579457986e-18 -5.07540224087013e-17   -0.0548461897064887   0.00803794203894291  -1.3907197148371e-16 -2.07615076275924e-16  1.39703394720323e-17    0.0124688131468779 -3.57144779896785e-18
 -0.00839025315651704    0.0106721332011941     0.119387699093992  8.63237766663422e-17  -1.1350701389315e-16    0.0247851221915449   -0.0366792407714273  1.00210564567723e-17 -3.57144779896785e-18   0.00917448184302819
POPULATION (lambda : -0.1): 4.65846414390227
TOTAL ENERGY: -118.580686975147	 lambda: 0
1RDM (lambda : 0): 
     1.99999616143937 -1.79257459265413e-07  1.22005410193365e-05 -7.19642527666448e-20  4.19361642865841e-19  7.89836477045678e-05  1.98316438442735e-05   4.2089977683878e-17 -2.38378954545444e-17 -6.22674852246807e-05
-1.79257459265413e-07      1.99996774961645  8.00004241990212e-06 -2.55404402822842e-20  1.07285052015005e-19  9.18431008458787e-05  0.000151095085650781  4.92997179732155e-18 -3.12390961186407e-18  0.000164855324124977
 1.22005410193365e-05  8.00004241990212e-06      1.99940509151631 -4.29855993498445e-19  6.60296896971972e-19 -0.000125112799821045  0.000751792648705446  2.41700216738324e-16 -4.45935521762834e-17 -0.000751777319701736
-7.19642527666448e-20 -2.55404402822842e-20 -4.29855993498445e-19        1.993849934716  2.17232936035949e-17  7.92104487862527e-19 -6.89621624130262e-19   0.00049844014348796   0.00340106246694305  8.42438691237364e-17
 4.19361642865841e-19  1.07285052015005e-19  6.60296896971972e-19  2.17232936035949e-17        1.993849934716  6.43737499551854e-19 -1.26502963185337e-18   0.00340106246694496 -0.000498440143488113 -1.49623300451428e-16
 7.89836477045678e-05  9.18431008458787e-05 -0.000125112799821045  7.92104487862527e-19  6.43737499551854e-19      1.99562896781788  -0.00386565263997737 -1.21194098623662e-16 -1.45572614049345e-16  0.000912830275933853
 1.98316438442735e-05  0.000151095085650781  0.000751792648705446 -6.89621624130262e-19 -1.26502963185337e-18  -0.00386565263997737      1.99350887005019  3.39317347985377e-16 -2.08499215500394e-16   0.00189128095218001
  4.2089977683878e-17  4.92997179732155e-18  2.41700216738324e-16   0.00049844014348796   0.00340106246694496 -1.21194098623662e-16  3.39317347985377e-16    0.0113751138512032 -6.95320320588406e-18 -6.89902465423367e-19
-2.38378954545444e-17 -3.12390961186407e-18 -4.45935521762834e-17   0.00340106246694305 -0.000498440143488113 -1.45572614049345e-16 -2.08499215500394e-16 -6.95320320588406e-18    0.0113751138512038  3.00302127432814e-20
-6.22674852246807e-05  0.000164855324124977 -0.000751777319701736  8.42438691237364e-17 -1.49623300451428e-16  0.000912830275933853   0.00189128095218001 -6.89902465423367e-19  3.00302127432814e-20   0.00104306242542783
POPULATION (lambda : 0): 5.6766396347033
TOTAL ENERGY: -118.528208632781	 lambda: 0.1
1RDM (lambda : 0.1): 
     1.99996099322207  4.32991534180071e-05  0.000529530337819919   5.5904208341883e-20  3.50963959180852e-20  0.000184978438692568 -0.000155656778273715  3.80734302668246e-17  -2.2125894594601e-17   0.00831861997892551
 4.32991534180071e-05      1.99991059840541 -0.000633461942565028  4.83907176770473e-19 -1.00317193512784e-18 -2.92926236043116e-05  0.000365931788434546  3.96052110843852e-18 -2.93550613495201e-18   -0.0104907775015985
 0.000529530337819919 -0.000633461942565028      1.99172922977773  4.76439506059498e-18 -1.74465383155827e-17  -0.00178725189657364   0.00313035953758802  2.23902854024727e-16  -3.8216287853538e-17    -0.123132115372515
  5.5904208341883e-20  4.83907176770473e-19  4.76439506059498e-18      1.99155231113418  -2.5723664339101e-19  6.75916886433162e-18  1.96422958466974e-18   0.00897428403520977    0.0612352369045775  8.15272011851156e-17
 3.50963959180852e-20 -1.00317193512784e-18 -1.74465383155827e-17  -2.5723664339101e-19      1.99155231113418  1.64956799065056e-18 -8.19707586319061e-18    0.0612352369045799  -0.00897428403521001 -1.84206575975894e-16
 0.000184978438692568 -2.92926236043116e-05  -0.00178725189657364  6.75916886433162e-18  1.64956799065056e-18      1.99489105782452  -0.00335913664063233 -1.34571476434546e-16   -1.520294780096e-16   -0.0234463569962217
-0.000155656778273715  0.000365931788434546   0.00313035953758802  1.96422958466974e-18 -8.19707586319061e-18  -0.00335913664063233      1.99303882009313  3.45825655251322e-16 -2.07645344652155e-16     0.042042861964739
 3.80734302668246e-17  3.96052110843852e-18  2.23902854024727e-16   0.00897428403520977    0.0612352369045799 -1.34571476434546e-16  3.45825655251322e-16    0.0136615607724303 -2.48016909445068e-17 -1.07622874045243e-17
 -2.2125894594601e-17 -2.93550613495201e-18  -3.8216287853538e-17    0.0612352369045775  -0.00897428403521001   -1.520294780096e-16 -2.07645344652155e-16 -2.48016909445068e-17    0.0136615607724303  3.09193642110261e-18
  0.00831861997892551   -0.0104907775015985    -0.123132115372515  8.15272011851156e-17 -1.84206575975894e-16   -0.0234463569962217     0.042042861964739 -1.07622874045243e-17  3.09193642110261e-18    0.0100415568639145
POPULATION (lambda : 0.1): 6.72500320744234
TOTAL ENERGY: -118.373682739383	 lambda: 0.2
1RDM (lambda : 0.2): 
     1.99985682893459   0.00017481946429146   0.00204515641220353  1.38105960932953e-19   1.7384486189219e-19  0.000488269266582029  -0.00066171103091565  3.40787083010588e-17 -2.03758573893239e-17    0.0164947008711715
  0.00017481946429146      1.99974145080885  -0.00255116710414671  9.61756931270232e-19 -2.40271915589285e-18 -0.000400228174238181     0.001005940004102  2.90569965340662e-18 -2.74643642036919e-18   -0.0209370518241218
  0.00204515641220353  -0.00255116710414671      1.96961780242183  9.35844372690551e-18 -3.82058683428591e-17  -0.00630285480606604     0.010291498203322  2.04612235262667e-16 -3.18820911183938e-17      -0.2414854384921
 1.38105960932953e-19  9.61756931270232e-19  9.35844372690551e-18      1.98597871618799    8.267963955676e-19  1.30716631405763e-17  4.51180269807266e-18    0.0173333618746522     0.118272668898286  7.84188592104624e-17
  1.7384486189219e-19 -2.40271915589285e-18 -3.82058683428591e-17    8.267963955676e-19      1.98597871618799  2.52690518340018e-18 -1.39790353838348e-17     0.118272668898286   -0.0173333618746522 -2.15564590783999e-16
 0.000488269266582029 -0.000400228174238181  -0.00630285480606604  1.30716631405763e-17  2.52690518340018e-18      1.99353836428476  -0.00192436207066738 -1.47384745367766e-16 -1.58443686124048e-16   -0.0467319602738234
 -0.00066171103091565     0.001005940004102     0.010291498203322  4.51180269807266e-18 -1.39790353838348e-17  -0.00192436207066738      1.99100278743367  3.50543076201483e-16 -2.04930232015977e-16    0.0814872311176189
 3.40787083010588e-17  2.90569965340662e-18  2.04612235262667e-16    0.0173333618746522     0.118272668898286 -1.47384745367766e-16  3.50543076201483e-16    0.0192146998796873  7.07256303439405e-19 -1.98228153445015e-17
-2.03758573893239e-17 -2.74643642036919e-18 -3.18820911183938e-17     0.118272668898286   -0.0173333618746522 -1.58443686124048e-16 -2.04930232015977e-16  7.07256303439405e-19    0.0192146998796874  5.70784135661033e-18
   0.0164947008711715   -0.0209370518241218      -0.2414854384921  7.84188592104624e-17 -2.15564590783999e-16   -0.0467319602738234    0.0814872311176189 -1.98228153445015e-17  5.70784135661033e-18    0.0358559339809387
POPULATION (lambda : 0.2): 7.75732178514908
TOTAL ENERGY: -118.130599051724	 lambda: 0.3
1RDM (lambda : 0.3): 
     1.99968943404695  0.000387349124454144   0.00443436579320829  1.75674036035891e-19  7.74054426267721e-19  0.000957354007565717  -0.00146092797256722  3.01015198314521e-17 -1.85889872630567e-17    0.0242461322967712
 0.000387349124454144      1.99946910986237   -0.0055904175498429   1.4044756916593e-18 -4.01634677829025e-18  -0.00098233251566479   0.00202412429548786  1.78933516896917e-18 -2.56166443466747e-18   -0.0308613950206625
  0.00443436579320829   -0.0055904175498429      1.93547951348463  1.32612648971549e-17 -6.04071510068465e-17   -0.0130844229119083    0.0215151835726388  1.84223692542076e-16 -2.57532319485874e-17    -0.350403674319814
 1.75674036035891e-19   1.4044756916593e-18  1.32612648971549e-17      1.97726034367995 -9.67396482960097e-18   1.9686583406141e-17  6.88124562368762e-18    0.0255505106115687     0.174341656386758  7.51777294718911e-17
 7.74054426267721e-19 -4.01634677829025e-18 -6.04071510068465e-17 -9.67396482960097e-18      1.97726034367995  3.51856610462422e-18  -1.8820038012788e-17     0.174341656386764   -0.0255505106115694  -2.4255852564317e-16
 0.000957354007565717  -0.00098233251566479   -0.0130844229119083   1.9686583406141e-17  3.51856610462422e-18      1.99172318904072  0.000271909116290044 -1.59754827670748e-16 -1.64770429148446e-16   -0.0676378904613698
 -0.00146092797256722   0.00202412429548786    0.0215151835726388  6.88124562368762e-18  -1.8820038012788e-17  0.000271909116290044      1.98761508938921  3.53286031985638e-16  -2.0019990790428e-16     0.118084284494746
 3.01015198314521e-17  1.78933516896917e-18  1.84223692542076e-16    0.0255505106115687     0.174341656386764 -1.59754827670748e-16  3.53286031985638e-16    0.0279093458623707 -1.52912768812524e-16 -2.76864778205234e-17
-1.85889872630567e-17 -2.56166443466747e-18 -2.57532319485874e-17     0.174341656386758   -0.0255505106115694 -1.64770429148446e-16  -2.0019990790428e-16 -1.52912768812524e-16    0.0279093458623696   8.0786366579093e-18
   0.0242461322967712   -0.0308613950206625    -0.350403674319814  7.51777294718911e-17  -2.4255852564317e-16   -0.0676378904613698     0.118084284494746 -2.76864778205234e-17   8.0786366579093e-18    0.0756842850914933
POPULATION (lambda : 0.3): 8.7321396154607
TOTAL ENERGY: -117.820184976417	 lambda: 0.4
1RDM (lambda : 0.4): 
     1.99946751056362  0.000669655751881997    0.0075064384347549  1.66438851956234e-19  1.76488020379631e-18   0.00154636421966592  -0.00248816283703066  2.61278486875776e-17 -1.67662479527723e-17    0.0314333840312764
 0.000669655751881997      1.99910819178418  -0.00950521408421679  1.81357999868856e-18 -5.75693713774277e-18  -0.00171743794871311   0.00333541966683128  6.35432761163679e-19  -2.3805321229127e-18   -0.0400591666241394
   0.0075064384347549  -0.00950521408421679      1.89296952935396  1.64705355189629e-17 -8.27258588103724e-17   -0.0212898989517999    0.0355742608325273  1.63142203697161e-16  -1.9864607655627e-17    -0.446441031960205
 1.66438851956234e-19  1.81357999868856e-18  1.64705355189629e-17      1.96550363658936  5.42360717238599e-16  2.66124607928421e-17  8.99940824079561e-18    0.0336195868577369     0.229400288182882  7.20030825983678e-17
 1.76488020379631e-18 -5.75693713774277e-18 -8.27258588103724e-17  5.42360717238599e-16      1.96550363658936   4.9143032011363e-18 -2.30288952294726e-17     0.229400288182865   -0.0336195868577387  -2.6477909513314e-16
  0.00154636421966592  -0.00171743794871311   -0.0212898989517999  2.66124607928421e-17   4.9143032011363e-18      1.98965290133523    0.0029641561604232 -1.71802578468237e-16  -1.7106092640743e-16   -0.0854039513987626
 -0.00248816283703066   0.00333541966683128    0.0355742608325273  8.99940824079561e-18 -2.30288952294726e-17    0.0029641561604232      1.98328725682721  3.53940521928485e-16 -1.93545214619415e-16     0.150327085535973
 2.61278486875776e-17  6.35432761163679e-19  1.63142203697161e-16    0.0336195868577369     0.229400288182865 -1.71802578468237e-16  3.53940521928485e-16    0.0396471506743983  5.76637107278655e-17 -3.43731627671167e-17
-1.67662479527723e-17  -2.3805321229127e-18  -1.9864607655627e-17     0.229400288182882   -0.0336195868577387  -1.7106092640743e-16 -1.93545214619415e-16  5.76637107278655e-17    0.0396471506744027  1.04325457152249e-17
   0.0314333840312764   -0.0400591666241394    -0.446441031960205  7.20030825983678e-17  -2.6477909513314e-16   -0.0854039513987626     0.150327085535973 -3.43731627671167e-17  1.04325457152249e-17     0.125213035608286
POPULATION (lambda : 0.4): 9.62129069691702
TOTAL ENERGY: -117.465056104098	 lambda: 0.5
1RDM (lambda : 0.5): 
     1.99920059859302   0.00100917968954213     0.011055298899524  1.06051496487513e-19  3.08364205504268e-18   0.00220839574843111   -0.0036690542568302  2.21460450948189e-17 -1.49127960254486e-17    0.0380049395949847
  0.00100917968954213      1.99867521667711   -0.0140263545833217   2.1940109981729e-18 -7.54523485128974e-18  -0.00254532515681406   0.00484184215226786 -5.35829877384431e-19  -2.1995801143603e-18   -0.0484477632973415
    0.011055298899524   -0.0140263545833217       1.8459161087907  1.90432566897615e-17 -1.04027776755523e-16   -0.0300876222174408    0.0511181188386439   1.4171740692007e-16 -1.41585340594919e-17    -0.528348446170794
 1.06051496487513e-19   2.1940109981729e-18  1.90432566897615e-17       1.9507839903749  3.98002730702963e-16  3.38255070801116e-17  1.06974215380064e-17    0.0415378788559864     0.283430055333795  6.90054533927224e-17
 3.08364205504268e-18 -7.54523485128974e-18 -1.04027776755523e-16  3.98002730702963e-16       1.9507839903749  6.98634892816927e-18 -2.68378965986058e-17     0.283430055333794   -0.0415378788559887 -2.82441306799788e-16
  0.00220839574843111  -0.00254532515681406   -0.0300876222174408  3.38255070801116e-17  6.98634892816927e-18      1.98752135423722   0.00587644846646677 -1.83693722118664e-16 -1.77020236974641e-16   -0.0998527822870167
  -0.0036690542568302   0.00484184215226786    0.0511181188386439  1.06974215380064e-17 -2.68378965986058e-17   0.00587644846646677      1.97849177152095   3.5232510071394e-16 -1.84717398804324e-16     0.177528388880279
 2.21460450948189e-17 -5.35829877384431e-19   1.4171740692007e-16    0.0415378788559864     0.283430055333794 -1.83693722118664e-16   3.5232510071394e-16    0.0543590924211827 -3.18917868306521e-16 -4.00585872178174e-17
-1.49127960254486e-17  -2.1995801143603e-18 -1.41585340594919e-17     0.283430055333795   -0.0415378788559887 -1.77020236974641e-16 -1.84717398804324e-16 -3.18917868306521e-16    0.0543590924211834  1.29697711888152e-17
   0.0380049395949847   -0.0484477632973415    -0.528348446170794  6.90054533927224e-17 -2.82441306799788e-16   -0.0998527822870167     0.177528388880279 -4.00585872178174e-17  1.29697711888152e-17     0.179908784588859
POPULATION (lambda : 0.5): 10.4123151984432
TOTAL ENERGY: -117.084562306639	 lambda: 0.6
1RDM (lambda : 0.6): 
     1.99889749020641   0.00139425283129792    0.0148978123832571 -1.05733844944965e-20   4.6837357650848e-18   0.00290469638693013  -0.00493565278854869  1.81537703158072e-17 -1.30362945770127e-17    0.0439774427984517
  0.00139425283129792      1.99818556619685   -0.0189136921623944  2.55037207854672e-18 -9.32010578499098e-18  -0.00341598806131587   0.00645381640583977 -1.71028258143198e-18 -2.01210978194743e-18   -0.0560407828516605
   0.0148978123832571   -0.0189136921623944      1.79753668455586  2.10462421580436e-17 -1.23514572863908e-16   -0.0388305418067116     0.066982466225737  1.20217301907155e-16    -8.52580163985e-18     -0.59659950757653
-1.05733844944965e-20  2.55037207854672e-18  2.10462421580436e-17      1.93316574552711  1.03820633730367e-16   4.1342439665726e-17  1.18634184538276e-17    0.0492950121195752     0.336360169953339   6.6207499342976e-17
  4.6837357650848e-18 -9.32010578499098e-18 -1.23514572863908e-16  1.03820633730367e-16      1.93316574552711  9.90633573445865e-18 -3.03834627911152e-17     0.336360169953338   -0.0492950121195756 -2.96126858168482e-16
  0.00290469638693013  -0.00341598806131587   -0.0388305418067116   4.1342439665726e-17  9.90633573445865e-18      1.98546832528917   0.00878678076996901 -1.95475730959836e-16 -1.82655220502909e-16    -0.111233475677966
 -0.00493565278854869   0.00645381640583977     0.066982466225737  1.18634184538276e-17 -3.03834627911152e-17   0.00878678076996901      1.97364235516667  3.48443677562192e-16 -1.73975805092658e-16      0.19970666493792
 1.81537703158072e-17 -1.71028258143198e-18  1.20217301907155e-16    0.0492950121195752     0.336360169953338 -1.95475730959836e-16  3.48443677562192e-16    0.0719836745002353 -3.52216251842814e-17 -4.49807309797416e-17
-1.30362945770127e-17 -2.01210978194743e-18    -8.52580163985e-18     0.336360169953339   -0.0492950121195756 -1.82655220502909e-16 -1.73975805092658e-16 -3.52216251842814e-17    0.0719836745002359  1.57949150417843e-17
   0.0439774427984517   -0.0560407828516605     -0.59659950757653   6.6207499342976e-17 -2.96126858168482e-16    -0.111233475677966      0.19970666493792 -4.49807309797416e-17  1.57949150417843e-17     0.235970738530369
POPULATION (lambda : 0.6): 11.1055567029861
TOTAL ENERGY: -116.692937780188	 lambda: 0.7
1RDM (lambda : 0.7): 
     1.99856548827356   0.00181516007872414    0.0188911213994009 -1.87753079209917e-19  6.53390771178775e-18   0.00360790188479788  -0.00623445026152748  1.41604466185553e-17 -1.11481355310343e-17    0.0494067164023048
  0.00181516007872414      1.99765202421963   -0.0239800810899109  2.88633515458578e-18  -1.1040614869896e-17  -0.00429407105955419   0.00810109904327229 -2.87832594855358e-18 -1.81247277671286e-18   -0.0629081365023101
