TOTAL ENERGY: -107.414478545106	 lambda: -1
1RDM (lambda : -1): 
     1.99701317028738  -0.00277957701518485    0.0318445523954902  -6.6813070655499e-17  7.69997913731646e-18   0.00123980250575332  -0.00253748492412513  5.53370371356696e-17 -2.18560184174008e-17    0.0702056527696302
 -0.00277957701518485      1.99739104464203    0.0296677224385655 -5.27081760940768e-17 -1.11236251822283e-17      0.00135064523664  -0.00244066886709892  -2.2076903942527e-17 -7.77667151989565e-18      0.06535186496681
   0.0318445523954902    0.0296677224385655      1.65984695875126  3.51211221791091e-16  5.68284330443079e-17   -0.0147728185076644    0.0276824269882959  2.83474825532227e-16 -8.71861598300151e-16    -0.749179761424258
 -6.6813070655499e-17 -5.27081760940768e-17  3.51211221791091e-16      1.86107076001397 -1.15517457055939e-16  1.22646002947618e-16 -3.04292702895352e-17     0.150759691960578    -0.483430548418069   1.3305586164882e-15
 7.69997913731646e-18 -1.11236251822283e-17  5.68284330443079e-17 -1.15517457055939e-16      1.86107076001397 -2.00139014010602e-17  4.03424003445857e-17    -0.483430548418067    -0.150759691960577   1.0869006777553e-16
  0.00123980250575332      0.00135064523664   -0.0147728185076644  1.22646002947618e-16 -2.00139014010602e-17      1.99346424428382   0.00387259615264672 -2.02723415426488e-16  3.34770977608607e-16   -0.0305777171208648
 -0.00253748492412513  -0.00244066886709892    0.0276824269882959 -3.04292702895352e-17  4.03424003445857e-17   0.00387259615264672      1.99616695089917  1.45810671835819e-16  1.03357251910333e-16    0.0601597698290152
 5.53370371356696e-17  -2.2076903942527e-17  2.83474825532227e-16     0.150759691960578    -0.483430548418067 -2.02723415426488e-16  1.45810671835819e-16     0.142706095475337 -2.02457846636412e-16 -3.07832459584984e-17
-2.18560184174008e-17 -7.77667151989565e-18 -8.71861598300151e-16    -0.483430548418069    -0.150759691960577  3.34770977608607e-16  1.03357251910333e-16 -2.02457846636412e-16     0.142706095475338 -7.66148186319803e-18
   0.0702056527696302      0.06535186496681    -0.749179761424258   1.3305586164882e-15   1.0869006777553e-16   -0.0305777171208648    0.0601597698290152 -3.07832459584984e-17 -7.66148186319803e-18     0.348563920157749
POPULATION (lambda : -1): -1.14548597982968
TOTAL ENERGY: -107.692702042322	 lambda: -0.9
1RDM (lambda : -0.9): 
     1.99747585933577  -0.00236178226400928    0.0278017416927874 -5.87625222021936e-17  7.03883766314844e-18    0.0010751202524476  -0.00232740489956664  5.46584930048952e-17 -2.06319065181232e-17    0.0651980173089385
 -0.00236178226400928      1.99776711905251    0.0260439154368971 -4.64058153605875e-17 -1.00504645399057e-17    0.0012036092765995  -0.00225452427806465 -2.15298372881389e-17 -7.08979398374495e-18    0.0610188896437734
   0.0278017416927874    0.0260439154368971       1.6930938317732  3.28687426950749e-16  5.51983128071978e-17   -0.0134833951902631      0.02628329870855  2.73418338986111e-16 -8.18975725255818e-16    -0.718878966232029
-5.87625222021936e-17 -4.64058153605875e-17  3.28687426950749e-16       1.8811116809229 -1.74333813069656e-16  1.05863917587589e-16 -3.09277552613957e-17     0.140037605310419    -0.449048785536993  1.28500641622469e-15
 7.03883766314844e-18 -1.00504645399057e-17  5.51983128071978e-17 -1.74333813069656e-16       1.8811116809229 -1.85224541421957e-17  4.24382389504161e-17    -0.449048785536995     -0.14003760531042  1.10245221305892e-16
   0.0010751202524476    0.0012036092765995   -0.0134833951902631  1.05863917587589e-16 -1.85224541421957e-17      1.99334542213693   0.00376525443663698 -1.97092865532025e-16  3.10396465702576e-16   -0.0293245196873945
 -0.00232740489956664  -0.00225452427806465      0.02628329870855 -3.09277552613957e-17  4.24382389504161e-17   0.00376525443663698      1.99623888011439  1.69366145031003e-16  1.05042469759834e-16    0.0606196189803319
 5.46584930048952e-17 -2.15298372881389e-17  2.73418338986111e-16     0.140037605310419    -0.449048785536995 -1.97092865532025e-16  1.69366145031003e-16     0.122725688247684  5.26069179569938e-16 -3.02794106467919e-17
-2.06319065181232e-17 -7.08979398374495e-18 -8.18975725255818e-16    -0.449048785536993     -0.14003760531042  3.10396465702576e-16  1.05042469759834e-16  5.26069179569938e-16     0.122725688247683 -4.66708428556953e-18
   0.0651980173089385    0.0610188896437734    -0.718878966232029  1.28500641622469e-15  1.10245221305892e-16   -0.0293245196873945    0.0606196189803319 -3.02794106467919e-17 -4.66708428556953e-18     0.314404149246082
POPULATION (lambda : -0.9): -0.852208177844626
TOTAL ENERGY: -107.985387246637	 lambda: -0.8
1RDM (lambda : -0.8): 
     1.99791717497416  -0.00196031420783245    0.0237083316693677 -5.05918946370489e-17  6.34383323635104e-18   0.00090971830733127  -0.00209366636365992  5.39021968552884e-17 -1.93461996534258e-17    0.0598682754256811
 -0.00196031420783245      1.99813105937587    0.0223407244338525 -3.99529190535337e-17 -8.95015462489982e-18   0.00105401852783997  -0.00204455297651226 -2.09845716808876e-17 -6.35608206321846e-18    0.0563567204575705
   0.0237083316693677    0.0223407244338525      1.72939103180994  3.00518977418888e-16  5.27228607951799e-17   -0.0120834113809783    0.0244983217711783  2.61757977244993e-16 -7.61039913242389e-16    -0.682352075609821
-5.05918946370489e-17 -3.99529190535337e-17  3.00518977418888e-16      1.90088654921089  4.96722294671338e-17  8.85231719287162e-17 -3.02416110183237e-17     0.128289569899787    -0.411377182101964  1.22919834406377e-15
 6.34383323635104e-18 -8.95015462489982e-18  5.27228607951799e-17  4.96722294671338e-17      1.90088654921088 -1.62518569078899e-17  4.31341131893345e-17    -0.411377182101968    -0.128289569899789  1.11590655325614e-16
  0.00090971830733127   0.00105401852783997   -0.0120834113809783  8.85231719287162e-17 -1.62518569078899e-17      1.99323723161921   0.00362550287396462 -1.87432893544118e-16  2.82266720455033e-16   -0.0278547303315579
 -0.00209366636365992  -0.00204455297651226    0.0244983217711783 -3.02416110183237e-17  4.31341131893345e-17   0.00362550287396462      1.99634906276443  1.91732626335595e-16  1.08104835799107e-16    0.0606663091411103
 5.39021968552884e-17 -2.09845716808876e-17  2.61757977244993e-16     0.128289569899787    -0.411377182101968 -1.87432893544118e-16  1.91732626335595e-16     0.103006964538338  5.38247635766968e-16 -2.92653366368235e-17
-1.93461996534258e-17 -6.35608206321846e-18 -7.61039913242389e-16    -0.411377182101964    -0.128289569899789  2.82266720455033e-16  1.08104835799107e-16  5.38247635766968e-16     0.103006964538336 -1.58288351694737e-18
   0.0598682754256811    0.0563567204575705    -0.682352075609821  1.22919834406377e-15  1.11590655325614e-16   -0.0278547303315579    0.0606663091411103 -2.92653366368235e-17 -1.58288351694737e-18     0.277187411957965
POPULATION (lambda : -0.8): -0.507317636361975
TOTAL ENERGY: -108.29018290757	 lambda: -0.7
1RDM (lambda : -0.7): 
     1.99833344327994  -0.00157847838507884    0.0196038746360183 -4.23720560419728e-17  5.61958742632775e-18  0.000744819748078481  -0.00183407234578843  5.30572234542235e-17 -1.79918248503644e-17    0.0541637725755012
 -0.00157847838507884      1.99847990124672    0.0185897229757027 -3.34034829703692e-17 -7.82255078348345e-18  0.000902702226340603  -0.00180795015026242 -2.04339147940423e-17  -5.5766121167004e-18    0.0513040978245907
   0.0196038746360183    0.0185897229757027      1.76859940769276  2.66265395510194e-16  4.92639003736231e-17   -0.0105719666649653    0.0222562187695346  2.48297681124619e-16 -6.97962671325336e-16    -0.638171829195746
-4.23720560419728e-17 -3.34034829703692e-17  2.66265395510194e-16      1.92002910205454 -7.28291566738496e-17  7.10431657519708e-17 -2.83703549345942e-17     0.115470209728535    -0.370270237437117  1.16073530260826e-15
 5.61958742632775e-18 -7.82255078348345e-18  4.92639003736231e-17 -7.28291566738496e-17      1.92002910205454 -1.33370026554212e-17  4.23405574865897e-17    -0.370270237437118    -0.115470209728536  1.12541254778705e-16
 0.000744819748078481  0.000902702226340603   -0.0105719666649653  7.10431657519708e-17 -1.33370026554212e-17      1.99314263723167   0.00344951570809353 -1.73363566985465e-16  2.50316539917589e-16   -0.0261131551522954
 -0.00183407234578843  -0.00180795015026242    0.0222562187695346 -2.83703549345942e-17  4.23405574865897e-17   0.00344951570809353      1.99650743604671  2.12625620883062e-16  1.12307014428347e-16    0.0600713072430218
 5.30572234542235e-17 -2.04339147940423e-17  2.48297681124619e-16     0.115470209728535    -0.370270237437118 -1.73363566985465e-16  2.12625620883062e-16    0.0839167349614365  1.69086625681208e-16 -2.76426686617044e-17
-1.79918248503644e-17  -5.5766121167004e-18 -6.97962671325336e-16    -0.370270237437117    -0.115470209728536  2.50316539917589e-16  1.12307014428347e-16  1.69086625681208e-16    0.0839167349614361  1.49909523097734e-18
   0.0541637725755012    0.0513040978245907    -0.638171829195746  1.16073530260826e-15  1.12541254778705e-16   -0.0261131551522954    0.0600713072430218 -2.76426686617044e-17  1.49909523097734e-18     0.237045500470273
POPULATION (lambda : -0.7): -0.100166275664278
TOTAL ENERGY: -108.602642508438	 lambda: -0.6
1RDM (lambda : -0.6): 
     1.99872006197801  -0.00122058210164508    0.0155495890907559 -3.42132917859521e-17  4.87220124395849e-18    0.0005823471434301  -0.00154799271327066   5.2115780163349e-17 -1.65657660622005e-17    0.0480245651727877
 -0.00122058210164508      1.99880962017049    0.0148437015639835 -2.68461237798184e-17 -6.66988110833697e-18  0.000751209969939124  -0.00154324387263135 -1.98701964635071e-17 -4.75042312171966e-18    0.0457900347249354
   0.0155495890907559    0.0148437015639835      1.81023818394546  2.25958895285926e-16  4.46987046480037e-17  -0.00895781830842538    0.0194988790199968  2.32782655676758e-16 -6.29717819221949e-16    -0.584677217646958
-3.42132917859521e-17 -2.68461237798184e-17  2.25958895285926e-16      1.93810581691021 -5.78130810558143e-16  5.38958996353831e-17 -2.52600607240391e-17     0.101558479768857    -0.325660466970319  1.07683213482282e-15
 4.87220124395849e-18 -6.66988110833697e-18  4.46987046480037e-17 -5.78130810558143e-16      1.93810581691021 -9.97532085557474e-18  3.99929619065674e-17    -0.325660466970317     -0.10155847976886  1.12841362304099e-16
   0.0005823471434301  0.000751209969939124  -0.00895781830842538  5.38958996353831e-17 -9.97532085557474e-18      1.99306443825749   0.00323368468317783 -1.54477234468711e-16  2.14338469598906e-16   -0.0240311593812169
 -0.00154799271327066  -0.00154324387263135    0.0194988790199968 -2.52600607240391e-17  3.99929619065674e-17   0.00323368468317783      1.99672543905128  2.31503991452543e-16  1.17728336024926e-16     0.058511286217902
  5.2115780163349e-17 -1.98701964635071e-17  2.32782655676758e-16     0.101558479768857    -0.325660466970317 -1.54477234468711e-16  2.31503991452543e-16    0.0658893365996191  3.25282939868254e-16  -2.5314953858752e-17
-1.65657660622005e-17 -4.75042312171966e-18 -6.29717819221949e-16    -0.325660466970319     -0.10155847976886  2.14338469598906e-16  1.17728336024926e-16  3.25282939868254e-16    0.0658893365996201  4.41114029899386e-18
   0.0480245651727877    0.0457900347249354    -0.584677217646958  1.07683213482282e-15  1.12841362304099e-16   -0.0240311593812169     0.058511286217902  -2.5314953858752e-17  4.41114029899386e-18     0.194451949577628
POPULATION (lambda : -0.6): 0.381582078068929
TOTAL ENERGY: -108.915265310374	 lambda: -0.5
1RDM (lambda : -0.5): 
     1.99907121206642 -0.000892281089064101    0.0116366412204237   -2.627863357919e-17  4.10817132421195e-18  0.000425242179009166  -0.00123810998140911  5.10734762576174e-17 -1.50697021214157e-17    0.0413874343717506
-0.000892281089064101      1.99911473367953    0.0111858142699161  -2.0419717073043e-17 -5.49817381419564e-18  0.000602223954402757  -0.00125204194340079 -1.92833840529078e-17 -3.87676714796695e-18    0.0397378065454757
   0.0116366412204237    0.0111858142699161      1.85329766668994    1.804232563793e-16  3.89609619331253e-17  -0.00726601820409262    0.0162096594227513  2.14938984642153e-16  -5.5637124299716e-16     -0.52005930421185
  -2.627863357919e-17  -2.0419717073043e-17    1.804232563793e-16      1.95462524559295 -5.13601396460546e-16  3.76570640904828e-17 -2.08875387494549e-17    0.0865677047999758    -0.277590598892112  9.74470300293837e-16
 4.10817132421195e-18 -5.49817381419564e-18  3.89609619331253e-17 -5.13601396460546e-16      1.95462524559295  -6.4429263170558e-18  3.61213233840395e-17    -0.277590598892109   -0.0865677047999782  1.12157552464153e-16
 0.000425242179009166  0.000602223954402757  -0.00726601820409262  3.76570640904828e-17  -6.4429263170558e-18      1.99300445413117   0.00297519834561069 -1.30495222580698e-16  1.74102047661547e-16   -0.0215263163759304
 -0.00123810998140911  -0.00125204194340079    0.0162096594227513 -2.08875387494549e-17  3.61213233840395e-17   0.00297519834561069      1.99701383704761   2.4781161074117e-16  1.24910907388858e-16    0.0555457210537838
 5.10734762576174e-17 -1.92833840529078e-17  2.14938984642153e-16    0.0865677047999758    -0.277590598892109 -1.30495222580698e-16   2.4781161074117e-16    0.0494172738176436   1.8267548583848e-16 -2.22174998211805e-17
-1.50697021214157e-17 -3.87676714796695e-18  -5.5637124299716e-16    -0.277590598892112   -0.0865677047999782  1.74102047661547e-16  1.24910907388858e-16   1.8267548583848e-16    0.0494172738176447  6.90303290851032e-18
   0.0413874343717506    0.0397378065454757     -0.52005930421185  9.74470300293837e-16  1.12157552464153e-16   -0.0215263163759304    0.0555457210537838 -2.22174998211805e-17  6.90303290851032e-18     0.150413057564157
POPULATION (lambda : -0.5): 0.951425980105738
TOTAL ENERGY: -109.216409255846	 lambda: -0.4
1RDM (lambda : -0.4): 
      1.9993795855781 -0.000600927704317247   0.00799466254807419 -1.87966964078785e-17  3.33306634052863e-18  0.000277834435382333 -0.000913117933353473  4.99300912051817e-17 -1.35071555659578e-17    0.0341951983310741
-0.000600927704317247      1.99938788753699   0.00773952801830112 -1.43305218743053e-17 -4.31963547382892e-18  0.000460073896131082 -0.000941811642938567 -1.86603954487297e-17 -2.96395896517841e-18    0.0330750053036348
  0.00799466254807419   0.00773952801830112      1.89602298199108  1.31628564882612e-16   3.2080605930971e-17  -0.00554642589204611    0.0124605798689616   1.9451650541463e-16 -4.78348759862702e-16    -0.442578602800061
-1.87966964078785e-17 -1.43305218743053e-17  1.31628564882612e-16      1.96905845080631 -3.15575074935491e-16  2.30705140849938e-17 -1.55779428465548e-17    0.0705561042694088    -0.226247321710444  8.50761894760414e-16
 3.33306634052863e-18 -4.31963547382892e-18   3.2080605930971e-17 -3.15575074935491e-16      1.96905845080631 -3.07102391825903e-18  3.08038185017752e-17    -0.226247321710437   -0.0705561042694093  1.10084256195063e-16
 0.000277834435382333  0.000460073896131082  -0.00554642589204611  2.30705140849938e-17 -3.07102391825903e-18      1.99296212715294   0.00267316368780998 -1.01380519018676e-16  1.29849694342398e-16   -0.0185042087406408
-0.000913117933353473 -0.000941811642938567    0.0124605798689616 -1.55779428465548e-17  3.08038185017752e-17   0.00267316368780998      1.99737708812243  2.61130721626422e-16  1.33364832063236e-16    0.0506090079471212
 4.99300912051817e-17 -1.86603954487297e-17   1.9451650541463e-16    0.0705561042694088    -0.226247321710437 -1.01380519018676e-16  2.61130721626422e-16    0.0350307797858028 -1.98642692843607e-16 -1.83555249670609e-17
-1.35071555659578e-17 -2.96395896517841e-18 -4.78348759862702e-16    -0.226247321710444   -0.0705561042694093  1.29849694342398e-16  1.33364832063236e-16 -1.98642692843607e-16    0.0350307797858047  8.65785432714354e-18
   0.0341951983310741    0.0330750053036348    -0.442578602800061  8.50761894760414e-16  1.10084256195063e-16   -0.0185042087406408    0.0506090079471212 -1.83555249670609e-17  8.65785432714354e-18     0.106691868434253
POPULATION (lambda : -0.4): 1.6226231464647
TOTAL ENERGY: -109.489438505427	 lambda: -0.3
1RDM (lambda : -0.3): 
     1.99963628561231 -0.000355749825716372   0.00479683317487921 -1.20709660855778e-17  2.54897692789044e-18  0.000146195725572622 -0.000591258058297043  4.86906792779577e-17 -1.18930142010456e-17    0.0264136476322154
-0.000355749825716372       1.9996196118139   0.00467559871665028 -8.86205966772377e-18 -3.15486973483396e-18  0.000331269845306964 -0.000629617666971091 -1.79867124571481e-17 -2.02206037328769e-18    0.0257526014710133
  0.00479683317487921   0.00467559871665028      1.93573927927516  8.30989206956799e-17  2.42561163355009e-17  -0.00388292398572369   0.00847814255948404  1.71303483404311e-16 -3.96113827538812e-16    -0.350976502713753
-1.20709660855778e-17 -8.86205966772377e-18  8.30989206956799e-17      1.98087294603201 -4.04617130365285e-16   1.0919943452188e-17 -9.81146702112385e-18     0.053635502891777    -0.171989213370921  7.03655417090937e-16
 2.54897692789044e-18 -3.15486973483396e-18  2.42561163355009e-17 -4.04617130365285e-16      1.98087294603202 -2.45740559167289e-19   2.4222648043647e-17    -0.171989213370913   -0.0536355028917788  1.06183137127344e-16
 0.000146195725572622  0.000331269845306964  -0.00388292398572369   1.0919943452188e-17 -2.45740559167289e-19      1.99293254313022   0.00233055716640248 -6.73584743213252e-17  8.16903508432083e-17   -0.0148633523954445
-0.000591258058297043 -0.000629617666971091   0.00847814255948404 -9.81146702112385e-18   2.4222648043647e-17   0.00233055716640248      1.99780219901204  2.70995370346587e-16  1.43358045624638e-16    0.0430422069347343
 4.86906792779577e-17 -1.79867124571481e-17  1.71303483404311e-16     0.053635502891777    -0.171989213370913 -6.73584743213252e-17  2.70995370346587e-16    0.0232639068861766 -8.54601769894254e-17 -1.38458214775413e-17
-1.18930142010456e-17 -2.02206037328769e-18 -3.96113827538812e-16    -0.171989213370921   -0.0536355028917788  8.16903508432083e-17  1.43358045624638e-16 -8.54601769894254e-17    0.0232639068861783  9.26515190236481e-18
   0.0264136476322154    0.0257526014710133    -0.350976502713753  7.03655417090937e-16  1.06183137127344e-16   -0.0148633523954445    0.0430422069347343 -1.38458214775413e-17  9.26515190236481e-18    0.0659963753200066
POPULATION (lambda : -0.3): 2.40544285675819
TOTAL ENERGY: -109.712856949027	 lambda: -0.2
1RDM (lambda : -0.2): 
      1.9998311743846 -0.000167544857077384   0.00225476251671501 -6.46862394481472e-18  1.75273322450334e-18  3.83805441950138e-05 -0.000303686097992152  4.73655719337219e-17 -1.02506253806146e-17     0.018056401399849
-0.000167544857077384       1.9997985998326   0.00220867870441996 -4.36971331909344e-18 -2.03510732783332e-18  0.000224870138599593 -0.000345795905310666 -1.72494652927662e-17 -1.07248643103976e-18    0.0177737416514388
  0.00225476251671501   0.00220867870441996      1.96886336662196  3.99360063795789e-17  1.58919664391379e-17  -0.00240080073120003   0.00471073224564034  1.45160170890255e-16 -3.10360214463507e-16    -0.245096852946013
-6.46862394481472e-18 -4.36971331909344e-18  3.99360063795789e-17      1.98957977462297 -9.46187110514413e-17  2.05368902603343e-18 -4.50477348684065e-18    0.0359739493831274    -0.115355146392871  5.32972961395946e-16
 1.75273322450334e-18 -2.03510732783332e-18  1.58919664391379e-17 -9.46187110514413e-17      1.98957977462297  1.67049976484988e-18  1.66464817057696e-17    -0.115355146392874   -0.0359739493831297  1.00063428609962e-16
 3.83805441950138e-05  0.000224870138599593  -0.00240080073120003  2.05368902603343e-18  1.67049976484988e-18      1.99290426573064   0.00195718276331482 -2.87885805174572e-17  3.01261504791801e-17   -0.0105045997101248
-0.000303686097992152 -0.000345795905310666   0.00471073224564034 -4.50477348684065e-18  1.66464817057696e-17   0.00195718276331482      1.99824169692525  2.77347583610838e-16  1.54905485700778e-16    0.0321990780397173
 4.73655719337219e-17 -1.72494652927662e-17  1.45160170890255e-16    0.0359739493831274    -0.115355146392874 -2.87885805174572e-17  2.77347583610838e-16    0.0146074631485081  1.81091082985011e-16  -8.9410765778473e-18
-1.02506253806146e-17 -1.07248643103976e-18 -3.10360214463507e-16    -0.115355146392871   -0.0359739493831297  3.01261504791801e-17  1.54905485700778e-16  1.81091082985011e-16    0.0146074631485079  8.30092388050905e-18
    0.018056401399849    0.0177737416514388    -0.245096852946013  5.32972961395946e-16  1.00063428609962e-16   -0.0105045997101248    0.0321990780397173  -8.9410765778473e-18  8.30092388050905e-18    0.0319864209620108
POPULATION (lambda : -0.2): 3.30287079460654
TOTAL ENERGY: -109.862452714611	 lambda: -0.1
1RDM (lambda : -0.1): 
     1.99995399149244 -4.75039080018769e-05  0.000594852397982404 -2.37928454639959e-18  9.34312679154827e-19 -3.55864795759181e-05 -9.52236966460145e-05  4.59652065904328e-17 -8.61518466344991e-18   0.00921222194650535
-4.75039080018769e-05      1.99991294987902  0.000573976176180964 -1.24087228170359e-18 -1.00098434848436e-18  0.000152394411785798 -0.000134974310681317 -1.64389206798442e-17 -1.45890975884885e-19   0.00922621451174644
 0.000594852397982404  0.000573976176180964      1.99129677591555  8.26788058759524e-18  7.62220237730508e-18  -0.00126816515423092   0.00185182461109905  1.16166526998927e-16 -2.21804307010341e-16    -0.126593447306206
-2.37928454639959e-18 -1.24087228170359e-18  8.26788058759524e-18       1.9947868437267 -1.75486336847763e-17 -2.71319614432478e-18 -9.98137585420498e-19    0.0177864571279102   -0.0570345871366849  3.41584922945127e-16
 9.34312679154827e-19 -1.00098434848436e-18  7.62220237730508e-18 -1.75486336847763e-17       1.9947868437267  2.33478911307782e-18  8.33499684944021e-18    -0.057034587136686   -0.0177864571279114  9.15142726064979e-17
-3.55864795759181e-05  0.000152394411785798  -0.00126816515423092 -2.71319614432478e-18  2.33478911307782e-18      1.99285800948576   0.00157325227008888  1.36046017068708e-17 -2.42935934973732e-17  -0.00534815457680823
-9.52236966460145e-05 -0.000134974310681317   0.00185182461109905 -9.98137585420498e-19  8.33499684944021e-18   0.00157325227008888      1.99859626316401  2.80009001805285e-16   1.6778123083335e-16    0.0176489981690963
 4.59652065904328e-17 -1.64389206798442e-17  1.16166526998927e-16    0.0177864571279102    -0.057034587136686  1.36046017068708e-17  2.80009001805285e-16   0.00945560777861533  4.47938690154515e-17 -4.05793481460923e-18
-8.61518466344991e-18 -1.45890975884885e-19 -2.21804307010341e-16   -0.0570345871366849   -0.0177864571279114 -2.42935934973732e-17   1.6778123083335e-16  4.47938690154515e-17   0.00945560777861528  5.40103478943672e-18
  0.00921222194650535   0.00922621451174644    -0.126593447306206  3.41584922945127e-16  9.15142726064979e-17  -0.00534815457680823    0.0176489981690963 -4.05793481460923e-18  5.40103478943672e-18   0.00889710705259893
POPULATION (lambda : -0.1): 4.3054823258254
TOTAL ENERGY: -109.916051688706	 lambda: 0
1RDM (lambda : 0): 
     1.99999634216417 -5.02255590757638e-06  1.26859567658139e-05  -1.3645800270444e-19  7.91176692223031e-20 -6.42215269584821e-05 -1.91323918022067e-05  4.44966114336835e-17 -7.02952257049212e-18  6.08059914894725e-05
-5.02255590757638e-06      1.99995254397283 -2.07204561765331e-05  1.84990160767332e-19 -9.76360167015011e-20  0.000126907706315536 -5.08165621048607e-05 -1.55543184382226e-17  7.18376812027928e-19  0.000302120600580921
 1.26859567658139e-05 -2.07204561765331e-05      1.99930894169077  -6.1544777787188e-18  2.21942837163023e-19 -0.000685063615814776  0.000752778807027371  8.46514698576794e-17 -1.31087217335556e-16  0.000616923357374656
 -1.3645800270444e-19  1.84990160767332e-19  -6.1544777787188e-18      1.99624216220976  9.34355230728258e-19 -2.65619185395123e-18 -8.83990997759052e-19 -0.000690077072185179   0.00221282184848692  1.36128439258203e-16
 7.91176692223031e-20 -9.76360167015011e-20  2.21942837163023e-19  9.34355230728258e-19      1.99624216220976  1.49586827070106e-18 -4.45461481882054e-19   0.00221282184848654  0.000690077072184029  8.06499066358512e-17
-6.42215269584821e-05  0.000126907706315536 -0.000685063615814776 -2.65619185395123e-18  1.49586827070106e-18      1.99276769839559   0.00121182247242472  5.90578129408076e-17 -8.08913437289586e-17   0.00063635424719052
-1.91323918022067e-05 -5.08165621048607e-05  0.000752778807027371 -8.83990997759052e-19 -4.45461481882054e-19   0.00121182247242472       1.9987119972341  2.79100299155871e-16   1.8181320193477e-16 -0.000559861590525691
 4.44966114336835e-17 -1.55543184382226e-17  8.46514698576794e-17 -0.000690077072185179   0.00221282184848654  5.90578129408076e-17  2.79100299155871e-16   0.00806257582580389  1.59779846322556e-18  3.06371241226174e-19
-7.02952257049212e-18  7.18376812027928e-19 -1.31087217335556e-16   0.00221282184848692  0.000690077072184029 -8.08913437289586e-17   1.8181320193477e-16  1.59779846322556e-18   0.00806257582580375  4.12357476488243e-19
 6.08059914894725e-05  0.000302120600580921  0.000616923357374656  1.36128439258203e-16  8.06499066358512e-17   0.00063635424719052 -0.000559861590525691  3.06371241226174e-19  4.12357476488243e-19   0.00065300047138571
POPULATION (lambda : 0): 5.38773285069033
TOTAL ENERGY: -109.859866886465	 lambda: 0.1
1RDM (lambda : 0.1): 
     1.99995405288178 -4.50519149152326e-05  0.000616406387718118  7.76648468008346e-20 -8.26334656549676e-19 -3.60092829794459e-05 -0.000124442768785215  4.29582028729105e-17 -5.53689003939144e-18  -0.00914079656708472
-4.50519149152326e-05      1.99991194831799  0.000543694510507951 -2.82679994731101e-19  6.35336487517954e-19  0.000160941026627526 -0.000142878592429135 -1.46053508178695e-17  1.47880984716254e-18  -0.00871668115914217
 0.000616406387718118  0.000543694510507951      1.99070997484627  1.17484853406805e-19  -5.5714594565766e-18 -0.000852168503072052   0.00219341658595164  5.12331687400781e-17 -3.86604912448662e-17     0.130609508273037
 7.76648468008346e-20 -2.82679994731101e-19  1.17484853406805e-19      1.99384559283016   3.4857544628672e-17   2.7943828273764e-18 -5.62937547768867e-18    -0.019233489062845    0.0616746829912431 -7.34870388082316e-17
-8.26334656549676e-19  6.35336487517954e-19  -5.5714594565766e-18   3.4857544628672e-17      1.99384559283016 -1.00719876708108e-18 -9.47470677809686e-18    0.0616746829912425    0.0192334890628436  6.79926893790988e-17
-3.60092829794459e-05  0.000160941026627526 -0.000852168503072052   2.7943828273764e-18 -1.00719876708108e-18      1.99260524193636  0.000916416481730873  1.06833594763382e-16 -1.39012856410084e-16   0.00738597200882198
-0.000124442768785215 -0.000142878592429135   0.00219341658595164 -5.62937547768867e-18 -9.47470677809686e-18  0.000916416481730873      1.99841023121463  2.74800148895564e-16  1.96732619771984e-16   -0.0217098138678132
 4.29582028729105e-17 -1.46053508178695e-17  5.12331687400781e-17    -0.019233489062845    0.0616746829912425  1.06833594763382e-16  2.74800148895564e-16    0.0105313449724018 -5.33448970422028e-17  3.70617283538399e-18
-5.53689003939144e-18  1.47880984716254e-18 -3.86604912448662e-17    0.0616746829912431    0.0192334890628436 -1.39012856410084e-16  1.96732619771984e-16 -5.33448970422028e-17    0.0105313449724017 -6.48720120579876e-18
 -0.00914079656708472  -0.00871668115914217     0.130609508273037 -7.34870388082316e-17  6.79926893790988e-17   0.00738597200882198   -0.0217098138678132  3.70617283538399e-18 -6.48720120579876e-18   0.00965467519784202
POPULATION (lambda : 0.1): 6.50891012392871
TOTAL ENERGY: -109.693411605375	 lambda: 0.2
1RDM (lambda : 0.2): 
     1.99982875584158 -0.000166293952802572   0.00238621391250991  -1.7024199029397e-18 -1.78640544053917e-18  5.79854059283646e-05 -0.000440004253305581  4.13391487466642e-17 -4.17075833021225e-18   -0.0181075400548703
-0.000166293952802572      1.99979237314611   0.00225301150742996 -2.61368319868545e-18  1.17475636891172e-18  0.000263360302887186 -0.000440029577012328 -1.36099558003341e-17  2.10088168321379e-18   -0.0175150828789133
  0.00238621391250991   0.00225301150742996      1.96573718583053  2.67284141246461e-17 -9.28176942970114e-18  -0.00191675336584338   0.00658911686894221  1.67296657839543e-17   5.5226270392116e-17     0.256607875517302
 -1.7024199029397e-18 -2.61368319868545e-18  2.67284141246461e-17      1.98761869262515  1.31341833008502e-16  1.40003815101988e-17  -1.6081450634378e-17   -0.0376689976711422     0.120790537936723 -2.76076814760525e-16
-1.78640544053917e-18  1.17475636891172e-18 -9.28176942970114e-18  1.31341833008502e-16      1.98761869262515 -5.26560254874213e-18 -1.85615873908177e-17     0.120790537936726    0.0376689976711411  5.44088143833146e-17
 5.79854059283646e-05  0.000263360302887186  -0.00191675336584338  1.40003815101988e-17 -5.26560254874213e-18      1.99234863110486    0.0007303469687059  1.56331889569467e-16 -1.98064409492918e-16    0.0147056976510615
-0.000440004253305581 -0.000440029577012328   0.00658911686894221  -1.6081450634378e-17 -1.85615873908177e-17    0.0007303469687059      1.99754935363239  2.67252534093899e-16  2.12120367946051e-16   -0.0444668074744771
 4.13391487466642e-17 -1.36099558003341e-17  1.67296657839543e-17   -0.0376689976711422     0.120790537936726  1.56331889569467e-16  2.67252534093899e-16    0.0168448693626499 -2.86708725577805e-18  5.91012480321125e-18
-4.17075833021225e-18  2.10088168321379e-18   5.5226270392116e-17     0.120790537936723    0.0376689976711411 -1.98064409492918e-16  2.12120367946051e-16 -2.86708725577805e-18    0.0168448693626495 -1.47543121336246e-17
  -0.0181075400548703   -0.0175150828789133     0.256607875517302 -2.76076814760525e-16  5.44088143833146e-17    0.0147056976510615   -0.0444668074744771  5.91012480321125e-18 -1.47543121336246e-17     0.035816576468917
POPULATION (lambda : 0.2): 7.62049020657355
TOTAL ENERGY: -109.429784038344	 lambda: 0.3
1RDM (lambda : 0.3): 
     1.99962766464308 -0.000361429397465171   0.00517614150570411 -5.23275426200372e-18 -2.79046196540362e-18  0.000221025186116934 -0.000964354515830811  3.96246611721816e-17 -2.94964783165328e-18   -0.0265930200012204
-0.000361429397465171      1.99960138290118   0.00496088761804787 -6.56276876007949e-18  1.51954739392246e-18  0.000436286646861806  -0.00094010102885887 -1.25884880672896e-17  2.56868903166359e-18   -0.0258210264809679
  0.00517614150570411   0.00496088761804787      1.92706623267674  6.94444933495518e-17   -1.083529926164e-17  -0.00391420814801933    0.0138118258417961 -1.80129956418497e-17  1.50387202097528e-16     0.372621469419088
-5.23275426200372e-18 -6.56276876007949e-18  6.94444933495518e-17      1.97764844384649  3.54137857395085e-16   3.1132210944393e-17 -3.22445673413607e-17   -0.0558799872584037     0.179186442710894 -4.61925097865325e-16
-2.79046196540362e-18  1.51954739392246e-18   -1.083529926164e-17  3.54137857395085e-16      1.97764844384649 -1.13335280424341e-17 -2.75009759233082e-17     0.179186442710898    0.0558799872584011  4.08898422629674e-17
 0.000221025186116934  0.000436286646861806  -0.00391420814801933   3.1132210944393e-17 -1.13335280424341e-17      1.99198999153992  0.000679901781334803  2.07171433113887e-16 -2.57926629332259e-16    0.0222725869156628
-0.000964354515830811  -0.00094010102885887    0.0138118258417961 -3.22445673413607e-17 -2.75009759233082e-17  0.000679901781334803      1.99608489626017  2.56370387243243e-16  2.28102406686237e-16   -0.0672219329424163
 3.96246611721816e-17 -1.25884880672896e-17 -1.80129956418497e-17   -0.0558799872584037     0.179186442710898  2.07171433113887e-16  2.56370387243243e-16    0.0269232707433262 -1.51735631977716e-16  6.99417131226831e-18
-2.94964783165328e-18  2.56868903166359e-18  1.50387202097528e-16     0.179186442710894    0.0558799872584011 -2.57926629332259e-16  2.28102406686237e-16 -1.51735631977716e-16    0.0269232707433249 -2.36135027068899e-17
  -0.0265930200012204   -0.0258210264809679     0.372621469419088 -4.61925097865325e-16  4.08898422629674e-17    0.0222725869156628   -0.0672219329424163  6.99417131226831e-18 -2.36135027068899e-17    0.0764864027992728
POPULATION (lambda : 0.3): 8.67745295908061
TOTAL ENERGY: -109.090958272449	 lambda: 0.4
1RDM (lambda : 0.4): 
      1.9993615839933 -0.000619309590729741   0.00875893701609069 -1.01394316567773e-17 -3.81303372368235e-18  0.000448904542337783  -0.00166792243555531  3.78024614402367e-17 -1.86796904914809e-18   -0.0344393311809015
-0.000619309590729741      1.99935048344854   0.00843662882931628 -1.17485409666549e-17  1.68819925863621e-18  0.000673845401094242   -0.0016124738367539 -1.15551867044597e-17  2.87776145163002e-18   -0.0334615039720984
  0.00875893701609069   0.00843662882931628      1.87889975881107  1.21581675225104e-16 -1.05388716098308e-17  -0.00674163631076468    0.0232499583044122 -5.23048054139103e-17  2.46573910656082e-16     0.474727679309097
-1.01394316567773e-17 -1.17485409666549e-17  1.21581675225104e-16      1.96403896431153 -4.34352991439923e-16  5.40019776739081e-17 -5.31354260809749e-17   -0.0737926662457569     0.236625775915127  -6.2485285764064e-16
-3.81303372368235e-18  1.68819925863621e-18 -1.05388716098308e-17 -4.34352991439923e-16      1.96403896431153 -1.92780478493361e-17 -3.59988505145357e-17     0.236625775915124    0.0737926662457596  2.82873584674529e-17
 0.000448904542337783  0.000673845401094242  -0.00674163631076468  5.40019776739081e-17 -1.92780478493361e-17      1.99153871307112  0.000761270770124711  2.58885374540238e-16 -3.17646526543294e-16    0.0297011509119484
 -0.00166792243555531   -0.0016124738367539    0.0232499583044122 -5.31354260809749e-17 -3.59988505145357e-17  0.000761270770124711      1.99408522658223  2.42275718413132e-16  2.43271288101309e-16   -0.0885446052718255
 3.78024614402367e-17 -1.15551867044597e-17 -5.23048054139103e-17   -0.0737926662457569     0.236625775915124  2.58885374540238e-16  2.42275718413132e-16    0.0406716805876614  2.71731738063001e-16  7.27903188806518e-18
-1.86796904914809e-18  2.87776145163002e-18  2.46573910656082e-16     0.236625775915127    0.0737926662457596 -3.17646526543294e-16  2.43271288101309e-16  2.71731738063001e-16    0.0406716805876622  -3.2178958896571e-17
  -0.0344393311809015   -0.0334615039720984     0.474727679309097  -6.2485285764064e-16  2.82873584674529e-17    0.0297011509119484   -0.0885446052718255  7.27903188806518e-18  -3.2178958896571e-17     0.127342944295374
POPULATION (lambda : 0.4): 9.64784244644148
TOTAL ENERGY: -108.701058885921	 lambda: 0.5
1RDM (lambda : 0.5): 
     1.99904230036144 -0.000927794764463132    0.0128873860122653 -1.60200137162401e-17 -4.81930155994812e-18  0.000730750215159685  -0.00250514916110799  3.58714754449781e-17 -9.14418613574832e-19   -0.0415885737896163
-0.000927794764463132      1.99905207980237    0.0124300197737414 -1.77643706990808e-17  1.70959314383539e-18  0.000963640222190901  -0.00241077920267187  -1.0519319439528e-17  3.04892313571661e-18   -0.0403740736407108
   0.0128873860122653    0.0124300197737414      1.82570300910652  1.76078253065857e-16  -8.9179925346056e-18   -0.0101849737934096    0.0340526935386928 -8.56799960546871e-17   3.4328492597737e-16     0.561430457432006
-1.60200137162401e-17 -1.77643706990808e-17  1.76078253065857e-16      1.94689525839327 -4.39276218714024e-16  8.24034738365277e-17 -7.75944312397062e-17   -0.0913481096341153     0.292919588525851 -7.62713916382225e-16
-4.81930155994812e-18  1.70959314383539e-18  -8.9179925346056e-18 -4.39276218714024e-16      1.94689525839327 -2.91555418758027e-17 -4.37589912839883e-17     0.292919588525847    0.0913481096341165  1.71416953525053e-17
 0.000730750215159685  0.000963640222190901   -0.0101849737934096  8.24034738365277e-17 -2.91555418758027e-17      1.99101756388977  0.000940572620804962  3.11273267495663e-16  -3.7748204904925e-16    0.0366379491248704
 -0.00250514916110799  -0.00241077920267187    0.0340526935386928 -7.75944312397062e-17 -4.37589912839883e-17  0.000940572620804962      1.99169505543577  2.25002504669475e-16  2.58254313899817e-16    -0.107492708767104
 3.58714754449781e-17  -1.0519319439528e-17 -8.56799960546871e-17   -0.0913481096341153     0.292919588525847  3.11273267495663e-16  2.25002504669475e-16    0.0579946546879033 -2.66302125703243e-17  7.20027758261845e-18
-9.14418613574832e-19  3.04892313571661e-18   3.4328492597737e-16     0.292919588525851    0.0913481096341165  -3.7748204904925e-16  2.58254313899817e-16 -2.66302125703243e-17    0.0579946546879048 -3.97988538181397e-17
  -0.0415885737896163   -0.0403740736407108     0.561430457432006 -7.62713916382225e-16  1.71416953525053e-17    0.0366379491248704    -0.107492708767104  7.20027758261845e-18 -3.97988538181397e-17     0.183710165241799
POPULATION (lambda : 0.5): 10.5162267924812
TOTAL ENERGY: -108.281148840846	 lambda: 0.6
1RDM (lambda : 0.6): 
      1.9986805785506  -0.00127588073430288    0.0173421051052522 -2.25220793669789e-17 -5.77280035308717e-18    0.0010518521298983  -0.00342828832339056  3.38407875558229e-17 -6.75278308352754e-20   -0.0480616626695428
 -0.00127588073430288      1.99871727260212    0.0167208567177346 -2.42548041607103e-17   1.6137944787808e-18   0.00129000152016363  -0.00328699972766799   -9.482067168005e-18  3.10665550889309e-18   -0.0465818047310634
   0.0173421051052522    0.0167208567177346      1.77124051272272  2.27045150203113e-16 -6.53256071353958e-18   -0.0139817397949566    0.0453916859791042 -1.17893858180326e-16  4.39797145555722e-16     0.633193292074076
-2.25220793669789e-17 -2.42548041607103e-17  2.27045150203113e-16      1.92633685751772  7.13644867297532e-16  1.15915901956601e-16 -1.04334146164596e-16    -0.108479445756954     0.347853444950355 -8.76534651164032e-16
-5.77280035308717e-18   1.6137944787808e-18 -6.53256071353958e-18  7.13644867297532e-16      1.92633685751772 -4.10028150320621e-17 -5.04182662923154e-17     0.347853444950358     0.108479445756952  7.65275204815625e-18
   0.0010518521298983   0.00129000152016363   -0.0139817397949566  1.15915901956601e-16 -4.10028150320621e-17      1.99045469123737   0.00116618916494914  3.63842826452077e-16 -4.36975687950221e-16    0.0428311312083395
 -0.00342828832339056  -0.00328699972766799    0.0453916859791042 -1.04334146164596e-16 -5.04182662923154e-17   0.00116618916494914      1.98907840267046  2.04659301418869e-16  2.72593397109889e-16    -0.123669307247725
 3.38407875558229e-17   -9.482067168005e-18 -1.17893858180326e-16    -0.108479445756954     0.347853444950358  3.63842826452077e-16  2.04659301418869e-16    0.0787805115787753 -2.86447687215875e-16  7.15354057571946e-18
-6.75278308352754e-20  3.10665550889309e-18  4.39797145555722e-16     0.347853444950355     0.108479445756952 -4.36975687950221e-16  2.72593397109889e-16 -2.86447687215875e-16    0.0787805115787734 -4.60258002686891e-17
  -0.0480616626695428   -0.0465818047310634     0.633193292074076 -8.76534651164032e-16  7.65275204815625e-18    0.0428311312083395    -0.123669307247725  7.15354057571946e-18 -4.60258002686891e-17     0.241593804023787
POPULATION (lambda : 0.6): 11.2812264277148
TOTAL ENERGY: -107.846998077981	 lambda: 0.7
1RDM (lambda : 0.7): 
     1.99828523227586  -0.00165463809869923    0.0219535686524639 -2.93766326178048e-17  -6.6413968453551e-18   0.00139680782081226  -0.00439658046354327  3.17282059822147e-17  6.95355990093175e-19    -0.053925062415942
 -0.00165463809869923      1.99835495059092    0.0211408270226804 -3.09495015377211e-17  1.42589482286113e-18   0.00163720574321266  -0.00420058659117588 -8.43958520492466e-18  3.07536485691631e-18   -0.0521558375602754
