TOTAL ENERGY: -112.503770741567	 lambda: -1
1RDM (lambda : -1): 
     1.99721739937666  -0.00305848498795505    0.0302486932168519 -3.85389511059258e-18 -2.85683538400438e-17  0.000368312916857971   0.00664766917817329 -2.56847201739016e-18  5.17561056525702e-18    -0.067697152086568
 -0.00305848498795505      1.99661430914123    0.0332912398974975 -1.13937498389856e-18  -2.7604498673345e-17  0.000203020779790835   0.00745649174630079  8.17494150458561e-18 -8.74515178712257e-18   -0.0744609423965322
   0.0302486932168519    0.0332912398974975      1.67066471788719   4.7065465339044e-18  1.42053762990718e-16   -0.0026768729796283   -0.0732737968412661 -5.40147913888305e-16  2.22107131401962e-16     0.736533748728156
-3.85389511059258e-18 -1.13937498389856e-18   4.7065465339044e-18      1.86148058611343 -1.10806377718086e-15  1.62582169861836e-17  2.36063323488571e-17     0.119563165987705     0.490736931769288 -6.80028576296277e-17
-2.85683538400438e-17  -2.7604498673345e-17  1.42053762990718e-16 -1.10806377718086e-15      1.86148058611343   2.2030065738725e-17   3.0334616294866e-17    -0.490736931769281     0.119563165987707 -6.88858511771381e-16
 0.000368312916857971  0.000203020779790835   -0.0026768729796283  1.62582169861836e-17   2.2030065738725e-17      1.99477259629106   0.00333835338567884  5.47988902157027e-17 -7.58486643936442e-17   0.00749840982100633
  0.00664766917817329   0.00745649174630079   -0.0732737968412661  2.36063323488571e-17   3.0334616294866e-17   0.00333835338567884      1.98029683245695 -1.43150198391667e-16 -2.73781640042242e-17     0.162697591458971
-2.56847201739016e-18  8.17494150458561e-18 -5.40147913888305e-16     0.119563165987705    -0.490736931769281  5.47988902157027e-17 -1.43150198391667e-16     0.142846667721247 -1.36579063522989e-16 -6.01927638438894e-17
 5.17561056525702e-18 -8.74515178712257e-18  2.22107131401962e-16     0.490736931769288     0.119563165987707 -7.58486643936442e-17 -2.73781640042242e-17 -1.36579063522989e-16     0.142846667721251  2.82673759938052e-17
   -0.067697152086568   -0.0744609423965322     0.736533748728156 -6.80028576296277e-17 -6.88858511771381e-16   0.00749840982100633     0.162697591458971 -6.01927638438894e-17  2.82673759938052e-17     0.351779637177574
POPULATION (lambda : -1): -0.85625005908342
TOTAL ENERGY: -112.781455316664	 lambda: -0.9
1RDM (lambda : -0.9): 
     1.99764527219588  -0.00260038158584523    0.0264098607345844  -3.1252096843313e-18 -2.51996588832742e-17  0.000357447269116469   0.00589821262435912 -3.54700278906633e-18  4.93587617511168e-18   -0.0629205114788608
 -0.00260038158584523      1.99710359106056     0.029207683672973 -8.41798459918263e-19 -2.41381692352999e-17  0.000190876887770205   0.00666097432118228  8.14221116564565e-18 -8.27720608956544e-18   -0.0695384937882733
   0.0264098607345844     0.029207683672973      1.70324191628232    4.106177715204e-18  1.32513353254135e-16  -0.00259797540119636   -0.0672101463474818 -5.13675712729592e-16  2.06047786772557e-16     0.706402774279093
 -3.1252096843313e-18 -8.41798459918263e-19    4.106177715204e-18         1.88187955467   1.1069262257183e-16  1.14979772900556e-17  2.24063269369846e-17     0.110824210344295     0.454868625388798 -5.96182169605938e-17
-2.51996588832742e-17 -2.41381692352999e-17  1.32513353254135e-16   1.1069262257183e-16         1.88187955467  2.13424188031157e-17  2.92163780931316e-17      -0.4548686253888     0.110824210344295 -6.59082414535956e-16
 0.000357447269116469  0.000190876887770205  -0.00259797540119636  1.14979772900556e-17  2.13424188031157e-17      1.99458212410147   0.00334008584942279  6.18891367070442e-17 -6.36867454817402e-17   0.00795079932909419
  0.00589821262435912   0.00666097432118228   -0.0672101463474818  2.24063269369846e-17  2.92163780931316e-17   0.00334008584942279      1.98146914947928 -1.38521932942556e-16 -3.30551997977367e-17     0.158600848946387
-3.54700278906633e-18  8.14221116564565e-18 -5.13675712729592e-16     0.110824210344295      -0.4548686253888  6.18891367070442e-17 -1.38521932942556e-16     0.122509918503153 -1.78951249340587e-16  -5.8215699310677e-17
 4.93587617511168e-18 -8.27720608956544e-18  2.06047786772557e-16     0.454868625388798     0.110824210344295 -6.36867454817402e-17 -3.30551997977367e-17 -1.78951249340587e-16     0.122509918503152  2.52089328079972e-17
  -0.0629205114788608   -0.0695384937882733     0.706402774279093 -5.96182169605938e-17 -6.59082414535956e-16   0.00795079932909419     0.158600848946387  -5.8215699310677e-17  2.52089328079972e-17     0.317179000534217
POPULATION (lambda : -0.9): -0.563541757800009
TOTAL ENERGY: -113.073394137244	 lambda: -0.8
1RDM (lambda : -0.8): 
     1.99805437719946  -0.00215944263518202    0.0225200716150782 -2.42098183244512e-18 -2.17550042830944e-17  0.000339158744936418   0.00511802782276976 -4.60338500323765e-18  4.68292841803484e-18    -0.057824687884473
 -0.00215944263518202      1.99757754210068    0.0250359664300892 -5.49538491227217e-19 -2.06049238756223e-17  0.000171061735239748   0.00582493001737117   8.0942640229995e-18 -7.77064602597105e-18    -0.064235674254034
   0.0225200716150782    0.0250359664300892       1.7387386196292   3.3244354695457e-18  1.20324778960482e-16  -0.00243144737275828   -0.0603429642095558  -4.8447489479273e-16  1.87807536637875e-16     0.670118524615016
-2.42098183244512e-18 -5.49538491227217e-19   3.3244354695457e-18      1.90187163482125   2.7944553915775e-16  7.29323753998658e-18  2.06271522523932e-17     0.101284109983339      0.41571208832385 -5.02247744210391e-17
-2.17550042830944e-17 -2.06049238756223e-17  1.20324778960482e-16   2.7944553915775e-16      1.90187163482125  2.03580037138713e-17  2.73744198274573e-17    -0.415712088323851     0.101284109983338 -6.23589412366921e-16
 0.000339158744936418  0.000171061735239748  -0.00243144737275828  7.29323753998658e-18  2.03580037138713e-17      1.99439562695519   0.00334248993720752  6.92814682220385e-17 -5.15758378988129e-17    0.0083036220869841
  0.00511802782276976   0.00582493001737117   -0.0603429642095558  2.06271522523932e-17  2.73744198274573e-17   0.00334248993720752      1.98285902248821 -1.33130654449783e-16 -3.78550307600704e-17     0.153136425109476
-4.60338500323765e-18   8.0942640229995e-18  -4.8447489479273e-16     0.101284109983339    -0.415712088323851  6.92814682220385e-17 -1.33130654449783e-16     0.102574292703024  1.34452792586044e-16 -5.55477586771994e-17
 4.68292841803484e-18 -7.77064602597105e-18  1.87807536637875e-16      0.41571208832385     0.101284109983338 -5.15758378988129e-17 -3.78550307600704e-17  1.34452792586044e-16     0.102574292703023  2.17867182843274e-17
   -0.057824687884473    -0.064235674254034     0.670118524615016 -5.02247744210391e-17 -6.23589412366921e-16    0.0083036220869841     0.153136425109476 -5.55477586771994e-17  2.17867182843274e-17     0.279482956578761
POPULATION (lambda : -0.8): -0.219533020452198
TOTAL ENERGY: -113.377185067169	 lambda: -0.7
1RDM (lambda : -0.7): 
     1.99844121252671  -0.00173939068712592    0.0186176045651475 -1.75407904148083e-18 -1.82619640914909e-17   0.00031306317272006   0.00431158132071927   -5.744042041251e-18  4.41769264566253e-18   -0.0523572490611769
 -0.00173939068712592      1.99803220706714    0.0208129783522993 -2.68750996868317e-19 -1.70380949771027e-17  0.000143120263838987   0.00495169811797009  8.02285022417199e-18 -7.21826559920593e-18   -0.0584823978955825
   0.0186176045651475    0.0208129783522993      1.77699518749644  2.34649440015605e-18  1.05334556845536e-16  -0.00216655076948962   -0.0526387008072984 -4.52328750986645e-16  1.67134662684987e-16     0.626284560697872
-1.75407904148083e-18 -2.68750996868317e-19  2.34649440015605e-18      1.92107591246061 -4.34202259182648e-16  3.71657998790835e-18   1.8316313664634e-17    0.0909196445535935     0.373172014376612 -3.96647610262591e-17
-1.82619640914909e-17 -1.70380949771027e-17  1.05334556845536e-16 -4.34202259182648e-16      1.92107591246062  1.90321106735272e-17  2.47302186135037e-17    -0.373172014376606    0.0909196445535942 -5.81155279202966e-16
  0.00031306317272006  0.000143120263838987  -0.00216655076948962  3.71657998790835e-18  1.90321106735272e-17      1.99421631603728   0.00334728832057221   7.6963383113364e-17 -3.96220375570517e-17   0.00850879474641992
  0.00431158132071927   0.00495169811797009   -0.0526387008072984   1.8316313664634e-17  2.47302186135037e-17   0.00334728832057221      1.98448805628546 -1.26878696417984e-16 -4.16543722076152e-17     0.145882710235423
  -5.744042041251e-18  8.02285022417199e-18 -4.52328750986645e-16    0.0909196445535935    -0.373172014376606   7.6963383113364e-17 -1.26878696417984e-16    0.0834207856576217  1.43438339942754e-16 -5.20324170345826e-17
 4.41769264566253e-18 -7.21826559920593e-18  1.67134662684987e-16     0.373172014376612    0.0909196445535942 -3.96220375570517e-17 -4.16543722076152e-17  1.43438339942754e-16    0.0834207856576241  1.80292199273299e-17
  -0.0523572490611769   -0.0584823978955825     0.626284560697872 -3.96647610262591e-17 -5.81155279202966e-16   0.00850879474641992     0.145882710235423 -5.20324170345826e-17  1.80292199273299e-17       0.2388336243505
POPULATION (lambda : -0.7): 0.186272480822693
TOTAL ENERGY: -113.688328388373	 lambda: -0.6
1RDM (lambda : -0.6): 
     1.99880136967147   -0.0013450776329573    0.0147616793871197 -1.14092751629429e-18 -1.47662350293362e-17  0.000279255726668963   0.00348831103454691 -6.97584394380472e-18  4.14183155479333e-18   -0.0464585745656092
  -0.0013450776329573      1.99846224081193    0.0165996906238578 -8.51036910712383e-21  -1.3491936355006e-17  0.000107056234941307    0.0040501638681726  7.91635775177503e-18 -6.61202763166504e-18    -0.052197630971292
   0.0147616793871197    0.0165996906238578      1.81751485575913  1.18006383360092e-18  8.76328289836727e-17  -0.00179862449111032   -0.0441328190267877 -4.17021862839095e-16  1.43806415745039e-16     0.573284640929526
-1.14092751629429e-18 -8.51036910712383e-21  1.18006383360092e-18      1.93905515863849 -3.50710953294434e-16  8.26394900224876e-19  1.55887693871703e-17    0.0797290339615737     0.327241096366836 -2.77583337429931e-17
-1.47662350293362e-17  -1.3491936355006e-17  8.76328289836727e-17 -3.50710953294434e-16      1.93905515863849  1.73222669077034e-17  2.12527359293073e-17    -0.327241096366829     0.079729033961574 -5.30379725474931e-16
 0.000279255726668963  0.000107056234941307  -0.00179862449111032  8.26394900224876e-19  1.73222669077034e-17      1.99404707168255    0.0033554133230323  8.49134355955196e-17 -2.79101388115917e-17    0.0085038311806295
  0.00348831103454691    0.0040501638681726   -0.0441328190267877  1.55887693871703e-17  2.12527359293073e-17    0.0033554133230323       1.9863648971666 -1.19716835345628e-16 -4.44865672757609e-17      0.13631250093469
-6.97584394380472e-18  7.91635775177503e-18 -4.17021862839095e-16    0.0797290339615737    -0.327241096366829  8.49134355955196e-17 -1.19716835345628e-16    0.0654869879192887  2.55271258126968e-16 -4.75107671198904e-17
 4.14183155479333e-18 -6.61202763166504e-18  1.43806415745039e-16     0.327241096366836     0.079729033961574 -2.79101388115917e-17 -4.44865672757609e-17  2.55271258126968e-16    0.0654869879192913  1.40130326957919e-17
  -0.0464585745656092    -0.052197630971292     0.573284640929526 -2.77583337429931e-17 -5.30379725474931e-16    0.0085038311806295      0.13631250093469 -4.75107671198904e-17  1.40130326957919e-17     0.195725271792773
POPULATION (lambda : -0.6): 0.665985062248147
TOTAL ENERGY: -113.999268045761	 lambda: -0.5
1RDM (lambda : -0.5): 
     1.99912925180865  -0.00098287166704173    0.0110403532216714 -6.02635227933012e-19 -1.13388179421005e-17  0.000238688189550134   0.00266532116408565 -8.30567851305223e-18  3.85876731213928e-18   -0.0400659578785801
 -0.00098287166704173      1.99886039567959     0.012491256091836  2.17962448071245e-19 -1.00502282649235e-17  6.37090642081232e-05   0.00313808954199298   7.7588310869035e-18 -5.94426697686483e-18   -0.0452940654397258
   0.0110403532216714     0.012491256091836      1.85928489286785 -1.12467673055873e-19  6.77147133770233e-17  -0.00133559553169351   -0.0349824433357207 -3.78364702035035e-16  1.17608725144924e-16     0.509374559321382
-6.02635227933012e-19  2.17962448071245e-19 -1.12467673055873e-19      1.95532950583037  8.15607724497719e-17 -1.31520558871447e-18  1.25898221170535e-17    0.0677391107729314     0.278029467857403 -1.43184209245344e-17
-1.13388179421005e-17 -1.00502282649235e-17  6.77147133770233e-17  8.15607724497719e-17      1.95532950583037  1.51920249599102e-17  1.70037156961543e-17    -0.278029467857404    0.0677391107729312 -4.69772204513569e-16
 0.000238688189550134  6.37090642081232e-05  -0.00133559553169351 -1.31520558871447e-18  1.51920249599102e-17      1.99388931951448   0.00336544183206032  9.30441519325404e-17  -1.6607994674921e-17   0.00821247895288026
  0.00266532116408565   0.00313808954199298   -0.0349824433357207  1.25898221170535e-17  1.70037156961543e-17   0.00336544183206032      1.98847137629572 -1.11619990973516e-16 -4.63652830420026e-17     0.123798074198408
-8.30567851305223e-18   7.7588310869035e-18 -3.78364702035035e-16    0.0677391107729314    -0.278029467857404  9.30441519325404e-17 -1.11619990973516e-16    0.0492534286045701 -2.12542600686756e-17 -4.18492990136521e-17
 3.85876731213928e-18 -5.94426697686483e-18  1.17608725144924e-16     0.278029467857403    0.0677391107729312  -1.6607994674921e-17 -4.63652830420026e-17 -2.12542600686756e-17    0.0492534286045699  9.88515141788338e-18
  -0.0400659578785801   -0.0452940654397258     0.509374559321382 -1.43184209245344e-17 -4.69772204513569e-16   0.00821247895288026     0.123798074198408 -4.18492990136521e-17  9.88515141788338e-18     0.151198894963842
POPULATION (lambda : -0.5): 1.23274931618915
TOTAL ENERGY: -114.29831617903	 lambda: -0.4
1RDM (lambda : -0.4): 
     1.99941780971295 -0.000661043472810305   0.00757849019981815 -1.65039615796524e-19 -8.08357769747564e-18  0.000193677147330557   0.00187067402513742  -9.7413675194755e-18  3.57153999662751e-18    -0.033123051214201
-0.000661043472810305      1.99921699157631   0.00862777246201298   3.9200864174413e-19 -6.83525695663686e-18  1.52742735583011e-05   0.00224632715393245  7.53020527614835e-18 -5.20867099468301e-18   -0.0376897445798194
  0.00757849019981815   0.00862777246201298      1.90057503159446 -1.40288238384028e-18  4.66715734816816e-17 -0.000807200115879722   -0.0255354400016957 -3.36181884439862e-16   8.8433324479832e-17     0.432906291221076
-1.65039615796524e-19   3.9200864174413e-19 -1.40288238384028e-18       1.9694003180124 -3.67376346433408e-18 -2.67980189820557e-18   9.5124748585739e-18    0.0550123985343712     0.225793748770768  8.24476285870068e-19
-8.08357769747564e-18 -6.83525695663686e-18  4.66715734816816e-17 -3.67376346433408e-18       1.9694003180124  1.26393686881942e-17  1.22197852217868e-17    -0.225793748770768    0.0550123985343713 -3.97951609070395e-16
 0.000193677147330557  1.52742735583011e-05 -0.000807200115879722 -2.67980189820557e-18  1.26393686881942e-17       1.9937412780277   0.00337107732537477  1.01314031414351e-16 -5.83354587740589e-18   0.00755234553690441
  0.00187067402513742   0.00224632715393245   -0.0255354400016957   9.5124748585739e-18  1.22197852217868e-17   0.00337107732537477      1.99074204504185 -1.02513772597273e-16 -4.74000903764347e-17     0.107652880534206
 -9.7413675194755e-18  7.53020527614835e-18 -3.36181884439862e-16    0.0550123985343712    -0.225793748770768  1.01314031414351e-16 -1.02513772597273e-16    0.0352196554994197 -5.36875215529436e-18 -3.49673393444711e-17
 3.57153999662751e-18 -5.20867099468301e-18   8.8433324479832e-17     0.225793748770768    0.0550123985343713 -5.83354587740589e-18 -4.74000903764347e-17 -5.36875215529436e-18    0.0352196554994198  5.89831112215708e-18
   -0.033123051214201   -0.0376897445798194     0.432906291221076  8.24476285870068e-19 -3.97951609070395e-16   0.00755234553690441     0.107652880534206 -3.49673393444711e-17  5.89831112215708e-18     0.107066897023134
POPULATION (lambda : -0.4): 1.89925219010733
TOTAL ENERGY: -114.568847550225	 lambda: -0.3
1RDM (lambda : -0.3): 
     1.99965845048643 -0.000389958337429981   0.00454214084183484  1.41081165933396e-19 -5.14123369291011e-18  0.000148398777096618   0.00114644415748102 -1.12895763813858e-17  3.28216480551612e-18   -0.0255969059902051
-0.000389958337429981      1.99951960975703   0.00520134783937222  4.88864397607523e-19 -4.01360981616393e-18 -3.41702871843531e-05   0.00142294980537617  7.20625495145022e-18 -4.40370684183761e-18    -0.029329907459849
  0.00454214084183484   0.00520134783937222      1.93878507445915 -2.47184252710735e-18  2.63389708200171e-17 -0.000274583153895328   -0.0164012701218907 -2.90365602062007e-16  5.63392620537626e-17     0.342743166519234
 1.41081165933396e-19  4.88864397607523e-19 -2.47184252710735e-18       1.9807855713572 -3.34365139646075e-17 -3.25543408030325e-18  6.60213891716528e-18    0.0416522286669405     0.170958060639671  1.77761510677623e-17
-5.14123369291011e-18 -4.01360981616393e-18  2.63389708200171e-17 -3.34365139646075e-17       1.9807855713572  9.69325889551814e-18  7.35947920890771e-18    -0.170958060639675    0.0416522286669417 -3.14012884530402e-16
 0.000148398777096618 -3.41702871843531e-05 -0.000274583153895328 -3.25543408030325e-18  9.69325889551814e-18      1.99359584578408   0.00335806836556128  1.09630427661812e-16  4.26874811706169e-18   0.00645555634627698
  0.00114644415748102   0.00142294980537617   -0.0164012701218907  6.60213891716528e-18  7.35947920890771e-18   0.00335806836556128      1.99303922336376 -9.23507323417441e-17 -4.78549423904465e-17    0.0872370806345442
-1.12895763813858e-17  7.20625495145022e-18 -2.90365602062007e-16    0.0416522286669405    -0.170958060639675  1.09630427661812e-16 -9.23507323417441e-17    0.0238686426916364 -1.84669174594226e-16 -2.69134386754615e-17
 3.28216480551612e-18 -4.40370684183761e-18  5.63392620537626e-17     0.170958060639671    0.0416522286669417  4.26874811706169e-18 -4.78549423904465e-17 -1.84669174594226e-16     0.023868642691636  2.41765606578711e-18
  -0.0255969059902051    -0.029329907459849     0.342743166519234  1.77761510677623e-17 -3.14012884530402e-16   0.00645555634627698    0.0872370806345442 -2.69134386754615e-17  2.41765606578711e-18    0.0660933680518733
POPULATION (lambda : -0.3): 2.67486141085969
TOTAL ENERGY: -114.789545542981	 lambda: -0.2
1RDM (lambda : -0.2): 
     1.99984138975296 -0.000181721168830459   0.00213273871130568  2.81593468432913e-19 -2.68476251820297e-18   0.00010896440767084  0.000549573614102741 -1.29544217020758e-17  2.98899252996355e-18   -0.0175026694170531
-0.000181721168830459      1.99975346370638   0.00245117571750203  4.78213030486402e-19 -1.79125750191405e-18 -7.85481620975425e-05  0.000734872459600966  6.76219066749298e-18 -3.53646313665746e-18   -0.0202196418858509
  0.00213273871130568   0.00245117571750203      1.97048367822905 -3.00814376061725e-18  9.29303386077305e-18  0.000166942115680062  -0.00848476647272933   -2.409064860491e-16  2.16364516505805e-17     0.238872838447355
 2.81593468432913e-19  4.78213030486402e-19 -3.00814376061725e-18      1.98906523663543 -1.15814137573324e-16 -3.05774879256306e-18  4.11594476095635e-18    0.0278025049837956     0.114113037867073  3.65058769992387e-17
-2.68476251820297e-18 -1.79125750191405e-18  9.29303386077305e-18 -1.15814137573324e-16      1.98906523663543  6.42871753010674e-18  3.13547340649723e-18    -0.114113037867069    0.0278025049837967 -2.18058637876394e-16
  0.00010896440767084 -7.85481620975425e-05  0.000166942115680062 -3.05774879256306e-18  6.42871753010674e-18      1.99343917274075   0.00330236292181652   1.1789444159583e-16   1.3537509696388e-17   0.00490638728838237
 0.000549573614102741  0.000734872459600966  -0.00848476647272933  4.11594476095635e-18  3.13547340649723e-18   0.00330236292181652      1.99513288135284   -8.109514143469e-17 -4.79416978790574e-17     0.062148542949289
-1.29544217020758e-17  6.76219066749298e-18   -2.409064860491e-16    0.0278025049837956    -0.114113037867069   1.1789444159583e-16   -8.109514143469e-17    0.0156209633150093  2.58692121034068e-18 -1.79294744066264e-17
 2.98899252996355e-18 -3.53646313665746e-18  2.16364516505805e-17     0.114113037867073    0.0278025049837967   1.3537509696388e-17 -4.79416978790574e-17  2.58692121034068e-18    0.0156209633150099 -8.78480902425152e-20
  -0.0175026694170531   -0.0202196418858509     0.238872838447355  3.65058769992387e-17 -2.18058637876394e-16   0.00490638728838237     0.062148542949289 -1.79294744066264e-17 -8.78480902425152e-20    0.0319770143171415
POPULATION (lambda : -0.2): 3.56125420620212
TOTAL ENERGY: -114.93672309067	 lambda: -0.1
1RDM (lambda : -0.1): 
     1.99995675472014 -4.88522163388793e-05  0.000563353031072565  2.22810515546594e-19 -8.98675618395463e-19  8.24422645016045e-05  0.000147512405236469   -1.473377472639e-17  2.68329454468382e-18  -0.00893003638298787
-4.88522163388793e-05      1.99990300452783  0.000636295376511189  3.27502361681858e-19  -3.8943945779609e-19 -0.000110754844282165  0.000263066469090957  6.17819531582178e-18 -2.62682847444441e-18   -0.0104600367084178
 0.000563353031072565  0.000636295376511189      1.99181928022075 -2.65061702914479e-18 -1.47747161275365e-18  0.000403802997927005  -0.00291950141260591 -1.87976591178636e-16 -1.49808033055082e-17     0.123079139317637
 2.22810515546594e-19  3.27502361681858e-19 -2.65061702914479e-18        1.993928792135  -4.4882149705467e-17 -2.14122973030964e-18  2.30675447084235e-18    0.0136376572349656    0.0559746140926441  5.67726607247653e-17
-8.98675618395463e-19  -3.8943945779609e-19 -1.47747161275365e-18  -4.4882149705467e-17        1.993928792135  2.95392117085536e-18  4.64478489103914e-19   -0.0559746140926421    0.0136376572349662 -1.11770306248756e-16
 8.24422645016045e-05 -0.000110754844282165  0.000403802997927005 -2.14122973030964e-18  2.95392117085536e-18        1.993251844546   0.00317303921946415  1.26052578468992e-16  2.19026319753123e-17   0.00298800409608141
 0.000147512405236469  0.000263066469090957  -0.00291950141260591  2.30675447084235e-18  4.64478489103914e-19   0.00317303921946415      1.99670463136932 -6.86512578898256e-17 -4.78370048196547e-17    0.0324827423800922
  -1.473377472639e-17  6.17819531582178e-18 -1.87976591178636e-16    0.0136376572349656   -0.0559746140926421  1.26052578468992e-16 -6.86512578898256e-17    0.0107867797475705  1.41589368000313e-17 -8.50226735639839e-18
 2.68329454468382e-18 -2.62682847444441e-18 -1.49808033055082e-17    0.0559746140926441    0.0136376572349662  2.19026319753123e-17 -4.78370048196547e-17  1.41589368000313e-17     0.010786779747571 -1.12292942987842e-18
 -0.00893003638298787   -0.0104600367084178     0.123079139317637  5.67726607247653e-17 -1.11770306248756e-16   0.00298800409608141    0.0324827423800922 -8.50226735639839e-18 -1.12292942987842e-18     0.008933340850799
POPULATION (lambda : -0.1): 4.54739687194605
TOTAL ENERGY: -114.989215670174	 lambda: 0
1RDM (lambda : 0): 
     1.99999651033834 -1.85591102970642e-06  1.45552506890975e-05 -6.27519272195156e-20  5.97429266332423e-20  7.44719480435809e-05  6.24309867712207e-06 -1.66147929576351e-17  2.34833046622759e-18  -5.7198918750013e-05
-1.85591102970642e-06      1.99995496594469 -1.81489131187716e-05  8.32936188306104e-21  2.01182493625296e-21 -0.000125122269407949  8.80922480769306e-05  5.44734657852805e-18 -1.70933482693094e-18 -0.000268925457996273
 1.45552506890975e-05 -1.81489131187716e-05       1.9993832643239 -1.06958837667189e-18 -3.28971789326566e-18  0.000345830464811549 -0.000846809193681063 -1.32022483859507e-16 -5.24401306991026e-17 -0.000675279006097529
-6.27519272195156e-20  8.32936188306104e-21 -1.06958837667189e-18      1.99520832305308  4.49389758585467e-18 -5.83942259040534e-19  1.38926472349195e-18 -0.000659578135681137  -0.00270718286869554  7.80744561526787e-17
 5.97429266332423e-20  2.01182493625296e-21 -3.28971789326566e-18  4.49389758585467e-18      1.99520832305308 -6.35099026645483e-19  2.63642537492443e-19   0.00270718286869574 -0.000659578135680297  1.28567005321136e-18
 7.44719480435809e-05 -0.000125122269407949  0.000345830464811549 -5.83942259040534e-19 -6.35099026645483e-19      1.99301436357398   0.00294302846865634   1.3403809805185e-16  2.93303847225507e-17  0.000909121454128357
 6.24309867712207e-06  8.80922480769306e-05 -0.000846809193681063  1.38926472349195e-18  2.63642537492443e-19   0.00294302846865634      1.99739857579436 -5.50043439646184e-17 -4.75944464971551e-17 -0.000933716831896594
-1.66147929576351e-17  5.44734657852805e-18 -1.32022483859507e-16 -0.000659578135681137   0.00270718286869574   1.3403809805185e-16 -5.50043439646184e-17    0.0095328439132111  1.57110581997327e-17  6.50091768906419e-19
 2.34833046622759e-18 -1.70933482693094e-18 -5.24401306991026e-17  -0.00270718286869554 -0.000659578135680297  2.93303847225507e-17 -4.75944464971551e-17  1.57110581997327e-17    0.0095328439132113 -3.27990538036675e-19
 -5.7198918750013e-05 -0.000268925457996273 -0.000675279006097529  7.80744561526787e-17  1.28567005321136e-18  0.000909121454128357 -0.000933716831896594  6.50091768906419e-19 -3.27990538036675e-19  0.000769986092133064
POPULATION (lambda : 0): 5.60628343446121
TOTAL ENERGY: -114.934633402484	 lambda: 0.1
1RDM (lambda : 0.1): 
     1.99995668667495 -4.63240454080424e-05  0.000581666457243886 -5.89721643525981e-19  1.06802014206625e-19  8.63022739435602e-05  0.000172342517386369 -1.85715380071965e-17  1.96146290201727e-18   0.00886483447175643
-4.63240454080424e-05      1.99990204742631  0.000612724658504126 -4.95526582409332e-19 -7.18542339016617e-19 -0.000120526643891588  0.000267802158651749  4.58257112919846e-18 -8.28261897056481e-19    0.0100373420758003
 0.000581666457243886  0.000612724658504126      1.99129853345956  1.91584880961834e-18  5.31174133611286e-18  -2.1304317415571e-05  -0.00306937939864003 -7.38039014960386e-17 -8.94188292121894e-17    -0.126584601499237
-5.89721643525981e-19 -4.95526582409332e-19  1.91584880961834e-18      1.99287779572371   4.0730652358872e-17  1.51789570827116e-18  1.49908298659688e-18   -0.0149277408228839   -0.0612696533944354  9.96701492061133e-17
 1.06802014206625e-19 -7.18542339016617e-19  5.31174133611286e-18   4.0730652358872e-17      1.99287779572371 -4.30417440007135e-18  3.15831290197027e-18    0.0612696533944381   -0.0149277408228827  1.15984882879951e-16
 8.63022739435602e-05 -0.000120526643891588  -2.1304317415571e-05  1.51789570827116e-18 -4.30417440007135e-18      1.99271580420814   0.00260465907487726  1.41817763418855e-16  3.58818534167066e-17  -0.00102890877622276
 0.000172342517386369  0.000267802158651749  -0.00306937939864003  1.49908298659688e-18  3.15831290197027e-18   0.00260465907487726      1.99692260017967 -4.02200971993004e-17  -4.7036239090895e-17   -0.0365032513315153
-1.85715380071965e-17  4.58257112919846e-18 -7.38039014960386e-17   -0.0149277408228839    0.0612696533944381  1.41817763418855e-16 -4.02200971993004e-17    0.0118845977251586 -7.06301231067859e-18  8.71688061519487e-18
 1.96146290201727e-18 -8.28261897056481e-19 -8.94188292121894e-17   -0.0612696533944354   -0.0149277408228827  3.58818534167066e-17  -4.7036239090895e-17 -7.06301231067859e-18    0.0118845977251584  2.33668693766326e-18
  0.00886483447175643    0.0100373420758003    -0.126584601499237  9.96701492061133e-17  1.15984882879951e-16  -0.00102890877622276   -0.0365032513315153  8.71688061519487e-18  2.33668693766326e-18   0.00967954115363777
POPULATION (lambda : 0.1): 6.69662845793148
TOTAL ENERGY: -114.773834750644	 lambda: 0.2
1RDM (lambda : 0.2): 
     1.99983880715506  -0.00018100829809518   0.00223954728228183 -1.35549741504633e-18 -7.36696958428947e-19  0.000113360488295639  0.000656866625986557 -2.05664974008349e-17  1.50124213584194e-18    0.0175619398384165
 -0.00018100829809518      1.99974539129381   0.00250766497649829 -1.18189071129076e-18 -2.52641252023661e-18  -0.00010188409078307  0.000817037114725368  3.61712293365232e-18 -2.62331090164323e-20    0.0201080224796365
  0.00223954728228183   0.00250766497649829      1.96797571396186  6.24363168458955e-18  2.39046841335753e-17  -0.00061202067009095  -0.00973758524451452 -1.43398942836824e-17 -1.24640525084807e-16     -0.24818230119612
-1.35549741504633e-18 -1.18189071129076e-18  6.24363168458955e-18      1.98701268396056 -1.24572709369321e-17  4.06754315847266e-18  2.67869377812657e-18   -0.0290502260510857    -0.119234203481548  1.20694635370021e-16
-7.36696958428947e-19 -2.52641252023661e-18  2.39046841335753e-17 -1.24572709369321e-17      1.98701268396056 -8.10998337100196e-18   9.2186126190896e-18      0.11923420348155   -0.0290502260510863  2.26697441571139e-16
 0.000113360488295639  -0.00010188409078307  -0.00061202067009095  4.06754315847266e-18 -8.10998337100196e-18      1.99236048443968   0.00217877054188795  1.49375618937416e-16  4.16790564592176e-17  -0.00253187948670695
 0.000656866625986557  0.000817037114725368  -0.00973758524451452  2.67869377812657e-18   9.2186126190896e-18   0.00217877054188795      1.99516038032918 -2.44824493156426e-17 -4.57688967898763e-17   -0.0721358724546236
-2.05664974008349e-17  3.61712293365232e-18 -1.43398942836824e-17   -0.0290502260510857      0.11923420348155  1.49375618937416e-16 -2.44824493156426e-17     0.017768611651408 -8.39067142693515e-17  1.50186385618291e-17
 1.50124213584194e-18 -2.62331090164323e-20 -1.24640525084807e-16    -0.119234203481548   -0.0290502260510863  4.16790564592176e-17 -4.57688967898763e-17 -8.39067142693515e-17    0.0177686116514078  6.48530878473745e-18
   0.0175619398384165    0.0201080224796365     -0.24818230119612  1.20694635370021e-16  2.26697441571139e-16  -0.00253187948670695   -0.0721358724546236  1.50186385618291e-17  6.48530878473745e-18    0.0353566315965032
POPULATION (lambda : 0.2): 7.77081027426966
TOTAL ENERGY: -114.520656879301	 lambda: 0.3
1RDM (lambda : 0.3): 
      1.9996495894012 -0.000398108494711138   0.00484781230732786 -2.34058069325643e-18 -2.35022710192317e-18  0.000146910721655156   0.00143083517398565 -2.25568968139559e-17  9.55991339856593e-19    0.0258006014467783
-0.000398108494711138      1.99949424508417   0.00550383706087276 -2.02950352200629e-18 -5.27626105402487e-18 -7.83404280792715e-05   0.00170180065285012  2.59667649008688e-18  6.68559302767692e-19    0.0296417675118458
  0.00484781230732786   0.00550383706087276      1.93202852306104  1.15933971065602e-17  5.02491928525684e-17  -0.00127328932200164   -0.0202694476043208  4.52515620207708e-17 -1.57200053234066e-16    -0.359899829140471
-2.34058069325643e-18 -2.02950352200629e-18  1.15933971065602e-17       1.9777300096384  8.98000084559776e-18  6.97632639957178e-18  4.89803152243604e-18   -0.0429595955920673    -0.176324037170047  1.40333239972294e-16
-2.35022710192317e-18 -5.27626105402487e-18  5.02491928525684e-17  8.98000084559776e-18       1.9777300096384  -1.2174225291805e-17  1.79016899459506e-17     0.176324037170046   -0.0429595955920671  3.28638666722659e-16
 0.000146910721655156 -7.83404280792715e-05  -0.00127328932200164  6.97632639957178e-18  -1.2174225291805e-17      1.99196725509387   0.00170735392311821  1.56691247285923e-16  4.68221262618854e-17   -0.0034243201017609
  0.00143083517398565   0.00170180065285012   -0.0202694476043208  4.89803152243604e-18  1.79016899459506e-17   0.00170735392311821      1.99222486100497 -8.07371661603929e-18 -4.32778260504958e-17    -0.105770760148102
-2.25568968139559e-17  2.59667649008688e-18  4.52515620207708e-17   -0.0429595955920673     0.176324037170046  1.56691247285923e-16 -8.07371661603929e-18    0.0270732704312912  1.79942381145919e-17  1.92089576226871e-17
 9.55991339856593e-19  6.68559302767692e-19 -1.57200053234066e-16    -0.176324037170047   -0.0429595955920671  4.68221262618854e-17 -4.32778260504958e-17  1.79942381145919e-17    0.0270732704312913   1.1383837989747e-17
   0.0258006014467783    0.0296417675118458    -0.359899829140471  1.40333239972294e-16  3.28638666722659e-16   -0.0034243201017609    -0.105770760148102  1.92089576226871e-17   1.1383837989747e-17    0.0750289662153815
POPULATION (lambda : 0.3): 8.78607118545044
TOTAL ENERGY: -114.196956475485	 lambda: 0.4
1RDM (lambda : 0.4): 
     1.99939904677552 -0.000685640526070337   0.00819439032708051 -3.51388107722453e-18  -4.5518616189871e-18  0.000177833009318497   0.00243541214410375 -2.45042593433837e-17  3.26322662570514e-19    0.0334330180985664
-0.000685640526070337       1.9991629918053   0.00934993471033688 -3.00231577732248e-18 -8.74934720640805e-18 -5.92077004689893e-05   0.00285182173748249  1.56852354751003e-18  1.25152355558862e-18    0.0384463144501515
  0.00819439032708051   0.00934993471033688       1.8873787932589  1.74570682227729e-17  8.10399552624664e-17  -0.00185344132727534   -0.0335643518285273  1.03946363028286e-16  -1.8673886341947e-16    -0.458201134675876
-3.51388107722453e-18 -3.00231577732248e-18  1.74570682227729e-17       1.9651424781236  3.83540227846021e-16  1.02704954740866e-17  7.97857177194423e-18   -0.0566217711311746    -0.232399284108509   1.5797642827288e-16
 -4.5518616189871e-18 -8.74934720640805e-18  8.10399552624664e-17  3.83540227846021e-16       1.9651424781236 -1.66570787083346e-17  2.82834610193187e-17      0.23239928410851   -0.0566217711311714  4.18823239032271e-16
 0.000177833009318497 -5.92077004689893e-05  -0.00185344132727534  1.02704954740866e-17 -1.66570787083346e-17      1.99156169677821    0.0012338891231178  1.64068711604299e-16  5.18841012264269e-17  -0.00369793901455228
  0.00243541214410375   0.00285182173748249   -0.0335643518285273  7.97857177194423e-18  2.82834610193187e-17    0.0012338891231178      1.98841465967594   8.3001401336236e-18 -3.97146052894685e-17    -0.135870746790688
-2.45042593433837e-17  1.56852354751003e-18  1.03946363028286e-16   -0.0566217711311746      0.23239928410851  1.64068711604299e-16   8.3001401336236e-18    0.0396929043542982  4.08776014119278e-16  2.13618958166309e-17
 3.26322662570514e-19  1.25152355558862e-18  -1.8673886341947e-16    -0.232399284108509   -0.0566217711311714  5.18841012264269e-17 -3.97146052894685e-17  4.08776014119278e-16    0.0396929043542985  1.62257537044883e-17
   0.0334330180985664    0.0384463144501515    -0.458201134675876   1.5797642827288e-16  4.18823239032271e-16  -0.00369793901455228    -0.135870746790688  2.13618958166309e-17  1.62257537044883e-17     0.124412046750344
POPULATION (lambda : 0.4): 9.71324945676343
TOTAL ENERGY: -113.826086999286	 lambda: 0.5
1RDM (lambda : 0.5): 
     1.99909809089439  -0.00103046033912873    0.0120515580119055 -4.83920012189284e-18 -7.14760642846367e-18  0.000199897049088407   0.00360004560930961 -2.63765354076046e-17 -3.70565090135753e-19    0.0404053842298139
 -0.00103046033912873      1.99876738014244    0.0137752362895011 -4.06088998406891e-18 -1.27119528884887e-17 -5.05093974482829e-05   0.00418290755255781   5.6650492846018e-19  1.73113472941538e-18    0.0464496723609331
   0.0120515580119055    0.0137752362895011      1.83810812738145  2.32933285542932e-17  1.12866253840651e-16  -0.00225753501542607   -0.0483659288397346  1.60976198942584e-16 -2.13339665806736e-16    -0.541825269323758
-4.83920012189284e-18 -4.06088998406891e-18  2.32933285542932e-17      1.94934628152394  2.66694437278129e-16  1.38284487234261e-17  1.19181470293855e-17   -0.0700123625704114    -0.287359838361153  1.73296149958491e-16
-7.14760642846367e-18 -1.27119528884887e-17  1.12866253840651e-16  2.66694437278129e-16      1.94934628152394 -2.16132272475149e-17  3.92703370028819e-17     0.287359838361152   -0.0700123625704096   4.9623508561975e-16
 0.000199897049088407 -5.05093974482829e-05  -0.00225753501542607  1.38284487234261e-17 -2.16132272475149e-17      1.99116706682512  0.000786359024357352  1.71165170088642e-16  5.64059700927051e-17  -0.00347720102578212
  0.00360004560930961   0.00418290755255781   -0.0483659288397346  1.19181470293855e-17  3.92703370028819e-17  0.000786359024357352      1.98410542396022  2.46823500497088e-17 -3.43185869936219e-17    -0.161647683656234
-2.63765354076046e-17   5.6650492846018e-19  1.60976198942584e-16   -0.0700123625704114     0.287359838361152  1.71165170088642e-16  2.46823500497088e-17    0.0555372260038729  2.83916133219602e-16  2.18124539837439e-17
-3.70565090135753e-19  1.73113472941538e-18 -2.13339665806736e-16    -0.287359838361153   -0.0700123625704096  5.64059700927051e-17 -3.43185869936219e-17  2.83916133219602e-16     0.055537226003873   2.0281558249987e-17
   0.0404053842298139    0.0464496723609331    -0.541825269323758  1.73296149958491e-16   4.9623508561975e-16  -0.00347720102578212    -0.161647683656234  2.18124539837439e-17   2.0281558249987e-17      0.17898689574078
POPULATION (lambda : 0.5): 10.5393112935868
TOTAL ENERGY: -113.428094782005	 lambda: 0.6
1RDM (lambda : 0.6): 
     1.99875672541593  -0.00142053248484152    0.0162181125338056 -6.28200854339717e-18 -9.96782755180367e-18  0.000210906475306182   0.00485861690595186 -2.81545632973493e-17 -1.11388245827394e-18    0.0467367416477093
 -0.00142053248484152      1.99832173936575    0.0185413288444782 -5.16622179919392e-18 -1.69603630726731e-17 -5.38759647317696e-05   0.00561661395960599 -3.86434707972376e-19  2.13037464848253e-18    0.0536727658783838
   0.0162181125338056    0.0185413288444782      1.78762391436085  2.86136142373026e-17  1.42928590627179e-16  -0.00246147522777899   -0.0635688331525796  2.15820177777411e-16 -2.37377413905028e-16    -0.611295593985941
-6.28200854339717e-18 -5.16622179919392e-18  2.86136142373026e-17      1.93043693289587  6.31950388984713e-16  1.77112930587944e-17  1.65511065898479e-17   -0.0830985840934529    -0.341071130631938  1.86218711783102e-16
-9.96782755180367e-18 -1.69603630726731e-17  1.42928590627179e-16  6.31950388984713e-16      1.93043693289587 -2.70907368732463e-17  4.99852078012569e-17      0.34107113063193   -0.0830985840934478  5.61377106114415e-16
 0.000210906475306182 -5.38759647317696e-05  -0.00246147522777899  1.77112930587944e-17 -2.70907368732463e-17      1.99079920593215  0.000372539211609828  1.78213993067941e-16  6.08134323778662e-17  -0.00294527512474261
  0.00485861690595186   0.00561661395960599   -0.0635688331525796  1.65511065898479e-17  4.99852078012569e-17  0.000372539211609828      1.97964439192854    4.052998118652e-17 -2.75430963275542e-17    -0.182991110259881
-2.81545632973493e-17 -3.86434707972376e-19  2.15820177777411e-16   -0.0830985840934529      0.34107113063193  1.78213993067941e-16    4.052998118652e-17    0.0745138114142921  1.30962003189926e-15  2.10704799226882e-17
-1.11388245827394e-18  2.13037464848253e-18 -2.37377413905028e-16    -0.341071130631938   -0.0830985840934478  6.08134323778662e-17 -2.75430963275542e-17  1.30962003189926e-15    0.0745138114142947  2.31541469203992e-17
   0.0467367416477093    0.0536727658783838    -0.611295593985941  1.86218711783102e-16  5.61377106114415e-16  -0.00294527512474261    -0.182991110259881  2.10704799226882e-17  2.31541469203992e-17     0.234952534376458
POPULATION (lambda : 0.6): 11.2644161274831
TOTAL ENERGY: -113.017796509726	 lambda: 0.7
1RDM (lambda : 0.7): 
     1.99838321108304  -0.00184596212106703    0.0205382022425531 -7.81208537559555e-18 -1.28836140109695e-17  0.000212031379626605    0.0061582329103893 -2.98270388964904e-17 -1.87959961349878e-18     0.052487953524168
 -0.00184596212106703      1.99783775461563    0.0234647756896617 -6.28693914496779e-18 -2.13384503618348e-17 -6.73910491430971e-05   0.00709071977552487 -1.28117788419311e-18   2.4714097381249e-18    0.0601894580184628
