TOTAL ENERGY: -88.8685129224394	 lambda: -1
1RDM (lambda : -1): 
     1.99748428189388  -0.00127895208919251    0.0282829162815608  2.54069378366054e-18   4.9132856698631e-17    0.0013018532051414   0.00138917750085957 -2.45902565576718e-18  2.31840450650758e-17    0.0649211570448137
 -0.00127895208919251       1.9993345270333    0.0144061599265637  2.22129171660222e-18  1.62361832421005e-17  0.000486622075618825  0.000593071901501137   1.2195827595632e-17 -1.66557101731999e-17    0.0330026097546048
   0.0282829162815608    0.0144061599265637      1.68141471222333 -6.73646777417663e-17 -2.71400100359814e-16   -0.0134399160197263   -0.0150468994402799 -4.34845876179479e-16  6.46202463209845e-16    -0.730597134344093
 2.54069378366054e-18  2.22129171660222e-18 -6.73646777417663e-17        1.856072163577 -2.87697945786579e-16   4.7666628910418e-17 -4.93948882453618e-16    -0.486711564397705    -0.169400743637072  8.41824455750576e-18
  4.9132856698631e-17  1.62361832421005e-17 -2.71400100359814e-16 -2.87697945786579e-16      1.85607216357699  -4.1992389485431e-17 -5.50099623058602e-16     0.169400743637073    -0.486711564397711 -1.09055711757111e-15
   0.0013018532051414  0.000486622075618825   -0.0134399160197263   4.7666628910418e-17  -4.1992389485431e-17      1.99384776795607  -0.00503075793290469  1.88320861204006e-16 -8.42839599802973e-18   -0.0323007041311584
  0.00138917750085957  0.000593071901501137   -0.0150468994402799 -4.93948882453618e-16 -5.50099623058602e-16  -0.00503075793290469      1.99440349821306 -1.05008588352501e-15 -2.36249033195712e-15   -0.0348640352481555
-2.45902565576718e-18   1.2195827595632e-17 -4.34845876179479e-16    -0.486711564397705     0.169400743637073  1.88320861204006e-16 -1.05008588352501e-15     0.149116372605018 -7.66516910383225e-16  1.03662516513501e-16
 2.31840450650758e-17 -1.66557101731999e-17  6.46202463209845e-16    -0.169400743637072    -0.486711564397711 -8.42839599802973e-18 -2.36249033195712e-15 -7.66516910383225e-16      0.14911637260502   9.1817866316105e-17
   0.0649211570448137    0.0330026097546048    -0.730597134344093  8.41824455750576e-18 -1.09055711757111e-15   -0.0323007041311584   -0.0348640352481555  1.03662516513501e-16   9.1817866316105e-17     0.323138140316364
POPULATION (lambda : -1): -2.32728926673747
TOTAL ENERGY: -89.1121553790411	 lambda: -0.9
1RDM (lambda : -0.9): 
     1.99788336534265  -0.00108774986168652    0.0247556751087724  2.30987458258823e-18  4.32402060598251e-17   0.00113689229145938   0.00112576897087678 -2.63779368538956e-18  2.26898823632974e-17    0.0600579390274006
 -0.00108774986168652      1.99942535919048    0.0127478889865642  2.02472502019877e-18  1.42396103526723e-17  0.000410602463840922  0.000466601453115792   1.1856741378887e-17 -1.64045374802784e-17    0.0308559771195055
   0.0247556751087724    0.0127478889865642      1.70978777262588 -6.18703879305564e-17 -2.57467264144784e-16   -0.0120380683318782   -0.0125751231295857 -4.12550181951404e-16  5.99613341179437e-16    -0.703270168958118
 2.30987458258823e-18  2.02472502019877e-18 -6.18703879305564e-17      1.87535413995368 -1.12387655747075e-16  4.33972179215826e-17  -4.6639902851034e-16    -0.454997405594604    -0.158362579266004  1.17148657441099e-18
 4.32402060598251e-17  1.42396103526723e-17 -2.57467264144784e-16 -1.12387655747075e-16      1.87535413995368 -3.95835007806228e-17 -5.12582956800835e-16     0.158362579266005    -0.454997405594608 -1.05218570810649e-15
  0.00113689229145938  0.000410602463840922   -0.0120380683318782  4.33972179215826e-17 -3.95835007806228e-17      1.99379451406566  -0.00503110178020235  1.87307538498277e-16 -1.37878047875561e-17   -0.0308811099073103
  0.00112576897087678  0.000466601453115792   -0.0125751231295857  -4.6639902851034e-16 -5.12582956800835e-16  -0.00503110178020235      1.99418881941791 -1.07702943474278e-15 -2.39418018438008e-15   -0.0309156421409787
-2.63779368538956e-18   1.1856741378887e-17 -4.12550181951404e-16    -0.454997405594604     0.158362579266005  1.87307538498277e-16 -1.07702943474278e-15     0.130081858606501 -6.24649600871301e-16  9.48136229050056e-17
 2.26898823632974e-17 -1.64045374802784e-17  5.99613341179437e-16    -0.158362579266004    -0.454997405594608 -1.37878047875561e-17 -2.39418018438008e-15 -6.24649600871301e-16     0.130081858606502  8.34882978186649e-17
   0.0600579390274006    0.0308559771195055    -0.703270168958118  1.17148657441099e-18 -1.05218570810649e-15   -0.0308811099073103   -0.0309156421409787  9.48136229050056e-17  8.34882978186649e-17     0.294048172237095
POPULATION (lambda : -0.9): -2.07045074695753
TOTAL ENERGY: -89.3701637046793	 lambda: -0.8
1RDM (lambda : -0.8): 
     1.99826052460058 -0.000904650330422907    0.0211905390101531  2.07782054044638e-18  3.72560959454748e-17  0.000968887923668323  0.000868424757479244  -2.8801163147181e-18  2.21059927538079e-17    0.0549456812573288
-0.000904650330422907      1.99951345126324    0.0110436111316628  1.83337814591907e-18  1.21887059851889e-17  0.000332785755016413  0.000341569048479954  1.15030257999571e-17 -1.61534333165094e-17    0.0285590869190569
   0.0211905390101531    0.0110436111316628      1.74110899377331 -5.63080399058764e-17 -2.39269534870759e-16    -0.010479417303127  -0.00996570457296159 -3.87615633958604e-16  5.47818943574488e-16     -0.67036672361565
 2.07782054044638e-18  1.83337814591907e-18 -5.63080399058764e-17      1.89478065423613  -7.7273957842132e-16  3.89864199329279e-17 -4.36021916942295e-16    -0.419805241746913    -0.146113889829539  -6.9092697019946e-18
 3.72560959454748e-17  1.21887059851889e-17 -2.39269534870759e-16  -7.7273957842132e-16      1.89478065423613 -3.70366980072492e-17 -4.72416451683915e-16     0.146113889829537    -0.419805241746916 -1.00543535040457e-15
 0.000968887923668323  0.000332785755016413    -0.010479417303127  3.89864199329279e-17 -3.70366980072492e-17      1.99378092774237  -0.00499989187611636   1.8691556249045e-16 -2.09662747157034e-17   -0.0291292819254437
 0.000868424757479244  0.000341569048479954  -0.00996570457296159 -4.36021916942295e-16 -4.72416451683915e-16  -0.00499989187611636      1.99390680615775 -1.10800096441046e-15 -2.43372110966811e-15   -0.0263620516857355
 -2.8801163147181e-18  1.15030257999571e-17 -3.87615633958604e-16    -0.419805241746913     0.146113889829537   1.8691556249045e-16 -1.10800096441046e-15     0.110918777874869  3.97990580017018e-16  8.51059632937683e-17
 2.21059927538079e-17 -1.61534333165094e-17  5.47818943574488e-16    -0.146113889829539    -0.419805241746916 -2.09662747157034e-17 -2.43372110966811e-15  3.97990580017018e-16     0.110918777874869  7.42143320896079e-17
   0.0549456812573288    0.0285590869190569     -0.67036672361565  -6.9092697019946e-18 -1.00543535040457e-15   -0.0291292819254437   -0.0263620516857355  8.51059632937683e-17  7.42143320896079e-17     0.262030432240771
POPULATION (lambda : -0.8): -1.76639962747983
TOTAL ENERGY: -89.6412246306342	 lambda: -0.7
1RDM (lambda : -0.7): 
     1.99861305426303  -0.00073089714007673    0.0176152503871326  1.84345042486526e-18  3.12161048187625e-17  0.000800036999461244  0.000623658503639683   -3.205333811711e-18  2.13788282041594e-17    0.0495442524020628
 -0.00073089714007673      1.99959826036561   0.00930177861838143  1.67608200923354e-18  1.01291361637334e-17  0.000254078845908815  0.000221068091705555  1.12053016001684e-17 -1.57041814725428e-17    0.0260799475684707
   0.0176152503871326   0.00930177861838143      1.77544877072287 -5.04748259267467e-17 -2.15873168096628e-16  -0.00877105396854997  -0.00728297772543976 -3.59121655366358e-16  4.92097427387732e-16    -0.630483420742512
 1.84345042486526e-18  1.67608200923354e-18 -5.04748259267467e-17      1.91402900797992  6.26033227217593e-17  3.52458835812032e-17 -3.99482444763695e-16    -0.380831386579776    -0.132548976763272 -1.61797638337704e-17
 3.12161048187625e-17  1.01291361637334e-17 -2.15873168096628e-16  6.26033227217593e-17      1.91402900797992 -3.32872593777475e-17 -4.25999694426164e-16     0.132548976763271    -0.380831386579774 -9.48271514089406e-16
 0.000800036999461244  0.000254078845908815  -0.00877105396854997  3.52458835812032e-17 -3.32872593777475e-17      1.99381233561055  -0.00493723926232465  1.89397781024681e-16 -2.45878901492831e-17   -0.0269804117947468
 0.000623658503639683  0.000221068091705555  -0.00728297772543976 -3.99482444763695e-16 -4.25999694426164e-16  -0.00493723926232465      1.99351042059429 -1.13625079022509e-15 -2.46371701785789e-15   -0.0211658585772957
  -3.205333811711e-18  1.12053016001684e-17 -3.59121655366358e-16    -0.380831386579776     0.132548976763271  1.89397781024681e-16 -1.13625079022509e-15    0.0919659886998491  3.48933503535082e-16   7.4142495723115e-17
 2.13788282041594e-17 -1.57041814725428e-17  4.92097427387732e-16    -0.132548976763272    -0.380831386579774 -2.45878901492831e-17 -2.46371701785789e-15  3.48933503535082e-16    0.0919659886998469  6.29411928357134e-17
   0.0495442524020628    0.0260799475684707    -0.630483420742512 -1.61797638337704e-17 -9.48271514089406e-16   -0.0269804117947468   -0.0211658585772957   7.4142495723115e-17  6.29411928357134e-17     0.227027165084136
POPULATION (lambda : -0.7): -1.40427086550144
TOTAL ENERGY: -89.9223937783722	 lambda: -0.6
1RDM (lambda : -0.6): 
     1.99893766685856 -0.000568125745682847    0.0140736591817241  1.61373906018353e-18  2.51924452536717e-17  0.000633682645936409  0.000400526495723636 -3.61985458483684e-18  2.04870948030401e-17     0.043805777092546
-0.000568125745682847      1.99967900307239   0.00753922454996888  1.54005453537539e-18  8.06882488830236e-18  0.000175972290829456  0.000109643973990524  1.09504478250602e-17 -1.50837380685863e-17    0.0233789161040106
   0.0140736591817241   0.00753922454996888      1.81263845869374 -4.44553312627973e-17  -1.8690784159791e-16   -0.0069391132775338  -0.00463924587209462 -3.26626688369267e-16  4.32552101367293e-16    -0.581883167936433
 1.61373906018353e-18  1.54005453537539e-18 -4.44553312627973e-17      1.93267914454668 -3.08720129142412e-17  3.18689405128728e-17 -3.56798970701919e-16    -0.337816249832226    -0.117577489126022 -2.69067712014299e-17
 2.51924452536717e-17  8.06882488830236e-18  -1.8690784159791e-16 -3.08720129142412e-17      1.93267914454667 -2.86167867381065e-17 -3.73715028349062e-16     0.117577489126024    -0.337816249832232 -8.77904799170285e-16
 0.000633682645936409  0.000175972290829456   -0.0069391132775338  3.18689405128728e-17 -2.86167867381065e-17      1.99389231159815  -0.00484860810463642   1.9486252619355e-16 -2.51821495011077e-17   -0.0243687310988091
 0.000400526495723636  0.000109643973990524  -0.00463924587209462 -3.56798970701919e-16 -3.73715028349062e-16  -0.00484860810463642      1.99291510457433 -1.16148770491092e-15 -2.48305514132956e-15   -0.0153579753897975
-3.61985458483684e-18  1.09504478250602e-17 -3.26626688369267e-16    -0.337816249832226     0.117577489126024   1.9486252619355e-16 -1.16148770491092e-15    0.0736774355896894  -7.2145364771098e-16  6.20228655491236e-17
 2.04870948030401e-17 -1.50837380685863e-17  4.32552101367293e-16    -0.117577489126022    -0.337816249832232 -2.51821495011077e-17 -2.48305514132956e-15  -7.2145364771098e-16    0.0736774355896917  4.98525982579921e-17
    0.043805777092546    0.0233789161040106    -0.581883167936433 -2.69067712014299e-17 -8.77904799170285e-16   -0.0243687310988091   -0.0153579753897975  6.20228655491236e-17  4.98525982579921e-17     0.189224294930121
POPULATION (lambda : -0.6): -0.97069024739741
TOTAL ENERGY: -90.2081837866258	 lambda: -0.5
1RDM (lambda : -0.5): 
     1.99923028453992 -0.000418536790214964    0.0106333485398657  1.39695211601094e-18  1.92995783053997e-17  0.000474601984831921  0.000210812616868331 -4.11917602573636e-18  1.94286551518312e-17    0.0376759044646325
-0.000418536790214964      1.99975453024995   0.00578620646916913  1.39850592697247e-18  6.02218210596615e-18  0.000100749324412572   1.3545161430535e-05  1.06774445976681e-17 -1.44264252648136e-17    0.0204086999440468
   0.0106333485398657   0.00578620646916913      1.85208486047079 -3.84764538009917e-17 -1.52675317564627e-16  -0.00503854507710273  -0.00220820827939945 -2.90245053938731e-16  3.68331190197734e-16    -0.522493563391285
 1.39695211601094e-18  1.39850592697247e-18 -3.84764538009917e-17      1.95020694381462 -2.67928562692941e-16   2.8176839089475e-17 -3.09614656951084e-16    -0.290584370607316    -0.101138357650369 -3.94502057536415e-17
 1.92995783053997e-17  6.02218210596615e-18 -1.52675317564627e-16 -2.67928562692941e-16      1.95020694381462  -2.3684622555418e-17 -3.17777867779048e-16     0.101138357650368    -0.290584370607318 -7.90958254716746e-16
 0.000474601984831921  0.000100749324412572  -0.00503854507710273   2.8176839089475e-17  -2.3684622555418e-17      1.99402226852575  -0.00474730811232925  2.02103327300665e-16  -2.6180673594726e-17   -0.0212383112715611
 0.000210812616868331   1.3545161430535e-05  -0.00220820827939945 -3.09614656951084e-16 -3.17777867779048e-16  -0.00474730811232925      1.99196302165111 -1.18892692315681e-15 -2.50258987010085e-15  -0.00911047290925269
-4.11917602573636e-18  1.06774445976681e-17 -2.90245053938731e-16    -0.290584370607316     0.101138357650368  2.02103327300665e-16 -1.18892692315681e-15    0.0566475134193786  5.99894295225886e-17  4.92022045330389e-17
 1.94286551518312e-17 -1.44264252648136e-17  3.68331190197734e-16    -0.101138357650369    -0.290584370607318  -2.6180673594726e-17 -2.50258987010085e-15  5.99894295225886e-17    0.0566475134193784  3.58700435955472e-17
   0.0376759044646325    0.0204086999440468    -0.522493563391285 -3.94502057536415e-17 -7.90958254716746e-16   -0.0212383112715611  -0.00911047290925269  4.92022045330389e-17  3.58700435955472e-17     0.149236120094484
POPULATION (lambda : -0.5): -0.449612575128067
TOTAL ENERGY: -90.4893272177538	 lambda: -0.4
1RDM (lambda : -0.4): 
     1.99948579743942 -0.000285115465803761   0.00739530640892264  1.19359436104836e-18  1.37030457327083e-17   0.00032916203702803  6.81027288465487e-05 -4.69787404357863e-18  1.81914857506937e-17    0.0310987064577007
-0.000285115465803761      1.99982315999094   0.00409336412090809  1.23646825204965e-18  4.05165733038155e-18  3.16727202986882e-05 -5.95496425114036e-05  1.03501783846632e-17  -1.3791468027062e-17    0.0171168552354231
  0.00739530640892264   0.00409336412090809      1.89250430529226 -3.25936427901484e-17 -1.14270135220088e-16  -0.00316346456189777 -0.000223237075062594 -2.50175644672948e-16  2.99177688556822e-16    -0.450005876016523
 1.19359436104836e-18  1.23646825204965e-18 -3.25936427901484e-17      1.96598884106674 -4.71871453896211e-16  2.38712221952248e-17 -2.58275476933925e-16     -0.23909638272314   -0.0832178807670416 -5.44146917446676e-17
 1.37030457327083e-17  4.05165733038155e-18 -1.14270135220088e-16 -4.71871453896211e-16      1.96598884106674 -1.86896357401579e-17 -2.58941052211369e-16     0.083217880767039    -0.239096382723144 -6.83744149834514e-16
  0.00032916203702803  3.16727202986882e-05  -0.00316346456189777  2.38712221952248e-17 -1.86896357401579e-17      1.99420235329808  -0.00465630566655266  2.10482692874008e-16 -2.89780509449924e-17   -0.0175621287895084
 6.81027288465487e-05 -5.95496425114036e-05 -0.000223237075062594 -2.58275476933925e-16 -2.58941052211369e-16  -0.00465630566655266      1.99033742329912 -1.22236840874199e-15 -2.52686515311045e-15  -0.00285362749649643
-4.69787404357863e-18  1.03501783846632e-17 -2.50175644672948e-16     -0.23909638272314     0.083217880767039  2.10482692874008e-16 -1.22236840874199e-15    0.0416508920071789  1.23867567090121e-16  3.61880380372884e-17
 1.81914857506937e-17  -1.3791468027062e-17  2.99177688556822e-16   -0.0832178807670416    -0.239096382723144 -2.89780509449924e-17 -2.52686515311045e-15  1.23867567090121e-16    0.0416508920071738  2.18875779258619e-17
   0.0310987064577007    0.0171168552354231    -0.450005876016523 -5.44146917446676e-17 -6.83744149834514e-16   -0.0175621287895084  -0.00285362749649643  3.61880380372884e-17  2.18875779258619e-17     0.108367494532399
POPULATION (lambda : -0.4): 0.177288605175132
TOTAL ENERGY: -90.7513417626302	 lambda: -0.3
1RDM (lambda : -0.3): 
     1.99969786518371 -0.000171851578536933   0.00450388662431358  9.86548857952777e-19  8.63182462232467e-18  0.000205096374915585 -1.57217528804229e-05 -5.37821143679297e-18  1.67040259296799e-17      0.02402803024965
-0.000171851578536933      1.99988249413436   0.00253982324312553  1.05706313051808e-18  2.28450394931022e-18 -2.69606374794688e-05 -0.000102104277557061  1.00347607658548e-17  -1.3043054853632e-17    0.0134531532259145
  0.00450388662431358   0.00253982324312553      1.93159844958004 -2.64080505118297e-17  -7.3978348104196e-17  -0.00145340104723079   0.00106958844803712  -2.0564178856259e-16  2.27561478688046e-16    -0.362171072474518
 9.86548857952777e-19  1.05706313051808e-18 -2.64080505118297e-17      1.97932483209865 -5.51697178161195e-17  1.95421563823679e-17 -2.06409431557674e-16    -0.183510543700373   -0.0638711400476974 -7.25173901291417e-17
 8.63182462232467e-18  2.28450394931022e-18  -7.3978348104196e-17 -5.51697178161195e-17      1.97932483209865 -1.30424007757775e-17 -2.00814841772407e-16    0.0638711400476985    -0.183510543700378 -5.52583325326647e-16
 0.000205096374915585 -2.69606374794688e-05  -0.00145340104723079  1.95421563823679e-17 -1.30424007757775e-17      1.99443563144645  -0.00460690601489439  2.23855441453239e-16 -2.62523938926248e-17   -0.0133708875751943
-1.57217528804229e-05 -0.000102104277557061   0.00106958844803712 -2.06409431557674e-16 -2.00814841772407e-16  -0.00460690601489439      1.98732150506196 -1.28691640663945e-15 -2.59456309383207e-15   0.00256671693064312
-5.37821143679297e-18  1.00347607658548e-17  -2.0564178856259e-16    -0.183510543700373    0.0638711400476985  2.23855441453239e-16 -1.28691640663945e-15    0.0297418654927225 -2.37507879234056e-16  2.32984100911404e-17
 1.67040259296799e-17  -1.3043054853632e-17  2.27561478688046e-16   -0.0638711400476974    -0.183510543700378 -2.62523938926248e-17 -2.59456309383207e-15 -2.37507879234056e-16    0.0297418654927226  8.51498120186755e-18
     0.02402803024965    0.0134531532259145    -0.362171072474518 -7.25173901291417e-17 -5.52583325326647e-16   -0.0133708875751943   0.00256671693064312  2.32984100911404e-17  8.51498120186755e-18    0.0689306594107426
POPULATION (lambda : -0.3): 0.929093111039665
TOTAL ENERGY: -90.9734121653691	 lambda: -0.2
1RDM (lambda : -0.2): 
     1.99985894501198 -8.38290299313099e-05   0.00215195232083583  7.84104470786155e-19  4.43145518347037e-18  0.000110520825668316 -3.86432001932867e-05 -5.92895497497553e-18   1.5350474020011e-17     0.016447945481791
-8.38290299313099e-05      1.99992930528496   0.00123927341193213  7.41864016082964e-19  7.98957158518718e-19 -7.00521154770209e-05 -0.000110365570937301  9.15069134563246e-18 -1.32126318256486e-17   0.00938397587989339
  0.00215195232083583   0.00123927341193213      1.96578068089645 -2.08172979025831e-17 -3.74930727866188e-17 -8.63557397681071e-05   0.00155261361252552 -1.67414909397388e-16  1.36431066781788e-16    -0.257408514638487
 7.84104470786155e-19  7.41864016082964e-19 -2.08172979025831e-17      1.98948676274506  4.74279597360002e-17  1.12595809321964e-17 -1.28027936922863e-16    -0.124249735385667   -0.0432453203623196 -9.52496924672132e-17
 4.43145518347037e-18  7.98957158518718e-19 -3.74930727866188e-17  4.74279597360002e-17      1.98948676274506 -1.03071890990104e-17 -1.19634719597319e-16    0.0432453203623209    -0.124249735385669 -3.95438092462416e-16
 0.000110520825668316 -7.00521154770209e-05 -8.63557397681071e-05  1.12595809321964e-17 -1.03071890990104e-17      1.99473990631234  -0.00462648755361593  2.14994988860849e-16 -6.72276799311876e-17  -0.00878696907298828
-3.86432001932867e-05 -0.000110365570937301   0.00155261361252552 -1.28027936922863e-16 -1.19634719597319e-16  -0.00462648755361593      1.98098129060858 -1.22581197455492e-15 -2.39210340837346e-15   0.00575155536409276
-5.92895497497553e-18  9.15069134563246e-18 -1.67414909397388e-16    -0.124249735385667    0.0432453203623209  2.14994988860849e-16 -1.22581197455492e-15    0.0226119007707348 -1.05447813826303e-16  1.42083029599141e-17
  1.5350474020011e-17 -1.32126318256486e-17  1.36431066781788e-16   -0.0432453203623196    -0.124249735385669 -6.72276799311876e-17 -2.39210340837346e-15 -1.05447813826303e-16    0.0226119007707276  2.72232487796508e-18
    0.016447945481791   0.00938397587989339    -0.257408514638487 -9.52496924672132e-17 -3.95438092462416e-16  -0.00878696907298828   0.00575155536409276  1.42083029599141e-17  2.72232487796508e-18    0.0345125448541062
POPULATION (lambda : -0.2): 1.82229941565445
TOTAL ENERGY: -91.1286947712808	 lambda: -0.1
1RDM (lambda : -0.1): 
      1.9999608469693 -2.69534721305283e-05  0.000571501771826071  5.05120113285694e-19  1.45009669310949e-18   5.1818047447882e-05 -2.30566347614841e-05 -6.48341576886205e-18  1.38483897985775e-17    0.0084007905415007
-2.69534721305283e-05      1.99995963944843  0.000337135796359709  3.28075107394257e-19 -1.26277968447748e-19 -9.22840583847289e-05 -8.76089610589308e-05  8.01020001635572e-18 -1.37114087885318e-17   0.00490986521212729
 0.000571501771826071  0.000337135796359709       1.9902043027571 -1.37318132128076e-17 -1.02784196620145e-17  0.000752587224609175   0.00151876758746376 -1.41796071334521e-16  1.95424632580644e-17     -0.13578613173376
 5.05120113285694e-19  3.28075107394257e-19 -1.37318132128076e-17      1.99579543688884 -6.06061881275786e-17  2.97350400290999e-18 -3.45834210143287e-17   -0.0621018674762775   -0.0216146549070538 -1.23464810394564e-16
 1.45009669310949e-18 -1.26277968447748e-19 -1.02784196620145e-17 -6.06061881275786e-17      1.99579543688884   -6.957315370984e-18 -2.57145174958996e-17    0.0216146549070533    -0.062101867476282 -2.12431980857246e-16
  5.1818047447882e-05 -9.22840583847289e-05  0.000752587224609175  2.97350400290999e-18   -6.957315370984e-18      1.99517758945773  -0.00466804925251173  2.02615525036174e-16 -1.18720135385986e-16   -0.0040372864665514
-2.30566347614841e-05 -8.76089610589308e-05   0.00151876758746376 -3.45834210143287e-17 -2.57145174958996e-17  -0.00466804925251173      1.96464485784784 -8.82497937276967e-16 -1.55555743786341e-15   0.00481611374251883
-6.48341576886205e-18  8.01020001635572e-18 -1.41796071334521e-16   -0.0621018674762775    0.0216146549070533  2.02615525036174e-16 -8.82497937276967e-16    0.0242516260548074 -1.78993299210239e-16  9.28720466958114e-18
 1.38483897985775e-17 -1.37114087885318e-17  1.95424632580644e-17   -0.0216146549070538    -0.062101867476282 -1.18720135385986e-16 -1.55555743786341e-15 -1.78993299210239e-16    0.0242516260548046  5.78662710881989e-18
   0.0084007905415007   0.00490986521212729     -0.13578613173376 -1.23464810394564e-16 -2.12431980857246e-16   -0.0040372864665514   0.00481611374251883  9.28720466958114e-18  5.78662710881989e-18   0.00995863763233038
POPULATION (lambda : -0.1): 2.86594383707676
TOTAL ENERGY: -91.1871944992742	 lambda: 0
1RDM (lambda : 0): 
     1.99999601425925   -7.262348811444e-06 -1.84520418244987e-06  1.48412456425806e-16  1.43593349067947e-16  3.10710098798864e-05 -4.21256558773847e-05 -1.21242305964667e-15 -2.37657952679711e-15  4.46783603544383e-06
  -7.262348811444e-06      1.99996887861227 -8.83149512317654e-06 -5.48283700500867e-16 -5.30543454306267e-16  -8.9361094932611e-05 -1.58044499530277e-05 -5.65183160513375e-16 -1.14791369447251e-15   4.3804889971873e-05
-1.84520418244987e-06 -8.83149512317654e-06      1.99946673043729 -1.19054551248063e-15 -1.14670754504873e-15  0.000920628196036805   0.00212292701214724 -9.04632276721993e-14 -1.79311437516982e-13 -0.000308154281147313
 1.48412456425806e-16 -5.48283700500867e-16 -1.19054551248063e-15      1.99774208290527 -8.99110427359127e-17   -1.277414600732e-14  1.83250485642437e-15   0.00118763535803157  0.000413358408666378 -2.47103564020913e-14
 1.43593349067947e-16 -5.30543454306267e-16 -1.14670754504873e-15 -8.99110427359127e-17      1.99774208290527 -1.23741477287241e-14  1.80969342552123e-15 -0.000413358408667661    0.0011876353580229 -2.37597254983052e-14
 3.10710098798864e-05  -8.9361094932611e-05  0.000920628196036805   -1.277414600732e-14 -1.23741477287241e-14      1.99591101126295  -0.00396716815276352 -3.71443677173179e-14 -7.42474161938541e-14  0.000692579846287537
-4.21256558773847e-05 -1.58044499530277e-05   0.00212292701214724  1.83250485642437e-15  1.80969342552123e-15  -0.00396716815276352      1.90473197591227  1.06529269065664e-11   2.1125763065214e-11  -0.00187336703026885
-1.21242305964667e-15 -5.65183160513375e-16 -9.04632276721993e-14   0.00118763535803157 -0.000413358408667661 -3.71443677173179e-14  1.06529269065664e-11    0.0518592013333524  -1.5299000004125e-15 -7.19412553437168e-15
-2.37657952679711e-15 -1.14791369447251e-15 -1.79311437516982e-13  0.000413358408666378    0.0011876353580229 -7.42474161938541e-14   2.1125763065214e-11  -1.5299000004125e-15    0.0518592013332465 -1.42654833812235e-14
 4.46783603544383e-06   4.3804889971873e-05 -0.000308154281147313 -2.47103564020913e-14 -2.37597254983052e-14  0.000692579846287537  -0.00187336703026885 -7.19412553437168e-15 -1.42654833812235e-14   0.00072282103883678
POPULATION (lambda : 0): 4.06199583253825
TOTAL ENERGY: -91.1131904379382	 lambda: 0.1
1RDM (lambda : 0.1): 
     1.99995734511759 -3.33293285779883e-05  0.000608787947620241 -1.61125513206483e-17 -1.27372891169489e-17  6.45862180458842e-05 -0.000387737597661649  2.84591553229852e-16   5.1256354877565e-16  -0.00867938783693928
-3.33293285779883e-05      1.99994362201208  0.000365453305551861    4.501118678753e-17  4.03104907261822e-17  -9.4271436026119e-05  0.000678743987521188 -5.95079262269869e-16 -1.04944636118849e-15  -0.00568942963492069
 0.000608787947620241  0.000365453305551861      1.98952345486116 -2.52373515972821e-16 -2.40521014980076e-16  0.000133865236715607   0.00661736419361208  2.37301228921885e-15  4.13450314790987e-15     0.140403529105124
-1.61125513206483e-17    4.501118678753e-17 -2.52373515972821e-16      1.99571478882595 -1.28115729906884e-14  1.74254382580614e-15  3.25214630870626e-14    0.0540368166423349    0.0188076010256731  7.95860540465991e-16
-1.27372891169489e-17  4.03104907261822e-17 -2.40521014980076e-16 -1.28115729906884e-14      1.99571478882598  1.51834700212705e-15  2.78896472923291e-14    -0.018807601025842    0.0540368166423742  1.05334951484438e-15
 6.45862180458842e-05  -9.4271436026119e-05  0.000133865236715607  1.74254382580614e-15  1.51834700212705e-15      1.99616806737477   0.00996602796135437 -2.16841663911208e-14  -3.8061050147092e-14   0.00670257587504068
-0.000387737597661649  0.000678743987521188   0.00661736419361208  3.25214630870626e-14  2.78896472923291e-14   0.00996602796135437      1.51030829819458 -2.88426464342612e-13 -4.93086217467482e-13   -0.0108206996902302
 2.84591553229852e-16 -5.95079262269869e-16  2.37301228921885e-15    0.0540368166423349    -0.018807601025842 -2.16841663911208e-14 -2.88426464342612e-13     0.250850381005348  1.62433429207585e-11  4.72113289342338e-15
  5.1256354877565e-16 -1.04944636118849e-15  4.13450314790987e-15    0.0188076010256731    0.0540368166423742  -3.8061050147092e-14 -4.93086217467482e-13  1.62433429207585e-11     0.250850381007745  8.12268283503372e-15
 -0.00867938783693928  -0.00568942963492069     0.140403529105124  7.95860540465991e-16  1.05334951484438e-15   0.00670257587504068   -0.0108206996902302  4.72113289342338e-15  8.12268283503372e-15    0.0109688727748301
POPULATION (lambda : 0.1): 5.48243724592608
TOTAL ENERGY: -90.8592766048471	 lambda: 0.2
1RDM (lambda : 0.2): 
     1.99983303462197 -0.000121796013479723    0.0024925051138985 -1.95059851122565e-18  3.53123948615411e-18  0.000270922950460165  -0.00163959956533844 -4.56825632615448e-18  6.01167813311231e-18   -0.0176276473934773
-0.000121796013479723      1.99984317590229   0.00168338132837966 -1.00519125779242e-18  2.61137791117709e-18 -0.000477738643621136   0.00449814786666583  3.71358850988254e-18 -5.84866194852568e-18   -0.0129468195007241
   0.0024925051138985   0.00168338132837966       1.9602812223579  2.71954989609555e-17 -5.93011465498347e-17  -0.00287092976338625    0.0227770174794126  5.76457680565852e-17  1.67679016563943e-17     0.274825684451742
-1.95059851122565e-18 -1.00519125779242e-18  2.71954989609555e-17      1.99442352556365 -6.07180509170318e-15  1.75625504253264e-17 -6.14334769110621e-17    0.0586397252326538    0.0204096508790829 -2.12398754486208e-16
 3.53123948615411e-18  2.61137791117709e-18 -5.93011465498347e-17 -6.07180509170318e-15      1.99442352556364  6.05708211786824e-18  2.03195110833611e-16   -0.0204096508789993    0.0586397252328579  4.17768200494002e-16
 0.000270922950460165 -0.000477738643621136  -0.00287092976338625  1.75625504253264e-17  6.05708211786824e-18      1.98458345444663    0.0997875714066215  3.75332999180172e-17  -2.5200192825133e-16     0.012114443097514
 -0.00163959956533844   0.00449814786666583    0.0227770174794126 -6.14334769110621e-17  2.03195110833611e-16    0.0997875714066215     0.391560409849634 -5.19872550420102e-16 -1.37155020051857e-15 -0.000415721942858485
-4.56825632615448e-18  3.71358850988254e-18  5.76457680565852e-17    0.0586397252326538   -0.0204096508789993  3.75332999180172e-17 -5.19872550420102e-16     0.817469722031778 -1.99567774354092e-13 -9.43506743447046e-18
 6.01167813311231e-18 -5.84866194852568e-18  1.67679016563943e-17    0.0204096508790829    0.0586397252328579  -2.5200192825133e-16 -1.37155020051857e-15 -1.99567774354092e-13     0.817469722026335  4.31335036297773e-17
  -0.0176276473934773   -0.0129468195007241     0.274825684451742 -2.12398754486208e-16  4.17768200494002e-16     0.012114443097514 -0.000415721942858485 -9.43506743447046e-18  4.31335036297773e-17    0.0401122076361981
POPULATION (lambda : 0.2): 7.18690782205426
TOTAL ENERGY: -90.5233176242107	 lambda: 0.3
1RDM (lambda : 0.3): 
     1.99964694992824 -0.000240684089633237   0.00553034350156912 -3.23386453312424e-18  8.27703867855613e-18  0.000412046129042608  -0.00245392766172968 -5.23571768458733e-18  3.54169359425345e-18    -0.025552822441529
-0.000240684089633237      1.99973337920102   0.00358086978307145 -2.40136846855434e-18  4.46166820813908e-18  -0.00106784881242933   0.00773611529489089  6.37569203252509e-18  9.24377627973798e-19   -0.0180483970258247
  0.00553034350156912   0.00358086978307145       1.9106385364054  5.18761509190301e-17 -1.32669609252896e-16  -0.00596947687352323    0.0439531015351672  6.72209326936452e-17 -4.13273958021981e-17     0.408260378733662
-3.23386453312424e-18 -2.40136846855434e-18  5.18761509190301e-17       1.9909520486475 -5.65222759679587e-15  1.79523984720172e-19   1.8620035021146e-17    0.0793966204192154    0.0276341215840994 -2.55871770409088e-16
 8.27703867855613e-18  4.46166820813908e-18 -1.32669609252896e-16 -5.65222759679587e-15      1.99095204864749 -2.87874257579206e-17  4.18666016205219e-16   -0.0276341215840318    0.0793966204193815  6.09071348624654e-16
 0.000412046129042608  -0.00106784881242933  -0.00596947687352323  1.79523984720172e-19 -2.87874257579206e-17      1.96984411185012     0.185068427114323  1.78185644942009e-16  3.09188013565659e-17   0.00563823586310239
 -0.00245392766172968   0.00773611529489089    0.0439531015351672   1.8620035021146e-17  4.18666016205219e-16     0.185068427114323     0.136748801281773 -9.99678852580054e-16 -2.21030003176551e-15   0.00963226238607483
-5.23571768458733e-18  6.37569203252509e-18  6.72209326936452e-17    0.0793966204192154   -0.0276341215840318  1.78185644942009e-16 -9.99678852580054e-16     0.956158881067138 -6.05700833789258e-14   7.3240339806697e-18
 3.54169359425345e-18  9.24377627973798e-19 -4.13273958021981e-17    0.0276341215840994    0.0793966204193815  3.09188013565659e-17 -2.21030003176551e-15 -6.05700833789258e-14     0.956158881064629  1.01815703467268e-16
   -0.025552822441529   -0.0180483970258247     0.408260378733662 -2.55871770409088e-16  6.09071348624654e-16   0.00563823586310239   0.00963226238607483   7.3240339806697e-18  1.01815703467268e-16    0.0891663619066854
POPULATION (lambda : 0.3): 8.53856127278761
TOTAL ENERGY: -90.1094526971056	 lambda: 0.4
1RDM (lambda : 0.4): 
     1.99941022777211 -0.000386032267968382   0.00943909956108904 -4.81029297259318e-18   1.4156224767607e-17  0.000434427818604202  -0.00299217191077355 -4.75578120657341e-18   4.0916076432976e-18   -0.0326111552359111
-0.000386032267968382      1.99960914056024   0.00591849317461298 -4.08698038089128e-18   6.9191591434703e-18  -0.00183067427091125    0.0104402518655699  6.33158629503787e-18  2.19559238378853e-18   -0.0222944157360755
  0.00943909956108904   0.00591849317461298       1.8461454441964  7.88256126290777e-17 -2.24863781961391e-16  -0.00780520987840696     0.060818385839744  7.66154719805596e-17 -1.09300750853941e-16     0.527409491404974
-4.81029297259318e-18 -4.08698038089128e-18  7.88256126290777e-17      1.98450705763627 -4.28330561264386e-15 -1.82535507893792e-17  1.45155971764706e-16     0.108986634909153    0.0379329735350144 -2.98225703685728e-16
  1.4156224767607e-17   6.9191591434703e-18 -2.24863781961391e-16 -4.28330561264386e-15      1.98450705763626  -5.7426227667235e-17   6.0020568798517e-16   -0.0379329735349768     0.108986634909239  7.75837908786464e-16
 0.000434427818604202  -0.00183067427091125  -0.00780520987840696 -1.82535507893792e-17  -5.7426227667235e-17      1.95330719923537     0.256989687516482  1.94878483175811e-16  6.36917397063013e-17  -0.00555873418073991
 -0.00299217191077355    0.0104402518655699     0.060818385839744  1.45155971764706e-16   6.0020568798517e-16     0.256989687516482    0.0992632071489939 -9.22295427729342e-16 -1.99508757550747e-15    0.0174953674603092
-4.75578120657341e-18  6.33158629503787e-18  7.66154719805596e-17     0.108986634909153   -0.0379329735349768  1.94878483175811e-16 -9.22295427729342e-16      0.99010747876243 -3.59902935754785e-14  2.88433766661425e-17
  4.0916076432976e-18  2.19559238378853e-18 -1.09300750853941e-16    0.0379329735350144     0.108986634909239  6.36917397063013e-17 -1.99508757550747e-15 -3.59902935754785e-14     0.990107478761611  1.56626022810919e-16
  -0.0326111552359111   -0.0222944157360755     0.527409491404974 -2.98225703685728e-16  7.75837908786464e-16  -0.00555873418073991    0.0174953674603092  2.88433766661425e-17  1.56626022810919e-16     0.153035708290324
POPULATION (lambda : 0.4): 9.72425158493347
TOTAL ENERGY: -89.6382743979451	 lambda: 0.5
1RDM (lambda : 0.5): 
        1.99913342953 -0.000553453842921735    0.0139097794385253 -6.63472508249104e-18  2.07499522783863e-17  0.000339103008461278  -0.00338997296102343 -4.31089707884551e-18  4.83493612616069e-18   -0.0388432223241264
-0.000553453842921735      1.99946802540766   0.00856100002270501 -6.20847792892733e-18  9.44381453979754e-18  -0.00279817934430668    0.0129560425109371  6.97666810130367e-18   4.6757521653053e-18   -0.0260077579443774
   0.0139097794385253   0.00856100002270501      1.77398289781357  1.08313892018662e-16 -3.22683169611131e-16  -0.00773434591020494    0.0722144102417567  8.79196585025484e-17 -1.76972222088211e-16     0.627344648214429
-6.63472508249104e-18 -6.20847792892733e-18  1.08313892018662e-16      1.97535486822414 -8.54930028550407e-15 -4.44240803358576e-17  2.67019796936143e-16     0.140527852270342    0.0489109450368157 -3.39778519008674e-16
 2.07499522783863e-17  9.44381453979754e-18 -3.22683169611131e-16 -8.54930028550407e-15      1.97535486822412 -8.88124254441448e-17  7.61294608422049e-16   -0.0489109450367543     0.140527852270514  9.08538879927427e-16
 0.000339103008461278  -0.00279817934430668  -0.00773434591020494 -4.44240803358576e-17 -8.88124254441448e-17      1.93362054338993     0.322942677898605  2.20149950422842e-16  1.03530752844125e-16   -0.0189138574808595
 -0.00338997296102343    0.0129560425109371    0.0722144102417567  2.67019796936143e-16  7.61294608422049e-16     0.322942677898605     0.101044084593712 -9.14263829692156e-16 -1.95207933316008e-15    0.0236638712807674
-4.31089707884551e-18  6.97666810130367e-18  8.79196585025484e-17     0.140527852270342   -0.0489109450367543  2.20149950422842e-16 -9.14263829692156e-16      1.00859404396769 -1.53554900111708e-14  4.62414647257067e-17
 4.83493612616069e-18   4.6757521653053e-18 -1.76972222088211e-16    0.0489109450368157     0.140527852270514  1.03530752844125e-16 -1.95207933316008e-15 -1.53554900111708e-14      1.00859404396639  2.07060998172833e-16
  -0.0388432223241264   -0.0260077579443774     0.627344648214429 -3.39778519008674e-16  9.08538879927427e-16   -0.0189138574808595    0.0236638712807674  4.62414647257067e-17  2.07060998172833e-16     0.224853194882819
POPULATION (lambda : 0.5): 10.7738602770228
TOTAL ENERGY: -89.1368449016557	 lambda: 0.6
1RDM (lambda : 0.6): 
      1.9988268931766  -0.00073695987630809    0.0186687408557574 -8.63303927337815e-18  2.76418747684397e-17  0.000136260959756709  -0.00370274866086239 -3.80166034618304e-18  5.79149943511652e-18   -0.0443074154332886
 -0.00073695987630809      1.99931333570907    0.0113593353126865 -8.82660943159442e-18  1.17105985679385e-17  -0.00395701054743694    0.0153387896084564  8.01327432388315e-18   7.9143828034369e-18   -0.0292410596240562
   0.0186687408557574    0.0113593353126865      1.70028320986152  1.38763607267227e-16 -4.16155396780485e-16  -0.00568517158644118    0.0790302563778786  9.88886764778657e-17 -2.46590107444651e-16     0.707927143363762
-8.63303927337815e-18 -8.82660943159442e-18  1.38763607267227e-16      1.96350160548687  4.69077170444379e-16 -8.07558167971619e-17  4.00621443385575e-16     0.172559361361825    0.0600595631099505 -3.78684411676746e-16
 2.76418747684397e-17  1.17105985679385e-17 -4.16155396780485e-16  4.69077170444379e-16      1.96350160548688  -1.2515940940984e-16  9.19190490732935e-16   -0.0600595631099493     0.172559361361779  1.00845305929988e-15
 0.000136260959756709  -0.00395701054743694  -0.00568517158644118 -8.07558167971619e-17  -1.2515940940984e-16      1.91075625060595     0.384406010415183  2.50814484891039e-16  1.51611011673411e-16   -0.0328191720477569
 -0.00370274866086239    0.0153387896084564    0.0790302563778786  4.00621443385575e-16  9.19190490732935e-16     0.384406010415183     0.116148546714046 -9.38314751304988e-16 -1.98066499021671e-15    0.0275884549566821
-3.80166034618304e-18  8.01327432388315e-18  9.88886764778657e-17     0.172559361361825   -0.0600595631099493  2.50814484891039e-16 -9.38314751304988e-16      1.02450160139106 -4.19289977026274e-14  6.07400917480858e-17
 5.79149943511652e-18   7.9143828034369e-18 -2.46590107444651e-16    0.0600595631099505     0.172559361361779  1.51611011673411e-16 -1.98066499021671e-15 -4.19289977026274e-14      1.02450160139135   2.5282574955102e-16
  -0.0443074154332886   -0.0292410596240562     0.707927143363762 -3.78684411676746e-16  1.00845305929988e-15   -0.0328191720477569    0.0275884549566821  6.07400917480858e-17   2.5282574955102e-16     0.298665350176733
POPULATION (lambda : 0.6): 11.687563083856
TOTAL ENERGY: -88.6262095797391	 lambda: 0.7
1RDM (lambda : 0.7): 
     1.99849845398027 -0.000931607154269022    0.0235150495975431 -1.07191546344972e-17  3.45593999631913e-17 -0.000150733330626289  -0.00397045618784466 -3.30759974729039e-18  6.75520709932244e-18   -0.0491101290333603
-0.000931607154269022      1.99914838726978    0.0141945064313601 -1.14486415878026e-17  1.40171635811834e-17  -0.00527877289570211    0.0176002652217378  8.14655803446901e-18  9.16439306989687e-18   -0.0320486158869534
