TOTAL ENERGY: -118.94295407973	 lambda: -1
1RDM (lambda : -1): 
     1.99801134765488   0.00250217637818192    0.0238446506746866 -2.52051262806236e-17  1.39888526406789e-17   0.00664052829853188   0.00708502606883544 -3.09547189910697e-18 -1.77779730570537e-16    0.0574295543228575
  0.00250217637818192      1.99683444941468   -0.0300664059277431 -2.05101357893305e-17  1.56831992703339e-17  -0.00825191013046293    -0.009223158159368 -3.43930339731156e-18 -4.13342842794943e-18   -0.0723637381643344
   0.0238446506746866   -0.0300664059277431      1.71361261878752 -1.44482719074247e-16  1.24834680405671e-16   -0.0790790736323003    -0.086270589058824 -1.11898536478083e-18  1.64010875636571e-16    -0.689467809670591
-2.52051262806236e-17 -2.05101357893305e-17 -1.44482719074247e-16      1.86155698374567 -1.66799342304894e-15  4.82856570687153e-17 -2.36004532088762e-17    -0.284311328149017    -0.415007926297068 -4.32538623459375e-16
 1.39888526406789e-17  1.56831992703339e-17  1.24834680405671e-16 -1.66799342304894e-15      1.86155698374566  5.25165949395752e-17  2.13777646330875e-17    -0.415007926297072     0.284311328149013  3.46091544829391e-16
  0.00664052829853188  -0.00825191013046293   -0.0790790736323003  4.82856570687153e-17  5.25165949395752e-17      1.97678637046777   -0.0207355750349469  2.35243766251817e-16  2.67067267225998e-16    -0.190814249412034
  0.00708502606883544    -0.009223158159368    -0.086270589058824 -2.36004532088762e-17  2.13777646330875e-17   -0.0207355750349469      1.96325126577406 -8.71559099410512e-18  1.40668299667481e-16    -0.206509063522345
-3.09547189910697e-18 -3.43930339731156e-18 -1.11898536478083e-18    -0.284311328149017    -0.415007926297072  2.35243766251817e-16 -8.71559099410512e-18      0.14435743411946  4.32677801450684e-16 -4.12403408202489e-17
-1.77779730570537e-16 -4.13342842794943e-18  1.64010875636571e-16    -0.415007926297068     0.284311328149013  2.67067267225998e-16  1.40668299667481e-16  4.32677801450684e-16     0.144357434119457  4.97476238688135e-17
   0.0574295543228575   -0.0723637381643344    -0.689467809670591 -4.32538623459375e-16  3.46091544829391e-16    -0.190814249412034    -0.206509063522345 -4.12403408202489e-17  4.97476238688135e-17     0.339675112170862
POPULATION (lambda : -1): -0.00650705238320981
TOTAL ENERGY: -119.196114530273	 lambda: -0.9
1RDM (lambda : -0.9): 
     1.99831775075475   0.00212409950579072    0.0207896750782864 -2.33859880711428e-17  1.32909864047862e-17   0.00586265062743823   0.00622067068537683 -1.86608907753969e-18 -1.76763597198201e-16    0.0533462935412271
  0.00212409950579072      1.99730063017201   -0.0263173121874628 -1.78846377542128e-17  1.39490623150297e-17  -0.00729515213926914  -0.00816179304986124 -3.15207499842457e-18 -4.66157463854998e-18   -0.0674725383025256
   0.0207896750782864   -0.0263173121874628      1.74253647398985 -1.30932398308634e-16  1.16171805562362e-16   -0.0718544200100268   -0.0782792868056044  2.53579010188636e-18  1.44321213481597e-16    -0.660284304207227
-2.33859880711428e-17 -1.78846377542128e-17 -1.30932398308634e-16      1.88284917008192  2.32023079499913e-16  2.84110443427199e-17 -2.39039697744143e-17    -0.262190112720001    -0.382717689374225 -4.09176764681496e-16
 1.32909864047862e-17  1.39490623150297e-17  1.16171805562362e-16  2.32023079499913e-16      1.88284917008192  5.45653108632191e-17  2.14395809153618e-17     -0.38271768937423     0.262190112720006  3.35009930413472e-16
  0.00586265062743823  -0.00729515213926914   -0.0718544200100268  2.84110443427199e-17  5.45653108632191e-17      1.97842581710449   -0.0186586456370355  2.18985426630589e-16   1.9469791590956e-16    -0.184805541549406
  0.00622067068537683  -0.00816179304986124   -0.0782792868056044 -2.39039697744143e-17  2.14395809153618e-17   -0.0186586456370355       1.9655749782687 -1.02951411387649e-17  1.23641469831439e-16    -0.199283360966206
-1.86608907753969e-18 -3.15207499842457e-18  2.53579010188636e-18    -0.262190112720001     -0.38271768937423  2.18985426630589e-16 -1.02951411387649e-17     0.123068562614056 -1.72134709089184e-15 -3.84949800341962e-17
-1.76763597198201e-16 -4.66157463854998e-18  1.44321213481597e-16    -0.382717689374225     0.262190112720006   1.9469791590956e-16  1.23641469831439e-16 -1.72134709089184e-15     0.123068562614055  5.08734613505283e-17
   0.0533462935412271   -0.0674725383025256    -0.660284304207227 -4.09176764681496e-16  3.35009930413472e-16    -0.184805541549406    -0.199283360966206 -3.84949800341962e-17  5.08734613505283e-17     0.306008884318275
POPULATION (lambda : -0.9): 0.260338004620116
TOTAL ENERGY: -119.460782358546	 lambda: -0.8
1RDM (lambda : -0.8): 
     1.99861054857738   0.00176091446027326    0.0177024574889578 -2.14412548136496e-17  1.24548809054542e-17    0.0050583515043856   0.00533400008863443 -5.34664740215013e-19 -1.75357566807562e-16    0.0489939163152892
  0.00176091446027326      1.99775076711546   -0.0225049356422301 -1.51806493641682e-17  1.21616019188236e-17  -0.00629933902619607  -0.00706500921136869 -2.84631763495961e-18 -5.21855630338905e-18   -0.0622203461197693
   0.0177024574889578   -0.0225049356422301      1.77385348628571 -1.15228552109038e-16  1.06021019431574e-16   -0.0637923875646225   -0.0694387944369964  6.83343390727294e-18  1.22740409055449e-16    -0.625422120022801
-2.14412548136496e-17 -1.51806493641682e-17 -1.15228552109038e-16      1.90337752332668 -5.74515652758368e-16  1.11827006403235e-17 -2.31235851299113e-17    -0.238241534468264     -0.34776006036124 -3.80830895496375e-16
 1.24548809054542e-17  1.21616019188236e-17  1.06021019431574e-16 -5.74515652758368e-16      1.90337752332667  5.51998672038556e-17  2.07314459860034e-17    -0.347760060361249     0.238241534468267  3.21513824176813e-16
   0.0050583515043856  -0.00629933902619607   -0.0637923875646225  1.11827006403235e-17  5.51998672038556e-17      1.98032943404426   -0.0163103257186218  2.01553577222688e-16  1.16936672520371e-16    -0.177062851897795
  0.00533400008863443  -0.00706500921136869   -0.0694387944369964 -2.31235851299113e-17  2.07314459860034e-17   -0.0163103257186218      1.96822442911726 -1.24911546638908e-17  1.05772374582911e-16    -0.190242157064179
-5.34664740215013e-19 -2.84631763495961e-18  6.83343390727294e-18    -0.238241534468264    -0.347760060361249  2.01553577222688e-16 -1.24911546638908e-17     0.102532195220086 -1.79904038810777e-15 -3.56310151388211e-17
-1.75357566807562e-16 -5.21855630338905e-18  1.22740409055449e-16     -0.34776006036124     0.238241534468267  1.16936672520371e-16  1.05772374582911e-16 -1.79904038810777e-15     0.102532195220084  5.14045350955337e-17
   0.0489939163152892   -0.0622203461197693    -0.625422120022801 -3.80830895496375e-16  3.21513824176813e-16    -0.177062851897795    -0.190242157064179 -3.56310151388211e-17  5.14045350955337e-17     0.269411897766446
POPULATION (lambda : -0.8): 0.572193521189603
TOTAL ENERGY: -119.734496068669	 lambda: -0.7
1RDM (lambda : -0.7): 
     1.99888718291492   0.00141573606580699    0.0146141305804653 -1.93857835903605e-17  1.14800716139488e-17   0.00423499027466277   0.00443302621366471  8.94418251909397e-19  -1.7353265544698e-16    0.0443299533640843
  0.00141573606580699       1.9981810683003   -0.0186646461785016 -1.24257051755018e-17  1.03312335908873e-17  -0.00527245152395437  -0.00594138865914801 -2.51903541304454e-18 -5.80045163768508e-18   -0.0565436861809174
   0.0146141305804653   -0.0186646461785016      1.80739467331371 -9.73615874223589e-17  9.42672083510339e-17   -0.0549061949684537    -0.059763683933302  1.19168638475542e-17  9.93617536179079e-17    -0.583630345532768
-1.93857835903605e-17 -1.24257051755018e-17 -9.73615874223589e-17      1.92272739284634 -1.87908800844767e-15 -2.76742415721694e-18 -2.12735101665976e-17    -0.212491816542877    -0.310173317657095 -3.46273507709853e-16
 1.14800716139488e-17  1.03312335908873e-17  9.42672083510339e-17 -1.87908800844767e-15      1.92272739284633   5.4176798248194e-17   1.9287259704529e-17    -0.310173317657116      0.21249181654288  3.05006357657811e-16
  0.00423499027466277  -0.00527245152395437   -0.0549061949684537 -2.76742415721694e-18   5.4176798248194e-17       1.9825050131832   -0.0136864028547429  1.83037224373291e-16   3.3867035356767e-17    -0.167145668722023
  0.00443302621366471  -0.00594138865914801    -0.059763683933302 -2.12735101665976e-17   1.9287259704529e-17   -0.0136864028547429      1.97120410947317 -1.53737956227138e-17   8.6413096895852e-17    -0.178927254823607
 8.94418251909397e-19 -2.51903541304454e-18  1.19168638475542e-17    -0.212491816542877    -0.310173317657116  1.83037224373291e-16 -1.53737956227138e-17    0.0831647864881194 -2.86401313585023e-15 -3.26416777856503e-17
 -1.7353265544698e-16 -5.80045163768508e-18  9.93617536179079e-17    -0.310173317657095      0.21249181654288   3.3867035356767e-17   8.6413096895852e-17 -2.86401313585023e-15    0.0831647864881128  5.11367597313903e-17
   0.0443299533640843   -0.0565436861809174    -0.583630345532768 -3.46273507709853e-16  3.05006357657811e-16    -0.167145668722023    -0.178927254823607 -3.26416777856503e-17  5.11367597313903e-17     0.230043594145813
POPULATION (lambda : -0.7): 0.937795696209666
TOTAL ENERGY: -120.013025358933	 lambda: -0.6
1RDM (lambda : -0.6): 
      1.9991444645834   0.00109255794641691    0.0115718057998289 -1.72273817254191e-17  1.03647674366701e-17   0.00340522425638835   0.00353121263492754  2.41320370190658e-18 -1.71266775246928e-16    0.0393064844869762
  0.00109255794641691      1.99858652090294    -0.014852650666575 -9.66852790668308e-18  8.47773339756586e-18  -0.00422924335667355  -0.00480656330726253 -2.16704196625814e-18 -6.40272012956494e-18   -0.0503696269224545
   0.0115718057998289    -0.014852650666575      1.84270689762989 -7.76166798217468e-17  8.09178769271011e-17   -0.0452961254669498   -0.0493576444974292  1.79338956737599e-17  7.42074517671862e-17     -0.53346598932344
-1.72273817254191e-17 -9.66852790668308e-18 -7.76166798217468e-17      1.94046063569572  -8.3411241278958e-16 -1.28524850599507e-17 -1.82803027647773e-17    -0.185027356709391    -0.270083573039665 -3.04092554837989e-16
 1.03647674366701e-17  8.47773339756586e-18  8.09178769271011e-17  -8.3411241278958e-16      1.94046063569572  5.12746830908466e-17  1.71009839735062e-17    -0.270083573039667     0.185027356709386  2.84789982264522e-16
  0.00340522425638835  -0.00422924335667355   -0.0452961254669498 -1.28524850599507e-17  5.12746830908466e-17      1.98493437818205   -0.0108084282356778  1.63611241842471e-16 -5.41232294780015e-17    -0.154538229813752
  0.00353121263492754  -0.00480656330726253   -0.0493576444974292 -1.82803027647773e-17  1.71009839735062e-17   -0.0108084282356778      1.97448937603911 -1.88707765614939e-17  6.56591111356758e-17    -0.164800368415598
 2.41320370190658e-18 -2.16704196625814e-18  1.79338956737599e-17    -0.185027356709391    -0.270083573039667  1.63611241842471e-16 -1.88707765614939e-17    0.0654072371426399  6.68441979541469e-16 -2.95045541523068e-17
-1.71266775246928e-16 -6.40272012956494e-18  7.42074517671862e-17    -0.270083573039665     0.185027356709386 -5.41232294780015e-17  6.56591111356758e-17  6.68441979541469e-16    0.0654072371426387   4.9772455774796e-17
   0.0393064844869762   -0.0503696269224545     -0.53346598932344 -3.04092554837989e-16  2.84789982264522e-16    -0.154538229813752    -0.164800368415598 -2.95045541523068e-17   4.9772455774796e-17     0.188402616985869
POPULATION (lambda : -0.6): 1.36718891181689
TOTAL ENERGY: -120.289598291673	 lambda: -0.5
1RDM (lambda : -0.5): 
     1.99937838939259  0.000796532178959924    0.0086443771817655 -1.49618929118948e-17  9.10427199106135e-18   0.00258916515191843   0.00264966029570008  4.00889369354482e-18 -1.68555391842098e-16    0.0338735162732784
 0.000796532178959924      1.99896047297187   -0.0111542482189538 -6.98517585139428e-18  6.63324435288044e-18  -0.00319423057064522  -0.00368633655140203 -1.78636718181192e-18 -7.01397230574828e-18   -0.0436197709464631
   0.0086443771817655   -0.0111542482189538      1.87890782421344 -5.66639525948295e-17  6.61482267186937e-17   -0.0351998695862948   -0.0384651491929052  2.50664591704311e-17  4.74751459156073e-17    -0.473374534688565
-1.49618929118948e-17 -6.98517585139428e-18 -5.66639525948295e-17      1.95613882893013 -5.04914930488729e-16 -1.86444306324044e-17 -1.41588367470047e-17    -0.156003467557463    -0.227717536982868 -2.52755259665561e-16
 9.10427199106135e-18  6.63324435288044e-18  6.61482267186937e-17 -5.04914930488729e-16      1.95613882893013  4.63446310702815e-17  1.42103007901014e-17    -0.227717536982879     0.156003467557466  2.60084317509428e-16
  0.00258916515191843  -0.00319423057064522   -0.0351998695862948 -1.86444306324044e-17  4.63446310702815e-17      1.98755581456325  -0.00774028801076085  1.43538670339062e-16 -1.46413262616606e-16    -0.138676253753339
  0.00264966029570008  -0.00368633655140203   -0.0384651491929052 -1.41588367470047e-17  1.42103007901014e-17  -0.00774028801076085      1.97800849108643 -2.28383214788583e-17  4.38070725533421e-17    -0.147268206044151
 4.00889369354482e-18 -1.78636718181192e-18  2.50664591704311e-17    -0.156003467557463    -0.227717536982879  1.43538670339062e-16 -2.28383214788583e-17    0.0497015240337489 -1.23292590211081e-15 -2.61656800587347e-17
-1.68555391842098e-16 -7.01397230574828e-18  4.74751459156073e-17    -0.227717536982868     0.156003467557466 -1.46413262616606e-16  4.38070725533421e-17 -1.23292590211081e-15    0.0497015240337465  4.69213341309626e-17
   0.0338735162732784   -0.0436197709464631    -0.473374534688565 -2.52755259665561e-16  2.60084317509428e-16    -0.138676253753339    -0.147268206044151 -2.61656800587347e-17  4.69213341309626e-17     0.145508301844693
POPULATION (lambda : -0.5): 1.87126359575697
TOTAL ENERGY: -120.554027745592	 lambda: -0.4
1RDM (lambda : -0.4): 
      1.9995839695235  0.000534246135799502   0.00592834456155591 -1.25639996079526e-17  7.68713542512127e-18   0.00181663281992736   0.00181937672049792  5.66469335013594e-18 -1.65412783382612e-16    0.0279865488321816
 0.000534246135799502      1.99929419787069  -0.00769256880498314 -4.48933653869347e-18  4.84758274500942e-18  -0.00220496659387974  -0.00262010901891068 -1.37319302949431e-18 -7.61633868576771e-18   -0.0362200361082178
  0.00592834456155591  -0.00769256880498314      1.91452304215765 -3.57382408329782e-17  5.03952135661037e-17   -0.0250510616392152   -0.0275317766380973  3.35116270449151e-17  1.95739601397418e-17    -0.401884373386677
-1.25639996079526e-17 -4.48933653869347e-18 -3.57382408329782e-17      1.96935178560804 -5.04528191078332e-16 -1.99866486358832e-17 -9.19304385315402e-18    -0.125649605007612    -0.183410144711129 -1.90780419352386e-16
 7.68713542512127e-18  4.84758274500942e-18  5.03952135661037e-17 -5.04528191078332e-16      1.96935178560803  3.93577055254114e-17   1.0778999771333e-17    -0.183410144711138     0.125649605007613  2.30091027805714e-16
  0.00181663281992736  -0.00220496659387974   -0.0250510616392152 -1.99866486358832e-17  3.93577055254114e-17      1.99024277722851  -0.00460815384453052  1.23161620634022e-16 -2.42212631337994e-16    -0.119016354017375
  0.00181937672049792  -0.00262010901891068   -0.0275317766380973 -9.19304385315402e-18   1.0778999771333e-17  -0.00460815384453052      1.98162119975659 -2.71446005558079e-17  2.08302440449616e-17    -0.125747750454034
 5.66469335013594e-18 -1.37319302949431e-18  3.35116270449151e-17    -0.125649605007612    -0.183410144711138  1.23161620634022e-16 -2.71446005558079e-17    0.0364616015269637 -6.55090925454789e-16   -2.250251552946e-17
-1.65412783382612e-16 -7.61633868576771e-18  1.95739601397418e-17    -0.183410144711129     0.125649605007613 -2.42212631337994e-16  2.08302440449616e-17 -6.55090925454789e-16    0.0364616015269619  4.22049993115188e-17
   0.0279865488321816   -0.0362200361082178    -0.401884373386677 -1.90780419352386e-16  2.30091027805714e-16    -0.119016354017375    -0.125747750454034   -2.250251552946e-17  4.22049993115188e-17     0.103108039193047
POPULATION (lambda : -0.4): 2.46054957389614
TOTAL ENERGY: -120.792050632729	 lambda: -0.3
1RDM (lambda : -0.3): 
     1.99975518281302  0.000313861937397454    0.0035510114980355 -9.98041719128699e-18  6.09182905704547e-18   0.00112854865270675   0.00108272712780982  7.36107258373845e-18 -1.61875241475627e-16    0.0216200234022137
 0.000313861937397454      1.99957662094561  -0.00463438732763381 -2.33829995265822e-18  3.19208708110092e-18  -0.00131438855798439   -0.0016634444318803 -9.25162125856326e-19 -8.18300298677516e-18   -0.0281189869950791
   0.0035510114980355  -0.00463438732763381      1.94736205741881 -1.67825321137215e-17   3.4446049674448e-17   -0.0155265862879642   -0.0172548122315941  4.34284014781547e-17 -8.91793528209766e-18    -0.317965116570444
-9.98041719128699e-18 -2.33829995265822e-18 -1.67825321137215e-17      1.97974970688786 -1.68694574017893e-16 -1.70790874080496e-17 -3.87358399782731e-18   -0.0942676190973216    -0.137602005236984 -1.17134113315822e-16
 6.09182905704547e-18  3.19208708110092e-18   3.4446049674448e-17 -1.68694574017893e-16      1.97974970688786  3.04371011801732e-17  7.06437704360097e-18     -0.13760200523699    0.0942676190973238  1.94162433959081e-16
  0.00112854865270675  -0.00131438855798439   -0.0155265862879642 -1.70790874080496e-17  3.04371011801732e-17      1.99278551346859  -0.00161793891997214  1.02877008463648e-16 -3.40393415690339e-16   -0.0951687782236704
  0.00108272712780982   -0.0016634444318803   -0.0172548122315941 -3.87358399782731e-18  7.06437704360097e-18  -0.00161793891997214      1.98509986120165 -3.15839772023953e-17 -2.91452433399774e-18   -0.0997909159183726
 7.36107258373845e-18 -9.25162125856326e-19  4.34284014781547e-17   -0.0942676190973216     -0.13760200523699  1.02877008463648e-16 -3.15839772023953e-17    0.0260400616130815 -4.57259175674987e-16 -1.83040555700967e-17
-1.61875241475627e-16 -8.18300298677516e-18 -8.91793528209766e-18    -0.137602005236984    0.0942676190973238 -3.40393415690339e-16 -2.91452433399774e-18 -4.57259175674987e-16    0.0260400616130805  3.52716417272954e-17
   0.0216200234022137   -0.0281189869950791    -0.317965116570444 -1.17134113315822e-16  1.94162433959081e-16   -0.0951687782236704   -0.0997909159183726 -1.83040555700967e-17  3.52716417272954e-17    0.0638412271504625
POPULATION (lambda : -0.3): 3.14288563950677
TOTAL ENERGY: -120.985518714676	 lambda: -0.2
1RDM (lambda : -0.2): 
     1.99988521542985  0.000144872990017886   0.00166633361512158 -7.12986767501835e-18  4.28558175297081e-18  0.000575676460297628  0.000492421293796153  9.07805206580754e-18 -1.58002675851444e-16    0.0147866315897838
 0.000144872990017886      1.99979455365985  -0.00218655336467629 -7.29302134353698e-19  1.75965202884212e-18 -0.000589825353348386 -0.000887491009711378 -4.44220854019592e-19 -8.67775810238289e-18   -0.0193154550153859
  0.00166633361512158  -0.00218655336467629      1.97454481751911 -2.41335189154264e-18  1.94585917087721e-17  -0.00754242191828487  -0.00858623226639023  5.48767999745663e-17 -3.71524645291588e-17    -0.221556328355885
-7.12986767501835e-18 -7.29302134353698e-19 -2.41335189154264e-18      1.98707537438686 -1.21585635197076e-16 -1.05140066363105e-17  1.03353600573065e-18   -0.0622171523087191   -0.0908180880919589 -3.17775209200049e-17
 4.28558175297081e-18  1.75965202884212e-18  1.94585917087721e-17 -1.21585635197076e-16      1.98707537438686  1.98898050869192e-17  3.45445885394306e-18   -0.0908180880919716    0.0622171523087239   1.5204733314205e-16
 0.000575676460297628 -0.000589825353348386  -0.00754242191828487 -1.05140066363105e-17  1.98898050869192e-17      1.99489018577578  0.000942474209225398  8.31532073069326e-17 -4.39565504441839e-16   -0.0670978964541737
 0.000492421293796153 -0.000887491009711378  -0.00858623226639023  1.03353600573065e-18  3.45445885394306e-18  0.000942474209225398      1.98812590679835 -3.59538508990647e-17 -2.70316572581835e-17   -0.0692747813653799
 9.07805206580754e-18 -4.44220854019592e-19  5.48767999745663e-17   -0.0622171523087191   -0.0908180880919716  8.31532073069326e-17 -3.59538508990647e-17    0.0186943066981714 -6.20070795669841e-16 -1.32622167298079e-17
-1.58002675851444e-16 -8.67775810238289e-18 -3.71524645291588e-17   -0.0908180880919589    0.0622171523087239 -4.39565504441839e-16 -2.70316572581835e-17 -6.20070795669841e-16    0.0186943066981705  2.59283411641589e-17
   0.0147866315897838   -0.0193154550153859    -0.221556328355885 -3.17775209200049e-17   1.5204733314205e-16   -0.0670978964541737   -0.0692747813653799 -1.32622167298079e-17  2.59283411641589e-17    0.0312199586469677
POPULATION (lambda : -0.2): 3.91983994835727
TOTAL ENERGY: -121.114282571572	 lambda: -0.1
1RDM (lambda : -0.1): 
     1.99996719468879  3.71772717013307e-05  0.000437841353829897 -3.91434307397892e-18  2.22745695504301e-18  0.000212523790291496  0.000105999021780637  1.07999619509816e-17 -1.53870703564281e-16   0.00755793807121168
 3.71772717013307e-05      1.99993388486616  -0.00057484057632356  1.22515811488004e-19   6.5682582385562e-19 -0.000105523571864318 -0.000372200745884239  6.01500781730071e-20 -9.05705690235612e-18  -0.00988998920327866
 0.000437841353829897  -0.00057484057632356      1.99282228282304  4.39139707578251e-18  6.86269459106071e-18  -0.00214469835077011  -0.00263654510194397  6.76989805287401e-17 -6.41280701351026e-17    -0.114151932461101
-3.91434307397892e-18  1.22515811488004e-19  4.39139707578251e-18      1.99118874979053 -6.04362426853036e-17 -1.22000785780375e-18   4.5828758469018e-18   -0.0298817112498509   -0.0436181951673318  6.37089724589401e-17
 2.22745695504301e-18   6.5682582385562e-19  6.86269459106071e-18 -6.04362426853036e-17      1.99118874979053  8.17509125614412e-18  4.31241640047558e-19   -0.0436181951673383    0.0298817112498541  1.04196084324592e-16
 0.000212523790291496 -0.000105523571864318  -0.00214469835077011 -1.22000785780375e-18  8.17509125614412e-18      1.99621550139878   0.00273399284043265  6.43183947192597e-17 -5.38288273512376e-16   -0.0353463864597272
 0.000105999021780637 -0.000372200745884239  -0.00263654510194397   4.5828758469018e-18  4.31241640047558e-19   0.00273399284043265      1.99031969232907 -4.01165005424928e-17 -5.10488091436497e-17    -0.034623848249358
 1.07999619509816e-17  6.01500781730071e-20  6.76989805287401e-17   -0.0298817112498509   -0.0436181951673383  6.43183947192597e-17 -4.01165005424928e-17    0.0145608077289768 -2.28560431911579e-16 -6.99545352638183e-18
-1.53870703564281e-16 -9.05705690235612e-18 -6.41280701351026e-17   -0.0436181951673318    0.0298817112498541 -5.38288273512376e-16 -5.10488091436497e-17 -2.28560431911579e-16    0.0145608077289761  1.43015110858954e-17
  0.00755793807121168  -0.00988998920327866    -0.114151932461101  6.37089724589401e-17  1.04196084324592e-16   -0.0353463864597272    -0.034623848249358 -6.99545352638183e-18  1.43015110858954e-17    0.0092423288551336
POPULATION (lambda : -0.1): 4.78255648563066
TOTAL ENERGY: -121.16019866519	 lambda: 0
1RDM (lambda : 0): 
     1.99999545827821 -6.56356036075151e-07  6.70785278917556e-06 -2.46435459293216e-19 -1.21939929799471e-19  8.56022651902019e-05  -2.5165474507921e-05  1.25196704278306e-17 -1.49557075369923e-16  7.54943025299769e-05
-6.56356036075151e-07      1.99998196713944  -1.2595083275271e-06  2.86270027493246e-20 -1.50246832944291e-20  7.28522719468149e-05 -0.000191471684056928  5.67733983829746e-19 -9.27813468731847e-18 -2.51755438227601e-05
 6.70785278917556e-06  -1.2595083275271e-06      1.99926050990762  9.92707076384723e-19 -1.92211928626886e-18 -0.000269495902108825  -0.00044790423124773  8.14354999218286e-17 -8.88344596336853e-17  0.000849573340085233
-2.46435459293216e-19  2.86270027493246e-20  9.92707076384723e-19      1.99207196683526 -7.12620500674749e-19  9.82141621455574e-18  5.87463424457296e-18   0.00238465826248996   0.00348087463053213   1.6575410237344e-16
-1.21939929799471e-19 -1.50246832944291e-20 -1.92211928626886e-18 -7.12620500674749e-19      1.99207196683526 -4.19899070471677e-18 -1.51953792026321e-18   0.00348087463052627  -0.00238465826248738  5.19843356009984e-17
 8.56022651902019e-05  7.28522719468149e-05 -0.000269495902108825  9.82141621455574e-18 -4.19899070471677e-18      1.99645721646025    0.0034409549816215  4.65262844460437e-17 -6.35205193537939e-16  -0.00116719423371469
 -2.5165474507921e-05 -0.000191471684056928  -0.00044790423124773  5.87463424457296e-18 -1.51953792026321e-18    0.0034409549816215      1.99131654401792 -4.40692417153379e-17  -7.4507572685843e-17   0.00303221333244426
 1.25196704278306e-17  5.67733983829746e-19  8.14354999218286e-17   0.00238465826248996   0.00348087463052627  4.65262844460437e-17 -4.40692417153379e-17     0.013651088844153  9.91014968236094e-18  8.41300804488567e-19
-1.49557075369923e-16 -9.27813468731847e-18 -8.88344596336853e-17   0.00348087463053213  -0.00238465826248738 -6.35205193537939e-16  -7.4507572685843e-17  9.91014968236094e-18     0.013651088844153  9.44818881407571e-19
 7.54943025299769e-05 -2.51755438227601e-05  0.000849573340085233   1.6575410237344e-16  5.19843356009984e-17  -0.00116719423371469   0.00303221333244426  8.41300804488567e-19  9.44818881407571e-19   0.00154219283773786
POPULATION (lambda : 0): 5.70894595793162
TOTAL ENERGY: -121.112324638112	 lambda: 0.1
1RDM (lambda : 0.1): 
     1.99996703170152  3.64655542383459e-05  0.000452903221210704  3.91444164494097e-18 -2.78580016120278e-18  0.000219163150149352  0.000129953508964065  1.42408936463817e-17 -1.45121952276755e-16  -0.00746058672739613
 3.64655542383459e-05      1.99993071322308 -0.000589306177051213 -1.11617369793932e-18 -1.86114738042034e-19 -9.19693127896629e-05  -0.00039288418934009  1.04849350654032e-18 -9.31037087237078e-18    0.0100050527436727
 0.000452903221210704 -0.000589306177051213      1.99212408687378 -1.40160603743089e-17 -5.89658720626514e-18  -0.00243326968885291  -0.00268103739858281  9.53213322203636e-17 -1.10513695933562e-16     0.118392873077473
 3.91444164494097e-18 -1.11617369793932e-18 -1.40160603743089e-17      1.98980466386595  1.16198236248568e-16   2.1949304824295e-17  4.37315156436384e-18    0.0343148281011043    0.0500891952973384  2.69078270561667e-16
-2.78580016120278e-18 -1.86114738042034e-19 -5.89658720626514e-18  1.16198236248568e-16      1.98980466386595 -1.68396562761311e-17 -2.04460231285058e-18     0.050089195297331   -0.0343148281011044 -2.33295924168478e-18
 0.000219163150149352 -9.19693127896629e-05  -0.00243326968885291   2.1949304824295e-17 -1.68396562761311e-17      1.99545747191016   0.00287357393835565  2.96404663563971e-17 -7.29350094990639e-16     0.033583162762582
 0.000129953508964065  -0.00039288418934009  -0.00268103739858281  4.37315156436384e-18 -2.04460231285058e-18   0.00287357393835565      1.99087715649026 -4.79955487943977e-17 -9.70860138899678e-17    0.0419012715702919
 1.42408936463817e-17  1.04849350654032e-18  9.53213322203636e-17    0.0343148281011043     0.050089195297331  2.96404663563971e-17 -4.79955487943977e-17    0.0158801739641116  5.39917727019126e-17  1.03967122290713e-17
-1.45121952276755e-16 -9.31037087237078e-18 -1.10513695933562e-16    0.0500891952973384   -0.0343148281011044 -7.29350094990639e-16 -9.70860138899678e-17  5.39917727019126e-17     0.015880173964112 -1.31710788782589e-17
 -0.00746058672739613    0.0100050527436727     0.118392873077473  2.69078270561667e-16 -2.33295924168478e-18     0.033583162762582    0.0419012715702919  1.03967122290713e-17 -1.31710788782589e-17    0.0102738641410677
POPULATION (lambda : 0.1): 6.66480917670534
TOTAL ENERGY: -120.97079050507	 lambda: 0.2
1RDM (lambda : 0.2): 
     1.99988261633303  0.000148575555123283   0.00176772054957166  8.53380234015605e-18  -5.7576924818988e-18  0.000605614246094354  0.000570899063747106  1.59751086253587e-17 -1.40592706897624e-16   -0.0148293289300848
 0.000148575555123283      1.99977903568524  -0.00234223176742957  -3.2923804861967e-18   1.5934321039333e-19 -0.000594505899639228 -0.000980763149377599  1.46906491032713e-18 -9.14540877017732e-18    0.0198855148738268
  0.00176772054957166  -0.00234223176742957      1.97153112736467 -4.01701487301324e-17 -4.83330667710063e-18  -0.00851452331106695  -0.00935878866667929  1.08440656160073e-16 -1.28873739585326e-16     0.232739270881261
 8.53380234015605e-18  -3.2923804861967e-18 -4.01701487301324e-17      1.98451365599214 -1.68133436071488e-17  3.51358247333179e-17  1.70214429750691e-19     0.065761593243897    0.0959918924510726  3.67768099027049e-16
 -5.7576924818988e-18   1.5934321039333e-19 -4.83330667710063e-18 -1.68133436071488e-17      1.98451365599214 -2.96159727380197e-17 -1.04557450038024e-18    0.0959918924510675    -0.065761593243894 -5.60370635254211e-17
 0.000605614246094354 -0.000594505899639228  -0.00851452331106695  3.51358247333179e-17 -2.96159727380197e-17      1.99327877142313   0.00104801911856357  1.32926993091831e-17 -8.20292470509719e-16    0.0668369530859687
 0.000570899063747106 -0.000980763149377599  -0.00935878866667929  1.70214429750691e-19 -1.04557450038024e-18   0.00104801911856357      1.98898456198053 -5.22403511497162e-17 -1.18681193009246e-16    0.0798466327293676
 1.59751086253587e-17  1.46906491032713e-18  1.08440656160073e-16     0.065761593243897    0.0959918924510675  1.32926993091831e-17 -5.22403511497162e-17    0.0211211951521995  2.75651652344857e-16  2.14855339519772e-17
-1.40592706897624e-16 -9.14540877017732e-18 -1.28873739585326e-16    0.0959918924510726    -0.065761593243894 -8.20292470509719e-16 -1.18681193009246e-16  2.75651652344857e-16    0.0211211951521995 -2.68586925214215e-17
  -0.0148293289300848    0.0198855148738268     0.232739270881261  3.67768099027049e-16 -5.60370635254211e-17    0.0668369530859687    0.0798466327293676  2.14855339519772e-17 -2.68586925214215e-17     0.035274184924727
POPULATION (lambda : 0.2): 7.61006236726465
TOTAL ENERGY: -120.746863778957	 lambda: 0.3
1RDM (lambda : 0.3): 
     1.99974647755991  0.000330569950888118   0.00385456660583721  1.34997883413245e-17 -8.99717712149476e-18   0.00120703741893558   0.00126432950823052  1.77341721783542e-17 -1.35962163267322e-16   -0.0218384391535262
 0.000330569950888118      1.99953319325624  -0.00513965158936624 -6.35657384328609e-18  9.77967965062202e-19  -0.00138707063236753  -0.00191269593989928  1.80299642619409e-18 -8.79977221998252e-18    0.0293312317649381
  0.00385456660583721  -0.00513965158936624      1.93946323858605 -7.51866901933979e-17  6.43992370337467e-19   -0.0177767342248332   -0.0198264084636654  1.19979237183396e-16 -1.44134864568698e-16     0.338801046380991
 1.34997883413245e-17 -6.35657384328609e-18 -7.51866901933979e-17      1.97631925897842  2.31318502099976e-16  5.00206785118261e-17 -5.97616851058671e-18    0.0966852882748037     0.141131065542725  4.56730121065899e-16
-8.99717712149476e-18  9.77967965062202e-19  6.43992370337467e-19  2.31318502099976e-16      1.97631925897842 -4.26994728783095e-17  1.28299779637402e-18      0.14113106554272   -0.0966852882748032 -1.06588597675336e-16
  0.00120703741893558  -0.00138707063236753   -0.0177767342248332  5.00206785118261e-17 -4.26994728783095e-17      1.99018834622241  -0.00180944271424969 -2.98784174762778e-18 -9.08107662085552e-16    0.0968359746864229
  0.00126432950823052  -0.00191269593989928   -0.0198264084636654 -5.97616851058671e-18  1.28299779637402e-18  -0.00180944271424969      1.98586702643917 -5.71906021854584e-17 -1.39449651448573e-16     0.114883212702199
 1.77341721783542e-17  1.80299642619409e-18  1.19979237183396e-16    0.0966852882748037      0.14113106554272 -2.98784174762778e-18 -5.71906021854584e-17    0.0292599442431253  3.86406697126806e-16  3.35847004325299e-17
-1.35962163267322e-16 -8.79977221998252e-18 -1.44134864568698e-16     0.141131065542725   -0.0966852882748032 -9.08107662085552e-16 -1.39449651448573e-16  3.86406697126806e-16     0.029259944243126 -3.90281759902878e-17
  -0.0218384391535262    0.0293312317649381     0.338801046380991  4.56730121065899e-16 -1.06588597675336e-16    0.0968359746864229     0.114883212702199  3.35847004325299e-17 -3.90281759902878e-17    0.0740433114931397
POPULATION (lambda : 0.3): 8.50786648532191
TOTAL ENERGY: -120.45905793852	 lambda: 0.4
1RDM (lambda : 0.4): 
     1.99956526794652  0.000573717594742668   0.00655821770476674  1.86490840515256e-17 -1.24372161861591e-17    0.0019672891111253   0.00215370626852857  1.95228678998975e-17 -1.31200992947589e-16   -0.0283610865744302
 0.000573717594742668      1.99920481171948  -0.00877536754464991 -1.00860607184064e-17  2.18265171816805e-18  -0.00239543919175995   -0.0031123008060707  2.03864698717793e-18 -8.30778600818212e-18    0.0381445034598466
  0.00655821770476674  -0.00877536754464991       1.8991078726427 -1.15711007077136e-16  9.30522867567007e-18    -0.029126282435441   -0.0329645768235984  1.29442953150678e-16 -1.56871308783324e-16       0.4331721753551
 1.86490840515256e-17 -1.00860607184064e-17 -1.15711007077136e-16      1.96530412383615 -2.89626741812734e-17  6.76558104276326e-17 -1.28890801704601e-17     0.127103805593893     0.185532833627661  5.32776928698754e-16
-1.24372161861591e-17  2.18265171816805e-18  9.30522867567007e-18 -2.89626741812734e-17      1.96530412383615 -5.64743136412725e-17  4.52949761787673e-18     0.185532833627655     -0.12710380559389 -1.52175191681847e-16
   0.0019672891111253  -0.00239543919175995    -0.029126282435441  6.76558104276326e-17 -5.64743136412725e-17      1.98655978633927  -0.00534125154786086 -1.96042398851877e-17 -9.93180205276975e-16     0.122508259802331
  0.00215370626852857   -0.0031123008060707   -0.0329645768235984 -1.28890801704601e-17  4.52949761787673e-18  -0.00534125154786086       1.9819254848942 -6.30916807407068e-17 -1.59630348455294e-16     0.145611684211101
 1.95228678998975e-17  2.03864698717793e-18  1.29442953150678e-16     0.127103805593893     0.185532833627655 -1.96042398851877e-17 -6.30916807407068e-17    0.0402226543848916  7.60016606763068e-16  4.59886078475827e-17
-1.31200992947589e-16 -8.30778600818212e-18 -1.56871308783324e-16     0.185532833627661     -0.12710380559389 -9.93180205276975e-16 -1.59630348455294e-16  7.60016606763068e-16    0.0402226543848922 -4.89447192479302e-17
  -0.0283610865744302    0.0381445034598466       0.4331721753551  5.32776928698754e-16 -1.52175191681847e-16     0.122508259802331     0.145611684211101  4.59886078475827e-17 -4.89447192479302e-17     0.122583220015763
POPULATION (lambda : 0.4): 9.33212849004913
TOTAL ENERGY: -120.127687741994	 lambda: 0.5
1RDM (lambda : 0.5): 
     1.99934645424752  0.000867860269768401   0.00970541984769939  2.38053297185409e-17 -1.59985379747879e-17   0.00282744019278226   0.00317451496324827  2.13352538810191e-17 -1.26276527681458e-16   -0.0343449746958035
 0.000867860269768401      1.99880779273385   -0.0130135976213499 -1.42399440981413e-17  3.66881632347706e-18  -0.00354002357276126  -0.00449066075948213  2.17939261841529e-18 -7.71079732016126e-18    0.0462332081793692
  0.00970541984769939   -0.0130135976213499      1.85393611633053  -1.5829241707394e-16  1.97199596641703e-17    -0.041443138595482   -0.0475257281117415  1.36713876495814e-16 -1.67773218843026e-16     0.514426370899423
 2.38053297185409e-17 -1.42399440981413e-17  -1.5829241707394e-16      1.95151384371975  -1.4499553384985e-15   8.9111999410949e-17  -1.9281578903468e-17     0.157035263244226     0.229223643399755  5.94877836263559e-16
-1.59985379747879e-17  3.66881632347706e-18  1.97199596641703e-17  -1.4499553384985e-15      1.95151384371976 -7.13851717607884e-17  8.21149543544097e-18     0.229223643399756    -0.157035263244216 -1.91919793267025e-16
  0.00282744019278226  -0.00354002357276126    -0.041443138595482   8.9111999410949e-17 -7.13851717607884e-17      1.98275570478445  -0.00917094566074477 -3.67190792435933e-17 -1.07585834940156e-15     0.143540575026678
  0.00317451496324827  -0.00449066075948213   -0.0475257281117415  -1.9281578903468e-17  8.21149543544097e-18  -0.00917094566074477      1.97760836599015 -7.01331048505056e-17  -1.7961523112849e-16     0.171392813804472
 2.13352538810191e-17  2.17939261841529e-18  1.36713876495814e-16     0.157035263244226     0.229223643399756 -3.67190792435933e-17 -7.01331048505056e-17    0.0539710372391016  1.15940063213687e-15  5.80160913756972e-17
-1.26276527681458e-16 -7.71079732016126e-18 -1.67773218843026e-16     0.229223643399755    -0.157035263244216 -1.07585834940156e-15  -1.7961523112849e-16  1.15940063213687e-15    0.0539710372390998 -5.63201824507346e-17
  -0.0343449746958035    0.0462332081793692     0.514426370899423  5.94877836263559e-16 -1.91919793267025e-16     0.143540575026678     0.171392813804472  5.80160913756972e-17 -5.63201824507346e-17     0.176575803995817
POPULATION (lambda : 0.5): 10.0701478928135
TOTAL ENERGY: -119.770616262718	 lambda: 0.6
1RDM (lambda : 0.6): 
      1.9990970639085   0.00120325206851732    0.0131376465873698  2.88105918287206e-17 -1.96033002160096e-17   0.00373715068207005   0.00426743475805814  2.31569635011536e-17 -1.21166350301133e-16   -0.0397978462852839
  0.00120325206851732      1.99835564602998   -0.0176359495364454 -1.86079841113213e-17  5.33746125917162e-18  -0.00475201604510942  -0.00596533683907528  2.23991590095816e-18 -7.04660326070504e-18    0.0535936283274087
   0.0131376465873698   -0.0176359495364454      1.80697536759787 -2.00112722759815e-16  3.06033220309762e-17   -0.0538174180360727   -0.0624168015685905  1.41969870273233e-16 -1.77446440899291e-16      0.58276586243174
 2.88105918287206e-17 -1.86079841113213e-17 -2.00112722759815e-16      1.93497925180312 -1.48259217597315e-15  1.15236606348998e-16 -2.41474291181737e-17     0.186459544981001     0.272174131666606  6.43702501728939e-16
-1.96033002160096e-17  5.33746125917162e-18  3.06033220309762e-17 -1.48259217597315e-15      1.93497925180312 -8.78077631777835e-17  1.18898247182279e-17     0.272174131666613    -0.186459544980996 -2.25756628002134e-16
  0.00373715068207005  -0.00475201604510942   -0.0538174180360727  1.15236606348998e-16 -8.78077631777835e-17      1.97905145025573   -0.0129893283364687 -5.43726097714895e-17 -1.15646031440986e-15     0.160202058221899
  0.00426743475805814  -0.00596533683907528   -0.0624168015685905 -2.41474291181737e-17  1.18898247182279e-17   -0.0129893283364687      1.97330262569427 -7.81353216927444e-17 -1.99471046754383e-16     0.192251267321513
 2.31569635011536e-17  2.23991590095816e-18  1.41969870273233e-16     0.186459544981001     0.272174131666613 -5.43726097714895e-17 -7.81353216927444e-17    0.0704778513964173 -4.17525370235385e-17  6.91728110424778e-17
-1.21166350301133e-16 -7.04660326070504e-18 -1.77446440899291e-16     0.272174131666606    -0.186459544980996 -1.15646031440986e-15 -1.99471046754383e-16 -4.17525370235385e-17    0.0704778513964138 -6.12257256094067e-17
  -0.0397978462852839    0.0535936283274087      0.58276586243174  6.43702501728939e-16 -2.25756628002134e-16     0.160202058221899     0.192251267321513  6.91728110424778e-17 -6.12257256094067e-17     0.232303640114616
POPULATION (lambda : 0.6): 10.7206628618878
TOTAL ENERGY: -119.401341395781	 lambda: 0.7
1RDM (lambda : 0.7): 
     1.99882304594695   0.00157155121168755    0.0167276689808347  3.35415358137476e-17 -2.31835072351605e-17   0.00465937595694928    0.0053853988854537  2.49680553144338e-17 -1.15866759343379e-16   -0.0447637980741056
  0.00157155121168755      1.99786000401473    -0.022466080612074 -2.30314435718224e-17  7.10811151885007e-18  -0.00598041442892131   -0.0074707755885354  2.23851027304316e-18 -6.34533958669019e-18    0.0602778067668516
