TOTAL ENERGY: -123.764124794352	 lambda: -1
1RDM (lambda : -1): 
     1.99930029167371  0.000889110285684385    0.0121916243010186  2.16828697441084e-17  3.27430423508024e-18   0.00276946474107506   0.00366435755197654  8.03303756854177e-17 -3.24258428665329e-17    0.0349461360990553
 0.000889110285684385       1.9988542405107   -0.0155955300083115 -2.30824519802127e-18 -2.11851565770208e-17  -0.00337655061326524  -0.00504774337938478 -2.53331755158673e-18 -1.47481976498579e-17   -0.0445811547948154
   0.0121916243010186   -0.0155955300083115       1.7855855005267  2.64679398579557e-17 -1.48530806138139e-16    -0.046955429368619   -0.0654326987644385   1.4027183256358e-16  3.12127422124971e-16    -0.612364055440519
 2.16828697441084e-17 -2.30824519802127e-18  2.64679398579557e-17      1.86468912584337 -9.88721342805467e-15 -2.09561525630357e-16 -5.55361164077388e-18    -0.491389870049347   -0.0213428806016007 -3.49910655368113e-17
 3.27430423508024e-18 -2.11851565770208e-17 -1.48530806138139e-16 -9.88721342805467e-15      1.86468912584324 -1.30841067002206e-16 -1.31815047694705e-16    0.0213428806015762    -0.491389870049581 -6.26564775067154e-16
  0.00276946474107506  -0.00337655061326524    -0.046955429368619 -2.09561525630357e-16 -1.30841067002206e-16      1.98705160977499  -0.00969233433274132 -7.57097761951407e-16 -3.39084428095342e-16    -0.136175623176486
  0.00366435755197654  -0.00504774337938478   -0.0654326987644385 -5.55361164077388e-18 -1.31815047694705e-16  -0.00969233433274132      1.96280268096512  8.88350456168937e-17  -1.4025138437457e-16    -0.184984953682791
 8.03303756854177e-17 -2.53331755158673e-18   1.4027183256358e-16    -0.491389870049347    0.0213428806015762 -7.57097761951407e-16  8.88350456168937e-17     0.144727615754381  4.06318754513551e-15  4.58120162675293e-18
-3.24258428665329e-17 -1.47481976498579e-17  3.12127422124971e-16   -0.0213428806016007    -0.491389870049581 -3.39084428095342e-16  -1.4025138437457e-16  4.06318754513551e-15     0.144727615754516  1.12886677849363e-16
   0.0349461360990553   -0.0445811547948154    -0.612364055440519 -3.49910655368113e-17 -6.26564775067154e-16    -0.136175623176486    -0.184984953682791  4.58120162675293e-18  1.12886677849363e-16     0.247572193353305
POPULATION (lambda : -1): 2.41469658852001
TOTAL ENERGY: -123.972940353453	 lambda: -0.9
1RDM (lambda : -0.9): 
     1.99941393274733  0.000746275941930539     0.010433746040339  1.93320381766279e-17  3.01336082683849e-18   0.00243222969926565   0.00316016944459992  7.91023219165147e-17 -3.22146166453576e-17    0.0322338156172932
 0.000746275941930539      1.99903374519702   -0.0133945430184224 -2.09983432009074e-18 -1.89516958183472e-17  -0.00295061558574373  -0.00440996779279233 -2.36591274416561e-18 -1.32580812208491e-17   -0.0412452911756316
    0.010433746040339   -0.0133945430184224      1.81199698277336  2.04583496980049e-17 -1.40884134724324e-16   -0.0418820730396124   -0.0578612891193851  1.29004498641907e-16  3.07349414315644e-16    -0.578014004640504
 1.93320381766279e-17 -2.09983432009074e-18  2.04583496980049e-17      1.88664925695523  -9.1760911125848e-15 -1.65559984319225e-16 -7.25508321726225e-18    -0.448674484347218   -0.0194875933080895 -3.71433468514697e-17
 3.01336082683849e-18 -1.89516958183472e-17 -1.40884134724324e-16  -9.1760911125848e-15      1.88664925695513 -9.91177431843527e-17 -1.35278798859304e-16     0.019487593308062    -0.448674484347415 -6.33317484358907e-16
  0.00243222969926565  -0.00295061558574373   -0.0418820730396124 -1.65559984319225e-16 -9.91177431843527e-17      1.98776543290468  -0.00828596718748418 -6.52803454628918e-16 -2.39946294312783e-16    -0.131249980371508
  0.00316016944459992  -0.00440996779279233   -0.0578612891193851 -7.25508321726225e-18 -1.35278798859304e-16  -0.00828596718748418      1.96545915740416  8.61678191964776e-17  -1.9740246082328e-16    -0.175909267778244
 7.91023219165147e-17 -2.36591274416561e-18  1.29004498641907e-16    -0.448674484347218     0.019487593308062 -6.52803454628918e-16  8.61678191964776e-17     0.122573012011011  4.81341130892224e-15  1.71256176693616e-18
-3.22146166453576e-17 -1.32580812208491e-17  3.07349414315644e-16   -0.0194875933080895    -0.448674484347415 -2.39946294312783e-16  -1.9740246082328e-16  4.81341130892224e-15     0.122573012011114  9.93783064422931e-17
   0.0322338156172932   -0.0412452911756316    -0.578014004640504 -3.71433468514697e-17 -6.33317484358907e-16    -0.131249980371508    -0.175909267778244  1.71256176693616e-18  9.93783064422931e-17     0.217886211040983
POPULATION (lambda : -0.9): 2.63472848844327
TOTAL ENERGY: -124.182682437456	 lambda: -0.8
1RDM (lambda : -0.8): 
     1.99952100187862   0.00061098185587297   0.00870603910282601  1.69750036117962e-17  2.73102399467272e-18   0.00208575966798824   0.00265498370273053  7.76871383171299e-17 -3.18987650989396e-17    0.0293671392937725
  0.00061098185587297       1.9992046923686   -0.0112185384735698  -1.9122004382503e-18 -1.67046968134108e-17  -0.00251018619603191   -0.0037661952931867 -2.19509728982263e-18 -1.17017568383652e-17   -0.0376916859535513
  0.00870603910282601   -0.0112185384735698      1.83921776406909  1.48345373837805e-17 -1.31275440856878e-16   -0.0363727543950992   -0.0498515188870448  1.17569132573333e-16  3.02900578355441e-16    -0.538806446218635
 1.69750036117962e-17  -1.9122004382503e-18  1.48345373837805e-17       1.9070741855111 -7.59977453468486e-15 -1.25964918011535e-16 -9.74352197766126e-18    -0.403348033553841   -0.0175188978357722 -3.99182070358555e-17
 2.73102399467272e-18 -1.67046968134108e-17 -1.31275440856878e-16 -7.59977453468486e-15      1.90707418551101 -7.10148870302523e-17 -1.35675034173243e-16    0.0175188978357472    -0.403348033554048 -6.38125881832708e-16
  0.00208575966798824  -0.00251018619603191   -0.0363727543950992 -1.25964918011535e-16 -7.10148870302523e-17       1.9886154616176  -0.00673591635858777 -5.42889956977779e-16 -1.36324120431625e-16    -0.124869106000972
  0.00265498370273053   -0.0037661952931867   -0.0498515188870448 -9.74352197766126e-18 -1.35675034173243e-16  -0.00673591635858777      1.96833380911844  7.88177829966583e-17 -2.57672859147405e-16    -0.165036413908733
 7.76871383171299e-17 -2.19509728982263e-18  1.17569132573333e-16    -0.403348033553841    0.0175188978357472 -5.42889956977779e-16  7.88177829966583e-17     0.101939579827905  3.56259103121702e-15 -7.48082322842261e-19
-3.18987650989396e-17 -1.17017568383652e-17  3.02900578355441e-16   -0.0175188978357722    -0.403348033554048 -1.36324120431625e-16 -2.57672859147405e-16  3.56259103121702e-15     0.101939579827999  8.50534161935722e-17
   0.0293671392937725   -0.0376916859535513    -0.538806446218635 -3.99182070358555e-17 -6.38125881832708e-16    -0.124869106000972    -0.165036413908733 -7.48082322842261e-19  8.50534161935722e-17      0.18707974026966
POPULATION (lambda : -0.8): 2.88176067207897
TOTAL ENERGY: -124.389787959321	 lambda: -0.7
1RDM (lambda : -0.7): 
     1.99962049021186  0.000484539459335485   0.00703150362517596  1.46339266923568e-17  2.40959741990381e-18   0.00173593018004466   0.00215645739957352  7.60839303761005e-17 -3.14977350379965e-17    0.0263322962758456
 0.000484539459335485      1.99936537849796  -0.00909632729211713 -1.73785315802699e-18 -1.44497867225727e-17  -0.00206243920260311  -0.00312587847700068  -2.0193608160457e-18 -1.00726280178879e-17     -0.03389762215605
  0.00703150362517596  -0.00909632729211713      1.86684920129604  9.79520155196186e-18 -1.19468500559769e-16   -0.0305151060837271    -0.041519730648827  1.06133203891308e-16  2.99216640010046e-16    -0.494094260619619
 1.46339266923568e-17 -1.73785315802699e-18  9.79520155196186e-18      1.92557815857197 -6.31285837299977e-15 -9.15014501209992e-17 -1.21266237335265e-17    -0.355734948138445   -0.0154508851462706 -4.34486030188827e-17
 2.40959741990381e-18 -1.44497867225727e-17 -1.19468500559769e-16 -6.31285837299977e-15       1.9255781585719 -4.69445436950092e-17 -1.31972758788658e-16    0.0154508851462458    -0.355734948138629 -6.40480145898803e-16
  0.00173593018004466  -0.00206243920260311   -0.0305151060837271 -9.15014501209992e-17 -4.69445436950092e-17       1.9895882774398  -0.00506494352667919  -4.2776769509043e-16 -2.82936310458567e-17    -0.116808940507082
  0.00215645739957352  -0.00312587847700068    -0.041519730648827 -1.21266237335265e-17 -1.31972758788658e-16  -0.00506494352667919      1.97138381228245  6.81531364640235e-17 -3.18670640857803e-16    -0.152098911306078
 7.60839303761005e-17  -2.0193608160457e-18  1.06133203891308e-16    -0.355734948138445    0.0154508851462458  -4.2776769509043e-16  6.81531364640235e-17    0.0832185786597028  3.22804691443689e-15 -2.91130411236294e-18
-3.14977350379965e-17 -1.00726280178879e-17  2.99216640010046e-16   -0.0154508851462706    -0.355734948138629 -2.82936310458567e-17 -3.18670640857803e-16  3.22804691443689e-15    0.0832185786597739   6.9909361838343e-17
   0.0263322962758456     -0.03389762215605    -0.494094260619619 -4.34486030188827e-17 -6.40480145898803e-16    -0.116808940507082    -0.152098911306078 -2.91130411236294e-18   6.9909361838343e-17     0.155599365808598
POPULATION (lambda : -0.7): 3.15824192719879
TOTAL ENERGY: -124.5898785659	 lambda: -0.6
1RDM (lambda : -0.6): 
      1.9997112408639  0.000368488597107007   0.00543928202219587  1.23315097912403e-17  2.03931698210861e-18    0.0013907435620913   0.00167476775512738  7.43010813195663e-17 -3.10271995150036e-17    0.0231167273967492
 0.000368488597107007      1.99951375287109  -0.00706534218724662  -1.5707852851259e-18 -1.22011024158371e-17  -0.00161741421684593  -0.00250198201311901 -1.83952076259174e-18 -8.36890348169853e-18   -0.0298417187970559
  0.00543928202219587  -0.00706534218724662      1.89431316472813  5.51858436902142e-18 -1.05389803324781e-16   -0.0244528462040233   -0.0330506801955813  9.48469687397473e-17  2.96688112767183e-16    -0.443243342625657
 1.23315097912403e-17  -1.5707852851259e-18  5.51858436902142e-18       1.9418347030163 -5.91864117268497e-15 -6.27654407982006e-17 -1.38907106455948e-17    -0.306227594989027   -0.0133005976384414 -4.78021275948924e-17
 2.03931698210861e-18 -1.22011024158371e-17 -1.05389803324781e-16 -5.91864117268497e-15      1.94183470301623 -2.72684033104245e-17 -1.23772646646715e-16    0.0133005976384148    -0.306227594989246 -6.39785118506649e-16
   0.0013907435620913  -0.00161741421684593   -0.0244528462040233 -6.27654407982006e-17 -2.72684033104245e-17       1.9906539643507  -0.00331398612501934 -3.08011802588016e-16  8.38971828564801e-17    -0.106851757129109
  0.00167476775512738  -0.00250198201311901   -0.0330506801955813 -1.38907106455948e-17 -1.23772646646715e-16  -0.00331398612501934      1.97454060042114  5.51004249068055e-17 -3.78657361985338e-16    -0.136839237734859
 7.43010813195663e-17 -1.83952076259174e-18  9.48469687397473e-17    -0.306227594989027    0.0133005976384148 -3.08011802588016e-16  5.51004249068055e-17    0.0667424638491677  2.80652262094188e-15 -4.75494828961945e-18
-3.10271995150036e-17 -8.36890348169853e-18  2.96688112767183e-16   -0.0133005976384414    -0.306227594989246  8.38971828564801e-17 -3.78657361985338e-16  2.80652262094188e-15    0.0667424638492397  5.42517549534874e-17
   0.0231167273967492   -0.0298417187970559    -0.443243342625657 -4.78021275948924e-17 -6.39785118506649e-16    -0.106851757129109    -0.136839237734859 -4.75494828961945e-18  5.42517549534874e-17      0.12411294303416
POPULATION (lambda : -0.6): 3.46649474163399
TOTAL ENERGY: -124.777682270765	 lambda: -0.5
1RDM (lambda : -0.5): 
     1.99979194458613  0.000264608524625926   0.00396532854421321  1.00887883580713e-17  1.61896826981753e-18    0.0010605413189274   0.00122283426012767  7.23550821094471e-17 -3.04984227132185e-17    0.0197110606574842
 0.000264608524625926      1.99964739436291  -0.00517272546118722 -1.40479742238853e-18 -9.97953582177233e-18  -0.00118835527426224  -0.00191138459382422  -1.6568319486039e-18  -6.5911023718337e-18   -0.0255065107506913
  0.00396532854421321  -0.00517272546118722      1.92081785823419  2.15936874445811e-18  -8.9162739911653e-17   -0.0183967387110391    -0.024710863661838  8.38299472506084e-17  2.95628260965908e-16    -0.385705287539628
 1.00887883580713e-17 -1.40479742238853e-18  2.15936874445811e-18      1.95559357353128 -4.91932885246278e-15 -4.03407528305559e-17 -1.49392253194587e-17    -0.255259849003456   -0.0110868812102387 -5.29547356090453e-17
 1.61896826981753e-18 -9.97953582177233e-18  -8.9162739911653e-17 -4.91932885246278e-15      1.95559357353121 -1.24909639309203e-17 -1.11399894190381e-16    0.0110868812102122    -0.255259849003687 -6.35373249207515e-16
   0.0010605413189274  -0.00118835527426224   -0.0183967387110391 -4.03407528305559e-17 -1.24909639309203e-17       1.9917619573085  -0.00154604608558844 -1.84942470005154e-16  1.98904274923515e-16   -0.0948097716911761
  0.00122283426012767  -0.00191138459382422    -0.024710863661838 -1.49392253194587e-17 -1.11399894190381e-16  -0.00154604608558844      1.97770543647004  3.93705496136696e-17 -4.37986451520387e-16    -0.119039507292796
 7.23550821094471e-17  -1.6568319486039e-18  8.38299472506084e-17    -0.255259849003456    0.0110868812102122 -1.84942470005154e-16  3.93705496136696e-17    0.0527673748990466  2.21851207927757e-15 -6.08598143144311e-18
-3.04984227132185e-17  -6.5911023718337e-18  2.95628260965908e-16   -0.0110868812102387    -0.255259849003687  1.98904274923515e-16 -4.37986451520387e-16  2.21851207927757e-15    0.0527673748991098  3.87645637296143e-17
   0.0197110606574842   -0.0255065107506913    -0.385705287539628 -5.29547356090453e-17 -6.35373249207515e-16   -0.0948097716911761    -0.119039507292796 -6.08598143144311e-18  3.87645637296143e-17    0.0935535121775749
POPULATION (lambda : -0.5): 3.8084790571672
TOTAL ENERGY: -124.94701078883	 lambda: -0.4
1RDM (lambda : -0.4): 
     1.99986115398635  0.000174904942770283   0.00265241574421374  7.92204486660957e-18  1.15419082207863e-18  0.000758004839062656  0.000816264978329349  7.02655174610479e-17 -2.99221614646786e-17    0.0161118463138714
 0.000174904942770283      1.99976351961995  -0.00347558114513831 -1.23204601002675e-18 -7.81088873757227e-18  -0.00079178960953342  -0.00137493250490627 -1.47332972633144e-18 -4.74358568640557e-18   -0.0208821377487202
  0.00265241574421374  -0.00347558114513831      1.94534066228181 -1.30568045389349e-19 -7.11062100569927e-17   -0.0126304035002977   -0.0168554468208786   7.3167177391664e-17  2.96216550269368e-16    -0.321122400898549
 7.92204486660957e-18 -1.23204601002675e-18 -1.30568045389349e-19      1.96668789551027  -3.7155396447867e-15 -2.45695213893192e-17 -1.50423435173389e-17      -0.2032776341128  -0.00882910209733005 -5.88648150472756e-17
 1.15419082207863e-18 -7.81088873757227e-18 -7.11062100569927e-17  -3.7155396447867e-15      1.96668789551023 -2.97203050688956e-18 -9.50812149364492e-17   0.00882910209730371    -0.203277634112999 -6.26691158321801e-16
 0.000758004839062656  -0.00079178960953342   -0.0126304035002977 -2.45695213893192e-17 -2.97203050688956e-18      1.99283830953634  0.000151629903465905 -5.98736557195757e-17  3.15307374766822e-16   -0.0805601093194009
 0.000816264978329349  -0.00137493250490627   -0.0168554468208786 -1.50423435173389e-17 -9.50812149364492e-17  0.000151629903465905       1.9807474978311  2.11800443124235e-17 -4.96341305302091e-16    -0.098563523676929
 7.02655174610479e-17 -1.47332972633144e-18   7.3167177391664e-17      -0.2032776341128   0.00882910209730371 -5.98736557195757e-17  2.11800443124235e-17    0.0414652793844988  1.85666462000228e-15 -6.75492450100158e-18
-2.99221614646786e-17 -4.74358568640557e-18  2.96216550269368e-16  -0.00882910209733005    -0.203277634112999  3.15307374766822e-16 -4.96341305302091e-16  1.85666462000228e-15    0.0414652793845422   2.4159413873246e-17
   0.0161118463138714   -0.0208821377487202    -0.321122400898549 -5.88648150472756e-17 -6.26691158321801e-16   -0.0805601093194009    -0.098563523676929 -6.75492450100158e-18   2.4159413873246e-17    0.0651425069549265
POPULATION (lambda : -0.4): 4.18541689798131
TOTAL ENERGY: -125.090875785852	 lambda: -0.3
1RDM (lambda : -0.3): 
     1.99991732993549  0.000101554948024163   0.00154893977731823   5.8422909472491e-18     6.57587198718e-19  0.000497760688618241  0.000472831404777668  6.80534494656118e-17 -2.93067386647573e-17    0.0123249447389964
 0.000101554948024163      1.99985904739443  -0.00203966689399271  -1.0443623457489e-18  -5.7271379834251e-18 -0.000447098880315735 -0.000916870350842578 -1.29313990127291e-18 -2.83800224080062e-18   -0.0159710245203565
  0.00154893977731823  -0.00203966689399271      1.96664633528549 -1.20182837581191e-18 -5.17361990796382e-17  -0.00750496066648735  -0.00992202447507056  6.29453632271191e-17  2.98507468587743e-16    -0.249460526235175
  5.8422909472491e-18  -1.0443623457489e-18 -1.20182837581191e-18      1.97503194924649 -2.85854325911402e-15 -1.54624130284943e-17 -1.39585889132412e-17    -0.150709058356619  -0.00654585218911661 -6.54448823482127e-17
    6.57587198718e-19  -5.7271379834251e-18 -5.17361990796382e-17 -2.85854325911402e-15      1.97503194924645  1.21559747442738e-18  -7.5085294935937e-17    0.0065458521890894    -0.150709058356835 -6.13359998346508e-16
 0.000497760688618241 -0.000447098880315735  -0.00750496066648735 -1.54624130284943e-17  1.21559747442738e-18      1.99378637135012   0.00166906754071263  6.65374434344125e-17  4.32589719528146e-16   -0.0640901291107021
 0.000472831404777668 -0.000916870350842578  -0.00992202447507056 -1.39585889132412e-17  -7.5085294935937e-17   0.00166906754071263      1.98350695845882  1.11671894148238e-18 -5.52842905165808e-16   -0.0754098466297135
 6.80534494656118e-17 -1.29313990127291e-18  6.29453632271191e-17    -0.150709058356619    0.0065458521890894  6.65374434344125e-17  1.11671894148238e-18    0.0329254547695093  1.38481823096133e-15  -6.6590930153731e-18
-2.93067386647573e-17 -2.83800224080062e-18  2.98507468587743e-16  -0.00654585218911661    -0.150709058356835  4.32589719528146e-16 -5.52842905165808e-16  1.38481823096133e-15    0.0329254547695438  1.11322458651054e-17
   0.0123249447389964   -0.0159710245203565    -0.249460526235175 -6.54448823482127e-17 -6.13359998346508e-16   -0.0640901291107021   -0.0754098466297135  -6.6590930153731e-18  1.11322458651054e-17    0.0403691495436898
POPULATION (lambda : -0.3): 4.59727831087177
TOTAL ENERGY: -125.201843113366	 lambda: -0.2
1RDM (lambda : -0.2): 
     1.99995893331618  4.67910093729176e-05  0.000705986947249467  3.85653621412633e-18  1.49201088854957e-19  0.000295395028603898  0.000211272791235351  6.57417207998291e-17 -2.86530966330085e-17   0.00836901137230063
 4.67910093729176e-05      1.99993074661021  -0.00093575922968304 -8.34084656291146e-19 -3.76561063140055e-18 -0.000175310937869378 -0.000563349578103043 -1.12174879401114e-18 -8.93691315191505e-19    -0.010792899221072
 0.000705986947249467  -0.00093575922968304      1.98336031729262 -9.49473846050537e-19 -3.17860718773537e-17  -0.00341575602470386  -0.00440365131136854  5.31762434729716e-17  3.02293561892495e-16    -0.171150225432771
 3.85653621412633e-18 -8.34084656291146e-19 -9.49473846050537e-19      1.98061111146638 -1.85272673814327e-15 -1.29621635574018e-17 -1.15789783762568e-17    -0.097935747409266  -0.00425371202221484 -7.25092298781844e-17
 1.49201088854957e-19 -3.76561063140055e-18 -3.17860718773537e-17 -1.85272673814327e-15      1.98061111146635 -2.91497333190976e-20  -5.1917372920976e-17   0.00425371202218729   -0.0979357474094867 -5.95203806485791e-16
 0.000295395028603898 -0.000175310937869378  -0.00341575602470386 -1.29621635574018e-17 -2.91497333190976e-20       1.9944932468503   0.00288101551863938  1.93290412046883e-16  5.49748078230976e-16   -0.0455462508890607
 0.000211272791235351 -0.000563349578103043  -0.00440365131136854 -1.15789783762568e-17  -5.1917372920976e-17   0.00288101551863938       1.9858058721056 -2.06182467505881e-17 -6.07266689441217e-16   -0.0497686809086044
 6.57417207998291e-17 -1.12174879401114e-18  5.31762434729716e-17    -0.097935747409266   0.00425371202218729  1.93290412046883e-16 -2.06182467505881e-17    0.0271640395403331  8.82107807876373e-16 -5.66595975567151e-18
-2.86530966330085e-17 -8.93691315191505e-19  3.02293561892495e-16  -0.00425371202221484   -0.0979357474094867  5.49748078230976e-16 -6.07266689441217e-16  8.82107807876373e-16    0.0271640395403559  4.29875092906629e-19
  0.00836901137230063    -0.010792899221072    -0.171150225432771 -7.25092298781844e-17 -5.95203806485791e-16   -0.0455462508890607   -0.0497686809086044 -5.66595975567151e-18  4.29875092906629e-19    0.0209005818116999
POPULATION (lambda : -0.2): 5.04219471018734
TOTAL ENERGY: -125.272690554109	 lambda: -0.1
1RDM (lambda : -0.1): 
     1.99998456663874  1.27146508114299e-05   0.00017241780870334  1.96842735360102e-18 -3.45870009078971e-19  0.000165781709024059  4.93349050064504e-05  6.33529850502776e-17 -2.79531273112254e-17   0.00427803526604259
 1.27146508114299e-05       1.9999754852364 -0.000233258160050236 -5.95131425230913e-19 -1.96642041332775e-18  3.04499176451338e-06 -0.000339832639504825   -9.657092930865e-19  1.06243346802482e-18  -0.00538880895367171
  0.00017241780870334 -0.000233258160050236      1.99410877405414  6.69812770863702e-19  -1.2152952654839e-17 -0.000757133344151477 -0.000796224243633768  4.37799916205776e-17  3.07044352430701e-16   -0.0871983199352878
 1.96842735360102e-18 -5.95131425230913e-19  6.69812770863702e-19      1.98346546947493 -8.36741045519462e-16 -1.69106497937452e-17 -7.83531332847849e-18   -0.0452674082701059  -0.00196613105524813 -7.97836187294248e-17
-3.45870009078971e-19 -1.96642041332775e-18  -1.2152952654839e-17 -8.36741045519462e-16      1.98346546947492 -6.78707366304196e-18 -2.61595627851858e-17   0.00196613105522047   -0.0452674082703228 -5.72342212827971e-16
 0.000165781709024059  3.04499176451338e-06 -0.000757133344151477 -1.69106497937452e-17 -6.78707366304196e-18      1.99484360256338   0.00366174124174634  3.19476326762023e-16  6.65663479138992e-16   -0.0252717605802191
 4.93349050064504e-05 -0.000339832639504825 -0.000796224243633768 -7.83531332847849e-18 -2.61595627851858e-17   0.00366174124174634      1.98746863198785 -4.38466047416188e-17 -6.59571769461179e-16   -0.0220677770628787
 6.33529850502776e-17   -9.657092930865e-19  4.37799916205776e-17   -0.0452674082701059   0.00196613105522047  3.19476326762023e-16 -4.38466047416188e-17     0.024140496134988  3.74746590453339e-16 -3.69068429538571e-18
-2.79531273112254e-17  1.06243346802482e-18  3.07044352430701e-16  -0.00196613105524813   -0.0452674082703228  6.65663479138992e-16 -6.59571769461179e-16  3.74746590453339e-16    0.0241404961349988 -7.32206459284512e-18
  0.00427803526604259  -0.00538880895367171   -0.0871983199352878 -7.97836187294248e-17 -5.72342212827971e-16   -0.0252717605802191   -0.0220677770628787 -3.69068429538571e-18 -7.32206459284512e-18   0.00840700829965547
POPULATION (lambda : -0.1): 5.51595083278598
TOTAL ENERGY: -125.297332465662	 lambda: 0
1RDM (lambda : 0): 
     1.99999315137777  1.05396217742752e-06 -1.16040813916243e-05  1.79395175394919e-19 -8.01298780145124e-19  0.000120883616751924   1.1986561398342e-06  6.09061416723755e-17 -2.71914919024838e-17  0.000101594250726257
 1.05396217742752e-06      1.99999056695728  8.55095611884207e-06 -3.24662614956197e-19 -3.69095282648553e-19  7.08539860662872e-05 -0.000267537950843199 -8.33129638000065e-19  2.99586107480836e-18  0.000177711006001508
-1.16040813916243e-05  8.55095611884207e-06      1.99771575858569  3.62449459341901e-18  6.20775509364254e-18  0.000141079502155234   0.00047699179641371  3.46536930892422e-17  3.11991587967903e-16  0.000781054708696762
 1.79395175394919e-19 -3.24662614956197e-19  3.62449459341901e-18      1.98366869152468   1.4387372738594e-16 -2.70528346535374e-17   -2.698693079999e-18   0.00707637544695949  0.000307353166510124 -8.69263596054754e-17
-8.01298780145124e-19 -3.69095282648553e-19  6.20775509364254e-18   1.4387372738594e-16      1.98366869152468 -1.90614126365633e-17  1.59459116337427e-18 -0.000307353166537696   0.00707637544674439 -5.45247695367933e-16
 0.000120883616751924  7.08539860662872e-05  0.000141079502155234 -2.70528346535374e-17 -1.90614126365633e-17      1.99473979084395   0.00390609834205459  4.44784570795784e-16  7.79618805338812e-16  -0.00381413382147106
  1.1986561398342e-06 -0.000267537950843199   0.00047699179641371   -2.698693079999e-18  1.59459116337427e-18   0.00390609834205459      1.98835091145274 -6.84225860798681e-17 -7.09840016947707e-16   0.00701345556082611
 6.09061416723755e-17 -8.33129638000065e-19  3.46536930892422e-17   0.00707637544695949 -0.000307353166537696  4.44784570795784e-16 -6.84225860798681e-17    0.0237796120100516 -8.08871426524326e-17 -7.27249498509178e-19
-2.71914919024838e-17  2.99586107480836e-18  3.11991587967903e-16  0.000307353166510124   0.00707637544674439  7.79618805338812e-16 -7.09840016947707e-16 -8.08871426524326e-17     0.023779612010051 -1.17516832318178e-17
 0.000101594250726257  0.000177711006001508  0.000781054708696762 -8.69263596054754e-17 -5.45247695367933e-16  -0.00381413382147106   0.00701345556082611 -7.27249498509178e-19 -1.17516832318178e-17   0.00431321371310572
POPULATION (lambda : 0): 6.01177269559859
TOTAL ENERGY: -125.27182409996	 lambda: 0.1
1RDM (lambda : 0.1): 
     1.99998410334705  1.29113116709283e-05  0.000178682433262236 -1.50908470290184e-18 -1.19348988923239e-18  0.000167527186839067  7.48050027625459e-05   5.8416338093704e-17 -2.63463826240596e-17  -0.00409824879416102
 1.29113116709283e-05      1.99997409751294  -0.00025006175006831 -2.38168835300751e-20  9.92475256908476e-19  1.74799026037092e-05  -0.00035957195301039 -7.31743384979361e-19  4.86763490893023e-18   0.00582396690964034
 0.000178682433262236  -0.00025006175006831      1.99341747190362  7.78105308083684e-18  2.24041480272351e-17 -0.000919188964368885 -0.000850887893474075  2.56020020727731e-17  3.16142455823639e-16    0.0906597664580399
-1.50908470290184e-18 -2.38168835300751e-20  7.78105308083684e-18      1.98130475059609   1.0992310393382e-15 -4.32044010749412e-17  3.83295101379086e-18    0.0589714946153445   0.00256135019190166 -9.35645840581532e-17
-1.19348988923239e-18  9.92475256908476e-19  2.24041480272351e-17   1.0992310393382e-15       1.9813047505961 -3.68567179522708e-17  3.08221864458592e-17  -0.00256135019192871    0.0589714946151308 -5.14743071112539e-16
 0.000167527186839067  1.74799026037092e-05 -0.000919188964368885 -4.32044010749412e-17 -3.68567179522708e-17      1.99412340069137   0.00355218492307392    5.687826088042e-16  8.90889052672664e-16    0.0181142454225793
 7.48050027625459e-05  -0.00035957195301039 -0.000850887893474075  3.83295101379086e-18  3.08221864458592e-17   0.00355218492307392      1.98837135822423 -9.43853779308475e-17 -7.58489572468714e-16     0.036581121676772
  5.8416338093704e-17 -7.31743384979361e-19  2.56020020727731e-17    0.0589714946153445  -0.00256135019192871    5.687826088042e-16 -9.43853779308475e-17    0.0259962610458224 -5.62138529079786e-16  3.14626601738581e-18
-2.63463826240596e-17  4.86763490893023e-18  3.16142455823639e-16   0.00256135019190166    0.0589714946151308  8.90889052672664e-16 -7.58489572468714e-16 -5.62138529079786e-16    0.0259962610458102 -1.28245060740231e-17
 -0.00409824879416102   0.00582396690964034    0.0906597664580399 -9.35645840581532e-17 -5.14743071112539e-16    0.0181142454225793     0.036581121676772  3.14626601738581e-18 -1.28245060740231e-17   0.00952754503698457
POPULATION (lambda : 0.1): 6.52061580783749
TOTAL ENERGY: -125.19513674895	 lambda: 0.2
1RDM (lambda : 0.2): 
     1.99995745308135    4.857234839525e-05  0.000747664483040214 -3.09442660124198e-18 -1.50642721864744e-18   0.00030587932202557  0.000269865582090409  5.58930923272053e-17 -2.53925515966139e-17  -0.00825346580336409
   4.857234839525e-05      1.99992528331064   -0.0010217679094595  3.01542267211101e-19  2.09347955011865e-18 -0.000158985901232402 -0.000617848447146561 -6.66953592119502e-19  6.64416358567203e-18    0.0114563374543149
 0.000747664483040214   -0.0010217679094595      1.98102947423646  1.29158430038072e-17  3.57293537229586e-17  -0.00395579463318743  -0.00482339982709628  1.64511388895081e-17  3.18547940200615e-16     0.180021833677339
-3.09442660124198e-18  3.01542267211101e-19  1.29158430038072e-17      1.97644661175304  2.07566372084724e-15 -6.52275864253436e-17   1.1702466261411e-17     0.110377516245193    0.0047941038668786 -9.93703456191208e-17
-1.50642721864744e-18  2.09347955011865e-18  3.57293537229586e-17  2.07566372084724e-15      1.97644661175307 -6.01080700274662e-17  6.09532975185648e-17   -0.0047941038669057     0.110377516244977 -4.81957597358884e-16
  0.00030587932202557 -0.000158985901232402  -0.00395579463318743 -6.52275864253436e-17 -6.01080700274662e-17      1.99299053114519   0.00259803935092659   6.9129490946186e-16  9.98671997051812e-16    0.0397230563595326
 0.000269865582090409 -0.000617848447146561  -0.00482339982709628   1.1702466261411e-17  6.09532975185648e-17   0.00259803935092659      1.98753604535945  -1.2150806223824e-16 -8.04760076582248e-16    0.0656216639767141
 5.58930923272053e-17 -6.66953592119502e-19  1.64511388895081e-17     0.110377516245193   -0.0047941038669057   6.9129490946186e-16  -1.2150806223824e-16     0.030718126141451 -1.03484580513333e-15   7.7549617764585e-18
-2.53925515966139e-17  6.64416358567203e-18  3.18547940200615e-16    0.0047941038668786     0.110377516244977  9.98671997051812e-16 -8.04760076582248e-16 -1.03484580513333e-15    0.0307181261414273 -1.08754385270638e-17
 -0.00825346580336409    0.0114563374543149     0.180021833677339 -9.93703456191208e-17 -4.81957597358884e-16    0.0397230563595326    0.0656216639767141   7.7549617764585e-18 -1.08754385270638e-17    0.0242317370779404
POPULATION (lambda : 0.2): 7.03202249700802
TOTAL ENERGY: -125.069403623699	 lambda: 0.3
1RDM (lambda : 0.3): 
     1.99991386574761  0.000107443495037121   0.00167791898767896 -4.57196465667275e-18 -1.73460634623167e-18  0.000529247900011854  0.000577328409346576  5.33398846900175e-17 -2.43089723738292e-17   -0.0122986070436076
 0.000107443495037121      1.99984456221187  -0.00228923382329572  6.42920355298949e-19  2.92551309049008e-18  -0.00045117261677573  -0.00103195168299361 -6.43770866151808e-19  8.28849428612949e-18    0.0169818213823617
  0.00167791898767896  -0.00228923382329572      1.96100480049745  1.87632096614869e-17  4.58293986942091e-17  -0.00879676536817441   -0.0112365864646002  7.00923734523107e-18  3.18189206085804e-16     0.266476856860181
-4.57196465667275e-18  6.42920355298949e-19  1.87632096614869e-17      1.96914149517122  2.88234258545469e-15 -9.30931998802739e-17  2.09384764362313e-17     0.161309498123079   0.00700626829312445 -1.04109773908254e-16
-1.73460634623167e-18  2.92551309049008e-18  4.58293986942091e-17  2.88234258545469e-15      1.96914149517125 -8.87532229603161e-17  9.18553094539297e-17  -0.00700626829315032     0.161309498122878 -4.48158634420227e-16
 0.000529247900011854  -0.00045117261677573  -0.00879676536817441 -9.30931998802739e-17 -8.87532229603161e-17      1.99139406142027   0.00110526114103837  8.12364116839346e-16  1.10276018545181e-15    0.0602583649013489
 0.000577328409346576  -0.00103195168299361   -0.0112365864646002  2.09384764362313e-17  9.18553094539297e-17   0.00110526114103837      1.98594508366636 -1.50122590321431e-16 -8.50093482347239e-16    0.0931377889631337
 5.33398846900175e-17 -6.43770866151808e-19  7.00923734523107e-18     0.161309498123079  -0.00700626829315032  8.12364116839346e-16 -1.50122590321431e-16    0.0379009628706484 -1.43805839986987e-15   1.2842860681745e-17
-2.43089723738292e-17  8.28849428612949e-18  3.18189206085804e-16   0.00700626829312445     0.161309498122878  1.10276018545181e-15 -8.50093482347239e-16 -1.43805839986987e-15    0.0379009628706158 -6.58869857485831e-18
  -0.0122986070436076    0.0169818213823617     0.266476856860181 -1.04109773908254e-16 -4.48158634420227e-16    0.0602583649013489    0.0931377889631337   1.2842860681745e-17 -6.58869857485831e-18    0.0478127103727182
POPULATION (lambda : 0.3): 7.5353908364465
TOTAL ENERGY: -124.899514773246	 lambda: 0.4
1RDM (lambda : 0.4): 
      1.9998545482246  0.000188145048551303   0.00293296947973297 -5.93474879576488e-18 -1.88388067198002e-18  0.000825346753977477   0.00098062719813612  5.07545392745472e-17 -2.30840443026963e-17   -0.0161789242869622
 0.000188145048551303      1.99973351583171  -0.00400794658664404  9.94263390626272e-19  3.50451960903722e-18 -0.000843859976979311  -0.00158053722183562 -6.70658378295527e-19  9.75675874654056e-18    0.0223196740021355
  0.00293296947973297  -0.00400794658664404      1.93435684106928  2.51192541503719e-17  5.28652620148313e-17   -0.0151151033493816   -0.0196704866773114 -3.01966479834143e-18  3.13875569338193e-16     0.347972449576607
-5.93474879576488e-18  9.94263390626272e-19  2.51192541503719e-17      1.95940578143405  4.06533314153713e-15 -1.27034187427514e-16   3.2165001389455e-17     0.211800380455422   0.00919927408957564 -1.07661002084316e-16
-1.88388067198002e-18  3.50451960903722e-18  5.28652620148313e-17  4.06533314153713e-15       1.9594057814341 -1.23095043490116e-16  1.24874855490317e-16  -0.00919927408960277     0.211800380455198 -4.14555462087591e-16
 0.000825346753977477 -0.000843859976979311   -0.0151151033493816 -1.27034187427514e-16 -1.23095043490116e-16      1.98943146872707 -0.000812866672530589   9.3275746690292e-16  1.20483739991012e-15    0.0791091387546995
  0.00098062719813612  -0.00158053722183562   -0.0196704866773114   3.2165001389455e-17  1.24874855490317e-16 -0.000812866672530589      1.98377630435508  -1.8253040469984e-16 -9.00658312980221e-16     0.118287782881922
 5.07545392745472e-17 -6.70658378295527e-19 -3.01966479834143e-18     0.211800380455422  -0.00919927408960277   9.3275746690292e-16  -1.8253040469984e-16    0.0475330240120542 -1.93453838147238e-15  1.80216695396657e-17
-2.30840443026963e-17  9.75675874654056e-18  3.13875569338193e-16   0.00919927408957564     0.211800380455198  1.20483739991012e-15 -9.00658312980221e-16 -1.93453838147238e-15    0.0475330240120058 -1.11533177239023e-18
  -0.0161789242869622    0.0223196740021355     0.347972449576607 -1.07661002084316e-16 -4.14555462087591e-16    0.0791091387546995     0.118287782881922  1.80216695396657e-17 -1.11533177239023e-18    0.0789697109000713
POPULATION (lambda : 0.4): 8.021300471978
TOTAL ENERGY: -124.692201519372	 lambda: 0.5
1RDM (lambda : 0.5): 
     1.99978107333864  0.000288729096559016   0.00446331670388112 -7.17594987636799e-18 -1.97445878626476e-18   0.00117857311262719    0.0014583565285674  4.81373508484652e-17 -2.17020102877607e-17   -0.0198557327195741
 0.000288729096559016      1.99959459363331  -0.00611386859915601  1.33833796725153e-18   3.8313834662864e-18   -0.0013168759723431  -0.00223488294936621 -7.28647012830529e-19  1.10845749488896e-17    0.0274097538634316
  0.00446331670388112  -0.00611386859915601      1.90247366414943  3.16325910631758e-17  5.68648778558758e-17   -0.0224949023520881   -0.0295667645996493 -1.33017842344439e-17  3.06283148560741e-16     0.423015573823394
-7.17594987636799e-18  1.33833796725153e-18  3.16325910631758e-17      1.94722964222289  4.61581854524808e-15 -1.66825604431536e-16  4.43324056810239e-17     0.261864207575042    0.0113737320848702 -1.10108614903612e-16
-1.97445878626476e-18   3.8313834662864e-18  5.68648778558758e-17  4.61581854524808e-15      1.94722964222294 -1.62125006541338e-16  1.57309895047421e-16   -0.0113737320848961     0.261864207574868  -3.8236480779287e-16
  0.00117857311262719   -0.0013168759723431   -0.0224949023520881 -1.66825604431536e-16 -1.62125006541338e-16      1.98722321237744  -0.00301454893551073  1.05104574080279e-15  1.30063646114887e-15     0.095873699722313
   0.0014583565285674  -0.00223488294936621   -0.0295667645996493  4.43324056810239e-17  1.57309895047421e-16  -0.00301454893551073      1.98125064711468 -2.14187810484811e-16 -9.43742880100027e-16     0.140485843713495
 4.81373508484652e-17 -7.28647012830529e-19 -1.33017842344439e-17     0.261864207575042   -0.0113737320848961  1.05104574080279e-15 -2.14187810484811e-16    0.0596289982176787 -2.58004743164515e-15  2.31512101662872e-17
-2.17020102877607e-17  1.10845749488896e-17  3.06283148560741e-16    0.0113737320848702     0.261864207574868  1.30063646114887e-15 -9.43742880100027e-16 -2.58004743164515e-15    0.0596289982176327  5.00480428445656e-18
  -0.0198557327195741    0.0274097538634316     0.423015573823394 -1.10108614903612e-16  -3.8236480779287e-16     0.095873699722313     0.140485843713495  2.31512101662872e-17  5.00480428445656e-18      0.11595952850537
POPULATION (lambda : 0.5): 8.48250602077551
TOTAL ENERGY: -124.454936000239	 lambda: 0.6
1RDM (lambda : 0.6): 
     1.99969517758675  0.000406949947371131    0.0062137415900674 -8.28656787790716e-18 -2.03046749944159e-18   0.00157251091998079   0.00198748852210889  4.54824087417484e-17 -2.01735417359471e-17   -0.0233079190862937
 0.000406949947371131       1.9994307439127  -0.00853331594106299  1.67512492192494e-18  3.95328924010544e-18  -0.00184844240834473  -0.00296338377143241 -8.26390120718293e-19  1.22344728061144e-17     0.032215716390109
   0.0062137415900674  -0.00853331594106299      1.86688863926458  3.82724606788337e-17  5.87016237133782e-17   -0.0305047097292238   -0.0403250080650068 -2.41201088430097e-17  2.94501473344492e-16     0.490754505306605
-8.28656787790716e-18  1.67512492192494e-18  3.82724606788337e-17      1.93258883652325   5.5363909994307e-15 -2.12936964163032e-16  5.86362015919107e-17     0.311468765256665    0.0135282414703627 -1.11533227953225e-16
-2.03046749944159e-18  3.95328924010544e-18  5.87016237133782e-17   5.5363909994307e-15      1.93258883652331 -2.06383654836164e-16  1.91776307167163e-16   -0.0135282414703878     0.311468765256479 -3.52279186472046e-16
  0.00157251091998079  -0.00184844240834473   -0.0305047097292238 -2.12936964163032e-16 -2.06383654836164e-16      1.98489003658805  -0.00535538580466107  1.16850453302838e-15  1.39349253903242e-15     0.110372896528937
  0.00198748852210889  -0.00296338377143241   -0.0403250080650068  5.86362015919107e-17  1.91776307167163e-16  -0.00535538580466107      1.97859173535553 -2.49022448546554e-16 -9.89622501617741e-16     0.159437997043917
 4.54824087417484e-17 -8.26390120718293e-19 -2.41201088430097e-17     0.311468765256665   -0.0135282414703878  1.16850453302838e-15 -2.49022448546554e-16    0.0742168303293316 -2.86603640263722e-15  2.78262290544589e-17
-2.01735417359471e-17  1.22344728061144e-17  2.94501473344492e-16    0.0135282414703627     0.311468765256479  1.39349253903242e-15 -9.89622501617741e-16 -2.86603640263722e-15    0.0742168303292711  1.04738047961205e-17
  -0.0233079190862937     0.032215716390109     0.490754505306605 -1.11533227953225e-16 -3.52279186472046e-16     0.110372896528937     0.159437997043917  2.78262290544589e-17  1.04738047961205e-17     0.156892333587264
POPULATION (lambda : 0.6): 8.91436526133991
TOTAL ENERGY: -124.19497769292	 lambda: 0.7
1RDM (lambda : 0.7): 
     1.99959858617659  0.000540511326387655   0.00812984327706985 -9.25912889382575e-18 -2.08267347209154e-18   0.00199196010106617   0.00254618836150573  4.27896100961151e-17 -1.85082307138199e-17   -0.0265300519372369
 0.000540511326387655      1.99924506009175   -0.0111921895776693  1.99683872962212e-18  3.89965460361494e-18  -0.00241799902631329   -0.0037356199698061  -9.5122388494809e-19  1.32284373705629e-17    0.0367233392732136
