TOTAL ENERGY: -126.050397212351	 lambda: -1
1RDM (lambda : -1): 
     1.99987101514062  0.000152892451011209  -0.00416576028633176  7.92416741614086e-05  1.31824896744746e-17 -2.43473618838499e-17  0.000627947326169617  6.84119961661027e-17 -7.42453897506592e-17    0.0153049135465622
 0.000152892451011209      1.99980211367596   0.00508888242533812 -0.000379306342103035  8.19309597592977e-18   1.7817244937664e-18  -0.00119796211665217 -1.12369769704884e-18 -1.47774735705874e-18   -0.0183883706196473
 -0.00416576028633176   0.00508888242533812      1.85857076669369   0.00767293927986683 -2.50662643570357e-16 -6.98891400897597e-17    0.0222464863812681  1.97678329304469e-16  2.96304631229738e-16       0.5078530672034
 7.92416741614086e-05 -0.000379306342103035   0.00767293927986683      1.99103250307463 -3.17225836774791e-15  1.53339651495609e-16   -0.0126575375905217  2.33548182365297e-15  1.15242158647704e-14   -0.0161436624463205
 1.31824896744746e-17  8.19309597592977e-18 -2.50662643570357e-16 -3.17225836774791e-15       1.8599984938067 -1.68914727383163e-15  3.35076072147568e-16     0.118623534374081     0.472232617205317  2.94140958533894e-16
-2.43473618838499e-17   1.7817244937664e-18 -6.98891400897597e-17  1.53339651495609e-16 -1.68914727383163e-15      1.85999849380669 -1.45059503515268e-16     0.472232617205333    -0.118623534374079  1.26631833982882e-16
 0.000627947326169617  -0.00119796211665217    0.0222464863812681   -0.0126575375905217  3.35076072147568e-16 -1.45059503515268e-16      1.97049442654937  5.15996134064917e-16 -3.59675693811464e-16   -0.0725904556307189
 6.84119961661027e-17 -1.12369769704884e-18  1.97678329304469e-16  2.33548182365297e-15     0.118623534374081     0.472232617205333  5.15996134064917e-16     0.156252619900605 -4.98428963941847e-16  7.09676807551204e-17
-7.42453897506592e-17 -1.47774735705874e-18  2.96304631229738e-16  1.15242158647704e-14     0.472232617205317    -0.118623534374079 -3.59675693811464e-16 -4.98428963941847e-16     0.156252619900596  6.40768846984083e-17
   0.0153049135465622   -0.0183883706196473       0.5078530672034   -0.0161436624463205  2.94140958533894e-16  1.26631833982882e-16   -0.0725904556307189  7.09676807551204e-17  6.40768846984083e-17     0.147726947451213
POPULATION (lambda : -1): 4.23224841488784
TOTAL ENERGY: -126.208510941644	 lambda: -0.9
1RDM (lambda : -0.9): 
     1.99989292517963  0.000126879351606711  -0.00347406868532818  2.80475075062868e-05  1.30068448972718e-17 -2.13574392664323e-17  0.000538537062760769  6.53733617409244e-17 -7.48833988048174e-17    0.0139787778061488
 0.000126879351606711      1.99983308203894   0.00427115816857948 -0.000317508546888337  6.86988657505127e-18  1.57067926466199e-18  -0.00107686754679044 -1.19332043087503e-18 -1.43213865670332e-18   -0.0168618396191274
 -0.00347406868532818   0.00427115816857948      1.87969191760158   0.00627654785456888 -2.09350857968303e-16 -6.17012724925147e-17    0.0190465564928611  1.98801381849896e-16  2.79600560964817e-16     0.469869142366852
 2.80475075062868e-05 -0.000317508546888337   0.00627654785456888       1.9909636842888 -2.63909870659768e-15  1.43694876620432e-16   -0.0118513232404057    2.058561352771e-15  1.04685074130084e-14    -0.011723596732936
 1.30068448972718e-17  6.86988657505127e-18 -2.09350857968303e-16 -2.63909870659768e-15      1.88194673455816 -1.26459303659889e-15  2.82386654676984e-16     0.107377470943591      0.42746276635639  2.11185533501629e-16
-2.13574392664323e-17  1.57067926466199e-18 -6.17012724925147e-17  1.43694876620432e-16 -1.26459303659889e-15      1.88194673455815 -1.42822561040109e-16     0.427462766356405     -0.10737747094359   1.2460343774203e-16
 0.000538537062760769  -0.00107686754679044    0.0190465564928611   -0.0118513232404057  2.82386654676984e-16 -1.42822561040109e-16      1.97200229142427   5.6000790661332e-16 -2.75332152390608e-16   -0.0680160850663141
 6.53733617409244e-17 -1.19332043087503e-18  1.98801381849896e-16    2.058561352771e-15     0.107377470943591     0.427462766356405   5.6000790661332e-16     0.133625946525859 -8.37820901934728e-16  6.41612897649047e-17
-7.48833988048174e-17 -1.43213865670332e-18  2.79600560964817e-16  1.04685074130084e-14      0.42746276635639     -0.10737747094359 -2.75332152390608e-16 -8.37820901934728e-16     0.133625946525848  5.88614347067539e-17
   0.0139787778061488   -0.0168618396191274     0.469869142366852    -0.011723596732936  2.11185533501629e-16   1.2460343774203e-16   -0.0680160850663141  6.41612897649047e-17  5.88614347067539e-17     0.126470737298795
POPULATION (lambda : -0.9): 4.3987868527779
TOTAL ENERGY: -126.359672621263	 lambda: -0.8
1RDM (lambda : -0.8): 
     1.99991313317076  0.000102634349855529  -0.00282106574186836 -1.37959288750504e-05  1.24362665612312e-17 -1.85436917272132e-17  0.000448987161269303   6.2252313379824e-17 -7.52684153148202e-17    0.0125991771373073
 0.000102634349855529      1.99986226611793   0.00349124539277591 -0.000266360435348119  5.83969112798044e-18  1.38519020495599e-18 -0.000953467695595672 -1.18145960009852e-18  -1.2932369302063e-18    -0.015251505826364
 -0.00282106574186836   0.00349124539277591      1.90007754049447   0.00513968238604854 -1.80459358517853e-16 -5.65507865426213e-17    0.0157311570613252  2.08730189068941e-16  2.71280209605734e-16     0.428960901298896
-1.37959288750504e-05 -0.000266360435348119   0.00513968238604854      1.99088572952105 -2.18750253961466e-15  1.18059511679156e-16   -0.0110410904640931  1.84166260105994e-15  9.43915320433361e-15  -0.00770986742499521
 1.24362665612312e-17  5.83969112798044e-18 -1.80459358517853e-16 -2.18750253961466e-15      1.90150859842814 -9.57949200172362e-16  2.82856316578244e-16    0.0956618215211921      0.38082352413153  1.35569576630545e-16
-1.85436917272132e-17  1.38519020495599e-18 -5.65507865426213e-17  1.18059511679156e-16 -9.57949200172362e-16      1.90150859842813 -1.10727613255413e-16     0.380823524131551   -0.0956618215211926  1.18939377018369e-16
 0.000448987161269303 -0.000953467695595672    0.0157311570613252   -0.0110410904640931  2.82856316578244e-16 -1.10727613255413e-16       1.9735691555026  4.96866381525383e-16 -2.96196393758804e-16    -0.062393054505723
  6.2252313379824e-17 -1.18145960009852e-18  2.08730189068941e-16  1.84166260105994e-15    0.0956618215211921     0.380823524131551  4.96866381525383e-16     0.113369376481287 -1.23067541396432e-15  5.81804617886238e-17
-7.52684153148202e-17  -1.2932369302063e-18  2.71280209605734e-16  9.43915320433361e-15      0.38082352413153   -0.0956618215211926 -2.96196393758804e-16 -1.23067541396432e-15     0.113369376481279   5.4268244498761e-17
   0.0125991771373073    -0.015251505826364     0.428960901298896  -0.00770986742499521  1.35569576630545e-16  1.18939377018369e-16    -0.062393054505723  5.81804617886238e-17   5.4268244498761e-17     0.105936225374405
POPULATION (lambda : -0.8): 4.5767326159794
TOTAL ENERGY: -126.501071220735	 lambda: -0.7
1RDM (lambda : -0.7): 
     1.99993145231945  8.04189339482501e-05  -0.00221489589880613 -4.72142688965175e-05  1.16934456764014e-17 -1.58370035891949e-17   0.00036207611766496  5.88376511765643e-17 -7.56419793176115e-17    0.0111677496310553
 8.04189339482501e-05      1.99988930447772   0.00275998468688332 -0.000225034257280263  4.97737959594732e-18  1.17470638599132e-18 -0.000831257845584735 -1.22712286126238e-18 -1.20312447518037e-18   -0.0135586107402379
 -0.00221489589880613   0.00275998468688332      1.91942091561039   0.00423482486155567 -1.51988007022353e-16 -4.80222334462951e-17    0.0123973030767354  2.10277176240671e-16  2.53997804712121e-16     0.385051156731474
-4.72142688965175e-05 -0.000225034257280263   0.00423482486155567      1.99080373767961 -1.77346187995989e-15  1.05744217370374e-16   -0.0102358782003998  1.56201063230879e-15  8.31843210791209e-15  -0.00410715628597444
 1.16934456764014e-17  4.97737959594732e-18 -1.51988007022353e-16 -1.77346187995989e-15       1.9184419588099  1.15229902706062e-15  2.45804342568571e-16    0.0835986824200987     0.332800947456671   7.2974607334124e-17
-1.58370035891949e-17  1.17470638599132e-18 -4.80222334462951e-17  1.05744217370374e-16  1.15229902706062e-15      1.91844195880991  -1.0163406062309e-16     0.332800947456649      -0.0835986824201  1.12878120727228e-16
  0.00036207611766496 -0.000831257845584735    0.0123973030767354   -0.0102358782003998  2.45804342568571e-16  -1.0163406062309e-16       1.9751656430338   5.1533352311225e-16 -2.28488119827108e-16   -0.0557316564961198
 5.88376511765643e-17 -1.22712286126238e-18  2.10277176240671e-16  1.56201063230879e-15    0.0835986824200987     0.332800947456649   5.1533352311225e-16     0.095734429582756  8.07390542830968e-16  5.12395012067638e-17
-7.56419793176115e-17 -1.20312447518037e-18  2.53997804712121e-16  8.31843210791209e-15     0.332800947456671      -0.0835986824201 -2.28488119827108e-16  8.07390542830968e-16    0.0957344295827645  4.85020448443553e-17
   0.0111677496310553   -0.0135586107402379     0.385051156731474  -0.00410715628597444   7.2974607334124e-17  1.12878120727228e-16   -0.0557316564961198  5.12395012067638e-17  4.85020448443553e-17    0.0864361700937186
POPULATION (lambda : -0.7): 4.7653788550132
TOTAL ENERGY: -126.630079116066	 lambda: -0.6
1RDM (lambda : -0.6): 
     1.99994770285301  6.04911025699649e-05  -0.00166406225697579 -7.32408264870567e-05  1.06967883394099e-17 -1.33329951000988e-17  0.000280688024971947  5.53222524917758e-17 -7.58357386063789e-17   0.00968690064045353
 6.04911025699649e-05      1.99991383065188   0.00208887848676611 -0.000192575009653333  4.31994075003915e-18    9.762081758821e-19 -0.000713972748143713 -1.24669521882537e-18   -1.072951856024e-18   -0.0117855601448598
 -0.00166406225697579   0.00208887848676611      1.93737914711268   0.00353134680792615 -1.30836270860094e-16 -4.05088614813055e-17   0.00915190514702787  2.15116463032624e-16  2.40493828209856e-16      0.33811045379727
-7.32408264870567e-05 -0.000192575009653333   0.00353134680792615      1.99071918123853 -1.43406722144779e-15  8.79294176506275e-17  -0.00944296810801176  1.30841450817361e-15  7.20963813285296e-15 -0.000913441279833888
 1.06967883394099e-17  4.31994075003915e-18 -1.30836270860094e-16 -1.43406722144779e-15      1.93263109116828   1.3490348845368e-16  2.30731388455198e-16    0.0712989281326452      0.28383642150926  1.93256273634194e-17
-1.33329951000988e-17    9.762081758821e-19 -4.05088614813055e-17  8.79294176506275e-17   1.3490348845368e-16      1.93263109116828 -8.32041733084197e-17     0.283836421509251   -0.0712989281326441  1.04267451590757e-16
 0.000280688024971947 -0.000713972748143713   0.00915190514702787  -0.00944296810801176  2.30731388455198e-16 -8.32041733084197e-17      1.97675999614429  4.88502614082212e-16 -2.09896367308856e-16   -0.0480685524411174
 5.53222524917758e-17 -1.24669521882537e-18  2.15116463032624e-16  1.30841450817361e-15    0.0712989281326452     0.283836421509251  4.88502614082212e-16    0.0808461017395021  3.41762576950891e-16   4.4378895604396e-17
-7.58357386063789e-17   -1.072951856024e-18  2.40493828209856e-16  7.20963813285296e-15      0.28383642150926   -0.0712989281326441 -2.09896367308856e-16  3.41762576950891e-16    0.0808461017395042    4.253729524582e-17
  0.00968690064045353   -0.0117855601448598      0.33811045379727 -0.000913441279833888  1.93256273634194e-17  1.04267451590757e-16   -0.0480685524411174   4.4378895604396e-17    4.253729524582e-17    0.0683257561840732
POPULATION (lambda : -0.6): 4.96397521075649
TOTAL ENERGY: -126.744281351822	 lambda: -0.5
1RDM (lambda : -0.5): 
     1.99996171535301  4.30999676348374e-05  -0.00117729825508476 -9.29504385079298e-05  9.54565828442387e-18 -1.10194092224907e-17  0.000207663939592224  5.16596156930429e-17 -7.59358144169761e-17    0.0081599250955286
 4.30999676348374e-05      1.99993548167239   0.00148990531349554 -0.000167976197041908  3.81248421196059e-18   7.8206058680077e-19 -0.000605400395654067 -1.27336548860531e-18 -9.40066083226973e-19   -0.0099359752983956
 -0.00117729825508476   0.00148990531349554      1.95357675165393   0.00299738245487876 -1.12501198074231e-16 -3.23219668444773e-17   0.00610759218032456  2.17272555228217e-16  2.24243448381758e-16     0.288178022577727
-9.29504385079298e-05 -0.000167976197041908   0.00299738245487876      1.99062999014383  -1.1528650359712e-15  7.35696539289722e-17  -0.00866837707780527   1.0396308946409e-15  6.07251890070958e-15   0.00187460751154596
 9.54565828442387e-18  3.81248421196059e-18 -1.12501198074231e-16  -1.1528650359712e-15      1.94405601996553 -8.99075052617093e-16  2.10174436252267e-16    0.0588556620165932     0.234300581979506 -2.36148210920748e-17
-1.10194092224907e-17   7.8206058680077e-19 -3.23219668444773e-17  7.35696539289722e-17 -8.99075052617093e-16      1.94405601996553  -6.9754648250057e-17     0.234300581979521     -0.05885566201659  9.41765274724974e-17
 0.000207663939592224 -0.000605400395654067   0.00610759218032456  -0.00866837707780527  2.10174436252267e-16  -6.9754648250057e-17      1.97831917513192   4.7830763573152e-16 -1.70968546038118e-16   -0.0394621371597241
 5.16596156930429e-17 -1.27336548860531e-18  2.17272555228217e-16   1.0396308946409e-15    0.0588556620165932     0.234300581979521   4.7830763573152e-16    0.0687337500606368 -1.64173166318785e-16   3.7428143653907e-17
-7.59358144169761e-17 -9.40066083226973e-19  2.24243448381758e-16  6.07251890070958e-15     0.234300581979506     -0.05885566201659 -1.70968546038118e-16 -1.64173166318785e-16    0.0687337500606324  3.61462951471018e-17
   0.0081599250955286   -0.0099359752983956     0.288178022577727   0.00187460751154596 -2.36148210920748e-17  9.41765274724974e-17   -0.0394621371597241   3.7428143653907e-17  3.61462951471018e-17    0.0519973459926336
POPULATION (lambda : -0.5): 5.17174867930695
TOTAL ENERGY: -126.841476221395	 lambda: -0.4
1RDM (lambda : -0.4): 
     1.99997333376498   2.8481450102852e-05 -0.000763348616326932 -0.000107429766308779  8.26809397503028e-18 -8.91287411463145e-18  0.000145696719842611  4.78857013162822e-17 -7.59327605338078e-17   0.00659119984140874
  2.8481450102852e-05      1.99995390461351  0.000975246466328407  -0.00015021473064773  3.43444353517353e-18  6.00970205320657e-19 -0.000509245520812191 -1.29882044778769e-18  -7.9516230127218e-19  -0.00801487974402026
-0.000763348616326932  0.000975246466328407      1.96761643608301   0.00260040912015058 -9.67973885835311e-17 -2.40094667552663e-17   0.00337934325627957  2.17392852635699e-16  2.06223035521011e-16     0.235380216204173
-0.000107429766308779  -0.00015021473064773   0.00260040912015058      1.99053094442323 -9.31804847192131e-16  6.13200660823925e-17  -0.00791747925069437  7.62777862069723e-16   4.9208231408723e-15   0.00425967308692566
 8.26809397503028e-18  3.43444353517353e-18 -9.67973885835311e-17 -9.31804847192131e-16      1.95275757530532  7.70308268894094e-17  1.89908200650439e-16    0.0463430895836689     0.184488836687044 -5.63688989065151e-17
-8.91287411463145e-18  6.00970205320657e-19 -2.40094667552663e-17  6.13200660823925e-17  7.70308268894094e-17      1.95275757530532  -5.8501720200149e-17     0.184488836687034   -0.0463430895836669  8.25499097640707e-17
 0.000145696719842611 -0.000509245520812191   0.00337934325627957  -0.00791747925069437  1.89908200650439e-16  -5.8501720200149e-17      1.97980991366389  4.74796781653076e-16 -1.24295250260534e-16   -0.0299920836684272
 4.78857013162822e-17 -1.29882044778769e-18  2.17392852635699e-16  7.62777862069723e-16    0.0463430895836689     0.184488836687034  4.74796781653076e-16    0.0593663315055957  3.22837965955795e-16  3.06341354766791e-17
-7.59327605338078e-17  -7.9516230127218e-19  2.06223035521011e-16   4.9208231408723e-15     0.184488836687044   -0.0463430895836669 -1.24295250260534e-16  3.22837965955795e-16    0.0593663315055968  2.95327367645069e-17
  0.00659119984140874  -0.00801487974402026     0.235380216204173   0.00425967308692566 -5.63688989065151e-17  8.25499097640707e-17   -0.0299920836684272  3.06341354766791e-17  2.95327367645069e-17    0.0378676538295665
POPULATION (lambda : -0.4): 5.38788417545678
TOTAL ENERGY: -126.919678283366	 lambda: -0.3
1RDM (lambda : -0.3): 
      1.9999824191058  1.68536065222212e-05 -0.000430647099525532 -0.000117767741448599  6.87801540056688e-18 -7.03329711216951e-18  9.72473231415713e-05  4.40565285719574e-17 -7.57959977483071e-17   0.00498637301264234
 1.68536065222212e-05      1.99996876310929  0.000556896868411286 -0.000138260427367263  3.15940345758163e-18  4.38474055383878e-19 -0.000429016188702127 -1.31648842150769e-18 -6.32053295696297e-19   -0.0060289360287628
-0.000430647099525532  0.000556896868411286      1.97909662130366   0.00230741711165222 -8.42362991103331e-17 -1.66119810188073e-17   0.00108082226247672  2.19086876825849e-16  1.90178120555285e-16     0.179943366074943
-0.000117767741448599 -0.000138260427367263   0.00230741711165222      1.99041408758597 -7.76137702044655e-16  4.70484005810123e-17  -0.00719535684130584  5.04352430921259e-16  3.78544616106071e-15   0.00624498501767053
 6.87801540056688e-18  3.15940345758163e-18 -8.42362991103331e-17 -7.76137702044655e-16      1.95881022818923 -3.75198786065395e-16  1.77081280881059e-16     0.033818709070021     0.134630091660977 -8.00445512476433e-17
-7.03329711216951e-18  4.38474055383878e-19 -1.66119810188073e-17  4.70484005810123e-17 -3.75198786065395e-16      1.95881022818922 -4.52639055178411e-17     0.134630091660985   -0.0338187090700172  6.90208077158377e-17
 9.72473231415713e-05 -0.000429016188702127   0.00108082226247672  -0.00719535684130584  1.77081280881059e-16 -4.52639055178411e-17      1.98119997383087  4.50528614430054e-16 -9.82437524968612e-17   -0.0197625964645789
 4.40565285719574e-17 -1.31648842150769e-18  2.19086876825849e-16  5.04352430921259e-16     0.033818709070021     0.134630091660985  4.50528614430054e-16    0.0526797160802607  6.19496804131025e-17   2.3833404776036e-17
-7.57959977483071e-17 -6.32053295696297e-19  1.90178120555285e-16  3.78544616106071e-15     0.134630091660977   -0.0338187090700172 -9.82437524968612e-17  6.19496804131025e-17    0.0526797160802588  2.24699275918088e-17
  0.00498637301264234   -0.0060289360287628     0.179943366074943   0.00624498501767053 -8.00445512476433e-17  6.90208077158377e-17   -0.0197625964645789   2.3833404776036e-17  2.24699275918088e-17    0.0263582465254438
POPULATION (lambda : -0.3): 5.61148487458038
TOTAL ENERGY: -126.97714191922	 lambda: -0.2
1RDM (lambda : -0.2): 
     1.99998885430757  8.41069749253445e-06 -0.000186908708001983 -0.000125045817115625  5.43586161082198e-18 -5.36858926212985e-18  6.44561042294499e-05  4.01458516446109e-17 -7.55723827232817e-17   0.00335246969683807
 8.41069749253445e-06      1.99997974535418  0.000246165011225207  -0.00013108130864226  2.95876031116624e-18  2.98960278800546e-19 -0.000367897839535702 -1.33327628794101e-18 -4.57747612965757e-19  -0.00398661534061462
-0.000186908708001983  0.000246165011225207      1.98763383456898   0.00208551607020055 -7.23247957314698e-17 -9.39425955662939e-18 -0.000680679242152912  2.18061809495011e-16  1.71839411676115e-16     0.122199599042266
-0.000125045817115625  -0.00013108130864226   0.00208551607020055      1.99026909742335 -6.75289489257065e-16  3.56492205157035e-17   -0.0065066726851265  2.35572149832992e-16  2.64013964984784e-15   0.00783683084121823
 5.43586161082198e-18  2.95876031116624e-18 -7.23247957314698e-17 -6.75289489257065e-16       1.9623062723292  4.64193786029854e-17  1.63209425977791e-16    0.0213262496745694    0.0848984202794405  -9.3945365047133e-17
-5.36858926212985e-18  2.98960278800546e-19 -9.39425955662939e-18  3.56492205157035e-17  4.64193786029854e-17       1.9623062723292 -3.49408339344362e-17    0.0848984202794256   -0.0213262496745651   5.4376775004222e-17
 6.44561042294499e-05 -0.000367897839535702 -0.000680679242152912   -0.0065066726851265  1.63209425977791e-16 -3.49408339344362e-17      1.98245978906453  4.37987367394346e-16 -5.98724984719763e-17  -0.00890652349342549
 4.01458516446109e-17 -1.33327628794101e-18  2.18061809495011e-16  2.35572149832992e-16    0.0213262496745694    0.0848984202794256  4.37987367394346e-16    0.0485923871629279  1.63848600715241e-16  1.74486507177787e-17
-7.55723827232817e-17 -4.57747612965757e-19  1.71839411676115e-16  2.64013964984784e-15    0.0848984202794405   -0.0213262496745651 -5.98724984719763e-17  1.63848600715241e-16    0.0485923871629295  1.53729427988751e-17
  0.00335246969683807  -0.00398661534061462     0.122199599042266   0.00783683084121823  -9.3945365047133e-17   5.4376775004222e-17  -0.00890652349342549  1.74486507177787e-17  1.53729427988751e-17    0.0178713602971351
POPULATION (lambda : -0.2): 5.84153611195322
TOTAL ENERGY: -127.012405769575	 lambda: -0.1
1RDM (lambda : -0.1): 
     1.99999254983373  3.31615134038856e-06 -3.86771644654692e-05 -0.000130317130314591  3.96210385679944e-18 -3.92546881001165e-18    4.903834263525e-05  3.61835952372795e-17 -7.52493839082798e-17   0.00169785852587684
 3.31615134038856e-06      1.99998657376892  5.30997894737746e-05 -0.000127656608188059   2.8067997805874e-18  1.86905446507625e-19 -0.000328597704325875 -1.34640610786115e-18 -2.69706056625275e-19  -0.00189821347515748
-3.86771644654692e-05  5.30997894737746e-05      1.99288762051325   0.00190322276613597 -6.09131950879161e-17 -2.93355697718106e-18  -0.00181093708679238  2.16051720263893e-16  1.53062934664461e-16    0.0625852055679521
-0.000130317130314591 -0.000127656608188059   0.00190322276613597      1.99008375206805 -6.30117264942258e-16  2.51682274114744e-17  -0.00585511938867363 -3.09722403232394e-17  1.50031593396213e-15   0.00904638058307966
 3.96210385679944e-18   2.8067997805874e-18 -6.09131950879161e-17 -6.30117264942258e-16      1.96334780806404 -2.90282046277615e-16  1.51671333477611e-16   0.00889774012165485    0.0354213271418222 -9.89598129172385e-17
-3.92546881001165e-18  1.86905446507625e-19 -2.93355697718106e-18  2.51682274114744e-17 -2.90282046277615e-16      1.96334780806404 -2.55018207244415e-17    0.0354213271418256  -0.00889774012164958  3.86161085121598e-17
   4.903834263525e-05 -0.000328597704325875  -0.00181093708679238  -0.00585511938867363  1.51671333477611e-16 -2.55018207244415e-17      1.98356447844725  4.24132096807111e-16 -2.28584140025034e-17    0.0024129709494395
 3.61835952372795e-17 -1.34640610786115e-18  2.16051720263893e-16 -3.09722403232394e-17   0.00889774012165485    0.0354213271418256  4.24132096807111e-16    0.0470130875091061 -2.21029569556116e-16  1.14522499406944e-17
-7.52493839082798e-17 -2.69706056625275e-19  1.53062934664461e-16  1.50031593396213e-15    0.0354213271418222  -0.00889774012164958 -2.28584140025034e-17 -2.21029569556116e-16    0.0470130875091037  8.17739545081493e-18
  0.00169785852587684  -0.00189821347515748    0.0625852055679521   0.00904638058307966 -9.89598129172385e-17  3.86161085121598e-17    0.0024129709494395  1.14522499406944e-17  8.17739545081493e-18    0.0127632342225438
POPULATION (lambda : -0.1): 6.07688870722254
TOTAL ENERGY: -127.024346730646	 lambda: 0
1RDM (lambda : 0): 
     1.99999344915847  1.69534144095931e-06  9.12022703725031e-06 -0.000134576656264678  2.48457609100436e-18 -2.70242000969035e-18   5.2173531851869e-05  3.21805748859281e-17 -7.48312998733947e-17  3.20573148278468e-05
 1.69534144095931e-06      1.99998901542099 -1.40986868049698e-05 -0.000126995480053909  2.67850199836885e-18  1.05399105990611e-19 -0.000313169901453117 -1.35604696326724e-18 -6.84199568680283e-20  0.000224326688398343
 9.12022703725031e-06 -1.40986868049698e-05      1.99458566525935     0.001732041544331  -4.9273142371182e-17   2.5929931988561e-18  -0.00223635135653879  2.13233925589669e-16  1.33931792845614e-16   0.00163119617755551
-0.000134576656264678 -0.000126995480053909     0.001732041544331      1.98984468426377 -6.37917523523532e-16  1.55100487163453e-17  -0.00524265777468054 -2.94012543152699e-16  3.68001452062381e-16   0.00988977883209031
 2.48457609100436e-18  2.67850199836885e-18  -4.9273142371182e-17 -6.37917523523532e-16       1.9620406668339 -1.66201719171742e-17  1.42251344361938e-16  -0.00344548309050656   -0.0137162451790738 -9.56952542550746e-17
-2.70242000969035e-18  1.05399105990611e-19   2.5929931988561e-18  1.55100487163453e-17 -1.66201719171742e-17       1.9620406668339 -1.69076311012566e-17   -0.0137162451790758   0.00344548309051083  2.19961122522137e-17
  5.2173531851869e-05 -0.000313169901453117  -0.00223635135653879  -0.00524265777468054  1.42251344361938e-16 -1.69076311012566e-17      1.98449600453259  4.08761526658221e-16  1.31742645522292e-17    0.0140052153985798
 3.21805748859281e-17 -1.35604696326724e-18  2.13233925589669e-16 -2.94012543152699e-16  -0.00344548309050656   -0.0137162451790758  4.08761526658221e-16    0.0478463639533995 -1.20107916578894e-16  5.90655425476187e-18
-7.48312998733947e-17 -6.84199568680283e-20  1.33931792845614e-16  3.68001452062381e-16   -0.0137162451790738   0.00344548309051083  1.31742645522292e-17 -1.20107916578894e-16    0.0478463639533985  9.57326904803848e-19
 3.20573148278468e-05  0.000224326688398343   0.00163119617755551   0.00988977883209031 -9.56952542550746e-17  2.19961122522137e-17    0.0140052153985798  5.90655425476187e-18  9.57326904803848e-19    0.0113171197902567
POPULATION (lambda : 0): 6.31626676444914
TOTAL ENERGY: -127.012229020846	 lambda: 0.1
1RDM (lambda : 0.1): 
     1.99999153304182  3.62938879374646e-06 -4.64460543922545e-05 -0.000138731682778719   1.0274521587197e-18 -1.69551209073032e-18  7.44095649152537e-05  2.81427983992861e-17 -7.43227945878305e-17  -0.00163461309044119
 3.62938879374646e-06      1.99998689175034  5.03816347840205e-05 -0.000128151950051613  2.55148369762484e-18  5.67893906186214e-20 -0.000322850787281901 -1.36267776091526e-18  1.45183508418133e-19   0.00236778163989853
-4.64460543922545e-05  5.03816347840205e-05      1.99254671394126   0.00154769959118028  -3.6779209390439e-17  7.08957970671708e-18  -0.00191098249030679  2.09600670136836e-16  1.14375735145797e-16   -0.0600544825990771
-0.000138731682778719 -0.000128151950051613   0.00154769959118028      1.98953849175635 -6.95902062293944e-16  6.77259412949414e-18  -0.00466879854753977 -5.53858312021632e-16 -7.56661898139519e-16    0.0103866718478089
  1.0274521587197e-18  2.55148369762484e-18  -3.6779209390439e-17 -6.95902062293944e-16      1.95848631501726 -1.94720691575215e-16   1.3471744040821e-16   -0.0156921058958543   -0.0624692584232793 -8.48243262018028e-17
-1.69551209073032e-18  5.67893906186214e-20  7.08957970671708e-18  6.77259412949414e-18 -1.94720691575215e-16      1.95848631501726 -9.19579896224362e-18   -0.0624692584232792    0.0156921058958568  4.82194825391272e-18
 7.44095649152537e-05 -0.000322850787281901  -0.00191098249030679  -0.00466879854753977   1.3471744040821e-16 -9.19579896224362e-18      1.98524509378657  3.92562619956838e-16  4.90660256937911e-17    0.0256594928947141
 2.81427983992861e-17 -1.36267776091526e-18  2.09600670136836e-16 -5.53858312021632e-16   -0.0156921058958543   -0.0624692584232792  3.92562619956838e-16    0.0510000917241757  7.13618982822159e-17   8.8591082312798e-19
-7.43227945878305e-17  1.45183508418133e-19  1.14375735145797e-16 -7.56661898139519e-16   -0.0624692584232793    0.0156921058958568  4.90660256937911e-17  7.13618982822159e-17    0.0510000917241745 -6.18619724043629e-18
 -0.00163461309044119   0.00236778163989853   -0.0600544825990771    0.0103866718478089 -8.48243262018028e-17  4.82194825391272e-18    0.0256594928947141   8.8591082312798e-19 -6.18619724043629e-18    0.0137184622408176
POPULATION (lambda : 0.1): 6.55829695130831
TOTAL ENERGY: -126.975736382532	 lambda: 0.2
1RDM (lambda : 0.2): 
      1.9999868216962  9.15107396923764e-06 -0.000206044292117752 -0.000143581393494868  -3.8983312374441e-19 -9.00150082384521e-19  0.000115602778419231  2.40735447728711e-17 -7.37257423500434e-17  -0.00329148890505062
 9.15107396923764e-06      1.99998008616369  0.000249542925029104 -0.000130228736558685  2.40797476126763e-18  4.17721251248004e-20 -0.000357938060608395 -1.36697897445475e-18  3.75138839886786e-19   0.00451816808492115
-0.000206044292117752  0.000249542925029104      1.98669849934139   0.00133059285951096 -2.30526773838636e-17  1.05218141378323e-17 -0.000821683624799678  2.05188734222199e-16  9.42106965601563e-17    -0.121813202928096
-0.000143581393494868 -0.000130228736558685   0.00133059285951096      1.98915309266258 -8.01574365970859e-16 -1.03765443064214e-18  -0.00413013234306929 -8.10795504942823e-16 -1.87248506857652e-15    0.0105581330394251
 -3.8983312374441e-19  2.40797476126763e-18 -2.30526773838636e-17 -8.01574365970859e-16      1.95277118098997  9.03085451330457e-17  1.29436282580408e-16   -0.0278396108882324    -0.110827691229769 -6.70225681439096e-17
-9.00150082384521e-19  4.17721251248004e-20  1.05218141378323e-17 -1.03765443064214e-18  9.03085451330457e-17      1.95277118098996 -2.47948732687034e-18    -0.110827691229781    0.0278396108882349 -1.26108810361813e-17
 0.000115602778419231 -0.000357938060608395 -0.000821683624799678  -0.00413013234306929  1.29436282580408e-16 -2.47948732687034e-18      1.98581250467756  3.75746484933116e-16   8.7333582865285e-17    0.0371558468040467
 2.40735447728711e-17 -1.36697897445475e-18  2.05188734222199e-16 -8.10795504942823e-16   -0.0278396108882324    -0.110827691229781  3.75746484933116e-16    0.0563956238091423 -7.08284287931172e-16 -3.55268758216398e-18
-7.37257423500434e-17  3.75138839886786e-19  9.42106965601563e-17 -1.87248506857652e-15    -0.110827691229769    0.0278396108882349   8.7333582865285e-17 -7.08284287931172e-16    0.0563956238091396 -1.31784659919356e-17
 -0.00329148890505062   0.00451816808492115    -0.121813202928096    0.0105581330394251 -6.70225681439096e-17 -1.26108810361813e-17    0.0371558468040467 -3.55268758216398e-18 -1.31784659919356e-17    0.0200353858603976
POPULATION (lambda : 0.2): 6.80155300669631
TOTAL ENERGY: -126.914980109999	 lambda: 0.3
1RDM (lambda : 0.3): 
     1.99997937436685  1.82435498837299e-05 -0.000467979436624564  -0.00014980884784561 -1.74902107683371e-18 -3.12869356323665e-19  0.000174906318099661  1.99743826426309e-17 -7.30374433598289e-17  -0.00492808106111254
 1.82435498837299e-05       1.9999685483867  0.000583334813672853 -0.000132370411031816  2.24917796813559e-18  5.74976318107605e-20 -0.000417738367868472 -1.36560899209665e-18  6.52737536509856e-19   0.00666136595418458
-0.000467979436624564  0.000583334813672853      1.97708773875938   0.00106541494323745 -8.37100914368191e-18  1.29645805569186e-17   0.00100962513075032  1.99920365585779e-16  7.17808324051775e-17    -0.182969081904779
 -0.00014980884784561 -0.000132370411031816   0.00106541494323745      1.98867907067433 -9.50925146170202e-16 -8.27909134865594e-18  -0.00362024745894866 -1.06400233516077e-15 -2.97064497493353e-15    0.0104250519374552
-1.74902107683371e-18  2.24917796813559e-18 -8.37100914368191e-18 -9.50925146170202e-16      1.94495549500602 -3.52104211133327e-16  1.30664421590057e-16   -0.0398919365244493    -0.158807220761992 -4.26864910250235e-17
-3.12869356323665e-19  5.74976318107605e-20  1.29645805569186e-17 -8.27909134865594e-18 -3.52104211133327e-16      1.94495549500602   2.5802405656988e-18    -0.158807220762009    0.0398919365244506 -3.00628401677782e-17
 0.000174906318099661 -0.000417738367868472   0.00100962513075032  -0.00362024745894866  1.30664421590057e-16   2.5802405656988e-18       1.9862093120996  3.59760255600121e-16  1.43624292488134e-16    0.0482772935428508
 1.99743826426309e-17 -1.36560899209665e-18  1.99920365585779e-16 -1.06400233516077e-15   -0.0398919365244493    -0.158807220762009  3.59760255600121e-16    0.0639785309097907 -4.95446213167386e-16 -7.37248108185799e-18
-7.30374433598289e-17  6.52737536509856e-19  7.17808324051775e-17 -2.97064497493353e-15    -0.158807220761992    0.0398919365244506  1.43624292488134e-16 -4.95446213167386e-16    0.0639785309097868 -1.98605017360661e-17
 -0.00492808106111254   0.00666136595418458    -0.182969081904779    0.0104250519374552 -4.26864910250235e-17 -3.00628401677782e-17    0.0482772935428508 -7.37248108185799e-18 -1.98605017360661e-17    0.0302079038815211
POPULATION (lambda : 0.3): 7.04460817323752
TOTAL ENERGY: -126.830480755262	 lambda: 0.4
1RDM (lambda : 0.4): 
     1.99996928635517  3.08420621736555e-05 -0.000828274276720928 -0.000157982811863883 -3.09193307379402e-18  7.83460464688443e-20   0.00025080906335018  1.58428043912335e-17 -7.22956094570342e-17  -0.00653458059715078
 3.08420621736555e-05       1.9999522949177   0.00104863573503969 -0.000133753758285874  1.82040747691185e-18  1.39723159133156e-19 -0.000500593304814411 -1.40496666754997e-18   5.7585872474161e-19   0.00878377491084354
-0.000828274276720928   0.00104863573503969      1.96387987877032  0.000740304441799053  1.45622592090135e-17  1.34251578690176e-17   0.00352690478812593  1.96155479983831e-16  6.86107672437348e-17    -0.242866394873533
-0.000157982811863883 -0.000133753758285874  0.000740304441799053      1.98811073881895 -1.17533964380945e-15 -1.00065000945826e-17    -0.003130100166968 -1.32452846706992e-15 -4.16569134187743e-15     0.010007630997726
-3.09193307379402e-18  1.82040747691185e-18  1.45622592090135e-17 -1.17533964380945e-15      1.93506475621857 -1.01031510041395e-15  8.37159129633028e-17   -0.0518560040894342    -0.206435400183716  -1.6229954530059e-17
 7.83460464688443e-20  1.39723159133156e-19  1.34251578690176e-17 -1.00065000945826e-17 -1.01031510041395e-15      1.93506475621856   1.4242583541788e-17     -0.20643540018374    0.0518560040894327   -4.666200472248e-17
  0.00025080906335018 -0.000500593304814411   0.00352690478812593    -0.003130100166968  8.37159129633028e-17   1.4242583541788e-17      1.98645606011904  3.26952856813863e-16  3.39946649523387e-17    0.0588214731454116
 1.58428043912335e-17 -1.40496666754997e-18  1.96155479983831e-16 -1.32452846706992e-15   -0.0518560040894342     -0.20643540018374  3.26952856813863e-16    0.0737268425083138 -6.88566250904538e-16 -1.07583961366292e-17
-7.22956094570342e-17   5.7585872474161e-19  6.86107672437348e-17 -4.16569134187743e-15    -0.206435400183716    0.0518560040894327  3.39946649523387e-17 -6.88566250904538e-16    0.0737268425083064  -2.7492969675139e-17
 -0.00653458059715078   0.00878377491084354    -0.242866394873533     0.010007630997726  -1.6229954530059e-17   -4.666200472248e-17    0.0588214731454116 -1.07583961366292e-17  -2.7492969675139e-17    0.0440485435651124
POPULATION (lambda : 0.4): 7.28608811108335
TOTAL ENERGY: -126.723126459816	 lambda: 0.5
1RDM (lambda : 0.5): 
     1.99995668399636  4.68383781822758e-05  -0.00128092595741445 -0.000168564073195144 -4.31475129019608e-18  2.55808825909212e-19  0.000341218546994348  1.16832094219957e-17 -7.14194514815142e-17   -0.0081022836401208
 4.68383781822758e-05      1.99993140548361   0.00163947250667353 -0.000133585599380941  1.56070142335385e-18  2.14921860369816e-19 -0.000603978317658716 -1.40070164646217e-18   9.1441494669874e-19    0.0108729258544883
 -0.00128092595741445   0.00163947250667353      1.94734782098217  0.000345981154870141  3.23677801685639e-17  1.39807506780269e-17   0.00664394073609996  1.89880464871892e-16  4.40170049207565e-17    -0.300906260474771
-0.000168564073195144 -0.000133585599380941  0.000345981154870141      1.98744672003191 -1.41569344453732e-15 -1.55204428875854e-17  -0.00264882540925873 -1.57233256969024e-15 -5.24127295867483e-15   0.00932599749519104
-4.31475129019608e-18  1.56070142335385e-18  3.23677801685639e-17 -1.41569344453732e-15      1.92308657416006  1.20630570189923e-15  9.20920691128104e-17   -0.0637375537939011    -0.253735086544358  1.89521203394705e-17
 2.55808825909212e-19  2.14921860369816e-19  1.39807506780269e-17 -1.55204428875854e-17  1.20630570189923e-15      1.92308657416006  1.63541347101584e-17    -0.253735086544359    0.0637375537939101 -6.33602024501491e-17
 0.000341218546994348 -0.000603978317658716   0.00664394073609996  -0.00264882540925873  9.20920691128104e-17  1.63541347101584e-17      1.98658087595246  3.10339558505389e-16  1.14621068008524e-16    0.0686101783154873
 1.16832094219957e-17 -1.40070164646217e-18  1.89880464871892e-16 -1.57233256969024e-15   -0.0637375537939011    -0.253735086544359  3.10339558505389e-16    0.0856540503525463 -1.70462224645991e-15 -1.33933058678252e-17
-7.14194514815142e-17   9.1441494669874e-19  4.40170049207565e-17 -5.24127295867483e-15    -0.253735086544358    0.0637375537939101  1.14621068008524e-16 -1.70462224645991e-15    0.0856540503525446 -3.37682299563348e-17
  -0.0081022836401208    0.0108729258544883    -0.300906260474771   0.00932599749519104  1.89521203394705e-17 -6.33602024501491e-17    0.0686101783154873 -1.33933058678252e-17 -3.37682299563348e-17    0.0612552445283134
POPULATION (lambda : 0.5): 7.52471708592543
TOTAL ENERGY: -126.594115072731	 lambda: 0.6
1RDM (lambda : 0.6): 
     1.99994171842099  6.60872176100163e-05  -0.00181830006486116 -0.000181911298203417 -5.46356649075371e-18  2.26908523169004e-19  0.000443575834596757  7.49300778548809e-18 -7.04574792538915e-17  -0.00962388476338983
 6.60872176100163e-05      1.99990601598563   0.00234745349245154 -0.000131114538535119  1.20603598548852e-18  3.22954854094429e-19 -0.000724657015674503 -1.39890279256688e-18  1.21725540899439e-18    0.0129179737475059
 -0.00181830006486116   0.00234745349245154      1.92785093333667 -0.000124765695207513   5.2248739196653e-17  1.35719624812661e-17    0.0102505788348302  1.83245078031641e-16  2.06440884707243e-17    -0.356577536567634
-0.000181911298203417 -0.000131114538535119 -0.000124765695207513      1.98668999743575 -1.70361966507869e-15 -1.94841793527865e-17  -0.00216486554328657 -1.81713603137752e-15 -6.31699578860482e-15    0.0084014473218971
-5.46356649075371e-18  1.20603598548852e-18   5.2248739196653e-17 -1.70361966507869e-15      1.90897437652114 -6.85237947649671e-16  9.89935000996337e-17   -0.0755370132114179     -0.30070796757602  5.79986793072463e-17
 2.26908523169004e-19  3.22954854094429e-19  1.35719624812661e-17 -1.94841793527865e-17 -6.85237947649671e-16      1.90897437652113  1.82760821200757e-17    -0.300707967576038     0.075537013211418 -7.92281374276311e-17
 0.000443575834596757 -0.000724657015674503    0.0102505788348302  -0.00216486554328657  9.89935000996337e-17  1.82760821200757e-17      1.98661681067598  2.92512870796942e-16  1.79352767467026e-16    0.0774957934871639
 7.49300778548809e-18 -1.39890279256688e-18  1.83245078031641e-16 -1.81713603137752e-15   -0.0755370132114179    -0.300707967576038  2.92512870796942e-16    0.0998053901148411 -7.38636148341949e-16 -1.54096397357198e-17
-7.04574792538915e-17  1.21725540899439e-18  2.06440884707243e-17 -6.31699578860482e-15     -0.30070796757602     0.075537013211418  1.79352767467026e-16 -7.38636148341949e-16    0.0998053901148354 -3.94166339603681e-17
 -0.00962388476338983    0.0129179737475059    -0.356577536567634    0.0084014473218971  5.79986793072463e-17 -7.92281374276311e-17    0.0774957934871639 -1.54096397357198e-17 -3.94166339603681e-17    0.0814349908730679
POPULATION (lambda : 0.6): 7.75935171591234
TOTAL ENERGY: -126.444889339221	 lambda: 0.7
1RDM (lambda : 0.7): 
     1.99992455899072  8.84137583111582e-05  -0.00243160376147375 -0.000198284744499354  -6.4890648236859e-18 -1.93862097518716e-20  0.000554988698712324  3.27211630968717e-18 -6.94179858580675e-17   -0.0110936177698888
 8.84137583111582e-05      1.99987630893026   0.00316235315651923 -0.000125655919113896  8.91146639463421e-19  4.46628997226993e-19 -0.000858868468460461 -1.36959016596559e-18  1.66439886279043e-18    0.0149100174715218
