TOTAL ENERGY: -122.590666599869	 lambda: -1
1RDM (lambda : -1): 
     1.99895374975208   0.00133831103457875    0.0157430092964886 -2.87147846624315e-17  1.11780300959269e-17   0.00437604202066064   0.00486153555212947 -7.62232780251801e-17  4.26492519142595e-17    0.0423322108048214
  0.00133831103457875      1.99827224790564   -0.0202278116049687  1.01668575168602e-17  2.22529269233904e-18  -0.00547974678974576   -0.0065872015498436 -2.40309560077021e-18 -2.42751695994157e-18   -0.0543023289532178
   0.0157430092964886   -0.0202278116049687      1.76185990197439  7.82317876230329e-17 -2.02206426750477e-17   -0.0649734693208936   -0.0745404112477031 -1.86105511214414e-16 -2.14756063231707e-16    -0.639174133438492
-2.87147846624315e-17  1.01668575168602e-17  7.82317876230329e-17      1.86388048131008 -7.84867322525074e-15 -1.17582944165686e-16  9.79749757207698e-17     -0.49302876970566   -0.0504311932775554  3.65073297310162e-16
 1.11780300959269e-17  2.22529269233904e-18 -2.02206426750477e-17 -7.84867322525074e-15      1.86388048131001  1.04219743669387e-16  8.04143964182476e-17    0.0504311932775392    -0.493028769705771  8.28442091749793e-17
  0.00437604202066064  -0.00547974678974576   -0.0649734693208936 -1.17582944165686e-16  1.04219743669387e-16       1.9803555631535   -0.0166994218882174 -6.15689571700015e-16  2.92756438875574e-16    -0.175518438896365
  0.00486153555212947   -0.0065872015498436   -0.0745404112477031  9.79749757207698e-17  8.04143964182476e-17   -0.0166994218882174      1.96162227200373  2.98383164124226e-16   2.8400509637771e-16    -0.198754400964735
-7.62232780251801e-17 -2.40309560077021e-18 -1.86105511214414e-16     -0.49302876970566    0.0504311932775392 -6.15689571700015e-16  2.98383164124226e-16     0.144185945810494  1.36581377500348e-15 -6.42449561245913e-18
 4.26492519142595e-17 -2.42751695994157e-18 -2.14756063231707e-16   -0.0504311932775554    -0.493028769705771  2.92756438875574e-16   2.8400509637771e-16  1.36581377500348e-15      0.14418594581056 -1.79367918018093e-17
   0.0423322108048214   -0.0543023289532178    -0.639174133438492  3.65073297310162e-16  8.28442091749793e-17    -0.175518438896365    -0.198754400964735 -6.42449561245913e-18 -1.79367918018093e-17     0.282803410969564
POPULATION (lambda : -1): 1.61775388808807
TOTAL ENERGY: -122.814565311175	 lambda: -0.9
1RDM (lambda : -0.9): 
     1.99912032551736    0.0011280003258941    0.0135764265929701 -2.49186858987032e-17  1.06200154474643e-17   0.00384233995186808   0.00422124226970327 -7.25028636336687e-17  4.47694489659258e-17    0.0391566476746381
   0.0011280003258941      1.99853775190787   -0.0175035923579948  8.84555536661356e-18  1.96814880846385e-18  -0.00480487632761215  -0.00577773391850607  -2.4490233845722e-18 -2.09512186499805e-18   -0.0503823093967315
   0.0135764265929701   -0.0175035923579948      1.78904421798489  7.18544406572787e-17 -1.52333846514997e-17   -0.0583378410224586    -0.066588607000793 -1.78295474009548e-16 -1.96548402024412e-16    -0.606948750552777
-2.49186858987032e-17  8.84555536661356e-18  7.18544406572787e-17      1.88576127233162 -7.54922064397288e-15 -7.62472502798662e-17  7.60398604319413e-17    -0.451516358208311   -0.0461849494630044  3.52100520387752e-16
 1.06200154474643e-17  1.96814880846385e-18 -1.52333846514997e-17 -7.54922064397288e-15      1.88576127233157  9.12815941024561e-17  6.55944808134094e-17     0.046184949462984    -0.451516358208401   7.8520236828578e-17
  0.00384233995186808  -0.00480487632761215   -0.0583378410224586 -7.62472502798662e-17  9.12815941024561e-17      1.98174491837396   -0.0147364122347438 -4.84863044488386e-16  2.92445199132065e-16    -0.169219647120163
  0.00422124226970327  -0.00577773391850607    -0.066588607000793  7.60398604319413e-17  6.55944808134094e-17   -0.0147364122347438      1.96429225077491  2.52411089246377e-16  2.49321771297931e-16    -0.190083772881874
-7.25028636336687e-17  -2.4490233845722e-18 -1.78295474009548e-16    -0.451516358208311     0.046184949462984 -4.84863044488386e-16  2.52411089246377e-16     0.122190236473894  2.87459012532733e-15 -9.09781734214826e-18
 4.47694489659258e-17 -2.09512186499805e-18 -1.96548402024412e-16   -0.0461849494630044    -0.451516358208401  2.92445199132065e-16  2.49321771297931e-16  2.87459012532733e-15      0.12219023647394 -1.71019589053526e-17
   0.0391566476746381   -0.0503823093967315    -0.606948750552777  3.52100520387752e-16   7.8520236828578e-17    -0.169219647120163    -0.190083772881874 -9.09781734214826e-18 -1.71019589053526e-17     0.251357517830022
POPULATION (lambda : -0.9): 1.85370954121448
TOTAL ENERGY: -123.043049637955	 lambda: -0.8
1RDM (lambda : -0.8): 
     1.99927816762659  0.000927751330772165    0.0114225747099466 -2.12020438446552e-17  9.92170252631657e-18   0.00329440227398678   0.00357378883150938 -6.85742219763815e-17  4.69099293174994e-17    0.0357883030405181
 0.000927751330772165      1.99879179221174   -0.0147804469090716   7.4769480584158e-18  1.70822512880654e-18  -0.00410786935733464   -0.0049537054687733 -2.48974975881349e-18  -1.7463623199252e-18   -0.0461949542998015
   0.0114225747099466   -0.0147804469090716      1.81762393249515  6.40501011800651e-17 -1.09125082165551e-17   -0.0510785946015983   -0.0580300782896618 -1.69439090089494e-16 -1.77324396846984e-16    -0.569508489452939
-2.12020438446552e-17   7.4769480584158e-18  6.40501011800651e-17      1.90635336316297 -6.72847003843065e-15 -4.04398370652972e-17  5.38595674770371e-17    -0.407174716719372   -0.0416493074166357  3.36090974091217e-16
 9.92170252631657e-18  1.70822512880654e-18 -1.09125082165551e-17 -6.72847003843065e-15      1.90635336316292  7.85294056994267e-17  5.22471048015367e-17    0.0416493074166178    -0.407174716719487  7.37115796631646e-17
  0.00329440227398678  -0.00410786935733464   -0.0510785946015983 -4.04398370652972e-17  7.85294056994267e-17      1.98335178091954   -0.0125581717809276  -3.4652957001187e-16  2.91738038302234e-16    -0.161174201516438
  0.00357378883150938   -0.0049537054687733   -0.0580300782896618  5.38595674770371e-17  5.22471048015367e-17   -0.0125581717809276      1.96723567847772  1.97423856694337e-16  2.14840145304096e-16    -0.179538080116062
-6.85742219763815e-17 -2.48974975881349e-18 -1.69439090089494e-16    -0.407174716719372    0.0416493074166178  -3.4652957001187e-16  1.97423856694337e-16     0.101469810165525  1.31711629837855e-15 -1.08343349080743e-17
 4.69099293174994e-17  -1.7463623199252e-18 -1.77324396846984e-16   -0.0416493074166357    -0.407174716719487  2.91738038302234e-16  2.14840145304096e-16  1.31711629837855e-15      0.10146981016558 -1.62184490835945e-17
   0.0357883030405181   -0.0461949542998015    -0.569508489452939  3.36090974091217e-16  7.37115796631646e-17    -0.161174201516438    -0.179538080116062 -1.08343349080743e-17 -1.62184490835945e-17     0.218072301612269
POPULATION (lambda : -0.8): 2.12286112407727
TOTAL ENERGY: -123.272782592695	 lambda: -0.7
1RDM (lambda : -0.7): 
     1.99942582077834  0.000739422696105775   0.00930796621550515 -1.76257475434057e-17  9.08072172223151e-18   0.00273970979380641   0.00292757368286241 -6.44772701529248e-17  4.90446624209606e-17    0.0322042791455999
 0.000739422696105775      1.99903199693638    -0.012090920232515   6.0924733487455e-18  1.44679599211699e-18   -0.0033977144835322   -0.0041252161105466 -2.51157416298439e-18 -1.38040543833812e-18   -0.0417043041816603
  0.00930796621550515    -0.012090920232515       1.8472653540119  5.49374835238681e-17 -7.35672268814714e-18   -0.0432723686469342   -0.0489518681594601 -1.59490273165902e-16 -1.57123769867859e-16     -0.52597363822111
-1.76257475434057e-17   6.0924733487455e-18  5.49374835238681e-17       1.9252460961299 -5.85169449168506e-15 -1.10458700115843e-17  3.43457366685519e-17      -0.3602510031989   -0.0368495494739468  3.16037373130876e-16
 9.08072172223151e-18  1.44679599211699e-18 -7.35672268814714e-18 -5.85169449168506e-15      1.92524609612986  6.61644555875947e-17  4.04828741781429e-17    0.0368495494739279    -0.360251003199006   6.8336865583819e-17
  0.00273970979380641   -0.0033977144835322   -0.0432723686469342 -1.10458700115843e-17  6.61644555875947e-17      1.98516411114653   -0.0101833846215552  -2.0085273938492e-16   2.9076834488279e-16    -0.151046434406959
  0.00292757368286241   -0.0041252161105466   -0.0489518681594601  3.43457366685519e-17  4.04828741781429e-17   -0.0101833846215552      1.97042332887164  1.40220400956436e-16   1.8165821683953e-16    -0.166762703687169
-6.44772701529248e-17 -2.51157416298439e-18 -1.59490273165902e-16      -0.3602510031989    0.0368495494739279  -2.0085273938492e-16  1.40220400956436e-16     0.082439851545103  1.55637754671536e-15 -1.24125864121235e-17
 4.90446624209606e-17 -1.38040543833812e-18 -1.57123769867859e-16   -0.0368495494739468    -0.360251003199006   2.9076834488279e-16   1.8165821683953e-16  1.55637754671536e-15    0.0824398515451468 -1.53565504232492e-17
   0.0322042791455999   -0.0417043041816603     -0.52597363822111  3.16037373130876e-16   6.8336865583819e-17    -0.151046434406959    -0.166762703687169 -1.24125864121235e-17 -1.53565504232492e-17     0.183317492905235
POPULATION (lambda : -0.7): 2.42961497551293
TOTAL ENERGY: -123.499237221317	 lambda: -0.6
1RDM (lambda : -0.6): 
     1.99956155392217  0.000565280162575363    0.0072684402715307 -1.42409677457454e-17  8.09887438086161e-18   0.00218924495814994   0.00229466074855837 -6.02249587534009e-17  5.11518926488494e-17    0.0283813774336125
 0.000565280162575363      1.99925539763776   -0.0094803338685437  4.71370047240999e-18  1.18546420964761e-18  -0.00268807171183569  -0.00330735858296511  -2.5176223315464e-18 -9.99380451159662e-19   -0.0368731272428222
   0.0072684402715307   -0.0094803338685437      1.87740975589998  4.46759693532625e-17 -4.64249579525035e-18   -0.0350733709512935   -0.0395231211272092 -1.48475299773321e-16 -1.36024921396779e-16    -0.475413872473255
-1.42409677457454e-17  4.71370047240999e-18  4.46759693532625e-17      1.94206229884322 -5.00474825691389e-15  1.09766977093718e-17  1.71722387468138e-17    -0.311083742223525   -0.0318203023252906  2.91397715542695e-16
 8.09887438086161e-18  1.18546420964761e-18 -4.64249579525035e-18 -5.00474825691389e-15      1.94206229884318  5.43749506018402e-17  3.02558046577445e-17    0.0318203023252725    -0.311083742223643  6.23151905130127e-17
  0.00218924495814994  -0.00268807171183569   -0.0350733709512935  1.09766977093718e-17  5.43749506018402e-17      1.98714452162509  -0.00765618507938495 -4.93391161946798e-17  2.89548548074261e-16    -0.138482436582763
  0.00229466074855837  -0.00330735858296511   -0.0395231211272092  1.71722387468138e-17  3.02558046577445e-17  -0.00765618507938495      1.97379528287511  7.83443989053549e-17  1.49524721750198e-16    -0.151384043215625
-6.02249587534009e-17  -2.5176223315464e-18 -1.48475299773321e-16    -0.311083742223525    0.0318203023252725 -4.93391161946798e-17  7.83443989053549e-17    0.0654828405354837  9.91992767059287e-16 -1.33613682297569e-17
 5.11518926488494e-17 -9.99380451159662e-19 -1.36024921396779e-16   -0.0318203023252906    -0.311083742223643  2.89548548074261e-16  1.49524721750198e-16  9.91992767059287e-16    0.0654828405355234 -1.43900656383739e-17
   0.0283813774336125   -0.0368731272428222    -0.475413872473255  2.91397715542695e-16  6.23151905130127e-17    -0.138482436582763    -0.151384043215625 -1.33613682297569e-17 -1.43900656383739e-17     0.147743209282548
POPULATION (lambda : -0.6): 2.77857733832371
TOTAL ENERGY: -123.716422523432	 lambda: -0.5
1RDM (lambda : -0.5): 
     1.99968332097418  0.000408061446723039   0.00535112540226011 -1.11054856725067e-17    6.980962103242e-18   0.00165824746486618    0.0016915393809658 -5.58427580163074e-17  5.32095735344918e-17    0.0242987853467608
 0.000408061446723039      1.99945832377389  -0.00700972860349785  3.37657485802661e-18  9.27592188602806e-19  -0.00199838019763379  -0.00252138984875264 -2.51125334483277e-18 -6.06047359036163e-19   -0.0316664101041289
  0.00535112540226011  -0.00700972860349785      1.90720409850133  3.36345446502825e-17 -2.80338869364775e-18   -0.0267389394003924   -0.0300220643804841  -1.3656654087954e-16 -1.14151101217163e-16    -0.416932276081593
-1.11054856725067e-17  3.37657485802661e-18  3.36345446502825e-17      1.95648210665647  -3.9678290463998e-15  2.50162539609807e-17  2.96657535246841e-18    -0.260087697419194   -0.0266039916279607   2.6147713190779e-16
   6.980962103242e-18  9.27592188602806e-19 -2.80338869364775e-18  -3.9678290463998e-15      1.95648210665644  4.33309515499463e-17  2.15316634645198e-17    0.0266039916279413    -0.260087697419288  5.55400743855954e-17
  0.00165824746486618  -0.00199838019763379   -0.0267389394003924  2.50162539609807e-17  4.33309515499463e-17      1.98922050726847  -0.00505517553467958  1.06590987831754e-16   2.8811155051033e-16    -0.123142486342042
   0.0016915393809658  -0.00252138984875264   -0.0300220643804841  2.96657535246841e-18  2.15316634645198e-17  -0.00505517553467958      1.97725123754121  1.24375507881338e-17  1.18552329665382e-16    -0.133043518616318
-5.58427580163074e-17 -2.51125334483277e-18  -1.3656654087954e-16    -0.260087697419194    0.0266039916279413  1.06590987831754e-16  1.24375507881338e-17    0.0509241717588999  1.31368499555396e-15 -1.35584312030571e-17
 5.32095735344918e-17 -6.06047359036163e-19 -1.14151101217163e-16   -0.0266039916279607    -0.260087697419288   2.8811155051033e-16  1.18552329665382e-16  1.31368499555396e-15     0.050924171758926 -1.32201291534993e-17
   0.0242987853467608   -0.0316664101041289    -0.416932276081593   2.6147713190779e-16  5.55400743855954e-17    -0.123142486342042    -0.133043518616318 -1.35584312030571e-17 -1.32201291534993e-17     0.112369955110188
POPULATION (lambda : -0.5): 3.17419766173717
TOTAL ENERGY: -123.916655361821	 lambda: -0.4
1RDM (lambda : -0.4): 
     1.99978874786904  0.000271009280696637   0.00361569018945141 -8.28110932540868e-18  5.73411265291105e-18   0.00116670456971112   0.00113958610505548 -5.13608046272855e-17  5.51979671532342e-17    0.0199424846093167
 0.000271009280696637      1.99963633550475  -0.00475798698653587    2.130521119236e-18  6.78669005957309e-19  -0.00135466464882341  -0.00179556491555053 -2.49650838455221e-18 -2.04279134348017e-19   -0.0260572310247426
  0.00361569018945141  -0.00475798698653587      1.93544335570856  2.24571959400635e-17 -1.81807001040219e-18   -0.0186512297666685   -0.0208589530184573 -1.23968842299507e-16 -9.16756614500991e-17    -0.349808631722839
-8.28110932540868e-18    2.130521119236e-18  2.24571959400635e-17      1.96826103529234 -3.69855959075958e-15  3.08161221595153e-17 -7.64132339852417e-18    -0.207730869032194    -0.021248487619153  2.25693277363247e-16
 5.73411265291105e-18  6.78669005957309e-19 -1.81807001040219e-18 -3.69855959075958e-15      1.96826103529231  3.31787111901173e-17  1.42736422217824e-17      0.02124848761913    -0.207730869032304  4.78867050923068e-17
  0.00116670456971112  -0.00135466464882341   -0.0186512297666685  3.08161221595153e-17  3.31787111901173e-17      1.99127568128136  -0.00250125031945895  2.65432479096685e-16  2.86479733963215e-16    -0.104757056953009
  0.00113958610505548  -0.00179556491555053   -0.0208589530184573 -7.64132339852417e-18  1.42736422217824e-17  -0.00250125031945895      1.98064248189724 -5.67072203769798e-17  8.88790214782836e-17    -0.111454503085609
-5.13608046272855e-17 -2.49650838455221e-18 -1.23968842299507e-16    -0.207730869032194      0.02124848761913  2.65432479096685e-16 -5.67072203769798e-17    0.0390131889751629  1.25696908448829e-15 -1.29181471230389e-17
 5.51979671532342e-17 -2.04279134348017e-19 -9.16756614500991e-17    -0.021248487619153    -0.207730869032304  2.86479733963215e-16  8.88790214782836e-17  1.25696908448829e-15     0.039013188975188 -1.17389677678523e-17
   0.0199424846093167   -0.0260572310247426    -0.349808631722839  2.25693277363247e-16  4.78867050923068e-17    -0.104757056953009    -0.111454503085609 -1.29181471230389e-17 -1.17389677678523e-17    0.0786649492040762
POPULATION (lambda : -0.4): 3.62011608041864
TOTAL ENERGY: -124.090534607576	 lambda: -0.3
1RDM (lambda : -0.3): 
     1.99987517962586  0.000157827855388698   0.00213376107233583  -5.8315766663721e-18  4.36630580100274e-18  0.000739136908751014  0.000664806924170393 -4.68098274881366e-17  5.71004947476453e-17    0.0153114879641593
 0.000157827855388698        1.999784255422  -0.00282164347914084  1.03761987726226e-18  4.46762910100891e-19 -0.000789460127181047  -0.00116505956017789 -2.47981706240972e-18  2.00059181379316e-19   -0.0200353267369038
  0.00213376107233583  -0.00282164347914084       1.9605563078864  1.20662917918279e-17 -1.59229482100262e-18   -0.0113230692923109    -0.012583208932605  -1.1097516648917e-16 -6.88140942964767e-17    -0.273708229967669
 -5.8315766663721e-18  1.03761987726226e-18  1.20662917918279e-17      1.97724027413899 -2.48509524713023e-15  2.84588063416504e-17 -1.40814247129119e-17    -0.154504111645249   -0.0158040003858126  1.83742442373658e-16
 4.36630580100274e-18  4.46762910100891e-19 -1.59229482100262e-18 -2.48509524713023e-15      1.97724027413898  2.40683658797012e-17  8.44224982643209e-18    0.0158040003857919    -0.154504111645346  3.92250998666836e-17
 0.000739136908751014 -0.000789460127181047   -0.0113230692923109  2.84588063416504e-17  2.40683658797012e-17      1.99314645391036 -0.000160173502168308   4.2546638599403e-16  2.84786075667962e-16   -0.0832093647502667
 0.000664806924170393  -0.00116505956017789    -0.012583208932605 -1.40814247129119e-17  8.44224982643209e-18 -0.000160173502168308      1.98376990256948 -1.28261149925454e-16  6.06279531667525e-17   -0.0864847883024469
-4.68098274881366e-17 -2.47981706240972e-18  -1.1097516648917e-16    -0.154504111645249    0.0158040003857919   4.2546638599403e-16 -1.28261149925454e-16    0.0299117541980979  8.49948675127185e-16  -1.1377011126663e-17
 5.71004947476453e-17  2.00059181379316e-19 -6.88140942964767e-17   -0.0158040003858126    -0.154504111645346  2.84786075667962e-16  6.06279531667525e-17  8.49948675127185e-16    0.0299117541981151 -9.84587546213566e-18
   0.0153114879641593   -0.0200353267369038    -0.273708229967669  1.83742442373658e-16  3.92250998666836e-17   -0.0832093647502667   -0.0864847883024469  -1.1377011126663e-17 -9.84587546213566e-18    0.0485638439117231
POPULATION (lambda : -0.3): 4.11815619730939
TOTAL ENERGY: -124.227346383401	 lambda: -0.2
1RDM (lambda : -0.2): 
     1.99993982872834  7.25043149129328e-05  0.000985071339406424 -3.81985406540202e-18  2.88523128145907e-18  0.000403101250395892  0.000296323778420438  -4.2219605527818e-17   5.8905560435705e-17    0.0104251853192445
 7.25043149129328e-05      1.99989638278835  -0.00131037773488149  1.69749785623934e-19  2.42962809254989e-19 -0.000340057814882761 -0.000670208121105139 -2.47002548949913e-18  5.99638690274591e-19   -0.0136176174976854
 0.000985071339406424  -0.00131037773488149      1.98067882195599    3.625709050843e-18 -1.95903863587253e-18  -0.00537107193956318  -0.00585826325257721 -9.79232389813531e-17 -4.58490052413921e-17    -0.188935884671018
-3.81985406540202e-18  1.69749785623934e-19    3.625709050843e-18      1.98334790511606 -1.62255189552822e-15  1.83870618782447e-17 -1.58670230272979e-17    -0.100883479337409   -0.0103192238224384  1.35805416481542e-16
 2.88523128145907e-18  2.42962809254989e-19 -1.95903863587253e-18 -1.62255189552822e-15      1.98334790511605    1.609018259966e-17  3.99766259446431e-18    0.0103192238224176    -0.100883479337507  2.94488495618315e-17
 0.000403101250395892 -0.000340057814882761  -0.00537107193956318  1.83870618782447e-17    1.609018259966e-17      1.99463064343979   0.00176583911323556  5.85147245008059e-16  2.82958597288145e-16   -0.0586359448914881
 0.000296323778420438 -0.000670208121105139  -0.00585826325257721 -1.58670230272979e-17  3.99766259446431e-18   0.00176583911323556      1.98639409564754 -2.01638727099106e-16  3.38422189182791e-17   -0.0582573437424132
 -4.2219605527818e-17 -2.47002548949913e-18 -9.79232389813531e-17    -0.100883479337409    0.0103192238224176  5.85147245008059e-16 -2.01638727099106e-16    0.0236920190773361   5.2646339276752e-16 -8.94360029717142e-18
  5.8905560435705e-17  5.99638690274591e-19 -4.58490052413921e-17   -0.0103192238224384    -0.100883479337507  2.82958597288145e-16  3.38422189182791e-17   5.2646339276752e-16    0.0236920190773473 -7.44800154817932e-18
   0.0104251853192445   -0.0136176174976854    -0.188935884671018  1.35805416481542e-16  2.94488495618315e-17   -0.0586359448914881   -0.0582573437424132 -8.94360029717142e-18 -7.44800154817932e-18    0.0243803790532169
POPULATION (lambda : -0.2): 4.66703349581707
TOTAL ENERGY: -124.316114041759	 lambda: -0.1
1RDM (lambda : -0.1): 
     1.99998005434647  1.89470485069492e-05  0.000249202606434258 -2.30222648619995e-18  1.29655814440484e-18  0.000185952852524418  6.31731038781623e-05 -3.76165406216883e-17  6.06059887969207e-17   0.00532974251957103
 1.89470485069492e-05      1.99996696757434 -0.000336428840133012 -3.98747853037662e-19  8.09660751827205e-20 -4.43798798966266e-05 -0.000352355232424387 -2.47604400963874e-18  9.85318501586116e-19  -0.00685811631885698
 0.000249202606434258 -0.000336428840133012      1.99385408928118 -1.60342223747572e-18 -2.67889379700912e-18  -0.00144095479581202  -0.00138869214377094 -8.51627998658873e-17  -2.3094769876142e-17   -0.0966704892415852
-2.30222648619995e-18 -3.98747853037662e-19 -1.60342223747572e-18       1.9865898253349 -8.20499867992837e-16  1.27663947381973e-18 -1.25604120064302e-17   -0.0472872436723826  -0.00483694312789336  8.27238908996977e-17
 1.29655814440484e-18  8.09660751827205e-20 -2.67889379700912e-18 -8.20499867992837e-16       1.9865898253349  9.33411250709446e-18  9.07599586709696e-19   0.00483694312787241   -0.0472872436724798   1.8506756235196e-17
 0.000185952852524418 -4.43798798966266e-05  -0.00144095479581202  1.27663947381973e-18  9.33411250709446e-18      1.99551394427411    0.0030627992073522  7.43040182097657e-16  2.80994760223568e-16   -0.0315173555044047
 6.31731038781623e-05 -0.000352355232424387  -0.00138869214377094 -1.25604120064302e-17  9.07599586709696e-19    0.0030627992073522      1.98826327564337  -2.7621255285802e-16  8.56647369325935e-18    -0.027245231216525
-3.76165406216883e-17 -2.47604400963874e-18 -8.51627998658873e-17   -0.0472872436723826   0.00483694312787241  7.43040182097657e-16  -2.7621255285802e-16    0.0203453019531569  2.29528430572604e-16 -5.74312217731672e-18
 6.06059887969207e-17  9.85318501586116e-19  -2.3094769876142e-17  -0.00483694312789336   -0.0472872436724798  2.80994760223568e-16  8.56647369325935e-18  2.29528430572604e-16    0.0203453019531636 -4.51094977019805e-18
  0.00532974251957103  -0.00685811631885698   -0.0966704892415852  8.27238908996977e-17   1.8506756235196e-17   -0.0315173555044047    -0.027245231216525 -5.74312217731672e-18 -4.51094977019805e-18   0.00855141430444554
POPULATION (lambda : -0.1): 5.26108103056639
TOTAL ENERGY: -124.347308389153	 lambda: 0
1RDM (lambda : 0): 
     1.99999375544914  4.49514151695483e-07 -6.78833651869796e-06 -1.31996717784199e-18  -3.9674101340549e-19  0.000110023352337583 -1.04960456842005e-05 -3.30220943314282e-17   6.2199266715713e-17  0.000100274394294024
 4.49514151695483e-07      1.99999095081311  2.06124407473584e-06 -6.03628967415522e-19 -2.39889226357497e-20   6.5445728148636e-05 -0.000247271185212873 -2.50563300889667e-18  1.34745501799632e-18  0.000147263394892897
-6.78833651869796e-06  2.06124407473584e-06        1.998360894617 -2.50408345902968e-18 -3.47190094952913e-18 -8.57459980261543e-05  0.000202371976160711 -7.29709528309945e-17 -8.91429308204499e-19  0.000928474894982276
-1.31996717784199e-18 -6.03628967415522e-19 -2.50408345902968e-18      1.98702975732989 -5.08445213635203e-18  -2.2109285299156e-17 -3.84379510274469e-18   0.00596530244249513   0.00061018206356307  2.60747127375709e-17
 -3.9674101340549e-19 -2.39889226357497e-20 -3.47190094952913e-18 -5.08445213635203e-18      1.98702975732989  3.85331504017676e-18 -8.61288222243733e-19 -0.000610182063584078   0.00596530244240063  6.44566252807974e-18
 0.000110023352337583   6.5445728148636e-05 -8.57459980261543e-05  -2.2109285299156e-17  3.85331504017676e-18      1.99561405145931   0.00354607876402043  8.98218623523122e-16   2.7872329301307e-16  -0.00271241365409152
-1.04960456842005e-05 -0.000247271185212873  0.000202371976160711 -3.84379510274469e-18 -8.61288222243733e-19   0.00354607876402043      1.98915977920767  -3.5155665845555e-16 -1.51869419169922e-17   0.00568138159671017
-3.30220943314282e-17 -2.50563300889667e-18 -7.29709528309945e-17   0.00596530244249513 -0.000610182063584078  8.98218623523122e-16  -3.5155665845555e-16     0.019803328123075 -5.78870948066127e-17 -2.02653870968745e-18
  6.2199266715713e-17  1.34745501799632e-18 -8.91429308204499e-19   0.00061018206356307   0.00596530244240063   2.7872329301307e-16 -1.51869419169922e-17 -5.78870948066127e-17    0.0198033281230757 -1.07373208450416e-18
 0.000100274394294024  0.000147263394892897  0.000928474894982276  2.60747127375709e-17  6.44566252807974e-18  -0.00271241365409152   0.00568138159671017 -2.02653870968745e-18 -1.07373208450416e-18   0.00321439754785224
POPULATION (lambda : 0): 5.88954340569971
TOTAL ENERGY: -124.314847834353	 lambda: 0.1
1RDM (lambda : 0.1): 
     1.99997978626338  1.90901383555463e-05  0.000257894257679903 -8.90811776858038e-19 -2.19442574864992e-18  0.000187414673254935  8.91873093885769e-05 -2.84509178003249e-17  6.36854518792431e-17  -0.00516435558112636
 1.90901383555463e-05      1.99996483651086 -0.000359570913113611 -4.04503678471741e-19 -5.73696520595141e-20 -2.96665643284652e-05 -0.000377376938832777   -2.562328461317e-18  1.67676352816366e-18   0.00726578977293319
 0.000257894257679903 -0.000359570913113611      1.99309850789711  1.61062499275718e-18 -4.06184646306103e-18  -0.00162682770182032   -0.0014792849970837 -6.15290261942849e-17  2.04656796796552e-17     0.100853297953444
-8.90811776858038e-19 -4.04503678471741e-19  1.61062499275718e-18      1.98476042382996  8.35170092266383e-16 -5.11639462080877e-17  1.04503682746367e-17    0.0586800828061191   0.00600229997807719 -3.19646977778261e-17
-2.19442574864992e-18 -5.73696520595141e-20 -4.06184646306103e-18  8.35170092266383e-16      1.98476042382996  -3.0657469804679e-19 -1.35742391705545e-18  -0.00600229997809734    0.0586800828060244 -6.56432922677579e-18
 0.000187414673254935 -2.96665643284652e-05  -0.00162682770182032 -5.11639462080877e-17  -3.0657469804679e-19      1.99483072036908   0.00310839184871665  1.04998540246394e-15  2.76078797817596e-16    0.0266096736740127
 8.91873093885769e-05 -0.000377376938832777   -0.0014792849970837  1.04503682746367e-17 -1.35742391705545e-18   0.00310839184871665      1.98895584882087 -4.27465433197062e-16  -3.7422483732738e-17    0.0393021184421881
-2.84509178003249e-17   -2.562328461317e-18 -6.15290261942849e-17    0.0586800828061191  -0.00600229997809734  1.04998540246394e-15 -4.27465433197062e-16    0.0219696279581663  -3.1059816607374e-16  1.85657346914558e-18
 6.36854518792431e-17  1.67676352816366e-18  2.04656796796552e-17   0.00600229997807719    0.0586800828060244  2.76078797817596e-16  -3.7422483732738e-17  -3.1059816607374e-16    0.0219696279581608  2.73470574300819e-18
 -0.00516435558112636   0.00726578977293319     0.100853297953444 -3.19646977778261e-17 -6.56432922677579e-18    0.0266096736740127    0.0393021184421881  1.85657346914558e-18  2.73470574300819e-18   0.00971019656247732
POPULATION (lambda : 0.1): 6.53704636584006
TOTAL ENERGY: -124.217649579194	 lambda: 0.2
1RDM (lambda : 0.2): 
     1.99993824328518  7.52724248533867e-05    0.0010475683796619 -1.00483961742634e-18 -4.09746938523356e-18  0.000416457474452169   0.00036172265183766 -2.39118835729743e-17  6.50658389358509e-17   -0.0103547254318468
 7.52724248533867e-05      1.99988741411019  -0.00143698970596827  2.04268565462803e-19 -8.03067692413837e-21 -0.000330433840651844 -0.000745400314760369  -2.6420587571781e-18   1.9669649462771e-18    0.0143446371702634
   0.0010475683796619  -0.00143698970596827      1.97788843832953  1.07892412607442e-17 -4.24098964739498e-18  -0.00605355122414439  -0.00647922178909312 -5.08009828172634e-17  4.07580939567216e-17     0.199652962515488
-1.00483961742634e-18  2.04268565462803e-19  1.07892412607442e-17      1.97987242225175   1.6585635805467e-15 -8.55589083501383e-17  3.02406312331298e-17     0.110785960945276    0.0113321340362317 -8.89765250461795e-17
-4.09746938523356e-18 -8.03067692413837e-21 -4.24098964739498e-18   1.6585635805467e-15      1.97987242225176 -3.13468062312628e-18 -6.74020354838328e-19    -0.011332134036253     0.110785960945191 -2.02301612506597e-17
 0.000416457474452169 -0.000330433840651844  -0.00605355122414439 -8.55589083501383e-17 -3.13468062312628e-18      1.99318018862511   0.00175570880947484   1.1980873375452e-15  2.72882065545788e-16    0.0551481935676459
  0.00036172265183766 -0.000745400314760369  -0.00647922178909312  3.02406312331298e-17 -6.74020354838328e-19   0.00175570880947484      1.98765833864241 -5.03375976169285e-16  -5.7994420810446e-17    0.0722068745696817
-2.39118835729743e-17  -2.6420587571781e-18 -5.08009828172634e-17     0.110785960945276    -0.011332134036253   1.1980873375452e-15 -5.03375976169285e-16    0.0267532215366312 -7.45035815522742e-16  5.52244176137405e-18
 6.50658389358509e-17   1.9669649462771e-18  4.07580939567216e-17    0.0113321340362317     0.110785960945191  2.72882065545788e-16  -5.7994420810446e-17 -7.45035815522742e-16    0.0267532215366225  6.71937667176112e-18
  -0.0103547254318468    0.0143446371702634     0.199652962515488 -8.89765250461795e-17 -2.02301612506597e-17    0.0551481935676459    0.0722068745696817  5.52244176137405e-18  6.71937667176112e-18    0.0281960894308451
POPULATION (lambda : 0.2): 7.18549746491747
TOTAL ENERGY: -124.059990534122	 lambda: 0.3
1RDM (lambda : 0.3): 
     1.99987049068544  0.000167606551690851   0.00232799135264777 -1.62652820965616e-18 -6.10588064054142e-18  0.000781626254549433   0.00079135660505556 -1.94114690764575e-17  6.63403122314403e-17   -0.0153684946201855
 0.000167606551690851      1.99976002734048  -0.00319199883820013   1.1938904303751e-18  1.29749653937399e-19 -0.000818407175379096  -0.00133236430551013 -2.73952358214047e-18  2.21387088245501e-18    0.0212352278912496
  0.00232799135264777  -0.00319199883820013      1.95355297276624  2.44390817316951e-17 -3.91224448475861e-18   -0.0130129959967667   -0.0144593554545375 -4.06633162030616e-17  5.98487751422541e-17      0.29400739424464
-1.62652820965616e-18   1.1938904303751e-18  2.44390817316951e-17      1.97243022149774  2.47082029335343e-15 -1.25338516223987e-16  5.54010469863118e-17       0.1623002783681    0.0166014584698341 -1.42745767479313e-16
-6.10588064054142e-18  1.29749653937399e-19 -3.91224448475861e-18  2.47082029335343e-15      1.97243022149775 -4.64788429753352e-18  1.06314425664001e-18   -0.0166014584698561     0.162300278368017 -3.41745080643224e-17
 0.000781626254549433 -0.000818407175379096   -0.0130129959967667 -1.25338516223987e-16 -4.64788429753352e-18      1.99079494640709 -0.000387618935875369  1.34271738933328e-15  2.69022649392722e-16    0.0817091447136565
  0.00079135660505556  -0.00133236430551013   -0.0144593554545375  5.54010469863118e-17  1.06314425664001e-18 -0.000387618935875369      1.98541946361871  -5.7981773086662e-16  -7.6980407797707e-17     0.103035024524073
-1.94114690764575e-17 -2.73952358214047e-18 -4.06633162030616e-17       0.1623002783681   -0.0166014584698561  1.34271738933328e-15  -5.7981773086662e-16      0.03409343319403 -1.13566406303015e-15  8.61921283181367e-18
 6.63403122314403e-17  2.21387088245501e-18  5.98487751422541e-17    0.0166014584698341     0.162300278368017  2.69022649392722e-16  -7.6980407797707e-17 -1.13566406303015e-15    0.0340934331940171   1.0653726824327e-17
  -0.0153684946201855    0.0212352278912496      0.29400739424464 -1.42745767479313e-16 -3.41745080643224e-17    0.0817091447136565     0.103035024524073  8.61921283181367e-18   1.0653726824327e-17    0.0575547897984869
POPULATION (lambda : 0.3): 7.81697366477658
TOTAL ENERGY: -123.850450417386	 lambda: 0.4
1RDM (lambda : 0.4): 
      1.9997789006213  0.000293197064810649   0.00403364832772851 -2.70344569084638e-18 -8.21658445097211e-18   0.00125713501172605   0.00135008522016393 -1.49545532020995e-17  6.75066820687655e-17   -0.0201260842584944
 0.000293197064810649      1.99958625857129   -0.0055408904081443  2.50748369892625e-18  3.55147515566586e-19  -0.00146031213976947  -0.00210119552592136 -2.84242723462482e-18   2.4174159752227e-18    0.0278164826701262
  0.00403364832772851   -0.0055408904081443      1.92172518460537  4.14702816006555e-17 -3.10750902040849e-18   -0.0218993484847345   -0.0247709497730864 -3.08293397487379e-17  7.77078928348399e-17     0.381263988740977
-2.70344569084638e-18  2.50748369892625e-18  4.14702816006555e-17      1.96246258221728  3.04256582136648e-15 -1.70823709659704e-16  8.56398213003549e-17     0.213273853025216    0.0218154717150734 -1.91646729815445e-16
-8.21658445097211e-18  3.55147515566586e-19 -3.10750902040849e-18  3.04256582136648e-15       1.9624625822173 -4.88336867638628e-18  3.66623120629035e-18   -0.0218154717150933      0.21327385302514 -4.80022700367557e-17
  0.00125713501172605  -0.00146031213976947   -0.0218993484847345 -1.70823709659704e-16 -4.88336867638628e-18      1.98788723665926  -0.00310949067252593  1.48410014290393e-15  2.64398775816805e-16     0.105410930447073
  0.00135008522016393  -0.00210119552592136   -0.0247709497730864  8.56398213003549e-17  3.66623120629035e-18  -0.00310949067252593      1.98250389417216 -6.56712248266393e-16 -9.42686385596055e-17     0.130709095814407
-1.49545532020995e-17 -2.84242723462482e-18 -3.08293397487379e-17     0.213273853025216   -0.0218154717150933  1.48410014290393e-15 -6.56712248266393e-16    0.0439679916186217 -1.37377745786745e-15  1.09045683552876e-17
 6.75066820687655e-17   2.4174159752227e-18  7.77078928348399e-17    0.0218154717150734      0.21327385302514  2.64398775816805e-16 -9.42686385596055e-17 -1.37377745786745e-15    0.0439679916186055   1.4329848490775e-17
  -0.0201260842584944    0.0278164826701262     0.381263988740977 -1.91646729815445e-16 -4.80022700367557e-17     0.105410930447073     0.130709095814407  1.09045683552876e-17   1.4329848490775e-17    0.0956573776988608
POPULATION (lambda : 0.4): 8.41656235211435
TOTAL ENERGY: -123.599919366167	 lambda: 0.5
1RDM (lambda : 0.5): 
     1.99966641738405  0.000448212026287601   0.00608124583594591 -4.17680764227392e-18 -1.04221516836783e-17    0.0018126087822499   0.00200335455348983 -1.05489224523542e-17  6.85600045043279e-17   -0.0245789544891721
 0.000448212026287601      1.99937117154838  -0.00837231414374948   4.0780651161322e-18  6.62258083099238e-19  -0.00221556959641924  -0.00300452208018798 -2.94504851876492e-18  2.57799024561966e-18    0.0340087236005684
  0.00608124583594591  -0.00837231414374948      1.88447669412217  6.06261786947684e-17 -1.95588515171689e-18   -0.0320008089659726   -0.0366047461446116 -2.11004047988527e-17   9.4338811621817e-17     0.459748048842702
-4.17680764227392e-18   4.0780651161322e-18  6.06261786947684e-17       1.9499683516685   3.8163943799509e-15 -2.22598025219557e-16  1.21133014738934e-16     0.263736086296979    0.0269771796071619 -2.34781230166618e-16
-1.04221516836783e-17  6.62258083099238e-19 -1.95588515171689e-18   3.8163943799509e-15      1.94996835166853 -3.90852501896494e-18  6.97762470026917e-18   -0.0269771796071797     0.263736086296883 -6.13623111314643e-17
   0.0018126087822499  -0.00221556959641924   -0.0320008089659726 -2.22598025219557e-16 -3.90852501896494e-18      1.98469435024012  -0.00616257226806371   1.6229192902238e-15  2.59084929999694e-16     0.125782962113621
  0.00200335455348983  -0.00300452208018798   -0.0366047461446116  1.21133014738934e-16  6.97762470026917e-18  -0.00616257226806371       1.9792252786286 -7.35874436000425e-16 -1.10215036160479e-16     0.154576541449083
-1.05489224523542e-17 -2.94504851876492e-18 -2.11004047988527e-17     0.263736086296979   -0.0269771796071797   1.6229192902238e-15 -7.35874436000425e-16    0.0563846385493783 -1.09418376860876e-15  1.21742707587304e-17
 6.85600045043279e-17  2.57799024561966e-18   9.4338811621817e-17    0.0269771796071619     0.263736086296883  2.59084929999694e-16 -1.10215036160479e-16 -1.09418376860876e-15    0.0563846385493514  1.75675085375572e-17
  -0.0245789544891721    0.0340087236005684     0.459748048842702 -2.34781230166618e-16 -6.13623111314643e-17     0.125782962113621     0.154576541449083  1.21742707587304e-17  1.75675085375572e-17     0.139860107640933
POPULATION (lambda : 0.5): 8.97413901475487
TOTAL ENERGY: -123.319521235709	 lambda: 0.6
1RDM (lambda : 0.6): 
     1.99953611322237  0.000628505292620758   0.00838401356962195 -5.99118367759803e-18 -1.27107950443683e-17   0.00241852279016972    0.0027161594984051 -6.20133257978907e-18  6.94945171653805e-17   -0.0287091442896773
 0.000628505292620758      1.99912042880901    -0.011567296140732  5.82832215260811e-18  1.03996298038657e-18  -0.00304385559110557  -0.00399341083864505 -3.02350289540633e-18  2.70254034609085e-18    0.0397753148922311
  0.00838401356962195    -0.011567296140732      1.84392018416745  8.05660948614983e-17 -6.64875603856816e-19   -0.0426408097778395   -0.0491535413993615  -1.0996317062769e-17  1.09862972904325e-16     0.528786712586727
-5.99118367759803e-18  5.82832215260811e-18  8.05660948614983e-17      1.93493270075836  3.68690082982911e-15 -2.80931822759113e-16  1.60853309358382e-16     0.313657053633652    0.0320835222088172 -2.71983900947448e-16
-1.27107950443683e-17  1.03996298038657e-18 -6.64875603856816e-19  3.68690082982911e-15      1.93493270075838 -1.74524883953356e-18  1.06267902601854e-17   -0.0320835222088338     0.313657053633596 -7.39986589418039e-17
  0.00241852279016972  -0.00304385559110557   -0.0426408097778395 -2.80931822759113e-16 -1.74524883953356e-18      1.98142998117463   -0.0093155781916622  1.75847100413618e-15  2.52877532193309e-16     0.142743840134616
   0.0027161594984051  -0.00399341083864505   -0.0491535413993615  1.60853309358382e-16  1.06267902601854e-17   -0.0093155781916622      1.97588010235385 -8.14050305877745e-16  -1.2389552525317e-16     0.174424063323721
-6.20133257978907e-18 -3.02350289540633e-18  -1.0996317062769e-17     0.313657053633652   -0.0320835222088338  1.75847100413618e-15 -8.14050305877745e-16     0.071362848071267  -1.8257920408262e-15  1.26163199980129e-17
 6.94945171653805e-17  2.70254034609085e-18  1.09862972904325e-16    0.0320835222088172     0.313657053633596  2.52877532193309e-16  -1.2389552525317e-16  -1.8257920408262e-15     0.071362848071248  2.03202983392653e-17
  -0.0287091442896773    0.0397753148922311     0.528786712586727 -2.71983900947448e-16 -7.39986589418039e-17     0.142743840134616     0.174424063323721  1.26163199980129e-17  2.03202983392653e-17     0.187522092613475
POPULATION (lambda : 0.6): 9.48468223710117
TOTAL ENERGY: -123.019125793901	 lambda: 0.7
1RDM (lambda : 0.7): 
     1.99939086203695  0.000830101989523031    0.0108624978943461  -8.0984661769128e-18 -1.50670072117669e-17   0.00304981803967655   0.00345757712597231 -1.92590401914898e-18  7.03026848447016e-17    -0.032522684569649
 0.000830101989523031      1.99883956974066     -0.01501502258111  7.69991046832475e-18  1.47710753643678e-18  -0.00391036364883066  -0.00502409088650669  -3.0782191844611e-18  2.79302689734116e-18    0.0451149557759774
