TOTAL ENERGY: -121.022138368145	 lambda: -1
1RDM (lambda : -1): 
     1.99850569071265   0.00190896803538693    0.0197772611338015  -5.7966143931581e-17  2.34092603347585e-17   0.00596949190577001  -0.00606176370544078 -1.98056620880151e-16 -1.16651957592187e-17    0.0501266374162788
  0.00190896803538693      1.99754543542782   -0.0253416290168682  9.80798508620553e-18 -4.32091615281091e-18  -0.00752341484169524   0.00808580669853809 -1.76201404042305e-18  4.75598502954205e-18   -0.0641649308636787
   0.0197772611338015   -0.0253416290168682      1.73749747934496  5.20861464519813e-17 -4.48403403821807e-17   -0.0783855523873935    0.0815234730896624 -1.84992393220585e-16 -1.94758370957711e-17    -0.664780715929727
 -5.7966143931581e-17  9.80798508620553e-18  5.20861464519813e-17      1.86257496621239 -4.07313837552477e-15 -3.59124185590003e-17  4.61849431040348e-17    -0.457014228616637    -0.202333321236072  2.68839147313743e-16
 2.34092603347585e-17 -4.32091615281091e-18 -4.48403403821807e-17 -4.07313837552477e-15      1.86257496621233  2.54645374448918e-17  -3.3404937581034e-18     0.202333321236104    -0.457014228616745 -1.53726416557811e-16
  0.00596949190577001  -0.00752341484169524   -0.0783855523873935 -3.59124185590003e-17  2.54645374448918e-17      1.97513586941787    0.0212554378413245 -2.85534832952267e-16  5.50959710446253e-17     -0.19910636803276
 -0.00606176370544078   0.00808580669853809    0.0815234730896624  4.61849431040348e-17  -3.3404937581034e-18    0.0212554378413245      1.96175638307765  2.92153726403949e-16  6.61482080068273e-17     0.205358509742443
-1.98056620880151e-16 -1.76201404042305e-18 -1.84992393220585e-16    -0.457014228616637     0.202333321236104 -2.85534832952267e-16  2.92153726403949e-16     0.144331745884707 -2.13692526869602e-14  5.00970689801292e-17
-1.16651957592187e-17  4.75598502954205e-18 -1.94758370957711e-17    -0.202333321236072    -0.457014228616745  5.50959710446253e-17  6.61482080068273e-17 -2.13692526869602e-14     0.144331745884755  2.00128126025753e-17
   0.0501266374162788   -0.0641649308636787    -0.664780715929727  2.68839147313743e-16 -1.53726416557811e-16     -0.19910636803276     0.205358509742443  5.00970689801292e-17  2.00128126025753e-17      0.31574571782495
POPULATION (lambda : -1): 0.757141583827336
TOTAL ENERGY: -121.260611456173	 lambda: -0.9
1RDM (lambda : -0.9): 
      1.9987390959783   0.00161548658410343    0.0171691093137471 -5.16528585251211e-17  2.11950503879421e-17   0.00525468595989989  -0.00529702396939506 -1.94339634407577e-16 -1.02651408303392e-17      0.04648157923189
  0.00161548658410343      1.99791436984302   -0.0220774396126444  8.70562241199275e-18 -3.90639999795142e-18  -0.00662556187180508   0.00712634205114382 -1.90351280057754e-18   4.5509472639926e-18   -0.0596956094103221
   0.0171691093137471   -0.0220774396126444      1.76536655403206  4.99686142136328e-17 -4.22691585655966e-17   -0.0708627107207199    0.0734958743710088 -1.76211160456401e-16   -1.817138536208e-17    -0.634522231928866
-5.16528585251211e-17  8.70562241199275e-18  4.99686142136328e-17      1.88424328779541   -3.028869017098e-15 -2.96136652994189e-17  4.54916923352525e-17    -0.419993123606808    -0.185943014686965  2.61703112485814e-16
 2.11950503879421e-17 -3.90639999795142e-18 -4.22691585655966e-17   -3.028869017098e-15      1.88424328779535  2.03812460813037e-17 -9.76636765722859e-18        0.185943014687    -0.419993123606915 -1.52762961059981e-16
  0.00525468595989989  -0.00662556187180508   -0.0708627107207199 -2.96136652994189e-17  2.03812460813037e-17       1.9769738654208    0.0190243806771763 -2.71319357066379e-16  5.13160558310046e-17    -0.192368950869786
 -0.00529702396939506   0.00712634205114382    0.0734958743710088  4.54916923352525e-17 -9.76636765722859e-18    0.0190243806771763      1.96428557323686  3.18518720259457e-16  4.62725532562032e-17     0.197411283844928
-1.94339634407577e-16 -1.90351280057754e-18 -1.76211160456401e-16    -0.419993123606808        0.185943014687 -2.71319357066379e-16  3.18518720259457e-16     0.122613722671044    -1.93783788614e-14  5.06186095762034e-17
-1.02651408303392e-17   4.5509472639926e-18   -1.817138536208e-17    -0.185943014686965    -0.419993123606915  5.13160558310046e-17  4.62725532562032e-17    -1.93783788614e-14     0.122613722671086  1.62510049603786e-17
     0.04648157923189   -0.0596956094103221    -0.634522231928866  2.61703112485814e-16 -1.52762961059981e-16    -0.192368950869786     0.197411283844928  5.06186095762034e-17  1.62510049603786e-17     0.283006520556073
POPULATION (lambda : -0.9): 1.00848523989328
TOTAL ENERGY: -121.507452727915	 lambda: -0.8
1RDM (lambda : -0.8): 
     1.99896136994311   0.00133466282702379    0.0145506796024775 -4.52248039014331e-17  1.88912968230798e-17   0.00451844962669916  -0.00451726581881522 -1.90077371895077e-16 -8.78237737318338e-18    0.0426042508349288
  0.00133466282702379      1.99826909200811   -0.0187820469052594  7.55441410487825e-18 -3.48130261139441e-18  -0.00569524053520822   0.00614147247743158 -2.04560724321187e-18  4.32952867870245e-18   -0.0549090728336579
   0.0145506796024775   -0.0187820469052594      1.79518466005793  4.64658461721911e-17 -3.92627306257835e-17   -0.0625446750013307     0.064716724997148 -1.67218935164254e-16 -1.69399975755155e-17    -0.598797521673029
-4.52248039014331e-17  7.55441410487825e-18  4.64658461721911e-17      1.90489204204652   -4.395209843155e-15 -2.40336392715692e-17   4.4030943519504e-17    -0.380167977865726    -0.168311279112529  2.52297979663292e-16
 1.88912968230798e-17 -3.48130261139441e-18 -3.92627306257835e-17   -4.395209843155e-15      1.90489204204646  1.56077108495368e-17 -1.52756759615252e-17     0.168311279112564    -0.380167977865852 -1.51246108082721e-16
  0.00451844962669916  -0.00569524053520822   -0.0625446750013307 -2.40336392715692e-17  1.56077108495368e-17      1.97909436491799    0.0165233032470048 -2.56496012452328e-16  4.68340729542205e-17    -0.183753545481342
 -0.00451726581881522   0.00614147247743158     0.064716724997148   4.4030943519504e-17 -1.52756759615252e-17    0.0165233032470048      1.96712635187263  3.45311407846131e-16  2.38808121961129e-17     0.187596217952457
-1.90077371895077e-16 -2.04560724321187e-18 -1.67218935164254e-16    -0.380167977865726     0.168311279112564 -2.56496012452328e-16  3.45311407846131e-16     0.101902442067355 -1.90445524198864e-14  5.07184397095437e-17
-8.78237737318338e-18  4.32952867870245e-18 -1.69399975755155e-17    -0.168311279112529    -0.380167977865852  4.68340729542205e-17  2.38808121961129e-17 -1.90445524198864e-14     0.101902442067402  1.26700587546855e-17
   0.0426042508349288   -0.0549090728336579    -0.598797521673029  2.52297979663292e-16 -1.51246108082721e-16    -0.183753545481342     0.187596217952457  5.07184397095437e-17  1.26700587546855e-17     0.247775192972528
POPULATION (lambda : -0.8): 1.29930501774872
TOTAL ENERGY: -121.759778576972	 lambda: -0.7
1RDM (lambda : -0.7): 
     1.99917052295127   0.00106898656873816    0.0119508925972689 -3.87591216160758e-17  1.65176788300625e-17   0.00376891105496365   -0.0037308883874288 -1.85257270688719e-16 -7.22256500614981e-18     0.038461521134764
  0.00106898656873816       1.9986064889362   -0.0154898546038555  6.36246391414418e-18 -3.04577557351928e-18  -0.00474185150685783    0.0051408518153676 -2.18965895707525e-18  4.08970850692415e-18   -0.0497547322723566
   0.0119508925972689   -0.0154898546038555      1.82670998709517  4.14948106103698e-17 -3.57677721544328e-17   -0.0534772044888321    0.0552335701461339  -1.5816331824253e-16 -1.57343312550914e-17    -0.556513320774349
-3.87591216160758e-17  6.36246391414418e-18  4.14948106103698e-17      1.92409982088131 -3.03898960061485e-15 -1.93027250452528e-17  4.19021174657784e-17     -0.33767561856799    -0.149498691778133  2.40030142518335e-16
 1.65176788300625e-17 -3.04577557351928e-18 -3.57677721544328e-17 -3.03898960061485e-15      1.92409982088126  1.12352686643082e-17 -1.94646358023223e-17     0.149498691778164    -0.337675618568098 -1.49116559390479e-16
  0.00376891105496365  -0.00474185150685783   -0.0534772044888321 -1.93027250452528e-17  1.12352686643082e-17      1.98149507277449    0.0137592622649134 -2.41213496075959e-16  4.14134962610909e-17    -0.172833447834801
  -0.0037308883874288    0.0051408518153676    0.0552335701461339  4.19021174657784e-17 -1.94646358023223e-17    0.0137592622649134      1.97026761589455  3.72369395498567e-16 -1.52015857660223e-19     0.175491967368443
-1.85257270688719e-16 -2.18965895707525e-18  -1.5816331824253e-16     -0.33767561856799     0.149498691778164 -2.41213496075959e-16  3.72369395498567e-16    0.0826225657528133 -1.44580300869218e-14  5.01835038453153e-17
-7.22256500614981e-18  4.08970850692415e-18 -1.57343312550914e-17    -0.149498691778133    -0.337675618568098  4.14134962610909e-17 -1.52015857660223e-19 -1.44580300869218e-14    0.0826225657528474  9.45726347569391e-18
    0.038461521134764   -0.0497547322723566    -0.556513320774349  2.40030142518335e-16 -1.49116559390479e-16    -0.172833447834801     0.175491967368443  5.01835038453153e-17  9.45726347569391e-18     0.210305539080146
POPULATION (lambda : -0.7): 1.63629254784455
TOTAL ENERGY: -122.013189055328	 lambda: -0.6
1RDM (lambda : -0.6): 
     1.99936411989695  0.000821584632171143   0.00941142270545829 -3.23453374865403e-17  1.40997776639689e-17   0.00301901514800014   -0.0029509966348041 -1.79883318228916e-16 -5.58907245287628e-18    0.0340174011520883
 0.000821584632171143      1.99892253979513   -0.0122523390035659  5.14523794395941e-18 -2.60255819242148e-18  -0.00378111531568124   0.00414039484078672 -2.33580501563873e-18  3.82332308060909e-18   -0.0441766041920783
  0.00941142270545829   -0.0122523390035659      1.85944198992897  3.50702663415871e-17 -3.18034292630507e-17   -0.0437964199296735    0.0451822782843278 -1.49191918834881e-16 -1.47553794155778e-17      -0.5064468531443
-3.23453374865403e-17  5.14523794395941e-18  3.50702663415871e-17      1.94144908341881 -3.82699627518734e-15  -1.5485864059277e-17  3.90984771926965e-17    -0.292749606361562    -0.129608656276359  2.24184495704996e-16
 1.40997776639689e-17 -2.60255819242148e-18 -3.18034292630507e-17 -3.82699627518734e-15      1.94144908341876  7.38891197612198e-18 -2.22054477927916e-17     0.129608656276402    -0.292749606361715 -1.46395468184753e-16
  0.00301901514800014  -0.00378111531568124   -0.0437964199296735  -1.5485864059277e-17  7.38891197612198e-18      1.98414335514039    0.0107679782660908 -2.25658737926579e-16  3.49768884840771e-17    -0.159129493864296
  -0.0029509966348041   0.00414039484078672    0.0451822782843278  3.90984771926965e-17 -2.22054477927916e-17    0.0107679782660908       1.9736667383495  3.99594040334519e-16 -2.61126881287431e-17     0.160624221189809
-1.79883318228916e-16 -2.33580501563873e-18 -1.49191918834881e-16    -0.292749606361562     0.129608656276402 -2.25658737926579e-16  3.99594040334519e-16    0.0651959010980726 -1.71969390552705e-14  4.87336585684559e-17
-5.58907245287628e-18  3.82332308060909e-18 -1.47553794155778e-17    -0.129608656276359    -0.292749606361715  3.49768884840771e-17 -2.61126881287431e-17 -1.71969390552705e-14    0.0651959010981138  6.72850733309589e-18
   0.0340174011520883   -0.0441766041920783      -0.5064468531443  2.24184495704996e-16 -1.46395468184753e-16    -0.159129493864296     0.160624221189809  4.87336585684559e-17  6.72850733309589e-18     0.171171287855338
POPULATION (lambda : -0.6): 2.02689199442277
TOTAL ENERGY: -122.26123442918	 lambda: -0.5
1RDM (lambda : -0.5): 
     1.99953917635493  0.000596382605514538   0.00699055230743966 -2.60850798598241e-17  1.16657883403107e-17   0.00228808123886483   -0.0021968926354111 -1.73978886641466e-16 -3.88703139640751e-18    0.0292361972188242
 0.000596382605514538      1.99921206674569  -0.00914364455469904  3.93015259782188e-18  -2.1540327439202e-18  -0.00283728510853954   0.00316446805096338 -2.48188188411871e-18  3.52159562944757e-18   -0.0381172128718223
  0.00699055230743966  -0.00914364455469904       1.8925111883204  2.74039297135705e-17 -2.73901626184544e-17   -0.0337709574413705    0.0348282853925492 -1.40431858757625e-16 -1.41987413070572e-17    -0.447329956648248
-2.60850798598241e-17  3.93015259782188e-18  2.74039297135705e-17      1.95655219327838 -2.74441395421067e-15 -1.25673726703806e-17  3.56261773021895e-17    -0.245720705314829    -0.108787611557545  2.03983794114606e-16
 1.16657883403107e-17  -2.1540327439202e-18 -2.73901626184544e-17 -2.74441395421067e-15      1.95655219327834  4.17732628567116e-18 -2.32851412449495e-17     0.108787611557583    -0.245720705314965 -1.43133142143418e-16
  0.00228808123886483  -0.00283728510853954   -0.0337709574413705 -1.25673726703806e-17  4.17732628567116e-18      1.98696001662103    0.0076283206550706 -2.10029342411255e-16  2.73789831340418e-17     -0.14214370595281
  -0.0021968926354111   0.00316446805096338    0.0348282853925492  3.56261773021895e-17 -2.32851412449495e-17    0.0076283206550706      1.97723474325308  4.26872136317086e-16 -5.37133832727045e-17     0.142497187048302
-1.73978886641466e-16 -2.48188188411871e-18 -1.40431858757625e-16    -0.245720705314829     0.108787611557583 -2.10029342411255e-16  4.26872136317086e-16    0.0500149772273528 -1.26425446297823e-14  4.60091799116645e-17
-3.88703139640751e-18  3.52159562944757e-18 -1.41987413070572e-17    -0.108787611557545    -0.245720705314965  2.73789831340418e-17 -5.37133832727045e-17 -1.26425446297823e-14    0.0500149772273824  4.61129674603377e-18
   0.0292361972188242   -0.0381172128718223    -0.447329956648248  2.03983794114606e-16 -1.43133142143418e-16     -0.14214370595281     0.142497187048302  4.60091799116645e-17  4.61129674603377e-18     0.131408467693448
POPULATION (lambda : -0.5): 2.47887128790816
TOTAL ENERGY: -122.494863017646	 lambda: -0.4
1RDM (lambda : -0.4): 
     1.99969207979942  0.000398242504601157   0.00476659951022929 -2.00900962816862e-17    9.245401441141e-18   0.00160321442325319  -0.00149540618257678     -1.6758879919e-16 -2.12206658694904e-18    0.0240886434630136
 0.000398242504601157      1.99946850579418  -0.00626589042224068  2.76011600633967e-18 -1.70234514845272e-18  -0.00194527482781226   0.00224799234622945 -2.62122501957463e-18   3.1740344930212e-18   -0.0315256024711242
  0.00476659951022929  -0.00626589042224068      1.92456628607269  1.89744143428949e-17 -2.25644214784734e-17   -0.0238459904291628     0.024609852289972 -1.31942105544277e-16 -1.43197596968677e-17    -0.378022788789844
-2.00900962816862e-17  2.76011600633967e-18  1.89744143428949e-17      1.96907746511226 -2.48795764033978e-15 -1.04238812287471e-17  3.14221582877008e-17    -0.197009129132018   -0.0872215980047536   1.7866546920676e-16
   9.245401441141e-18 -1.70234514845272e-18 -2.25644214784734e-17 -2.48795764033978e-15      1.96907746511223  1.69246856257616e-18 -2.25207713007276e-17    0.0872215980047882    -0.197009129132153 -1.39434935546705e-16
  0.00160321442325319  -0.00194527482781226   -0.0238459904291628 -1.04238812287471e-17  1.69246856257616e-18      1.98980176901971    0.0044777785882684 -1.94541871352078e-16  1.83930492118051e-17    -0.121430047775586
 -0.00149540618257678   0.00224799234622945     0.024609852289972  3.14221582877008e-17 -2.25207713007276e-17    0.0044777785882684      1.98082076518401  4.54034069023969e-16 -8.25001225801848e-17     0.120658591906589
    -1.6758879919e-16 -2.62122501957463e-18 -1.31942105544277e-16    -0.197009129132018    0.0872215980047882 -1.94541871352078e-16  4.54034069023969e-16    0.0374161480493649 -9.64586527197964e-15  4.15795884948906e-17
-2.12206658694904e-18   3.1740344930212e-18 -1.43197596968677e-17   -0.0872215980047536    -0.197009129132153  1.83930492118051e-17 -8.25001225801848e-17 -9.64586527197964e-15    0.0374161480493878  3.17996166578766e-18
   0.0240886434630136   -0.0315256024711242    -0.378022788789844   1.7866546920676e-16 -1.39434935546705e-16    -0.121430047775586     0.120658591906589  4.15795884948906e-17  3.17996166578766e-18    0.0926633678067733
POPULATION (lambda : -0.4): 2.99937108007405
TOTAL ENERGY: -122.702092087159	 lambda: -0.3
1RDM (lambda : -0.3): 
     1.99981860175373  0.000232989613577499   0.00283902945566842 -1.44793163085552e-17  6.86763044681512e-18  0.000999800759435934 -0.000881373307917103 -1.60780192109032e-16 -3.00753659196172e-19    0.0185618095244632
 0.000232989613577499      1.99968381374629  -0.00375171444035766  1.69606756825869e-18 -1.24866497973176e-18  -0.00115170447252864   0.00143754299248085 -2.74059626181103e-18  2.76903470129561e-18   -0.0243708513671908
  0.00283902945566842  -0.00375171444035766      1.95370431680258  1.05910371408993e-17 -1.73710990796394e-17   -0.0146713695615879    0.0151672100402642 -1.23635262266818e-16 -1.54289556877368e-17    -0.297804884926383
-1.44793163085552e-17  1.69606756825869e-18  1.05910371408993e-17      1.97877241040947 -1.79290850741596e-15 -8.76330622569983e-18  2.63148777350475e-17    -0.147105634061836   -0.0651278881910178  1.47632246811207e-16
 6.86763044681512e-18 -1.24866497973176e-18 -1.73710990796394e-17 -1.79290850741596e-15      1.97877241040944  2.17376647529315e-20 -1.98162764966698e-17    0.0651278881910592    -0.147105634061989 -1.35474520343202e-16
 0.000999800759435934  -0.00115170447252864   -0.0146713695615879 -8.76330622569983e-18  2.17376647529315e-20      1.99244919246453   0.00152310195951772 -1.79246223708718e-16   7.8604761717033e-18   -0.0967144423556468
-0.000881373307917103   0.00143754299248085    0.0151672100402642  2.63148777350475e-17 -1.98162764966698e-17   0.00152310195951772      1.98420155716697  4.80863519202479e-16  -1.1216578533689e-16    0.0948088836860496
-1.60780192109032e-16 -2.74059626181103e-18 -1.23635262266818e-16    -0.147105634061836    0.0651278881910592 -1.79246223708718e-16  4.80863519202479e-16    0.0276549827946529 -8.24357514099015e-15   3.4975402794808e-17
-3.00753659196172e-19  2.76903470129561e-18 -1.54289556877368e-17   -0.0651278881910178    -0.147105634061989   7.8604761717033e-18  -1.1216578533689e-16 -8.24357514099015e-15    0.0276549827946719   2.3772957788144e-18
   0.0185618095244632   -0.0243708513671908    -0.297804884926383  1.47632246811207e-16 -1.35474520343202e-16   -0.0967144423556468    0.0948088836860496   3.4975402794808e-17   2.3772957788144e-18    0.0572877316576559
POPULATION (lambda : -0.3): 3.59322879676976
TOTAL ENERGY: -122.868333380247	 lambda: -0.2
1RDM (lambda : -0.2): 
     1.99991409935427  0.000107190493488754   0.00132428316037773 -9.37249706772654e-18  4.55832549008686e-18  0.000519850049436669 -0.000396183559210845  -1.5363893983052e-16  1.56980743802713e-18    0.0126722664581218
 0.000107190493488754      1.99984870665852  -0.00175996610634174  8.16326713354731e-19 -7.92352947302293e-19 -0.000513177476179958    0.0007899266948838 -2.81724818051361e-18  2.29616871767132e-18   -0.0166608909795835
  0.00132428316037773  -0.00175996610634174      1.97752213975851  3.38933497238047e-18 -1.18482877032924e-17  -0.00708271968234958   0.00732949186804433 -1.15226461089482e-16  -1.7853352965579e-17    -0.206774307332592
-9.37249706772654e-18  8.16326713354731e-19  3.38933497238047e-18      1.98548073043605 -1.88876747720657e-15 -7.18508352841055e-18  2.00349896876606e-17   -0.0965371339889801   -0.0427397610527301  1.10687093448585e-16
 4.55832549008686e-18 -7.92352947302293e-19 -1.18482877032924e-17 -1.88876747720657e-15      1.98548073043603 -7.64420580469011e-19 -1.51142694210178e-17    0.0427397610527605   -0.0965371339891379 -1.31470511536786e-16
 0.000519850049436669 -0.000513177476179958  -0.00708271968234958 -7.18508352841055e-18 -7.64420580469011e-19      1.99461253287887 -0.000964240979571594 -1.64258238757642e-16 -4.50385810742446e-18   -0.0680599437535018
-0.000396183559210845    0.0007899266948838   0.00732949186804433  2.00349896876606e-17 -1.51142694210178e-17 -0.000964240979571594      1.98708608385644   5.0705364386603e-16 -1.42267149888676e-16    0.0649525799160791
 -1.5363893983052e-16 -2.81724818051361e-18 -1.15226461089482e-16   -0.0965371339889801    0.0427397610527605 -1.64258238757642e-16   5.0705364386603e-16    0.0208877319875127 -4.95169280104791e-15  2.57938126959345e-17
 1.56980743802713e-18  2.29616871767132e-18  -1.7853352965579e-17   -0.0427397610527301   -0.0965371339891379 -4.50385810742446e-18 -1.42267149888676e-16 -4.95169280104791e-15    0.0208877319875265  2.00462454961099e-18
   0.0126722664581218   -0.0166608909795835    -0.206774307332592  1.10687093448585e-16 -1.31470511536786e-16   -0.0680599437535018    0.0649525799160791  2.57938126959345e-17  2.00462454961099e-18    0.0282795126462622
POPULATION (lambda : -0.2): 4.26057562969252
TOTAL ENERGY: -122.977878352015	 lambda: -0.1
1RDM (lambda : -0.1): 
      1.9999740020392  2.75334319764494e-05   0.00034324405430074 -4.88028762918041e-18  2.33715090223949e-18  0.000206900240346268 -8.32546382403276e-05 -1.46262607865864e-16  3.47955882174074e-18   0.00647915680723329
 2.75334319764494e-05      1.99995345803851 -0.000459954360827081  2.09388778687868e-19 -3.30037212599997e-19 -8.99023366397787e-05  0.000366477656410372 -2.81953148343302e-18  1.74940007837141e-18  -0.00846257895168281
  0.00034324405430074 -0.000459954360827081      1.99337860744892 -1.27850783847522e-18 -6.00603665041456e-18  -0.00199985596941891   0.00202626114621469 -1.06184275688321e-16 -2.18279272012911e-17    -0.106262371548029
-4.88028762918041e-18  2.09388778687868e-19 -1.27850783847522e-18      1.98914805776394 -7.26469240944409e-16 -5.16345524482966e-18  1.22355943948456e-17   -0.0458140010514946   -0.0202831737387234  6.82876937854535e-17
 2.33715090223949e-18 -3.30037212599997e-19 -6.00603665041456e-18 -7.26469240944409e-16      1.98914805776394 -5.89971135763193e-19 -8.42391357907461e-18    0.0202831737387553   -0.0458140010516441 -1.27655922266325e-16
 0.000206900240346268 -8.99023366397787e-05  -0.00199985596941891 -5.16345524482966e-18 -5.89971135763193e-19      1.99596967745448  -0.00267997820443805 -1.49392932901917e-16 -1.88442986314128e-17   -0.0360359403772853
-8.32546382403276e-05  0.000366477656410372   0.00202626114621469  1.22355943948456e-17 -8.42391357907461e-18  -0.00267997820443805       1.9891471891317  5.32197671377533e-16  -1.7246815616839e-16    0.0315602283181611
-1.46262607865864e-16 -2.81953148343302e-18 -1.06184275688321e-16   -0.0458140010514946    0.0202831737387553 -1.49392932901917e-16  5.32197671377533e-16    0.0171648386584271 -2.26896213181075e-15  1.38180502332699e-17
 3.47955882174074e-18  1.74940007837141e-18 -2.18279272012911e-17   -0.0202831737387234   -0.0458140010516441 -1.88442986314128e-17  -1.7246815616839e-16 -2.26896213181075e-15    0.0171648386584327  1.66892412236445e-18
  0.00647915680723329  -0.00846257895168281    -0.106262371548029  6.82876937854535e-17 -1.27655922266325e-16   -0.0360359403772853    0.0315602283181611  1.38180502332699e-17  1.66892412236445e-18   0.00895127304244323
POPULATION (lambda : -0.1): 4.99420111849639
TOTAL ENERGY: -123.016735846471	 lambda: 0
1RDM (lambda : 0): 
     1.99999458539003  -2.2653267095295e-07 -2.33326593067762e-07 -1.08972090205124e-18  2.15661425721641e-19  9.73014532653555e-05  1.98668585734351e-05 -1.38746246393857e-16  5.41477392034069e-18  9.04380105352061e-05
 -2.2653267095295e-07      1.99998935272239 -2.63065785767823e-06 -4.08961260542917e-20  1.44377571097606e-19  6.59073324602908e-05  0.000222303066085342 -2.70961359774172e-18  1.13145451137639e-18   8.6170762713814e-05
-2.33326593067762e-07 -2.63065785767823e-06      1.99889955914201 -2.11020143136362e-18  1.80274320586696e-19 -0.000231070148326171  0.000108617505099963 -9.57874904922874e-17 -2.74023733271813e-17  0.000933863235054841
-1.08972090205124e-18 -4.08961260542917e-20 -2.11020143136362e-18      1.98981059404886  2.41152961361791e-16 -2.19690346340629e-18  2.57514742025298e-18   0.00463503479358097   0.00205206296458379   2.1730463223294e-17
 2.15661425721641e-19  1.44377571097606e-19  1.80274320586696e-19  2.41152961361791e-16      1.98981059404886  6.23927325979239e-19  2.05629355341961e-19  -0.00205206296455204    0.0046350347934288 -1.24215282798575e-16
 9.73014532653555e-05  6.59073324602908e-05 -0.000231070148326171 -2.19690346340629e-18  6.23927325979239e-19      1.99624080607222  -0.00335124331381073 -1.34348373543471e-16 -3.52558833977252e-17  -0.00180393192288279
 1.98668585734351e-05  0.000222303066085342  0.000108617505099963  2.57514742025298e-18  2.05629355341961e-19  -0.00335124331381073      1.99008628567229  5.55776833902425e-16 -2.02559008115931e-16  -0.00433018767335671
-1.38746246393857e-16 -2.70961359774172e-18 -9.57874904922874e-17   0.00463503479358097  -0.00205206296455204 -1.34348373543471e-16  5.55776833902425e-16    0.0164436169648064  2.85459120934836e-16 -8.10913125143457e-19
 5.41477392034069e-18  1.13145451137639e-18 -2.74023733271813e-17   0.00205206296458379    0.0046350347934288 -3.52558833977252e-17 -2.02559008115931e-16  2.85459120934836e-16    0.0164436169648046  8.36201904867127e-19
 9.04380105352061e-05   8.6170762713814e-05  0.000933863235054841   2.1730463223294e-17 -1.24215282798575e-16  -0.00180393192288279  -0.00433018767335671 -8.10913125143457e-19  8.36201904867127e-19   0.00228098897374116
POPULATION (lambda : 0): 5.77785679072668
TOTAL ENERGY: -122.97618610223	 lambda: 0.1
1RDM (lambda : 0.1): 
     1.99997384064874  2.74687893988635e-05  0.000355321773908623  1.94998464102564e-18 -1.80278649840047e-18  0.000210159109158475 -0.000108908560961154 -1.31165686095292e-16  7.35729968291795e-18  -0.00634517561793572
 2.74687893988635e-05      1.99995052535088 -0.000484714118357174     1.24286041236e-19  6.38386413523638e-19 -7.58921113689133e-05  0.000392470482410613 -2.45155671700903e-18  4.56421082514893e-19   0.00878358473639479
 0.000355321773908623 -0.000484714118357174       1.9926111818862  1.78733300296944e-18  6.75836036547725e-18  -0.00223298871818833   0.00211587226513508 -8.32721458305801e-17 -3.43534284031805e-17      0.11073305106517
 1.94998464102564e-18     1.24286041236e-19  1.78733300296944e-18        1.987564413336  1.08870266089395e-15  2.05684386571401e-18 -9.15672652983022e-18    0.0545198603211623    0.0241375074278536 -2.68899046354006e-17
-1.80278649840047e-18  6.38386413523638e-19  6.75836036547725e-18  1.08870266089395e-15      1.98756441333601  2.96586234245703e-18  1.07134332018647e-17   -0.0241375074278212    0.0545198603210092 -1.21217787536491e-16
 0.000210159109158475 -7.58921113689133e-05  -0.00223298871818833  2.05684386571401e-18  2.96586234245703e-18      1.99527915296905   -0.0028182848967472 -1.18687161419736e-16 -5.36779814717342e-17    0.0329796325552108
-0.000108908560961154  0.000392470482410613   0.00211587226513508 -9.15672652983022e-18  1.07134332018647e-17   -0.0028182848967472      1.98971905920162   5.7720488583437e-16 -2.32504604069165e-16   -0.0411625199161858
-1.31165686095292e-16 -2.45155671700903e-18 -8.32721458305801e-17    0.0545198603211623   -0.0241375074278212 -1.18687161419736e-16   5.7720488583437e-16    0.0186225404744563  2.81470033801335e-15 -1.74910547599577e-17
 7.35729968291795e-18  4.56421082514893e-19 -3.43534284031805e-17    0.0241375074278536    0.0545198603210092 -5.36779814717342e-17 -2.32504604069165e-16  2.81470033801335e-15    0.0186225404744476 -1.05562723343025e-18
 -0.00634517561793572   0.00878358473639479      0.11073305106517 -2.68899046354006e-17 -1.21217787536491e-16    0.0329796325552108   -0.0411625199161858 -1.74910547599577e-17 -1.05562723343025e-18    0.0100923323226131
POPULATION (lambda : 0.1): 6.5869756451768
TOTAL ENERGY: -122.855511130014	 lambda: 0.2
1RDM (lambda : 0.2): 
     1.99991207061921  0.000111015451103217   0.00141039284728658  4.23491658967761e-18 -3.72040129534058e-18  0.000540542535808437 -0.000468798197116059 -1.23563919521267e-16  9.28589143567389e-18   -0.0126626036313501
 0.000111015451103217      1.99983547833061  -0.00192022216451471  7.20821068384709e-19  1.15833269277781e-18 -0.000513051733087311  0.000880513536151888 -2.02168708629501e-18 -2.51036884406849e-19    0.0173954752076987
  0.00141039284728658  -0.00192022216451471      1.97442967908696  1.05876886960077e-17  1.37650781442276e-17  -0.00793833762534573    0.0080842895670159 -6.80640231288585e-17 -4.21951475861097e-17     0.218448042866948
 4.23491658967761e-18  7.20821068384709e-19  1.05876886960077e-17      1.98252271340181  2.07814451461341e-15  7.65663462242393e-18 -2.29166531937002e-17     0.103709223606929    0.0459150506908348 -7.50195439986539e-17
-3.72040129534058e-18  1.15833269277781e-18  1.37650781442276e-17  2.07814451461341e-15      1.98252271340183   6.5286550048521e-18  2.30540038620204e-17   -0.0459150506908058     0.103709223606783 -1.18577871156691e-16
 0.000540542535808437 -0.000513051733087311  -0.00793833762534573  7.65663462242393e-18   6.5286550048521e-18      1.99313244527806  -0.00109683067704143 -1.01989713923737e-16 -7.39259844237104e-17    0.0664710018607538
-0.000468798197116059  0.000880513536151888    0.0080842895670159 -2.29166531937002e-17  2.30540038620204e-17  -0.00109683067704143      1.98804720851148  5.95880043077006e-16 -2.62407996383461e-16   -0.0771078401904607
-1.23563919521267e-16 -2.02168708629501e-18 -6.80640231288585e-17     0.103709223606929   -0.0459150506908058 -1.01989713923737e-16  5.95880043077006e-16    0.0235877805116019  4.94289790515087e-15 -3.51942448029574e-17
 9.28589143567389e-18 -2.51036884406849e-19 -4.21951475861097e-17    0.0459150506908348     0.103709223606783 -7.39259844237104e-17 -2.62407996383461e-16  4.94289790515087e-15    0.0235877805115867 -4.43718887346626e-18
  -0.0126626036313501    0.0173954752076987     0.218448042866948 -7.50195439986539e-17 -1.18577871156691e-16    0.0664710018607538   -0.0771078401904607 -3.51942448029574e-17 -4.43718887346626e-18    0.0324221303468727
POPULATION (lambda : 0.2): 7.39249105956775
TOTAL ENERGY: -122.66234029241	 lambda: 0.3
1RDM (lambda : 0.3): 
      1.9998118828331  0.000247489649547315   0.00310274751144271  5.80195347385774e-18 -5.54054846685675e-18   0.00106004861131274  -0.00103495663908024 -1.15948500632683e-16  1.11791934771461e-17   -0.0187130642033398
 0.000247489649547315      1.99964750082058  -0.00423455059390364  1.71584962692842e-18  1.70630330557021e-18  -0.00121041601754055   0.00165545127807433 -1.41807178495721e-18   -9.599003641112e-19    0.0257014999130759
  0.00310274751144271  -0.00423455059390364      1.94573241474638  2.36616354739239e-17  2.11835013907265e-17   -0.0167573062329626    0.0175055583094779 -4.99934774421571e-17 -5.02730818867705e-17     0.319745480287265
 5.80195347385774e-18  1.71584962692842e-18  2.36616354739239e-17      1.97477744357763  2.94693821230175e-15  1.43530375636174e-17 -3.83781873809534e-17     0.152198968945602    0.0673828538054096 -1.20190584180144e-16
-5.54054846685675e-18  1.70630330557021e-18  2.11835013907265e-17  2.94693821230175e-15      1.97477744357766   1.1408849807797e-17  3.72515961123039e-17   -0.0673828538053789     0.152198968945451 -1.16074120902374e-16
  0.00106004861131274  -0.00121041601754055   -0.0167573062329626  1.43530375636174e-17   1.1408849807797e-17      1.99003453225004   0.00161694506694037 -8.39266807720216e-17 -9.57378357349251e-17     0.097049402543331
 -0.00103495663908024   0.00165545127807433    0.0175055583094779 -3.83781873809534e-17  3.72515961123039e-17   0.00161694506694037      1.98527436654056  6.11513468620377e-16 -2.92600213830628e-16    -0.110440965067438
-1.15948500632683e-16 -1.41807178495721e-18 -4.99934774421571e-17     0.152198968945602   -0.0673828538053789 -8.39266807720216e-17  6.11513468620377e-16    0.0312525179574516  7.57748593321682e-15 -5.26823491086031e-17
 1.11791934771461e-17   -9.599003641112e-19 -5.02730818867705e-17    0.0673828538054096     0.152198968945451 -9.57378357349251e-17 -2.92600213830628e-16  7.57748593321682e-15      0.03125251795743 -9.47659113506145e-18
  -0.0187130642033398    0.0257014999130759     0.319745480287265 -1.20190584180144e-16 -1.16074120902374e-16     0.097049402543331    -0.110440965067438 -5.26823491086031e-17 -9.47659113506145e-18    0.0674393797391792
POPULATION (lambda : 0.3): 8.16662650456507
TOTAL ENERGY: -122.41032322535	 lambda: 0.4
1RDM (lambda : 0.4): 
     1.99967756101049  0.000431404332579489   0.00532403119232324  6.71348338109739e-18 -7.26360778462319e-18   0.00172476151849276  -0.00176459524206549 -1.08300609590109e-16   1.3018622398655e-17   -0.0243905841899652
 0.000431404332579489      1.99939374269294  -0.00728495977999824  3.03729194421739e-18  2.27882593147913e-18  -0.00210997846089063   0.00265955523582205 -6.60812994765577e-19 -1.64032002317419e-18    0.0335359043287262
  0.00532403119232324  -0.00728495977999824       1.9089570802641  3.97690627588651e-17  2.89263685265392e-17   -0.0277595077733766    0.0294683976086821 -2.93394160052053e-17 -5.79391653646528e-17     0.411463155064287
 6.71348338109739e-18  3.03729194421739e-18  3.97690627588651e-17        1.964380753608  5.44322053638385e-15   2.1674647231985e-17 -5.49928389187514e-17     0.200042596453751    0.0885646017320219 -1.60529838909784e-16
-7.26360778462319e-18  2.27882593147913e-18  2.89263685265392e-17  5.44322053638385e-15      1.96438075360804   1.7705029016995e-17  5.33987348852548e-17    -0.088564601731997     0.200042596453582 -1.13420440085056e-16
  0.00172476151849276  -0.00210997846089063   -0.0277595077733766   2.1674647231985e-17   1.7705029016995e-17      1.98632885259816   0.00500589345570634  -6.4362711062698e-17 -1.18840515502317e-16      0.12363909335114
 -0.00176459524206549   0.00265955523582205    0.0294683976086821 -5.49928389187514e-17  5.33987348852548e-17   0.00500589345570634      1.98175057753598  6.24103051042719e-16  -3.2342623315094e-16     -0.13988675266139
-1.08300609590109e-16 -6.60812994765577e-19 -2.93394160052053e-17     0.200042596453751    -0.088564601731997  -6.4362711062698e-17  6.24103051042719e-16    0.0415728468524061  1.02990891215046e-14 -6.88122896304328e-17
  1.3018622398655e-17 -1.64032002317419e-18 -5.79391653646528e-17    0.0885646017320219     0.200042596453582 -1.18840515502317e-16  -3.2342623315094e-16  1.02990891215046e-14    0.0415728468523725 -1.60492242817551e-17
  -0.0243905841899652    0.0335359043287262     0.411463155064287 -1.60529838909784e-16 -1.13420440085056e-16      0.12363909335114     -0.13988675266139 -6.88122896304328e-17 -1.60492242817551e-17     0.111984984977553
POPULATION (lambda : 0.4): 8.88811516348691
TOTAL ENERGY: -122.115422562661	 lambda: 0.5
1RDM (lambda : 0.5): 
     1.99951413541221  0.000655979437693095    0.0079459329965284  7.03861073184692e-18 -8.88500099465232e-18   0.00248634959961903  -0.00260736009150842 -1.00590824830687e-16  1.47898096068629e-17   -0.0296419762559648
 0.000655979437693095      1.99908345449322   -0.0108963922964726  4.59271313112331e-18  2.86892262153788e-18  -0.00314602687939263   0.00382289604280831  2.16215322152212e-19 -2.27068883896418e-18    0.0408061299834137
   0.0079459329965284   -0.0108963922964726      1.86695026638284  5.74106368563949e-17  3.68630648650196e-17   -0.0399338315583084    0.0429078696109494 -6.71158124986999e-18 -6.47010830130802e-17     0.491958581173341
 7.03861073184692e-18  4.59271313112331e-18  5.74106368563949e-17      1.95135000901651  4.88531603633235e-15  2.90944050030487e-17 -7.19994956251936e-17      0.24727837732972     0.109477237662744  -1.9501863310665e-16
-8.88500099465232e-18  2.86892262153788e-18  3.68630648650196e-17  4.88531603633235e-15      1.95135000901655  2.54875917647537e-17  7.14548514772164e-17    -0.109477237662713     0.247278377329566 -1.10345914029836e-16
  0.00248634959961903  -0.00314602687939263   -0.0399338315583084  2.90944050030487e-17  2.54875917647537e-17      1.98236833775964   0.00872296997169078 -4.34815555769751e-17 -1.42917852736076e-16     0.145812073306429
 -0.00260736009150842   0.00382289604280831    0.0429078696109494 -7.19994956251936e-17  7.14548514772164e-17   0.00872296997169078      1.97787351307242  6.33089111493438e-16 -3.54667375220746e-16    -0.164788889993545
-1.00590824830687e-16  2.16215322152212e-19 -6.71158124986999e-18      0.24727837732972    -0.109477237662713 -4.34815555769751e-17  6.33089111493438e-16    0.0545389263134897  1.29927277401414e-14 -8.27230170063841e-17
 1.47898096068629e-17 -2.27068883896418e-18 -6.47010830130802e-17     0.109477237662744     0.247278377329566 -1.42917852736076e-16 -3.54667375220746e-16  1.29927277401414e-14    0.0545389263134526 -2.38439897093826e-17
  -0.0296419762559648    0.0408061299834137     0.491958581173341  -1.9501863310665e-16 -1.10345914029836e-16     0.145812073306429    -0.164788889993545 -8.27230170063841e-17 -2.38439897093826e-17     0.162432422219699
POPULATION (lambda : 0.5): 9.54471191316597
TOTAL ENERGY: -121.792611569016	 lambda: 0.6
1RDM (lambda : 0.6): 
      1.9993265553659  0.000914347189249552    0.0108441109670398  6.83872466583428e-18 -1.03957207147183e-17   0.00330124986123003  -0.00351515686607938 -9.27965890655536e-17   1.6483818357321e-17   -0.0344605167424375
 0.000914347189249552      1.99872622956699   -0.0148958323292959  6.29129780140664e-18  3.46525020839294e-18  -0.00425824699049809   0.00507766569671483  1.16841739494668e-18 -2.83545518516513e-18    0.0474874060335356
   0.0108441109670398   -0.0148958323292959      1.82237590397831  7.51937084587079e-17  4.48210685019993e-17   -0.0524011267184257     0.056839465573967  1.70649084500592e-17 -7.02335220549829e-17     0.560968867756817
 6.83872466583428e-18  6.29129780140664e-18  7.51937084587079e-17      1.93568831252453  5.84161609980777e-15  3.61151496763604e-17 -8.87890099841315e-17     0.293881111227681     0.130109605981103 -2.23445954220159e-16
-1.03957207147183e-17  3.46525020839294e-18  4.48210685019993e-17  5.84161609980777e-15      1.93568831252458  3.48606941012899e-17  9.15508779668544e-17    -0.130109605981073     0.293881111227531 -1.06661351764778e-16
  0.00330124986123003  -0.00425824699049809   -0.0524011267184257  3.61151496763604e-17  3.48606941012899e-17      1.97844064560829    0.0124685323129152  -2.1414760574686e-17 -1.67814721204222e-16     0.163684379755408
 -0.00351515686607938   0.00507766569671483     0.056839465573967 -8.87890099841315e-17  9.15508779668544e-17    0.0124685323129152      1.97399651014194  6.39047330034552e-16 -3.86562470794704e-16    -0.185070251098501
-9.27965890655536e-17  1.16841739494668e-18  1.70649084500592e-17     0.293881111227681    -0.130109605981073  -2.1414760574686e-17  6.39047330034552e-16    0.0701521272029518  1.51646701707807e-14 -9.40175086446248e-17
  1.6483818357321e-17 -2.83545518516513e-18 -7.02335220549829e-17     0.130109605981103     0.293881111227531 -1.67814721204222e-16 -3.86562470794704e-16  1.51646701707807e-14    0.0701521272029075 -3.24251674817237e-17
  -0.0344605167424375    0.0474874060335356     0.560968867756817 -2.23445954220159e-16 -1.06661351764778e-16     0.163684379755408    -0.185070251098501 -9.40175086446248e-17 -3.24251674817237e-17     0.215453275883628
POPULATION (lambda : 0.6): 10.1326757788634
TOTAL ENERGY: -121.454005792759	 lambda: 0.7
1RDM (lambda : 0.7): 
     1.99911918831491   0.00120033078208821    0.0139128890585132  6.16080348259853e-18 -1.17840643540772e-17   0.00413544703813361  -0.00444823116482666 -8.49100071858902e-17  1.80948577212875e-17   -0.0388710858938593
  0.00120033078208821      1.99833081599328   -0.0191343832266505  8.05479560689923e-18  4.05748261248639e-18  -0.00539891770424344   0.00636734096787343  2.15629986692489e-18 -3.32878522120069e-18    0.0536033597179654
