TOTAL ENERGY: -125.266200208147	 lambda: -1
1RDM (lambda : -1): 
     1.99970184445767  0.000368132076144218  -0.00709676233467823  1.53510105286367e-17 -5.89628654459804e-17 -0.000711320760395316  -0.00175775453599341  9.91426993897875e-17  2.00384339348031e-16   -0.0231362052890187
 0.000368132076144218       1.9995291082209   0.00889050568968707  1.11801208936996e-18 -2.07173127167917e-19  0.000671041735868538   0.00259932112502235  3.69499843922135e-18   4.1421080522918e-18    0.0287807801964622
 -0.00709676233467823   0.00889050568968707      1.82699158334777   1.5541793925872e-17  5.29424293208842e-18   -0.0141761722390338    -0.043871492396917 -1.60714048912342e-16  1.76771087805609e-18    -0.558163641154191
 1.53510105286367e-17  1.11801208936996e-18   1.5541793925872e-17      1.86363405979656 -1.64093425933407e-14 -6.69814206068623e-17 -1.84248519652497e-17     0.365619711281348    -0.323131815247685 -5.36687517512768e-17
-5.89628654459804e-17 -2.07173127167917e-19  5.29424293208842e-18 -1.64093425933407e-14      1.86363405979658 -2.17551467156797e-17 -6.48364655340098e-17     0.323131815247702     0.365619711281279 -7.02880323688932e-17
-0.000711320760395316  0.000671041735868538   -0.0141761722390338 -6.69814206068623e-17 -2.17551467156797e-17      1.99383252264451   0.00404460966022084  2.36098992259088e-16 -9.31344346475231e-17   -0.0512150356483896
 -0.00175775453599341   0.00259932112502235    -0.043871492396917 -1.84248519652497e-17 -6.48364655340098e-17   0.00404460966022084       1.9671480915658  1.27083321582505e-16  1.70974756573282e-16    -0.137456385250989
 9.91426993897875e-17  3.69499843922135e-18 -1.60714048912342e-16     0.365619711281348     0.323131815247702  2.36098992259088e-16  1.27083321582505e-16     0.149003124998889 -9.85467595287218e-15  8.12071889540755e-18
 2.00384339348031e-16   4.1421080522918e-18  1.76771087805609e-18    -0.323131815247685     0.365619711281279 -9.31344346475231e-17  1.70974756573282e-16 -9.85467595287218e-15     0.149003124998853 -2.16320731323111e-17
  -0.0231362052890187    0.0287807801964622    -0.558163641154191 -5.36687517512768e-17 -7.02880323688932e-17   -0.0512150356483896    -0.137456385250989  8.12071889540755e-18 -2.16320731323111e-17     0.187522480172488
POPULATION (lambda : -1): 3.57245945141077
TOTAL ENERGY: -125.446091938209	 lambda: -0.9
1RDM (lambda : -0.9): 
      1.9997517760922  0.000306872549634772   -0.0059864951159092  1.35304873081587e-17 -5.21284931694812e-17 -0.000648440081441697  -0.00150078978084434  9.79020351369187e-17  1.95440563141168e-16   -0.0212259316040729
 0.000306872549634772      1.99960426612501   0.00753370108251152  8.44537013542489e-19 -2.58484578270135e-19  0.000592290521674611   0.00227440186353477  3.57630545228342e-18  3.81914978194752e-18    0.0264928503679913
  -0.0059864951159092   0.00753370108251152       1.8510528221705  1.46037826410588e-17  6.24895748073082e-18   -0.0126940588609464   -0.0381015916031003  -1.4986512989972e-16 -1.74881647070906e-19    -0.520898644807015
 1.35304873081587e-17  8.44537013542489e-19  1.46037826410588e-17      1.88562673613615 -1.82298565534781e-14 -3.89731641315472e-17 -1.18691689051898e-17     0.332327480215313    -0.293708404483377 -4.26203209704807e-17
-5.21284931694812e-17 -2.58484578270135e-19  6.24895748073082e-18 -1.82298565534781e-14      1.88562673613616 -2.16512840193458e-17 -6.16905964240844e-17     0.293708404483416     0.332327480215248  -5.9226757462296e-17
-0.000648440081441697  0.000592290521674611   -0.0126940588609464 -3.89731641315472e-17 -2.16512840193458e-17      1.99366141680853   0.00412683476400513   1.6802427675063e-16 -1.69495962669048e-17   -0.0507374681077462
 -0.00150078978084434   0.00227440186353477   -0.0381015916031003 -1.18691689051898e-17 -6.16905964240844e-17   0.00412683476400513      1.96931423063551  1.24187819030423e-16  1.98729632894672e-16    -0.129414267446234
 9.79020351369187e-17  3.57630545228342e-18  -1.4986512989972e-16     0.332327480215313     0.293708404483416   1.6802427675063e-16  1.24187819030423e-16     0.126603981438187 -3.77924286613242e-15  1.03910638438394e-17
 1.95440563141168e-16  3.81914978194752e-18 -1.74881647070906e-19    -0.293708404483377     0.332327480215248 -1.69495962669048e-17  1.98729632894672e-16 -3.77924286613242e-15     0.126603981438149 -2.30969072929743e-17
  -0.0212259316040729    0.0264928503679913    -0.520898644807015 -4.26203209704807e-17  -5.9226757462296e-17   -0.0507374681077462    -0.129414267446234  1.03910638438394e-17 -2.30969072929743e-17     0.162154053019635
POPULATION (lambda : -0.9): 3.76196932261343
TOTAL ENERGY: -125.621703848804	 lambda: -0.8
1RDM (lambda : -0.8): 
     1.99979829364651  0.000249382177570581  -0.00491917611940815  1.17650555142544e-17 -4.53979825437354e-17 -0.000577973585346196  -0.00124671253521166  9.64505525279362e-17  1.89942362884507e-16    -0.019223417396363
 0.000249382177570581      1.99967532503323   0.00621943252763956  6.03788763851414e-19   -3.032168242844e-19  0.000503374732241546   0.00194966073704439  3.44116778362053e-18  3.48384736209733e-18    0.0240690544442639
 -0.00491917611940815   0.00621943252763956      1.87494979262759  1.38431584048191e-17  7.16868150811172e-18    -0.010972548305539   -0.0321543451335032 -1.38885854473028e-16 -1.56916607090019e-18    -0.479733972184188
 1.17650555142544e-17  6.03788763851414e-19  1.38431584048191e-17       1.9056624530153  -1.4479576224187e-14 -1.55622671291319e-17 -6.10361882415372e-18     0.297357990932539     -0.26280264579069 -3.10985715135015e-17
-4.53979825437354e-17   -3.032168242844e-19  7.16868150811172e-18  -1.4479576224187e-14      1.90566245301532  -2.0857613277987e-17 -5.73609132691235e-17     0.262802645790706     0.297357990932458 -4.71157510509028e-17
-0.000577973585346196  0.000503374732241546    -0.010972548305539 -1.55622671291319e-17  -2.0857613277987e-17      1.99352814187465   0.00425151251833115  9.61803612807556e-17  6.31810105402013e-17   -0.0494490504377998
 -0.00124671253521166   0.00194966073704439   -0.0321543451335032 -6.10361882415372e-18 -5.73609132691235e-17   0.00425151251833115      1.97159658679674  1.21001068046102e-16  2.26623618428869e-16    -0.119936779227625
 9.64505525279362e-17  3.44116778362053e-18 -1.38885854473028e-16     0.297357990932539     0.262802645790706  9.61803612807556e-17  1.21001068046102e-16     0.106145623553107 -9.69425250884204e-15  1.23730473484205e-17
 1.89942362884507e-16  3.48384736209733e-18 -1.56916607090019e-18     -0.26280264579069     0.297357990932458  6.31810105402013e-17  2.26623618428869e-16 -9.69425250884204e-15     0.106145623553075 -2.42886808417576e-17
   -0.019223417396363    0.0240690544442639    -0.479733972184188 -3.10985715135015e-17 -4.71157510509028e-17   -0.0494490504377998    -0.119936779227625  1.23730473484205e-17 -2.42886808417576e-17     0.136835706884528
POPULATION (lambda : -0.8): 3.96874197781439
TOTAL ENERGY: -125.789708669153	 lambda: -0.7
1RDM (lambda : -0.7): 
     1.99984095704147  0.000196252233445456  -0.00390941660184414  1.00788712308899e-17 -3.88645458548458e-17 -0.000502470525447343  -0.00100045790957603  9.48052584258771e-17  1.83932652603758e-16   -0.0171260854514183
 0.000196252233445456      1.99974149370945   0.00496648219258403  4.00934719449831e-19 -3.36831653757367e-19  0.000407303537356046   0.00163132134228904  3.29254612880468e-18  3.13569095740557e-18    0.0215036325786362
 -0.00390941660184414   0.00496648219258403      1.89828233453551  1.30614578328978e-17  7.91401274895103e-18  -0.00907125483067815   -0.0261521155653863  -1.2757048922639e-16 -2.43655010837033e-18    -0.434397946086254
 1.00788712308899e-17  4.00934719449831e-19  1.30614578328978e-17      1.92341959628419 -8.93003738487977e-15  1.75156361995406e-18 -2.66724107319467e-18     0.261027434228296      -0.2306939865492 -1.89372510807561e-17
-3.88645458548458e-17 -3.36831653757367e-19  7.91401274895103e-18 -8.93003738487977e-15       1.9234195962842 -1.96424883388336e-17 -5.24077612479181e-17     0.230693986549226     0.261027434228256 -3.39365711001105e-17
-0.000502470525447343  0.000407303537356046  -0.00907125483067815  1.75156361995406e-18 -1.96424883388336e-17       1.9934306185877   0.00440929991987282  2.42862919632152e-17  1.45236625206728e-16   -0.0472817161463081
 -0.00100045790957603   0.00163132134228904   -0.0261521155653863 -2.66724107319467e-18 -5.24077612479181e-17   0.00440929991987282      1.97394969172629  1.21907773099638e-16  2.52609266513582e-16    -0.108920783004711
 9.48052584258771e-17  3.29254612880468e-18  -1.2757048922639e-16     0.261027434228296     0.230693986549226  2.42862919632152e-17  1.21907773099638e-16    0.0879570190033141 -1.16119242092741e-15  1.35951670887421e-17
 1.83932652603758e-16  3.13569095740557e-18 -2.43655010837033e-18      -0.2306939865492     0.261027434228256  1.45236625206728e-16  2.52609266513582e-16 -1.16119242092741e-15    0.0879570190032969 -2.49210940760818e-17
  -0.0171260854514183    0.0215036325786362    -0.434397946086254 -1.89372510807561e-17 -3.39365711001105e-17   -0.0472817161463081    -0.108920783004711  1.35951670887421e-17 -2.49210940760818e-17     0.112001673824606
POPULATION (lambda : -0.7): 4.19294225512909
TOTAL ENERGY: -125.946594855104	 lambda: -0.6
1RDM (lambda : -0.6): 
     1.99987930225883  0.000148120662618704   -0.0029738007085083  8.50110862378621e-18 -3.26039666242767e-17 -0.000425027729804592 -0.000767795452358308  9.29679660851468e-17  1.77472161461063e-16   -0.0149329694689402
 0.000148120662618704      1.99980189761044   0.00379661151923805  2.34923282352874e-19 -3.56561920426722e-19  0.000307809293633321   0.00132685116918797  3.12587965056102e-18  2.77839225724343e-18    0.0187930871986407
  -0.0029738007085083   0.00379661151923805      1.92056151325429  1.24245783648369e-17  8.46496013488806e-18  -0.00706937830403979   -0.0202517697434813 -1.16433220574129e-16  -2.5160255459421e-18    -0.384678151167561
 8.50110862378621e-18  2.34923282352874e-19  1.24245783648369e-17      1.93867317205341 -7.32189990619224e-15  1.38974434331261e-17  6.41777115212182e-19     0.223662254036625    -0.197670934974488 -6.44165308329182e-18
-3.26039666242767e-17 -3.56561920426722e-19  8.46496013488806e-18 -7.32189990619224e-15      1.93867317205342  -1.7567645031174e-17 -4.61949050567217e-17     0.197670934974518      0.22366225403659 -1.98396249623789e-17
-0.000425027729804592  0.000307809293633321  -0.00706937830403979  1.38974434331261e-17  -1.7567645031174e-17      1.99336167390331   0.00458564748845889 -5.11995057910743e-17  2.30326217526398e-16   -0.0441830734124137
-0.000767795452358308   0.00132685116918797   -0.0202517697434813  6.41777115212182e-19 -4.61949050567217e-17   0.00458564748845889        1.976316579069  1.20537440175785e-16  2.79335826217529e-16   -0.0962962130167716
 9.29679660851468e-17  3.12587965056102e-18 -1.16433220574129e-16     0.223662254036625     0.197670934974518 -5.11995057910743e-17  1.20537440175785e-16    0.0722706708306617 -1.32972792811688e-17  1.43813187963296e-17
 1.77472161461063e-16  2.77839225724343e-18  -2.5160255459421e-18    -0.197670934974488      0.22366225403659  2.30326217526398e-16  2.79335826217529e-16 -1.32972792811688e-17    0.0722706708306467 -2.50233425650245e-17
  -0.0149329694689402    0.0187930871986407    -0.384678151167561 -6.44165308329182e-18 -1.98396249623789e-17   -0.0441830734124137   -0.0962962130167716  1.43813187963296e-17 -2.50233425650245e-17    0.0881913481360262
POPULATION (lambda : -0.6): 4.43452729305632
TOTAL ENERGY: -126.088728032722	 lambda: -0.5
1RDM (lambda : -0.5): 
     1.99991285007916  0.000105660190689171  -0.00213070647472762    7.043104025604e-18 -2.66794132917985e-17 -0.000349208839641104  -0.00055517144598749  9.09637426100607e-17  1.70615767175973e-16   -0.0126453451343467
 0.000105660190689171      1.99985559451915   0.00273435960897212  1.10813429797933e-19 -3.57279865882691e-19  0.000209259140164928   0.00104478882151053  2.94334306745101e-18  2.41351413962069e-18    0.0159369863055824
 -0.00213070647472762   0.00273435960897212      1.94120913675956  1.16683316129967e-17  8.66275295320698e-18  -0.00506474394333446   -0.0146432149432728 -1.05194775609971e-16 -1.93136120649522e-18    -0.330460465052544
   7.043104025604e-18  1.10813429797933e-19  1.16683316129967e-17      1.95129168188522   -6.186351377289e-15  1.97890984656784e-17  2.42759619012884e-18     0.185574221151811    -0.164009033159873  6.45059635332918e-18
-2.66794132917985e-17 -3.57279865882691e-19  8.66275295320698e-18   -6.186351377289e-15      1.95129168188523 -1.49085109308229e-17 -3.92428654427707e-17     0.164009033159896     0.185574221151769 -4.87513338063851e-18
-0.000349208839641104  0.000209259140164928  -0.00506474394333446  1.97890984656784e-17 -1.49085109308229e-17      1.99330864824663   0.00476093591999013 -1.26496074254588e-16  3.16306234574781e-16   -0.0401208383399429
 -0.00055517144598749   0.00104478882151053   -0.0146432149432728  2.42759619012884e-18 -3.92428654427707e-17   0.00476093591999013      1.97862979805396  1.21160770856366e-16  3.04698075407187e-16   -0.0820375136369999
 9.09637426100607e-17  2.94334306745101e-18 -1.05194775609971e-16     0.185574221151811     0.164009033159896 -1.26496074254588e-16  1.21160770856366e-16    0.0592254784192983 -1.34403060788475e-15  1.43069950004733e-17
 1.70615767175973e-16  2.41351413962069e-18 -1.93136120649522e-18    -0.164009033159873     0.185574221151769  3.16306234574781e-16  3.04698075407187e-16 -1.34403060788475e-15    0.0592254784192855 -2.42692336881495e-17
  -0.0126453451343467    0.0159369863055824    -0.330460465052544  6.45059635332918e-18 -4.87513338063851e-18   -0.0401208383399429   -0.0820375136369999  1.43069950004733e-17 -2.42692336881495e-17    0.0660496517325226
POPULATION (lambda : -0.5): 4.6932066343125
TOTAL ENERGY: -126.212415883423	 lambda: -0.4
1RDM (lambda : -0.4): 
     1.99994111860954  6.95617366079699e-05  -0.00139985590247677   5.7153796308879e-18   -2.113620432429e-17 -0.000278934030452743 -0.000369474102780426  8.88102185769809e-17  1.63419810901726e-16   -0.0102674772684361
 6.95617366079699e-05      1.99990159651379   0.00180649764296043  3.05487657610812e-20 -3.34624328575041e-19   0.00011652842876407   0.00079446428088774  2.74323681838418e-18  2.04527822067109e-18    0.0129389307164398
 -0.00139985590247677   0.00180649764296043      1.95956905292791  1.06980297979173e-17  8.40481403357759e-18  -0.00317131475778652  -0.00954444277624615 -9.38696453627122e-17 -7.30743902691978e-19    -0.271773208596752
  5.7153796308879e-18  3.05487657610812e-20  1.06980297979173e-17        1.961222933059 -6.78260426317043e-15  1.95324502983951e-17  3.00347454647061e-18     0.147042715957054    -0.129955197018278  1.95471362240252e-17
  -2.113620432429e-17 -3.34624328575041e-19  8.40481403357759e-18 -6.78260426317043e-15      1.96122293305901  -1.1613575119059e-17 -3.15382694279782e-17     0.129955197018314     0.147042715956997  1.08101397040743e-17
-0.000278934030452743   0.00011652842876407  -0.00317131475778652  1.95324502983951e-17  -1.1613575119059e-17      1.99325344871862   0.00491112236828829 -2.01239289162545e-16  4.02509035975262e-16   -0.0350893330139115
-0.000369474102780426   0.00079446428088774  -0.00954444277624615  3.00347454647061e-18 -3.15382694279782e-17   0.00491112236828829      1.98081355367349  1.23029865994954e-16  3.28760158514435e-16   -0.0661771032488556
 8.88102185769809e-17  2.74323681838418e-18 -9.38696453627122e-17     0.147042715957054     0.129955197018314 -2.01239289162545e-16  1.23029865994954e-16    0.0488807201668316 -1.05803390223702e-15  1.33359695339077e-17
 1.63419810901726e-16  2.04527822067109e-18 -7.30743902691978e-19    -0.129955197018278     0.147042715956997  4.02509035975262e-16  3.28760158514435e-16 -1.05803390223702e-15    0.0488807201668159 -2.24935022836612e-17
  -0.0102674772684361    0.0129389307164398    -0.271773208596752  1.95471362240252e-17  1.08101397040743e-17   -0.0350893330139115   -0.0661771032488556  1.33359695339077e-17 -2.24935022836612e-17    0.0463139231050105
POPULATION (lambda : -0.4): 4.96836570201862
TOTAL ENERGY: -126.314002485677	 lambda: -0.3
1RDM (lambda : -0.3): 
     1.99996364141488  4.05108525854031e-05  -0.00080151342520908  4.52339054640031e-18 -1.60050990689534e-17 -0.000218320345804835 -0.000217701128316595  8.65260401010474e-17  1.55933495141405e-16  -0.00780737079811931
 4.05108525854031e-05      1.99993890121157   0.00104103006203275 -4.27643541966534e-21 -2.84209398042047e-19  3.48118818907346e-05  0.000585580942343016  2.52375529987695e-18  1.67884983436096e-18   0.00980756848426906
 -0.00080151342520908   0.00104103006203275      1.97493405805831  9.40784844831591e-18  7.59187270436143e-18  -0.00151428169112966  -0.00519183334321098 -8.24116277231175e-17  9.32078942317287e-19    -0.208830667689922
 4.52339054640031e-18 -4.27643541966534e-21  9.40784844831591e-18       1.9684752069504 -4.30641053734621e-15  1.32836987044661e-17  2.51697513917564e-18     0.108304429973379   -0.0957186004956115  3.26203955951961e-17
-1.60050990689534e-17 -2.84209398042047e-19  7.59187270436143e-18 -4.30641053734621e-15       1.9684752069504 -7.63477360004659e-18 -2.31333863134269e-17    0.0957186004956455     0.108304429973339  2.70400899963336e-17
-0.000218320345804835  3.48118818907346e-05  -0.00151428169112966  1.32836987044661e-17 -7.63477360004659e-18       1.9931731855757   0.00500900964199607 -2.74990365533127e-16  4.88105721435047e-16   -0.0291175022289588
-0.000217701128316595  0.000585580942343016  -0.00519183334321098  2.51697513917564e-18 -2.31333863134269e-17   0.00500900964199607      1.98278742644057  1.25777504000297e-16  3.51386123110086e-16   -0.0488197930637652
 8.65260401010474e-17  2.52375529987695e-18 -8.24116277231175e-17     0.108304429973379    0.0957186004956455 -2.74990365533127e-16  1.25777504000297e-16    0.0412347174777752  3.21598921523807e-17   1.1436467151536e-17
 1.55933495141405e-16  1.67884983436096e-18  9.32078942317287e-19   -0.0957186004956115     0.108304429973339  4.88105721435047e-16  3.51386123110086e-16  3.21598921523807e-17    0.0412347174777649 -1.95420684759333e-17
 -0.00780737079811931   0.00980756848426906    -0.208830667689922  3.26203955951961e-17  2.70400899963336e-17   -0.0291175022289588   -0.0488197930637652   1.1436467151536e-17 -1.95420684759333e-17    0.0297829384426686
POPULATION (lambda : -0.3): 5.25896460408204
TOTAL ENERGY: -126.390013478526	 lambda: -0.2
1RDM (lambda : -0.2): 
     1.99997999202664  1.91558266708851e-05 -0.000355307357954293   3.4705866528533e-18  -1.1305027084345e-17 -0.000171454065324021 -0.000106514588760581  8.41276306773791e-17  1.48200399573163e-16  -0.00527735276922194
 1.91558266708851e-05      1.99996653453631  0.000465691266212203  7.31213929567023e-21 -2.02259061755327e-19 -3.06513086085745e-05  0.000427631503780684  2.28238514380049e-18  1.32151862452706e-18   0.00655744392278939
-0.000355307357954293  0.000465691266212203      1.98658997677061  7.75797829612032e-18  6.11416811779546e-18 -0.000222008900607336  -0.00182478802018815 -7.08233116811153e-17  3.03673794276534e-18    -0.142067960202936
  3.4705866528533e-18  7.31213929567023e-21  7.75797829612032e-18      1.97309844476802  -2.3260157701513e-15  1.54441319587635e-18  1.16759101408798e-18    0.0695485410045819   -0.0614664517789314  4.53800302167859e-17
 -1.1305027084345e-17 -2.02259061755327e-19  6.11416811779546e-18  -2.3260157701513e-15      1.97309844476802 -3.07542588227258e-18 -1.41789837133213e-17    0.0614664517789591    0.0695485410045393  4.36226175926215e-17
-0.000171454065324021 -3.06513086085745e-05 -0.000222008900607336  1.54441319587635e-18 -3.07542588227258e-18      1.99304157183338   0.00502622478212465 -3.47987542698602e-16  5.73807725615815e-16   -0.0222765191575865
-0.000106514588760581  0.000427631503780684  -0.00182478802018815  1.16759101408798e-18 -1.41789837133213e-17   0.00502622478212465      1.98447200489125  1.28922263657817e-16   3.7329183356496e-16   -0.0301553555873775
 8.41276306773791e-17  2.28238514380049e-18 -7.08233116811153e-17    0.0695485410045819    0.0614664517789591 -3.47987542698602e-16  1.28922263657817e-16    0.0362435291498108 -4.13218100789993e-16   8.6164683995751e-18
 1.48200399573163e-16  1.32151862452706e-18  3.03673794276534e-18   -0.0614664517789314    0.0695485410045393  5.73807725615815e-16   3.7329183356496e-16 -4.13218100789993e-16    0.0362435291498056 -1.53279893769136e-17
 -0.00527735276922194   0.00655744392278939    -0.142067960202936  4.53800302167859e-17  4.36226175926215e-17   -0.0222765191575865   -0.0301553555873775   8.6164683995751e-18 -1.53279893769136e-17    0.0172659721061744
POPULATION (lambda : -0.2): 5.56343889785782
TOTAL ENERGY: -126.437355896266	 lambda: -0.1
1RDM (lambda : -0.1): 
     1.99998981371133   6.0682764454674e-06 -7.87370783049002e-05  2.55684825467582e-18 -7.04407015124482e-18 -0.000142095141544991 -4.16934504467497e-05  8.16318041510441e-17  1.40249467766382e-16  -0.00269427702803903
  6.0682764454674e-06      1.99998360463705  0.000105992614453422  6.43804397954941e-20 -8.58472567700393e-20 -7.49405310126034e-05  0.000329151766523645  2.01734093014211e-18  9.79956157044128e-19   0.00320940709135971
-7.87370783049002e-05  0.000105992614453422      1.99387485965243  5.66560989582691e-18  3.91678308946828e-18  0.000585078525630436  0.000335138197347593 -5.89070703466121e-17  5.20111148183806e-18   -0.0721578418054093
 2.55684825467582e-18  6.43804397954941e-20  5.66560989582691e-18      1.97516721207339 -1.39685321410658e-15  -1.5646956813533e-17 -1.13272202421596e-18    0.0309154927203616   -0.0273228685936843  5.75733330910653e-17
-7.04407015124482e-18 -8.58472567700393e-20  3.91678308946828e-18 -1.39685321410658e-15      1.97516721207339  2.13478752605025e-18 -4.71247586415436e-18    0.0273228685937048     0.030915492720319  6.03169621864576e-17
-0.000142095141544991 -7.49405310126034e-05  0.000585078525630436  -1.5646956813533e-17  2.13478752605025e-18      1.99283119360863   0.00493586748791203 -4.19159306429985e-16  6.58017933037426e-16   -0.0146840902625619
-4.16934504467497e-05  0.000329151766523645  0.000335138197347593 -1.13272202421596e-18 -4.71247586415436e-18   0.00493586748791203      1.98579634482206  1.33001171925053e-16  3.93531360267272e-16   -0.0104651508790994
 8.16318041510441e-17  2.01734093014211e-18 -5.89070703466121e-17    0.0309154927203616    0.0273228685937048 -4.19159306429985e-16  1.33001171925053e-16    0.0338379490317466 -2.64777177748356e-16  4.90845106447271e-18
 1.40249467766382e-16  9.79956157044128e-19  5.20111148183806e-18   -0.0273228685936843     0.030915492720319  6.58017933037426e-16  3.93531360267272e-16 -2.64777177748356e-16    0.0338379490317431 -9.77897763701039e-18
 -0.00269427702803903   0.00320940709135971   -0.0721578418054093  5.75733330910653e-17  6.03169621864576e-17   -0.0146840902625619   -0.0104651508790994  4.90845106447271e-18 -9.77897763701039e-18   0.00951386135824854
POPULATION (lambda : -0.1): 5.87963592347109
TOTAL ENERGY: -126.453552931291	 lambda: 0
1RDM (lambda : 0): 
     1.99999285095199  1.70013851779154e-06  1.44635923494251e-05  1.78299336362455e-18 -3.22305020585215e-18 -0.000133345409047693 -2.75354894232071e-05  7.90510609746983e-17  1.32102090581353e-16  -7.9172457306879e-05
 1.70013851779154e-06      1.99998936254365 -1.69863131841847e-05  1.64394190684467e-19  6.64516525781939e-20 -9.38688552460639e-05  0.000296873098249896  1.72673018626526e-18  6.62059195971587e-19 -0.000209671734974292
 1.44635923494251e-05 -1.69863131841847e-05      1.99624673281478  3.15179926557639e-18  9.61478767803664e-19  0.000807325302253206   0.00110868063635998 -4.65434900733052e-17  7.20581478020075e-18 -6.62121183512199e-07
 1.78299336362455e-18  1.64394190684467e-19  3.15179926557639e-18      1.97476538145822  2.15841749967334e-16   -3.791674433515e-17 -4.26755215282366e-18  -0.00750132758263619   0.00662961406738596  6.89112777223788e-17
-3.22305020585215e-18  6.64516525781939e-20  9.61478767803664e-19  2.15841749967334e-16      1.97476538145822  7.94596322458809e-18  5.19039722051925e-18  -0.00662961406735883  -0.00750132758267618  7.68785926333695e-17
-0.000133345409047693 -9.38688552460639e-05  0.000807325302253206   -3.791674433515e-17  7.94596322458809e-18      1.99251649969401   0.00471554220296846 -4.88236488285096e-16  7.40858138117307e-16  -0.00650282116154363
-2.75354894232071e-05  0.000296873098249896   0.00110868063635998 -4.26755215282366e-18  5.19039722051925e-18   0.00471554220296846      1.98670652656204   1.3803446301233e-16  4.12198510612568e-16   0.00988142606583664
 7.90510609746983e-17  1.72673018626526e-18 -4.65434900733052e-17  -0.00750132758263619  -0.00662961406735883 -4.88236488285096e-16   1.3803446301233e-16    0.0339388856424385  2.40168448843057e-16  4.27666799661903e-19
 1.32102090581353e-16  6.62059195971587e-19  7.20581478020075e-18   0.00662961406738596  -0.00750132758267618  7.40858138117307e-16  4.12198510612568e-16  2.40168448843057e-16     0.033938885642439 -2.94699712607058e-18
 -7.9172457306879e-05 -0.000209671734974292 -6.62121183512199e-07  6.89112777223788e-17  7.68785926333695e-17  -0.00650282116154363   0.00988142606583664  4.27666799661903e-19 -2.94699712607058e-18   0.00713949323223478
POPULATION (lambda : 0): 6.20481744352211
TOTAL ENERGY: -126.436973018772	 lambda: 0.1
1RDM (lambda : 0.1): 
     1.99998897720419  6.34362619689718e-06 -8.41566972096251e-05  1.15037293592258e-18  1.62617491117108e-19 -0.000147340443258812 -6.63013128738449e-05   7.6394294074906e-17   1.2376899753096e-16   0.00254375244229855
 6.34362619689718e-06      1.99998326125706   0.00011126351330654  3.02894101775354e-19  2.54546288936167e-19 -8.43789546496705e-05  0.000334896401675588  1.40945037410838e-18   3.7495202405025e-19  -0.00366803747716106
-8.41566972096251e-05   0.00011126351330654       1.9933490714135  2.84338934294309e-19 -2.73394212114637e-18  0.000377937204291923   0.00038308374217708 -3.36273616856669e-17  8.75044643862333e-18    0.0733177960906154
 1.15037293592258e-18  3.02894101775354e-19  2.84338934294309e-19      1.97197241367528  5.39524881789586e-16 -6.49656835340364e-17 -8.12987616734725e-18   -0.0456505132038722    0.0403455631741067  7.91386368211459e-17
 1.62617491117108e-19  2.54546288936167e-19 -2.73394212114637e-18  5.39524881789586e-16      1.97197241367528  1.43889708575761e-17  1.55047214838891e-17   -0.0403455631740841   -0.0456505132039059  9.30493446525031e-17
-0.000147340443258812 -8.43789546496705e-05  0.000377937204291923 -6.49656835340364e-17  1.43889708575761e-17      1.99207703210026   0.00435023744814574 -5.55007710831266e-16  8.21944572409522e-16   0.00206875816892196
-6.63013128738449e-05  0.000334896401675588   0.00038308374217708 -8.12987616734725e-18  1.55047214838891e-17   0.00435023744814574      1.98717386939628   1.4408203677771e-16   4.2905557039602e-16     0.030443582832675
  7.6394294074906e-17  1.40945037410838e-18 -3.36273616856669e-17   -0.0456505132038722   -0.0403455631740841 -5.55007710831266e-16   1.4408203677771e-16    0.0364712066124382  1.04760068835398e-16 -4.65708398743245e-18
  1.2376899753096e-16   3.7495202405025e-19  8.75044643862333e-18    0.0403455631741067   -0.0456505132039059  8.21944572409522e-16   4.2905557039602e-16  1.04760068835398e-16    0.0364712066124391  5.02338105551035e-18
  0.00254375244229855  -0.00366803747716106    0.0733177960906154  7.91386368211459e-17  9.30493446525031e-17   0.00206875816892196     0.030443582832675 -4.65708398743245e-18  5.02338105551035e-18    0.0105405480532844
POPULATION (lambda : 0.1): 6.53574765705085
TOTAL ENERGY: -126.387002165769	 lambda: 0.2
1RDM (lambda : 0.2): 
     1.99997821293264  2.01019574332346e-05 -0.000376672395705072  6.61955144465957e-19   3.1197175692534e-18 -0.000185035580086143  -0.00015781630773568  7.36664500156319e-17  1.15253242342004e-16   0.00514868738513719
 2.01019574332346e-05      1.99996500263953  0.000497011677002347  4.73530578525116e-19  4.76267718376233e-19 -4.48339347365095e-05   0.00044405283152662  1.06452950457035e-18  1.24390845864432e-19  -0.00713100582323797
-0.000376672395705072  0.000497011677002347      1.98506086384032 -2.80760831669583e-18 -7.10058739512662e-18 -0.000728538609591365  -0.00186894490568821 -2.00568609554288e-17  9.58344253511032e-18     0.146599306411137
 6.61955144465957e-19  4.73530578525116e-19 -2.80760831669583e-18      1.96685191675881  3.05851287844187e-15 -9.65261845806027e-17 -1.25402451129664e-17    -0.083513717525901    0.0738087642489828  8.80493943199147e-17
  3.1197175692534e-18  4.76267718376233e-19 -7.10058739512662e-18  3.05851287844187e-15      1.96685191675881   2.1472941889365e-17  2.62769217113935e-17   -0.0738087642489449   -0.0835137175259346  1.08590866605798e-16
-0.000185035580086143 -4.48339347365095e-05 -0.000728538609591365 -9.65261845806027e-17   2.1472941889365e-17      1.99150017013704   0.00383440583513016 -6.19438096228727e-16  9.01083074154021e-16     0.010811809156943
 -0.00015781630773568   0.00044405283152662  -0.00186894490568821 -1.25402451129664e-17  2.62769217113935e-17   0.00383440583513016      1.98720088604302  1.51560072280529e-16  4.43997471016136e-16    0.0507389965752406
 7.36664500156319e-17  1.06452950457035e-18 -2.00568609554288e-17    -0.083513717525901   -0.0738087642489449 -6.19438096228727e-16  1.51560072280529e-16    0.0413752730117431 -6.25644658879526e-16 -1.01338862753074e-17
 1.15253242342004e-16  1.24390845864432e-19  9.58344253511032e-18    0.0738087642489828   -0.0835137175259346  9.01083074154021e-16  4.43997471016136e-16 -6.25644658879526e-16    0.0413752730117489  1.38914457126484e-17
  0.00514868738513719  -0.00713100582323797     0.146599306411137  8.80493943199147e-17  1.08590866605798e-16     0.010811809156943    0.0507389965752406 -1.01338862753074e-17  1.38914457126484e-17    0.0198404848663489
POPULATION (lambda : 0.2): 6.86886680525724
TOTAL ENERGY: -126.304113874554	 lambda: 0.3
1RDM (lambda : 0.3): 
     1.99996072927793  4.28775752061218e-05  -0.00085836470971737  3.23264103135683e-19  5.65503381104863e-18 -0.000246140752648536 -0.000299336002311119  7.08704326095715e-17  1.06552956715728e-16   0.00771015654290688
 4.28775752061218e-05       1.9999345621267   0.00113745691655933  6.71001287723648e-19  7.30120551608183e-19  2.48664635534407e-05  0.000621612889841654  7.00334393387846e-19 -8.53501418912885e-20   -0.0105634907328808
 -0.00085836470971737   0.00113745691655933      1.97151943697545 -6.00129654065543e-18 -1.20747742925466e-17  -0.00249357506291201  -0.00558043423019259 -6.03710828992863e-18  9.49424585349571e-18      0.21862766402431
 3.23264103135683e-19  6.71001287723648e-19 -6.00129654065543e-18      1.95944369502287  2.38302273871885e-15 -1.32206985777188e-16  -1.7714044415429e-17    -0.121093293581978     0.107021296796121  9.54704726187133e-17
 5.65503381104863e-18  7.30120551608183e-19 -1.20747742925466e-17  2.38302273871885e-15      1.95944369502287  2.93869142003591e-17  3.71554591332581e-17    -0.107021296796105    -0.121093293582011  1.23262362679468e-16
-0.000246140752648536  2.48664635534407e-05  -0.00249357506291201 -1.32206985777188e-16  2.93869142003591e-17      1.99078268687792   0.00317271390682056 -6.80350065475041e-16  9.78187100967471e-16    0.0195066951217873
-0.000299336002311119  0.000621612889841654  -0.00558043423019259  -1.7714044415429e-17  3.71554591332581e-17   0.00317271390682056       1.9868231301132  1.58085717904633e-16  4.56729357568921e-16    0.0702834430010861
 7.08704326095715e-17  7.00334393387846e-19 -6.03710828992863e-18    -0.121093293581978    -0.107021296796105 -6.80350065475041e-16  1.58085717904633e-16    0.0486148422618445  1.10372782253422e-15 -1.57976080827269e-17
 1.06552956715728e-16 -8.53501418912885e-20  9.49424585349571e-18     0.107021296796121    -0.121093293582011  9.78187100967471e-16  4.56729357568921e-16  1.10372782253422e-15    0.0486148422618494  2.33395369280177e-17
  0.00771015654290688   -0.0105634907328808      0.21862766402431  9.54704726187133e-17  1.23262362679468e-16    0.0195066951217873    0.0702834430010861 -1.57976080827269e-17  2.33395369280177e-17    0.0348623800594022
POPULATION (lambda : 0.3): 7.20052828920927
TOTAL ENERGY: -126.18981311653	 lambda: 0.4
1RDM (lambda : 0.4): 
     1.99993683575484  7.43811525558084e-05  -0.00151810287719556  1.39505037643417e-19  7.77063503950228e-18 -0.000329221016669782 -0.000485730953398033  6.80006849328721e-17  9.76650960196072e-17      0.01020496856859
 7.43811525558084e-05      1.99989218525017    0.0020209470565631  8.76323824253026e-19  1.00370589818018e-18  0.000123370263718734    0.0008614439868354  2.92474810035337e-19 -2.49937224268137e-19   -0.0139326748383001
 -0.00151810287719556    0.0020209470565631      1.95310960711846 -8.85622063049173e-18 -1.73477073899601e-17  -0.00485855955092122   -0.0105944958612575  9.36067619966048e-18  8.24670472071392e-18     0.288268618330366
 1.39505037643417e-19  8.76323824253026e-19 -8.85622063049173e-18      1.94976032905803  4.77449640256495e-15 -1.72748399080883e-16 -2.14160998376252e-17    -0.158397920123137     0.139990829838224  1.01460006466473e-16
 7.77063503950228e-18  1.00370589818018e-18 -1.73477073899601e-17  4.77449640256495e-15      1.94976032905803  3.75702210638547e-17  4.95628258203652e-17    -0.139990829838194    -0.158397920123171  1.36986538810767e-16
-0.000329221016669782  0.000123370263718734  -0.00485855955092122 -1.72748399080883e-16  3.75702210638547e-17      1.98993074460764   0.00237927209941287 -7.42453535010648e-16   1.0537331322628e-15    0.0279523799624807
-0.000485730953398033    0.0008614439868354   -0.0105944958612575 -2.14160998376252e-17  4.95628258203652e-17   0.00237927209941287      1.98610588017512  1.73572441796775e-16   4.6599410343236e-16     0.088633391048036
 6.80006849328721e-17  2.92474810035337e-19  9.36067619966048e-18    -0.158397920123137    -0.139990829838194 -7.42453535010648e-16  1.73572441796775e-16    0.0581802597583872 -4.71428406658886e-17 -2.12451656819461e-17
 9.76650960196072e-17 -2.49937224268137e-19  8.24670472071392e-18     0.139990829838224    -0.158397920123171   1.0537331322628e-15   4.6599410343236e-16 -4.71428406658886e-17    0.0581802597583975  3.29760546331609e-17
     0.01020496856859   -0.0139326748383001     0.288268618330366  1.01460006466473e-16  1.36986538810767e-16    0.0279523799624807     0.088633391048036 -2.12451656819461e-17  3.29760546331609e-17     0.055143569460953
POPULATION (lambda : 0.4): 7.5272580448124
TOTAL ENERGY: -126.046463220064	 lambda: 0.5
1RDM (lambda : 0.5): 
     1.99990695422818  0.000114159842378956  -0.00233945639115914  1.23875889947361e-19  9.46791168488418e-18 -0.000431935062941869 -0.000709970124046101  6.50620244210498e-17  8.85871331238842e-17     0.012613815498618
 0.000114159842378956      1.99983835634356   0.00312822550726743  1.10008158009361e-18  1.30280021295384e-18  0.000248131583930209   0.00115460779583911 -1.10660603779022e-19 -3.77717765041292e-19   -0.0172103303155541
 -0.00233945639115914   0.00312822550726743      1.93042076913673 -1.15959668170275e-17 -2.30162995883518e-17  -0.00773410402426151   -0.0166815320608561  2.44218449571616e-17  6.09609594840729e-18     0.354557013141914
 1.23875889947361e-19  1.10008158009361e-18 -1.15959668170275e-17      1.93778867623286  4.19844624147549e-15 -2.16337176748684e-16  -2.7006586019767e-17    -0.195428229290471     0.172717925963556  1.05808364584794e-16
 9.46791168488418e-18  1.30280021295384e-18 -2.30162995883518e-17  4.19844624147549e-15      1.93778867623286   4.7098079595588e-17  6.13682631091547e-17    -0.172717925963529    -0.195428229290491    1.495195336604e-16
-0.000431935062941869  0.000248131583930209  -0.00773410402426151 -2.16337176748684e-16   4.7098079595588e-17       1.9889584393042   0.00147557121060573 -7.97577661043409e-16  1.12617713767085e-15    0.0359818558353084
-0.000709970124046101   0.00115460779583911   -0.0166815320608561  -2.7006586019767e-17  6.13682631091547e-17   0.00147557121060573      1.98513602207769  1.81998198526831e-16  4.74558255539104e-16     0.105423165940071
 6.50620244210498e-17 -1.10660603779022e-19  2.44218449571616e-17    -0.195428229290471    -0.172717925963529 -7.97577661043409e-16  1.81998198526831e-16    0.0700866052122047 -1.13553621518263e-15 -2.65767496470911e-17
 8.85871331238842e-17 -3.77717765041292e-19  6.09609594840729e-18     0.172717925963556    -0.195428229290491  1.12617713767085e-15  4.74558255539104e-16 -1.13553621518263e-15    0.0700866052122132   4.2493392718618e-17
    0.012613815498618   -0.0172103303155541     0.354557013141914  1.05808364584794e-16    1.495195336604e-16    0.0359818558353084     0.105423165940071 -2.65767496470911e-17   4.2493392718618e-17    0.0799888960195441
POPULATION (lambda : 0.5): 7.84598681450051
TOTAL ENERGY: -125.877034951667	 lambda: 0.6
1RDM (lambda : 0.6): 
     1.99987158453435  0.000161638797727359  -0.00330230380743772  2.85755679255941e-19  1.07391849495204e-17 -0.000551351886653926 -0.000963805021709683  6.20476903210602e-17  7.93236915130605e-17    0.0149222536632819
 0.000161638797727359      1.99977374628132    0.0044344406810378   1.3261936058756e-18  1.61358994337215e-18  0.000395776175218391   0.00149027321519818 -5.28014426131599e-19 -4.71286706597864e-19   -0.0203743907340863
 -0.00330230380743772    0.0044344406810378      1.90418129906421 -1.38516728210124e-17 -2.87416751073965e-17   -0.0110123473243095   -0.0235655726344076  3.98225331408213e-17  3.10462782265783e-18      0.41675629925413
 2.85755679255941e-19   1.3261936058756e-18 -1.38516728210124e-17      1.92349596118012  8.44829576897453e-15 -2.63372014959362e-16 -3.26878936951416e-17    -0.232164422517095     0.205185087019587  1.08708174106335e-16
 1.07391849495204e-17  1.61358994337215e-18 -2.87416751073965e-17  8.44829576897453e-15      1.92349596118011  5.73880805976363e-17  7.39991443838285e-17    -0.205185087019574    -0.232164422517157  1.60884987669915e-16
-0.000551351886653926  0.000395776175218391   -0.0110123473243095 -2.63372014959362e-16  5.73880805976363e-17      1.98788541313103  0.000487672050222963 -8.49653530916886e-16  1.19528116156824e-15    0.0434711550298337
-0.000963805021709683   0.00149027321519818   -0.0235655726344076 -3.26878936951416e-17  7.39991443838285e-17  0.000487672050222963      1.98401093608291  1.92076391331211e-16  4.81709876815363e-16     0.120389477976658
 6.20476903210602e-17 -5.28014426131599e-19  3.98225331408213e-17    -0.232164422517095    -0.205185087019574 -8.49653530916886e-16  1.92076391331211e-16    0.0843672555059442  5.59848761349306e-15 -3.14781200724368e-17
 7.93236915130605e-17 -4.71286706597864e-19  3.10462782265783e-18     0.205185087019587    -0.232164422517157  1.19528116156824e-15  4.81709876815363e-16  5.59848761349306e-15    0.0843672555059627  5.15556518470929e-17
   0.0149222536632819   -0.0203743907340863      0.41675629925413  1.08708174106335e-16  1.60884987669915e-16    0.0434711550298337     0.120389477976658 -3.14781200724368e-17  5.15556518470929e-17     0.108550587534063
POPULATION (lambda : 0.6): 8.15421324047181
TOTAL ENERGY: -125.684833305671	 lambda: 0.7
1RDM (lambda : 0.7): 
     1.99983126842673  0.000216167593399831  -0.00438461569938459   6.3523063672194e-19  1.15731863154557e-17 -0.000684277336505717  -0.00123851237087534  5.89562608236323e-17  6.98874048283182e-17    0.0171209712819029
 0.000216167593399831      1.99969915022124    0.0059115042130737  1.54292642870741e-18  1.93033108912782e-18  0.000562494443136048   0.00185674706391832 -9.57663016294786e-19 -5.29120063373926e-19   -0.0234095864531935
