TOTAL ENERGY: -126.439195600908	 lambda: -1
1RDM (lambda : -1): 
     1.99994137508351  6.64655007259568e-05    -0.002508871559095 -0.000284030520577568  1.00218227174729e-17 -1.40254768416722e-17 -3.99362702370501e-05 -4.68753326514222e-17 -3.17732711897931e-17   -0.0102967241981865
 6.64655007259568e-05      1.99990817384269   0.00301916490169814  0.000694641622582717 -8.46529147490779e-19  4.39270681058536e-18  0.000507395809527285  6.27534305232813e-18  9.21781514672302e-21    0.0119456255043304
   -0.002508871559095   0.00301916490169814      1.88256901753275   -0.0204230836921684  6.17926468966569e-17 -2.32127577259505e-16  -0.00236043481106771 -4.57351277032047e-16 -8.12809937267468e-17    -0.462005451617342
-0.000284030520577568  0.000694641622582717   -0.0204230836921684      1.98328934833773 -4.91128122441816e-17  5.57316484616847e-16   -0.0158051998697042  2.06712857801196e-15  1.29313710254252e-16   -0.0601366283565224
 1.00218227174729e-17 -8.46529147490779e-19  6.17926468966569e-17 -4.91128122441816e-17      1.85556549541581  4.87676000548672e-16  8.34811053306772e-17    0.0144699645861683     0.484552765003989  1.39605207625614e-16
-1.40254768416722e-17  4.39270681058536e-18 -2.32127577259505e-16  5.57316484616847e-16  4.87676000548672e-16      1.85556549541579  3.67696067180025e-17    -0.484552765004035    0.0144699645861679 -3.52710994647434e-16
-3.99362702370501e-05  0.000507395809527285  -0.00236043481106771   -0.0158051998697042  8.34811053306772e-17  3.67696067180025e-17      1.97015867507715  1.85083711099766e-16 -3.69832846766046e-16   0.00144327335663545
-4.68753326514222e-17  6.27534305232813e-18 -4.57351277032047e-16  2.06712857801196e-15    0.0144699645861683    -0.484552765004035  1.85083711099766e-16     0.164192229110917 -3.31701658400041e-16  1.47604181366157e-16
-3.17732711897931e-17  9.21781514672302e-21 -8.12809937267468e-17  1.29313710254252e-16     0.484552765003989    0.0144699645861679 -3.69832846766046e-16 -3.31701658400041e-16      0.16419222911089  5.56293660074856e-17
  -0.0102967241981865    0.0119456255043304    -0.462005451617342   -0.0601366283565224  1.39605207625614e-16 -3.52710994647434e-16   0.00144327335663545  1.47604181366157e-16  5.56293660074856e-17     0.124617961072786
POPULATION (lambda : -1): 4.60308514737144
TOTAL ENERGY: -126.583555400613	 lambda: -0.9
1RDM (lambda : -0.9): 
     1.99995134127134  5.49745396650815e-05  -0.00207408361930848 -0.000204307703491896  8.81495350892926e-18 -1.25873984965649e-17 -4.54351932125497e-05 -4.73902404296573e-17 -3.06065833990139e-17  -0.00936712238590926
 5.49745396650815e-05      1.99992161171697   0.00251986704050271  0.000597633539944973 -7.25061782127164e-19  3.91918574958764e-18  0.000493811693100554  5.93050941021282e-18 -1.40789518278457e-19    0.0109191984119258
 -0.00207408361930848   0.00251986704050271       1.9006516739571   -0.0172476800791364  5.88481405864417e-17 -2.13987965910665e-16  -0.00180175155341848 -4.51230870081962e-16 -8.58789545128222e-17    -0.424971502548588
-0.000204307703491896  0.000597633539944973   -0.0172476800791364      1.98389386120381 -6.04716909833033e-17  5.02542063273915e-16   -0.0147500156578264  2.00283796775559e-15  1.81666888774967e-16   -0.0517469857834769
 8.81495350892926e-18 -7.25061782127164e-19  5.88481405864417e-17 -6.04716909833033e-17      1.87711022556019  4.27278256668735e-16  1.02108880219233e-16    0.0130314915996389     0.436382912437431  1.38423402232339e-16
-1.25873984965649e-17  3.91918574958764e-18 -2.13987965910665e-16  5.02542063273915e-16  4.27278256668735e-16      1.87711022556018 -4.29213173328362e-18     -0.43638291243745    0.0130314915996375 -3.55098153677471e-16
-4.54351932125497e-05  0.000493811693100554  -0.00180175155341848   -0.0147500156578264  1.02108880219233e-16 -4.29213173328362e-18      1.97128437770628  1.36523999930948e-16 -4.30518613571497e-16   0.00101227164529071
-4.73902404296573e-17  5.93050941021282e-18 -4.51230870081962e-16  2.00283796775559e-15    0.0130314915996389     -0.43638291243745  1.36523999930948e-16     0.141679403641139   1.3788339104654e-16  1.26897509800068e-16
-3.06065833990139e-17 -1.40789518278457e-19 -8.58789545128222e-17  1.81666888774967e-16     0.436382912437431    0.0130314915996375 -4.30518613571497e-16   1.3788339104654e-16     0.141679403641131   4.4426131359694e-17
 -0.00936712238590926    0.0109191984119258    -0.424971502548588   -0.0517469857834769  1.38423402232339e-16 -3.55098153677471e-16   0.00101227164529071  1.26897509800068e-16   4.4426131359694e-17     0.106717875741934
POPULATION (lambda : -0.9): 4.75511614178717
TOTAL ENERGY: -126.719361623532	 lambda: -0.8
1RDM (lambda : -0.8): 
     1.99996043908544  4.43273243652121e-05  -0.00166962277376688 -0.000134366976133231  7.60302977792423e-18  -1.1014029890304e-17 -4.67427292353557e-05 -4.76711347136062e-17 -2.92527692258985e-17  -0.00840673989085401
 4.43273243652121e-05      1.99993427646886   0.00204904181444314  0.000510713066244607 -5.81116649385797e-19  3.42617556009115e-18  0.000474314728523885  5.67593272738623e-18 -2.22225051832691e-19   0.00984008755219246
 -0.00166962277376688   0.00204904181444314      1.91774857002517   -0.0144137234500266  4.85274054792906e-17 -1.85517333254663e-16  -0.00104358449079226 -4.21053662945661e-16 -7.60876455592549e-17    -0.385831928515293
-0.000134366976133231  0.000510713066244607   -0.0144137234500266        1.984448371038 -4.35613379176383e-17  4.12067578172178e-16   -0.0136493950838577  1.80235417857622e-15  1.56905595036476e-16   -0.0436087335881122
 7.60302977792423e-18 -5.81116649385797e-19  4.85274054792906e-17 -4.35613379176383e-17       1.8957494995697  7.65175713342094e-16  7.26340175430021e-17    0.0115476980491641     0.386695419011717  1.36095338838315e-16
 -1.1014029890304e-17  3.42617556009115e-18 -1.85517333254663e-16  4.12067578172178e-16  7.65175713342094e-16      1.89574949956968  2.76954603286092e-17    -0.386695419011754    0.0115476980491613 -3.59709004936657e-16
-4.67427292353557e-05  0.000474314728523885  -0.00104358449079226   -0.0136493950838577  7.26340175430021e-17  2.76954603286092e-17      1.97241866188057  2.75247790189578e-16 -3.80927071446609e-16   0.00138999505524513
-4.76711347136062e-17  5.67593272738623e-18 -4.21053662945661e-16  1.80235417857622e-15    0.0115476980491641    -0.386695419011754  2.75247790189578e-16     0.122061033606418  3.23345696336738e-16  1.17742916467109e-16
-2.92527692258985e-17 -2.22225051832691e-19 -7.60876455592549e-17  1.56905595036476e-16     0.386695419011717    0.0115476980491613 -3.80927071446609e-16  3.23345696336738e-16     0.122061033606401  4.02964561677841e-17
 -0.00840673989085401   0.00984008755219246    -0.385831928515293   -0.0436087335881122  1.36095338838315e-16 -3.59709004936657e-16   0.00138999505524513  1.17742916467109e-16  4.02964561677841e-17    0.0898686151498114
POPULATION (lambda : -0.8): 4.91495952560297
TOTAL ENERGY: -126.844285529558	 lambda: -0.7
1RDM (lambda : -0.7): 
      1.9999685876256  3.46444818808773e-05  -0.00129969363683257 -7.37071316315285e-05  6.52093125819606e-18 -9.50172944966712e-18 -4.56794794180481e-05  -4.8011315655364e-17 -2.79100599511191e-17  -0.00741833839217311
 3.46444818808773e-05      1.99994599199372   0.00161272669277032  0.000433745153315256   -4.607274036985e-19  2.97784858794709e-18  0.000451093628965343  5.33849635129826e-18 -3.41945241481784e-19   0.00871210665104356
 -0.00129969363683257   0.00161272669277032       1.9336622234254   -0.0119030324644238  4.31065886417185e-17 -1.65197378860579e-16 -0.000169678240878743  -4.0400017480169e-16  -7.4560400058979e-17    -0.344569050172455
-7.37071316315285e-05  0.000433745153315256   -0.0119030324644238      1.98495992794589 -4.50164571807975e-17   3.5797867503821e-16   -0.0125263510227117  1.68264175661012e-15  1.86778695457453e-16   -0.0356896709785862
 6.52093125819606e-18   -4.607274036985e-19  4.31065886417185e-17 -4.50164571807975e-17       1.9113773462757 -5.04988263291203e-17   7.4871367479114e-17    0.0100358311883551     0.336067837046469  1.31846183945632e-16
-9.50172944966712e-18  2.97784858794709e-18 -1.65197378860579e-16   3.5797867503821e-16 -5.04988263291203e-17      1.91137734627571  1.04030532593117e-17    -0.336067837046437    0.0100358311883541 -3.65127225740431e-16
-4.56794794180481e-05  0.000451093628965343 -0.000169678240878743   -0.0125263510227117   7.4871367479114e-17  1.04030532593117e-17      1.97355608522468  2.93218799574546e-16 -4.09511146503845e-16    0.0024573798566288
 -4.8011315655364e-17  5.33849635129826e-18  -4.0400017480169e-16  1.68264175661012e-15    0.0100358311883551    -0.336067837046437  2.93218799574546e-16     0.105453288564237  3.01034815925257e-16  1.00330656567725e-16
-2.79100599511191e-17 -3.41945241481784e-19  -7.4560400058979e-17  1.86778695457453e-16     0.336067837046469    0.0100358311883541 -4.09511146503845e-16  3.01034815925257e-16     0.105453288564249  3.12715586137844e-17
 -0.00741833839217311   0.00871210665104356    -0.344569050172455   -0.0356896709785862  1.31846183945632e-16 -3.65127225740431e-16    0.0024573798566288  1.00330656567725e-16  3.12715586137844e-17    0.0742459141048375
POPULATION (lambda : -0.7): 5.08159503801919
TOTAL ENERGY: -126.956402181754	 lambda: -0.6
1RDM (lambda : -0.6): 
     1.99997571719463  2.60330661023102e-05 -0.000968425785762845 -2.18421822432953e-05  5.50247606010648e-18 -7.95081908467528e-18 -4.38240462166546e-05 -4.82421346286732e-17 -2.64855358182949e-17  -0.00640463533497377
 2.60330661023102e-05      1.99995659637595   0.00121685212116502  0.000366586446277684 -3.41419180715442e-19  2.53641841347306e-18  0.000426133015969927  5.00603442619061e-18 -4.45092070597673e-19   0.00753900184214666
-0.000968425785762845   0.00121685212116502      1.94817461236535  -0.00970353923194698  3.57810303546756e-17 -1.42789436498459e-16  0.000747905257377603  -3.7906356977074e-16 -6.76986896800377e-17    -0.301198269874186
-2.18421822432953e-05  0.000366586446277684  -0.00970353923194698      1.98542941015053 -3.74933455857726e-17   3.0055436524796e-16   -0.0113973853311449  1.52046026881716e-15  1.90745771098396e-16   -0.0279628714017017
 5.50247606010648e-18 -3.41419180715442e-19  3.57810303546756e-17 -3.74933455857726e-17      1.92403436607079 -1.35380538063288e-16  6.31502339928563e-17   0.00850923457431116     0.284946973683452  1.26345103427184e-16
-7.95081908467528e-18  2.53641841347306e-18 -1.42789436498459e-16   3.0055436524796e-16 -1.35380538063288e-16       1.9240343660708   1.0248260875674e-17    -0.284946973683414   0.00850923457431054  -3.7198554032264e-16
-4.38240462166546e-05  0.000426133015969927  0.000747905257377603   -0.0113973853311449  6.31502339928563e-17   1.0248260875674e-17      1.97468827204632  3.68219024020669e-16 -4.01152505953833e-16   0.00409808365484034
-4.82421346286732e-17  5.00603442619061e-18  -3.7906356977074e-16  1.52046026881716e-15   0.00850923457431116    -0.284946973683414  3.68219024020669e-16    0.0918249087127024  2.01738290343674e-16  8.60722182736545e-17
-2.64855358182949e-17 -4.45092070597673e-19 -6.76986896800377e-17  1.90745771098396e-16     0.284946973683452   0.00850923457431054 -4.01152505953833e-16  2.01738290343674e-16    0.0918249087127153   2.4864600904686e-17
 -0.00640463533497377   0.00753900184214666    -0.301198269874186   -0.0279628714017017  1.26345103427184e-16  -3.7198554032264e-16   0.00409808365484034  8.60722182736545e-17   2.4864600904686e-17    0.0600568423002531
POPULATION (lambda : -0.6): 5.25415319697165
TOTAL ENERGY: -127.054127738564	 lambda: -0.5
1RDM (lambda : -0.5): 
     1.99998176843136  1.85870123880315e-05 -0.000679879610006023  2.16509279916546e-05  4.57323994059698e-18 -6.39812670227429e-18   -4.243653666357e-05 -4.84190612180963e-17 -2.50255221831825e-17  -0.00536840000284178
 1.85870123880315e-05      1.99996594281955  0.000867244696679226  0.000309146682814034 -2.33369767240857e-19   2.1104898677735e-18  0.000401101108442433  4.65269353320789e-18 -5.49860617086631e-19   0.00632442605782895
-0.000679879610006023  0.000867244696679226      1.96104995357811  -0.00780939051549638  2.89482790237619e-17 -1.21423476078964e-16   0.00164923916444616 -3.53284203087606e-16  -6.0010011414782e-17    -0.255786832076116
 2.16509279916546e-05  0.000309146682814034  -0.00780939051549638      1.98585277229088  -2.9881656983012e-17  2.52464140159853e-16   -0.0102751476929468  1.35755055446047e-15  1.95001623507583e-16   -0.0204180864529019
 4.57323994059698e-18 -2.33369767240857e-19  2.89482790237619e-17  -2.9881656983012e-17      1.93383361009465 -2.71313917256958e-17   5.2302551157632e-17   0.00697727451877296     0.233646484160133  1.19407983717937e-16
-6.39812670227429e-18   2.1104898677735e-18 -1.21423476078964e-16  2.52464140159853e-16 -2.71313917256958e-17      1.93383361009465  5.89358758406638e-18    -0.233646484160094   0.00697727451877173 -3.79699698833723e-16
  -4.243653666357e-05  0.000401101108442433   0.00164923916444616   -0.0102751476929468   5.2302551157632e-17  5.89358758406638e-18      1.97580518207655  4.41381052971385e-16 -3.93619875724625e-16   0.00621559046268549
-4.84190612180963e-17  4.65269353320789e-18 -3.53284203087606e-16  1.35755055446047e-15   0.00697727451877296    -0.233646484160094  4.41381052971385e-16    0.0810724903804699  2.28750212218702e-16  7.14052808384605e-17
-2.50255221831825e-17 -5.49860617086631e-19  -6.0010011414782e-17  1.95001623507583e-16     0.233646484160133   0.00697727451877173 -3.93619875724625e-16  2.28750212218702e-16    0.0810724903804808  1.88802233549794e-17
 -0.00536840000284178   0.00632442605782895    -0.255786832076116   -0.0204180864529019  1.19407983717937e-16 -3.79699698833723e-16   0.00621559046268549  7.14052808384605e-17  1.88802233549794e-17    0.0475321798532851
POPULATION (lambda : -0.5): 5.43190982035044
TOTAL ENERGY: -127.136134903288	 lambda: -0.4
1RDM (lambda : -0.4): 
     1.99998669113926  1.23887945883671e-05 -0.000437978242296754  5.71479340204932e-05  3.73331952732008e-18 -4.84443733637179e-18 -4.24920741510174e-05 -4.85436248585232e-17 -2.35381680232327e-17  -0.00431264740656725
 1.23887945883671e-05      1.99997389795398  0.000569583207659378  0.000261386111644333  -1.3884092471076e-19  1.69760458121463e-18  0.000377370890385249  4.28051925679168e-18 -6.56000309183795e-19   0.00507215581917275
-0.000437978242296754  0.000569583207659378      1.97204502112474  -0.00621795675472256  2.27018972767362e-17 -1.00926439225871e-16   0.00248223258332794  -3.2670002064002e-16 -5.14625057837425e-17    -0.208462198315322
 5.71479340204932e-05  0.000261386111644333  -0.00621795675472256      1.98622271687545 -2.20075824173688e-17  2.13206852761043e-16  -0.00917161084336195   1.1941475365547e-15  1.98906616423038e-16   -0.0130632391351225
 3.73331952732008e-18  -1.3884092471076e-19  2.27018972767362e-17 -2.20075824173688e-17      1.94090338298661  1.68300849156045e-16  4.20900455072419e-17    0.0054463180780384     0.182379729792651  1.11139875298199e-16
-4.84443733637179e-18  1.69760458121463e-18 -1.00926439225871e-16  2.13206852761043e-16  1.68300849156045e-16       1.9409033829866  -2.2499759856286e-18    -0.182379729792651   0.00544631807803595 -3.88112503909653e-16
-4.24920741510174e-05  0.000377370890385249   0.00248223258332794  -0.00917161084336195  4.20900455072419e-17  -2.2499759856286e-18      1.97689672311452  5.12861501644547e-16 -3.86353761653326e-16   0.00873174243461052
-4.85436248585232e-17  4.28051925679168e-18  -3.2670002064002e-16   1.1941475365547e-15    0.0054463180780384    -0.182379729792651  5.12861501644547e-16    0.0730788047282315  1.31018869899018e-16  5.64733536749577e-17
-2.35381680232327e-17 -6.56000309183795e-19 -5.14625057837425e-17  1.98906616423038e-16     0.182379729792651   0.00544631807803595 -3.86353761653326e-16  1.31018869899018e-16     0.073078804728231  1.35160302555554e-17
 -0.00431264740656725   0.00507215581917275    -0.208462198315322   -0.0130632391351225  1.11139875298199e-16 -3.88112503909653e-16   0.00873174243461052  5.64733536749577e-17  1.35160302555554e-17    0.0369105743623904
POPULATION (lambda : -0.4): 5.61422670531694
TOTAL ENERGY: -127.201294301054	 lambda: -0.3
1RDM (lambda : -0.3): 
     1.99999044386468  7.51050880854719e-06 -0.000246375156797745  8.50215275949972e-05  2.98943578722651e-18 -3.29554666129259e-18 -4.47502995032606e-05 -4.86285708600573e-17  -2.2042444471698e-17   -0.0032408182664006
 7.51050880854719e-06      1.99998034017913  0.000329283610938199  0.000223277360831651 -5.94349704438053e-20  1.29503580000943e-18  0.000356091797350453  3.89102659288041e-18 -7.63472774118005e-19   0.00378636750614739
-0.000246375156797745  0.000329283610938199      1.98092269067978  -0.00492647174443937  1.77380371924859e-17  -8.1646119806215e-17   0.00319852239898376 -3.01094968732133e-16 -4.40064241339309e-17    -0.159410360116406
 8.50215275949972e-05  0.000223277360831651  -0.00492647174443937      1.98652978331494 -1.64045879698211e-17  1.84541786087913e-16  -0.00809988424293102  1.04034381377856e-15  2.13141170551897e-16  -0.00591867804620848
 2.98943578722651e-18 -5.94349704438053e-20  1.77380371924859e-17 -1.64045879698211e-17      1.94536258348497  1.36498892739389e-17  3.52440121699896e-17   0.00392100467443492     0.131301913489564  1.01379954882324e-16
-3.29554666129259e-18  1.29503580000943e-18  -8.1646119806215e-17  1.84541786087913e-16  1.36498892739389e-17      1.94536258348497 -1.62484795057374e-17    -0.131301913489567   0.00392100467443407 -3.96853559792503e-16
-4.47502995032606e-05  0.000356091797350453   0.00319852239898376  -0.00809988424293102  3.52440121699896e-17 -1.62484795057374e-17      1.97795382761842  5.70776985188826e-16 -3.92536983185905e-16    0.0115732068936846
-4.86285708600573e-17  3.89102659288041e-18 -3.01094968732133e-16  1.04034381377856e-15   0.00392100467443492    -0.131301913489567  5.70776985188826e-16    0.0677380542109748 -3.80671313630409e-17   4.0728082064074e-17
 -2.2042444471698e-17 -7.63472774118005e-19 -4.40064241339309e-17  2.13141170551897e-16     0.131301913489564   0.00392100467443407 -3.92536983185905e-16 -3.80671313630409e-17    0.0677380542109733  8.17895288996113e-18
  -0.0032408182664006   0.00378636750614739    -0.159410360116406  -0.00591867804620848  1.01379954882324e-16 -3.96853559792503e-16    0.0115732068936846   4.0728082064074e-17  8.17895288996113e-18    0.0284216389511857
POPULATION (lambda : -0.3): 5.80048264354779
TOTAL ENERGY: -127.248655934572	 lambda: -0.2
1RDM (lambda : -0.2): 
     1.99999299451154   4.0136474292787e-06 -0.000108290044156078  0.000105680459720704  2.32525435982747e-18 -1.73811515520706e-18 -4.98012475350043e-05 -4.86519651997113e-17 -2.05176000761897e-17  -0.00215686618158585
  4.0136474292787e-06      1.99998515953504  0.000151329377007793  0.000194763941452726  1.76564767879491e-21  9.01719529889323e-19  0.000338235975138098  3.48765061982838e-18 -8.69749618789293e-19   0.00247181397741941
-0.000108290044156078  0.000151329377007793       1.9874646262063  -0.00393019171248051  1.28175634553453e-17 -6.23423059883554e-17   0.00375289700688304 -2.72835819794611e-16 -3.34812796072579e-17    -0.108869076180997
 0.000105680459720704  0.000194763941452726  -0.00393019171248051       1.9867626290139 -7.15425725922532e-18  1.61180847791989e-16  -0.00707390880843027  8.74899323484651e-16  2.13060803158182e-16  0.000990351714001637
 2.32525435982747e-18  1.76564767879491e-21  1.28175634553453e-17 -7.15425725922532e-18      1.94732394326271  3.78344678879786e-17   2.5140183032208e-17   0.00240512968081606    0.0805401047856377  9.09468604379124e-17
-1.73811515520706e-18  9.01719529889323e-19 -6.23423059883554e-17  1.61180847791989e-16  3.78344678879786e-17      1.94732394326271 -3.03731679096686e-17   -0.0805401047856271   0.00240512968081462 -4.06337731982056e-16
-4.98012475350043e-05  0.000338235975138098   0.00375289700688304  -0.00707390880843027   2.5140183032208e-17 -3.03731679096686e-17      1.97896865134579  6.41339073578179e-16 -3.82467524978612e-16     0.014657033509188
-4.86519651997113e-17  3.48765061982838e-18 -2.72835819794611e-16  8.74899323484651e-16   0.00240512968081606   -0.0805401047856271  6.41339073578179e-16    0.0649524938785563  1.28418408175813e-16  2.57239155143017e-17
-2.05176000761897e-17 -8.69749618789293e-19 -3.34812796072579e-17  2.13060803158182e-16    0.0805401047856377   0.00240512968081462 -3.82467524978612e-16  1.28418408175813e-16      0.06495249387856  4.64937752708432e-18
 -0.00215686618158585   0.00247181397741941    -0.108869076180997  0.000990351714001637  9.09468604379124e-17 -4.06337731982056e-16     0.014657033509188  2.57239155143017e-17  4.64937752708432e-18    0.0222730651049312
POPULATION (lambda : -0.2): 5.99002752159792
TOTAL ENERGY: -127.277458680065	 lambda: -0.1
1RDM (lambda : -0.1): 
     1.99999432159866  1.94790403444566e-06 -2.63452359347456e-05  0.000119588165990604  1.75640484177929e-18 -1.84424465321536e-19 -5.80709751712475e-05 -4.86398832026813e-17 -1.89997256569864e-17   -0.0010652313163047
 1.94790403444566e-06      1.99998825900261  4.00822558283839e-05  0.000175731985665026   4.6042941740446e-20  5.14046219581467e-19  0.000324590696632775   3.0713348966781e-18 -9.74667751004709e-19   0.00113384615318095
-2.63452359347456e-05  4.00822558283839e-05      1.99148155903405   -0.0032222512403356  9.42994441394451e-18 -4.39474766291021e-17   0.00410640726212745 -2.45839573560937e-16 -2.49164037280911e-17   -0.0571214783212473
 0.000119588165990604  0.000175731985665026   -0.0032222512403356      1.98690796490142 -4.86744107557463e-19  1.47321292457761e-16  -0.00610651425446207  7.19610412701034e-16   2.2629153465687e-16   0.00763839846804902
 1.75640484177929e-18   4.6042941740446e-20  9.42994441394451e-18 -4.86744107557463e-19      1.94690902118224 -1.43464220475448e-17  1.79566284574935e-17   0.00090192461055315    0.0302025666590535  7.92543666225635e-17
-1.84424465321536e-19  5.14046219581467e-19 -4.39474766291021e-17  1.47321292457761e-16 -1.43464220475448e-17      1.94690902118225 -4.91245544707343e-17   -0.0302025666590614  0.000901924610551805 -4.15863935060824e-16
-5.80709751712475e-05  0.000324590696632775   0.00410640726212745  -0.00610651425446207  1.79566284574935e-17 -4.91245544707343e-17      1.97993422370993  6.99820935508167e-16 -3.87633290965919e-16    0.0178842605122363
-4.86398832026813e-17   3.0713348966781e-18 -2.45839573560937e-16  7.19610412701034e-16   0.00090192461055315   -0.0302025666590614  6.99820935508167e-16    0.0646166400909925  3.63647056398983e-18  1.01431889457688e-17
-1.89997256569864e-17 -9.74667751004709e-19 -2.49164037280911e-17   2.2629153465687e-16    0.0302025666590535  0.000901924610551805 -3.87633290965919e-16  3.63647056398983e-18    0.0646166400909935   1.2480158347339e-18
  -0.0010652313163047   0.00113384615318095   -0.0571214783212473   0.00763839846804902  7.92543666225635e-17 -4.15863935060824e-16    0.0178842605122363  1.01431889457688e-17   1.2480158347339e-18    0.0186423492068568
POPULATION (lambda : -0.1): 6.182170384285
TOTAL ENERGY: -127.287147228964	 lambda: 0
1RDM (lambda : 0): 
     1.99999441552739  1.34977945724443e-06  -2.4218623766365e-06  0.000127264390213548  1.27016605772333e-18  1.37261619833638e-18 -6.98062193216557e-05 -4.85821663269893e-17 -1.74761596344722e-17  2.92839506875809e-05
 1.34977945724443e-06      1.99998955641727 -8.98872718047832e-07  0.000165992134495613  7.01200841223182e-20   1.3208843276615e-19  0.000315714875145483  2.64405833498644e-18 -1.07678097035868e-18 -0.000221699111593051
 -2.4218623766365e-06 -8.98872718047832e-07      1.99282203653818  -0.00279413121959668  6.79563354214762e-18 -2.58052405240463e-17   0.00423088013714634 -2.18058877480605e-16 -1.54995722802919e-17  -0.00449233621209921
 0.000127264390213548  0.000165992134495613  -0.00279413121959668      1.98695085788099  7.28163798884959e-18  1.39965436213025e-16  -0.00520696845418107  5.62552290833951e-16  2.36174440085057e-16    0.0139999378643081
 1.27016605772333e-18  7.01200841223182e-20  6.79563354214762e-18  7.28163798884959e-18      1.94425849250686 -6.92784961545932e-17  1.01165047304757e-17 -0.000586168752186486   -0.0196289144643778  6.69748407772548e-17
 1.37261619833638e-18   1.3208843276615e-19 -2.58052405240463e-17  1.39965436213025e-16 -6.92784961545932e-17      1.94425849250685 -6.99175651268623e-17    0.0196289144643816 -0.000586168752187956 -4.25599366728127e-16
-6.98062193216557e-05  0.000315714875145483   0.00423088013714634  -0.00520696845418107  1.01165047304757e-17 -6.99175651268623e-17      1.98084419625271  7.59759335622789e-16 -3.89420065182981e-16    0.0211443694597545
-4.85821663269893e-17  2.64405833498644e-18 -2.18058877480605e-16  5.62552290833951e-16 -0.000586168752186486    0.0196289144643816  7.59759335622789e-16    0.0666057812218925 -1.40784094721497e-16 -5.20697669432727e-18
-1.74761596344722e-17 -1.07678097035868e-18 -1.54995722802919e-17  2.36174440085057e-16   -0.0196289144643778 -0.000586168752187956 -3.89420065182981e-16 -1.40784094721497e-16      0.06660578122189 -9.29477111393505e-19
 2.92839506875809e-05 -0.000221699111593051  -0.00449233621209921    0.0139999378643081  6.69748407772548e-17 -4.25599366728127e-16    0.0211443694597545 -5.20697669432727e-18 -9.29477111393505e-19    0.0176703899259909
POPULATION (lambda : 0): 6.37619504882916
TOTAL ENERGY: -127.27738064724	 lambda: 0.1
1RDM (lambda : 0.1): 
     1.99999327929562  2.24168371451744e-06  -3.7546744470788e-05  0.000129281250267235  8.64522201424128e-19    2.932119177402e-18  -8.5066765143901e-05 -4.84852563177486e-17 -1.59543579339791e-17   0.00112170573072146
 2.24168371451744e-06      1.99998898613986  3.09839857021466e-05  0.000165259836809643  7.35056603307857e-20 -2.45643938540204e-19  0.000311898121131915  2.20779749773374e-18  -1.1747294180058e-18  -0.00158868495436207
 -3.7546744470788e-05  3.09839857021466e-05      1.99138109468003  -0.00263549158557127  5.09350112699069e-18 -7.96323912297398e-18   0.00411210274552544 -1.90043965144415e-16 -5.91717656945892e-18    0.0486546494233273
 0.000129281250267235  0.000165259836809643  -0.00263549158557127      1.98687582559276  1.54647027417955e-17  1.39081161667743e-16  -0.00437909380800125  4.06203765198933e-16  2.45795160962711e-16    0.0200463184430133
 8.64522201424128e-19  7.35056603307857e-20  5.09350112699069e-18  1.54647027417955e-17      1.93952831477661 -1.60723732427717e-16  2.21501711469698e-18  -0.00205792260068783   -0.0689132381570634  5.42243511502254e-17
   2.932119177402e-18 -2.45643938540204e-19 -7.96323912297398e-18  1.39081161667743e-16 -1.60723732427717e-16      1.93952831477661 -9.30064921344192e-17    0.0689132381570604  -0.00205792260068957 -4.35336845089267e-16
 -8.5066765143901e-05  0.000311898121131915   0.00411210274552544  -0.00437909380800125  2.21501711469698e-18 -9.30064921344192e-17      1.98169313131303  8.18410684205953e-16 -3.91286727368132e-16    0.0243273353628562
-4.84852563177486e-17  2.20779749773374e-18 -1.90043965144415e-16  4.06203765198933e-16  -0.00205792260068783    0.0689132381570604  8.18410684205953e-16    0.0707785285854279  -5.2817657217229e-17 -2.04340697025149e-17
-1.59543579339791e-17  -1.1747294180058e-18 -5.91717656945892e-18  2.45795160962711e-16   -0.0689132381570634  -0.00205792260068957 -3.91286727368132e-16  -5.2817657217229e-17    0.0707785285854323 -2.04867383122012e-18
  0.00112170573072146  -0.00158868495436207    0.0486546494233273    0.0200463184430133  5.42243511502254e-17 -4.35336845089267e-16    0.0243273353628562 -2.04340697025149e-17 -2.04867383122012e-18     0.019453996254627
POPULATION (lambda : 0.1): 6.57138961322586
TOTAL ENERGY: -127.248026180861	 lambda: 0.2
1RDM (lambda : 0.2): 
       1.999990928344  4.63187708612145e-06  -0.00013182039425767  0.000126261780086239   5.3510108512225e-19  4.49506307103877e-18 -0.000103740924816552 -4.83536237911466e-17 -1.44372695909593e-17   0.00220710812618909
 4.63187708612145e-06      1.99998650005131  0.000137241697164924  0.000173126372747002  5.58171711595118e-20 -6.20826026043986e-19  0.000313151471318743  1.76543564780433e-18 -1.26706198589874e-18  -0.00296087996569483
 -0.00013182039425767  0.000137241697164924      1.98710907061398  -0.00273286503566977  4.35074815423729e-18  9.62538199530806e-18   0.00375017971005305 -1.62012712901774e-16  3.61336906904217e-18     0.101922334073324
 0.000126261780086239  0.000173126372747002  -0.00273286503566977      1.98666865926684   2.3971974649849e-17  1.44269116471267e-16  -0.00362051864443678  2.50398086409274e-16  2.55642752633843e-16    0.0257423910182047
  5.3510108512225e-19  5.58171711595118e-20  4.35074815423729e-18   2.3971974649849e-17      1.93287123026175  -1.7842037470567e-16 -5.76407311022797e-18  -0.00351361240054146    -0.117659627633681  4.11912769734651e-17
 4.49506307103877e-18 -6.20826026043986e-19  9.62538199530806e-18  1.44269116471267e-16  -1.7842037470567e-16      1.93287123026175 -1.18051913910105e-16     0.117659627633663   -0.0035136124005432 -4.44961939856804e-16
-0.000103740924816552  0.000313151471318743   0.00375017971005305  -0.00362051864443678 -5.76407311022797e-18 -1.18051913910105e-16      1.98247732079305  8.74980151029914e-16 -3.93641389691611e-16    0.0273370922395348
-4.83536237911466e-17  1.76543564780433e-18 -1.62012712901774e-16  2.50398086409274e-16  -0.00351361240054146     0.117659627633663  8.74980151029914e-16    0.0769942135173056  -9.1935858459555e-17 -3.55132397841595e-17
-1.44372695909593e-17 -1.26706198589874e-18  3.61336906904217e-18  2.55642752633843e-16    -0.117659627633681   -0.0035136124005432 -3.93641389691611e-16  -9.1935858459555e-17    0.0769942135173088 -2.12967300680007e-18
  0.00220710812618909  -0.00296087996569483     0.101922334073324    0.0257423910182047  4.11912769734651e-17 -4.44961939856804e-16    0.0273370922395348 -3.55132397841595e-17 -2.12967300680007e-18    0.0240366333727099
POPULATION (lambda : 0.2): 6.76707660470389
TOTAL ENERGY: -127.199140216594	 lambda: 0.3
1RDM (lambda : 0.3): 
     1.99998738953007  8.51522232998034e-06 -0.000284397463672676   0.00011888113324275  2.77139651296762e-19  6.05895446362093e-18 -0.000125579382134654 -4.81895043118065e-17 -1.29254440521272e-17   0.00328082251964043
 8.51522232998034e-06      1.99998206783028  0.000318214602597978  0.000189024113415545  1.59136289561916e-20 -1.02029109796445e-18  0.000319235502488845  1.35649314741288e-18 -1.35472127974197e-18  -0.00433215085493685
-0.000284397463672676  0.000318214602597978      1.98001902436319   -0.0030676461052774  4.59633334797882e-18  2.79109029042541e-17   0.00315727780041943 -1.36666461937298e-16  1.31786660713648e-17      0.15489154117593
  0.00011888113324275  0.000189024113415545   -0.0030676461052774      1.98631853317588  3.29723923133386e-17  1.59218527672927e-16  -0.00292309503813053  8.18427921802504e-17  2.66486580444067e-16    0.0310454275888163
 2.77139651296762e-19  1.59136289561916e-20  4.59633334797882e-18  3.29723923133386e-17      1.92440992017793 -1.71354193159782e-16 -1.36624991657768e-17  -0.00495494922010105    -0.165925380950829  2.81056825236083e-17
 6.05895446362093e-18 -1.02029109796445e-18  2.79109029042541e-17  1.59218527672927e-16 -1.71354193159782e-16      1.92440992017793  -1.3801331098633e-16     0.165925380950839  -0.00495494922010358 -4.53896884243612e-16
-0.000125579382134654  0.000319235502488845   0.00315727780041943  -0.00292309503813053 -1.36624991657768e-17  -1.3801331098633e-16      1.98319578484417  9.07713357799156e-16 -3.94887940812103e-16    0.0301006223369662
-4.81895043118065e-17  1.35649314741288e-18 -1.36666461937298e-16  8.18427921802504e-17  -0.00495494922010105     0.165925380950839  9.07713357799156e-16    0.0851389699209959 -2.45352802110747e-16 -5.00637324958644e-17
-1.29254440521272e-17 -1.35472127974197e-18  1.31786660713648e-17  2.66486580444067e-16    -0.165925380950829  -0.00495494922010358 -3.94887940812103e-16 -2.45352802110747e-16     0.085138969920994 -1.20082136761883e-18
  0.00328082251964043  -0.00433215085493685      0.15489154117593    0.0310454275888163  2.81056825236083e-17 -4.53896884243612e-16    0.0301006223369662 -5.00637324958644e-17 -1.20082136761883e-18    0.0313994200585815
POPULATION (lambda : 0.3): 6.96263445090393
TOTAL ENERGY: -127.130943327614	 lambda: 0.4
1RDM (lambda : 0.4): 
     1.99998269951778  1.38744562101191e-05 -0.000493526267470654  0.000107865105370406  8.77119123735616e-20  7.64436952640048e-18 -0.000150229519122206 -4.80027381619395e-17 -1.14173706551475e-17   0.00433859943983409
 1.38744562101191e-05      1.99997567669895   0.00057304677847914  0.000212198507162036 -4.23709198196002e-20 -1.35175716128605e-18  0.000329708883296603  8.46866961001615e-19 -1.42602666447422e-18  -0.00569662815694939
-0.000493526267470654   0.00057304677847914       1.9701903424668  -0.00361435168337321   5.6827041110471e-18  4.34699830292543e-17    0.0023541461774335  -1.0472107685582e-16  2.20129155607347e-17     0.207139024147055
 0.000107865105370406  0.000212198507162036  -0.00361435168337321      1.98581983725961  4.18772164297926e-17  1.68693976291123e-16  -0.00227417352611771 -5.28416032786638e-17  2.75012002850784e-16    0.0359074578716749
 8.77119123735616e-20 -4.23709198196002e-20   5.6827041110471e-18  4.18772164297926e-17       1.9142112689234 -3.83694329626139e-16 -2.25636128397571e-17   -0.0063846000360839    -0.213799806134531  1.51037806093469e-17
 7.64436952640048e-18 -1.35175716128605e-18  4.34699830292543e-17  1.68693976291123e-16 -3.83694329626139e-16      1.91421126892341 -1.77542099460919e-16     0.213799806134516  -0.00638460003608621  -4.6414864030068e-16
-0.000150229519122206  0.000329708883296603    0.0023541461774335  -0.00227417352611771 -2.25636128397571e-17 -1.77542099460919e-16      1.98385108371976   9.9491408392127e-16 -4.00407473387168e-16    0.0325694843309087
-4.80027381619395e-17  8.46866961001615e-19  -1.0472107685582e-16 -5.28416032786638e-17   -0.0063846000360839     0.213799806134516   9.9491408392127e-16      0.09515107569213 -2.05948411892853e-16 -6.54379467235677e-17
-1.14173706551475e-17 -1.42602666447422e-18  2.20129155607347e-17  2.75012002850784e-16    -0.213799806134531  -0.00638460003608621 -4.00407473387168e-16 -2.05948411892853e-16    0.0951510756921375  8.05890684098623e-19
  0.00433859943983409  -0.00569662815694939     0.207139024147055    0.0359074578716749  1.51037806093469e-17  -4.6414864030068e-16    0.0325694843309087 -6.54379467235677e-17  8.05890684098623e-19    0.0414556711060392
POPULATION (lambda : 0.4): 7.15750524335389
TOTAL ENERGY: -127.043797824858	 lambda: 0.5
1RDM (lambda : 0.5): 
     1.99997690302608  2.06815842744855e-05 -0.000756643409474033  9.39806124079562e-05 -3.74297378574887e-20   9.2270429691456e-18 -0.000177251687371829 -4.77888671744282e-17 -9.91116444935248e-18   0.00537669721986638
 2.06815842744855e-05      1.99996733083074  0.000899730964603598  0.000241700911024154 -1.30396942921886e-19 -1.76126373337668e-18   0.00034397015279541  4.37633844699719e-19 -1.50072438801578e-18  -0.00704884094562701
-0.000756643409474033  0.000899730964603598      1.95776651505384  -0.00434007273208367  8.08660814505331e-18  6.17590411511194e-17   0.00136709769466637 -8.08918047585968e-17   3.1713726651041e-17     0.258259831454008
 9.39806124079562e-05  0.000241700911024154  -0.00434007273208367      1.98517330952395  5.29879930161986e-17  1.97576983817175e-16  -0.00165830339503052 -2.26863550195189e-16  2.89512961811037e-16     0.040280514196758
-3.74297378574887e-20 -1.30396942921886e-19  8.08660814505331e-18  5.29879930161986e-17      1.90227071607006 -5.65310481542159e-16 -2.91693571124196e-17  -0.00780539248259956    -0.261377596992202  2.61685389882503e-18
  9.2270429691456e-18 -1.76126373337668e-18  6.17590411511194e-17  1.97576983817175e-16 -5.65310481542159e-16      1.90227071607007 -1.97580763784168e-16     0.261377596992157  -0.00780539248260174 -4.72971954318701e-16
-0.000177251687371829   0.00034397015279541   0.00136709769466637  -0.00165830339503052 -2.91693571124196e-17 -1.97580763784168e-16      1.98444970905043  1.02097897074275e-15 -3.97410621717541e-16    0.0347136513667856
-4.77888671744282e-17  4.37633844699719e-19 -8.08918047585968e-17 -2.26863550195189e-16  -0.00780539248259956     0.261377596992157  1.02097897074275e-15     0.107036515334713 -1.76056055742195e-16  -7.9938052707748e-17
-9.91116444935248e-18 -1.50072438801578e-18   3.1713726651041e-17  2.89512961811037e-16    -0.261377596992202  -0.00780539248260174 -3.97410621717541e-16 -1.76056055742195e-16     0.107036515334726  3.71204648374032e-18
  0.00537669721986638  -0.00704884094562701     0.258259831454008     0.040280514196758  2.61685389882503e-18 -4.72971954318701e-16    0.0347136513667856  -7.9938052707748e-17  3.71204648374032e-18    0.0540517697053923
POPULATION (lambda : 0.5): 7.35118827712654
TOTAL ENERGY: -126.938194403563	 lambda: 0.6
1RDM (lambda : 0.6): 
     1.99997005137607   2.8899043107082e-05   -0.0010705081738585  7.80163554163482e-05 -8.85676810479483e-20  1.08459845741016e-17 -0.000206108267141335 -4.75461064228037e-17 -8.40723804431528e-18   0.00639189075634204
  2.8899043107082e-05      1.99995705053953   0.00129522738650542  0.000276410902859246 -2.05473223930755e-19 -2.08906043513843e-18  0.000361269909955422 -6.95436210788637e-20  -1.5218114932865e-18    -0.008383818031169
  -0.0010705081738585   0.00129522738650542      1.94294646460794   -0.0052055585365638  1.00096704978451e-17  7.62384994262764e-17  0.000226736040771897 -4.88874471863042e-17  3.73579219611185e-17     0.307890057038412
 7.80163554163482e-05  0.000276410902859246   -0.0052055585365638      1.98438627318849  5.76264028299574e-17  2.15060124076998e-16  -0.00105895302109888  -3.6014855854321e-16  2.86858786462731e-16    0.0441232131830806
-8.85676810479483e-20 -2.05473223930755e-19  1.00096704978451e-17  5.76264028299574e-17      1.88851247940198 -8.39821070874584e-17 -4.51275571247553e-17  -0.00921940807824718    -0.308728472353335 -9.69519562927925e-18
 1.08459845741016e-17 -2.08906043513843e-18  7.62384994262764e-17  2.15060124076998e-16 -8.39821070874584e-17      1.88851247940197 -2.42770848386006e-16     0.308728472353371  -0.00921940807824854  -4.8304653887691e-16
-0.000206108267141335  0.000361269909955422  0.000226736040771897  -0.00105895302109888 -4.51275571247553e-17 -2.42770848386006e-16      1.98500186700514  1.10257442438423e-15 -4.16948709600917e-16    0.0365102318915159
-4.75461064228037e-17 -6.95436210788637e-20 -4.88874471863042e-17  -3.6014855854321e-16  -0.00921940807824718     0.308728472353371  1.10257442438423e-15     0.120868886961725 -4.60530342344708e-16 -9.49392094792301e-17
-8.40723804431528e-18  -1.5218114932865e-18  3.73579219611185e-17  2.86858786462731e-16    -0.308728472353335  -0.00921940807824854 -4.16948709600917e-16 -4.60530342344708e-16     0.120868886961714  7.70310013835553e-18
  0.00639189075634204    -0.008383818031169     0.307890057038412    0.0441232131830806 -9.69519562927925e-18  -4.8304653887691e-16    0.0365102318915159 -9.49392094792301e-17  7.70310013835553e-18    0.0689755605554914
POPULATION (lambda : 0.6): 7.5432228462905
TOTAL ENERGY: -126.814750048523	 lambda: 0.7
1RDM (lambda : 0.7): 
     1.99996220156564  3.84804536327193e-05   -0.0014313548063988  6.07565184989713e-05 -8.37691820860072e-20  1.24762753968532e-17 -0.000236131657128237 -4.72768256639165e-17 -6.89718695888392e-18   0.00738141834362404
 3.84804536327193e-05      1.99994487128999   0.00175564381178224  0.000315086950471057 -3.45897652211609e-19 -2.46054173381834e-18  0.000380688694298134 -5.30664670691376e-19 -1.57979980358087e-18  -0.00969715194178673
