TOTAL ENERGY: -125.723949715601	 lambda: -1
1RDM (lambda : -1): 
     1.99980489214022  0.000236256008877716  -0.00542168403148508  1.70595930357407e-17 -6.43096621920504e-18 -0.000206717226734859  -0.00110739570961462 -6.31009541716453e-17  2.08368305892276e-17    -0.018788965175734
 0.000236256008877716      1.99969735635634   0.00670469096470706 -7.71628198641329e-19 -8.28467490462722e-19  5.48206607800219e-06   0.00178412864372848 -1.74349572637565e-18  1.57680106801807e-19     0.022983113073326
 -0.00542168403148508   0.00670469096470706      1.84392424271494  4.16413726818808e-17  1.93659108208017e-17   -0.0019243825996769    -0.032883980330513 -7.17092979188565e-17 -5.05715198801814e-18    -0.532371211080674
 1.70595930357407e-17 -7.71628198641329e-19  4.16413726818808e-17      1.86201759512414 -4.59740310364947e-16   6.0711980991182e-17 -1.31261162547106e-17     0.485472120650298    0.0423760186513541  5.79963282244805e-17
-6.43096621920504e-18 -8.28467490462722e-19  1.93659108208017e-17 -4.59740310364947e-16      1.86201759512414 -1.63172883182312e-16 -1.31775236731932e-18   -0.0423760186513522     0.485472120650295  7.29362758810082e-17
-0.000206717226734859  5.48206607800219e-06   -0.0019243825996769   6.0711980991182e-17 -1.63172883182312e-16      1.99335091175365   0.00907811214643226 -2.93171550648958e-16  5.78560913621392e-16   -0.0146598951173038
 -0.00110739570961462   0.00178412864372848    -0.032883980330513 -1.31261162547106e-17 -1.31775236731932e-18   0.00907811214643226      1.96914747293969  1.22979822782436e-16 -1.72490267217895e-17    -0.106563834080802
-6.31009541716453e-17 -1.74349572637565e-18 -7.17092979188565e-17     0.485472120650298   -0.0423760186513522 -2.93171550648958e-16  1.22979822782436e-16      0.15240637161718  6.23995354616463e-16  3.46255418936457e-17
 2.08368305892276e-17  1.57680106801807e-19 -5.05715198801814e-18    0.0423760186513541     0.485472120650295  5.78560913621392e-16 -1.72490267217895e-17  6.23995354616463e-16     0.152406371617176  1.98619917594723e-17
   -0.018788965175734     0.022983113073326    -0.532371211080674  5.79963282244805e-17  7.29362758810082e-17   -0.0146598951173038    -0.106563834080802  3.46255418936457e-17  1.98619917594723e-17     0.165227190612528
POPULATION (lambda : -1): 3.95047877956578
TOTAL ENERGY: -125.891874097273	 lambda: -0.9
1RDM (lambda : -0.9): 
     1.99983786392593  0.000196450608664361   -0.0045456819212349  1.50691023814481e-17 -5.35729059954603e-18 -0.000216101070407455 -0.000944671976939386 -6.21028320223577e-17  1.89592766545326e-17   -0.0171974470374704
 0.000196450608664361      1.99974544876413    0.0056514793449749 -5.83664879375857e-19 -8.00610401091992e-19  1.63049104786053e-05   0.00157534688254287 -1.72568190697328e-18  1.64455608473449e-19     0.021112764772291
  -0.0045456819212349    0.0056514793449749      1.86654631246544  3.49421298922173e-17  1.81567159008848e-17  -0.00201454530465855   -0.0283540242260233 -7.35150001702268e-17 -1.81918323260697e-18    -0.494502955649353
 1.50691023814481e-17 -5.83664879375857e-19  3.49421298922173e-17      1.88400841099837 -9.16061913373657e-16  4.86465679689437e-17 -2.00800145941917e-18     0.440380604133758    0.0384400585063149  4.59853064445907e-17
-5.35729059954603e-18 -8.00610401091992e-19  1.81567159008848e-17 -9.16061913373657e-16      1.88400841099837 -1.34251777725683e-16 -4.14194082205913e-18   -0.0384400585063126     0.440380604133771  7.95062317937926e-17
-0.000216101070407455  1.63049104786053e-05  -0.00201454530465855  4.86465679689437e-17 -1.34251777725683e-16      1.99312563969459   0.00863576001249335 -2.59603568069902e-16  5.18108093586106e-16   -0.0166829617310753
-0.000944671976939386   0.00157534688254287   -0.0283540242260233 -2.00800145941917e-18 -4.14194082205913e-18   0.00863576001249335      1.97097090143981   7.8781600156099e-17 -1.14427043706459e-17   -0.0999968875651637
-6.21028320223577e-17 -1.72568190697328e-18 -7.35150001702268e-17     0.440380604133758   -0.0384400585063126 -2.59603568069902e-16   7.8781600156099e-17     0.129878474852294  3.01377636859266e-16  3.12657949364017e-17
 1.89592766545326e-17  1.64455608473449e-19 -1.81918323260697e-18    0.0384400585063149     0.440380604133771  5.18108093586106e-16 -1.14427043706459e-17  3.01377636859266e-16     0.129878474852302   1.7219265282201e-17
  -0.0171974470374704     0.021112764772291    -0.494502955649353  4.59853064445907e-17  7.95062317937926e-17   -0.0166829617310753   -0.0999968875651637  3.12657949364017e-17   1.7219265282201e-17     0.142000062008831
POPULATION (lambda : -0.9): 4.1273647954441
TOTAL ENERGY: -126.053961722034	 lambda: -0.8
1RDM (lambda : -0.8): 
      1.9998684241307  0.000159232356884992  -0.00371158778373963  1.31026214359311e-17  -4.3896224011922e-18 -0.000216979344536909 -0.000783736234196557 -6.09402639728729e-17  1.69785655379116e-17   -0.0155356570686089
 0.000159232356884992      1.99979082175804   0.00463978866115221 -4.12759983045718e-19 -7.50190209819089e-19  1.67374415599455e-05    0.0013659920635906 -1.69860030746729e-18  1.74998906978869e-19    0.0191359441549781
 -0.00371158778373963   0.00463978866115221      1.88867115336806   2.8257462552871e-17   1.6595512059968e-17  -0.00187225176627029   -0.0237019766080614 -7.45782833922816e-17  1.58421450531177e-18    -0.453236883406278
 1.31026214359311e-17 -4.12759983045718e-19   2.8257462552871e-17      1.90383574153566 -1.16023875293994e-16  3.76487151037652e-17  6.04123481908684e-18      0.39321248329262    0.0343228350654769  3.26221932217724e-17
 -4.3896224011922e-18 -7.50190209819089e-19   1.6595512059968e-17 -1.16023875293994e-16      1.90383574153566 -1.08433761187093e-16 -6.38994128182147e-18   -0.0343228350654774     0.393212483292632  8.51087715651088e-17
-0.000216979344536909  1.67374415599455e-05  -0.00187225176627029  3.76487151037652e-17 -1.08433761187093e-16      1.99291279243516   0.00820953557269816 -2.23959027588063e-16  4.55276277969504e-16   -0.0181337589802819
-0.000783736234196557    0.0013659920635906   -0.0237019766080614  6.04123481908684e-18 -6.38994128182147e-18   0.00820953557269816      1.97287789242812  3.61884853986594e-17 -6.09490960805314e-18   -0.0922005509756947
-6.09402639728729e-17 -1.69860030746729e-18 -7.45782833922816e-17      0.39321248329262   -0.0343228350654774 -2.23959027588063e-16  3.61884853986594e-17     0.109497309247536 -3.73603750743821e-16  2.75758217839419e-17
 1.69785655379116e-17  1.74998906978869e-19  1.58421450531177e-18    0.0343228350654769     0.393212483292632  4.55276277969504e-16 -6.09490960805314e-18 -3.73603750743821e-16     0.109497309247543  1.45684059133314e-17
  -0.0155356570686089    0.0191359441549781    -0.453236883406278  3.26221932217724e-17  8.51087715651088e-17   -0.0181337589802819   -0.0922005509756947  2.75758217839419e-17  1.45684059133314e-17     0.119212814313567
POPULATION (lambda : -0.8): 4.31819120085844
TOTAL ENERGY: -126.207142396417	 lambda: -0.7
1RDM (lambda : -0.7): 
     1.99989628659889   0.00012499296774896  -0.00293042595825407  1.11896227523829e-17 -3.54170213869303e-18 -0.000210880175506374 -0.000628289250268042 -5.96278779204063e-17  1.49150844596079e-17   -0.0138037085015752
  0.00012499296774896      1.99983294331922   0.00368399438492268 -2.64598112296412e-19 -6.79094696643876e-19  8.44073306081119e-06   0.00116074049992774 -1.66463654834001e-18  1.89505976458101e-19     0.017051227649057
 -0.00293042595825407   0.00368399438492268      1.90993984237341   2.1853397564673e-17  1.47354436393151e-17  -0.00153855226379005   -0.0190378842769261 -7.49624181649863e-17  5.12803647852033e-18    -0.408419198686939
 1.11896227523829e-17 -2.64598112296412e-19   2.1853397564673e-17      1.92121400830743 -6.66564485972669e-16  2.81357583116861e-17  1.16436331104942e-17     0.344427245051592    0.0300644566263604  1.78328634196971e-17
-3.54170213869303e-18 -6.79094696643876e-19  1.47354436393151e-17 -6.66564485972669e-16      1.92121400830742 -8.60948141610535e-17  -8.1768822808379e-18   -0.0300644566263573       0.3444272450516  8.96990594077619e-17
-0.000210880175506374  8.44073306081119e-06  -0.00153855226379005  2.81357583116861e-17 -8.60948141610535e-17      1.99271485294178   0.00779976584374381 -1.87327079826382e-16  3.90688055077832e-16   -0.0189831346885534
-0.000628289250268042   0.00116074049992774   -0.0190378842769261  1.16436331104942e-17  -8.1768822808379e-18   0.00779976584374381      1.97482985398301 -5.87097957184958e-18 -1.11808107528164e-18   -0.0831331996941874
-5.96278779204063e-17 -1.66463654834001e-18 -7.49624181649863e-17     0.344427245051592   -0.0300644566263573 -1.87327079826382e-16 -5.87097957184958e-18    0.0915568623755114  4.17543049355776e-16  2.37413329255393e-17
 1.49150844596079e-17  1.89505976458101e-19  5.12803647852033e-18    0.0300644566263604       0.3444272450516  3.90688055077832e-16 -1.11808107528164e-18  4.17543049355776e-16    0.0915568623755143  1.19729237047138e-17
  -0.0138037085015752     0.017051227649057    -0.408419198686939  1.78328634196971e-17  8.96990594077619e-17   -0.0189831346885534   -0.0831331996941874  2.37413329255393e-17  1.19729237047138e-17     0.097244479417889
POPULATION (lambda : -0.7): 4.52258020555755
TOTAL ENERGY: -126.348371971628	 lambda: -0.6
1RDM (lambda : -0.6): 
     1.99992116269641  9.41369831898621e-05  -0.00221416392362426  9.34946109285697e-18 -2.82040438425407e-18 -0.000199582530527944 -0.000482417260802669 -5.81720090984645e-17  1.27874113191518e-17   -0.0120029317080431
 9.41369831898621e-05      1.99987125000963    0.0027999988342638 -1.42745220399377e-19 -5.90243776801856e-19  -6.6075059828215e-06  0.000964893639612567 -1.62235424401473e-18  2.07742956293265e-19    0.0148589704355054
 -0.00221416392362426    0.0027999988342638      1.92993629862906  1.57241624562998e-17  1.27003991023664e-17   -0.0010640261782683   -0.0144927312345238 -7.40866901439784e-17  8.69433452957185e-18    -0.359952540026365
 9.34946109285697e-18 -1.42745220399377e-19  1.57241624562998e-17      1.93596955629168 -1.13922643481609e-16  1.90383556595299e-17  1.33605133846098e-17     0.294469984763688    0.0257037738357356  1.81095614482707e-18
-2.82040438425407e-18 -5.90243776801856e-19  1.27003991023664e-17 -1.13922643481609e-16      1.93596955629168 -6.71455452214337e-17  -9.1607873238963e-18   -0.0257037738357341     0.294469984763681  9.32115506076566e-17
-0.000199582530527944  -6.6075059828215e-06   -0.0010640261782683  1.90383556595299e-17 -6.71455452214337e-17      1.99253072606309   0.00740440819861224 -1.45527606972576e-16  3.24231858300621e-16   -0.0192135813334242
-0.000482417260802669  0.000964893639612567   -0.0144927312345238  1.33605133846098e-17  -9.1607873238963e-18   0.00740440819861224      1.97678222177572 -4.14806847412748e-17  2.63597933327029e-18   -0.0727852388413948
-5.81720090984645e-17 -1.62235424401473e-18 -7.40866901439784e-17     0.294469984763688   -0.0257037738357341 -1.45527606972576e-16 -4.14806847412748e-17     0.076239250078799  2.80545018203297e-16  1.97046567025546e-17
 1.27874113191518e-17  2.07742956293265e-19  8.69433452957185e-18    0.0257037738357356     0.294469984763681  3.24231858300621e-16  2.63597933327029e-18  2.80545018203297e-16    0.0762392500787985  9.52676449917347e-18
  -0.0120029317080431    0.0148589704355054    -0.359952540026365  1.81095614482707e-18  9.32115506076566e-17   -0.0192135813334242   -0.0727852388413948  1.97046567025546e-17  9.52676449917347e-18    0.0765407280851825
POPULATION (lambda : -0.6): 4.74002000576297
TOTAL ENERGY: -126.474688548622	 lambda: -0.5
1RDM (lambda : -0.5): 
     1.99994276755141  6.70726298408963e-05  -0.00157552310594092  7.61178854178651e-18 -2.23117162741174e-18 -0.000185036801243715 -0.000350422564242717 -5.66076567582659e-17  1.06159633409691e-17   -0.0101361674030236
 6.70726298408963e-05      1.99990516003868   0.00200498113574228  -5.7011476181346e-20  -4.8541886962759e-19 -2.62042080705862e-05  0.000784174053174059 -1.57969516726734e-18  2.30954593402471e-19     0.012561619776283
 -0.00157552310594092   0.00200498113574228      1.94819062742957  1.06221271210224e-17  1.04455450458005e-17 -0.000506838383944174   -0.0102147294670944 -7.31924022923609e-17  1.24124529576233e-17     -0.30782346923706
 7.61178854178651e-18  -5.7011476181346e-20  1.06221271210224e-17      1.94802516666718  1.37110947208022e-16  1.31259322494387e-17  1.52280721162809e-17      0.24373995733314    0.0212756383700443 -1.57411791646531e-17
-2.23117162741174e-18  -4.8541886962759e-19  1.04455450458005e-17  1.37110947208022e-16      1.94802516666719 -5.22718711288274e-17 -1.02789473913431e-17   -0.0212756383700429     0.243739957333116  9.57330988327611e-17
-0.000185036801243715 -2.62042080705862e-05 -0.000506838383944174  1.31259322494387e-17 -5.22718711288274e-17       1.9923556187164   0.00701942093827078 -1.08933671267423e-16  2.57799169192325e-16    -0.018817845043364
-0.000350422564242717  0.000784174053174059   -0.0102147294670944  1.52280721162809e-17 -1.02789473913431e-17   0.00701942093827078      1.97868587094502 -8.40850102111562e-17  7.10533107929733e-18   -0.0611819842121131
-5.66076567582659e-17 -1.57969516726734e-18 -7.31924022923609e-17      0.24373995733314   -0.0212756383700429 -1.08933671267423e-16 -8.40850102111562e-17    0.0636301580770082  3.86033347203572e-16   1.6027009955524e-17
 1.06159633409691e-17  2.30954593402471e-19  1.24124529576233e-17    0.0212756383700443     0.243739957333116  2.57799169192325e-16  7.10533107929733e-18  3.86033347203572e-16    0.0636301580770031  7.23068683913904e-18
  -0.0101361674030236     0.012561619776283     -0.30782346923706 -1.57411791646531e-17  9.57330988327611e-17    -0.018817845043364   -0.0611819842121131   1.6027009955524e-17  7.23068683913904e-18    0.0576093058305757
POPULATION (lambda : -0.5): 4.96986896372827
TOTAL ENERGY: -126.583251213268	 lambda: -0.4
1RDM (lambda : -0.4): 
     1.99996082712233  4.42021002084674e-05  -0.00102763876424711  5.98556901649022e-18 -1.77197500661844e-18 -0.000169299119541432 -0.000236648584524373 -5.49397419519672e-17  8.41433965168932e-18  -0.00820812555046726
 4.42021002084674e-05      1.99993408685963    0.0013169697739572 -9.82825114206631e-21 -3.68421437635256e-19 -4.79968446117211e-05  0.000624507616578232 -1.53326523440974e-18  2.58976664788802e-19     0.010164135944579
 -0.00102763876424711    0.0013169697739572      1.96419121721138  6.49485195893247e-18  8.11650395349179e-18  6.91102701916121e-05  -0.00636433616906048 -7.17457442908515e-17  1.61549256293724e-17    -0.252130372019608
 5.98556901649022e-18 -9.82825114206631e-21  6.49485195893247e-18      1.95737574205962  2.83531610698269e-16  9.06889556750923e-18  1.51705936924502e-17     0.192574907090841    0.0168095305740273 -3.44497656432394e-17
-1.77197500661844e-18 -3.68421437635256e-19  8.11650395349179e-18  2.83531610698269e-16      1.95737574205962 -4.11345087072879e-17  -1.1041788226758e-17   -0.0168095305740281     0.192574907090826  9.72311454451823e-17
-0.000169299119541432 -4.79968446117211e-05  6.91102701916121e-05  9.06889556750923e-18 -4.11345087072879e-17      1.99218120219383   0.00663929323091554 -7.32209670269916e-17  1.91134432419333e-16    -0.017799600735294
-0.000236648584524373  0.000624507616578232  -0.00636433616906048  1.51705936924502e-17  -1.1041788226758e-17   0.00663929323091554      1.98048889292873 -1.26571637818216e-16  1.13151284851388e-17   -0.0483883784115695
-5.49397419519672e-17 -1.53326523440974e-18 -7.17457442908515e-17     0.192574907090841   -0.0168095305740281 -7.32209670269916e-17 -1.26571637818216e-16    0.0537431827709825  2.13120130520425e-17  1.25489714001102e-17
 8.41433965168932e-18  2.58976664788802e-19  1.61549256293724e-17    0.0168095305740273     0.192574907090826  1.91134432419333e-16  1.13151284851388e-17  2.13120130520425e-17    0.0537431827709786  5.17539005604319e-18
 -0.00820812555046726     0.010164135944579    -0.252130372019608 -3.44497656432394e-17  9.72311454451823e-17    -0.017799600735294   -0.0483883784115695  1.25489714001102e-17  5.17539005604319e-18    0.0410059240229316
POPULATION (lambda : -0.4): 5.21132572949567
TOTAL ENERGY: -126.671386438185	 lambda: -0.3
1RDM (lambda : -0.3): 
     1.99997508719007  2.59098305683026e-05  -0.00058353859826476  4.47814684569861e-18 -1.43881319840112e-18 -0.000154466817941009 -0.000145287530770454 -5.31749858541946e-17  6.19368570720977e-18  -0.00622572948025498
 2.59098305683026e-05      1.99995745511212  0.000754192644400133 -6.20548888095612e-21 -2.42451094619748e-19  -6.9556957218575e-05  0.000491775498747678 -1.48220639838291e-18  2.92177737215513e-19   0.00767443749888925
 -0.00058353859826476  0.000754192644400133      1.97740679900582  3.38555334624611e-18  5.83436424242411e-18  0.000596520468268248   -0.0031072991798332  -6.9222167896894e-17  1.97938476812126e-17    -0.193107480524378
 4.47814684569861e-18 -6.20548888095612e-21  3.38555334624611e-18      1.96406443903522   3.6548647283134e-18  5.97769972001469e-18  1.26176931747302e-17     0.141247842460043    0.0123292789386382 -5.39667099869848e-17
-1.43881319840112e-18 -2.42451094619748e-19  5.83436424242411e-18   3.6548647283134e-18      1.96406443903522 -3.34516324479543e-17 -1.13079657793133e-17   -0.0123292789386378      0.14124784246004  9.77164523135845e-17
-0.000154466817941009  -6.9556957218575e-05  0.000596520468268248  5.97769972001469e-18 -3.34516324479543e-17      1.99199596832558   0.00625760006104417 -3.44349834935128e-17  1.23989730504239e-16   -0.0161760420218561
-0.000145287530770454  0.000491775498747678   -0.0031072991798332  1.26176931747302e-17 -1.13079657793133e-17   0.00625760006104417      1.98213899846226 -1.64752708324014e-16  1.47193958678574e-17   -0.0345151745180078
-5.31749858541946e-17 -1.48220639838291e-18  -6.9222167896894e-17     0.141247842460043   -0.0123292789386378 -3.44349834935128e-17 -1.64752708324014e-16    0.0465436924379495  4.28232878701442e-17  9.32844213110257e-18
 6.19368570720977e-18  2.92177737215513e-19  1.97938476812126e-17    0.0123292789386382      0.14124784246004  1.23989730504239e-16  1.47193958678574e-17  4.28232878701442e-17    0.0465436924379493  3.40665867294746e-18
 -0.00622572948025498   0.00767443749888925    -0.193107480524378 -5.39667099869848e-17  9.77164523135845e-17   -0.0161760420218561   -0.0345151745180078  9.32844213110257e-18  3.40665867294746e-18    0.0273094289578157
POPULATION (lambda : -0.3): 5.46337905537586
TOTAL ENERGY: -126.73665982375	 lambda: -0.2
1RDM (lambda : -0.2): 
     1.99998532468188  1.25479413908194e-05 -0.000255449021067416  3.10016802422603e-18 -1.22757032727675e-18 -0.000142599238959002 -8.01561795819376e-05 -5.13330531238494e-17  3.96391005752491e-18  -0.00419834197596251
 1.25479413908194e-05      1.99997472032803  0.000334200421604284 -5.03701063984443e-20 -1.10632998439955e-19 -8.84689626427711e-05  0.000391513542902937   -1.428351109009e-18  3.31354805089429e-19   0.00510373856368657
-0.000255449021067416  0.000334200421604284      1.98731778617242  1.66277359804571e-18  3.64495461980575e-18    0.0010080800756956 -0.000605105149879821 -6.63422060955977e-17  2.33397291430932e-17    -0.131140785843123
 3.10016802422603e-18 -5.03701063984443e-20  1.66277359804571e-18      1.96816395152034  7.29249496772651e-17  4.91826575368243e-18  8.71799073856244e-18    0.0899700605787005   0.00785333026028649 -7.41301042501876e-17
-1.22757032727675e-18 -1.10632998439955e-19  3.64495461980575e-18  7.29249496772651e-17      1.96816395152034 -2.93228040113654e-17 -1.13034562284326e-17  -0.00785333026028584    0.0899700605786922  9.72762898123266e-17
-0.000142599238959002 -8.84689626427711e-05    0.0010080800756956  4.91826575368243e-18 -2.93228040113654e-17      1.99178581145423   0.00586750670534876  2.16531542972739e-18  5.71352180989772e-17   -0.0139809897451616
-8.01561795819376e-05  0.000391513542902937 -0.000605105149879821  8.71799073856244e-18 -1.13034562284326e-17   0.00586750670534876       1.9835867465037  -2.0338147599998e-16  1.78531677326589e-17   -0.0197245280493396
-5.13330531238494e-17   -1.428351109009e-18 -6.63422060955977e-17    0.0899700605787005  -0.00785333026028584  2.16531542972739e-18  -2.0338147599998e-16    0.0419674392943511  -4.5431844804211e-17  6.55483252023408e-18
 3.96391005752491e-18  3.31354805089429e-19  2.33397291430932e-17   0.00785333026028649    0.0899700605786922  5.71352180989772e-17  1.78531677326589e-17  -4.5431844804211e-17    0.0419674392943513  1.93563393885273e-18
 -0.00419834197596251   0.00510373856368657    -0.131140785843123 -7.41301042501876e-17  9.72762898123266e-17   -0.0139809897451616   -0.0197245280493396  6.55483252023408e-18  1.93563393885273e-18    0.0170868292303799
POPULATION (lambda : -0.2): 5.72475935506663
TOTAL ENERGY: -126.776975233626	 lambda: -0.1
1RDM (lambda : -0.1): 
     1.99999136069394  4.41924476653828e-06 -5.39818901267452e-05  1.85302792909864e-18 -1.13224758016524e-18 -0.000135617949459442 -4.44392927445196e-05 -4.94187883569402e-17  1.73113652747337e-18  -0.00213777406940334
 4.41924476653828e-06      1.99998539233305  7.28130805824298e-05 -1.45394587619657e-19  2.40393416998988e-20 -0.000102441299020915  0.000328553741271487 -1.37020045893544e-18  3.77062906472378e-19   0.00246664083302201
-5.39818901267452e-05  7.28130805824298e-05      1.99345440503747  1.34795886977843e-18  1.64522778334163e-18   0.00124094873046929   0.00099709442907292 -6.27708336437022e-17  2.67032460793772e-17   -0.0667719754472623
 1.85302792909864e-18 -1.45394587619657e-19  1.34795886977843e-18      1.96976276381149  1.53302356648953e-17  5.26744322676451e-18  3.21064943624006e-18    0.0388957436884436   0.00339514188813269 -9.45048280617629e-17
-1.13224758016524e-18  2.40393416998988e-20  1.64522778334163e-18  1.53302356648953e-17      1.96976276381149 -2.85181927319555e-17  -1.0975350369002e-17  -0.00339514188813166    0.0388957436884442    9.598064104359e-17
-0.000135617949459442 -0.000102441299020915   0.00124094873046929  5.26744322676451e-18 -2.85181927319555e-17      1.99153493269368      0.00546222021959  3.94372571763133e-17  -9.5043522980981e-18   -0.0112667250295876
-4.44392927445196e-05  0.000328553741271487   0.00099709442907292  3.21064943624006e-18  -1.0975350369002e-17      0.00546222021959      1.98478953073671 -2.39802827688088e-16  2.04708469857675e-17  -0.00423218200711116
-4.94187883569402e-17 -1.37020045893544e-18 -6.27708336437022e-17    0.0388957436884436  -0.00339514188813166  3.94372571763133e-17 -2.39802827688088e-16    0.0399341102380688  1.06964726671463e-17  4.31532990676289e-18
 1.73113652747337e-18  3.77062906472378e-19  2.67032460793772e-17   0.00339514188813269    0.0388957436884442  -9.5043522980981e-18  2.04708469857675e-17  1.06964726671463e-17    0.0399341102380691  7.64302950082747e-19
 -0.00213777406940334   0.00246664083302201   -0.0667719754472623 -9.45048280617629e-17    9.598064104359e-17   -0.0112667250295876  -0.00423218200711116  4.31532990676289e-18  7.64302950082747e-19     0.010850630406054
POPULATION (lambda : -0.1): 5.99391238186885
TOTAL ENERGY: -126.790688770552	 lambda: 0
1RDM (lambda : 0): 
      1.9999930735636  1.75954761149405e-06  1.27053108583367e-05  7.37940623217677e-19 -1.14718356621283e-18 -0.000135195619375081 -4.04220624712689e-05 -4.74414774529306e-17 -5.00618286153281e-19 -5.80115979057985e-05
 1.75954761149405e-06      1.99998906048017 -1.70066541607427e-05 -2.92187593591168e-19   1.5887288880835e-19 -0.000109429851705391   0.00030663290867914 -1.30701263352371e-18  4.29822577215555e-19 -0.000219118905452306
 1.27053108583367e-05 -1.70066541607427e-05      1.99543749094396  2.54753429239571e-18 -9.99615802015048e-20    0.0012417357443732    0.0015839855935653 -5.87671283069633e-17  2.98230552420172e-17 -0.000687313644105938
 7.37940623217677e-19 -2.92187593591168e-19  2.54753429239571e-18       1.9689539164484  1.17303476161729e-16  7.19265599507448e-18  -3.6247301023684e-18   -0.0118732647707639   -0.0010363966644265 -1.14718197691137e-16
-1.14718356621283e-18   1.5887288880835e-19 -9.99615802015048e-20  1.17303476161729e-16       1.9689539164484 -3.09221086834827e-17 -1.03601789154596e-17   0.00103639666442704   -0.0118732647707583  9.39354389060756e-17
-0.000135195619375081 -0.000109429851705391    0.0012417357443732  7.19265599507448e-18 -3.09221086834827e-17      1.99122712182776    0.0050353865217671  7.60655826174757e-17 -7.58869153536241e-17  -0.00810326051580541
-4.04220624712689e-05   0.00030663290867914    0.0015839855935653  -3.6247301023684e-18 -1.03601789154596e-17    0.0050353865217671      1.98571590813573 -2.74769367079837e-16  2.25127863574302e-17    0.0116961434844732
-4.74414774529306e-17 -1.30701263352371e-18 -5.87671283069633e-17   -0.0118732647707639   0.00103639666442704  7.60655826174757e-17 -2.74769367079837e-16    0.0403583149967076 -1.84544747801719e-17  2.71251688317003e-18
-5.00618286153281e-19  4.29822577215555e-19  2.98230552420172e-17   -0.0010363966644265   -0.0118732647707583 -7.58869153536241e-17  2.25127863574302e-17 -1.84544747801719e-17    0.0403583149967067 -1.30705123959418e-19
-5.80115979057985e-05 -0.000219118905452306 -0.000687313644105938 -1.14718197691137e-16  9.39354389060756e-17  -0.00810326051580541    0.0116961434844732  2.71251688317003e-18 -1.30705123959418e-19   0.00901288215857283
POPULATION (lambda : 0): 6.26900789759923
TOTAL ENERGY: -126.776716462285	 lambda: 0.1
1RDM (lambda : 0.1): 
     1.99999040978768  4.72181888930198e-06 -6.03437560843979e-05 -2.47455032078668e-19 -1.26726075455282e-18 -0.000142653726690252 -6.92505800407356e-05 -4.54058656453432e-17 -2.72926338595668e-18   0.00202535556743121
 4.72181888930198e-06      1.99998541754817  7.37913687635843e-05 -4.89876223661515e-19   2.9163209182258e-19 -0.000107751441794225  0.000328021365048768 -1.23669417862471e-18  4.89953724734006e-19   -0.0029333054204378
-6.03437560843979e-05  7.37913687635843e-05      1.99301649119732  5.25084877151136e-18 -1.53950117543452e-18  0.000970946963742978   0.00108304367643626 -5.43967346790215e-17  3.26574441860296e-17    0.0663101661505507
-2.47455032078668e-19 -4.89876223661515e-19  5.25084877151136e-18      1.96582439517183  1.72016077952947e-16  1.05806474309734e-17  -1.1691638711214e-17    -0.062281351016082  -0.00543643100705745 -1.34342121529429e-16
-1.26726075455282e-18   2.9163209182258e-19 -1.53950117543452e-18  1.72016077952947e-16      1.96582439517183 -3.64186135837433e-17 -9.48292697164577e-18   0.00543643100705755   -0.0622813510160741  9.12599457089203e-17
-0.000142653726690252 -0.000107751441794225  0.000970946963742978  1.05806474309734e-17 -3.64186135837433e-17      1.99084732461605   0.00458141860038577  1.12390452632041e-16 -1.41971593289362e-16  -0.00457475147892533
-6.92505800407356e-05  0.000328021365048768   0.00108304367643626  -1.1691638711214e-17 -9.48292697164577e-18   0.00458141860038577      1.98634956286292 -3.08021156452788e-16  2.39410987448708e-17    0.0277552819384208
-4.54058656453432e-17 -1.23669417862471e-18 -5.43967346790215e-17    -0.062281351016082   0.00543643100705755  1.12390452632041e-16 -3.08021156452788e-16      0.04315994107303 -5.87560070320889e-17  1.83860109115385e-18
-2.72926338595668e-18  4.89953724734006e-19  3.26574441860296e-17  -0.00543643100705745   -0.0622813510160741 -1.41971593289362e-16  2.39410987448708e-17 -5.87560070320889e-17    0.0431599410730285  -7.9385772982712e-19
  0.00202535556743121   -0.0029333054204378    0.0663101661505507 -1.34342121529429e-16  9.12599457089203e-17  -0.00457475147892533    0.0277552819384208  1.83860109115385e-18  -7.9385772982712e-19    0.0118421214981596
POPULATION (lambda : 0.1): 6.54798745212704
TOTAL ENERGY: -126.734612802062	 lambda: 0.2
1RDM (lambda : 0.2): 
      1.9999833906232  1.33649518366196e-05 -0.000274355766383988 -1.10709002706161e-18 -1.48862824856057e-18  -0.00015889099190961 -0.000130765523737653 -4.33150367937806e-17 -4.95441453193198e-18   0.00409595594279853
 1.33649518366196e-05      1.99997427861389  0.000349522837802715 -7.34464972114395e-19  4.20290646749089e-19 -9.61640596268292e-05  0.000393238509050722 -1.15464021648398e-18  5.56812646626439e-19  -0.00565417250476629
-0.000274355766383988  0.000349522837802715      1.98609851644447  9.36939504813706e-18 -2.63380773479318e-18   0.00040589099492425 -0.000525451968731784 -4.98757905867603e-17  3.51968994809588e-17     0.133344251564681
-1.10709002706161e-18 -7.34464972114395e-19  9.36939504813706e-18      1.96044502190516  2.28658240708076e-16  1.54518176607731e-17 -2.10503991565546e-17    -0.112310043882064  -0.00980334887415982 -1.52976354212071e-16
-1.48862824856057e-18  4.20290646749089e-19 -2.63380773479318e-18  2.28658240708076e-16      1.96044502190516 -4.49485184392533e-17 -8.30824297631069e-18   0.00980334887416029    -0.112310043882069  8.80852489486731e-17
 -0.00015889099190961 -9.61640596268292e-05   0.00040589099492425  1.54518176607731e-17 -4.49485184392533e-17      1.99038324322818   0.00409572877562512  1.48726505258782e-16 -2.07913939428424e-16 -0.000773726351174303
-0.000130765523737653  0.000393238509050722 -0.000525451968731784 -2.10503991565546e-17 -8.30824297631069e-18   0.00409572877562512      1.98669205965219 -3.40337975328992e-16  2.49298435176609e-17    0.0436176059860651
-4.33150367937806e-17 -1.15464021648398e-18 -4.98757905867603e-17    -0.112310043882064   0.00980334887416029  1.48726505258782e-16 -3.40337975328992e-16     0.048274010177085 -1.35625876799817e-16  1.76378768805295e-18
-4.95441453193198e-18  5.56812646626439e-19  3.51968994809588e-17  -0.00980334887415982    -0.112310043882069 -2.07913939428424e-16  2.49298435176609e-17 -1.35625876799817e-16    0.0482740101770833 -1.28812643813329e-18
  0.00409595594279853  -0.00565417250476629     0.133344251564681 -1.52976354212071e-16  8.80852489486731e-17 -0.000773726351174303    0.0436176059860651  1.76378768805295e-18 -1.28812643813329e-18    0.0194304472735957
POPULATION (lambda : 0.2): 6.82864760547668
TOTAL ENERGY: -126.664601560736	 lambda: 0.3
1RDM (lambda : 0.3): 
     1.99997211286577  2.76492964414591e-05 -0.000626619450830756 -1.84804247028217e-18 -1.80809941809055e-18  -0.00018435695834146 -0.000223447107046805 -4.11739561055496e-17 -7.17514889367953e-18   0.00613760727764866
 2.76492964414591e-05      1.99995559159802  0.000809327306712084 -1.02986412897219e-18   5.4843915107477e-19   -7.389963479912e-05   0.00050091712523271 -1.07872392721799e-18  6.38208297126093e-19  -0.00835969505536005
-0.000626619450830756  0.000809327306712084      1.97476282581716  1.49962605263635e-17 -3.48725861535789e-18  -0.00045855570953251  -0.00320350900054298 -4.45523043020763e-17  3.71099346891068e-17     0.199520709767609
-1.84804247028217e-18 -1.02986412897219e-18  1.49962605263635e-17      1.95286210227987 -4.73661280688957e-17  2.09044542101666e-17 -2.97894859058344e-17    -0.161965304587033    -0.014137670612636 -1.70088101981013e-16
-1.80809941809055e-18   5.4843915107477e-19 -3.48725861535789e-18 -4.73661280688957e-17      1.95286210227987 -5.60274135442284e-17 -7.81261986089854e-18    0.0141376706126361    -0.161965304587019  8.44583233210125e-17
 -0.00018435695834146   -7.389963479912e-05  -0.00045855570953251  2.09044542101666e-17 -5.60274135442284e-17      1.98982665030653   0.00357486755223551  1.80960622190456e-16 -2.72112223968303e-16   0.00320559543941742
-0.000223447107046805   0.00050091712523271  -0.00320350900054298 -2.97894859058344e-17 -7.81261986089854e-18   0.00357486755223551      1.98676362697278 -3.63484328933039e-16  2.21307499851573e-17    0.0589545034604613
-4.11739561055496e-17 -1.07872392721799e-18 -4.45523043020763e-17    -0.161965304587033    0.0141376706126361  1.80960622190456e-16 -3.63484328933039e-16    0.0556587798278331  1.46689070160602e-16  2.59367781536288e-18
-7.17514889367953e-18  6.38208297126093e-19  3.71099346891068e-17    -0.014137670612636    -0.161965304587019 -2.72112223968303e-16  2.21307499851573e-17  1.46689070160602e-16    0.0556587798278326 -1.71330141207343e-18
  0.00613760727764866  -0.00835969505536005     0.199520709767609 -1.70088101981013e-16  8.44583233210125e-17   0.00320559543941742    0.0589545034604613  2.59367781536288e-18 -1.71330141207343e-18    0.0316774282243601
POPULATION (lambda : 0.3): 7.10874807111975
TOTAL ENERGY: -126.567549554956	 lambda: 0.4
1RDM (lambda : 0.4): 
     1.99995674339796  4.74399915967243e-05  -0.00111064736622315 -2.47439324322438e-18 -2.22553387901707e-18 -0.000219073142696518 -0.000344490922601912 -3.89788000332076e-17 -9.39326347152092e-18   0.00813529289382512
 4.74399915967243e-05      1.99992943740956   0.00144720025629447 -1.35949489971541e-18  6.73305261904995e-19 -4.06488143999142e-05  0.000647854509748834 -9.81115607868607e-19  7.27981236393447e-19   -0.0110288785337526
 -0.00111064736622315   0.00144720025629447      1.95925727306355  2.17294182736541e-17  -4.0681976099402e-18  -0.00161133190018267  -0.00685694783107746 -3.93906615291587e-17  3.85230312393132e-17     0.263986753085197
-2.47439324322438e-18 -1.35949489971541e-18  2.17294182736541e-17      1.94309246231625 -3.73489574567638e-16  2.74756321758191e-17 -3.95995494315776e-17    -0.211261959360978   -0.0184406888892296 -1.85518771904349e-16
-2.22553387901707e-18  6.73305261904995e-19  -4.0681976099402e-18 -3.73489574567638e-16      1.94309246231625 -6.96418521129958e-17 -7.70106144249547e-18    0.0184406888892271    -0.211261959360985  8.05453987525757e-17
-0.000219073142696518 -4.06488143999142e-05  -0.00161133190018267  2.74756321758191e-17 -6.96418521129958e-17      1.98917415190808   0.00301661040270493  2.12966688103133e-16 -3.35091495671995e-16   0.00727355053954809
-0.000344490922601912  0.000647854509748834  -0.00685694783107746 -3.95995494315776e-17 -7.70106144249547e-18   0.00301661040270493       1.9866015577012 -3.86784764915128e-16  1.74586133732447e-17     0.073459194779234
-3.89788000332076e-17 -9.81115607868607e-19 -3.93906615291587e-17    -0.211261959360978    0.0184406888892271  2.12966688103133e-16 -3.86784764915128e-16    0.0653004612458015  2.08469263060691e-16  4.36261285389482e-18
-9.39326347152092e-18  7.27981236393447e-19  3.85230312393132e-17   -0.0184406888892296    -0.211261959360985 -3.35091495671995e-16  1.74586133732447e-17  2.08469263060691e-16    0.0653004612458032 -2.19046427495846e-18
  0.00813529289382512   -0.0110288785337526     0.263986753085197 -1.85518771904349e-16  8.05453987525757e-17   0.00727355053954809     0.073459194779234  4.36261285389482e-18 -2.19046427495846e-18    0.0482949893956094
POPULATION (lambda : 0.4): 7.38612877987146
TOTAL ENERGY: -126.444886378442	 lambda: 0.5
1RDM (lambda : 0.5): 
     1.99993750837771  7.25176273247389e-05  -0.00171668715787803   -2.985806217206e-18  -2.7474014977493e-18 -0.000262692559401123 -0.000490008335949622 -3.67266932285416e-17 -1.16118066323393e-17    0.0100759911580377
 7.25176273247389e-05      1.99989601948962   0.00225250814252097 -1.69214539083493e-18  7.74175870896645e-19  3.49121515789085e-06  0.000829250739267241 -8.22314173633065e-19   7.9517847592368e-19   -0.0136429516271003
 -0.00171668715787803   0.00225250814252097      1.93997666033559  2.86966563060083e-17 -3.82646447141446e-18   -0.0030282031504075   -0.0113433817575012 -3.65041113776786e-17    4.096787145821e-17     0.325985990425197
  -2.985806217206e-18 -1.69214539083493e-18  2.86966563060083e-17       1.9311231030497  7.28101157469005e-17  3.82722409366791e-17 -5.52699953767348e-17     -0.26020711309839   -0.0227130254550987  -1.9922655848877e-16
 -2.7474014977493e-18  7.74175870896645e-19 -3.82646447141446e-18  7.28101157469005e-17       1.9311231030497 -8.85548394920513e-17 -3.65727447615587e-18    0.0227130254550971    -0.260207113098367  7.66650276676163e-17
-0.000262692559401123  3.49121515789085e-06   -0.0030282031504075  3.82722409366791e-17 -8.85548394920513e-17      1.98842729678067   0.00242004731235985  2.55484482891241e-16 -4.05125508363879e-16    0.0113498248081304
-0.000490008335949622  0.000829250739267241   -0.0113433817575012 -5.52699953767348e-17 -3.65727447615587e-18   0.00242004731235985      1.98625634362082 -4.25116382297019e-16  2.31552872793576e-17    0.0868671923203064
-3.67266932285416e-17 -8.22314173633065e-19 -3.65041113776786e-17     -0.26020711309839    0.0227130254550971  2.55484482891241e-16 -4.25116382297019e-16    0.0772133560673943  4.81456077170937e-16  6.63111821928414e-18
-1.16118066323393e-17   7.9517847592368e-19    4.096787145821e-17   -0.0227130254550987    -0.260207113098367 -4.05125508363879e-16  2.31552872793576e-17  4.81456077170937e-16    0.0772133560673879 -2.51449527625404e-18
   0.0100759911580377   -0.0136429516271003     0.325985990425197  -1.9922655848877e-16  7.66650276676163e-17    0.0113498248081304    0.0868671923203064  6.63111821928414e-18 -2.51449527625404e-18    0.0688332531614567
POPULATION (lambda : 0.5): 7.65881729873749
TOTAL ENERGY: -126.298484960422	 lambda: 0.6
1RDM (lambda : 0.6): 
     1.99991467892713  0.000102594394917908    -0.002432495129702 -3.39625186335433e-18 -3.36835315169478e-18 -0.000314581998374223 -0.000655319670891615 -3.44265526679138e-17  -1.3823490995047e-17    0.0119492422775748
 0.000102594394917908      1.99985564455731    0.0032109032695998 -2.06049829462202e-18  8.86374786510887e-19  5.80897090132556e-05   0.00103909416062874 -6.76626165216035e-19  8.90736212621504e-19   -0.0161862685823558
   -0.002432495129702    0.0032109032695998      1.91742664179216  3.68070946553664e-17 -3.75033075120149e-18  -0.00467561418801791    -0.016485267926881 -3.22890014485728e-17  4.19257702491631e-17     0.384900771275211
-3.39625186335433e-18 -2.06049829462202e-18  3.68070946553664e-17      1.91691589718064  5.32125161778164e-16   4.7809735382769e-17 -6.76825889527121e-17    -0.308784843272215   -0.0269532900330735 -2.10510412093968e-16
-3.36835315169478e-18  8.86374786510887e-19 -3.75033075120149e-18  5.32125161778164e-16      1.91691589718065 -1.08312104639304e-16 -3.23527724720734e-18     0.026953290033075    -0.308784843272201  7.24616969424046e-17
-0.000314581998374223  5.80897090132556e-05  -0.00467561418801791   4.7809735382769e-17 -1.08312104639304e-16      1.98759209946644   0.00178570300758317  2.88114572970173e-16 -4.68240846361612e-16    0.0153663747021176
-0.000655319670891615   0.00103909416062874    -0.016485267926881 -6.76825889527121e-17 -3.23527724720734e-18   0.00178570300758317      1.98578623093515 -4.46630290988601e-16  1.74643945284599e-17     0.098971164479076
-3.44265526679138e-17 -6.76626165216035e-19 -3.22890014485728e-17    -0.308784843272215     0.026953290033075  2.88114572970173e-16 -4.46630290988601e-16    0.0914350331150854 -6.58256738927989e-17  1.00044490220058e-17
 -1.3823490995047e-17  8.90736212621504e-19  4.19257702491631e-17   -0.0269532900330735    -0.308784843272201 -4.68240846361612e-16  1.74643945284599e-17 -6.58256738927989e-17    0.0914350331150792 -3.20041797632602e-18
   0.0119492422775748   -0.0161862685823558     0.384900771275211 -2.10510412093968e-16  7.24616969424046e-17    0.0153663747021176     0.098971164479076  1.00044490220058e-17 -3.20041797632602e-18    0.0927228437303673
POPULATION (lambda : 0.6): 7.92511003239414
TOTAL ENERGY: -126.130525268125	 lambda: 0.7
1RDM (lambda : 0.7): 
      1.9998885556711  0.000137332997580994  -0.00324424180003902 -3.70210214960393e-18 -4.09799459636569e-18 -0.000373910829721476 -0.000835291166820254 -3.20750897354784e-17 -1.60284586157185e-17    0.0137473954683624
 0.000137332997580994      1.99980869790926   0.00430548246764433 -2.42771454304392e-18  9.87591213170115e-19  0.000122461658055807   0.00127062525633635 -4.95029321938197e-19  9.80103660537004e-19   -0.0186468137612608
