TOTAL ENERGY: -126.707366027841	 lambda: -1
1RDM (lambda : -1): 
     1.99998982022285  -1.0354460690685e-05  0.000775138764386209  0.000171910284383092 -0.000379798888933201  1.75773399560519e-18 -2.58272098645295e-17 -2.54196687549152e-17  1.00273043018341e-16  -0.00412564053686042
 -1.0354460690685e-05      1.99997401619736   0.00103372541929995  0.000757264992283127  2.35674204530591e-05  2.53204017872367e-19  3.78969947334439e-19   1.1402644876323e-18  7.29096602020999e-19  -0.00455676873990376
 0.000775138764386209   0.00103372541929995       1.9247967058085   -0.0295606737787923    0.0385688982818107  4.69804865284104e-17  7.67475203331421e-18  1.39789379901892e-16  1.72813319840969e-17     0.356148555146319
 0.000171910284383092  0.000757264992283127   -0.0295606737787923      1.96370504839075   -0.0079462992046411  -4.7858473553776e-17 -2.86305393695602e-16 -5.18716073509682e-16  8.71366833229766e-16    0.0889450357153325
-0.000379798888933201  2.35674204530591e-05    0.0385688982818107   -0.0079462992046411      1.93799216502532 -1.07428817568006e-16  7.80674120853854e-16  6.45058094197756e-16 -2.96642019613157e-15    -0.199194696370204
 1.75773399560519e-18  2.53204017872367e-19  4.69804865284104e-17  -4.7858473553776e-17 -1.07428817568006e-16      1.84614595016722 -1.42875569527786e-14    -0.425563287659064     -0.15473329093966 -1.07742325934087e-17
-2.58272098645295e-17  3.78969947334439e-19  7.67475203331421e-18 -2.86305393695602e-16  7.80674120853854e-16 -1.42875569527786e-14      1.84614595016725    -0.154733290939696     0.425563287658985  2.42365787786406e-18
-2.54196687549152e-17   1.1402644876323e-18  1.39789379901892e-16 -5.18716073509682e-16  6.45058094197756e-16    -0.425563287659064    -0.154733290939696     0.179049657947274 -1.46828596105034e-15 -7.06027676641038e-17
 1.00273043018341e-16  7.29096602020999e-19  1.72813319840969e-17  8.71366833229766e-16 -2.96642019613157e-15     -0.15473329093966     0.425563287658985 -1.46828596105034e-15     0.179049657947235  4.01750256425478e-16
 -0.00412564053686042  -0.00455676873990376     0.356148555146319    0.0889450357153325    -0.199194696370204 -1.07742325934087e-17  2.42365787786406e-18 -7.06027676641038e-17  4.01750256425478e-16     0.123151028126257
POPULATION (lambda : -1): 5.02047895443216
TOTAL ENERGY: -126.836595649995	 lambda: -0.9
1RDM (lambda : -0.9): 
     1.99999146816849 -8.42684256799303e-06   0.00063497499922618  0.000122724396763342  -0.00031139971260174  1.42305934144789e-18 -2.26933339364482e-17 -2.43989429059838e-17  1.00610408190109e-16  -0.00370979382768901
-8.42684256799303e-06      1.99997673384561  0.000869032294157752    0.0006812212941785  7.21622793919841e-05  1.78553950401185e-19  3.79824805006958e-19  1.14574165470912e-18  4.86611593875546e-19  -0.00412630850192012
  0.00063497499922618  0.000869032294157752      1.93569900658257   -0.0255329587161832    0.0346741459856727  4.71830876930495e-17  -4.3989647916298e-18  1.19551324214856e-16  7.46034399018113e-17     0.326581904996647
 0.000122724396763342    0.0006812212941785   -0.0255329587161832      1.96595962635411  -0.00787790347013449 -5.58943171611219e-17 -2.19100944634336e-16 -5.11832574817926e-16  7.45457583662734e-16    0.0771641203388167
 -0.00031139971260174  7.21622793919841e-05    0.0346741459856727  -0.00787790347013449      1.93997698194551 -7.52033051946179e-17   6.4778115158022e-16  6.57134932973305e-16 -2.83832052114475e-15    -0.187942622777216
 1.42305934144789e-18  1.78553950401185e-19  4.71830876930495e-17 -5.58943171611219e-17 -7.52033051946179e-17      1.86180695034759  1.36082676296418e-15    -0.375538435772115    -0.136544433527472 -3.11390689497915e-17
-2.26933339364482e-17  3.79824805006958e-19  -4.3989647916298e-18 -2.19100944634336e-16   6.4778115158022e-16  1.36082676296418e-15      1.86180695034759    -0.136544433527467     0.375538435772118  2.06075020902027e-17
-2.43989429059838e-17  1.14574165470912e-18  1.19551324214856e-16 -5.11832574817926e-16  6.57134932973305e-16    -0.375538435772115    -0.136544433527467     0.161898086537799  7.90222173232559e-16 -6.73973874761098e-17
 1.00610408190109e-16  4.86611593875546e-19  7.46034399018113e-17  7.45457583662734e-16 -2.83832052114475e-15    -0.136544433527472     0.375538435772118  7.90222173232559e-16     0.161898086537804  3.47750874616477e-16
 -0.00370979382768901  -0.00412630850192012     0.326581904996647    0.0771641203388167    -0.187942622777216 -3.11390689497915e-17  2.06075020902027e-17 -6.73973874761098e-17  3.47750874616477e-16     0.110986109332962
POPULATION (lambda : -0.9): 5.15652986082589
TOTAL ENERGY: -126.953813218782	 lambda: -0.8
1RDM (lambda : -0.8): 
     1.99999290768669 -6.68693407349064e-06   0.00050806834700587  7.93729944135824e-05 -0.000248921164833152  1.04328783968168e-18 -1.97018974915613e-17 -2.33516485872959e-17  1.00839959149278e-16  -0.00328985003368409
-6.68693407349064e-06      1.99997930254492  0.000716614766218898  0.000610796306964209  0.000113975294286992  9.98714218415056e-20  3.92116721562565e-19  1.15688405102101e-18  2.42995302346663e-19  -0.00368376192032642
  0.00050806834700587  0.000716614766218898      1.94584364122857   -0.0218262413240043    0.0310181155502671  4.31802315837508e-17 -3.70289316212922e-18  9.85369853040123e-17  1.06988000175809e-16     0.295996397588637
 7.93729944135824e-05  0.000610796306964209   -0.0218262413240043      1.96814890355129  -0.00777787223366285 -4.87376696107891e-17 -1.89834444065908e-16 -4.97364983511538e-16  7.06119107222147e-16    0.0655442263427187
-0.000248921164833152  0.000113975294286992    0.0310181155502671  -0.00777787223366285      1.94205461601139 -6.57852092872139e-17  5.67388707010764e-16  6.57628360025651e-16 -2.82237700239783e-15    -0.176696106225814
 1.04328783968168e-18  9.98714218415056e-20  4.31802315837508e-17 -4.87376696107891e-17 -6.57852092872139e-17      1.87342093804651 -2.88648600868433e-15    -0.326161244953412      -0.1185910634261 -5.18030983920518e-17
-1.97018974915613e-17  3.92116721562565e-19 -3.70289316212922e-18 -1.89834444065908e-16  5.67388707010764e-16 -2.88648600868433e-15       1.8734209380465    -0.118591063426123     0.326161244953428  2.98500966648125e-17
-2.33516485872959e-17  1.15688405102101e-18  9.85369853040123e-17 -4.97364983511538e-16  6.57628360025651e-16    -0.326161244953412    -0.118591063426123      0.14881486662464 -4.97018532466091e-15 -6.18904403229595e-17
 1.00839959149278e-16  2.42995302346663e-19  1.06988000175809e-16  7.06119107222147e-16 -2.82237700239783e-15      -0.1185910634261     0.326161244953428 -4.97018532466091e-15     0.148814866624647  3.24132899010496e-16
 -0.00328985003368409  -0.00368376192032642     0.295996397588637    0.0655442263427187    -0.176696106225814 -5.18030983920518e-17  2.98500966648125e-17 -6.18904403229595e-17  3.24132899010496e-16    0.0995090196349262
POPULATION (lambda : -0.8): 5.29444825673188
TOTAL ENERGY: -127.05832169633	 lambda: -0.7
1RDM (lambda : -0.7): 
     1.99999413555421 -5.14642847290093e-06  0.000394750583861946  4.12308786954513e-05 -0.000191057079771516  6.19530655081371e-19 -1.69308667028997e-17 -2.23584560475025e-17  1.01082804248505e-16  -0.00286592721093701
-5.14642847290093e-06      1.99998169044917  0.000577440073644915  0.000545792177534285  0.000150486446576357  2.97321560560659e-20  4.44353077691132e-19  1.17558075443381e-18  2.24813741002843e-21  -0.00323171669277023
 0.000394750583861946  0.000577440073644915      1.95516360158016   -0.0184299702777724    0.0275912358079496  3.87799338894114e-17  2.26329411736927e-17  9.65359719829271e-17  8.57098466195262e-17     0.264285184434032
 4.12308786954513e-05  0.000545792177534285   -0.0184299702777724      1.97026133226518  -0.00761940976046956 -3.98403894888477e-17 -2.40804349786554e-16 -5.47759318353912e-16  8.64867287521279e-16    0.0538907813943639
-0.000191057079771516  0.000150486446576357    0.0275912358079496  -0.00761940976046956      1.94414059719992 -6.10161533188666e-17  6.07538263648755e-16  7.52317264988982e-16 -3.09879337298872e-15    -0.164916698183934
 6.19530655081371e-19  2.97321560560659e-20  3.87799338894114e-17 -3.98403894888477e-17 -6.10161533188666e-17      1.88168380994842   1.4479819489962e-16    -0.277730673192644    -0.100981880525505  -7.6014763163439e-17
-1.69308667028997e-17  4.44353077691132e-19  2.26329411736927e-17 -2.40804349786554e-16  6.07538263648755e-16   1.4479819489962e-16      1.88168380994843    -0.100981880525497     0.277730673192603  2.51408757211166e-17
-2.23584560475025e-17  1.17558075443381e-18  9.65359719829271e-17 -5.47759318353912e-16  7.52317264988982e-16    -0.277730673192644    -0.100981880525497     0.139101513487926  3.56749914139449e-15 -7.86377925245707e-17
 1.01082804248505e-16  2.24813741002843e-21  8.57098466195262e-17  8.64867287521279e-16 -3.09879337298872e-15    -0.100981880525505     0.277730673192603  3.56749914139449e-15     0.139101513487921  3.66538919855317e-16
 -0.00286592721093701  -0.00323171669277023     0.264285184434032    0.0538907813943639    -0.164916698183934  -7.6014763163439e-17  2.51408757211166e-17 -7.86377925245707e-17  3.66538919855317e-16    0.0888879960787278
POPULATION (lambda : -0.7): 5.43380797156372
TOTAL ENERGY: -127.149764796543	 lambda: -0.6
1RDM (lambda : -0.6): 
     1.99999515019297 -3.81117827785772e-06  0.000295627261232155  8.02732519395408e-06 -0.000137748703372116  1.57862126265805e-19 -1.39786915916601e-17 -2.12111288015527e-17  1.00820603923761e-16  -0.00243772276034316
-3.81117827785772e-06      1.99998387779462   0.00045236294592264  0.000486160338780226  0.000182090882539884 -2.20706896129535e-20  3.64327077539484e-19  1.19681695607901e-18 -2.25937037744796e-19  -0.00277084692591334
 0.000295627261232155   0.00045236294592264      1.96355013093085   -0.0153641229491357    0.0244794681243836  3.52172172432356e-17 -2.94873493813727e-18  5.40850182072856e-17  1.84030694782152e-16     0.231479717637912
 8.02732519395408e-06  0.000486160338780226   -0.0153641229491357        1.972274678928   -0.0073396592033531 -3.41396378835705e-17 -1.21739663701839e-16 -4.45191222633514e-16  5.77290926639618e-16    0.0421500424766314
-0.000137748703372116  0.000182090882539884    0.0244794681243836   -0.0073396592033531       1.9460719255739 -5.13673534741597e-17   3.9099764211086e-16  6.18875205074812e-16 -2.71095162114236e-15    -0.152579755033125
 1.57862126265805e-19 -2.20706896129535e-20  3.52172172432356e-17 -3.41396378835705e-17 -5.13673534741597e-17       1.8871544981056  -3.6153219285147e-16     -0.23016630266429   -0.0836876454186588 -1.03720192953664e-16
-1.39786915916601e-17  3.64327077539484e-19 -2.94873493813727e-18 -1.21739663701839e-16   3.9099764211086e-16  -3.6153219285147e-16      1.88715449810561   -0.0836876454186505      0.23016630266428  5.13059426803037e-17
-2.12111288015527e-17  1.19681695607901e-18  5.40850182072856e-17 -4.45191222633514e-16  6.18875205074812e-16     -0.23016630266429   -0.0836876454186505     0.132193152995808  2.66112619676733e-15  -4.4652772245628e-17
 1.00820603923761e-16 -2.25937037744796e-19  1.84030694782152e-16  5.77290926639618e-16 -2.71095162114236e-15   -0.0836876454186588      0.23016630266428  2.66112619676733e-15       0.1321931529958  2.57428630329152e-16
 -0.00243772276034316  -0.00277084692591334     0.231479717637912    0.0421500424766314    -0.152579755033125 -1.03720192953664e-16  5.13059426803037e-17  -4.4652772245628e-17  2.57428630329152e-16    0.0794289343768695
POPULATION (lambda : -0.6): 5.57450670790609
TOTAL ENERGY: -127.227861640834	 lambda: -0.5
1RDM (lambda : -0.5): 
     1.99999594983739 -2.68525710661912e-06  0.000211481644792104 -2.02733527265462e-05 -8.95327913651134e-05 -3.13226939767022e-19 -1.11711295816463e-17 -2.00677390891039e-17  1.00566098667445e-16  -0.00200519569701157
-2.68525710661912e-06      1.99998585092277  0.000342272657915041  0.000432001551246572  0.000208554468492184 -6.73805199348304e-20  3.05626639476629e-19  1.22941011804006e-18 -4.58864029502504e-19  -0.00230101594849698
 0.000211481644792104  0.000342272657915041      1.97089155292664   -0.0126541204345249    0.0217684645459373  2.75868097207153e-17 -1.13503407186142e-17  1.53319206809993e-17  2.47484698658987e-16     0.197721100984758
-2.02733527265462e-05  0.000432001551246572   -0.0126541204345249      1.97417114948423  -0.00689408572895239 -1.69924923849217e-17 -5.51122858390024e-17 -3.50733973512654e-16  4.16455661494262e-16    0.0303976503735784
-8.95327913651134e-05  0.000208554468492184    0.0217684645459373  -0.00689408572895239      1.94773958026701 -6.05629583018613e-17  2.50646532418313e-16  4.86591903976227e-16 -2.49612941911551e-15    -0.139996766519808
-3.13226939767022e-19 -6.73805199348304e-20  2.75868097207153e-17 -1.69924923849217e-17 -6.05629583018613e-17      1.89010986596174  6.62383943236753e-16    -0.183232829133339   -0.0666228018309055 -1.33195200062085e-16
-1.11711295816463e-17  3.05626639476629e-19 -1.13503407186142e-17 -5.51122858390024e-17  2.50646532418313e-16  6.62383943236753e-16      1.89010986596174   -0.0666228018309113     0.183232829133302  6.52575846366881e-17
-2.00677390891039e-17  1.22941011804006e-18  1.53319206809993e-17 -3.50733973512654e-16  4.86591903976227e-16    -0.183232829133339   -0.0666228018309113     0.127809523794926  2.71920274450288e-16 -1.51206415966359e-17
 1.00566098667445e-16 -4.58864029502504e-19  2.47484698658987e-16  4.16455661494262e-16 -2.49612941911551e-15   -0.0666228018309055     0.183232829133302  2.71920274450288e-16     0.127809523794925  1.91561432457127e-16
 -0.00200519569701157  -0.00230101594849698     0.197721100984758    0.0303976503735784    -0.139996766519808 -1.33195200062085e-16  6.52575846366881e-17 -1.51206415966359e-17  1.91561432457127e-16    0.0713771370486319
POPULATION (lambda : -0.5): 5.71652054380017
TOTAL ENERGY: -127.292313742003	 lambda: -0.4
1RDM (lambda : -0.4): 
     1.99999653225469 -1.77291504218268e-06  0.000143114541654339 -4.36525875484928e-05  -4.6964249087168e-05 -8.97465661931448e-19 -8.74651812168484e-18 -1.91975381398028e-17  1.00581270898731e-16  -0.00156883043023139
-1.77291504218268e-06      1.99998759824853  0.000248114638439025  0.000383481170167985   0.00022950274393702 -6.37864243360893e-20  3.63118179102356e-19  1.24246554870871e-18 -6.45259754812138e-19  -0.00182216140248468
 0.000143114541654339  0.000248114638439025      1.97709991221444   -0.0103119997964705    0.0194835917403405  3.45958511515832e-17  3.97446729930489e-17   6.8619886273995e-17  1.80542197363993e-16     0.163181891374695
-4.36525875484928e-05  0.000383481170167985   -0.0103119997964705      1.97594407936196  -0.00628497631524634 -4.93299495810821e-17 -1.73987687408597e-16 -5.88634072165327e-16  7.35953417146723e-16    0.0187708078966251
 -4.6964249087168e-05   0.00022950274393702    0.0194835917403405  -0.00628497631524634      1.94915410762831  4.95745301734357e-18  3.97303932316582e-16  8.91278334087333e-16 -3.06238605270468e-15    -0.127528438067955
-8.97465661931448e-19 -6.37864243360893e-20  3.45958511515832e-17 -4.93299495810821e-17  4.95745301734357e-18      1.89055957332491  1.77343179368832e-16    -0.136743656856915   -0.0497195013943773 -1.72061575690032e-16
-8.74651812168484e-18  3.63118179102356e-19  3.97446729930489e-17 -1.73987687408597e-16  3.97303932316582e-16  1.77343179368832e-16      1.89055957332491   -0.0497195013943697     0.136743656856909  5.82952784528348e-17
-1.91975381398028e-17  1.24246554870871e-18   6.8619886273995e-17 -5.88634072165327e-16  8.91278334087333e-16    -0.136743656856915   -0.0497195013943697     0.125944835078842  1.39071548877868e-15 -9.39902811158142e-17
 1.00581270898731e-16 -6.45259754812138e-19  1.80542197363993e-16  7.35953417146723e-16 -3.06238605270468e-15   -0.0497195013943773     0.136743656856909  1.39071548877868e-15      0.12594483507884  2.80208915272854e-16
 -0.00156883043023139  -0.00182216140248468     0.163181891374695    0.0187708078966251    -0.127528438067955 -1.72061575690032e-16  5.82952784528348e-17 -9.39902811158142e-17  2.80208915272854e-16     0.064808953484587
POPULATION (lambda : -0.4): 5.85976896508327
TOTAL ENERGY: -127.342809134699	 lambda: -0.3
1RDM (lambda : -0.3): 
     1.99999689517236 -1.07878188682686e-06  9.12380240722538e-05 -6.21635503063944e-05 -1.03684348911278e-05 -1.39574356389127e-18 -5.93840309073287e-18 -1.79106408448306e-17  9.99784580388568e-17  -0.00112962999316204
-1.07878188682686e-06      1.99998910848233  0.000170866710003498  0.000340767418424195  0.000244681776273235 -8.47747050662113e-20  2.28302126219618e-19  1.30049433558421e-18 -8.85364013952418e-19   -0.0013347818421854
 9.12380240722538e-05  0.000170866710003498      1.98211305602942  -0.00833355089607141    0.0175875364569548  1.94430185670921e-17  1.42324606504162e-17 -3.34530635722605e-18  2.91322873076905e-16     0.127990768868381
-6.21635503063944e-05  0.000340767418424195  -0.00833355089607141      1.97759311741975  -0.00555658827032007 -1.42977437314901e-17 -4.76876757831014e-17 -3.65609726254129e-16  3.96858904276165e-16   0.00738841560649821
-1.03684348911278e-05  0.000244681776273235    0.0175875364569548  -0.00555658827032007      1.95042628363614 -3.17569873022113e-17  1.64282607330337e-16  5.41182610194764e-16 -2.54394330500063e-15    -0.115335919249513
-1.39574356389127e-18 -8.47747050662113e-20  1.94430185670921e-17 -1.42977437314901e-17 -3.17569873022113e-17      1.88836487005406 -8.39463123355889e-17   -0.0906895251292469   -0.0329743826915822 -2.05654274499118e-16
-5.93840309073287e-18  2.28302126219618e-19  1.42324606504162e-17 -4.76876757831014e-17  1.64282607330337e-16 -8.39463123355889e-17      1.88836487005406   -0.0329743826915706    0.0906895251292377  7.31589583946464e-17
-1.79106408448306e-17  1.30049433558421e-18 -3.34530635722605e-18 -3.65609726254129e-16  5.41182610194764e-16   -0.0906895251292469   -0.0329743826915706     0.126751882175579 -4.65434587034112e-16  -2.7634124614887e-17
 9.99784580388568e-17 -8.85364013952418e-19  2.91322873076905e-16  3.96858904276165e-16 -2.54394330500063e-15   -0.0329743826915822    0.0906895251292377 -4.65434587034112e-16      0.12675188217558  1.58130092016593e-16
 -0.00112962999316204   -0.0013347818421854     0.127990768868381   0.00738841560649821    -0.115335919249513 -2.05654274499118e-16  7.31589583946464e-17  -2.7634124614887e-17  1.58130092016593e-16    0.0596480348008009
POPULATION (lambda : -0.3): 6.00406320864167
TOTAL ENERGY: -127.379059140159	 lambda: -0.2
1RDM (lambda : -0.2): 
      1.9999970368632 -6.07085564800304e-07  5.64394303599229e-05 -7.59672573191522e-05  2.01077201962443e-05  -2.0392605071753e-18 -3.62160728679505e-18 -1.69769427002787e-17  9.97147894534536e-17 -0.000689055368714249
-6.07085564800304e-07      1.99999037024389  0.000111511619641539  0.000304040725917814  0.000253962290051606 -4.06161735486703e-20  2.55387892732412e-19  1.30514424779113e-18 -1.02566353454027e-18 -0.000840100638052158
 5.64394303599229e-05  0.000111511619641539       1.9858788665059  -0.00670918725886814    0.0160200757615831  2.28689313271938e-17  6.07783244130849e-17  4.86899878020948e-17  2.30183256622366e-16    0.0922009410184695
-7.59672573191522e-05  0.000304040725917814  -0.00670918725886814      1.97911196888365  -0.00476752086599873   -4.194739155952e-17 -1.42844664162172e-16 -5.72997463482898e-16  6.63428597709221e-16  -0.00370054335754225
 2.01077201962443e-05  0.000253962290051606    0.0160200757615831  -0.00476752086599873      1.95169353362099  2.44755614652454e-17  2.64609547282931e-16  9.09397134203091e-16 -3.04215133589439e-15    -0.103267307872642
 -2.0392605071753e-18 -4.06161735486703e-20  2.28689313271938e-17   -4.194739155952e-17  2.44755614652454e-17      1.88340455696764 -4.93501778390354e-16   -0.0452735174141741   -0.0164612896927867 -2.46993406132089e-16
-3.62160728679505e-18  2.55387892732412e-19  6.07783244130849e-17 -1.42844664162172e-16  2.64609547282931e-16 -4.93501778390354e-16      1.88340455696764   -0.0164612896927805    0.0452735174141568  7.33832582649712e-17
-1.69769427002787e-17  1.30514424779113e-18  4.86899878020948e-17 -5.72997463482898e-16  9.09397134203091e-16   -0.0452735174141741   -0.0164612896927805     0.130376721978769 -1.30578953794689e-16 -9.60991793833572e-17
 9.97147894534536e-17 -1.02566353454027e-18  2.30183256622366e-16  6.63428597709221e-16 -3.04215133589439e-15   -0.0164612896927867    0.0452735174141568 -1.30578953794689e-16     0.130376721978767  2.22179373930866e-16
-0.000689055368714249 -0.000840100638052158    0.0922009410184695  -0.00370054335754225    -0.103267307872642 -2.46993406132089e-16  7.33832582649712e-17 -9.60991793833572e-17  2.22179373930866e-16    0.0557656659895735
POPULATION (lambda : -0.2): 6.14908037186751
TOTAL ENERGY: -127.400849760868	 lambda: -0.1
1RDM (lambda : -0.1): 
     1.99999695677235 -3.60492222717865e-07  3.91611180522486e-05 -8.53130776262143e-05   4.4340897875888e-05 -2.61114206779872e-18 -9.95913715386549e-19 -1.57058962312665e-17  9.89272667681372e-17 -0.000248987519469515
-3.60492222717865e-07      1.99999137229665  7.09904326719218e-05  0.000273543082243493  0.000257216948482552 -1.31136331839784e-20  1.06186690008411e-19  1.37744999725273e-18 -1.25384752809126e-18 -0.000340006848136094
 3.91611180522486e-05  7.09904326719218e-05      1.98833893665065  -0.00543794890244067    0.0147454154777702  7.94815863779905e-18  4.47156587039045e-17  -1.1003148378824e-17  3.28676760749855e-16    0.0558129845522111
-8.53130776262143e-05  0.000273543082243493  -0.00543794890244067      1.98047727169542  -0.00395965584236331 -1.75190230596514e-17 -4.62561132793239e-17 -3.95911751308348e-16  3.75291416587077e-16   -0.0145201408150591
  4.4340897875888e-05  0.000257216948482552    0.0147454154777702  -0.00395965584236331      1.95304468241816   5.1162159149579e-18  8.47128788418396e-17  6.30775929162086e-16 -2.59643045146185e-15   -0.0909043407443382
-2.61114206779872e-18 -1.31136331839784e-20  7.94815863779905e-18 -1.75190230596514e-17   5.1162159149579e-18      1.87573823676506  1.91687646499181e-16 -0.000852270779631111 -0.000309883400662471 -2.86372125094791e-16
-9.95913715386549e-19  1.06186690008411e-19  4.47156587039045e-17 -4.62561132793239e-17  8.47128788418396e-17  1.91687646499181e-16      1.87573823676507 -0.000309883400660759  0.000852270779642114  7.80580475109949e-17
-1.57058962312665e-17  1.37744999725273e-18  -1.1003148378824e-17 -3.95911751308348e-16  6.30775929162086e-16 -0.000852270779631111 -0.000309883400660759     0.136793330900151  7.11826667170568e-16 -5.16784207745839e-17
 9.89272667681372e-17 -1.25384752809126e-18  3.28676760749855e-16  3.75291416587077e-16 -2.59643045146185e-15 -0.000309883400662471  0.000852270779642114  7.11826667170568e-16      0.13679333090015  1.19119103965934e-16
-0.000248987519469515 -0.000340006848136094    0.0558129845522111   -0.0145201408150591   -0.0909043407443382 -2.86372125094791e-16  7.80580475109949e-17 -5.16784207745839e-17  1.19119103965934e-16    0.0530876448363658
POPULATION (lambda : -0.1): 6.2943497076035
TOTAL ENERGY: -127.408101955309	 lambda: 0
1RDM (lambda : 0): 
     1.99999665612035 -3.39069384983845e-07  3.96490398089449e-05 -9.05192880275024e-05  6.21616339622936e-05 -3.24658368644141e-18  1.32591003191094e-18 -1.45983603388772e-17  9.82507837454359e-17  0.000188378393782628
-3.39069384983845e-07      1.99999210405132  5.01131878229756e-05  0.000249597048646333  0.000254227663742408  5.51502445348491e-20  3.65369996421374e-20  1.42168442778799e-18 -1.41370394301277e-18  0.000163196799314953
 3.96490398089449e-05  5.01131878229756e-05      1.98942606094657   -0.0045333472601301    0.0137766604205703 -5.46480957979627e-19  6.15231291608709e-17 -1.35136664305944e-17  3.41081663591489e-16     0.018831404253907
-9.05192880275024e-05  0.000249597048646333   -0.0045333472601301      1.98164634417907  -0.00314056390640477 -1.79816079991788e-17 -4.92995899120853e-17 -4.05241086260116e-16  3.70465327276352e-16   -0.0251289567204472
 6.21616339622936e-05  0.000254227663742408    0.0137766604205703  -0.00314056390640477      1.95448457448267  2.11283363932564e-17  4.85800085332175e-17  6.66078202983551e-16 -2.62884700209481e-15   -0.0777254193808205
-3.24658368644141e-18  5.51502445348491e-20 -5.46480957979627e-19 -1.79816079991788e-17  2.11283363932564e-17      1.86571427163133 -8.17319230126337e-16    0.0421962089975002    0.0153423907900012 -3.28055103169168e-16
 1.32591003191094e-18  3.65369996421374e-20  6.15231291608709e-17 -4.92995899120853e-17  4.85800085332175e-17 -8.17319230126337e-16      1.86571427163135    0.0153423907899983   -0.0421962089974752  8.00041555426896e-17
-1.45983603388772e-17  1.42168442778799e-18 -1.35136664305944e-17 -4.05241086260116e-16  6.66078202983551e-16    0.0421962089975002    0.0153423907899983     0.145690966501826  4.50217534971036e-15 -6.42476662365295e-17
 9.82507837454359e-17 -1.41370394301277e-18  3.41081663591489e-16  3.70465327276352e-16 -2.62884700209481e-15    0.0153423907900012   -0.0421962089974752  4.50217534971036e-15     0.145690966501812  9.76314097954976e-17
 0.000188378393782628  0.000163196799314953     0.018831404253907   -0.0251289567204472   -0.0777254193808205 -3.28055103169168e-16  8.00041555426896e-17 -6.42476662365295e-17  9.76314097954976e-17    0.0516437839537744
POPULATION (lambda : 0): 6.4392873247063
TOTAL ENERGY: -127.400910386786	 lambda: 0.1
1RDM (lambda : 0.1): 
     1.99999613816878 -5.39914763321118e-07  5.78854450989675e-05 -9.19821354038583e-05  7.34301135677796e-05 -3.87918637280029e-18  3.56675995171403e-18 -1.34839305935258e-17  9.74828680117772e-17   0.00062082296510233
-5.39914763321118e-07      1.99999255612351  4.94464620477737e-05  0.000232548833410489   0.00024470044415681  1.42618529294819e-19 -5.00496351084326e-20  1.47603715922321e-18 -1.56873148300798e-18  0.000667210838552807
 5.78854450989675e-05  4.94464620477737e-05      1.98907723867956  -0.00401648116324388    0.0131679444700717  -1.1408966792909e-17  7.46723417195703e-17 -2.23581967119375e-17  3.61958178467378e-16    -0.018681586243435
-9.19821354038583e-05  0.000232548833410489  -0.00401648116324388      1.98256578932072  -0.00228569766761983 -1.62198130884833e-17  -4.2513753454642e-17 -3.91339408009556e-16  3.31699765344347e-16   -0.0355675216846952
 7.34301135677796e-05   0.00024470044415681    0.0131679444700717  -0.00228569766761983      1.95594701765646  3.38620204698428e-17 -9.49916381387535e-20  6.63671279018588e-16  -2.6022011385568e-15   -0.0632996683417192
-3.87918637280029e-18  1.42618529294819e-19  -1.1408966792909e-17 -1.62198130884833e-17  3.38620204698428e-17      1.85397452300984 -4.63952054660169e-16    0.0836306211245323    0.0304077935568716  -3.6976882949086e-16
 3.56675995171403e-18 -5.00496351084326e-20  7.46723417195703e-17  -4.2513753454642e-17 -9.49916381387535e-20 -4.63952054660169e-16      1.85397452300986    0.0304077935568533   -0.0836306211245317   8.1932917521298e-17
-1.34839305935258e-17  1.47603715922321e-18 -2.23581967119375e-17 -3.91339408009556e-16  6.63671279018588e-16    0.0836306211245323    0.0304077935568533     0.156463448691745  4.79488223524687e-15 -7.17781747674921e-17
 9.74828680117772e-17 -1.56873148300798e-18  3.61958178467378e-16  3.31699765344347e-16  -2.6022011385568e-15    0.0304077935568716   -0.0836306211245317  4.79488223524687e-15     0.156463448691731  6.41671741989795e-17
  0.00062082296510233  0.000667210838552807    -0.018681586243435   -0.0355675216846952   -0.0632996683417192  -3.6976882949086e-16   8.1932917521298e-17 -7.17781747674921e-17  6.41671741989795e-17    0.0515453166478172
POPULATION (lambda : 0.1): 6.58331255326209
TOTAL ENERGY: -127.379515872566	 lambda: 0.2
1RDM (lambda : 0.2): 
     1.99999540776528 -9.57853775502084e-07  9.35686126085246e-05 -9.01974653964487e-05  7.81803060803713e-05 -4.49825211154573e-18  5.71521994693518e-18 -1.23853919376962e-17  9.66850015598842e-17   0.00104655308906431
-9.57853775502084e-07      1.99999272066382  6.92388328715174e-05  0.000222653380840803  0.000228360593434179  2.50182371372266e-19 -1.43605480840251e-19  1.53673781240401e-18 -1.71424004475158e-18   0.00117020032351713
 9.35686126085246e-05  6.92388328715174e-05      1.98725164015674  -0.00390106364399227    0.0129871175170331 -2.36952393380823e-17    8.712587968004e-17 -3.18206447811283e-17  3.82984864524349e-16   -0.0565829041816592
-9.01974653964487e-05  0.000222653380840803  -0.00390106364399227      1.98318613715013  -0.00135490183982717  -1.4733284251253e-17 -3.51816127819927e-17 -3.73832080974383e-16  2.87844106309481e-16   -0.0458227916719794
 7.81803060803713e-05  0.000228360593434179    0.0129871175170331  -0.00135490183982717      1.95733263283718   4.6606799379508e-17 -4.84751540905427e-17  6.57008301361791e-16 -2.56751738468575e-15   -0.0474301278862724
-4.49825211154573e-18  2.50182371372266e-19 -2.36952393380823e-17  -1.4733284251253e-17   4.6606799379508e-17      1.84134005535705  3.04955691325446e-15     0.123467158539323    0.0448922163199632 -4.11226080792192e-16
 5.71521994693518e-18 -1.43605480840251e-19    8.712587968004e-17 -3.51816127819927e-17 -4.84751540905427e-17  3.04955691325446e-15      1.84134005535706    0.0448922163199564    -0.123467158539301  8.44342683376388e-17
-1.23853919376962e-17  1.53673781240401e-18 -3.18206447811283e-17 -3.73832080974383e-16  6.57008301361791e-16     0.123467158539323    0.0448922163199564     0.168318309129512  5.73178304865356e-15 -7.94035103036927e-17
 9.66850015598842e-17 -1.71424004475158e-18  3.82984864524349e-16  2.87844106309481e-16 -2.56751738468575e-15    0.0448922163199632    -0.123467158539301  5.73178304865356e-15     0.168318309129511  2.70675348114724e-17
  0.00104655308906431   0.00117020032351713   -0.0565829041816592   -0.0458227916719794   -0.0474301278862724 -4.11226080792192e-16  8.44342683376388e-17 -7.94035103036927e-17  2.70675348114724e-17    0.0529247324537852
POPULATION (lambda : 0.2): 6.72602173839776
TOTAL ENERGY: -127.344198136634	 lambda: 0.3
1RDM (lambda : 0.3): 
     1.99999447017025 -1.58710435236087e-06  0.000146183695256432 -8.57567551553083e-05  7.67113840594217e-05   -5.091369713185e-18  7.79121256059635e-18 -1.13045239613694e-17  9.59016660300899e-17   0.00146462296144901
-1.58710435236087e-06      1.99999259127671  0.000109432172891014  0.000219965353210604  0.000205054621151463  3.77272799878368e-19 -2.41961562348613e-19  1.60263331565249e-18 -1.85085156212872e-18    0.0016710993685738
 0.000146183695256432  0.000109432172891014      1.98394077923186  -0.00418009405913339    0.0132901459699714 -3.72099437409888e-17  9.94166234544397e-17 -4.09390219776621e-17  4.02488893572513e-16   -0.0946589809232815
-8.57567551553083e-05  0.000219965353210604  -0.00418009405913339      1.98347467045442   -0.0003115976319582 -1.36885695173456e-17 -2.86870821848097e-17 -3.55864752451364e-16  2.44738582079247e-16   -0.0558252070333732
 7.67113840594217e-05  0.000205054621151463    0.0132901459699714   -0.0003115976319582       1.9585394856448  5.93782028109309e-17  -9.5953947991789e-17  6.50932297944893e-16 -2.53579402547242e-15   -0.0302078365450874
  -5.091369713185e-18  3.77272799878368e-19 -3.72099437409888e-17 -1.36885695173456e-17  5.93782028109309e-17      1.82861337860725  1.73015043998091e-15     0.162014325252232    0.0589078271305645 -4.52412888229173e-16
 7.79121256059635e-18 -2.41961562348613e-19  9.94166234544397e-17 -2.86870821848097e-17  -9.5953947991789e-17  1.73015043998091e-15      1.82861337860726    0.0589078271305715    -0.162014325252236    8.795657134713e-17
-1.13045239613694e-17  1.60263331565249e-18 -4.09390219776621e-17 -3.55864752451364e-16  6.50932297944893e-16     0.162014325252232    0.0589078271305715     0.180471980152245  2.09667626607755e-15 -8.74496651638321e-17
 9.59016660300899e-17 -1.85085156212872e-18  4.02488893572513e-16  2.44738582079247e-16 -2.53579402547242e-15    0.0589078271305645    -0.162014325252236  2.09667626607755e-15     0.180471980152245 -1.19329609436411e-17
  0.00146462296144901    0.0016710993685738   -0.0946589809232815   -0.0558252070333732   -0.0302078365450874 -4.52412888229173e-16    8.795657134713e-17 -8.74496651638321e-17 -1.19329609436411e-17    0.0558872857029893
POPULATION (lambda : 0.3): 6.86733650171576
TOTAL ENERGY: -127.295134281263	 lambda: 0.4
1RDM (lambda : 0.4): 
     1.99999332972686 -2.42322177141966e-06  0.000215140096387335 -7.92955775850189e-05  6.95698744255328e-05 -5.65211539852202e-18  9.83193670464171e-18 -1.02321533083974e-17  9.51609924271475e-17   0.00187510341203255
-2.42322177141966e-06      1.99999216265093  0.000169745560010662  0.000224291880176969  0.000174818265886713  5.22669609706952e-19 -3.70054670774401e-19   1.6812609177833e-18 -1.99660004871175e-18   0.00216960768027979
 0.000215140096387335  0.000169745560010662      1.97916667461406  -0.00482165966111752    0.0141088548178138 -5.17882914455943e-17  1.13165551420801e-16 -5.07186905275831e-17  4.23164256955846e-16     -0.13265200971854
-7.92955775850189e-05  0.000224291880176969  -0.00482165966111752      1.98342106703373  0.000865012210531571 -1.25747809209575e-17 -1.60487739002457e-17 -3.41787385123703e-16  2.12023225817853e-16   -0.0654714281087396
 6.95698744255328e-05  0.000174818265886713    0.0141088548178138  0.000865012210531571      1.95947260783408  7.26778688538682e-17 -1.33719927608876e-16  6.37460227227004e-16 -2.49094035516753e-15   -0.0119889947875831
-5.65211539852202e-18  5.22669609706952e-19 -5.17882914455943e-17 -1.25747809209575e-17  7.26778688538682e-17      1.81637031754207 -3.99349047000831e-16     0.199812485893937    0.0726511040631093 -4.93611205174127e-16
 9.83193670464171e-18 -3.70054670774401e-19  1.13165551420801e-16 -1.60487739002457e-17 -1.33719927608876e-16 -3.99349047000831e-16      1.81637031754207    0.0726511040631124    -0.199812485893942  9.28080339746458e-17
-1.02321533083974e-17   1.6812609177833e-18 -5.07186905275831e-17 -3.41787385123703e-16  6.37460227227004e-16     0.199812485893937    0.0726511040631124     0.192358207488458   5.7185479906587e-16 -9.66774300319191e-17
 9.51609924271475e-17 -1.99660004871175e-18  4.23164256955846e-16  2.12023225817853e-16 -2.49094035516753e-15    0.0726511040631093    -0.199812485893942   5.7185479906587e-16     0.192358207488456  -5.0135945684588e-17
  0.00187510341203255   0.00216960768027979     -0.13265200971854   -0.0654714281087396   -0.0119889947875831 -4.93611205174127e-16  9.28080339746458e-17 -9.66774300319191e-17  -5.0135945684588e-17    0.0604971080793485
POPULATION (lambda : 0.4): 7.00753972505269
TOTAL ENERGY: -127.232302697006	 lambda: 0.5
1RDM (lambda : 0.5): 
     1.99999198915398 -3.46443795190529e-06  0.000299897756868784 -7.14088195771359e-05  5.74575595305262e-05 -6.18454907510355e-18  1.18569440002486e-17 -9.15755007754046e-18  9.44839808115551e-17    0.0022789099197012
-3.46443795190529e-06      1.99999143028736  0.000249767954502456  0.000235214905095381  0.000137923849428919  7.20227134642628e-19 -3.61718798641796e-19  1.70211974245454e-18 -2.05507307412447e-18   0.00266589902437444
 0.000299897756868784  0.000249767954502456      1.97297421349514  -0.00577452896325858    0.0154479759887747 -6.98327327644251e-17  1.17183995065646e-16 -5.13763155394897e-17  4.29116207054488e-16    -0.170283446404822
-7.14088195771359e-05  0.000235214905095381  -0.00577452896325858      1.98303577545562   0.00217740293601823 -2.08372238345066e-17 -4.52219990062238e-17  -2.9401717335599e-16  1.26567479135436e-16     -0.07465295127237
 5.74575595305262e-05  0.000137923849428919    0.0154479759887747   0.00217740293601823      1.96004479449998  7.06681378722337e-17 -2.42204183868203e-16  6.78586637576801e-16 -2.54053656476326e-15   0.00667101661103917
-6.18454907510355e-18  7.20227134642628e-19 -6.98327327644251e-17 -2.08372238345066e-17  7.06681378722337e-17      1.80481380793435 -3.86179618402325e-15     0.237507017820414     0.086356700532124 -5.36274501615095e-16
 1.18569440002486e-17 -3.61718798641796e-19  1.17183995065646e-16 -4.52219990062238e-17 -2.42204183868203e-16 -3.86179618402325e-15      1.80481380793433    0.0863567005321699    -0.237507017820437  9.50115392834991e-17
-9.15755007754046e-18  1.70211974245454e-18 -5.13763155394897e-17  -2.9401717335599e-16  6.78586637576801e-16     0.237507017820414    0.0863567005321699     0.203776212605211 -7.49110079217452e-15 -9.74978705442444e-17
 9.44839808115551e-17 -2.05507307412447e-18  4.29116207054488e-16  1.26567479135436e-16 -2.54053656476326e-15     0.086356700532124    -0.237507017820437 -7.49110079217452e-15     0.203776212605217 -1.03478641988645e-16
   0.0022789099197012   0.00266589902437444    -0.170283446404822     -0.07465295127237   0.00667101661103917 -5.36274501615095e-16  9.50115392834991e-17 -9.74978705442444e-17 -1.03478641988645e-16    0.0667817560287868
POPULATION (lambda : 0.5): 7.14717037097947
TOTAL ENERGY: -127.155490378323	 lambda: 0.6
1RDM (lambda : 0.6): 
     1.99999044991895 -4.71184933606951e-06  0.000400013213135999 -6.25723769817608e-05  4.11309209528688e-05 -6.62598669618339e-18  1.38845681797433e-17  -8.0251791098249e-18  9.38790083473364e-17   0.00267737839350263
-4.71184933606951e-06      1.99999039060458  0.000349004265704988  0.000252148421129121  9.49221973740221e-05  3.72371730989916e-19 -8.11452037479249e-20  1.96684585760926e-18 -1.82020906135266e-18   0.00316023230827828
 0.000400013213135999  0.000349004265704988      1.96542676247361   -0.0069785357373758    0.0172811162725417 -4.55161577613768e-17  9.79374209137857e-17 -1.00791476532338e-16  3.83046118439489e-16    -0.207271168138748
-6.25723769817608e-05  0.000252148421129121   -0.0069785357373758      1.98234493125068   0.00361361339397466  1.51111417485802e-16 -1.68172272357949e-16 -4.30320665715907e-16 -1.44552879603477e-16   -0.0832737482495114
 4.11309209528688e-05  9.49221973740221e-05    0.0172811162725417   0.00361361339397466      1.96019085052213   3.5880562107938e-16  -5.0435360627991e-16  4.14324734963849e-16 -2.88204024403492e-15    0.0251067521231694
-6.62598669618339e-18  3.72371730989916e-19 -4.55161577613768e-17  1.51111417485802e-16   3.5880562107938e-16       1.7937302787811  4.18971523941983e-15     0.275700035959717     0.100243551968697 -5.55135824973736e-16
 1.38845681797433e-17 -8.11452037479249e-20  9.79374209137857e-17 -1.68172272357949e-16  -5.0435360627991e-16  4.18971523941983e-15      1.79373027878108       0.1002435519687    -0.275700035959702  7.99193153695646e-17
 -8.0251791098249e-18  1.96684585760926e-18 -1.00791476532338e-16 -4.30320665715907e-16  4.14324734963849e-16     0.275700035959717       0.1002435519687     0.214936281715634 -2.76690606377972e-15  -1.5381197249086e-16
 9.38790083473364e-17 -1.82020906135266e-18  3.83046118439489e-16 -1.44552879603477e-16 -2.88204024403492e-15     0.100243551968697    -0.275700035959702 -2.76690606377972e-15     0.214936281715654 -2.15454066015877e-16
  0.00267737839350263   0.00316023230827828    -0.207271168138748   -0.0832737482495114    0.0251067521231694 -5.55135824973736e-16  7.99193153695646e-17  -1.5381197249086e-16 -2.15454066015877e-16    0.0747234942366328
POPULATION (lambda : 0.6): 7.2868247127095
TOTAL ENERGY: -127.06439961818	 lambda: 0.7
1RDM (lambda : 0.7): 
     1.99998871354266 -6.16850586063548e-06  0.000515093816128694 -5.31089174792847e-05  2.13148252478231e-05  -7.1775957640329e-18  1.58306908266517e-17 -6.93043843829375e-18  9.33382250441958e-17   0.00307177405610656
-6.16850586063548e-06      1.99998904130285  0.000466877591908464  0.000274389941575164  4.66350597678977e-05  1.13597644742745e-18  1.02399006174467e-18  1.45243176135077e-18 -1.51738664585083e-18   0.00365269646001292
