TOTAL ENERGY: -126.691969879803	 lambda: -1
1RDM (lambda : -1): 
      1.9999858567768  1.47184303111414e-05 -0.000971981409782661 -0.000206661445245489  0.000353362010684311  5.39251073353618e-18  5.45415662453521e-17  5.03271224291822e-18  9.21792813976029e-17  -0.00492381686176214
 1.47184303111414e-05      1.99996904973726   0.00124175352964309   0.00075991099226086  6.11725705265861e-05 -1.17680425340624e-18 -1.91943805954199e-19 -1.54515458653779e-18 -6.98731096978722e-18   0.00545838771177268
-0.000971981409782661   0.00124175352964309      1.91780499159875   -0.0292558815882213    0.0312319888544506  7.85966468635704e-17  2.64335840173135e-15  1.35969737230314e-16 -3.30774972901014e-16    -0.376530835871482
-0.000206661445245489   0.00075991099226086   -0.0292558815882213      1.96686365521933   -0.0106310795553716 -9.65909187845581e-18  6.37141445675771e-16 -4.22730565637138e-16   2.8596969892752e-15   -0.0895283546928258
 0.000353362010684311  6.11725705265861e-05    0.0312319888544506   -0.0106310795553716      1.94942591971192 -8.11437913589623e-17  6.26937696529278e-15 -4.34000107148075e-15  3.59574598539675e-14     0.158581726050341
 5.39251073353618e-18 -1.17680425340624e-18  7.85966468635704e-17 -9.65909187845581e-18 -8.11437913589623e-17      1.84784176284475  2.57159291017835e-15    -0.460647356019548   -0.0542538055760068  2.58874327700864e-16
 5.45415662453521e-17 -1.91943805954199e-19  2.64335840173135e-15  6.37141445675771e-16  6.26937696529278e-15  2.57159291017835e-15      1.84784176284475    0.0542538055760165    -0.460647356019547  1.48594290160452e-14
 5.03271224291822e-18 -1.54515458653779e-18  1.35969737230314e-16 -4.22730565637138e-16 -4.34000107148075e-15    -0.460647356019548    0.0542538055760165     0.176757190220878 -2.59744617618846e-15   1.0681522040693e-16
 9.21792813976029e-17 -6.98731096978722e-18 -3.30774972901014e-16   2.8596969892752e-15  3.59574598539675e-14   -0.0542538055760068    -0.460647356019547 -2.59744617618846e-15     0.176757190220875 -1.84078663724141e-15
 -0.00492381686176214   0.00545838771177268    -0.376530835871482   -0.0895283546928258     0.158581726050341  2.58874327700864e-16  1.48594290160452e-14   1.0681522040693e-16 -1.84078663724141e-15     0.116752620824691
POPULATION (lambda : -1): 4.96551969170252
TOTAL ENERGY: -126.82331358708	 lambda: -0.9
1RDM (lambda : -0.9): 
     1.99998818933601  1.20389573289069e-05 -0.000796130811990222 -0.000149130558124864   0.00028625611178767  4.82819334854072e-18  5.08381193889756e-17  2.65143334589128e-18  1.02665609781671e-16  -0.00443872001305484
 1.20389573289069e-05      1.99997253688016   0.00103942590500082  0.000678123060058713  0.000109120634647538 -9.90489497689195e-19   6.4641003448548e-18 -1.63317934696205e-18 -4.91233829314897e-18   0.00495332132046599
-0.000796130811990222   0.00103942590500082       1.9300197025694   -0.0251489455924087    0.0279231657898369  8.91855611542101e-17  3.33278607424318e-15 -8.76564613132066e-17  1.81715174111623e-15    -0.345045083377669
-0.000149130558124864  0.000678123060058713   -0.0251489455924087      1.96886750987217   -0.0102714876262878 -6.67424346091395e-17 -2.64322215426072e-15  3.88817659739212e-16 -5.34515781117064e-15   -0.0777404801012239
  0.00028625611178767  0.000109120634647538    0.0279231657898369   -0.0102714876262878      1.95104946878875   1.7471807536485e-17  9.65008598293735e-15 -4.89485357850428e-15  4.22023291951705e-14     0.148680252836271
 4.82819334854072e-18 -9.90489497689195e-19  8.91855611542101e-17 -6.67424346091395e-17   1.7471807536485e-17      1.86549046611724  2.30012661103598e-15    -0.408563188033039   -0.0481194724538838  2.75269969067522e-16
 5.08381193889756e-17   6.4641003448548e-18  3.33278607424318e-15 -2.64322215426072e-15  9.65008598293735e-15  2.30012661103598e-15      1.86549046611724    0.0481194724538946    -0.408563188033044   1.4567599465115e-14
 2.65143334589128e-18 -1.63317934696205e-18 -8.76564613132066e-17  3.88817659739212e-16 -4.89485357850428e-15    -0.408563188033039    0.0481194724538946     0.157688651758948 -2.65962450500436e-15 -1.23348669208482e-16
 1.02665609781671e-16 -4.91233829314897e-18  1.81715174111623e-15 -5.34515781117064e-15  4.22023291951705e-14   -0.0481194724538838    -0.408563188033044 -2.65962450500436e-15     0.157688651758945  6.09319985626914e-16
 -0.00443872001305484   0.00495332132046599    -0.345045083377669   -0.0777404801012239     0.148680252836271  2.75269969067522e-16   1.4567599465115e-14 -1.23348669208482e-16  6.09319985626914e-16     0.103744356801195
POPULATION (lambda : -0.9): 5.10380562565183
TOTAL ENERGY: -126.943242144299	 lambda: -0.8
1RDM (lambda : -0.8): 
     1.99999025096178  9.60285405446287e-06 -0.000636311789096742 -9.84761255004492e-05  0.000225920179225656  4.27927971424913e-18    4.263335161159e-17  1.14564532118326e-18  1.05233775605675e-16  -0.00394628067753792
 9.60285405446287e-06      1.99997583223035   0.00085169628624333  0.000602869322936262  0.000149480695741551 -8.39201751537908e-19  1.07229242574572e-17 -1.52194151226879e-18 -4.82767477886047e-18   0.00443035886141466
-0.000636311789096742   0.00085169628624333      1.94137160937032   -0.0213993438944758    0.0249171756839064  8.20265304864025e-17  3.06949841917917e-15 -1.11845417298852e-16  1.97118816564142e-15    -0.312450117054356
-9.84761255004492e-05  0.000602869322936262   -0.0213993438944758      1.97079600908272  -0.00984633111091363 -6.79973325131683e-17 -2.75080918232154e-15  4.51120095254272e-16 -5.93895127559031e-15   -0.0661658222292193
 0.000225920179225656  0.000149480695741551    0.0249171756839064  -0.00984633111091363      1.95266274461269  2.73675034636331e-17  8.86324179569939e-15 -4.47408068444781e-15  3.85226139860636e-14     0.139154066650792
 4.27927971424913e-18 -8.39201751537908e-19  8.20265304864025e-17 -6.79973325131683e-17  2.73675034636331e-17      1.87918706706058  1.75499024439107e-15    -0.356587627235835   -0.0419979307460908  2.81013709915656e-16
   4.263335161159e-17  1.07229242574572e-17  3.06949841917917e-15 -2.75080918232154e-15  8.86324179569939e-15  1.75499024439107e-15      1.87918706706057    0.0419979307461042     -0.35658762723587  1.36916610537505e-14
 1.14564532118326e-18 -1.52194151226879e-18 -1.11845417298852e-16  4.51120095254272e-16 -4.47408068444781e-15    -0.356587627235835    0.0419979307461042     0.142586414846179 -3.12190296118101e-15 -1.34443209109981e-16
 1.05233775605675e-16 -4.82767477886047e-18  1.97118816564142e-15 -5.93895127559031e-15  3.85226139860636e-14   -0.0419979307460908     -0.35658762723587 -3.12190296118101e-15     0.142586414846185   8.2181293209134e-16
 -0.00394628067753792   0.00443035886141466    -0.312450117054356   -0.0661658222292193     0.139154066650792  2.81013709915656e-16  1.36916610537505e-14 -1.34443209109981e-16   8.2181293209134e-16     0.091656589928722
POPULATION (lambda : -0.8): 5.24492143478667
TOTAL ENERGY: -127.050658087422	 lambda: -0.7
1RDM (lambda : -0.7): 
     1.99999203183688  7.43220865427496e-06 -0.000493181165819334 -5.40661401344964e-05  0.000170818373062015  4.30706354168758e-18  5.69213357658097e-17 -4.02992885869828e-18  1.40987609829064e-16  -0.00344759941787337
 7.43220865427496e-06      1.99997888921332  0.000680079509885806  0.000533994788979025  0.000183912467521776 -5.77245119421231e-19  2.04966368795923e-17 -1.77341468580827e-18 -8.93025538654814e-19   0.00389299536568791
-0.000493181165819334  0.000680079509885806      1.95179425505238   -0.0179874335893056    0.0221558053596874  1.67512613952949e-16  6.72435198707526e-15 -1.00694266881089e-15  1.12571682270422e-14    -0.278651337159233
-5.40661401344964e-05  0.000533994788979025   -0.0179874335893056       1.9726468633158  -0.00936271966823627 -3.65519769563998e-16  -1.5857244026709e-14  3.94074576777976e-15 -4.33489010383083e-14   -0.0546468888835666
 0.000170818373062015  0.000183912467521776    0.0221558053596874  -0.00936271966823627      1.95426386644583  5.37237107638176e-16  2.79059723633357e-14 -8.98571067705276e-15  8.82342205616045e-14      0.12951594074121
 4.30706354168758e-18 -5.77245119421231e-19  1.67512613952949e-16 -3.65519769563998e-16  5.37237107638176e-16      1.88943845467002  2.36397541810812e-15    -0.305189684186524   -0.0359444198330402  3.09224659292907e-16
 5.69213357658097e-17  2.04966368795923e-17  6.72435198707526e-15  -1.5857244026709e-14  2.79059723633357e-14  2.36397541810812e-15      1.88943845467003    0.0359444198330491    -0.305189684186471  1.44244457529164e-14
-4.02992885869828e-18 -1.77341468580827e-18 -1.00694266881089e-15  3.94074576777976e-15 -8.98571067705276e-15    -0.305189684186524    0.0359444198330491     0.130945462670349 -3.81440597164214e-16 -1.08200494984766e-15
 1.40987609829064e-16 -8.93025538654814e-19  1.12571682270422e-14 -4.33489010383083e-14  8.82342205616045e-14   -0.0359444198330402    -0.305189684186471 -3.81440597164214e-16     0.130945462670331  1.11991704501559e-14
 -0.00344759941787337   0.00389299536568791    -0.278651337159233   -0.0546468888835666      0.12951594074121  3.09224659292907e-16  1.44244457529164e-14 -1.08200494984766e-15  1.11991704501559e-14    0.0805562594551142
POPULATION (lambda : -0.7): 5.388164045091
TOTAL ENERGY: -127.144934574476	 lambda: -0.6
1RDM (lambda : -0.6): 
      1.9999935262822  5.54045632703953e-06 -0.000367561082374258 -1.55433302624125e-05  0.000120464303219158  3.17233822766265e-18  1.78643391696126e-17 -1.99824040984709e-19  9.52724463362235e-17  -0.00294308006206223
 5.54045632703953e-06      1.99998167607679  0.000525896817123068  0.000471444018286532  0.000213132288281864 -6.03574868331494e-19  1.50151363273393e-17 -1.17699415681368e-18 -5.76502204904392e-18   0.00334286051906028
-0.000367561082374258  0.000525896817123068      1.96117913543282   -0.0149215576902407    0.0196662649547487  2.65017230507294e-17  9.57060083935045e-16  2.17493383950929e-16 -1.76847690602905e-15    -0.243652440303933
-1.55433302624125e-05  0.000471444018286532   -0.0149215576902407      1.97440553322489  -0.00879229525846091  6.14101623988645e-17  2.59395648745088e-15 -9.23901265682303e-16  9.28773103606731e-15   -0.0431167350827168
 0.000120464303219158  0.000213132288281864    0.0196662649547487  -0.00879229525846091      1.95578490630143 -1.72502664602083e-16 -2.21953082735695e-16 -1.45016435458906e-15   7.0543354197442e-15     0.119605122862269
 3.17233822766265e-18 -6.03574868331494e-19  2.65017230507294e-17  6.14101623988645e-17 -1.72502664602083e-16       1.8967362615883  1.12356380178582e-15    -0.254470717741548   -0.0299708764735982  2.82078598025536e-16
 1.78643391696126e-17  1.50151363273393e-17  9.57060083935045e-16  2.59395648745088e-15 -2.21953082735695e-16  1.12356380178582e-15      1.89673626158831    0.0299708764735978      -0.2544707177415  1.13029914463627e-14
-1.99824040984709e-19 -1.17699415681368e-18  2.17493383950929e-16 -9.23901265682303e-16 -1.45016435458906e-15    -0.254470717741548    0.0299708764735978     0.122272943643748  7.54448468575146e-16  2.47275927994154e-16
 9.52724463362235e-17 -5.76502204904392e-18 -1.76847690602905e-15  9.28773103606731e-15   7.0543354197442e-15   -0.0299708764735982      -0.2544707177415  7.54448468575146e-16     0.122272943643733 -3.20000598405796e-15
 -0.00294308006206223   0.00334286051906028    -0.243652440303933   -0.0431167350827168     0.119605122862269  2.82078598025536e-16  1.13029914463627e-14  2.47275927994154e-16 -3.20000598405796e-15    0.0706368122178191
POPULATION (lambda : -0.6): 5.53322711791953
TOTAL ENERGY: -127.225633505028	 lambda: -0.5
1RDM (lambda : -0.5): 
     1.99999473004608  3.93697613124182e-06 -0.000260424257977732  1.72268281711456e-05  7.50177866558034e-05  3.10652247281632e-18  2.07471420054943e-17 -3.24321437535872e-18   1.1197568899623e-16  -0.00243306868638677
 3.93697613124182e-06      1.99998416983376    0.0003904574960993  0.000415304468995991  0.000237185136069805 -4.04279578789964e-19  2.04672178629843e-17 -1.12710418145034e-18 -5.00459950934657e-18   0.00278059455533632
-0.000260424257977732    0.0003904574960993      1.96940363508715    -0.012221022664826     0.017499033407833  6.53926272351703e-17  2.42893681663966e-15 -1.88635730559787e-16  2.52753100762533e-15     -0.20755359427084
 1.72268281711456e-05  0.000415304468995991    -0.012221022664826      1.97605599679107  -0.00810773882254814 -8.62400967514245e-17 -3.04534739434746e-15  6.40820028617492e-16 -8.10101742822874e-15   -0.0316052397562348
 7.50177866558034e-05  0.000237185136069805     0.017499033407833  -0.00810773882254814      1.95716517762846  8.38156917499068e-17  8.11582656384214e-15 -3.27778714779141e-15   2.8777278867814e-14     0.109517585408458
 3.10652247281632e-18 -4.04279578789964e-19  6.53926272351703e-17 -8.62400967514245e-17  8.38156917499068e-17      1.90139318565985  7.18355381832997e-16    -0.204336376984502   -0.0240661890845351  2.88893864774055e-16
 2.07471420054943e-17  2.04672178629843e-17  2.42893681663966e-15 -3.04534739434746e-15  8.11582656384214e-15  7.18355381832997e-16      1.90139318565985    0.0240661890845313    -0.204336376984446  1.08608623909117e-14
-3.24321437535872e-18 -1.12710418145034e-18 -1.88635730559787e-16  6.40820028617492e-16 -3.27778714779141e-15    -0.204336376984502    0.0240661890845313     0.116256726490486  7.04594708054814e-17 -1.57878569303544e-16
  1.1197568899623e-16 -5.00459950934657e-18  2.52753100762533e-15 -8.10101742822874e-15   2.8777278867814e-14   -0.0240661890845351    -0.204336376984446  7.04594708054814e-17      0.11625672649048  1.47428165003583e-15
 -0.00243306868638677   0.00278059455533632     -0.20755359427084   -0.0316052397562348     0.109517585408458  2.88893864774055e-16  1.08608623909117e-14 -1.57878569303544e-16  1.47428165003583e-15    0.0620964663128319
POPULATION (lambda : -0.5): 5.67997715806097
TOTAL ENERGY: -127.292356897701	 lambda: -0.4
1RDM (lambda : -0.4): 
     1.99999563917345  2.62994240413642e-06 -0.000172775058136914  4.42947023795746e-05  3.48217382893802e-05  2.63941061746886e-18  8.31016382932782e-18 -3.72494837737605e-18   1.0510944944085e-16  -0.00191825052462096
 2.62994240413642e-06      1.99998635125061   0.00027510526483907  0.000365752892848446  0.000255853445472258 -3.18367942478294e-19  2.09740080603875e-17 -1.00634017937408e-18 -4.68325266381017e-18   0.00220671745713741
-0.000172775058136914   0.00027510526483907      1.97635712097391  -0.00989987915268144    0.0156781758273517  2.99887016263552e-17   1.3220470987231e-15   1.2251951915263e-17  1.03758252515046e-16    -0.170504280444408
 4.42947023795746e-05  0.000365752892848446  -0.00989987915268144      1.97758703518709  -0.00730682644966925  3.82094485856521e-18  6.58264916697845e-17 -1.88538407869805e-16  1.73091306378435e-15   -0.0202002969497199
 3.48217382893802e-05  0.000255853445472258    0.0156781758273517  -0.00730682644966925      1.95839785392422 -5.24610314863909e-17  3.55062170352753e-15 -1.51872940114068e-15  9.21452206143486e-15    0.0994370246081765
 2.63941061746886e-18 -3.18367942478294e-19  2.99887016263552e-17  3.82094485856521e-18 -5.24610314863909e-17      1.90351451474472   5.3632287848085e-16    -0.154676723799261   -0.0182174046994378  2.92070613983867e-16
 8.31016382932782e-18  2.09740080603875e-17   1.3220470987231e-15  6.58264916697845e-17  3.55062170352753e-15   5.3632287848085e-16      1.90351451474472    0.0182174046994469    -0.154676723799259  9.76134538381664e-15
-3.72494837737605e-18 -1.00634017937408e-18   1.2251951915263e-17 -1.88538407869805e-16 -1.51872940114068e-15    -0.154676723799261    0.0182174046994469     0.112797862640628   -1.318768512662e-15  5.79218504650771e-17
  1.0510944944085e-16 -4.68325266381017e-18  1.03758252515046e-16  1.73091306378435e-15  9.21452206143486e-15   -0.0182174046994378    -0.154676723799259   -1.318768512662e-15     0.112797862640633 -9.75860965296682e-16
 -0.00191825052462096   0.00220671745713741    -0.170504280444408   -0.0202002969497199    0.0994370246081765  2.92070613983867e-16  9.76134538381664e-15  5.79218504650771e-17 -9.75860965296682e-16    0.0550512447200346
POPULATION (lambda : -0.4): 5.82827835693055
TOTAL ENERGY: -127.344714576851	 lambda: -0.3
1RDM (lambda : -0.3): 
      1.9999962500533  1.62714109069211e-06 -0.000105532585886515  6.57483749155199e-05  1.29329043534919e-07  2.53931457453294e-18  5.01737235175565e-18 -5.54119801038363e-18    1.107479959602e-16  -0.00139978745329674
 1.62714109069211e-06      1.99998820224891  0.000181183127993874  0.000322989021673148    0.0002689462919319 -1.58180329639415e-19  2.35577426161257e-17 -8.60128405159509e-19 -4.91247293355275e-18   0.00162218040079776
-0.000105532585886515  0.000181183127993874      1.98195100579595   -0.0079606918932204    0.0141871070810153  4.03450086516234e-17  1.62445450342719e-15 -1.11609899850217e-16  1.44345329201223e-15    -0.132646367684936
 6.57483749155199e-05  0.000322989021673148   -0.0079606918932204       1.9789910418286  -0.00641551645636955 -5.06246316950139e-17 -1.41600573277844e-15  2.45768597803953e-16 -3.54534077213733e-15  -0.00899318678361411
 1.29329043534919e-07    0.0002689462919319    0.0141871070810153  -0.00641551645636955       1.9595317227254   4.3011823334029e-17  5.99074572141207e-15 -1.69258075109208e-15  1.31138186089118e-14    0.0894650990538143
 2.53931457453294e-18 -1.58180329639415e-19  4.03450086516234e-17 -5.06246316950139e-17   4.3011823334029e-17      1.90307351738434 -1.35910219541397e-16    -0.105490136622012   -0.0124243418794986  2.90338895348464e-16
 5.01737235175565e-18  2.35577426161257e-17  1.62445450342719e-15 -1.41600573277844e-15  5.99074572141207e-15 -1.35910219541397e-16      1.90307351738433    0.0124243418794959     -0.10549013662197  8.86288060364709e-15
-5.54119801038363e-18 -8.60128405159509e-19 -1.11609899850217e-16  2.45768597803953e-16 -1.69258075109208e-15    -0.105490136622012    0.0124243418794959     0.111937475028077 -7.75153406864096e-16 -4.07598217350287e-17
   1.107479959602e-16 -4.91247293355275e-18  1.44345329201223e-15 -3.54534077213733e-15  1.31138186089118e-14   -0.0124243418794986     -0.10549013662197 -7.75153406864096e-16     0.111937475028086   3.7051613433114e-16
 -0.00139978745329674   0.00162218040079776    -0.132646367684936  -0.00899318678361411    0.0894650990538143  2.90338895348464e-16  8.86288060364709e-15 -4.07598217350287e-17   3.7051613433114e-16    0.0495197925230313
POPULATION (lambda : -0.3): 5.97789946099755
TOTAL ENERGY: -127.382354493522	 lambda: -0.2
1RDM (lambda : -0.2): 
     1.99999656003963  9.35406550488943e-07 -5.94611544771604e-05  8.17697604701662e-05 -2.89350319080032e-05  2.30169147867932e-18 -2.57940923841263e-18 -6.62809124795697e-18  1.09416133993151e-16 -0.000879306344191207
 9.35406550488943e-07      1.99998970533437  0.000109974181133446   0.00028720970247494  0.000276379404238387 -6.69980839448842e-20  2.40142944202895e-17 -7.47928847554178e-19 -4.40716191337625e-18   0.00102855997841354
-5.94611544771604e-05  0.000109974181133446      1.98611285899527  -0.00639894476088995    0.0129869501850202  2.32718839263098e-17  1.22565081014761e-15 -6.47741940245345e-17  6.57651061382916e-16    -0.094080719009636
 8.17697604701662e-05   0.00028720970247494  -0.00639894476088995      1.98025740050131  -0.00547408121312977 -1.77675350823619e-17 -4.90333207752048e-16  3.13839789815886e-17 -4.89637955422911e-16   0.00196232866476462
-2.89350319080032e-05  0.000276379404238387    0.0129869501850202  -0.00547408121312977      1.96063813186998  7.56503093546587e-18  5.23683195393685e-15 -8.75969601512396e-16  4.02641639996528e-15    0.0795261184767882
 2.30169147867932e-18 -6.69980839448842e-20  2.32718839263098e-17 -1.77675350823619e-17  7.56503093546587e-18      1.90003727047433  1.09113284197779e-15   -0.0569249886428893   -0.0067044718805983    2.938768949485e-16
-2.57940923841263e-18  2.40142944202895e-17  1.22565081014761e-15 -4.90333207752048e-16  5.23683195393685e-15  1.09113284197779e-15      1.90003727047433   0.00670447188060042   -0.0569249886428218  7.94769374321035e-15
-6.62809124795697e-18 -7.47928847554178e-19 -6.47741940245345e-17  3.13839789815886e-17 -8.75969601512396e-16   -0.0569249886428893   0.00670447188060042     0.113731146072904 -9.37159639580811e-16  1.45161308625542e-17
 1.09416133993151e-16 -4.40716191337625e-18  6.57651061382916e-16 -4.89637955422911e-16  4.02641639996528e-15   -0.0067044718805983   -0.0569249886428218 -9.37159639580811e-16     0.113731146072902 -2.76060441037418e-16
-0.000879306344191207   0.00102855997841354    -0.094080719009636   0.00196232866476462    0.0795261184767882    2.938768949485e-16  7.94769374321035e-15  1.45161308625542e-17 -2.76060441037418e-16    0.0454685101649981
POPULATION (lambda : -0.2): 6.12848400809459
TOTAL ENERGY: -127.405014440877	 lambda: -0.1
1RDM (lambda : -0.1): 
     1.99999656824449  5.59506687776238e-07 -3.51309352487522e-05  9.26347012086277e-05 -5.22889457203921e-05  2.27262891600501e-18 -6.91429144112849e-18 -8.06323247739606e-18  1.11699578189754e-16 -0.000358819212043014
 5.59506687776238e-07       1.9999908440914  6.26384797444443e-05  0.000258620270765355  0.000278105176711482  7.14604250326896e-20  2.49674928853063e-17 -6.04701965599026e-19 -4.52000163485885e-18  0.000427980344167167
-3.51309352487522e-05  6.26384797444443e-05      1.98877513792176  -0.00521186473459589    0.0120475575445652  2.52794095007718e-17  1.25236100700511e-15 -1.08297094744306e-16  1.11842692054281e-15   -0.0548717651927123
 9.26347012086277e-05  0.000258620270765355  -0.00521186473459589      1.98136570209519  -0.00451752634738114 -4.36764972435181e-17 -8.69307518901313e-16  1.44552244128279e-16 -2.13451818224205e-15    0.0126601757417429
-5.22889457203921e-05  0.000278105176711482    0.0120475575445652  -0.00451752634738114      1.96176940353055  5.38559936168897e-17  6.45839210681128e-15 -5.65820911598245e-16  2.34655459974077e-15    0.0693746030543045
 2.27262891600501e-18  7.14604250326896e-20  2.52794095007718e-17 -4.36764972435181e-17  5.38559936168897e-17      1.89449058983687  2.05849598795183e-15  -0.00924059532614449  -0.00108833263286637  2.90556137520041e-16
-6.91429144112849e-18  2.49674928853063e-17  1.25236100700511e-15 -8.69307518901313e-16  6.45839210681128e-15  2.05849598795183e-15      1.89449058983688   0.00108833263286853  -0.00924059532611983  6.97684979258201e-15
-8.06323247739606e-18 -6.04701965599026e-19 -1.08297094744306e-16  1.44552244128279e-16 -5.65820911598245e-16  -0.00924059532614449   0.00108833263286853     0.118123068694213 -9.34892330072272e-16 -3.21039377495745e-18
 1.11699578189754e-16 -4.52000163485885e-18  1.11842692054281e-15 -2.13451818224205e-15  2.34655459974077e-15  -0.00108833263286637  -0.00924059532611983 -9.34892330072272e-16     0.118123068694203  1.34618863758866e-16
-0.000358819212043014  0.000427980344167167   -0.0548717651927123    0.0126601757417429    0.0693746030543045  2.90556137520041e-16  6.97684979258201e-15 -3.21039377495745e-18  1.34618863758866e-16     0.042875027054429
POPULATION (lambda : -0.1): 6.27956336239512
TOTAL ENERGY: -127.412569250226	 lambda: 0
1RDM (lambda : 0): 
     1.99999627622327  5.01181652544435e-07 -3.28769786877541e-05  9.86948880500913e-05 -6.98210738411294e-05  2.21384361315092e-18 -1.21667375606916e-17 -9.27842939848071e-18  1.11887889212181e-16  0.000159429252083147
 5.01181652544435e-07      1.99999160393493  4.01424208687289e-05  0.000237442673323784  0.000274012663945703   1.6459224231653e-19  2.47602048325948e-17 -4.75199302924541e-19 -4.23218579368704e-18 -0.000177141360539145
-3.28769786877541e-05  4.01424208687289e-05      1.98987024715565  -0.00440374985217152    0.0113694329465937  1.68646576834503e-17  1.09917737738927e-15   -1.080324981927e-16   9.0231506434415e-16   -0.0150813239836658
 9.86948880500913e-05  0.000237442673323784  -0.00440374985217152       1.9822838650144  -0.00356153206720937 -3.64509269063471e-17 -5.97772354664353e-16  1.05580943058549e-16 -1.33481369114725e-15    0.0231225540342936
-6.98210738411294e-05  0.000274012663945703    0.0113694329465937  -0.00356153206720937      1.96293324777122   5.8840082677894e-17  7.06179632289974e-15 -3.98194878308648e-17 -2.98858286406906e-15    0.0586860832941112
 2.21384361315092e-18   1.6459224231653e-19  1.68646576834503e-17 -3.64509269063471e-17   5.8840082677894e-17      1.88671319495743 -1.14712325045725e-16    0.0372901126705481   0.00439192917826284  2.90205720387895e-16
-1.21667375606916e-17  2.47602048325948e-17  1.09917737738927e-15 -5.97772354664353e-16  7.06179632289974e-15 -1.14712325045725e-16      1.88671319495742  -0.00439192917826341    0.0372901126705846  5.98943671884262e-15
-9.27842939848071e-18 -4.75199302924541e-19   -1.080324981927e-16  1.05580943058549e-16 -3.98194878308648e-17    0.0372901126705481  -0.00439192917826341     0.124865213008978 -4.31370484520738e-16  1.12213632810966e-17
 1.11887889212181e-16 -4.23218579368704e-18   9.0231506434415e-16 -1.33481369114725e-15 -2.98858286406906e-15   0.00439192917826284    0.0372901126705846 -4.31370484520738e-16     0.124865213008983  2.31549971577981e-17
 0.000159429252083147 -0.000177141360539145   -0.0150813239836658    0.0231225540342936    0.0586860832941112  2.90205720387895e-16  5.98943671884262e-15  1.12213632810966e-17  2.31549971577981e-17    0.0417679439677401
POPULATION (lambda : 0): 6.43061040490638
TOTAL ENERGY: -127.40504916427	 lambda: 0.1
1RDM (lambda : 0.1): 
     1.99999568823203  7.58876381477874e-07 -5.27552848366591e-05  0.000100370086847667  -8.1411489036179e-05  2.23118219325757e-18 -1.64468030443748e-17 -1.05040539906761e-17  1.12457392458834e-16  0.000673220055636538
 7.58876381477874e-07      1.99999197261195  4.31862559680351e-05  0.000223884971331726  0.000263890307595772  2.61092359925601e-19  2.41502726537536e-17 -3.40859841984403e-19 -4.05011377139338e-18 -0.000784438535385605
-5.27552848366591e-05  4.31862559680351e-05      1.98933648084117  -0.00398354495974843    0.0109856760388412  1.21488456389095e-17  1.02922949871912e-15  -1.1914539798083e-16  8.68809557462984e-16    0.0251914156595664
 0.000100370086847667  0.000223884971331726  -0.00398354495974843      1.98297288025925  -0.00259955468540615  -3.9498946575561e-17 -5.03132520425812e-16  1.04747825749991e-16 -1.18666381496891e-15    0.0333668495223313
 -8.1411489036179e-05  0.000263890307595772    0.0109856760388412  -0.00259955468540615      1.96409228887971  7.70090128504081e-17  8.03755404981702e-15  4.17517726115015e-16 -7.21339626508876e-15    0.0471804902848568
 2.23118219325757e-18  2.61092359925601e-19  1.21488456389095e-17  -3.9498946575561e-17  7.70090128504081e-17      1.87717952208413 -8.06902135181664e-16    0.0824965957056578   0.00971622676492803  2.87259797096366e-16
-1.64468030443748e-17  2.41502726537536e-17  1.02922949871912e-15 -5.03132520425812e-16  8.03755404981702e-15 -8.06902135181664e-16      1.87717952208411  -0.00971622676492742    0.0824965957056685  4.91453377146913e-15
-1.05040539906761e-17 -3.40859841984403e-19  -1.1914539798083e-16  1.04747825749991e-16  4.17517726115015e-16    0.0824965957056578  -0.00971622676492742     0.133513118682225 -1.21611721415678e-15  1.78301310062756e-17
 1.12457392458834e-16 -4.05011377139338e-18  8.68809557462984e-16 -1.18666381496891e-15 -7.21339626508876e-15   0.00971622676492803    0.0824965957056685 -1.21611721415678e-15     0.133513118682245  4.60316410047894e-17
 0.000673220055636538 -0.000784438535385605    0.0251914156595664    0.0333668495223313    0.0471804902848568  2.87259797096366e-16  4.91453377146913e-15  1.78301310062756e-17  4.60316410047894e-17     0.042225407643201
POPULATION (lambda : 0.1): 6.5811340526808
TOTAL ENERGY: -127.382608470168	 lambda: 0.2
1RDM (lambda : 0.2): 
     1.99999481078447  1.32843984693494e-06 -9.45275251340614e-05  9.81509049017174e-05 -8.70238885089945e-05  2.28732372421753e-18 -2.01205822981306e-17 -1.16946140685735e-17   1.1293808644316e-16   0.00118069556508234
 1.32843984693494e-06      1.99999194021736  7.21545914195636e-05  0.000218072406683941  0.000247474255214708  3.50269552693953e-19  2.29491172600679e-17 -2.06509962540013e-19 -3.86997305858019e-18  -0.00139192259929922
-9.45275251340614e-05  7.21545914195636e-05      1.98713049049337  -0.00395633978260387    0.0109473976469271  8.12506405214669e-18  9.93594504830495e-16 -1.30316214398815e-16  8.39077646960298e-16    0.0657853572911699
 9.81509049017174e-05  0.000218072406683941  -0.00395633978260387      1.98339576307228  -0.00160965465974246 -4.35074134534216e-17 -4.13526522636752e-16  1.04336424825519e-16 -1.05273172560294e-15    0.0433788136916252
-8.70238885089945e-05  0.000247474255214708    0.0109473976469271  -0.00160965465974246      1.96518089793921  9.63663565792917e-17  9.11861049314538e-15  8.62080502067475e-16 -1.12951213023195e-14    0.0347245456567122
 2.28732372421753e-18  3.50269552693953e-19  8.12506405214669e-18 -4.35074134534216e-17  9.63663565792917e-17       1.8664766093343  1.03038586740857e-15     0.126399285307812    0.0148869667787026  2.82921788380608e-16
-2.01205822981306e-17  2.29491172600679e-17  9.93594504830495e-16 -4.13526522636752e-16  9.11861049314538e-15  1.03038586740857e-15      1.86647660933429   -0.0148869667787005     0.126399285307844  3.75060449958394e-15
-1.16946140685735e-17 -2.06509962540013e-19 -1.30316214398815e-16  1.04336424825519e-16  8.62080502067475e-16     0.126399285307812   -0.0148869667787005     0.143504269942578 -1.95984016497541e-15   2.4219976772722e-17
  1.1293808644316e-16 -3.86997305858019e-18  8.39077646960298e-16 -1.05273172560294e-15 -1.12951213023195e-14    0.0148869667787026     0.126399285307844 -1.95984016497541e-15     0.143504269942583  7.07680703821378e-17
  0.00118069556508234  -0.00139192259929922    0.0657853572911699    0.0433788136916252    0.0347245456567122  2.82921788380608e-16  3.75060449958394e-15   2.4219976772722e-17  7.07680703821378e-17    0.0443443389395808
POPULATION (lambda : 0.2): 6.73079237844359
TOTAL ENERGY: -127.345445019498	 lambda: 0.3
1RDM (lambda : 0.3): 
     1.99999365154752  2.20463188718581e-06 -0.000157702951646119  9.25927401579131e-05 -8.67988240422513e-05  2.36790851257175e-18 -2.32084425307953e-17 -1.28574824079403e-17  1.13358189044743e-16   0.00168065741010673
 2.20463188718581e-06      1.99999149876762   0.00012711253895464  0.000219972243221834  0.000224550381131889  4.28278138927168e-19  2.11206933687743e-17 -7.11697436016242e-20 -3.67597924793058e-18  -0.00199817769133633
-0.000157702951646119   0.00012711253895464      1.98323821951612  -0.00431431690876706    0.0113038436890941  4.85642453225135e-18  9.96217663273542e-16 -1.41661357156981e-16  8.08143810632435e-16     0.106476317896289
 9.25927401579131e-05  0.000219972243221834  -0.00431431690876706      1.98352623421018 -0.000565311141089407 -4.71388175219021e-17 -3.18487244797619e-16  1.03489504906572e-16 -9.26937890034267e-16    0.0531040085800731
-8.67988240422513e-05  0.000224550381131889    0.0113038436890941 -0.000565311141089407      1.96612482766392  1.17197824422604e-16  1.02467902254755e-14   1.2948408583112e-15 -1.52855813468668e-14    0.0213815191367096
 2.36790851257175e-18  4.28278138927168e-19  4.85642453225135e-18 -4.71388175219021e-17  1.17197824422604e-16      1.85516714948937 -2.38336120169539e-16     0.169236485506753    0.0199322169943684  2.77517685267152e-16
-2.32084425307953e-17  2.11206933687743e-17  9.96217663273542e-16 -3.18487244797619e-16  1.02467902254755e-14 -2.38336120169539e-16      1.85516714948934   -0.0199322169943769     0.169236485506856  2.50439170835268e-15
-1.28574824079403e-17 -7.11697436016242e-20 -1.41661357156981e-16  1.03489504906572e-16   1.2948408583112e-15     0.169236485506753   -0.0199322169943769     0.154293007987969 -3.67541694515964e-15  3.04288109498516e-17
 1.13358189044743e-16 -3.67597924793058e-18  8.08143810632435e-16 -9.26937890034267e-16 -1.52855813468668e-14    0.0199322169943684     0.169236485506856 -3.67541694515964e-15     0.154293007988002   9.5817676948111e-17
  0.00168065741010673  -0.00199817769133633     0.106476317896289    0.0531040085800731    0.0213815191367096  2.77517685267152e-16  2.50439170835268e-15  3.04288109498516e-17   9.5817676948111e-17    0.0482052533399882
POPULATION (lambda : 0.3): 6.87947768697998
TOTAL ENERGY: -127.293703107404	 lambda: 0.4
1RDM (lambda : 0.4): 
     1.99999221803055  3.38285561763113e-06 -0.000241628621607719  8.42856763491331e-05 -8.10921137721074e-05  2.28879529200825e-18 -2.59854617017304e-17 -1.40777077481515e-17  1.13627150738957e-16   0.00217269225538831
 3.38285561763113e-06      1.99999064162781  0.000207843320209652  0.000229347504768207  0.000195065692081481  -8.4015221029816e-19   1.6805215590298e-17  9.57847706269237e-19 -1.73767566056079e-18  -0.00260235325982811
-0.000241628621607719  0.000207843320209652      1.97767951766378  -0.00503215146876079    0.0120862858083798  8.08653625689181e-17  1.15017544319102e-15 -2.78386345394291e-16  5.47793005422876e-16     0.146993361221989
 8.42856763491331e-05  0.000229347504768207  -0.00503215146876079      1.98335372788528  0.000555383038427281  2.90831863817152e-16  2.61833924928699e-16  -4.1201665072188e-16 -1.73833561020771e-15    0.0624565838409299
-8.10921137721074e-05  0.000195065692081481    0.0120862858083798  0.000555383038427281      1.96685533720139  6.70863750157831e-16  1.21235188748991e-14  8.41189006563859e-16 -2.08082606972583e-14   0.00740525225796409
 2.28879529200825e-18  -8.4015221029816e-19  8.08653625689181e-17  2.90831863817152e-16  6.70863750157831e-16      1.84364612395392 -9.35252403528439e-17     0.211421326487935    0.0249006342983074   2.7420500872545e-16
-2.59854617017304e-17   1.6805215590298e-17  1.15017544319102e-15  2.61833924928699e-16  1.21235188748991e-14 -9.35252403528439e-17      1.84364612395389    -0.024900634298321     0.211421326488024  1.20262369937308e-15
-1.40777077481515e-17  9.57847706269237e-19 -2.78386345394291e-16  -4.1201665072188e-16  8.41189006563859e-16     0.211421326487935    -0.024900634298321     0.165493718750418  -3.8400071419594e-15  1.23846752237114e-16
 1.13627150738957e-16 -1.73767566056079e-18  5.47793005422876e-16 -1.73833561020771e-15 -2.08082606972583e-14    0.0249006342983074     0.211421326488024  -3.8400071419594e-15     0.165493718750451  2.77751528408633e-16
  0.00217269225538831  -0.00260235325982811     0.146993361221989    0.0624565838409299   0.00740525225796409   2.7420500872545e-16  1.20262369937308e-15  1.23846752237114e-16  2.77751528408633e-16    0.0538488721825192
POPULATION (lambda : 0.4): 7.02732839066884
TOTAL ENERGY: -127.227408852379	 lambda: 0.5
1RDM (lambda : 0.5): 
     1.99999051672085  4.86039371542384e-06  -0.00034558424297834  7.38049443250816e-05 -7.04476277366863e-05  3.22080738783844e-18 -2.75608472152939e-17 -1.48067870001961e-17  1.14339686877694e-16    0.0026570636542225
 4.86039371542384e-06      1.99998936318189  0.000313899231634293  0.000245751801215693  0.000159215541456713  5.31603951832881e-18  1.78705021198324e-17 -3.14867529255955e-18 -5.54004674595578e-18    -0.003203982741314
 -0.00034558424297834  0.000313899231634293      1.97050737407647  -0.00606826340876276    0.0132978756694669 -3.05814353141703e-16   9.7564106020357e-16  3.48264466258359e-16  1.06670329695086e-15     0.187042759719786
 7.38049443250816e-05  0.000245751801215693  -0.00606826340876276      1.98288413139157   0.00176473617606419 -1.37167202771815e-15  -7.2753490139136e-16   2.1452180956169e-15  6.00537010698388e-16    0.0713358545689269
-7.04476277366863e-05  0.000159215541456713    0.0132978756694669   0.00176473617606419      1.96732007783111 -1.85875755755123e-15   1.1530112551895e-14  5.45765070572281e-15 -2.10663426622325e-14  -0.00680847385293148
 3.22080738783844e-18  5.31603951832881e-18 -3.05814353141703e-16 -1.37167202771815e-15 -1.85875755755123e-15      1.83203898808897  3.46231530169105e-15     0.253446435738953    0.0298502385620638  3.07988430141258e-16
-2.75608472152939e-17  1.78705021198324e-17   9.7564106020357e-16  -7.2753490139136e-16   1.1530112551895e-14  3.46231530169105e-15      1.83203898808897   -0.0298502385620748     0.253446435738967 -1.04917965085448e-16
-1.48067870001961e-17 -3.14867529255955e-18  3.48264466258359e-16   2.1452180956169e-15  5.45765070572281e-15     0.253446435738953   -0.0298502385620748     0.176983626270734 -2.49050071653114e-15 -3.31920691922758e-16
 1.14339686877694e-16 -5.54004674595578e-18  1.06670329695086e-15  6.00537010698388e-16 -2.10663426622325e-14    0.0298502385620638     0.253446435738967 -2.49050071653114e-15     0.176983626270725  -8.6042537288511e-17
   0.0026570636542225    -0.003203982741314     0.187042759719786    0.0713358545689269  -0.00680847385293148  3.07988430141258e-16 -1.04917965085448e-16 -3.31920691922758e-16  -8.6042537288511e-17    0.0612633080787292
POPULATION (lambda : 0.5): 7.17465528679438
TOTAL ENERGY: -127.14647272162	 lambda: 0.6
1RDM (lambda : 0.6): 
     1.99998855310879  6.63667413013429e-06 -0.000468837223007328  6.16632637122883e-05 -5.55201778644341e-05 -2.51891966433356e-18 -2.90117759945053e-17 -1.94047115555704e-17  1.14469869290438e-16   0.00313441568020786
 6.63667413013429e-06      1.99998765893046  0.000444643157326664  0.000268553475671926  0.000117474466290062 -3.42344380767515e-17  1.43149074293929e-17  2.45803506485715e-17 -8.81233409457331e-19  -0.00380274678948293
-0.000468837223007328  0.000444643157326664      1.96180510084117   -0.0073699292443484    0.0149081143473576  2.45508018410813e-15  1.08974867732644e-15 -4.25475911205064e-15  5.05751168099344e-16     0.226334703056333
 6.16632637122883e-05  0.000268553475671926   -0.0073699292443484      1.98213789906075   0.00306441375633031  1.03341073591017e-14 -6.86530551986305e-16 -1.55501740242894e-14 -1.32760865637582e-15    0.0796412058367478
-5.55201778644341e-05  0.000117474466290062    0.0149081143473576   0.00306441375633031      1.96749675129165  1.56343838701866e-14   1.2573822250085e-14 -2.14127424502087e-14 -2.82216586679782e-14   -0.0208000264106621
-2.51891966433356e-18 -3.42344380767515e-17  2.45508018410813e-15  1.03341073591017e-14  1.56343838701866e-14       1.8201706352579 -9.46799365325232e-16     0.295767713880873    0.0348347249432205 -4.43403469299093e-16
-2.90117759945053e-17  1.43149074293929e-17  1.08974867732644e-15 -6.86530551986305e-16   1.2573822250085e-14 -9.46799365325232e-16      1.82017063525791   -0.0348347249432096     0.295767713880869 -1.39543997440046e-15
-1.94047115555704e-17  2.45803506485715e-17 -4.25475911205064e-15 -1.55501740242894e-14 -2.14127424502087e-14     0.295767713880873   -0.0348347249432096     0.188934954073572  2.24696294542412e-15  3.08581979768659e-15
 1.14469869290438e-16 -8.81233409457331e-19  5.05751168099344e-16 -1.32760865637582e-15 -2.82216586679782e-14    0.0348347249432205     0.295767713880869  2.24696294542412e-15     0.188934954073562  3.04104420490157e-16
  0.00313441568020786  -0.00380274678948293     0.226334703056333    0.0796412058367478   -0.0208000264106621 -4.43403469299093e-16 -1.39543997440046e-15  3.08581979768659e-15  3.04104420490157e-16    0.0703728581042369
POPULATION (lambda : 0.6): 7.32181205519347
TOTAL ENERGY: -127.050757344176	 lambda: 0.7
1RDM (lambda : 0.7): 
     1.99998633262042  8.71252918083001e-06 -0.000610643791290584  4.82864454824893e-05 -3.69589715651623e-05   1.3740507547712e-19 -3.05146821470484e-17 -1.91692603411961e-17  1.14997597918174e-16   0.00360539912148278
 8.71252918083001e-06      1.99998552588235  0.000599286373643802  0.000296971524999022  7.05251326828953e-05 -1.53142175707259e-17  1.01241966230944e-17  1.07290463069663e-17 -2.60884257800805e-18  -0.00439830681516208
