TOTAL ENERGY: -126.54719500808	 lambda: -1
1RDM (lambda : -1): 
     1.99995965949781  4.47442540009637e-05  -0.00196514077633388 -0.000292710905722643  8.33309743283576e-18  4.44265337505244e-17 -0.000127010287942521 -2.95521328143022e-17  1.55519608033278e-16   0.00850920734947364
 4.47442540009637e-05       1.9999341042394   0.00236719816212674  0.000742089867276252  1.26988679446684e-18 -2.23290980765951e-18 -0.000319163400785312  2.47379603500401e-18 -5.22301759429643e-18  -0.00972176351937062
 -0.00196514077633388   0.00236719816212674      1.89264146296688   -0.0242718881040548  1.33133368450245e-16  4.65016262564431e-16  -0.00682318301194579 -1.76384122347064e-16  1.14606215377902e-15     0.440119959199621
-0.000292710905722643  0.000742089867276252   -0.0242718881040548      1.97884676942239  -4.9548573143316e-16 -8.77546984055109e-16     0.015668846016182 -3.15200086544148e-16 -3.18167176443652e-15    0.0738736753364355
 8.33309743283576e-18  1.26988679446684e-18  1.33133368450245e-16  -4.9548573143316e-16      1.85342740499039  5.99418176245693e-15 -6.32795460713745e-16    -0.449192494276084    -0.175309819281772 -2.29358630509848e-16
 4.44265337505244e-17 -2.23290980765951e-18  4.65016262564431e-16 -8.77546984055109e-16  5.99418176245693e-15       1.8534274049904 -7.06301274613692e-16     0.175309819281784    -0.449192494276053 -5.40724676839329e-16
-0.000127010287942521 -0.000319163400785312  -0.00682318301194579     0.015668846016182 -6.32795460713745e-16 -7.06301274613692e-16      1.96793657514554 -1.27210664246221e-15 -3.35249307708549e-15     0.040221131674857
-2.95521328143022e-17  2.47379603500401e-18 -1.76384122347064e-16 -3.15200086544148e-16    -0.449192494276084     0.175309819281784 -1.27210664246221e-15     0.167879569269229  2.59303193240773e-16 -9.17858551600671e-17
 1.55519608033278e-16 -5.22301759429643e-18  1.14606215377902e-15 -3.18167176443652e-15    -0.175309819281772    -0.449192494276053 -3.35249307708549e-15  2.59303193240773e-16     0.167879569269211  1.96825535020701e-16
  0.00850920734947364  -0.00972176351937062     0.440119959199621    0.0738736753364355 -2.29358630509848e-16 -5.40724676839329e-16     0.040221131674857 -9.17858551600671e-17  1.96825535020701e-16     0.118067480208795
POPULATION (lambda : -1): 4.72616355082588
TOTAL ENERGY: -126.686999781751	 lambda: -0.9
1RDM (lambda : -0.9): 
     1.99996649399339  3.69409649384372e-05  -0.00161897251338122 -0.000213699362139646  7.16249613860075e-18  3.91417423051002e-17 -9.37972190694091e-05 -2.85999686294255e-17   1.5379884495354e-16   0.00772510003691773
 3.69409649384372e-05      1.99994325685359   0.00197329947098827  0.000644353629568945  1.43275774957516e-18 -1.65503395151177e-18 -0.000334784940861065  2.15281871703204e-18 -5.18590857272471e-18  -0.00887217932383311
 -0.00161897251338122   0.00197329947098827      1.90921251682048   -0.0205892743864573  8.46122657601503e-17  3.81942237290851e-16  -0.00618444324921481 -2.22583439608189e-16  1.01447645317984e-15     0.404063643138406
-0.000213699362139646  0.000644353629568945   -0.0205892743864573      1.97984640643964 -3.23964170906663e-16 -6.43130773386128e-16    0.0146837402109203 -1.24680631633235e-16 -2.56230738044102e-15    0.0640543883696749
 7.16249613860075e-18  1.43275774957516e-18  8.46122657601503e-17 -3.23964170906663e-16      1.87448755943651  4.34680731434157e-15 -3.40177344545425e-16    -0.403271494348372    -0.157387876553412  -2.0563983002566e-16
 3.91417423051002e-17 -1.65503395151177e-18  3.81942237290851e-16 -6.43130773386128e-16  4.34680731434157e-15      1.87448755943651 -3.82350809195628e-16     0.157387876553427    -0.403271494348362 -5.35323978204176e-16
-9.37972190694091e-05 -0.000334784940861065  -0.00618444324921481    0.0146837402109203 -3.40177344545425e-16 -3.82350809195628e-16      1.96903587995262 -9.02503924504649e-16 -2.34562964356733e-15    0.0370923549099176
-2.85999686294255e-17  2.15281871703204e-18 -2.22583439608189e-16 -1.24680631633235e-16    -0.403271494348372     0.157387876553427 -9.02503924504649e-16     0.145715794683363  -2.6699328870811e-15 -6.09058072307346e-17
  1.5379884495354e-16 -5.18590857272471e-18  1.01447645317984e-15 -2.56230738044102e-15    -0.157387876553412    -0.403271494348362 -2.34562964356733e-15  -2.6699328870811e-15     0.145715794683357  2.44716356156824e-16
  0.00772510003691773  -0.00887217932383311     0.404063643138406    0.0640543883696749  -2.0563983002566e-16 -5.35323978204176e-16    0.0370923549099176 -6.09058072307346e-17  2.44716356156824e-16     0.101588737700564
POPULATION (lambda : -0.9): 4.87338799579372
TOTAL ENERGY: -126.817541573098	 lambda: -0.8
1RDM (lambda : -0.8): 
     1.99997269505309  2.97349268442926e-05  -0.00129905941958083 -0.000144074501703889  6.50427459931943e-18  3.45583319660809e-17 -6.62855772136634e-05 -2.71954465866587e-17  1.52780166861349e-16    0.0069179956173463
 2.97349268442926e-05       1.9999518894921   0.00160360737059424  0.000555952534534509  1.41774368528782e-18 -1.25241847688651e-18 -0.000343271176629594  2.06521222723318e-18 -4.52104732181059e-18  -0.00798091513397406
 -0.00129905941958083   0.00160360737059424      1.92476335392303   -0.0172779874675828   1.0046275391351e-16  3.68399389414652e-16   -0.0058042389048371 -2.04948442272729e-16  1.04374646108509e-15     0.366237964374646
-0.000144074501703889  0.000555952534534509   -0.0172779874675828      1.98077977163026 -3.77583313400417e-16 -6.60611659274349e-16    0.0136326743673858 -2.67674365668427e-16 -2.79837350636491e-15    0.0544673667848172
 6.50427459931943e-18  1.41774368528782e-18   1.0046275391351e-16 -3.77583313400417e-16       1.8923521185961  1.40472040769392e-15 -4.33829965485525e-16     -0.35620663510816    -0.139019511009839 -1.97547773775628e-16
 3.45583319660809e-17 -1.25241847688651e-18  3.68399389414652e-16 -6.60611659274349e-16  1.40472040769392e-15      1.89235211859609 -4.78416307995101e-16     0.139019511009856    -0.356206635108187 -5.45976829223587e-16
-6.62855772136634e-05 -0.000343271176629594   -0.0058042389048371    0.0136326743673858 -4.33829965485525e-16 -4.78416307995101e-16      1.97011349004874 -9.96852758083393e-16 -2.53091736017283e-15    0.0347042077443414
-2.71954465866587e-17  2.06521222723318e-18 -2.04948442272729e-16 -2.67674365668427e-16     -0.35620663510816     0.139019511009856 -9.96852758083393e-16      0.12674148038124 -5.33850944089395e-15 -7.84167759072081e-17
 1.52780166861349e-16 -4.52104732181059e-18  1.04374646108509e-15 -2.79837350636491e-15    -0.139019511009839    -0.356206635108187 -2.53091736017283e-15 -5.33850944089395e-15     0.126741480381251  1.64776010532497e-16
   0.0069179956173463  -0.00798091513397406     0.366237964374646    0.0544673667848172 -1.97547773775628e-16 -5.45976829223587e-16    0.0347042077443414 -7.84167759072081e-17  1.64776010532497e-16    0.0862316018981322
POPULATION (lambda : -0.8): 5.02702378907289
TOTAL ENERGY: -126.936739983821	 lambda: -0.7
1RDM (lambda : -0.7): 
      1.9999782098635  2.32086837837183e-05  -0.00100830441040772 -8.33456812778909e-05  5.43648538378272e-18  2.97021951982298e-17 -4.28119480509732e-05 -2.60641842824119e-17  1.50559093131572e-16   0.00609064879571366
 2.32086837837183e-05      1.99995987600326   0.00126256955583656  0.000476835686553408  1.47135399590692e-18 -8.07816214325257e-19 -0.000346541143787477  1.81451310965542e-18 -4.23159274750871e-18  -0.00705226772765703
 -0.00100830441040772   0.00126256955583656      1.93914503547639   -0.0143184591775159   7.1247558770793e-17  3.06239117177898e-16    -0.005598229722481 -2.38994231055739e-16  9.34744394079884e-16     0.326620628786798
-8.33456812778909e-05  0.000476835686553408   -0.0143184591775159      1.98165391348842 -2.57658719548791e-16 -4.94477130555781e-16    0.0125435077053578 -1.23988504824487e-16 -2.30671385256385e-15    0.0450580054421697
 5.43648538378272e-18  1.47135399590692e-18   7.1247558770793e-17 -2.57658719548791e-16      1.90702249745257  2.45298523045021e-15 -2.50102672953104e-16    -0.308558679468897    -0.120423575784614 -1.90521792727524e-16
 2.97021951982298e-17 -8.07816214325257e-19  3.06239117177898e-16 -4.94477130555781e-16  2.45298523045021e-15      1.90702249745257 -2.80074727153844e-16     0.120423575784629    -0.308558679468891 -5.55541184593861e-16
-4.28119480509732e-05 -0.000346541143787477    -0.005598229722481    0.0125435077053578 -2.50102672953104e-16 -2.80074727153844e-16      1.97117858789119 -6.84486889688675e-16 -1.69273870568548e-15    0.0328641884589793
-2.60641842824119e-17  1.81451310965542e-18 -2.38994231055739e-16 -1.23988504824487e-16    -0.308558679468897     0.120423575784629 -6.84486889688675e-16     0.110964764384154  -1.9061597194418e-15 -5.36586422763605e-17
 1.50559093131572e-16 -4.23159274750871e-18  9.34744394079884e-16 -2.30671385256385e-15    -0.120423575784614    -0.308558679468891 -1.69273870568548e-15  -1.9061597194418e-15      0.11096476438415  1.86482223102207e-16
  0.00609064879571366  -0.00705226772765703     0.326620628786798    0.0450580054421697 -1.90521792727524e-16 -5.55541184593861e-16    0.0328641884589793 -5.36586422763605e-17  1.86482223102207e-16    0.0721098536038421
POPULATION (lambda : -0.7): 5.18600943164951
TOTAL ENERGY: -127.042994110248	 lambda: -0.6
1RDM (lambda : -0.6): 
     1.99998299600589  1.74307984598857e-05 -0.000749514738887451  -3.1085738982106e-05  4.56648193670806e-18  2.52450025071536e-17 -2.21188706337848e-05 -2.47415326991215e-17  1.48464914083249e-16   0.00524544227883982
 1.74307984598857e-05      1.99996710705533  0.000954394054341064  0.000406963736791663  1.45663996429944e-18 -4.37760162360881e-19 -0.000346134968720448  1.63869851869407e-18 -3.72386474043595e-18  -0.00608989009196469
-0.000749514738887451  0.000954394054341064      1.95218594175723   -0.0117022822443302  6.70696469678302e-17  2.70827733929061e-16  -0.00550824252116194  -2.4600837103622e-16  8.88469551218178e-16     0.285223532882999
 -3.1085738982106e-05  0.000406963736791663   -0.0117022822443302      1.98246775283839 -2.27980530267673e-16 -4.30270488966617e-16    0.0114319640455765 -1.19227092317517e-16 -2.16217001275916e-15    0.0357867481708111
 4.56648193670806e-18  1.45663996429944e-18  6.70696469678302e-17 -2.27980530267673e-16      1.91864341610673  1.95073396278096e-15 -2.22049440693962e-16    -0.260714260170731     -0.10175096516615 -1.89789540909673e-16
 2.52450025071536e-17 -4.37760162360881e-19  2.70827733929061e-16 -4.30270488966617e-16  1.95073396278096e-15      1.91864341610673 -2.49061336033195e-16     0.101750965166154    -0.260714260170697 -5.69597911248785e-16
-2.21188706337848e-05 -0.000346134968720448  -0.00550824252116194    0.0114319640455765 -2.22049440693962e-16 -2.49061336033195e-16       1.9722307278265 -5.69311901889081e-16 -1.34897596966432e-15     0.031415860951715
-2.47415326991215e-17  1.63869851869407e-18  -2.4600837103622e-16 -1.19227092317517e-16    -0.260714260170731     0.101750965166154 -5.69311901889081e-16    0.0982490659653268  1.30190468483928e-15 -4.80266313607874e-17
 1.48464914083249e-16 -3.72386474043595e-18  8.88469551218178e-16 -2.16217001275916e-15     -0.10175096516615    -0.260714260170697 -1.34897596966432e-15  1.30190468483928e-15    0.0982490659653197  1.57728983313273e-16
  0.00524544227883982  -0.00608989009196469     0.285223532882999    0.0357867481708111 -1.89789540909673e-16 -5.69597911248785e-16     0.031415860951715 -4.80266313607874e-17  1.57728983313273e-16    0.0593805103726179
POPULATION (lambda : -0.6): 5.34953118307716
TOTAL ENERGY: -127.135059099414	 lambda: -0.5
1RDM (lambda : -0.5): 
     1.99998701933632  1.24582445184515e-05 -0.000525447759249002  1.30299335163341e-05  3.74525761695577e-18  2.10243334126496e-17 -3.37311348109598e-06 -2.33453693714388e-17  1.46216971351196e-16   0.00438457817617549
 1.24582445184515e-05      1.99997348837472  0.000683133683061068  0.000346372645581804  1.42763274345456e-18 -9.41189137866106e-20 -0.000343154344765094  1.46787223281769e-18 -3.17352723289519e-18  -0.00509689163434871
-0.000525447759249002  0.000683133683061068      1.96369653236996  -0.00943024094057763  6.99313813916851e-17  2.42621958499066e-16  -0.00549666109829476 -2.43195212038606e-16  8.58471224204884e-16     0.242112576556443
 1.30299335163341e-05  0.000346372645581804  -0.00943024094057763       1.9832146074687   -2.245242182011e-16 -3.96492773644979e-16    0.0103077142896237 -1.59956311755688e-16 -2.11659071349844e-15    0.0266430307390993
 3.74525761695577e-18  1.42763274345456e-18  6.99313813916851e-17   -2.245242182011e-16      1.92740033378462 -1.06734888581148e-15 -2.38699882629183e-16    -0.212907065857185   -0.0830928828037691 -1.91822945771481e-16
 2.10243334126496e-17 -9.41189137866106e-20  2.42621958499066e-16 -3.96492773644979e-16 -1.06734888581148e-15      1.92740033378462 -2.64165073186743e-16    0.0830928828037605    -0.212907065857189 -5.84113458123176e-16
-3.37311348109598e-06 -0.000343154344765094  -0.00549666109829476    0.0103077142896237 -2.38699882629183e-16 -2.64165073186743e-16      1.97326452160184 -5.18399155964457e-16 -1.14717153829448e-15    0.0302583131466625
-2.33453693714388e-17  1.46787223281769e-18 -2.43195212038606e-16 -1.59956311755688e-16    -0.212907065857185    0.0830928828037605 -5.18399155964457e-16    0.0884175392707559  8.95144384379972e-16 -4.73378637318291e-17
 1.46216971351196e-16 -3.17352723289519e-18  8.58471224204884e-16 -2.11659071349844e-15   -0.0830928828037691    -0.212907065857189 -1.14717153829448e-15  8.95144384379972e-16    0.0884175392707588  1.16195173661439e-16
  0.00438457817617549  -0.00509689163434871     0.242112576556443    0.0266430307390993 -1.91822945771481e-16 -5.84113458123176e-16    0.0302583131466625 -4.73378637318291e-17  1.16195173661439e-16    0.0482280847377142
POPULATION (lambda : -0.5): 5.51697755144315
TOTAL ENERGY: -127.211921674758	 lambda: -0.4
1RDM (lambda : -0.4): 
     1.99999025204413  8.33936833808451e-06 -0.000338767010983126  4.92601645185754e-05   2.8047613560104e-18  1.68749250453414e-17  1.39497203112103e-05  -2.2021512457592e-17  1.43493441285549e-16     0.003510350502449
 8.33936833808451e-06      1.99997893697851  0.000452705995847699  0.000295163212899466  1.40714505175224e-18  2.37080392285917e-19 -0.000338367628021334   1.2749463278637e-18 -2.64345279796545e-18  -0.00407620645486729
-0.000338767010983126  0.000452705995847699      1.97348221461023  -0.00750669148696194  6.20533190719786e-17  2.04274251899857e-16  -0.00553477774104268 -2.56141210945894e-16  7.86371401117626e-16     0.197410126126277
 4.92601645185754e-05  0.000295163212899466  -0.00750669148696194      1.98388493312701 -1.77534717828097e-16 -3.23423564771994e-16   0.00918080782249611 -1.03915609973242e-16  -1.8500676617367e-15    0.0176435501331719
  2.8047613560104e-18  1.40714505175224e-18  6.20533190719786e-17 -1.77534717828097e-16      1.93345406066109 -8.66171320525687e-16 -1.98916024521493e-16    -0.165275700665795   -0.0645034227860057 -1.99533057026204e-16
 1.68749250453414e-17  2.37080392285917e-19  2.04274251899857e-16 -3.23423564771994e-16 -8.66171320525687e-16      1.93345406066108 -2.25803878682932e-16    0.0645034227860075    -0.165275700665809 -6.01652064163844e-16
 1.39497203112103e-05 -0.000338367628021334  -0.00553477774104268   0.00918080782249611 -1.98916024521493e-16 -2.25803878682932e-16      1.97427488813974 -3.32073925271111e-16 -6.40629900116381e-16     0.029332632567125
 -2.2021512457592e-17   1.2749463278637e-18 -2.56141210945894e-16 -1.03915609973242e-16    -0.165275700665795    0.0645034227860075 -3.32073925271111e-16    0.0813201858824343 -1.36555143106883e-16 -3.43649847655878e-17
 1.43493441285549e-16 -2.64345279796545e-18  7.86371401117626e-16  -1.8500676617367e-15   -0.0645034227860057    -0.165275700665809 -6.40629900116381e-16 -1.36555143106883e-16    0.0813201858824386  1.00766241122295e-16
    0.003510350502449  -0.00407620645486729     0.197410126126277    0.0176435501331719 -1.99533057026204e-16 -6.01652064163844e-16     0.029332632567125 -3.43649847655878e-17  1.00766241122295e-16    0.0388402820133475
POPULATION (lambda : -0.4): 5.68784208681856
TOTAL ENERGY: -127.272726008529	 lambda: -0.3
1RDM (lambda : -0.3): 
     1.99999267178465    5.115710811167e-06 -0.000191936786402222  7.78622765071932e-05  1.91998233652688e-18  1.29695484455805e-17  3.01996400632703e-05 -2.06224579836139e-17  1.40674577553684e-16   0.00262536225030602
   5.115710811167e-06      1.99998337818433  0.000266832524953214  0.000253453394403346  1.38817749370845e-18  5.53468247653458e-19 -0.000332354791477934  1.08759059216201e-18 -2.06919103091497e-18  -0.00303097221649203
-0.000191936786402222  0.000266832524953214      1.98135712288587  -0.00593453169014308  6.15834792138562e-17  1.73802451077019e-16  -0.00559393011050957 -2.56769125843251e-16  7.35264732348703e-16     0.151284396939283
 7.78622765071932e-05  0.000253453394403346  -0.00593453169014308      1.98446773452893 -1.61525712784441e-16 -2.84645589238958e-16   0.00806503775386499 -1.05038874769194e-16 -1.70478393042168e-15   0.00882045889006274
 1.91998233652688e-18  1.38817749370845e-18  6.15834792138562e-17 -1.61525712784441e-16      1.93692616831395 -1.31450003284421e-15 -2.08437690367321e-16    -0.117922748899118   -0.0460226196775632 -2.09129695637269e-16
 1.29695484455805e-17  5.53468247653458e-19  1.73802451077019e-16 -2.84645589238958e-16 -1.31450003284421e-15      1.93692616831394 -2.37301378227194e-16    0.0460226196775588    -0.117922748899124 -6.18678363186399e-16
 3.01996400632703e-05 -0.000332354791477934  -0.00559393011050957   0.00806503775386499 -2.08437690367321e-16 -2.37301378227194e-16        1.975259739769 -2.24756401532976e-16 -3.03268246580224e-16    0.0285911278508547
-2.06224579836139e-17  1.08759059216201e-18 -2.56769125843251e-16 -1.05038874769194e-16    -0.117922748899118    0.0460226196775588 -2.24756401532976e-16    0.0768493634891719 -8.52576532090247e-16 -2.80344733604707e-17
 1.40674577553684e-16 -2.06919103091497e-18  7.35264732348703e-16 -1.70478393042168e-15   -0.0460226196775632    -0.117922748899124 -3.03268246580224e-16 -8.52576532090247e-16    0.0768493634891792  7.05754776745514e-17
  0.00262536225030602  -0.00303097221649203     0.151284396939283   0.00882045889006274 -2.09129695637269e-16 -6.18678363186399e-16    0.0285911278508547 -2.80344733604707e-17  7.05754776745514e-17    0.0313882892409542
POPULATION (lambda : -0.3): 5.86163232200063
TOTAL ENERGY: -127.316754973241	 lambda: -0.2
1RDM (lambda : -0.2): 
     1.99999426193603  2.82226383822559e-06  -8.7099057850663e-05  9.91422911227352e-05  9.98348976396819e-19  9.22450696145994e-18  4.56302003293625e-05   -1.923339870357e-17  1.37589809794081e-16    0.0017326185449821
 2.82226383822559e-06       1.9999867445575  0.000128926562628894  0.000221332241283663  1.37697723461262e-18  8.56078052553081e-19 -0.000325595773049493  8.97386447374471e-19 -1.47233983059136e-18  -0.00196474575874872
 -8.7099057850663e-05  0.000128926562628894      1.98715377723054   -0.0047131559717802  5.88210782439359e-17  1.42311036596134e-16  -0.00564405329135568 -2.60446258907122e-16   6.7263227087775e-16     0.103935858549847
 9.91422911227352e-05  0.000221332241283663   -0.0047131559717802      1.98495044344238 -1.38982666184738e-16 -2.44532877540909e-16   0.00697723420322299 -7.92829172945074e-17 -1.50478961735899e-15  0.000208445406626756
 9.98348976396819e-19  1.37697723461262e-18  5.88210782439359e-17 -1.38982666184738e-16      1.93792173214022  4.57515707610961e-17 -2.16849251390022e-16   -0.0709501471880077   -0.0276902600355446 -2.22721732734133e-16
 9.22450696145994e-18  8.56078052553081e-19  1.42311036596134e-16 -2.44532877540909e-16  4.57515707610961e-17      1.93792173214021 -2.51243028450021e-16    0.0276902600355421   -0.0709501471880052 -6.36992511515713e-16
 4.56302003293625e-05 -0.000325595773049493  -0.00564405329135568   0.00697723420322299 -2.16849251390022e-16 -2.51243028450021e-16      1.97621919459516  -8.2694855101305e-17  1.02218275632168e-16     0.027969908075488
  -1.923339870357e-17  8.97386447374471e-19 -2.60446258907122e-16 -7.92829172945074e-17   -0.0709501471880077    0.0276902600355421  -8.2694855101305e-17    0.0749169142808129 -2.16941233050664e-16 -1.90291080401397e-17
 1.37589809794081e-16 -1.47233983059136e-18   6.7263227087775e-16 -1.50478961735899e-15   -0.0276902600355446   -0.0709501471880052  1.02218275632168e-16 -2.16941233050664e-16    0.0749169142808137  4.55852655562125e-17
   0.0017326185449821  -0.00196474575874872     0.103935858549847  0.000208445406626756 -2.22721732734133e-16 -6.36992511515713e-16     0.027969908075488 -1.90291080401397e-17  4.55852655562125e-17    0.0260182853963193
POPULATION (lambda : -0.2): 6.03781872345935
TOTAL ENERGY: -127.343443758411	 lambda: -0.1
1RDM (lambda : -0.1): 
     1.99999501248353  1.48671963792521e-06 -2.59624782034487e-05  0.000113475607472654   7.2276680811481e-20  5.67002884610866e-18  6.04112703235228e-05 -1.78287885940978e-17  1.34320481850932e-16  0.000835494358467786
 1.48671963792521e-06      1.99998897642159  4.19690495433256e-05  0.000198832979665008  1.38126539451091e-18  1.15076149987708e-18 -0.000318476627658499   7.0598732640035e-19 -8.51202476893156e-19 -0.000881517720710563
-2.59624782034487e-05  4.19690495433256e-05      1.99072820464875  -0.00383908456963429   5.6631496175533e-17  1.12567781088882e-16   -0.0056585276846964 -2.61130521333372e-16  6.10817350253365e-16    0.0555894551562226
 0.000113475607472654  0.000198832979665008  -0.00383908456963429      1.98531819644607 -1.23468766383947e-16 -2.15222835161226e-16   0.00593374443416134 -5.92542017210761e-17 -1.31515650714379e-15  -0.00816230463231162
  7.2276680811481e-20  1.38126539451091e-18   5.6631496175533e-17 -1.23468766383947e-16      1.93656366492577  1.44526591691108e-16 -2.40571616824547e-16   -0.0244635520023225  -0.00954757994788781 -2.38512664077593e-16
 5.67002884610866e-18  1.15076149987708e-18  1.12567781088882e-16 -2.15222835161226e-16  1.44526591691108e-16      1.93656366492577 -2.82210561270527e-16    0.0095475799478819   -0.0244635520023259   -6.549852748201e-16
 6.04112703235228e-05 -0.000318476627658499   -0.0056585276846964   0.00593374443416134 -2.40571616824547e-16 -2.82210561270527e-16       1.9771527235593  5.07217490672723e-17  4.90065019516106e-16    0.0273789739669137
-1.78287885940978e-17   7.0598732640035e-19 -2.61130521333372e-16 -5.92542017210761e-17   -0.0244635520023225    0.0095475799478819  5.07217490672723e-17    0.0754187654999278 -4.23665198278285e-16 -1.11256530127139e-17
 1.34320481850932e-16 -8.51202476893156e-19  6.10817350253365e-16 -1.31515650714379e-15  -0.00954757994788781   -0.0244635520023259  4.90065019516106e-16 -4.23665198278285e-16    0.0754187654999273  1.90120447468513e-17
 0.000835494358467786 -0.000881517720710563    0.0555894551562226  -0.00816230463231162 -2.38512664077593e-16   -6.549852748201e-16    0.0273789739669137 -1.11256530127139e-17  1.90120447468513e-17    0.0228520255893692
POPULATION (lambda : -0.1): 6.21582889774559
TOTAL ENERGY: -127.352398155368	 lambda: 0
1RDM (lambda : 0): 
     1.99999492090656  1.12857231206663e-06  -9.7128123339004e-06  0.000121305900658048 -8.65757041600041e-19  2.29731368056794e-18  7.46136700401643e-05  -1.6420828222748e-17  1.30870758336342e-16 -6.23933189628961e-05
 1.12857231206663e-06      1.99999002293648  8.39655997040511e-06   0.00018591897387054  1.40438757202239e-18  1.43864925447567e-18 -0.000311247585539448  5.13872228188476e-19 -2.08152271073374e-19  0.000214418360401085
 -9.7128123339004e-06  8.39655997040511e-06      1.99196347593907  -0.00330726173198755  5.39678831779026e-17  8.38654240985224e-17  -0.00562065748153295 -2.60294291362618e-16  5.47580615060961e-16   0.00649530227642894
 0.000121305900658048   0.00018591897387054  -0.00330726173198755      1.98555374393111 -1.12134015722161e-16 -1.94147785702225e-16   0.00494636156571543 -3.76309907082122e-17 -1.12359981649483e-15   -0.0162651309077455
-8.65757041600041e-19  1.40438757202239e-18  5.39678831779026e-17 -1.12134015722161e-16      1.93301515460042 -4.22973185329558e-16  -2.7568967262562e-16    0.0214468225838721   0.00837021637070961 -2.55963765852538e-16
 2.29731368056794e-18  1.43864925447567e-18  8.38654240985224e-17 -1.94147785702225e-16 -4.22973185329558e-16      1.93301515460041 -3.26701290216822e-16  -0.00837021637071417    0.0214468225838946 -6.72120509144539e-16
 7.46136700401643e-05 -0.000311247585539448  -0.00562065748153295   0.00494636156571543  -2.7568967262562e-16 -3.26701290216822e-16      1.97805658440425  1.84258387013871e-16  8.75496477350225e-16    0.0267123512425454
 -1.6420828222748e-17  5.13872228188476e-19 -2.60294291362618e-16 -3.76309907082122e-17    0.0214468225838721  -0.00837021637071417  1.84258387013871e-16    0.0782108431922104 -6.60911325098546e-16 -3.83968075206226e-18
 1.30870758336342e-16 -2.08152271073374e-19  5.47580615060961e-16 -1.12359981649483e-15   0.00837021637070961    0.0214468225838946  8.75496477350225e-16 -6.60911325098546e-16    0.0782108431922128 -7.76432512004713e-18
-6.23933189628961e-05  0.000214418360401085   0.00649530227642894   -0.0162651309077455 -2.55963765852538e-16 -6.72120509144539e-16    0.0267123512425454 -3.83968075206226e-18 -7.76432512004713e-18    0.0219892562973051
POPULATION (lambda : 0): 6.39507433631277
TOTAL ENERGY: -127.343398908717	 lambda: 0.1
1RDM (lambda : 0.1): 
      1.9999939925645  1.75874084105621e-06 -3.89459070313993e-05  0.000123137950667313 -1.81471605098984e-18 -9.01964597515393e-19  8.82079589376194e-05  -1.5012293411844e-17  1.27259789497303e-16 -0.000957371121086213
 1.75874084105621e-06      1.99998984290742  3.00077777942742e-05  0.000182466330848892  1.44985504945272e-18  1.72068572820426e-18 -0.000303987243047792  3.22180569373661e-19  4.55477661824768e-19   0.00131865663728176
-3.89459070313993e-05  3.00077777942742e-05      1.99077480256491  -0.00311107675390061  5.07172171376383e-17  5.61883187972084e-17  -0.00552719766950543  -2.5763941058971e-16  4.83581998724633e-16   -0.0430659898800426
 0.000123137950667313  0.000182466330848892  -0.00311107675390061      1.98563869691605 -1.05274967717524e-16 -1.81004967289829e-16   0.00401960972976062 -1.66977607581241e-17 -9.33146107538451e-16   -0.0240705358436551
-1.81471605098984e-18  1.44985504945272e-18  5.07172171376383e-17 -1.05274967717524e-16      1.92747741977767  4.10574276248679e-16 -3.21658458554538e-16    0.0667337219695451    0.0260446839469921 -2.74164639374052e-16
-9.01964597515393e-19  1.72068572820426e-18  5.61883187972084e-17 -1.81004967289829e-16  4.10574276248679e-16      1.92747741977767 -3.83765047579225e-16   -0.0260446839469921    0.0667337219695451 -6.87671650577524e-16
 8.82079589376194e-05 -0.000303987243047792  -0.00552719766950543   0.00401960972976062 -3.21658458554538e-16 -3.83765047579225e-16      1.97892319986854  3.15716944427607e-16  1.25611599099401e-15    0.0258707369534345
 -1.5012293411844e-17  3.22180569373661e-19  -2.5763941058971e-16 -1.66977607581241e-17    0.0667337219695451   -0.0260446839469921  3.15716944427607e-16    0.0831095410840705  8.42571325327642e-16  2.44538488899538e-18
 1.27259789497303e-16  4.55477661824768e-19  4.83581998724633e-16 -9.33146107538451e-16    0.0260446839469921    0.0667337219695451  1.25611599099401e-15  8.42571325327642e-16    0.0831095410840664  -3.4812640889942e-17
-0.000957371121086213   0.00131865663728176   -0.0430659898800426   -0.0240705358436551 -2.74164639374052e-16 -6.87671650577524e-16    0.0258707369534345  2.44538488899538e-18  -3.4812640889942e-17    0.0235055434551149
POPULATION (lambda : 0.1): 6.57499143220178
TOTAL ENERGY: -127.316386075197	 lambda: 0.2
1RDM (lambda : 0.2): 
     1.99999224033056  3.37997675650787e-06 -0.000113628240976117  0.000119534269492021 -2.77639848052576e-18 -3.94290144971024e-18  0.000101095119072754 -1.36074765849918e-17  1.23498575926767e-16  -0.00184591333307006
 3.37997675650787e-06      1.99998840498235  0.000107888789668414   0.00018823307659486  1.51990988326552e-18  1.99704224586917e-18 -0.000296609616573593   1.3108121664028e-19  1.13562625674739e-18   0.00242686015072077
-0.000113628240976117  0.000107888789668414      1.98711699797032  -0.00324047669068373  4.66247654436235e-17  2.94350249470378e-17  -0.00538698601347432 -2.53493771286742e-16   4.1878128448833e-16   -0.0927801802593979
 0.000119534269492021   0.00018823307659486  -0.00324047669068373      1.98555597981729 -1.02339352646007e-16  -1.7497168352019e-16   0.00315017185529968   4.7723964069879e-18 -7.42069048897892e-16    -0.031539286874663
-2.77639848052576e-18  1.51990988326552e-18  4.66247654436235e-17 -1.02339352646007e-16      1.92016267446215 -5.30659032363221e-17 -3.76820381986526e-16     0.111413205067786    0.0434820904772571 -2.92464237411156e-16
-3.94290144971024e-18  1.99704224586917e-18  2.94350249470378e-17  -1.7497168352019e-16 -5.30659032363221e-17      1.92016267446215 -4.51688258410436e-16   -0.0434820904772545     0.111413205067817  -7.0118755294445e-16
 0.000101095119072754 -0.000296609616573593  -0.00538698601347432   0.00315017185529968 -3.76820381986526e-16 -4.51688258410436e-16      1.97974266097805  4.45828954242755e-16  1.63275323286691e-15    0.0247848823385113
-1.36074765849918e-17   1.3108121664028e-19 -2.53493771286742e-16   4.7723964069879e-18     0.111413205067786   -0.0434820904772545  4.45828954242755e-16    0.0899172548662398  3.42165998792414e-16  7.67603526801495e-18
 1.23498575926767e-16  1.13562625674739e-18   4.1878128448833e-16 -7.42069048897892e-16    0.0434820904772571     0.111413205067817  1.63275323286691e-15  3.42165998792414e-16    0.0899172548662392 -6.18370627200984e-17
 -0.00184591333307006   0.00242686015072077   -0.0927801802593979    -0.031539286874663 -2.92464237411156e-16  -7.0118755294445e-16    0.0247848823385113  7.67603526801495e-18 -6.18370627200984e-17    0.0274438572646496
POPULATION (lambda : 0.2): 6.75507989755864
TOTAL ENERGY: -127.271428080688	 lambda: 0.3
1RDM (lambda : 0.3): 
     1.99998968352356  5.98793386831928e-06 -0.000233094125276991  0.000111115184768503  -3.7546029904842e-18 -6.84416818190957e-18  0.000113157500188038 -1.22073215738702e-17  1.19592664822749e-16  -0.00272482026122393
 5.98793386831928e-06      1.99998568733963  0.000242361486947325  0.000202818709945438    1.603015324621e-18  2.25882856000833e-18 -0.000288916782515748 -4.75141989250991e-20  1.84599169185871e-18   0.00353489429741358
-0.000233094125276991  0.000242361486947325      1.98099244149243  -0.00367897483919295  4.21342758999047e-17  3.96532281602768e-18  -0.00521569377691801 -2.48899036642437e-16  3.52112636122646e-16    -0.142303951628491
 0.000111115184768503  0.000202818709945438  -0.00367897483919295      1.98529272539659 -1.00824744338446e-16 -1.73968083023309e-16    0.0023282072291205  2.23995363592725e-17 -5.56294233248825e-16   -0.0386191517910562
 -3.7546029904842e-18    1.603015324621e-18  4.21342758999047e-17 -1.00824744338446e-16      1.91125222269669  8.76661625590564e-16 -4.43683195315044e-16     0.155567407653099    0.0607144907579752 -3.10745185915563e-16
-6.84416818190957e-18  2.25882856000833e-18  3.96532281602768e-18 -1.73968083023309e-16  8.76661625590564e-16      1.91125222269669 -5.31546643908556e-16     -0.06071449075798     0.155567407653082 -7.12726122477609e-16
 0.000113157500188038 -0.000288916782515748  -0.00521569377691801    0.0023282072291205 -4.43683195315044e-16 -5.31546643908556e-16      1.98050547073069  5.82190983399898e-16  2.01628494281597e-15    0.0234296771136995
-1.22073215738702e-17 -4.75141989250991e-20 -2.48899036642437e-16  2.23995363592725e-17     0.155567407653099     -0.06071449075798  5.82190983399898e-16    0.0984633066684768 -4.55024455266557e-16  1.14847877166242e-17
 1.19592664822749e-16  1.84599169185871e-18  3.52112636122646e-16 -5.56294233248825e-16    0.0607144907579752     0.155567407653082  2.01628494281597e-15 -4.55024455266557e-16    0.0984633066684753 -8.90367788019459e-17
 -0.00272482026122393   0.00353489429741358    -0.142303951628491   -0.0386191517910562 -3.10745185915563e-16 -7.12726122477609e-16    0.0234296771136995  1.14847877166242e-17 -8.90367788019459e-17    0.0338029327867754
POPULATION (lambda : 0.3): 6.93492589357991
TOTAL ENERGY: -127.208687070592	 lambda: 0.4
1RDM (lambda : 0.4): 
      1.9999863464699  9.57251250659872e-06 -0.000396084339792989  9.85559616083958e-05 -4.72604479411277e-18 -9.61218302228033e-18  0.000124302376820034 -1.08107746354864e-17  1.15538454803927e-16  -0.00359132933008599
 9.57251250659872e-06      1.99998167717881  0.000432964740815394  0.000225628187445339  1.83757729658924e-18  2.56272104458687e-18 -0.000280670644580032 -3.33166647725951e-19  2.45549844300294e-18   0.00463890434518763
-0.000396084339792989  0.000432964740815394      1.97245646327327  -0.00440103761775666    3.144010956201e-17 -2.26592108840665e-17  -0.00502937936616613 -2.33036958436203e-16  2.94679093501518e-16    -0.191278795927994
 9.85559616083958e-05  0.000225628187445339  -0.00440103761775666      1.98484276489496 -1.27235949682293e-16 -1.88674700836635e-16     0.001539733452533  8.90313672274753e-17 -3.23450229355995e-16   -0.0452469702447513
-4.72604479411277e-18  1.83757729658924e-18    3.144010956201e-17 -1.27235949682293e-16      1.90085452192263  2.02002636250448e-15 -4.80326784823741e-16     0.199326803363447    0.0777928083021852 -3.26396546399034e-16
-9.61218302228033e-18  2.56272104458687e-18 -2.26592108840665e-17 -1.88674700836635e-16  2.02002636250448e-15      1.90085452192262 -6.05025872038382e-16   -0.0777928083021962     0.199326803363456 -7.21445580906738e-16
 0.000124302376820034 -0.000280670644580032  -0.00502937936616613     0.001539733452533 -4.80326784823741e-16 -6.05025872038382e-16      1.98120547063129  6.41800277758737e-16  2.32550594561815e-15    0.0218238600738624
-1.08107746354864e-17 -3.33166647725951e-19 -2.33036958436203e-16  8.90313672274753e-17     0.199326803363447   -0.0777928083021962  6.41800277758737e-16     0.108645446923004   -2.346520153883e-15  1.65767410569487e-17
 1.15538454803927e-16  2.45549844300294e-18  2.94679093501518e-16 -3.23450229355995e-16    0.0777928083021852     0.199326803363456  2.32550594561815e-15   -2.346520153883e-15     0.108645446923003 -1.13653397844657e-16
 -0.00359132933008599   0.00463890434518763    -0.191278795927994   -0.0452469702447513 -3.26396546399034e-16 -7.21445580906738e-16    0.0218238600738624  1.65767410569487e-17 -1.13653397844657e-16    0.0425273398605559
POPULATION (lambda : 0.4): 7.11420279434746
TOTAL ENERGY: -127.128393886841	 lambda: 0.5
1RDM (lambda : 0.5): 
     1.99998225717362  1.41190103324447e-05 -0.000600820267833698  8.25757461216449e-05 -5.79461669764637e-18 -1.22670467883726e-17  0.000134472154910242 -9.43072355628373e-18  1.11317446012108e-16  -0.00444313332583229
 1.41190103324447e-05      1.99997637030147  0.000678478984279332  0.000255856046219878   1.7001302178712e-18  2.81917414753891e-18 -0.000271644557059586 -2.36506436248196e-19  3.29283036703887e-18   0.00573534742139269
-0.000600820267833698  0.000678478984279332      1.96161758459333  -0.00537111253112478   3.7622828591347e-17 -4.63882427060052e-17  -0.00483967787670965 -2.53490307193549e-16  2.17548195037487e-16    -0.239352111254066
 8.25757461216449e-05  0.000255856046219878  -0.00537111253112478      1.98420810898042 -7.31526891231782e-17  -2.0219849415179e-16  0.000769193362542633 -1.95562680389912e-17 -1.79353827800601e-16   -0.0513552617887387
-5.79461669764637e-18   1.7001302178712e-18   3.7622828591347e-17 -7.31526891231782e-17      1.88897755196025  2.85157242540086e-15 -6.46842046726909e-16     0.242836368894959    0.0947736220551374 -3.47788969133545e-16
-1.22670467883726e-17  2.81917414753891e-18 -4.63882427060052e-17  -2.0219849415179e-16  2.85157242540086e-15      1.88897755196024 -6.99320971738276e-16   -0.0947736220551576     0.242836368894962 -7.29481822215243e-16
 0.000134472154910242 -0.000271644557059586  -0.00483967787670965  0.000769193362542633 -6.46842046726909e-16 -6.99320971738276e-16      1.98184223658724  9.62145922835537e-16  2.77313774684155e-15    0.0200156755817187
-9.43072355628373e-18 -2.36506436248196e-19 -2.53490307193549e-16 -1.95562680389912e-17     0.242836368894959   -0.0947736220551576  9.62145922835537e-16     0.120457473343338 -3.51075210716315e-15  1.19956961956616e-17
 1.11317446012108e-16  3.29283036703887e-18  2.17548195037487e-16 -1.79353827800601e-16    0.0947736220551374     0.242836368894962  2.77313774684155e-15 -3.51075210716315e-15     0.120457473343336 -1.42230197125317e-16
 -0.00444313332583229   0.00573534742139269    -0.239352111254066   -0.0513552617887387 -3.47788969133545e-16 -7.29481822215243e-16    0.0200156755817187  1.19956961956616e-17 -1.42230197125317e-16    0.0535033917567974
POPULATION (lambda : 0.5): 7.29264963914918
TOTAL ENERGY: -127.030842075092	 lambda: 0.6
1RDM (lambda : 0.6): 
     1.99997744652373  1.96087099543912e-05 -0.000845098038259809  6.39176352495186e-05 -6.77299780639121e-18 -1.48570609699224e-17  0.000143609257475003 -8.01274362591225e-18  1.06909149783885e-16  -0.00527830746322248
 1.96087099543912e-05       1.9999697709153  0.000976999739369678  0.000292500283886587  2.12659661010394e-18   2.8665582507753e-18 -0.000261621446322069 -7.18543496830173e-19  4.08391105332517e-18   0.00682099564687902
-0.000845098038259809  0.000976999739369678      1.94863151574559  -0.00654483511235431  1.79950825684653e-17 -5.92536516196071e-17  -0.00465269509915663 -2.12430974953436e-16  1.41466344761149e-16     -0.28620102324131
 6.39176352495186e-05  0.000292500283886587  -0.00654483511235431      1.98339922175659 -1.41381670577938e-16 -1.73057932696051e-16  1.51607036395141e-06  1.51780956882018e-16 -2.63639991533821e-17   -0.0568811334812195
-6.77299780639121e-18  2.12659661010394e-18  1.79950825684653e-17 -1.41381670577938e-16      1.87552491052324  2.55929181345362e-16 -6.54559140260481e-16     0.286215117093874     0.111703381040505 -3.62139024860714e-16
-1.48570609699224e-17   2.8665582507753e-18 -5.92536516196071e-17 -1.73057932696051e-16  2.55929181345362e-16      1.87552491052324  -8.6569159266865e-16      -0.1117033810405     0.286215117093874 -7.38504768888466e-16
 0.000143609257475003 -0.000261621446322069  -0.00465269509915663  1.51607036395141e-06 -6.54559140260481e-16  -8.6569159266865e-16      1.98242234680487  8.88238182974678e-16  3.20222474807352e-15    0.0180589786803825
-8.01274362591225e-18 -7.18543496830173e-19 -2.12430974953436e-16  1.51780956882018e-16     0.286215117093874      -0.1117033810405  8.88238182974678e-16     0.133993359554903  8.66584573889551e-16  1.81414566772887e-17
 1.06909149783885e-16  4.08391105332517e-18  1.41466344761149e-16 -2.63639991533821e-17     0.111703381040505     0.286215117093874  3.20222474807352e-15  8.66584573889551e-16       0.1339933595549 -1.69961391566361e-16
 -0.00527830746322248   0.00682099564687902     -0.28620102324131   -0.0568811334812195 -3.62139024860714e-16 -7.38504768888466e-16    0.0180589786803825  1.81414566772887e-17 -1.69961391566361e-16    0.0665631580976681
POPULATION (lambda : 0.6): 7.47003442144457
TOTAL ENERGY: -126.916402465542	 lambda: 0.7
1RDM (lambda : 0.7): 
     1.99997194821969  2.60187666967171e-05  -0.00112638414074269  4.33237229433046e-05  -7.8254918183344e-18 -1.71058635095061e-17  0.000151583777454661 -6.66149593175015e-18  1.02399150942237e-16  -0.00609517552281052
 2.60187666967171e-05      1.99996189163071   0.00132605463706874  0.000334406509438476  2.26535434707065e-18  3.72738683799893e-18 -0.000250328603996509 -6.03704661983534e-19   4.3179712191863e-18   0.00789292235949695
