TOTAL ENERGY: -126.707603574895	 lambda: -1
1RDM (lambda : -1): 
     1.99999702589289 -2.60322628059937e-06 -0.000333169624942297  -7.5256583981475e-05 -0.000455894521707529  1.41137062060558e-17 -1.95307647706622e-17  1.31475981327628e-16 -6.83024833733004e-17  -0.00202839614304845
-2.60322628059937e-06       1.9999830306356 -0.000591638246857477 -0.000762213520416401 -0.000124131565819787   5.9033194100771e-18  1.77499645891675e-17  8.14938748760813e-18 -3.65826483969201e-18   -0.0022698229599338
-0.000333169624942297 -0.000591638246857477      1.94520760696102   -0.0287201895953439   -0.0736511825717719 -1.04074482719592e-16 -5.66275079255658e-16   7.9640845069604e-15 -1.37427030762694e-16    -0.285159515240659
 -7.5256583981475e-05 -0.000762213520416401   -0.0287201895953439       1.9548983073761  -0.00677900936602349  1.42242808053332e-15   6.7557377138734e-15 -1.61021134603309e-14 -2.71524513291507e-15   -0.0773658948831336
-0.000455894521707529 -0.000124131565819787   -0.0736511825717719  -0.00677900936602349      1.83256390805606  3.78156924727406e-15   1.1443887262933e-14 -2.34393752767514e-14 -1.22022526044039e-14    -0.417723498773988
 1.41137062060558e-17   5.9033194100771e-18 -1.04074482719592e-16  1.42242808053332e-15  3.78156924727406e-15       1.8426139350584  1.07307565273594e-15   0.00256281689935459     0.358350148562862 -5.15855332690269e-16
-1.95307647706622e-17  1.77499645891675e-17 -5.66275079255658e-16   6.7557377138734e-15   1.1443887262933e-14  1.07307565273594e-15      1.84261393505821     0.358350148563362  -0.00256281689936364  8.92866556329957e-15
 1.31475981327628e-16  8.14938748760813e-18   7.9640845069604e-15 -1.61021134603309e-14 -2.34393752767514e-14   0.00256281689935459     0.358350148563362     0.182901758602284  -2.4640760569475e-15  1.20024415324504e-14
-6.83024833733004e-17 -3.65826483969201e-18 -1.37427030762694e-16 -2.71524513291507e-15 -1.22022526044039e-14     0.358350148562862  -0.00256281689936364  -2.4640760569475e-15     0.182901758602092  4.28387507576764e-15
 -0.00202839614304845   -0.0022698229599338    -0.285159515240659   -0.0773658948831336    -0.417723498773988 -5.15855332690269e-16  8.92866556329957e-15  1.20024415324504e-14  4.28387507576764e-15     0.216318733757351
POPULATION (lambda : -1): 5.18286181947089
TOTAL ENERGY: -126.827666539455	 lambda: -0.9
1RDM (lambda : -0.9): 
     1.99999742222019 -2.04840303010469e-06 -0.000276375674715508 -5.10998076811106e-05 -0.000391785883822581 -3.28835122749482e-17 -2.21551787807532e-16  4.97681418179975e-16  1.07060742513201e-17  -0.00181137569071976
-2.04840303010469e-06       1.9999844452283  -0.00051076376518472 -0.000699846899140109 -7.89990657815171e-05  6.98708514457536e-17  3.03472758199336e-16  1.13609111396929e-16    1.936412144684e-17   -0.0020385176616197
-0.000276375674715508  -0.00051076376518472      1.95224207600544   -0.0251549408354473   -0.0673314613906039 -1.47870598708486e-14  -6.6757944018953e-14  1.73841964219018e-13  3.54582444543004e-14    -0.263617329132621
-5.10998076811106e-05 -0.000699846899140109   -0.0251549408354473      1.95797948113123  -0.00480193266958093  4.52542602786844e-14  2.04190172095583e-13 -4.85598318791219e-13 -1.03381417497106e-13   -0.0675124748264077
-0.000391785883822581 -7.89990657815171e-05   -0.0673314613906039  -0.00480193266958093      1.83917135545099  6.72555068508219e-14   2.9795890391945e-13 -7.59968905989041e-13 -1.69794398042379e-13    -0.405283539836351
-3.28835122749482e-17  6.98708514457536e-17 -1.47870598708486e-14  4.52542602786844e-14  6.72555068508219e-14      1.84518086626362  1.02240186675969e-15   0.00218233712587689     0.305148918209114 -2.15658140653871e-14
-2.21551787807532e-16  3.03472758199336e-16  -6.6757944018953e-14  2.04190172095583e-13   2.9795890391945e-13  1.02240186675969e-15      1.84518086626349     0.305148918209476  -0.00218233712588656 -8.69850984022121e-14
 4.97681418179975e-16  1.13609111396929e-16  1.73841964219018e-13 -4.85598318791219e-13 -7.59968905989041e-13   0.00218233712587689     0.305148918209476     0.178696379681048  -2.0045334232341e-15   3.3329931170463e-13
 1.07060742513201e-17    1.936412144684e-17  3.54582444543004e-14 -1.03381417497106e-13 -1.69794398042379e-13     0.305148918209114  -0.00218233712588656  -2.0045334232341e-15     0.178696379680913  7.30640450674914e-14
 -0.00181137569071976   -0.0020385176616197    -0.263617329132621   -0.0675124748264077    -0.405283539836351 -2.15658140653871e-14 -8.69850984022121e-14   3.3329931170463e-13  7.30640450674914e-14     0.202870728074816
POPULATION (lambda : -0.9): 5.30925382393591
TOTAL ENERGY: -126.936279929382	 lambda: -0.8
1RDM (lambda : -0.8): 
     1.99999775248159 -1.55868068262781e-06 -0.000224662248007833 -2.88380236925482e-05 -0.000327228520384221 -8.67859605917758e-17 -5.55400852370293e-16  1.09008336114802e-15  9.83504151105356e-17  -0.00159184188908487
-1.55868068262781e-06      1.99998580265533 -0.000435752740905419 -0.000639644033312139 -3.65464114957442e-05  1.34681547374886e-16  7.22928390498685e-16  2.86228151071231e-16  4.53734639555685e-17   -0.0018073743659748
-0.000224662248007833 -0.000435752740905419      1.95886669984032   -0.0217268565856938   -0.0608750739153206 -3.09420986575124e-14 -1.71202952597341e-13  4.50121324814928e-13  7.65866331408599e-14    -0.240946315297546
-2.88380236925482e-05 -0.000639644033312139   -0.0217268565856938      1.96105025561228   -0.0027111505584648  9.12710755757905e-14  5.03678728245273e-13 -1.26083862808228e-12  -2.1860777897286e-13   -0.0569650110382791
-0.000327228520384221 -3.65464114957442e-05   -0.0608750739153206   -0.0027111505584648      1.84669790902347  1.40924557299626e-13  7.71151085476736e-13 -2.08766877748588e-12 -3.69759000222955e-13    -0.388687565876828
-8.67859605917758e-17  1.34681547374886e-16 -3.09420986575124e-14  9.12710755757905e-14  1.40924557299626e-13      1.84482715932511  7.55022456782617e-16   0.00182228051358949     0.254803390758821 -4.30078627755425e-14
-5.55400852370293e-16  7.22928390498685e-16 -1.71202952597341e-13  5.03678728245273e-13  7.71151085476736e-13  7.55022456782617e-16        1.844827159325     0.254803390759143  -0.00182228051359974 -2.28896685509667e-13
 1.09008336114802e-15  2.86228151071231e-16  4.50121324814928e-13 -1.26083862808228e-12 -2.08766877748588e-12   0.00182228051358949     0.254803390759143     0.177450023435673 -1.61324965771264e-15  8.79172116778664e-13
 9.83504151105356e-17  4.53734639555685e-17  7.65866331408599e-14  -2.1860777897286e-13 -3.69759000222955e-13     0.254803390758821  -0.00182228051359974 -1.61324965771264e-15     0.177450023435557  1.54437223149926e-13
 -0.00159184188908487   -0.0018073743659748    -0.240946315297546   -0.0569650110382791    -0.388687565876828 -4.30078627755425e-14 -2.28896685509667e-13  8.79172116778664e-13  1.54437223149926e-13     0.188847214865744
POPULATION (lambda : -0.8): 5.43704942580532
TOTAL ENERGY: -127.033109972603	 lambda: -0.7
1RDM (lambda : -0.7): 
     1.99999801651052 -1.13309789529744e-06 -0.000178564792210527 -8.62345364965235e-06 -0.000264405660815049  7.60941536227928e-17  4.43943505365972e-16 -6.87684656301436e-16  -1.7954837277256e-16  -0.00136749230733675
-1.13309789529744e-06      1.99998709402416 -0.000367090294925328 -0.000582012490314555  2.21911751511661e-06 -7.85996921270647e-17 -5.47032644454561e-16 -2.35479748890892e-16 -3.74408928446289e-17  -0.00157558088843466
-0.000178564792210527 -0.000367090294925328      1.96492658133765   -0.0185295906498466   -0.0548253431646308  2.04926024924172e-14  1.39968401234406e-13 -3.70166017620722e-13 -5.28268397015939e-14    -0.217263992624895
-8.62345364965235e-06 -0.000582012490314555   -0.0185295906498466      1.96401610953879 -0.000884987392131281  -5.7519843341019e-14 -3.93881458203644e-13  1.03485056242223e-12   1.4407585153626e-13   -0.0456381183070692
-0.000264405660815049  2.21911751511661e-06   -0.0548253431646308 -0.000884987392131281      1.85336308121539 -9.11368627737088e-14 -6.32213519048426e-13  1.82049318731066e-12  2.46034272889996e-13    -0.368946449710241
 7.60941536227928e-17 -7.85996921270647e-17  2.04926024924172e-14  -5.7519843341019e-14 -9.11368627737088e-14      1.84213860216545  5.79520990909249e-16   0.00147708336491375     0.206535575141679  2.74167019034853e-14
 4.43943505365972e-16 -5.47032644454561e-16  1.39968401234406e-13 -3.93881458203644e-13 -6.32213519048426e-13  5.79520990909249e-16      1.84213860216536     0.206535575142095  -0.00147708336492344  1.95248359957956e-13
-6.87684656301436e-16 -2.35479748890892e-16 -3.70166017620722e-13  1.03485056242223e-12  1.82049318731066e-12   0.00147708336491375     0.206535575142095      0.17854927001502 -1.32971464537298e-15 -7.35871663951094e-13
 -1.7954837277256e-16 -3.74408928446289e-17 -5.28268397015939e-14   1.4407585153626e-13  2.46034272889996e-13     0.206535575141679  -0.00147708336492344 -1.32971464537298e-15      0.17854927001492 -1.00494054154875e-13
 -0.00136749230733675  -0.00157558088843466    -0.217263992624895   -0.0456381183070692    -0.368946449710241  2.74167019034853e-14  1.95248359957956e-13 -7.35871663951094e-13 -1.00494054154875e-13     0.176333373012791
POPULATION (lambda : -0.7): 5.56616713665755
TOTAL ENERGY: -127.117360256131	 lambda: -0.6
1RDM (lambda : -0.6): 
     1.99999821191936 -7.72081410759704e-07 -0.000138796216263191  9.09802917566505e-06 -0.000205881826998111  3.42410384896024e-16  2.88055028939969e-15 -4.81003710810685e-15 -5.96310287238307e-16  -0.00113845528626188
-7.72081410759704e-07      1.99998830760173 -0.000305124980836662 -0.000527570758639116  3.64217236359056e-05 -3.77469280941943e-16 -3.21734197217253e-15 -1.53350655105729e-15 -1.72652125065129e-16  -0.00134229728216936
-0.000138796216263191 -0.000305124980836662       1.9703183182735   -0.0156472726949368   -0.0495615017386404  9.83356215963261e-14   8.4903769132722e-13  -2.3505192057685e-12 -2.56627609227267e-13    -0.192957570813958
 9.09802917566505e-06 -0.000527570758639116   -0.0156472726949368      1.96680790056839  0.000426851058758215 -2.70146873725312e-13 -2.33198035791156e-12  6.43328898344166e-12  6.99586687935203e-13    -0.033905021556615
-0.000205881826998111  3.64217236359056e-05   -0.0495615017386404  0.000426851058758215      1.85801686278499 -4.53836762641428e-13 -3.92741318033996e-12  1.20723029993116e-11  1.30617457890263e-12    -0.348487715076784
 3.42410384896024e-16 -3.77469280941943e-16  9.83356215963261e-14 -2.70146873725312e-13 -4.53836762641428e-13      1.83717698659285  2.54011911712405e-16   0.00113988816468823     0.159386300109578   1.2332551573508e-13
 2.88055028939969e-15 -3.21734197217253e-15   8.4903769132722e-13 -2.33198035791156e-12 -3.92741318033996e-12  2.54011911712405e-16      1.83717698659276     0.159386300109929  -0.00113988816469722   1.0752265801528e-12
-4.81003710810685e-15 -1.53350655105729e-15  -2.3505192057685e-12  6.43328898344166e-12  1.20723029993116e-11   0.00113988816468823     0.159386300109929      0.18190398153302 -9.37645300786237e-16 -4.68718196991565e-12
-5.96310287238307e-16 -1.72652125065129e-16 -2.56627609227267e-13  6.99586687935203e-13  1.30617457890263e-12     0.159386300109578  -0.00113988816469722 -9.37645300786237e-16     0.181903981532925 -5.07582601329276e-13
 -0.00113845528626188  -0.00134229728216936    -0.192957570813958    -0.033905021556615    -0.348487715076784   1.2332551573508e-13   1.0752265801528e-12 -4.68718196991565e-12 -5.07582601329276e-13     0.166708462600459
POPULATION (lambda : -0.6): 5.69578312139021
TOTAL ENERGY: -127.188489149389	 lambda: -0.5
1RDM (lambda : -0.5): 
     1.99999833689402 -4.76177636161957e-07 -0.000105845996721016  2.40191322588497e-05  -0.00015306040217766  2.35687354313794e-16  2.45059439579477e-15 -3.90599085189211e-15 -4.07545245385895e-16 -0.000906147800615969
-4.76177636161957e-07      1.99998943453526 -0.000249846853133548 -0.000476607058949001  6.61906873504053e-05 -2.36587296672199e-16 -2.49658425193552e-15 -1.34135222839337e-15 -1.21118618909118e-16  -0.00110663139592231
-0.000105845996721016 -0.000249846853133548      1.97503483654846   -0.0130940035961629   -0.0451031165224478  6.41370266742136e-14  6.87404212641436e-13 -1.96848281302098e-12 -1.70805348704417e-13    -0.168427276658808
 2.40191322588497e-05 -0.000476607058949001   -0.0130940035961629      1.96942613678393   0.00123309547500705  -1.7023931325881e-13 -1.82550113347265e-12  5.24816011269921e-12  4.52767441165837e-13   -0.0223451311497076
 -0.00015306040217766  6.61906873504053e-05   -0.0451031165224478   0.00123309547500705       1.8606730226038 -2.96671323332533e-13 -3.19230709351583e-12  1.05058174360422e-11  9.00035049614389e-13    -0.329818392457938
 2.35687354313794e-16 -2.36587296672199e-16  6.41370266742136e-14  -1.7023931325881e-13 -2.96671323332533e-13       1.8296580111562 -4.70174057106867e-17   0.00080463602041938     0.112509836327119  7.54086388983817e-14
 2.45059439579477e-15 -2.49658425193552e-15  6.87404212641436e-13 -1.82550113347265e-12 -3.19230709351583e-12 -4.70174057106867e-17      1.82965801115614     0.112509836327435 -0.000804636020429672  8.18165994583995e-13
-3.90599085189211e-15 -1.34135222839337e-15 -1.96848281302098e-12  5.24816011269921e-12  1.05058174360422e-11   0.00080463602041938     0.112509836327435     0.187775816653446 -4.60517739560765e-16 -3.92588643914125e-12
-4.07545245385895e-16 -1.21118618909118e-16 -1.70805348704417e-13  4.52767441165837e-13  9.00035049614389e-13     0.112509836327119 -0.000804636020429672 -4.60517739560765e-16     0.187775816653385 -3.36649198681347e-13
-0.000906147800615969  -0.00110663139592231    -0.168427276658808   -0.0223451311497076    -0.329818392457938  7.54086388983817e-14  8.18165994583995e-13 -3.92588643914125e-12 -3.36649198681347e-13     0.160010577015362
POPULATION (lambda : -0.5): 5.82510081222738
TOTAL ENERGY: -127.246519624911	 lambda: -0.4
1RDM (lambda : -0.4): 
     1.99999839122041  -2.4556838928439e-07 -7.99283715696385e-05  3.61496201097392e-05  -0.00010602737897229 -1.31057377690999e-16 -1.72732130675686e-15  2.74985842507761e-15  1.16923853773143e-16 -0.000671737707023541
 -2.4556838928439e-07      1.99999047377245 -0.000200981523755606  -0.00042882188320113  9.24301039275418e-05  1.31622750691532e-16  1.58882811288546e-15  9.67119907193983e-16  6.67808597816917e-17 -0.000867201588163425
-7.99283715696385e-05 -0.000200981523755606      1.97913447436228   -0.0108071931351322   -0.0411718513926576 -3.56748920433222e-14 -4.52901621868329e-13  1.34915862186424e-12  9.57226751872522e-14    -0.143837267255342
 3.61496201097392e-05  -0.00042882188320113   -0.0108071931351322      1.97194092624019   0.00177444028491734  9.19136821109912e-14   1.1656084280035e-12 -3.46234407113865e-12 -2.48843472923275e-13   -0.0114186044608342
 -0.00010602737897229  9.24301039275418e-05   -0.0411718513926576   0.00177444028491734      1.86231663896617  1.65738365620732e-13   2.0894869862795e-12   -7.368728698174e-12 -5.37208059592879e-13    -0.314323516660185
-1.31057377690999e-16  1.31622750691532e-16 -3.56748920433222e-14  9.19136821109912e-14  1.65738365620732e-13      1.81900791767361 -7.23767065449807e-17  0.000468119368991083    0.0654557490742377 -3.77448908543058e-14
-1.72732130675686e-15  1.58882811288546e-15 -4.52901621868329e-13   1.1656084280035e-12   2.0894869862795e-12 -7.23767065449807e-17      1.81900791767357     0.065455749074507 -0.000468119369000897 -4.89915326385661e-13
 2.74985842507761e-15  9.67119907193983e-16  1.34915862186424e-12 -3.46234407113865e-12   -7.368728698174e-12  0.000468119368991083     0.065455749074507      0.19672843923234 -2.81575951580053e-16  2.66153345497544e-12
 1.16923853773143e-16  6.67808597816917e-17  9.57226751872522e-14 -2.48843472923275e-13 -5.37208059592879e-13    0.0654557490742377 -0.000468119369000897 -2.81575951580053e-16     0.196728439232296  1.92461214337803e-13
-0.000671737707023541 -0.000867201588163425    -0.143837267255342   -0.0114186044608342    -0.314323516660185 -3.77448908543058e-14 -4.89915326385661e-13  2.66153345497544e-12  1.92461214337803e-13     0.155146381626692
POPULATION (lambda : -0.4): 5.95405535342736
TOTAL ENERGY: -127.291765004532	 lambda: -0.3
1RDM (lambda : -0.3): 
     1.99999837541766 -8.07939522793529e-08 -6.12181726519363e-05   4.5698852103633e-05 -6.44733704684714e-05 -1.51345522968172e-17 -2.51253237711896e-16   4.4522654711157e-16 -4.47376554988218e-17 -0.000435507268748399
-8.07939522793529e-08      1.99999143138603 -0.000158396312657398 -0.000383567065432556  0.000115818075128914    1.760468029996e-17  2.04389910576944e-16  1.39051059250065e-16  5.91004196649286e-18 -0.000622287846479579
-6.12181726519363e-05 -0.000158396312657398      1.98266246193689  -0.00869577024354926   -0.0374247973311206 -4.43619031316846e-15 -5.99767908327135e-14  1.87671083726619e-13  1.14706545178042e-14    -0.119017178733936
  4.5698852103633e-05 -0.000383567065432556  -0.00869577024354926       1.9744429454943   0.00237314445136992   1.1136516274019e-14  1.50464878061807e-13  -4.5725726275892e-13 -3.05827533782621e-14  -0.00123262195431817
-6.44733704684714e-05  0.000115818075128914   -0.0374247973311206   0.00237314445136992      1.86423009234416  2.10388809950042e-14  2.71923141772139e-13 -1.02652396427541e-12 -7.54084326783445e-14    -0.301639602702663
-1.51345522968172e-17    1.760468029996e-17 -4.43619031316846e-15   1.1136516274019e-14  2.10388809950042e-14      1.80441555532646  -1.9014505879405e-16   0.00013195814955166    0.0184511665900636 -3.51735608606619e-15
-2.51253237711896e-16  2.04389910576944e-16 -5.99767908327135e-14  1.50464878061807e-13  2.71923141772139e-13  -1.9014505879405e-16       1.8044155553264    0.0184511665902902 -0.000131958149559301 -5.37998820252684e-14
  4.4522654711157e-16  1.39051059250065e-16  1.87671083726619e-13  -4.5725726275892e-13 -1.02652396427541e-12   0.00013195814955166    0.0184511665902902     0.209584736762834 -2.46119750213034e-16  3.60256139183893e-13
-4.47376554988218e-17  5.91004196649286e-18  1.14706545178042e-14 -3.05827533782621e-14 -7.54084326783445e-14    0.0184511665900636 -0.000131958149559301 -2.46119750213034e-16     0.209584736762777  2.54162555964703e-14
-0.000435507268748399 -0.000622287846479579    -0.119017178733936  -0.00123262195431817    -0.301639602702663 -3.51735608606619e-15 -5.37998820252684e-14  3.60256139183893e-13  2.54162555964703e-14     0.150674109242518
POPULATION (lambda : -0.3): 6.08334692575271
TOTAL ENERGY: -127.324354935589	 lambda: -0.2
1RDM (lambda : -0.2): 
     1.99999828945858  1.66409167179664e-08 -5.00870837913911e-05  5.28305720505093e-05 -2.87774655545454e-05 -1.25084176427881e-17 -1.71939669971864e-16  3.08867482664473e-16 -5.02499009325737e-17 -0.000197561032082274
 1.66409167179664e-08      1.99999231461531  -0.00012251930983166 -0.000340430535647575  0.000135818987423417   1.2319639019277e-17  1.23740101580657e-16  9.35542025911576e-17  3.98365229343757e-18 -0.000370881169235086
-5.00870837913911e-05  -0.00012251930983166       1.9855803119724  -0.00671146323391384   -0.0337008101306233 -3.20647103685916e-15 -3.80588066997493e-14  1.23363131317203e-13  8.35828765349048e-15   -0.0935671983427261
 5.28305720505093e-05 -0.000340430535647575  -0.00671146323391384      1.97697342901965   0.00325003640456152  7.69454818409945e-15  9.25415440361474e-14 -2.82623077641428e-13 -2.14985604787986e-14    0.0084936337495278
-2.87774655545454e-05  0.000135818987423417   -0.0337008101306233   0.00325003640456152      1.86727707105826  1.46621496255748e-14  1.65732380883879e-13 -6.59464831256979e-13 -5.65774891035189e-14    -0.289779224658922
-1.25084176427881e-17   1.2319639019277e-17 -3.20647103685916e-15  7.69454818409945e-15  1.46621496255748e-14      1.78510059404095 -8.84429824947459e-16 -0.000196435819953944   -0.0274670427745689 -2.01213876916762e-15
-1.71939669971864e-16  1.23740101580657e-16 -3.80588066997493e-14  9.25415440361474e-14  1.65732380883879e-13 -8.84429824947459e-16      1.78510059404084   -0.0274670427743074  0.000196435819944686 -2.96785646855836e-14
 3.08867482664473e-16  9.35542025911576e-17  1.23363131317203e-13 -2.82623077641428e-13 -6.59464831256979e-13 -0.000196435819953944   -0.0274670427743074     0.227166507552276  1.48986811463543e-16  2.27137059469169e-13
-5.02499009325737e-17  3.98365229343757e-18  8.35828765349048e-15 -2.14985604787986e-14 -5.65774891035189e-14   -0.0274670427745689  0.000196435819944686  1.48986811463543e-16     0.227166507552177  1.84737504690728e-14
-0.000197561032082274 -0.000370881169235086   -0.0935671983427261    0.0084936337495278    -0.289779224658922 -2.01213876916762e-15 -2.96785646855836e-14  2.27137059469169e-13  1.84737504690728e-14     0.145644380689605
POPULATION (lambda : -0.2): 6.2137499421901
TOTAL ENERGY: -127.344062930793	 lambda: -0.1
1RDM (lambda : -0.1): 
     1.99999813257005  4.52221385434453e-08 -4.70671313164405e-05  5.75202473813834e-05 -3.45002926885833e-07   7.4503856202461e-18  5.53137080551518e-17   9.5403873099902e-18 -7.36812252406768e-17   4.0771273349274e-05
 4.52221385434453e-08      1.99999312467431 -9.44128911078131e-05  -0.00029978634331797  0.000150467990790371 -4.07924398078029e-18 -4.32672844337799e-17 -4.02363900664371e-17 -7.55957947214436e-18 -0.000114037312992397
-4.70671313164405e-05 -9.44128911078131e-05      1.98775316724684  -0.00489969355892604   -0.0301362302688995  1.63618837443111e-15  1.39189250818186e-14 -4.27701052364556e-14 -6.03819285297405e-15   -0.0671143280039646
 5.75202473813834e-05  -0.00029978634331797  -0.00489969355892604       1.9794753032767   0.00439826404396161  -3.9156441440707e-15 -3.18019827629543e-14  9.13622695560377e-14  1.08546855904833e-14    0.0182519221760688
-3.45002926885833e-07  0.000150467990790371   -0.0301362302688995   0.00439826404396161      1.87151480238846 -6.05640393763904e-15 -5.72916139087829e-14  2.14019370041983e-13  1.96049975778436e-14    -0.275941269110035
  7.4503856202461e-18 -4.07924398078029e-18  1.63618837443111e-15  -3.9156441440707e-15 -6.05640393763904e-15      1.76085499805305 -1.38358037417816e-15 -0.000505429197556881   -0.0706724537746295  2.72307377503734e-15
 5.53137080551518e-17 -4.32672844337799e-17  1.39189250818186e-14 -3.18019827629543e-14 -5.72916139087829e-14 -1.38358037417816e-15      1.76085499805298   -0.0706724537744008  0.000505429197547609  2.12357162797498e-14
  9.5403873099902e-18 -4.02363900664371e-17 -4.27701052364556e-14  9.13622695560377e-14  2.14019370041983e-13 -0.000505429197556881   -0.0706724537744008     0.249751802722122  8.77671796263835e-16 -7.55015965231487e-14
-7.36812252406768e-17 -7.55957947214436e-18 -6.03819285297405e-15  1.08546855904833e-14  1.96049975778436e-14   -0.0706724537746295  0.000505429197547609  8.77671796263835e-16     0.249751802722052 -7.82152795620684e-15
  4.0771273349274e-05 -0.000114037312992397   -0.0671143280039646    0.0182519221760688    -0.275941269110035  2.72307377503734e-15  2.12357162797498e-14 -7.55015965231487e-14 -7.82152795620684e-15     0.140051868293405
POPULATION (lambda : -0.1): 6.34516577818214
TOTAL ENERGY: -127.35062361568	 lambda: 0
1RDM (lambda : 0): 
     1.99999790423359  5.88608129601211e-09 -5.25014859831501e-05  5.96538253337367e-05  1.91668198220482e-05 -6.75615131864211e-18 -3.21270842027356e-17  1.08617406676434e-16  -5.8357049779497e-17  0.000276127933399402
 5.88608129601211e-09      1.99999385302402 -7.53444380175176e-05 -0.000262917242941954  0.000157266262623129   3.9075318320346e-18  1.25993005425109e-17  8.72665842181236e-18 -3.04029200766843e-19  0.000144600421506292
-5.25014859831501e-05 -7.53444380175176e-05      1.98901284530587  -0.00339516946930263   -0.0270747072980338 -1.17297743660014e-15 -5.22459955942554e-15  1.87296981383829e-14  2.59050396634925e-15   -0.0395751561132028
 5.96538253337367e-05 -0.000262917242941954  -0.00339516946930263      1.98179760887057   0.00557026737582893  2.37972734812636e-15  1.18169667428879e-14 -3.72399254986628e-14 -6.85709507258406e-15    0.0284396487739917
 1.91668198220482e-05  0.000157266262623129   -0.0270747072980338   0.00557026737582893      1.87632751788097  5.01713027646689e-15  1.91027138453232e-14  -9.0192527935279e-14 -2.19373887438303e-14    -0.257688076316754
-6.75615131864211e-18   3.9075318320346e-18 -1.17297743660014e-15  2.37972734812636e-15  5.01713027646689e-15       1.7326103664742 -1.40622860160092e-15 -0.000783595440075857    -0.109567568895486  1.97622491996659e-16
-3.21270842027356e-17  1.25993005425109e-17 -5.22459955942554e-15  1.18169667428879e-14  1.91027138453232e-14 -1.40622860160092e-15      1.73261036647424    -0.109567568895223  0.000783595440066063  2.48440234324365e-15
 1.08617406676434e-16  8.72665842181236e-18  1.87296981383829e-14 -3.72399254986628e-14  -9.0192527935279e-14 -0.000783595440075857    -0.109567568895223      0.27649259746175  1.57050674769621e-15  2.95616886792843e-14
 -5.8357049779497e-17 -3.04029200766843e-19  2.59050396634925e-15 -6.85709507258406e-15 -2.19373887438303e-14    -0.109567568895486  0.000783595440066063  1.57050674769621e-15     0.276492597461781  6.45314499930928e-15
 0.000276127933399402  0.000144600421506292   -0.0395751561132028    0.0284396487739917    -0.257688076316754  1.97622491996659e-16  2.48440234324365e-15  2.95616886792843e-14  6.45314499930928e-15     0.134664342813035
POPULATION (lambda : 0): 6.47611149647121
TOTAL ENERGY: -127.34425647341	 lambda: 0.1
1RDM (lambda : 0.1): 
     1.99999760494462 -9.59631956182312e-08 -6.61554370485406e-05   5.9320244299112e-05  2.92293987113681e-05 -2.48952343370559e-18 -7.41944220980993e-18  7.67839616653418e-17 -6.25644963288629e-17  0.000503908669254509
-9.59631956182312e-08      1.99999448367476 -6.60847191209632e-05 -0.000231548796649932   0.00015473221819928  2.27381017495588e-19 -2.97588754059741e-18  -5.9984097623142e-18 -2.94730847700998e-18  0.000399959465190266
-6.61554370485406e-05 -6.60847191209632e-05      1.98925983847209  -0.00235650370986008   -0.0248209314305853 -7.08963215543119e-17 -7.43252900437661e-17  1.20440532578096e-15 -9.83610946761345e-16   -0.0112434820563687
  5.9320244299112e-05 -0.000231548796649932  -0.00235650370986008       1.9837553038822   0.00638831592795142 -1.94179239042518e-16 -4.99592924532795e-17 -3.23602996254646e-15  2.25187880564451e-16    0.0390987410594889
 2.92293987113681e-05   0.00015473221819928   -0.0248209314305853   0.00638831592795142      1.88100328034371   5.7856781838126e-16 -2.23380860110238e-15 -1.08409991746627e-14 -5.00498397978785e-15    -0.233892754241799
-2.48952343370559e-18  2.27381017495588e-19 -7.08963215543119e-17 -1.94179239042518e-16   5.7856781838126e-16        1.702592120697 -3.09271245627444e-16  -0.00102510406952957    -0.143337093959878  1.35316167572012e-15
-7.41944220980993e-18 -2.97588754059741e-18 -7.43252900437661e-17 -4.99592924532795e-17 -2.23380860110238e-15 -3.09271245627444e-16      1.70259212069709    -0.143337093959574   0.00102510406952283  6.96508034156002e-15
 7.67839616653418e-17  -5.9984097623142e-18  1.20440532578096e-15 -3.23602996254646e-15 -1.08409991746627e-14  -0.00102510406952957    -0.143337093959574     0.305236795772322  1.00408472292802e-15  1.64977191826113e-15
-6.25644963288629e-17 -2.94730847700998e-18 -9.83610946761345e-16  2.25187880564451e-16 -5.00498397978785e-15    -0.143337093959878   0.00102510406952283  1.00408472292802e-15     0.305236795772414   4.8378931112145e-16
 0.000503908669254509  0.000399959465190266   -0.0112434820563687    0.0390987410594889    -0.233892754241799  1.35316167572012e-15  6.96508034156002e-15  1.64977191826113e-15   4.8378931112145e-16      0.13033165574383
POPULATION (lambda : 0.1): 6.60414946755541
TOTAL ENERGY: -127.325859324276	 lambda: 0.2
1RDM (lambda : 0.2): 
     1.99999723512826 -2.51138079841015e-07 -8.71764940546368e-05  5.70763566396163e-05  3.12940906851768e-05 -3.50916726026196e-18 -7.92494006337174e-18  7.31340748555723e-17 -6.11591879026543e-17  0.000720393033031792
-2.51138079841015e-07      1.99999499987208 -6.64619076206887e-05 -0.000207060911374162   0.00014344689639493 -2.01102614372856e-19 -3.50927649522515e-18 -6.73420761803968e-18 -2.65102980145489e-18  0.000647958538634967
-8.71764940546368e-05 -6.64619076206887e-05      1.98852595605851  -0.00187802204636495   -0.0234216603416315 -1.12650706496474e-16 -2.33160308102611e-16  1.09955222574315e-15 -9.34945432850687e-16    0.0173748129152646
 5.70763566396163e-05 -0.000207060911374162  -0.00187802204636495      1.98520828159045   0.00652223022126848 -2.23657687959831e-16 -3.98210936887289e-17 -3.33188066608953e-15   2.1316973838228e-16    0.0498701499207575
 3.12940906851768e-05   0.00014344689639493   -0.0234216603416315   0.00652223022126848      1.88533928334775  5.83327448779933e-16 -2.79686732118974e-15 -1.14595110026626e-14 -4.78044503522824e-15    -0.204896232259769
-3.50916726026196e-18 -2.01102614372856e-19 -1.12650706496474e-16 -2.23657687959831e-16  5.83327448779933e-16       1.6738119383205 -2.48246605107175e-16  -0.00123284593520914     -0.17238477221427  1.46116034789155e-15
-7.92494006337174e-18 -3.50927649522515e-18 -2.33160308102611e-16 -3.98210936887289e-17 -2.79686732118974e-15 -2.48246605107175e-16      1.67381193832062    -0.172384772214017   0.00123284593520239  6.37236587155051e-15
 7.31340748555723e-17 -6.73420761803968e-18  1.09955222574315e-15 -3.33188066608953e-15 -1.14595110026626e-14  -0.00123284593520914    -0.172384772214017     0.333016709065843  1.01042986101073e-15  1.61327210064803e-15
-6.11591879026543e-17 -2.65102980145489e-18 -9.34945432850687e-16   2.1316973838228e-16 -4.78044503522824e-15     -0.17238477221427   0.00123284593520239  1.01042986101073e-15     0.333016709065958   3.0872099934667e-16
 0.000720393033031792  0.000647958538634967    0.0173748129152646    0.0498701499207575    -0.204896232259769  1.46116034789155e-15  6.37236587155051e-15  1.61327210064803e-15   3.0872099934667e-16     0.127276949230034
POPULATION (lambda : 0.2): 6.72711690371891
TOTAL ENERGY: -127.296596591211	 lambda: 0.3
1RDM (lambda : 0.3): 
     1.99999679239795 -4.50177084709799e-07 -0.000114516024921861  5.39683283979755e-05  2.83621699788924e-05 -4.45333360253293e-18 -8.05410688728726e-18  6.96563288271975e-17 -5.99364455373646e-17  0.000924683641505985
-4.50177084709799e-07      1.99999539024277 -7.55285180502882e-05 -0.000189913448266969  0.000125717833480451 -6.46246472220871e-19 -4.04714087106546e-18 -7.51656015027525e-18 -2.35532283940865e-18  0.000887547861811294
-0.000114516024921861 -7.55285180502882e-05       1.9869461730088  -0.00193736767596164   -0.0226484040372947 -1.53954641081351e-16 -3.23865070542228e-16  8.35755865528118e-16 -8.93904243975278e-16    0.0458504657046388
 5.39683283979755e-05 -0.000189913448266969  -0.00193736767596164      1.98610865706835   0.00583016083488709 -2.57844181304938e-16  -1.2351513969961e-16 -3.14732044384386e-15  2.14877809562784e-16    0.0601831848599062
 2.83621699788924e-05  0.000125717833480451   -0.0226484040372947   0.00583016083488709      1.88978920200767  5.71219962363026e-16 -3.49999284928234e-15 -1.14784212677521e-14 -4.56659737595915e-15    -0.171889298590105
-4.45333360253293e-18 -6.46246472220871e-19 -1.53954641081351e-16 -2.57844181304938e-16  5.71219962363026e-16      1.64914480062253 -1.84546380144683e-15  -0.00141751945979061    -0.198207042580404  1.59181064059234e-15
-8.05410688728726e-18 -4.04714087106546e-18 -3.23865070542228e-16  -1.2351513969961e-16 -3.49999284928234e-15 -1.84546380144683e-15      1.64914480062246    -0.198207042580224   0.00141751945978153  5.79893593794486e-15
 6.96563288271975e-17 -7.51656015027525e-18  8.35755865528118e-16 -3.14732044384386e-15 -1.14784212677521e-14  -0.00141751945979061    -0.198207042580224     0.356968422050857  1.24697501496117e-15  1.31772418422561e-15
-5.99364455373646e-17 -2.35532283940865e-18 -8.93904243975278e-16  2.14877809562784e-16 -4.56659737595915e-15    -0.198207042580404   0.00141751945978153  1.24697501496117e-15     0.356968422050784   1.2316364507007e-16
 0.000924683641505985  0.000887547861811294    0.0458504657046388    0.0601831848599062    -0.171889298590105  1.59181064059234e-15  5.79893593794486e-15  1.31772418422561e-15   1.2316364507007e-16      0.12493733992785
POPULATION (lambda : 0.3): 6.84434919411903
TOTAL ENERGY: -127.257156625477	 lambda: 0.4
1RDM (lambda : 0.4): 
      1.9999962692217 -6.87372203352462e-07  -0.00014751909074575  5.12942351907002e-05  2.36445414704887e-05 -5.44170601464694e-18  -8.0894495376214e-18  6.67059936122706e-17 -5.89420976652339e-17   0.00111917085184847
-6.87372203352462e-07      1.99999565065908 -9.21687820528425e-05 -0.000179608802855443  0.000104184395887182 -1.12632197239553e-18 -4.46898067675517e-18 -8.18860626545948e-18 -2.07596659502469e-18   0.00112098692399429
 -0.00014751909074575 -9.21687820528425e-05      1.98466653853214  -0.00240609709809792   -0.0221772607583515 -2.02976495502544e-16 -4.35058455753022e-16  6.90396118650271e-16 -8.52105558742375e-16    0.0740210378704063
 5.12942351907002e-05 -0.000179608802855443  -0.00240609709809792      1.98649392225666   0.00439141946359763 -2.95138157958224e-16 -1.39802112058682e-16 -3.14075560490687e-15  1.99470436715526e-16    0.0695272876063392
 2.36445414704887e-05  0.000104184395887182   -0.0221772607583515   0.00439141946359763      1.89505352983961  5.64851579768822e-16 -4.02159790416372e-15  -1.1879427231504e-14 -4.38850648690851e-15     -0.13612296092683
-5.44170601464694e-18 -1.12632197239553e-18 -2.02976495502544e-16 -2.95138157958224e-16  5.64851579768822e-16      1.63052045157254 -1.52429841350888e-15  -0.00159393983313907    -0.222875387324317   1.7454382304087e-15
 -8.0894495376214e-18 -4.46898067675517e-18 -4.35058455753022e-16 -1.39802112058682e-16 -4.02159790416372e-15 -1.52429841350888e-15      1.63052045157261    -0.222875387324021   0.00159393983313254  5.18856845986023e-15
 6.67059936122706e-17 -8.18860626545948e-18  6.90396118650271e-16 -3.14075560490687e-15  -1.1879427231504e-14  -0.00159393983313907    -0.222875387324021     0.375150940365118  1.95087059206669e-15  1.12121921660455e-15
-5.89420976652339e-17 -2.07596659502469e-18 -8.52105558742375e-16  1.99470436715526e-16 -4.38850648690851e-15    -0.222875387324317   0.00159393983313254  1.95087059206669e-15     0.375150940365186 -5.09897573281138e-17
  0.00111917085184847   0.00112098692399429    0.0740210378704063    0.0695272876063392     -0.13612296092683   1.7454382304087e-15  5.18856845986023e-15  1.12121921660455e-15 -5.09897573281138e-17     0.122451305615401
POPULATION (lambda : 0.4): 6.95711326412035
TOTAL ENERGY: -127.207206769318	 lambda: 0.5
1RDM (lambda : 0.5): 
     1.99999565303233 -9.62904315987022e-07 -0.000186295684240315  5.02607803582323e-05  1.92881632289599e-05 -6.55089623799683e-18 -7.74482629323465e-18  6.40192870786021e-17 -5.81822042574372e-17   0.00130849617317668
-9.62904315987022e-07      1.99999578233609 -0.000115670341806387  -0.00017506731524693  8.04604029328484e-05 -1.55110068776073e-18 -4.86613132049606e-18  -8.8468725396234e-18 -1.76892138926016e-18   0.00135239073191909
-0.000186295684240315 -0.000115670341806387       1.9817576771274  -0.00310274091350227   -0.0218125624355134 -2.47915848446802e-16 -5.21481292345483e-16  5.27892741281545e-16 -8.08845649675205e-16     0.101974380893066
 5.02607803582323e-05  -0.00017506731524693  -0.00310274091350227      1.98644556699415    0.0024443532844451 -3.04099934577679e-16 -1.67278059304832e-16 -3.09704059025447e-15  2.12910839386784e-16    0.0776424177675237
 1.92881632289599e-05  8.04604029328484e-05   -0.0218125624355134    0.0024443532844451      1.90145323351478  4.77830984116219e-16  -4.5273245240629e-15 -1.22813515665719e-14 -4.27583002827456e-15   -0.0985300299564962
-6.55089623799683e-18 -1.55110068776073e-18 -2.47915848446802e-16 -3.04099934577679e-16  4.77830984116219e-16       1.6185449623465 -1.97033269275917e-15  -0.00177705739666028    -0.248479987528486   1.9147432064489e-15
-7.74482629323465e-18 -4.86613132049606e-18 -5.21481292345483e-16 -1.67278059304832e-16  -4.5273245240629e-15 -1.97033269275917e-15      1.61854496234654    -0.248479987528316   0.00177705739665432  4.57527329085027e-15
 6.40192870786021e-17  -8.8468725396234e-18  5.27892741281545e-16 -3.09704059025447e-15 -1.22813515665719e-14  -0.00177705739666028    -0.248479987528316     0.386939621088467  2.27080522629675e-15  8.58853965750301e-16
-5.81822042574372e-17 -1.76892138926016e-18 -8.08845649675205e-16  2.12910839386784e-16 -4.27583002827456e-15    -0.248479987528486   0.00177705739665432  2.27080522629675e-15     0.386939621088504 -2.45207574035382e-16
  0.00130849617317668   0.00135239073191909     0.101974380893066    0.0776424177675237   -0.0985300299564962   1.9147432064489e-15  4.57527329085027e-15  8.58853965750301e-16 -2.45207574035382e-16      0.11938292012524
POPULATION (lambda : 0.5): 7.06811613744959
TOTAL ENERGY: -127.145390796736	 lambda: 0.6
1RDM (lambda : 0.6): 
      1.9999949294214 -1.28232549531324e-06 -0.000231695454382173  5.16750385439941e-05  1.58192927481574e-05 -7.84876278081137e-18 -7.02802337933165e-18  6.14972894323927e-17  -5.7607928011691e-17   0.00149783368530932
-1.28232549531324e-06      1.99999578922738 -0.000145927627052288 -0.000175094794227202  5.46387814142996e-05 -2.00727961058942e-18 -5.34667063097822e-18  -9.5261361737876e-18 -1.47550296573963e-18   0.00158555287605286
-0.000231695454382173 -0.000145927627052288      1.97818170778213  -0.00385336915550092   -0.0216112817416347 -2.97174646116731e-16 -6.03372510456573e-16  3.57069961955094e-16 -7.68262203659957e-16     0.129875694258848
 5.16750385439941e-05 -0.000175094794227202  -0.00385336915550092      1.98604691856188  0.000286461458574936 -3.06562574463696e-16 -2.41848615657123e-16 -3.08285611532483e-15  2.22386962921904e-16    0.0845741700799179
 1.58192927481574e-05  5.46387814142996e-05   -0.0216112817416347  0.000286461458574936      1.90850526722117   3.4966014315013e-16 -4.90990733942916e-15 -1.27016940141705e-14 -4.17134913957279e-15   -0.0598885547975886
-7.84876278081137e-18 -2.00727961058942e-18 -2.97174646116731e-16 -3.06562574463696e-16   3.4966014315013e-16      1.61250831631826 -1.51166593230718e-15  -0.00197914417479505     -0.27673713448249  2.09754512942391e-15
-7.02802337933165e-18 -5.34667063097822e-18 -6.03372510456573e-16 -2.41848615657123e-16 -4.90990733942916e-15 -1.51166593230718e-15      1.61250831631835    -0.276737134482214   0.00197914417478787  3.97212011788684e-15
 6.14972894323927e-17  -9.5261361737876e-18  3.57069961955094e-16 -3.08285611532483e-15 -1.27016940141705e-14  -0.00197914417479505    -0.276737134482214     0.393029418557991  2.18740560866394e-15  5.89738497906944e-16
 -5.7607928011691e-17 -1.47550296573963e-18 -7.68262203659957e-16  2.22386962921904e-16 -4.17134913957279e-15     -0.27673713448249   0.00197914417478787  2.18740560866394e-15     0.393029418558083 -4.47738166704921e-16
  0.00149783368530932   0.00158555287605286     0.129875694258848    0.0845741700799179   -0.0598885547975886  2.09754512942391e-15  3.97212011788684e-15  5.89738497906944e-16 -4.47738166704921e-16     0.116199918033354
POPULATION (lambda : 0.6): 7.18046690649306
TOTAL ENERGY: -127.069904242567	 lambda: 0.7
1RDM (lambda : 0.7): 
     1.99999408762594 -1.65394873966419e-06 -0.000284916574068256  5.57351406918834e-05  1.24079079939185e-05 -9.08769630774336e-18 -6.76361970043057e-18  5.97368582068539e-17 -5.74052741771184e-17   0.00169126421075145
-1.65394873966419e-06      1.99999567702015 -0.000183230973096839 -0.000178721633822662  2.58352452025129e-05 -4.18623959116075e-19 -1.15081482201167e-17 -1.04804350682177e-17 -1.01419703300593e-18    0.0018221103904098
