TOTAL ENERGY: -126.618640184154	 lambda: -1
1RDM (lambda : -1): 
     1.99997187930579  3.05314866109217e-05  -0.00154729257795891   -0.0002739694349062 -6.48577248736745e-18 -1.49995945151783e-17 -0.000238199138218744 -2.41625601786297e-17 -6.63011909328135e-17   0.00706468249963848
 3.05314866109217e-05       1.9999508066115   0.00188103444209617  0.000759104472128437  7.95434807034242e-18  6.85456190353716e-19 -0.000195197259277224  4.19323544974927e-18  1.54165270196149e-18  -0.00796733212888404
 -0.00154729257795891   0.00188103444209617      1.90178073057609   -0.0268463469744108  6.72495932268418e-16 -1.28423974508798e-16   -0.0154682568820698   8.4280554443968e-16  1.38466964700432e-16     0.418618185180734
  -0.0002739694349062  0.000759104472128437   -0.0268463469744108      1.97450289498675 -8.59523585370273e-16  2.38315698022426e-16    0.0146371872193213 -1.54280697511404e-15  2.48641093286891e-16    0.0828331730774518
-6.48577248736745e-18  7.95434807034242e-18  6.72495932268418e-16 -8.59523585370273e-16      1.85143357910478  3.89142860560533e-15 -3.32417837025199e-15    -0.444612523119095    -0.175753909109015 -2.16339772515558e-15
-1.49995945151783e-17  6.85456190353716e-19 -1.28423974508798e-16  2.38315698022426e-16  3.89142860560533e-15      1.85143357910478  1.64806647495866e-16     0.175753909109031    -0.444612523119095  3.06657870861336e-16
-0.000238199138218744 -0.000195197259277224   -0.0154682568820698    0.0146371872193213 -3.32417837025199e-15  1.64806647495866e-16      1.96395846850652  -1.3138677355952e-14 -4.47610367013596e-15    0.0794619524004299
-2.41625601786297e-17  4.19323544974927e-18   8.4280554443968e-16 -1.54280697511404e-15    -0.444612523119095     0.175753909109031  -1.3138677355952e-14     0.171215648872392 -3.95495560540098e-15  6.04372832185166e-17
-6.63011909328135e-17  1.54165270196149e-18  1.38466964700432e-16  2.48641093286891e-16    -0.175753909109015    -0.444612523119095 -4.47610367013596e-15 -3.95495560540098e-15     0.171215648872383 -3.34140838907412e-17
  0.00706468249963848  -0.00796733212888404     0.418618185180734    0.0828331730774518 -2.16339772515558e-15  3.06657870861336e-16    0.0794619524004299  6.04372832185166e-17 -3.34140838907412e-17     0.114536764059043
POPULATION (lambda : -1): 4.82293632997281
TOTAL ENERGY: -126.754978784961	 lambda: -0.9
1RDM (lambda : -0.9): 
     1.99997661618289  2.51488222935947e-05  -0.00127118202572314 -0.000200325934115363 -5.24046796604274e-18 -1.34100235839507e-17 -0.000186892295917854 -2.19503936126183e-17 -6.57944715573156e-17    0.0063996332795453
 2.51488222935947e-05      1.99995722138667   0.00156800353539107  0.000665273841771231  8.68601566971063e-18  5.50715625628026e-19 -0.000228885682258979  5.47294691488206e-18  1.91409798909361e-18  -0.00725853666499862
 -0.00127118202572314   0.00156800353539107      1.91685731315321   -0.0228679133676386  7.81523427234867e-16 -1.27874707810529e-16   -0.0137734960036101  1.14146360464385e-15  2.40623029583637e-16     0.383835782482455
-0.000200325934115363  0.000665273841771231   -0.0228679133676386      1.97587910177663 -1.42856992170707e-15  2.56048615514043e-16    0.0138091575268498 -3.11422562332727e-15 -2.83983110875991e-16    0.0719846718368946
-5.24046796604274e-18  8.68601566971063e-18  7.81523427234867e-16 -1.42856992170707e-15       1.8717280247342  3.09921960919304e-15 -3.78670898338192e-15    -0.397733676006739    -0.157222850640581 -2.07226544650981e-15
-1.34100235839507e-17  5.50715625628026e-19 -1.27874707810529e-16  2.56048615514043e-16  3.09921960919304e-15      1.87172802473421  2.19426525225933e-16     0.157222850640587    -0.397733676006722  2.98346860438393e-16
-0.000186892295917854 -0.000228885682258979   -0.0137734960036101    0.0138091575268498 -3.78670898338192e-15  2.19426525225933e-16      1.96514076991837 -1.39505249539925e-14 -4.69781326277915e-15    0.0737423004620125
-2.19503936126183e-17  5.47294691488206e-18  1.14146360464385e-15 -3.11422562332727e-15    -0.397733676006739     0.157222850640587 -1.39505249539925e-14     0.149695282352959 -1.28638589046946e-16 -2.81276496736535e-16
-6.57944715573156e-17  1.91409798909361e-18  2.40623029583637e-16 -2.83983110875991e-16    -0.157222850640581    -0.397733676006722 -4.69781326277915e-15 -1.28638589046946e-16     0.149695282352948 -1.31713285630608e-16
   0.0063996332795453  -0.00725853666499862     0.383835782482455    0.0719846718368946 -2.07226544650981e-15  2.98346860438393e-16    0.0737423004620125 -2.81276496736535e-16 -1.31713285630608e-16    0.0993423634079173
POPULATION (lambda : -0.9): 4.96650115784422
TOTAL ENERGY: -126.881334615679	 lambda: -0.8
1RDM (lambda : -0.8): 
     1.99998088304494  2.01986025720368e-05  -0.00101757775347725 -0.000135394273049336 -8.19943603271005e-18 -1.15226982735658e-17 -0.000142254067284275 -2.59433901072203e-17 -6.72694842399562e-17   0.00571787568444945
 2.01986025720368e-05      1.99996327696094   0.00127546070033717  0.000579875242956337  9.47796262160235e-18  3.25404663351211e-19 -0.000254754023780252  4.08560642669396e-18  1.47427703886727e-18   -0.0065172212644993
 -0.00101757775347725   0.00127546070033717      1.93092848421308   -0.0192742321186252  3.00041536014795e-16 -8.18075960065536e-17   -0.0123842904085193  2.51242187033678e-16 -2.93236166346242e-17     0.347565782846063
-0.000135394273049336  0.000579875242956337   -0.0192742321186252      1.97717873800792  1.31697573032537e-16  1.19934959828936e-16    0.0129010198558115  1.01257053197789e-15  9.38316079781804e-16    0.0613668388652383
-8.19943603271005e-18  9.47796262160235e-18  3.00041536014795e-16  1.31697573032537e-16      1.88853563211815  1.68220028565877e-15 -9.70537783496181e-16    -0.350053765940153    -0.138375134593592 -1.83084025857696e-15
-1.15226982735658e-17  3.25404663351211e-19 -8.18075960065536e-17  1.19934959828936e-16  1.68220028565877e-15      1.88853563211815  5.77372103068717e-18      0.13837513459361    -0.350053765940172  2.81021064690667e-16
-0.000142254067284275 -0.000254754023780252   -0.0123842904085193    0.0129010198558115 -9.70537783496181e-16  5.77372103068717e-18      1.96627618369457 -6.85003031910771e-15 -2.49042156987961e-15    0.0687000145134777
-2.59433901072203e-17  4.08560642669396e-18  2.51242187033678e-16  1.01257053197789e-15    -0.350053765940153      0.13837513459361 -6.85003031910771e-15     0.131661715623432 -4.37125770800693e-15  4.81101092953967e-16
-6.72694842399562e-17  1.47427703886727e-18 -2.93236166346242e-17  9.38316079781804e-16    -0.138375134593592    -0.350053765940172 -2.49042156987961e-15 -4.37125770800693e-15     0.131661715623433   1.0606320481971e-16
  0.00571787568444945   -0.0065172212644993     0.347565782846063    0.0613668388652383 -1.83084025857696e-15  2.81021064690667e-16    0.0687000145134777  4.81101092953967e-16   1.0606320481971e-16    0.0852777385953426
POPULATION (lambda : -0.8): 5.1151997274929
TOTAL ENERGY: -126.995907360377	 lambda: -0.7
1RDM (lambda : -0.7): 
     1.99998464651652  1.57366126157235e-05 -0.000788394262540568 -7.86406332071901e-05  -7.1328951446666e-18 -9.95245843356598e-18 -0.000102663613917379 -2.42623295882286e-17 -6.67287910767712e-17   0.00502187358948141
 1.57366126157235e-05      1.99996888215022   0.00100662253430132  0.000502857672302696  9.79966173899648e-18  2.18908104825508e-19 -0.000274598267987678  5.10868633190575e-18  1.75632874375427e-18  -0.00574777521999812
-0.000788394262540568   0.00100662253430132      1.94388527867851   -0.0160433510260098  3.71525760263902e-16 -7.95173809010019e-17   -0.0112151575785071  4.31587732825442e-16  3.58414505451396e-17     0.309766229996431
-7.86406332071901e-05  0.000502857672302696   -0.0160433510260098      1.97840784004444 -2.43652212531253e-16  1.29892987531884e-16    0.0119420961081025 -1.58462958881886e-17  5.70572755860639e-16    0.0508964779039593
 -7.1328951446666e-18  9.79966173899648e-18  3.71525760263902e-16 -2.43652212531253e-16      1.90199835239957  1.94131486616606e-15 -1.32178508257495e-15    -0.302132614334191    -0.119432056554451 -1.75687040909883e-15
-9.95245843356598e-18  2.18908104825508e-19 -7.95173809010019e-17  1.29892987531884e-16  1.94131486616606e-15      1.90199835239959  4.69323947923572e-17     0.119432056554442    -0.302132614334133  2.75256804516814e-16
-0.000102663613917379 -0.000274598267987678   -0.0112151575785071    0.0119420961081025 -1.32178508257495e-15  4.69323947923572e-17      1.96738688772988 -6.89374176366353e-15 -2.47719314404009e-15      0.06405062719051
-2.42623295882286e-17  5.10868633190575e-18  4.31587732825442e-16 -1.58462958881886e-17    -0.302132614334191     0.119432056554442 -6.89374176366353e-15     0.116980980983463   5.3677753673739e-15   2.4219223388415e-16
-6.67287910767712e-17  1.75632874375427e-18  3.58414505451396e-17  5.70572755860639e-16    -0.119432056554451    -0.302132614334133 -2.47719314404009e-15   5.3677753673739e-15     0.116980980983445  3.88291953771807e-17
  0.00502187358948141  -0.00574777521999812     0.309766229996431    0.0508964779039593 -1.75687040909883e-15  2.75256804516814e-16      0.06405062719051   2.4219223388415e-16  3.88291953771807e-17    0.0724077981143785
POPULATION (lambda : -0.7): 5.26800454904401
TOTAL ENERGY: -127.097422454044	 lambda: -0.6
1RDM (lambda : -0.6): 
     1.99998788198478  1.18056214519151e-05 -0.000585500932319995 -2.96528496865422e-05 -5.19016598128447e-18 -8.48973526807279e-18 -6.70970100046147e-05 -2.13512323106847e-17 -6.56828160097381e-17   0.00431347035290279
 1.18056214519151e-05      1.99997396318901  0.000764425308542677  0.000434201306545777  9.99352728671411e-18  1.39942475072395e-19 -0.000289653194352435  6.21155042012327e-18  2.05914401054117e-18  -0.00495341916384054
-0.000585500932319995  0.000764425308542677      1.95558981628007   -0.0131702466354416   5.4746107498603e-16 -8.68043203041056e-17   -0.0102252214236619  8.66271186651363e-16   1.7837416637211e-16     0.270439803388731
-2.96528496865422e-05  0.000434201306545777   -0.0131702466354416      1.97956227809193 -1.00431125608851e-15  1.74660674109141e-16    0.0109418610585693 -2.35181272720725e-15 -1.89419126952271e-16    0.0405208491202583
-5.19016598128447e-18  9.99352728671411e-18   5.4746107498603e-16 -1.00431125608851e-15      1.91237920341152  1.78164293429404e-15 -2.32538085050896e-15    -0.254297307017131    -0.100522912672421 -1.67648174661315e-15
-8.48973526807279e-18  1.39942475072395e-19 -8.68043203041056e-17  1.74660674109141e-16  1.78164293429404e-15      1.91237920341152  1.44008141695312e-16     0.100522912672426    -0.254297307017108  2.68782283536651e-16
-6.70970100046147e-05 -0.000289653194352435   -0.0102252214236619    0.0109418610585693 -2.32538085050896e-15  1.44008141695312e-16      1.96847209198643 -8.86871774336573e-15 -3.03860877560173e-15    0.0596035089048059
-2.13512323106847e-17  6.21155042012327e-18  8.66271186651363e-16 -2.35181272720725e-15    -0.254297307017131     0.100522912672426 -8.86871774336573e-15     0.105396014362331  1.23062935957343e-15 -2.09687361905228e-16
-6.56828160097381e-17  2.05914401054117e-18   1.7837416637211e-16 -1.89419126952271e-16    -0.100522912672421    -0.254297307017108 -3.03860877560173e-15  1.23062935957343e-15     0.105396014362319 -9.10648981503699e-17
  0.00431347035290279  -0.00495341916384054     0.270439803388731    0.0405208491202583 -1.67648174661315e-15  2.68782283536651e-16    0.0596035089048059 -2.09687361905228e-16 -9.10648981503699e-17    0.0608635329201334
POPULATION (lambda : -0.6): 5.42422202958401
TOTAL ENERGY: -127.184942298009	 lambda: -0.5
1RDM (lambda : -0.5): 
     1.99999057073981  8.43912434177453e-06 -0.000410780170641122   1.1835859401186e-05 -6.31972954577158e-18 -6.80635817424926e-18 -3.50555680678372e-05 -2.29553501984136e-17 -6.60782966228813e-17   0.00359422482198818
 8.43912434177453e-06       1.9999784598929   0.00055167087759883  0.000373984051496044  1.01240016337765e-17  6.93450643405597e-21 -0.000300607810025647  6.26716421082806e-18   2.0381293264931e-18  -0.00413651907713216
-0.000410780170641122   0.00055167087759883      1.96588492716057   -0.0106614803315041  3.33774479880775e-16 -6.20968753662837e-17  -0.00940131082855911  3.86368841195948e-16   3.8771140019414e-17     0.229652870736138
  1.1835859401186e-05  0.000373984051496044   -0.0106614803315041      1.98063222889734 -2.91791831280291e-16   1.0670075319059e-16   0.00990225656731741 -1.53409299592418e-16  4.24209127404478e-16    0.0302330464617864
-6.31972954577158e-18  1.01240016337765e-17  3.33774479880775e-16 -2.91791831280291e-16      1.91993026056354  6.31823964073974e-16 -1.16426230031687e-15    -0.206698214939071   -0.0817071435711558 -1.56794757711404e-15
-6.80635817424926e-18  6.93450643405597e-21 -6.20968753662837e-17   1.0670075319059e-16  6.31823964073974e-16      1.91993026056354   5.3697179243741e-17    0.0817071435711619    -0.206698214939092  2.63033755469526e-16
-3.50555680678372e-05 -0.000300607810025647  -0.00940131082855911   0.00990225656731741 -1.16426230031687e-15   5.3697179243741e-17       1.9695224077002 -4.35088171809931e-15  -1.6469905485423e-15    0.0552749563098435
-2.29553501984136e-17  6.26716421082806e-18  3.86368841195948e-16 -1.53409299592418e-16    -0.206698214939071    0.0817071435711619 -4.35088171809931e-15    0.0966614476673326 -6.69304564284348e-16  1.33862292878582e-16
-6.60782966228813e-17   2.0381293264931e-18   3.8771140019414e-17  4.24209127404478e-16   -0.0817071435711558    -0.206698214939092  -1.6469905485423e-15 -6.69304564284348e-16    0.0966614476673322  1.67820790646246e-17
  0.00359422482198818  -0.00413651907713216     0.229652870736138    0.0302330464617864 -1.56794757711404e-15  2.63033755469526e-16    0.0552749563098435  1.33862292878582e-16  1.67820790646246e-17    0.0508079891474449
POPULATION (lambda : -0.5): 5.58339087411285
TOTAL ENERGY: -127.257711224691	 lambda: -0.4
1RDM (lambda : -0.4): 
     1.99999269786545  5.66484364164993e-06 -0.000266078235244861  4.60103161460188e-05 -5.43652312008288e-18 -5.32477403415178e-18 -6.35025344877678e-06 -2.16624521338819e-17 -6.54215855787972e-17   0.00286576998223542
 5.66484364164993e-06      1.99998232073298  0.000371080060921906  0.000322362799141579  1.01667819378916e-17 -8.27164952081913e-20 -0.000307805203803872  6.83177600910447e-18  2.17143146077291e-18  -0.00329914454740797
-0.000266078235244861  0.000371080060921906      1.97461133152674  -0.00852627886504773  3.72740013960409e-16 -5.91423055107691e-17   -0.0087357334891951    5.003765304783e-16  8.06067049661548e-17     0.187528039224795
 4.60103161460188e-05  0.000322362799141579  -0.00852627886504773      1.98160618392235 -5.09708241318994e-16  1.16354248617467e-16    0.0088290379549816 -9.12855427704713e-16  1.48195711203824e-16    0.0200637730564675
-5.43652312008288e-18  1.01667819378916e-17  3.72740013960409e-16 -5.09708241318994e-16      1.92482605971896  1.31803794317059e-15  -1.4590083206865e-15    -0.159400695554141   -0.0630105872913685 -1.46620693359899e-15
-5.32477403415178e-18 -8.27164952081913e-20 -5.91423055107691e-17  1.16354248617467e-16  1.31803794317059e-15      1.92482605971896  8.86432850686767e-17    0.0630105872913776    -0.159400695554132   2.5665875640523e-16
-6.35025344877678e-06 -0.000307805203803872   -0.0087357334891951    0.0088290379549816  -1.4590083206865e-15  8.86432850686767e-17      1.97053327063475   -4.086515427149e-15 -1.52546805276213e-15    0.0510481164940416
-2.16624521338819e-17  6.83177600910447e-18    5.003765304783e-16 -9.12855427704713e-16    -0.159400695554141    0.0630105872913776   -4.086515427149e-15    0.0906126389531401 -1.28150791426364e-15 -2.25885914347724e-17
-6.54215855787972e-17  2.17143146077291e-18  8.06067049661548e-17  1.48195711203824e-16   -0.0630105872913685    -0.159400695554132 -1.52546805276213e-15 -1.28150791426364e-15     0.090612638953137 -2.34368503326568e-17
  0.00286576998223542  -0.00329914454740797     0.187528039224795    0.0200637730564675 -1.46620693359899e-15   2.5665875640523e-16    0.0510481164940416 -2.25885914347724e-17 -2.34368503326568e-17    0.0423967979735194
POPULATION (lambda : -0.4): 5.74514410916424
TOTAL ENERGY: -127.315079574166	 lambda: -0.3
1RDM (lambda : -0.3): 
     1.99999425145075  3.50657294190307e-06 -0.000153102246775903  7.30585266243158e-05 -5.36377209977727e-18 -3.79774825338444e-18  1.90944039089451e-05 -2.15948824835044e-17 -6.51019191635935e-17   0.00213005165314139
 3.50657294190307e-06      1.99998549943445  0.000225253908543734  0.000279517934158829  1.00425294920148e-17  -1.7225562691067e-19 -0.000311453861732648  7.29600067635094e-18  2.26757267272907e-18  -0.00244354970061397
-0.000153102246775903  0.000225253908543734      1.98162194586032  -0.00677007457127903   3.1701257934841e-16 -4.78800961001814e-17  -0.00821268912563997  3.47622702892058e-16    4.173981817801e-17     0.144221320500045
 7.30585266243158e-05  0.000279517934158829  -0.00677007457127903      1.98247235386152 -3.48483148240574e-16  9.63416244502023e-17   0.00773672470416155 -3.59168571016706e-16  2.60284403519802e-16    0.0100599941686239
-5.36377209977727e-18  1.00425294920148e-17   3.1701257934841e-16 -3.48483148240574e-16      1.92716850859238  1.18378673929383e-15 -1.29103614483564e-15    -0.112465143168827   -0.0444571091077385 -1.37872105523284e-15
-3.79774825338444e-18  -1.7225562691067e-19 -4.78800961001814e-17  9.63416244502023e-17  1.18378673929383e-15      1.92716850859238  7.91238665433732e-17     0.044457109107743    -0.112465143168843  2.53053204331243e-16
 1.90944039089451e-05 -0.000311453861732648  -0.00821268912563997   0.00773672470416155 -1.29103614483564e-15  7.91238665433732e-17      1.97151013655699 -1.96241419689321e-15 -8.60108140136877e-16    0.0469123485604489
-2.15948824835044e-17  7.29600067635094e-18  3.47622702892058e-16 -3.59168571016706e-16    -0.112465143168827     0.044457109107743 -1.96241419689321e-15    0.0871620710602063 -3.97914118131032e-17   2.8260304432716e-17
-6.51019191635935e-17  2.26757267272907e-18    4.173981817801e-17  2.60284403519802e-16   -0.0444571091077385    -0.112465143168843 -8.60108140136877e-16 -3.97914118131032e-17    0.0871620710602024  -3.1071494899338e-18
  0.00213005165314139  -0.00244354970061397     0.144221320500045    0.0100599941686239 -1.37872105523284e-15  2.53053204331243e-16    0.0469123485604489   2.8260304432716e-17  -3.1071494899338e-18    0.0357546535308582
POPULATION (lambda : -0.3): 5.90910117382156
TOTAL ENERGY: -127.356496098417	 lambda: -0.2
1RDM (lambda : -0.2): 
     1.99999522289885  1.98432209061268e-06 -7.33167796247512e-05  9.32299687558398e-05 -4.91257163553771e-18 -2.33886530143062e-18  4.13322332912797e-05 -2.10043188471515e-17 -6.45359204739184e-17    0.0013894090253873
 1.98432209061268e-06       1.9999879538147  0.000116586673596428  0.000245606776037875   9.8701380488935e-18 -2.55113185649079e-19 -0.000311738826973751  7.77433427034473e-18  2.36759282250715e-18   -0.0015724088616022
-7.33167796247512e-05  0.000116586673596428      1.98678813223501  -0.00539310596523444  3.06999099346248e-16  -4.0971908127277e-17  -0.00780841001780368  3.08549049765343e-16  3.62269522736092e-17    0.0999007708073285
 9.32299687558398e-05  0.000245606776037875  -0.00539310596523444      1.98321754079422  -3.4773020851536e-16  9.32214846031102e-17   0.00664635563279775 -3.62797343855579e-16  2.10029111014774e-16  0.000264490475465514
-4.91257163553771e-18   9.8701380488935e-18  3.06999099346248e-16  -3.4773020851536e-16      1.92703733419874  3.26100821367724e-16 -1.40526774605984e-15   -0.0659872829097384   -0.0260845613779509 -1.28552289183155e-15
-2.33886530143062e-18 -2.55113185649079e-19  -4.0971908127277e-17  9.32214846031102e-17  3.26100821367724e-16      1.92703733419874  9.41681436305033e-17    0.0260845613779529   -0.0659872829097637  2.49106661647224e-16
 4.13322332912797e-05 -0.000311738826973751  -0.00780841001780368   0.00664635563279775 -1.40526774605984e-15  9.41681436305033e-17      1.97246452132777 -6.31021438462843e-16 -4.24476913294277e-16    0.0428167762219299
-2.10043188471515e-17  7.77433427034473e-18  3.08549049765343e-16 -3.62797343855579e-16   -0.0659872829097384    0.0260845613779529 -6.31021438462843e-16    0.0862488116658337  9.40977652286217e-17 -3.60763822248593e-18
-6.45359204739184e-17  2.36759282250715e-18  3.62269522736092e-17  2.10029111014774e-16   -0.0260845613779509   -0.0659872829097637 -4.24476913294277e-16  9.40977652286217e-17    0.0862488116658303 -6.17152441385063e-18
   0.0013894090253873   -0.0015724088616022    0.0999007708073285  0.000264490475465514 -1.28552289183155e-15  2.49106661647224e-16    0.0428167762219299 -3.60763822248593e-18 -6.17152441385063e-18    0.0309743372003502
POPULATION (lambda : -0.2): 6.07481779686788
TOTAL ENERGY: -127.381533647122	 lambda: -0.1
1RDM (lambda : -0.1): 
       1.999995607762  1.11352893910004e-06 -2.78631921296752e-05  0.000106854212777487 -4.53611859125354e-18 -9.04101894840243e-19  6.03944045908811e-05 -2.05522692500171e-17 -6.39466905766995e-17  0.000646523637806012
 1.11352893910004e-06       1.9999896461766  4.71730336062521e-05  0.000220742473474975  9.58608603874776e-18 -3.31238069227485e-19 -0.000308819487064362  8.26119775287467e-18  2.46651694242641e-18 -0.000688804736049371
-2.78631921296752e-05  4.71730336062521e-05      1.98999965253545   -0.0043927175442295  2.90185656866198e-16 -3.33475019508744e-17  -0.00750083621932183  2.34505920306501e-16  2.03045206266689e-17    0.0547387190376598
 0.000106854212777487  0.000220742473474975   -0.0043927175442295      1.98382523103882 -3.10153860432171e-16  8.88641809925259e-17   0.00557897231387709 -2.02954844090845e-16  2.05724950958803e-16  -0.00929371008986783
-4.53611859125354e-18  9.58608603874776e-18  2.90185656866198e-16 -3.10153860432171e-16      1.92454943644768   1.2939855870537e-15 -1.54065703990358e-15   -0.0200937683605732  -0.00794300296217185 -1.19474493209812e-15
-9.04101894840243e-19 -3.31238069227485e-19 -3.33475019508744e-17  8.88641809925259e-17   1.2939855870537e-15      1.92454943644768   1.0877092666008e-16   0.00794300296217422   -0.0200937683605677   2.4619541968333e-16
 6.03944045908811e-05 -0.000308819487064362  -0.00750083621932183   0.00557897231387709 -1.54065703990358e-15   1.0877092666008e-16      1.97340537492621  9.04274809400799e-16  6.62053289769573e-17    0.0386583637392239
-2.05522692500171e-17  8.26119775287467e-18  2.34505920306501e-16 -2.02954844090845e-16   -0.0200937683605732   0.00794300296217422  9.04274809400799e-16    0.0877777982279545 -9.89357592781362e-16 -1.32051101862982e-17
-6.39466905766995e-17  2.46651694242641e-18  2.03045206266689e-17  2.05724950958803e-16  -0.00794300296217185   -0.0200937683605677  6.62053289769573e-17 -9.89357592781362e-16    0.0877777982279516 -2.73081121207947e-18
 0.000646523637806012 -0.000688804736049371    0.0547387190376598  -0.00929371008986783 -1.19474493209812e-15   2.4619541968333e-16    0.0386583637392239 -1.32051101862982e-17 -2.73081121207947e-18      0.02813001820965
POPULATION (lambda : -0.1): 6.24178992048161
TOTAL ENERGY: -127.389914884915	 lambda: 0
1RDM (lambda : 0): 
      1.9999954065262  9.04231892904374e-07 -1.74996312160676e-05   0.00011433421208235 -4.11888667560083e-18   4.9258062928948e-19  7.62591000147852e-05 -2.00717769867929e-17 -6.32843177486291e-17 -9.57245048782201e-05
 9.04231892904374e-07      1.99999054417448  1.87288605761952e-05  0.000204986454919414  9.21980370951283e-18 -4.02905443320684e-19 -0.000302770934680951   8.7476620935434e-18  2.56300136643871e-18  0.000203944068650489
-1.74996312160676e-05  1.87288605761952e-05      1.99116390213914  -0.00376596979896906  2.78900929185475e-16 -2.61894389414341e-17  -0.00728021254824815  1.65368243466374e-16  5.56166851977789e-18   0.00891923199812054
  0.00011433421208235  0.000204986454919414  -0.00376596979896906      1.98427495200667 -2.85042282538367e-16  8.78840362779595e-17   0.00454899549992836 -6.89088800248901e-17  1.93827510279922e-16   -0.0185957791454681
-4.11888667560083e-18  9.21980370951283e-18  2.78900929185475e-16 -2.85042282538367e-16      1.91989620878248  2.53227910039045e-15 -1.75143307513691e-15     0.025094459617168   0.00991975827964017 -1.09827850401744e-15
  4.9258062928948e-19 -4.02905443320684e-19 -2.61894389414341e-17  8.78840362779595e-17  2.53227910039045e-15      1.91989620878249  1.28754369183159e-16  -0.00991975827964033    0.0250944596171545  2.43413507707802e-16
 7.62591000147852e-05 -0.000302770934680951  -0.00728021254824815   0.00454899549992836 -1.75143307513691e-15  1.28754369183159e-16      1.97433187545935  2.38313392399008e-15  5.38896421506137e-16    0.0343047492825657
-2.00717769867929e-17   8.7476620935434e-18  1.65368243466374e-16 -6.89088800248901e-17     0.025094459617168  -0.00991975827964033  2.38313392399008e-15    0.0915803205315042   1.0511797852719e-15 -2.64209364832749e-17
-6.32843177486291e-17  2.56300136643871e-18  5.56166851977789e-18  1.93827510279922e-16   0.00991975827964017    0.0250944596171545  5.38896421506137e-16   1.0511797852719e-15    0.0915803205314938  7.43608922254935e-20
-9.57245048782201e-05  0.000203944068650489   0.00891923199812054   -0.0185957791454681 -1.09827850401744e-15  2.43413507707802e-16    0.0343047492825657 -2.64209364832749e-17  7.43608922254935e-20    0.0272902610662199
POPULATION (lambda : 0): 6.40949416599897
TOTAL ENERGY: -127.381517120572	 lambda: 0.1
1RDM (lambda : 0.1): 
     1.99999462490168  1.36084049313984e-06 -4.25566805681399e-05  0.000116134894997177 -3.66447365760523e-18  1.85224018849317e-18  8.88497917433442e-05 -1.95777879999763e-17  -6.2560836080862e-17  -0.00083445950779213
 1.36084049313984e-06      1.99999062134614  3.25273348231752e-05    0.0001983329972987  8.77018495508596e-18 -4.70680447341679e-19 -0.000293541126769483  9.23335815618104e-18  2.65696404284739e-18   0.00110251015302544
-4.25566805681399e-05  3.25273348231752e-05      1.99020899104153  -0.00350978270330763  2.72062728660929e-16 -1.93530524893329e-17  -0.00715358129825916  9.86273505700397e-17 -8.72985966907308e-18   -0.0373468677914628
 0.000116134894997177    0.0001983329972987  -0.00350978270330763      1.98454393162073 -2.67823878277168e-16  8.96561486065374e-17   0.00356055084402121  5.30253029513372e-17  1.78583524516287e-16   -0.0276213032637058
-3.66447365760523e-18  8.77018495508596e-18  2.72062728660929e-16 -2.67823878277168e-16      1.91334215772786  1.19425126790422e-15 -2.02337744033959e-15     0.069509360452814    0.0274768272522487   -9.925167392969e-16
 1.85224018849317e-18 -4.70680447341679e-19 -1.93530524893329e-17  8.96561486065374e-17  1.19425126790422e-15      1.91334215772786  1.53084626379162e-16   -0.0274768272522503    0.0695093604527935  2.40439946877474e-16
 8.88497917433442e-05 -0.000293541126769483  -0.00715358129825916   0.00356055084402121 -2.02337744033959e-15  1.53084626379162e-16      1.97523143314965  3.82424657633894e-15  9.99094989540638e-16    0.0296364768950226
-1.95777879999763e-17  9.23335815618104e-18  9.86273505700397e-17  5.30253029513372e-17     0.069509360452814   -0.0274768272522503  3.82424657633894e-15      0.09741298526552 -1.64675928961434e-15 -4.10209692168982e-17
 -6.2560836080862e-17  2.65696404284739e-18 -8.72985966907308e-18  1.78583524516287e-16    0.0274768272522487    0.0695093604527935  9.99094989540638e-16 -1.64675928961434e-15    0.0974129852655199  2.91832108593434e-18
 -0.00083445950779213   0.00110251015302544   -0.0373468677914628   -0.0276213032637058   -9.925167392969e-16  2.40439946877474e-16    0.0296364768950226 -4.10209692168982e-17  2.91832108593434e-18    0.0285201119535353
POPULATION (lambda : 0.1): 6.57744474263521
TOTAL ENERGY: -127.356349335772	 lambda: 0.2
1RDM (lambda : 0.2): 
     1.99999327339641  2.48273104477632e-06  -0.00010291443011476  0.000112777511671378 -3.16928991288464e-18    3.178357511612e-18  9.80792896699532e-05 -1.90785100541118e-17 -6.17863615850533e-17  -0.00156703136497243
 2.48273104477632e-06       1.9999898570271  8.93494547014952e-05  0.000200674982087828  8.23246611129347e-18 -5.34821332919002e-19 -0.000280966809374796  9.71587510306683e-18  2.74796380986738e-18   0.00200375566178305
 -0.00010291443011476  8.93494547014952e-05      1.98709128507106  -0.00361807765482915  2.69385218038408e-16  -1.2758499535574e-17  -0.00714114691060784  3.27285351037888e-17 -2.29843775636493e-17   -0.0838102869336163
 0.000112777511671378  0.000200674982087828  -0.00361807765482915      1.98461065451251 -2.55697723876418e-16  9.36434531907298e-17   0.00260760261211208  1.72124320880572e-16  1.62536786867395e-16   -0.0363361689634279
-3.16928991288464e-18  8.23246611129347e-18  2.69385218038408e-16 -2.55697723876418e-16      1.90518508352571  1.12267427960509e-15 -2.34385015933095e-15     0.113171465495541    0.0447363180508156 -8.75583224621713e-16
   3.178357511612e-18 -5.34821332919002e-19  -1.2758499535574e-17  9.36434531907298e-17  1.12267427960509e-15      1.90518508352572  1.80787224871909e-16    -0.044736318050827      0.11317146549557  2.37096175376402e-16
 9.80792896699532e-05 -0.000280966809374796  -0.00714114691060784   0.00260760261211208 -2.34385015933095e-15  1.80787224871909e-16      1.97608292283986  5.23760123726223e-15  1.44973386371176e-15    0.0245879820459777
-1.90785100541118e-17  9.71587510306683e-18  3.27285351037888e-17  1.72124320880572e-16     0.113171465495541    -0.044736318050827  5.23760123726223e-15      0.10499550503568 -1.03369953147076e-15 -5.57661283155223e-17
-6.17863615850533e-17  2.74796380986738e-18 -2.29843775636493e-17  1.62536786867395e-16    0.0447363180508156      0.11317146549557  1.44973386371176e-15 -1.03369953147076e-15     0.104995505035676  6.12340754363052e-18
 -0.00156703136497243   0.00200375566178305   -0.0838102869336163   -0.0363361689634279 -8.75583224621713e-16  2.37096175376402e-16    0.0245879820459777 -5.57661283155223e-17  6.12340754363052e-18    0.0318708300303006
POPULATION (lambda : 0.2): 6.74524707084573
TOTAL ENERGY: -127.314507893042	 lambda: 0.3
1RDM (lambda : 0.3): 
     1.99999136623878  4.26549832585711e-06 -0.000198012259947966   0.00010483717731455 -2.62165988080381e-18  4.47338208901092e-18  0.000103917373559182 -1.85723617930648e-17 -6.09663495831551e-17  -0.00229120239190015
 4.26549832585711e-06      1.99998823579875  0.000189452350486621  0.000211757445911529  7.62334721769731e-18 -6.15700109001771e-19 -0.000264846939327261  1.01612073027803e-17  2.84651221344657e-18   0.00290485222215934
-0.000198012259947966  0.000189452350486621      1.98180450589404  -0.00407746051624491   2.7025628387163e-16 -5.51988481944171e-18  -0.00726707122817972 -2.92383341180186e-17 -3.82198609808181e-17    -0.130182515752483
  0.00010483717731455  0.000211757445911529  -0.00407746051624491      1.98445896325403 -2.52019183136143e-16  1.03441611335049e-16   0.00167692507585681  3.03394798796543e-16  1.40841710837178e-16    -0.044686407039841
-2.62165988080381e-18  7.62334721769731e-18   2.7025628387163e-16 -2.52019183136143e-16      1.89569240356155  3.53605531650952e-15 -2.69619779328473e-15     0.156198774275808    0.0617448748506339 -7.47492510547743e-16
 4.47338208901092e-18 -6.15700109001771e-19 -5.51988481944171e-18  1.03441611335049e-16  3.53605531650952e-15      1.89569240356156  2.04843468106143e-16   -0.0617448748506467     0.156198774275773  2.32988461675922e-16
 0.000103917373559182 -0.000264846939327261  -0.00726707122817972   0.00167692507585681 -2.69619779328473e-15  2.04843468106143e-16      1.97686274785525   6.6040835685985e-15  1.90082381347024e-15     0.019171169244159
-1.85723617930648e-17  1.01612073027803e-17 -2.92383341180186e-17  3.03394798796543e-16     0.156198774275808   -0.0617448748506467   6.6040835685985e-15     0.114073117437184  3.32987698511578e-15 -6.92001192670809e-17
-6.09663495831551e-17  2.84651221344657e-18 -3.82198609808181e-17  1.40841710837178e-16    0.0617448748506339     0.156198774275773  1.90082381347024e-15  3.32987698511578e-15     0.114073117437165  9.28475008632504e-18
 -0.00229120239190015   0.00290485222215934    -0.130182515752483    -0.044686407039841 -7.47492510547743e-16  2.32988461675922e-16     0.019171169244159 -6.92001192670809e-17  9.28475008632504e-18     0.037363138961702
POPULATION (lambda : 0.3): 6.91262998293573
TOTAL ENERGY: -127.256127938057	 lambda: 0.4
1RDM (lambda : 0.4): 
       1.999988920018  6.70240750166498e-06 -0.000326894322949594  9.29356595092234e-05  -2.0509470671984e-18  5.79582572660818e-18  0.000106443811158832 -1.80649898028995e-17 -6.00954358946059e-17  -0.00300524228747339
 6.70240750166498e-06       1.9999857468478  0.000332561218824931  0.000231136018044027   6.7150752045054e-18 -4.12303179027901e-19 -0.000245038493052826  1.09107790915234e-17  2.76386610923027e-18   0.00380331027399638
-0.000326894322949594  0.000332561218824931      1.97438652582848  -0.00486367259612284  2.85693967891575e-16 -1.17567062689869e-17  -0.00754911925006583  -1.2152472530372e-16 -3.36750902312314e-17    -0.176147784559406
 9.29356595092234e-05  0.000231136018044027  -0.00486367259612284      1.98408135301241 -2.08041835225989e-16   5.4264492794679e-17  0.000752213311607233   2.9185073425375e-16  2.08707509693033e-16   -0.0526000402374837
 -2.0509470671984e-18   6.7150752045054e-18  2.85693967891575e-16 -2.08041835225989e-16      1.88503594034238  4.90398536646981e-16 -3.14868303791544e-15     0.198784656754562    0.0785789387063848 -6.14728899045567e-16
 5.79582572660818e-18 -4.12303179027901e-19 -1.17567062689869e-17   5.4264492794679e-17  4.90398536646981e-16       1.8850359403424  3.23937268551329e-16   -0.0785789387063622     0.198784656754536  2.33080299838382e-16
 0.000106443811158832 -0.000245038493052826  -0.00754911925006583  0.000752213311607233 -3.14868303791544e-15  3.23937268551329e-16      1.97755133767927  8.18266282230558e-15  2.20101290944722e-15    0.0134745798829409
-1.80649898028995e-17  1.09107790915234e-17  -1.2152472530372e-16   2.9185073425375e-16     0.198784656754562   -0.0785789387063622  8.18266282230558e-15     0.124481354696277  4.99416778037294e-15 -9.42768603382979e-17
-6.00954358946059e-17  2.76386610923027e-18 -3.36750902312314e-17  2.08707509693033e-16    0.0785789387063848     0.198784656754536  2.20101290944722e-15  4.99416778037294e-15     0.124481354696264  2.07392536487993e-17
 -0.00300524228747339   0.00380331027399638    -0.176147784559406   -0.0526000402374837 -6.14728899045567e-16  2.33080299838382e-16    0.0134745798829409 -9.42768603382979e-17  2.07392536487993e-17    0.0449715265367503
POPULATION (lambda : 0.4): 7.07944439822453
TOTAL ENERGY: -127.181350861766	 lambda: 0.5
1RDM (lambda : 0.5): 
     1.99998595255739  9.78551173672367e-06 -0.000488279289184923  7.77253134633697e-05 -1.39094098811387e-18  6.91429666742925e-18  0.000105855792532204 -1.75086110109876e-17 -5.92292733545202e-17  -0.00370790073163974
 9.78551173672367e-06      1.99998238357265  0.000517889961120791  0.000258156274453352  5.99466160293542e-18 -1.27558579095939e-18 -0.000221526189085285  1.09566444493577e-17  3.49213576463054e-18     0.004696939533389
-0.000488279289184923  0.000517889961120791      1.96492118046847  -0.00594036216239886  2.91742369035711e-16  3.50370801276666e-17  -0.00799107642800052 -1.40693312845142e-16 -1.24231756199277e-16    -0.221384780766812
 7.77253134633697e-05  0.000258156274453352  -0.00594036216239886      1.98348073426834 -2.28514073616695e-16  2.52887496414223e-16 -0.000182157320360996  6.00657888528196e-16 -1.50201235247972e-16   -0.0599952158518783
-1.39094098811387e-18  5.99466160293542e-18  2.91742369035711e-16 -2.28514073616695e-16      1.87324690826375  4.59113274570465e-15 -3.53644561205312e-15     0.241151297810659    0.0953263355454056  -4.7461141506494e-16
 6.91429666742925e-18 -1.27558579095939e-18  3.50370801276666e-17  2.52887496414223e-16  4.59113274570465e-15      1.87324690826377  8.23190689086227e-17   -0.0953263355454027     0.241151297810618  2.21409525094958e-16
 0.000105855792532204 -0.000221526189085285  -0.00799107642800052 -0.000182157320360996 -3.53644561205312e-15  8.23190689086227e-17       1.9781388338187  9.25192086132523e-15  3.14508094797084e-15   0.00763944924832981
-1.75086110109876e-17  1.09566444493577e-17 -1.40693312845142e-16  6.00657888528196e-16     0.241151297810659   -0.0953263355454027  9.25192086132523e-15      0.13619119110944  4.31454898603591e-15 -9.26180151623797e-17
-5.92292733545202e-17  3.49213576463054e-18 -1.24231756199277e-16 -1.50201235247972e-16    0.0953263355454056     0.241151297810618  3.14508094797084e-15  4.31454898603591e-15     0.136191191109416 -3.34776577042365e-18
 -0.00370790073163974     0.004696939533389    -0.221384780766812   -0.0599952158518783  -4.7461141506494e-16  2.21409525094958e-16   0.00763944924832981 -9.26180151623797e-17 -3.34776577042365e-18    0.0546147165681151
POPULATION (lambda : 0.5): 7.24562767197766
TOTAL ENERGY: -127.090321873462	 lambda: 0.6
1RDM (lambda : 0.6): 
     1.99998248246098  1.35060341343012e-05  -0.00068063468022422  5.98666109902441e-05 -4.02245582020932e-19   8.6886661730524e-18  0.000102416858946955 -1.69197487537744e-17  -5.7960740433192e-17  -0.00439826635500737
 1.35060341343012e-05      1.99997814359039  0.000744194034333133  0.000291962039250705  6.31888377960362e-18  1.26473905206459e-18 -0.000194422593612804  1.13836998078342e-17  1.11572494457888e-18   0.00558377814326318
 -0.00068063468022422  0.000744194034333133      1.95353408905505  -0.00726057302840524  2.39942263172599e-16 -1.03122417599959e-16  -0.00858062189999906 -1.81387328285684e-16  1.79994393084365e-16    -0.265593108205247
 5.98666109902441e-05  0.000291962039250705  -0.00726057302840524      1.98267060273494 -5.55099734640066e-16 -4.06552748207591e-16  -0.00113866723704998  8.08964436883071e-16  1.18186205940374e-15   -0.0667913184883089
-4.02245582020932e-19  6.31888377960362e-18  2.39942263172599e-16 -5.55099734640066e-16      1.86020541373909   9.5657285438641e-15 -3.56028910500625e-15     0.283492392917794     0.112063637131968 -3.32754208208743e-16
  8.6886661730524e-18  1.26473905206459e-18 -1.03122417599959e-16 -4.06552748207591e-16   9.5657285438641e-15       1.8602054137391  1.03252410488487e-15    -0.112063637132003     0.283492392917777  2.29545276772721e-16
 0.000102416858946955 -0.000194422593612804  -0.00858062189999906  -0.00113866723704998 -3.56028910500625e-15  1.03252410488487e-15      1.97862913434882  1.04951305985861e-14  1.69670426866787e-15   0.00181940430371072
-1.69197487537744e-17  1.13836998078342e-17 -1.81387328285684e-16  8.08964436883071e-16     0.283492392917794    -0.112063637132003  1.04951305985861e-14     0.149319918651356 -3.61633613640005e-15 -9.75321828214255e-17
 -5.7960740433192e-17  1.11572494457888e-18  1.79994393084365e-16  1.18186205940374e-15     0.112063637131968     0.283492392917777  1.69670426866787e-15 -3.61633613640005e-15     0.149319918651335  1.10098909308306e-16
 -0.00439826635500737   0.00558377814326318    -0.265593108205247   -0.0667913184883089 -3.32754208208743e-16  2.29545276772721e-16   0.00181940430371072 -9.75321828214255e-17  1.10098909308306e-16    0.0661548830289986
POPULATION (lambda : 0.6): 7.41114535222018
TOTAL ENERGY: -126.983218824912	 lambda: 0.7
1RDM (lambda : 0.7): 
     1.99997852948797  1.78538911365275e-05 -0.000902238556833169  4.00054476622638e-05 -8.80128564501204e-19   8.7547211427774e-18  9.63553614205176e-05 -1.66980073041043e-17  -5.7881120571187e-17   -0.0050755569794712
 1.78538911365275e-05      1.99997302907831   0.00100985516472642  0.000331532639689172  4.78955695329156e-19 -4.34903295907616e-18 -0.000163878092189719  1.34314625927075e-17  6.83190801369592e-18   0.00646202209681564
