TOTAL ENERGY: -126.664277939597	 lambda: -1
1RDM (lambda : -1): 
     1.99998016310395  2.10894517551328e-05  -0.00122382726484788 -0.000242353935992532  2.55415232019686e-18  2.76525329224477e-18  0.000309482213033548  -8.0899900011286e-17  4.07990639357064e-17  -0.00588874819906103
 2.10894517551328e-05      1.99996174897235   0.00151649829855174  0.000762035921286605 -9.31757757505745e-19 -1.26870641209963e-17  0.000114448195807675    6.702618177636e-18  -1.5742516178067e-18   0.00657402161300984
 -0.00122382726484788   0.00151649829855174      1.91014163562908   -0.0284239516292586  4.22166928685276e-17 -1.93548352509414e-15    0.0235823364193705  5.00987444540946e-16 -4.12698734118194e-16    -0.397407748169705
-0.000242353935992532  0.000762035921286605   -0.0284239516292586      1.97047232888826  4.64713838752821e-17  1.60613733495717e-15   -0.0129021257392743  -1.4289686763099e-15  7.27974163245375e-16   -0.0877719574511246
 2.55415232019686e-18 -9.31757757505745e-19  4.22166928685276e-17  4.64713838752821e-17      1.84958548054558  7.38478028020807e-15 -2.16794875096233e-16      0.25520577209407     0.397174547685737   9.0595513293803e-17
 2.76525329224477e-18 -1.26870641209963e-17 -1.93548352509414e-15  1.60613733495717e-15  7.38478028020807e-15      1.84958548054555 -9.17618216996758e-15     0.397174547685758    -0.255205772094118 -8.66267121532307e-15
 0.000309482213033548  0.000114448195807675    0.0235823364193705   -0.0129021257392743 -2.16794875096233e-16 -9.17618216996758e-15      1.95791141731448  3.26392164107562e-14 -2.00517549246154e-14     0.118883618631036
 -8.0899900011286e-17    6.702618177636e-18  5.00987444540946e-16  -1.4289686763099e-15      0.25520577209407     0.397174547685758  3.26392164107562e-14     0.174165825294245 -1.46971687489914e-14  4.10685691358266e-16
 4.07990639357064e-17  -1.5742516178067e-18 -4.12698734118194e-16  7.27974163245375e-16     0.397174547685737    -0.255205772094118 -2.00517549246154e-14 -1.46971687489914e-14     0.174165825294251 -1.36900341402585e-16
 -0.00588874819906103   0.00657402161300984    -0.397407748169705   -0.0877719574511246   9.0595513293803e-17 -8.66267121532307e-15     0.118883618631036  4.10685691358266e-16 -1.36900341402585e-16     0.114030094412281
POPULATION (lambda : -1): 4.90092978232234
TOTAL ENERGY: -126.797901007698	 lambda: -0.9
1RDM (lambda : -0.9): 
     1.99998347608443  1.73187595798903e-05  -0.00100343949228944 -0.000176369389180441  2.31982437714634e-18  3.56416972648394e-18  0.000247511475272508 -7.82469463880806e-17  3.82941781578577e-17  -0.00532183161388648
 1.73187595798903e-05      1.99996639446816   0.00126582903334593  0.000674042378829569 -8.57777851294076e-19 -1.57215780620174e-17  0.000158095620983437  7.36230602146657e-18 -1.91265097001097e-18   0.00597789753280016
 -0.00100343949228944   0.00126582903334593       1.9237577355046   -0.0243189940549034  3.80970467730185e-17 -1.85980298191999e-15    0.0209974737107487  6.79440187307196e-16 -5.32782262185935e-16    -0.364163691082347
-0.000176369389180441  0.000674042378829569   -0.0243189940549034      1.97218519281038  4.61563714650469e-17  1.96337595073086e-15   -0.0122886637202178 -2.38842511590225e-15  1.33031162775661e-15   -0.0762790546428539
 2.31982437714634e-18 -8.57777851294076e-19  3.80970467730185e-17  4.61563714650469e-17      1.86876330752415  4.35730071558233e-15 -2.09146637464996e-16     0.227376758505631     0.353864493138693  1.00263753790197e-16
 3.56416972648394e-18 -1.57215780620174e-17 -1.85980298191999e-15  1.96337595073086e-15  4.35730071558233e-15      1.86876330752414 -8.45128139725371e-15     0.353864493138712    -0.227376758505668 -8.12670565856773e-15
 0.000247511475272508  0.000158095620983437    0.0209974737107487   -0.0122886637202178 -2.09146637464996e-16 -8.45128139725371e-15      1.95927191592469  3.06929556395996e-14 -1.87467617333251e-14     0.110856962752811
-7.82469463880806e-17  7.36230602146657e-18  6.79440187307196e-16 -2.38842511590225e-15     0.227376758505631     0.353864493138712  3.06929556395996e-14     0.153656235428342 -9.45392972501228e-15  6.39585636415504e-16
 3.82941781578577e-17 -1.91265097001097e-18 -5.32782262185935e-16  1.33031162775661e-15     0.353864493138693    -0.227376758505668 -1.87467617333251e-14 -9.45392972501228e-15     0.153656235428345 -2.84924464983856e-16
 -0.00532183161388648   0.00597789753280016    -0.364163691082347   -0.0762790546428539  1.00263753790197e-16 -8.12670565856773e-15     0.110856962752811  6.39585636415504e-16 -2.84924464983856e-16    0.0999961993028318
POPULATION (lambda : -0.9): 5.04162545437384
TOTAL ENERGY: -126.920810628778	 lambda: -0.8
1RDM (lambda : -0.8): 
     1.99998643452262  1.38688755415412e-05 -0.000802156979630881  -0.00011823670670682  1.95193342613272e-18   -2.369767105132e-18  0.000192571037097232 -6.74115602598613e-17  3.04879100741261e-17  -0.00474336942076679
 1.38688755415412e-05      1.99997078284822   0.00103246810812948  0.000593527854850505 -7.25417945115845e-19 -1.87306964095352e-17  0.000193783833264895  1.02410131260214e-17  -3.6206746920919e-18   0.00535709130653091
-0.000802156979630881   0.00103246810812948      1.93642427067841   -0.0205937666341326    1.618564847627e-17 -2.81043542249588e-15    0.0187367739015497  2.70064960319093e-15 -1.80071708923036e-15     -0.32965370845452
 -0.00011823670670682  0.000593527854850505   -0.0205937666341326      1.97381848829568  9.73807040772956e-17  5.78829382437756e-15   -0.0115936574642692 -1.15647296442631e-14   7.0114621424008e-15   -0.0650163026596268
 1.95193342613272e-18 -7.25417945115845e-19    1.618564847627e-17  9.73807040772956e-17       1.8841897053654  3.44410557218476e-15 -3.07164566139905e-16     0.199324108616565     0.310206395288379  1.08265553727053e-16
  -2.369767105132e-18 -1.87306964095352e-17 -2.81043542249588e-15  5.78829382437756e-15  3.44410557218476e-15      1.88418970536542 -1.33840117740862e-14     0.310206395288327    -0.199324108616553 -8.02839697582477e-15
 0.000192571037097232  0.000193783833264895    0.0187367739015497   -0.0115936574642692 -3.07164566139905e-16 -1.33840117740862e-14       1.9605820499914  4.02862987347842e-14 -2.45590724253528e-14     0.103405893661441
-6.74115602598613e-17  1.02410131260214e-17  2.70064960319093e-15 -1.15647296442631e-14     0.199324108616565     0.310206395288327  4.02862987347842e-14     0.136904975512725  7.57090752235202e-15  2.84955476484895e-15
 3.04879100741261e-17  -3.6206746920919e-18 -1.80071708923036e-15   7.0114621424008e-15     0.310206395288379    -0.199324108616553 -2.45590724253528e-14  7.57090752235202e-15     0.136904975512742 -1.65235861559496e-15
 -0.00474336942076679   0.00535709130653091     -0.32965370845452   -0.0650163026596268  1.08265553727053e-16 -8.02839697582477e-15     0.103405893661441  2.84955476484895e-15 -1.65235861559496e-15    0.0870286119074197
POPULATION (lambda : -0.8): 5.18625833473065
TOTAL ENERGY: -127.031533812396	 lambda: -0.7
1RDM (lambda : -0.7): 
     1.99998901882759  1.07761847520566e-05   -0.0006211575105457 -6.73641734919638e-05   1.6739870910778e-18  1.91862077881949e-18  0.000143051882101862 -6.95005894825626e-17  3.11290644705206e-17  -0.00415526655383632
 1.07761847520566e-05      1.99997484836525  0.000818671756607814  0.000520396367387142 -6.75067141724802e-19 -2.03270288654831e-17  0.000223250360549259  8.97537514606849e-18 -2.79163492650442e-18   0.00471571816983615
  -0.0006211575105457  0.000818671756607814      1.94806055709997   -0.0172254863877507  1.96756375173121e-17 -2.12998041766038e-15    0.0167202185755709  1.77514752196291e-15  -1.2267707299204e-15    -0.293808561878742
-6.73641734919638e-05  0.000520396367387142   -0.0172254863877507      1.97537545849598  7.38297545449423e-17  3.93173424920956e-15   -0.0108411216454192  -7.7482869812574e-15  4.62993134117296e-15   -0.0538654112275457
  1.6739870910778e-18 -6.75067141724802e-19  1.96756375173121e-17  7.38297545449423e-17      1.89617887572866   6.3777127198735e-15 -2.45028193251782e-16     0.171352429173504     0.266674311267897  1.22989693340875e-16
 1.91862077881949e-18 -2.03270288654831e-17 -2.12998041766038e-15  3.93173424920956e-15   6.3777127198735e-15      1.89617887572867 -9.79887584384026e-15     0.266674311267846    -0.171352429173522 -7.21877732003631e-15
 0.000143051882101862  0.000223250360549259    0.0167202185755709   -0.0108411216454192 -2.45028193251782e-16 -9.79887584384026e-15      1.96186624018947  3.19016091196381e-14 -1.92335907332968e-14    0.0961410098812733
-6.95005894825626e-17  8.97537514606849e-18  1.77514752196291e-15  -7.7482869812574e-15     0.171352429173504     0.266674311267846  3.19016091196381e-14     0.123603265030016  2.72144999599421e-15  1.87080203274686e-15
 3.11290644705206e-17 -2.79163492650442e-18  -1.2267707299204e-15  4.62993134117296e-15     0.266674311267897    -0.171352429173522 -1.92335907332968e-14  2.72144999599421e-15     0.123603265030036 -1.05064154032453e-15
 -0.00415526655383632   0.00471571816983615    -0.293808561878742   -0.0538654112275457  1.22989693340875e-16 -7.21877732003631e-15    0.0961410098812733  1.87080203274686e-15 -1.05064154032453e-15    0.0751695955043538
POPULATION (lambda : -0.7): 5.33391936886953
TOTAL ENERGY: -127.129125992708	 lambda: -0.6
1RDM (lambda : -0.6): 
     1.99999121601148  8.06592877374476e-06 -0.000461668853573057 -2.33533384318971e-05  1.64276865424535e-18  1.75542812836342e-17  9.81627637727985e-05 -8.58077285198093e-17  4.09999515959696e-17  -0.00355868070118118
 8.06592877374476e-06      1.99997854192941  0.000626438646511029  0.000454611221139053 -7.02135237083245e-19 -2.03232759050615e-17  0.000247477609978373   5.9068566051244e-18 -8.64171728196283e-19   0.00405629641805847
-0.000461668853573057  0.000626438646511029      1.95854938954886     -0.01421428436658  6.20778745004948e-17  1.73511549547366e-16    0.0149335933975618 -2.60314963095494e-15  1.46935500866927e-15    -0.256625089274419
-2.33533384318971e-05  0.000454611221139053     -0.01421428436658      1.97684757084954 -7.31879999325172e-17 -3.83187478325535e-15   -0.0100265370899826  1.19328276128904e-14 -7.42287456866791e-15   -0.0427626510949272
 1.64276865424535e-18 -7.02135237083245e-19  6.20778745004948e-17 -7.31879999325172e-17      1.90511564606951  4.86599792760245e-15    5.420746936159e-17     0.143596176957999     0.223477494779752  1.35902112789356e-16
 1.75542812836342e-17 -2.03232759050615e-17  1.73511549547366e-16 -3.83187478325535e-15  4.86599792760245e-15       1.9051156460695  2.64887125199154e-15     0.223477494779764    -0.143596176958042 -6.09329490967008e-15
 9.81627637727985e-05  0.000247477609978373    0.0149335933975618   -0.0100265370899826    5.420746936159e-17  2.64887125199154e-15       1.9631056755876  4.04700922692905e-17  3.59086496298487e-16    0.0888603247136983
-8.58077285198093e-17   5.9068566051244e-18 -2.60314963095494e-15  1.19328276128904e-14     0.143596176957999     0.223477494779764  4.04700922692905e-17     0.113369074124559 -4.63334893536695e-15 -2.66363865628839e-15
 4.09999515959696e-17 -8.64171728196283e-19  1.46935500866927e-15 -7.42287456866791e-15     0.223477494779752    -0.143596176958042  3.59086496298487e-16 -4.63334893536695e-15     0.113369074124568  1.70626078040589e-15
 -0.00355868070118118   0.00405629641805847    -0.256625089274419   -0.0427626510949272  1.35902112789356e-16 -6.09329490967008e-15    0.0888603247136983 -2.66363865628839e-15  1.70626078040589e-15    0.0645581656850309
POPULATION (lambda : -0.6): 5.48409119066686
TOTAL ENERGY: -127.212923128184	 lambda: -0.5
1RDM (lambda : -0.5): 
     1.99999301662379  5.75669660338739e-06 -0.000325007224141845  1.40057893423986e-05  9.16193378205343e-19  3.50780317309459e-18  5.77214740614978e-05  -6.5287707320892e-17  2.70437670504623e-17   -0.0029545236677534
 5.75669660338739e-06      1.99998182580894   0.00045769040037624  0.000396257752084156 -5.12365578365762e-19 -2.31819550812659e-17  0.000266816525968996   8.6517721041227e-18 -2.51904168841179e-18   0.00338033652221341
-0.000325007224141845   0.00045769040037624      1.96775463231151    -0.011572867497137  6.07997936532933e-18 -1.85254188575718e-15    0.0133930661987047  1.82340905030542e-15 -1.25594893641045e-15    -0.218179292163798
 1.40057893423986e-05  0.000396257752084156    -0.011572867497137      1.97822171064626  8.33258484613434e-17  3.72256481631973e-15  -0.00913915800245504 -8.41741522603774e-15  4.96995370745397e-15   -0.0317126961297756
 9.16193378205343e-19 -5.12365578365762e-19  6.07997936532933e-18  8.33258484613434e-17      1.91129975298784  2.93976522395916e-15 -2.28264424414523e-16     0.116079762927082     0.180653936403466  1.53599355989502e-16
 3.50780317309459e-18 -2.31819550812659e-17 -1.85254188575718e-15  3.72256481631973e-15  2.93976522395916e-15      1.91129975298784 -8.59437607538267e-15     0.180653936403436    -0.116079762927114 -5.98815654625256e-15
 5.77214740614978e-05  0.000266816525968996    0.0133930661987047  -0.00913915800245504 -2.28264424414523e-16 -8.59437607538267e-15       1.9642736509191  2.67516968989943e-14 -1.57039810769635e-14    0.0815374214657752
 -6.5287707320892e-17   8.6517721041227e-18  1.82340905030542e-15 -8.41741522603774e-15     0.116079762927082     0.180653936403436  2.67516968989943e-14     0.105906649982513 -1.46820845107293e-15  1.87672297756777e-15
 2.70437670504623e-17 -2.51904168841179e-18 -1.25594893641045e-15  4.96995370745397e-15     0.180653936403466    -0.116079762927114 -1.57039810769635e-14 -1.46820845107293e-15     0.105906649982519 -1.05379166659018e-15
  -0.0029545236677534   0.00338033652221341    -0.218179292163798   -0.0317126961297756  1.53599355989502e-16 -5.98815654625256e-15    0.0815374214657752  1.87672297756777e-15 -1.05379166659018e-15    0.0553623577496858
POPULATION (lambda : -0.5): 5.63648147922107
TOTAL ENERGY: -127.282375030754	 lambda: -0.4
1RDM (lambda : -0.4): 
     1.99999441295455  3.86384559266072e-06 -0.000212499829436418  4.48324683576546e-05   6.3774238229723e-19  8.54074453839674e-18  2.18200224258934e-05 -6.85986446993244e-17  2.85277713265408e-17  -0.00234387607705524
 3.86384559266072e-06      1.99998466831061  0.000314331754073841  0.000345511260213201 -4.39416143108428e-19 -2.34118493283217e-17  0.000281291317047541  8.37285049005224e-18 -2.31123894886678e-18   0.00268908382988248
-0.000212499829436418  0.000314331754073841      1.97554341653779   -0.0093138745601834  1.63077486326906e-17 -1.14169043481796e-15    0.0121095501494563  4.55088575735879e-16 -4.24373314211796e-16    -0.178602782681016
 4.48324683576546e-05  0.000345511260213201   -0.0093138745601834      1.97948547113005  2.96833644152805e-17  1.41681786580095e-15  -0.00817962258721651  -2.3430654535957e-15  1.28036179115758e-15   -0.0207688383583103
  6.3774238229723e-19 -4.39416143108428e-19  1.63077486326906e-17  2.96833644152805e-17       1.9148901876888  2.60222640270275e-15 -1.14770495294123e-16    0.0887932091529057     0.138188107112205  1.65763486601054e-16
 8.54074453839674e-18 -2.34118493283217e-17 -1.14169043481796e-15  1.41681786580095e-15  2.60222640270275e-15      1.91489018768881 -5.00508198687576e-15     0.138188107112168   -0.0887932091529323 -5.35497265926713e-15
 2.18200224258934e-05  0.000281291317047541    0.0121095501494563  -0.00817962258721651 -1.14770495294123e-16 -5.00508198687576e-15      1.96536304615515  1.45256190476955e-14  -8.1509814468137e-15    0.0742324064412501
-6.85986446993244e-17  8.37285049005224e-18  4.55088575735879e-16  -2.3430654535957e-15    0.0887932091529057     0.138188107112168  1.45256190476955e-14     0.101065375830009   5.8705550263403e-16  5.29769406339904e-16
 2.85277713265408e-17 -2.31123894886678e-18 -4.24373314211796e-16  1.28036179115758e-15     0.138188107112205   -0.0887932091529323  -8.1509814468137e-15   5.8705550263403e-16     0.101065375830017 -2.49347184915332e-16
 -0.00234387607705524   0.00268908382988248    -0.178602782681016   -0.0207688383583103  1.65763486601054e-16 -5.35497265926713e-15    0.0742324064412501  5.29769406339904e-16 -2.49347184915332e-16    0.0477178578742434
POPULATION (lambda : -0.4): 5.79085333247469
TOTAL ENERGY: -127.336983743701	 lambda: -0.3
1RDM (lambda : -0.3): 
      1.9999953986163  2.40093428918124e-06 -0.000125373458263718  6.92610741417079e-05  2.51087427545091e-19  1.00877902161552e-17 -9.42293138958709e-06  -6.7722752128392e-17  2.73292635015863e-17  -0.00172820558885417
 2.40093428918124e-06      1.99998704058047  0.000198215551438546  0.000302574534184065 -3.32474580617326e-19 -2.36339189786778e-17  0.000290863993063292  8.63570080156053e-18 -2.44211649188908e-18   0.00198406550327219
-0.000125373458263718  0.000198215551438546      1.98179977808085  -0.00744275197503448  1.44855955279396e-17 -9.28298044036585e-16    0.0110722388871438  8.15331475409182e-17 -2.04066005190554e-16    -0.138044144319808
 6.92610741417079e-05  0.000302574534184065  -0.00744275197503448       1.9806278500162  1.11857350625446e-17  8.17658847774292e-16  -0.00716543576578625 -8.25143661382655e-16  3.68679625311431e-16   -0.0099976589638522
 2.51087427545091e-19 -3.32474580617326e-19  1.44855955279396e-17  1.11857350625446e-17      1.91594058355364  6.49072882319131e-16 -6.80505977142273e-17    0.0617502359191368    0.0961013676525763  1.78879873963978e-16
 1.00877902161552e-17 -2.36339189786778e-17 -9.28298044036585e-16  8.17658847774292e-16  6.49072882319131e-16      1.91594058355364 -4.23107957997905e-15     0.096101367652538   -0.0617502359191558 -4.82348410134269e-15
-9.42293138958709e-06  0.000290863993063292    0.0110722388871438  -0.00716543576578625 -6.80505977142273e-17 -4.23107957997905e-15      1.96639294481233  9.06130110334839e-15  -4.7087328752691e-15    0.0669854343795928
 -6.7722752128392e-17  8.63570080156053e-18  8.15331475409182e-17 -8.25143661382655e-16    0.0617502359191368     0.096101367652538  9.06130110334839e-15    0.0988061441717741 -9.26204732155295e-16  2.05622959653299e-16
 2.73292635015863e-17 -2.44211649188908e-18 -2.04066005190554e-16  3.68679625311431e-16    0.0961013676525763   -0.0617502359191558  -4.7087328752691e-15 -9.26204732155295e-16    0.0988061441717759 -6.64500733139565e-17
 -0.00172820558885417   0.00198406550327219    -0.138044144319808   -0.0099976589638522  1.78879873963978e-16 -4.82348410134269e-15    0.0669854343795928  2.05622959653299e-16 -6.64500733139565e-17    0.0417035324430377
POPULATION (lambda : -0.3): 5.94691423798989
TOTAL ENERGY: -127.376314805786	 lambda: -0.2
1RDM (lambda : -0.2): 
     1.99999596903429   1.3795193156763e-06 -6.46650766701128e-05   8.7502803400604e-05 -1.60309982892304e-19   1.1147591340096e-17 -3.59445003956926e-05 -6.63771315506517e-17  2.58497493076584e-17  -0.00110941027491388
  1.3795193156763e-06      1.99998891569505   0.00011106815256803  0.000267636246267154 -2.05639916311506e-19 -2.34601008893068e-17   0.00029554585279759  9.01061503985111e-18 -2.64346805107605e-18   0.00126731745908319
-6.46650766701128e-05   0.00011106815256803      1.98642599729084  -0.00595829734296505  1.17221932099372e-17  -7.8346210109502e-16    0.0102545757230862 -2.09108602143604e-16 -3.82440380060303e-17    -0.096640130396283
  8.7502803400604e-05  0.000267636246267154  -0.00595829734296505      1.98163612598044 -7.36560080791259e-18  4.03839114166286e-16  -0.00612488006435485  2.63705858742814e-16 -2.64629225984424e-16  0.000550985715646971
-1.60309982892304e-19 -2.05639916311506e-19  1.17221932099372e-17 -7.36560080791259e-18      1.91448495002853 -4.39891943388284e-16 -2.50330606833494e-17    0.0350124625125661    0.0544895970539958  1.91257097239367e-16
  1.1147591340096e-17 -2.34601008893068e-17  -7.8346210109502e-16  4.03839114166286e-16 -4.39891943388284e-16      1.91448495002853 -3.97333879241749e-15    0.0544895970539835   -0.0350124625125679 -4.31550023905904e-15
-3.59445003956926e-05   0.00029554585279759    0.0102545757230862  -0.00612488006435485 -2.50330606833494e-17 -3.97333879241749e-15      1.96739586966511  4.31568058812805e-15 -1.72955626984201e-15     0.059746298572176
-6.63771315506517e-17  9.01061503985111e-18 -2.09108602143604e-16  2.63705858742814e-16    0.0350124625125661    0.0544895970539835  4.31568058812805e-15    0.0991156250976829  1.20794369383363e-15  -2.9418025160527e-18
 2.58497493076584e-17 -2.64346805107605e-18 -3.82440380060303e-17 -2.64629225984424e-16    0.0544895970539958   -0.0350124625125679 -1.72955626984201e-15  1.20794369383363e-15    0.0991156250976846  4.23286015076001e-17
 -0.00110941027491388   0.00126731745908319    -0.096640130396283  0.000550985715646971  1.91257097239367e-16 -4.31550023905904e-15     0.059746298572176  -2.9418025160527e-18  4.23286015076001e-17    0.0373559720818848
POPULATION (lambda : -0.2): 6.10427428632905
TOTAL ENERGY: -127.400037830506	 lambda: -0.1
1RDM (lambda : -0.1): 
     1.99999612229475  8.08187270859304e-07  -3.1162792781753e-05  9.98579633178341e-05 -6.45935708483037e-19  1.10922659457406e-17 -5.77031693869817e-05 -6.38602054981911e-17  2.36635681816286e-17 -0.000489744844276406
 8.08187270859304e-07      1.99999026914509  5.44130717023926e-05  0.000240861095376446 -7.61714544543726e-20 -2.31715982387473e-17  0.000295369047511414  9.27590561575102e-18 -2.79521017967661e-18  0.000541333823553026
 -3.1162792781753e-05  5.44130717023926e-05      1.98933701334313   -0.0048576393879495  3.05695483934315e-18 -7.74067520003574e-16   0.00963254764679427 -1.86581390925359e-16 -5.55307729274959e-17   -0.0545111133737061
 9.98579633178341e-05  0.000240861095376446   -0.0048576393879495       1.9824920249544 -8.72964487333865e-18  4.19727325869891e-16  -0.00508538544297219 -5.80107826501194e-18 -1.08512877156796e-16    0.0108552184200115
-6.45935708483037e-19 -7.61714544543726e-20  3.05695483934315e-18 -8.72964487333865e-18      1.91062714807205  2.17966891474654e-15 -6.13066036531397e-18   0.00867880345672797    0.0135067466236867  2.05508723677447e-16
 1.10922659457406e-17 -2.31715982387473e-17 -7.74067520003574e-16  4.19727325869891e-16  2.17966891474654e-15      1.91062714807206 -4.46911936833147e-15     0.013506746623697  -0.00867880345671265 -3.78007635874951e-15
-5.77031693869817e-05  0.000295369047511414   0.00963254764679427  -0.00508538544297219 -6.13066036531397e-18 -4.46911936833147e-15      1.96839734311704   1.5972450998456e-15  7.41000171159719e-17    0.0523660063242769
-6.38602054981911e-17  9.27590561575102e-18 -1.86581390925359e-16 -5.80107826501194e-18   0.00867880345672797     0.013506746623697   1.5972450998456e-15     0.101915134223491  7.12255981954194e-16  4.16043033856374e-17
 2.36635681816286e-17 -2.79521017967661e-18 -5.55307729274959e-17 -1.08512877156796e-16    0.0135067466236867  -0.00867880345671265  7.41000171159719e-17  7.12255981954194e-16     0.101915134223497  3.60960864514132e-18
-0.000489744844276406  0.000541333823553026   -0.0545111133737061    0.0108552184200115  2.05508723677447e-16 -3.78007635874951e-15    0.0523660063242769  4.16043033856374e-17  3.60960864514132e-18    0.0347026625545404
POPULATION (lambda : -0.1): 6.26245954964745
TOTAL ENERGY: -127.407962454392	 lambda: 0
1RDM (lambda : 0): 
     1.99999585988857  6.91669437050565e-07 -2.53611844068635e-05  0.000106703016039664 -1.14744189556023e-18  1.09914804534411e-17  -7.4626482576065e-05 -6.14833766184926e-17  2.16035263533058e-17  0.000128337565293949
 6.91669437050565e-07      1.99999107966482  2.95035914171161e-05  0.000222389487867309   6.2565865432912e-20 -2.24883395754439e-17  0.000290304254397723  9.54674079259798e-18 -2.95672209727832e-18 -0.000191153362500812
-2.53611844068635e-05  2.95035914171161e-05      1.99045651978821  -0.00414032606755589  -5.5517226244086e-18 -7.61903523425851e-16   0.00920097224040067 -2.09392512952959e-16 -4.46075500227257e-17   -0.0117790727095964
 0.000106703016039664  0.000222389487867309  -0.00414032606755589      1.98317043746928  -1.2563835804047e-17   3.7324253000099e-16  -0.00406343065053343 -6.93877551258642e-17 -7.51797384241396e-17    0.0209122290710986
-1.14744189556023e-18   6.2565865432912e-20  -5.5517226244086e-18  -1.2563835804047e-17      1.90459596525628  3.93126168809866e-15  1.71453791280518e-17   -0.0171495942180144   -0.0266897679332286  2.19101602106492e-16
 1.09914804534411e-17 -2.24883395754439e-17 -7.61903523425851e-16   3.7324253000099e-16  3.93126168809866e-15      1.90459596525629 -5.04294913866476e-15   -0.0266897679332353    0.0171495942180151 -3.22108889539566e-15
 -7.4626482576065e-05  0.000290304254397723   0.00920097224040067  -0.00406343065053343  1.71453791280518e-17 -5.04294913866476e-15      1.96940084102047 -1.37230648067475e-15  2.02220488477474e-15    0.0446441550518404
-6.14833766184926e-17  9.54674079259798e-18 -2.09392512952959e-16 -6.93877551258642e-17   -0.0171495942180144   -0.0266897679332353 -1.37230648067475e-15     0.107002694369195  1.42958832021216e-15  4.58674442981493e-17
 2.16035263533058e-17 -2.95672209727832e-18 -4.46075500227257e-17 -7.51797384241396e-17   -0.0266897679332286    0.0171495942180151  2.02220488477474e-15  1.42958832021216e-15     0.107002694369206 -1.25597965962562e-17
 0.000128337565293949 -0.000191153362500812   -0.0117790727095964    0.0209122290710986  2.19101602106492e-16 -3.22108889539566e-15    0.0446441550518404  4.58674442981493e-17 -1.25597965962562e-17    0.0337879429177379
POPULATION (lambda : 0): 6.42096411445953
TOTAL ENERGY: -127.400047258971	 lambda: 0.1
1RDM (lambda : 0.1): 
     1.99999518697714  1.03062200089569e-06  -4.7424222919622e-05  0.000108477633326217 -1.65919726995161e-18   1.0753597285774e-17 -8.66120514364072e-05 -5.91765898584786e-17  1.96217910529204e-17  0.000742414545156362
 1.03062200089569e-06      1.99999132971182  3.72652124771736e-05  0.000212319183259433  2.12201006181806e-19 -2.14046751886777e-17  0.000280211937596008  9.81951209642781e-18 -3.12540806599295e-18  -0.00092745500282762
 -4.7424222919622e-05  3.72652124771736e-05      1.98972000819987  -0.00380792289724144 -1.40391404632082e-17  -7.5733054480312e-16   0.00897826895039039 -2.58316210015981e-16 -1.81892692165719e-17    0.0314057086789715
 0.000108477633326217  0.000212319183259433  -0.00380792289724144      1.98364207348253 -1.86921919984321e-17    2.989273607925e-16  -0.00306038378922835 -2.57018853374676e-17 -1.01389239425125e-16    0.0307180618206347
-1.65919726995161e-18  2.12201006181806e-19 -1.40391404632082e-17 -1.86921919984321e-17      1.89674399535421   4.3818909893987e-15  4.34373988184682e-17   -0.0424121174155378   -0.0660056151289796  2.31881786731881e-16
  1.0753597285774e-17 -2.14046751886777e-17  -7.5733054480312e-16    2.989273607925e-16   4.3818909893987e-15      1.89674399535422 -5.72090984315461e-15   -0.0660056151289724    0.0424121174155434 -2.62521114223491e-15
-8.66120514364072e-05  0.000280211937596008   0.00897826895039039  -0.00306038378922835  4.34373988184682e-17 -5.72090984315461e-15      1.97038478928927 -4.42014418916367e-15  4.00674969014266e-15    0.0364033588433073
-5.91765898584786e-17  9.81951209642781e-18 -2.58316210015981e-16 -2.57018853374676e-17   -0.0424121174155378   -0.0660056151289724 -4.42014418916367e-15     0.114050900756994  5.97737936074463e-16  3.19897818132209e-17
 1.96217910529204e-17 -3.12540806599295e-18 -1.81892692165719e-17 -1.01389239425125e-16   -0.0660056151289796    0.0424121174155434  4.00674969014266e-15  5.97737936074463e-16     0.114050900757005 -1.98246997709594e-17
 0.000742414545156362  -0.00092745500282762    0.0314057086789715    0.0307180618206347  2.31881786731881e-16 -2.62521114223491e-15    0.0364033588433073  3.19897818132209e-17 -1.98246997709594e-17    0.0346768201169901
POPULATION (lambda : 0.1): 6.57932519899338
TOTAL ENERGY: -127.376371095127	 lambda: 0.2
1RDM (lambda : 0.2): 
     1.99999411195222   1.8222983271635e-06 -9.71694978434459e-05  0.000105679821333736 -2.18267259499171e-18  1.02659276515163e-17 -9.35896848893806e-05 -5.68579843865745e-17   1.7665225541281e-17   0.00135035901742008
  1.8222983271635e-06      1.99999100534824  7.82538704923719e-05  0.000210660462856477  3.69945639801846e-19 -1.99346064150081e-17  0.000264868714179063  1.00810481709606e-17  -3.2947609209931e-18  -0.00166517090692664
-9.71694978434459e-05  7.82538704923719e-05      1.98708388049308  -0.00385921558209286   -2.292766616253e-17  -7.7217740395125e-16   0.00899896252088643  -3.0455605830456e-16   7.7200881285005e-18     0.074845095410182
 0.000105679821333736  0.000210660462856477  -0.00385921558209286      1.98387898958365 -2.48627519813184e-17   2.2871214984046e-16  -0.00206462539379482  1.16420164526735e-17 -1.24375375712211e-16    0.0402487634745891
-2.18267259499171e-18  3.69945639801846e-19   -2.292766616253e-17 -2.48627519813184e-17      1.88748981483139 -1.62567546136062e-16  7.03781558287481e-17   -0.0671212189375013    -0.104460178370423  2.44168193410723e-16
 1.02659276515163e-17 -1.99346064150081e-17  -7.7217740395125e-16   2.2871214984046e-16 -1.62567546136062e-16      1.88748981483138 -6.50454739700317e-15    -0.104460178370448    0.0671212189375257 -1.98269646810535e-15
-9.35896848893806e-05  0.000264868714179063   0.00899896252088643  -0.00206462539379482  7.03781558287481e-17 -6.50454739700317e-15      1.97130989244243 -7.39292348231583e-15  5.94451832475196e-15    0.0275566461424985
-5.68579843865745e-17  1.00810481709606e-17  -3.0455605830456e-16  1.16420164526735e-17   -0.0671212189375013    -0.104460178370448 -7.39292348231583e-15      0.12266199462074 -3.74443179825372e-15  1.83014139970358e-17
  1.7665225541281e-17  -3.2947609209931e-18   7.7200881285005e-18 -1.24375375712211e-16    -0.104460178370423    0.0671212189375257  5.94451832475196e-15 -3.74443179825372e-15     0.122661994620736 -2.81341831213814e-17
  0.00135035901742008  -0.00166517090692664     0.074845095410182    0.0402487634745891  2.44168193410723e-16 -1.98269646810535e-15    0.0275566461424985  1.83014139970358e-17 -2.81341831213814e-17    0.0374385012761617
POPULATION (lambda : 0.2): 6.73719995730021
TOTAL ENERGY: -127.337072773563	 lambda: 0.3
1RDM (lambda : 0.3): 
     1.99999264535466  3.06193035995347e-06  -0.00017409140987051  9.88608996097475e-05 -2.71484129526053e-18  9.50649812610779e-18 -9.56043266741153e-05 -5.45351817743832e-17   1.5732944471376e-17    0.0019505641206715
 3.06193035995347e-06      1.99999009566661  0.000152638808984914  0.000217279697486056  5.30696175611226e-19 -1.80569666361843e-17  0.000244058032666838  1.03305805459478e-17 -3.47020995346758e-18  -0.00240232888591728
 -0.00017409140987051  0.000152638808984914      1.98253575845267  -0.00428399445853273  -3.1838183665359e-17 -8.08500461944223e-16   0.00929950393010156 -3.49590363539762e-16  3.45068882439817e-17     0.118289602074175
 9.88608996097475e-05  0.000217279697486056  -0.00428399445853273      1.98386050733992 -2.99124021344916e-17   1.5880030544277e-16  -0.00105741204231769   5.0017853992129e-17 -1.44883039858252e-16    0.0494517911114638
-2.71484129526053e-18  5.30696175611226e-19  -3.1838183665359e-17 -2.99124021344916e-17      1.87722375248295 -1.23790136529253e-15  1.00219783563997e-16   -0.0913719681606045    -0.142201409490517  2.56070268745996e-16
 9.50649812610779e-18 -1.80569666361843e-17 -8.08500461944223e-16   1.5880030544277e-16 -1.23790136529253e-15      1.87722375248294 -7.35850364943804e-15     -0.14220140949051    0.0913719681606043 -1.29687426440692e-15
-9.56043266741153e-05  0.000244058032666838   0.00929950393010156  -0.00105741204231769  1.00219783563997e-16 -7.35850364943804e-15      1.97213067378234  -1.0308218927602e-14  7.85166504215626e-15    0.0181441565129487
-5.45351817743832e-17  1.03305805459478e-17 -3.49590363539762e-16   5.0017853992129e-17   -0.0913719681606045     -0.14220140949051  -1.0308218927602e-14     0.132460491082655 -1.30379759435406e-15  3.59402141350929e-18
  1.5732944471376e-17 -3.47020995346758e-18  3.45068882439817e-17 -1.44883039858252e-16    -0.142201409490517    0.0913719681606043  7.85166504215626e-15 -1.30379759435406e-15     0.132460491082651 -3.71656859086836e-17
   0.0019505641206715  -0.00240232888591728     0.118289602074175    0.0494517911114638  2.56070268745996e-16 -1.29687426440692e-15    0.0181441565129487  3.59402141350929e-18 -3.71656859086836e-17    0.0421218322726333
POPULATION (lambda : 0.3): 6.89441615254041
TOTAL ENERGY: -127.282282775809	 lambda: 0.4
1RDM (lambda : 0.4): 
     1.99999079855081   4.7443067164118e-06  -0.00027742260308916  8.86096836488338e-05 -3.47885703398659e-18  8.49583586042678e-18 -9.28714854444588e-05 -5.21657839032765e-17  1.38849082022004e-17   0.00254204468035191
  4.7443067164118e-06      1.99998859212715  0.000260211739312203  0.000231854587692487 -8.35289361476551e-19 -1.56100470509886e-17  0.000217683616125492  9.90351969799425e-18 -4.82612211374506e-18  -0.00313738846671991
 -0.00027742260308916  0.000260211739312203      1.97610145777885  -0.00505874855564942  4.03204007650183e-17 -8.75255321808996e-16   0.00990399188892144 -3.17196549321914e-16  2.07548781969311e-16     0.161450743434524
 8.86096836488338e-05  0.000231854587692487  -0.00505874855564942       1.9835773880172  3.32401873709606e-16  5.24332167198873e-17 -1.93128825627211e-05  4.15295599677887e-16   4.7031446065116e-16    0.0582491909590726
-3.47885703398659e-18 -8.35289361476551e-19  4.03204007650183e-17  3.32401873709606e-16      1.86621010501914  7.40101980261709e-15  7.04652436370255e-16    -0.115325187145692    -0.179479598908378  2.79393372722933e-16
 8.49583586042678e-18 -1.56100470509886e-17 -8.75255321808996e-16  5.24332167198873e-17  7.40101980261709e-15      1.86621010501914  -8.3130576762837e-15    -0.179479598908351     0.115325187145713 -5.82140618273182e-16
-9.28714854444588e-05  0.000217683616125492   0.00990399188892144 -1.93128825627211e-05  7.04652436370255e-16  -8.3130576762837e-15      1.97280653886547 -1.26534276509359e-14   1.0774583567999e-14   0.00833165573644901
-5.21657839032765e-17  9.90351969799425e-18 -3.17196549321914e-16  4.15295599677887e-16    -0.115325187145692    -0.179479598908351 -1.26534276509359e-14     0.143190582683286 -3.67322954564216e-16 -5.53648194837076e-17
 1.38849082022004e-17 -4.82612211374506e-18  2.07548781969311e-16   4.7031446065116e-16    -0.179479598908378     0.115325187145713   1.0774583567999e-14 -3.67322954564216e-16       0.1431905826833 -1.32732390110622e-16
  0.00254204468035191  -0.00313738846671991     0.161450743434524    0.0582491909590726  2.79393372722933e-16 -5.82140618273182e-16   0.00833165573644901 -5.53648194837076e-17 -1.32732390110622e-16    0.0487338492556661
POPULATION (lambda : 0.4): 7.05097361245225
TOTAL ENERGY: -127.212078187174	 lambda: 0.5
1RDM (lambda : 0.5): 
     1.99998858273836  6.86493383491977e-06 -0.000406210685820161  7.55247108582492e-05 -3.43302479835141e-18  6.84648849277981e-18 -8.57764721986489e-05 -4.98182112858772e-17   1.1673131083947e-17     0.003124372292766
 6.86493383491977e-06      1.99998648818309  0.000400415684194637   0.00025385591549086  3.23266102659743e-18 -1.48469540861833e-17  0.000185855924612055  1.07281281886386e-17 -1.48566504198853e-18  -0.00386913672418956
-0.000406210685820161  0.000400415684194637        1.967846864651  -0.00614592276719191 -1.86113035253041e-16 -8.49841575644544e-16    0.0108139674370756 -4.12988391271718e-16 -2.30235007312511e-16     0.204024080077207
 7.55247108582492e-05   0.00025385591549086  -0.00614592276719191      1.98303350336305 -6.52557309800226e-16   4.7857358114278e-16   0.00106490878307866  2.25351134050319e-16 -1.52130041040379e-15    0.0665484137000701
-3.43302479835141e-18  3.23266102659743e-18 -1.86113035253041e-16 -6.52557309800226e-16      1.85451803759446  1.37374730555994e-14 -7.54301811170041e-16    -0.139170080119151    -0.216589201714827  2.80193840349256e-16
 6.84648849277981e-18 -1.48469540861833e-17 -8.49841575644544e-16   4.7857358114278e-16  1.37374730555994e-14      1.85451803759447  -8.5064568724146e-15    -0.216589201714793     0.139170080119196   1.4604698142989e-16
-8.57764721986489e-05  0.000185855924612055    0.0108139674370756   0.00106490878307866 -7.54301811170041e-16  -8.5064568724146e-15      1.97331141164244 -1.58928997996069e-14    9.560430010393e-15  -0.00162469966187146
-4.98182112858772e-17  1.07281281886386e-17 -4.12988391271718e-16  2.25351134050319e-16    -0.139170080119151    -0.216589201714793 -1.58928997996069e-14     0.154785664973463 -1.88751554606156e-15  -4.4297740026756e-17
  1.1673131083947e-17 -1.48566504198853e-18 -2.30235007312511e-16 -1.52130041040379e-15    -0.216589201714827     0.139170080119196    9.560430010393e-15 -1.88751554606156e-15     0.154785664973492  1.30989127234527e-16
    0.003124372292766  -0.00386913672418956     0.204024080077207    0.0665484137000701  2.80193840349256e-16   1.4604698142989e-16  -0.00162469966187146  -4.4297740026756e-17  1.30989127234527e-16    0.0572257442861851
POPULATION (lambda : 0.5): 7.20699231715993
TOTAL ENERGY: -127.126482433892	 lambda: 0.6
1RDM (lambda : 0.6): 
     1.99998600872475  9.42034837992257e-06 -0.000559381614746594  6.01837970577202e-05 -5.46995474878181e-18  7.15751348509252e-18 -7.48109033344198e-05 -4.77814067906583e-17   1.0913263234928e-17   0.00369746565314846
 9.42034837992257e-06      1.99998377934855  0.000572388822246139  0.000282557514347466 -5.30835143438523e-18 -1.95497608927892e-18  0.000148905106117176  1.30293926936638e-17 -1.11139857835066e-17   -0.0045965462748466
-0.000559381614746594  0.000572388822246139      1.95787493811834  -0.00749641880480697  3.40257930069934e-16 -1.54952860695972e-15    0.0120044167627991 -8.36345552493935e-16   1.1837393471054e-15     0.245717680413278
 6.01837970577202e-05  0.000282557514347466  -0.00749641880480697      1.98224546403132  1.75209254402531e-15 -2.32226169709533e-15   0.00220380297467707 -1.29809760316477e-15  4.08563621057971e-15    0.0742553558995643
-5.46995474878181e-18 -5.30835143438523e-18  3.40257930069934e-16  1.75209254402531e-15      1.84200190106636  7.20035542683039e-15  2.75665411508009e-15    -0.163077909860471    -0.253796746694132  2.31443172837728e-16
 7.15751348509252e-18 -1.95497608927892e-18 -1.54952860695972e-15 -2.32226169709533e-15  7.20035542683039e-15      1.84200190106636 -1.33963471914986e-14    -0.253796746694115     0.163077909860499   9.2805461701403e-16
-7.48109033344198e-05  0.000148905106117176    0.0120044167627991   0.00220380297467707  2.75665411508009e-15 -1.33963471914986e-14      1.97364229431998 -2.10330756614369e-14   1.9664385151805e-14    -0.011437917696125
-4.77814067906583e-17  1.30293926936638e-17 -8.36345552493935e-16 -1.29809760316477e-15    -0.163077909860471    -0.253796746694115 -2.10330756614369e-14     0.167388661092384 -3.18914622022223e-15  1.71408668574605e-16
  1.0913263234928e-17 -1.11139857835066e-17   1.1837393471054e-15  4.08563621057971e-15    -0.253796746694132     0.163077909860499   1.9664385151805e-14 -3.18914622022223e-15     0.167388661092398  -6.8439157575712e-16
  0.00369746565314846   -0.0045965462748466     0.245717680413278    0.0742553558995643  2.31443172837728e-16   9.2805461701403e-16    -0.011437917696125  1.71408668574605e-16  -6.8439157575712e-16    0.0674863911395834
POPULATION (lambda : 0.6): 7.36262579192058
TOTAL ENERGY: -127.025509946909	 lambda: 0.7
1RDM (lambda : 0.7): 
     1.99998308758901  1.24074849786387e-05 -0.000735773738695098  4.31223016860761e-05  2.29233652092865e-18  -8.6627018491867e-18 -6.04541173376073e-05 -4.11485492610665e-17 -2.12431085136199e-21   0.00426130425130149
 1.24074849786387e-05      1.99998046361166  0.000775027109089872  0.000317069467781092  3.89542270925759e-17 -6.37485168626893e-17  0.000107286053374531  -4.7275566659991e-18  3.83676074987705e-17  -0.00531865951955054
