TOTAL ENERGY: -126.715784494001	 lambda: -1
1RDM (lambda : -1): 
     1.99999459103198 -5.19514489685991e-06  0.000500328315218172  0.000114141328682288 -0.000411142578530941   1.5512667335575e-17  1.90569223679973e-18  3.51885234600727e-17 -5.66400639898805e-17  -0.00290196305697106
-5.19514489685991e-06      1.99997991471977   0.00075484500199045  0.000756625823523404 -3.83688325877363e-05  4.36610385664331e-18  5.95283028444187e-18 -7.00644249422307e-19 -5.00569809205018e-18  -0.00321329186748395
 0.000500328315218172   0.00075484500199045       1.9366847755695   -0.0292834197130205    0.0535415695365844   7.9503843955733e-17  1.85305535888202e-15  3.58460755085687e-15  1.05236597589103e-15     0.317910319144625
 0.000114141328682288  0.000756625823523404   -0.0292834197130205      1.95862794659845  -0.00153249142805008 -1.02869189512995e-16 -5.33011056305755e-15 -1.15879669724543e-14 -1.46927725312962e-15    0.0838090116664698
-0.000411142578530941 -3.83688325877363e-05    0.0535415695365844  -0.00153249142805008      1.90246516217095  2.40170426264302e-15  7.04045801071978e-15  1.78620526224215e-14 -8.29864246317587e-15    -0.289725398034789
  1.5512667335575e-17  4.36610385664331e-18   7.9503843955733e-17 -1.02869189512995e-16  2.40170426264302e-15      1.84296994887205  4.97859146126332e-16   -0.0667235500859272     0.414168430031434 -1.48640198471962e-15
 1.90569223679973e-18  5.95283028444187e-18  1.85305535888202e-15 -5.33011056305755e-15  7.04045801071978e-15  4.97859146126332e-16      1.84296994887206     -0.41416843003139   -0.0667235500859232 -2.57901314615953e-15
 3.51885234600727e-17 -7.00644249422307e-19  3.58460755085687e-15 -1.15879669724543e-14  1.78620526224215e-14   -0.0667235500859272     -0.41416843003139     0.182743531011024 -1.86457852070597e-15 -5.58382873724108e-15
-5.66400639898805e-17 -5.00569809205018e-18  1.05236597589103e-15 -1.46927725312962e-15 -8.29864246317587e-15     0.414168430031434   -0.0667235500859232 -1.86457852070597e-15     0.182743531011047  6.18143108447418e-16
 -0.00290196305697106  -0.00321329186748395     0.317910319144625    0.0838090116664698    -0.289725398034789 -1.48640198471962e-15 -2.57901314615953e-15 -5.58382873724108e-15  6.18143108447418e-16     0.150820650143229
POPULATION (lambda : -1): 5.11082861728514
TOTAL ENERGY: -126.840582596419	 lambda: -0.9
1RDM (lambda : -0.9): 
     1.99999540992709 -4.17071558753095e-06  0.000411517834464561  7.94818327980823e-05  -0.00034568028541806  1.43157696424353e-17  8.38437504030963e-18  4.57688669210271e-17 -5.31089321760123e-17  -0.00259779541979682
-4.17071558753095e-06      1.99998175600196    0.0006424358477684  0.000689382664191524  7.03390295288603e-06  3.99446898723966e-18 -1.35363818646689e-18  8.25731635362019e-19 -4.78193967798704e-18  -0.00289752834958609
 0.000411517834464561    0.0006424358477684      1.94534004258306   -0.0255101244063507    0.0486420890647965  2.11840540849412e-17 -1.53413906405845e-16 -8.52030625999652e-16  4.61057696368729e-16       0.2923882760206
 7.94818327980823e-05  0.000689382664191524   -0.0255101244063507      1.96131014648166  -0.00223470752109966  8.10516985250731e-17  8.00875907880941e-16  2.07663916487767e-15  3.38972289275652e-16    0.0727227331291711
 -0.00034568028541806  7.03390295288603e-06    0.0486420890647965  -0.00223470752109966      1.90576205112892  1.85862025363823e-15 -1.10393379787913e-15 -1.04930688568757e-15 -1.00941602891821e-14    -0.277295749663071
 1.43157696424353e-17  3.99446898723966e-18  2.11840540849412e-17  8.10516985250731e-17  1.85862025363823e-15      1.85318345344614  -1.5084746179592e-15   -0.0581379866248128      0.36087586372748 -1.25132114898432e-15
 8.38437504030963e-18 -1.35363818646689e-18 -1.53413906405845e-16  8.00875907880941e-16 -1.10393379787913e-15  -1.5084746179592e-15       1.8531834534461    -0.360875863727573   -0.0581379866248178 -5.25029044814689e-16
 4.57688669210271e-17  8.25731635362019e-19 -8.52030625999652e-16  2.07663916487767e-15 -1.04930688568757e-15   -0.0581379866248128    -0.360875863727573      0.17094268493652   3.9357656094496e-15  7.47405701777881e-16
-5.31089321760123e-17 -4.78193967798704e-18  4.61057696368729e-16  3.38972289275652e-16 -1.00941602891821e-14      0.36087586372748   -0.0581379866248178   3.9357656094496e-15     0.170942684936493  1.31779779627032e-15
 -0.00259779541979682  -0.00289752834958609       0.2923882760206    0.0727227331291711    -0.277295749663071 -1.25132114898432e-15 -5.25029044814689e-16  7.47405701777881e-16  1.31779779627032e-15     0.139358317112092
POPULATION (lambda : -0.9): 5.24220155279761
TOTAL ENERGY: -126.952893174138	 lambda: -0.8
1RDM (lambda : -0.8): 
     1.99999610721652 -3.25939539780782e-06   0.00033127104691002  4.85407455417058e-05  -0.00028313149354208  9.88252253066307e-18  4.15838423256153e-18  3.79832756919815e-17 -4.72073376860524e-17  -0.00229271751741979
-3.25939539780782e-06      1.99998350085364  0.000538576986196165  0.000626003773893496  4.80002450998745e-05  7.03605199746773e-18  1.82638115574042e-18  -2.2788336113102e-19 -3.97840170364779e-18  -0.00257812865207648
  0.00033127104691002  0.000538576986196165      1.95344746386732   -0.0219639570596208    0.0437700146359497  8.68722189204267e-16  7.50417015027672e-16  1.61704762604673e-15 -1.20879994131501e-15     0.265855559498169
 4.85407455417058e-05  0.000626003773893496   -0.0219639570596208      1.96395527935109  -0.00299963175907956   -2.505009427284e-15 -1.97207600475798e-15 -5.55974548298453e-15  5.58970626258502e-15    0.0615155591886934
 -0.00028313149354208  4.80002450998745e-05    0.0437700146359497  -0.00299963175907956      1.90954735709616  5.35608196360212e-15  2.85038076381005e-15  1.00347248912988e-14 -1.73037914180983e-14    -0.263366045938715
 9.88252253066307e-18  7.03605199746773e-18  8.68722189204267e-16   -2.505009427284e-15  5.35608196360212e-15      1.85961129878696  7.73865080170981e-16   -0.0498522987960938     0.309444693266298 -1.83764327732998e-15
 4.15838423256153e-18  1.82638115574042e-18  7.50417015027672e-16 -1.97207600475798e-15  2.85038076381005e-15  7.73865080170981e-16      1.85961129878696    -0.309444693266331   -0.0498522987961061 -1.34852654869354e-15
 3.79832756919815e-17  -2.2788336113102e-19  1.61704762604673e-15 -5.55974548298453e-15  1.00347248912988e-14   -0.0498522987960938    -0.309444693266331     0.162960717392388  1.52318631086281e-15 -2.80983215060829e-15
-4.72073376860524e-17 -3.97840170364779e-18 -1.20879994131501e-15  5.58970626258502e-15 -1.73037914180983e-14     0.309444693266298   -0.0498522987961061  1.52318631086281e-15      0.16296071739239  3.63404399398313e-15
 -0.00229271751741979  -0.00257812865207648     0.265855559498169    0.0615155591886934    -0.263366045938715 -1.83764327732998e-15 -1.34852654869354e-15 -2.80983215060829e-15  3.63404399398313e-15     0.127926259256644
POPULATION (lambda : -0.8): 5.37433967396359
TOTAL ENERGY: -127.052647116792	 lambda: -0.7
1RDM (lambda : -0.7): 
     1.99999668496789 -2.46156237519712e-06  0.000259785475753965  2.09337618212428e-05 -0.000223413419169858  1.42242444151545e-17  7.78937503318342e-18  4.49454327402097e-17 -5.26876879977485e-17  -0.00198494183338581
-2.46156237519712e-06      1.99998513630675  0.000443677845053679  0.000566379528958338  8.51055549230959e-05  2.21218300074619e-18  -1.5942759563317e-18  9.03604489037573e-19 -5.06936577132044e-18  -0.00225554301143916
 0.000259785475753965  0.000443677845053679      1.96090367601145   -0.0186740026364462    0.0391221204792221 -5.25131624239807e-16 -3.61834838424866e-16 -1.54278327632345e-15  1.69395019351201e-15     0.238259632079678
 2.09337618212428e-05  0.000566379528958338   -0.0186740026364462      1.96651956931699  -0.00366649081867931  1.69590393559031e-15  1.33117691907372e-15  4.35841886038028e-15 -3.50719539545005e-15    0.0499708157763067
-0.000223413419169858  8.51055549230959e-05    0.0391221204792221  -0.00366649081867931      1.91325298785089 -1.01549557749897e-15  -1.9895591150871e-15 -5.30568639747715e-15 -2.73416881202839e-15    -0.247688244906082
 1.42242444151545e-17  2.21218300074619e-18 -5.25131624239807e-16  1.69590393559031e-15 -1.01549557749897e-15      1.86315914481324 -1.09578124066846e-15    -0.041838748298361     0.259702739679178 -3.86073645705524e-16
 7.78937503318342e-18  -1.5942759563317e-18 -3.61834838424866e-16  1.33117691907372e-15  -1.9895591150871e-15 -1.09578124066846e-15      1.86315914481323    -0.259702739679198   -0.0418387482983555 -3.15344240652176e-16
 4.49454327402097e-17  9.03604489037573e-19 -1.54278327632345e-15  4.35841886038028e-15 -5.30568639747715e-15    -0.041838748298361    -0.259702739679198     0.157878086140173  7.43966000671574e-16  1.85274961654922e-15
-5.26876879977485e-17 -5.06936577132044e-18  1.69395019351201e-15 -3.50719539545005e-15 -2.73416881202839e-15     0.259702739679178   -0.0418387482983555  7.43966000671574e-16     0.157878086140166 -7.77351688656975e-16
 -0.00198494183338581  -0.00225554301143916     0.238259632079678    0.0499708157763067    -0.247688244906082 -3.86073645705524e-16 -3.15344240652176e-16  1.85274961654922e-15 -7.77351688656975e-16     0.117267483639274
POPULATION (lambda : -0.7): 5.50735511039862
TOTAL ENERGY: -127.139678115634	 lambda: -0.6
1RDM (lambda : -0.6): 
     1.99999714322717 -1.77687456955788e-06  0.000197620088859125 -3.29125874177467e-06 -0.000167710354067132  1.23343714040567e-17  6.35723766176815e-18  4.20097704247445e-17  -4.9653336522566e-17  -0.00167349212471548
-1.77687456955788e-06      1.99998665408897  0.000358140871544137  0.000510637397183315  0.000117959054019329  3.01807300635612e-18 -7.71845470462975e-19  5.54814017974191e-19  -4.7195503267644e-18  -0.00192895030071163
 0.000197620088859125  0.000358140871544137      1.96759209122177   -0.0156909914732039     0.034939223865317  -2.7501032344348e-16 -1.53499380762978e-16 -9.26724340731018e-16  1.19434231852103e-15     0.209766436548571
-3.29125874177467e-06  0.000510637397183315   -0.0156909914732039      1.96896077849705  -0.00408001766254365  9.48621276074979e-16  6.64774805071391e-16  2.47602228478231e-15 -1.92840940886021e-15    0.0381549429433139
-0.000167710354067132  0.000117959054019329     0.034939223865317  -0.00408001766254365      1.91634840465544 -1.01616497344735e-16 -1.01540025209438e-15 -2.72359079323664e-15  -4.3782300749706e-15    -0.230997245187098
 1.23343714040567e-17  3.01807300635612e-18  -2.7501032344348e-16  9.48621276074979e-16 -1.01616497344735e-16      1.86430620632662 -1.09895460751623e-15   -0.0340121610653123     0.211121311246441 -4.01983150256702e-16
 6.35723766176815e-18 -7.71845470462975e-19 -1.53499380762978e-16  6.64774805071391e-16 -1.01540025209438e-15 -1.09895460751623e-15       1.8643062063266    -0.211121311246554   -0.0340121610653123 -4.78709274302015e-16
 4.20097704247445e-17  5.54814017974191e-19 -9.26724340731018e-16  2.47602228478231e-15 -2.72359079323664e-15   -0.0340121610653123    -0.211121311246554     0.155198742255211   2.0170585820343e-15  9.83745049361941e-16
 -4.9653336522566e-17  -4.7195503267644e-18  1.19434231852103e-15 -1.92840940886021e-15  -4.3782300749706e-15     0.211121311246441   -0.0340121610653123   2.0170585820343e-15     0.155198742255196 -1.87779898021623e-16
 -0.00167349212471548  -0.00192895030071163     0.209766436548571    0.0381549429433139    -0.230997245187098 -4.01983150256702e-16 -4.78709274302015e-16  9.83745049361941e-16 -1.87779898021623e-16     0.108105031146037
POPULATION (lambda : -0.6): 5.64125974279287
TOTAL ENERGY: -127.213742499871	 lambda: -0.5
1RDM (lambda : -0.5): 
     1.99999748081708   -1.205805278489e-06  0.000145408462941998 -2.39450319621431e-05  -0.00011727189853288  1.37021126803332e-17  6.71454068720022e-18  4.25664639727218e-17 -5.08157540509245e-17  -0.00135842102332413
  -1.205805278489e-06      1.99998804797725  0.000282350005468636  0.000458957097634046  0.000146023432583934  1.34961589636067e-18 -1.19537244025534e-18  8.57706562690553e-19  -5.2696054081887e-18  -0.00159730471240621
 0.000145408462941998  0.000282350005468636      1.97343532394426    -0.013044479549844    0.0313409700838094 -7.82575636624709e-16 -3.66273519544323e-16 -1.69494882902251e-15  2.48503154758749e-15     0.180639140238568
-2.39450319621431e-05  0.000458957097634046    -0.013044479549844      1.97126440108699  -0.00418414939719504  2.42844397679268e-15  1.23131764788143e-15  4.86378858505997e-15  -5.9028625139193e-15    0.0263240617268247
 -0.00011727189853288  0.000146023432583934    0.0313409700838094  -0.00418414939719504      1.91865138028247 -2.66959957243386e-15 -1.94887707044683e-15 -7.30701879256341e-15  3.48646423457651e-15    -0.214410509669166
 1.37021126803332e-17  1.34961589636067e-18 -7.82575636624709e-16  2.42844397679268e-15 -2.66959957243386e-15      1.86309671571096   6.7008983668378e-16     -0.02628280816549     0.163143436959748  1.40609872980294e-16
 6.71454068720022e-18 -1.19537244025534e-18 -3.66273519544323e-16  1.23131764788143e-15 -1.94887707044683e-15   6.7008983668378e-16      1.86309671571098    -0.163143436959823   -0.0262828081654914 -3.04308646764598e-16
 4.25664639727218e-17  8.57706562690553e-19 -1.69494882902251e-15  4.86378858505997e-15 -7.30701879256341e-15     -0.02628280816549    -0.163143436959823     0.154865940416636 -1.47826330844778e-15  2.14496840142847e-15
-5.08157540509245e-17  -5.2696054081887e-18  2.48503154758749e-15  -5.9028625139193e-15  3.48646423457651e-15     0.163143436959748   -0.0262828081654914 -1.47826330844778e-15     0.154865940416654 -2.23763104313103e-15
 -0.00135842102332413  -0.00159730471240621     0.180639140238568    0.0263240617268247    -0.214410509669166  1.40609872980294e-16 -3.04308646764598e-16  2.14496840142847e-15 -2.23763104313103e-15     0.100738053636789
POPULATION (lambda : -0.5): 5.77593284819892
TOTAL ENERGY: -127.274637314007	 lambda: -0.4
1RDM (lambda : -0.4): 
     1.99999769645651 -7.49719962388888e-07  0.000103678344042835 -4.09286512888108e-05  -7.2796264718157e-05  5.89701592203519e-18  3.13196469843284e-18  3.47657843324687e-17 -3.98755465387239e-17  -0.00104039079911923
-7.49719962388888e-07      1.99998931347264  0.000216665766210674  0.000411401091990975  0.000169041842283758  5.94126206309799e-18   8.2489009952464e-19 -6.63902438516369e-19 -2.79232410831725e-18  -0.00125981003112749
 0.000103678344042835  0.000216665766210674      1.97840565995377   -0.0107248856020138    0.0282819602584028  8.13455775743823e-16  3.33086337540866e-16  8.82340071954272e-16  -1.4523270592207e-15     0.151081760441159
-4.09286512888108e-05  0.000411401091990975   -0.0107248856020138      1.97344859871726  -0.00404186222024526 -2.04636508594672e-15 -7.91332849333462e-16 -2.93313372208825e-15  6.13548865969013e-15    0.0147592094606463
 -7.2796264718157e-05  0.000169041842283758    0.0282819602584028  -0.00404186222024526      1.92037746124851  4.55911785209322e-15  1.34962146316085e-15  6.49618827552839e-15 -1.76212074849344e-14    -0.198779911648345
 5.89701592203519e-18  5.94126206309799e-18  8.13455775743823e-16 -2.04636508594672e-15  4.55911785209322e-15      1.85925007603532  3.96892181334798e-15   -0.0185965102770693     0.115432831551979 -6.87569627585203e-16
 3.13196469843284e-18   8.2489009952464e-19  3.33086337540866e-16 -7.91332849333462e-16  1.34962146316085e-15  3.96892181334798e-15      1.85925007603537    -0.115432831552176   -0.0185965102770705 -7.59906077043134e-16
 3.47657843324687e-17 -6.63902438516369e-19  8.82340071954272e-16 -2.93313372208825e-15  6.49618827552839e-15   -0.0185965102770693    -0.115432831552176      0.15715802211556 -2.41264271674434e-15 -1.58990542014181e-15
-3.98755465387239e-17 -2.79232410831725e-18  -1.4523270592207e-15  6.13548865969013e-15 -1.76212074849344e-14     0.115432831551979   -0.0185965102770705 -2.41264271674434e-15     0.157158022115604  3.39463080951239e-15
 -0.00104039079911923  -0.00125981003112749     0.151081760441159    0.0147592094606463    -0.198779911648345 -6.87569627585203e-16 -7.59906077043134e-16 -1.58990542014181e-15  3.39463080951239e-15    0.0949650738494816
POPULATION (lambda : -0.4): 5.91126644543032
TOTAL ENERGY: -127.322219748516	 lambda: -0.3
1RDM (lambda : -0.3): 
     1.99999778916582 -4.10557323502504e-07  7.28529109703213e-05 -5.42999416480776e-05 -3.44997618088033e-05  7.31177817038172e-18  3.58725825855419e-18  3.52118974292395e-17 -4.07988807567379e-17 -0.000720272197442561
-4.10557323502504e-07      1.99999044753576  0.000161517745644196  0.000367921825186375  0.000186960389509463  4.18695053330761e-18  3.67925947408909e-19 -3.83400539834787e-19 -3.26087425675484e-18 -0.000916155763748623
 7.28529109703213e-05  0.000161517745644196      1.98249529345253  -0.00869798309935934    0.0256220255514894  3.29551280902902e-16  1.19770911225409e-16  1.23933658056682e-16 -2.04847011036284e-16     0.121139056349841
-5.42999416480776e-05  0.000367921825186375  -0.00869798309935934      1.97554451448977  -0.00378529494435251 -5.97421354358921e-16 -2.15584124507012e-16 -5.72706836259189e-16  2.28093645581918e-15   0.00361830985346382
-3.44997618088033e-05  0.000186960389509463    0.0256220255514894  -0.00378529494435251      1.92195983558249  2.12990758424268e-15  4.23916894591659e-16  2.02014164130066e-15 -9.98689597584694e-15    -0.184259326629165
 7.31177817038172e-18  4.18695053330761e-18  3.29551280902902e-16 -5.97421354358921e-16  2.12990758424268e-15      1.85232628495943  4.12988023671436e-15   -0.0109604433140717    0.0680340192940282 -1.82400141785839e-16
 3.58725825855419e-18  3.67925947408909e-19  1.19770911225409e-16 -2.15584124507012e-16  4.23916894591659e-16  4.12988023671436e-15      1.85232628495946   -0.0680340192940914   -0.0109604433140615 -5.77753210622664e-16
 3.52118974292395e-17 -3.83400539834787e-19  1.23933658056682e-16 -5.72706836259189e-16  2.02014164130066e-15   -0.0109604433140717   -0.0680340192940914     0.162527879572713 -5.03819188617117e-16 -4.42843604000828e-16
-4.07988807567379e-17 -3.26087425675484e-18 -2.04847011036284e-16  2.28093645581918e-15 -9.98689597584694e-15    0.0680340192940282   -0.0109604433140615 -5.03819188617117e-16     0.162527879572746  1.41419295399807e-15
-0.000720272197442561 -0.000916155763748623     0.121139056349841   0.00361830985346382    -0.184259326629165 -1.82400141785839e-16 -5.77753210622664e-16 -4.42843604000828e-16  1.41419295399807e-15    0.0903037907093115
POPULATION (lambda : -0.3): 6.0472309957968
TOTAL ENERGY: -127.356341888633	 lambda: -0.2
1RDM (lambda : -0.2): 
     1.99999775814735 -1.90325625397254e-07  5.33314307601364e-05 -6.42086914855777e-05 -2.53572445693099e-06  8.02118297376916e-18  4.07981316640349e-18  3.51885349066407e-17  -4.0338749179615e-17 -0.000399173396623929
-1.90325625397254e-07      1.99999144721105   0.00011752753780324  0.000328545316307778  0.000199593772851695      3.0084688027e-18 -3.33673333668616e-20 -6.97830767004182e-20  -3.5167372609459e-18 -0.000566815424124842
 5.33314307601364e-05   0.00011752753780324       1.9856744504564  -0.00693882648921886    0.0232434942835072  5.70643716936038e-17 -6.79977326653541e-17  -5.2277143325051e-16  5.41589653269644e-16    0.0907028418184925
-6.42086914855777e-05  0.000328545316307778  -0.00693882648921886       1.9775633700227  -0.00353350541809571  2.22322162044588e-16  2.63184432758419e-16  1.29261933390381e-15  1.14092257808216e-16  -0.00712577380314412
-2.53572445693099e-06  0.000199593772851695    0.0232434942835072  -0.00353350541809571      1.92378382792931  7.90256911737124e-16 -3.35275774002694e-16 -1.82194431915035e-15 -5.14378595228461e-15    -0.170222751788183
 8.02118297376916e-18      3.0084688027e-18  5.70643716936038e-17  2.22322162044588e-16  7.90256911737124e-16      1.84195199180229  2.87660259651009e-15  -0.00345049026605795    0.0214179778982585  1.37261368555027e-16
 4.07981316640349e-18 -3.33673333668616e-20 -6.79977326653541e-17  2.63184432758419e-16 -3.35275774002694e-16  2.87660259651009e-15      1.84195199180233   -0.0214179778984194  -0.00345049026605017 -4.41020130731606e-16
 3.51885349066407e-17 -6.97830767004182e-20  -5.2277143325051e-16  1.29261933390381e-15 -1.82194431915035e-15  -0.00345049026605795   -0.0214179778984194     0.171379597111532 -3.66148302009206e-15  4.70974578116851e-16
 -4.0338749179615e-17  -3.5167372609459e-18  5.41589653269644e-16  1.14092257808216e-16 -5.14378595228461e-15    0.0214179778982585  -0.00345049026605017 -3.66148302009206e-15     0.171379597111571  2.44337935898514e-16
-0.000399173396623929 -0.000566815424124842    0.0907028418184925  -0.00712577380314412    -0.170222751788183  1.37261368555027e-16 -4.41020130731606e-16  4.70974578116851e-16  2.44337935898514e-16    0.0863259684055299
POPULATION (lambda : -0.2): 6.18373330385199
TOTAL ENERGY: -127.376838644964	 lambda: -0.1
1RDM (lambda : -0.1): 
     1.99999760286975 -9.01140682914956e-08  4.54915083140988e-05 -7.08172715326754e-05  2.27067532200035e-05  7.57169703468291e-18  2.56254083998165e-18  3.22394320613236e-17 -3.87069350758219e-17   -7.879298371338e-05
-9.01140682914956e-08      1.99999230780165  8.55129067874747e-05  0.000293582014558265  0.000206403084226622  2.58047457029797e-18  7.17939404682238e-19  -7.6390445848133e-19 -3.35558969868641e-18 -0.000213342049215001
 4.54915083140988e-05  8.55129067874747e-05      1.98787109469639   -0.0054606772142813    0.0211350731708751  5.39085427879355e-17  1.65304156905237e-16  1.91707426993851e-16  7.35095068148051e-16    0.0596128153055269
-7.08172715326754e-05  0.000293582014558265   -0.0054606772142813      1.97947084405137   -0.0033253865910951  3.14677525220963e-16 -3.68404368402624e-16 -5.72589410508713e-16 -3.63298053714487e-16   -0.0176383686597019
 2.27067532200035e-05  0.000206403084226622    0.0211350731708751   -0.0033253865910951      1.92599872784964  7.11166257180699e-16  7.02088283539148e-16  1.74201284254425e-15 -3.59798201463074e-15    -0.155523126427658
 7.57169703468291e-18  2.58047457029797e-18  5.39085427879355e-17  3.14677525220963e-16  7.11166257180699e-16      1.82809849165562  5.30112351327787e-15   0.00380709019383009   -0.0236314745273555  3.34142717273228e-16
 2.56254083998165e-18  7.17939404682238e-19  1.65304156905237e-16 -3.68404368402624e-16  7.02088283539148e-16  5.30112351327787e-15      1.82809849165563    0.0236314745272758    0.0038070901938534 -4.94012830306968e-16
 3.22394320613236e-17  -7.6390445848133e-19  1.91707426993851e-16 -5.72589410508713e-16  1.74201284254425e-15   0.00380709019383009    0.0236314745272758      0.18378853041254  2.66794787479621e-15 -4.06728697510684e-16
-3.87069350758219e-17 -3.35558969868641e-18  7.35095068148051e-16 -3.63298053714487e-16 -3.59798201463074e-15   -0.0236314745273555    0.0038070901938534  2.66794787479621e-15     0.183788530412558 -1.11857401166495e-16
  -7.879298371338e-05 -0.000213342049215001    0.0596128153055269   -0.0176383686597019    -0.155523126427658  3.34142717273228e-16 -4.94012830306968e-16 -4.06728697510684e-16 -1.11857401166495e-16    0.0828953785948915
POPULATION (lambda : -0.1): 6.32036646670383
TOTAL ENERGY: -127.383645248431	 lambda: 0
1RDM (lambda : 0): 
     1.99999732361392 -1.08714802428787e-07    4.955079998439e-05 -7.43067031581462e-05  4.07051772454735e-05  5.83816307168719e-18  3.20701232566141e-18  3.13352747721872e-17 -3.50379164280551e-17  0.000238394304219173
-1.08714802428787e-07      1.99999302203994  6.62940177236708e-05  0.000263680930362904  0.000206615101020914  2.75889703823042e-18  2.83817105771991e-19 -5.90928209175603e-19 -2.37345809851554e-18  0.000141687452597633
   4.955079998439e-05  6.62940177236708e-05      1.98898905179244  -0.00431803442739702    0.0193933884154537   3.1984475535971e-16 -1.01057931407507e-18 -1.73611639236522e-16  -8.3154880138486e-17    0.0277862717288887
-7.43067031581462e-05  0.000263680930362904  -0.00431803442739702      1.98118579293218  -0.00310121809875844 -2.53685231103469e-16  3.12691424227298e-17   4.0389359375396e-16  1.63333974152881e-15   -0.0281006737081169
 4.07051772454735e-05  0.000206615101020914    0.0193933884154537  -0.00310121809875844      1.92850169921517  1.68911312869127e-15   1.1451420868088e-16  -4.1911171043066e-16 -7.04005447495667e-15    -0.138950178895653
 5.83816307168719e-18  2.75889703823042e-18   3.1984475535971e-16 -2.53685231103469e-16  1.68911312869127e-15      1.81131939133633  1.69238625735243e-15    0.0106800938054427   -0.0662937991534809   4.4751344592734e-16
 3.20701232566141e-18  2.83817105771991e-19 -1.01057931407507e-18  3.12691424227298e-17   1.1451420868088e-16  1.69238625735243e-15      1.81131939133638    0.0662937991534102    0.0106800938054408 -3.92526169851236e-16
 3.13352747721872e-17 -5.90928209175603e-19 -1.73611639236522e-16   4.0389359375396e-16  -4.1911171043066e-16    0.0106800938054427    0.0662937991534102     0.199255757418568 -5.31439726288855e-15  7.28258541924008e-17
-3.50379164280551e-17 -2.37345809851554e-18  -8.3154880138486e-17  1.63333974152881e-15 -7.04005447495667e-15   -0.0662937991534809    0.0106800938054408 -5.31439726288855e-15     0.199255757418615  6.98536080284949e-16
 0.000238394304219173  0.000141687452597633    0.0277862717288887   -0.0281006737081169    -0.138950178895653   4.4751344592734e-16 -3.92526169851236e-16  7.28258541924008e-17  6.98536080284949e-16    0.0801828128965019
POPULATION (lambda : 0): 6.45629237313243
TOTAL ENERGY: -127.376957179245	 lambda: 0.1
1RDM (lambda : 0.1): 
     1.99999692187499 -2.41741899748503e-07  6.53882609014294e-05 -7.49767685217105e-05  5.12214369068752e-05  5.93877006197764e-18  2.93629366938827e-18  2.98443775557572e-17 -3.35840824817344e-17  0.000549546519455304
-2.41741899748503e-07      1.99999358099241  6.03935290211169e-05  0.000239648471291757  0.000199612737456145  1.94006868926911e-18  3.91201651872562e-19 -7.66080278430529e-19 -2.24265956615097e-18   0.00049532385674108
 6.53882609014294e-05  6.03935290211169e-05      1.98895205807261  -0.00357972010020752    0.0181514643850993  2.54926435453068e-16  1.61591841966239e-17 -1.44819908980703e-16   2.2316925384007e-16  -0.00470531777745018
-7.49767685217105e-05  0.000239648471291757  -0.00357972010020752      1.98260542105297  -0.00273770313662973  2.70648011761304e-17 -2.83057237222483e-17  3.63954824681595e-16  8.58667627661732e-16   -0.0385865465448474
 5.12214369068752e-05  0.000199612737456145    0.0181514643850993  -0.00273770313662973      1.93107344622677  1.38414726949732e-15  2.40460577299969e-16 -5.00708939558198e-16 -4.96687330902132e-15     -0.11966289528526
 5.93877006197764e-18  1.94006868926911e-18  2.54926435453068e-16  2.70648011761304e-17  1.38414726949732e-15      1.79280040423424  2.72266416938725e-15    0.0170860025878904    -0.106056779085526  7.15796043007629e-16
 2.93629366938827e-18  3.91201651872562e-19  1.61591841966239e-17 -2.83057237222483e-17  2.40460577299969e-16  2.72266416938725e-15      1.79280040423427     0.106056779085452    0.0170860025878788 -3.44246165898474e-16
 2.98443775557572e-17 -7.66080278430529e-19 -1.44819908980703e-16  3.63954824681595e-16 -5.00708939558198e-16    0.0170860025878904     0.106056779085452     0.216646664250224 -2.66787401186921e-15  7.53482961809363e-17
-3.35840824817344e-17 -2.24265956615097e-18   2.2316925384007e-16  8.58667627661732e-16 -4.96687330902132e-15    -0.106056779085526    0.0170860025878788 -2.66787401186921e-15     0.216646664250255  1.90655819985028e-16
 0.000549546519455304   0.00049532385674108  -0.00470531777745018   -0.0385865465448474     -0.11966289528526  7.15796043007629e-16 -3.44246165898474e-16  7.53482961809363e-17  1.90655819985028e-16    0.0784844348112513
POPULATION (lambda : 0.1): 6.59043658145181
TOTAL ENERGY: -127.3572548679	 lambda: 0.2
1RDM (lambda : 0.2): 
     1.99999639977604 -4.82268967548801e-07  9.25040610898596e-05 -7.33546189391906e-05  5.46696749963604e-05  5.50557972583632e-18  2.80357841031326e-18  2.83970014370493e-17 -3.16131173873694e-17  0.000852395444917241
-4.82268967548801e-07      1.99999397602523  6.78420895030591e-05   0.00022212979063999  0.000185282773751222  1.31462315468566e-18  4.15536679840752e-19 -9.29914092797815e-19 -1.81806921832633e-18  0.000845282821333549
 9.25040610898596e-05  6.78420895030591e-05      1.98773991723639  -0.00328849275421577    0.0174946449873899  2.97916909199463e-16  1.61283767770848e-17 -1.24180013867943e-16  2.04230296058391e-16   -0.0376558533704232
-7.33546189391906e-05   0.00022212979063999  -0.00328849275421577      1.98364193685781   -0.0021120920795564  6.26254660876643e-17 -4.14353567381716e-17   3.4731721585706e-16  8.46420195908065e-16   -0.0490115551329206
 5.46696749963604e-05  0.000185282773751222    0.0174946449873899   -0.0021120920795564       1.9335446725592  1.46023926365037e-15  2.98067339586507e-16 -6.31405990523512e-16 -4.43988759424122e-15   -0.0974023440883901
 5.50557972583632e-18  1.31462315468566e-18  2.97916909199463e-16  6.26254660876643e-17  1.46023926365037e-15      1.77413762455507  1.07208238331742e-14    0.0230326329506823     -0.14296887685641  9.81287180545415e-16
 2.80357841031326e-18  4.15536679840752e-19  1.61283767770848e-17 -4.14353567381716e-17  2.98067339586507e-16  1.07208238331742e-14      1.77413762455506     0.142968876856453    0.0230326329507283  -2.8935701631558e-16
 2.83970014370493e-17 -9.29914092797815e-19 -1.24180013867943e-16   3.4731721585706e-16 -6.31405990523512e-16    0.0230326329506823     0.142968876856453     0.234402630987109   1.0377664925704e-14  8.88281062127726e-17
-3.16131173873694e-17 -1.81806921832633e-18  2.04230296058391e-16  8.46420195908065e-16 -4.43988759424122e-15     -0.14296887685641    0.0230326329507283   1.0377664925704e-14     0.234402630987113  3.08876537350096e-17
 0.000852395444917241  0.000845282821333549   -0.0376558533704232   -0.0490115551329206   -0.0974023440883901  9.81287180545415e-16  -2.8935701631558e-16  8.88281062127726e-17  3.08876537350096e-17    0.0780025864609773
POPULATION (lambda : 0.2): 6.72194528498524
TOTAL ENERGY: -127.325103917223	 lambda: 0.3
1RDM (lambda : 0.3): 
     1.99999575845614 -8.23065278747041e-07  0.000130203583111354 -7.02065818491419e-05  5.21128689589464e-05  5.00584142972217e-18  2.67786509705246e-18  2.70455870029868e-17 -2.97206890302723e-17   0.00114616917118092
-8.23065278747041e-07      1.99999420043099    8.823798850884e-05  0.000211352841950897  0.000164039243917852  6.19956949750409e-19  4.05299629362555e-19 -1.08591207190576e-18 -1.34835356829567e-18   0.00119076629366066
 0.000130203583111354    8.823798850884e-05      1.98538915388415  -0.00343275790152579    0.0174282473038785  3.47674208765822e-16  1.50444771154445e-17 -1.14437575222393e-16  1.78444698054476e-16    -0.070810631144943
-7.02065818491419e-05  0.000211352841950897  -0.00343275790152579      1.98424939817183  -0.00115738354066965  9.95741218793905e-17 -4.26864814788239e-17  3.45637410583949e-16  8.35426176904235e-16   -0.0591767164783527
 5.21128689589464e-05  0.000164039243917852    0.0174282473038785  -0.00115738354066965      1.93586041542435  1.51960258962667e-15  3.47593213717591e-16 -8.02519392495589e-16  -3.9475216860963e-15   -0.0724465561981079
 5.00584142972217e-18  6.19956949750409e-19  3.47674208765822e-16  9.95741218793905e-17  1.51960258962667e-15      1.75691734127455  9.35989552918776e-15    0.0286244784340928    -0.177678743350465  1.27545272042344e-15
 2.67786509705246e-18  4.05299629362555e-19  1.50444771154445e-17 -4.26864814788239e-17  3.47593213717591e-16  9.35989552918776e-15      1.75691734127458     0.177678743350448    0.0286244784341065 -2.31046148108625e-16
 2.70455870029868e-17 -1.08591207190576e-18 -1.14437575222393e-16  3.45637410583949e-16 -8.02519392495589e-16    0.0286244784340928     0.177678743350448     0.250957358287321  5.10011933441379e-15  1.09310142132626e-16
-2.97206890302723e-17 -1.34835356829567e-18  1.78444698054476e-16  8.35426176904235e-16  -3.9475216860963e-15    -0.177678743350465    0.0286244784341065  5.10011933441379e-15     0.250957358287358 -1.34630817557415e-16
  0.00114616917118092   0.00119076629366066    -0.070810631144943   -0.0591767164783527   -0.0724465561981079  1.27545272042344e-15 -2.31046148108625e-16  1.09310142132626e-16 -1.34630817557415e-16    0.0787616745087818
POPULATION (lambda : 0.3): 6.8506369713311
TOTAL ENERGY: -127.280831879625	 lambda: 0.4
1RDM (lambda : 0.4): 
     1.99999499647103 -1.25930043118376e-06  0.000177906875840368 -6.64167487264423e-05  4.48900696122757e-05  4.38380619802906e-18  2.49158234554404e-18  2.57552071985273e-17   -2.790394473919e-17   0.00143191748535387
-1.25930043118376e-06       1.9999942498788  0.000121009402401103   0.00020707580383184  0.000136535932561843 -1.60579948225211e-19  4.14351167837664e-19 -1.26900407013158e-18 -8.58944141819905e-19   0.00153254431968548
 0.000177906875840368  0.000121009402401103      1.98196024818218  -0.00394598461711849    0.0179118433509359  4.04669689268121e-16  1.49393538587465e-17 -9.67462647745701e-17  1.53173640843763e-16    -0.103944102772435
-6.64167487264423e-05   0.00020707580383184  -0.00394598461711849      1.98442858969698   0.00011813367953936  1.46197224455836e-16 -5.43104519521163e-17  3.43329851879902e-16  8.31914295232462e-16    -0.068866534167519
 4.48900696122757e-05  0.000136535932561843    0.0179118433509359   0.00011813367953936      1.93800469526851  1.55866778807889e-15  3.85700463281336e-16 -9.39391576062921e-16 -3.44488849310207e-15   -0.0454358820282971
 4.38380619802906e-18 -1.60579948225211e-19  4.04669689268121e-16  1.46197224455836e-16  1.55866778807889e-15      1.74228334674056  2.17414738593879e-15    0.0340355165017709     -0.21126630716524  1.59260950825941e-15
 2.49158234554404e-18  4.14351167837664e-19  1.49393538587465e-17 -5.43104519521163e-17  3.85700463281336e-16  2.17414738593879e-15      1.74228334674062     0.211266307165123    0.0340355165017615 -1.72422494945323e-16
 2.57552071985273e-17 -1.26900407013158e-18 -9.67462647745701e-17  3.43329851879902e-16 -9.39391576062921e-16    0.0340355165017709     0.211266307165123     0.265172364391351  -7.9445273681318e-15  1.26745428046669e-16
  -2.790394473919e-17 -8.58944141819905e-19  1.53173640843763e-16  8.31914295232462e-16 -3.44488849310207e-15     -0.21126630716524    0.0340355165017615  -7.9445273681318e-15     0.265172364391416 -3.01664281001041e-16
  0.00143191748535387   0.00153254431968548    -0.103944102772435    -0.068866534167519   -0.0454358820282971  1.59260950825941e-15 -1.72422494945323e-16  1.26745428046669e-16 -3.01664281001041e-16    0.0807057982385811
POPULATION (lambda : 0.4): 6.97716662174998
TOTAL ENERGY: -127.224295195961	 lambda: 0.5
1RDM (lambda : 0.5): 
     1.99999410951284 -1.79023812455195e-06  0.000235385181101669  -6.2785242583292e-05  3.41605831931099e-05  3.58876435470432e-18  2.23570540626961e-18  2.45123150220586e-17 -2.61111974070786e-17   0.00171207847631154
-1.79023812455195e-06      1.99999412202644  0.000165679591011969  0.000208723787515878  0.000103351649602516 -7.60043008025092e-19  3.34432062404878e-19 -1.44556261093561e-18 -1.86024171746275e-19   0.00187226330142205
 0.000235385181101669  0.000165679591011969      1.97749908337411  -0.00473024051095665      0.01891863763346  4.46546560578748e-16  2.27361022363833e-17 -8.38759636852339e-17  9.77434234163194e-17    -0.136874882823285
 -6.2785242583292e-05  0.000208723787515878  -0.00473024051095665      1.98421353666849   0.00164795018214024  1.17104562749861e-16 -3.87119883726605e-17  3.24256127359095e-16  7.33312736649501e-16   -0.0779360754467129
 3.41605831931099e-05  0.000103351649602516      0.01891863763346   0.00164795018214024       1.9398689412773  1.41946075817307e-15  4.67377954758282e-16 -1.11366661600744e-15   -3.117750718373e-15   -0.0172324536865362
 3.58876435470432e-18 -7.60043008025092e-19  4.46546560578748e-16  1.17104562749861e-16  1.41946075817307e-15      1.73065724790885  -1.5682985647687e-17    0.0394648370188278    -0.244967324293201  1.90536627526634e-15
 2.23570540626961e-18  3.34432062404878e-19  2.27361022363833e-17 -3.87119883726605e-17  4.67377954758282e-16  -1.5682985647687e-17      1.73065724790884     0.244967324293202     0.039464837018831 -1.08056707609089e-16
 2.45123150220586e-17 -1.44556261093561e-18 -8.38759636852339e-17  3.24256127359095e-16 -1.11366661600744e-15    0.0394648370188278     0.244967324293202     0.276622801673472  1.32329524989706e-15  1.34582643066508e-16
-2.61111974070786e-17 -1.86024171746275e-19  9.77434234163194e-17  7.33312736649501e-16   -3.117750718373e-15    -0.244967324293201     0.039464837018831  1.32329524989706e-15     0.276622801673462 -5.10872121090237e-16
  0.00171207847631154   0.00187226330142205    -0.136874882823285   -0.0779360754467129   -0.0172324536865362  1.90536627526634e-15 -1.08056707609089e-16  1.34582643066508e-16 -5.10872121090237e-16    0.0838701079762378
POPULATION (lambda : 0.5): 7.10280665617803
TOTAL ENERGY: -127.154897868131	 lambda: 0.6
1RDM (lambda : 0.6): 
     1.99999309197992 -2.41913162006723e-06  0.000302781568759979 -5.98401892297545e-05  2.06651669880978e-05  2.68366639141696e-18  1.84090902296306e-18  2.32311099523949e-17 -2.43418279629712e-17   0.00198957306197838
-2.41913162006723e-06      1.99999381620712  0.000221959715282554  0.000215593343623568  6.49354751144908e-05 -2.56139548548619e-18  1.30095827787592e-18 -1.98680654662416e-18   -2.009531140456e-19   0.00221142603979483
 0.000302781568759979  0.000221959715282554      1.97202134759476  -0.00568796199043555    0.0204629040851021  5.98784957504825e-16 -6.94371542633295e-17  2.55947660367665e-17  1.80579308129092e-16    -0.169422751137712
-5.98401892297545e-05  0.000215593343623568  -0.00568796199043555      1.98365246709364   0.00334253842412161  4.86165548072001e-16 -3.99572736107379e-16  6.29597541740178e-16  1.12247324444249e-15   -0.0863436261966653
 2.06651669880978e-05  6.49354751144908e-05    0.0204629040851021   0.00334253842412161      1.94119337143119  1.96767305444853e-15 -1.41076464182471e-16 -7.10885480639994e-16  -1.9011038367917e-15    0.0111257252109397
 2.68366639141696e-18 -2.56139548548619e-18  5.98784957504825e-16  4.86165548072001e-16  1.96767305444853e-15      1.72167563828163  1.46044828157611e-15    0.0450928209072237    -0.279901497658059  2.33026524817898e-15
 1.84090902296306e-18  1.30095827787592e-18 -6.94371542633295e-17 -3.99572736107379e-16 -1.41076464182471e-16  1.46044828157611e-15      1.72167563828163     0.279901497657971    0.0450928209072295  -1.5682061834205e-16
 2.32311099523949e-17 -1.98680654662416e-18  2.55947660367665e-17  6.29597541740178e-16 -7.10885480639994e-16    0.0450928209072237     0.279901497657971     0.285665639598731 -3.49474870344657e-16  3.13078950538986e-16
-2.43418279629712e-17   -2.009531140456e-19  1.80579308129092e-16  1.12247324444249e-15  -1.9011038367917e-15    -0.279901497658059    0.0450928209072295 -3.49474870344657e-16     0.285665639598737 -4.71400281871542e-16
  0.00198957306197838   0.00221142603979483    -0.169422751137712   -0.0863436261966653    0.0111257252109397  2.33026524817898e-15  -1.5682061834205e-16  3.13078950538986e-16 -4.71400281871542e-16    0.0884633499326469
POPULATION (lambda : 0.6): 7.22896624887677
TOTAL ENERGY: -127.071864391831	 lambda: 0.7
1RDM (lambda : 0.7): 
     1.99999193977178 -3.15158140337737e-06  0.000380411772586602 -5.77439697828649e-05  4.80058913986305e-06  1.47466087748359e-18  1.46679936650481e-18  2.20125436008611e-17 -2.24648853753241e-17    0.0022668857668791
-3.15158140337737e-06      1.99999333361454  0.000289642344070431  0.000227001769594811  2.18585501134119e-05 -2.66718283328978e-19  6.37291699226192e-19 -2.27722087490086e-18   1.7946821842251e-18   0.00255065360165864
