TOTAL ENERGY: -126.699684568234	 lambda: -1
1RDM (lambda : -1): 
     1.99999775725704 -1.81991094996182e-06  -0.00027763231116146 -6.20506200503324e-05 -0.000499153001861705  8.02160271045603e-18  5.13221734318171e-17  9.13014179312275e-17    3.731748101746e-17  -0.00168288079467148
-1.81991094996182e-06      1.99998406128334 -0.000537211409939907 -0.000765712514095237 -0.000187086455256144 -5.82448203931287e-18 -9.07442949256386e-18  1.48093406973932e-17 -7.51727514098685e-18  -0.00188088162994998
 -0.00027763231116146 -0.000537211409939907      1.94766695416594   -0.0286722877501487   -0.0897164394416498  5.06535962727591e-15  8.81829262028841e-15  1.57330440429022e-14 -8.62919062809934e-15    -0.271383299966116
-6.20506200503324e-05 -0.000765712514095237   -0.0286722877501487      1.95345653339277   -0.0124261428480657 -1.01252530591239e-14 -1.71631793533968e-14 -4.24067070678907e-14   2.4388312986561e-14   -0.0745856064242142
-0.000499153001861705 -0.000187086455256144   -0.0897164394416498   -0.0124261428480657      1.76520257167789 -1.17017582364643e-14   -1.957632878007e-14 -5.58676691151756e-14  3.26968833674817e-14    -0.513413322558463
 8.02160271045603e-18 -5.82448203931287e-18  5.06535962727591e-15 -1.01252530591239e-14 -1.17017582364643e-14      1.84593771843731 -7.64013480531799e-16  -0.00202119185356622     0.305075496472844  1.62855868579289e-14
 5.13221734318171e-17 -9.07442949256386e-18  8.81829262028841e-15 -1.71631793533968e-14   -1.957632878007e-14 -7.64013480531799e-16        1.845937718437    -0.305075496473659  -0.00202119185356625  2.79488199628127e-14
 9.13014179312275e-17  1.48093406973932e-17  1.57330440429022e-14 -4.24067070678907e-14 -5.58676691151756e-14  -0.00202119185356622    -0.305075496473659     0.179280198396666  1.26037542536625e-15   3.0748230345272e-14
   3.731748101746e-17 -7.51727514098685e-18 -8.62919062809934e-15   2.4388312986561e-14  3.26968833674817e-14     0.305075496472844  -0.00202119185356625  1.26037542536625e-15     0.179280198396354 -1.81226089336619e-14
 -0.00168288079467148  -0.00188088162994998    -0.271383299966116   -0.0745856064242142    -0.513413322558463  1.62855868579289e-14  2.79488199628127e-14   3.0748230345272e-14 -1.81226089336619e-14     0.283256288555746
POPULATION (lambda : -1): 5.21314029789283
TOTAL ENERGY: -126.817731588073	 lambda: -0.9
1RDM (lambda : -0.9): 
     1.99999802999224 -1.41062578453156e-06 -0.000231535659940921  -4.1641309577239e-05  -0.00043218882584186 -1.22283415205664e-16 -1.72059158679232e-16 -3.56632741153737e-16  2.94554425024021e-16  -0.00150294692521746
-1.41062578453156e-06      1.99998534870174 -0.000466763236421788 -0.000704493844017703 -0.000138130554493119  2.01911074286161e-16  3.40483785624497e-16 -1.03529777347352e-16  6.17513575163786e-17  -0.00168433080066491
-0.000231535659940921 -0.000466763236421788      1.95415659101738   -0.0251528228319914   -0.0821976875154608 -4.04947622800649e-14 -6.81740113187676e-14 -1.88310566366344e-13  1.10360223481041e-13    -0.251850631095176
 -4.1641309577239e-05 -0.000704493844017703   -0.0251528228319914      1.95673270122189  -0.00950307009744453  1.28985535749666e-13  2.17741520895629e-13  5.48008978602557e-13 -3.19964031189329e-13   -0.0655031947369323
 -0.00043218882584186 -0.000138130554493119   -0.0821976875154608  -0.00950307009744453       1.7750595472496  2.09773672059395e-13  3.54424740444698e-13  9.58702450556061e-13 -5.59015772836378e-13    -0.501177410517495
-1.22283415205664e-16  2.01911074286161e-16 -4.04947622800649e-14  1.28985535749666e-13  2.09773672059395e-13      1.84347770388658 -5.69697659601762e-16  -0.00167670545303404      0.25307922319378 -7.60820172618445e-14
-1.72059158679232e-16  3.40483785624497e-16 -6.81740113187676e-14  2.17741520895629e-13  3.54424740444698e-13 -5.69697659601762e-16      1.84347770388632    -0.253079223194812  -0.00167670545303452 -1.28056924527628e-13
-3.56632741153737e-16 -1.03529777347352e-16 -1.88310566366344e-13  5.48008978602557e-13  9.58702450556061e-13  -0.00167670545303404    -0.253079223194812     0.180090178516784  1.14275428687607e-15 -5.13612193193152e-13
 2.94554425024021e-16  6.17513575163786e-17  1.10360223481041e-13 -3.19964031189329e-13 -5.59015772836378e-13      0.25307922319378  -0.00167670545303452  1.14275428687607e-15     0.180090178516521  2.99362163750391e-13
 -0.00150294692521746  -0.00168433080066491    -0.251850631095176   -0.0655031947369323    -0.501177410517495 -7.60820172618445e-14 -1.28056924527628e-13 -5.13612193193152e-13  2.99362163750391e-13     0.266932017010928
POPULATION (lambda : -0.9): 5.33742073961715
TOTAL ENERGY: -126.925456137168	 lambda: -0.8
1RDM (lambda : -0.8): 
     1.99999825563023 -1.04937392856539e-06 -0.000189243519856864 -2.24433850534173e-05 -0.000363475510488431  7.57029081622986e-16  1.31853827316703e-15  2.63223502156102e-15 -1.43991703054095e-15  -0.00131829699012116
-1.04937392856539e-06      1.99998659926623 -0.000401200074617822 -0.000644598675735824 -9.19220239595883e-05 -1.12598318312075e-15 -1.90484865567969e-15  7.27232500760425e-16  -4.2169991109569e-16  -0.00148821637315076
-0.000189243519856864 -0.000401200074617822      1.96027045533323   -0.0217303864944888   -0.0745304248561963   2.5780104475578e-13  4.38181512644252e-13  1.21271677902069e-12  -7.0265069123573e-13    -0.231117299320323
-2.24433850534173e-05 -0.000644598675735824   -0.0217303864944888      1.96001478183487  -0.00645855178520463 -7.56448654885889e-13  -1.2847175413068e-12 -3.43135792400898e-12  1.98951880658663e-12   -0.0553556993078981
-0.000363475510488431 -9.19220239595883e-05   -0.0745304248561963  -0.00645855178520463      1.78600004575707 -1.26388397189407e-12 -2.14655931199095e-12  -6.2188011667209e-12  3.60670215282026e-12    -0.483138038255265
 7.57029081622986e-16 -1.12598318312075e-15   2.5780104475578e-13 -7.56448654885889e-13 -1.26388397189407e-12      1.83863540552558 -4.05157034669934e-16  -0.00135324063487272     0.204255879894021  5.06926547033447e-13
 1.31853827316703e-15 -1.90484865567969e-15  4.38181512644252e-13  -1.2847175413068e-12 -2.14655931199095e-12 -4.05157034669934e-16      1.83863540552536    -0.204255879894976  -0.00135324063487225   8.6183847001943e-13
 2.63223502156102e-15  7.27232500760425e-16  1.21271677902069e-12 -3.43135792400898e-12  -6.2188011667209e-12  -0.00135324063487272    -0.204255879894976     0.183318728388539  9.44463386574832e-16  3.20792890141403e-12
-1.43991703054095e-15  -4.2169991109569e-16  -7.0265069123573e-13  1.98951880658663e-12  3.60670215282026e-12     0.204255879894021  -0.00135324063487225  9.44463386574832e-16     0.183318728388326 -1.86032631759656e-12
 -0.00131829699012116  -0.00148821637315076    -0.231117299320323   -0.0553556993078981    -0.483138038255265  5.06926547033447e-13   8.6183847001943e-13  3.20792890141403e-12 -1.86032631759656e-12      0.24982159435058
POPULATION (lambda : -0.8): 5.46417879640926
TOTAL ENERGY: -127.021778914614	 lambda: -0.7
1RDM (lambda : -0.7): 
     1.99999843179197  -7.3686978431393e-07 -0.000151524657853312 -4.91628463326904e-06 -0.000296529014392903 -7.30660610712025e-16 -1.21811788443368e-15 -2.39494036647772e-15  1.45854351093559e-15  -0.00112717752116365
 -7.3686978431393e-07      1.99998779927804 -0.000341238876690534 -0.000586922138113693 -5.02716150475762e-05  1.02144681956486e-15  1.73655911768316e-15 -7.14773538090212e-16  4.14712688592477e-16  -0.00129186132935464
-0.000151524657853312 -0.000341238876690534      1.96583201532943   -0.0185378730756152   -0.0674717270983107 -2.36455158164439e-13 -4.03501560171513e-13  -1.1733530560801e-12  6.77593539438016e-13    -0.209396546234574
-4.91628463326904e-06 -0.000586922138113693   -0.0185378730756152      1.96317559518834  -0.00380412661896335  6.75483445505957e-13  1.15271027562433e-12  3.24828922284435e-12 -1.87496293859564e-12   -0.0441853725185877
-0.000296529014392903 -5.02716150475762e-05   -0.0674717270983107  -0.00380412661896335      1.79516385339553  1.18466304285797e-12  2.02195391506698e-12  6.27015029040104e-12 -3.61866351897952e-12    -0.461317113799122
-7.30660610712025e-16  1.02144681956486e-15 -2.36455158164439e-13  6.75483445505957e-13  1.18466304285797e-12      1.83155357316246  -2.5156357173617e-16  -0.00104409961718526     0.157594290172988 -4.30481269512123e-13
-1.21811788443368e-15  1.73655911768316e-15 -4.03501560171513e-13  1.15271027562433e-12  2.02195391506698e-12  -2.5156357173617e-16      1.83155357316229    -0.157594290173923  -0.00104409961718426 -7.34965090281632e-13
-2.39494036647772e-15 -7.14773538090212e-16  -1.1733530560801e-12  3.24828922284435e-12  6.27015029040104e-12  -0.00104409961718526    -0.157594290173923     0.188788397923681  8.11907564359732e-16 -3.10465114358557e-12
 1.45854351093559e-15  4.14712688592477e-16  6.77593539438016e-13 -1.87496293859564e-12 -3.61866351897952e-12     0.157594290172988  -0.00104409961718426  8.11907564359732e-16     0.188788397923512  1.79139904384251e-12
 -0.00112717752116365  -0.00129186132935464    -0.209396546234574   -0.0441853725185877    -0.461317113799122 -4.30481269512123e-13 -7.34965090281632e-13 -3.10465114358557e-12  1.79139904384251e-12     0.235158362844797
POPULATION (lambda : -0.7): 5.59261851061321
TOTAL ENERGY: -127.105203359946	 lambda: -0.6
1RDM (lambda : -0.6): 
     1.99999855500847  -4.7470808489181e-07 -0.000119148269193569  1.03337941565089e-05 -0.000234454786279032  4.04131908948759e-16  7.20815884471361e-16  1.36983790301628e-15 -7.08549073815983e-16 -0.000930948533265828
 -4.7470808489181e-07      1.99998892963065 -0.000287269125771828 -0.000532476677081224 -1.38545036052336e-05 -5.17423935044612e-16 -8.82813430959136e-16  4.28711298263675e-16 -2.45672741893735e-16  -0.00109513742026769
-0.000119148269193569 -0.000287269125771828      1.97075605693239   -0.0156774216138865   -0.0614437329790519  1.27462670738683e-13  2.18683248289755e-13  6.54271250329366e-13 -3.75362619586459e-13     -0.18720117881911
 1.03337941565089e-05 -0.000532476677081224   -0.0156774216138865      1.96612639807939  -0.00184031419991149 -3.44658824369914e-13 -5.90882283790317e-13 -1.74948544164335e-12  1.00485549811858e-12   -0.0325905446730504
-0.000234454786279032 -1.38545036052336e-05   -0.0614437329790519  -0.00184031419991149      1.80092726020658 -6.23791421127056e-13 -1.06940404559474e-12 -3.56643285758641e-12  2.04956200588271e-12    -0.439375360438453
 4.04131908948759e-16 -5.17423935044612e-16  1.27462670738683e-13 -3.44658824369914e-13 -6.23791421127056e-13      1.82201198490497 -8.23279692243093e-17 -0.000741865081897924     0.111977774119218  2.29718607617999e-13
 7.20815884471361e-16 -8.82813430959136e-16  2.18683248289755e-13 -5.90882283790317e-13 -1.06940404559474e-12 -8.23279692243093e-17      1.82201198490493    -0.111977774120322 -0.000741865081898359  3.94621894925959e-13
 1.36983790301628e-15  4.28711298263675e-16  6.54271250329366e-13 -1.74948544164335e-12 -3.56643285758641e-12 -0.000741865081897924    -0.111977774120322     0.196685946225258   2.1592120516377e-16  1.69982807330052e-12
-7.08549073815983e-16 -2.45672741893735e-16 -3.75362619586459e-13  1.00485549811858e-12  2.04956200588271e-12     0.111977774119218 -0.000741865081898359   2.1592120516377e-16     0.196685946225206 -9.76633464107208e-13
-0.000930948533265828  -0.00109513742026769     -0.18720117881911   -0.0325905446730504    -0.439375360438453  2.29718607617999e-13  3.94621894925959e-13  1.69982807330052e-12 -9.76633464107208e-13     0.224806937882188
POPULATION (lambda : -0.6): 5.72095121967102
TOTAL ENERGY: -127.175022623163	 lambda: -0.5
1RDM (lambda : -0.5): 
     1.99999862378005 -2.63265286039932e-07 -9.24752463042463e-05  2.30266243977761e-05 -0.000178351127302049  3.79945076931765e-15  6.56108486382005e-15  1.19057576958505e-14 -6.72478564050045e-15 -0.000731998519304584
-2.63265286039932e-07      1.99998997793252 -0.000239027893889289 -0.000481580126946877  1.84652088643294e-05 -4.50656179920609e-15 -7.71107649550571e-15  4.12699360474418e-15 -2.36788441223301e-15 -0.000897523498804727
-9.24752463042463e-05 -0.000239027893889289      1.97508308563139   -0.0131491255253117   -0.0563437814470916  1.12020878269627e-12  1.92663736924029e-12  6.03851052187014e-12 -3.45831412679569e-12    -0.165002959044705
 2.30266243977761e-05 -0.000481580126946877   -0.0131491255253117      1.96887695754543 -0.000500200929049685 -2.93427954458511e-12 -5.04598349391167e-12 -1.55754169117668e-11  8.92228215342761e-12   -0.0213623412547299
-0.000178351127302049  1.84652088643294e-05   -0.0563437814470916 -0.000500200929049685      1.80358181294489 -5.47724673568072e-12 -9.41973727290534e-12 -3.38936877712858e-11  1.94194525614475e-11    -0.420770151649138
 3.79945076931765e-15 -4.50656179920609e-15  1.12020878269627e-12 -2.93427954458511e-12 -5.47724673568072e-12      1.80962456327108 -4.50640286476637e-16 -0.000439976950448792    0.0664105512047866  1.84762177557302e-12
 6.56108486382005e-15 -7.71107649550571e-15  1.92663736924029e-12 -5.04598349391167e-12 -9.41973727290534e-12 -4.50640286476637e-16      1.80962456327099   -0.0664105512056357 -0.000439976950451974  3.18362297800549e-12
 1.19057576958505e-14  4.12699360474418e-15  6.03851052187014e-12 -1.55754169117668e-11 -3.38936877712858e-11 -0.000439976950448792   -0.0664105512056357     0.207369597804596  1.45734840259476e-16  1.55592762327754e-11
-6.72478564050045e-15 -2.36788441223301e-15 -3.45831412679569e-12  8.92228215342761e-12  1.94194525614475e-11    0.0664105512047866 -0.000439976950451974  1.45734840259476e-16     0.207369597804501 -8.91153878796109e-12
-0.000731998519304584 -0.000897523498804727    -0.165002959044705   -0.0213623412547299    -0.420770151649138  1.84762177557302e-12  3.18362297800549e-12  1.55592762327754e-11 -8.91153878796109e-12     0.218481220014584
POPULATION (lambda : -0.5): 5.84787078246897
TOTAL ENERGY: -127.231598711795	 lambda: -0.4
1RDM (lambda : -0.4): 
     1.99999863891707 -1.01773468744075e-07 -7.15259752452599e-05  3.33117377843972e-05  -0.00012761840441787  8.41279118456072e-17  1.69824680823969e-16  2.93507112963278e-16 -9.81805609575619e-17 -0.000531584430750229
-1.01773468744075e-07      1.99999094604558 -0.000195822339274992 -0.000433577861715263  4.87465024514274e-05 -9.04004901742772e-17 -1.54914128228735e-16  1.04949798583172e-16 -5.89235993506291e-17 -0.000697143750557892
-7.15259752452599e-05 -0.000195822339274992      1.97892133846154    -0.010853257504584   -0.0516991356897715  2.45933136409223e-14  4.24611727137599e-14  1.35386806608482e-13 -7.68981414693601e-14    -0.142922628685626
 3.33117377843972e-05 -0.000433577861715263    -0.010853257504584      1.97153173600291  0.000590098083346939 -6.00283076235722e-14 -1.03490560612371e-13 -3.28710610282482e-13  1.87587691644264e-13   -0.0110506755323099
 -0.00012761840441787  4.87465024514274e-05   -0.0516991356897715  0.000590098083346939      1.80487322491071 -1.11798788998819e-13 -1.92752886290952e-13 -7.41340050710903e-13  4.24184884749961e-13    -0.407143445207905
 8.41279118456072e-17 -9.04004901742772e-17  2.45933136409223e-14 -6.00283076235722e-14 -1.11798788998819e-13      1.79373065252856 -4.00173141801747e-16 -0.000135049925179718    0.0203843652087588  4.52950790449653e-14
 1.69824680823969e-16 -1.54914128228735e-16  4.24611727137599e-14 -1.03490560612371e-13 -1.92752886290952e-13 -4.00173141801747e-16      1.79373065252848   -0.0203843652094868 -0.000135049925181456  7.85970033796245e-14
 2.93507112963278e-16  1.04949798583172e-16  1.35386806608482e-13 -3.28710610282482e-13 -7.41340050710903e-13 -0.000135049925179718   -0.0203843652094868     0.221485445190876  1.13223918913898e-16  3.33010551236753e-13
-9.81805609575619e-17 -5.89235993506291e-17 -7.68981414693601e-14  1.87587691644264e-13  4.24184884749961e-13    0.0203843652087588 -0.000135049925181456  1.13223918913898e-16     0.221485445190796 -1.90423612919097e-13
-0.000531584430750229 -0.000697143750557892    -0.142922628685626   -0.0110506755323099    -0.407143445207905  4.52950790449653e-14  7.85970033796245e-14  3.33010551236753e-13 -1.90423612919097e-13     0.214251920223509
POPULATION (lambda : -0.4): 5.97358439006559
TOTAL ENERGY: -127.27570420426	 lambda: -0.3
1RDM (lambda : -0.3): 
     1.99999860177168  9.89375168526411e-09  -5.6363731297007e-05  4.15199401447142e-05 -8.15456959626252e-05  1.74672527556929e-15  3.02963808906886e-15  4.77379486360534e-15 -2.65486628232192e-15 -0.000329261378281426
 9.89375168526411e-09      1.99999184745714  -0.00015717980684272 -0.000387303340892604  7.82412764870181e-05  -1.7180011215044e-15 -2.93971357619001e-15  1.99307641154561e-15 -1.14215605424592e-15 -0.000491072617567998
 -5.6363731297007e-05  -0.00015717980684272      1.98234159316332  -0.00866022501275702   -0.0470163428468974  4.47206024655819e-13  7.69878888091487e-13  2.61489031989432e-12 -1.49630778522577e-12    -0.120632986232437
 4.15199401447142e-05 -0.000387303340892604  -0.00866022501275702      1.97421954117446   0.00189310137955728 -1.09126150185565e-12 -1.87916975970877e-12 -6.07421901335238e-12  3.47693425259487e-12  -0.00168558579927873
-8.15456959626252e-05  7.82412764870181e-05   -0.0470163428468974   0.00189310137955728      1.80688958125026 -2.06090022673219e-12 -3.55003862249227e-12 -1.46546128402296e-11  8.39172170334646e-12     -0.39755441283804
 1.74672527556929e-15  -1.7180011215044e-15  4.47206024655819e-13 -1.09126150185565e-12 -2.06090022673219e-12      1.77332046318159 -3.76974730183401e-16  0.000170142727189876   -0.0256810749124022  6.66413517159455e-13
 3.02963808906886e-15 -2.93971357619001e-15  7.69878888091487e-13 -1.87916975970877e-12 -3.55003862249227e-12 -3.76974730183401e-16      1.77332046318152    0.0256810749116636  0.000170142727187881  1.15217193776668e-12
 4.77379486360534e-15  1.99307641154561e-15  2.61489031989432e-12 -6.07421901335238e-12 -1.46546128402296e-11  0.000170142727189876    0.0256810749116636     0.240055476617756  2.77940420170596e-17  6.39522914302735e-12
-2.65486628232192e-15 -1.14215605424592e-15 -1.49630778522577e-12  3.47693425259487e-12  8.39172170334646e-12   -0.0256810749124022  0.000170142727187881  2.77940420170596e-17     0.240055476617694  -3.6596753769757e-12
-0.000329261378281426 -0.000491072617567998    -0.120632986232437  -0.00168558579927873     -0.39755441283804  6.66413517159455e-13  1.15217193776668e-12  6.39522914302735e-12  -3.6596753769757e-12     0.209806955584601
POPULATION (lambda : -0.3): 6.09963051996003
TOTAL ENERGY: -127.307686067514	 lambda: -0.2
1RDM (lambda : -0.2): 
     1.99999851250957  7.00214055184781e-08 -4.74032934845109e-05  4.78190271735005e-05 -4.08449181794668e-05 -5.63792715693765e-16 -9.42297796528158e-16 -1.34483582732632e-15  8.29577516093833e-16  -0.00012422485177384
 7.00214055184781e-08      1.99999269702925  -0.00012346542734899 -0.000341971223700187   0.00010594944707914  4.93547969978676e-16  8.40851771321862e-16 -6.16063460006111e-16  3.55962814527166e-16 -0.000277056444552745
-4.74032934845109e-05  -0.00012346542734899      1.98529232782994   -0.0065041399602691    -0.042114010054356 -1.31513730839218e-13 -2.25591981689649e-13 -7.97111933605501e-13  4.58433087851671e-13   -0.0975301694754102
 4.78190271735005e-05 -0.000341971223700187   -0.0065041399602691      1.97699983471807   0.00371323305369808  3.13596487124358e-13  5.38306658927117e-13  1.73652165243345e-12 -9.98037767297559e-13   0.00722644122778386
-4.08449181794668e-05   0.00010594944707914    -0.042114010054356   0.00371323305369808      1.81097144600448  5.86436734563725e-13  1.00725463902981e-12  4.34219378653206e-12  -2.4951896917971e-12    -0.388770327601535
-5.63792715693765e-16  4.93547969978676e-16 -1.31513730839218e-13  3.13596487124358e-13  5.86436734563725e-13       1.7473640143689  5.30766953643856e-16  0.000465350933083072   -0.0702395481001516 -1.82195922858256e-13
-9.42297796528158e-16  8.40851771321862e-16 -2.25591981689649e-13  5.38306658927117e-13  1.00725463902981e-12  5.30766953643856e-16      1.74736401436899    0.0702395480993382  0.000465350933082958 -3.13710577907194e-13
-1.34483582732632e-15 -6.16063460006111e-16 -7.97111933605501e-13  1.73652165243345e-12  4.34219378653206e-12  0.000465350933083072    0.0702395480993382     0.264160704163339 -9.72596232756765e-17 -1.87307792836344e-12
 8.29577516093833e-16  3.55962814527166e-16  4.58433087851671e-13 -9.98037767297559e-13  -2.4951896917971e-12   -0.0702395481001516  0.000465350933082958 -9.72596232756765e-17     0.264160704163426  1.07553532823031e-12
 -0.00012422485177384 -0.000277056444552745   -0.0975301694754102   0.00722644122778386    -0.388770327601535 -1.82195922858256e-13 -3.13710577907194e-13 -1.87307792836344e-12  1.07553532823031e-12      0.20369574484402
POPULATION (lambda : -0.2): 6.22763941932566
TOTAL ENERGY: -127.32719696834	 lambda: -0.1
1RDM (lambda : -0.1): 
     1.99999837006887  7.62884557319815e-08 -4.53245990080434e-05  5.20504112873887e-05 -7.94296787231791e-06  -1.1927010279656e-15 -2.00571908074579e-15 -2.58916979584485e-15  1.54484927818236e-15  8.24854223197775e-05
 7.62884557319815e-08      1.99999349955895 -9.59993549244718e-05 -0.000297980361466043  0.000128450235455955  9.14782572339149e-16  1.54750187110695e-15 -1.24251879199766e-15  7.21681629434895e-16 -5.57207932584951e-05
-4.53245990080434e-05 -9.59993549244718e-05      1.98759196223408  -0.00444867555186343   -0.0372641597103383  -2.5909493279058e-13 -4.41763936505315e-13 -1.60104464356764e-12   9.2637367629232e-13   -0.0731042542867281
 5.20504112873887e-05 -0.000297980361466043  -0.00444867555186343        1.979800277926   0.00602438879419862  5.99716709347897e-13  1.02333104706855e-12   3.2259411807427e-12 -1.86585809986791e-12    0.0164280898077324
-7.94296787231791e-06  0.000128450235455955   -0.0372641597103383   0.00602438879419862      1.81711688597549  1.10481582878419e-12  1.88744554473604e-12  8.12840354582103e-12 -4.70205980419638e-12    -0.376559412730709
 -1.1927010279656e-15  9.14782572339149e-16  -2.5909493279058e-13  5.99716709347897e-13  1.10481582878419e-12      1.71558783709261 -7.14201780903083e-16  0.000735316760861813    -0.110987616497598 -3.67747890630372e-13
-2.00571908074579e-15  1.54750187110695e-15 -4.41763936505315e-13  1.02333104706855e-12  1.88744554473604e-12 -7.14201780903083e-16      1.71558783709258     0.110987616496956  0.000735316760860222 -6.30110316620503e-13
-2.58916979584485e-15 -1.24251879199766e-15 -1.60104464356764e-12   3.2259411807427e-12  8.12840354582103e-12  0.000735316760861813     0.110987616496956     0.294162958768669 -5.89821579122037e-16 -3.52314429743049e-12
 1.54484927818236e-15  7.21681629434895e-16   9.2637367629232e-13 -1.86585809986791e-12 -4.70205980419638e-12    -0.110987616497598  0.000735316760860222 -5.89821579122037e-16     0.294162958768644  2.03598548525064e-12
 8.24854223197775e-05 -5.57207932584951e-05   -0.0731042542867281    0.0164280898077324    -0.376559412730709 -3.67747890630372e-13 -6.30110316620503e-13 -3.52314429743049e-12  2.03598548525064e-12     0.195997412514168
POPULATION (lambda : -0.1): 6.35779667925162
TOTAL ENERGY: -127.333721248388	 lambda: 0
1RDM (lambda : 0): 
     1.99999817364095  2.91688064808364e-08 -5.05717323019432e-05  5.38958249109923e-05  1.44227928397596e-05 -1.79421851735149e-16  -2.7677969074466e-16 -3.19310242730857e-16  2.37994181116907e-16  0.000286737829908115
 2.91688064808364e-08      1.99999424380714 -7.64563456753694e-05 -0.000257100539363346   0.00014152312234768  1.14690693731747e-16  1.92235522344897e-16 -1.59857349566919e-16  9.44495740990997e-17  0.000168386126626679
-5.05717323019432e-05 -7.64563456753694e-05      1.98902105464024   -0.0026810911636237   -0.0330310820064665 -3.57660509626456e-14  -6.0645341030907e-14 -2.22094326416384e-13  1.29681529260971e-13   -0.0473130326582768
 5.38958249109923e-05 -0.000257100539363346   -0.0026810911636237      1.98242569531809   0.00844156115619594  8.01647791063664e-14  1.36012829925433e-13  4.14442970001766e-13 -2.41427265205294e-13     0.026465662948799
 1.44227928397596e-05   0.00014152312234768   -0.0330310820064665   0.00844156115619594       1.8241925471745  1.47719848927972e-13  2.50931497251314e-13  1.04285646524522e-12 -6.06422083501603e-13    -0.357573849120824
-1.79421851735149e-16  1.14690693731747e-16 -3.57660509626456e-14  8.01647791063664e-14  1.47719848927972e-13      1.67929306493346 -1.27378513347913e-16    0.0009661903947888    -0.145835267790943 -4.47925588601525e-14
 -2.7677969074466e-16  1.92235522344897e-16  -6.0645341030907e-14  1.36012829925433e-13  2.50931497251314e-13 -1.27378513347913e-16      1.67929306493355     0.145835267790351  0.000966190394787814 -7.56904479833228e-14
-3.19310242730857e-16 -1.59857349566919e-16 -2.22094326416384e-13  4.14442970001766e-13  1.04285646524522e-12    0.0009661903947888     0.145835267790351     0.328864942455992  -7.7278645511171e-16 -4.55277681452678e-13
 2.37994181116907e-16  9.44495740990997e-17  1.29681529260971e-13 -2.41427265205294e-13 -6.06422083501603e-13    -0.145835267790943  0.000966190394787814  -7.7278645511171e-16     0.328864942456079  2.64612070536788e-13
 0.000286737829908115  0.000168386126626679   -0.0473130326582768     0.026465662948799    -0.357573849120824 -4.47925588601525e-14 -7.56904479833228e-14 -4.55277681452678e-13  2.64612070536788e-13     0.188052270640027
POPULATION (lambda : 0): 6.48800589771442
TOTAL ENERGY: -127.327440341074	 lambda: 0.1
1RDM (lambda : 0.1): 
     1.99999792363784 -6.52773957635006e-08 -6.28283924323891e-05  5.32969102469523e-05  2.54580708937626e-05  -5.6812967033139e-18  1.98415754546104e-17  2.24719140098898e-17  3.73912240194248e-17  0.000482481555039609
-6.52773957635006e-08      1.99999490628866 -6.58538614570288e-05 -0.000221777570853842  0.000142844558822882 -1.52617453154851e-18 -3.26836620899199e-18  7.69866934805057e-18 -3.36840065225018e-18  0.000388343807712999
-6.28283924323891e-05 -6.58538614570288e-05       1.9894647370174  -0.00142157686194836   -0.0298696846887786  3.39326508380935e-17  7.47380616099405e-17  1.27411909869818e-15 -2.27872094543203e-16   -0.0206789812937933
 5.32969102469523e-05 -0.000221777570853842  -0.00142157686194836      1.98464251152615    0.0103750003890366  -2.4481443341818e-16 -5.17571557924349e-16  1.32279732449888e-15 -1.21722061821334e-15    0.0373222744516933
 2.54580708937626e-05  0.000142844558822882   -0.0298696846887786    0.0103750003890366      1.83093747194247 -3.09113423549344e-16 -9.69013752250212e-16  1.95383506375786e-14 -1.11211993689909e-14    -0.330812558563709
 -5.6812967033139e-18 -1.52617453154851e-18  3.39326508380935e-17  -2.4481443341818e-16 -3.09113423549344e-16      1.64153012623064 -1.37720350521693e-15   0.00115276743571127    -0.173996786054261  7.35232850127856e-15
 1.98415754546104e-17 -3.26836620899199e-18  7.47380616099405e-17 -5.17571557924349e-16 -9.69013752250212e-16 -1.37720350521693e-15       1.6415301262308     0.173996786053572   0.00115276743570727  1.32900973460536e-14
 2.24719140098898e-17  7.69866934805057e-18  1.27411909869818e-15  1.32279732449888e-15  1.95383506375786e-14   0.00115276743571127     0.173996786053572     0.365301688655919 -2.38996896858891e-15 -3.15894469505267e-15
 3.73912240194248e-17 -3.36840065225018e-18 -2.27872094543203e-16 -1.21722061821334e-15 -1.11211993689909e-14    -0.173996786054261   0.00115276743570727 -2.38996896858891e-15     0.365301688656079  1.98426856487632e-15
 0.000482481555039609  0.000388343807712999   -0.0206789812937933    0.0373222744516933    -0.330812558563709  7.35232850127856e-15  1.32900973460536e-14 -3.15894469505267e-15  1.98426856487632e-15     0.181298819814021
POPULATION (lambda : 0.1): 6.61455817271288
TOTAL ENERGY: -127.309574379621	 lambda: 0.2
1RDM (lambda : 0.2): 
     1.99999762011538 -1.96368938528333e-07 -8.10098466293292e-05  5.08124942712962e-05  2.75205722662054e-05 -5.79820990914679e-18  2.21760886711687e-17  2.11481630179129e-17  3.51975326887793e-17  0.000664866740156885
-1.96368938528333e-07      1.99999546263052 -6.39158939057118e-05 -0.000193940546396816  0.000133688465344337 -2.68848485433318e-18 -5.25362449140947e-18  7.96903848789432e-18 -3.60252242148842e-18  0.000598484407656409
-8.10098466293292e-05 -6.39158939057118e-05      1.98899098568146 -0.000800400126566507   -0.0277865479353421  5.73911775602623e-17  9.19315279995858e-17  2.14452813974369e-15 -7.75202959263519e-16   0.00601213931894275
 5.08124942712962e-05 -0.000193940546396816 -0.000800400126566507      1.98628743948716    0.0113038685999123 -6.38060723958087e-16 -1.16241380179661e-15 -1.19061745969667e-16  -3.2941798915725e-16     0.048397335871689
 2.75205722662054e-05  0.000133688465344337   -0.0277865479353421    0.0113038685999123      1.83706652725404 -1.39236536469167e-15 -2.82098317494337e-15  1.61001092716815e-14 -9.02169537560118e-15    -0.297623681596504
-5.79820990914679e-18 -2.68848485433318e-18  5.73911775602623e-17 -6.38060723958087e-16 -1.39236536469167e-15      1.60627129647381 -5.15102689605356e-16   0.00130156959481273    -0.196456887422441  7.23599164847914e-15
 2.21760886711687e-17 -5.25362449140947e-18  9.19315279995858e-17 -1.16241380179661e-15 -2.82098317494337e-15 -5.15102689605356e-16      1.60627129647393     0.196456887421839   0.00130156959481153  1.30544490174692e-14
 2.11481630179129e-17  7.96903848789432e-18  2.14452813974369e-15 -1.19061745969667e-16  1.61001092716815e-14   0.00130156959481273     0.196456887421839     0.399543272486971 -1.38585449398251e-15 -1.07142847129584e-15
 3.51975326887793e-17 -3.60252242148842e-18 -7.75202959263519e-16  -3.2941798915725e-16 -9.02169537560118e-15    -0.196456887422441   0.00130156959481153 -1.38585449398251e-15     0.399543272487094  7.49332316345571e-16
 0.000664866740156885  0.000598484407656409   0.00601213931894275     0.048397335871689    -0.297623681596504  7.23599164847914e-15  1.30544490174692e-14 -1.07142847129584e-15  7.49332316345571e-16     0.176032826909652
POPULATION (lambda : 0.2): 6.73411253632098
TOTAL ENERGY: -127.281767822712	 lambda: 0.3
1RDM (lambda : 0.3): 
     1.99999725922038 -3.53394854256847e-07 -0.000103866575218851  4.76224855602521e-05  2.51828273805205e-05 -6.98774778569491e-18  2.23057173948191e-17  1.82411612981761e-17  3.44064308408826e-17  0.000832900834906619
-3.53394854256847e-07      1.99999589783968 -6.93428842297914e-05 -0.000174178888759346   0.00011812933561756 -3.19138295703007e-18 -6.14692759916534e-18  7.32077506703491e-18 -3.26327382298682e-18  0.000797422354149363
-0.000103866575218851 -6.93428842297914e-05      1.98779681094312 -0.000790896209274854   -0.0263492745781944 -1.51689112352216e-16 -2.69584988932215e-16  1.61808113809984e-15 -4.77888113990735e-16    0.0321744370985632
 4.76224855602521e-05 -0.000174178888759346 -0.000790896209274854      1.98732432911645    0.0109969205164606  -5.3414351878398e-16 -9.90261557283587e-16  6.40369623988348e-16 -7.71987534798652e-16    0.0588341855279664
 2.51828273805205e-05   0.00011812933561756   -0.0263492745781944    0.0109969205164606      1.84353875325842 -1.51009416976021e-15 -3.07043416416974e-15  1.77568670132545e-14 -9.99767795548967e-15    -0.260358705475311
-6.98774778569491e-18 -3.19138295703007e-18 -1.51689112352216e-16  -5.3414351878398e-16 -1.51009416976021e-15      1.57707047470375 -5.21346118932124e-16   0.00142795105298928    -0.215532693066104  6.80439439999414e-15
 2.23057173948191e-17 -6.14692759916534e-18 -2.69584988932215e-16 -9.90261557283587e-16 -3.07043416416974e-15 -5.21346118932124e-16      1.57707047470393     0.215532693065477   0.00142795105298828  1.22939234682849e-14
 1.82411612981761e-17  7.32077506703491e-18  1.61808113809984e-15  6.40369623988348e-16  1.77568670132545e-14   0.00142795105298928     0.215532693065477     0.428034494472064 -1.70162720976654e-15 -1.32590020012361e-15
 3.44064308408826e-17 -3.26327382298682e-18 -4.77888113990735e-16 -7.71987534798652e-16 -9.99767795548967e-15    -0.215532693066104   0.00142795105298828 -1.70162720976654e-15     0.428034494472242  9.20121888067262e-16
 0.000832900834906619  0.000797422354149363    0.0321744370985632    0.0588341855279664    -0.260358705475311  6.80439439999414e-15  1.22939234682849e-14 -1.32590020012361e-15  9.20121888067262e-16     0.171137011270015
POPULATION (lambda : 0.3): 6.84559482885881
TOTAL ENERGY: -127.245002964403	 lambda: 0.4
1RDM (lambda : 0.4): 
     1.99999683044929 -5.30355294125269e-07 -0.000130723518928682  4.52135179017462e-05    2.307395651235e-05 -7.49468508599482e-18  2.26835520803825e-17  1.63409626657316e-17  3.33729822053508e-17  0.000989811604409405
-5.30355294125269e-07       1.9999962087576  -8.0669241768737e-05 -0.000161768594377249  0.000100590748763928 -3.87145909443755e-18 -7.32831572773855e-18  7.05162507613281e-18 -3.12598425868848e-18  0.000988363693452476
-0.000130723518928682  -8.0669241768737e-05      1.98607800264875  -0.00123211337242636   -0.0249939618509205 -2.56413172544672e-16 -4.57073447514488e-16   1.6778923928144e-15 -5.21889896142734e-16      0.05768495160939
 4.52135179017462e-05 -0.000161768594377249  -0.00123211337242636      1.98782136104501   0.00955714933862252 -6.02874882037665e-16 -1.10483765964759e-15  5.16944756357914e-16 -6.98195944707513e-16    0.0679150589039492
   2.307395651235e-05  0.000100590748763928   -0.0249939618509205   0.00955714933862252      1.85183416313347 -1.97960056412551e-15 -3.89835147404551e-15  1.76262875599664e-14 -9.91183608520048e-15    -0.220907933406315
-7.49468508599482e-18 -3.87145909443755e-18 -2.56413172544672e-16 -6.02874882037665e-16 -1.97960056412551e-15      1.55609093958209 -5.63588378172127e-16   0.00155029211574906     -0.23399867360752   6.5251753242139e-15
 2.26835520803825e-17 -7.32831572773855e-18 -4.57073447514488e-16 -1.10483765964759e-15 -3.89835147404551e-15 -5.63588378172127e-16      1.55609093958214     0.233998673607031   0.00155029211574813  1.17929082910733e-14
 1.63409626657316e-17  7.05162507613281e-18   1.6778923928144e-15  5.16944756357914e-16  1.76262875599664e-14   0.00155029211574906     0.233998673607031     0.448585696494617 -9.68183681375726e-16 -6.57021676232254e-16
 3.33729822053508e-17 -3.12598425868848e-18 -5.21889896142734e-16 -6.98195944707513e-16 -9.91183608520048e-15     -0.23399867360752   0.00155029211574813 -9.68183681375726e-16     0.448585696494671  5.42483903419163e-16
 0.000989811604409405  0.000988363693452476      0.05768495160939    0.0679150589039492    -0.220907933406315   6.5251753242139e-15  1.17929082910733e-14 -6.57021676232254e-16  5.42483903419163e-16     0.164920161812391
POPULATION (lambda : 0.4): 6.95074907694705
TOTAL ENERGY: -127.198837659693	 lambda: 0.5
1RDM (lambda : 0.5): 
     1.99999631684229 -7.28017273481352e-07 -0.000161876003415403  4.49951123460565e-05   2.4125442444702e-05 -7.86901774120409e-18  2.21397947242486e-17  1.43957554417531e-17  3.25493373452967e-17   0.00114150418890887
-7.28017273481352e-07      1.99999640002782 -9.70050642029534e-05 -0.000155254811979492  8.37072124168846e-05 -5.02903797212566e-18 -9.66618647959841e-18  7.13861364037417e-18  -3.1077773234637e-18   0.00117706576873289
-0.000161876003415403 -9.70050642029534e-05      1.98392253531944   -0.0018995006954888    -0.023360835518921 -4.36493720010572e-16 -8.17735621891308e-16  1.77239933940957e-15 -5.66242261978699e-16    0.0828291223945028
 4.49951123460565e-05 -0.000155254811979492   -0.0018995006954888      1.98788744988215   0.00732717524295538 -8.27540041369293e-16 -1.61091314643242e-15  8.05414131382499e-16 -8.15973684386528e-16    0.0752869739028286
  2.4125442444702e-05  8.37072124168846e-05    -0.023360835518921   0.00732717524295538      1.86289463384392 -1.96236014748518e-15 -3.60326917727058e-15  1.73996977785711e-14 -9.83531574174375e-15    -0.180103887621141
-7.86901774120409e-18 -5.02903797212566e-18 -4.36493720010572e-16 -8.27540041369293e-16 -1.96236014748518e-15      1.54384475893549 -7.22058789480476e-17   0.00168532386968256    -0.254380148900053  6.34496998755741e-15
 2.21397947242486e-17 -9.66618647959841e-18 -8.17735621891308e-16 -1.61091314643242e-15 -3.60326917727058e-15 -7.22058789480476e-17      1.54384475893574     0.254380148899367    0.0016853238696808  1.15202330993682e-14
 1.43957554417531e-17  7.13861364037417e-18  1.77239933940957e-15  8.05414131382499e-16  1.73996977785711e-14   0.00168532386968256     0.254380148899367     0.460654709392846 -1.78532797849601e-15 -4.17133397136662e-16
 3.25493373452967e-17  -3.1077773234637e-18 -5.66242261978699e-16 -8.15973684386528e-16 -9.83531574174375e-15    -0.254380148900053    0.0016853238696808 -1.78532797849601e-15     0.460654709393095   3.5273231133489e-16
  0.00114150418890887   0.00117706576873289    0.0828291223945028    0.0752869739028286    -0.180103887621141  6.34496998755741e-15  1.15202330993682e-14 -4.17133397136662e-16   3.5273231133489e-16     0.156303727427205
POPULATION (lambda : 0.5): 7.05334490128973
TOTAL ENERGY: -127.141369430926	 lambda: 0.6
1RDM (lambda : 0.6): 
     1.99999569860374 -9.53087629237189e-07 -0.000198529022844543   4.7988377683357e-05  2.88968730762066e-05 -7.93110430115611e-18  2.10200400062027e-17  1.23874743139376e-17  3.17845425250325e-17   0.00129445697989699
-9.53087629237189e-07      1.99999647913316  -0.00011829009546967 -0.000153074105514547  6.75403859930903e-05 -5.07357908608855e-18 -9.50989207475054e-18  6.57566311682384e-18 -2.81061308447508e-18   0.00136902965211829
-0.000198529022844543  -0.00011829009546967      1.98127351119065  -0.00257397530892923   -0.0214783697482929 -4.65512954537396e-16 -8.50928602229757e-16  1.66749438206209e-15 -5.21258734266919e-16     0.108049841625045
  4.7988377683357e-05 -0.000153074105514547  -0.00257397530892923      1.98761853929657   0.00475743939841093 -5.76353334358925e-16 -1.06478753771887e-15  4.28674768461671e-16 -6.49223623959082e-16     0.081006641233337
 2.88968730762066e-05  6.75403859930903e-05   -0.0214783697482929   0.00475743939841093      1.87635992766787 -2.97697150785902e-15 -5.57851846890197e-15  1.83408810973934e-14 -1.02632047826744e-14    -0.138058648640138
-7.93110430115611e-18 -5.07357908608855e-18 -4.65512954537396e-16 -5.76353334358925e-16 -2.97697150785902e-15        1.539355823399 -3.31147408570407e-16   0.00184574471208897    -0.278593785000528  5.99543853571121e-15
 2.10200400062027e-17 -9.50989207475054e-18 -8.50928602229757e-16 -1.06478753771887e-15 -5.57851846890197e-15 -3.31147408570407e-16      1.53935582339913     0.278593784999984   0.00184574471208895  1.08854153282789e-14
 1.23874743139376e-17  6.57566311682384e-18  1.66749438206209e-15  4.28674768461671e-16  1.83408810973934e-14   0.00184574471208897     0.278593784999984     0.465197008287363  -1.2163144854601e-15  6.52914799129848e-16
 3.17845425250325e-17 -2.81061308447508e-18 -5.21258734266919e-16 -6.49223623959082e-16 -1.02632047826744e-14    -0.278593785000528   0.00184574471208895  -1.2163144854601e-15     0.465197008287492 -2.18266929531819e-16
  0.00129445697989699   0.00136902965211829     0.108049841625045     0.081006641233337    -0.138058648640138  5.99543853571121e-15  1.08854153282789e-14  6.52914799129848e-16 -2.18266929531819e-16     0.145650180735076
POPULATION (lambda : 0.6): 7.15777371331892
TOTAL ENERGY: -127.069952569081	 lambda: 0.7
1RDM (lambda : 0.7): 
     1.99999495984054 -1.21540346031699e-06 -0.000242354641867345  5.45718352899331e-05  3.58430807410779e-05 -7.86669235803718e-18   1.9156908161739e-17  1.00613896358576e-17  3.10606070380069e-17   0.00145383510105158
-1.21540346031699e-06      1.99999645423799 -0.000145068184630097 -0.000153975303998274  5.01513787804612e-05 -5.93538267625358e-18 -1.10079022317677e-17  6.43798863245443e-18 -2.65383548791398e-18   0.00156705345387415
