Naturals in-correctTOTAL ENERGY: -124.050330325602	 lambda: -10	 population of target: 3.61588131303977
1RDM: 
     1.99987790248634   0.00010034687098271  -0.00464550135623029   0.00660489476292754   0.00587021064646616  1.59195541349998e-17 -2.08857890952059e-17  2.91165898254868e-17 -1.90254200312709e-17    0.0119706095232066
  0.00010034687098271       1.9999122336214   0.00384124341410264  -0.00544845006253445  -0.00488164716534779  8.78068118621134e-17  2.92876833798391e-17 -3.09174236955184e-17 -1.16745512846741e-16   -0.0099170982534499
 -0.00464550135623029   0.00384124341410264       1.8176745456261     0.267419605282195     0.214158862990382  1.81756200427489e-17  2.58185202836988e-17  -1.1537642735374e-17  -3.1133527164381e-17     0.457910700174492
  0.00660489476292754  -0.00544845006253445     0.267419605282195      1.59561869254355    -0.289994017302407 -1.12997967007379e-16  2.19171032927151e-16 -3.23980177964322e-16   1.3611462322945e-16    -0.653954034431433
  0.00587021064646616  -0.00488164716534779     0.214158862990382    -0.289994017302407       1.7005804569425  1.21523691078041e-16  -2.1711631732905e-16  2.66754743337783e-16 -1.34066762816083e-16    -0.572933434948332
 1.59195541349998e-17  8.78068118621134e-17  1.81756200427489e-17 -1.12997967007379e-16  1.21523691078041e-16      1.27127663251462  -1.4494393743579e-16   -0.0635442296730629     0.948551255973324  2.46418010844599e-17
-2.08857890952059e-17  2.92876833798391e-17  2.58185202836988e-17  2.19171032927151e-16  -2.1711631732905e-16  -1.4494393743579e-16      1.27127663251459     0.948551255973329    0.0635442296730636 -5.13700888854282e-17
 2.91165898254868e-17 -3.09174236955184e-17  -1.1537642735374e-17 -3.23980177964322e-16  2.66754743337783e-16   -0.0635442296730629     0.948551255973329     0.759763826567721  1.65068694609494e-15   1.5815913662714e-17
-1.90254200312709e-17 -1.16745512846741e-16  -3.1133527164381e-17   1.3611462322945e-16 -1.34066762816083e-16     0.948551255973324    0.0635442296730636  1.65068694609494e-15     0.759763826567694 -1.51749446200163e-17
   0.0119706095232066   -0.0099170982534499     0.457910700174492    -0.653954034431433    -0.572933434948332  2.46418010844599e-17 -5.13700888854282e-17   1.5815913662714e-17 -1.51749446200163e-17     0.824255250615523
TOTAL ENERGY: -124.051795729546	 lambda: -9.95	 population of target: 3.61602822159099
1RDM: 
      1.9998787723626  9.94250375570007e-05  -0.00462575507530968   0.00657460797420994   0.00585091507096443  1.58661191595684e-17 -2.07547493242232e-17  2.89455314330598e-17 -1.89706517350474e-17    0.0119318071730172
 9.94250375570007e-05      1.99991315501371   0.00381689647217314  -0.00541146100389439  -0.00485664885923648  8.75162393250252e-17  2.94390230290462e-17 -3.11439128725113e-17 -1.16406907275159e-16  -0.00986512848035353
 -0.00462575507530968   0.00381689647217314      1.81790134920167     0.267030354991011     0.214054612774467  1.82189478580426e-17  2.57497179326141e-17 -1.14692754900448e-17 -3.11753739155643e-17     0.457767136795601
  0.00657460797420994  -0.00541146100389439     0.267030354991011      1.59624407918575    -0.289717499402987 -1.12998726107681e-16  2.19200674623515e-16 -3.24049045257622e-16  1.36120573325491e-16    -0.653552010916515
  0.00585091507096443  -0.00485664885923648     0.214054612774467    -0.289717499402987      1.70039787672117  1.21480661247956e-16 -2.17055335264769e-16   2.6673511768149e-16 -1.34062687873558e-16    -0.573270837809216
 1.58661191595684e-17  8.75162393250252e-17  1.82189478580426e-17 -1.12998726107681e-16  1.21480661247956e-16      1.27150057420889 -6.55932707547883e-17   -0.0635386389805492      0.94846780118707  2.45627864969368e-17
-2.07547493242232e-17  2.94390230290462e-17  2.57497179326141e-17  2.19200674623515e-16 -2.17055335264769e-16 -6.55932707547883e-17      1.27150057420886     0.948467801187076    0.0635386389805498 -5.12596846968544e-17
 2.89455314330598e-17 -3.11439128725113e-17 -1.14692754900448e-17 -3.24049045257622e-16   2.6673511768149e-16   -0.0635386389805492     0.948467801187076      0.75960083583744  1.51420404295596e-15  1.56742555244455e-17
-1.89706517350474e-17 -1.16406907275159e-16 -3.11753739155643e-17  1.36120573325491e-16 -1.34062687873558e-16      0.94846780118707    0.0635386389805498  1.51420404295596e-15     0.759600835837415 -1.51145791097007e-17
   0.0119318071730172  -0.00986512848035353     0.457767136795601    -0.653552010916515    -0.573270837809216  2.45627864969368e-17 -5.12596846968544e-17  1.56742555244455e-17 -1.51145791097007e-17     0.823461947422558
TOTAL ENERGY: -124.053275095186	 lambda: -9.9	 population of target: 3.6161772769736
1RDM: 
     1.99987964293727  9.85058112227666e-05  -0.00460592898360015   0.00654420736421839   0.00583151577591658  1.58126768194835e-17 -2.06234421961514e-17  2.87741415138052e-17 -1.89159283129317e-17    0.0118928225101192
 9.85058112227666e-05       1.9999140708919    0.0037925603422465  -0.00537449368742581  -0.00483164447227291   8.7233149591324e-17  2.95749765346334e-17 -3.13499159732994e-17 -1.16076833488058e-16  -0.00981316613930395
 -0.00460592898360015    0.0037925603422465      1.81813013480402     0.266637865866738     0.213948862769759  1.83472457302366e-17  2.55124258326844e-17 -1.11726876111154e-17 -3.13137127079909e-17     0.457622021622014
  0.00654420736421839  -0.00537449368742581     0.266637865866738      1.59687454080081    -0.289438041838082 -1.13304379846607e-16  2.19835649675767e-16 -3.24936189073675e-16  1.36471959639725e-16    -0.653146305396831
  0.00583151577591658  -0.00483164447227291     0.213948862769759    -0.289438041838082      1.70021530235744   1.2171461538486e-16  -2.1754554054196e-16  2.67457481385508e-16 -1.34371487672891e-16     -0.57360986963202
 1.58126768194835e-17   8.7233149591324e-17  1.83472457302366e-17 -1.13304379846607e-16   1.2171461538486e-16      1.27172685038677 -2.39128483071579e-17    -0.063532999221495      0.94838361408127  2.45497255680287e-17
-2.06234421961514e-17  2.95749765346334e-17  2.55124258326844e-17  2.19835649675767e-16  -2.1754554054196e-16 -2.39128483071579e-17      1.27172685038675     0.948383614081277    0.0635329992214957  -5.1280333682985e-17
 2.87741415138052e-17 -3.13499159732994e-17 -1.11726876111154e-17 -3.24936189073675e-16  2.67457481385508e-16    -0.063532999221495     0.948383614081277     0.759435664228622  1.63031846906257e-15  1.57059117722304e-17
-1.89159283129317e-17 -1.16076833488058e-16 -3.13137127079909e-17  1.36471959639725e-16 -1.34371487672891e-16      0.94838361408127    0.0635329992214957  1.63031846906257e-15     0.759435664228594 -1.51278338831846e-17
   0.0118928225101192  -0.00981316613930395     0.457622021622014    -0.653146305396831     -0.57360986963202  2.45497255680287e-17  -5.1280333682985e-17  1.57059117722304e-17 -1.51278338831846e-17     0.822661278977924
TOTAL ENERGY: -124.054768636381	 lambda: -9.85	 population of target: 3.61632852258487
1RDM: 
     1.99988051418894  9.75892191712559e-05  -0.00458602276016862   0.00651369259380255   0.00581201197789723  1.57591921664713e-17 -2.04918020185909e-17  2.86022972453113e-17 -1.88611986282218e-17    0.0118536544408045
 9.75892191712559e-05      1.99991498124305   0.00376823550547823  -0.00533754889755574  -0.00480663432212871   8.6949044127609e-17  2.97124962526399e-17 -3.15582171624041e-17 -1.15745715870392e-16  -0.00976121218942706
 -0.00458602276016862   0.00376823550547823      1.81836092759228     0.266242099527124     0.213841584580474  1.84659095046617e-17  2.52948101469834e-17 -1.09028165100805e-17 -3.14412353582889e-17     0.457475330908761
  0.00651369259380255  -0.00533754889755574     0.266242099527124       1.5975101340849    -0.289155597515443 -1.13573199936564e-16    2.203968881742e-16 -3.25724695194369e-16  1.36782157892768e-16    -0.652736869110155
  0.00581201197789723  -0.00480663432212871     0.213841584580474    -0.289155597515443      1.70003275764113  1.21915251688455e-16 -2.17967809712809e-16   2.6808966886375e-16 -1.34643479633092e-16    -0.573950530184609
 1.57591921664713e-17   8.6949044127609e-17  1.84659095046617e-17 -1.13573199936564e-16  1.21915251688455e-16      1.27195550011564  1.58659816355378e-17    -0.063527309593805     0.948298682666948  2.45273205727134e-17
-2.04918020185909e-17  2.97124962526399e-17  2.52948101469834e-17    2.203968881742e-16 -2.17967809712809e-16  1.58659816355378e-17      1.27195550011562     0.948298682666955    0.0635273095938055 -5.12831900152789e-17
 2.86022972453113e-17 -3.15582171624041e-17 -1.09028165100805e-17 -3.25724695194369e-16   2.6808966886375e-16    -0.063527309593805     0.948298682666955     0.759268272384406   1.6526954177533e-15  1.57140363000028e-17
-1.88611986282218e-17 -1.15745715870392e-16 -3.14412353582889e-17  1.36782157892768e-16 -1.34643479633092e-16     0.948298682666948    0.0635273095938055   1.6526954177533e-15     0.759268272384379 -1.51308344336814e-17
   0.0118536544408045  -0.00976121218942706     0.457475330908761    -0.652736869110155    -0.573950530184609  2.45273205727134e-17 -5.12831900152789e-17  1.57140363000028e-17 -1.51308344336814e-17     0.821853140249708
TOTAL ENERGY: -124.056276571258	 lambda: -9.8	 population of target: 3.61648200291887
1RDM: 
     1.99988138609612  9.66752889636701e-05  -0.00456603608142505   0.00648306331689523    0.0057924028803107  1.57055945692401e-17 -2.03596839207764e-17  2.84297483568217e-17  -1.8806358459682e-17    0.0118143018511895
 9.66752889636701e-05      1.99991588605393    0.0037439224647992  -0.00530062744744842  -0.00478161874702883  8.66507889320787e-17  2.98777201968376e-17 -3.18039736893803e-17 -1.15398749999344e-16  -0.00970926763986005
 -0.00456603608142505    0.0037439224647992      1.81859375295914     0.265843017067782      0.21373274924686  1.84292584654748e-17  2.53874099771977e-17 -1.10538147315031e-17 -3.13921384139841e-17     0.457327040676025
  0.00648306331689523  -0.00530062744744842     0.265843017067782      1.59815091677599    -0.288870118291157 -1.13281112318298e-16  2.19838696356759e-16 -3.25001157486557e-16  1.36457154397581e-16    -0.652323652290583
   0.0057924028803107  -0.00478161874702883      0.21373274924686    -0.288870118291157      1.69985026725923  1.21604068970078e-16 -2.17369503189255e-16   2.6735013711972e-16 -1.34339055535394e-16    -0.574292818774214
 1.57055945692401e-17  8.66507889320787e-17  1.84292584654748e-17 -1.13281112318298e-16  1.21604068970078e-16      1.27218656310928 -4.77211047093148e-18   -0.0635215692875181     0.948212994739579  2.43825451347823e-17
-2.03596839207764e-17  2.98777201968376e-17  2.53874099771977e-17  2.19838696356759e-16 -2.17369503189255e-16 -4.77211047093148e-18      1.27218656310926     0.948212994739586    0.0635215692875187 -5.10420729644502e-17
 2.84297483568217e-17 -3.18039736893803e-17 -1.10538147315031e-17 -3.25001157486557e-16   2.6735013711972e-16   -0.0635215692875181     0.948212994739586     0.759098620264029  1.64496444302678e-15  1.53998610613466e-17
 -1.8806358459682e-17 -1.15398749999344e-16 -3.13921384139841e-17  1.36457154397581e-16 -1.34339055535394e-16     0.948212994739579    0.0635215692875187  1.64496444302678e-15     0.759098620264002  -1.4998758628098e-17
   0.0118143018511895  -0.00970926763986005     0.457327040676025    -0.652323652290583    -0.574292818774214  2.43825451347823e-17 -5.10420729644502e-17  1.53998610613466e-17  -1.4998758628098e-17     0.821037424109091
TOTAL ENERGY: -124.057799122911	 lambda: -9.75	 population of target: 3.6166377636605
1RDM: 
     1.99988225863527  9.57640485247825e-05   -0.0045459686546352    0.0064523192313113    0.0057726877189043  1.56519287833304e-17 -2.02271790706974e-17  2.82566630579698e-17 -1.87514791169474e-17    0.0117747637007148
 9.57640485247825e-05      1.99991678531201   0.00371962171367834  -0.00526373013573758  -0.00475659807146127  8.63495221495656e-17  3.00484363564126e-17 -3.20573365135004e-17 -1.15048483713748e-16  -0.00965733347613675
  -0.0045459686546352   0.00371962171367834      1.81882863673037     0.265440578880623     0.213622327138697  1.83607761582059e-17  2.55437451164803e-17 -1.12915950260152e-17 -3.13067909666915e-17     0.457177126488982
   0.0064523192313113  -0.00526373013573758     0.265440578880623      1.59879694775935    -0.288581554937232 -1.12873180409127e-16  2.19049780550151e-16 -3.23965861513393e-16  1.36000901973547e-16    -0.651906604106533
   0.0057726877189043  -0.00475659807146127     0.213622327138697    -0.288581554937232      1.69966785673553  1.21187613490837e-16 -2.16561134854239e-16  2.66328506984543e-16 -1.33916323523107e-16    -0.574636734362445
 1.56519287833304e-17  8.63495221495656e-17  1.83607761582059e-17 -1.12873180409127e-16  1.21187613490837e-16      1.27242007997651  2.30232923087783e-17   -0.0635157774663831     0.948126537809583   2.4212315959934e-17
-2.02271790706974e-17  3.00484363564126e-17  2.55437451164803e-17  2.19049780550151e-16 -2.16561134854239e-16  2.30232923087783e-17      1.27242007997649      0.94812653780959    0.0635157774663837 -5.07509133800749e-17
 2.82566630579698e-17 -3.20573365135004e-17 -1.12915950260152e-17 -3.23965861513393e-16  2.66328506984543e-16   -0.0635157774663831      0.94812653780959     0.758926666898107  1.62354442066408e-15  1.50195535544536e-17
-1.87514791169474e-17 -1.15048483713748e-16 -3.13067909666915e-17  1.36000901973547e-16 -1.33916323523107e-16     0.948126537809583    0.0635157774663837  1.62354442066408e-15     0.758926666898079 -1.48387177981066e-17
   0.0117747637007148  -0.00965733347613675     0.457177126488982    -0.651906604106533    -0.574636734362445   2.4212315959934e-17 -5.07509133800749e-17  1.50195535544536e-17 -1.48387177981066e-17      0.82021402107834
TOTAL ENERGY: -124.059336519196	 lambda: -9.7	 population of target: 3.61679585168913
1RDM: 
     1.99988313178301  9.48555260583839e-05   -0.0045258201784614    0.0064214600261318   0.00575286570936275  1.55982196052348e-17 -2.00943384759235e-17  2.80831297247921e-17 -1.86965984469597e-17    0.0117350389176454
 9.48555260583839e-05      1.99991767900441    0.0036953337656653  -0.00522685779186418   -0.0047315726406743   8.6050060059347e-17  3.02150449013558e-17 -3.23053984913055e-17 -1.14700347035377e-16  -0.00960541073431056
  -0.0045258201784614    0.0036953337656653      1.81906560517779     0.265034744758998     0.213510287914337  1.83138661106548e-17  2.56571721164846e-17 -1.14714880749646e-17  -3.1245988683662e-17     0.457025563411532
   0.0064214600261318  -0.00522685779186418     0.265034744758998      1.59944828668507    -0.288289857203722 -1.12541421668828e-16  2.18413927053122e-16  -3.2313754187118e-16  1.35631047063856e-16    -0.651485672900312
  0.00575286570936275   -0.0047315726406743     0.213510287914337    -0.288289857203722      1.69948555259757  1.20841448166724e-16  -2.1589238479654e-16  2.65495194660852e-16  -1.3357325283527e-16     -0.57498227535709
 1.55982196052348e-17   8.6050060059347e-17  1.83138661106548e-17 -1.12541421668828e-16  1.20841448166724e-16      1.27265609231053  1.88070924782337e-17   -0.0635099332718773     0.948039299074503  2.40579640582387e-17
-2.00943384759235e-17  3.02150449013558e-17  2.56571721164846e-17  2.18413927053122e-16  -2.1589238479654e-16  1.88070924782337e-17      1.27265609231051     0.948039299074509    0.0635099332718779 -5.04927124591697e-17
 2.80831297247921e-17 -3.23053984913055e-17 -1.14714880749646e-17  -3.2313754187118e-16  2.65495194660852e-16   -0.0635099332718773     0.948039299074509     0.758752370302367  1.51552581933449e-15  1.46827308846063e-17
-1.86965984469597e-17 -1.14700347035377e-16  -3.1245988683662e-17  1.35631047063856e-16  -1.3357325283527e-16     0.948039299074503    0.0635099332718779  1.51552581933449e-15     0.758752370302342 -1.46962862786186e-17
   0.0117350389176454  -0.00960541073431056     0.457025563411532    -0.651485672900312     -0.57498227535709  2.40579640582387e-17 -5.04927124591697e-17  1.46827308846063e-17 -1.46962862786186e-17     0.819382819526497
TOTAL ENERGY: -124.060888992434	 lambda: -9.65	 population of target: 3.61695631507272
1RDM: 
     1.99988400551623  9.39497496629217e-05  -0.00450559033913356   0.00639048537658138    0.0057329360407503  1.55444203612041e-17 -1.99610603185034e-17  2.79089763731253e-17 -1.86416452911246e-17    0.0116951263847035
 9.39497496629217e-05       1.9999185671183   0.00367105914382468  -0.00519001126004137  -0.00470654280854892  8.57444168638888e-17  3.03933808166829e-17 -3.25694706263303e-17 -1.14345338725898e-16   -0.0095535004724465
 -0.00450559033913356   0.00367105914382468      1.81930468495298     0.264625473995298     0.213396600558494  1.82004386214527e-17  2.59037736518205e-17 -1.18325823798693e-17 -3.11091497305692e-17      0.45687232604312
  0.00639048537658138  -0.00519001126004137     0.264625473995298      1.60010499382446    -0.287994973878477 -1.11969958266445e-16  2.17298324702769e-16 -3.21660341091128e-16  1.34988989181375e-16    -0.651060806243592
   0.0057329360407503  -0.00470654280854892     0.213396600558494    -0.287994973878477      1.69930338239393  1.20275059411372e-16 -2.14786701879166e-16   2.6407419429857e-16 -1.32982073442278e-16    -0.575329439549335
 1.55444203612041e-17  8.57444168638888e-17  1.82004386214527e-17 -1.11969958266445e-16  1.20275059411372e-16      1.27289464269129 -4.92688274976118e-17   -0.0635040358251208     0.947951265416693  2.38525243092887e-17
-1.99610603185034e-17  3.03933808166829e-17  2.59037736518205e-17  2.17298324702769e-16 -2.14786701879166e-16 -4.92688274976118e-17      1.27289464269126       0.9479512654167    0.0635040358251214 -5.01316008078392e-17
 2.79089763731253e-17 -3.25694706263303e-17 -1.18325823798693e-17 -3.21660341091128e-16   2.6407419429857e-16   -0.0635040358251208       0.9479512654167     0.758575687473184  1.53730423201153e-15  1.42101521830419e-17
-1.86416452911246e-17 -1.14345338725898e-16 -3.11091497305692e-17  1.34988989181375e-16 -1.32982073442278e-16     0.947951265416693    0.0635040358251214  1.53730423201153e-15     0.758575687473161 -1.44982390326997e-17
   0.0116951263847035   -0.0095535004724465      0.45687232604312    -0.651060806243592    -0.575329439549335  2.38525243092887e-17 -5.01316008078392e-17  1.42101521830419e-17 -1.44982390326997e-17     0.818543705865311
TOTAL ENERGY: -124.062456780362	 lambda: -9.6	 population of target: 3.61711920319048
1RDM: 
     1.99988487981068  9.30467476611366e-05  -0.00448527883802112   0.00635939498186194   0.00571289791351383   1.5490573648757e-17 -1.98274379851623e-17  2.77343621366476e-17   -1.858668695336e-17    0.0116550250179385
 9.30467476611366e-05      1.99991944964136    0.0036467983690536  -0.00515319138232445  -0.00468150892364691  8.54404587708792e-17  3.05678288466739e-17 -3.28285483778694e-17 -1.13992326862534e-16  -0.00950160374489823
 -0.00448527883802112    0.0036467983690536      1.81954590323632     0.264212725121782     0.213281233287314  1.81072654274215e-17  2.61100459577015e-17 -1.21393393842462e-17  -3.0995343617671e-17     0.456717388422457
  0.00635939498186194  -0.00515319138232445     0.264212725121782      1.60076713051403    -0.287696852595044 -1.11469984806373e-16  2.16326691707412e-16 -3.20377689619866e-16  1.34427964125832e-16    -0.650631950675424
  0.00571289791351383  -0.00468150892364691     0.213281233287314    -0.287696852595044      1.69912137467414  1.19774846780195e-16 -2.13812513735548e-16  2.62830489486421e-16 -1.32465871888667e-16    -0.575678224260956
  1.5490573648757e-17  8.54404587708792e-17  1.81072654274215e-17 -1.11469984806373e-16  1.19774846780195e-16      1.27313577468388 -1.46492712140753e-17   -0.0634980842257455     0.947862423401469  2.36620397154036e-17
-1.98274379851623e-17  3.05678288466739e-17  2.61100459577015e-17  2.16326691707412e-16 -2.13812513735548e-16 -1.46492712140753e-17      1.27313577468385     0.947862423401475     0.063498084225746 -4.98017201069593e-17
 2.77343621366476e-17 -3.28285483778694e-17 -1.21393393842462e-17 -3.20377689619866e-16  2.62830489486421e-16   -0.0634980842257455     0.947862423401475     0.758396574388831  1.57718407781945e-15  1.37787649969704e-17
  -1.858668695336e-17 -1.13992326862534e-16  -3.0995343617671e-17  1.34427964125832e-16 -1.32465871888667e-16     0.947862423401469     0.063498084225746  1.57718407781945e-15     0.758396574388805 -1.43167609961716e-17
   0.0116550250179385  -0.00950160374489823     0.456717388422457    -0.650631950675424    -0.575678224260956  2.36620397154036e-17 -4.98017201069593e-17  1.37787649969704e-17 -1.43167609961716e-17     0.817696563978169
TOTAL ENERGY: -124.06404012542	 lambda: -9.55	 population of target: 3.61728456668679
1RDM: 
     1.99988575464233  9.21465484318422e-05  -0.00446488536645291   0.00632818853076219   0.00569275050272931  1.54365867605808e-17 -1.96932782684811e-17  2.75589704239465e-17 -1.85315913641769e-17    0.0116147336925688
 9.21465484318422e-05      1.99992032656112   0.00362255197711153  -0.00511639902316389  -0.00465647134863926  8.51251292575927e-17  3.07643342970136e-17 -3.31175666718645e-17 -1.13626582439512e-16  -0.00944972164118237
 -0.00446488536645291   0.00362255197711153      1.81978928758166     0.263796456172788     0.213164153593104  1.78896481212833e-17  2.65649423079229e-17 -1.27842857946047e-17 -3.07394804185498e-17      0.45656072413586
  0.00632818853076219  -0.00511639902316389     0.263796456172788      1.60143475871592    -0.287395439947072 -1.10522919952259e-16  2.14461988254758e-16 -3.17886252355492e-16  1.33359238748508e-16    -0.650199051957537
  0.00569275050272931  -0.00465647134863926     0.213164153593104    -0.287395439947072      1.69893955915035  1.18866273728684e-16 -2.12026362200911e-16  2.60493582143616e-16 -1.31488970105776e-16    -0.576028626078537
 1.54365867605808e-17  8.51251292575927e-17  1.78896481212833e-17 -1.10522919952259e-16  1.18866273728684e-16      1.27337953285159 -1.41303213374605e-16   -0.0634920775540497     0.947772759272167  2.33767637151578e-17
-1.96932782684811e-17  3.07643342970136e-17  2.65649423079229e-17  2.14461988254758e-16 -2.12026362200911e-16 -1.41303213374605e-16      1.27337953285157     0.947772759272173    0.0634920775540504 -4.92818524934957e-17
 2.75589704239465e-17 -3.31175666718645e-17 -1.27842857946047e-17 -3.17886252355492e-16  2.60493582143616e-16   -0.0634920775540497     0.947772759272173     0.758214985993246  1.61242367943698e-15  1.30964920955047e-17
-1.85315913641769e-17 -1.13626582439512e-16 -3.07394804185498e-17  1.33359238748508e-16 -1.31488970105776e-16     0.947772759272167    0.0634920775540504  1.61242367943698e-15     0.758214985993221 -1.40312157191753e-17
   0.0116147336925688  -0.00944972164118237      0.45656072413586    -0.650199051957537    -0.576028626078537  2.33767637151578e-17 -4.92818524934957e-17  1.30964920955047e-17 -1.40312157191753e-17     0.816841275659018
TOTAL ENERGY: -124.065639275973	 lambda: -9.5	 population of target: 3.61745245762546
1RDM: 
     1.99988662998575  9.12491807965842e-05  -0.00444440963480308   0.00629686573935376   0.00567249300220877   1.5382604149485e-17 -1.95588800525167e-17  2.73832914231162e-17 -1.84765650819585e-17    0.0115742513291019
 9.12491807965842e-05      1.99992119786543   0.00359832050723012  -0.00507963505218381  -0.00463143044774976  8.48191136394126e-17  3.09417507006729e-17 -3.33811361028152e-17 -1.13271444556524e-16  -0.00939785526182843
 -0.00444440963480308   0.00359832050723012      1.82003486609692      0.26337662432497     0.213045328178886  1.77770371954939e-17  2.68103377463054e-17  -1.3145166300492e-17  -3.0603247002087e-17     0.456402306188217
  0.00629686573935376  -0.00507963505218381      0.26337662432497      1.60210794170878    -0.287090681279949 -1.09951316539627e-16  2.13348625858505e-16 -3.16411102059553e-16  1.32716457242563e-16    -0.649762054619892
  0.00567249300220877  -0.00463143044774976     0.213045328178886    -0.287090681279949       1.6987579665033  1.18301467317334e-16 -2.10924252408368e-16    2.590779528353e-16 -1.30900364103009e-16    -0.576380641196153
  1.5382604149485e-17  8.48191136394126e-17  1.77770371954939e-17 -1.09951316539627e-16  1.18301467317334e-16      1.27362596285762 -9.12152236433837e-18   -0.0634860148618616     0.947682258920398  2.31710893333406e-17
-1.95588800525167e-17  3.09417507006729e-17  2.68103377463054e-17  2.13348625858505e-16 -2.10924252408368e-16 -9.12152236433837e-18       1.2736259628576     0.947682258920405    0.0634860148618622 -4.89230789250986e-17
 2.73832914231162e-17 -3.33811361028152e-17  -1.3145166300492e-17 -3.16411102059553e-16    2.590779528353e-16   -0.0634860148618616     0.947682258920405     0.758030876094212  1.67727599492971e-15  1.26269437912293e-17
-1.84765650819585e-17 -1.13271444556524e-16  -3.0603247002087e-17  1.32716457242563e-16 -1.30900364103009e-16     0.947682258920398    0.0634860148618622  1.67727599492971e-15     0.758030876094187 -1.38335163495994e-17
   0.0115742513291019  -0.00939785526182843     0.456402306188217    -0.649762054619892    -0.576380641196153  2.31710893333406e-17 -4.89230789250986e-17  1.26269437912293e-17 -1.38335163495994e-17     0.815977719936246
TOTAL ENERGY: -124.067254485212	 lambda: -9.45	 population of target: 3.61762292940415
1RDM: 
     1.99988750581593   9.0354673473943e-05  -0.00442385133927184   0.00626542630882108   0.00565212457312726  1.53285547142415e-17 -1.94240958005234e-17  2.72070825649838e-17 -1.84215070902807e-17    0.0115335767943303
  9.0354673473943e-05      1.99992206354211   0.00357410451138118  -0.00504290035876315  -0.00460638659663458  8.45122491703864e-17  3.11202789836709e-17 -3.36464554746578e-17 -1.12915449821896e-16   -0.0093460057370052
 -0.00442385133927184   0.00357410451138118      1.82028266726971      0.26295318628661     0.212924722976309  1.76567637272061e-17  2.70711937500601e-17 -1.35275391418303e-17 -3.04581443795373e-17     0.456242107110136
  0.00626542630882108  -0.00504290035876315      0.26295318628661      1.60278674328604    -0.286782520872301 -1.09351202867168e-16  2.12179016668772e-16 -3.14859517276194e-16  1.32041096750548e-16    -0.649320902470809
  0.00565212457312726  -0.00460638659663458     0.212924722976309    -0.286782520872301       1.6985766287118  1.17711005873925e-16 -2.09771424323684e-16   2.5759423951151e-16 -1.30283078169039e-16    -0.576734264938138
 1.53285547142415e-17  8.45122491703864e-17  1.76567637272061e-17 -1.09351202867168e-16  1.17711005873925e-16      1.27387511140226 -3.58422260430611e-17   -0.0634798951828728     0.947590907900473  2.29593304222306e-17
-1.94240958005234e-17  3.11202789836709e-17  2.70711937500601e-17  2.12179016668772e-16 -2.09771424323684e-16 -3.58422260430611e-17      1.27387511140224      0.94759090790048    0.0634798951828734 -4.85529093155496e-17
 2.72070825649838e-17 -3.36464554746578e-17 -1.35275391418303e-17 -3.14859517276194e-16   2.5759423951151e-16   -0.0634798951828728      0.94759090790048     0.757844197424367  1.69214229205831e-15  1.21423531077591e-17
-1.84215070902807e-17 -1.12915449821896e-16 -3.04581443795373e-17  1.32041096750548e-16 -1.30283078169039e-16     0.947590907900473    0.0634798951828734  1.69214229205831e-15     0.757844197424341 -1.36293857928191e-17
   0.0115335767943303   -0.0093460057370052     0.456242107110136    -0.649320902470809    -0.576734264938138  2.29593304222306e-17 -4.85529093155496e-17  1.21423531077591e-17 -1.36293857928191e-17      0.81510577372127
TOTAL ENERGY: -124.068886012114	 lambda: -9.4	 population of target: 3.61779603688397
1RDM: 
      1.9998883821071  8.94630554194013e-05  -0.00440321018433565   0.00623386995394777    0.0056316443784363  1.52744560934081e-17 -1.92889593823651e-17  2.70303975632904e-17 -1.83664407629477e-17    0.0114927089674864
 8.94630554194013e-05      1.99992292357918    0.0035499045473893  -0.00500619584115811  -0.00458134017500551  8.42066090708854e-17  3.12957641349264e-17 -3.39079319743142e-17 -1.12560941890402e-16  -0.00929417421233143
 -0.00440321018433565    0.0035499045473893      1.82053272009384     0.262526098020856     0.212802303106175  1.75520995055021e-17  2.73011825103203e-17 -1.38684651839989e-17 -3.03306281019187e-17     0.456080098868551
  0.00623386995394777  -0.00500619584115811     0.262526098020856      1.60347122831995    -0.286470901773856 -1.08806103701399e-16  2.11119212282551e-16 -3.13456315954314e-16  1.31427876879901e-16    -0.648875538214829
   0.0056316443784363  -0.00458134017500551     0.212802303106175    -0.286470901773856      1.69839557888698  1.17170271464665e-16  -2.0871859544674e-16  2.56245507691125e-16 -1.29722249384442e-16    -0.577089492038248
 1.52744560934081e-17  8.42066090708854e-17  1.75520995055021e-17 -1.08806103701399e-16  1.17170271464665e-16      1.27412702632301 -5.18113953941087e-18   -0.0634737175240959     0.947498691400489  2.27593410400063e-17
-1.92889593823651e-17  3.12957641349264e-17  2.73011825103203e-17  2.11119212282551e-16  -2.0871859544674e-16 -5.18113953941087e-18      1.27412702632299     0.947498691400496    0.0634737175240965 -4.82065721175891e-17
 2.70303975632904e-17 -3.39079319743142e-17 -1.38684651839989e-17 -3.13456315954314e-16  2.56245507691125e-16   -0.0634737175240959     0.947498691400496     0.757654901539303  1.50010783901431e-15  1.16893375597432e-17
-1.83664407629477e-17 -1.12560941890402e-16 -3.03306281019187e-17  1.31427876879901e-16 -1.29722249384442e-16     0.947498691400489    0.0634737175240965  1.50010783901431e-15     0.757654901539279 -1.34387591794199e-17
   0.0114927089674864  -0.00929417421233143     0.456080098868551    -0.648875538214829    -0.577089492038248  2.27593410400063e-17 -4.82065721175891e-17  1.16893375597432e-17 -1.34387591794199e-17     0.814225311288457
TOTAL ENERGY: -124.07053412138	 lambda: -9.35	 population of target: 3.61797183641464
1RDM: 
     1.99988925883303  8.85743557773098e-05  -0.00438248587582291   0.00620219639490575    0.0056110515713099  1.52202998674921e-17 -1.91534542721598e-17  2.68532094634263e-17 -1.83113555325532e-17    0.0114516467196548
 8.85743557773098e-05      1.99992377796474   0.00352572118361949  -0.00496952241392516   -0.0045562915715517  8.39011978072979e-17  3.14701854704788e-17 -3.41682350008878e-17 -1.12206798880424e-16  -0.00924236186014185
 -0.00438248587582291   0.00352572118361949      1.82078505405264     0.262095314815367     0.212678032839208  1.74519480296665e-17  2.75224148889344e-17 -1.41979782666157e-17 -3.02080796978525e-17     0.455916252873251
  0.00620219639490575  -0.00496952241392516     0.262095314815367      1.60416146258011    -0.286155765798016  -1.0827613988678e-16  2.10089831229098e-16 -3.12094081343822e-16  1.30831583514524e-16    -0.648425903573723
   0.0056110515713099   -0.0045562915715517     0.212678032839208    -0.286155765798016       1.6982148514277  1.16643157220626e-16 -2.07693643918866e-16  2.54934644235611e-16  -1.2917712629364e-16    -0.577446316470172
 1.52202998674921e-17  8.39011978072979e-17  1.74519480296665e-17  -1.0827613988678e-16  1.16643157220626e-16      1.27438175658873  3.34311738836332e-17   -0.0634674808690249     0.947405594240787  2.25625676794071e-17
-1.91534542721598e-17  3.14701854704788e-17  2.75224148889344e-17  2.10089831229098e-16 -2.07693643918866e-16  3.34311738836332e-17       1.2743817565887     0.947405594240795    0.0634674808690254 -4.78671262556235e-17
 2.68532094634263e-17 -3.41682350008878e-17 -1.41979782666157e-17 -3.12094081343822e-16  2.54934644235611e-16   -0.0634674808690249     0.947405594240795     0.757462938823277  1.56054859480002e-15  1.12454925044885e-17
-1.83113555325532e-17 -1.12206798880424e-16 -3.02080796978525e-17  1.30831583514524e-16  -1.2917712629364e-16     0.947405594240787    0.0634674808690254  1.56054859480002e-15     0.757462938823253 -1.32521220015231e-17
   0.0114516467196548  -0.00924236186014185     0.455916252873251    -0.648425903573723    -0.577446316470172  2.25625676794071e-17 -4.78671262556235e-17  1.12454925044885e-17 -1.32521220015231e-17     0.813336204317852
TOTAL ENERGY: -124.07219908361	 lambda: -9.3	 population of target: 3.61815038588468
1RDM: 
     1.99989013596707  8.76886038481271e-05  -0.00436167812212129   0.00617040535836003   0.00559034529732542  1.51660849799186e-17 -1.90175785610162e-17  2.66755148630897e-17 -1.82562507427743e-17    0.0114103889168121
 8.76886038481271e-05      1.99992462668706   0.00350155499693264    -0.004932881004555  -0.00453124118184743  8.35959440310257e-17  3.16436788070345e-17 -3.44275514185941e-17 -1.11852942316413e-16  -0.00919056987433482
 -0.00436167812212129   0.00350155499693264      1.82103969912459     0.261660791256069     0.212551875592867  1.73555235186245e-17  2.77364491562171e-17 -1.45181922896873e-17 -3.00896194111565e-17     0.455750539964821
  0.00617040535836003    -0.004932881004555     0.261660791256069      1.60485751280429     -0.28583705349928  -1.0775842104136e-16  2.09085214861936e-16 -3.10765181184693e-16   1.3024896592124e-16    -0.647971939216155
  0.00559034529732542  -0.00453124118184743     0.212551875592867     -0.28583705349928       1.6980344820106  1.16127142239669e-16 -2.06691431285775e-16  2.53654759041335e-16 -1.28644879997528e-16    -0.577804731468226
 1.51660849799186e-17  8.35959440310257e-17  1.73555235186245e-17  -1.0775842104136e-16  1.16127142239669e-16      1.27463935235479  3.32383905732535e-17   -0.0634611841750317     0.947311600857029    2.236833480501e-17
-1.90175785610162e-17  3.16436788070345e-17  2.77364491562171e-17  2.09085214861936e-16 -2.06691431285775e-16  3.32383905732535e-17      1.27463935235477     0.947311600857037    0.0634611841750322 -4.75333200033598e-17
 2.66755148630897e-17 -3.44275514185941e-17 -1.45181922896873e-17 -3.10765181184693e-16  2.53654759041335e-16   -0.0634611841750317     0.947311600857037     0.757268258431339  1.59905540794617e-15  1.08091553596281e-17
-1.82562507427743e-17 -1.11852942316413e-16 -3.00896194111565e-17   1.3024896592124e-16 -1.28644879997528e-16     0.947311600857029    0.0634611841750322  1.59905540794617e-15     0.757268258431314   -1.306869750521e-17
   0.0114103889168121  -0.00919056987433482     0.455750539964821    -0.647971939216155    -0.577804731468226    2.236833480501e-17 -4.75333200033598e-17  1.08091553596281e-17   -1.306869750521e-17     0.812438321834251
TOTAL ENERGY: -124.073881175468	 lambda: -9.25	 population of target: 3.61833174477285
1RDM: 
     1.99989101348203  8.68058290901778e-05  -0.00434078663410869   0.00613849657754117   0.00556952469399197  1.51118141661634e-17 -1.88813377780211e-17  2.64973219547376e-17 -1.82011306204895e-17    0.0113689344193372
 8.68058290901778e-05      1.99992546973451   0.00347740657309766  -0.00489627255413644  -0.00450618940874222  8.32911509473796e-17  3.18156319445751e-17 -3.46850596635572e-17 -1.11499717210548e-16  -0.00913879947156711
 -0.00434078663410869   0.00347740657309766      1.82129668579448     0.261222481215836     0.212423793903371  1.72662398778503e-17  2.79364829580111e-17 -1.48198493112197e-17 -2.99791505963095e-17     0.455582930400311
  0.00613849657754117  -0.00489627255413644     0.261222481215836      1.60555944670617    -0.285514704138223 -1.07265090267469e-16  2.08129607904432e-16 -3.09502508645942e-16  1.29693844328734e-16    -0.647513584742423
  0.00556952469399197  -0.00450618940874222     0.212423793903371    -0.285514704138223      1.69785450764595  1.15633286204367e-16 -2.05733928915055e-16  2.52435518213913e-16 -1.28138033603164e-16    -0.578164729483388
 1.51118141661634e-17  8.32911509473796e-17  1.72662398778503e-17 -1.07265090267469e-16  1.15633286204367e-16       1.2748998649972 -2.74009599647246e-17   -0.0634548263727221     0.947216695288045  2.21791362488213e-17
-1.88813377780211e-17  3.18156319445751e-17  2.79364829580111e-17  2.08129607904432e-16 -2.05733928915055e-16 -2.74009599647246e-17      1.27489986499718     0.947216695288052    0.0634548263727225 -4.72101755366253e-17
 2.64973219547376e-17 -3.46850596635572e-17 -1.48198493112197e-17 -3.09502508645942e-16  2.52435518213913e-16   -0.0634548263727221     0.947216695288052     0.757070808254027   1.5528086563227e-15  1.03869638678095e-17
-1.82011306204895e-17 -1.11499717210548e-16 -2.99791505963095e-17  1.29693844328734e-16 -1.28138033603164e-16     0.947216695288045    0.0634548263727225   1.5528086563227e-15     0.757070808254003 -1.28912387045771e-17
   0.0113689344193372  -0.00913879947156711     0.455582930400311    -0.647513584742423    -0.578164729483388  2.21791362488213e-17 -4.72101755366253e-17  1.03869638678095e-17 -1.28912387045771e-17     0.811531530134526
TOTAL ENERGY: -124.075580679991	 lambda: -9.2	 population of target: 3.61851597421584
1RDM: 
     1.99989189135061  8.59260611460769e-05  -0.00431981111880702   0.00610646978498861   0.00554858888003706  1.50573797748074e-17 -1.87445184823964e-17   2.6318299296759e-17 -1.81458565411342e-17    0.0113272820657466
 8.59260611460769e-05      1.99992630709535   0.00345327651309921  -0.00485969802761196  -0.00448113666859586   8.2976798495846e-17  3.20060137493007e-17 -3.49676986137491e-17 -1.11135794803887e-16  -0.00908705190842358
 -0.00431981111880702   0.00345327651309921      1.82155604509765     0.260780337841323     0.212293749321498  1.70719456374307e-17  2.83459113441275e-17   -1.540699028456e-17 -2.97487681624484e-17     0.455413393828891
  0.00610646978498861  -0.00485969802761196     0.260780337841323       1.6062673328983    -0.285188655579934 -1.06395279766656e-16   2.0642483082849e-16 -3.07223851727109e-16  1.28710654077104e-16    -0.647050778771693
  0.00554858888003706  -0.00448113666859586     0.212293749321498    -0.285188655579934       1.6976749669049  1.14798785440625e-16 -2.04097758547201e-16  2.50301113592584e-16 -1.27246314027042e-16    -0.578526301993096
 1.50573797748074e-17   8.2976798495846e-17  1.70719456374307e-17 -1.06395279766656e-16  1.14798785440625e-16      1.27516334706748  8.31383463437831e-17   -0.0634484063716867     0.947120861183567  2.19111760831627e-17
-1.87445184823964e-17  3.20060137493007e-17  2.83459113441275e-17   2.0642483082849e-16 -2.04097758547201e-16  8.31383463437831e-17      1.27516334706745     0.947120861183574    0.0634484063716872 -4.67311656289902e-17
  2.6318299296759e-17 -3.49676986137491e-17   -1.540699028456e-17 -3.07223851727109e-16  2.50301113592584e-16   -0.0634484063716867     0.947120861183574     0.756870534965192  1.54765295112373e-15  9.75870126121047e-18
-1.81458565411342e-17 -1.11135794803887e-16 -2.97487681624484e-17  1.28710654077104e-16 -1.27246314027042e-16     0.947120861183567    0.0634484063716872  1.54765295112373e-15     0.756870534965167 -1.26267158984914e-17
   0.0113272820657466  -0.00908705190842358     0.455413393828891    -0.647050778771693    -0.578526301993096  2.19111760831627e-17 -4.67311656289902e-17  9.75870126121047e-18 -1.26267158984914e-17     0.810615692587986
TOTAL ENERGY: -124.077297886152	 lambda: -9.15	 population of target: 3.61870313699676
1RDM: 
     1.99989276954397  8.50493296593268e-05  -0.00429875130598031   0.00607432474309068    0.0055275369991749  1.50030479089602e-17 -1.86076483154695e-17  2.61392649090096e-17 -1.80907733589572e-17    0.0112854307386036
 8.50493296593268e-05      1.99992713875895   0.00342916540544077  -0.00482315836866511  -0.00445608336381584  8.26778401674309e-17   3.2165062123569e-17 -3.52083528130238e-17 -1.10789395367931e-16  -0.00903532840658697
 -0.00429875130598031   0.00342916540544077      1.82181780847763     0.260334313544688     0.212161702742153  1.70520456231164e-17  2.84082033055606e-17 -1.55221904951017e-17  -2.9717133769849e-17     0.455241899324606
  0.00607432474309068  -0.00482315836866511     0.260334313544688      1.60698124130972     -0.28485884456763  -1.0614754939005e-16  2.05959198806932e-16 -3.06625105817095e-16  1.28434231358344e-16     -0.64658345843673
