TOTAL ENERGY: -126.713169490801	 lambda: -1
1RDM (lambda : -1): 
     1.99999600792506  -3.6846483532328e-06 -0.000406127640128305 -9.24279133082038e-05  0.000428745449364349  2.97727149927421e-17   5.9188817725902e-18 -1.89499574533359e-17  1.58979244768492e-16   0.00243014107898057
 -3.6846483532328e-06      1.99998169720765 -0.000662446160533578 -0.000758883241613427   7.5516272553791e-05  8.46649411180692e-18 -2.90385030325633e-18  8.10795977265081e-19 -2.13534576138294e-18   0.00270489893710359
-0.000406127640128305 -0.000662446160533578      1.94144626384678   -0.0289748113958834    0.0623580569374637 -2.97692269636141e-15  8.81323215621088e-16 -9.63872086884929e-16  -4.7034266172895e-15     0.300684522666089
-9.24279133082038e-05 -0.000758883241613427   -0.0289748113958834      1.95661583426191   0.00228506239236651  6.91706484310675e-15 -1.98121858848884e-15  3.68077783350317e-15  1.54537172287669e-14    0.0805171474200108
 0.000428745449364349   7.5516272553791e-05    0.0623580569374637   0.00228506239236651       1.8742755529415  -1.0132560297534e-14  3.20485108971649e-15 -8.61676830017117e-15  -2.9277632460195e-14    -0.346089405369895
 2.97727149927421e-17  8.46649411180692e-18 -2.97692269636141e-15  6.91706484310675e-15  -1.0132560297534e-14      1.84203442839784 -4.29754410106058e-15    0.0158729644622463    -0.393806496047924  7.60255629771781e-15
  5.9188817725902e-18 -2.90385030325633e-18  8.81323215621088e-16 -1.98121858848884e-15  3.20485108971649e-15 -4.29754410106058e-15      1.84203442839773     0.393806496048213    0.0158729644622351 -2.65342178206279e-15
-1.89499574533359e-17  8.10795977265081e-19 -9.63872086884929e-16  3.68077783350317e-15 -8.61676830017117e-15    0.0158729644622463     0.393806496048213     0.183655214519289  3.24871953978667e-16  2.44104822342316e-15
 1.58979244768492e-16 -2.13534576138294e-18  -4.7034266172895e-15  1.54537172287669e-14  -2.9277632460195e-14    -0.393806496047924    0.0158729644622351  3.24871953978667e-16     0.183655214519169  8.99310228537101e-15
  0.00243014107898057   0.00270489893710359     0.300684522666089    0.0805171474200108    -0.346089405369895  7.60255629771781e-15 -2.65342178206279e-15  2.44104822342316e-15  8.99310228537101e-15     0.176305357983126
POPULATION (lambda : -1): 5.14882843248592
TOTAL ENERGY: -126.835575798635	 lambda: -0.9
1RDM (lambda : -0.9): 
     1.99999658001993 -2.93176283605291e-06 -0.000335314412010556 -6.35450964713275e-05  0.000364787759801539  8.17431525832312e-18  1.10813981276312e-17 -2.77214413456282e-17   1.2442620087849e-16   0.00217203520786526
-2.93176283605291e-06      1.99998328897087 -0.000567847646524896 -0.000694547343529242  3.12249722115829e-05  2.95384895899363e-17  -1.0026111429114e-17 -1.36625788729922e-18   -9.530059275123e-18   0.00243429431822962
-0.000335314412010556 -0.000567847646524896      1.94920641036512   -0.0253208825450405    0.0568601058901885   -8.149546524585e-15  2.56742902016384e-15 -4.60889230299859e-15 -1.76084583028394e-14     0.277169564647465
-6.35450964713275e-05 -0.000694547343529242   -0.0253208825450405      1.95949796557677   0.00103196594948603  2.25788002458631e-14 -7.11021093024612e-15  1.43251521387374e-14  5.31656602585776e-14    0.0700013421749556
 0.000364787759801539  3.12249722115829e-05    0.0568601058901885   0.00103196594948603      1.87884131361662 -3.23035083668853e-14  1.04132421466732e-14 -2.43405310469588e-14 -8.53077495252721e-14    -0.333590408745989
 8.17431525832312e-18  2.95384895899363e-17   -8.149546524585e-15  2.25788002458631e-14 -3.23035083668853e-14      1.84874291001907 -1.47402006965341e-15    0.0137055436428039    -0.340033031577025  1.33239017666615e-14
 1.10813981276312e-17  -1.0026111429114e-17  2.56742902016384e-15 -7.11021093024612e-15  1.04132421466732e-14 -1.47402006965341e-15      1.84874291001898      0.34003303157724    0.0137055436428087 -4.49237978231388e-15
-2.77214413456282e-17 -1.36625788729922e-18 -4.60889230299859e-15  1.43251521387374e-14 -2.43405310469588e-14    0.0137055436428039      0.34003303157724     0.175328962720743  2.24163021665508e-15  8.31458928473639e-15
  1.2442620087849e-16   -9.530059275123e-18 -1.76084583028394e-14  5.31656602585776e-14 -8.53077495252721e-14    -0.340033031577025    0.0137055436428087  2.24163021665508e-15      0.17532896272065  2.98657599712139e-14
  0.00217203520786526   0.00243429431822962     0.277169564647465    0.0700013421749556    -0.333590408745989  1.33239017666615e-14 -4.49237978231388e-15  8.31458928473639e-15  2.98657599712139e-14     0.164330695971278
POPULATION (lambda : -0.9): 5.27768272045882
TOTAL ENERGY: -126.945801271061	 lambda: -0.8
1RDM (lambda : -0.8): 
     1.99999706143823 -2.26549706834663e-06 -0.000271165153966505 -3.74051634205227e-05  0.000301986590361589  2.70362911020678e-18  1.15978656881936e-17 -2.95400203554416e-17  1.17381619563025e-16   0.00191278535290366
-2.26549706834663e-06      1.99998480416121 -0.000480332099748763  -0.00063322099252724 -9.72470289162002e-06  3.02961337323764e-17 -1.08005753253856e-17 -1.89980111585787e-18 -1.07019272614937e-17   0.00216253570541869
-0.000271165153966505 -0.000480332099748763      1.95649977694501    -0.021847025450159    0.0512887324713483 -8.50220165897714e-15  2.81033786090317e-15 -5.40135123316466e-15 -1.93048928495014e-14     0.252591706131609
-3.74051634205227e-05  -0.00063322099252724    -0.021847025450159      1.96235673110621 -0.000319409340537513  2.34507469212339e-14 -7.77931565192667e-15  1.66329201443168e-14  5.81492539076365e-14    0.0591129582096519
 0.000301986590361589 -9.72470289162002e-06    0.0512887324713483 -0.000319409340537513      1.88412872784863  -3.5150813838164e-14  1.18639365405716e-14 -2.88549888894929e-14 -9.66879177166228e-14    -0.318394439175292
 2.70362911020678e-18  3.02961337323764e-17 -8.50220165897714e-15  2.34507469212339e-14  -3.5150813838164e-14      1.85203811341925 -3.05536561242134e-15    0.0116355283104548    -0.288676175888368  1.31331873652461e-14
 1.15978656881936e-17 -1.08005753253856e-17  2.81033786090317e-15 -7.77931565192667e-15  1.18639365405716e-14 -3.05536561242134e-15      1.85203811341917     0.288676175888675      0.01163552831044 -4.54101649422044e-15
-2.95400203554416e-17 -1.89980111585787e-18 -5.40135123316466e-15  1.66329201443168e-14 -2.88549888894929e-14    0.0116355283104548     0.288676175888675     0.170452972342043 -1.07438385276611e-16  9.68337125901218e-15
 1.17381619563025e-16 -1.07019272614937e-17 -1.93048928495014e-14  5.81492539076365e-14 -9.66879177166228e-14    -0.288676175888368      0.01163552831044 -1.07438385276611e-16     0.170452972341962   3.3006786409845e-14
  0.00191278535290366   0.00216253570541869     0.252591706131609    0.0591129582096519    -0.318394439175292  1.31331873652461e-14 -4.54101649422044e-15  9.68337125901218e-15   3.3006786409845e-14      0.15205072697833
POPULATION (lambda : -0.8): 5.4073695330948
TOTAL ENERGY: -127.043812417475	 lambda: -0.7
1RDM (lambda : -0.7): 
     1.99999745376424 -1.68455094034712e-06 -0.000214009050786781 -1.38653739960974e-05   0.00024128973093637 -1.39560271721781e-17  1.59995010429102e-17 -3.66635743466107e-17  9.14862625349291e-17   0.00165008559987228
-1.68455094034712e-06      1.99998623391555  -0.00040027605380192 -0.000574985936540585 -4.71683418080722e-05  4.23208277367689e-17 -1.54478974893881e-17 -3.91915633963512e-18 -1.67769267417818e-17    0.0018892323294561
-0.000214009050786781  -0.00040027605380192      1.96319662793625   -0.0186120894462101    0.0459991915395532 -1.20070364470645e-14  4.10908069163335e-15 -8.61913534909873e-15 -2.92608014721927e-14     0.226972513189943
-1.38653739960974e-05 -0.000574985936540585   -0.0186120894462101      1.96512520846868  -0.00150820901128968  3.33100087252653e-14 -1.14512479555433e-14  2.59674083223479e-14  8.70029941896794e-14    0.0476775752468095
  0.00024128973093637 -4.71683418080722e-05    0.0459991915395532  -0.00150820901128968      1.88908288985839 -5.20471054329416e-14  1.80698674474461e-14 -4.55978580513631e-14 -1.49076283961315e-13    -0.300739191221488
-1.39560271721781e-17  4.23208277367689e-17 -1.20070364470645e-14  3.33100087252653e-14 -5.20471054329416e-14      1.85275285390743 -1.97774774492895e-15   0.00964360372459967    -0.239256746399936  1.60768080158748e-14
 1.59995010429102e-17 -1.54478974893881e-17  4.10908069163335e-15 -1.14512479555433e-14  1.80698674474461e-14 -1.97774774492895e-15      1.85275285390737     0.239256746400202   0.00964360372459851 -5.61280391247134e-15
-3.66635743466107e-17 -3.91915633963512e-18 -8.61913534909873e-15  2.59674083223479e-14 -4.55978580513631e-14   0.00964360372459967     0.239256746400202     0.168173892155004  6.98494125589055e-16  1.50937749447031e-14
 9.14862625349291e-17 -1.67769267417818e-17 -2.92608014721927e-14  8.70029941896794e-14 -1.49076283961315e-13    -0.239256746399936   0.00964360372459851  6.98494125589055e-16     0.168173892154933  4.98511249522431e-14
  0.00165008559987228    0.0018892323294561     0.226972513189943    0.0476775752468095    -0.300739191221488  1.60768080158748e-14 -5.61280391247134e-15  1.50937749447031e-14  4.98511249522431e-14     0.140758093932164
POPULATION (lambda : -0.7): 5.53806158840724
TOTAL ENERGY: -127.129251317091	 lambda: -0.6
1RDM (lambda : -0.6): 
     1.99999775598259 -1.18846380033034e-06 -0.000164479253361833  6.82372346489778e-06   0.00018459803826055   1.3622193474807e-16 -3.80314106147472e-17   3.7470715036741e-17  3.37813411773975e-16   0.00138326066547649
-1.18846380033034e-06      1.99998757008641 -0.000328022786896876 -0.000520169753926194 -8.03763851082147e-05 -1.03503565627697e-16  3.75134459692749e-17  1.61085891548337e-17  4.71840130513864e-17   0.00161331977021648
-0.000164479253361833 -0.000328022786896876      1.96918285203416   -0.0156835110851236    0.0413091089209707   2.9773988204752e-14  -1.0499597936871e-14  2.52242884623541e-14  8.15056864115358e-14     0.200581091062898
 6.82372346489778e-06 -0.000520169753926194   -0.0156835110851236      1.96774892391352  -0.00233056477431261  -8.5362365120832e-14  3.01209636852717e-14 -7.26728459237787e-14 -2.35061813462835e-13    0.0358892558136988
  0.00018459803826055 -8.03763851082147e-05    0.0413091089209707  -0.00233056477431261       1.8928979535215  1.36747876322531e-13 -4.81433325556382e-14  1.25302970640728e-13  4.07979028452502e-13    -0.282075469441339
  1.3622193474807e-16 -1.03503565627697e-16   2.9773988204752e-14  -8.5362365120832e-14  1.36747876322531e-13      1.85119493614214 -1.52201792144321e-15   0.00769913714777615    -0.191014742628867 -2.56508387169242e-14
-3.80314106147472e-17  3.75134459692749e-17  -1.0499597936871e-14  3.01209636852717e-14 -4.81433325556382e-14 -1.52201792144321e-15       1.8511949361421     0.191014742629097   0.00769913714778169  8.85413339915643e-15
  3.7470715036741e-17  1.61085891548337e-17  2.52242884623541e-14 -7.26728459237787e-14  1.25302970640728e-13   0.00769913714777615     0.191014742629097     0.168161269031354  2.90045037744108e-16 -4.15961923200689e-14
 3.37813411773975e-16  4.71840130513864e-17  8.15056864115358e-14 -2.35061813462835e-13  4.07979028452502e-13    -0.191014742628867   0.00769913714778169  2.90045037744108e-16      0.16816126903131 -1.35351601951899e-13
  0.00138326066547649   0.00161331977021648     0.200581091062898    0.0358892558136988    -0.282075469441339 -2.56508387169242e-14  8.85413339915643e-15 -4.15961923200689e-14 -1.35351601951899e-13     0.131472534114997
POPULATION (lambda : -0.6): 5.66951311217281
TOTAL ENERGY: -127.201753054696	 lambda: -0.5
1RDM (lambda : -0.5): 
     1.99999796648093 -7.77639348998645e-07  -0.00012315287313304  2.43889654982593e-05  0.000133350295870017  -7.4213333155349e-17  3.51414986385544e-17 -6.26301684708411e-17  1.76114290263175e-18   0.00111290812313301
-7.77639348998645e-07      1.99998880609338 -0.000263766991673525  -0.00046900860643124 -0.000108963637250416  8.31604071314392e-17 -3.12928295187427e-17 -1.27635744807612e-17  -4.3357872851135e-17   0.00133370606974749
 -0.00012315287313304 -0.000263766991673525      1.97441135667522   -0.0130857876541886    0.0373107581061701 -2.50913407583086e-14  8.97342376699184e-15 -2.12494681152691e-14 -6.80523848776955e-14     0.173749778091754
 2.43889654982593e-05  -0.00046900860643124   -0.0130857876541886      1.97021957444056  -0.00275117383027852  6.78673943783492e-14 -2.43259350611341e-14  6.11605563297811e-14  1.94737135326651e-13    0.0241477526217297
 0.000133350295870017 -0.000108963637250416    0.0373107581061701  -0.00275117383027852       1.8954348858589 -1.14210449972309e-13  4.10933705772408e-14 -1.16541700567675e-13 -3.67591751098219e-13    -0.264138969046828
 -7.4213333155349e-17  8.31604071314392e-17 -2.50913407583086e-14  6.78673943783492e-14 -1.14210449972309e-13      1.84723944983155 -1.27255584600422e-15   0.00577362226497251    -0.143242770445808  2.55765357935034e-14
 3.51414986385544e-17 -3.12928295187427e-17  8.97342376699184e-15 -2.43259350611341e-14  4.10933705772408e-14 -1.27255584600422e-15      1.84723944983151     0.143242770446017   0.00577362226497116  -9.0397857479776e-15
-6.26301684708411e-17 -1.27635744807612e-17 -2.12494681152691e-14  6.11605563297811e-14 -1.16541700567675e-13   0.00577362226497251     0.143242770446017     0.170522518263765  5.70635411144822e-17  3.62440734293695e-14
 1.76114290263175e-18  -4.3357872851135e-17 -6.80523848776955e-14  1.94737135326651e-13 -3.67591751098219e-13    -0.143242770445808   0.00577362226497116  5.70635411144822e-17      0.17052251826373   1.1497007810703e-13
  0.00111290812313301   0.00133370606974749     0.173749778091754    0.0241477526217297    -0.264138969046828  2.55765357935034e-14  -9.0397857479776e-15  3.62440734293695e-14   1.1497007810703e-13     0.124423474260462
POPULATION (lambda : -0.5): 5.80133802360523
TOTAL ENERGY: -127.26118095864	 lambda: -0.4
1RDM (lambda : -0.4): 
      1.9999980843521 -4.52891298744084e-07 -9.04144309358873e-05  3.87558597951193e-05  8.80597290783982e-05 -3.69434296513895e-17  2.06281839201704e-17 -4.29031806005172e-17  6.36156873715416e-17  0.000839955861842655
-4.52891298744084e-07      1.99998993911472 -0.000207577179042613 -0.000421431008953404 -0.000133084476649454  4.54527724242411e-17  -1.7437858424815e-17 -7.83274688794779e-18 -2.75129172151899e-17   0.00104933327950279
-9.04144309358873e-05 -0.000207577179042613      1.97889460412666   -0.0107868848224205    0.0338665732581934 -1.40762995423759e-14  5.09141422466069e-15 -1.23145761143886e-14 -3.90003907745313e-14     0.146673739592725
 3.87558597951193e-05 -0.000421431008953404   -0.0107868848224205      1.97257783315057  -0.00290499993968022  3.66031443671078e-14 -1.32683679943536e-14  3.45531420950744e-14  1.08612731749164e-13    0.0128222574616103
 8.80597290783982e-05 -0.000133084476649454    0.0338665732581934  -0.00290499993968022      1.89719197935498 -6.35048293999019e-14  2.31383326743284e-14 -7.04542588813303e-14 -2.18278198946825e-13    -0.248055245638295
-3.69434296513895e-17  4.54527724242411e-17 -1.40762995423759e-14  3.66031443671078e-14 -6.35048293999019e-14      1.84044696436732 -1.33538460902901e-15   0.00385106667751123   -0.0955446845565096  1.43901322467394e-14
 2.06281839201704e-17  -1.7437858424815e-17  5.09141422466069e-15 -1.32683679943536e-14  2.31383326743284e-14 -1.33538460902901e-15       1.8404469643673    0.0955446845567709   0.00385106667750566 -5.09362206452198e-15
-4.29031806005172e-17 -7.83274688794779e-18 -1.23145761143886e-14  3.45531420950744e-14 -7.04542588813303e-14   0.00385106667751123    0.0955446845567709     0.175691118966252 -3.44812035790158e-16  2.09596331575345e-14
 6.36156873715416e-17 -2.75129172151899e-17 -3.90003907745313e-14  1.08612731749164e-13 -2.18278198946825e-13   -0.0955446845565096   0.00385106667750566 -3.44812035790158e-16     0.175691118966227  6.54667025051327e-14
 0.000839955861842655   0.00104933327950279     0.146673739592725    0.0128222574616103    -0.248055245638295  1.43901322467394e-14 -5.09362206452198e-15  2.09596331575345e-14  6.54667025051327e-14     0.119071393233838
POPULATION (lambda : -0.4): 5.93340566026325
TOTAL ENERGY: -127.30756004631	 lambda: -0.3
1RDM (lambda : -0.3): 
     1.99999810929624  -2.1543672877432e-07 -6.65605147957381e-05  5.00390813058024e-05  4.87319130482975e-05  1.18584218010761e-17  1.52956756320607e-18 -1.95856601345177e-17  1.35411491084299e-16   0.00056509700968234
 -2.1543672877432e-07      1.99999097002733 -0.000159616566491871 -0.000377152739441486  -0.00015298051477844  5.55603434580618e-18 -2.33156911486396e-18 -1.42101542234597e-19 -3.75601763598855e-18   0.00075932195894275
-6.65605147957381e-05 -0.000159616566491871      1.98265188466018  -0.00872760881994605    0.0307486780836271 -1.45189571530196e-15   5.1550586945424e-16 -8.56073666443273e-16 -2.98269076479288e-15     0.119308825911527
 5.00390813058024e-05 -0.000377152739441486  -0.00872760881994605      1.97488112833304  -0.00300457364950907  2.94582727980782e-15 -1.06806670780181e-15   2.6291855005582e-15  8.57601460113139e-15   0.00206193460577969
 4.87319130482975e-05  -0.00015298051477844    0.0307486780836271  -0.00300457364950907      1.89893444539751 -6.02579121418099e-15  2.26900716515772e-15 -7.19241859168483e-15 -2.05311763907943e-14    -0.233813451847721
 1.18584218010761e-17  5.55603434580618e-18 -1.45189571530196e-15  2.94582727980782e-15 -6.02579121418099e-15      1.83019882231476  2.69139992121295e-16   0.00193612401078899   -0.0480350122108814  3.79411705893329e-15
 1.52956756320607e-18 -2.33156911486396e-18   5.1550586945424e-16 -1.06806670780181e-15  2.26900716515772e-15  2.69139992121295e-16      1.83019882231475    0.0480350122110755   0.00193612401078112 -1.32550192028608e-15
-1.95856601345177e-17 -1.42101542234597e-19 -8.56073666443273e-16   2.6291855005582e-15 -7.19241859168483e-15   0.00193612401078899    0.0480350122110755     0.184297932158125  5.36697245996201e-16   1.8603721201569e-15
 1.35411491084299e-16 -3.75601763598855e-18 -2.98269076479288e-15  8.57601460113139e-15 -2.05311763907943e-14   -0.0480350122108814   0.00193612401078112  5.36697245996201e-16     0.184297932158116  5.54325396057452e-15
  0.00056509700968234   0.00075932195894275     0.119308825911527   0.00206193460577969    -0.233813451847721  3.79411705893329e-15 -1.32550192028608e-15   1.8603721201569e-15  5.54325396057452e-15     0.114549953339962
POPULATION (lambda : -0.3): 6.06593205781951
TOTAL ENERGY: -127.340856715122	 lambda: -0.2
1RDM (lambda : -0.2): 
     1.99999804092527 -6.68819191467152e-08 -5.19570609001406e-05   5.8394949778603e-05  1.55772926146205e-05  7.40331502981938e-18  1.94261436720735e-18 -2.05246595819168e-17  1.27653401946313e-16  0.000289061851361794
-6.68819191467152e-08      1.99999190033567 -0.000120395457102003 -0.000336026264003675 -0.000168362235713544  7.11602203023262e-18  -2.8910522747741e-18 -7.77572273552826e-19 -5.50872044268266e-18  0.000463545782379616
-5.19570609001406e-05 -0.000120395457102003       1.9856529781372   -0.0068726055953338    0.0278140806396791 -1.89790084578677e-15  6.81516059759864e-16 -1.39105146770751e-15 -4.61443990756719e-15    0.0914196804183695
  5.8394949778603e-05 -0.000336026264003675   -0.0068726055953338      1.97715433143504   -0.0032131592808779  4.06622011441258e-15 -1.47826935140505e-15   3.7508252598354e-15  1.20290998979319e-14  -0.00825877686541893
 1.55772926146205e-05 -0.000168362235713544    0.0278140806396791   -0.0032131592808779      1.90124546469147 -8.06303655826448e-15  2.99849277761959e-15 -9.58039324865792e-15 -2.79709606820646e-14    -0.220261660509765
 7.40331502981938e-18  7.11602203023262e-18 -1.89790084578677e-15  4.06622011441258e-15 -8.06303655826448e-15      1.81594127120594 -1.00992218446181e-15  5.70694330071303e-05  -0.00141585951898529  3.81898278362881e-15
 1.94261436720735e-18  -2.8910522747741e-18  6.81516059759864e-16 -1.47826935140505e-15  2.99849277761959e-15 -1.00992218446181e-15      1.81594127120595   0.00141585951915021   5.7069433008951e-05  -1.3058426351659e-15
-2.05246595819168e-17 -7.77572273552826e-19 -1.39105146770751e-15   3.7508252598354e-15 -9.58039324865792e-15  5.70694330071303e-05   0.00141585951915021      0.19693185250432 -1.62160109095727e-15  2.54027872392787e-15
 1.27653401946313e-16 -5.50872044268266e-18 -4.61443990756719e-15  1.20290998979319e-14 -2.79709606820646e-14  -0.00141585951898529   5.7069433008951e-05 -1.62160109095727e-15     0.196931852504336  7.69672805464973e-15
 0.000289061851361794  0.000463545782379616    0.0914196804183695  -0.00825877686541893    -0.220261660509765  3.81898278362881e-15  -1.3058426351659e-15  2.54027872392787e-15  7.69672805464973e-15     0.110211037054872
POPULATION (lambda : -0.2): 6.199141206352
TOTAL ENERGY: -127.360896644088	 lambda: -0.1
1RDM (lambda : -0.1): 
     1.99999787862699 -8.31590384785552e-09  -4.7032555712123e-05  6.39081009558135e-05 -1.06482641117618e-05  1.68491979608729e-17 -2.56589936388593e-18 -1.63513656244199e-17   1.3653139030138e-16  1.34003556416494e-05
-8.31590384785552e-09       1.9999927281643 -9.08080818896602e-05 -0.000298394603869823 -0.000178170733315844  2.02754284263696e-19 -2.15699276676544e-19  9.74260167229879e-19  1.01750743173612e-20   0.00016335160771657
 -4.7032555712123e-05 -9.08080818896602e-05      1.98780043943319  -0.00524926496504744    0.0251047227103586  5.30917869587634e-16 -1.97551768356652e-16  9.56255180064756e-16  2.75742787985249e-15    0.0627470072139053
 6.39081009558135e-05 -0.000298394603869823  -0.00524926496504744      1.97935348978013  -0.00355176676526645 -1.85366309571008e-15  6.61946108231574e-16 -2.04440994206729e-15 -6.07782403338345e-15   -0.0184399731901548
-1.06482641117618e-05 -0.000178170733315844    0.0251047227103586  -0.00355176676526645       1.9042548933444  1.75199516312296e-15 -5.50352973311402e-16   3.2843866014811e-15  1.19559317612543e-14    -0.205583920138732
 1.68491979608729e-17  2.02754284263696e-19  5.30917869587634e-16 -1.85366309571008e-15  1.75199516312296e-15      1.79756588563776 -9.74104213876486e-16  -0.00174023150999428    0.0431749335098546  1.96725212311063e-15
-2.56589936388593e-18 -2.15699276676544e-19 -1.97551768356652e-16  6.61946108231574e-16 -5.50352973311402e-16 -9.74104213876486e-16      1.79756588563777   -0.0431749335096712   -0.0017402315099946 -6.40640347581795e-16
-1.63513656244199e-17  9.74260167229879e-19  9.56255180064756e-16 -2.04440994206729e-15   3.2843866014811e-15  -0.00174023150999428   -0.0431749335096712     0.213757840229063 -1.31239244506834e-15 -1.05854007676632e-15
  1.3653139030138e-16  1.01750743173612e-20  2.75742787985249e-15 -6.07782403338345e-15  1.19559317612543e-14    0.0431749335098546   -0.0017402315099946 -1.31239244506834e-15     0.213757840229073 -3.53512939614703e-15
 1.34003556416494e-05   0.00016335160771657    0.0627470072139053   -0.0184399731901548    -0.205583920138732  1.96725212311063e-15 -6.40640347581795e-16 -1.05854007676632e-15 -3.53512939614703e-15      0.10595311891737
POPULATION (lambda : -0.1): 6.33274014789523
TOTAL ENERGY: -127.367553887613	 lambda: 0
1RDM (lambda : 0): 
     1.99999762225207 -3.85194031289942e-08 -5.20512471026058e-05  6.66342568158104e-05 -2.89958040900825e-05  1.07869794167021e-17 -1.27366565769111e-18 -1.80104400357349e-17  1.25602815594291e-16 -0.000259064157768274
-3.85194031289942e-08      1.99999344620867 -7.18397710776912e-05 -0.000265173495627033 -0.000180988379412665  3.11717875808731e-18 -1.23208839527437e-18 -1.87010061421702e-20  -2.9365034490086e-18 -0.000138267071192357
-5.20512471026058e-05 -7.18397710776912e-05       1.9889673439653  -0.00394722592434056    0.0228132073999168  -4.5305203464667e-16  1.44791133658995e-16 -3.47589731234809e-17 -4.86659644102375e-16    0.0331933194351907
 6.66342568158104e-05 -0.000265173495627033  -0.00394722592434056      1.98136665301396   -0.0038843428560555  5.79364000310325e-16 -1.77626891733467e-16  1.78827921232301e-16  1.21977092468608e-15   -0.0287577461118214
-2.89958040900825e-05 -0.000180988379412665    0.0228132073999168   -0.0038843428560555      1.90767937066872 -2.58031434753442e-15  9.37290005357768e-16 -1.36217815150938e-15 -3.39934343003992e-15    -0.188037276350759
 1.07869794167021e-17  3.11717875808731e-18  -4.5305203464667e-16  5.79364000310325e-16 -2.58031434753442e-15      1.77577945628505  8.27512433356235e-16  -0.00340876343487885    0.0845710489704017  2.31352464677711e-15
-1.27366565769111e-18 -1.23208839527437e-18  1.44791133658995e-16 -1.77626891733467e-16  9.37290005357768e-16  8.27512433356235e-16      1.77577945628512   -0.0845710489702234  -0.00340876343488399 -7.17759320679529e-16
-1.80104400357349e-17 -1.87010061421702e-20 -3.47589731234809e-17  1.78827921232301e-16 -1.36217815150938e-15  -0.00340876343487885   -0.0845710489702234     0.234136370797324 -1.64678466739384e-15  2.72272283865277e-16
 1.25602815594291e-16  -2.9365034490086e-18 -4.86659644102375e-16  1.21977092468608e-15 -3.39934343003992e-15    0.0845710489704017  -0.00340876343488399 -1.64678466739384e-15     0.234136370797389  9.23126202515514e-16
-0.000259064157768274 -0.000138267071192357    0.0331933194351907   -0.0287577461118214    -0.188037276350759  2.31352464677711e-15 -7.17759320679529e-16  2.72272283865277e-16  9.23126202515514e-16      0.10216390972644
POPULATION (lambda : 0): 6.4656413503566
TOTAL ENERGY: -127.361049627197	 lambda: 0.1
1RDM (lambda : 0.1): 
     1.99999727266997  -1.5260137775778e-07 -6.68412558233379e-05  6.67836112012115e-05 -3.91155008615684e-05  1.09910947727225e-17 -1.94868488803068e-18 -1.77378064763339e-17  1.21753536802068e-16 -0.000524784231666968
 -1.5260137775778e-07      1.99999404312809 -6.40987615150746e-05 -0.000237553639780949   -0.0001758675091486  2.44431740582518e-18 -9.58671265263499e-19 -5.12140492624514e-20 -2.72799270996907e-18 -0.000437529512169347
-6.68412558233379e-05 -6.40987615150746e-05      1.98906673607012  -0.00307457451551937    0.0211424747703195 -2.14024735736817e-16   7.3885010394299e-17  1.27652788379368e-16  1.67483209229562e-16   0.00290609047954916
 6.67836112012115e-05 -0.000237553639780949  -0.00307457451551937      1.98305371572822  -0.00398545737731512  7.37205743759671e-17 -2.46129874270172e-17 -2.14343079578753e-16 -2.83539368598495e-16   -0.0392825569091094
-3.91155008615684e-05   -0.0001758675091486    0.0211424747703195  -0.00398545737731512      1.91112062299531 -2.07320477387068e-15  8.01338560053716e-16 -2.73572294347846e-16  4.47722393893585e-16    -0.166586645478156
 1.09910947727225e-17  2.44431740582518e-18 -2.14024735736817e-16  7.37205743759671e-17 -2.07320477387068e-15      1.75220274252798 -7.28706032750536e-15  -0.00492099795797347     0.122089501776131  1.84152687683138e-15
-1.94868488803068e-18 -9.58671265263499e-19   7.3885010394299e-17 -2.46129874270172e-17  8.01338560053716e-16 -7.28706032750536e-15      1.75220274252798    -0.122089501775937  -0.00492099795794565 -5.31103613902552e-16
-1.77378064763339e-17 -5.12140492624514e-20  1.27652788379368e-16 -2.14343079578753e-16 -2.73572294347846e-16  -0.00492099795797347    -0.122089501775937      0.25650810583377 -7.63515337478411e-15 -1.04955669510339e-17
 1.21753536802068e-16 -2.72799270996907e-18  1.67483209229562e-16 -2.83539368598495e-16  4.47722393893585e-16     0.122089501776131  -0.00492099795794565 -7.63515337478411e-15     0.256508105833777  -6.3961156816289e-17
-0.000524784231666968 -0.000437529512169347   0.00290609047954916   -0.0392825569091094    -0.166586645478156  1.84152687683138e-15 -5.31103613902552e-16 -1.04955669510339e-17  -6.3961156816289e-17    0.0993459126848115
POPULATION (lambda : 0.1): 6.5962438179797
TOTAL ENERGY: -127.342042223503	 lambda: 0.2
1RDM (lambda : 0.2): 
     1.99999683099993  -3.4261750029627e-07 -9.07480187457953e-05  6.49004015883586e-05 -4.18276422543456e-05  1.02399595361378e-17 -2.21714775999389e-18 -1.77528925970171e-17  1.17010537481751e-16 -0.000780901396560743
 -3.4261750029627e-07      1.99999450729551 -6.75153819826022e-05   -0.0002164919618477 -0.000162947577637478    2.260313133663e-18 -8.33181717315242e-19 -2.47873202269702e-19 -3.10837404821574e-18 -0.000731458587288215
-9.07480187457953e-05 -6.75153819826022e-05      1.98810020567208  -0.00269673294083251       0.0201676497261 -2.08835628446469e-16  7.44711025984206e-17  1.04396826618973e-16  1.06908022587966e-16   -0.0277970841554133
 6.49004015883586e-05   -0.0002164919618477  -0.00269673294083251      1.98430136361827  -0.00365056249161143  7.90640899292935e-17 -2.36170806552902e-17 -2.09746605568334e-16 -2.62083081147983e-16   -0.0498260166216382
-4.18276422543456e-05 -0.000162947577637478       0.0201676497261  -0.00365056249161143      1.91438935472442 -2.40125297347257e-15  9.12170414106427e-16 -7.00352850720134e-17  9.37469871790955e-16    -0.141118189859152
 1.02399595361378e-17    2.260313133663e-18 -2.08835628446469e-16  7.90640899292935e-17 -2.40125297347257e-15      1.72904510878161 -1.69469613992242e-15  -0.00628284203486629     0.155876861512285  1.45385519797073e-15
-2.21714775999389e-18 -8.33181717315242e-19  7.44711025984206e-17 -2.36170806552902e-17  9.12170414106427e-16 -1.69469613992242e-15      1.72904510878164    -0.155876861512136  -0.00628284203486469 -3.63151494812161e-16
-1.77528925970171e-17 -2.47873202269702e-19  1.04396826618973e-16 -2.09746605568334e-16 -7.00352850720134e-17  -0.00628284203486629    -0.155876861512136     0.278705248411112 -2.59835587117781e-15 -5.28239452898894e-17
 1.17010537481751e-16 -3.10837404821574e-18  1.06908022587966e-16 -2.62083081147983e-16  9.37469871790955e-16     0.155876861512285  -0.00628284203486469 -2.59835587117781e-15      0.27870524841114 -1.17012631351741e-16
-0.000780901396560743 -0.000731458587288215   -0.0277970841554133   -0.0498260166216382    -0.141118189859152  1.45385519797073e-15 -3.63151494812161e-16 -5.28239452898894e-17 -1.17012631351741e-16    0.0977170233043314
POPULATION (lambda : 0.2): 6.72318623241233
TOTAL ENERGY: -127.311344207936	 lambda: 0.3
1RDM (lambda : 0.3): 
     1.99999629653304 -6.00320988859064e-07 -0.000122917478189242  6.18838114112171e-05 -3.89733694908822e-05  9.45250302377632e-18 -2.42645030418785e-18 -1.77936533755504e-17  1.12701668846697e-16  -0.00102660570377901
-6.00320988859064e-07      1.99999483018359 -8.14438080489699e-05 -0.000202323029562356 -0.000143357396029909   1.9810808738887e-18 -6.77539741934623e-19 -4.58457059652994e-19 -3.50025836539175e-18  -0.00101919932458711
-0.000122917478189242 -8.14438080489699e-05        1.986147360066  -0.00279707699303134    0.0198066409394654 -2.03740647495646e-16  7.83809681601632e-17  7.92648762197893e-17  6.91808479781443e-17   -0.0585950068723758
 6.18838114112171e-05 -0.000202323029562356  -0.00279707699303134      1.98505975056514  -0.00278534911856612  6.58579953638124e-17 -2.21648600892803e-17 -2.07030730395779e-16 -2.91361443878581e-16   -0.0600397991604516
-3.89733694908822e-05 -0.000143357396029909    0.0198066409394654  -0.00278534911856612      1.91759900193543 -2.65813364752849e-15  1.00375276880325e-15    1.144968219061e-16   1.4705349567721e-15    -0.112207263457346
 9.45250302377632e-18   1.9810808738887e-18 -2.03740647495646e-16  6.58579953638124e-17 -2.65813364752849e-15      1.70848220413953  5.87268453355411e-16  -0.00753366866851418     0.186909525030825  1.02190772586332e-15
-2.42645030418785e-18 -6.77539741934623e-19  7.83809681601632e-17 -2.21648600892803e-17  1.00375276880325e-15  5.87268453355411e-16      1.70848220413959    -0.186909525030683  -0.00753366866851486 -1.80256172557681e-16
-1.77936533755504e-17 -4.58457059652994e-19  7.92648762197893e-17 -2.07030730395779e-16    1.144968219061e-16  -0.00753366866851418    -0.186909525030683      0.29856963394085 -1.96330960214869e-15 -9.63267630399792e-17
 1.12701668846697e-16 -3.50025836539175e-18  6.91808479781443e-17 -2.91361443878581e-16   1.4705349567721e-15     0.186909525030825  -0.00753366866851486 -1.96330960214869e-15     0.298569633940911 -1.98629902282626e-16
 -0.00102660570377901  -0.00101919932458711   -0.0585950068723758   -0.0600397991604516    -0.112207263457346  1.02190772586332e-15 -1.80256172557681e-16 -9.63267630399792e-17 -1.98629902282626e-16    0.0970990845559833
POPULATION (lambda : 0.3): 6.84610467230601
TOTAL ENERGY: -127.269428622773	 lambda: 0.4
1RDM (lambda : 0.4): 
     1.99999566482143 -9.20468219087756e-07  -0.00016273523327744  5.88150617292599e-05 -3.26586718049745e-05   8.3581212624987e-18 -2.59412365146883e-18 -1.78701700383424e-17  1.08770635118655e-16  -0.00126355452689687
-9.20468219087756e-07       1.9999950074738 -0.000105072471563355 -0.000194705600930557 -0.000118506665514958  1.55580439685694e-18  -4.4794955764554e-19 -6.53408861261891e-19 -3.86859868298921e-18  -0.00130219379536739
 -0.00016273523327744 -0.000105072471563355      1.98330685841639  -0.00328041407363592    0.0199109765420548 -2.18906462200786e-16  8.99846969405712e-17  5.75734887793623e-17  2.36035443944512e-17   -0.0892890488028188
 5.88150617292599e-05 -0.000194705600930557  -0.00328041407363592      1.98534396246044  -0.00143080745845772  2.95011512863466e-17 -4.78022146232529e-18 -1.87554918957057e-16 -2.58128457703529e-16   -0.0695866178304815
-3.26586718049745e-05 -0.000118506665514958    0.0199109765420548  -0.00143080745845772      1.92096751527454 -2.92719888405607e-15  1.10041255549482e-15  3.23745768217809e-16  2.00082065733209e-15    -0.080728175009509
  8.3581212624987e-18  1.55580439685694e-18 -2.18906462200786e-16  2.95011512863466e-17 -2.92719888405607e-15      1.69204869652138 -8.01645020038502e-16  -0.00873430461643366     0.216697101990555  5.58131074182439e-16
-2.59412365146883e-18  -4.4794955764554e-19  8.99846969405712e-17 -4.78022146232529e-18  1.10041255549482e-15 -8.01645020038502e-16      1.69204869652139    -0.216697101990467  -0.00873430461643841  1.58796934085526e-17
-1.78701700383424e-17 -6.53408861261891e-19  5.75734887793623e-17 -1.87554918957057e-16  3.23745768217809e-16  -0.00873430461643366    -0.216697101990467     0.314565669782879 -1.26418229215596e-15 -1.32130055078321e-16
 1.08770635118655e-16 -3.86859868298921e-18  2.36035443944512e-17 -2.58128457703529e-16  2.00082065733209e-15     0.216697101990555  -0.00873430461643841 -1.26418229215596e-15     0.314565669782884 -2.47215372490337e-16
 -0.00126355452689687  -0.00130219379536739   -0.0892890488028188   -0.0695866178304815    -0.080728175009509  5.58131074182439e-16  1.58796934085526e-17 -1.32130055078321e-16 -2.47215372490337e-16    0.0971622589449093
POPULATION (lambda : 0.4): 6.96591787804209
TOTAL ENERGY: -127.216065515433	 lambda: 0.5
1RDM (lambda : 0.5): 
       1.999994927619 -1.30276101228817e-06 -0.000210134911350079  5.66817401201725e-05 -2.44438414886265e-05  6.82972731313213e-18   -2.738297950665e-18 -1.79955682687095e-17  1.05135002022826e-16  -0.00149519567883126
-1.30276101228817e-06      1.99999503821763  -0.00013782892417969 -0.000192857424528127 -8.93506147043955e-05  1.21936556549392e-18 -2.58782646866188e-19 -8.92595628408072e-19 -4.34805246443037e-18  -0.00158316391443687
-0.000210134911350079  -0.00013782892417969      1.97963451944227  -0.00401011286023866     0.020393752523517 -2.28065832275034e-16  9.90458670383791e-17  2.97663736072716e-17 -3.65654610437281e-17    -0.119807190986326
 5.66817401201725e-05 -0.000192857424528127  -0.00401011286023866      1.98520917437796  0.000273232699196476  3.39611120134414e-17 -6.42481275331865e-18 -1.90872498929488e-16 -2.80022427343197e-16   -0.0782768534346661
-2.44438414886265e-05 -8.93506147043955e-05     0.020393752523517  0.000273232699196476       1.9245001707516 -3.05234334889534e-15  1.13577563469339e-15  4.98780036623961e-16  2.45078289135137e-15   -0.0476257051559437
 6.82972731313213e-18  1.21936556549392e-18 -2.28065832275034e-16  3.39611120134414e-17 -3.05234334889534e-15       1.6802849310579  1.43681329612608e-15  -0.00995093566890026     0.246881546811469  8.57045170326379e-17
  -2.738297950665e-18 -2.58782646866188e-19  9.90458670383791e-17 -6.42481275331865e-18  1.13577563469339e-15  1.43681329612608e-15      1.68028493105795    -0.246881546811239  -0.00995093566890263  2.14679487859348e-16
-1.79955682687095e-17 -8.92595628408072e-19  2.97663736072716e-17 -1.90872498929488e-16  4.98780036623961e-16  -0.00995093566890026    -0.246881546811239     0.326143541789599 -1.02560297296549e-15 -1.76033649448106e-16
 1.05135002022826e-16 -4.34805246443037e-18 -3.65654610437281e-17 -2.80022427343197e-16  2.45078289135137e-15     0.246881546811469  -0.00995093566890263 -1.02560297296549e-15     0.326143541789648 -3.16474916092451e-16
 -0.00149519567883126  -0.00158316391443687    -0.119807190986326   -0.0782768534346661   -0.0476257051559437  8.57045170326379e-17  2.14679487859348e-16 -1.76033649448106e-16 -3.16474916092451e-16    0.0978092238964537
POPULATION (lambda : 0.5): 7.08450506254565
TOTAL ENERGY: -127.150337511009	 lambda: 0.6
1RDM (lambda : 0.6): 
     1.99999407528179 -1.75155115892978e-06 -0.000265599593158649  5.61213784279681e-05 -1.49610875062768e-05  4.81389846908333e-18 -2.87838688397275e-18 -1.81612105220608e-17  1.01649369644285e-16  -0.00172548249114444
-1.75155115892978e-06      1.99999492372739 -0.000179522343904704 -0.000195879097766944 -5.61631669318008e-05   8.8895470581417e-19 -7.95501063078392e-20 -1.15008322741463e-18 -4.86349179255708e-18  -0.00186456620811331
-0.000265599593158649 -0.000179522343904704      1.97511867229841  -0.00485475560638848    0.0212973600876761  -2.3693412520964e-16  1.07161363426335e-16 -1.81076316034379e-18 -1.03244472710639e-16    -0.150104069556676
 5.61213784279681e-05 -0.000195879097766944  -0.00485475560638848      1.98472073379311   0.00215292143275548  5.86540095787532e-17 -2.09711621464544e-17  -2.0283590665963e-16 -3.15163773946557e-16   -0.0861142925356393
-1.49610875062768e-05 -5.61631669318008e-05    0.0212973600876761   0.00215292143275548      1.92780079918473 -3.07314225335252e-15  1.12089767981469e-15  6.69554438591702e-16  2.90962277553724e-15   -0.0139487213276422
 4.81389846908333e-18   8.8895470581417e-19  -2.3693412520964e-16  5.86540095787532e-17 -3.07314225335252e-15      1.67268513214835  6.48012929473775e-16   -0.0112411803369156     0.278892454207032 -3.77322623692548e-16
-2.87838688397275e-18 -7.95501063078392e-20  1.07161363426335e-16 -2.09711621464544e-17  1.12089767981469e-15  6.48012929473775e-16      1.67268513214841       -0.278892454207   -0.0112411803369225  4.07737721774824e-16
-1.81612105220608e-17 -1.15008322741463e-18 -1.81076316034379e-18  -2.0283590665963e-16  6.69554438591702e-16   -0.0112411803369156       -0.278892454207     0.333798976418733 -1.32308279934916e-15 -2.25781236471732e-16
 1.01649369644285e-16 -4.86349179255708e-18 -1.03244472710639e-16 -3.15163773946557e-16  2.90962277553724e-15     0.278892454207032   -0.0112411803369225 -1.32308279934916e-15      0.33379897641879 -3.96018010261529e-16
 -0.00172548249114444  -0.00186456620811331    -0.150104069556676   -0.0861142925356393   -0.0139487213276422 -3.77322623692548e-16  4.07737721774824e-16 -2.25781236471732e-16 -3.96018010261529e-16    0.0994025785802864
POPULATION (lambda : 0.6): 7.20398266624989
TOTAL ENERGY: -127.071052304128	 lambda: 0.7
1RDM (lambda : 0.7): 
     1.99999310080213 -2.27368487744464e-06 -0.000329863140695005  5.72735807921888e-05 -4.09792049619869e-06  2.17777612578401e-18 -2.94534738404645e-18 -1.84290807155218e-17  9.78270275772188e-17  -0.00195761723978791
-2.27368487744464e-06      1.99999466736277  -0.00023017728917214 -0.000202991798786602 -1.89531142321733e-05 -5.85651141951009e-18  2.72688992556251e-18 -8.85661283094937e-19 -3.40172268375859e-18  -0.00214737494329334
