TOTAL ENERGY: -126.714417762465	 lambda: -1
1RDM (lambda : -1): 
     1.99999260985239 -7.32412321923319e-06  0.000620998860233393  0.000140702486177974  -0.00039683131886296 -6.87219590288548e-18   7.5479319784218e-18  3.67034808671101e-17  1.68848450555954e-17  -0.00346034915062396
-7.32412321923319e-06      1.99997746535264  0.000875555245801938   0.00075600975663003  -7.2942999247777e-06 -2.72172234745598e-19  7.44066415158815e-19 -3.03100991689772e-18  1.67246250963251e-18  -0.00382076004806359
 0.000620998860233393  0.000875555245801938      1.93110473640335   -0.0295204754469863    0.0458595831423246 -4.00768068576556e-17  -2.1456350817566e-16  4.72817161422128e-16 -3.31407341252777e-16     0.336508186349285
 0.000140702486177974   0.00075600975663003   -0.0295204754469863      1.96097473419375  -0.00491338191927324   3.5213113213518e-17 -4.19257255165864e-16 -9.81434884546883e-16  1.07107291174204e-16    0.0868084672455954
 -0.00039683131886296  -7.2942999247777e-06    0.0458595831423246  -0.00491338191927324      1.92280594038411 -3.39659869021099e-16 -2.16012766149177e-16 -2.35004856588225e-15   2.5905997617857e-15    -0.242102061957904
-6.87219590288548e-18 -2.72172234745598e-19 -4.00768068576556e-17   3.5213113213518e-17 -3.39659869021099e-16      1.84448150600151  1.65579798140407e-14     0.129834174879822     0.418741650919279  4.89211264366848e-16
  7.5479319784218e-18  7.44066415158815e-19  -2.1456350817566e-16 -4.19257255165864e-16 -2.16012766149177e-16  1.65579798140407e-14      1.84448150600148    -0.418741650919339     0.129834174879765  2.14961790019726e-15
 3.67034808671101e-17 -3.03100991689772e-18  4.72817161422128e-16 -9.81434884546883e-16 -2.35004856588225e-15     0.129834174879822    -0.418741650919339     0.181077016859852  7.27041874864385e-15 -3.44682994915811e-16
 1.68848450555954e-17  1.67246250963251e-18 -3.31407341252777e-16  1.07107291174204e-16   2.5905997617857e-15     0.418741650919279     0.129834174879765  7.27041874864385e-15     0.181077016859812 -2.83336042132806e-17
 -0.00346034915062396  -0.00382076004806359     0.336508186349285    0.0868084672455954    -0.242102061957904  4.89211264366848e-16  2.14961790019726e-15 -3.44682994915811e-16 -2.83336042132806e-17     0.134027468091135
POPULATION (lambda : -1): 5.06836818606783
TOTAL ENERGY: -126.841498565969	 lambda: -0.9
1RDM (lambda : -0.9): 
     1.99999377382683 -5.92381217256418e-06  0.000509410709024156  9.92335192301745e-05 -0.000329450286541803 -5.91543886687924e-18  7.41466882667318e-18  4.24422769630962e-17  1.36011780201971e-17  -0.00310409790054304
-5.92381217256418e-06      1.99997966350777  0.000740232159722031  0.000684860976403313  3.99711565820175e-05 -5.15171950768637e-19 -6.50085117543069e-19 -2.71738726594787e-18  1.62243277916484e-18  -0.00345242044982202
 0.000509410709024156  0.000740232159722031      1.94081272734534   -0.0256145525216252    0.0414610964501657 -1.01426435329029e-16 -5.13844236260059e-16 -2.20914151384757e-16  2.59667731321698e-17     0.308952215310676
 9.92335192301745e-05  0.000684860976403313   -0.0256145525216252      1.96345118463682  -0.00518883963546794  2.33012001057724e-16  6.26161167562115e-16   1.2222145283778e-15 -1.07306729244649e-15    0.0752813106654721
-0.000329450286541803  3.99711565820175e-05    0.0414610964501657  -0.00518883963546794      1.92530839327874 -5.70211484737511e-16 -1.54470585547648e-15 -5.03519529139798e-15  3.99339607301086e-15     -0.23003467791431
-5.91543886687924e-18 -5.15171950768637e-19 -1.01426435329029e-16  2.33012001057724e-16 -5.70211484737511e-16      1.85766908973791  6.39596849853036e-15     0.113912302093182     0.367390369743933  5.19146500260223e-16
 7.41466882667318e-18 -6.50085117543069e-19 -5.13844236260059e-16  6.26161167562115e-16 -1.54470585547648e-15  6.39596849853036e-15      1.85766908973789    -0.367390369743961      0.11391230209316  2.31111479903721e-15
 4.24422769630962e-17 -2.71738726594787e-18 -2.20914151384757e-16   1.2222145283778e-15 -5.03519529139798e-15     0.113912302093182    -0.367390369743961     0.166343777364807  2.77627165588789e-16  5.33515193073369e-16
 1.36011780201971e-17  1.62243277916484e-18  2.59667731321698e-17 -1.07306729244649e-15  3.99339607301086e-15     0.367390369743933      0.11391230209316  2.77627165588789e-16     0.166343777364784 -4.90774751586232e-16
 -0.00310409790054304  -0.00345242044982202     0.308952215310676    0.0752813106654721     -0.23003467791431  5.19146500260223e-16  2.31111479903721e-15  5.33515193073369e-16 -4.90774751586232e-16     0.122428523199082
POPULATION (lambda : -0.9): 5.20214913797307
TOTAL ENERGY: -126.95617526183	 lambda: -0.8
1RDM (lambda : -0.8): 
     1.99999477773626 -4.66940089056306e-06  0.000408589178989329   6.2531331293514e-05 -0.000266647859584621 -5.20753218012645e-18  6.31629688861702e-18  4.68922518208834e-17  1.09962345219277e-17  -0.00274593479312778
-4.66940089056306e-06      1.99998174244503  0.000615183087670537  0.000618443779713865  8.15688977877902e-05 -6.32229000847394e-19 -1.32967867090861e-18 -2.38611646073018e-18  1.55615480439065e-18  -0.00307677909998585
 0.000408589178989329  0.000615183087670537      1.94987251635962   -0.0219843602176817    0.0372029569650797 -1.23134720162556e-16 -6.15104699188293e-16 -5.52534615511354e-16  1.85684880516922e-16     0.280406183244735
  6.2531331293514e-05  0.000618443779713865   -0.0219843602176817      1.96587595392241  -0.00547915213771187  3.07529887278891e-16  1.04783081315758e-15  2.25903351504897e-15 -1.61760416618676e-15    0.0638088882455804
-0.000266647859584621  8.15688977877902e-05    0.0372029569650797  -0.00547915213771187      1.92807572843462 -6.54675076167949e-16 -2.11174204160887e-15 -6.29653921237475e-15  4.62145013247168e-15    -0.217364311621048
-5.20753218012645e-18 -6.32229000847394e-19 -1.23134720162556e-16  3.07529887278891e-16 -6.54675076167949e-16      1.86685796955799  1.39448622119948e-14    0.0983738085831263     0.317275564435886  5.10715990229166e-16
 6.31629688861702e-18 -1.32967867090861e-18 -6.15104699188293e-16  1.04783081315758e-15 -2.11174204160887e-15  1.39448622119948e-14      1.86685796955796    -0.317275564435985    0.0983738085830558  2.27844832984061e-15
 4.68922518208834e-17 -2.38611646073018e-18 -5.52534615511354e-16  2.25903351504897e-15 -6.29653921237475e-15    0.0983738085831263    -0.317275564435985     0.155637074006678  4.83595391089324e-15  9.39468683982763e-16
 1.09962345219277e-17  1.55615480439065e-18  1.85684880516922e-16 -1.61760416618676e-15  4.62145013247168e-15     0.317275564435886    0.0983738085830558  4.83595391089324e-15     0.155637074006644 -6.97326542053397e-16
 -0.00274593479312778  -0.00307677909998585     0.280406183244735    0.0638088882455804    -0.217364311621048  5.10715990229166e-16  2.27844832984061e-15  9.39468683982763e-16 -6.97326542053397e-16     0.111209193972851
POPULATION (lambda : -0.8): 5.33707291889038
TOTAL ENERGY: -127.058121915119	 lambda: -0.7
1RDM (lambda : -0.7): 
     1.99999562220269 -3.56547199723855e-06  0.000318720716734797  3.00490238305887e-05 -0.000207586637535504 -5.52986022542435e-18  4.01203984199531e-19  4.48746661824984e-17  1.21863610559027e-17   -0.0023849508358129
-3.56547199723855e-06      1.99998368145657   0.00050100986070427  0.000556565002789616  0.000118628829277034 -2.55889106580641e-19  1.05638394831245e-18 -2.51766162598654e-18   1.7048692956089e-18  -0.00269534905414082
 0.000318720716734797   0.00050100986070427      1.95820344330734   -0.0186355563231009    0.0331594516051254  6.88232790422071e-17  3.44201771786059e-16  1.37502315407941e-15 -8.89553124563557e-16     0.250774855410904
 3.00490238305887e-05  0.000556565002789616   -0.0186355563231009      1.96822376751318  -0.00570215689661979 -2.79405013170449e-16 -1.83151217447085e-15 -4.39918466861931e-15  2.00638947902778e-15    0.0521722847007973
-0.000207586637535504  0.000118628829277034    0.0331594516051254  -0.00570215689661979      1.93084840658276  2.22216777041359e-16  2.21368097323195e-15  4.01023283950371e-15 -9.96190434811407e-16    -0.203607715697188
-5.52986022542435e-18 -2.55889106580641e-19  6.88232790422071e-17 -2.79405013170449e-16  2.22216777041359e-16      1.87289232274165 -2.65969540870295e-15    0.0832480893208097     0.268492039532148   3.3281917540761e-16
 4.01203984199531e-19  1.05638394831245e-18  3.44201771786059e-16 -1.83151217447085e-15  2.21368097323195e-15 -2.65969540870295e-15      1.87289232274165    -0.268492039532111    0.0832480893208145  1.45690163105915e-15
 4.48746661824984e-17 -2.51766162598654e-18  1.37502315407941e-15 -4.39918466861931e-15  4.01023283950371e-15    0.0832480893208097    -0.268492039532111     0.148104861179553 -1.29035330148094e-15 -1.73382254292812e-15
 1.21863610559027e-17   1.7048692956089e-18 -8.89553124563557e-16  2.00638947902778e-15 -9.96190434811407e-16     0.268492039532148    0.0832480893208145 -1.29035330148094e-15     0.148104861179564  7.62592742103116e-16
  -0.0023849508358129  -0.00269534905414082     0.250774855410904    0.0521722847007973    -0.203607715697188   3.3281917540761e-16  1.45690163105915e-15 -1.73382254292812e-15  7.62592742103116e-16      0.10075071109509
POPULATION (lambda : -0.7): 5.47301322029533
TOTAL ENERGY: -127.147154996776	 lambda: -0.6
1RDM (lambda : -0.6): 
     1.99999630732251 -2.61354388923372e-06  0.000240338907783258  1.65362735440683e-06 -0.000152774200896888 -4.42266496363956e-18  1.67793034509261e-18  5.25495580944704e-17  7.57992161447303e-18   -0.0020203326094139
-2.61354388923372e-06      1.99998546844818  0.000398273156567132  0.000499231204152564  0.000151163984196218 -6.09632244486701e-19 -1.21863764887613e-18 -1.86607224628509e-18  1.49091933570719e-18  -0.00230793416035436
 0.000240338907783258  0.000398273156567132      1.96569225145688   -0.0156026386273069    0.0294903317021027 -7.09593574199344e-17 -3.44764676406733e-16 -2.25776472188665e-16 -4.01122794343151e-17     0.220143556676636
 1.65362735440683e-06  0.000499231204152564   -0.0156026386273069      1.97046310241955  -0.00575134330718115  1.53876865136585e-16  3.96719899038949e-16  9.52575445664685e-16 -8.54351402372344e-16    0.0403583860983216
-0.000152774200896888  0.000151163984196218    0.0294903317021027  -0.00575134330718115      1.93331068496418 -4.05116224699289e-16 -1.11995740221177e-15 -3.89522859037186e-15  3.18620946626987e-15    -0.189021832581269
-4.42266496363956e-18 -6.09632244486701e-19 -7.09593574199344e-17  1.53876865136585e-16 -4.05116224699289e-16      1.87633333998835 -4.47523812008148e-16     0.068445194896002     0.220749690823743  4.11041606658095e-16
 1.67793034509261e-18 -1.21863764887613e-18 -3.44764676406733e-16  3.96719899038949e-16 -1.11995740221177e-15 -4.47523812008148e-16      1.87633333998835    -0.220749690823636    0.0684451948960032  1.82602966245221e-15
 5.25495580944704e-17 -1.86607224628509e-18 -2.25776472188665e-16  9.52575445664685e-16 -3.89522859037186e-15     0.068445194896002    -0.220749690823636     0.143174747404214  5.15465955179889e-16  3.92206482104829e-16
 7.57992161447303e-18  1.49091933570719e-18 -4.01122794343151e-17 -8.54351402372344e-16  3.18620946626987e-15     0.220749690823743    0.0684451948960032  5.15465955179889e-16     0.143174747404219 -3.66790173301075e-16
  -0.0020203326094139  -0.00230793416035436     0.220143556676636    0.0403583860983216    -0.189021832581269  4.11041606658095e-16  1.82602966245221e-15  3.92206482104829e-16 -3.66790173301075e-16    0.0915360106035798
POPULATION (lambda : -0.6): 5.61000075346395
TOTAL ENERGY: -127.223061801704	 lambda: -0.5
1RDM (lambda : -0.5): 
     1.99999683208767 -1.81504442384803e-06  0.000174131636562807 -2.25764944478597e-05 -0.000103131272341113 -4.48570344098687e-18 -3.00259694535234e-18  5.24639768788546e-17  7.50631158735045e-18   -0.0016519216491212
-1.81504442384803e-06       1.9999870950537  0.000307572175857431  0.000446574359729079  0.000178722082249075  -4.3147846378199e-19  3.33994169068597e-20 -2.06941531350562e-18  1.67926168000524e-18  -0.00191381332196228
 0.000174131636562807  0.000307572175857431      1.97224087083668   -0.0129150365919367    0.0263084731376988  3.17493996464712e-17  2.32310208754282e-16  1.00763397779516e-15 -7.04844995146397e-16      0.18870945314645
-2.25764944478597e-05  0.000446574359729079   -0.0129150365919367      1.97257640868149   -0.0055700589094263 -1.61458086333721e-16 -1.27558152621866e-15 -3.35387117351973e-15   1.3938909762672e-15     0.028516302628909
-0.000103131272341113  0.000178722082249075    0.0263084731376988   -0.0055700589094263      1.93530390122421  9.11176039234754e-17  1.53491925858543e-15  3.56940770998238e-15 -7.19497616832204e-16    -0.174252519451784
-4.48570344098687e-18  -4.3147846378199e-19  3.17493996464712e-17 -1.61458086333721e-16  9.11176039234754e-17        1.877366452412  1.57977351813829e-15    0.0538436919128931     0.173656870258324  3.13861564286755e-16
-3.00259694535234e-18  3.33994169068597e-20  2.32310208754282e-16 -1.27558152621866e-15  1.53491925858543e-15  1.57977351813829e-15      1.87736645241199    -0.173656870258409    0.0538436919129022  1.37564795422116e-15
 5.24639768788546e-17 -2.06941531350562e-18  1.00763397779516e-15 -3.35387117351973e-15  3.56940770998238e-15    0.0538436919128931    -0.173656870258409     0.140653513131655 -1.89449638565698e-15 -1.32970081486833e-15
 7.50631158735045e-18  1.67926168000524e-18 -7.04844995146397e-16   1.3938909762672e-15 -7.19497616832204e-16     0.173656870258324    0.0538436919129022 -1.89449638565698e-15     0.140653513131644  5.39192251759417e-16
  -0.0016519216491212  -0.00191381332196228      0.18870945314645     0.028516302628909    -0.174252519451784  3.13861564286755e-16  1.37564795422116e-15 -1.32970081486833e-15  5.39192251759417e-16    0.0838549610289564
POPULATION (lambda : -0.5): 5.748028472108
TOTAL ENERGY: -127.285600412821	 lambda: -0.4
1RDM (lambda : -0.4): 
     1.99999719492744 -1.17226238069141e-06  0.000120755706001395 -4.25669599142029e-05 -5.93495425118351e-05  -3.6892805215529e-18 -2.70580828755594e-18  5.88076648017131e-17  3.65735687865174e-18  -0.00128020579921895
-1.17226238069141e-06      1.99998855419497  0.000229544159209129  0.000398727533320082  0.000200895047829072 -6.27532199385167e-19 -1.50489575545996e-18 -1.27004668602528e-18  1.39890490872708e-18  -0.00151249646124714
 0.000120755706001395  0.000229544159209129      1.97778824510532   -0.0105774916794513    0.0236195470357013 -5.74744556097139e-17 -2.51826922566114e-16 -2.40663041364516e-16 -7.81190236823952e-17     0.156666281276053
-4.25669599142029e-05  0.000398727533320082   -0.0105774916794513      1.97456636985557  -0.00517957528907991  1.04214238121367e-16  2.58540181365833e-16  7.59108387585133e-16 -6.84275948193734e-16    0.0168481917443047
-5.93495425118351e-05  0.000200895047829072    0.0236195470357013  -0.00517957528907991      1.93689924891751 -3.15589049433217e-16 -9.05207174697178e-16 -3.05364182892491e-15  2.57067559859852e-15    -0.159888197854313
 -3.6892805215529e-18 -6.27532199385167e-19 -5.74744556097139e-17  1.04214238121367e-16 -3.15589049433217e-16      1.87586810595829  5.42604072148985e-16    0.0393618963999963     0.126950136616167  3.45629263450213e-16
-2.70580828755594e-18 -1.50489575545996e-18 -2.51826922566114e-16  2.58540181365833e-16 -9.05207174697178e-16  5.42604072148985e-16      1.87586810595826    -0.126950136616231    0.0393618963999896  1.51023598179434e-15
 5.88076648017131e-17 -1.27004668602528e-18 -2.40663041364516e-16  7.59108387585133e-16 -3.05364182892491e-15    0.0393618963999963    -0.126950136616231     0.140665718399604 -5.92943774765578e-15  2.86688631535074e-16
 3.65735687865174e-18  1.39890490872708e-18 -7.81190236823952e-17 -6.84275948193734e-16  2.57067559859852e-15     0.126950136616167    0.0393618963999896 -5.92943774765578e-15     0.140665718399587  -2.7261190723674e-16
 -0.00128020579921895  -0.00151249646124714     0.156666281276053    0.0168481917443047    -0.159888197854313  3.45629263450213e-16  1.51023598179434e-15  2.86688631535074e-16  -2.7261190723674e-16    0.0776927382834947
POPULATION (lambda : -0.4): 5.88701997329146
TOTAL ENERGY: -127.334530212988	 lambda: -0.3
1RDM (lambda : -0.3): 
     1.99999739428438 -6.88124872926284e-07  8.07679443644623e-05 -5.83573385605671e-05 -2.17482588742138e-05 -3.11439434728236e-18 -2.74307936175651e-18  6.46108431947766e-17  2.04994657966303e-19  -0.00090612067452336
-6.88124872926284e-07       1.9999898391536  0.000164878757955281  0.000355784256502132  0.000217468594336722 -7.22387763555246e-19  -2.7951669487657e-18 -2.53323850697718e-19  1.05951204878854e-18  -0.00110409296081464
 8.07679443644623e-05  0.000164878757955281      1.98229913252485  -0.00857389189485556    0.0213461926031004 -1.10503870372132e-16 -6.56942634855798e-16 -1.40923276098742e-15   4.3628663173972e-16      0.12411366759254
-5.83573385605671e-05  0.000355784256502132  -0.00857389189485556      1.97644512747032  -0.00465764084061492  2.54204564147515e-16  1.49375003219023e-15  4.40066088891491e-15 -2.28702877130677e-15   0.00549810423726376
-2.17482588742138e-05  0.000217468594336722    0.0213461926031004  -0.00465764084061492      1.93832524800105 -5.48575395838364e-16 -2.89204888584702e-15 -9.36068531279004e-15   5.2653338021324e-15    -0.146121325925269
-3.11439434728236e-18 -7.22387763555246e-19 -1.10503870372132e-16  2.54204564147515e-16 -5.48575395838364e-16      1.87155989106483 -1.68186736060977e-15    0.0250012659954301    0.0806341967057888  3.53511847244566e-16
-2.74307936175651e-18  -2.7951669487657e-18 -6.56942634855798e-16  1.49375003219023e-15 -2.89204888584702e-15 -1.68186736060977e-15      1.87155989106483   -0.0806341967059135     0.025001265995449  1.52119695042014e-15
 6.46108431947766e-17 -2.53323850697718e-19 -1.40923276098742e-15  4.40066088891491e-15 -9.36068531279004e-15    0.0250012659954301   -0.0806341967059135     0.143503304257566 -9.22788051428686e-17  1.68560334656034e-15
 2.04994657966303e-19  1.05951204878854e-18   4.3628663173972e-16 -2.28702877130677e-15   5.2653338021324e-15    0.0806341967057888     0.025001265995449 -9.22788051428686e-17      0.14350330425757 -8.84979045831373e-16
 -0.00090612067452336  -0.00110409296081464      0.12411366759254   0.00549810423726376    -0.146121325925269  3.53511847244566e-16  1.52119695042014e-15  1.68560334656034e-15 -8.84979045831373e-16    0.0728168679210376
POPULATION (lambda : -0.3): 6.02683674543176
TOTAL ENERGY: -127.369624271412	 lambda: -0.2
1RDM (lambda : -0.2): 
     1.99999742894651 -3.65427433511714e-07  5.46396790471284e-05 -7.00978854705135e-05  9.52530268380265e-06 -3.28629810351337e-18 -9.42276440378629e-18  6.27095434919549e-17  7.33156363296872e-19 -0.000530985751823669
-3.65427433511714e-07      1.99999094299718  0.000114348901487294  0.000317873397789241  0.000228292307232038 -5.75245783785503e-19 -8.15217836034256e-19 -1.28590197397493e-18  1.52795909439682e-18 -0.000689491566277181
 5.46396790471284e-05  0.000114348901487294       1.9857360858986  -0.00688784241619388    0.0194003128045062 -2.22131649077772e-17  1.45486475226386e-16  6.17568137209778e-16 -4.64801597450034e-16    0.0910375947769451
-7.00978854705135e-05  0.000317873397789241  -0.00688784241619388      1.97821352163335  -0.00408880452968622 -1.85472860270091e-17 -7.70790723100668e-16 -2.13821030174123e-15  5.64671754935878e-16  -0.00550770859772843
 9.52530268380265e-06  0.000228292307232038    0.0194003128045062  -0.00408880452968622      1.93982158965925 -1.35556118784565e-16  6.33297664437349e-16  2.87359739461537e-15 -6.90969338203539e-17    -0.132634774799929
-3.28629810351337e-18 -5.75245783785503e-19 -2.22131649077772e-17 -1.85472860270091e-17 -1.35556118784565e-16      1.86420916703309  -2.5864761657281e-16    0.0108570650104906    0.0350162395548719  2.78382366708734e-16
-9.42276440378629e-18 -8.15217836034256e-19  1.45486475226386e-16 -7.70790723100668e-16  6.33297664437349e-16  -2.5864761657281e-16      1.86420916703308   -0.0350162395549369    0.0108570650104864  1.14022475364445e-15
 6.27095434919549e-17 -1.28590197397493e-18  6.17568137209778e-16 -2.13821030174123e-15  2.87359739461537e-15    0.0108570650104906   -0.0350162395549369     0.149426368698808 -1.69105028952862e-15 -8.54309801304523e-16
 7.33156363296872e-19  1.52795909439682e-18 -4.64801597450034e-16  5.64671754935878e-16 -6.90969338203539e-17    0.0350162395548719    0.0108570650104864 -1.69105028952862e-15     0.149426368698804   2.3236392304679e-16
-0.000530985751823669 -0.000689491566277181    0.0910375947769451  -0.00550770859772843    -0.132634774799929  2.78382366708734e-16  1.14022475364445e-15 -8.54309801304523e-16   2.3236392304679e-16    0.0689693594013446
POPULATION (lambda : -0.2): 6.16722590321019
TOTAL ENERGY: -127.390701353831	 lambda: -0.1
1RDM (lambda : -0.1): 
     1.99999729841626 -2.05732452397525e-07   4.2752273678125e-05 -7.80028895063158e-05  3.42655046262683e-05 -3.00695040458563e-18 -1.01274250424043e-17  6.76868143492608e-17 -2.23605195850571e-18 -0.000156596434466986
-2.05732452397525e-07      1.99999185810207  7.87866906096271e-05  0.000285271822566563  0.000233101551323807 -5.73612831672739e-19  -1.8231236840743e-18 -2.81791698442718e-19  1.24540640011859e-18 -0.000270410426055655
  4.2752273678125e-05  7.87866906096271e-05      1.98803978067348  -0.00552332852594752    0.0177487836713694 -4.42064660264997e-17 -1.75336747828554e-16 -3.80802636226117e-16 -9.48004263185249e-17    0.0573641751024651
-7.80028895063158e-05  0.000285271822566563  -0.00552332852594752      1.97984381086544   -0.0035177204314005   4.0145506659535e-17  1.82388737437494e-16  7.84693291750323e-16 -5.10314920894317e-16   -0.0162466582873925
 3.42655046262683e-05  0.000233101551323807    0.0177487836713694   -0.0035177204314005      1.94151543629559  -2.4127282092534e-16 -9.05114820412597e-16 -2.20326654313043e-15  1.69468488216614e-15    -0.118725683286803
-3.00695040458563e-18 -5.73612831672739e-19 -4.42064660264997e-17   4.0145506659535e-17  -2.4127282092534e-16      1.85384042709283  8.57955718697442e-16  -0.00290765400796312  -0.00937777488741458   2.7636381156777e-16
-1.01274250424043e-17  -1.8231236840743e-18 -1.75336747828554e-16  1.82388737437494e-16 -9.05114820412597e-16  8.57955718697442e-16      1.85384042709282   0.00937777488737012  -0.00290765400795572  1.09362245533673e-15
 6.76868143492608e-17 -2.81791698442718e-19 -3.80802636226117e-16  7.84693291750323e-16 -2.20326654313043e-15  -0.00290765400796312   0.00937777488737012     0.158449688529983 -2.22786051645012e-15  2.39302181146465e-16
-2.23605195850571e-18  1.24540640011859e-18 -9.48004263185249e-17 -5.10314920894317e-16  1.69468488216614e-15  -0.00937777488741458  -0.00290765400795572 -2.22786051645012e-15     0.158449688529973 -1.68840557461436e-16
-0.000156596434466986 -0.000270410426055655    0.0573641751024651   -0.0162466582873925    -0.118725683286803   2.7636381156777e-16  1.09362245533673e-15  2.39302181146465e-16 -1.68840557461436e-16    0.0660315844015791
POPULATION (lambda : -0.1): 6.30772909859863
TOTAL ENERGY: -127.397706097468	 lambda: 0
1RDM (lambda : 0): 
     1.99999700344847 -2.08216503499342e-07  4.53154574848832e-05 -8.23375986798167e-05  5.21847052495906e-05  -2.8563142487841e-18 -1.33136352888025e-17  6.97890823067761e-17   -3.931629394021e-18   0.00021477419067353
-2.08216503499342e-07      1.99999257615622  5.89552302546774e-05  0.000258438154163343  0.000231484999607462 -5.66811997457314e-19 -1.62014086858684e-18 -1.52369434317689e-19  1.22898513084388e-18  0.000150794812824131
 4.53154574848832e-05  5.89552302546774e-05      1.98913383616951   -0.0045098955945548    0.0164329169104778 -4.68662235114042e-17  -7.1366363352784e-17 -1.71433024933347e-16 -1.56712555133184e-16     0.023047472394226
-8.23375986798167e-05  0.000258438154163343   -0.0045098955945548      1.98127750792256  -0.00292970780674031  3.89338963582201e-17 -6.25654531054497e-17  8.98463697284407e-17 -3.01813994201518e-16   -0.0268288313077607
 5.21847052495906e-05  0.000231484999607462    0.0164329169104778  -0.00292970780674031      1.94338492621596 -2.61404756567461e-16   -6.359490934499e-16 -6.13943849487377e-16  1.13141096715499e-15    -0.103583688109096
 -2.8563142487841e-18 -5.66811997457314e-19 -4.68662235114042e-17  3.89338963582201e-17 -2.61404756567461e-16      1.84089184462695 -8.00974577704193e-15    -0.016120506950411    -0.051991915937606   2.5131558701783e-16
-1.33136352888025e-17 -1.62014086858684e-18  -7.1366363352784e-17 -6.25654531054497e-17   -6.359490934499e-16 -8.00974577704193e-15      1.84089184462698    0.0519919159375178   -0.0161205069504234  9.39129718137103e-16
 6.97890823067761e-17 -1.52369434317689e-19 -1.71433024933347e-16  8.98463697284407e-17 -6.13943849487377e-16    -0.016120506950411    0.0519919159375178     0.170180158026223  5.62144482632792e-16 -3.47550780995905e-17
  -3.931629394021e-18  1.22898513084388e-18 -1.56712555133184e-16 -3.01813994201518e-16  1.13141096715499e-15    -0.051991915937606   -0.0161205069504234  5.62144482632792e-16     0.170180158026256 -8.12157734815644e-17
  0.00021477419067353  0.000150794812824131     0.023047472394226   -0.0268288313077607    -0.103583688109096   2.5131558701783e-16  9.39129718137103e-16 -3.47550780995905e-17 -8.12157734815644e-17    0.0640701447809323
POPULATION (lambda : 0): 6.44766471803372
TOTAL ENERGY: -127.390789556048	 lambda: 0.1
1RDM (lambda : 0.1): 
     1.99999654635667 -3.69108715452593e-07  6.22562591614021e-05 -8.34614557386113e-05  6.31088039316657e-05 -2.78195251087922e-18 -1.60036528648611e-17  7.22534684299251e-17 -5.73999813046196e-18  0.000580708571381649
-3.69108715452593e-07      1.99999308882299  5.53636538962335e-05  0.000237908518325936  0.000223026216540618 -5.26499369162354e-19 -1.61389009709235e-18   1.7611499723101e-19  1.16820658821295e-18  0.000571643500308654
 6.22562591614021e-05  5.53636538962335e-05      1.98895022549086   -0.0038878769562738    0.0155383759883147  -4.6370067571296e-17 -5.65744416928798e-17 -2.19809204425331e-16 -1.49641377167177e-16   -0.0118639745492782
-8.34614557386113e-05  0.000237908518325936   -0.0038878769562738      1.98244046846868  -0.00226461626662142  3.04077337742439e-17 -6.95607825557754e-17  1.33604288515478e-16 -2.86603475768442e-16   -0.0373155061536557
 6.31088039316657e-05  0.000223026216540618    0.0155383759883147  -0.00226461626662142      1.94531014116684 -2.77210491598284e-16 -7.35911129218057e-16 -3.99082783940174e-16  9.27762688883404e-16   -0.0865841269009765
-2.78195251087922e-18 -5.26499369162354e-19  -4.6370067571296e-17  3.04077337742439e-17 -2.77210491598284e-16      1.82623453750804 -1.11927588290889e-14   -0.0286712954645399   -0.0924707684044468  2.24544394529101e-16
-1.60036528648611e-17 -1.61389009709235e-18 -5.65744416928798e-17 -6.95607825557754e-17 -7.35911129218057e-16 -1.11927588290889e-14      1.82623453750806    0.0924707684043773   -0.0286712954645576  7.89695854506758e-16
 7.22534684299251e-17   1.7611499723101e-19 -2.19809204425331e-16  1.33604288515478e-16 -3.99082783940174e-16   -0.0286712954645399    0.0924707684043773     0.183789262247111 -4.19643827152949e-15 -3.52778714265753e-17
-5.73999813046196e-18  1.16820658821295e-18 -1.49641377167177e-16 -2.86603475768442e-16  9.27762688883404e-16   -0.0924707684044468   -0.0286712954645576 -4.19643827152949e-15     0.183789262247141 -6.64402953420439e-17
 0.000580708571381649  0.000571643500308654   -0.0118639745492782   -0.0373155061536557   -0.0865841269009765  2.24544394529101e-16  7.89695854506758e-16 -3.52778714265753e-17 -6.64402953420439e-17    0.0632619301836431
POPULATION (lambda : 0.1): 6.58627391874463
TOTAL ENERGY: -127.370297734615	 lambda: 0.2
1RDM (lambda : 0.2): 
     1.99999593052085 -6.82364350328776e-07  9.31895476232302e-05 -8.18840179445541e-05  6.72079937661723e-05 -2.72063865242843e-18 -1.86292835593689e-17   7.4545024507018e-17 -7.46563491008096e-18  0.000939282955388236
-6.82364350328776e-07      1.99999338866483  6.81460709457871e-05  0.000224102978363632  0.000207489621648392 -4.78148477721062e-19 -1.55454410679329e-18  4.99169778127954e-19  1.10358776187949e-18  0.000990211556817678
 9.31895476232302e-05  6.81460709457871e-05      1.98745513356382  -0.00368311856909096    0.0151461569368285 -4.79721278961794e-17 -4.26515820983927e-17  -2.5848987735516e-16 -1.39812037035607e-16   -0.0472166195513163
-8.18840179445541e-05  0.000224102978363632  -0.00368311856909096      1.98326643004252  -0.00145114991430959  2.61042351293503e-17 -8.36812703465854e-17   1.5110922710133e-16 -2.77217871318349e-16   -0.0476750897758116
 6.72079937661723e-05  0.000207489621648392    0.0151461569368285  -0.00145114991430959      1.94715455705815 -3.01477526533159e-16 -8.32143097560057e-16 -1.51003970312969e-16  7.45560042690699e-16   -0.0674716624569395
-2.72063865242843e-18 -4.78148477721062e-19 -4.79721278961794e-17  2.61042351293503e-17 -3.01477526533159e-16      1.81101460719115 -5.59887555348511e-15    -0.040566075925103    -0.130833860630458  1.92194748535611e-16
-1.86292835593689e-17 -1.55454410679329e-18 -4.26515820983927e-17 -8.36812703465854e-17 -8.32143097560057e-16 -5.59887555348511e-15      1.81101460719114     0.130833860630406   -0.0405660759251321  6.26459760759327e-16
  7.4545024507018e-17  4.99169778127954e-19  -2.5848987735516e-16   1.5110922710133e-16 -1.51003970312969e-16    -0.040566075925103     0.130833860630406     0.198163874240425 -6.29722875551774e-15 -4.51902374524905e-17
-7.46563491008096e-18  1.10358776187949e-18 -1.39812037035607e-16 -2.77217871318349e-16  7.45560042690699e-16    -0.130833860630458   -0.0405660759251321 -6.29722875551774e-15     0.198163874240424 -5.33986685902829e-17
 0.000939282955388236  0.000990211556817678   -0.0472166195513163   -0.0476750897758116   -0.0674716624569395  1.92194748535611e-16  6.26459760759327e-16 -4.51902374524905e-17 -5.33986685902829e-17    0.0637775972867141
POPULATION (lambda : 0.2): 6.72299901941663
TOTAL ENERGY: -127.336626820807	 lambda: 0.3
1RDM (lambda : 0.3): 
     1.99999515906083  -1.1415575624753e-06  0.000137533902927682 -7.82672110105691e-05  6.50625046673918e-05 -2.65575891401906e-18 -2.11088958149898e-17  7.67508388696089e-17 -9.12457105845919e-18    0.0012896863521735
 -1.1415575624753e-06      1.99999346969118  9.70928454579851e-05  0.000217159446464461  0.000184901392944943 -4.09423369878749e-19 -1.45273447607825e-18  8.27412913331874e-19  1.04122152958025e-18   0.00140563093875236
 0.000137533902927682  9.70928454579851e-05      1.98465605994152  -0.00388737497071224    0.0153023184766483 -5.08649908093127e-17 -3.27140188426228e-17 -2.97929001732614e-16 -1.29993127728548e-16   -0.0827889030815686
-7.82672110105691e-05  0.000217159446464461  -0.00388737497071224      1.98371581540693 -0.000439897192400753  1.97678577641028e-17 -9.65453444023459e-17  1.65977650114786e-16 -2.70136372901991e-16   -0.0577956393368203
 6.50625046673918e-05  0.000184901392944943    0.0153023184766483 -0.000439897192400753      1.94881002649129 -3.27556370190492e-16 -9.23659589547605e-16  8.18726176168526e-17  5.68901818114828e-16   -0.0463928774503855
-2.65575891401906e-18 -4.09423369878749e-19 -5.08649908093127e-17  1.97678577641028e-17 -3.27556370190492e-16      1.79636642599968 -7.47520559670724e-15   -0.0519403176937459     -0.16751811106805  1.54254110622204e-16
-2.11088958149898e-17 -1.45273447607825e-18 -3.27140188426228e-17 -9.65453444023459e-17 -9.23659589547605e-16 -7.47520559670724e-15      1.79636642599971     0.167518111067949   -0.0519403176937386  4.50354140053333e-16
 7.67508388696089e-17  8.27412913331874e-19 -2.97929001732614e-16  1.65977650114786e-16  8.18726176168526e-17   -0.0519403176937459     0.167518111067949     0.212189763263742  1.57130845746603e-15 -5.51656233536298e-17
-9.12457105845919e-18  1.04122152958025e-18 -1.29993127728548e-16 -2.70136372901991e-16  5.68901818114828e-16     -0.16751811106805   -0.0519403176937386  1.57130845746603e-15     0.212189763263772 -4.03800820455446e-17
   0.0012896863521735   0.00140563093875236   -0.0827889030815686   -0.0577956393368203   -0.0463928774503855  1.54254110622204e-16  4.50354140053333e-16 -5.51656233536298e-17 -4.03800820455446e-17    0.0657170908813881
POPULATION (lambda : 0.3): 6.85774432738146
TOTAL ENERGY: -127.290011229787	 lambda: 0.4
1RDM (lambda : 0.4): 
     1.99999423342191  -1.7421380999956e-06  0.000194720544185647 -7.33438132823736e-05  5.75204422938379e-05 -2.56276978658876e-18 -2.34164361535493e-17  7.89487313160131e-17 -1.07503459221239e-17     0.001632456790303
 -1.7421380999956e-06      1.99999332732073  0.000141806617720042  0.000216884457962665  0.000155499975977005  -3.4662140908154e-19  -1.2946774094263e-18  1.14313677758008e-18  9.66114717012029e-19   0.00181811281705223
 0.000194720544185647  0.000141806617720042      1.98058791376733  -0.00445537372901166    0.0160203755275207 -5.34438337888705e-17 -2.75961815375028e-17 -3.34862723702692e-16 -1.18449740083926e-16    -0.118336681664504
-7.33438132823736e-05  0.000216884457962665  -0.00445537372901166      1.98378154467464    0.0007811625861273  1.83275793148322e-17 -1.12631044788223e-16  1.85314902998716e-16 -2.55221550110259e-16    -0.067535328658415
 5.75204422938379e-05  0.000155499975977005    0.0160203755275207    0.0007811625861273      1.95018250699117 -3.39826910547897e-16 -1.00791564651467e-15  3.22568444975302e-16  4.09281263570369e-16   -0.0238273746077497
-2.56276978658876e-18  -3.4662140908154e-19 -5.34438337888705e-17  1.83275793148322e-17 -3.39826910547897e-16      1.78311145050403 -8.89109287428396e-15   -0.0630286956406172    -0.203280385613852   1.1243752839865e-16
-2.34164361535493e-17  -1.2946774094263e-18 -2.75961815375028e-17 -1.12631044788223e-16 -1.00791564651467e-15 -8.89109287428396e-15      1.78311145050405     0.203280385613773   -0.0630286956406349  2.63892880429402e-16
 7.89487313160131e-17  1.14313677758008e-18 -3.34862723702692e-16  1.85314902998716e-16  3.22568444975302e-16   -0.0630286956406172     0.203280385613773     0.225053957701036 -2.12614304358086e-15 -6.29324552504154e-17
-1.07503459221239e-17  9.66114717012029e-19 -1.18449740083926e-16 -2.55221550110259e-16  4.09281263570369e-16    -0.203280385613852   -0.0630286956406349 -2.12614304358086e-15     0.225053957701064 -2.44885014909277e-17
    0.001632456790303   0.00181811281705223    -0.118336681664504    -0.067535328658415   -0.0238273746077497   1.1243752839865e-16  2.63892880429402e-16 -6.29324552504154e-17 -2.44885014909277e-17    0.0691296574140932
POPULATION (lambda : 0.4): 6.99095925281016
TOTAL ENERGY: -127.230375432019	 lambda: 0.5
1RDM (lambda : 0.5): 
     1.99999315286709 -2.48291798253858e-06   0.00026436690521571 -6.77816248524722e-05  4.54737391842287e-05 -2.36202181317002e-18 -2.55628241130161e-17  8.12074987448033e-17 -1.24275548815172e-17   0.00196920775629053
-2.48291798253858e-06      1.99999295812538  0.000201864072859255   0.00022282135025552  0.000119665624401529 -1.10350280554026e-18 -1.03661707659764e-18  1.22876511879887e-18  4.34145485001628e-19   0.00222849209291491
  0.00026436690521571  0.000201864072859255      1.97529293992143  -0.00531775368497797    0.0172990538520586  7.61485912602091e-18 -3.14704489086644e-17  -3.3958188355885e-16 -2.10869550284895e-17    -0.153614070580954
-6.77816248524722e-05   0.00022282135025552  -0.00531775368497797      1.98348293251215   0.00219094942229283   2.7889780873968e-16 -1.45423905297846e-16  3.23582867718416e-16  7.43688805106209e-17   -0.0767734094121858
 4.54737391842287e-05  0.000119665624401529    0.0172990538520586   0.00219094942229283      1.95115450467372  1.05987447756057e-16 -1.10735689763323e-15  7.68024688023632e-16  8.04892649141434e-16 -0.000495026892572406
-2.36202181317002e-18 -1.10350280554026e-18  7.61485912602091e-18   2.7889780873968e-16  1.05987447756057e-16      1.77155257661208 -7.32652733982651e-15   -0.0741079352089575    -0.239013197492602  1.11316777227225e-16
-2.55628241130161e-17 -1.03661707659764e-18 -3.14704489086644e-17 -1.45423905297846e-16 -1.10735689763323e-15 -7.32652733982651e-15       1.7715525766121     0.239013197492502   -0.0741079352089653  6.80881269862249e-17
 8.12074987448033e-17  1.22876511879887e-18  -3.3958188355885e-16  3.23582867718416e-16  7.68024688023632e-16   -0.0741079352089575     0.239013197492502     0.236453979645361   2.0283952889748e-16 -2.68056308187391e-17
-1.24275548815172e-17  4.34145485001628e-19 -2.10869550284895e-17  7.43688805106209e-17  8.04892649141434e-16    -0.239013197492602   -0.0741079352089653   2.0283952889748e-16     0.236453979645388  1.06803019565006e-16
  0.00196920775629053   0.00222849209291491    -0.153614070580954   -0.0767734094121858 -0.000495026892572406  1.11316777227225e-16  6.80881269862249e-17 -2.68056308187391e-17  1.06803019565006e-16     0.074070399385341
POPULATION (lambda : 0.5): 7.1234870813636
TOTAL ENERGY: -127.15734773797	 lambda: 0.6
1RDM (lambda : 0.6): 
     1.99999191535614 -3.36613281151182e-06   0.00034631152662594 -6.20580266433634e-05  2.97098024679948e-05 -2.08266008365794e-18 -2.75688018525945e-17  8.36110236835691e-17 -1.41524743856665e-17   0.00230200829065889
-3.36613281151182e-06       1.9999923598485  0.000276877316802723  0.000234366046500097  7.79445651626713e-05 -2.29998837052063e-18  -1.1006048883411e-18  1.42506123716106e-18 -2.89239855863029e-19    0.0026375887743711
  0.00034631152662594  0.000276877316802723      1.96881217997243  -0.00640028946437391    0.0191273253763257  1.20805917114665e-16 -8.31101072907004e-18 -3.69580904582526e-16  1.36029737797495e-16    -0.188368745968956
-6.20580266433634e-05  0.000234366046500097  -0.00640028946437391      1.98285501719899   0.00375036024520713  7.27797557965818e-16 -5.38697092102307e-17  3.65534021800695e-16  5.94548291127472e-16    -0.085433232641747
 2.97098024679948e-05  7.79445651626713e-05    0.0191273253763257   0.00375036024520713      1.95158294534736  8.88390327230993e-16 -9.76498107418212e-16  1.03679023030444e-15  1.47023407902053e-15    0.0227265725408836
-2.08266008365794e-18 -2.29998837052063e-18  1.20805917114665e-16  7.27797557965818e-16  8.88390327230993e-16      1.76141841563687  3.75972256903212e-16   -0.0854345152933924    -0.275543729636156   1.8807175931851e-16
-2.75688018525945e-17  -1.1006048883411e-18 -8.31101072907004e-18 -5.38697092102307e-17 -9.76498107418212e-16  3.75972256903212e-16      1.76141841563687     0.275543729636096   -0.0854345152933954 -1.02985429437993e-16
 8.36110236835691e-17  1.42506123716106e-18 -3.69580904582526e-16  3.65534021800695e-16  1.03679023030444e-15   -0.0854345152933924     0.275543729636096     0.246656909576035  3.24937431767476e-16 -1.84066350157065e-17
-1.41524743856665e-17 -2.89239855863029e-19  1.36029737797495e-16  5.94548291127472e-16  1.47023407902053e-15    -0.275543729636156   -0.0854345152933954  3.24937431767476e-16     0.246656909576034  3.50507383778181e-16
  0.00230200829065889    0.0026375887743711    -0.188368745968956    -0.085433232641747    0.0227265725408836   1.8807175931851e-16 -1.02985429437993e-16 -1.84066350157065e-17  3.50507383778181e-16    0.0806149318507927
POPULATION (lambda : 0.6): 7.25625480801863
TOTAL ENERGY: -127.070432143613	 lambda: 0.7
1RDM (lambda : 0.7): 
     1.99999051944059 -4.39623454126256e-06  0.000440501709970671 -5.64040136570758e-05  1.08897943179582e-05  -1.2876204841285e-18 -2.92179399629511e-17  8.63027338884719e-17 -1.61011110092377e-17   0.00263271825053217
-4.39623454126256e-06      1.99999153173144  0.000366446932135917  0.000250854233624213  3.11508254954798e-05 -9.30168715036144e-18  -4.2285696254375e-18  1.64023930455305e-18  -3.9454600075625e-18   0.00304577997396013
