TOTAL ENERGY: -126.595275841185	 lambda: -1
1RDM (lambda : -1): 
     1.99999963446154  -1.8346317666514e-07 -4.42530749470485e-05 -1.82955449955368e-05  0.000101688628072153 -6.13002915972234e-17  -1.0316021805291e-16 -2.71892367474864e-17  1.89326519281391e-16 -0.000604418548659303
 -1.8346317666514e-07      1.99998704617549 -0.000216514623256674 -0.000790843352095011 -0.000134686297431416  8.43180205499869e-16  6.00375790913143e-16 -3.48548044749552e-16  7.66232287135277e-16  -0.00063556375276905
-4.42530749470485e-05 -0.000216514623256674      1.98950346521134   -0.0155882076569801    0.0154295087321373 -1.58488083339515e-14 -3.02732829041816e-14 -1.55062251084762e-14  7.24617648604442e-14    -0.114325923237477
-1.82955449955368e-05 -0.000790843352095011   -0.0155882076569801      1.94568268589465  0.000277237125400495  1.14770031007816e-13  1.31188059364888e-13   -3.538716270404e-15 -3.86884251871299e-14   -0.0590951101010741
 0.000101688628072153 -0.000134686297431416    0.0154295087321373  0.000277237125400495      1.87054520654609 -1.07147046620735e-13 -1.53816855719018e-13 -5.58390301447506e-14  2.53901557714321e-13     0.210401599389293
-6.13002915972234e-17  8.43180205499869e-16 -1.58488083339515e-14  1.14770031007816e-13 -1.07147046620735e-13      1.51704957450333 -5.92480231144156e-15    -0.425675921085513     0.204056557114907 -3.48588244803798e-14
 -1.0316021805291e-16  6.00375790913143e-16 -3.02732829041816e-14  1.31188059364888e-13 -1.53816855719018e-13 -5.92480231144156e-15      1.51704957450316     0.204056557115302     0.425675921085628 -5.71773215124258e-14
-2.71892367474864e-17 -3.48548044749552e-16 -1.55062251084762e-14   -3.538716270404e-15 -5.58390301447506e-14    -0.425675921085513     0.204056557115302     0.503990590704579  6.71337549885347e-14 -1.87124366695134e-14
 1.89326519281391e-16  7.66232287135277e-16  7.24617648604442e-14 -3.86884251871299e-14  2.53901557714321e-13     0.204056557114907     0.425675921085628  6.71337549885347e-14     0.503990590704691  1.09505096748076e-13
-0.000604418548659303  -0.00063556375276905    -0.114325923237477   -0.0590951101010741     0.210401599389293 -3.48588244803798e-14 -5.71773215124258e-14 -1.87124366695134e-14  1.09505096748076e-13      0.15220163129514
POPULATION (lambda : -1): 5.34682825281193
TOTAL ENERGY: -126.757274493231	 lambda: -0.9
1RDM (lambda : -0.9): 
     1.99999966523024 -9.56559233909127e-08 -3.64348094265232e-05 -6.39332305133641e-06  7.34804709177148e-05 -2.13819382291622e-18   8.2738223209446e-18 -2.76658454415331e-17  5.57487787910683e-17 -0.000511882453969189
-9.56559233909127e-08      1.99998855228235 -0.000184324414866456 -0.000696682067450721 -0.000127714098954709 -7.76108862981483e-18 -2.08440142837816e-17  3.35819570258181e-18 -2.41499153165455e-17  -0.00053293724157772
-3.64348094265232e-05 -0.000184324414866456      1.99095295844785   -0.0126767428604668    0.0126999210098779  1.76524977055287e-15   3.1231377406731e-15 -6.25749768876526e-16 -4.84750502565419e-15    -0.102644793275808
-6.39332305133641e-06 -0.000696682067450721   -0.0126767428604668       1.9522335573438   -0.0030410779153598 -9.47564168832939e-16 -5.09417940830422e-15  1.11333303684844e-15   1.6627876717611e-15   -0.0373552160213043
 7.34804709177148e-05 -0.000127714098954709    0.0126999210098779   -0.0030410779153598      1.85720650619485 -3.75846595455542e-15  4.71906792682743e-15 -9.20143897828572e-15 -6.44802724788122e-16      0.11411723240464
-2.13819382291622e-18 -7.76108862981483e-18  1.76524977055287e-15 -9.47564168832939e-16 -3.75846595455542e-15      1.52537972599272  3.16620310022003e-16    -0.391764207531442     0.187800275468224  1.47418342486259e-14
  8.2738223209446e-18 -2.08440142837816e-17   3.1231377406731e-15 -5.09417940830422e-15  4.71906792682743e-15  3.16620310022003e-16      1.52537972599265     0.187800275468939     0.391764207531109  1.44308947745421e-14
-2.76658454415331e-17  3.35819570258181e-18 -6.25749768876526e-16  1.11333303684844e-15 -9.20143897828572e-15    -0.391764207531442     0.187800275468939     0.494128543366537  3.52551244795344e-14 -5.97203821643562e-15
 5.57487787910683e-17 -2.41499153165455e-17 -4.84750502565419e-15   1.6627876717611e-15 -6.44802724788122e-16     0.187800275468224     0.391764207531109  3.52551244795344e-14     0.494128543366553  7.07464493941268e-16
-0.000511882453969189  -0.00053293724157772    -0.102644793275808   -0.0373552160213043      0.11411723240464  1.47418342486259e-14  1.44308947745421e-14 -5.97203821643562e-15  7.07464493941268e-16     0.160602221782509
POPULATION (lambda : -0.9): 5.51759474399883
TOTAL ENERGY: -126.905096374916	 lambda: -0.8
1RDM (lambda : -0.8): 
     1.99999968625696 -3.82120221477234e-08 -3.06064871902948e-05  1.62760308728234e-06  7.23921166565045e-05  7.10174482455329e-17 -1.53413104576447e-16  1.39794561385622e-16  1.64584966638235e-16 -0.000410551853588134
-3.82120221477234e-08      1.99999007473524 -0.000158228357114636 -0.000607092131136295 -8.35420817981306e-05 -6.68265807404623e-18  9.17106277455341e-16  3.92188919328761e-16  6.46434977567804e-16 -0.000445497991117321
-3.06064871902948e-05 -0.000158228357114636      1.99194198287364   -0.0104269478225682     0.013991737970996  2.60904203053283e-14 -5.34364828673289e-14  7.41371574095522e-14  6.58605157785838e-14   -0.0918496874927011
 1.62760308728234e-06 -0.000607092131136295   -0.0104269478225682      1.95777366898315  0.000452584094878983 -6.53194061896255e-14  1.88476540650756e-13 -6.15171303505233e-14 -3.48411305382444e-14   -0.0152040042685155
 7.23921166565045e-05 -8.35420817981306e-05     0.013991737970996  0.000452584094878983      1.79786431715483  1.60852600126059e-13 -3.46479938396206e-13  3.21180445077504e-13  3.29376609944257e-13    0.0493421710756479
 7.10174482455329e-17 -6.68265807404623e-18  2.60904203053283e-14 -6.53194061896255e-14  1.60852600126059e-13      1.51169739142741 -7.75300503472929e-14     -0.35487461359178     0.170116485676098  4.57761664776674e-14
-1.53413104576447e-16  9.17106277455341e-16 -5.34364828673289e-14  1.88476540650756e-13 -3.46479938396206e-13 -7.75300503472929e-14      1.51169739142729     0.170116485676937     0.354874613590783 -1.25055345831385e-13
 1.39794561385622e-16  3.92188919328761e-16  7.41371574095522e-14 -6.15171303505233e-14  3.21180445077504e-13     -0.35487461359178     0.170116485676937     0.506036531203673  3.00387965483276e-15  1.85844143297751e-13
 1.64584966638235e-16  6.46434977567804e-16  6.58605157785838e-14 -3.48411305382444e-14  3.29376609944257e-13     0.170116485676098     0.354874613590783  3.00387965483276e-15     0.506036531203818   1.2971434491458e-13
-0.000410551853588134 -0.000445497991117321   -0.0918496874927011   -0.0152040042685155    0.0493421710756479  4.57761664776674e-14 -1.25055345831385e-13  1.85844143297751e-13   1.2971434491458e-13     0.216962424734032
POPULATION (lambda : -0.8): 5.69128427948327
TOTAL ENERGY: -127.008144228578	 lambda: -0.7
1RDM (lambda : -0.7): 
     1.99999969439968 -1.32916231818448e-08 -2.70166229574826e-05  4.80178462192206e-06  8.88917964136473e-05 -6.22051396340088e-16   1.1363819588459e-15 -1.19970031642433e-15 -6.32060854474486e-16  -0.00032700907026242
-1.32916231818448e-08      1.99999125877782 -0.000141409670340903 -0.000540765834296644 -2.87933861565282e-05  1.29592881423791e-17 -4.56611783709495e-15 -1.95763154922626e-15 -3.30110623652566e-15 -0.000394681982670348
-2.70166229574826e-05 -0.000141409670340903      1.99259527253909   -0.0091226376465926      0.01762583314138 -2.07215250458155e-13   4.0796932682327e-13 -5.01274193851663e-13 -4.33904121234772e-13    -0.083328391549777
 4.80178462192206e-06 -0.000540765834296644   -0.0091226376465926      1.96132140028152    0.0075216014898435   4.7678970736735e-13 -1.12600940586663e-12  4.83232057442846e-13  2.51496926750135e-13  0.000229879860355769
 8.88917964136473e-05 -2.87933861565282e-05      0.01762583314138    0.0075216014898435      1.72915413140695 -1.39967454645732e-12  2.80741090999527e-12 -2.80348402954867e-12 -2.44376583612304e-12     0.043575603677151
-6.22051396340088e-16  1.29592881423791e-17 -2.07215250458155e-13   4.7678970736735e-13 -1.39967454645732e-12       1.4849168373996 -3.97453442925694e-15    -0.313367211968754     0.150219054126086 -5.11029948960926e-13
  1.1363819588459e-15 -4.56611783709495e-15   4.0796932682327e-13 -1.12600940586663e-12  2.80741090999527e-12 -3.97453442925694e-15      1.48491683739939     0.150219054125556     0.313367211967928  1.11190483749575e-12
-1.19970031642433e-15 -1.95763154922626e-15 -5.01274193851663e-13  4.83232057442846e-13 -2.80348402954867e-12    -0.313367211968754     0.150219054125556     0.530825840409024  6.53517984905636e-14 -1.47283694028481e-12
-6.32060854474486e-16 -3.30110623652566e-15 -4.33904121234772e-13  2.51496926750135e-13 -2.44376583612304e-12     0.150219054126086     0.313367211967928  6.53517984905636e-14     0.530825840409144 -1.05552711437921e-12
 -0.00032700907026242 -0.000394681982670348    -0.083328391549777  0.000229879860355769     0.043575603677151 -5.11029948960926e-13  1.11190483749575e-12 -1.47283694028481e-12 -1.05552711437921e-12     0.285452886977841
POPULATION (lambda : -0.7): 5.82818131451953
TOTAL ENERGY: -127.07130969735	 lambda: -0.6
1RDM (lambda : -0.6): 
     1.99999969684772  -2.1508558575177e-09 -2.45883804933605e-05   5.6330661447521e-06  0.000103449536977368  -9.5203615472018e-17  1.16809913299334e-15 -6.55576656355311e-16 -9.73687482883746e-16 -0.000266153768968048
 -2.1508558575177e-09      1.99999206996242 -0.000130373994475964 -0.000495431672936952   9.4131266326431e-06  -1.3360523707695e-15 -2.30541097294491e-15 -5.56085460099522e-17  -2.3579709573194e-15 -0.000373508097903273
-2.45883804933605e-05 -0.000130373994475964      1.99317357553541  -0.00838129319096289    0.0209989233248465 -1.35117413301648e-14  4.19895808080243e-13 -2.09577374977497e-13 -5.09411756797117e-13   -0.0767076727223994
  5.6330661447521e-06 -0.000495431672936952  -0.00838129319096289      1.96362606844283    0.0128368145876416 -2.27283314856809e-14 -9.36411807475314e-13  2.98188531337116e-13  4.07514329432297e-13   0.00755116194975965
 0.000103449536977368   9.4131266326431e-06    0.0209989233248465    0.0128368145876416      1.68781157512899  5.00080172297953e-14  3.24485579412302e-12 -1.50004320987912e-12 -3.40266404733434e-12    0.0872339649416082
 -9.5203615472018e-17  -1.3360523707695e-15 -1.35117413301648e-14 -2.27283314856809e-14  5.00080172297953e-14      1.45718851766457  -6.7307115231434e-15    -0.264288221744242     0.126692025453294 -1.47547694887688e-13
 1.16809913299334e-15 -2.30541097294491e-15  4.19895808080243e-13 -9.36411807475314e-13  3.24485579412302e-12  -6.7307115231434e-15      1.45718851766471     0.126692025453595     0.264288221744869  1.26379421944995e-12
-6.55576656355311e-16 -5.56085460099522e-17 -2.09577374977497e-13  2.98188531337116e-13 -1.50004320987912e-12    -0.264288221744242     0.126692025453595      0.55628284041281 -5.02698198383562e-14 -7.51213044099185e-13
-9.73687482883746e-16  -2.3579709573194e-15 -5.09411756797117e-13  4.07514329432297e-13 -3.40266404733434e-12     0.126692025453294     0.264288221744869 -5.02698198383562e-14      0.55628284041275 -1.71968138483794e-12
-0.000266153768968048 -0.000373508097903273   -0.0767076727223994   0.00755116194975965    0.0872339649416082 -1.47547694887688e-13  1.26379421944995e-12 -7.51213044099185e-13 -1.71968138483794e-12     0.328454297927832
POPULATION (lambda : -0.6): 5.92493845430578
TOTAL ENERGY: -127.111871099841	 lambda: -0.5
1RDM (lambda : -0.5): 
     1.99999969947054  1.00050742314719e-08 -2.23968388695272e-05  6.42561269996343e-06  0.000106404734979753 -9.15651760940736e-16  1.39015214109621e-15 -1.56192862889824e-15 -7.30638916436669e-16 -0.000217187427877705
 1.00050742314719e-08      1.99999265173647 -0.000120564290986696 -0.000460465339560335  2.23475757840096e-05 -1.29164244306574e-16 -2.17523263238274e-15 -1.13319509243919e-15 -1.88157386257808e-15 -0.000362013352416203
-2.23968388695272e-05 -0.000120564290986696      1.99386598520362  -0.00773218022038601    0.0224494460090824 -3.11368340660097e-13  5.17375134389562e-13  -5.8894765895844e-13 -4.24788611141236e-13    -0.070294250469814
 6.42561269996343e-06 -0.000460465339560335  -0.00773218022038601      1.96572067012568    0.0138817206987219  6.00784715141129e-13 -9.74648632880298e-13  6.64958352351207e-13   2.8833400856876e-13   0.00946580711273779
 0.000106404734979753  2.23475757840096e-05    0.0224494460090824    0.0138817206987219      1.68462271710846 -2.72163021188038e-12  4.48548707996516e-12   -4.764147179703e-12 -3.39895164793342e-12     0.153473185797494
-9.15651760940736e-16 -1.29164244306574e-16 -3.11368340660097e-13  6.00784715141129e-13 -2.72163021188038e-12      1.43193266781746 -4.08923275312026e-14     -0.20875519841729      0.10007111546262 -1.16614230514408e-12
 1.39015214109621e-15 -2.17523263238274e-15  5.17375134389562e-13 -9.74648632880298e-13  4.48548707996516e-12 -4.08923275312026e-14      1.43193266781707     0.100071115462522     0.208755198416714  1.71686985676212e-12
-1.56192862889824e-15 -1.13319509243919e-15  -5.8894765895844e-13  6.64958352351207e-13   -4.764147179703e-12     -0.20875519841729     0.100071115462522      0.57903607666669  1.17205983628529e-13 -2.49833754171854e-12
-7.30638916436669e-16 -1.88157386257808e-15 -4.24788611141236e-13   2.8833400856876e-13 -3.39895164793342e-12      0.10007111546262     0.208755198416714  1.17205983628529e-13     0.579036076666977 -1.64405448336572e-12
-0.000217187427877705 -0.000362013352416203    -0.070294250469814   0.00946580711273779     0.153473185797494 -1.16614230514408e-12  1.71686985676212e-12 -2.49833754171854e-12 -1.64405448336572e-12     0.333860787387038
POPULATION (lambda : -0.5): 5.99847776342494
TOTAL ENERGY: -127.142748326767	 lambda: -0.4
1RDM (lambda : -0.4): 
     1.99999970156229  2.89204780220306e-08 -2.02487630934008e-05  8.20144283510102e-06  9.84791281707173e-05 -9.60937091444547e-16 -6.13761425754082e-15  2.86903862385901e-15   3.7678109935362e-15  -0.00016679477209657
 2.89204780220306e-08      1.99999315476922 -0.000108837910001663 -0.000426693654670536   1.1794436019011e-05  1.50072706489031e-15  1.14789566489139e-15  7.58061284624996e-17  3.37027584362785e-15 -0.000339248320358047
-2.02487630934008e-05 -0.000108837910001663      1.99473937199004  -0.00685285793102946    0.0213477495013092 -2.93512361528036e-13 -2.14300802850507e-12  8.33574359179549e-13  1.66913185430352e-12    -0.061927086500485
 8.20144283510102e-06 -0.000426693654670536  -0.00685285793102946      1.96819384893077    0.0107216480808678 -2.34454850827197e-14  3.05541078612313e-12 -1.20318270076315e-12 -1.80561542033414e-12   0.00989077423448352
 9.84791281707173e-05   1.1794436019011e-05    0.0213477495013092    0.0107216480808678      1.71386486629137  1.05558704293595e-12 -1.59553298912475e-11  6.76190606001713e-12  1.97085843583409e-11     0.211392565154086
-9.60937091444547e-16  1.50072706489031e-15 -2.93512361528036e-13 -2.34454850827197e-14  1.05558704293595e-12      1.40918797244919 -2.54161402491468e-14    -0.152507973221249    0.0731078702805754 -2.39497611852089e-12
-6.13761425754082e-15  1.14789566489139e-15 -2.14300802850507e-12  3.05541078612313e-12 -1.59553298912475e-11 -2.54161402491468e-14      1.40918797244918    0.0731078702806754     0.152507973221351  -1.0863334932053e-11
 2.86903862385901e-15  7.58061284624996e-17  8.33574359179549e-13 -1.20318270076315e-12  6.76190606001713e-12    -0.152507973221249    0.0731078702806754     0.599280328177036 -9.67232948338761e-15  4.84617363482964e-12
  3.7678109935362e-15  3.37027584362785e-15  1.66913185430352e-12 -1.80561542033414e-12  1.97085843583409e-11    0.0731078702805754     0.152507973221351 -9.67232948338761e-15     0.599280328177086  4.96525258130193e-12
 -0.00016679477209657 -0.000339248320358047    -0.061927086500485   0.00989077423448352     0.211392565154086 -2.39497611852089e-12  -1.0863334932053e-11  4.84617363482964e-12  4.96525258130193e-12     0.306272455203895
POPULATION (lambda : -0.4): 6.06716931585101
TOTAL ENERGY: -127.171445206647	 lambda: -0.3
1RDM (lambda : -0.3): 
     1.99999969763966  5.36794416380537e-08 -1.86881674719058e-05   1.1108248640939e-05  8.72322013098718e-05 -1.82240749183996e-15  1.07474079115968e-14  -7.2254387657355e-15 -9.06051381226309e-15 -0.000103813895776193
 5.36794416380537e-08      1.99999372079694 -9.33430490041246e-05 -0.000385942322514107 -1.49456866482165e-05 -2.67351566179658e-15 -6.23713595252112e-16 -9.03392174575467e-16 -6.51533359974811e-15 -0.000285874202085099
-1.86881674719058e-05 -9.33430490041246e-05      1.99570730326805  -0.00554106332953498    0.0183218165510748 -4.61566126025854e-13  3.90089369967457e-12 -2.23971840295199e-12 -3.63574763928625e-12   -0.0496945891866482
  1.1108248640939e-05 -0.000385942322514107  -0.00554106332953498      1.97138284958603   0.00437617862378233  1.13587911599129e-12 -5.64061740792903e-12  3.11887546262372e-12  3.42586685749338e-12    0.0130225448685795
 8.72322013098718e-05 -1.49456866482165e-05    0.0183218165510748   0.00437617862378233      1.76289819498582  -6.3602773633129e-12  4.20306105797689e-11 -2.30490517241668e-11   -3.710724346099e-11     0.233231443642413
-1.82240749183996e-15 -2.67351566179658e-15 -4.61566126025854e-13  1.13587911599129e-12  -6.3602773633129e-12      1.38851756945682 -9.55028317509486e-14    -0.101196500743447     0.048510653074043 -3.05668250601234e-12
 1.07474079115968e-14 -6.23713595252112e-16  3.90089369967457e-12 -5.64061740792903e-12  4.20306105797689e-11 -9.55028317509486e-14       1.3885175694569    0.0485106530742547     0.101196500743515  1.56770015584896e-11
 -7.2254387657355e-15 -9.03392174575467e-16 -2.23971840295199e-12  3.11887546262372e-12 -2.30490517241668e-11    -0.101196500743447    0.0485106530742547     0.617685245478818 -8.61442371222454e-14 -1.28405079976673e-11
-9.06051381226309e-15 -6.51533359974811e-15 -3.63574763928625e-12  3.42586685749338e-12   -3.710724346099e-11     0.048510653074043     0.101196500743515 -8.61442371222454e-14     0.617685245478915 -1.97578145543188e-11
-0.000103813895776193 -0.000285874202085099   -0.0496945891866482    0.0130225448685795     0.233231443642413 -3.05668250601234e-12  1.56770015584896e-11 -1.28405079976673e-11 -1.97578145543188e-11     0.257612603852069
POPULATION (lambda : -0.3): 6.14973799365096
TOTAL ENERGY: -127.200617436943	 lambda: -0.2
1RDM (lambda : -0.2): 
     1.99999968085979  7.54240062497698e-08 -1.89329594548908e-05  1.44970460793608e-05  8.67810054990069e-05 -1.34745179419864e-14 -5.93973194947064e-15 -9.69024602128568e-15  1.26202801081304e-14 -2.17673956853702e-05
 7.54240062497698e-08      1.99999450467066 -7.37157762891741e-05 -0.000329357964084898  -4.0795509853379e-05 -2.77002131009105e-15 -2.96887341542385e-15 -5.98519905312262e-15  2.85931898160687e-15 -0.000186321691402308
-1.89329594548908e-05 -7.37157762891741e-05      1.99649409330035  -0.00372888579997463    0.0157907834889023 -4.88975608072704e-12  -1.8597294594925e-12 -3.78725862804058e-12  3.97224100111309e-12   -0.0327235177720557
 1.44970460793608e-05 -0.000329357964084898  -0.00372888579997463      1.97557408207855  -0.00382419007090608  6.12357725532145e-12  3.06568254212269e-12  3.31302862119619e-12   -5.001604734202e-12    0.0232809779575891
 8.67810054990069e-05  -4.0795509853379e-05    0.0157907834889023  -0.00382419007090608      1.81078613473266 -5.53625344386961e-11 -2.38385747257857e-11 -4.04223375817883e-11  4.31602148861101e-11     0.199384974308191
-1.34745179419864e-14 -2.77002131009105e-15 -4.88975608072704e-12  6.12357725532145e-12 -5.53625344386961e-11      1.36546980086191  6.01448124180473e-14   -0.0576009275297509    0.0276121989185479 -1.96571509941748e-11
-5.93973194947064e-15 -2.96887341542385e-15  -1.8597294594925e-12  3.06568254212269e-12 -2.38385747257857e-11  6.01448124180473e-14      1.36546980086178     0.027612198918466    0.0576009275297309 -9.17104228530683e-12
-9.69024602128568e-15 -5.98519905312262e-15 -3.78725862804058e-12  3.31302862119619e-12 -4.04223375817883e-11   -0.0576009275297509     0.027612198918466     0.638796907604872  9.08692582782678e-14 -2.23394403068491e-11
 1.26202801081304e-14  2.85931898160687e-15  3.97224100111309e-12   -5.001604734202e-12  4.31602148861101e-11    0.0276121989185479    0.0576009275297309  9.08692582782678e-14     0.638796907604863  2.43849092820405e-11
-2.17673956853702e-05 -0.000186321691402308   -0.0327235177720557    0.0232809779575891     0.199384974308191 -1.96571509941748e-11 -9.17104228530683e-12 -2.23394403068491e-11  2.43849092820405e-11     0.208618087424602
POPULATION (lambda : -0.2): 6.26798362038794
TOTAL ENERGY: -127.225430365418	 lambda: -0.1
1RDM (lambda : -0.1): 
     1.99999964722476  7.46219230666617e-08 -2.23974799005168e-05  1.63766655023048e-05  0.000116357334931372 -9.84789513541093e-16 -2.74584348249666e-15  4.64455638313185e-16  3.20380183771667e-15  7.21548553542733e-05
 7.46219230666617e-08      1.99999560872744 -5.28857566014878e-05 -0.000252898128435055 -3.16678700934193e-05 -3.18074307500551e-16 -1.14176917965405e-15 -2.57958064823853e-16  1.06611037403694e-15  -4.3659548388651e-05
-2.23974799005168e-05 -5.28857566014878e-05      1.99668460105441  -0.00172185643310359    0.0179295395435686  -3.9932353152451e-13  -9.4900891099032e-13  5.98153375811266e-14  1.04237796744031e-12    -0.012873761289653
 1.63766655023048e-05 -0.000252898128435055  -0.00172185643310359      1.98057643410059   -0.0110439192147831  3.42507010626335e-13  1.15139713730199e-12 -2.54367934629911e-13 -1.08321225406875e-12    0.0437943192686908
 0.000116357334931372 -3.16678700934193e-05    0.0179295395435686   -0.0110439192147831      1.81969245529907 -4.08331429474204e-12  -1.1206936371956e-11  8.27697753580233e-13  1.11167747164197e-11       0.1088675184147
-9.84789513541093e-16 -3.18074307500551e-16  -3.9932353152451e-13  3.42507010626335e-13 -4.08331429474204e-12      1.32954225083407  4.90545577329586e-14   -0.0237921561277214    0.0114052591540269 -1.30910716754494e-12
-2.74584348249666e-15 -1.14176917965405e-15  -9.4900891099032e-13  1.15139713730199e-12  -1.1206936371956e-11  4.90545577329586e-14      1.32954225083372     0.011405259153951    0.0237921561276628  -3.8340779412518e-12
 4.64455638313185e-16 -2.57958064823853e-16  5.98153375811266e-14 -2.54367934629911e-13  8.27697753580233e-13   -0.0237921561277214     0.011405259153951      0.67315228281116  1.63784958598646e-13  4.81601741030332e-13
 3.20380183771667e-15  1.06611037403694e-15  1.04237796744031e-12 -1.08321225406875e-12  1.11167747164197e-11    0.0114052591540269    0.0237921561276628  1.63784958598646e-13     0.673152282811301  6.57068148826231e-12
 7.21548553542733e-05  -4.3659548388651e-05    -0.012873761289653    0.0437943192686908       0.1088675184147 -1.30910716754494e-12  -3.8340779412518e-12  4.81601741030332e-13  6.57068148826231e-12     0.197662186303463
POPULATION (lambda : -0.1): 6.43598677805017
TOTAL ENERGY: -127.234974496622	 lambda: 0
1RDM (lambda : 0): 
     1.99999960266058   3.7227306282896e-08 -2.87456467172145e-05  1.42881941528708e-05  0.000180004447001715  4.25514648783225e-17 -2.17354901147518e-16  1.32440555301479e-16  2.83949557452066e-16  0.000149178871053218
  3.7227306282896e-08      1.99999685438433 -3.75760692225813e-05 -0.000172164357578691  3.85741810656639e-05  1.31419853125962e-17 -1.14934384477835e-16  2.59665089097765e-17  8.23799330078103e-17  9.56132755906649e-05
-2.87456467172145e-05 -3.75760692225813e-05      1.99612939939831 -0.000352900915666306     0.026787956821678  6.67803278136509e-15 -8.51788521229754e-14  4.32573495886448e-14  7.10295598290523e-14   0.00418420261908887
 1.42881941528708e-05 -0.000172164357578691 -0.000352900915666306       1.9849503950373   -0.0127009881291264 -1.69030875264038e-14  8.48094915917373e-14 -5.41647566455464e-14 -6.12070855139607e-14    0.0705525268120789
 0.000180004447001715  3.85741810656639e-05     0.026787956821678   -0.0127009881291264      1.75771575628764  1.17233433030099e-13 -9.18386361438531e-13    4.380765909455e-13   7.0122024963608e-13  0.000336389075652064
 4.25514648783225e-17  1.31419853125962e-17  6.67803278136509e-15 -1.69030875264038e-14  1.17233433030099e-13      1.27674760178911 -1.33719340821518e-14  -0.00253757248669691   0.00121644325392883  5.11616332647177e-14
-2.17354901147518e-16 -1.14934384477835e-16 -8.51788521229754e-14  8.48094915917373e-14 -9.18386361438531e-13 -1.33719340821518e-14      1.27674760178927   0.00121644325395481   0.00253757248676848 -2.81635125705814e-13
 1.32440555301479e-16  2.59665089097765e-17  4.32573495886448e-14 -5.41647566455464e-14    4.380765909455e-13  -0.00253757248669691   0.00121644325395481     0.724829440157814 -7.19474784827725e-14  2.73917367888286e-13
 2.83949557452066e-16  8.23799330078103e-17  7.10295598290523e-14 -6.12070855139607e-14   7.0122024963608e-13   0.00121644325392883   0.00253757248676848 -7.19474784827725e-14     0.724829440157729  4.43583283613374e-13
 0.000149178871053218  9.56132755906649e-05   0.00418420261908887    0.0705525268120789  0.000336389075652064  5.11616332647177e-14 -2.81635125705814e-13  2.73917367888286e-13  4.43583283613374e-13     0.258053908337966
POPULATION (lambda : 0): 6.62513938083372
TOTAL ENERGY: -127.227897277955	 lambda: 0.1
1RDM (lambda : 0.1): 
      1.9999995589458 -1.75405824565004e-08 -3.52611089382371e-05  8.85018991348101e-06  0.000249611067084343  1.43093478183704e-17  2.58029799814117e-17 -2.08457454781414e-17  6.91468853113541e-17  0.000188963097673826
-1.75405824565004e-08      1.99999785490548 -3.09637670997847e-05 -0.000112796908102648  0.000138886287898518  1.27782266948576e-18 -1.61687819904506e-18  2.18805187251126e-18  6.16697408310475e-18  0.000180835407194342
-3.52611089382371e-05 -3.09637670997847e-05      1.99527629054667 -0.000111888295217003    0.0380118050362529  9.89579908899981e-16  8.08677482126036e-16  4.29956857573136e-16 -1.33074644551572e-15    0.0146302154696108
 8.85018991348101e-06 -0.000112796908102648 -0.000111888295217003      1.98727705834402  -0.00777269688393218 -1.60522915417186e-15   -1.521264608261e-15  2.06717818049462e-16  1.96714344850814e-15    0.0934589528133295
 0.000249611067084343  0.000138886287898518    0.0380118050362529  -0.00777269688393218      1.65385079507349  9.56577313424228e-15  4.89874804023647e-15 -2.94028521044549e-15  -1.2745198513582e-15   -0.0767433416574527
 1.43093478183704e-17  1.27782266948576e-18  9.89579908899981e-16 -1.60522915417186e-15  9.56577313424228e-15      1.22309722188321 -1.04847996583575e-13   0.00732425096838917   -0.0035110237459562  9.33483153363357e-15
 2.58029799814117e-17 -1.61687819904506e-18  8.08677482126036e-16   -1.521264608261e-15  4.89874804023647e-15 -1.04847996583575e-13      1.22309722188311  -0.00351102374593415  -0.00732425096836177  1.12065841528449e-14
-2.08457454781414e-17  2.18805187251126e-18  4.29956857573136e-16  2.06717818049462e-16 -2.94028521044549e-15   0.00732425096838917  -0.00351102374593415     0.777837773883927 -2.65295966444759e-14  3.13907259972591e-15
 6.91468853113541e-17  6.16697408310475e-18 -1.33074644551572e-15  1.96714344850814e-15  -1.2745198513582e-15   -0.0035110237459562  -0.00732425096836177 -2.65295966444759e-14      0.77783777388415 -8.49343481183727e-15
 0.000188963097673826  0.000180835407194342    0.0146302154696108    0.0934589528133295   -0.0767433416574527  9.33483153363357e-15  1.12065841528449e-14  3.13907259972591e-15 -8.49343481183727e-15     0.361728450650175
POPULATION (lambda : 0.1): 6.77627729177329
TOTAL ENERGY: -127.21397465427	 lambda: 0.2
1RDM (lambda : 0.2): 
     1.99999951803264 -6.30872239878244e-08 -4.02999587872729e-05  2.85151502278927e-06  0.000301029779867722  2.94193290717033e-17  4.43867370399198e-17  -1.6136913400282e-17  4.32993842449439e-17  0.000202752404850091
-6.30872239878244e-08      1.99999848770823  -2.9628701395378e-05 -7.93829288099091e-05  0.000223204253702698  1.00888736425454e-17  6.35602239322227e-18  4.52442840836298e-18   8.5637772714604e-19  0.000216291658190299
-4.02999587872729e-05  -2.9628701395378e-05      1.99456133214326 -0.000625587157353119    0.0468873650515752  7.62097392768418e-15  7.58353886782972e-15  2.60199719148596e-15 -9.31243279940207e-15    0.0204376962312399
 2.85151502278927e-06 -7.93829288099091e-05 -0.000625587157353119      1.98787882974157  0.000200320567470036 -5.42594334767354e-15 -6.70718398992042e-15 -1.57817483010698e-16  8.06757123825137e-15     0.108463341673915
 0.000301029779867722  0.000223204253702698    0.0468873650515752  0.000200320567470036      1.55973689840432  5.57457937844707e-14  5.79010014106338e-14  1.03803652142156e-14 -5.93791762710595e-14     -0.11698990941138
 2.94193290717033e-17  1.00888736425454e-17  7.62097392768418e-15 -5.42594334767354e-15  5.57457937844707e-14      1.18339520480547 -5.18309892473756e-14    0.0110321645580977   -0.0052884968547542  1.96164797547727e-14
 4.43867370399198e-17  6.35602239322227e-18  7.58353886782972e-15 -6.70718398992042e-15  5.79010014106338e-14 -5.18309892473756e-14      1.18339520480531  -0.00528849685474446   -0.0110321645580703   2.5261498566856e-14
 -1.6136913400282e-17  4.52442840836298e-18  2.60199719148596e-15 -1.57817483010698e-16  1.03803652142156e-14    0.0110321645580977  -0.00528849685474446     0.817222388460073  2.78388185242609e-14  1.59883552641027e-14
 4.32993842449439e-17   8.5637772714604e-19 -9.31243279940207e-15  8.06757123825137e-15 -5.93791762710595e-14   -0.0052884968547542   -0.0110321645580703  2.78388185242609e-14     0.817222388460252 -4.85969156376014e-14
 0.000202752404850091  0.000216291658190299    0.0204376962312399     0.108463341673915     -0.11698990941138  1.96164797547727e-14   2.5261498566856e-14  1.59883552641027e-14 -4.85969156376014e-14     0.456589747438929
POPULATION (lambda : 0.2): 6.87180987950952
TOTAL ENERGY: -127.199798963226	 lambda: 0.3
1RDM (lambda : 0.3): 
     1.99999947354277 -9.26058088245704e-08 -4.41515181897217e-05 -2.17967743700303e-06  0.000332331740120758  1.37422743698765e-17  2.63868842864203e-17 -2.15306062141631e-17  6.92997606106366e-17  0.000207094553852057
-9.26058088245704e-08      1.99999886091751 -3.00125086132552e-05 -6.25463293064279e-05  0.000279299543826635  5.84492255507088e-19 -2.96849982965899e-18   5.8594491268115e-19  7.85681528446992e-18  0.000228179080441976
-4.41515181897217e-05 -3.00125086132552e-05       1.9940590110882  -0.00142978725093806    0.0525543645015822   2.1931573495132e-16  2.67084280075867e-16 -1.11279178985901e-16 -3.82174162196208e-16    0.0246024275833948
-2.17967743700303e-06 -6.25463293064279e-05  -0.00142978725093806      1.98767189787752   0.00846427915392637 -1.16405857268283e-15 -1.36810213360527e-15  3.23231863308932e-16  1.60995044210739e-15     0.117538597136172
 0.000332331740120758  0.000279299543826635    0.0525543645015822   0.00846427915392637      1.49381337050708   2.8436670299772e-15  1.23282320777664e-15 -4.86569768736852e-15  2.87718272403519e-15    -0.138044933649451
 1.37422743698765e-17  5.84492255507088e-19   2.1931573495132e-16 -1.16405857268283e-15   2.8436670299772e-15      1.15862716796566 -2.55473376029209e-14    0.0125220224924408  -0.00600269078154311  4.99018813155321e-15
 2.63868842864203e-17 -2.96849982965899e-18  2.67084280075867e-16 -1.36810213360527e-15  1.23282320777664e-15 -2.55473376029209e-14      1.15862716796557  -0.00600269078153435   -0.0125220224924128  7.42665274943947e-15
-2.15306062141631e-17   5.8594491268115e-19 -1.11279178985901e-16  3.23231863308932e-16 -4.86569768736852e-15    0.0125220224924408  -0.00600269078153435      0.84183956757854  1.88027125350972e-14  9.97924138376696e-16
 6.92997606106366e-17  7.85681528446992e-18 -3.82174162196208e-16  1.60995044210739e-15  2.87718272403519e-15  -0.00600269078154311   -0.0125220224924128  1.88027125350972e-14     0.841839567578636 -4.00835081100207e-15
 0.000207094553852057  0.000228179080441976    0.0246024275833948     0.117538597136172    -0.138044933649451  4.99018813155321e-15  7.42665274943947e-15  9.97924138376696e-16 -4.00835081100207e-15     0.523523914978528
POPULATION (lambda : 0.3): 6.92942904744086
TOTAL ENERGY: -127.186661224747	 lambda: 0.4
1RDM (lambda : 0.4): 
     1.99999941713887 -1.09230327959644e-07 -4.76171155577245e-05  -5.9217151475305e-06    0.0003488097039213   1.3956662362908e-17  2.66790639794543e-17 -2.14433169550069e-17  6.90157912586417e-17  0.000210392054210926
-1.09230327959644e-07      1.99999908664258 -3.06172932282566e-05 -5.44359636194075e-05  0.000312743790445458  7.15252487761261e-19 -3.07466071363761e-18  3.38139201875152e-19  8.08175007369029e-18  0.000233428507793613
-4.76171155577245e-05 -3.06172932282566e-05      1.99369731894747  -0.00230658362248286    0.0557198617074473  1.99011954379181e-16  2.27932007388232e-16 -1.34281413276585e-16 -3.13119252546684e-16    0.0287377160556976
 -5.9217151475305e-06 -5.44359636194075e-05  -0.00230658362248286      1.98721395645164    0.0161900481452972 -1.18229359213707e-15 -1.44131631422835e-15  2.65615965596624e-16  1.70651853342181e-15     0.123085777212274
   0.0003488097039213  0.000312743790445458    0.0557198617074473    0.0161900481452972      1.45396313632651  2.84737005942141e-15  1.47440714952016e-15 -4.51443688160183e-15   2.4039359407114e-15    -0.153265154367442
  1.3956662362908e-17  7.15252487761261e-19  1.99011954379181e-16 -1.18229359213707e-15  2.84737005942141e-15      1.14512054062834 -4.11268160082941e-17    0.0135202977898522  -0.00648123659256259  4.42047573447603e-15
 2.66790639794543e-17 -3.07466071363761e-18  2.27932007388232e-16 -1.44131631422835e-15  1.47440714952016e-15 -4.11268160082941e-17      1.14512054062828  -0.00648123659254749   -0.0135202977898392  6.84371078815639e-15
-2.14433169550069e-17  3.38139201875152e-19 -1.34281413276585e-16  2.65615965596624e-16 -4.51443688160183e-15    0.0135202977898522  -0.00648123659254749     0.855276203632609  2.26091653627454e-14  1.09641646425238e-15
 6.90157912586417e-17  8.08175007369029e-18 -3.13119252546684e-16  1.70651853342181e-15   2.4039359407114e-15  -0.00648123659256259   -0.0135202977898392  2.26091653627454e-14     0.855276203632648 -3.88941833946471e-15
 0.000210392054210926  0.000233428507793613    0.0287377160556976     0.123085777212274    -0.153265154367442  4.42047573447603e-15  6.84371078815639e-15  1.09641646425238e-15 -3.88941833946471e-15      0.56433359597106
POPULATION (lambda : 0.4): 6.96727635920091
TOTAL ENERGY: -127.173456475898	 lambda: 0.5
1RDM (lambda : 0.5): 
     1.99999933815479  -1.1679957241685e-07 -5.15308674661786e-05 -8.35193902859705e-06  0.000354613305897695  1.39671933278031e-17  2.66715715777993e-17 -2.14194045232181e-17  6.91830983036854e-17  0.000216179382395745
 -1.1679957241685e-07      1.99999923041169 -3.10347722910869e-05 -5.09355642268761e-05  0.000330560975421388  7.47012724142384e-19 -3.18185141375842e-18  2.21643378644568e-19  8.24011121424246e-18  0.000240214310309355
-5.15308674661786e-05 -3.10347722910869e-05      1.99338655566814  -0.00318157416962428    0.0570927633426571  1.61949165695735e-16  1.75586694271401e-16 -1.43286906942204e-16 -2.57990756741314e-16    0.0336149570628573
-8.35193902859705e-06 -5.09355642268761e-05  -0.00318157416962428      1.98675201746047    0.0234040653014705 -1.18400189626703e-15  -1.4932476881242e-15  2.10854774411392e-16  1.78017688651718e-15     0.126499653275897
 0.000354613305897695  0.000330560975421388    0.0570927633426571    0.0234040653014705      1.43499084401702  2.91186474333657e-15   1.7190875853159e-15 -4.37155835356504e-15  2.09626404170746e-15    -0.170042519435707
 1.39671933278031e-17  7.47012724142384e-19  1.61949165695735e-16 -1.18400189626703e-15  2.91186474333657e-15       1.1400562001135 -2.76606741174905e-14    0.0147403953277562  -0.00706611440675219  4.12258179636736e-15
 2.66715715777993e-17 -3.18185141375842e-18  1.75586694271401e-16  -1.4932476881242e-15   1.7190875853159e-15 -2.76606741174905e-14      1.14005620011345  -0.00706611440675124   -0.0147403953277281  6.58855678910672e-15
-2.14194045232181e-17  2.21643378644568e-19 -1.43286906942204e-16  2.10854774411392e-16 -4.37155835356504e-15    0.0147403953277562  -0.00706611440675124     0.860314677352483  1.36594585133948e-15   1.1975405628116e-15
 6.91830983036854e-17  8.24011121424246e-18 -2.57990756741314e-16  1.78017688651718e-15  2.09626404170746e-15  -0.00706611440675219   -0.0147403953277281  1.36594585133948e-15     0.860314677352556 -3.89843928753091e-15
 0.000216179382395745  0.000240214310309355    0.0336149570628573     0.126499653275897    -0.170042519435707  4.12258179636736e-15  6.58855678910672e-15   1.1975405628116e-15 -3.89843928753091e-15     0.584130259355876
POPULATION (lambda : 0.5): 6.9966995705665
TOTAL ENERGY: -127.157727232386	 lambda: 0.6
1RDM (lambda : 0.6): 
     1.99999921949826 -1.17945899998105e-07 -5.69617438402386e-05 -9.33327493303682e-06  0.000351733530331187   1.3540104488192e-17  2.61169863712052e-17 -2.14678529824977e-17  6.99668517027125e-17  0.000226761396549998
-1.17945899998105e-07       1.9999993262835 -3.12611196832066e-05 -5.01241339419788e-05  0.000337601952189456  1.18215650167069e-18 -3.41400369052508e-18 -2.75038606422589e-19  8.60566355644326e-18  0.000253252147614013
-5.69617438402386e-05 -3.12611196832066e-05      1.99302438994132  -0.00402644536920571     0.057143644534992  1.21954567462279e-16  9.91868053523335e-17 -1.89251807183768e-16 -4.03317664654623e-17    0.0397851389931477
-9.33327493303682e-06 -5.01241339419788e-05  -0.00402644536920571      1.98639443535944    0.0303758737304267 -9.61485759951188e-16 -1.41903550234105e-15 -5.98884711028639e-18  2.11432734817436e-15     0.128423426714678
 0.000351733530331187  0.000337601952189456     0.057143644534992    0.0303758737304267      1.43352907982939  2.85340909446282e-15  4.07863355766214e-16  -5.1245080729403e-15  1.39670102559732e-15    -0.193570455292771
  1.3540104488192e-17  1.18215650167069e-18  1.21954567462279e-16 -9.61485759951188e-16  2.85340909446282e-15      1.14226769294092 -6.40457371837833e-14    0.0166219520272465  -0.00796807580604491  4.11837398400799e-15
 2.61169863712052e-17 -3.41400369052508e-18  9.91868053523335e-17 -1.41903550234105e-15  4.07863355766214e-16 -6.40457371837833e-14      1.14226769294069  -0.00796807580604133   -0.0166219520271905  8.15782303660547e-15
-2.14678529824977e-17 -2.75038606422589e-19 -1.89251807183768e-16 -5.98884711028639e-18  -5.1245080729403e-15    0.0166219520272465  -0.00796807580604133     0.858108897181368  4.85008039715204e-14   1.8656598416484e-15
 6.99668517027125e-17  8.60566355644326e-18 -4.03317664654623e-17  2.11432734817436e-15  1.39670102559732e-15  -0.00796807580604491   -0.0166219520271905  4.85008039715204e-14     0.858108897181611 -2.62999103484988e-15
 0.000226761396549998  0.000253252147614013    0.0397851389931477     0.128423426714678    -0.193570455292771  4.11837398400799e-15  8.15782303660547e-15   1.8656598416484e-15 -2.62999103484988e-15     0.586300368843485
POPULATION (lambda : 0.6): 7.02526013921089
TOTAL ENERGY: -127.134957802593	 lambda: 0.7
1RDM (lambda : 0.7): 
     1.99999902982143 -1.14609658939318e-07 -6.57434776923979e-05 -8.39658729643036e-06  0.000340584382694434  1.34285101269569e-17  2.58070085637561e-17 -2.15459462483711e-17  7.09621779475831e-17  0.000245272407224829
-1.14609658939318e-07      1.99999939147608 -3.15173001249778e-05 -5.11446081478529e-05  0.000337082893011493  5.69965692058229e-19 -3.59947384471369e-18  1.80241911677461e-19  8.72140016821125e-18  0.000277028993803676
