TOTAL ENERGY: -126.57844166065	 lambda: -1
1RDM (lambda : -1): 
     1.99999974604725 -3.68712338177968e-08 -1.82573076396576e-05 -1.58697260914927e-05 -9.85081929215869e-05 -2.43565735331013e-15  7.83557882659591e-15  5.57581693753508e-15 -2.00511888222198e-15 -0.000524112690572122
-3.68712338177968e-08      1.99998709687921 -9.64011449714658e-05 -0.000800818422116408 -0.000250946600842583 -1.02409013257808e-15  1.04204519427115e-14   3.6286015000821e-15 -4.28741274860828e-15 -0.000147768281651152
-1.82573076396576e-05 -9.64011449714658e-05       1.9975068566557  -0.00772527686954217  -0.00897771496019834 -4.54731382454802e-13  1.36370355488238e-12  1.09817539459406e-12 -4.32251125238714e-13   -0.0494417596431307
-1.58697260914927e-05 -0.000800818422116408  -0.00772527686954217       1.9436920239116   -0.0184255797903671  9.86457613513089e-13 -2.36480720476287e-12 -3.58808941105978e-12  1.48386032942484e-12   -0.0551447693137129
-9.85081929215869e-05 -0.000250946600842583  -0.00897771496019834   -0.0184255797903671      1.81419655129848 -2.53329177082546e-12  7.20037716654218e-12 -1.22223509734067e-12  4.72866738391068e-13    -0.369377236026432
-2.43565735331013e-15 -1.02409013257808e-15 -4.54731382454802e-13  9.86457613513089e-13 -2.53329177082546e-12      1.31148013942942 -7.18490418988458e-14   -0.0271441214515938    -0.570509410901622 -2.78035106275596e-12
 7.83557882659591e-15  1.04204519427115e-14  1.36370355488238e-12 -2.36480720476287e-12  7.20037716654218e-12 -7.18490418988458e-14      1.31148013942958    -0.570509410901901     0.027144121451036  7.66851134225858e-12
 5.57581693753508e-15   3.6286015000821e-15  1.09817539459406e-12 -3.58808941105978e-12 -1.22223509734067e-12   -0.0271441214515938    -0.570509410901901     0.708684505293636  8.99596898868904e-14  3.40404125207204e-12
-2.00511888222198e-15 -4.28741274860828e-15 -4.32251125238714e-13  1.48386032942484e-12  4.72866738391068e-13    -0.570509410901622     0.027144121451036  8.99596898868904e-14     0.708684505293757 -1.58056615193823e-12
-0.000524112690572122 -0.000147768281651152   -0.0494417596431307   -0.0551447693137129    -0.369377236026432 -2.78035106275596e-12  7.66851134225858e-12  3.40404125207204e-12 -1.58056615193823e-12     0.204288435761432
POPULATION (lambda : -1): 5.37147108335928
TOTAL ENERGY: -126.779655442681	 lambda: -0.9
1RDM (lambda : -0.9): 
     1.99999976840066  2.14047282290627e-08 -1.56041353659436e-05 -3.89969534012969e-06 -0.000101746347209205 -6.87697097872028e-16  7.33585503991398e-15  5.48477631772474e-15 -6.33855183350753e-16 -0.000438095796307527
 2.14047282290627e-08      1.99998900294807 -7.75142333563888e-05 -0.000685124040112851 -0.000194739920181811  7.99322578405241e-16  1.06625254110648e-14  1.88137751000047e-15 -3.62348240557187e-15 -8.57129534634739e-05
-1.56041353659436e-05 -7.75142333563888e-05      1.99776228425112  -0.00609237791843556  -0.00668256883207187 -1.26999839312951e-13  1.43137715111271e-12  1.19737588010299e-12 -2.47981299603302e-13   -0.0443457021601275
-3.89969534012969e-06 -0.000685124040112851  -0.00609237791843556      1.95186624760591   -0.0085838135583137 -1.83817132392668e-13 -1.37743386851961e-12 -3.30331682402907e-12 -1.78291460249795e-13    -0.026659972234202
-0.000101746347209205 -0.000194739920181811  -0.00668256883207187   -0.0085838135583137      1.69808551404793 -3.17922545071752e-14  1.33787471507808e-11  4.66190678285454e-12  1.20869805609102e-12    -0.440973857789225
-6.87697097872028e-16  7.99322578405241e-16 -1.26999839312951e-13 -1.83817132392668e-13 -3.17922545071752e-14      1.32671028087186  5.61868640147064e-15   -0.0255367501967108    -0.536726017518943  -1.0386339771931e-12
 7.33585503991398e-15  1.06625254110648e-14  1.43137715111271e-12 -1.37743386851961e-12  1.33787471507808e-11  5.61868640147064e-15      1.32671028087214    -0.536726017518864    0.0255367501966485  7.25571895604707e-12
 5.48477631772474e-15  1.88137751000047e-15  1.19737588010299e-12 -3.30331682402907e-12  4.66190678285454e-12   -0.0255367501967108    -0.536726017518864     0.691875787673495  9.24944090261612e-15  4.09396173538979e-12
-6.33855183350753e-16 -3.62348240557187e-15 -2.47981299603302e-13 -1.78291460249795e-13  1.20869805609102e-12    -0.536726017518943    0.0255367501966485  9.24944090261612e-15     0.691875787673767 -5.01628396859854e-13
-0.000438095796307527 -8.57129534634739e-05   -0.0443457021601275    -0.026659972234202    -0.440973857789225  -1.0386339771931e-12  7.25571895604707e-12  4.09396173538979e-12 -5.01628396859854e-13     0.315125045655006
POPULATION (lambda : -0.9): 5.58347754783541
TOTAL ENERGY: -126.939675340183	 lambda: -0.8
1RDM (lambda : -0.8): 
     1.99999978826128  4.73387689037657e-08 -1.39564900201343e-05  2.51782681534431e-06 -7.40900781041975e-05 -4.54702669076844e-16  2.01005786215453e-15  1.16884068790407e-15 -2.28506402130919e-16 -0.000356922137201199
 4.73387689037657e-08      1.99999071090099 -6.54113033494792e-05 -0.000588448640167306 -0.000127737559662705 -5.81336506462478e-16  1.47453340664148e-15  5.68480640189139e-15  -1.8934593314663e-15 -5.92341321310655e-05
-1.39564900201343e-05 -6.54113033494792e-05      1.99786510957026  -0.00520259265091773  -0.00317231650865838 -9.56656921733715e-14  3.22606039266108e-13  5.29607275309867e-13 -1.94851168031792e-13   -0.0415714323156162
 2.51782681534431e-06 -0.000588448640167306  -0.00520259265091773      1.95729852458442   0.00848618950582911 -5.96471216550411e-14  3.06858721413255e-13   8.7280431476019e-13 -3.19753009687092e-13  -0.00781929984330943
-7.40900781041975e-05 -0.000127737559662705  -0.00317231650865838   0.00848618950582911      1.58691418747319  8.30116912422373e-13 -2.38011369381435e-12 -5.02975107092339e-12  1.81917667783646e-12     -0.41591944940046
-4.54702669076844e-16 -5.81336506462478e-16 -9.56656921733715e-14 -5.96471216550411e-14  8.30116912422373e-13      1.31201485726878  9.71284082079639e-15   -0.0231903577360765     -0.48741003436912 -2.46528059893373e-13
 2.01005786215453e-15  1.47453340664148e-15  3.22606039266108e-13  3.06858721413255e-13 -2.38011369381435e-12  9.71284082079639e-15       1.3120148572691    -0.487410034368777    0.0231903577359267  1.22103560178742e-12
 1.16884068790407e-15  5.68480640189139e-15  5.29607275309867e-13   8.7280431476019e-13 -5.02975107092339e-12   -0.0231903577360765    -0.487410034368777     0.704633562161564  8.46962889288779e-15  6.14035896261136e-13
-2.28506402130919e-16  -1.8934593314663e-15 -1.94851168031792e-13 -3.19753009687092e-13  1.81917667783646e-12     -0.48741003436912    0.0231903577359267  8.46962889288779e-15     0.704633562161891 -2.28075445788706e-13
-0.000356922137201199 -5.92341321310655e-05   -0.0415714323156162  -0.00781929984330943     -0.41591944940046 -2.46528059893373e-13  1.22103560178742e-12  6.14035896261136e-13 -2.28075445788706e-13     0.424634840348581
POPULATION (lambda : -0.8): 5.77110915991795
TOTAL ENERGY: -127.029656425973	 lambda: -0.7
1RDM (lambda : -0.7): 
     1.99999980108585  5.00864839843351e-08 -1.28731789588958e-05  4.02310966686614e-06 -3.98605970187967e-05  8.36691560270708e-16  3.25224037912641e-15  8.60020551798088e-16 -1.24486237130125e-15 -0.000301029431936404
 5.00864839843351e-08      1.99999179538694 -5.98280597464405e-05 -0.000529319634373031 -8.63624271131594e-05  2.41154310761303e-16  3.61657415987212e-15  3.99665135853509e-15 -2.38397551060227e-15 -5.75180403047246e-05
-1.28731789588958e-05 -5.98280597464405e-05      1.99797045174318  -0.00486890804147378 -8.40379473340752e-05   1.0206164982222e-13  5.93978172097586e-13  5.63499137214987e-13 -3.18777113959336e-13   -0.0393013239150775
 4.02310966686614e-06 -0.000529319634373031  -0.00486890804147378      1.95993659407166    0.0210599845743533  1.28972620924257e-13   2.7557570396608e-13  7.03966482712151e-15  -4.3970429498885e-13  -0.00195301666987686
-3.98605970187967e-05 -8.63624271131594e-05 -8.40379473340752e-05    0.0210599845743533      1.54933524459068  1.35732465116389e-12  1.60239421944715e-12 -1.66395856747776e-12  3.58254631065555e-12    -0.334169895309391
 8.36691560270708e-16  2.41154310761303e-16   1.0206164982222e-13  1.28972620924257e-13  1.35732465116389e-12      1.29198820481777  3.90535067783805e-15   -0.0202524679170913    -0.425662081212839  3.45094167904337e-12
 3.25224037912641e-15  3.61657415987212e-15  5.93978172097586e-13   2.7557570396608e-13  1.60239421944715e-12  3.90535067783805e-15      1.29198820481807    -0.425662081212072     0.020252467916907  3.95638988892819e-12
 8.60020551798088e-16  3.99665135853509e-15  5.63499137214987e-13  7.03966482712151e-15 -1.66395856747776e-12   -0.0202524679170913    -0.425662081212072     0.722360752112268  1.52122819049671e-14 -9.44546758943137e-13
-1.24486237130125e-15 -2.38397551060227e-15 -3.18777113959336e-13  -4.3970429498885e-13  3.58254631065555e-12    -0.425662081212839     0.020252467916907  1.52122819049671e-14     0.722360752112583 -4.95220499168102e-12
-0.000301029431936404 -5.75180403047246e-05   -0.0393013239150775  -0.00195301666987686    -0.334169895309391  3.45094167904337e-12  3.95638988892819e-12 -9.44546758943137e-13 -4.95220499168102e-12     0.464068199261017
POPULATION (lambda : -0.7): 5.89038673510466
TOTAL ENERGY: -127.076816173389	 lambda: -0.6
1RDM (lambda : -0.6): 
     1.99999981114137  4.76466595255119e-08 -1.18850390451687e-05  3.93328359178249e-06 -1.47602138093025e-05  1.51584372676023e-15 -4.44019406573908e-16 -3.43449953641603e-15 -7.37401466380678e-15 -0.000261821401704279
 4.76466595255119e-08      1.99999242997935 -5.67815381203352e-05 -0.000493298632560762 -7.33004498809032e-05 -1.40946531658939e-15 -1.38432121479672e-15  6.04656404145322e-15 -1.96821540205031e-15  -5.7725819956719e-05
-1.18850390451687e-05 -5.67815381203352e-05      1.99814533040281   -0.0046797503265493   0.00199431604571151 -6.59493170432391e-14 -3.24408848170388e-13 -3.48013463183747e-13  -1.1644339023375e-12   -0.0359616819977421
 3.93328359178249e-06 -0.000493298632560762   -0.0046797503265493      1.96171352920193    0.0246811706942993  5.43305426742147e-13 -7.13274352882154e-13  1.17214419401078e-12   1.4987282714036e-13  -0.00320264220515927
-1.47602138093025e-05 -7.33004498809032e-05   0.00199431604571151    0.0246811706942993      1.58518253373223  -1.4126353390871e-11 -2.33112775035544e-11 -2.43185950103898e-11 -6.72644581905885e-12    -0.247177466527847
 1.51584372676023e-15 -1.40946531658939e-15 -6.59493170432391e-14  5.43305426742147e-13  -1.4126353390871e-11      1.27837905352525  1.04817748246252e-14   -0.0168345887524984    -0.353825946378191  1.33493761438887e-11
-4.44019406573908e-16 -1.38432121479672e-15 -3.24408848170388e-13 -7.13274352882154e-13 -2.33112775035544e-11  1.04817748246252e-14      1.27837905352556    -0.353825946379017     0.016834588752226  3.83002343280259e-12
-3.43449953641603e-15  6.04656404145322e-15 -3.48013463183747e-13  1.17214419401078e-12 -2.43185950103898e-11   -0.0168345887524984    -0.353825946379017     0.733292615287007  8.74846692404699e-15 -4.63149730621888e-12
-7.37401466380678e-15 -1.96821540205031e-15  -1.1644339023375e-12   1.4987282714036e-13 -6.72644581905885e-12    -0.353825946378191     0.016834588752226  8.74846692404699e-15     0.733292615287276  -1.9179711228776e-11
-0.000261821401704279  -5.7725819956719e-05   -0.0359616819977421  -0.00320264220515927    -0.247177466527847  1.33493761438887e-11  3.83002343280259e-12 -4.63149730621888e-12  -1.9179711228776e-11     0.431623027917193
POPULATION (lambda : -0.6): 5.96252863868429
TOTAL ENERGY: -127.105200181786	 lambda: -0.5
1RDM (lambda : -0.5): 
     1.99999981996601  4.82305976149684e-08 -1.09173631558385e-05  4.04593787356341e-06 -1.60849069540316e-07 -2.12210951343774e-15  3.42915552122024e-15 -5.66996648530441e-16  3.23515139110324e-15 -0.000227504265538464
 4.82305976149684e-08       1.9999928454914  -5.3747869609973e-05 -0.000466586055049561 -7.69092817439805e-05 -1.18611603187396e-15  3.45188892800405e-15  3.39685721694768e-15  -9.0430431322208e-16 -4.66192193831426e-05
-1.09173631558385e-05  -5.3747869609973e-05      1.99837938873648  -0.00438906182556043   0.00304667686829739 -2.24526228988808e-13  5.18290024451582e-13  4.68223911301838e-13  1.58088855485469e-13   -0.0302504257304175
 4.04593787356341e-06 -0.000466586055049561  -0.00438906182556043      1.96364992818318    0.0215180067185982 -1.14829187038276e-13  3.95556420697727e-13  1.46361220917714e-13  7.56194658395686e-15  -0.00579608442392184
-1.60849069540316e-07 -7.69092817439805e-05   0.00304667686829739    0.0215180067185982      1.65903929885296  3.15855734301536e-12  2.24976443219404e-12  -3.8029226940337e-12  4.41997428141495e-12    -0.185161655343633
-2.12210951343774e-15 -1.18611603187396e-15 -2.24526228988808e-13 -1.14829187038276e-13  3.15855734301536e-12      1.26946623689427  1.00953561978072e-15   -0.0133715092236326     -0.28104002403724  -8.5444698909203e-12
 3.42915552122024e-15  3.45188892800405e-15  5.18290024451582e-13  3.95556420697727e-13  2.24976443219404e-12  1.00953561978072e-15       1.2694662368946    -0.281040024037671    0.0133715092237313  7.47814897490195e-12
-5.66996648530441e-16  3.39685721694768e-15  4.68223911301838e-13  1.46361220917714e-13  -3.8029226940337e-12   -0.0133715092236326    -0.281040024037671     0.739485370470765  1.21009337481206e-14 -1.72364648418604e-12
 3.23515139110324e-15  -9.0430431322208e-16  1.58088855485469e-13  7.56194658395686e-15  4.41997428141495e-12     -0.28104002403724    0.0133715092237313  1.21009337481206e-14     0.739485370471063  7.53112924685016e-12
-0.000227504265538464 -4.66192193831426e-05   -0.0302504257304175  -0.00579608442392184    -0.185161655343633  -8.5444698909203e-12  7.47814897490195e-12 -1.72364648418604e-12  7.53112924685016e-12     0.361035504039287
POPULATION (lambda : -0.5): 6.01397737967342
TOTAL ENERGY: -127.127518655523	 lambda: -0.4
1RDM (lambda : -0.4): 
     1.99999982524938  5.48279288136409e-08 -1.01993555799162e-05  5.01176511905561e-06  8.08829799394428e-06 -4.60554720553896e-16  2.37531109297915e-15  1.31743594061387e-16 -1.10135677247041e-16 -0.000190804738541014
 5.48279288136409e-08      1.99999320008524 -4.94140594684776e-05 -0.000440576758068073 -8.64419498119933e-05 -8.10489585111737e-16  2.68949990949497e-15  3.33695477502794e-15 -1.24179253874552e-15 -1.63072778221846e-05
-1.01993555799162e-05 -4.94140594684776e-05      1.99860318881555   -0.0038803101307894   0.00359081862258851 -9.11916208806692e-14  3.30000127341408e-13  4.63587319244535e-13 -1.85108855445816e-13   -0.0212292040060843
 5.01176511905561e-06 -0.000440576758068073   -0.0038803101307894      1.96605631139476    0.0152396299469103 -3.57993405198813e-14  1.29290899663124e-13  2.14848757170814e-13 -8.11772380553112e-14  -0.00553600008433679
 8.08829799394428e-06 -8.64419498119933e-05   0.00359081862258851    0.0152396299469103      1.73517026517256 -8.27210789652443e-13  2.48775625625913e-12 -5.82271331935673e-12  2.07082846723091e-12    -0.166369430171167
-4.60554720553896e-16 -8.10489585111737e-16 -9.11916208806692e-14 -3.57993405198813e-14 -8.27210789652443e-13      1.26459738555193  1.88789581108139e-14   -0.0103745752305793    -0.218050831571644 -1.15472530296638e-12
 2.37531109297915e-15  2.68949990949497e-15  3.30000127341408e-13  1.29290899663124e-13  2.48775625625913e-12  1.88789581108139e-14      1.26459738555245     -0.21805083157233    0.0103745752305558  5.53752788662228e-12
 1.31743594061387e-16  3.33695477502794e-15  4.63587319244535e-13  2.14848757170814e-13 -5.82271331935673e-12   -0.0103745752305793     -0.21805083157233     0.741992653892844  5.79836266345523e-15  1.67124556226604e-12
-1.10135677247041e-16 -1.24179253874552e-15 -1.85108855445816e-13 -8.11772380553112e-14  2.07082846723091e-12    -0.218050831571644    0.0103745752305558  5.79836266345523e-15     0.741992653893335 -1.13871584220101e-12
-0.000190804738541014 -1.63072778221846e-05   -0.0212292040060843  -0.00553600008433679    -0.166369430171167 -1.15472530296638e-12  5.53752788662228e-12  1.67124556226604e-12 -1.13871584220101e-12     0.286997130392007
POPULATION (lambda : -0.4): 6.06370603489171
TOTAL ENERGY: -127.151004595047	 lambda: -0.3
1RDM (lambda : -0.3): 
     1.99999982440864  6.81374962840634e-08 -1.01688797427676e-05   6.9663286998761e-06  1.68698688893837e-05 -5.54170396495803e-16  2.18155155559582e-15  -2.9515442905515e-16  2.84150058300784e-16 -0.000146962511794774
 6.81374962840634e-08      1.99999364255319 -4.29242207531474e-05 -0.000406597986202054 -9.25861358711682e-05 -6.55304000790546e-16  2.11690469986542e-15  2.99167785745713e-15  -1.0882051656911e-15  4.10688639219529e-05
-1.01688797427676e-05 -4.29242207531474e-05      1.99867920638429  -0.00311226703196079   0.00494799496098436 -6.96726264723129e-14  2.25585609464297e-13  3.91055212148535e-13 -1.40442630597125e-13  -0.00857640717088958
  6.9663286998761e-06 -0.000406597986202054  -0.00311226703196079      1.96928198426934   0.00851815407501724 -6.60169886043106e-15  2.61975348279636e-14  2.50264649280042e-13 -9.04067172175015e-14  0.000984289129382302
 1.68698688893837e-05 -9.25861358711682e-05   0.00494799496098436   0.00851815407501724      1.79004476066938 -1.06211137510347e-12  3.45100467046809e-12 -6.49280493843751e-12   2.3804610321376e-12    -0.200243919279394
-5.54170396495803e-16 -6.55304000790546e-16 -6.96726264723129e-14 -6.60169886043106e-15 -1.06211137510347e-12      1.26434826374848 -1.96704283667055e-14  -0.00799279275838356     -0.16799083819297 -1.96975752583551e-12
 2.18155155559582e-15  2.11690469986542e-15  2.25585609464297e-13  2.61975348279636e-14  3.45100467046809e-12 -1.96704283667055e-14      1.26434826374883    -0.167990838193061   0.00799279275847921  6.20900481295814e-12
 -2.9515442905515e-16  2.99167785745713e-15  3.91055212148535e-13  2.50264649280042e-13 -6.49280493843751e-12  -0.00799279275838356    -0.167990838193061     0.740348144490573  3.47236134051422e-14  2.35117929920804e-12
 2.84150058300784e-16  -1.0882051656911e-15 -1.40442630597125e-13 -9.04067172175015e-14   2.3804610321376e-12     -0.16799083819297   0.00799279275847921  3.47236134051422e-14     0.740348144490905 -8.30615002430119e-13
-0.000146962511794774  4.10688639219529e-05  -0.00857640717088958  0.000984289129382302    -0.200243919279394 -1.96975752583551e-12  6.20900481295814e-12  2.35117929920804e-12 -8.30615002430119e-13     0.232607765236442
POPULATION (lambda : -0.3): 6.13153580144116
TOTAL ENERGY: -127.179427097765	 lambda: -0.2
1RDM (lambda : -0.2): 
     1.99999981607894  8.52894403671209e-08 -1.15079042383708e-05  9.52677455992624e-06  3.73017462472976e-05 -4.70393207706466e-16  1.92236049161121e-15 -7.37149271867301e-16  4.21352505727255e-16 -9.36059464568908e-05
 8.52894403671209e-08      1.99999438662239 -3.37571768217234e-05 -0.000351925770969154 -7.92842599478083e-05 -4.34817588067077e-16   1.4015831186575e-15  2.38169715093996e-15 -8.64507364367268e-16   0.00013354297829777
-1.15079042383708e-05 -3.37571768217234e-05       1.9983895875192  -0.00214801422355616   0.00969420435380574 -3.74966329376398e-14  1.21495245408918e-13  2.87327348396485e-13  -1.0415323131985e-13   0.00674139217602204
 9.52677455992624e-06 -0.000351925770969154  -0.00214801422355616      1.97395719801661     0.003943391508858  4.59695031744263e-14  -1.4815740008538e-13  2.23002122927234e-13 -8.09145131212487e-14    0.0179495720280298
 3.73017462472976e-05 -7.92842599478083e-05   0.00969420435380574     0.003943391508858      1.79835259246374 -1.40918704649658e-12  4.53445868321624e-12  -6.4568249552063e-12  2.34703495542465e-12    -0.288783419101378
-4.70393207706466e-16 -4.34817588067077e-16 -3.74966329376398e-14  4.59695031744263e-14 -1.40918704649658e-12      1.26420644234689 -9.06356451873299e-16  -0.00605002206987539    -0.127158083070078 -1.84307511302562e-12
 1.92236049161121e-15   1.4015831186575e-15  1.21495245408918e-13  -1.4815740008538e-13  4.53445868321624e-12 -9.06356451873299e-16      1.26420644234757    -0.127158083070467   0.00605002206993688  5.92159560768242e-12
-7.37149271867301e-16  2.38169715093996e-15  2.87327348396485e-13  2.23002122927234e-13  -6.4568249552063e-12  -0.00605002206987539    -0.127158083070467     0.738951199854068  3.19038095458514e-14   3.4022029581085e-12
 4.21352505727255e-16 -8.64507364367268e-16  -1.0415323131985e-13 -8.09145131212487e-14  2.34703495542465e-12    -0.127158083070078   0.00605002206993688  3.19038095458514e-14      0.73895119985472 -1.23820520266839e-12
-9.36059464568908e-05   0.00013354297829777   0.00674139217602204    0.0179495720280298    -0.288783419101378 -1.84307511302562e-12  5.92159560768242e-12   3.4022029581085e-12 -1.23820520266839e-12      0.22299113489591
POPULATION (lambda : -0.2): 6.24746554356596
TOTAL ENERGY: -127.207906295659	 lambda: -0.1
1RDM (lambda : -0.1): 
     1.99999980143295  9.35751602814531e-08 -1.47812498455559e-05  1.09329519421098e-05  8.35542204157411e-05 -4.44487698033124e-16  1.83429672093621e-15 -1.36586000849068e-15  6.42823066620968e-16 -3.97506259803915e-05
 9.35751602814531e-08      1.99999566306339  -2.3168241234453e-05 -0.000265717867605977 -1.66662428671796e-05 -2.72274990254011e-16   8.7803252728529e-16  1.29359715625362e-15 -4.68290114534836e-16  0.000247658790930923
-1.47812498455559e-05  -2.3168241234453e-05       1.9975652696962  -0.00137451191779097    0.0210078938306114 -2.37853993672895e-14  7.73270083245961e-14  1.35863626483121e-13 -4.90635085366508e-14    0.0198814488356135
 1.09329519421098e-05 -0.000265717867605977  -0.00137451191779097      1.98014544585407   0.00687079428765866  1.17717230632726e-13  -3.7892218495962e-13    8.000763799239e-14 -2.87760798446813e-14    0.0478420981005212
 8.35542204157411e-05 -1.66662428671796e-05    0.0210078938306114   0.00687079428765866      1.71681472500196 -1.65200469294888e-12   5.3148902467109e-12 -5.45711386279093e-12  1.98290293358288e-12    -0.400689365900936
-4.44487698033124e-16 -2.72274990254011e-16 -2.37853993672895e-14  1.17717230632726e-13 -1.65200469294888e-12      1.24807926374772  -1.7113041620437e-14  -0.00429981649560432   -0.0903726567943617 -1.44558972426565e-12
 1.83429672093621e-15   8.7803252728529e-16  7.73270083245961e-14  -3.7892218495962e-13   5.3148902467109e-12  -1.7113041620437e-14      1.24807926374779   -0.0903726567942105    0.0042998164956381  4.63961620124564e-12
-1.36586000849068e-15  1.29359715625362e-15  1.35863626483121e-13    8.000763799239e-14 -5.45711386279093e-12  -0.00429981649560432   -0.0903726567942105     0.753803245105353  2.01497687705083e-14  4.32836468627241e-12
 6.42823066620968e-16 -4.68290114534836e-16 -4.90635085366508e-14 -2.87760798446813e-14  1.98290293358288e-12   -0.0903726567943617    0.0042998164956381  2.01497687705083e-14     0.753803245105419 -1.57320375155669e-12
-3.97506259803915e-05  0.000247658790930923    0.0198814488356135    0.0478420981005212    -0.400689365900936 -1.44558972426565e-12  4.63961620124564e-12  4.32836468627241e-12 -1.57320375155669e-12     0.301714077245135
POPULATION (lambda : -0.1): 6.44168694916145
TOTAL ENERGY: -127.219425747786	 lambda: 0
1RDM (lambda : 0): 
     1.99999978597053  7.76653409534308e-08 -1.87886547347475e-05  8.79311480711635e-06  0.000147263755172709 -5.19652627403174e-16  2.08831058819542e-15 -1.99804903469862e-15   8.6322188200962e-16 -1.13361096275732e-05
 7.76653409534308e-08      1.99999719724059 -1.57950618371996e-05 -0.000171553966591238  9.50269003345374e-05 -3.39173997831425e-16  1.09559825177351e-15 -3.85608424754946e-17  1.57019740951665e-17   0.00032003550898554
-1.87886547347475e-05 -1.57950618371996e-05      1.99655969011993  -0.00142272094586925    0.0362030921077893 -4.17813242533379e-14  1.35496517500196e-13 -1.61879661992011e-14  6.18589020072058e-15    0.0236793281491569
 8.79311480711635e-06 -0.000171553966591238  -0.00142272094586925      1.98532538448329    0.0212394514461923   1.7184753839837e-13 -5.52824714588137e-13  -1.6956008565357e-13  6.19383076404358e-14    0.0793901890408189
 0.000147263755172709  9.50269003345374e-05    0.0362030921077893    0.0212394514461923      1.54767324590542 -1.61102969170831e-12  5.18265505071979e-12 -3.76351591748818e-12  1.36718660608382e-12     -0.44975039520002
-5.19652627403174e-16 -3.39173997831425e-16 -4.17813242533379e-14   1.7184753839837e-13 -1.61102969170831e-12       1.2049715052689 -1.95815272847861e-15  -0.00280112116068871   -0.0588732745674601 -8.74774917993173e-13
 2.08831058819542e-15  1.09559825177351e-15  1.35496517500196e-13 -5.52824714588137e-13  5.18265505071979e-12 -1.95815272847861e-15      1.20497150526903    -0.058873274567382   0.00280112116069808  2.80620314482382e-12
-1.99804903469862e-15 -3.85608424754946e-17 -1.61879661992011e-14  -1.6956008565357e-13 -3.76351591748818e-12  -0.00280112116068871    -0.058873274567382     0.796017226621752  8.09619871453191e-15  4.46768726376213e-12
  8.6322188200962e-16  1.57019740951665e-17  6.18589020072058e-15  6.19383076404358e-14  1.36718660608382e-12   -0.0588732745674601   0.00280112116069808  8.09619871453191e-15      0.79601722662188 -1.62458545845975e-12
-1.13361096275732e-05   0.00032003550898554    0.0236793281491569    0.0793901890408189     -0.44975039520002 -8.74774917993173e-13  2.80620314482382e-12  4.46768726376213e-12 -1.62458545845975e-12     0.468467232498681
POPULATION (lambda : 0): 6.66731154000368
TOTAL ENERGY: -127.212348423815	 lambda: 0.1
1RDM (lambda : 0.1): 
     1.99999977212957  5.07250416814568e-08 -2.15113140773589e-05  4.56007365305877e-06  0.000195123609681074  -6.3134596108227e-16  2.46483637555563e-15 -2.37282211529349e-15  9.91341570177755e-16 -1.12452970200548e-05
 5.07250416814568e-08       1.9999982989271 -1.34460962064887e-05 -0.000110545850578163  0.000191283408999391 -5.50902143695443e-16  1.77689541397851e-15 -9.51471780690831e-16  3.47589412868551e-16  0.000325508884062139
-2.15113140773589e-05 -1.34460962064887e-05      1.99593030932291  -0.00213754183506061    0.0472506954856963 -6.93877924702359e-14  2.24384001569702e-13 -1.08566610448576e-13  3.97387646010442e-14    0.0208253220251217
 4.56007365305877e-06 -0.000110545850578163  -0.00213754183506061      1.98730001674532    0.0392767555022366  1.85611708728538e-13 -5.96965062515083e-13  -3.9735201533395e-13  1.44812264343817e-13    0.0976992857776355
 0.000195123609681074  0.000191283408999391    0.0472506954856963    0.0392767555022366      1.39066361529976 -1.38068133618272e-12   4.4411900506966e-12 -2.38561935896542e-12  8.66393138311591e-13    -0.421150560058686
 -6.3134596108227e-16 -5.50902143695443e-16 -6.93877924702359e-14  1.85611708728538e-13 -1.38068133618272e-12      1.15863346638471   1.7015308390563e-14  -0.00183073621528414   -0.0384778390451121 -4.56300486045717e-13
 2.46483637555563e-15  1.77689541397851e-15  2.24384001569702e-13 -5.96965062515083e-13   4.4411900506966e-12   1.7015308390563e-14      1.15863346638482    -0.038477839045045   0.00183073621527754  1.46184819651357e-12
-2.37282211529349e-15 -9.51471780690831e-16 -1.08566610448576e-13  -3.9735201533395e-13 -2.38561935896542e-12  -0.00183073621528414    -0.038477839045045     0.841904228564623 -1.15450068621535e-14  3.95450082758189e-12
 9.91341570177755e-16  3.47589412868551e-16  3.97387646010442e-14  1.44812264343817e-13  8.66393138311591e-13   -0.0384778390451121   0.00183073621527754 -1.15450068621535e-14     0.841904228564737 -1.43785104809207e-12
-1.12452970200548e-05  0.000325508884062139    0.0208253220251217    0.0976992857776355    -0.421150560058686 -4.56300486045717e-13  1.46184819651357e-12  3.95450082758189e-12 -1.43785104809207e-12     0.625032597676478
POPULATION (lambda : 0.1): 6.82378097420479
TOTAL ENERGY: -127.20043617175	 lambda: 0.2
1RDM (lambda : 0.2): 
     1.99999975613484  3.03141405984213e-08 -2.30535074511978e-05  8.30423013750383e-07  0.000220440401430103 -7.12399639376748e-16  2.73873985704356e-15 -2.53295279624509e-15  1.04466220486258e-15 -1.93380083341586e-05
 3.03141405984213e-08      1.99999889627688 -1.33835809589935e-05 -8.09406536598652e-05  0.000245693292215831 -7.34074580849439e-16  2.36639019831585e-15 -1.38122293758324e-15  5.03722742055154e-16  0.000305376947361907
-2.30535074511978e-05 -1.33835809589935e-05      1.99564233799987  -0.00296450751574682    0.0530764950554459 -8.75469647084387e-14  2.82835595245417e-13 -1.53972382946414e-13  5.62230377433234e-14    0.0179473038859387
 8.30423013750383e-07 -8.09406536598652e-05  -0.00296450751574682       1.9872796181088    0.0538916645878559  1.78201318394637e-13 -5.73022135952445e-13 -5.51841007648888e-13  2.00981859572779e-13     0.105260514461202
 0.000220440401430103  0.000245693292215831    0.0530764950554459    0.0538916645878559      1.29169163754162 -1.16810202499207e-12  3.75715968527476e-12 -1.59628069448219e-12  5.79538303169705e-13    -0.375877814751917
-7.12399639376748e-16 -7.34074580849439e-16 -8.75469647084387e-14  1.78201318394637e-13 -1.16810202499207e-12      1.12710256199817 -8.19340185236916e-15  -0.00130975283054689   -0.0275281094801822 -2.34085311374453e-13
 2.73873985704356e-15  2.36639019831585e-15  2.82835595245417e-13 -5.73022135952445e-13  3.75715968527476e-12 -8.19340185236916e-15       1.1271025619982   -0.0275281094801038   0.00130975283055855  7.47995073609302e-13
-2.53295279624509e-15 -1.38122293758324e-15 -1.53972382946414e-13 -5.51841007648888e-13 -1.59628069448219e-12  -0.00130975283054689   -0.0275281094801038       0.8732437762158  9.21278154968011e-15  3.40458167409431e-12
 1.04466220486258e-15  5.03722742055154e-16  5.62230377433234e-14  2.00981859572779e-13  5.79538303169705e-13   -0.0275281094801822   0.00130975283055855  9.21278154968011e-15     0.873243776215822  -1.2377991858468e-12
-1.93380083341586e-05  0.000305376947361907    0.0179473038859387     0.105260514461202    -0.375877814751917 -2.34085311374453e-13  7.47995073609302e-13  3.40458167409431e-12  -1.2377991858468e-12     0.724695077510022
POPULATION (lambda : 0.2): 6.90625389539086
TOTAL ENERGY: -127.189732101364	 lambda: 0.3
1RDM (lambda : 0.3): 
      1.9999997342109  1.83124149898494e-08 -2.42011722627011e-05 -1.81030580118252e-06  0.000232374801678406 -7.58858238685681e-16  2.89669119871607e-15 -2.59495857322796e-15  1.06461487852851e-15 -2.60824030188004e-05
 1.83124149898494e-08       1.9999992132316  -1.3855889133792e-05 -6.69714842657745e-05   0.00027251323187252 -8.52925976513854e-16  2.74879122321663e-15 -1.55709932571684e-15  5.67589573817184e-16  0.000285074994841967
-2.42011722627011e-05  -1.3855889133792e-05      1.99549753899696   -0.0037167898838077     0.056051554821222 -9.57383651898042e-14  3.09214766753565e-13  -1.7985164645318e-13  6.56213946837195e-14    0.0169434443312448
-1.81030580118252e-06 -6.69714842657745e-05   -0.0037167898838077       1.9866082803245    0.0647734379323935  1.65707654246114e-13 -5.32765654058617e-13 -6.54998508570723e-13  2.38482705956664e-13     0.108199330267145
 0.000232374801678406   0.00027251323187252     0.056051554821222    0.0647734379323935       1.2347740252842 -1.02628236547434e-12  3.30088587126937e-12 -1.16739323970843e-12  4.23711166711986e-13    -0.342223339708212
-7.58858238685681e-16 -8.52925976513854e-16 -9.57383651898042e-14  1.65707654246114e-13 -1.02628236547434e-12      1.10871500703928 -8.40077325214186e-16  -0.00103396219168323   -0.0217316094052682  -1.1818387793756e-13
 2.89669119871607e-15  2.74879122321663e-15  3.09214766753565e-13 -5.32765654058617e-13  3.30088587126937e-12 -8.40077325214186e-16      1.10871500703922   -0.0217316094051826   0.00103396219168948  3.75785767792071e-13
-2.59495857322796e-15 -1.55709932571684e-15  -1.7985164645318e-13 -6.54998508570723e-13 -1.16739323970843e-12  -0.00103396219168323   -0.0217316094051826     0.891548915710473 -1.98252885702831e-15  3.02256668781837e-12
 1.06461487852851e-15  5.67589573817184e-16  6.56213946837195e-14  2.38482705956664e-13  4.23711166711986e-13   -0.0217316094052682   0.00103396219168948 -1.98252885702831e-15     0.891548915710414 -1.09885153390394e-12
-2.60824030188004e-05  0.000285074994841967    0.0169434443312448     0.108199330267145    -0.342223339708212  -1.1818387793756e-13  3.75785767792071e-13  3.02256668781837e-12 -1.09885153390394e-12     0.782593362452489
POPULATION (lambda : 0.3): 6.94990921865358
TOTAL ENERGY: -127.180589298309	 lambda: 0.4
1RDM (lambda : 0.4): 
     1.99999970276058  1.21955915931946e-08 -2.54695385178541e-05 -3.51244755969525e-06  0.000237208352614075 -7.81058829273545e-16   2.9732462876508e-15 -2.61533360337909e-15  1.07082574283276e-15 -2.98984309804909e-05
 1.21955915931946e-08      1.99999939338702 -1.44048049814237e-05 -5.99807377518939e-05  0.000285577396668622 -9.22937730003158e-16  2.97402157620146e-15 -1.62644238728689e-15  5.92753400870288e-16  0.000270553125496211
-2.54695385178541e-05 -1.44048049814237e-05      1.99538639081301  -0.00439310378044746    0.0576929418118339 -9.69816931309502e-14  3.13242240338155e-13 -1.99497799223055e-13  7.27625868494978e-14    0.0177221374567944
-3.51244755969525e-06 -5.99807377518939e-05  -0.00439310378044746      1.98581628087834    0.0731909887216443  1.53141777304612e-13 -4.92288605181607e-13 -7.29414801079791e-13  2.65533550885182e-13     0.109392371415202
 0.000237208352614075  0.000285577396668622    0.0576929418118339    0.0731909887216443       1.2018352521791 -9.44581654301606e-13  3.03804758156056e-12  -9.1999061328189e-13   3.3383209009071e-13    -0.323821952182806
-7.81058829273545e-16 -9.22937730003158e-16 -9.69816931309502e-14  1.53141777304612e-13 -9.44581654301606e-13      1.09896092506939 -2.25112739862719e-15 -0.000883956633388555   -0.0185787790805886 -5.00372707441668e-14
  2.9732462876508e-15  2.97402157620146e-15  3.13242240338155e-13 -4.92288605181607e-13  3.03804758156056e-12 -2.25112739862719e-15      1.09896092506943   -0.0185787790805335  0.000883956633394477  1.56914682208805e-13
-2.61533360337909e-15 -1.62644238728689e-15 -1.99497799223055e-13 -7.29414801079791e-13  -9.1999061328189e-13 -0.000883956633388555   -0.0185787790805335     0.901266389054397  4.12120576917148e-15  2.80350581364982e-12
 1.07082574283276e-15  5.92753400870288e-16  7.27625868494978e-14  2.65533550885182e-13   3.3383209009071e-13   -0.0185787790805886  0.000883956633394477  4.12120576917148e-15     0.901266389054436 -1.01916968003945e-12
-2.98984309804909e-05  0.000270553125496211    0.0177221374567944     0.109392371415202    -0.323821952182806 -5.00372707441668e-14  1.56914682208805e-13  2.80350581364982e-12 -1.01916968003945e-12     0.816508351734305
POPULATION (lambda : 0.4): 6.97628948539385
TOTAL ENERGY: -127.171900208468	 lambda: 0.5
1RDM (lambda : 0.5): 
     1.99999965632434  1.00108013377061e-08 -2.72741240960528e-05 -4.41785868250359e-06  0.000237688126810642 -7.85620343864456e-16  2.99057674353515e-15 -2.61530728945999e-15  1.07052387120867e-15 -3.08596318059593e-05
 1.00108013377061e-08      1.99999950350359 -1.49868020574962e-05 -5.63245161078316e-05  0.000292490195380988 -9.59827132900587e-16   3.0926892682598e-15 -1.65873615445026e-15  6.04466465376385e-16  0.000262283547884021
-2.72741240960528e-05 -1.49868020574962e-05      1.99524660254041  -0.00502188084022916    0.0587145876754805 -9.31665303954585e-14  3.00997633550983e-13 -2.18597886615637e-13  7.97109344155717e-14    0.0200578192119436
-4.41785868250359e-06 -5.63245161078316e-05  -0.00502188084022916      1.98506988601595    0.0801484377153158  1.41357252860449e-13 -4.54331236022713e-13 -7.87909261893006e-13  2.86795978124046e-13     0.109892468088119
 0.000237688126810642  0.000292490195380988    0.0587145876754805    0.0801484377153158      1.18271497900613 -9.09245836448953e-13  2.92433987985028e-12 -7.63011852126549e-13  2.76794432107205e-13    -0.319717543790283
-7.85620343864456e-16 -9.59827132900587e-16 -9.31665303954585e-14  1.41357252860449e-13 -9.09245836448953e-13      1.09518477006132  4.69227544460255e-17 -0.000804596627544462   -0.0169108422023312  -1.5781225522127e-15
 2.99057674353515e-15   3.0926892682598e-15  3.00997633550983e-13 -4.54331236022713e-13  2.92433987985028e-12  4.69227544460255e-17      1.09518477006135     -0.01691084220228  0.000804596627546562  1.16260881530796e-15
-2.61530728945999e-15 -1.65873615445026e-15 -2.18597886615637e-13 -7.87909261893006e-13 -7.63011852126549e-13 -0.000804596627544462     -0.01691084220228     0.905028658902201  1.14031469270885e-15  2.71874353168845e-12
 1.07052387120867e-15  6.04466465376385e-16  7.97109344155717e-14  2.86795978124046e-13  2.76794432107205e-13   -0.0169108422023312  0.000804596627546562  1.14031469270885e-15     0.905028658902227 -9.88322298433036e-13
-3.08596318059593e-05  0.000262283547884021    0.0200578192119436     0.109892468088119    -0.319717543790283  -1.5781225522127e-15  1.16260881530796e-15  2.71874353168845e-12 -9.88322298433036e-13     0.836542514682533
POPULATION (lambda : 0.5): 6.9956674897916
TOTAL ENERGY: -127.161929692813	 lambda: 0.6
1RDM (lambda : 0.6): 
     1.99999958491296  1.06911936032025e-08 -3.01974627493855e-05 -4.52785004575634e-06  0.000234718399409751  -7.7434841033158e-16  2.95478345094259e-15 -2.60282855507572e-15  1.06639816800084e-15 -2.88045894020753e-05
 1.06911936032025e-08      1.99999957430983 -1.56770837013307e-05 -5.44813365959858e-05  0.000297432415059238 -9.72826631343681e-16  3.13451422542301e-15 -1.68954098014609e-15  6.15653900507787e-16  0.000260105487619558
-3.01974627493855e-05 -1.56770837013307e-05      1.99501500764227  -0.00562773125796448    0.0595050466217529 -8.50432259211029e-14  2.74896796170817e-13 -2.40570922364907e-13  8.77084425972553e-14    0.0239392433333258
-4.52785004575634e-06 -5.44813365959858e-05  -0.00562773125796448       1.9844202416215     0.086329567121013  1.30034668904699e-13 -4.17860387882641e-13 -8.37628214016379e-13  3.04868599379531e-13      0.11006911037184
 0.000234718399409751  0.000297432415059238    0.0595050466217529     0.086329567121013      1.17203224180084 -9.13532522847662e-13  2.93805989238916e-12  -6.4815610956796e-13  2.35043654916884e-13    -0.330026359259398
 -7.7434841033158e-16 -9.72826631343681e-16 -8.50432259211029e-14  1.30034668904699e-13 -9.13532522847662e-13      1.09637114348781  2.72639921523862e-15 -0.000771071892807777   -0.0162062201897552  4.25325435883129e-14
 2.95478345094259e-15  3.13451422542301e-15  2.74896796170817e-13 -4.17860387882641e-13  2.93805989238916e-12  2.72639921523862e-15      1.09637114348795   -0.0162062201897198   0.00077107189281018  -1.4078737034453e-13
-2.60282855507572e-15 -1.68954098014609e-15 -2.40570922364907e-13 -8.37628214016379e-13  -6.4815610956796e-13 -0.000771071892807777   -0.0162062201897198     0.903843594505005  3.78780892573555e-15  2.75549740600834e-12
 1.06639816800084e-15  6.15653900507787e-16  8.77084425972553e-14  3.04868599379531e-13  2.35043654916884e-13   -0.0162062201897552   0.00077107189281018  3.78780892573555e-15     0.903843594505143 -1.00165224928969e-12
-2.88045894020753e-05  0.000260105487619558    0.0239392433333258      0.11006911037184    -0.330026359259398  4.25325435883129e-14  -1.4078737034453e-13  2.75549740600834e-12 -1.00165224928969e-12     0.848103873726697
POPULATION (lambda : 0.6): 7.0137790888909
TOTAL ENERGY: -127.147693593195	 lambda: 0.7
1RDM (lambda : 0.7): 
     1.99999946864297  1.36657700584058e-08 -3.53642239735727e-05 -3.65509052894536e-06  0.000228211433388546 -7.44617959907586e-16  2.85672047076032e-15 -2.58223652120276e-15  1.05988821424915e-15  -2.2666563742859e-05
 1.36657700584058e-08      1.99999962045812  -1.6634805264796e-05 -5.38159651148067e-05  0.000303379439488791 -9.66286874109377e-16  3.11307628785494e-15 -1.74445765601411e-15  6.35510953967285e-16  0.000264457660518853
