Naturals in-correctTOTAL ENERGY: -124.412064226097	 lambda: -10	 population of target: 3.91402795509514
1RDM: 
     1.99999698563127  8.19286581625951e-06  0.000385534153994833 -0.000600248366961696   0.00127044755502542  3.51958467498915e-13  1.67631784502339e-13   2.0964615643994e-13  4.41555799222355e-13  -0.00189092412662542
 8.19286581625951e-06      1.99997132457185  -0.00125230939411104   0.00224274928546717  -0.00357954772318551  2.42719635360395e-13  1.16817553729516e-13  1.58962914648127e-13  3.31499619776113e-13   0.00554197016670654
 0.000385534153994833  -0.00125230939411104        1.936554614591     0.119714835166086    -0.169882688410049  3.29005665408838e-11  1.56617778722785e-11  2.04272995920492e-11  4.30423808498835e-11     0.267998577441482
-0.000600248366961696   0.00224274928546717     0.119714835166086      1.74991392742415     0.275257764521111 -1.07116854543115e-12 -5.09136619907808e-13 -1.69161523888727e-12 -3.56251438783299e-12    -0.455781225014224
  0.00127044755502542  -0.00357954772318551    -0.169882688410049     0.275257764521111      1.46033117750492 -2.92474939511585e-11 -1.39248134673433e-11 -1.62665361726405e-11  -3.4279935625754e-11     0.811022080937411
 3.51958467498915e-13  2.42719635360395e-13  3.29005665408838e-11 -1.07116854543115e-12 -2.92474939511585e-11      1.25352295521543  3.64861578375657e-16   0.00114414995748668    -0.950154987463068 -9.30598113606676e-12
 1.67631784502339e-13  1.16817553729516e-13  1.56617778722785e-11 -5.09136619907808e-13 -1.39248134673433e-11  3.64861578375657e-16       1.2535229552153    -0.950154987463097   -0.0011441499574866 -4.42696326749658e-12
  2.0964615643994e-13  1.58962914648127e-13  2.04272995920492e-11 -1.69161523888727e-12 -1.62665361726405e-11   0.00114414995748668    -0.950154987463097     0.790590208636927 -2.74768289459214e-16 -7.86858862131371e-12
 4.41555799222355e-13  3.31499619776113e-13  4.30423808498835e-11 -3.56251438783299e-12  -3.4279935625754e-11    -0.950154987463068   -0.0011441499574866 -2.74768289459214e-16      0.79059020863679 -1.65767639400716e-11
 -0.00189092412662542   0.00554197016670654     0.267998577441482    -0.455781225014224     0.811022080937411 -9.30598113606676e-12 -4.42696326749658e-12 -7.86858862131371e-12 -1.65767639400716e-11     0.765005642572349
TOTAL ENERGY: -124.41269355539	 lambda: -9.95	 population of target: 3.91409104601462
1RDM: 
     1.99999702801718  8.11564259954317e-06  0.000381937780868571  -0.00059342489931096   0.00126151774047846  3.52423506253901e-13  1.67852443859275e-13  2.09970458906407e-13  4.42240937811757e-13   -0.0018773026997736
 8.11564259954317e-06      1.99997141490824  -0.00124868716035989   0.00223463901407864   -0.0035741917765586  2.42265997524693e-13  1.16595298042995e-13  1.58684249782029e-13  3.30929088418181e-13   0.00553391485750744
 0.000381937780868571  -0.00124868716035989      1.93669507132925      0.11939498455218    -0.169705359604606  3.28861999007094e-11  1.56548738174156e-11  2.04202300101998e-11  4.30276612059971e-11     0.267744473612031
 -0.00059342489931096   0.00223463901407864      0.11939498455218      1.75058773949834     0.274704733386908 -1.03388763830485e-12 -4.91126157250418e-13 -1.66794178459222e-12 -3.51334549730008e-12    -0.454977183407151
  0.00126151774047846   -0.0035741917765586    -0.169705359604606     0.274704733386908      1.46012159488934 -2.92327074689719e-11 -1.39176694738855e-11 -1.62578550390911e-11 -3.42619267129392e-11     0.811375543815095
 3.52423506253901e-13  2.42265997524693e-13  3.28861999007094e-11 -1.03388763830485e-12 -2.92327074689719e-11      1.25361002487678  3.54556169068674e-16   0.00114412480579712        -0.95013410077 -9.32131975466255e-12
 1.67852443859275e-13  1.16595298042995e-13  1.56548738174156e-11 -4.91126157250418e-13 -1.39176694738855e-11  3.54556169068674e-16      1.25361002487665    -0.950134100770029  -0.00114412480579705 -4.43429758583822e-12
 2.09970458906407e-13  1.58684249782029e-13  2.04202300101998e-11 -1.66794178459222e-12 -1.62578550390911e-11   0.00114412480579712    -0.950134100770029     0.790502288012709 -2.64299574341408e-16 -7.88063025799577e-12
 4.42240937811757e-13  3.30929088418181e-13  4.30276612059971e-11 -3.51334549730008e-12 -3.42619267129392e-11        -0.95013410077  -0.00114412480579705 -2.64299574341408e-16      0.79050228801257 -1.66020473380708e-11
  -0.0018773026997736   0.00553391485750744     0.267744473612031    -0.454977183407151     0.811375543815095 -9.32131975466255e-12 -4.43429758583822e-12 -7.88063025799577e-12 -1.66020473380708e-11     0.764402525579028
TOTAL ENERGY: -124.413326047268	 lambda: -9.9	 population of target: 3.91415477342558
1RDM: 
     1.99999707018042  8.03837796444807e-06   0.00037833879510618  -0.00058660533743367    0.0012525600814461  3.52894576155003e-13  1.68076997035781e-13  2.10300053998476e-13  4.42934488199775e-13  -0.00186364346688032
 8.03837796444807e-06      1.99997150582618  -0.00124504458417512   0.00222649859038957   -0.0035687764592704  2.41863170895659e-13   1.1640834132883e-13  1.58450579352689e-13  3.30423558896891e-13   0.00552578618645289
  0.00037833879510618  -0.00124504458417512      1.93683614891569     0.119074281376463    -0.169526398623613  3.28723492219145e-11  1.56483436492249e-11  2.04136622479994e-11  4.30136538961962e-11     0.267488791648956
 -0.00058660533743367   0.00222649859038957     0.119074281376463      1.75126236588878       0.2741488212873 -9.98986408775056e-13  -4.7476527096342e-13 -1.64637319139791e-12 -3.46722321844524e-12    -0.454170362260297
   0.0012525600814461   -0.0035687764592704    -0.169526398623613       0.2741488212873      1.45991421828243 -2.92189948294513e-11 -1.39112422048158e-11 -1.62500823073472e-11 -3.42452822508464e-11     0.811728388067772
 3.52894576155003e-13  2.41863170895659e-13  3.28723492219145e-11 -9.98986408775056e-13 -2.92189948294513e-11      1.25369808188007  3.62716323705272e-16   0.00114409941954678    -0.950113018456602 -9.33630700714103e-12
 1.68076997035781e-13   1.1640834132883e-13  1.56483436492249e-11  -4.7476527096342e-13 -1.39112422048158e-11  3.62716323705272e-16      1.25369808187994    -0.950113018456631   -0.0011440994195467 -4.44139941938926e-12
 2.10300053998476e-13  1.58450579352689e-13  2.04136622479994e-11 -1.64637319139791e-12 -1.62500823073472e-11   0.00114409941954678    -0.950113018456631     0.790413243272043  -2.6974954244292e-16 -7.89242725850718e-12
 4.42934488199775e-13  3.30423558896891e-13  4.30136538961962e-11 -3.46722321844524e-12 -3.42452822508464e-11    -0.950113018456602   -0.0011440994195467  -2.6974954244292e-16     0.790413243271901 -1.66269870788176e-11
 -0.00186364346688032   0.00552578618645289     0.267488791648956    -0.454170362260297     0.811728388067772 -9.33630700714103e-12 -4.44139941938926e-12 -7.89242725850718e-12 -1.66269870788176e-11     0.763796040602581
TOTAL ENERGY: -124.413961748696	 lambda: -9.85	 population of target: 3.91421914852935
1RDM: 
     1.99999711211847  7.96107526989886e-06  0.000374737280837266 -0.000579789888484138   0.00124357461882517  3.53371395084987e-13   1.6830381237002e-13  2.10632873283794e-13  4.43636103628997e-13   -0.0018499464787093
 7.96107526989886e-06      1.99997159732513  -0.00124138162196992   0.00221832811576669  -0.00356330136479598  2.41508111759473e-13   1.1623897570222e-13  1.58239362212802e-13  3.29979151268814e-13   0.00551758385104661
 0.000374737280837266  -0.00124138162196992        1.936977852035     0.118752724324323    -0.169345785129503  3.28589786014792e-11  1.56419826109756e-11  2.04073352691185e-11  4.30003138017701e-11     0.267231517790149
-0.000579789888484138   0.00221832811576669     0.118752724324323      1.75193779651278     0.273590009713022 -9.66321947100606e-13 -4.59229843541703e-13 -1.62585841309399e-12 -3.42396478494166e-12    -0.453360760579643
  0.00124357461882517  -0.00356330136479598    -0.169345785129503     0.273590009713022      1.45970910808137 -2.92062978622859e-11 -1.39052032195282e-11 -1.62428012503148e-11 -3.42299284702878e-11      0.81208058390061
 3.53371395084987e-13  2.41508111759473e-13  3.28589786014792e-11 -9.66321947100606e-13 -2.92062978622859e-11      1.25378714458635  3.62104828759366e-16   0.00114407379197808    -0.950091736118987  -9.3509655596829e-12
  1.6830381237002e-13   1.1623897570222e-13  1.56419826109756e-11 -4.59229843541703e-13 -1.39052032195282e-11  3.62104828759366e-16      1.25378714458621    -0.950091736119017    -0.001144073791978 -4.44837500341411e-12
 2.10632873283794e-13  1.58239362212802e-13  2.04073352691185e-11 -1.62585841309399e-12 -1.62428012503148e-11   0.00114407379197808    -0.950091736119017     0.790323055073781 -2.68186857066355e-16 -7.90411318861536e-12
 4.43636103628997e-13  3.29979151268814e-13  4.30003138017701e-11 -3.42396478494166e-12 -3.42299284702878e-11    -0.950091736118987    -0.001144073791978 -2.68186857066355e-16     0.790323055073638 -1.66516131496008e-11
  -0.0018499464787093   0.00551758385104661     0.267231517790149    -0.453360760579643      0.81208058390061  -9.3509655596829e-12 -4.44837500341411e-12 -7.90411318861536e-12 -1.66516131496008e-11     0.763186134607352
TOTAL ENERGY: -124.414600707909	 lambda: -9.8	 population of target: 3.91428418282802
1RDM: 
     1.99999715382873  7.88373791856793e-06   0.00037113332373576 -0.000572978762044387    0.0012345613972703  3.53853578783165e-13  1.68533155346524e-13  2.10969261577646e-13  4.44345309302657e-13  -0.00183621179012345
 7.88373791856793e-06      1.99997168940445  -0.00123769823029748   0.00221012769444133  -0.00355776608327458  2.41196685943194e-13  1.16090102409615e-13  1.58054313156526e-13  3.29590630355405e-13   0.00550930754946524
  0.00037113332373576  -0.00123769823029748      1.93712018545539      0.11843031207081    -0.169163498406833  3.28460394334981e-11  1.56358237665814e-11  2.04012920423244e-11  4.29875802493557e-11     0.266972638058387
-0.000572978762044387   0.00221012769444133      0.11843031207081      1.75261402111535     0.273028279977251 -9.35700337963794e-13 -4.44654008757668e-13 -1.60656961872605e-12  -3.3833244228528e-12    -0.452548377644879
   0.0012345613972703  -0.00355776608327458    -0.169163498406833     0.273028279977251      1.45950632611512 -2.91945389230167e-11 -1.38996056403577e-11 -1.62360794294216e-11 -3.42157668075651e-11     0.812432100809337
 3.53853578783165e-13  2.41196685943194e-13  3.28460394334981e-11 -9.35700337963794e-13 -2.91945389230167e-11      1.25387723183028  3.60499820403958e-16   0.00114404791806054    -0.950070249225322 -9.36532413960046e-12
 1.68533155346524e-13  1.16090102409615e-13  1.56358237665814e-11 -4.44654008757668e-13 -1.38996056403577e-11  3.60499820403958e-16      1.25387723183015    -0.950070249225351  -0.00114404791806046 -4.45520940789451e-12
 2.10969261577646e-13  1.58054313156526e-13  2.04012920423244e-11 -1.60656961872605e-12 -1.62360794294216e-11   0.00114404791806054    -0.950070249225351     0.790231703605773 -2.68353639363679e-16 -7.91567055133653e-12
 4.44345309302657e-13  3.29590630355405e-13  4.29875802493557e-11  -3.3833244228528e-12 -3.42157668075651e-11    -0.950070249225322  -0.00114404791806046 -2.68353639363679e-16     0.790231703605633 -1.66759640448884e-11
 -0.00183621179012345   0.00550930754946524     0.266972638058387    -0.452548377644879     0.812432100809337 -9.36532413960046e-12 -4.45520940789451e-12 -7.91567055133653e-12 -1.66759640448884e-11     0.762572753209171
TOTAL ENERGY: -124.41524297447	 lambda: -9.75	 population of target: 3.91434988813567
1RDM: 
     1.99999719530864  7.80636936615695e-06  0.000367527011569414 -0.000566172170939852   0.00122552046669421  3.54341102976409e-13  1.68765034103483e-13  2.11309236147214e-13  4.45062088839942e-13  -0.00182243946239416
 7.80636936615695e-06      1.99997178206349  -0.00123399436589113   0.00220189743328893  -0.00355217020109377  2.40928660542964e-13   1.1596182440395e-13   1.5789557591579e-13  3.29257725320866e-13   0.00550095698025264
 0.000367527011569414  -0.00123399436589113      1.93726315401793     0.118107043284474    -0.168979517369074  3.28335280768886e-11  1.56298678512312e-11  2.03955341156804e-11  4.29754498594848e-11     0.266712138288919
-0.000566172170939852   0.00220189743328893     0.118107043284474      1.75329102929449     0.272463613193721 -9.07109162023317e-13 -4.31041798894548e-13 -1.58851254607041e-12 -3.34528749707097e-12    -0.451733212998733
  0.00122552046669421  -0.00355217020109377    -0.168979517369074     0.272463613193721      1.45930593571145 -2.91837126310111e-11 -1.38944508607117e-11  -1.6229918734165e-11  -3.4202790665951e-11      0.81278290755002
 3.54341102976409e-13  2.40928660542964e-13  3.28335280768886e-11 -9.07109162023317e-13 -2.91837126310111e-11      1.25396836290728  3.60846502685291e-16   0.00114402179221074    -0.950048553121161  -9.3793882228965e-12
 1.68765034103483e-13   1.1596182440395e-13  1.56298678512312e-11 -4.31041798894548e-13 -1.38944508607117e-11  3.60846502685291e-16      1.25396836290715    -0.950048553121191  -0.00114402179221066 -4.46190398532572e-12
 2.11309236147214e-13   1.5789557591579e-13  2.03955341156804e-11 -1.58851254607041e-12  -1.6229918734165e-11   0.00114402179221074    -0.950048553121191     0.790139168591253 -2.67431237244831e-16 -7.92710205707265e-12
 4.45062088839942e-13  3.29257725320866e-13  4.29754498594848e-11 -3.34528749707097e-12  -3.4202790665951e-11    -0.950048553121161  -0.00114402179221066 -2.67431237244831e-16     0.790139168591113 -1.67000487811604e-11
 -0.00182243946239416   0.00550095698025264     0.266712138288919    -0.451733212998733      0.81278290755002  -9.3793882228965e-12 -4.46190398532572e-12 -7.92710205707265e-12 -1.67000487811604e-11     0.761955840607246
TOTAL ENERGY: -124.415888599307	 lambda: -9.7	 population of target: 3.91441627658907
1RDM: 
     1.99999723655559  7.72897312040639e-06  0.000363918434146261 -0.000559370331140432   0.00121645188216574  3.54834230002393e-13  1.68999577286895e-13  2.11652967394374e-13  4.45786791227778e-13  -0.00180862956297754
 7.72897312040639e-06      1.99997187530154  -0.00123026998565485   0.00219363744190822  -0.00354651330088728  2.40706904370649e-13  1.15855548209777e-13  1.57764951218047e-13  3.28984120983929e-13   0.00549253184243349
 0.000363918434146261  -0.00123026998565485      1.93740676264085     0.117782916625549    -0.168793820546038  3.28214766310631e-11  1.56241306175606e-11  2.03900821935966e-11  4.29639649906546e-11     0.266450004118895
-0.000559370331140432   0.00219363744190822     0.117782916625549      1.75396881049484     0.271895990274873 -8.80679889043672e-13 -4.18457699972622e-13 -1.57176991431025e-12 -3.31002320409331e-12    -0.450915266458193
  0.00121645188216574  -0.00354651330088728    -0.168793820546038     0.271895990274873      1.45910800173448 -2.91738707969635e-11 -1.38897643002853e-11 -1.62243514977688e-11 -3.41910661558042e-11     0.813132972119566
 3.54834230002393e-13  2.40706904370649e-13  3.28214766310631e-11 -8.80679889043672e-13 -2.91738707969635e-11      1.25406055759338  3.62232222966549e-16   0.00114399540867289    -0.950026643023439 -9.39314540977432e-12
 1.68999577286895e-13  1.15855548209777e-13  1.56241306175606e-11 -4.18457699972622e-13 -1.38897643002853e-11  3.62232222966549e-16      1.25406055759324    -0.950026643023469  -0.00114399540867281 -4.46845259342977e-12
 2.11652967394374e-13  1.57764951218047e-13  2.03900821935966e-11 -1.57176991431025e-12 -1.62243514977688e-11   0.00114399540867289    -0.950026643023469     0.790045429270521 -2.67089564303732e-16 -7.93840109208192e-12
 4.45786791227778e-13  3.28984120983929e-13  4.29639649906546e-11 -3.31002320409331e-12 -3.41910661558042e-11    -0.950026643023439  -0.00114399540867281 -2.67089564303732e-16     0.790045429270379  -1.6723854053279e-11
 -0.00180862956297754   0.00549253184243349     0.266450004118895    -0.450915266458193     0.813132972119566 -9.39314540977432e-12 -4.46845259342977e-12 -7.93840109208192e-12  -1.6723854053279e-11     0.761335339545231
TOTAL ENERGY: -124.416537634761	 lambda: -9.65	 population of target: 3.91448336065921
1RDM: 
     1.99999727756698  7.65155274176017e-06  0.000360307683359283 -0.000552573461808946   0.00120735570406931  3.55333558225499e-13  1.69237071102659e-13  2.12000826012746e-13  4.46520193943754e-13   -0.0017947821657024
 7.65155274176017e-06      1.99997196911783  -0.00122652504666241   0.00218534783265069  -0.00354079496146338  2.40537915077201e-13  1.15774381735345e-13  1.57666404039985e-13  3.28778132652303e-13   0.00548403183556163
 0.000360307683359283  -0.00122652504666241      1.93755101632155     0.117457930744974    -0.168606386074257   3.2809959039688e-11  1.56186474366364e-11  2.03849820308267e-11  4.29532215975527e-11     0.266186220983077
-0.000552573461808946   0.00218534783265069     0.117457930744974       1.7546473540069     0.271325391926562 -8.56712065570243e-13 -4.07044996032124e-13 -1.55652487802658e-12 -3.27791563829151e-12     -0.45009453812239
  0.00120735570406931  -0.00354079496146338    -0.168606386074257     0.271325391926562      1.45891259062895 -2.91651317432859e-11 -1.38856025583151e-11  -1.6219449566781e-11 -3.41807439408644e-11     0.813482261733528
 3.55333558225499e-13  2.40537915077201e-13   3.2809959039688e-11 -8.56712065570243e-13 -2.91651317432859e-11      1.25415383616021  3.59395174184555e-16   0.00114396876152864    -0.950004514016286  -9.4065630155426e-12
 1.69237071102659e-13  1.15774381735345e-13  1.56186474366364e-11 -4.07044996032124e-13 -1.38856025583151e-11  3.59395174184555e-16      1.25415383616008    -0.950004514016313  -0.00114396876152856 -4.47483958685052e-12
 2.12000826012746e-13  1.57666404039985e-13  2.03849820308267e-11 -1.55652487802658e-12  -1.6219449566781e-11   0.00114396876152864    -0.950004514016313      0.78995046438603 -2.64835464065099e-16  -7.9495492494214e-12
 4.46520193943754e-13  3.28778132652303e-13  4.29532215975527e-11 -3.27791563829151e-12 -3.41807439408644e-11    -0.950004514016286  -0.00114396876152856 -2.64835464065099e-16     0.789950464385888 -1.67473413014491e-11
  -0.0017947821657024   0.00548403183556163     0.266186220983077     -0.45009453812239     0.813482261733528  -9.4065630155426e-12 -4.47483958685052e-12  -7.9495492494214e-12 -1.67473413014491e-11     0.760711191265646
TOTAL ENERGY: -124.417190134632	 lambda: -9.6	 population of target: 3.91455115316314
1RDM: 
     1.99999731834017  7.57411184431073e-06  0.000356694853242863 -0.000545781785366329    0.0011982319983007  3.55840130115578e-13  1.69478012620499e-13  2.12353450922594e-13  4.47263641140295e-13  -0.00178089735101268
 7.57411184431073e-06      1.99997206351154  -0.00122275950616446   0.00217702872065376  -0.00353501475775788  2.40432978458833e-13  1.15723706274005e-13  1.57606791861665e-13  3.28654186704633e-13   0.00547545665981081
 0.000356694853242863  -0.00122275950616446      1.93769592013829     0.117132084283451    -0.168417191687252  3.27991045509268e-11  1.56134799378797e-11  2.03803128884333e-11  4.29433864244058e-11     0.265920774109883
-0.000545781785366329   0.00217702872065376     0.117132084283451      1.75532664896668     0.270751798642048 -8.35726990464037e-13 -3.97052256562009e-13 -1.54309476792256e-12 -3.24963237547803e-12    -0.449271028380212
   0.0011982319983007  -0.00353501475775788    -0.168417191687252     0.270751798642048      1.45871977046639 -2.91577009782079e-11  -1.3882063627264e-11 -1.62153373268958e-11 -3.41720856912218e-11      0.81383074280299
 3.55840130115578e-13  2.40432978458833e-13  3.27991045509268e-11 -8.35726990464037e-13 -2.91577009782079e-11      1.25424821939025  3.60409972767646e-16   0.00114394184469394    -0.949982161046734 -9.41958230925722e-12
 1.69478012620499e-13  1.15723706274005e-13  1.56134799378797e-11 -3.97052256562009e-13  -1.3882063627264e-11  3.60409972767646e-16      1.25424821939012    -0.949982161046763  -0.00114394184469386 -4.48103695676239e-12
 2.12353450922594e-13  1.57606791861665e-13  2.03803128884333e-11 -1.54309476792256e-12 -1.62153373268958e-11   0.00114394184469394    -0.949982161046763     0.789854252167327 -2.66908837400047e-16 -7.96051266774574e-12
 4.47263641140295e-13  3.28654186704633e-13  4.29433864244058e-11 -3.24963237547803e-12 -3.41720856912218e-11    -0.949982161046734  -0.00114394184469386 -2.66908837400047e-16     0.789854252167189 -1.67704393067224e-11
 -0.00178089735101268   0.00547545665981081     0.265920774109883    -0.449271028380212      0.81383074280299 -9.41958230925722e-12 -4.48103695676239e-12 -7.96051266774574e-12 -1.67704393067224e-11     0.760083335462052
TOTAL ENERGY: -124.417846154327	 lambda: -9.55	 population of target: 3.91461966728642
1RDM: 
     1.99999735887254  7.49665403882513e-06   0.00035308003928563 -0.000538995526434946   0.00118908083437807  3.56366563633701e-13  1.69728408660066e-13   2.1271846126516e-13  4.48033187430677e-13  -0.00176697520300838
 7.49665403882513e-06      1.99997215848211  -0.00121897331495159   0.00216868021323995  -0.00352917224075838  2.40528527242252e-13  1.15768471022559e-13   1.5766878987136e-13  3.28786491311614e-13   0.00546680598560377
  0.00035308003928563  -0.00121897331495159      1.93784147927575     0.116805375848981     -0.16822621467507  3.27904810971353e-11  1.56093745399326e-11  2.03770330019688e-11  4.29364786057727e-11     0.265653648470709
-0.000538995526434946   0.00216868021323995     0.116805375848981      1.75600668435242     0.270175190698882 -8.24018782682318e-13 -3.91475814928546e-13 -1.53531007744157e-12 -3.23324479948676e-12     -0.44844473793473
  0.00118908083437807  -0.00352917224075838     -0.16822621467507     0.270175190698882      1.45852961097796 -2.91540959156635e-11 -1.38803459319287e-11  -1.6213523083912e-11 -3.41682696207741e-11      0.81417838091947
 3.56366563633701e-13  2.40528527242252e-13  3.27904810971353e-11 -8.24018782682318e-13 -2.91540959156635e-11      1.25434372882627  3.61151824651298e-16   0.00114391465183485    -0.949959578862998 -9.43143652656862e-12
 1.69728408660066e-13  1.15768471022559e-13  1.56093745399326e-11 -3.91475814928546e-13 -1.38803459319287e-11  3.61151824651298e-16      1.25434372882614    -0.949959578863027  -0.00114391465183477 -4.48667968062445e-12
  2.1271846126516e-13   1.5766878987136e-13  2.03770330019688e-11 -1.53531007744157e-12  -1.6213523083912e-11   0.00114391465183485    -0.949959578863027     0.789756770081977 -2.65436939258886e-16 -7.97085618025804e-12
 4.48033187430677e-13  3.28786491311614e-13  4.29364786057727e-11 -3.23324479948676e-12 -3.41682696207741e-11    -0.949959578862998  -0.00114391465183477 -2.65436939258886e-16     0.789756770081838 -1.67922311034883e-11
 -0.00176697520300838   0.00546680598560377     0.265653648470709     -0.44844473793473      0.81417838091947 -9.43143652656862e-12 -4.48667968062445e-12 -7.97085618025804e-12 -1.67922311034883e-11     0.759451710223013
TOTAL ENERGY: -124.418505750514	 lambda: -9.5	 population of target: 3.91468891655463
1RDM: 
     1.99999739916142  7.41918317224029e-06  0.000349463340950037 -0.000532214915374619   0.00117990229208668  3.56894365258957e-13  1.69979459448475e-13  2.13084737760314e-13  4.48805391825451e-13  -0.00175301581966095
 7.41918317224029e-06      1.99997225402797  -0.00121516644691841   0.00216030245693503  -0.00352326702597598   2.4062440254086e-13  1.15813434333036e-13  1.57731150863148e-13  3.28919441880518e-13   0.00545807958843907
 0.000349463340950037  -0.00121516644691841      1.93798769890773     0.116477804114022    -0.168033432033828   3.2781793410986e-11  1.56052390912152e-11  2.03737361280606e-11  4.29295336066947e-11     0.265384829021974
-0.000532214915374619   0.00216030245693503     0.116477804114022      1.75668744902938     0.269595548124789  -8.1237622978448e-13 -3.85932720716973e-13 -1.52755669570248e-12 -3.21691763016005e-12    -0.447615667718208
  0.00117990229208668  -0.00352326702597598    -0.168033432033828     0.269595548124789      1.45834218367948 -2.91505892341715e-11 -1.38786758796349e-11 -1.62117876727276e-11 -3.41646174442546e-11     0.814525140787267
 3.56894365258957e-13   2.4062440254086e-13   3.2781793410986e-11  -8.1237622978448e-13 -2.91505892341715e-11        1.254440385822  3.58442983575936e-16   0.00114388717668777    -0.949936762249799 -9.44328366006419e-12
 1.69979459448475e-13  1.15813434333036e-13  1.56052390912152e-11 -3.85932720716973e-13 -1.38786758796349e-11  3.58442983575936e-16      1.25444038582187    -0.949936762249827  -0.00114388717668768 -4.49231878074033e-12
 2.13084737760314e-13  1.57731150863148e-13  2.03737361280606e-11 -1.52755669570248e-12 -1.62117876727276e-11   0.00114388717668777    -0.949936762249827     0.789657995775603 -2.63985960147813e-16 -7.98121925621164e-12
 4.48805391825451e-13  3.28919441880518e-13  4.29295336066947e-11 -3.21691763016005e-12 -3.41646174442546e-11    -0.949936762249799  -0.00114388717668768 -2.63985960147813e-16     0.789657995775465 -1.68140648239762e-11
 -0.00175301581966095   0.00545807958843907     0.265384829021974    -0.447615667718208     0.814525140787267 -9.44328366006419e-12 -4.49231878074033e-12 -7.98121925621164e-12 -1.68140648239762e-11      0.75881625199911
TOTAL ENERGY: -124.41916898168	 lambda: -9.45	 population of target: 3.91475891489933
1RDM: 
     1.99999743920419  7.34170291028521e-06  0.000345844856424039 -0.000525440180136896   0.00117069644713973  3.57405241140545e-13  1.70222467218205e-13  2.13441206865175e-13  4.49556891122286e-13  -0.00173901929070184
 7.34170291028521e-06       1.9999723501485   -0.0012113388516744   0.00215189556232529  -0.00351729864866578  2.40523771923403e-13  1.15765012873155e-13  1.57674949036145e-13  3.28802124351754e-13   0.00544927712999448
 0.000345844856424039   -0.0012113388516744       1.9381345843418     0.116149367737046    -0.167838820225275  3.27707645205002e-11  1.55999910079394e-11   2.0369050478109e-11  4.29196571624756e-11     0.265114300398133
-0.000525440180136896   0.00215189556232529     0.116149367737046      1.75736893151515     0.269012850696374 -7.91648575517466e-13  -3.7607224830011e-13 -1.51431046286387e-12 -3.18899581598301e-12    -0.446783819102578
  0.00117069644713973  -0.00351729864866578    -0.167838820225275     0.269012850696374      1.45815756190159 -2.91436019073749e-11 -1.38753518500625e-11 -1.62079556396576e-11 -3.41565393354315e-11     0.814870986204361
 3.57405241140545e-13  2.40523771923403e-13  3.27707645205002e-11 -7.91648575517466e-13 -2.91436019073749e-11      1.25453821279029  3.61973968611653e-16   0.00114385941256358    -0.949913705681828  -9.4562290441234e-12
 1.70222467218205e-13  1.15765012873155e-13  1.55999910079394e-11  -3.7607224830011e-13 -1.38753518500625e-11  3.61973968611653e-16      1.25453821279017    -0.949913705681855   -0.0011438594125635 -4.49847978912741e-12
 2.13441206865175e-13  1.57674949036145e-13   2.0369050478109e-11 -1.51431046286387e-12 -1.62079556396576e-11   0.00114385941256358    -0.949913705681855     0.789557905927275 -2.68278801714904e-16  -7.9922892559937e-12
 4.49556891122286e-13  3.28802124351754e-13  4.29196571624756e-11 -3.18899581598301e-12 -3.41565393354315e-11    -0.949913705681828   -0.0011438594125635 -2.68278801714904e-16     0.789557905927134 -1.68373905616225e-11
 -0.00173901929070184   0.00544927712999448     0.265114300398133    -0.446783819102578     0.814870986204361  -9.4562290441234e-12 -4.49847978912741e-12  -7.9922892559937e-12 -1.68373905616225e-11     0.758176895453954
TOTAL ENERGY: -124.419835908382	 lambda: -9.4	 population of target: 3.91482967669396
1RDM: 
     1.99999747899801  7.26421728698459e-06  0.000342224697663093 -0.000518671573611372   0.00116146342094552  3.57517842637871e-13  1.70282621098231e-13  2.13565715846991e-13  4.49801517020333e-13  -0.00172498577238465
 7.26421728698459e-06      1.99997244684293   -0.0012074904800639   0.00214345964748083  -0.00351126666458643  2.36114830515642e-13  1.13738348688952e-13  1.55102829334813e-13  3.23188054563416e-13   0.00544039830285216
 0.000342224697663093   -0.0012074904800639      1.93828214138156     0.115820064958673    -0.167642354791624  3.27098964192277e-11   1.5571856777305e-11  2.03352129246021e-11  4.28460917510897e-11     0.264842046046878
-0.000518671573611372   0.00214345964748083     0.115820064958673       1.7580511205011     0.268427078282326 -5.71335387192381e-13 -2.74567987558341e-13 -1.38432187833805e-12 -2.90601704252475e-12    -0.445949193746332
  0.00116146342094552  -0.00351126666458643    -0.167642354791624     0.268427078282326      1.45797582039286 -2.90581512984123e-11  -1.3836002762143e-11 -1.61584124487356e-11 -3.40485850071876e-11     0.815215880222181
 3.57517842637871e-13  2.36114830515642e-13  3.27098964192277e-11 -5.71335387192381e-13 -2.90581512984123e-11      1.25463723316821  3.68130357294404e-16   0.00114383135280712    -0.949890403551033  -9.4928937218877e-12
 1.70282621098231e-13  1.13738348688952e-13   1.5571856777305e-11 -2.74567987558341e-13  -1.3836002762143e-11  3.68130357294404e-16      1.25463723316807    -0.949890403551064  -0.00114383135280703 -4.51553092287969e-12
 2.13565715846991e-13  1.55102829334813e-13  2.03352129246021e-11 -1.38432187833805e-12 -1.61584124487356e-11   0.00114383135280712    -0.949890403551064     0.789456475725036 -2.67010350836562e-16 -8.01705202061429e-12
 4.49801517020333e-13  3.23188054563416e-13  4.28460917510897e-11 -2.90601704252475e-12 -3.40485850071876e-11    -0.949890403551033  -0.00114383135280703 -2.67010350836562e-16     0.789456475724897 -1.68906293815138e-11
 -0.00172498577238465   0.00544039830285216     0.264842046046878    -0.445949193746332     0.815215880222181  -9.4928937218877e-12 -4.51553092287969e-12 -8.01705202061429e-12 -1.68906293815138e-11     0.757533574097341
TOTAL ENERGY: -124.420506592021	 lambda: -9.35	 population of target: 3.91490121663129
1RDM: 
     1.99999751854042  7.18672986896449e-06  0.000338602957609163 -0.000511909311995795    0.0011522032617852  3.58669685660409e-13  1.70823971049076e-13  2.14302170045612e-13  4.51371921777965e-13  -0.00171091531088997
 7.18672986896449e-06      1.99997254410991  -0.00120362129696848   0.00213499484836706  -0.00350517061662617  2.42895589067223e-13  1.16892608824941e-13  1.59120896700745e-13  3.31852441081783e-13   0.00543144280474676
 0.000338602957609163  -0.00120362129696848      1.93843037493658      0.11548989485186    -0.167444012104576  3.27781580752504e-11  1.56035097550428e-11   2.0377654887292e-11  4.29377964744573e-11     0.264568051629066
-0.000511909311995795   0.00213499484836706      0.11548989485186      1.75873400422221     0.267838209747374 -8.69321105762833e-13  -4.1304038245338e-13 -1.56009255577058e-12 -3.28550442457215e-12    -0.445111793601244
   0.0011522032617852  -0.00350517061662617    -0.167444012104576     0.267838209747374      1.45779703641555 -2.91769947171235e-11 -1.38912444550508e-11 -1.62288828944524e-11 -3.42006524059583e-11     0.815559784915457
 3.58669685660409e-13  2.42895589067223e-13  3.27781580752504e-11 -8.69321105762833e-13 -2.91769947171235e-11      1.25473747064872  3.63803232957595e-16   0.00114380298990462    -0.949866849714563 -9.46785702661476e-12
 1.70823971049076e-13  1.16892608824941e-13  1.56035097550428e-11  -4.1304038245338e-13 -1.38912444550508e-11  3.63803232957595e-16      1.25473747064859    -0.949866849714594  -0.00114380298990453 -4.50401461701103e-12
 2.14302170045612e-13  1.59120896700745e-13   2.0377654887292e-11 -1.56009255577058e-12 -1.62288828944524e-11   0.00114380298990462    -0.949866849714594     0.789353681263341 -2.68054801258711e-16 -8.00612813840576e-12
 4.51371921777965e-13  3.31852441081783e-13  4.29377964744573e-11 -3.28550442457215e-12 -3.42006524059583e-11    -0.949866849714563  -0.00114380298990453 -2.68054801258711e-16     0.789353681263207 -1.68665434461356e-11
 -0.00171091531088997   0.00543144280474676     0.264568051629066    -0.445111793601244     0.815559784915457 -9.46785702661476e-12 -4.50401461701103e-12 -8.00612813840576e-12 -1.68665434461356e-11     0.756886217951538
TOTAL ENERGY: -124.421181096736	 lambda: -9.3	 population of target: 3.91497354993457
1RDM: 
      1.9999975578285    7.109244912227e-06  0.000334979755565824 -0.000505153659455305   0.00114291611607844  3.59651744132643e-13  1.71291248976111e-13  2.14944987279785e-13   4.5272689650006e-13  -0.00169680809513041
   7.109244912227e-06      1.99997264194856   -0.0011997312551915   0.00212650129226545  -0.00349901006861861  2.47825195498973e-13  1.19238456981034e-13  1.62111855654736e-13  3.38156956635808e-13   0.00542241035098248
 0.000334979755565824   -0.0011997312551915      1.93857929117191     0.115158855511965    -0.167243766498913  3.28249555238865e-11  1.56257856658126e-11  2.04081882855557e-11  4.30021434860433e-11      0.26429229961271
-0.000505153659455305   0.00212650129226545     0.115158855511965      1.75941757098379     0.267246224609713 -1.08135093840204e-12 -5.13967053608059e-13 -1.68809397051746e-12 -3.55525923875428e-12    -0.444271620974706
  0.00114291611607844  -0.00349901006861861    -0.167243766498913     0.267246224609713      1.45762128859485 -2.92620057176455e-11   -1.393170946687e-11 -1.62806056082719e-11 -3.43096547259619e-11     0.815902661240957
 3.59651744132643e-13  2.47825195498973e-13  3.28249555238865e-11 -1.08135093840204e-12 -2.92620057176455e-11      1.25483894930108   3.6458496473396e-16   0.00114377431716307    -0.949843038529129 -9.45332576100942e-12
 1.71291248976111e-13  1.19238456981034e-13  1.56257856658126e-11 -5.13967053608059e-13   -1.393170946687e-11   3.6458496473396e-16      1.25483894930094    -0.949843038529159  -0.00114377431716298 -4.49709739149085e-12
 2.14944987279785e-13  1.62111855654736e-13  2.04081882855557e-11 -1.68809397051746e-12 -1.62806056082719e-11   0.00114377431716307    -0.949843038529159     0.789249496710833 -2.62716469502674e-16 -8.00104373491799e-12
  4.5272689650006e-13  3.38156956635808e-13  4.30021434860433e-11 -3.55525923875428e-12 -3.43096547259619e-11    -0.949843038529129  -0.00114377431716298 -2.62716469502674e-16     0.789249496710691 -1.68558240452575e-11
 -0.00169680809513041   0.00542241035098248      0.26429229961271    -0.444271620974706     0.815902661240957 -9.45332576100942e-12 -4.49709739149085e-12 -8.00104373491799e-12 -1.68558240452575e-11     0.756234757448784
TOTAL ENERGY: -124.421859487726	 lambda: -9.25	 population of target: 3.91504669218727
1RDM: 
     1.99999759685969  7.03176626541625e-06  0.000331355194781679 -0.000498404849208028    0.0011336020679971  3.62868789781904e-13  1.72822559849218e-13  2.16941033304608e-13  4.56933151933953e-13  -0.00168266422002514
 7.03176626541625e-06      1.99997274035757  -0.00119582031863761   0.00211797912206071  -0.00349278456736052  2.76785884700212e-13  1.33025030809572e-13  1.79661882257478e-13   3.7513770799005e-13   0.00541330065516786
 0.000331355194781679  -0.00119582031863761      1.93872889550875     0.114826945739868    -0.167041592926276   3.3149250796371e-11  1.57801728730923e-11  2.06073383233296e-11  4.34217690134099e-11     0.264014774333316
-0.000498404849208028   0.00211797912206071     0.114826945739868      1.76010180866538     0.266651101470085 -2.40515110803671e-12 -1.14418587210724e-12 -2.49082685890513e-12 -5.24668628551804e-12     -0.44342867853592
   0.0011336020679971  -0.00349278456736052    -0.167041592926276     0.266651101470085      1.45744865806078 -2.97838090862398e-11 -1.41801228089657e-11 -1.65962311902704e-11 -3.49747054462588e-11     0.816244469201455
 3.62868789781904e-13  2.76785884700212e-13   3.3149250796371e-11 -2.40515110803671e-12 -2.97838090862398e-11      1.25494169355171   3.6228155024081e-16   0.00114374532706272    -0.949818963812695 -9.30915277953809e-12
 1.72822559849218e-13  1.33025030809572e-13  1.57801728730923e-11 -1.14418587210724e-12 -1.41801228089657e-11   3.6228155024081e-16      1.25494169355157    -0.949818963812725  -0.00114374532706264 -4.42846023009631e-12
 2.16941033304608e-13  1.79661882257478e-13  2.06073383233296e-11 -2.49082685890513e-12 -1.65962311902704e-11   0.00114374532706272    -0.949818963812725     0.789143896985759 -2.62755650189511e-16 -7.91887517926399e-12
 4.56933151933953e-13   3.7513770799005e-13  4.34217690134099e-11 -5.24668628551804e-12 -3.49747054462588e-11    -0.949818963812695  -0.00114374532706264 -2.62755650189511e-16     0.789143896985618 -1.66826869173843e-11
 -0.00168266422002514   0.00541330065516786     0.264014774333316     -0.44342867853592     0.816244469201455 -9.30915277953809e-12 -4.42846023009631e-12 -7.91887517926399e-12 -1.66826869173843e-11     0.755579119473211
TOTAL ENERGY: -124.422541832547	 lambda: -9.2	 population of target: 3.91512065948198
1RDM: 
      1.9999976356312  6.95429804088098e-06  0.000327729390029532 -0.000491663135120054   0.00112426123960434  3.61802062573792e-13  1.72314479195075e-13  2.16344905668287e-13  4.55677569164701e-13  -0.00166848383513284
 6.95429804088098e-06      1.99997283933566  -0.00119188844549587   0.00210942847478141  -0.00348649365648375  2.59627619530935e-13  1.24855592887749e-13  1.69274341759842e-13  3.53252611509626e-13   0.00540411342691426
 0.000327729390029532  -0.00119188844549587      1.93887919379618     0.114494163985422    -0.166837465464026  3.29408032981699e-11  1.56809353786383e-11  2.04829087020732e-11  4.31595959991882e-11     0.263735459103315
-0.000491663135120054   0.00210942847478141     0.114494163985422       1.7607867052611     0.266052818921037 -1.59487793113546e-12 -7.58428920295105e-13 -1.99855477697188e-12  -4.2094730040676e-12    -0.442582969275182
  0.00112426123960434  -0.00348649365648375    -0.166837465464026     0.266052818921037      1.45727922767595 -2.94669730149411e-11 -1.40292820982444e-11 -1.64052033643267e-11 -3.45722119931142e-11      0.81658516788041
 3.61802062573792e-13  2.59627619530935e-13  3.29408032981699e-11 -1.59487793113546e-12 -2.94669730149411e-11      1.25504572916546  3.62739701271355e-16   0.00114371601195546     -0.94979461919864 -9.41493569168194e-12
 1.72314479195075e-13  1.24855592887749e-13  1.56809353786383e-11 -7.58428920295105e-13 -1.40292820982444e-11  3.62739701271355e-16      1.25504572916532     -0.94979461919867  -0.00114371601195537 -4.47882046981333e-12
 2.16344905668287e-13  1.69274341759842e-13  2.04829087020732e-11 -1.99855477697188e-12 -1.64052033643267e-11   0.00114371601195546     -0.94979461919867     0.789036855256694 -2.64817156453115e-16  -7.9855227050451e-12
 4.55677569164701e-13  3.53252611509626e-13  4.31595959991882e-11  -4.2094730040676e-12 -3.45722119931142e-11     -0.94979461919864  -0.00114371601195537 -2.64817156453115e-16     0.789036855256553 -1.68231128379517e-11
 -0.00166848383513284   0.00540411342691426     0.263735459103315    -0.442582969275182      0.81658516788041 -9.41493569168194e-12 -4.47882046981333e-12  -7.9855227050451e-12 -1.68231128379517e-11     0.754919229455894
TOTAL ENERGY: -124.42322820065	 lambda: -9.15	 population of target: 3.91519546838069
1RDM: 
     1.99999767414031  6.87684436111722e-06  0.000324102457012802 -0.000484928771658866   0.00111489375536132  3.61064961845338e-13  1.71963324401494e-13  2.15948551989313e-13  4.54842921135012e-13  -0.00165426709122026
 6.87684436111722e-06      1.99997293888166  -0.00118793559275534   0.00210084948956535  -0.00348013686720845  2.46021067380745e-13  1.18377031247768e-13  1.61036671027222e-13  3.35897394389916e-13    0.0053948483668934
 0.000324102457012802  -0.00118793559275534      1.93903019196082     0.114160508728642    -0.166631357681178  3.27732492273049e-11  1.56011661948646e-11  2.03833260113944e-11   4.2949776655636e-11     0.263454337024066
-0.000484928771658866   0.00210084948956535     0.114160508728642      1.76147224847576     0.265451355253277 -9.49394819135269e-13 -4.51124257673139e-13 -1.60618829258372e-12 -3.38276559229459e-12    -0.441734496607068
