TOTAL ENERGY: -126.678138950703	 lambda: -1
1RDM (lambda : -1): 
     1.99999864338544 -8.28047847359174e-07 -0.000203319079096901 -4.38086786433965e-05   0.00060714073462041 -1.88360974744131e-16  3.43580504523947e-18  -8.3427385795574e-18  3.10617725527717e-16   0.00113601985325724
-8.28047847359174e-07      1.99998552871949 -0.000457417080470225 -0.000765770658057984  0.000276994975449683 -2.45650150856424e-16  1.14691803112974e-17 -2.35378990899961e-17 -3.86292926712108e-16   0.00116799161476311
-0.000203319079096901 -0.000457417080470225      1.94946115507632   -0.0293392001693115     0.136636070632032 -1.26434834274794e-14  6.61523623119823e-16 -1.24380892786073e-14 -2.14266594963763e-13     0.241633252797572
-4.38086786433965e-05 -0.000765770658057984   -0.0293392001693115      1.95160687245726    0.0270380226725724  1.97832002291985e-13 -9.51724333613989e-15 -2.39601501386537e-14 -4.54828745315967e-13    0.0685490342098171
  0.00060714073462041  0.000276994975449683     0.136636070632032    0.0270380226725724       1.5043326150529 -7.40226044488117e-13  3.52634302443574e-14  9.43723058737187e-14  1.76113530804294e-12    -0.743607221002395
-1.88360974744131e-16 -2.45650150856424e-16 -1.26434834274794e-14  1.97832002291985e-13 -7.40226044488117e-13      1.84786831410455  1.87179483700188e-16  0.000749094398018039      0.13885237324606  6.22749718355766e-13
 3.43580504523947e-18  1.14691803112974e-17  6.61523623119823e-16 -9.51724333613989e-15  3.52634302443574e-14  1.87179483700188e-16      1.84786831410421    -0.138852373247876  0.000749094398022211  -3.1004114162007e-14
 -8.3427385795574e-18 -2.35378990899961e-17 -1.24380892786073e-14 -2.39601501386537e-14  9.43723058737187e-14  0.000749094398018039    -0.138852373247876     0.176475678818277 -1.60221839355674e-15 -1.13458983756333e-13
 3.10617725527717e-16 -3.86292926712108e-16 -2.14266594963763e-13 -4.54828745315967e-13  1.76113530804294e-12      0.13885237324606  0.000749094398022211 -1.60221839355674e-15     0.176475678817936  -2.1147834815617e-12
  0.00113601985325724   0.00116799161476311     0.241633252797572    0.0685490342098171    -0.743607221002395  6.22749718355766e-13  -3.1004114162007e-14 -1.13458983756333e-13  -2.1147834815617e-12     0.545927199463663
POPULATION (lambda : -1): 5.26278029646039
TOTAL ENERGY: -126.794680963554	 lambda: -0.9
1RDM (lambda : -0.9): 
     1.99999877417039 -6.04503307796489e-07 -0.000171476833345839 -2.86600773240502e-05  0.000530344854966496 -4.67963121935899e-16   3.0858616248617e-17  6.81631909686488e-17  1.08808994583384e-15   0.00102103691127569
-6.04503307796489e-07      1.99998666661608 -0.000400767627443576 -0.000705055046642577  0.000216210436555807 -2.11550261491485e-16  1.48924768050571e-17 -5.79148501297396e-17 -6.29141205466592e-16   0.00103040495211329
-0.000171476833345839 -0.000400767627443576      1.95528101026735    -0.025796219921452     0.125737413596587 -7.25583798334606e-14  5.65878206480109e-15 -2.24226645682545e-14 -2.45805137064618e-13     0.226647140192596
-2.86600773240502e-05 -0.000705055046642577    -0.025796219921452      1.95521287735578    0.0217653714423647  5.33512401941457e-13 -4.35716804473609e-14 -1.39416804214646e-13  -1.6090430405387e-12    0.0614964038983653
 0.000530344854966496  0.000216210436555807     0.125737413596587    0.0217653714423647      1.52564202040799 -1.86846070218337e-12  1.52890897813789e-13  4.59298765327951e-13   5.2587717051673e-12    -0.733655040287699
-4.67963121935899e-16 -2.11550261491485e-16 -7.25583798334606e-14  5.33512401941457e-13 -1.86846070218337e-12      1.83344371622031  1.83467664480062e-16  0.000496423029461322    0.0920171306779162  1.40008606492811e-12
  3.0858616248617e-17  1.48924768050571e-17  5.65878206480109e-15 -4.35716804473609e-14  1.52890897813789e-13  1.83467664480062e-16         1.83344371622   -0.0920171306794011  0.000496423029465935 -1.13461002244998e-13
 6.81631909686488e-17 -5.79148501297396e-17 -2.24226645682545e-14 -1.39416804214646e-13  4.59298765327951e-13  0.000496423029461322   -0.0920171306794011     0.189254590087306 -1.44060960093194e-15 -4.90569228582001e-13
 1.08808994583384e-15 -6.29141205466592e-16 -2.45805137064618e-13  -1.6090430405387e-12   5.2587717051673e-12    0.0920171306779162  0.000496423029465935 -1.44060960093194e-15     0.189254590087004 -5.62705712561281e-12
  0.00102103691127569   0.00103040495211329     0.226647140192596    0.0614964038983653    -0.733655040287699  1.40008606492811e-12 -1.13461002244998e-13 -4.90569228582001e-13 -5.62705712561281e-12     0.518482038567804
POPULATION (lambda : -0.9): 5.38551586085693
TOTAL ENERGY: -126.90389367643	 lambda: -0.8
1RDM (lambda : -0.8): 
        1.99999888198 -4.07293505210831e-07 -0.000141621716338506 -1.37882087779258e-05  0.000449837239164539 -2.80194452760263e-15  1.57246761615685e-16  4.76491161465803e-16   7.8662719598292e-15  0.000896330077487323
-4.07293505210831e-07      1.99998781256336 -0.000347668208541031 -0.000643972265685694  0.000161070295044896  5.62187672601156e-16 -3.77525391903889e-17 -1.31343642432819e-16 -1.98726411063899e-15  0.000891671499940134
-0.000141621716338506 -0.000347668208541031      1.96074415199877   -0.0222611109781858     0.114854147733785 -6.14991434146098e-13  3.56453191145831e-14  4.65403905291121e-15  9.14703961929741e-14     0.210194374910343
-1.37882087779258e-05 -0.000643972265685694   -0.0222611109781858      1.95889534853692    0.0162265751803192  3.11264881891342e-12 -1.81906530091169e-13 -7.26584423554301e-13 -1.13984551443048e-11    0.0525561279222438
 0.000449837239164539  0.000161070295044896     0.114854147733785    0.0162265751803192       1.5482125528954 -1.03778554864734e-11  6.05378818964167e-13  2.19803647809111e-12  3.44630167291516e-11    -0.714066327692253
-2.80194452760263e-15  5.62187672601156e-16 -6.14991434146098e-13  3.11264881891342e-12 -1.03778554864734e-11      1.81721438678321 -9.10984430528752e-17  0.000262580744521264    0.0486720541978523  7.33187415637143e-12
 1.57246761615685e-16 -3.77525391903889e-17  3.56453191145831e-14 -1.81906530091169e-13  6.05378818964167e-13 -9.10984430528752e-17      1.81721438678292   -0.0486720541991868  0.000262580744523873 -4.28286186966753e-13
 4.76491161465803e-16 -1.31343642432819e-16  4.65403905291121e-15 -7.26584423554301e-13  2.19803647809111e-12  0.000262580744521264   -0.0486720541991868     0.203853116200114 -1.60361455921754e-15 -2.13865262420044e-12
  7.8662719598292e-15 -1.98726411063899e-15  9.14703961929741e-14 -1.13984551443048e-11  3.44630167291516e-11    0.0486720541978523  0.000262580744523873 -1.60361455921754e-15     0.203853116199832  -3.3533585608575e-11
 0.000896330077487323  0.000891671499940134     0.210194374910343    0.0525561279222438    -0.714066327692253  7.33187415637143e-12 -4.28286186966753e-13 -2.13865262420044e-12  -3.3533585608575e-11     0.490026246059501
POPULATION (lambda : -0.8): 5.51404257978908
TOTAL ENERGY: -127.001482236316	 lambda: -0.7
1RDM (lambda : -0.7): 
     1.99999896154574 -2.41329378302562e-07 -0.000114939763322028 -1.80537751767025e-07  0.000371824981750509 -6.13338355097146e-15  3.37935403649332e-16  1.13020162660753e-15  1.87606662465016e-14  0.000762052991052755
-2.41329378302562e-07      1.99998892571403 -0.000299656628401792 -0.000585063301362396  0.000114187437179221  4.02442827759999e-15  -2.3012272087085e-16 -7.09297154908506e-17 -1.04761429809752e-15  0.000753225123720841
-0.000114939763322028 -0.000299656628401792       1.9656353483242   -0.0189705935368523     0.105246265888707 -1.59958498796827e-12  8.91013662436438e-14  1.74833707894405e-13  2.86920855409034e-12     0.192591009344701
-1.80537751767025e-07 -0.000585063301362396   -0.0189705935368523       1.9624273775957    0.0112983921717947  6.19588585684389e-12 -3.47479930962038e-13 -1.61218054057246e-12 -2.62369482155463e-11    0.0420663049424657
 0.000371824981750509  0.000114187437179221     0.105246265888707    0.0112983921717947       1.5652616169613 -1.94795595319725e-11  1.09137065880136e-12  4.70928045961034e-12  7.66349074279227e-11    -0.688903612899388
-6.13338355097146e-15  4.02442827759999e-15 -1.59958498796827e-12  6.19588585684389e-12 -1.94795595319725e-11      1.79802897187386 -6.33939799588644e-16  4.24517480136026e-05   0.00786886915034888  1.37400730344521e-11
 3.37935403649332e-16  -2.3012272087085e-16  8.91013662436438e-14 -3.47479930962038e-13  1.09137065880136e-12 -6.33939799588644e-16      1.79802897187362  -0.00786886915165972  4.24517480145918e-05 -7.71255572991169e-13
 1.13020162660753e-15 -7.09297154908506e-17  1.74833707894405e-13 -1.61218054057246e-12  4.70928045961034e-12  4.24517480136026e-05  -0.00786886915165972     0.221378115660176 -1.80813000635205e-15 -4.22245459845999e-12
 1.87606662465016e-14 -1.04761429809752e-15  2.86920855409034e-12 -2.62369482155463e-11  7.66349074279227e-11   0.00786886915034888  4.24517480145918e-05 -1.80813000635205e-15     0.221378115659951 -6.87001676290095e-11
 0.000762052991052755  0.000753225123720841     0.192591009344701    0.0420663049424657    -0.688903612899388  1.37400730344521e-11 -7.71255572991169e-13 -4.22245459845999e-12 -6.87001676290095e-11     0.467873594791428
POPULATION (lambda : -0.7): 5.64414777731016
TOTAL ENERGY: -127.083870839874	 lambda: -0.6
1RDM (lambda : -0.6): 
       1.999999009183 -1.09091108681074e-07 -9.22272420752941e-05  1.13542719687636e-05  0.000300214895539673  6.00908521218922e-15 -3.57474592767057e-16 -1.21880490354643e-15  -1.8832783942285e-14  0.000622500111156202
-1.09091108681074e-07      1.99998996061431 -0.000257248926474139  -0.00053049873361407  7.42297418473438e-05 -6.21225892454363e-15  3.61135222955825e-16 -9.45356612611899e-17  -1.5054465492573e-15  0.000617579132070814
-9.22272420752941e-05 -0.000257248926474139      1.96991558567661   -0.0160812328222981    0.0973755648023444   1.7113401818131e-12 -9.89375812367389e-14 -3.03566741333574e-13 -4.76646610196318e-12     0.174658573681257
 1.13542719687636e-05  -0.00053049873361407   -0.0160812328222981      1.96564867921109   0.00749421077353161 -5.55705993478982e-12  3.23574814233459e-13  1.66757624376682e-12  2.61948530216193e-11    0.0311867972400303
 0.000300214895539673  7.42297418473438e-05    0.0973755648023444   0.00749421077353161      1.57342842584373  1.62639952217326e-11 -9.47310126438205e-13 -4.84519317439223e-12 -7.61585440860718e-11    -0.665069942055212
 6.00908521218922e-15 -6.21225892454363e-15   1.7113401818131e-12 -5.55705993478982e-12  1.62639952217326e-11      1.77533252548208 -8.11250205110163e-16 -0.000171533913028103   -0.0317955475209563 -1.15242233341938e-11
-3.57474592767057e-16  3.61135222955825e-16 -9.89375812367389e-14  3.23574814233459e-13 -9.47310126438205e-13 -8.11250205110163e-16      1.77533252548187    0.0317955475197226 -0.000171533913027665  6.72109048462202e-13
-1.21880490354643e-15 -9.45356612611899e-17 -3.03566741333574e-13  1.66757624376682e-12 -4.84519317439223e-12 -0.000171533913028103    0.0317955475197226     0.242344859710665 -1.84110032268611e-15  4.03646146049384e-12
 -1.8832783942285e-14  -1.5054465492573e-15 -4.76646610196318e-12  2.61948530216193e-11 -7.61585440860718e-11   -0.0317955475209563 -0.000171533913027665 -1.84110032268611e-15     0.242344859710458  6.34178447583879e-11
 0.000622500111156202  0.000617579132070814     0.174658573681257    0.0311867972400303    -0.665069942055212 -1.15242233341938e-11  6.72109048462202e-13  4.03646146049384e-12  6.34178447583879e-11      0.45566356908619
POPULATION (lambda : -0.6): 5.77083212515357
TOTAL ENERGY: -127.150535648123	 lambda: -0.5
1RDM (lambda : -0.5): 
     1.99999902518457 -8.80901477342816e-09  -7.3524237664489e-05  2.07063735482698e-05  0.000234894809431691 -3.09743780829922e-15  1.81477406912293e-16  6.08273001981742e-16  9.41203946655256e-15  0.000481842667730556
-8.80901477342816e-09      1.99999089769308 -0.000219449267660731 -0.000480469223984145  3.63178002186993e-05  3.98625090822766e-15 -2.39709776263342e-16  1.15887658260144e-16  1.80662495238704e-15  0.000484991868035183
 -7.3524237664489e-05 -0.000219449267660731      1.97373192143274   -0.0135628737565977    0.0907514456508937 -8.95470821944059e-13  5.40010365540969e-14  2.04644879018713e-13  3.11366556422058e-12     0.157123032445397
 2.07063735482698e-05 -0.000480469223984145   -0.0135628737565977      1.96858111980443   0.00467441047347666  2.54031337859116e-12 -1.54209906973574e-13 -8.56042655749317e-13 -1.29541445082139e-11    0.0212180716354395
 0.000234894809431691  3.63178002186993e-05    0.0907514456508937   0.00467441047347666      1.57395218223933 -6.74240487675486e-12  4.09714814503415e-13  2.50275451918702e-12  3.78555161506614e-11     -0.64883699820268
-3.09743780829922e-15  3.98625090822766e-15 -8.95470821944059e-13  2.54031337859116e-12 -6.74240487675486e-12      1.74889907032345  4.96266582040365e-17 -0.000387782456717114   -0.0718780267436646  4.96876053563722e-12
 1.81477406912293e-16 -2.39709776263342e-16  5.40010365540969e-14 -1.54209906973574e-13  4.09714814503415e-13  4.96266582040365e-17      1.74889907032318    0.0718780267425602 -0.000387782456714317 -3.03915811600259e-13
 6.08273001981742e-16  1.15887658260144e-16  2.04644879018713e-13 -8.56042655749317e-13  2.50275451918702e-12 -0.000387782456717114    0.0718780267425602      0.26694111774285 -1.29779999695583e-15  -1.9628969411939e-12
 9.41203946655256e-15  1.80662495238704e-15  3.11366556422058e-12 -1.29541445082139e-11  3.78555161506614e-11   -0.0718780267436646 -0.000387782456714317 -1.29779999695583e-15     0.266941117742597 -2.96638829383145e-11
 0.000481842667730556  0.000484991868035183     0.157123032445397    0.0212180716354395     -0.64883699820268  4.96876053563722e-12 -3.03915811600259e-13  -1.9628969411939e-12 -2.96638829383145e-11     0.452064477513822
POPULATION (lambda : -0.5): 5.89196121318417
TOTAL ENERGY: -127.203458111905	 lambda: -0.4
1RDM (lambda : -0.4): 
     1.99999901235274  6.28205677447781e-08 -5.84725817851437e-05   2.8357471655081e-05  0.000173360869578402 -1.18360816518755e-15  6.68154890778383e-17  2.12213854473146e-16  3.30881792252195e-15  0.000340864437212013
 6.28205677447781e-08      1.99999175243546 -0.000184474637332832 -0.000433114543416009 -4.99056453853509e-06  1.68633464225273e-15 -1.04606987075517e-16  6.23480098545173e-17  9.49778308774508e-16  0.000351792122724848
-5.84725817851437e-05 -0.000184474637332832      1.97730166061973    -0.011226980508973    0.0843344281492557 -3.22457463365054e-13  2.01373703037704e-14  8.91290987421358e-14  1.32064061054871e-12     0.140086261656514
  2.8357471655081e-05 -0.000433114543416009    -0.011226980508973       1.9714047093038    0.0021718265280038  8.42792750909022e-13 -5.30243217219097e-14 -3.09646567134683e-13 -4.54431743588287e-12    0.0128927420805399
 0.000173360869578402 -4.99056453853509e-06    0.0843344281492557    0.0021718265280038       1.5712933926628 -1.99385189806378e-12  1.25696479946903e-13   9.1353386018501e-13  1.33825713706346e-11    -0.642709401519074
-1.18360816518755e-15  1.68633464225273e-15 -3.22457463365054e-13  8.42792750909022e-13 -1.99385189806378e-12      1.71808276592066 -1.36206897138484e-15 -0.000609658086853814    -0.113006371752958  1.54947583556675e-12
 6.68154890778383e-17 -1.04606987075517e-16  2.01373703037704e-14 -5.30243217219097e-14  1.25696479946903e-13 -1.36206897138484e-15      1.71808276592041     0.113006371751901 -0.000609658086854366 -9.89677638930683e-14
 2.12213854473146e-16  6.23480098545173e-17  8.91290987421358e-14 -3.09646567134683e-13   9.1353386018501e-13 -0.000609658086853814     0.113006371751901      0.29579091945396 -2.48391449104988e-15  -6.8537468728737e-13
 3.30881792252195e-15  9.49778308774508e-16  1.32064061054871e-12 -4.54431743588287e-12  1.33825713706346e-11    -0.113006371752958 -0.000609658086854366 -2.48391449104988e-15      0.29579091945373 -1.00251038548732e-11
 0.000340864437212013  0.000351792122724848     0.140086261656514    0.0128927420805399    -0.642709401519074  1.54947583556675e-12 -9.89677638930683e-14  -6.8537468728737e-13 -1.00251038548732e-11     0.452262101876743
POPULATION (lambda : -0.4): 6.00953946782073
TOTAL ENERGY: -127.244969796199	 lambda: -0.3
1RDM (lambda : -0.3): 
     1.99999897292352  1.06759345437748e-07 -4.69701621692855e-05  3.48854896469887e-05   0.00011396310747515  1.49087695636334e-14 -9.71168504273513e-16 -2.49473642670674e-15 -3.50520742283353e-14  0.000196999454113434
 1.06759345437748e-07      1.99999256229543 -0.000151029386874382 -0.000385746328641874 -5.22353467535956e-05 -2.15196561575108e-14  1.35966735542462e-15 -9.06588090375861e-16 -1.30020267311345e-14  0.000211553014249467
-4.69701621692855e-05 -0.000151029386874382      1.98075800801363  -0.00884524335868323    0.0771507213168114  3.47899636478378e-12  -2.2215652958483e-13 -1.18009865884268e-12 -1.69174058844321e-11     0.122887116585344
 3.48854896469887e-05 -0.000385746328641874  -0.00884524335868323      1.97432915574666 -0.000857856557699232 -9.01910967210488e-12  5.82695506550173e-13  3.52981864006543e-12  5.05561437953046e-11   0.00603370597841595
  0.00011396310747515 -5.22353467535956e-05    0.0771507213168114 -0.000857856557699232       1.5708177317427  1.93802729197742e-11 -1.25972230799865e-12  -1.0485982540317e-11 -1.50271412748125e-10    -0.644062508103927
 1.49087695636334e-14 -2.15196561575108e-14  3.47899636478378e-12 -9.01910967210488e-12  1.93802729197742e-11      1.68162852673168 -1.91103964054811e-15 -0.000830093224876584    -0.153866290928351 -1.49796898268231e-11
-9.71168504273513e-16  1.35966735542462e-15  -2.2215652958483e-13  5.82695506550173e-13 -1.25972230799865e-12 -1.91103964054811e-15      1.68162852673163     0.153866290927155 -0.000830093224876264  9.84316075566265e-13
-2.49473642670674e-15 -9.06588090375861e-16 -1.18009865884268e-12  3.52981864006543e-12  -1.0485982540317e-11 -0.000830093224876584     0.153866290927155     0.330172593523698 -2.00836846637436e-15  7.64985284302246e-12
-3.50520742283353e-14 -1.30020267311345e-14 -1.69174058844321e-11  5.05561437953046e-11 -1.50271412748125e-10    -0.153866290928351 -0.000830093224876264 -2.00836846637436e-15     0.330172593523664  1.09396449382171e-10
 0.000196999454113434  0.000211553014249467     0.122887116585344   0.00603370597841595    -0.644062508103927 -1.49796898268231e-11  9.84316075566265e-13  7.64985284302246e-12  1.09396449382171e-10     0.450501328767349
POPULATION (lambda : -0.3): 6.12823175270442
TOTAL ENERGY: -127.275974209294	 lambda: -0.2
1RDM (lambda : -0.2): 
     1.99999890677218  1.20152521249701e-07 -3.95691704727172e-05  4.04908020325251e-05  5.84982810310979e-05 -8.92643058441238e-15  5.79291996684064e-16  1.24635277300938e-15  1.73256207554137e-14   4.7208902577408e-05
 1.20152521249701e-07      1.99999336443068 -0.000119340772113607 -0.000336475844532285 -0.000102562462411205  1.14064642146158e-14 -7.35146658186436e-16  5.18029378526968e-16  7.30888988901136e-15  5.84370604612436e-05
-3.95691704727172e-05 -0.000119340772113607       1.9840314425713  -0.00628632388501268    0.0688641457829449 -1.64786712325287e-12  1.07834349145141e-13  6.75370957972726e-13  9.49840423829759e-12     0.104395695919448
 4.04908020325251e-05 -0.000336475844532285  -0.00628632388501268      1.97745595987062  -0.00507544747825568  4.38576919809603e-12 -2.91334585830305e-13 -1.78990147224716e-12  -2.5110538245362e-11 -0.000369882815154494
 5.84982810310979e-05 -0.000102562462411205    0.0688641457829449  -0.00507544747825568      1.57655064542407  -8.7825763549258e-12  5.89739669042482e-13  5.25244480108844e-12  7.36909921681866e-11    -0.645737834094634
-8.92643058441238e-15  1.14064642146158e-14 -1.64786712325287e-12  4.38576919809603e-12  -8.7825763549258e-12       1.6383607200272  2.81665104271569e-16  -0.00103092671945363    -0.191092919457137  7.24491746965694e-12
 5.79291996684064e-16 -7.35146658186436e-16  1.07834349145141e-13 -2.91334585830305e-13  5.89739669042482e-13  2.81665104271569e-16      1.63836072002715     0.191092919456073  -0.00103092671944944  -4.9291414437467e-13
 1.24635277300938e-15  5.18029378526968e-16  6.75370957972726e-13 -1.78990147224716e-12  5.25244480108844e-12  -0.00103092671945363     0.191092919456073     0.371349492618443  3.28235730632839e-17 -3.81953177833761e-12
 1.73256207554137e-14  7.30888988901136e-15  9.49840423829759e-12  -2.5110538245362e-11  7.36909921681866e-11    -0.191092919457137  -0.00103092671944944  3.28235730632839e-17     0.371349492618406 -5.34211650388263e-11
  4.7208902577408e-05  5.84370604612436e-05     0.104395695919448 -0.000369882815154494    -0.645737834094634  7.24491746965694e-12  -4.9291414437467e-13 -3.81953177833761e-12 -5.34211650388263e-11      0.44254925563997
POPULATION (lambda : -0.2): 6.25248191387187
TOTAL ENERGY: -127.295557274021	 lambda: -0.1
1RDM (lambda : -0.1): 
     1.99999881219407  9.87943421752128e-08 -3.72670829683626e-05  4.47932686009296e-05  1.24199958750084e-05  2.28170092558234e-14 -1.62080076602527e-15 -2.79475910543624e-15 -3.57922973537992e-14 -0.000108020283051922
 9.87943421752128e-08      1.99999417336153 -9.14196598564577e-05 -0.000285656533115361 -0.000147505155694942 -2.35705884969723e-14  1.62086411906058e-15 -1.18125779662464e-15 -1.55354305380625e-14  -0.00010838615166455
-3.72670829683626e-05 -9.14196598564577e-05      1.98683346216133  -0.00362671984856849    0.0600966453037369  3.16291707756069e-12 -2.22518897629527e-13 -1.66087275099141e-12 -2.18789428936211e-11    0.0836854911555522
 4.47932686009296e-05 -0.000285656533115361  -0.00362671984856849      1.98069257576215   -0.0106166726834349 -9.04406041685249e-12  6.47267799270863e-13  3.94299564348611e-12  5.18792474650707e-11  -0.00769041583958609
 1.24199958750084e-05 -0.000147505155694942    0.0600966453037369   -0.0106166726834349      1.58925616208672   1.8191293799505e-11 -1.32313488936203e-12 -1.12139758815307e-11 -1.47644387534982e-10    -0.638775688298574
 2.28170092558234e-14 -2.35705884969723e-14  3.16291707756069e-12 -9.04406041685249e-12   1.8191293799505e-11      1.58845645857461 -2.49899745606474e-15  -0.00118946764499263     -0.22048002846335 -1.57041630975487e-11
-1.62080076602527e-15  1.62086411906058e-15 -2.22518897629527e-13  6.47267799270863e-13 -1.32313488936203e-12 -2.49899745606474e-15      1.58845645857472     0.220480028462241  -0.00118946764499195  1.15062904904859e-12
-2.79475910543624e-15 -1.18125779662464e-15 -1.66087275099141e-12  3.94299564348611e-12 -1.12139758815307e-11  -0.00118946764499263     0.220480028462241     0.419285617290691   -1.788064908411e-15  8.27579190895558e-12
-3.57922973537992e-14 -1.55354305380625e-14 -2.18789428936211e-11  5.18792474650707e-11 -1.47644387534982e-10     -0.22048002846335  -0.00118946764499195   -1.788064908411e-15     0.419285617290808   1.0852123165655e-10
-0.000108020283051922  -0.00010838615166455    0.0836854911555522  -0.00769041583958609    -0.638775688298574 -1.57041630975487e-11  1.15062904904859e-12  8.27579190895558e-12   1.0852123165655e-10     0.427740662703404
POPULATION (lambda : -0.1): 6.38333891877398
TOTAL ENERGY: -127.302226040042	 lambda: 0
1RDM (lambda : 0): 
      1.9999986883308  4.26735337634013e-08 -4.06831145020331e-05  4.70784270652848e-05 -1.83819523188106e-05   4.2320405918602e-16 -5.78350634058962e-17  -6.6897520354012e-17 -4.63973839938221e-16 -0.000262307117503754
 4.26735337634013e-08      1.99999496724994 -7.01013234502422e-05  -0.00023640492015218  -0.00017685671719606 -3.17612685579627e-16   3.3561037853385e-17 -2.53940188939352e-17 -1.98669870378258e-16 -0.000281809142977321
-4.06831145020331e-05 -7.01013234502422e-05       1.9888080150337  -0.00116888162586553    0.0521407250381136  4.31477555469784e-14 -4.68963091920412e-15 -4.08877027049325e-14 -3.51520991262553e-13     0.060802171630458
 4.70784270652848e-05  -0.00023640492015218  -0.00116888162586553      1.98376368765439   -0.0168483060404949 -1.34237624391963e-13   1.4758268480744e-14  8.71126664546172e-14  7.63281702628835e-13   -0.0168608508781151
-1.83819523188106e-05  -0.00017685671719606    0.0521407250381136   -0.0168483060404949      1.60601124608696  3.00386773635494e-13 -3.30114755396936e-14 -2.37538816455811e-13 -2.11947935090882e-12    -0.617009074519276
  4.2320405918602e-16 -3.17612685579627e-16  4.31477555469784e-14 -1.34237624391963e-13  3.00386773635494e-13      1.53462880767961 -4.38563265582277e-16  -0.00129080233516467    -0.239263350016081 -2.17784020432782e-13
-5.78350634058962e-17   3.3561037853385e-17 -4.68963091920412e-15   1.4758268480744e-14 -3.30114755396936e-14 -4.38563265582277e-16      1.53462880767988     0.239263350014899  -0.00129080233516165  2.56072412016505e-14
 -6.6897520354012e-17 -2.53940188939352e-17 -4.08877027049325e-14  8.71126664546172e-14 -2.37538816455811e-13  -0.00129080233516467     0.239263350014899     0.471416324595866  1.09261359541693e-15  1.78095039467878e-13
-4.63973839938221e-16 -1.98669870378258e-16 -3.51520991262553e-13  7.63281702628835e-13 -2.11947935090882e-12    -0.239263350016081  -0.00129080233516165  1.09261359541693e-15      0.47141632459614  1.57632082719607e-12
-0.000262307117503754 -0.000281809142977321     0.060802171630458   -0.0168608508781151    -0.617009074519276 -2.17784020432782e-13  2.56072412016505e-14  1.78095039467878e-13  1.57632082719607e-12      0.40933313109272
POPULATION (lambda : 0): 6.51646238098918
TOTAL ENERGY: -127.295951191801	 lambda: 0.1
1RDM (lambda : 0.1): 
     1.99999853599123 -4.00490287897116e-08 -4.92746350777719e-05  4.69655964149778e-05 -3.25477954379404e-05  9.63344324517976e-17 -1.34676089067535e-17  -2.0484450442699e-18 -1.81629373987695e-17 -0.000405733376783511
-4.00490287897116e-08      1.99999569617391 -5.71668337472171e-05 -0.000193271772529594 -0.000185625202381805 -3.50956615482735e-17 -2.43743465248393e-18 -1.75478827907766e-20 -1.33421281741036e-17 -0.000449340393712612
-4.92746350777719e-05 -5.71668337472171e-05      1.98978611424268  0.000705445753730788    0.0460212918013111  7.48626551757517e-15  1.45965126544453e-16  4.52412458878955e-16 -6.07658201143277e-14    0.0369574397593164
 4.69655964149778e-05 -0.000193271772529594  0.000705445753730788      1.98634832249394   -0.0225224336817767 -2.14281489679647e-14 -6.12109766520068e-16 -1.03813227203523e-15  1.28652910124508e-13   -0.0277011409830771
-3.25477954379404e-05 -0.000185625202381805    0.0460212918013111   -0.0225224336817767      1.62263934554935   6.1959915298827e-14  4.17497107526908e-16  6.15226451151148e-16 -3.80544304740846e-13    -0.580806838707316
 9.63344324517976e-17 -3.50956615482735e-17  7.48626551757517e-15 -2.14281489679647e-14   6.1959915298827e-14      1.48203060988264 -1.59038032623505e-15  -0.00133828601429675    -0.248065047362867 -7.73734905165566e-15
-1.34676089067535e-17 -2.43743465248393e-18  1.45965126544453e-16 -6.12109766520068e-16  4.17497107526908e-16 -1.59038032623505e-15      1.48203060988297     0.248065047361838  -0.00133828601429388  -3.9218426184259e-15
 -2.0484450442699e-18 -1.75478827907766e-20  4.52412458878955e-16 -1.03813227203523e-15  6.15226451151148e-16  -0.00133828601429675     0.248065047361838     0.522685383159121   2.0628039960852e-16 -2.18259419636406e-15
-1.81629373987695e-17 -1.33421281741036e-17 -6.07658201143277e-14  1.28652910124508e-13 -3.80544304740846e-13    -0.248065047362867  -0.00133828601429388   2.0628039960852e-16     0.522685383159454  2.69987603988296e-13
-0.000405733376783511 -0.000449340393712612    0.0369574397593164   -0.0277011409830771    -0.580806838707316 -7.73734905165566e-15  -3.9218426184259e-15 -2.18259419636406e-15  2.69987603988296e-13     0.391799999464734
POPULATION (lambda : 0.1): 6.64365544065914
TOTAL ENERGY: -127.278943645029	 lambda: 0.2
1RDM (lambda : 0.2): 
     1.99999835455832 -1.35884392582505e-07 -6.15217858400017e-05  4.49573021462849e-05 -3.51292267459977e-05  1.58367029325032e-17 -1.66376204221252e-17 -2.56016952854715e-18  7.54033249305044e-17 -0.000530970239427335
-1.35884392582505e-07      1.99999631177812 -5.21591135002445e-05 -0.000159629634412935 -0.000177803336469562  1.95323912707334e-17 -1.72598806527428e-18 -4.46267405936275e-19   1.8762966631637e-17 -0.000600839007369369
-6.15217858400017e-05 -5.21591135002445e-05      1.98990478061647   0.00176705319588031    0.0417166368909956  8.50355876717033e-16 -4.44166670252361e-17 -3.59891311639214e-16  5.16677049945333e-15     0.013769919464314
 4.49573021462849e-05 -0.000159629634412935   0.00176705319588031      1.98826357478312   -0.0264123361753293  3.25435401856414e-15 -2.57057096260907e-16  5.56822510715461e-16  1.60285315067512e-15   -0.0390205296699644
-3.51292267459977e-05 -0.000177803336469562    0.0417166368909956   -0.0264123361753293      1.63733336897018   4.0578160792816e-15 -2.40342342572061e-16 -3.26634745596324e-15 -5.59631064306535e-14    -0.536246739582203
 1.58367029325032e-17  1.95323912707334e-17  8.50355876717033e-16  3.25435401856414e-15   4.0578160792816e-15       1.4362706690617 -1.36743959224133e-16  -0.00135239942275686    -0.250681130759682   3.9751974811077e-14
-1.66376204221252e-17 -1.72598806527428e-18 -4.44166670252361e-17 -2.57057096260907e-16 -2.40342342572061e-16 -1.36743959224133e-16      1.43627066906211     0.250681130758759  -0.00135239942275447 -3.07333889175713e-15
-2.56016952854715e-18 -4.46267405936275e-19 -3.59891311639214e-16  5.56822510715461e-16 -3.26634745596324e-15  -0.00135239942275686     0.250681130758759     0.567498270952281  2.01306935786938e-15  6.55610372451909e-16
 7.54033249305044e-17   1.8762966631637e-17  5.16677049945333e-15  1.60285315067512e-15 -5.59631064306535e-14    -0.250681130759682  -0.00135239942275447  2.01306935786938e-15     0.567498270952699  1.71549273918436e-14
-0.000530970239427335 -0.000600839007369369     0.013769919464314   -0.0390205296699644    -0.536246739582203   3.9751974811077e-14 -3.07333889175713e-15  6.55610372451909e-16  1.71549273918436e-14     0.376965729265068
POPULATION (lambda : 0.2): 6.75787229277961
TOTAL ENERGY: -127.254203938364	 lambda: 0.3
1RDM (lambda : 0.3): 
     1.99999813744421 -2.33456799306662e-07 -7.59721770358946e-05  4.23399178465824e-05 -3.44285748800218e-05  1.82456737614389e-17 -1.77979731610827e-17 -2.08161769493295e-18  7.29725706402912e-17 -0.000637314837694906
-2.33456799306662e-07      1.99999679176367 -5.30385081948328e-05 -0.000136131405309201 -0.000162941029169781  2.38414954651616e-17 -2.04054872640626e-18 -4.26502998538732e-19  1.71428905619025e-17  -0.00073428802440742
-7.59721770358946e-05 -5.30385081948328e-05      1.98947361119465   0.00204442909515554    0.0383080417212211  1.60335472347063e-15 -8.95098140524926e-17 -2.45739265547811e-16  5.20304195443957e-15  -0.00773971503364214
 4.23399178465824e-05 -0.000136131405309201   0.00204442909515554      1.98953181602777   -0.0278929033578711   3.7750595819219e-15  -3.1640986283955e-16  4.11163823796459e-16  1.48411609006528e-15   -0.0493886837687956
-3.44285748800218e-05 -0.000162941029169781    0.0383080417212211   -0.0278929033578711      1.65180683303045  2.01874423193624e-15 -2.83229832143065e-17 -2.81492932540946e-15 -5.44290264944641e-14    -0.490441882018743
 1.82456737614389e-17  2.38414954651616e-17  1.60335472347063e-15   3.7750595819219e-15  2.01874423193624e-15      1.40111481180103  5.98092189590732e-17  -0.00135924451246949     -0.25194985541069  3.88172862204947e-14
-1.77979731610827e-17 -2.04054872640626e-18 -8.95098140524926e-17  -3.1640986283955e-16 -2.83229832143065e-17  5.98092189590732e-17      1.40111481180128     0.251949855409751  -0.00135924451246657  -3.0476521594869e-15
-2.08161769493295e-18 -4.26502998538732e-19 -2.45739265547811e-16  4.11163823796459e-16 -2.81492932540946e-15  -0.00135924451246949     0.251949855409751     0.602040730671045  1.43906876356433e-15  2.39873366520157e-16
 7.29725706402912e-17  1.71428905619025e-17  5.20304195443957e-15  1.48411609006528e-15 -5.44290264944641e-14     -0.25194985541069  -0.00135924451246657  1.43906876356433e-15       0.6020407306713  1.42199166720537e-14
-0.000637314837694906  -0.00073428802440742  -0.00773971503364214   -0.0493886837687956    -0.490441882018743  3.88172862204947e-14  -3.0476521594869e-15  2.39873366520157e-16  1.42199166720537e-14     0.362881725594634
POPULATION (lambda : 0.3): 6.8572930239547
TOTAL ENERGY: -127.22345323728	 lambda: 0.4
1RDM (lambda : 0.4): 
      1.9999978697704 -3.28287982137745e-07 -9.21038412671182e-05  4.06927382688806e-05 -3.77314063056227e-05   2.1440875014757e-17 -1.88100560064813e-17 -1.86053919490699e-18  7.06745498384214e-17 -0.000729730443598419
-3.28287982137745e-07      1.99999714008306 -5.76890502774547e-05 -0.000121263461137079 -0.000150053870624039  2.75228309836434e-17 -2.22467606304992e-18  -4.6013365231268e-19  1.55726555618687e-17 -0.000855111816951638
-9.21038412671182e-05 -5.76890502774547e-05      1.98876425158357   0.00174868847203438    0.0346826604884555   2.3750938051732e-15 -1.51677496198864e-16 -3.27905503129928e-16   4.7895202952933e-15   -0.0275045660881444
 4.06927382688806e-05 -0.000121263461137079   0.00174868847203438      1.99029776439967   -0.0270044945324879  3.98017426613791e-15 -3.00878189905534e-16  5.66775469171629e-16  2.03155611935176e-15   -0.0577670701518353
-3.77314063056227e-05 -0.000150053870624039    0.0346826604884555   -0.0270044945324879      1.66957656231401  4.79567278016993e-16  2.39690936710256e-18 -3.11115398686382e-15  -5.5332585731086e-14    -0.447728611506844
  2.1440875014757e-17  2.75228309836434e-17   2.3750938051732e-15  3.98017426613791e-15  4.79567278016993e-16      1.37782353246145 -1.76137318299147e-15  -0.00138053563288965    -0.255896420638003   3.8089601776384e-14
-1.88100560064813e-17 -2.22467606304992e-18 -1.51677496198864e-16 -3.00878189905534e-16  2.39690936710256e-18 -1.76137318299147e-15      1.37782353246182     0.255896420637197  -0.00138053563288779  -2.9402592668004e-15
-1.86053919490699e-18  -4.6013365231268e-19 -3.27905503129928e-16  5.66775469171629e-16 -3.11115398686382e-15  -0.00138053563288965     0.255896420637197      0.62498514710098  3.26659749301107e-16  3.80757041340968e-16
 7.06745498384214e-17  1.55726555618687e-17   4.7895202952933e-15  2.03155611935176e-15  -5.5332585731086e-14    -0.255896420638003  -0.00138053563288779  3.26659749301107e-16      0.62498514710135  1.27174141766644e-14
-0.000729730443598419 -0.000855111816951638   -0.0275045660881444   -0.0577670701518353    -0.447728611506844   3.8089601776384e-14  -2.9402592668004e-15  3.80757041340968e-16  1.27174141766644e-14     0.345749052723708
POPULATION (lambda : 0.4): 6.9453539655253
TOTAL ENERGY: -127.186061000446	 lambda: 0.5
1RDM (lambda : 0.5): 
     1.99999752848035  -4.2286779455436e-07 -0.000110545072367081  4.15489588820203e-05 -4.94043937145469e-05  2.43128700767685e-17 -1.93122234659659e-17 -1.40233758920271e-18  7.00970258432972e-17 -0.000815817625907785
 -4.2286779455436e-07      1.99999737302312  -6.4870430828672e-05 -0.000112685670503232 -0.000144289666411642   3.1560244910428e-17 -2.46114168305479e-18 -4.34115900568636e-19  1.46191474744635e-17 -0.000972175662786224
-0.000110545072367081  -6.4870430828672e-05      1.98789763984195   0.00115601590923265    0.0300520080312775  3.04922516146132e-15  -1.9706677072094e-16 -3.18568363337178e-16   5.0889492245739e-15   -0.0461630895714954
 4.15489588820203e-05 -0.000112685670503232   0.00115601590923265      1.99071123472998   -0.0242035431615924  4.27042850018923e-15 -3.13608648023098e-16  5.75433241765901e-16  1.63332603302873e-15   -0.0636353437232388
-4.94043937145469e-05 -0.000144289666411642    0.0300520080312775   -0.0242035431615924      1.69382525259989  -1.6943987956803e-15  1.12254818634711e-16 -3.16037053145658e-15 -5.52373190437839e-14    -0.408873064497595
 2.43128700767685e-17   3.1560244910428e-17  3.04922516146132e-15  4.27042850018923e-15  -1.6943987956803e-15      1.36588031092313 -9.86416145463112e-16  -0.00143105980286744    -0.265261657424159  3.83634477643491e-14
-1.93122234659659e-17 -2.46114168305479e-18  -1.9706677072094e-16 -3.13608648023098e-16  1.12254818634711e-16 -9.86416145463112e-16      1.36588031092365     0.265261657423335  -0.00143105980286443 -2.94768642944253e-15
-1.40233758920271e-18 -4.34115900568636e-19 -3.18568363337178e-16  5.75433241765901e-16 -3.16037053145658e-15  -0.00143105980286744     0.265261657423335     0.636794685960936   1.8220378460207e-15  2.72949976153794e-16
 7.00970258432972e-17  1.46191474744635e-17   5.0889492245739e-15  1.63332603302873e-15 -5.52373190437839e-14    -0.265261657424159  -0.00143105980286443   1.8220378460207e-15     0.636794685961455  9.74811381133726e-15
-0.000815817625907785 -0.000972175662786224   -0.0461630895714954   -0.0636353437232388    -0.408873064497595  3.83634477643491e-14 -2.94768642944253e-15  2.72949976153794e-16  9.74811381133726e-15     0.322220977555562
POPULATION (lambda : 0.5): 7.02847193775708
TOTAL ENERGY: -127.138992211328	 lambda: 0.6
1RDM (lambda : 0.6): 
     1.99999708420231  -5.2486820572476e-07 -0.000132940114200425  4.62890587549311e-05 -7.08478496323514e-05  2.83161288945251e-17 -1.94698443919128e-17 -7.60918140175145e-19  7.00435101076135e-17 -0.000903645319195831
 -5.2486820572476e-07      1.99999750745804 -7.44179547769034e-05 -0.000108122867840792 -0.000146478065013222  3.57982424019259e-17 -2.73024068480156e-18 -3.70313710129817e-19  1.39715762000867e-17  -0.00109431856977514
-0.000132940114200425 -7.44179547769034e-05      1.98682441764893  0.000543845716895182    0.0241476776551368  3.78962857248687e-15 -2.38247954573256e-16 -3.00507920310352e-16  5.28964277167338e-15   -0.0646874021143631
 4.62890587549311e-05 -0.000108122867840792  0.000543845716895182      1.99086036746422   -0.0201670422115876  4.35221519227159e-15 -3.26687702993425e-16  5.72217305630351e-16   1.4925700357887e-15   -0.0668803030714311
-7.08478496323514e-05 -0.000146478065013222    0.0241476776551368   -0.0201670422115876      1.72604635653174 -3.95095321875898e-15  2.36900181344869e-16 -3.27657166217828e-15 -5.67139625491023e-14    -0.371974390146398
 2.83161288945251e-17  3.57982424019259e-17  3.78962857248687e-15  4.35221519227159e-15 -3.95095321875898e-15      1.36376060963849  2.95025822798264e-16  -0.00152017213991714    -0.281779562660308  3.91563909309774e-14
-1.94698443919128e-17 -2.73024068480156e-18 -2.38247954573256e-16 -3.26687702993425e-16  2.36900181344869e-16  2.95025822798264e-16      1.36376060963887     0.281779562659468  -0.00152017213991403 -3.01647322014053e-15
-7.60918140175145e-19 -3.70313710129817e-19 -3.00507920310352e-16  5.72217305630351e-16 -3.27657166217828e-15  -0.00152017213991714     0.281779562659468     0.638966030302191  2.37011438920934e-15  1.51454941551769e-16
 7.00435101076135e-17  1.39715762000867e-17  5.28964277167338e-15   1.4925700357887e-15 -5.67139625491023e-14    -0.281779562660308  -0.00152017213991403  2.37011438920934e-15     0.638966030302571  7.14903879420664e-15
-0.000903645319195831  -0.00109431856977514   -0.0646874021143631   -0.0668803030714311    -0.371974390146398  3.91563909309774e-14 -3.01647322014053e-15  1.51454941551769e-16  7.14903879420664e-15     0.290820986812661
POPULATION (lambda : 0.6): 7.11396120176147
TOTAL ENERGY: -127.077462660596	 lambda: 0.7
1RDM (lambda : 0.7): 
     1.99999650688948 -6.45285518452153e-07 -0.000161654198087218  5.59926453667969e-05 -0.000100673505696036  3.31755681076069e-17   -1.937319273766e-17  1.02899653430783e-19  7.06694962158107e-17  -0.00100051064765256
-6.45285518452153e-07      1.99999755658347 -8.70600694318492e-05 -0.000105717045586659 -0.000153649529728602  4.11819142882291e-17 -3.05437347767193e-18 -2.54321717891782e-19  1.41346299279491e-17   -0.0012278309453533
