TOTAL ENERGY: -126.607685649397	 lambda: -1
1RDM (lambda : -1): 
     1.99999950533538 -2.07702964678128e-07 -4.53248211811577e-05 -2.31472242544987e-05  4.08192376242231e-05 -9.10559532260003e-17 -4.49202672330284e-16 -7.24056817569453e-17 -3.16605467279108e-16  0.000746271872791631
-2.07702964678128e-07      1.99998675042387 -0.000181901517112866 -0.000793132258152146  0.000302304528158014  2.52628087687607e-16  1.83390221553987e-15 -4.03609532155064e-16 -2.40481181965191e-15  0.000541104051435483
-4.53248211811577e-05 -0.000181901517112866      1.99241681483655   -0.0134258655376055   0.00567595533063017 -8.81696362890657e-15 -3.66317357893501e-14 -1.98179365534475e-14 -9.82005109732153e-14    0.0951434807470785
-2.31472242544987e-05 -0.000793132258152146   -0.0134258655376055      1.94537268294093   0.00989420060447323   4.7470871725951e-14  2.62561514223839e-13 -1.00721681765935e-15 -3.26554205578326e-14    0.0599295845950449
 4.08192376242231e-05  0.000302304528158014   0.00567595533063017   0.00989420060447323      1.88386791429695 -4.50125658793714e-15 -4.64510110469588e-14 -5.59357413477512e-14 -2.93201786754317e-13    -0.139911777771029
-9.10559532260003e-17  2.52628087687607e-16 -8.81696362890657e-15   4.7470871725951e-14 -4.50125658793714e-15      1.45389634871992  2.55700503403124e-14    -0.565118321295014   0.00666598300180647  8.00721137590633e-14
-4.49202672330284e-16  1.83390221553987e-15 -3.66317357893501e-14  2.62561514223839e-13 -4.64510110469588e-14  2.55700503403124e-14       1.4538963487197  -0.00666598300177976    -0.565118321295722  4.17205643472629e-13
-7.24056817569453e-17 -4.03609532155064e-16 -1.98179365534475e-14 -1.00721681765935e-15 -5.59357413477512e-14    -0.565118321295014  -0.00666598300177976     0.567651216002476 -2.24604018595447e-14 -1.40759346521736e-14
-3.16605467279108e-16 -2.40481181965191e-15 -9.82005109732153e-14 -3.26554205578326e-14 -2.93201786754317e-13   0.00666598300180647    -0.565118321295722 -2.24604018595447e-14     0.567651216002726 -7.35691086011132e-14
 0.000746271872791631  0.000541104051435483    0.0951434807470785    0.0599295845950449    -0.139911777771029  8.00721137590633e-14  4.17205643472629e-13 -1.40759346521736e-14 -7.35691086011132e-14     0.135261202721516
POPULATION (lambda : -1): 5.33608030555148
TOTAL ENERGY: -126.754879125477	 lambda: -0.9
1RDM (lambda : -0.9): 
     1.99999954384392 -1.15012810425284e-07 -3.76939197643567e-05 -9.72082540819629e-06  5.68410208448828e-05 -1.32270984094327e-16 -5.96918351453523e-16 -1.19429342237038e-16 -4.84809242589455e-16   0.00065561531846923
-1.15012810425284e-07      1.99998812771644 -0.000155203266854179 -0.000708216894201015  0.000275637351770071  6.59395590436228e-16  4.56289303095568e-15  -8.1064323323562e-16 -4.87394225230983e-15  0.000448234684002984
-3.76939197643567e-05 -0.000155203266854179       1.9935264707707   -0.0110703177762326   0.00487422346618761 -1.52241341121194e-14 -5.43597524205515e-14 -4.02882178567036e-14 -1.94773314471946e-13    0.0833542744785986
-9.72082540819629e-06 -0.000708216894201015   -0.0110703177762326      1.95149599270733   0.00874302876951259  1.50709339049113e-13  8.04350870464336e-13  4.68058299121944e-14  1.63582312903149e-13     0.038139365396462
 5.68410208448828e-05  0.000275637351770071   0.00487422346618761   0.00874302876951259      1.84979852390608   4.2442922615286e-14  1.41819351744734e-13  1.72026046734088e-15 -5.31463179256164e-14    -0.213310793022764
-1.32270984094327e-16  6.59395590436228e-16 -1.52241341121194e-14  1.50709339049113e-13   4.2442922615286e-14      1.46905330843837  2.35458300725379e-14    -0.528609089038456   0.00623533035788255  9.67620978151098e-14
-5.96918351453523e-16  4.56289303095568e-15 -5.43597524205515e-14  8.04350870464336e-13  1.41819351744734e-13  2.35458300725379e-14      1.46905330843863  -0.00623533035784655    -0.528609089037127  4.85790069308755e-13
-1.19429342237038e-16  -8.1064323323562e-16 -4.02882178567036e-14  4.68058299121944e-14  1.72026046734088e-15    -0.528609089038456  -0.00623533035784655     0.550956933413339 -2.67597451646378e-14   1.7803772215778e-14
-4.84809242589455e-16 -4.87394225230983e-15 -1.94773314471946e-13  1.63582312903149e-13 -5.31463179256164e-14   0.00623533035788255    -0.528609089037127 -2.67597451646378e-14     0.550956933413021  7.10443311450721e-14
  0.00065561531846923  0.000448234684002984    0.0833542744785986     0.038139365396462    -0.213310793022764  9.67620978151098e-14  4.85790069308755e-13   1.7803772215778e-14  7.10443311450721e-14     0.165170857352181
POPULATION (lambda : -0.9): 5.49124014272652
TOTAL ENERGY: -126.893937955931	 lambda: -0.8
1RDM (lambda : -0.8): 
      1.9999995777887 -4.35828178134986e-08 -3.18078744167859e-05  7.15273542443277e-07  5.07257334236742e-05 -2.82153233287887e-16  -1.2604922736111e-15 -2.64636844928479e-16 -1.06621819070559e-15  0.000552840838739177
-4.35828178134986e-08      1.99998957102186 -0.000132639761757696 -0.000624561483976194  0.000225248569848403  1.38260036716389e-15  1.05395229050411e-14 -1.54665850790868e-15 -1.02836568283657e-14  0.000368545067841213
-3.18078744167859e-05 -0.000132639761757696       1.9942515898979   -0.0092915408627896    0.0014439283777449 -5.06473912781357e-14 -2.08402667074038e-13 -9.95605889948599e-14  -5.0174598406839e-13    0.0733063054132189
 7.15273542443277e-07 -0.000624561483976194   -0.0092915408627896      1.95664507410758   0.00113384920412569  4.19843573131599e-13  2.37793724535477e-12  2.36282843012377e-13  1.07814301927918e-12    0.0164862329721187
 5.07257334236742e-05  0.000225248569848403    0.0014439283777449   0.00113384920412569      1.78795581715239  2.73834884964477e-13  1.21197729071544e-12  2.62744376185314e-13   1.1433780872285e-12    -0.256640304245348
-2.82153233287887e-16  1.38260036716389e-15 -5.06473912781357e-14  4.19843573131599e-13  2.73834884964477e-13      1.46839957915511  2.55356684471932e-14    -0.487232984834071   0.00574726641897303  1.76713348586593e-13
 -1.2604922736111e-15  1.05395229050411e-14 -2.08402667074038e-13  2.37793724535477e-12  1.21197729071544e-12  2.55356684471932e-14      1.46839957915503  -0.00574726641887936    -0.487232984834564  8.72465005942128e-13
-2.64636844928479e-16 -1.54665850790868e-15 -9.95605889948599e-14  2.36282843012377e-13  2.62744376185314e-13    -0.487232984834071  -0.00574726641887936     0.549886856207726 -2.55082042937564e-14  1.15267088718855e-13
-1.06621819070559e-15 -1.02836568283657e-14  -5.0174598406839e-13  1.07814301927918e-12   1.1433780872285e-12   0.00574726641897303    -0.487232984834564 -2.55082042937564e-14     0.549886856207818  5.36759290806575e-13
 0.000552840838739177  0.000368545067841213    0.0733063054132189    0.0164862329721187    -0.256640304245348  1.76713348586593e-13  8.72465005942128e-13  1.15267088718855e-13  5.36759290806575e-13     0.224585499305966
POPULATION (lambda : -0.8): 5.65474305122258
TOTAL ENERGY: -126.999171240758	 lambda: -0.7
1RDM (lambda : -0.7): 
     1.99999959968057 -1.61492862675319e-09 -2.79293800928433e-05  6.26247586149986e-06  2.69396193190728e-05 -4.48989706384914e-17 -2.49889764533372e-16 -3.56729332394535e-17 -1.59470950671682e-16  0.000459415350107111
-1.61492862675319e-09      1.99999079164896 -0.000116712394600407 -0.000557357025605787  0.000169465101928181 -3.84752502151701e-17 -2.03700115876687e-16 -6.32025700206244e-17 -3.16498055789276e-16  0.000314632794948817
-2.79293800928433e-05 -0.000116712394600407      1.99472478609767  -0.00824951596542694   -0.0032151985005086 -7.18506967165476e-15 -3.78782101112207e-14 -7.59637747701569e-15 -3.73449236003465e-14    0.0655128409385129
 6.26247586149986e-06 -0.000557357025605787  -0.00824951596542694      1.96001647726265   -0.0094462754335736 -1.17714442611143e-15 -6.29274708281904e-15 -3.13277005964867e-15 -1.64334589589942e-14  0.000945248311962386
 2.69396193190728e-05  0.000169465101928181   -0.0032151985005086   -0.0094462754335736      1.72829786683336  1.47089877429595e-15  6.97244339080446e-15 -6.27445361264349e-14 -3.18024340961593e-13    -0.253515231415521
-4.48989706384914e-17 -3.84752502151701e-17 -7.18506967165476e-15 -1.17714442611143e-15  1.47089877429595e-15          1.4558901872  1.90948302321165e-14    -0.440270450054806   0.00519331081344336  5.79310035209051e-14
-2.49889764533372e-16 -2.03700115876687e-16 -3.78782101112207e-14 -6.29274708281904e-15  6.97244339080446e-15  1.90948302321165e-14      1.45589018720003  -0.00519331081339429    -0.440270450055276  3.08241825004307e-13
-3.56729332394535e-17 -6.32025700206244e-17 -7.59637747701569e-15 -3.13277005964867e-15 -6.27445361264349e-14    -0.440270450054806  -0.00519331081339429      0.56049862592458 -1.93563485150771e-14 -5.47157341753648e-15
-1.59470950671682e-16 -3.16498055789276e-16 -3.73449236003465e-14 -1.64334589589942e-14 -3.18024340961593e-13   0.00519331081344336    -0.440270450055276 -1.93563485150771e-14     0.560498625924575 -2.61050511322817e-14
 0.000459415350107111  0.000314632794948817    0.0655128409385129  0.000945248311962386    -0.253515231415521  5.79310035209051e-14  3.08241825004307e-13 -5.47157341753648e-15 -2.61050511322817e-14     0.284192852227647
POPULATION (lambda : -0.7): 5.79468179518103
TOTAL ENERGY: -127.068932791098	 lambda: -0.6
1RDM (lambda : -0.6): 
     1.99999961126692  2.12962901669753e-08 -2.53111304230202e-05  8.44601079298685e-06  3.50594454742751e-07 -4.01761133240952e-17 -2.39512289921874e-16 -3.36389626118907e-17 -1.40798509867796e-16  0.000383386797665608
 2.12962901669753e-08      1.99999169728822 -0.000105508841203105 -0.000507890265108438  0.000127897430350334 -4.96292362371046e-17 -2.76760530474832e-16 -4.55554297869205e-17 -2.16761494251176e-16  0.000280111664025513
-2.53111304230202e-05 -0.000105508841203105      1.99515733305102  -0.00762753212518068  -0.00719974493692608 -7.42811388580169e-15 -4.13424768914504e-14 -5.54839906942846e-15 -2.60326923030253e-14    0.0589629701310457
 8.44601079298685e-06 -0.000507890265108438  -0.00762753212518068      1.96225377820553   -0.0175624635251968  -3.9855543914449e-15 -2.02769986503917e-14  -3.8036956644267e-15  -1.7844507545669e-14  -0.00711649218399067
 3.50594454742751e-07  0.000127897430350334  -0.00719974493692608   -0.0175624635251968      1.69905603778766 -6.34024364522233e-15 -3.49533710582188e-14 -6.51125375469325e-14 -3.20351359155785e-13    -0.215426177829008
-4.01761133240952e-17 -4.96292362371046e-17 -7.42811388580169e-15  -3.9855543914449e-15 -6.34024364522233e-15      1.44145006379278  1.84047472349522e-14    -0.386410523414584   0.00455799287089461  6.84990795362789e-14
-2.39512289921874e-16 -2.76760530474832e-16 -4.13424768914504e-14 -2.02769986503917e-14 -3.49533710582188e-14  1.84047472349522e-14      1.44145006379275  -0.00455799287085642    -0.386410523414544    3.872875328793e-13
-3.36389626118907e-17 -4.55554297869205e-17 -5.54839906942846e-15  -3.8036956644267e-15 -6.51125375469325e-14    -0.386410523414584  -0.00455799287085642     0.572813836115696 -1.79397541004549e-14 -1.95291737363918e-14
-1.40798509867796e-16 -2.16761494251176e-16 -2.60326923030253e-14  -1.7844507545669e-14 -3.20351359155785e-13   0.00455799287089461    -0.386410523414544 -1.79397541004549e-14     0.572813836115728 -1.14306434444341e-13
 0.000383386797665608  0.000280111664025513    0.0589629701310457  -0.00711649218399067    -0.215426177829008  6.84990795362789e-14    3.872875328793e-13 -1.95291737363918e-14 -1.14306434444341e-13     0.315013742583759
POPULATION (lambda : -0.6): 5.90162683225894
TOTAL ENERGY: -127.115629681071	 lambda: -0.5
1RDM (lambda : -0.5): 
     1.99999961798726  3.83176426185206e-08 -2.32119585054213e-05  9.59763538830453e-06 -1.94129547653824e-05 -5.02500793647551e-16  -2.1026508011735e-15 -4.62026283769036e-16 -1.73735502693388e-15  0.000318425961819092
 3.83176426185206e-08      1.99999237443654 -9.57550547356468e-05 -0.000468431176197259  0.000106785036483196  5.38008534060464e-16  3.24228424593231e-15 -7.35530835157975e-16 -3.90323823810682e-15    0.0002489946264756
-2.32119585054213e-05 -9.57550547356468e-05      1.99567636115473  -0.00702197536515927  -0.00950073574786083 -1.42522543333205e-13 -6.20069284168906e-13 -1.68283131477657e-13 -7.11821098235395e-13    0.0518752651265092
 9.59763538830453e-06 -0.000468431176197259  -0.00702197536515927       1.9644195846203   -0.0203567325364953  5.14575169729611e-13  2.32668512837445e-12  5.36744653889169e-13  2.31603460939725e-12   -0.0101903234210255
-1.94129547653824e-05  0.000106785036483196  -0.00950073574786083   -0.0203567325364953      1.70746222891565  1.31945705331764e-12  5.54255067693242e-12  1.31591123171989e-12  5.22090036850473e-12    -0.164892431972186
-5.02500793647551e-16  5.38008534060464e-16 -1.42522543333205e-13  5.14575169729611e-13  1.31945705331764e-12      1.42939241864258  1.54078946283325e-14    -0.325670039361482   0.00384151339870027  3.72909494710728e-13
 -2.1026508011735e-15  3.24228424593231e-15 -6.20069284168906e-13  2.32668512837445e-12  5.54255067693242e-12  1.54078946283325e-14      1.42939241864265  -0.00384151339867119    -0.325670039361841  1.57720764223559e-12
-4.62026283769036e-16 -7.35530835157975e-16 -1.68283131477657e-13  5.36744653889169e-13  1.31591123171989e-12    -0.325670039361482  -0.00384151339867119     0.582505489003331 -1.59143918393067e-14  3.96277537986081e-13
-1.73735502693388e-15 -3.90323823810682e-15 -7.11821098235395e-13  2.31603460939725e-12  5.22090036850473e-12   0.00384151339870027    -0.325670039361841 -1.59143918393067e-14      0.58250548900328  1.61819736565127e-12
 0.000318425961819092    0.0002489946264756    0.0518752651265092   -0.0101903234210255    -0.164892431972186  3.72909494710728e-13  1.57720764223559e-12  3.96277537986081e-13  1.61819736565127e-12     0.308654017593735
POPULATION (lambda : -0.5): 5.98631276195472
TOTAL ENERGY: -127.151000621133	 lambda: -0.4
1RDM (lambda : -0.4): 
     1.99999962190556  5.65997648570066e-08 -2.14831213435051e-05  1.11278119489588e-05 -3.14953687443329e-05 -1.48631195177617e-16 -8.64816180936887e-16 -1.37322290596215e-16 -3.49715573449713e-16  0.000254127216244274
 5.65997648570066e-08      1.99999295508297 -8.50454494868101e-05 -0.000430616432613208  0.000102244587529696 -1.86968303599488e-16 -9.00487030962629e-16  5.70498547538244e-17  2.44440913335441e-16  0.000205022407143675
-2.14831213435051e-05 -8.50454494868101e-05      1.99628104256116  -0.00616584303783486    -0.010133922156985 -6.77009358389189e-14   -3.193752779257e-13  1.09351562106023e-15  2.05623781675267e-14    0.0423396567764613
 1.11278119489588e-05 -0.000430616432613208  -0.00616584303783486      1.96718419875891   -0.0179863527558401  5.53853947121362e-14  2.40590040390875e-13  9.18626918906457e-14  3.93359455536405e-13   -0.0121800599499626
-3.14953687443329e-05  0.000102244587529696    -0.010133922156985   -0.0179863527558401      1.74371947726817  1.04919232652999e-13  3.38590163377901e-13  3.13831083797602e-13   1.2748984957638e-12      -0.1252753983107
-1.48631195177617e-16 -1.86968303599488e-16 -6.77009358389189e-14  5.53853947121362e-14  1.04919232652999e-13      1.41887706411628   7.4416889683108e-15    -0.261708191677043   0.00308703056272924  6.81546036884125e-13
-8.64816180936887e-16 -9.00487030962629e-16   -3.193752779257e-13  2.40590040390875e-13  3.38590163377901e-13   7.4416889683108e-15      1.41887706411631  -0.00308703056267292    -0.261708191677111  3.32183245617568e-12
-1.37322290596215e-16  5.70498547538244e-17  1.09351562106023e-15  9.18626918906457e-14  3.13831083797602e-13    -0.261708191677043  -0.00308703056267292     0.590550132790978 -8.14297865246746e-15 -5.08781856214834e-13
-3.49715573449713e-16  2.44440913335441e-16  2.05623781675267e-14  3.93359455536405e-13   1.2748984957638e-12   0.00308703056272924    -0.261708191677111 -8.14297865246746e-15     0.590550132790949 -2.41973186820897e-12
 0.000254127216244274  0.000205022407143675    0.0423396567764613   -0.0121800599499626      -0.1252753983107  6.81546036884125e-13  3.32183245617568e-12 -5.08781856214834e-13 -2.41973186820897e-12     0.273968310608733
POPULATION (lambda : -0.4): 6.06495810632923
TOTAL ENERGY: -127.182269069874	 lambda: -0.3
1RDM (lambda : -0.3): 
     1.99999962046438  7.69443646927222e-08 -2.06545175488981e-05  1.33942103451055e-05 -4.19482865970069e-05  5.20571681373925e-16  1.82232076510942e-15  5.09772288762709e-16  1.71314826264274e-15  0.000181951292513034
 7.69443646927222e-08      1.99999357227499 -7.21800608439867e-05 -0.000387154355855627  0.000104160239537743 -6.21645382713265e-17 -3.91049538384733e-16  3.04072847381099e-16  1.21750240580886e-15  0.000134346738246127
-2.06545175488981e-05 -7.21800608439867e-05      1.99682221446701  -0.00495738723736198   -0.0102230215163503  1.64397813979374e-13  6.18988496445317e-13  1.78804684809968e-13  6.40481506590207e-13    0.0289217666312725
 1.33942103451055e-05 -0.000387154355855627  -0.00495738723736198      1.97082248070916   -0.0123813005473187 -4.17610135848593e-13 -1.58711164728657e-12 -5.21022665741842e-13 -1.95880797122009e-12   -0.0173882403856295
-4.19482865970069e-05  0.000104160239537743   -0.0102230215163503   -0.0123813005473187        1.788845225154 -1.86065815976535e-12 -6.74816690974489e-12 -2.14532796301456e-12 -7.75568839893689e-12    -0.117025424909911
 5.20571681373925e-16 -6.21645382713265e-17  1.64397813979374e-13 -4.17610135848593e-13 -1.86065815976535e-12      1.40734467523182  4.20145879673445e-15     -0.19998367735173   0.00235895390231853 -3.12080498728967e-13
 1.82232076510942e-15 -3.91049538384733e-16  6.18988496445317e-13 -1.58711164728657e-12 -6.74816690974489e-12  4.20145879673445e-15       1.4073446752319  -0.00235895390225859    -0.199983677351797 -1.01368291826227e-12
 5.09772288762709e-16  3.04072847381099e-16  1.78804684809968e-13 -5.21022665741842e-13 -2.14532796301456e-12     -0.19998367735173  -0.00235895390225859     0.599720616228119 -5.47718961699961e-15 -4.60692835075928e-13
 1.71314826264274e-15  1.21750240580886e-15  6.40481506590207e-13 -1.95880797122009e-12 -7.75568839893689e-12   0.00235895390231853    -0.199983677351797 -5.47718961699961e-15     0.599720616228039 -1.58286839237104e-12
 0.000181951292513034  0.000134346738246127    0.0289217666312725   -0.0173882403856295    -0.117025424909911 -3.12080498728967e-13 -1.01368291826227e-12 -4.60692835075928e-13 -1.58286839237104e-12     0.229386304010654
POPULATION (lambda : -0.3): 6.15477877109583
TOTAL ENERGY: -127.211700565395	 lambda: -0.2
1RDM (lambda : -0.2): 
     1.99999960911134  9.32646389495092e-08 -2.17989092363573e-05  1.57072924582655e-05 -6.24285956184487e-05  4.88468718624104e-16   1.7281261637837e-15  4.83459327442141e-16  1.65055893194253e-15   9.8705053818842e-05
 9.32646389495092e-08      1.99999436003343 -5.74167300611475e-05 -0.000331590019157394  9.49663267210494e-05  7.70240052787249e-17  2.53195466107318e-16  2.26764173231619e-16  8.71452484529276e-16  2.93883145585936e-05
-2.17989092363573e-05 -5.74167300611475e-05      1.99699920811476   -0.0035027654210732   -0.0122035776390842  1.56587026810175e-13  5.94551655320013e-13   1.7009687547403e-13  6.13514053804914e-13    0.0116373708457681
 1.57072924582655e-05 -0.000331590019157394   -0.0035027654210732      1.97535324678417  -0.00648613537595524 -3.30189263572012e-13  -1.2526764636001e-12 -4.30269948975265e-13 -1.62252339580553e-12   -0.0299269826716829
-6.24285956184487e-05  9.49663267210494e-05   -0.0122035776390842  -0.00648613537595524      1.81758104561142 -1.76779076294408e-12 -6.42220251066155e-12 -2.10868922491683e-12 -7.70470958627691e-12    -0.151322847776087
 4.88468718624104e-16  7.70240052787249e-17  1.56587026810175e-13 -3.30189263572012e-13 -1.76779076294408e-12      1.38980656362989  2.04176475417268e-14    -0.144429012875046   0.00170364519039101 -2.69328030010573e-13
  1.7281261637837e-15  2.53195466107318e-16  5.94551655320013e-13  -1.2526764636001e-12 -6.42220251066155e-12  2.04176475417268e-14      1.38980656363003  -0.00170364519039987    -0.144429012875241 -8.85690187030456e-13
 4.83459327442141e-16  2.26764173231619e-16   1.7009687547403e-13 -4.30269948975265e-13 -2.10868922491683e-12    -0.144429012875046  -0.00170364519039987     0.615165989761863 -2.15452782073859e-14 -3.97039052564771e-13
 1.65055893194253e-15  8.71452484529276e-16  6.13514053804914e-13 -1.62252339580553e-12 -7.70470958627691e-12   0.00170364519039101    -0.144429012875241 -2.15452782073859e-14     0.615165989761727 -1.34281434158937e-12
  9.8705053818842e-05  2.93883145585936e-05    0.0116373708457681   -0.0299269826716829    -0.151322847776087 -2.69328030010573e-13 -8.85690187030456e-13 -3.97039052564771e-13 -1.34281434158937e-12     0.200127423561408
POPULATION (lambda : -0.2): 6.27374661107724
TOTAL ENERGY: -127.235024202561	 lambda: -0.1
1RDM (lambda : -0.1): 
     1.99999958526551  9.23572290839986e-08 -2.58937576569222e-05  1.61907314173388e-05 -0.000105863340001528  1.42599601971289e-16   5.8166994503042e-16  1.53476047001804e-16  6.42549920133617e-16   1.2594349174213e-05
 9.23572290839986e-08      1.99999539668339 -4.32654844494621e-05  -0.00026255686066609  5.05190328206199e-05  3.44422265564245e-17  1.54659118722832e-16  4.77698971709178e-17  2.25323785790335e-16 -9.87674745200758e-05
-2.58937576569222e-05 -4.32654844494621e-05      1.99649409880521  -0.00223609058488054   -0.0191115410295484  4.96205285540482e-14  2.27124374418593e-13   5.3855429204874e-14  2.33726945717854e-13  -0.00668690053620485
 1.61907314173388e-05  -0.00026255686066609  -0.00223609058488054      1.98025409798709  -0.00434496141427535 -8.77898557992615e-14 -3.99658462799997e-13 -1.21437557944894e-13 -5.48727380123729e-13   -0.0516780009047366
-0.000105863340001528  5.05190328206199e-05   -0.0191115410295484  -0.00434496141427535      1.80008023544504 -5.10562366594334e-13 -2.20413754720488e-12 -7.21663560336117e-13 -3.17795619032273e-12    -0.219008132796561
 1.42599601971289e-16  3.44422265564245e-17  4.96205285540482e-14 -8.77898557992615e-14 -5.10562366594334e-13      1.35810812450405  5.68321116378439e-15   -0.0974044385316733    0.0011489538566883 -3.31901779105186e-14
  5.8166994503042e-16  1.54659118722832e-16  2.27124374418593e-13 -3.99658462799997e-13 -2.20413754720488e-12  5.68321116378439e-15       1.3581081245044  -0.00114895385666052   -0.0974044385319531 -1.00789952970578e-13
 1.53476047001804e-16  4.77698971709178e-17   5.3855429204874e-14 -1.21437557944894e-13 -7.21663560336117e-13   -0.0974044385316733  -0.00114895385666052     0.645143313192215  -9.6644973028367e-15 -9.51139707547614e-14
 6.42549920133617e-16  2.25323785790335e-16  2.33726945717854e-13 -5.48727380123729e-13 -3.17795619032273e-12    0.0011489538566883   -0.0974044385319531  -9.6644973028367e-15     0.645143313191875 -3.61355264138985e-13
  1.2594349174213e-05 -9.87674745200758e-05  -0.00668690053620485   -0.0516780009047366    -0.219008132796561 -3.31901779105186e-14 -1.00789952970578e-13 -9.51139707547614e-14 -3.61355264138985e-13     0.216673710421224
POPULATION (lambda : -0.1): 6.43118654107809
TOTAL ENERGY: -127.243781474846	 lambda: 0
1RDM (lambda : 0): 
     1.99999955185379  6.49787739335898e-08  -3.2348088460568e-05  1.29566567060666e-05  -0.00017152790523877 -1.82882153816567e-17 -1.29208476618674e-16  3.75485446484244e-18  4.84426074895222e-17 -5.53507834944092e-05
 6.49787739335898e-08      1.99999655445324 -3.37852571927018e-05 -0.000192101598916341 -3.82819063598225e-05 -1.15647939316686e-17 -6.09623445003047e-17 -1.66824170422367e-17 -8.45480463437051e-17 -0.000211003088469676
 -3.2348088460568e-05 -3.37852571927018e-05       1.9953544559822  -0.00179176616827149   -0.0313123248197052 -1.30984826686263e-15 -6.87731995356811e-15 -1.91722452136083e-15 -9.31929665042933e-15   -0.0208929056505482
 1.29566567060666e-05 -0.000192101598916341  -0.00179176616827149      1.98413524948539  -0.00947568061691612    6.172646868416e-15  3.29376014625467e-14 -1.70472240713256e-15 -9.35396788985467e-15   -0.0781641642129847
 -0.00017152790523877 -3.82819063598225e-05   -0.0313123248197052  -0.00947568061691612      1.72329446964015  4.42222811828085e-14  2.36157823482717e-13 -7.94545857682505e-14 -3.98988654695322e-13    -0.285144780464784
-1.82882153816567e-17 -1.15647939316686e-17 -1.30984826686263e-15    6.172646868416e-15  4.42222811828085e-14       1.3099984799076  4.00323984932072e-15   -0.0616601197725729  0.000727326047312313  5.37151816423805e-14
-1.29208476618674e-16 -6.09623445003047e-17 -6.87731995356811e-15  3.29376014625467e-14  2.36157823482717e-13  4.00323984932072e-15      1.30999847990757 -0.000727326047284173   -0.0616601197726624  2.83917090540489e-13
 3.75485446484244e-18 -1.66824170422367e-17 -1.91722452136083e-15 -1.70472240713256e-15 -7.94545857682505e-14   -0.0616601197725729 -0.000727326047284173     0.692004185875414 -3.80217464781467e-15  3.08881427667314e-14
 4.84426074895222e-17 -8.45480463437051e-17 -9.31929665042933e-15 -9.35396788985467e-15 -3.98988654695322e-13  0.000727326047312313   -0.0616601197726624 -3.80217464781467e-15     0.692004185875437  1.54441266515787e-13
-5.53507834944092e-05 -0.000211003088469676   -0.0208929056505482   -0.0781641642129847    -0.285144780464784  5.37151816423805e-14  2.83917090540489e-13  3.08881427667314e-14  1.54441266515787e-13     0.293214387019215
POPULATION (lambda : 0): 6.60535706375556
TOTAL ENERGY: -127.23681800057	 lambda: 0.1
1RDM (lambda : 0.1): 
     1.99999951425391  2.24623077687632e-08 -3.89066612991025e-05  6.73440398988663e-06 -0.000238062516979135 -2.09179047000323e-17 -1.46834343651003e-16  1.12627263520908e-17  8.57668519708334e-17 -9.22055846571363e-05
 2.24623077687632e-08       1.9999975416354   -3.032113471645e-05 -0.000138406244433337 -0.000142480871064565 -1.53856446315837e-17 -8.18978803862963e-17 -4.39493551757433e-18 -2.31999776918262e-17  -0.00027431945038449
-3.89066612991025e-05   -3.032113471645e-05      1.99409304087614  -0.00232985869544502   -0.0445767738689044 -1.70479465023052e-15 -8.96735798188863e-15 -4.08902215495247e-16 -1.81833077908884e-15   -0.0286525326019331
 6.73440398988663e-06 -0.000138406244433337  -0.00232985869544502      1.98589914207615   -0.0207234926018863  7.40793758110125e-15   3.9279841270688e-14  1.86493485620863e-16  5.27062458614969e-17    -0.100661881045449
-0.000238062516979135 -0.000142480871064565   -0.0445767738689044   -0.0207234926018863      1.61733981255162  4.58898755779605e-14  2.43783297634054e-13 -6.54479073248234e-14 -3.28821303250593e-13    -0.320288418583917
-2.09179047000323e-17 -1.53856446315837e-17 -1.70479465023052e-15  7.40793758110125e-15  4.58898755779605e-14      1.25850030598185   2.1168913659425e-15    -0.038466982797672  0.000453743011831982  4.01186925461399e-14
-1.46834343651003e-16 -8.18978803862963e-17 -8.96735798188863e-15   3.9279841270688e-14  2.43783297634054e-13   2.1168913659425e-15      1.25850030598209 -0.000453743011808023   -0.0384669827978013  2.11504945823035e-13
 1.12627263520908e-17 -4.39493551757433e-18 -4.08902215495247e-16  1.86493485620863e-16 -6.54479073248234e-14    -0.038466982797672 -0.000453743011808023     0.742742370782563 -4.86804751987235e-15  3.47854387282534e-14
 8.57668519708334e-17 -2.31999776918262e-17 -1.81833077908884e-15  5.27062458614969e-17 -3.28821303250593e-13  0.000453743011831982   -0.0384669827978013 -4.86804751987235e-15     0.742742370782324  1.73397465036479e-13
-9.22055846571363e-05  -0.00027431945038449   -0.0286525326019331    -0.100661881045449    -0.320288418583917  4.01186925461399e-14  2.11504945823035e-13  3.47854387282534e-14  1.73397465036479e-13     0.400185595077992
POPULATION (lambda : 0.1): 6.75202619634714
TOTAL ENERGY: -127.222102201238	 lambda: 0.2
1RDM (lambda : 0.2): 
     1.99999947247914 -1.62627848826413e-08 -4.41990576360509e-05  5.28399369965356e-08 -0.000287691680150638 -2.36387800120243e-17   -1.643280277694e-16  1.67619955575493e-17  1.12564498337202e-16 -0.000106823566857186
-1.62627848826413e-08      1.99999822076027 -3.04629077839339e-05 -0.000106154389368111 -0.000228023752136706 -2.07629915557622e-17 -1.10899180005028e-16  4.86860892308798e-18  2.30583432205518e-17  -0.00029646881954171
-4.41990576360509e-05 -3.04629077839339e-05      1.99309434865209  -0.00341755694762849   -0.0550221063305198 -2.13204658399584e-15 -1.12611175021071e-14  8.08681660544232e-16  4.21034775810336e-15   -0.0324737517116499
 5.28399369965356e-08 -0.000106154389368111  -0.00341755694762849      1.98592315677332   -0.0337008823895705  7.73332947944504e-15   4.0903186446529e-14  1.83624929445061e-15  8.28642728934625e-15    -0.115457350904628
-0.000287691680150638 -0.000228023752136706   -0.0550221063305198   -0.0337008823895705      1.52291922402694  4.39119757650948e-14  2.32870449223828e-13 -5.43066784576326e-14 -2.72815936977304e-13    -0.329338562063233
-2.36387800120243e-17 -2.07629915557622e-17 -2.13204658399584e-15  7.73332947944504e-15  4.39119757650948e-14      1.21774506645569  3.21609073229887e-15   -0.0250748945038481  0.000295778499532128  2.95951010975184e-14
  -1.643280277694e-16 -1.10899180005028e-16 -1.12611175021071e-14   4.0903186446529e-14  2.32870449223828e-13  3.21609073229887e-15       1.2177450664559 -0.000295778499512138   -0.0250748945039141  1.55786165873868e-13
 1.67619955575493e-17  4.86860892308798e-18  8.08681660544232e-16  1.83624929445061e-15 -5.43066784576326e-14   -0.0250748945038481 -0.000295778499512138     0.783094202979971 -5.65684334888494e-15  3.52922130685617e-14
 1.12564498337202e-16  2.30583432205518e-17  4.21034775810336e-15  8.28642728934625e-15 -2.72815936977304e-13  0.000295778499532128   -0.0250748945039141 -5.65684334888494e-15     0.783094202979768    1.756846840126e-13
-0.000106823566857186  -0.00029646881954171   -0.0324737517116499    -0.115457350904628    -0.329338562063233  2.95951010975184e-14  1.55786165873868e-13  3.52922130685617e-14    1.756846840126e-13     0.496387038436898
POPULATION (lambda : 0.2): 6.85255491698249
TOTAL ENERGY: -127.206094403595	 lambda: 0.3
1RDM (lambda : 0.3): 
     1.99999942103029 -4.36473899316258e-08 -4.84820360683022e-05 -5.51996454095217e-06 -0.000318694721858525 -2.55285205514228e-17 -1.76519412327019e-16  2.01859049227038e-17  1.28994921711344e-16 -0.000112934370243659
-4.36473899316258e-08      1.99999864795526 -3.17903967986009e-05  -8.9007876871686e-05 -0.000286471398455179 -2.52558028504762e-17  -1.3501027264348e-16  1.08546596507269e-17  5.29430926686878e-17 -0.000300637310218492
-4.84820360683022e-05 -3.17903967986009e-05      1.99237672585342   -0.0046489069974871   -0.0620566850902721 -2.40110914525971e-15 -1.27068818121359e-14  1.63337436355257e-15  8.29242623254527e-15   -0.0354086004320035
-5.51996454095217e-06  -8.9007876871686e-05   -0.0046489069974871      1.98512263927687   -0.0456727654804033  7.62862226999509e-15  4.02809367812412e-14  3.21069064196859e-15  1.51405503935493e-14     -0.12419904681198
-0.000318694721858525 -0.000286471398455179   -0.0620566850902721   -0.0456727654804033      1.45491962864231  4.16857052118134e-14  2.20786133149105e-13 -4.64655363894855e-14 -2.33491996061829e-13    -0.329880048059844
-2.55285205514228e-17 -2.52558028504762e-17 -2.40110914525971e-15  7.62862226999509e-15  4.16857052118134e-14      1.19109399357387  -2.8619093563504e-18   -0.0174862528460574  0.000206263005628335  2.25343581381681e-14
-1.76519412327019e-16  -1.3501027264348e-16 -1.27068818121359e-14  4.02809367812412e-14  2.20786133149105e-13  -2.8619093563504e-18      1.19109399357411 -0.000206263005611018   -0.0174862528461253  1.18507685465256e-13
 2.01859049227038e-17  1.08546596507269e-17  1.63337436355257e-15  3.21069064196859e-15 -4.64655363894855e-14   -0.0174862528460574 -0.000206263005611018     0.809543141866126 -2.83068516175078e-15  3.48700614660655e-14
 1.28994921711344e-16  5.29430926686878e-17  8.29242623254527e-15  1.51405503935493e-14 -2.33491996061829e-13  0.000206263005628335   -0.0174862528461253 -2.83068516175078e-15     0.809543141865889  1.73428031000119e-13
-0.000112934370243659 -0.000300637310218492   -0.0354086004320035     -0.12419904681198    -0.329880048059844  2.25343581381681e-14  1.18507685465256e-13  3.48700614660655e-14  1.73428031000119e-13     0.566308666361881
POPULATION (lambda : 0.3): 6.91749625812969
TOTAL ENERGY: -127.190535772701	 lambda: 0.4
1RDM (lambda : 0.4): 
     1.99999935151125 -6.05583613492334e-08 -5.25920742631882e-05 -9.55383851155703e-06 -0.000335606134657993 -2.63461857506755e-17 -1.82268513563958e-16  2.22201612044334e-17  1.38556908171239e-16 -0.000118460833336897
-6.05583613492334e-08      1.99999891539975 -3.32800201058367e-05 -8.04512634123724e-05 -0.000323770386772451  -2.8349688768444e-17 -1.51102075449176e-16  1.48092750641033e-17   7.2212301101697e-17 -0.000302094796436358
-5.25920742631882e-05 -3.32800201058367e-05      1.99181852175223  -0.00585303819909801   -0.0665323777331882 -2.45498093318442e-15 -1.29738889562433e-14  2.22010248992923e-15  1.11463905835529e-14    -0.039059660376511
-9.55383851155703e-06 -8.04512634123724e-05  -0.00585303819909801      1.98409278540584   -0.0560465544512661  7.27036436532718e-15   3.8467631916882e-14  4.37657979594256e-15  2.08181554375372e-14    -0.129273166451097
-0.000335606134657993 -0.000323770386772451   -0.0665323777331882   -0.0560465544512661      1.41107145594425  4.05729147015043e-14  2.13960568204781e-13 -4.19028455984772e-14 -2.09761609698228e-13    -0.333428754411685
-2.63461857506755e-17  -2.8349688768444e-17 -2.45498093318442e-15  7.27036436532718e-15  4.05729147015043e-14      1.17639062309859 -3.21083508695471e-15    -0.012942457142413  0.000152666165568804  1.74561745275381e-14
-1.82268513563958e-16 -1.51102075449176e-16 -1.29738889562433e-14   3.8467631916882e-14  2.13960568204781e-13 -3.21083508695471e-15      1.17639062309866 -0.000152666165550452   -0.0129424571424491  9.27843330584417e-14
 2.22201612044334e-17  1.48092750641033e-17  2.22010248992923e-15  4.37657979594256e-15 -4.19028455984772e-14    -0.012942457142413 -0.000152666165550452      0.82415018186225  2.52213655808664e-15  3.53217917130146e-14
 1.38556908171239e-16   7.2212301101697e-17  1.11463905835529e-14  2.08181554375372e-14 -2.09761609698228e-13  0.000152666165568804   -0.0129424571424491  2.52213655808664e-15     0.824150181862181   1.7437238746865e-13
-0.000118460833336897 -0.000302094796436358    -0.039059660376511    -0.129273166451097    -0.333428754411685  1.74561745275381e-14  9.27843330584417e-14  3.53217917130146e-14   1.7437238746865e-13     0.611937360064998
POPULATION (lambda : 0.4): 6.96227556105596
TOTAL ENERGY: -127.174382561177	 lambda: 0.5
1RDM (lambda : 0.5): 
     1.99999925158883 -6.97279935302172e-08 -5.75058749287924e-05  -1.1962560097147e-05 -0.000342387170503746 -2.60400438380926e-17 -1.81651494389524e-16  2.33127610542275e-17  1.43602777138114e-16 -0.000127177415098938
-6.97279935302172e-08      1.99999908688277 -3.47356627938307e-05 -7.66553571986737e-05  -0.00034743817933949 -2.95231739733713e-17 -1.57892364355441e-16  1.71420973280647e-17  8.42108129463597e-17 -0.000308281880229412
-5.75058749287924e-05 -3.47356627938307e-05      1.99128553016773  -0.00698460398512011   -0.0693377363778649 -2.25438645341847e-15 -1.19666210393182e-14  2.61745631378423e-15   1.3146639793081e-14   -0.0441604638860921
 -1.1962560097147e-05 -7.66553571986737e-05  -0.00698460398512011      1.98310502891887   -0.0650798028345685  6.91207444850643e-15  3.64293110503293e-14  5.22211673458517e-15  2.51608382398086e-14    -0.132188473150978
-0.000342387170503746  -0.00034743817933949   -0.0693377363778649   -0.0650798028345685      1.38570461773105  4.01896121301519e-14   2.1235880276824e-13 -3.88561389013629e-14 -1.95387151391053e-13    -0.345957281268328
-2.60400438380926e-17 -2.95231739733713e-17 -2.25438645341847e-15  6.91207444850643e-15  4.01896121301519e-14      1.17132763777145 -3.50793061447504e-16  -0.00991704202606103  0.000116978773654828  1.44314426148126e-14
-1.81651494389524e-16 -1.57892364355441e-16 -1.19666210393182e-14  3.64293110503293e-14   2.1235880276824e-13 -3.50793061447504e-16      1.17132763777174 -0.000116978773638599  -0.00991704202611733  7.60425730614172e-14
 2.33127610542275e-17  1.71420973280647e-17  2.61745631378423e-15  5.22211673458517e-15 -3.88561389013629e-14  -0.00991704202606103 -0.000116978773638599     0.829177946234534 -3.04689070786638e-15  3.59010941384473e-14
 1.43602777138114e-16  8.42108129463597e-17   1.3146639793081e-14  2.51608382398086e-14 -1.95387151391053e-13  0.000116978773654828  -0.00991704202611733 -3.04689070786638e-15     0.829177946234244  1.78163000364372e-13
-0.000127177415098938 -0.000308281880229412   -0.0441604638860921    -0.132188473150978    -0.345957281268328  1.44314426148126e-14  7.60425730614172e-14  3.59010941384473e-14  1.78163000364372e-13     0.638895316698846
POPULATION (lambda : 0.5): 6.99825155796977
TOTAL ENERGY: -127.154792852166	 lambda: 0.6
1RDM (lambda : 0.6): 
     1.99999910073814 -7.36505153285326e-08  -6.4546982960714e-05 -1.25550703733749e-05 -0.000341304403508375  -2.4570861405447e-17 -1.74293011080744e-16   2.3816351770154e-17  1.45830537222552e-16 -0.000141756416500203
-7.36505153285326e-08      1.99999919860881 -3.63285323140623e-05 -7.57050598854036e-05 -0.000363361521969801 -2.89734868925509e-17  -1.5519972279748e-16  1.86230774206139e-17  9.15690127083418e-17 -0.000323450411712696
 -6.4546982960714e-05 -3.63285323140623e-05      1.99062718802249  -0.00803157566761224   -0.0711708118106841 -1.85186882769028e-15 -9.84909315462726e-15  2.97127879322323e-15  1.48629265156673e-14   -0.0512305771661188
-1.25550703733749e-05 -7.57050598854036e-05  -0.00803157566761224      1.98227379744987   -0.0731859097749873    6.458706444692e-15  3.40446733573718e-14  5.98745525170811e-15  2.89661627412018e-14    -0.133697857061514
-0.000341304403508375 -0.000363361521969801   -0.0711708118106841   -0.0731859097749873      1.37407569621375  4.02943140844018e-14  2.13159927554749e-13 -3.62634922243946e-14 -1.82951491777534e-13    -0.371833779329579
 -2.4570861405447e-17 -2.89734868925509e-17 -1.85186882769028e-15    6.458706444692e-15  4.02943140844018e-14      1.17493342184831 -4.36941916739192e-15  -0.00752078354536509  8.87130494884655e-05  1.34799344778038e-14
-1.74293011080744e-16  -1.5519972279748e-16 -9.84909315462726e-15  3.40446733573718e-14  2.13159927554749e-13 -4.36941916739192e-15      1.17493342184862 -8.87130494697885e-05  -0.00752078354542947  7.06350418654666e-14
  2.3816351770154e-17  1.86230774206139e-17  2.97127879322323e-15  5.98745525170811e-15 -3.62634922243946e-14  -0.00752078354536509 -8.87130494697885e-05     0.825582296251409  6.76011867383984e-16  3.60416268300389e-14
 1.45830537222552e-16  9.15690127083418e-17  1.48629265156673e-14  2.89661627412018e-14 -1.82951491777534e-13  8.87130494884655e-05  -0.00752078354542947  6.76011867383984e-16     0.825582296251098  1.79333031538668e-13
-0.000141756416500203 -0.000323450411712696   -0.0512305771661188    -0.133697857061514    -0.371833779329579  1.34799344778038e-14  7.06350418654666e-14  3.60416268300389e-14  1.79333031538668e-13     0.651993582767552
POPULATION (lambda : 0.6): 7.03381645081065
TOTAL ENERGY: -127.126450494227	 lambda: 0.7
1RDM (lambda : 0.7): 
      1.9999988623888 -7.49054802988929e-08 -7.59577911067067e-05 -1.08105993777966e-05 -0.000333604069256018 -2.19315481983378e-17 -1.60379287441417e-16  2.38601425267064e-17  1.46048672515121e-16 -0.000165710348764084
-7.49054802988929e-08      1.99999926949682 -3.85114414378299e-05 -7.67038505851481e-05 -0.000376500137366468 -2.76196753364403e-17  -1.4809925058424e-16  2.07001088399218e-17  1.01718773577636e-16 -0.000351475047650306
