TOTAL ENERGY: -126.66507530718	 lambda: -1
1RDM (lambda : -1): 
     1.99999891346343 -5.35853725997348e-07 -0.000174846038394602 -3.64659034265495e-05  0.000627929747465143  1.78762812843116e-17  1.19119768918501e-17  8.88842722009041e-17 -1.03919579785512e-16  0.000934425124966014
-5.35853725997348e-07      1.99998602146905 -0.000428125253932804 -0.000759942648807441  0.000254571884809426  -2.5746423565847e-16 -3.75514551478099e-16  2.58417100880774e-16 -1.78958229351724e-16  0.000882518953069165
-0.000174846038394602 -0.000428125253932804      1.95087562563931   -0.0295537017006297     0.155635595383883  3.08203231259053e-14  4.54369716461732e-14  3.67559890314838e-13 -2.54238015977012e-13     0.222078905064774
-3.64659034265495e-05 -0.000759942648807441   -0.0295537017006297      1.95135924749393    0.0327896867368605  -4.2988743725954e-18 -2.62040665947149e-18  -2.4833924906599e-13   1.7181586239655e-13    0.0639946552249721
 0.000627929747465143  0.000254571884809426     0.155635595383883    0.0327896867368605      1.34632058211115 -2.01676050986813e-13  -2.9569519257813e-13  -2.6007025879149e-13  1.79713559685899e-13    -0.817632038227997
 1.78762812843116e-17  -2.5746423565847e-16  3.08203231259053e-14  -4.2988743725954e-18 -2.01676050986813e-13      1.83337052795394  4.44662063881425e-16  0.000284709940663303    0.0599416762506397  1.35836835561059e-13
 1.19119768918501e-17 -3.75514551478099e-16  4.54369716461732e-14 -2.62040665947149e-18  -2.9569519257813e-13  4.44662063881425e-16      1.83337052795377   -0.0599416762529142  0.000284709940660895  1.95644202049766e-13
 8.88842722009041e-17  2.58417100880774e-16  3.67559890314838e-13  -2.4833924906599e-13  -2.6007025879149e-13  0.000284709940663303   -0.0599416762529142     0.190440980770706 -3.87024049750065e-16  8.46771896547631e-13
-1.03919579785512e-16 -1.78958229351724e-16 -2.54238015977012e-13   1.7181586239655e-13  1.79713559685899e-13    0.0599416762506397  0.000284709940660895 -3.87024049750065e-16     0.190440980770538 -5.86098033327319e-13
 0.000934425124966014  0.000882518953069165     0.222078905064774    0.0639946552249721    -0.817632038227997  1.35836835561059e-13  1.95644202049766e-13  8.46771896547631e-13 -5.86098033327319e-13     0.703836592374118
POPULATION (lambda : -1): 5.28241458314471
TOTAL ENERGY: -126.783000735625	 lambda: -0.9
1RDM (lambda : -0.9): 
     1.99999900556983 -3.67564748554786e-07  -0.00014808657676095 -2.32339381177795e-05  0.000549611227642507  5.42203166718045e-17  6.43380898157105e-17 -9.51379036409695e-17   2.7925326983817e-17  0.000845615274240073
-3.67564748554786e-07       1.9999871330594 -0.000375782037762007 -0.000698614539600209  0.000192158513791251  3.14980925512871e-16   4.5848235497043e-16 -2.53262948692438e-16  1.76899853832435e-16   0.00076766199492516
 -0.00014808657676095 -0.000375782037762007      1.95640764344095   -0.0259724117115699     0.143250499553207 -1.32433958888461e-14 -1.86230011390313e-14 -3.77084757885863e-13  2.63491327065642e-13     0.209401914452055
-2.32339381177795e-05 -0.000698614539600209   -0.0259724117115699       1.9551005560194    0.0264148769626307 -6.67404552667132e-15  -9.5123087484403e-15  1.19729947479458e-13 -8.36497860135654e-14    0.0579473733038683
 0.000549611227642507  0.000192158513791251     0.143250499553207    0.0264148769626307      1.37561266455385  2.05184631032888e-13  2.95303775005487e-13  4.90365332690495e-13 -3.43259797669182e-13    -0.809526996425106
 5.42203166718045e-17  3.14980925512871e-16 -1.32433958888461e-14 -6.67404552667132e-15  2.05184631032888e-13      1.81444244218457 -4.76567922931664e-16  7.93023248418598e-05    0.0166959971916681 -2.39178665383484e-13
 6.43380898157105e-17   4.5848235497043e-16 -1.86230011390313e-14  -9.5123087484403e-15  2.95303775005487e-13 -4.76567922931664e-16      1.81444244218455   -0.0166959971940074  7.93023248374245e-05 -3.49195481310881e-13
-9.51379036409695e-17 -2.53262948692438e-16 -3.77084757885863e-13  1.19729947479458e-13  4.90365332690495e-13  7.93023248418598e-05   -0.0166959971940074     0.207739069491953 -5.21823763691918e-16 -1.16215000293182e-12
  2.7925326983817e-17  1.76899853832435e-16  2.63491327065642e-13 -8.36497860135654e-14 -3.43259797669182e-13    0.0166959971916681  7.93023248374245e-05 -5.21823763691918e-16     0.207739069491938  8.11656930819832e-13
 0.000845615274240073   0.00076766199492516     0.209401914452055    0.0579473733038683    -0.809526996425106 -2.39178665383484e-13 -3.49195481310881e-13 -1.16215000293182e-12  8.11656930819832e-13     0.668529974003598
POPULATION (lambda : -0.9): 5.40663402830415
TOTAL ENERGY: -126.895085283892	 lambda: -0.8
1RDM (lambda : -0.8): 
      1.9999990820938 -2.19907449304214e-07 -0.000122685214190087 -9.97418647192526e-06   0.00046689032158252 -3.21105261754947e-16 -4.73976955942198e-16 -9.06581271536128e-16  5.97022288722012e-16   0.00074473196313624
-2.19907449304214e-07      1.99998827633855 -0.000326557415021451 -0.000636084239331069   0.00013796293901411 -2.75455145158885e-15 -3.94585593444328e-15   2.2410974081329e-15 -1.58693836669786e-15  0.000650337685875868
-0.000122685214190087 -0.000326557415021451      1.96157435044339   -0.0223540969398285     0.131118738663988  1.20988655895858e-13  1.73071780928845e-13  3.48914484835529e-12 -2.46778900534266e-12     0.194949416300327
-9.97418647192526e-06 -0.000636084239331069   -0.0223540969398285      1.95896991230294    0.0196335216123141  1.62436138936029e-13  2.31397863071944e-13  6.03251062806409e-13 -4.27427475842328e-13    0.0495377302400907
  0.00046689032158252   0.00013796293901411     0.131118738663988    0.0196335216123141      1.40541817435425 -2.68469875559801e-12 -3.83595721433892e-12 -1.06843479025831e-11  7.55659089860375e-12    -0.789139494049324
-3.21105261754947e-16 -2.75455145158885e-15  1.20988655895858e-13  1.62436138936029e-13 -2.68469875559801e-12      1.79321177175879 -1.37990604248801e-15 -0.000108464998614745   -0.0228357724701503  2.48715191518805e-12
-4.73976955942198e-16 -3.94585593444328e-15  1.73071780928845e-13  2.31397863071944e-13 -3.83595721433892e-12 -1.37990604248801e-15      1.79321177175895    0.0228357724678211  -0.00010846499862029  3.54952834460298e-12
-9.06581271536128e-16   2.2410974081329e-15  3.48914484835529e-12  6.03251062806409e-13 -1.06843479025831e-11 -0.000108464998614745    0.0228357724678211     0.227331677008873 -5.51745681566415e-16  1.69566108247779e-11
 5.97022288722012e-16 -1.58693836669786e-15 -2.46778900534266e-12 -4.27427475842328e-13  7.55659089860375e-12   -0.0228357724701503  -0.00010846499862029 -5.51745681566415e-16     0.227331677009033  -1.1992513954937e-11
  0.00074473196313624  0.000650337685875868     0.194949416300327    0.0495377302400907    -0.789139494049324  2.48715191518805e-12  3.54952834460298e-12  1.69566108247779e-11  -1.1992513954937e-11     0.632963306931487
POPULATION (lambda : -0.8): 5.53854370238328
TOTAL ENERGY: -126.994375034367	 lambda: -0.7
1RDM (lambda : -0.7): 
     1.99999913744062 -9.93850095734139e-08 -9.99993254728671e-05  2.08568861546525e-06   0.00038732912327701  1.24502782632451e-16  1.64179503030223e-16  6.11809226993185e-16  -4.5734625112026e-16  0.000633010739387696
-9.93850095734139e-08      1.99998938551604 -0.000282649680591057 -0.000576240017168689  9.44532729373684e-05   6.1782649141618e-16  9.00546223401107e-16 -4.50040881461642e-16  3.14049773421155e-16   0.00053406867449446
-9.99993254728671e-05 -0.000282649680591057      1.96613845525555   -0.0190133632107724     0.120761261937388 -1.97655978335443e-15 -2.33219524129678e-15 -7.67019559844158e-13  5.34424229376622e-13     0.179098355398093
 2.08568861546525e-06 -0.000576240017168689   -0.0190133632107724      1.96265393823439    0.0136062377043511 -6.12035223930402e-14  -8.8665365245371e-14 -7.26506489367618e-13  5.05904931214306e-13    0.0393075764114017
  0.00038732912327701  9.44532729373684e-05     0.120761261937388    0.0136062377043511      1.42609747233788  7.03346144485614e-13  1.01915759132698e-12  4.31792074722212e-12 -3.00787444678969e-12    -0.761611266584286
 1.24502782632451e-16   6.1782649141618e-16 -1.97655978335443e-15 -6.12035223930402e-14  7.03346144485614e-13      1.76799126459988 -1.52061347434467e-15 -0.000281601261619387   -0.0592871771254705 -7.93687668452103e-13
 1.64179503030223e-16  9.00546223401107e-16 -2.33219524129678e-15  -8.8665365245371e-14  1.01915759132698e-12 -1.52061347434467e-15      1.76799126460006    0.0592871771233132 -0.000281601261624385 -1.15473024144682e-12
 6.11809226993185e-16 -4.50040881461642e-16 -7.67019559844158e-13 -7.26506489367618e-13  4.31792074722212e-12 -0.000281601261619387    0.0592871771233132     0.250862096595176 -6.10356025814572e-16 -5.73010363621832e-12
 -4.5734625112026e-16  3.14049773421155e-16  5.34424229376622e-13  5.05904931214306e-13 -3.00787444678969e-12   -0.0592871771254705 -0.000281601261624385 -6.10356025814572e-16     0.250862096595355  3.99017129788598e-12
 0.000633010739387696   0.00053406867449446     0.179098355398093    0.0393075764114017    -0.761611266584286 -7.93687668452103e-13 -1.15473024144682e-12 -5.73010363621832e-12  3.99017129788598e-12     0.607414888825109
POPULATION (lambda : -0.7): 5.67088832711679
TOTAL ENERGY: -127.076105621411	 lambda: -0.6
1RDM (lambda : -0.6): 
      1.9999991684102 -7.84262513385691e-09 -8.08060567764906e-05  1.20746128843745e-05  0.000315086108711704 -1.44530755724173e-15 -2.11523999791805e-15 -1.46971777461673e-14   1.0169711280553e-14  0.000516259616580732
-7.84262513385691e-09      1.99999039655777 -0.000244640279118036 -0.000522016216127385  5.83325209916893e-05  -5.5091730120617e-15 -8.03876745197365e-15  3.47742867987085e-15 -2.42905826211065e-15   0.00042311782539647
-8.08060567764906e-05 -0.000244640279118036      1.97008660285942   -0.0161436179995864     0.112601216790652 -2.88806189108382e-13 -4.21653585619317e-13  7.65687263810413e-12 -5.33004630474107e-12     0.162933703830348
 1.20746128843745e-05 -0.000522016216127385   -0.0161436179995864      1.96593968906388   0.00902064184632138  1.19311802625304e-12  1.73203796187869e-12  1.86029508126267e-11 -1.29495956912528e-11    0.0287941459302691
 0.000315086108711704  5.83325209916893e-05     0.112601216790652   0.00902064184632138      1.43332854639693 -9.56090355646535e-12 -1.38805483674524e-11 -8.60370035577574e-11  5.98830189248441e-11    -0.736236363734578
-1.44530755724173e-15  -5.5091730120617e-15 -2.88806189108382e-13  1.19311802625304e-12 -9.56090355646535e-12       1.7384394338572 -2.68628605681583e-15 -0.000448638980448767   -0.0944545394341811  1.18287687167832e-11
-2.11523999791805e-15 -8.03876745197365e-15 -4.21653585619317e-13  1.73203796187869e-12 -1.38805483674524e-11 -2.68628605681583e-15      1.73843943385766    0.0944545394319092 -0.000448638980454719  1.71727736562378e-11
-1.46971777461673e-14  3.47742867987085e-15  7.65687263810413e-12  1.86029508126267e-11 -8.60370035577574e-11 -0.000448638980448767    0.0944545394319092     0.278631640912076 -4.21967213145554e-16  9.85530640193674e-11
  1.0169711280553e-14 -2.42905826211065e-15 -5.33004630474107e-12 -1.29495956912528e-11  5.98830189248441e-11   -0.0944545394341811 -0.000448638980454719 -4.21967213145554e-16      0.27863164091253 -6.85893953670294e-11
 0.000516259616580732   0.00042311782539647     0.162933703830348    0.0287941459302691    -0.736236363734578  1.18287687167832e-11  1.71727736562378e-11  9.85530640193674e-11 -6.85893953670294e-11     0.596513447172388
POPULATION (lambda : -0.6): 5.79651350469019
TOTAL ENERGY: -127.14047643122	 lambda: -0.5
1RDM (lambda : -0.5): 
     1.99999917610837  5.82271141977639e-08 -6.49786748266459e-05  2.00025125108403e-05  0.000249178857871546  7.89117781618612e-16  1.13872885363694e-15  9.82380417770586e-15 -6.75982576436542e-15  0.000399292281220159
 5.82271141977639e-08      1.99999128966222 -0.000211005945648884  -0.00047330293123256  2.21405149993161e-05  7.62910780796318e-16  1.13887484523411e-15   1.8999661683265e-16 -1.26274116509902e-16  0.000317797081970878
-6.49786748266459e-05 -0.000211005945648884      1.97362335319932    -0.013689789953908     0.105860814690402  3.56679702847343e-13  5.27572585159907e-13 -2.00118126565002e-12  1.37515630980094e-12     0.147405674192415
 2.00025125108403e-05  -0.00047330293123256    -0.013689789953908      1.96886529159215   0.00569950465838367 -7.94832286568718e-13 -1.17104777792793e-12 -1.37077572055414e-11  9.41105127778679e-12    0.0195852958921933
 0.000249178857871546  2.21405149993161e-05     0.105860814690402   0.00569950465838367      1.42944477676539  4.10150473084154e-12  6.03660833293041e-12  5.65504378262739e-11 -3.88241466115607e-11    -0.721353603769895
 7.89117781618612e-16  7.62910780796318e-16  3.56679702847343e-13 -7.94832286568718e-13  4.10150473084154e-12      1.70466354401617  -3.2854611711997e-15 -0.000619766161091065    -0.130482515770136  -6.3213385472563e-12
 1.13872885363694e-15  1.13887484523411e-15  5.27572585159907e-13 -1.17104777792793e-12  6.03660833293041e-12  -3.2854611711997e-15      1.70466354401681     0.130482515767899 -0.000619766161096901 -9.30664314456752e-12
 9.82380417770586e-15   1.8999661683265e-16 -2.00118126565002e-12 -1.37077572055414e-11  5.65504378262739e-11 -0.000619766161091065     0.130482515767899     0.310489768702185 -2.13508419436893e-16 -5.85588460472943e-11
-6.75982576436542e-15 -1.26274116509902e-16  1.37515630980094e-12  9.41105127778679e-12 -3.88241466115607e-11    -0.130482515770136 -0.000619766161096901 -2.13508419436893e-16     0.310489768702812  4.02010500951233e-11
 0.000399292281220159  0.000317797081970878     0.147405674192415    0.0195852958921933    -0.721353603769895  -6.3213385472563e-12 -9.30664314456752e-12 -5.85588460472943e-11  4.02010500951233e-11      0.59776948723461
POPULATION (lambda : -0.5): 5.91343518534183
TOTAL ENERGY: -127.19092401619	 lambda: -0.4
1RDM (lambda : -0.4): 
     1.99999916374701  1.03256784186912e-07 -5.20084732931516e-05  2.65084623040098e-05  0.000186057637705961  1.29476267966225e-15   1.8930864118518e-15  1.49549187594691e-14 -1.02011861314484e-14   0.00028238573847451
 1.03256784186912e-07      1.99999209356758 -0.000179300023910155 -0.000427327551855173 -2.13266021982421e-05 -2.09861375837737e-15 -3.10350551576471e-15  3.18693971323427e-15 -2.16672489114142e-15   0.00021299069457414
-5.20084732931516e-05 -0.000179300023910155      1.97702387621946   -0.0114072268887676    0.0991263246358391  6.97980943824552e-13   1.0404806145808e-12  9.53407648396528e-14  -6.2532460583291e-14     0.132644498204099
 2.65084623040098e-05 -0.000427327551855173   -0.0114072268887676      1.97166013842345   0.00280194888902698 -1.29658109817124e-12 -1.92667635437373e-12 -2.30633857008274e-11  1.57081572435648e-11    0.0124703717508547
 0.000186057637705961 -2.13266021982421e-05    0.0991263246358391   0.00280194888902698      1.42120442646577  4.22634186624108e-12  6.27035738763464e-12   8.9757895584008e-11 -6.11335317198636e-11    -0.720007789530381
 1.29476267966225e-15 -2.09861375837737e-15  6.97980943824552e-13 -1.29658109817124e-12  4.22634186624108e-12      1.66614859298992 -3.50859763504628e-15 -0.000797964752197743    -0.168000250713815 -8.20918121117259e-12
  1.8930864118518e-15 -3.10350551576471e-15   1.0404806145808e-12 -1.92667635437373e-12  6.27035738763464e-12 -3.50859763504628e-15      1.66614859299043     0.168000250711959 -0.000797964752203224 -1.21755814633697e-11
 1.49549187594691e-14  3.18693971323427e-15  9.53407648396528e-14 -2.30633857008274e-11   8.9757895584008e-11 -0.000797964752197743     0.168000250711959     0.346930746653131 -9.89398565646169e-16 -8.67302713587662e-11
-1.02011861314484e-14 -2.16672489114142e-15  -6.2532460583291e-14  1.57081572435648e-11 -6.11335317198636e-11    -0.168000250713815 -0.000797964752203224 -9.89398565646169e-16     0.346930746653641  5.90732561545253e-11
  0.00028238573847451   0.00021299069457414     0.132644498204099    0.0124703717508547    -0.720007789530381 -8.20918121117259e-12 -1.21755814633697e-11 -8.67302713587662e-11  5.90732561545253e-11     0.603961622289605
POPULATION (lambda : -0.4): 6.02551133628975
TOTAL ENERGY: -127.230854719534	 lambda: -0.3
1RDM (lambda : -0.3): 
     1.99999913338932  1.28283489970343e-07 -4.17517646195457e-05  3.22780293892413e-05  0.000123701191572345  2.22969417446365e-15  3.28551489091613e-15  1.69753934125543e-14 -1.15491036550746e-14    0.0001619392403745
 1.28283489970343e-07      1.99999286269199 -0.000147756253974891 -0.000380439439317529 -7.49351949066619e-05 -5.34418167339187e-15 -7.95776213100631e-15  6.39712921448332e-15 -4.34220564704936e-15   0.00010011112772308
-4.17517646195457e-05 -0.000147756253974891      1.98045980810913  -0.00900834374603717    0.0910899139813794  8.67900094046899e-13  1.29889307138548e-12  3.03932551042747e-12 -2.06012530848656e-12     0.117813658679157
 3.22780293892413e-05 -0.000380439439317529  -0.00900834374603717      1.97457576239916 -0.000757988404066092 -1.58780265966031e-12 -2.36669200300513e-12 -2.91441677034352e-11  1.97874710689292e-11   0.00713401516284443
 0.000123701191572345 -7.49351949066619e-05    0.0910899139813794 -0.000757988404066092      1.41678945631334  3.55597647319272e-12  5.28777695657256e-12  1.08610164197363e-10 -7.37439805402828e-11    -0.728380108923996
 2.22969417446365e-15 -5.34418167339187e-15  8.67900094046899e-13 -1.58780265966031e-12  3.55597647319272e-12      1.62177834628216 -3.98320949184303e-15 -0.000973244389480164     -0.20490277680194 -8.45321030427808e-12
 3.28551489091613e-15 -7.95776213100631e-15  1.29889307138548e-12 -2.36669200300513e-12  5.28777695657256e-12 -3.98320949184303e-15      1.62177834628289     0.204902776800119 -0.000973244389484671 -1.25621346717095e-11
 1.69753934125543e-14  6.39712921448332e-15  3.03932551042747e-12 -2.91441677034352e-11  1.08610164197363e-10 -0.000973244389480164     0.204902776800119     0.389111217979677  -5.2069464809513e-16  -1.0130763223154e-10
-1.15491036550746e-14 -4.34220564704936e-15 -2.06012530848656e-12  1.97874710689292e-11 -7.37439805402828e-11     -0.20490277680194 -0.000973244389484671  -5.2069464809513e-16     0.389111217980397  6.87950151940192e-11
   0.0001619392403745   0.00010011112772308     0.117813658679157   0.00713401516284443    -0.728380108923996 -8.45321030427808e-12 -1.25621346717095e-11  -1.0130763223154e-10  6.87950151940192e-11     0.606403848571939
POPULATION (lambda : -0.3): 6.13973789110745
TOTAL ENERGY: -127.261464836639	 lambda: -0.2
1RDM (lambda : -0.2): 
     1.99999908453532  1.29901604506863e-07 -3.48236609495035e-05  3.75577155316333e-05  6.46177471243326e-05  7.28372131651665e-15  1.08124803022814e-14  3.18912911584995e-14 -2.16716135909805e-14  3.40083167629007e-05
 1.29901604506863e-07      1.99999364902768  -0.00011646761065622 -0.000330019594123923 -0.000134358591017947 -1.36759164991161e-14 -2.04204842357176e-14  1.57274544039386e-14 -1.06674833134883e-14 -2.88668482326015e-05
-3.48236609495035e-05  -0.00011646761065622      1.98386108924064  -0.00631290562724076    0.0812757745817513  1.44770862780273e-12  2.17370913373876e-12  1.07814761956608e-11 -7.30174251748478e-12     0.101464568410249
 3.75577155316333e-05 -0.000330019594123923  -0.00631290562724076      1.97773714538219  -0.00593311313286521 -3.04131343732687e-12 -4.53521943663675e-12 -5.99972549688496e-11  4.06755560015214e-11   0.00228999409357896
 6.46177471243326e-05 -0.000134358591017947    0.0812757745817513  -0.00593311313286521      1.42276384437793  6.25550632992968e-12   9.2902500140993e-12  2.13044987065565e-10 -1.44444517339189e-10    -0.736617937928374
 7.28372131651665e-15 -1.36759164991161e-14  1.44770862780273e-12 -3.04131343732687e-12  6.25550632992968e-12      1.57072054508347  -2.7183437809062e-15  -0.00112383923323884    -0.236608324079143 -1.54970722727955e-11
 1.08124803022814e-14 -2.04204842357176e-14  2.17370913373876e-12 -4.53521943663675e-12   9.2902500140993e-12  -2.7183437809062e-15      1.57072054508453     0.236608324077344  -0.00112383923324034 -2.30194364945366e-11
 3.18912911584995e-14  1.57274544039386e-14  1.07814761956608e-11 -5.99972549688496e-11  2.13044987065565e-10  -0.00112383923323884     0.236608324077344     0.437980849722627  2.31213591838252e-15 -1.98163577700872e-10
-2.16716135909805e-14 -1.06674833134883e-14 -7.30174251748478e-12  4.06755560015214e-11 -1.44444517339189e-10    -0.236608324079143  -0.00112383923324034  2.31213591838252e-15     0.437980849723683  1.34392662683472e-10
 3.40083167629007e-05 -2.88668482326015e-05     0.101464568410249   0.00228999409357896    -0.736617937928374 -1.54970722727955e-11 -2.30194364945366e-11 -1.98163577700872e-10  1.34392662683472e-10      0.59824239782194
POPULATION (lambda : -0.2): 6.26253417173154
TOTAL ENERGY: -127.281350683688	 lambda: -0.1
1RDM (lambda : -0.1): 
     1.99999901543122  1.03289768135553e-07 -3.23274070514062e-05  4.19133944780669e-05  1.59680170385452e-05  2.16048429391716e-16  1.15552161930444e-16  2.52177202158411e-16 -3.96831300222909e-16 -0.000100978109627271
 1.03289768135553e-07      1.99999447395931 -8.77777081725832e-05 -0.000276273870563199 -0.000187653044361246 -2.53914050263951e-16 -1.74883648451212e-16  1.51261679042561e-16 -2.12045059732986e-16 -0.000175765974694041
-3.23274070514062e-05 -8.77777081725832e-05      1.98688227409726  -0.00338815232910267    0.0705433786987587  1.67624199048972e-14  1.23070217323459e-14  1.23395878793256e-13 -1.82832379175338e-13    0.0823767676498315
 4.19133944780669e-05 -0.000276273870563199  -0.00338815232910267      1.98105164296059   -0.0130848577988634 -5.08315749263117e-14 -3.49889992302999e-14 -4.91429933241284e-13  7.40638732822018e-13  -0.00377806962767915
 1.59680170385452e-05 -0.000187653044361246    0.0705433786987587   -0.0130848577988634      1.44069048056958  1.23694089092617e-13  7.43545926882419e-14  1.58726140605269e-12 -2.43593310044678e-12    -0.732393672913496
 2.16048429391716e-16 -2.53914050263951e-16  1.67624199048972e-14 -5.08315749263117e-14  1.23694089092617e-13      1.51367263193151 -2.41327477503362e-15  -0.00122508230272448    -0.257923746117811 -3.13550461574833e-13
 1.15552161930444e-16 -1.74883648451212e-16  1.23070217323459e-14 -3.49889992302999e-14  7.43545926882419e-14 -2.41327477503362e-15      1.51367263193226     0.257923746116418  -0.00122508230272675 -2.32479992204636e-13
 2.52177202158411e-16  1.51261679042561e-16  1.23395878793256e-13 -4.91429933241284e-13  1.58726140605269e-12  -0.00122508230272448     0.257923746116418     0.493011752049849  1.10015745739625e-15 -1.52984509071145e-12
-3.96831300222909e-16 -2.12045059732986e-16 -1.82832379175338e-13  7.40638732822018e-13 -2.43593310044678e-12    -0.257923746117811  -0.00122508230272675  1.10015745739625e-15     0.493011752050594  2.32975775146568e-12
-0.000100978109627271 -0.000175765974694041    0.0823767676498315  -0.00377806962767915    -0.732393672913496 -3.13550461574833e-13 -2.32479992204636e-13 -1.52984509071145e-12  2.32975775146568e-12     0.578013345017849
POPULATION (lambda : -0.1): 6.39558997302591
TOTAL ENERGY: -127.288219364819	 lambda: 0
1RDM (lambda : 0): 
     1.99999892565039  4.85474495963509e-08 -3.49002661143614e-05  4.44596367364476e-05 -1.47782997639881e-05 -1.64962472736611e-17 -5.91154682155521e-17 -2.98526129397326e-17  9.89296861519928e-18 -0.000235226765017431
 4.85474495963509e-08      1.99999530697696 -6.52397403578572e-05 -0.000223182479465289  -0.00022060852365293  5.98760679601995e-18  4.88837079339461e-18  6.34935021239001e-18 -2.94271911091631e-18 -0.000331710728807017
-3.49002661143614e-05 -6.52397403578572e-05      1.98908103452532 -0.000601889695563851    0.0607457664803264  6.11161385155969e-19  1.79680072854228e-16 -1.51290141904812e-14  1.27745516396569e-14    0.0606250094981191
 4.44596367364476e-05 -0.000223182479465289 -0.000601889695563851      1.98421015019879   -0.0214769786688245  1.61337034877138e-15  1.58174106454187e-15  6.26480157861661e-14 -5.04043014775372e-14   -0.0122274413567944
-1.47782997639881e-05  -0.00022060852365293    0.0607457664803264   -0.0214769786688245      1.46569633982589 -2.01123872975785e-14 -2.71276264337052e-14 -2.42185577138654e-13  1.87923728864357e-13     -0.70756482275758
-1.64962472736611e-17  5.98760679601995e-18  6.11161385155969e-19  1.61337034877138e-15 -2.01123872975785e-14       1.4540874249289 -4.27570236030541e-15  -0.00126414739800715    -0.266148437719882 -3.85305700577388e-15
-5.91154682155521e-17  4.88837079339461e-18  1.79680072854228e-16  1.58174106454187e-15 -2.71276264337052e-14 -4.27570236030541e-15      1.45408742493015     0.266148437718508  -0.00126414739800949  -1.2536390391037e-14
-2.98526129397326e-17  6.34935021239001e-18 -1.51290141904812e-14  6.26480157861661e-14 -2.42185577138654e-13  -0.00126414739800715     0.266148437718508     0.550913262407236  1.63716018003212e-15  2.14003786077209e-13
 9.89296861519928e-18 -2.94271911091631e-18  1.27745516396569e-14 -5.04043014775372e-14  1.87923728864357e-13    -0.266148437719882  -0.00126414739800949  1.63716018003212e-15     0.550913262408474 -1.69200692524352e-13
-0.000235226765017431 -0.000331710728807017    0.0606250094981191   -0.0122274413567944     -0.70756482275758 -3.85305700577388e-15  -1.2536390391037e-14  2.14003786077209e-13 -1.69200692524352e-13     0.551016868147905
POPULATION (lambda : 0): 6.53272646881401
TOTAL ENERGY: -127.28186527663	 lambda: 0.1
1RDM (lambda : 0.1): 
     1.99999881621495  -2.5094240223964e-08 -4.18520941719567e-05  4.46592656543497e-05 -2.65014164015321e-05 -9.00669615837607e-19 -4.58441169335483e-17 -1.25153587418576e-18 -1.27994001195138e-17 -0.000356791661182169
 -2.5094240223964e-08      1.99999607653425 -5.11814136281329e-05 -0.000176784464050419  -0.00022709457078048 -1.10369856416403e-17 -1.70763531869571e-17  1.93906290594376e-17 -1.37631531524817e-17 -0.000480370810450161
-4.18520941719567e-05 -5.11814136281329e-05      1.99024920260225   0.00155800670566932    0.0533445230889976 -4.15510550762493e-16 -4.90062736104303e-16  8.31346868056242e-16  -4.9787560269125e-16    0.0378774087959356
 4.46592656543497e-05 -0.000176784464050419   0.00155800670566932      1.98684885309984   -0.0293587371069121 -1.46910530807793e-15 -2.27918953365519e-15  1.00566568961202e-14 -6.82946672126232e-15   -0.0227781372593225
-2.65014164015321e-05  -0.00022709457078048    0.0533445230889976   -0.0293587371069121      1.49032244304173 -8.97152397439617e-15 -1.33111998899132e-14 -7.47476728041435e-14  4.99690716559838e-14    -0.664015791119633
-9.00669615837607e-19 -1.10369856416403e-17 -4.15510550762493e-16 -1.46910530807793e-15 -8.97152397439617e-15      1.39796042571026 -1.31851529713503e-15  -0.00125119848969399    -0.263422234834962  -2.1823646887731e-14
-4.58441169335483e-17 -1.70763531869571e-17 -4.90062736104303e-16 -2.27918953365519e-15 -1.33111998899132e-14 -1.31851529713503e-15      1.39796042571131     0.263422234833887  -0.00125119848969546 -3.38420010383126e-14
-1.25153587418576e-18  1.93906290594376e-17  8.31346868056242e-16  1.00566568961202e-14 -7.47476728041435e-14  -0.00125119848969399     0.263422234833887     0.605777250032048  3.64643209831327e-15  4.94450318222628e-14
-1.27994001195138e-17 -1.37631531524817e-17  -4.9787560269125e-16 -6.82946672126232e-15  4.99690716559838e-14    -0.263422234834962  -0.00125119848969546  3.64643209831327e-15     0.605777250033088 -3.35107372480222e-14
-0.000356791661182169 -0.000480370810450161    0.0378774087959356   -0.0227781372593225    -0.664015791119633  -2.1823646887731e-14 -3.38420010383126e-14  4.94450318222628e-14 -3.35107372480222e-14      0.52510925702032
POPULATION (lambda : 0.1): 6.66209946087354
TOTAL ENERGY: -127.265222488206	 lambda: 0.2
1RDM (lambda : 0.2): 
     1.99999868571123   -1.036543104926e-07 -5.15290615853489e-05  4.29883136485002e-05 -2.61552142395169e-05  1.43177996786948e-19 -4.84938818214539e-17  2.57576885106157e-18 -1.47323967669461e-17   -0.0004577216285004
  -1.036543104926e-07       1.9999967173241 -4.50950558210018e-05 -0.000141305160180122 -0.000213871251976079 -1.56283820988123e-17 -2.38964784414589e-17  1.95984225614936e-17 -1.38601486373523e-17 -0.000609129365415935
-5.15290615853489e-05 -4.50950558210018e-05      1.99055700520093   0.00280784476286473    0.0482948270741569 -1.08116922117694e-15 -1.47927709329796e-15  3.50756563863236e-15 -2.25582425704335e-15    0.0162568842110168
 4.29883136485002e-05 -0.000141305160180122   0.00280784476286473      1.98878626694075   -0.0349762246791734 -2.16173954643986e-15 -3.33520104860198e-15  3.31522741679397e-15 -2.45372727241743e-15   -0.0339330394684633
-2.61552142395169e-05 -0.000213871251976079    0.0482948270741569   -0.0349762246791734      1.51089698661144 -6.50381490981681e-15 -9.48413720271647e-15 -5.30771331853604e-14  3.58426060770336e-14    -0.611862324626434
 1.43177996786948e-19 -1.56283820988123e-17 -1.08116922117694e-15 -2.16173954643986e-15 -6.50381490981681e-15      1.35113484488349 -2.90707369341059e-15   -0.0012139125043242    -0.255572220196487 -2.33896396969406e-14
-4.84938818214539e-17 -2.38964784414589e-17 -1.47927709329796e-15 -3.33520104860198e-15 -9.48413720271647e-15 -2.90707369341059e-15      1.35113484488437     0.255572220195556  -0.00121391250432593 -3.60955575164866e-14
 2.57576885106157e-18  1.95984225614936e-17  3.50756563863236e-15  3.31522741679397e-15 -5.30771331853604e-14   -0.0012139125043242     0.255572220195556     0.651746075225846  1.21807953655605e-15  2.62977381545271e-14
-1.47323967669461e-17 -1.38601486373523e-17 -2.25582425704335e-15 -2.45372727241743e-15  3.58426060770336e-14    -0.255572220196487  -0.00121391250432593  1.21807953655605e-15     0.651746075226721 -1.82707591513417e-14
  -0.0004577216285004 -0.000609129365415935    0.0162568842110168   -0.0339330394684633    -0.611862324626434 -2.33896396969406e-14 -3.60955575164866e-14  2.62977381545271e-14 -1.82707591513417e-14     0.504002497991152
POPULATION (lambda : 0.2): 6.77414667361419
TOTAL ENERGY: -127.242111772589	 lambda: 0.3
1RDM (lambda : 0.3): 
     1.99999852632116 -1.77025452493753e-07 -6.25557918421356e-05  4.07302118566786e-05 -2.35784955904638e-05 -1.14010713028113e-18 -5.36567175971833e-17  2.00424709623047e-18 -1.39713956280932e-17 -0.000538282447857244
-1.77025452493753e-07      1.99999720584008 -4.45954285027071e-05 -0.000117152967226497 -0.000194029417643448 -1.85562620812574e-17 -2.81587173692654e-17  1.80303852858039e-17 -1.27579075589201e-17 -0.000716359207123511
-6.25557918421356e-05 -4.45954285027071e-05      1.99035930175048   0.00319288137078735    0.0443992925445551 -1.63877522874471e-15 -2.30535263900586e-15  3.52386933627588e-15 -2.27606040866931e-15  -0.00303906401961327
 4.07302118566786e-05 -0.000117152967226497   0.00319288137078735      1.99009024121226   -0.0374895378960618 -2.50249007641443e-15  -3.8488813567398e-15  3.48375028322219e-15 -2.57612912132994e-15   -0.0440671550647248
-2.35784955904638e-05 -0.000194029417643448    0.0443992925445551   -0.0374895378960618      1.52935875854982 -5.41183372417992e-15 -7.79098280774857e-15 -5.22544725561171e-14  3.52972236396385e-14    -0.561580848273416
-1.14010713028113e-18 -1.85562620812574e-17 -1.63877522874471e-15 -2.50249007641443e-15 -5.41183372417992e-15      1.31663183549879 -2.49474539566573e-15  -0.00118058378666319    -0.248555224071723 -2.29483067531621e-14
-5.36567175971833e-17 -2.81587173692654e-17 -2.30535263900586e-15  -3.8488813567398e-15 -7.79098280774857e-15 -2.49474539566573e-15      1.31663183549955      0.24855522407084  -0.00118058378666433  -3.5270618356709e-14
 2.00424709623047e-18  1.80303852858039e-17  3.52386933627588e-15  3.48375028322219e-15 -5.22544725561171e-14  -0.00118058378666319      0.24855522407084     0.685719385967936  1.10911633223513e-15  2.35536510764581e-14
-1.39713956280932e-17 -1.27579075589201e-17 -2.27606040866931e-15 -2.57612912132994e-15  3.52972236396385e-14    -0.248555224071723  -0.00118058378666433  1.10911633223513e-15       0.6857193859687 -1.63327084170214e-14
-0.000538282447857244 -0.000716359207123511  -0.00303906401961327   -0.0440671550647248    -0.561580848273416 -2.29483067531621e-14  -3.5270618356709e-14  2.35536510764581e-14 -1.63327084170214e-14     0.485493523391269
POPULATION (lambda : 0.3): 6.86717023627274
TOTAL ENERGY: -127.214582512572	 lambda: 0.4
1RDM (lambda : 0.4): 
     1.99999832260534 -2.42551031805104e-07 -7.45989096191963e-05  3.93722222604954e-05 -2.63634015993525e-05 -2.15477824948015e-18  -5.7184670105297e-17  2.26636941153131e-18 -1.37438505971041e-17 -0.000604384223780334
-2.42551031805104e-07      1.99999755428841 -4.73307589771015e-05 -0.000102160878433169 -0.000178410549728518 -2.11984553701714e-17 -3.20158184531574e-17  1.68499330681747e-17 -1.19009939601973e-17 -0.000808978297560327
-7.45989096191963e-05 -4.73307589771015e-05      1.98994553991569   0.00295464288939845    0.0403118389962017 -2.12573456554673e-15 -3.02924111054903e-15   3.8746391801088e-15 -2.51905920795392e-15   -0.0200221615246275
 3.93722222604954e-05 -0.000102160878433169   0.00295464288939845      1.99094840527555   -0.0369536348713611 -2.80681169566423e-15 -4.30351001371623e-15  3.04104018509175e-15 -2.28756787555718e-15   -0.0521282344442287
-2.63634015993525e-05 -0.000178410549728518    0.0403118389962017   -0.0369536348713611      1.55036640876485 -4.22040425494224e-15 -5.97045374480124e-15 -5.12573317884138e-14  3.46145880533749e-14    -0.518820785888418
-2.15477824948015e-18 -2.11984553701714e-17 -2.12573456554673e-15 -2.80681169566423e-15 -4.22040425494224e-15      1.29460930323749 -2.59136087767408e-15  -0.00117018338634047    -0.246365652500487 -2.30702875948566e-14
 -5.7184670105297e-17 -3.20158184531574e-17 -3.02924111054903e-15 -4.30351001371623e-15 -5.97045374480124e-15 -2.59136087767408e-15      1.29460930323829     0.246365652499711  -0.00117018338634168 -3.53228555452195e-14
 2.26636941153131e-18  1.68499330681747e-17   3.8746391801088e-15  3.04104018509175e-15 -5.12573317884138e-14  -0.00117018338634047     0.246365652499711     0.707453244927347  1.20448976975775e-15  2.00477670917187e-14
-1.37438505971041e-17 -1.19009939601973e-17 -2.51905920795392e-15 -2.28756787555718e-15  3.46145880533749e-14    -0.246365652500487  -0.00117018338634168  1.20448976975775e-15     0.707453244928137 -1.38824130149523e-14
-0.000604384223780334 -0.000808978297560327   -0.0200221615246275   -0.0521282344442287    -0.518820785888418 -2.30702875948566e-14 -3.53228555452195e-14  2.00477670917187e-14 -1.38824130149523e-14     0.464618672818925
POPULATION (lambda : 0.4): 6.94607444407177
TOTAL ENERGY: -127.181931362857	 lambda: 0.5
1RDM (lambda : 0.5): 
      1.9999980512704 -3.03449790068458e-07 -8.84008291449848e-05  4.03302753072958e-05 -3.87512789587755e-05 -3.86826078809403e-18 -6.05713679339137e-17  2.67861119727983e-18 -1.34272699921102e-17 -0.000663698401673953
-3.03449790068458e-07       1.9999977874323 -5.19475773694963e-05 -9.35249905016859e-05 -0.000172651237715465 -2.35717878022705e-17 -3.55013182793722e-17   1.6195413033162e-17 -1.13874754759072e-17 -0.000896935996335004
-8.84008291449848e-05 -5.19475773694963e-05      1.98944356734517   0.00237797948364725    0.0350824344457736 -2.58451685283872e-15 -3.71565558429693e-15  3.86839970719771e-15 -2.51667244010472e-15   -0.0354518332496027
 4.03302753072958e-05 -9.35249905016859e-05   0.00237797948364725       1.9915267158437   -0.0338597410551856 -2.93409066496101e-15 -4.49198403907531e-15  3.27484840270703e-15 -2.46386878525403e-15   -0.0576058393111187
-3.87512789587755e-05 -0.000172651237715465    0.0350824344457736   -0.0338597410551856      1.57844602266284 -3.17189755142435e-15 -4.36835639434388e-15 -5.33277490367066e-14   3.5991748430659e-14    -0.484322526873965
-3.86826078809403e-18 -2.35717878022705e-17 -2.58451685283872e-15 -2.93409066496101e-15 -3.17189755142435e-15      1.28381922854818 -1.85102423438937e-15  -0.00119335620410676    -0.251244433432695 -2.34086888462676e-14
-6.05713679339137e-17 -3.55013182793722e-17 -3.71565558429693e-15 -4.49198403907531e-15 -4.36835639434388e-15 -1.85102423438937e-15      1.28381922854882     0.251244433431936  -0.00119335620410815 -3.57354599240721e-14
 2.67861119727983e-18   1.6195413033162e-17  3.86839970719771e-15  3.27484840270703e-15 -5.33277490367066e-14  -0.00119335620410676     0.251244433431936     0.718135506664455  1.19557126644846e-15  1.86031151855385e-14
-1.34272699921102e-17 -1.13874754759072e-17 -2.51667244010472e-15 -2.46386878525403e-15   3.5991748430659e-14    -0.251244433432695  -0.00119335620410815  1.19557126644846e-15     0.718135506665098 -1.28391007606911e-14
-0.000663698401673953 -0.000896935996335004   -0.0354518332496027   -0.0576058393111187    -0.484322526873965 -2.34086888462676e-14 -3.57354599240721e-14  1.86031151855385e-14 -1.28391007606911e-14     0.436678385019046
POPULATION (lambda : 0.5): 7.01867112264502
TOTAL ENERGY: -127.140753887466	 lambda: 0.6
1RDM (lambda : 0.6): 
     1.99999768081611 -3.66729868044705e-07 -0.000105636106278812  4.50030085878222e-05 -6.24833163977932e-05 -5.70726560987431e-18 -6.30815861247313e-17  4.46262200853177e-18 -1.37442824277283e-17 -0.000723916208698046
-3.66729868044705e-07      1.99999792741296 -5.81678519011151e-05  -8.8755188713599e-05 -0.000177860008008955 -2.62062757007165e-17 -3.94064417208331e-17  1.62658336598811e-17 -1.13491331728876e-17  -0.00098989877592815
-0.000105636106278812 -5.81678519011151e-05      1.98882182020215   0.00173709978339531    0.0282509647538329 -3.03789745077739e-15 -4.39987709233252e-15  4.26694214481234e-15 -2.79017891027906e-15   -0.0504130310646146
 4.50030085878222e-05  -8.8755188713599e-05   0.00173709978339531      1.99190477480207     -0.02887077000467 -3.01046750947251e-15 -4.60020220295195e-15  3.00120176810603e-15 -2.29811745570233e-15   -0.0602742550307116
-6.24833163977932e-05 -0.000177860008008955    0.0282509647538329     -0.02887077000467      1.61670943117658 -1.82240979705424e-15 -2.32766695975544e-15 -5.56145628805914e-14  3.74748460166307e-14    -0.455524861671527
-5.70726560987431e-18 -2.62062757007165e-17 -3.03789745077739e-15 -3.01046750947251e-15 -1.82240979705424e-15      1.28262260332073 -2.05412042578541e-15  -0.00125653811826988    -0.264546369794701 -2.44490470688156e-14
-6.30815861247313e-17 -3.94064417208331e-17 -4.39987709233252e-15 -4.60020220295195e-15 -2.32766695975544e-15 -2.05412042578541e-15      1.28262260332151     0.264546369793969  -0.00125653811827297 -3.72191604196188e-14
 4.46262200853177e-18  1.62658336598811e-17  4.26694214481234e-15  3.00120176810603e-15 -5.56145628805914e-14  -0.00125653811826988     0.264546369793969      0.71937730715838  1.60622048765961e-15  1.61983183704016e-14
-1.37442824277283e-17 -1.13491331728876e-17 -2.79017891027906e-15 -2.29811745570233e-15  3.74748460166307e-14    -0.264546369794701  -0.00125653811827297  1.60622048765961e-15      0.71937730715916 -1.11354813666881e-14
-0.000723916208698046  -0.00098989877592815   -0.0504130310646146   -0.0602742550307116    -0.455524861671527 -2.44490470688156e-14 -3.72191604196188e-14  1.61983183704016e-14 -1.11354813666881e-14     0.398568544630383
POPULATION (lambda : 0.6): 7.09344232260139
TOTAL ENERGY: -127.085324876393	 lambda: 0.7
1RDM (lambda : 0.7): 
     1.99999717403202 -4.42284087408527e-07 -0.000128801337366599     5.47920332987e-05 -9.71751225984928e-05 -8.05940915017319e-18 -6.54468842994787e-17  7.32673049573812e-18 -1.44004482116167e-17  -0.00079245051610189
-4.42284087408527e-07      1.99999798952942 -6.66118292321291e-05 -8.58398422948637e-05 -0.000191400499892991  -2.9259029749458e-17 -4.39668450092155e-17  1.68347771593854e-17 -1.16212618997422e-17  -0.00109557346399748
