TOTAL ENERGY: -126.636266647403	 lambda: -1
1RDM (lambda : -1): 
     1.99999929459759 -2.16598808422818e-07 -0.000124251551948787 -2.79713257154938e-05   0.00059340935399151 -1.04593166511356e-15 -1.38780548644122e-16 -3.78940687421095e-16 -3.16121930840901e-16 -0.000645058972232534
-2.16598808422818e-07      1.99998664974434 -0.000384867625260763 -0.000751957356261397  0.000163605459298149 -2.01598257712874e-15 -1.94515106102929e-16 -1.48647129620645e-16  4.66690593971741e-17 -0.000527088540382419
-0.000124251551948787 -0.000384867625260763      1.95755875415067   -0.0296399868296776     0.168331387983014 -2.15918511209864e-13 -5.03015784971968e-14 -4.04859203185113e-14 -1.78282266308356e-12    -0.179349550028543
-2.79713257154938e-05 -0.000751957356261397   -0.0296399868296776      1.95063068259049    0.0428238945339774  1.26334935112757e-13 -1.50906598754322e-14 -1.94164260453452e-14  2.20717668385055e-12   -0.0594460907800397
  0.00059340935399151  0.000163605459298149     0.168331387983014    0.0428238945339774      1.09026577220803 -2.72051302164097e-13  3.03444319628791e-13 -3.98070449698994e-13 -4.44086368673973e-12      0.87077211622407
-1.04593166511356e-15 -2.01598257712874e-15 -2.15918511209864e-13  1.26334935112757e-13 -2.72051302164097e-13      1.76085182368881  1.31659590928675e-15  4.78199665346416e-15    -0.184433490589903 -1.60455261673401e-12
-1.38780548644122e-16 -1.94515106102929e-16 -5.03015784971968e-14 -1.50906598754322e-14  3.03444319628791e-13  1.31659590928675e-15      1.77716685746489    0.0963984666440653   3.7890239949751e-15 -2.20673462304574e-13
-3.78940687421095e-16 -1.48647129620645e-16 -4.04859203185113e-14 -1.94164260453452e-14 -3.98070449698994e-13  4.78199665346416e-15    0.0963984666440653     0.245498059144255 -1.44035463917381e-15 -4.56168786714306e-13
-3.16121930840901e-16  4.66690593971741e-17 -1.78282266308356e-12  2.20717668385055e-12 -4.44086368673973e-12    -0.184433490589903   3.7890239949751e-15 -1.44035463917381e-15     0.261813092910287 -1.57550515642898e-12
-0.000645058972232534 -0.000527088540382419    -0.179349550028543   -0.0594460907800397      0.87077211622407 -1.60455261673401e-12 -2.20673462304574e-13 -4.56168786714306e-13 -1.57550515642898e-12     0.956229013500688
POPULATION (lambda : -1): 5.31299307394865
TOTAL ENERGY: -126.763362229559	 lambda: -0.9
1RDM (lambda : -0.9): 
     1.99999934108841 -1.11065784778581e-07 -0.000105466587431189 -1.68987505308534e-05   0.00051800381660528  -3.9557131403606e-16 -1.24793825183546e-16 -3.29495028959354e-16 -9.38147857786943e-16 -0.000593321037963649
-1.11065784778581e-07      1.99998780926226 -0.000337253541455727 -0.000685351248141335  0.000106244844586832  2.31122808441023e-16 -1.66880210121164e-16 -1.12011917470815e-16  3.26862922774753e-16 -0.000441810381232361
-0.000105466587431189 -0.000337253541455727        1.962353422011   -0.0258395507404876     0.154084051035355 -9.64806664693022e-14 -4.69353412161771e-14 -3.22718304760113e-14  6.69254180613331e-13    -0.170594976321934
-1.68987505308534e-05 -0.000685351248141335   -0.0258395507404876      1.95489515411783    0.0338736251308421 -8.61858069661932e-14 -1.35241013276131e-14 -1.40349868994611e-14 -7.72838631134057e-13   -0.0543875539615869
  0.00051800381660528  0.000106244844586832     0.154084051035355    0.0338736251308421      1.14023124572438  8.35485750770648e-13  2.87280692184328e-13 -4.12292696554261e-13 -4.22477434018673e-13     0.864572450441014
 -3.9557131403606e-16  2.31122808441023e-16 -9.64806664693022e-14 -8.61858069661932e-14  8.35485750770648e-13      1.73137355432129  9.41584518349267e-16   5.3204445250777e-15    -0.216494732847865 -5.64308137509756e-13
-1.24793825183546e-16 -1.66880210121164e-16 -4.69353412161771e-14 -1.35241013276131e-14  2.87280692184328e-13  9.41584518349267e-16      1.76108260609636    0.0561863242984215  1.85691384391674e-15 -2.33957075391096e-13
-3.29495028959354e-16 -1.12011917470815e-16 -3.22718304760113e-14 -1.40349868994611e-14 -4.12292696554261e-13   5.3204445250777e-15    0.0561863242984215     0.260001602538642 -1.54592258841331e-15  -4.4089640255502e-13
-9.38147857786943e-16  3.26862922774753e-16  6.69254180613331e-13 -7.72838631134057e-13 -4.22477434018673e-13    -0.216494732847865  1.85691384391674e-15 -1.54592258841331e-15     0.289710654302258 -1.41847224786831e-12
-0.000593321037963649 -0.000441810381232361    -0.170594976321934   -0.0543875539615869     0.864572450441014 -5.64308137509756e-13 -2.33957075391096e-13  -4.4089640255502e-13 -1.41847224786831e-12     0.900364610537598
POPULATION (lambda : -0.9): 5.44693101010107
TOTAL ENERGY: -126.886130845648	 lambda: -0.8
1RDM (lambda : -0.8): 
     1.99999938197012 -2.17510406100686e-08 -8.72526274387486e-05 -5.57437539063137e-06  0.000438025626286684  3.01657637660223e-15 -1.03858941208769e-16 -2.76734994725681e-16 -8.16643872664156e-15 -0.000524618423356633
-2.17510406100686e-08      1.99998904029905 -0.000292543007016726 -0.000616417547909145   6.3945730092032e-05  2.15803444257466e-14 -1.33503526752349e-16 -8.25067675178491e-17  2.51026684904439e-15 -0.000351409699506606
-8.72526274387486e-05 -0.000292543007016726      1.96674137092448   -0.0219771373621808     0.140960419414077   1.4759207878072e-12 -4.26394935662259e-14  -2.3103345613002e-14  2.18850037517061e-11    -0.158994214435244
-5.57437539063137e-06 -0.000616417547909145   -0.0219771373621808      1.95936635662503    0.0243749616785261 -4.04552466115321e-13 -1.02000620073421e-14 -9.47059802110605e-15 -1.85321096649356e-11   -0.0457341649472226
 0.000438025626286684   6.3945730092032e-05     0.140960419414077    0.0243749616785261      1.18478651561091  7.58417299632206e-12  2.66055941247593e-13 -4.21908540401878e-13  1.14108330077603e-11     0.837370261776832
 3.01657637660223e-15  2.15803444257466e-14   1.4759207878072e-12 -4.04552466115321e-13  7.58417299632206e-12      1.69727582570027  3.96307744204924e-16  5.61530805543088e-15    -0.241990916283713  8.04954294883808e-12
-1.03858941208769e-16 -1.33503526752349e-16 -4.26394935662259e-14 -1.02000620073421e-14  2.66055941247593e-13  3.96307744204924e-16      1.73833039285676    0.0204627362309422  1.40269601704676e-17 -2.44136723031145e-13
-2.76734994725681e-16 -8.25067675178491e-17  -2.3103345613002e-14 -9.47059802110605e-15 -4.21908540401878e-13  5.61530805543088e-15    0.0204627362309422     0.281090352306644 -1.42632806471763e-15 -4.19166967143638e-13
-8.16643872664156e-15  2.51026684904439e-15  2.18850037517061e-11 -1.85321096649356e-11  1.14108330077603e-11    -0.241990916283713  1.40269601704676e-17 -1.42632806471763e-15     0.322144919370463 -2.95240388741235e-11
-0.000524618423356633 -0.000351409699506606    -0.158994214435244   -0.0457341649472226     0.837370261776832  8.04954294883808e-12 -2.44136723031145e-13 -4.19166967143638e-13 -2.95240388741235e-11     0.850275844336267
POPULATION (lambda : -0.8): 5.59138721526177
TOTAL ENERGY: -126.989732796925	 lambda: -0.7
1RDM (lambda : -0.7): 
     1.99999941166309  4.29258907047646e-08 -7.12451751936402e-05  4.22346379579461e-06  0.000363861591358567 -6.82667302412927e-17  -7.4888608945333e-17 -2.31528199170106e-16   -2.334769504141e-15  -0.00044333251081879
 4.29258907047646e-08      1.99999019391651 -0.000254873866718321 -0.000553459221948993  3.76231489638328e-05  4.42401599413313e-15 -1.14585383740921e-16 -6.50337901805099e-17  7.50096159246895e-16  -0.00026600401772006
-7.12451751936402e-05 -0.000254873866718321      1.97044324438812    -0.018597000215144     0.130904505849942  3.11592549367148e-13 -3.58790431811053e-14 -2.76714552614345e-14   4.5059606256129e-12    -0.145373585972864
 4.22346379579461e-06 -0.000553459221948993    -0.018597000215144       1.9634152465221    0.0164678183067328  8.24565875529783e-14 -8.45424646211011e-15  1.83468655011791e-15 -2.85690156057949e-12   -0.0348745956874564
 0.000363861591358567  3.76231489638328e-05     0.130904505849942    0.0164678183067328      1.20739160453357  8.97881706699868e-13  2.39830820320121e-13 -4.13433524733673e-13 -2.00764960570065e-12     0.799034533123142
-6.82667302412927e-17  4.42401599413313e-15  3.11592549367148e-13  8.24565875529783e-14  8.97881706699868e-13      1.65696088396551 -2.47774467739981e-16  5.82970239286774e-15    -0.261073785462401  1.11789630121955e-12
 -7.4888608945333e-17 -1.14585383740921e-16 -3.58790431811053e-14 -8.45424646211011e-15  2.39830820320121e-13 -2.47774467739981e-16      1.70747212110554   -0.0114820724703342 -1.62912100041488e-15 -2.51240722246691e-13
-2.31528199170106e-16 -6.50337901805099e-17 -2.76714552614345e-14  1.83468655011791e-15 -4.13433524733673e-13  5.82970239286774e-15   -0.0114820724703342     0.310177766145819 -1.15616730108239e-15 -3.69881930993653e-13
  -2.334769504141e-15  7.50096159246895e-16   4.5059606256129e-12 -2.85690156057949e-12 -2.00764960570065e-12    -0.261073785462401 -1.62912100041488e-15 -1.15616730108239e-15     0.360689003511905  -1.0471522421582e-11
 -0.00044333251081879  -0.00026600401772006    -0.145373585972864   -0.0348745956874564     0.799034533123142  1.11789630121955e-12 -2.51240722246691e-13 -3.69881930993653e-13  -1.0471522421582e-11      0.82346052424784
POPULATION (lambda : -0.7): 5.7293641116278
TOTAL ENERGY: -127.068093356211	 lambda: -0.6
1RDM (lambda : -0.6): 
     1.99999942785829  8.45583856735345e-08 -5.80578439302441e-05  1.16630377294214e-05   0.00029924435693049  3.18999900446258e-16 -4.49479329637871e-17 -1.84852325563232e-16  4.72989890707529e-15 -0.000358710614662903
 8.45583856735345e-08      1.99999116813627 -0.000224577385805405 -0.000500733474176039  1.78076201131269e-05 -1.25382734804808e-14 -7.76949782793848e-17 -4.67860533111148e-17 -6.07293179908082e-16 -0.000193339988288168
-5.80578439302441e-05 -0.000224577385805405      1.97351777624209   -0.0159302789081507     0.123981523030542 -1.55805291676696e-12 -3.09482027187291e-14 -1.55454506766966e-14 -1.20509133557503e-11    -0.131694817858069
 1.16630377294214e-05 -0.000500733474176039   -0.0159302789081507      1.96673495039006    0.0111438838727112 -7.06666207861279e-13  -2.1627891177164e-15  6.86841719244204e-16  4.98239743048103e-12    -0.024494040772327
  0.00029924435693049  1.78076201131269e-05     0.123981523030542    0.0111438838727112        1.203856212679  2.72510618758346e-12   2.1546190511095e-13 -3.95987294962098e-13  1.10749831734444e-11      0.76717085345842
 3.18999900446258e-16 -1.25382734804808e-14 -1.55805291676696e-12 -7.06666207861279e-13  2.72510618758346e-12      1.61091066288404 -8.79075950983332e-16  6.17880196566637e-15    -0.278124453712672 -6.49730278772423e-12
-4.49479329637871e-17 -7.76949782793848e-17 -3.09482027187291e-14  -2.1627891177164e-15   2.1546190511095e-13 -8.79075950983332e-16       1.6705263205439   -0.0435583611224401  -3.0590344974216e-15 -2.32786905975014e-13
-1.84852325563232e-16 -4.67860533111148e-17 -1.55454506766966e-14  6.86841719244204e-16 -3.95987294962098e-13  6.17880196566637e-15   -0.0435583611224401     0.345204982032379 -8.78064229817449e-16 -3.60436107000182e-13
 4.72989890707529e-15 -6.07293179908082e-16 -1.20509133557503e-11  4.98239743048103e-12  1.10749831734444e-11    -0.278124453712672  -3.0590344974216e-15 -8.78064229817449e-16     0.404820639780637  3.48976169674739e-11
-0.000358710614662903 -0.000193339988288168    -0.131694817858069    -0.024494040772327      0.76717085345842 -6.49730278772423e-12 -2.32786905975014e-13 -3.60436107000182e-13  3.48976169674739e-11     0.824437859453384
POPULATION (lambda : -0.6): 5.84967355259141
TOTAL ENERGY: -127.12539819772	 lambda: -0.5
1RDM (lambda : -0.5): 
     1.99999943248331  1.10666898873599e-07 -4.72060743936826e-05  1.71718614934768e-05  0.000240609366847657  6.93154598849382e-15  -1.3290422127625e-17 -1.43496049541754e-16  1.27066147374362e-14 -0.000276064389834243
 1.10666898873599e-07      1.99999196666869 -0.000198536078362413 -0.000456220907281998  -8.3413741017886e-06   -3.213160547084e-14 -5.63570997399253e-17 -2.81979815209709e-17 -6.05580376094413e-16 -0.000132054743257066
-4.72060743936826e-05 -0.000198536078362413      1.97628676112085   -0.0137946095848796     0.118610072008889 -5.67453847272151e-12 -2.51347821312399e-14 -1.30914361190419e-14 -3.37352421783137e-11    -0.119375378728756
 1.71718614934768e-05 -0.000456220907281998   -0.0137946095848796      1.96949819905306   0.00784437802052931 -2.99631901389326e-12  1.40540776092155e-15  3.42923554762197e-15  6.38997514730419e-12   -0.0166766911919423
 0.000240609366847657  -8.3413741017886e-06     0.118610072008889   0.00784437802052931      1.18192655495815  2.02287467998305e-11  1.94445874610813e-13 -3.61153352022952e-13  6.63189600640951e-11     0.754881716928052
 6.93154598849382e-15   -3.213160547084e-14 -5.67453847272151e-12 -2.99631901389326e-12  2.02287467998305e-11      1.55953773492175 -1.39384654407332e-15    6.839295138238e-15    -0.297069097248788 -1.62974749730225e-11
 -1.3290422127625e-17 -5.63570997399253e-17 -2.51347821312399e-14  1.40540776092155e-15  1.94445874610813e-13 -1.39384654407332e-15      1.62928345733491   -0.0792749731180587 -4.35820513769556e-15 -2.09026106779351e-13
-1.43496049541754e-16 -2.81979815209709e-17 -1.30914361190419e-14  3.42923554762197e-15 -3.61153352022952e-13    6.839295138238e-15   -0.0792749731180587     0.384332639090299 -7.39669009969082e-16 -3.40747278276502e-13
 1.27066147374362e-14 -6.05580376094413e-16 -3.37352421783137e-11  6.38997514730419e-12  6.63189600640951e-11    -0.297069097248788 -4.35820513769556e-15 -7.39669009969082e-16     0.454078361420748  1.29843634117357e-10
-0.000276064389834243 -0.000132054743257066    -0.119375378728756   -0.0166766911919423     0.754881716928052 -1.62974749730225e-11 -2.09026106779351e-13 -3.40747278276502e-13  1.29843634117357e-10     0.845064892948235
POPULATION (lambda : -0.5): 5.95367651254102
TOTAL ENERGY: -127.169221352498	 lambda: -0.4
1RDM (lambda : -0.4): 
     1.99999942818221  1.27130169124656e-07 -3.80181152398657e-05  2.17170193925412e-05  0.000182625109170507  1.09942681492202e-15  1.46723541477764e-17 -1.02555650425062e-16  3.50126499078755e-16 -0.000194275047361812
 1.27130169124656e-07      1.99999266231586 -0.000172908877155378 -0.000414609603166934 -5.00665431949779e-05 -2.58505906418172e-15 -3.07314285020991e-17 -1.41290306028454e-18  5.41746059012183e-16 -7.30333828210882e-05
-3.80181152398657e-05 -0.000172908877155378       1.9791187093827   -0.0118038367807153     0.112539021092165 -7.48508516755174e-13 -2.05234589273383e-14  -2.2848231682613e-15 -3.11971504057295e-12    -0.108470132433771
 2.17170193925412e-05 -0.000414609603166934   -0.0118038367807153      1.97208920182646   0.00519312707163827 -3.95396781100495e-13  5.42072426051618e-15  4.03670271477994e-15 -1.23045812334184e-13   -0.0120187381955891
 0.000182625109170507 -5.00665431949779e-05     0.112539021092165   0.00519312707163827      1.15567762927573   3.4909496593684e-12  1.78736210127927e-13 -3.36898494879781e-13  8.62447405937983e-12     0.764762818252763
 1.09942681492202e-15 -2.58505906418172e-15 -7.48508516755174e-13 -3.95396781100495e-13   3.4909496593684e-12      1.50311893464639 -2.00054281754526e-15  7.38225945296636e-15    -0.317808668181593 -1.74301369177095e-12
 1.46723541477764e-17 -3.07314285020991e-17 -2.05234589273383e-14  5.42072426051618e-15  1.78736210127927e-13 -2.00054281754526e-15      1.58396696001169    -0.118442715615714 -5.90901407619391e-15 -1.68289691936779e-13
-1.02555650425062e-16 -1.41290306028454e-18  -2.2848231682613e-15  4.03670271477994e-15 -3.36898494879781e-13  7.38225945296636e-15    -0.118442715615714     0.427351298798384 -5.15521978100137e-16 -3.60717444773817e-13
 3.50126499078755e-16  5.41746059012183e-16 -3.11971504057295e-12 -1.23045812334184e-13  8.62447405937983e-12    -0.317808668181593 -5.90901407619391e-15 -5.15521978100137e-16     0.508199323404243  1.44421432459177e-11
-0.000194275047361812 -7.30333828210882e-05    -0.108470132433771   -0.0120187381955891     0.764762818252763 -1.74301369177095e-12 -1.68289691936779e-13 -3.60717444773817e-13  1.44421432459177e-11     0.870485852156417
POPULATION (lambda : -0.4): 6.05105128290811
TOTAL ENERGY: -127.205253152228	 lambda: -0.3
1RDM (lambda : -0.3): 
     1.99999941541035  1.34858785977483e-07 -3.03887135403232e-05  2.61568756042367e-05  0.000123317111589523 -3.78067429815851e-15   5.3048000541897e-17 -5.95457643203782e-17  7.10486134219985e-16 -0.000108306552338689
 1.34858785977483e-07      1.99999334964054 -0.000145007527637539 -0.000370155871606397 -0.000109801676230504  4.28585192103788e-15 -1.63469869548312e-17  3.50665946403583e-17 -7.83280888800749e-16  -3.2116294533445e-06
-3.03887135403232e-05 -0.000145007527637539      1.98224324673417   -0.0095537610260359     0.103782642570036  1.71646589946854e-12 -1.47465601706716e-14 -6.40134232624316e-15   6.7519059713598e-12   -0.0977392499019299
 2.61568756042367e-05 -0.000370155871606397   -0.0095537610260359      1.97485486360513   0.00152906363631435  1.33000760203026e-12  5.66143572399349e-15  8.29268951832004e-15  1.69546141835362e-12  -0.00971560080251387
 0.000123317111589523 -0.000109801676230504     0.103782642570036   0.00152906363631435      1.14120989152418 -9.20180565804781e-12  1.72841883598508e-13 -2.83331937714186e-13 -2.86635898388481e-11     0.789119723654375
-3.78067429815851e-15  4.28585192103788e-15  1.71646589946854e-12  1.33000760203026e-12 -9.20180565804781e-12       1.4427655762713 -1.83086881581138e-15  8.83997488622327e-15    -0.336329375461885 -1.94585921346008e-14
  5.3048000541897e-17 -1.63469869548312e-17 -1.47465601706716e-14  5.66143572399349e-15  1.72841883598508e-13 -1.83086881581138e-15       1.5341798124117    -0.156936645424932 -6.54472171558418e-15 -1.51200329334275e-13
-5.95457643203782e-17  3.50665946403583e-17 -6.40134232624316e-15  8.29268951832004e-15 -2.83331937714186e-13  8.83997488622327e-15    -0.156936645424932     0.474772348956614 -1.07404118289624e-15 -3.30397964153213e-13
 7.10486134219985e-16 -7.83280888800749e-16   6.7519059713598e-12  1.69546141835362e-12 -2.86635898388481e-11    -0.336329375461885 -6.54472171558418e-15 -1.07404118289624e-15     0.566186584007641 -4.08335822279726e-11
-0.000108306552338689  -3.2116294533445e-06   -0.0977392499019299  -0.00971560080251387     0.789119723654375 -1.94585921346008e-14 -1.51200329334275e-13 -3.30397964153213e-13 -4.08335822279726e-11     0.883794911438401
POPULATION (lambda : -0.3): 6.15428918137906
TOTAL ENERGY: -127.235209943021	 lambda: -0.2
1RDM (lambda : -0.2): 
     1.99999939265366  1.29795648884534e-07 -2.50087441387299e-05  3.08212583697682e-05  6.69038175386133e-05 -1.70324360512754e-15  1.02085710105555e-16 -2.38124064718769e-17  1.59560129429316e-15 -1.30632139080908e-05
 1.29795648884534e-07      1.99999411659689 -0.000114335489296789 -0.000318339174620541 -0.000180237151414369   1.6370741207095e-15  5.79920603331685e-18  8.18453110569824e-17 -4.19164113511564e-16  9.01822898089159e-05
-2.50087441387299e-05 -0.000114335489296789      1.98559308834958  -0.00675127476177071    0.0916742803826686  6.85805021536914e-13 -9.25844236597714e-15 -1.43088931057667e-14  2.88541856539039e-12   -0.0850875152025032
 3.08212583697682e-05 -0.000318339174620541  -0.00675127476177071      1.97799735460276  -0.00488089251787699  9.20821595659265e-13  6.17025901723426e-15  1.27934136199999e-14  1.23291939962872e-12  -0.00785894161806936
 6.69038175386133e-05 -0.000180237151414369    0.0916742803826686  -0.00488089251787699      1.15143798704229 -4.36036585156569e-12  1.66077835576585e-13 -2.23376943858041e-13 -1.50323577115008e-11     0.811660005528807
-1.70324360512754e-15   1.6370741207095e-15  6.85805021536914e-13  9.20821595659265e-13 -4.36036585156569e-12      1.38025598349722 -1.40526502522011e-15  1.01385282023212e-14    -0.346281717576587 -1.11446897302291e-12
 1.02085710105555e-16  5.79920603331685e-18 -9.25844236597714e-15  6.17025901723426e-15  1.66077835576585e-13 -1.40526502522011e-15      1.47931286026965    -0.188223805077031 -6.89264368166123e-15 -1.51648237421254e-13
-2.38124064718769e-17  8.18453110569824e-17 -1.43088931057667e-14  1.27934136199999e-14 -2.23376943858041e-13  1.01385282023212e-14    -0.188223805077031     0.527384187712901 -1.80334916150755e-15 -2.70868301143608e-13
 1.59560129429316e-15 -4.19164113511564e-16  2.88541856539039e-12  1.23291939962872e-12 -1.50323577115008e-11    -0.346281717576587 -6.89264368166123e-15 -1.80334916150755e-15     0.626441064904826 -2.09612684426566e-11
-1.30632139080908e-05  9.01822898089159e-05   -0.0850875152025032  -0.00785894161806936     0.811660005528807 -1.11446897302291e-12 -1.51648237421254e-13 -2.70868301143608e-13 -2.09612684426566e-11     0.871583964370271
POPULATION (lambda : -0.2): 6.27483398457105
TOTAL ENERGY: -127.25632875225	 lambda: -0.1
1RDM (lambda : -0.1): 
     1.99999935911693  1.05853473380289e-07 -2.30024062553528e-05  3.51373068262378e-05  2.35566627592483e-05  6.80775504122765e-15  1.35904696806196e-16  1.24158309231955e-17 -1.41472071567646e-14   9.1089556069971e-05
 1.05853473380289e-07      1.99999500498317 -8.35395156804961e-05 -0.000258502365116786 -0.000242086570333221  -7.9709541085193e-15  5.45374218389191e-17  1.18283729375351e-16  6.36293283248578e-15  0.000211684906070601
-2.30024062553528e-05 -8.35395156804961e-05      1.98872395965438  -0.00342564291198589    0.0778125297729804 -2.08793233594567e-12 -3.48886676775111e-15  6.76419124784796e-15 -1.31459247133095e-11   -0.0686292533875802
 3.51373068262378e-05 -0.000258502365116786  -0.00342564291198589      1.98146616686742   -0.0151085262932818  -6.5026398887127e-12  8.73497632651244e-15  1.78588861319946e-14 -7.63584689047613e-12   -0.0039845278071034
 2.35566627592483e-05 -0.000242086570333221    0.0778125297729804   -0.0151085262932818      1.18826621641102  2.20071381809918e-11  1.73933645890102e-13 -2.48197150177185e-13  7.29938402253785e-11     0.811512800000934
 6.80775504122765e-15  -7.9709541085193e-15 -2.08793233594567e-12  -6.5026398887127e-12  2.20071381809918e-11       1.3177183498111 -1.65826527598482e-15   9.8529049140048e-15    -0.341273833302872  3.09336020242777e-12
 1.35904696806196e-16  5.45374218389191e-17 -3.48886676775111e-15  8.73497632651244e-15  1.73933645890102e-13 -1.65826527598482e-15      1.41906877658518    -0.205607488527768 -7.70470116948992e-15  -1.2035646632125e-13
 1.24158309231955e-17  1.18283729375351e-16  6.76419124784796e-15  1.78588861319946e-14 -2.48197150177185e-13   9.8529049140048e-15    -0.205607488527768     0.585670216340488 -1.62466305058788e-15 -3.36930887363038e-13
-1.41472071567646e-14  6.36293283248578e-15 -1.31459247133095e-11 -7.63584689047613e-12  7.29938402253785e-11    -0.341273833302872 -7.70470116948992e-15 -1.62466305058788e-15     0.687020643103304  1.07745960691181e-10
  9.1089556069971e-05  0.000211684906070601   -0.0686292533875802   -0.0039845278071034     0.811512800000934  3.09336020242777e-12  -1.2035646632125e-13 -3.36930887363038e-13  1.07745960691181e-10      0.83207130712703
POPULATION (lambda : -0.1): 6.41666516177202
TOTAL ENERGY: -127.263903601425	 lambda: 0
1RDM (lambda : 0): 
     1.99999931647104  6.24539089537168e-08 -2.48654701718315e-05  3.77913995852672e-05  2.74669690092802e-06  2.69668202626819e-16  1.83711234169793e-16  2.83360410145074e-17 -1.72060375397618e-16  0.000193424251751616
 6.24539089537168e-08      1.99999595445493 -5.79211108004597e-05 -0.000197087569146922 -0.000272089538605191   2.7216675386562e-16    1.041417708371e-16  1.42720747279224e-16  5.68891025157245e-16  0.000347673343554425
-2.48654701718315e-05 -5.79211108004597e-05      1.99102352410898 -0.000126023041637543    0.0655482671353481  8.20539878918154e-15  3.58083697739846e-15  1.11400655771961e-14  7.09207717489781e-16   -0.0485425146186427
 3.77913995852672e-05 -0.000197087569146922 -0.000126023041637543      1.98484963791421   -0.0280247455089424 -3.11367010789665e-16  1.14191294263883e-14  2.46670038883013e-14   7.0329103288838e-15   0.00354276259802981
 2.74669690092802e-06 -0.000272089538605191    0.0655482671353481   -0.0280247455089424      1.23812345733946  3.26669229630981e-13  1.71073355988872e-13 -2.41721348359197e-13 -5.26712224320802e-13      0.77518483841232
 2.69668202626819e-16   2.7216675386562e-16  8.20539878918154e-15 -3.11367010789665e-16  3.26669229630981e-13      1.25895129084975 -1.43019939075098e-15  9.59349675096596e-15    -0.319708463421684 -5.39950009927763e-13
 1.83711234169793e-16    1.041417708371e-16  3.58083697739846e-15  1.14191294263883e-14  1.71073355988872e-13 -1.43019939075098e-15      1.35642633584533    -0.206261533438583 -7.40567694257238e-15 -1.21702966385099e-13
 2.83360410145074e-17  1.42720747279224e-16  1.11400655771961e-14  2.46670038883013e-14 -2.41721348359197e-13  9.59349675096596e-15    -0.206261533438583     0.646797912295088 -1.73999850288876e-15 -3.17429888380822e-13
-1.72060375397618e-16  5.68891025157245e-16  7.09207717489781e-16   7.0329103288838e-15 -5.26712224320802e-13    -0.319708463421684 -7.40567694257238e-15 -1.73999850288876e-15     0.744272957461237 -3.32090308737155e-13
 0.000193424251751616  0.000347673343554425   -0.0485425146186427   0.00354276259802981      0.77518483841232 -5.39950009927763e-13 -1.21702966385099e-13 -3.17429888380822e-13 -3.32090308737155e-13     0.779559613260043
POPULATION (lambda : 0): 6.56783145503735
TOTAL ENERGY: -127.257265986517	 lambda: 0.1
1RDM (lambda : 0.1): 
      1.9999992659398  9.84676256007304e-09  -2.9597351863106e-05  3.79967612586422e-05  2.95394232936355e-06  3.41230803869161e-16  2.25697618026868e-16   3.0949752496924e-17 -1.51801913530368e-16  0.000278474868361955
 9.84676256007304e-09      1.99999682013563 -4.14974516302834e-05  -0.00014481698511334 -0.000263881005339278  3.87990572036699e-16  1.53693460105831e-16  1.45840204281343e-16  5.18523731482252e-16  0.000471442146286132
 -2.9597351863106e-05 -4.14974516302834e-05      1.99222490275548   0.00237744764649776    0.0572214066480676  2.99428092556707e-14    1.085161810837e-14  1.45674372377521e-14  3.05569321711481e-14   -0.0276930214217408
 3.79967612586422e-05  -0.00014481698511334   0.00237744764649776      1.98759979869089   -0.0401867780547901  2.73707140257111e-14  1.51711570869039e-14  3.10917115183026e-14  3.55095002916821e-14      0.01401334999495
 2.95394232936355e-06 -0.000263881005339278    0.0572214066480676   -0.0401867780547901      1.28212570165726  2.59705763950129e-13  1.63502000653677e-13 -2.40439942644768e-13 -6.56838934295412e-13     0.710501721436265
 3.41230803869161e-16  3.87990572036699e-16  2.99428092556707e-14  2.73707140257111e-14  2.59705763950129e-13      1.20948067673035 -1.22379410586811e-15  8.85917544949912e-15    -0.288731097838482 -5.35229321950419e-13
 2.25697618026868e-16  1.53693460105831e-16    1.085161810837e-14  1.51711570869039e-14  1.63502000653677e-13 -1.22379410586811e-15      1.29910644049035    -0.194884644772698 -6.88813642555448e-15 -1.24497801890959e-13
  3.0949752496924e-17  1.45840204281343e-16  1.45674372377521e-14  3.10917115183026e-14 -2.40439942644768e-13  8.85917544949912e-15    -0.194884644772698     0.703090422918098 -1.70754492927254e-15 -2.93106486515678e-13
-1.51801913530368e-16  5.18523731482252e-16  3.05569321711481e-14  3.55095002916821e-14 -6.56838934295412e-13    -0.288731097838482 -6.88813642555448e-15 -1.70754492927254e-15     0.792716186929863 -4.80048548921623e-13
 0.000278474868361955  0.000471442146286132   -0.0276930214217408      0.01401334999495     0.710501721436265 -5.35229321950419e-13 -1.24497801890959e-13 -2.93106486515678e-13 -4.80048548921623e-13     0.733659783752331
POPULATION (lambda : 0.1): 6.70476163916918
TOTAL ENERGY: -127.241402284948	 lambda: 0.2
1RDM (lambda : 0.2): 
       1.999999203897 -3.86711991839765e-08 -3.55308313585734e-05  3.64111679010699e-05  1.25749363275768e-05  4.08679679220542e-16  2.57585788717898e-16  2.66900727947904e-17 -1.53928764282788e-16  0.000339539747520082
-3.86711991839765e-08      1.99999749529824 -3.37062918896929e-05 -0.000107715089469188  -0.00023360877551894  4.79500078871085e-16  1.94155309052829e-16  1.35609718325258e-16  4.47165205174827e-16  0.000566128160139145
-3.55308313585734e-05 -3.37062918896929e-05      1.99259304451005    0.0037452429187128    0.0523196028094511   4.1059570009473e-14  1.73407423543555e-14  1.63736535567468e-14  4.58523183924776e-14  -0.00915675430002642
 3.64111679010699e-05 -0.000107715089469188    0.0037452429187128      1.98950844229072   -0.0486108445583101  5.57607272139528e-14  1.92696905848292e-14  3.55481834965787e-14  6.49130267164959e-14    0.0251053100977688
 1.25749363275768e-05  -0.00023360877551894    0.0523196028094511   -0.0486108445583101      1.31273600019084  2.01563119524636e-13  1.52579758899693e-13  -2.3870422965208e-13 -7.69750090833068e-13     0.639766838489074
 4.08679679220542e-16  4.79500078871085e-16   4.1059570009473e-14  5.57607272139528e-14  2.01563119524636e-13      1.17276093106673 -1.05254923098377e-15  8.06915383422354e-15    -0.259087955223758 -5.09263997680006e-13
 2.57585788717898e-16  1.94155309052829e-16  1.73407423543555e-14  1.92696905848292e-14  1.52579758899693e-13 -1.05254923098377e-15      1.25418225119041    -0.180256960171507  -6.3340756873834e-15 -1.27544262589765e-13
 2.66900727947904e-17  1.35609718325258e-16  1.63736535567468e-14  3.55481834965787e-14  -2.3870422965208e-13  8.06915383422354e-15    -0.180256960171507     0.747393205213476 -1.62550579553552e-15 -2.65186214411864e-13
-1.53928764282788e-16  4.47165205174827e-16  4.58523183924776e-14  6.49130267164959e-14 -7.69750090833068e-13    -0.259087955223758  -6.3340756873834e-15 -1.62550579553552e-15     0.828814525213147 -6.10661661024219e-13
 0.000339539747520082  0.000566128160139145  -0.00915675430002642    0.0251053100977688     0.639766838489074 -5.09263997680006e-13 -1.27544262589765e-13 -2.65186214411864e-13 -6.10661661024219e-13     0.702014901129458
POPULATION (lambda : 0.2): 6.81225654549453
TOTAL ENERGY: -127.221744356626	 lambda: 0.3
1RDM (lambda : 0.3): 
     1.99999912165343  -7.6776797671292e-08 -4.17400726563297e-05   3.4401572809469e-05  2.07536387407789e-05  4.48752519460659e-16  2.79447364004362e-16  2.25750722331215e-17  -1.7454095166568e-16  0.000380787055044029
 -7.6776797671292e-08      1.99999797180471 -3.13710020497341e-05  -8.4497606162508e-05 -0.000201224542243804  5.28002222581572e-16  2.24161859806152e-16  1.22566355736794e-16   3.9088751165552e-16  0.000633674801614593
-4.17400726563297e-05 -3.13710020497341e-05      1.99255103170684   0.00415800481429533    0.0489134676914329  5.41619110713585e-14  2.26142700954685e-14  1.77559485887007e-14  4.44927501832333e-14   0.00597822474574798
  3.4401572809469e-05  -8.4497606162508e-05   0.00415800481429533      1.99075900836179   -0.0525499052587314  6.47837466386284e-14  2.31214205820493e-14  3.78643850684565e-14  6.57354433274574e-14    0.0349551403439667
 2.07536387407789e-05 -0.000201224542243804    0.0489134676914329   -0.0525499052587314      1.33455601143015   1.7559419427635e-13  1.41762636920093e-13 -2.39324030316483e-13 -7.45149639614615e-13     0.580012923287137
 4.48752519460659e-16  5.28002222581572e-16  5.41619110713585e-14  6.47837466386284e-14   1.7559419427635e-13       1.1482233895206 -9.34991136798478e-16  7.47144009050351e-15    -0.237381931448636 -4.99153807649362e-13
 2.79447364004362e-16  2.24161859806152e-16  2.26142700954685e-14  2.31214205820493e-14  1.41762636920093e-13 -9.34991136798478e-16      1.22348455248624    -0.168723126327335 -5.92635734515047e-15  -1.3086945444642e-13
 2.25750722331215e-17  1.22566355736794e-16  1.77559485887007e-14  3.78643850684565e-14 -2.39324030316483e-13  7.47144009050351e-15    -0.168723126327335     0.777744245091452 -1.55430724967983e-15 -2.41672840288507e-13
 -1.7454095166568e-16   3.9088751165552e-16  4.44927501832333e-14  6.57354433274574e-14 -7.45149639614615e-13    -0.237381931448636 -5.92635734515047e-15 -1.55430724967983e-15     0.853005408045242 -5.25902366266648e-13
 0.000380787055044029  0.000633674801614593   0.00597822474574798    0.0349551403439667     0.580012923287137 -4.99153807649362e-13  -1.3086945444642e-13 -2.41672840288507e-13 -5.25902366266648e-13       0.6796792598996
POPULATION (lambda : 0.3): 6.89168384005485
TOTAL ENERGY: -127.200558313097	 lambda: 0.4
1RDM (lambda : 0.4): 
     1.99999900646568 -1.04951094600592e-07 -4.83100717140323e-05  3.31722811311733e-05  2.19948034835702e-05  4.78845398616195e-16  2.93530217270395e-16   2.2226814449839e-17 -1.83149185393028e-16  0.000409763914627486
-1.04951094600592e-07      1.99999829280457 -3.17558052882701e-05 -7.10137315572874e-05 -0.000178007218458531  5.67271012082255e-16  2.46361377574368e-16  1.13299459028213e-16  3.49250873484017e-16  0.000684757739643745
-4.83100717140323e-05 -3.17558052882701e-05      1.99237524105586   0.00395485680631322    0.0453941507926038  6.41931419945097e-14  2.68268374871784e-14  1.94710167657271e-14  4.54576233272065e-14    0.0181829704812882
 3.31722811311733e-05 -7.10137315572874e-05   0.00395485680631322      1.99163561104924   -0.0525799607412666  7.28276328497865e-14  2.63715847161766e-14  3.79357774561732e-14  6.57139333462874e-14    0.0427766551063519
 2.19948034835702e-05 -0.000178007218458531    0.0453941507926038   -0.0525799607412666      1.35538915254431  1.49507516534376e-13  1.32907503738541e-13  -2.4312380710012e-13 -7.52292529943056e-13      0.53709272528799
 4.78845398616195e-16  5.67271012082255e-16  6.41931419945097e-14  7.28276328497865e-14  1.49507516534376e-13      1.13337028018794 -8.66069069357317e-16  7.14844200827188e-15    -0.225476134176081  -4.9691164523833e-13
 2.93530217270395e-16  2.46361377574368e-16  2.68268374871784e-14  2.63715847161766e-14  1.32907503738541e-13 -8.66069069357317e-16      1.20534564503797    -0.162898960737965 -5.74130158838379e-15 -1.36918511346107e-13
  2.2226814449839e-17  1.13299459028213e-16  1.94710167657271e-14  3.79357774561732e-14  -2.4312380710012e-13  7.14844200827188e-15    -0.162898960737965     0.795707277531743 -1.52768593284348e-15  -2.2237665467255e-13
-1.83149185393028e-16  3.49250873484017e-16  4.54576233272065e-14  6.57139333462874e-14 -7.52292529943056e-13    -0.225476134176081 -5.74130158838379e-15 -1.52768593284348e-15     0.867682642401554 -4.82572257212909e-13
 0.000409763914627486  0.000684757739643745    0.0181829704812882    0.0427766551063519      0.53709272528799  -4.9691164523833e-13 -1.36918511346107e-13  -2.2237665467255e-13 -4.82572257212909e-13     0.658496850921179
POPULATION (lambda : 0.4): 6.9525321532361
TOTAL ENERGY: -127.176981927551	 lambda: 0.5
1RDM (lambda : 0.5): 
     1.99999883978835 -1.26503350064018e-07 -5.60410310995664e-05  3.37064831812105e-05  1.41291508336778e-05  5.00421437816614e-16  3.02645544026842e-16  2.73081073301638e-17 -1.77411279385294e-16  0.000432920945556714
-1.26503350064018e-07      1.99999850350503  -3.3401178342569e-05 -6.35748448525193e-05  -0.00016785430174343   6.0516407001629e-16  2.64718819852016e-16  1.10396561570437e-16  3.26839811811439e-16  0.000730223113404379
-5.60410310995664e-05  -3.3401178342569e-05       1.9921701095689    0.0034203081801352       0.0407953391138  7.37716181033771e-14   3.0262785630372e-14   2.2092462061933e-14  4.93469432846133e-14    0.0284245903738006
 3.37064831812105e-05 -6.35748448525193e-05    0.0034203081801352      1.99234472528993    -0.049430028491323  7.76107502818378e-14  2.89575740276227e-14  3.65485027231485e-14  5.97484805393991e-14    0.0483404838148896
 1.41291508336778e-05  -0.00016785430174343       0.0407953391138    -0.049430028491323      1.38186119572589  1.26255017017573e-13  1.26274174327181e-13 -2.54212806027453e-13 -7.70822431635874e-13     0.510422883879238
 5.00421437816614e-16   6.0516407001629e-16  7.37716181033771e-14  7.76107502818378e-14  1.26255017017573e-13      1.12586406593885 -8.38608698548813e-16  7.11414604885764e-15    -0.223397522439868 -5.11041904268448e-13
 3.02645544026842e-16  2.64718819852016e-16   3.0262785630372e-14  2.89575740276227e-14  1.26274174327181e-13 -8.38608698548813e-16      1.19759093882418    -0.163636739387025 -5.80438506131853e-15 -1.46701503735227e-13
 2.73081073301638e-17  1.10396561570437e-16   2.2092462061933e-14  3.65485027231485e-14 -2.54212806027453e-13  7.11414604885764e-15    -0.163636739387025     0.803398184893607 -1.55966866783095e-15 -2.09691472401774e-13
-1.77411279385294e-16  3.26839811811439e-16  4.93469432846133e-14  5.97484805393991e-14 -7.70822431635874e-13    -0.223397522439868 -5.80438506131853e-15 -1.55966866783095e-15       0.8751250577338 -4.38805475038944e-13
 0.000432920945556714  0.000730223113404379    0.0284245903738006    0.0483404838148896     0.510422883879238 -5.11041904268448e-13 -1.46701503735227e-13 -2.09691472401774e-13 -4.38805475038944e-13     0.631648378731506
POPULATION (lambda : 0.5): 7.00499123755762
TOTAL ENERGY: -127.147564409352	 lambda: 0.6
1RDM (lambda : 0.6): 
     1.99999859293702 -1.45771585444981e-07 -6.63885033895821e-05  3.70878353315007e-05 -4.14240628683003e-06   5.2196202681973e-16  3.08720396169574e-16  3.88356597070581e-17 -1.58315890588949e-16  0.000455429758036691
-1.45771585444981e-07       1.9999986353054 -3.58400132779061e-05 -5.95991057226627e-05 -0.000171226147147328  6.49263460451413e-16  2.82627870156998e-16  1.14622119395697e-16  3.21841165384665e-16  0.000779239578101142
-6.63885033895821e-05 -3.58400132779061e-05      1.99191840072162   0.00277397208403223    0.0345361532909318  8.30110505309047e-14   3.3296055982241e-14  2.59189520072941e-14   5.5766330289171e-14    0.0377252850277274
 3.70878353315007e-05 -5.95991057226627e-05   0.00277397208403223      1.99298216053166   -0.0436099100058122  7.98023064425824e-14  3.07763709000236e-14  3.38117374418941e-14  5.28768054330909e-14    0.0514570411763249
-4.14240628683003e-06 -0.000171226147147328    0.0345361532909318   -0.0436099100058122      1.41942557485404  1.00151921358876e-13  1.21142811460013e-13 -2.74097938412719e-13 -8.20942911843955e-13     0.496985483268852
  5.2196202681973e-16  6.49263460451413e-16  8.30110505309047e-14  7.98023064425824e-14  1.00151921358876e-13      1.12411699353607 -8.47460758041462e-16  7.37446083234053e-15    -0.231254371525969  -5.4163335802367e-13
 3.08720396169574e-16  2.82627870156998e-16   3.3296055982241e-14  3.07763709000236e-14  1.21142811460013e-13 -8.47460758041462e-16      1.19877617037784     -0.17160243437859 -6.14463462132089e-15 -1.62288167177932e-13
 3.88356597070581e-17  1.14622119395697e-16  2.59189520072941e-14  3.38117374418941e-14 -2.74097938412719e-13  7.37446083234053e-15     -0.17160243437859     0.802238410808345 -1.66158437379517e-15  -2.0118843541863e-13
-1.58315890588949e-16  3.21841165384665e-16   5.5766330289171e-14  5.28768054330909e-14 -8.20942911843955e-13    -0.231254371525969 -6.14463462132089e-15 -1.66158437379517e-15     0.876897587530804 -4.11353492614078e-13
 0.000455429758036691  0.000779239578101142    0.0377252850277274    0.0514570411763249     0.496985483268852  -5.4163335802367e-13 -1.62288167177932e-13  -2.0118843541863e-13 -4.11353492614078e-13     0.593647473397204
POPULATION (lambda : 0.6): 7.05839376108728
TOTAL ENERGY: -127.105947599283	 lambda: 0.7
1RDM (lambda : 0.7): 
     1.99999822197078    -1.68556973133e-07 -8.17289993511391e-05  4.48335736816833e-05 -3.41795188842777e-05  5.44819961211395e-16   3.1374297777193e-16  5.78697068798302e-17 -1.21881921808114e-16  0.000482499702018856
   -1.68556973133e-07      1.99999870613043 -3.93312833974042e-05 -5.72234132427707e-05 -0.000186768423826538  7.08653856108217e-16  3.03335378225791e-16  1.25711090240332e-16  3.30898750353191e-16  0.000840047421862621
