TOTAL ENERGY: -126.689772280023	 lambda: -1
1RDM (lambda : -1): 
     1.99999827681024 -1.24517713718979e-06  -0.00023605562993069 -5.19830419335792e-05 -0.000557378622733213 -1.09435259842561e-15 -1.98454327109603e-15 -4.63141825883633e-15   2.5808128275348e-15  -0.00138506621372859
-1.24517713718979e-06      1.99998488200631 -0.000493954237779353 -0.000767634226575086 -0.000250787999130837  1.69068220948309e-15  3.10408989279845e-15 -5.86039622149035e-17  2.85515784846721e-17  -0.00151169652411619
 -0.00023605562993069 -0.000493954237779353      1.94874905515711   -0.0289429535108163    -0.112246748102415 -3.68876855520892e-13 -6.76741903959215e-13 -1.64064624681196e-12  8.90831755712466e-13    -0.257923758350825
-5.19830419335792e-05 -0.000767634226575086   -0.0289429535108163      1.95232504607464   -0.0195787005836806  1.39288619532095e-12  2.55676850281311e-12  6.65650805879509e-12 -3.62160834848619e-12   -0.0719326922505052
-0.000557378622733213 -0.000250787999130837    -0.112246748102415   -0.0195787005836806      1.65454976869454  2.77414098851908e-12  5.09251651534854e-12  1.35726650998805e-11 -7.38849777396271e-12    -0.632568806210166
-1.09435259842561e-15  1.69068220948309e-15 -3.68876855520892e-13  1.39288619532095e-12  2.77414098851908e-12       1.8504382659152  2.58394501794238e-16 -0.000116869933721698     0.227961130131965 -1.54159150711853e-12
-1.98454327109603e-15  3.10408989279845e-15 -6.76741903959215e-13  2.55676850281311e-12  5.09251651534854e-12  2.58394501794238e-16      1.85043826591487    -0.227961130133278 -0.000116869933724854 -2.82387549331153e-12
-4.63141825883633e-15 -5.86039622149035e-17 -1.64064624681196e-12  6.65650805879509e-12  1.35726650998805e-11 -0.000116869933721698    -0.227961130133278     0.174381738030777  4.37315982307469e-16 -1.01292977158415e-11
  2.5808128275348e-15  2.85515784846721e-17  8.90831755712466e-13 -3.62160834848619e-12 -7.38849777396271e-12     0.227961130131965 -0.000116869933724854  4.37315982307469e-16      0.17438173803044  5.51324457686586e-12
 -0.00138506621372859  -0.00151169652411619    -0.257923758350825   -0.0719326922505052    -0.632568806210166 -1.54159150711853e-12 -2.82387549331153e-12 -1.01292977158415e-11  5.51324457686586e-12     0.394752963365938
POPULATION (lambda : -1): 5.23975011434739
TOTAL ENERGY: -126.806503076885	 lambda: -0.9
1RDM (lambda : -0.9): 
     1.99999846464067 -9.43355872923495e-07 -0.000197991264577413 -3.45016961512586e-05 -0.000485129892311971  2.44523575050832e-16  4.75217704848779e-16  9.75571345261076e-16 -4.64450234948818e-16  -0.00123923557822437
-9.43355872923495e-07      1.99998607867942 -0.000431354283876202 -0.000706923457042111 -0.000195410751115281 -3.58904587483942e-16 -6.65324523070879e-16  1.00069849533597e-16 -5.69129545682434e-17  -0.00134645852238433
-0.000197991264577413 -0.000431354283876202      1.95486277571625   -0.0254246117737192    -0.103092776859878   8.7208197701828e-14   1.6210799522798e-13   4.1772548000895e-13 -2.26650380528335e-13    -0.240579427709373
-3.45016961512586e-05 -0.000706923457042111   -0.0254246117737192       1.9557794500692   -0.0155005837557538 -2.92361994956737e-13 -5.42459510224665e-13 -1.53513752627479e-12  8.26707115947006e-13   -0.0638010635785982
-0.000485129892311971 -0.000195410751115281    -0.103092776859878   -0.0155005837557538      1.66931349247305 -5.83379636088136e-13 -1.08227458090405e-12 -3.14842932765995e-12  1.69147625731821e-12    -0.621080631224872
 2.44523575050832e-16 -3.58904587483942e-16   8.7208197701828e-14 -2.92361994956737e-13 -5.83379636088136e-13      1.84196690614105  1.85656088995594e-16 -9.12771708736805e-05     0.178042968159107  3.32196610280955e-13
 4.75217704848779e-16 -6.65324523070879e-16   1.6210799522798e-13 -5.42459510224665e-13 -1.08227458090405e-12  1.85656088995594e-16      1.84196690614083    -0.178042968160498 -9.12771708768472e-05  6.21626028378128e-13
 9.75571345261076e-16  1.00069849533597e-16   4.1772548000895e-13 -1.53513752627479e-12 -3.14842932765995e-12 -9.12771708736805e-05    -0.178042968160498     0.181200590485811   3.0970438511374e-16  2.25032175785471e-12
-4.64450234948818e-16 -5.69129545682434e-17 -2.26650380528335e-13  8.26707115947006e-13  1.69147625731821e-12     0.178042968159107 -9.12771708768472e-05   3.0970438511374e-16     0.181200590485584 -1.20968556785373e-12
 -0.00123923557822437  -0.00134645852238433    -0.240579427709373   -0.0638010635785982    -0.621080631224872  3.32196610280955e-13  6.21626028378128e-13  2.25032175785471e-12 -1.20968556785373e-12     0.373724745168131
POPULATION (lambda : -0.9): 5.36266179560294
TOTAL ENERGY: -126.914337998758	 lambda: -0.8
1RDM (lambda : -0.8): 
     1.99999861938531 -6.76766946101601e-07 -0.000162718791877364 -1.77055580538208e-05 -0.000410082284936457  1.11506017020959e-15  2.13224059528585e-15  4.91376820683336e-15 -2.52847215046068e-15  -0.00108614580969156
-6.76766946101601e-07      1.99998726026625 -0.000372882890908892 -0.000646694504113625 -0.000143783227548918 -1.62496935514364e-15 -3.07912508062176e-15  7.31410443923864e-16 -3.88220640143977e-16  -0.00118112435544584
-0.000162718791877364 -0.000372882890908892      1.96061720496944    -0.021960760659142   -0.0938326458041399  3.76600081666687e-13  7.13882271257316e-13  2.04999409299842e-12 -1.08210842128077e-12    -0.221939047015896
-1.77055580538208e-05 -0.000646694504113625    -0.021960760659142      1.95926743646976   -0.0112592987416873 -1.20899905950051e-12 -2.29119162001546e-12 -6.98744274414867e-12  3.68289490785336e-12   -0.0542073006539784
-0.000410082284936457 -0.000143783227548918   -0.0938326458041399   -0.0112592987416873      1.68534405314494 -2.48698647755982e-12 -4.71330168208497e-12  -1.4924412294462e-11  7.86196867190631e-12    -0.602000694377564
 1.11506017020959e-15 -1.62496935514364e-15  3.76600081666687e-13 -1.20899905950051e-12 -2.48698647755982e-12      1.83156773062482  7.63217408201384e-17  -6.7412992886298e-05     0.131493352238983  1.30414998488498e-12
 2.13224059528585e-15 -3.07912508062176e-15  7.13882271257316e-13 -2.29119162001546e-12 -4.71330168208497e-12  7.63217408201384e-17      1.83156773062461    -0.131493352240023 -6.74129928896198e-05  2.47592202395102e-12
 4.91376820683336e-15  7.31410443923864e-16  2.04999409299842e-12 -6.98744274414867e-12  -1.4924412294462e-11  -6.7412992886298e-05    -0.131493352240023     0.189976343662231  1.94624134820764e-16  1.01446303057893e-11
-2.52847215046068e-15 -3.88220640143977e-16 -1.08210842128077e-12  3.68289490785336e-12  7.86196867190631e-12     0.131493352238983 -6.74129928896198e-05  1.94624134820764e-16      0.18997634366203  -5.3447043982664e-12
 -0.00108614580969156  -0.00118112435544584    -0.221939047015896   -0.0542073006539784    -0.602000694377564  1.30414998488498e-12  2.47592202395102e-12  1.01446303057893e-11  -5.3447043982664e-12       0.3516972771906
POPULATION (lambda : -0.8): 5.48955913336031
TOTAL ENERGY: -127.010908294035	 lambda: -0.7
1RDM (lambda : -0.7): 
     1.99999873680638 -4.48314677005023e-07 -0.000131229530065144 -2.33375889245268e-06 -0.000337097581472122  9.58544282331846e-16  1.87931657180471e-15  4.29751223561828e-15 -2.14737175399019e-15 -0.000924947633265626
-4.48314677005023e-07      1.99998840274799 -0.000319601950231756 -0.000588528958652492 -9.82955270038338e-05 -1.35658375465677e-15 -2.63625585278655e-15  8.72683951669291e-16 -4.50930593231478e-16  -0.00101575665426379
-0.000131229530065144 -0.000319601950231756      1.96581650423404    -0.018729943905524   -0.0854650196322678   3.1548821628704e-13  6.13083073809991e-13  1.89638781775804e-12 -9.76406915729508e-13    -0.202281625129397
-2.33375889245268e-06 -0.000588528958652492    -0.018729943905524      1.96262068367207   -0.0075245445596108 -9.46184211633494e-13 -1.83851921160248e-12 -6.01048364209059e-12  3.08980142045124e-12   -0.0433359152730327
-0.000337097581472122 -9.82955270038338e-05   -0.0854650196322678   -0.0075245445596108      1.69815015307138 -1.97704092659994e-12 -3.84206580001281e-12 -1.33519658552744e-11   6.8591728275098e-12    -0.578415074463931
 9.58544282331846e-16 -1.35658375465677e-15   3.1548821628704e-13 -9.46184211633494e-13 -1.97704092659994e-12      1.81876523040341  5.96971640638855e-18  -4.4709582076177e-05    0.0872201995479572  1.00487000509963e-12
 1.87931657180471e-15 -2.63625585278655e-15  6.13083073809991e-13 -1.83851921160248e-12 -3.84206580001281e-12  5.96971640638855e-18       1.8187652304033    -0.087220199549184 -4.47095820794294e-05  1.95596690411003e-12
 4.29751223561828e-15  8.72683951669291e-16  1.89638781775804e-12 -6.01048364209059e-12 -1.33519658552744e-11  -4.4709582076177e-05    -0.087220199549184     0.201143699156577  7.33139880858371e-17  8.64707803866324e-12
-2.14737175399019e-15 -4.50930593231478e-16 -9.76406915729508e-13  3.08980142045124e-12   6.8591728275098e-12    0.0872201995479572 -4.47095820794294e-05  7.33139880858371e-17      0.20114369915647 -4.44283370523916e-12
-0.000924947633265626  -0.00101575665426379    -0.202281625129397   -0.0433359152730327    -0.578415074463931  1.00487000509963e-12  1.95596690411003e-12  8.64707803866324e-12 -4.44283370523916e-12     0.333607660348395
POPULATION (lambda : -0.7): 5.61832216177787
TOTAL ENERGY: -127.093771263089	 lambda: -0.6
1RDM (lambda : -0.6): 
     1.99999881301776 -2.60393862666541e-07 -0.000104318006103398  1.08918469831542e-05 -0.000269712520281938 -1.87179166264172e-15 -3.72272475790641e-15 -8.63612272490604e-15  4.38073161525074e-15 -0.000758454539293512
-2.60393862666541e-07      1.99998947578524 -0.000271958697903946 -0.000533951161473768  -5.8920458014883e-05  2.58983871788701e-15  5.16781252864976e-15 -2.11738805648492e-15   1.0573973428663e-15 -0.000851373219452097
-0.000104318006103398 -0.000271958697903946      1.97039768764469   -0.0158574338020422   -0.0784421591858052 -5.84105747416555e-13 -1.16625888501097e-12 -3.89334370910582e-12  1.94589612794037e-12    -0.182254997203125
 1.08918469831542e-05 -0.000533951161473768   -0.0158574338020422      1.96572131740247  -0.00467762319678716   1.6630669055521e-12  3.32047905022214e-12  1.15328696137825e-11 -5.76846654305945e-12   -0.0320445865926628
-0.000269712520281938  -5.8920458014883e-05   -0.0784421591858052  -0.00467762319678716      1.70536969202618  3.51697776153115e-12  7.02127390090431e-12  2.69070746026416e-11 -1.34634473533721e-11    -0.555450903625746
-1.87179166264172e-15  2.58983871788701e-15 -5.84105747416555e-13   1.6630669055521e-12  3.51697776153115e-12      1.80309233229153 -1.17221114010356e-16 -2.25316289803017e-05    0.0439846014701337 -1.68343962725165e-12
-3.72272475790641e-15  5.16781252864976e-15 -1.16625888501097e-12  3.32047905022214e-12  7.02127390090431e-12 -1.17221114010356e-16      1.80309233229152   -0.0439846014713934 -2.25316289837824e-05 -3.35917045728387e-12
-8.63612272490604e-15 -2.11738805648492e-15 -3.89334370910582e-12  1.15328696137825e-11  2.69070746026416e-11 -2.25316289803017e-05   -0.0439846014713934     0.215132316994746  -9.3462951418663e-17 -1.66007548732629e-11
 4.38073161525074e-15   1.0573973428663e-15  1.94589612794037e-12 -5.76846654305945e-12 -1.34634473533721e-11    0.0439846014701337 -2.25316289837824e-05  -9.3462951418663e-17     0.215132316994733  8.30562773601476e-12
-0.000758454539293512 -0.000851373219452097    -0.182254997203125   -0.0320445865926628    -0.555450903625746 -1.68343962725165e-12 -3.35917045728387e-12 -1.66007548732629e-11  8.30562773601476e-12     0.322073715551103
POPULATION (lambda : -0.6): 5.74576950017045
TOTAL ENERGY: -127.162173373742	 lambda: -0.5
1RDM (lambda : -0.5): 
     1.99999884733382 -1.12596598471834e-07 -8.21883642933759e-05  2.17657124133836e-05 -0.000208496195027233 -4.86482507140024e-15 -9.95423925812252e-15 -2.17773923274236e-14  1.06753530461985e-14 -0.000590014533161006
-1.12596598471834e-07      1.99999046300766 -0.000229366618020326 -0.000483261626290688 -2.29313466056455e-05  6.48103866867372e-15  1.32713811632829e-14 -6.54498313141218e-15  3.18939685470309e-15 -0.000687886313639557
-8.21883642933759e-05 -0.000229366618020326      1.97445316710937   -0.0133288676084265   -0.0724930463618968 -1.44077890929044e-12 -2.95183367560713e-12 -1.04938555751523e-11  5.11401476739399e-12    -0.162429143199303
 2.17657124133836e-05 -0.000483261626290688   -0.0133288676084265      1.96858551953432  -0.00260483122235724  3.87292823790156e-12  7.93462501005672e-12  2.89848125740012e-11 -1.41291173426552e-11   -0.0213645508772524
-0.000208496195027233 -2.29313466056455e-05   -0.0724930463618968  -0.00260483122235724      1.70767069898801  8.13275033359722e-12  1.66610992531141e-11  7.07305648877101e-11 -3.44844836557301e-11     -0.53777822591149
-4.86482507140024e-15  6.48103866867372e-15 -1.44077890929044e-12  3.87292823790156e-12  8.13275033359722e-12      1.78416686374247 -1.60511910910817e-16 -2.97584745431551e-07  0.000583306864520922 -3.80648665390658e-12
-9.95423925812252e-15  1.32713811632829e-14 -2.95183367560713e-12  7.93462501005672e-12  1.66610992531141e-11 -1.60511910910817e-16      1.78416686374265 -0.000583306865941473 -2.97584748798928e-07 -7.79824592337159e-12
-2.17773923274236e-14 -6.54498313141218e-15 -1.04938555751523e-11  2.89848125740012e-11  7.07305648877101e-11 -2.97584745431551e-07 -0.000583306865941473     0.232291324625745 -2.31673336260789e-16 -4.18445305662635e-11
 1.06753530461985e-14  3.18939685470309e-15  5.11401476739399e-12 -1.41291173426552e-11 -3.44844836557301e-11  0.000583306864520922 -2.97584748798928e-07 -2.31673336260789e-16     0.232291324625912  2.03999250520492e-11
-0.000590014533161006 -0.000687886313639557    -0.162429143199303   -0.0213645508772524     -0.53777822591149 -3.80648665390658e-12 -7.79824592337159e-12 -4.18445305662635e-11  2.03999250520492e-11     0.316384927290075
POPULATION (lambda : -0.5): 5.87008841836429
TOTAL ENERGY: -127.217095673123	 lambda: -0.4
1RDM (lambda : -0.4): 
      1.9999988416894 -2.91073999435018e-09 -6.46626051084318e-05  3.06050636245355e-05 -0.000151954432419609 -9.48437253164256e-15 -1.98446594092393e-14 -4.01237852890261e-14  1.91971638576764e-14 -0.000420750537035438
-2.91073999435018e-09      1.99999137140509 -0.000190628587167381 -0.000435294977881485  1.32964824239548e-05  1.19963807312824e-14  2.51022707159231e-14 -1.42224390078253e-14  6.78443965064783e-15 -0.000522678231031847
-6.46626051084318e-05 -0.000190628587167381       1.9781442452987   -0.0110029092649605   -0.0668925511314556 -2.60121757005334e-12 -5.44567325413268e-12 -2.06544184621155e-11  9.85182460235408e-12    -0.142897105071764
 3.06050636245355e-05 -0.000435294977881485   -0.0110029092649605      1.97135378913983 -0.000788825344245963  6.69089488192184e-12  1.40076273905769e-11  5.31204236981138e-11  -2.5340914517632e-11   -0.0119377202171856
-0.000151954432419609  1.32964824239548e-05   -0.0668925511314556 -0.000788825344245963      1.70791116475194    1.375577524411e-11  2.87977448804061e-11  1.35086561482394e-10 -6.44489864122908e-11    -0.527387554418651
-9.48437253164256e-15  1.19963807312824e-14 -2.60121757005334e-12  6.69089488192184e-12    1.375577524411e-11      1.76130099318083 -2.00317722297457e-16  2.23296261678677e-05   -0.0435534749023444 -6.33557254471855e-12
-1.98446594092393e-14  2.51022707159231e-14 -5.44567325413268e-12  1.40076273905769e-11  2.87977448804061e-11 -2.00317722297457e-16      1.76130099318091    0.0435534749012798  2.23296261648944e-05 -1.32659818015564e-11
-4.01237852890261e-14 -1.42224390078253e-14 -2.06544184621155e-11  5.31204236981138e-11  1.35086561482394e-10  2.23296261678677e-05    0.0435534749012798     0.253289670302676 -2.35640484314788e-16 -7.72987456214921e-11
 1.91971638576764e-14  6.78443965064783e-15  9.85182460235408e-12  -2.5340914517632e-11 -6.44489864122908e-11   -0.0435534749023444  2.23296261648944e-05 -2.35640484314788e-16     0.253289670302761  3.68766789221416e-11
-0.000420750537035438 -0.000522678231031847    -0.142897105071764   -0.0119377202171856    -0.527387554418651 -6.33557254471855e-12 -1.32659818015564e-11 -7.72987456214921e-11  3.68766789221416e-11     0.313419260747871
POPULATION (lambda : -0.4): 5.9921178631316
TOTAL ENERGY: -127.259979889949	 lambda: -0.3
1RDM (lambda : -0.3): 
      1.9999987980649  6.93306897255622e-08 -5.17097811367946e-05  3.78686681957908e-05 -9.89122867818309e-05 -1.59665362441951e-14 -3.38911653444179e-14 -6.17792244960129e-14  2.91090272297867e-14 -0.000249208570532869
 6.93306897255622e-08      1.99999222479635  -0.00015488250158134 -0.000388201078231127  5.16879047754076e-05  1.86706057436556e-14  3.96226873947751e-14 -2.49075190715842e-14  1.17161083601548e-14 -0.000351234932741762
-5.17097811367946e-05  -0.00015488250158134      1.98157017881425  -0.00870449377315216   -0.0609416090417364 -3.95217809456262e-12 -8.39153991946897e-12 -3.40352870628074e-11  1.60076821782088e-11    -0.123163862965667
 3.78686681957908e-05 -0.000388201078231127  -0.00870449377315216      1.97419482478249   0.00140544248574271   9.8809722135524e-12   2.0980952516096e-11  8.12584427574269e-11 -3.82207379418486e-11  -0.00369633406152042
-9.89122867818309e-05  5.16879047754076e-05   -0.0609416090417364   0.00140544248574271      1.70946642526968  1.96627997212359e-11  4.17522272002517e-11  2.13123104138864e-10 -1.00251917144535e-10    -0.522573496870698
-1.59665362441951e-14  1.86706057436556e-14 -3.95217809456262e-12   9.8809722135524e-12  1.96627997212359e-11      1.73331227430435 -2.35683656793409e-16  4.49453518597015e-05    -0.087665199530434 -9.10494716158968e-12
-3.38911653444179e-14  3.96226873947751e-14 -8.39153991946897e-12   2.0980952516096e-11  4.17522272002517e-11 -2.35683656793409e-16       1.7333122743045    0.0876651995293651  4.49453518569674e-05  -1.9338987591934e-11
-6.17792244960129e-14 -2.49075190715842e-14 -3.40352870628074e-11  8.12584427574269e-11  2.13123104138864e-10  4.49453518597015e-05    0.0876651995293651      0.27932492633238 -3.03057962314821e-16 -1.19445946307984e-10
 2.91090272297867e-14  1.17161083601548e-14  1.60076821782088e-11 -3.82207379418486e-11 -1.00251917144535e-10    -0.087665199530434  4.49453518569674e-05 -3.03057962314821e-16     0.279324926332522  5.61831025911785e-11
-0.000249208570532869 -0.000351234932741762    -0.123163862965667  -0.00369633406152042    -0.522573496870698 -9.10494716158968e-12  -1.9338987591934e-11 -1.19445946307984e-10  5.61831025911785e-11     0.309503146998634
POPULATION (lambda : -0.3): 6.11469634363692
TOTAL ENERGY: -127.291437460607	 lambda: -0.2
1RDM (lambda : -0.2): 
     1.99999871657335  1.01906233011962e-07 -4.38119329391504e-05  4.37315963306667e-05 -5.05716811071972e-05 -1.28248607949496e-14 -2.73247510488435e-14 -4.40441749707126e-14   2.0688056353477e-14 -7.34642180883238e-05
 1.01906233011962e-07      1.99999304794867 -0.000122434561067963   -0.0003407023617298  9.04932087848101e-05  1.33668234509505e-14  2.84730566693483e-14 -1.93176622636632e-14  9.05249082276075e-15 -0.000169672099873622
-4.38119329391504e-05 -0.000122434561067963      1.98466766887067  -0.00634100432155061   -0.0544074206046317 -2.80671725032887e-12 -5.98229812726212e-12 -2.59314493166063e-11  1.21497722965469e-11    -0.102381850994125
 4.37315963306667e-05   -0.0003407023617298  -0.00634100432155061      1.97718804009491   0.00442083281674502  6.92604903500638e-12  1.47633949144759e-11  5.72490159178485e-11 -2.68253760879398e-11   0.00410373332128176
-5.05716811071972e-05  9.04932087848101e-05   -0.0544074206046317   0.00442083281674502      1.71463243000778  1.33360872485036e-11  2.84283531022454e-11  1.52287170046283e-10 -7.13647660076366e-11    -0.518383278959022
-1.28248607949496e-14  1.33668234509505e-14 -2.80671725032887e-12  6.92604903500638e-12  1.33360872485036e-11       1.6989914787784 -7.22219710455036e-16  6.63614190714505e-05    -0.129436713073757 -6.40502577839952e-12
-2.73247510488435e-14  2.84730566693483e-14 -5.98229812726212e-12  1.47633949144759e-11  2.84283531022454e-11 -7.22219710455036e-16      1.69899147877863     0.129436713072778  6.63614190676517e-05 -1.36583454991938e-11
-4.40441749707126e-14 -1.93176622636632e-14 -2.59314493166063e-11  5.72490159178485e-11  1.52287170046283e-10  6.63614190714505e-05     0.129436713072778     0.311672089388002 -8.10318938067306e-16 -8.48541167126347e-11
  2.0688056353477e-14  9.05249082276075e-15  1.21497722965469e-11 -2.68253760879398e-11 -7.13647660076366e-11    -0.129436713073757  6.63614190676517e-05 -8.10318938067306e-16     0.311672089388228  3.97607355851822e-11
-7.34642180883238e-05 -0.000169672099873622    -0.102381850994125   0.00410373332128176    -0.518383278959022 -6.40502577839952e-12 -1.36583454991938e-11 -8.48541167126347e-11  3.97607355851822e-11     0.302192960171358
POPULATION (lambda : -0.2): 6.24066929675587
TOTAL ENERGY: -127.310901163241	 lambda: -0.1
1RDM (lambda : -0.1): 
     1.99999859578312  9.14882749381006e-08 -4.18169616290437e-05  4.79055235610205e-05 -1.07554788223413e-05   6.9086600919837e-15  1.46301479205627e-14  2.05476672193777e-14  -9.6343587107432e-15  0.000105762596734827
 9.14882749381006e-08       1.9999938499734 -9.49352900281999e-05 -0.000293200231780192  0.000124135483050628 -6.17217327314356e-15 -1.30583684993359e-14  9.38394281253242e-15 -4.42866754178467e-15  2.20131474962023e-05
-4.18169616290437e-05 -9.49352900281999e-05        1.987203122317  -0.00398787664322476   -0.0477249675400476  1.33434322263244e-12   2.8242565725823e-12  1.29553014827832e-11 -6.11427117571582e-12   -0.0798618188808598
 4.79055235610205e-05 -0.000293200231780192  -0.00398787664322476       1.9802480759887   0.00826545858558452 -3.27433192957859e-12  -6.9313308706216e-12 -2.63272104612486e-11  1.24230186104676e-11    0.0125045269942864
-1.07554788223413e-05  0.000124135483050628   -0.0477249675400476   0.00826545858558452      1.72358551512219 -6.19587799227231e-12 -1.31195050401644e-11 -6.94438486925412e-11   3.2764100894402e-11    -0.508559511307972
  6.9086600919837e-15 -6.17217327314356e-15  1.33434322263244e-12 -3.27433192957859e-12 -6.19587799227231e-12      1.65816053438694 -3.70404531117935e-16  8.49428839909544e-05    -0.165679585019701  3.18316377226378e-12
 1.46301479205627e-14 -1.30583684993359e-14   2.8242565725823e-12  -6.9313308706216e-12 -1.31195050401644e-11 -3.70404531117935e-16      1.65816053438735     0.165679585018602  8.49428839883542e-05  6.74102418011272e-12
 2.05476672193777e-14  9.38394281253242e-15  1.29553014827832e-11 -2.63272104612486e-11 -6.94438486925412e-11  8.49428839909544e-05     0.165679585018602     0.350621639675132 -5.75007919681083e-16  3.90696528862886e-11
 -9.6343587107432e-15 -4.42866754178467e-15 -6.11427117571582e-12  1.24230186104676e-11   3.2764100894402e-11    -0.165679585019701  8.49428839883542e-05 -5.75007919681083e-16     0.350621639675543 -1.84327146195968e-11
 0.000105762596734827  2.20131474962023e-05   -0.0798618188808598    0.0125045269942864    -0.508559511307972  3.18316377226378e-12  6.74102418011272e-12  3.90696528862886e-11 -1.84327146195968e-11     0.291406492690641
POPULATION (lambda : -0.1): 6.37060056093961
TOTAL ENERGY: -127.317458306463	 lambda: 0
1RDM (lambda : 0): 
     1.99999843473893  3.81546072873629e-08 -4.62718766080192e-05  4.98627295922893e-05  1.63265279724647e-05  3.97253251470779e-15  8.36094330554473e-15  1.03270294567457e-14 -4.84822046048704e-15  0.000283328466246476
 3.81546072873629e-08      1.99999461525708  -7.4589818861231e-05 -0.000248076936267515  0.000145823991570647 -2.94597565630516e-15 -6.19166601277994e-15  4.63808359506919e-15  -2.2031681569403e-15   0.00021812443717414
-4.62718766080192e-05  -7.4589818861231e-05      1.98889497247072  -0.00188849654699223   -0.0417660243444615   6.9115532989861e-13   1.4532279005762e-12  6.90386918203457e-12 -3.28045450420384e-12   -0.0556109173557703
 4.98627295922893e-05 -0.000248076936267515  -0.00188849654699223      1.98313703289794    0.0124191737317491 -1.67833555929154e-12 -3.52938942298249e-12 -1.28676572931042e-11  6.11252858187873e-12    0.0222311048243185
 1.63265279724647e-05  0.000145823991570647   -0.0417660243444615    0.0124191737317491      1.73448210306209 -3.21267940730811e-12 -6.75923859449373e-12 -3.29019923859537e-11  1.56251079357851e-11    -0.488533986234759
 3.97253251470779e-15 -2.94597565630516e-15   6.9115532989861e-13 -1.67833555929154e-12 -3.21267940730811e-12      1.61272652673626 -3.14168111650159e-16  9.93908724980437e-05    -0.193860285790296  1.73961085438927e-12
 8.36094330554473e-15 -6.19166601277994e-15   1.4532279005762e-12 -3.52938942298249e-12 -6.75923859449373e-12 -3.14168111650159e-16      1.61272652673666      0.19386028578933   9.9390872495869e-05  3.65963209830908e-12
 1.03270294567457e-14  4.63808359506919e-15  6.90386918203457e-12 -1.28676572931042e-11 -3.29019923859537e-11  9.93908724980437e-05      0.19386028578933     0.394393266847334 -5.13822042287084e-16  1.89190020319264e-11
-4.84822046048704e-15  -2.2031681569403e-15 -3.28045450420384e-12  6.11252858187873e-12  1.56251079357851e-11    -0.193860285790296   9.9390872495869e-05 -5.13822042287084e-16     0.394393266847728 -8.98471467088845e-12
 0.000283328466246476   0.00021812443717414   -0.0556109173557703    0.0222311048243185    -0.488533986234759  1.73961085438927e-12  3.65963209830908e-12  1.89190020319264e-11 -8.98471467088845e-12     0.279253254405342
POPULATION (lambda : 0): 6.50147420622236
TOTAL ENERGY: -127.311208693595	 lambda: 0.1
1RDM (lambda : 0.1): 
     1.99999823401421 -5.10962255003941e-08 -5.67584194813542e-05  4.93838138582644e-05  2.95392420665128e-05 -1.62346577118559e-17 -2.32485661368868e-17 -9.06565977583414e-17  9.57248395567767e-17  0.000451356791847396
-5.10962255003941e-08      1.99999530931722 -6.27523027165343e-05 -0.000208710270307351  0.000151999839731226  1.83984130634865e-18   2.6385008379819e-18  1.67891574109703e-18   1.8562727723142e-20  0.000409278782129904
-5.67584194813542e-05 -6.27523027165343e-05      1.98960613077058 -0.000336474643217031   -0.0372159960358808 -1.13284959793414e-15 -2.52403378259912e-15 -1.00714113528933e-14  3.88239484036092e-15   -0.0304603819785432
 4.93838138582644e-05 -0.000208710270307351 -0.000336474643217031      1.98557550169557    0.0160094656524776  2.15751079276623e-15  4.79486166728453e-15  2.34523230374332e-14 -1.07927132136504e-14    0.0331878619806885
 2.95392420665128e-05  0.000151999839731226   -0.0372159960358808    0.0160094656524776      1.74505153526238  7.10737999396864e-15  1.35647764532928e-14  8.99835087551566e-14 -4.64045105910158e-14    -0.457766952359087
-1.62346577118559e-17  1.83984130634865e-18 -1.13284959793414e-15  2.15751079276623e-15  7.10737999396864e-15      1.56677378479224  -2.1271204665348e-16  0.000109516998503811    -0.213611197883499  9.89722439650483e-15
-2.32485661368868e-17   2.6385008379819e-18 -2.52403378259912e-15  4.79486166728453e-15  1.35647764532928e-14  -2.1271204665348e-16      1.56677378479265     0.213611197882684  0.000109516998501882  2.03672439796379e-14
-9.06565977583414e-17  1.67891574109703e-18 -1.00714113528933e-14  2.34523230374332e-14  8.99835087551566e-14  0.000109516998503811     0.213611197882684     0.438997383095143 -4.22749999555358e-16 -3.93781378049896e-14
 9.57248395567767e-17   1.8562727723142e-20  3.88239484036092e-15 -1.07927132136504e-14 -4.64045105910158e-14    -0.213611197883499  0.000109516998501882 -4.22749999555358e-16     0.438997383095553  1.95913953019999e-14
 0.000451356791847396  0.000409278782129904   -0.0304603819785432    0.0331878619806885    -0.457766952359087  9.89722439650483e-15  2.03672439796379e-14 -3.93781378049896e-14  1.95913953019999e-14      0.26823095316449
POPULATION (lambda : 0.1): 6.62772397677876
TOTAL ENERGY: -127.293801481142	 lambda: 0.2
1RDM (lambda : 0.2): 
     1.99999799343892 -1.63999245044372e-07 -7.19553113484334e-05  4.70085087997463e-05  3.24304400541541e-05 -1.02135228153748e-17 -9.40007678429614e-18 -7.02569515864239e-17  8.44080366586975e-17  0.000603693235787741
-1.63999245044372e-07      1.99999589736144 -5.90480026069566e-05 -0.000177701390149901  0.000144976170809259 -4.77364341752097e-18 -1.04592815806909e-17   8.5566725669442e-18   -2.922473775351e-18  0.000587736971574137
-7.19553113484334e-05 -5.90480026069566e-05      1.98944071254881  0.000492681041282425   -0.0340547442408372 -1.55564467361218e-17 -3.00383368436462e-16  2.86379806900013e-15 -2.40878778731993e-15  -0.00557216061634095
 4.70085087997463e-05 -0.000177701390149901  0.000492681041282425      1.98738561573348    0.0182250444169462 -1.21139352097003e-15 -1.94836767748773e-15  1.32486908507817e-15   1.3591582286563e-16    0.0444852888799276
 3.24304400541541e-05  0.000144976170809259   -0.0340547442408372    0.0182250444169462       1.7545979232586  1.07238851622694e-16 -7.33947591685226e-16  3.51739451125523e-14 -1.91849751503131e-14    -0.419450622947407
-1.02135228153748e-17 -4.77364341752097e-18 -1.55564467361218e-17 -1.21139352097003e-15  1.07238851622694e-16      1.52523187634437 -2.69317306327317e-16  0.000116399199510389    -0.227033795541994  1.29873173624915e-14
-9.40007678429614e-18 -1.04592815806909e-17 -3.00383368436462e-16 -1.94836767748773e-15 -7.33947591685226e-16 -2.69317306327317e-16      1.52523187634488     0.227033795541135  0.000116399199508425  2.63909982639587e-14
-7.02569515864239e-17   8.5566725669442e-18  2.86379806900013e-15  1.32486908507817e-15  3.51739451125523e-14  0.000116399199510389     0.227033795541135     0.479537765088346 -5.30503056575474e-16 -6.00244057651352e-15
 8.44080366586975e-17   -2.922473775351e-18 -2.40878778731993e-15   1.3591582286563e-16 -1.91849751503131e-14    -0.227033795541994  0.000116399199508425 -5.30503056575474e-16     0.479537765088861  2.92149144585713e-15
 0.000603693235787741  0.000587736971574137  -0.00557216061634095    0.0444852888799276    -0.419450622947407  1.29873173624915e-14  2.63909982639587e-14 -6.00244057651352e-15  2.92149144585713e-15     0.259042574792329
POPULATION (lambda : 0.2): 6.7443897368977
TOTAL ENERGY: -127.267498057359	 lambda: 0.3
1RDM (lambda : 0.3): 
     1.99999770780839  -2.8900932539977e-07 -9.04584870314026e-05   4.4000182692796e-05  3.14379730977902e-05 -1.20578572603032e-17 -1.16770035732885e-17 -6.88428359177497e-17  8.28257711152066e-17  0.000739325372274741
 -2.8900932539977e-07      1.99999636048395 -6.18015213265682e-05 -0.000155730855978289  0.000131247426439081 -6.28830959976183e-18 -1.32524373136581e-17   7.6273621483195e-18 -2.01111951962005e-18  0.000751700136410055
-9.04584870314026e-05 -6.18015213265682e-05      1.98865582507082  0.000625966168374804    -0.031612996362802  -2.1932496340353e-16  -7.3133020965671e-16  2.97033199434812e-15 -2.36124713626536e-15    0.0182606316690023
  4.4000182692796e-05 -0.000155730855978289  0.000625966168374804      1.98855468005347    0.0186711413387388 -1.40762726731983e-15 -2.29204958589054e-15  1.07950248810127e-15  2.46497288796417e-16     0.054960416661929
 3.14379730977902e-05  0.000131247426439081    -0.031612996362802    0.0186711413387388      1.76457059715157 -6.18843997874705e-16  -2.3281807883159e-15  3.40095885735705e-14 -1.84995710829448e-14    -0.377894429168939
-1.20578572603032e-17 -6.28830959976183e-18  -2.1932496340353e-16 -1.40762726731983e-15 -6.18843997874705e-16       1.4920406472493 -3.77399826569333e-16  0.000121827389864898    -0.237622079262741  1.27572741902837e-14
-1.16770035732885e-17 -1.32524373136581e-17  -7.3133020965671e-16 -2.29204958589054e-15  -2.3281807883159e-15 -3.77399826569333e-16      1.49204064724964     0.237622079262031  0.000121827389863176  2.57035349043633e-14
-6.88428359177497e-17   7.6273621483195e-18  2.97033199434812e-15  1.07950248810127e-15  3.40095885735705e-14  0.000121827389864898     0.237622079262031     0.512053296489495  -5.5643176175745e-16 -4.21347145000421e-15
 8.28257711152066e-17 -2.01111951962005e-18 -2.36124713626536e-15  2.46497288796417e-16 -1.84995710829448e-14    -0.237622079262741  0.000121827389863176  -5.5643176175745e-16     0.512053296489842  1.88574801793705e-15
 0.000739325372274741  0.000751700136410055    0.0182606316690023     0.054960416661929    -0.377894429168939  1.27572741902837e-14  2.57035349043633e-14 -4.21347145000421e-15  1.88574801793705e-15     0.250036941953602
POPULATION (lambda : 0.3): 6.84995432929253
TOTAL ENERGY: -127.233639982335	 lambda: 0.4
1RDM (lambda : 0.4): 
     1.99999736404073 -4.20433983102272e-07 -0.000111627598152582  4.19474521165124e-05  3.27077430314646e-05 -1.35570506465407e-17 -1.37771391400938e-17 -6.80993036152526e-17  8.19629025906835e-17  0.000862342891767484
-4.20433983102272e-07      1.99999669793983  -6.9195860619884e-05 -0.000141751433322061  0.000117493452372664 -7.63038471551227e-18 -1.57654795518329e-17  6.65350871582287e-18 -1.06433219451552e-18  0.000905407523862091
-0.000111627598152582  -6.9195860619884e-05      1.98749119016628  0.000250870611581016   -0.0290498306344228 -4.54937803145986e-16 -1.18187386667384e-15  2.91090518248788e-15 -2.18737851458348e-15    0.0409433946211016
 4.19474521165124e-05 -0.000141751433322061  0.000250870611581016      1.98918723952261     0.017431904041105 -1.49186771464685e-15 -2.47155385729963e-15  1.09483544158728e-15  1.61560200993615e-16    0.0636994180982227
 3.27077430314646e-05  0.000117493452372664   -0.0290498306344228     0.017431904041105      1.77743768054592 -1.18134098670843e-15 -3.67770624431463e-15  3.38352240646786e-14 -1.84330098236942e-14    -0.336036175216778
-1.35570506465407e-17 -7.63038471551227e-18 -4.54937803145986e-16 -1.49186771464685e-15 -1.18134098670843e-15      1.46918305717814 -2.04978192918953e-16   0.00012760698719205    -0.248895824059136  1.25684501906424e-14
-1.37771391400938e-17 -1.57654795518329e-17 -1.18187386667384e-15 -2.47155385729963e-15 -3.67770624431463e-15 -2.04978192918953e-16      1.46918305717863     0.248895824058398  0.000127606987189985   2.5132082792619e-14
-6.80993036152526e-17  6.65350871582287e-18  2.91090518248788e-15  1.09483544158728e-15  3.38352240646786e-14   0.00012760698719205     0.248895824058398     0.534515171540535 -4.98330486797958e-16 -2.83876156465076e-15
 8.19629025906835e-17 -1.06433219451552e-18 -2.18737851458348e-15  1.61560200993615e-16 -1.84330098236942e-14    -0.248895824059136  0.000127606987189985 -4.98330486797958e-16     0.534515171541025  1.15208962294809e-15
 0.000862342891767484  0.000905407523862091    0.0409433946211016    0.0636994180982227    -0.336036175216778  1.25684501906424e-14   2.5132082792619e-14 -2.83876156465076e-15  1.15208962294809e-15     0.238493370346364
POPULATION (lambda : 0.4): 6.94684570077953
TOTAL ENERGY: -127.191682671151	 lambda: 0.5
1RDM (lambda : 0.5): 
     1.99999694138592 -5.59833737555283e-07 -0.000135935915247947  4.23833875321643e-05  4.00379390027011e-05 -1.43173929901597e-17  -1.5636459318124e-17 -6.77885420771524e-17  8.14186182111811e-17  0.000979727429662547
-5.59833737555283e-07      1.99999691935225  -8.0150984409496e-05 -0.000133879624204943  0.000107667650861816 -9.00462637782351e-18 -1.82775889631393e-17  5.75982795666872e-18 -1.97929791089912e-19   0.00105628429066629
-0.000135935915247947  -8.0150984409496e-05      1.98605278465303 -0.000375446161777175   -0.0257945237631492 -6.87445210001837e-16  -1.6735132051287e-15  2.76008193442363e-15 -2.09873710134724e-15    0.0629574906443253
 4.23833875321643e-05 -0.000133879624204943 -0.000375446161777175      1.98941516860245    0.0149262695815156 -1.55838755311841e-15 -2.53113375020544e-15  1.25254431219463e-15  1.63409033418333e-16    0.0702497295684715
 4.00379390027011e-05  0.000107667650861816   -0.0257945237631492    0.0149262695815156      1.79511900504823 -1.82259515190526e-15 -4.88148524723352e-15  3.43399308094771e-14 -1.83810421343891e-14    -0.294622197149268
-1.43173929901597e-17 -9.00462637782351e-18 -6.87445210001837e-16 -1.55838755311841e-15 -1.82259515190526e-15       1.4567923907773 -3.02953100708982e-16  0.000135177707035222    -0.263661607150727  1.25513949833697e-14
 -1.5636459318124e-17 -1.82775889631393e-17  -1.6735132051287e-15 -2.53113375020544e-15 -4.88148524723352e-15 -3.02953100708982e-16      1.45679239077771     0.263661607150026  0.000135177707033556  2.47940130878568e-14
-6.77885420771524e-17  5.75982795666872e-18  2.76008193442363e-15  1.25254431219463e-15  3.43399308094771e-14  0.000135177707035222     0.263661607150026     0.546747585529216 -5.13958923159769e-16 -1.62855525233587e-15
 8.14186182111811e-17 -1.97929791089912e-19 -2.09873710134724e-15  1.63409033418333e-16 -1.83810421343891e-14    -0.263661607150727  0.000135177707033556 -5.13958923159769e-16     0.546747585529634   3.0222954794561e-16
 0.000979727429662547   0.00105628429066629    0.0629574906443253    0.0702497295684715    -0.294622197149268  1.25513949833697e-14  2.47940130878568e-14 -1.62855525233587e-15   3.0222954794561e-16     0.222339228344326
POPULATION (lambda : 0.5): 7.04009719856809
TOTAL ENERGY: -127.139129042072	 lambda: 0.6
1RDM (lambda : 0.6): 
     1.99999641469079 -7.14738594442715e-07 -0.000164869472064113  4.65442319624398e-05  5.43132898186578e-05 -1.43802464282956e-17 -1.69096192325952e-17 -6.74501219544352e-17  8.11065062343878e-17   0.00109906320869381
-7.14738594442715e-07      1.99999703659568 -9.45849890056432e-05 -0.000130166251973097  0.000102118228711176 -1.04175388270279e-17 -2.09874104748351e-17  5.06543550048938e-18  6.19887425055622e-19   0.00121166341600909
-0.000164869472064113 -9.45849890056432e-05      1.98427964665487 -0.000995740517472235   -0.0217662771752862 -9.27316703296712e-16 -2.13214373633696e-15   2.7992020530603e-15 -2.04087511874068e-15     0.085042346436053
 4.65442319624398e-05 -0.000130166251973097 -0.000995740517472235       1.9893353569915    0.0117502973330159 -1.56678241400887e-15 -2.56578203743783e-15  1.21807856976906e-15  1.67821447960819e-16    0.0746142969119458
 5.43132898186578e-05  0.000102118228711176   -0.0217662771752862    0.0117502973330159      1.81785710242753 -2.58684587880537e-15 -6.42027318944398e-15   3.4825125333446e-14 -1.84587417256244e-14    -0.252757466370249
-1.43802464282956e-17 -1.04175388270279e-17 -9.27316703296712e-16 -1.56678241400887e-15 -2.58684587880537e-15      1.45359190107446 -3.56658880554965e-16  0.000145531601342389     -0.28385678168768  1.26642746981091e-14
-1.69096192325952e-17 -2.09874104748351e-17 -2.13214373633696e-15 -2.56578203743783e-15 -6.42027318944398e-15 -3.56658880554965e-16      1.45359190107492     0.283856781687054  0.000145531601340686  2.47517765987257e-14
-6.74501219544352e-17  5.06543550048938e-18   2.7992020530603e-15  1.21807856976906e-15   3.4825125333446e-14  0.000145531601342389     0.283856781687054      0.55000196132082 -5.95701005206231e-16 -4.01466462193272e-17
 8.11065062343878e-17  6.19887425055622e-19 -2.04087511874068e-15  1.67821447960819e-16 -1.84587417256244e-14     -0.28385678168768  0.000145531601340686 -5.95701005206231e-16     0.550001961321286 -6.33008672887831e-16
  0.00109906320869381   0.00121166341600909     0.085042346436053    0.0746142969119458    -0.252757466370249  1.26642746981091e-14  2.47517765987257e-14 -4.01466462193272e-17 -6.33008672887831e-16     0.201346717848182
POPULATION (lambda : 0.6): 7.13557290185947
TOTAL ENERGY: -127.072295360614	 lambda: 0.7
1RDM (lambda : 0.7): 
     1.99999576143311 -8.96077234575166e-07 -0.000200512361310605   5.5125119974146e-05  7.36955789915399e-05 -1.38739544968578e-17 -1.79433001306826e-17 -6.72306233076826e-17  8.09194635258328e-17   0.00122672304213718
-8.96077234575166e-07      1.99999706039595 -0.000113205664381638 -0.000129033919484164  9.80942935962289e-05 -1.19610199218524e-17 -2.39795933765073e-17  4.31455153832686e-18  1.53057270089905e-18   0.00137601645071122
