TOTAL ENERGY: -126.650955973494	 lambda: -1
1RDM (lambda : -1): 
     1.99999912454769 -3.35777324968778e-07 -0.000149165271271814 -2.96179352827531e-05   0.00062202680521648 -1.55972353534198e-11   8.9351117011072e-13 -1.03892215668783e-12 -1.81332603523196e-11  0.000771505488729353
-3.35777324968778e-07      1.99998640007895 -0.000408198213285177 -0.000751320760434938  0.000205525772091184 -1.70667883133286e-11  9.77670951861654e-13 -1.39505947021671e-13 -2.43513264981759e-12  0.000663734893639056
-0.000149165271271814 -0.000408198213285177       1.9529608143657   -0.0295446232559004     0.167485666695961 -4.26865812924898e-09  2.44531478245669e-10 -7.95514123881893e-11 -1.38877838129403e-09     0.201384403798251
-2.96179352827531e-05 -0.000751320760434938   -0.0295446232559004      1.95155916519966    0.0360661958478014 -1.13167643701542e-09  6.48283659356849e-11 -7.29627357257564e-11 -1.27373528184348e-09    0.0585404295422441
  0.00062202680521648  0.000205525772091184     0.167485666695961    0.0360661958478014      1.20089013260631   1.9014958862208e-08 -1.08927624759948e-09 -2.05706401901264e-09 -3.59112785937112e-08    -0.856674384144774
-1.55972353534198e-11 -1.70667883133286e-11 -4.26865812924898e-09 -1.13167643701542e-09   1.9014958862208e-08      1.80998713405017 -6.91084160504487e-16  5.28319053680497e-09 -0.000916304666862356   2.0930444432913e-08
  8.9351117011072e-13  9.77670951861654e-13  2.44531478245669e-10  6.48283659356849e-11 -1.08927624759948e-09 -6.91084160504487e-16      1.80998713398972  0.000916302999767584  5.28318479519417e-09 -1.19900714867105e-09
-1.03892215668783e-12 -1.39505947021671e-13 -7.95514123881893e-11 -7.29627357257564e-11 -2.05706401901264e-09  5.28319053680497e-09  0.000916302999767584     0.213257376185215 -4.64575862231207e-16  1.82914979235035e-09
-1.81332603523196e-11 -2.43513264981759e-12 -1.38877838129403e-09 -1.27373528184348e-09 -3.59112785937112e-08 -0.000916304666862356  5.28318479519417e-09 -4.64575862231207e-16     0.213257376130483  3.19324406164902e-08
 0.000771505488729353  0.000663734893639056     0.201384403798251    0.0585404295422441    -0.856674384144774   2.0930444432913e-08 -1.19900714867105e-09  1.82914979235035e-09  3.19324406164902e-08     0.848115342846128
POPULATION (lambda : -1): 5.29898502209771
TOTAL ENERGY: -126.772267333798	 lambda: -0.9
1RDM (lambda : -0.9): 
     1.99999918971161 -2.05777698264802e-07 -0.000126598536508427 -1.79719965164677e-05  0.000544496691290466 -1.39157044428436e-11  7.97190894677392e-13 -8.65348728300534e-13  -1.5103063496219e-11  0.000703912884239785
-2.05777698264802e-07      1.99998751696258  -0.00035845978603565 -0.000688591188241867  0.000144694326614963 -1.46805599925373e-11  8.40975823245705e-13 -1.81536231881564e-14  -3.1663353867266e-13  0.000566371689964574
-0.000126598536508427  -0.00035845978603565      1.95821858791572   -0.0258997044565855     0.153892445985163 -3.92162941345676e-09  2.24651841486052e-10 -5.22575119566844e-11 -9.12295345755794e-10     0.190829758886272
-1.79719965164677e-05 -0.000688591188241867   -0.0258997044565855      1.95543701608129    0.0286496584940223 -9.86795549381925e-10  5.65288204064661e-11 -5.40472124189399e-11  -9.4351779199539e-10    0.0533063205055139
 0.000544496691290466  0.000144694326614963     0.153892445985163    0.0286496584940223      1.23972939113572  1.75763014748046e-08 -1.00686263398366e-09 -2.09100122229044e-09 -3.65037312829865e-08    -0.850265766572469
-1.39157044428436e-11 -1.46805599925373e-11 -3.92162941345676e-09 -9.86795549381925e-10  1.75763014748046e-08      1.78826974623355 -7.29931227439746e-16  1.13307914661753e-07   -0.0406827096862818  2.15209011779452e-08
 7.97190894677392e-13  8.40975823245705e-13  2.24651841486052e-10  5.65288204064661e-11 -1.00686263398366e-09 -7.29931227439746e-16      1.78826974626509    0.0406827080403432  1.13307909133213e-07 -1.23283116164315e-09
-8.65348728300534e-13 -1.81536231881564e-14 -5.22575119566844e-11 -5.40472124189399e-11 -2.09100122229044e-09  1.13307914661753e-07    0.0406827080403432     0.233367574023675 -7.48580256053132e-16  1.75622101951341e-09
 -1.5103063496219e-11  -3.1663353867266e-13 -9.12295345755794e-10  -9.4351779199539e-10 -3.65037312829865e-08   -0.0406827096862818  1.13307909133213e-07 -7.48580256053132e-16     0.233367574059987   3.0659285831878e-08
 0.000703912884239785  0.000566371689964574     0.190829758886272    0.0533063205055139    -0.850265766572469  2.15209011779452e-08 -1.23283116164315e-09  1.75622101951341e-09   3.0659285831878e-08     0.803353657610821
POPULATION (lambda : -0.9): 5.42680019557605
TOTAL ENERGY: -126.88886458505	 lambda: -0.8
1RDM (lambda : -0.8): 
     1.99999924489278 -9.32309434216401e-08 -0.000104910411776056 -6.10840263954332e-06  0.000462182072168928 -1.18846034050051e-11  6.80845373763096e-13 -6.84722006251585e-13 -1.19497516853136e-11  0.000621914168226492
-9.32309434216401e-08      1.99998868783451 -0.000311583518068259 -0.000623918788028039  9.52177586950498e-05 -1.21573205817625e-11  6.96431963869996e-13  7.94586703348056e-14  1.38742235487555e-12  0.000465209573045592
-0.000104910411776056 -0.000311583518068259      1.96309572121477   -0.0221820373924654     0.140909163811165 -3.52767513322483e-09  2.02084103925168e-10 -2.54851370558432e-11 -4.44919476187934e-10     0.178005130324781
-6.10840263954332e-06 -0.000623918788028039   -0.0221820373924654      1.95949195739679    0.0206818975639497 -7.66772002331401e-10  4.39247161210595e-11 -3.55608119932293e-11 -6.20790653892916e-10    0.0451858311806095
 0.000462182072168928  9.52177586950498e-05     0.140909163811165    0.0206818975639497      1.27711866757559  1.59278153580827e-08 -9.12429163331024e-10 -2.11494207274183e-09 -3.69216709195379e-08    -0.827890027143465
-1.18846034050051e-11 -1.21573205817625e-11 -3.52767513322483e-09 -7.66772002331401e-10  1.59278153580827e-08      1.76295660778411 -9.35478008021931e-16  2.04493792733799e-07   -0.0761238784277138  2.20043193131195e-08
 6.80845373763096e-13  6.96431963869996e-13  2.02084103925168e-10  4.39247161210595e-11 -9.12429163331024e-10 -9.35478008021931e-16      1.76295660792404    0.0761238767820643  2.04493786934643e-07 -1.26052326158871e-09
-6.84722006251585e-13  7.94586703348056e-14 -2.54851370558432e-11 -3.55608119932293e-11 -2.11494207274183e-09  2.04493792733799e-07    0.0761238767820643     0.257032792854294  -1.2137956365224e-15  1.65921017930005e-09
-1.19497516853136e-11  1.38742235487555e-12 -4.44919476187934e-10 -6.20790653892916e-10 -3.69216709195379e-08   -0.0761238784277138  2.04493786934643e-07  -1.2137956365224e-15     0.257032792996393  2.89657141032618e-08
 0.000621914168226492  0.000465209573045592     0.178005130324781    0.0451858311806095    -0.827890027143465  2.20043193131195e-08 -1.26052326158871e-09  1.65921017930005e-09  2.89657141032618e-08     0.760326919526732
POPULATION (lambda : -0.8): 5.56401476719907
TOTAL ENERGY: -126.990301917125	 lambda: -0.7
1RDM (lambda : -0.7): 
     1.99999928453607 -5.77790409027413e-09 -8.56187648177621e-05  4.50669496737287e-06  0.000384014790317208  -9.5331928201061e-12  5.46151117283512e-13 -5.16252810787467e-13 -9.00870142397011e-12  0.000528018909641578
-5.77790409027413e-09      1.99998981176512 -0.000270671024657062 -0.000563039109433305  5.89954253763849e-05 -9.73423493110077e-12  5.57625854399036e-13  1.47487794309441e-13  2.57503151441208e-12   0.00036664160149085
-8.56187648177621e-05 -0.000270671024657062      1.96732497425048   -0.0188091325162336     0.130312195107746  -3.0894597396551e-09   1.7698093031191e-10 -7.16290731630844e-12 -1.25057603457439e-10     0.163436752591091
 4.50669496737287e-06 -0.000563039109433305   -0.0188091325162336       1.9632900114185     0.013708867195249 -4.90725973140656e-10  2.81114000377169e-11 -1.80194736361839e-11 -3.14565533212763e-10    0.0350194520075603
 0.000384014790317208  5.89954253763849e-05     0.130312195107746     0.013708867195249      1.30008258815974  1.41616737111218e-08 -8.11256329508844e-10 -2.09732170296649e-09  -3.6614058111305e-08    -0.796298667314088
 -9.5331928201061e-12 -9.73423493110077e-12  -3.0894597396551e-09 -4.90725973140656e-10  1.41616737111218e-08      1.73216542905122 -6.25654748219049e-16   2.6886240880683e-07    -0.107589754915667  2.20225451843504e-08
 5.46151117283512e-13  5.57625854399036e-13   1.7698093031191e-10  2.81114000377169e-11 -8.11256329508844e-10 -6.25654748219049e-16      1.73216542926603     0.107589753325261  2.68862404210067e-07 -1.26156689699683e-09
-5.16252810787467e-13  1.47487794309441e-13 -7.16290731630844e-12 -1.80194736361839e-11 -2.09732170296649e-09   2.6886240880683e-07     0.107589753325261     0.286097762391098 -1.08606435564784e-15   1.5443664451249e-09
-9.00870142397011e-12  2.57503151441208e-12 -1.25057603457439e-10 -3.14565533212763e-10  -3.6614058111305e-08    -0.107589754915667  2.68862404210067e-07 -1.08606435564784e-15     0.286097762607564  2.69608417896045e-08
 0.000528018909641578   0.00036664160149085     0.163436752591091    0.0350194520075603    -0.796298667314088  2.20225451843504e-08 -1.26156689699683e-09   1.5443664451249e-09  2.69608417896045e-08     0.732786946554228
POPULATION (lambda : -0.7): 5.69917567674931
TOTAL ENERGY: -127.07082881059	 lambda: -0.6
1RDM (lambda : -0.6): 
     1.99999930593717  5.60934163052245e-08 -6.94565851927593e-05  1.29874340892893e-05  0.000314176054028516 -7.01823484229091e-12  4.02088522195796e-13 -3.66199963278575e-13 -6.38916388032886e-12  0.000429626825633791
 5.60934163052245e-08      1.99999080446106 -0.000236307112522809  -0.00050966221372974  3.00095515193071e-05 -7.54840346970336e-12  4.32410076001069e-13  1.98981361559084e-13  3.47396727335482e-12  0.000276732215442999
-6.94565851927593e-05 -0.000236307112522809      1.97091994709422   -0.0160089322211877     0.122419416128257 -2.63722086030592e-09  1.51074441623248e-10  3.46588088307334e-12  6.04830716293289e-11     0.148608002142861
 1.29874340892893e-05  -0.00050966221372974   -0.0160089322211877      1.96656656567368   0.00860586598932184  -2.0544896507178e-10   1.1769224034012e-11 -4.99615905306562e-12 -8.72120693561528e-11    0.0248124506774131
 0.000314176054028516  3.00095515193071e-05     0.122419416128257   0.00860586598932184      1.30375261916657  1.24906291566643e-08 -7.15531036394111e-10 -2.02445823023826e-09 -3.53420087608021e-08    -0.768205871794878
-7.01823484229091e-12 -7.54840346970336e-12 -2.63722086030592e-09  -2.0544896507178e-10  1.24906291566643e-08      1.69616053711369 -5.06120407857692e-16  3.40803473551907e-07    -0.137742656205918  2.14280474657974e-08
 4.02088522195796e-13  4.32410076001069e-13  1.51074441623248e-10   1.1769224034012e-11 -7.15531036394111e-10 -5.06120407857692e-16      1.69616053740835     0.137742654677822  3.40803469502001e-07 -1.22751015489821e-09
-3.66199963278575e-13  1.98981361559084e-13  3.46588088307334e-12 -4.99615905306562e-12 -2.02445823023826e-09  3.40803473551907e-07     0.137742654677822     0.320258417662271 -1.16758554918203e-15  1.43233579134759e-09
-6.38916388032886e-12  3.47396727335482e-12  6.04830716293289e-11 -8.72120693561528e-11 -3.53420087608021e-08    -0.137742656205918  3.40803469502001e-07 -1.16758554918203e-15     0.320258417957718  2.50050223403679e-08
 0.000429626825633791  0.000276732215442999     0.148608002142861    0.0248124506774131    -0.768205871794878  2.14280474657974e-08 -1.22751015489821e-09  1.43233579134759e-09  2.50050223403679e-08     0.725932847525319
POPULATION (lambda : -0.6): 5.82288854359363
TOTAL ENERGY: -127.132128100975	 lambda: -0.5
1RDM (lambda : -0.5): 
      1.9999993107147  9.78408778476212e-08 -5.61249676355215e-05  1.95052799079815e-05  0.000250577581380056 -4.47256107754069e-12  2.56266967158967e-13 -2.29782310576538e-13 -4.00767498625809e-12  0.000331949820497788
 9.78408778476212e-08      1.99999165231056 -0.000206265935053574 -0.000463036875024445 -1.97882622181597e-06  -5.5393024243797e-12  3.17319549645018e-13  2.56367541635747e-13  4.47577842553538e-12  0.000195289525940131
-5.61249676355215e-05 -0.000206265935053574      1.97414601299267   -0.0136830845342573     0.116091089931684 -2.19763790923235e-09   1.2589294084192e-10  1.28728114213582e-11  2.24714714074002e-10     0.134745590477481
 1.95052799079815e-05 -0.000463036875024445   -0.0136830845342573      1.96940016000284   0.00510475767488514  5.15459565629307e-11 -2.95264900285934e-12  4.28500729195743e-12  7.48125146121071e-11    0.0164147206208976
 0.000250577581380056 -1.97882622181597e-06     0.116091089931684   0.00510475767488514      1.29243871845831  1.10912799947595e-08 -6.35369631527076e-10 -1.91633557099389e-09 -3.34544785714132e-08    -0.754406009645449
-4.47256107754069e-12  -5.5393024243797e-12 -2.19763790923235e-09  5.15459565629307e-11  1.10912799947595e-08      1.65552539063905 -3.31533322162067e-16  4.18446574661777e-07    -0.169535216071815  2.02663529574428e-08
 2.56266967158967e-13  3.17319549645018e-13   1.2589294084192e-10 -2.95264900285934e-12 -6.35369631527076e-10 -3.31533322162067e-16       1.6555253910176     0.169535214620576  4.18446571190414e-07 -1.16096275251374e-09
-2.29782310576538e-13  2.56367541635747e-13  1.28728114213582e-11  4.28500729195743e-12 -1.91633557099389e-09  4.18446574661777e-07     0.169535214620576     0.358883675318601 -1.20833469936535e-15  1.35758851390965e-09
-4.00767498625809e-12  4.47577842553538e-12  2.24714714074002e-10  7.48125146121071e-11 -3.34544785714132e-08    -0.169535216071815  4.18446571190414e-07 -1.20833469936535e-15     0.358883675697211  2.37001714896108e-08
 0.000331949820497788  0.000195289525940131     0.134745590477481    0.0164147206208976    -0.754406009645449  2.02663529574428e-08 -1.16096275251374e-09  1.35758851390965e-09  2.37001714896108e-08     0.735206012848521
POPULATION (lambda : -0.5): 5.93418766860644
TOTAL ENERGY: -127.179544339617	 lambda: -0.4
1RDM (lambda : -0.4): 
     1.99999930198991  1.24742888903427e-07 -4.50030708665513e-05   2.4848746608342e-05  0.000188703823408905 -1.90107225194831e-12  1.08967386673367e-13 -9.75574771440925e-14 -1.69938658547508e-12  0.000234631573313972
 1.24742888903427e-07      1.99999240306861 -0.000177369402214382 -0.000419261253045451 -4.55185630959326e-05 -3.60152608624892e-12  2.06314136657867e-13  3.36331547727098e-13  5.87173866180556e-12  0.000115334780175664
-4.50030708665513e-05 -0.000177369402214382      1.97733709227284    -0.011522290194771     0.109488524949559 -1.77506167714326e-09  1.01685679384481e-10  2.27982580629384e-11  3.97988699243186e-10     0.121994297173564
  2.4848746608342e-05 -0.000419261253045451    -0.011522290194771      1.97208033957287   0.00216278595387452  2.56060011135889e-10 -1.46682157788003e-11  1.35132881887803e-11  2.35914762598589e-10    0.0105912018027082
 0.000188703823408905 -4.55185630959326e-05     0.109488524949559   0.00216278595387452      1.27606167810128  1.00335061445672e-08 -5.74775488619568e-10 -1.79345624490172e-09 -3.13093109413365e-08    -0.758203333788119
-1.90107225194831e-12 -3.60152608624892e-12 -1.77506167714326e-09  2.56060011135889e-10  1.00335061445672e-08      1.61000970572024 -1.21128213699978e-16  5.01939252317223e-07    -0.203400122335124  1.87934690672531e-08
 1.08967386673367e-13  2.06314136657867e-13  1.01685679384481e-10 -1.46682157788003e-11 -5.74775488619568e-10 -1.21128213699978e-16      1.61000970617637     0.203400120982126  5.01939249371355e-07 -1.07658862486414e-09
-9.75574771440925e-14  3.36331547727098e-13  2.27982580629384e-11  1.35132881887803e-11 -1.79345624490172e-09  5.01939252317223e-07     0.203400120982126     0.402212779390753 -1.20106716967325e-15  1.32212578557822e-09
-1.69938658547508e-12  5.87173866180556e-12  3.97988699243186e-10  2.35914762598589e-10 -3.13093109413365e-08    -0.203400122335124  5.01939249371355e-07 -1.20106716967325e-15     0.402212779846868  2.30810901517671e-08
 0.000234631573313972  0.000115334780175664     0.121994297173564    0.0105912018027082    -0.758203333788119  1.87934690672531e-08 -1.07658862486414e-09  1.32212578557822e-09  2.30810901517671e-08     0.750084213860269
POPULATION (lambda : -0.4): 6.03953264390494
TOTAL ENERGY: -127.217650295779	 lambda: -0.3
1RDM (lambda : -0.3): 
     1.99999928120901  1.37774942583092e-07 -3.59416504259345e-05  2.97954276998598e-05  0.000126406915331575  8.04096658529731e-13 -4.59895985487459e-14  3.44128972510516e-14  6.04444877707901e-13  0.000133260902627206
 1.37774942583092e-07      1.99999313062241 -0.000147350575671492 -0.000373664464289742 -0.000103370620743941 -1.50375424879168e-12  8.61431890417875e-14  4.44533717677678e-13  7.76066498125582e-12  2.60070832133687e-05
-3.59416504259345e-05 -0.000147350575671492      1.98070650661473  -0.00917876627199533      0.10092927507977 -1.35733340948279e-09  7.77561186517663e-11  3.49632748484749e-11   6.1035920237939e-10     0.109325122622204
 2.97954276998598e-05 -0.000373664464289742  -0.00917876627199533      1.97489646514117  -0.00155732613802918   4.1425366915617e-10 -2.37303389872985e-11  2.41199562600434e-11  4.21079893741548e-10   0.00684812257892018
 0.000126406915331575 -0.000103370620743941      0.10092927507977  -0.00155732613802918      1.26647774402818  9.33804392541106e-09 -5.34936193254687e-10 -1.67074548004707e-09 -2.91670824156265e-08    -0.774185823348896
 8.04096658529731e-13 -1.50375424879168e-12 -1.35733340948279e-09   4.1425366915617e-10  9.33804392541106e-09      1.55899431917036  1.18536149971378e-16  5.82859308230676e-07    -0.236239167913386  1.73388961287474e-08
-4.59895985487459e-14  8.61431890417875e-14  7.77561186517663e-11 -2.37303389872985e-11 -5.34936193254687e-10  1.18536149971378e-16      1.55899431969926      0.23623916667256  5.82859305786748e-07 -9.93263556564974e-10
 3.44128972510516e-14  4.44533717677678e-13  3.49632748484749e-11  2.41199562600434e-11 -1.67074548004707e-09  5.82859308230676e-07      0.23623916667256     0.450935331048365 -1.15103224902859e-15  1.30725349654937e-09
 6.04444877707901e-13  7.76066498125582e-12   6.1035920237939e-10  4.21079893741548e-10 -2.91670824156265e-08    -0.236239167913386  5.82859305786748e-07 -1.15103224902859e-15     0.450935331577265  2.28214601663609e-08
 0.000133260902627206  2.60070832133687e-05     0.109325122622204   0.00684812257892018    -0.774185823348896  1.73388961287474e-08 -9.93263556564974e-10  1.30725349654937e-09  2.28214601663609e-08     0.758067570889265
POPULATION (lambda : -0.3): 6.14861367432615
TOTAL ENERGY: -127.247913863359	 lambda: -0.2
1RDM (lambda : -0.2): 
     1.99999924738868  1.33164712471206e-07 -2.96051950036122e-05  3.46512877057548e-05  6.70328024103071e-05  3.74805833247564e-12 -2.14626017185324e-13  1.56134787341754e-13  2.72933760474492e-12   2.3276926363025e-05
 1.33164712471206e-07      1.99999390394588  -0.00011605988180457 -0.000322762864957835 -0.000169533878204242  1.02304292754156e-12 -5.86046193888597e-14  5.68703834869396e-13  9.92834918411119e-12 -8.30403557220557e-05
-2.96051950036122e-05  -0.00011605988180457      1.98419048956281  -0.00641497641746499    0.0897867293058423 -9.17611650905211e-10  5.25666367915631e-11  5.11071523724461e-11  8.92190719888463e-10    0.0949453535283008
 3.46512877057548e-05 -0.000322762864957835  -0.00641497641746499      1.97799847122496  -0.00735964998870542  5.62228410004366e-10 -3.22070975966395e-11  3.85096743839601e-11  6.72287853409034e-10   0.00363756444408753
 6.70328024103071e-05 -0.000169533878204242    0.0897867293058423  -0.00735964998870542      1.27344445066782  8.92820741318137e-09 -5.11458578603056e-10 -1.57134551872808e-09 -2.74318032858601e-08    -0.789431463101376
 3.74805833247564e-12  1.02304292754156e-12 -9.17611650905211e-10  5.62228410004366e-10  8.92820741318137e-09      1.50229822585603  2.67130401972382e-16  6.47138757937971e-07    -0.262312974770155  1.61546893450011e-08
-2.14626017185324e-13 -5.86046193888597e-14  5.25666367915631e-11 -3.22070975966395e-11 -5.11458578603056e-10  2.67130401972382e-16      1.50229822644335     0.262312973653719  6.47138755804856e-07 -9.25426470521677e-10
 1.56134787341754e-13  5.68703834869396e-13  5.11071523724461e-11  3.85096743839601e-11 -1.57134551872808e-09  6.47138757937971e-07     0.262312973653719     0.505383525433613 -1.15168076869763e-15  1.29823579791636e-09
 2.72933760474492e-12  9.92834918411119e-12  8.92190719888463e-10  6.72287853409034e-10 -2.74318032858601e-08    -0.262312974770155  6.47138755804856e-07 -1.15168076869763e-15     0.505383526020935  2.26640345562043e-08
  2.3276926363025e-05 -8.30403557220557e-05    0.0949453535283008   0.00363756444408753    -0.789431463101376  1.61546893450011e-08 -9.25426470521677e-10  1.29823579791636e-09  2.26640345562043e-08     0.749009933455956
POPULATION (lambda : -0.2): 6.2701844967655
TOTAL ENERGY: -127.268304425872	 lambda: -0.1
1RDM (lambda : -0.1): 
     1.99999919907511  1.05628008743052e-07 -2.71459822161863e-05  3.89478836812103e-05  1.93683196067651e-05  6.92164255470638e-12   -3.964173204538e-13  2.46929978158232e-13  4.31429364768769e-12 -9.48410340244945e-05
 1.05628008743052e-07      1.99999475332705  -8.6078220937081e-05 -0.000266424503287778 -0.000228292053770916  4.07820629975244e-12 -2.33619912338423e-13  6.76549769389311e-13  1.18110517895858e-11  -0.00021479547114245
-2.71459822161863e-05  -8.6078220937081e-05       1.9873884152001  -0.00327643902948181    0.0772278201134928 -4.31788794470445e-10  2.47362368169159e-11  6.85507723816406e-11  1.19671238943916e-09    0.0772837721912455
 3.89478836812103e-05 -0.000266424503287778  -0.00327643902948181       1.9813052232134   -0.0159373784477411  7.45385964858037e-10 -4.26993317751968e-11  5.74915196872757e-11  1.00366326860097e-09  -0.00108467254833272
 1.93683196067651e-05 -0.000228292053770916    0.0772278201134928   -0.0159373784477411      1.29915619321215  8.63205111578018e-09 -4.94492607956156e-10 -1.50163349640827e-09 -2.62148036617488e-08    -0.787634153096329
 6.92164255470638e-12  4.07820629975244e-12 -4.31788794470445e-10  7.45385964858037e-10  8.63205111578018e-09      1.44100931204176  3.67796157041375e-16  6.80163856755259e-07    -0.275612764099037  1.53530128628911e-08
  -3.964173204538e-13 -2.33619912338423e-13  2.47362368169159e-11 -4.26993317751968e-11 -4.94492607956156e-10  3.67796157041375e-16      1.44100931265908      0.27561276311764  6.80163854861944e-07 -8.79502524630813e-10
 2.46929978158232e-13  6.76549769389311e-13  6.85507723816406e-11  5.74915196872757e-11 -1.50163349640827e-09  6.80163856755259e-07      0.27561276311764     0.564657705175946 -1.12875276654483e-15  1.26939502171624e-09
 4.31429364768769e-12  1.18110517895858e-11  1.19671238943916e-09  1.00366326860097e-09 -2.62148036617488e-08    -0.275612764099037  6.80163854861944e-07 -1.12875276654483e-15     0.564657705793269   2.2160545654576e-08
-9.48410340244945e-05  -0.00021479547114245    0.0772837721912455  -0.00108467254833272    -0.787634153096329  1.53530128628911e-08 -8.79502524630813e-10  1.26939502171624e-09   2.2160545654576e-08     0.720822180302222
POPULATION (lambda : -0.1): 6.40684616098702
TOTAL ENERGY: -127.275471483333	 lambda: 0
1RDM (lambda : 0): 
     1.99999913671498  5.52753208280732e-08 -2.91638345977295e-05  4.16218995910763e-05 -7.88731987191181e-06  1.00914541258654e-11 -5.77994105965032e-13  2.88656849461159e-13  5.04261075302284e-12  -0.00021182631119058
 5.52753208280732e-08       1.9999956362133 -6.17971726413703e-05 -0.000209645718772363 -0.000261073194950693  7.43551910070981e-12 -4.25943710484901e-13  7.30501139102501e-13  1.27528900474295e-11 -0.000358184000868043
-2.91638345977295e-05 -6.17971726413703e-05      1.98976103250084 -0.000205436956193288    0.0658105907967014  9.47765462095552e-11 -5.42808270787667e-12  8.23560261363066e-11  1.43771669788647e-09    0.0564298208116104
 4.16218995910763e-05 -0.000209645718772363 -0.000205436956193288      1.98447617101384   -0.0264485205883355  9.92627474054975e-10 -5.68626521740433e-11  7.88077486431137e-11  1.37578865001188e-09  -0.00870282659048473
-7.88731987191181e-06 -0.000261073194950693    0.0658105907967014   -0.0264485205883355      1.33537988970478  8.25078924660266e-09 -4.72651016811158e-10 -1.45090936666952e-09 -2.53292749477051e-08      -0.7582127460638
 1.00914541258654e-11  7.43551910070981e-12  9.47765462095552e-11  9.92627474054975e-10  8.25078924660266e-09       1.3789010821101  4.47464944853229e-16  6.75301740064129e-07    -0.273702060245561  1.48415720519057e-08
-5.77994105965032e-13 -4.25943710484901e-13 -5.42808270787667e-12 -5.68626521740433e-11 -4.72651016811158e-10  4.47464944853229e-16      1.37890108272323     0.273702059401397  6.75301738354367e-07 -8.50204421954163e-10
 2.88656849461159e-13  7.30501139102501e-13  8.23560261363066e-11  7.88077486431137e-11 -1.45090936666952e-09  6.75301740064129e-07     0.273702059401397     0.625146099908098 -1.03936173513935e-15  1.20190126260884e-09
 5.04261075302284e-12  1.27528900474295e-11  1.43771669788647e-09  1.37578865001188e-09 -2.53292749477051e-08    -0.273702060245561  6.75301738354367e-07 -1.03936173513935e-15     0.625146100521224  2.09822550490539e-08
 -0.00021182631119058 -0.000358184000868043    0.0564298208116104  -0.00870282659048473      -0.7582127460638  1.48415720519057e-08 -8.50204421954163e-10  1.20190126260884e-09  2.09822550490539e-08     0.682293768589607
POPULATION (lambda : 0): 6.54993783825627
TOTAL ENERGY: -127.268991853104	 lambda: 0.1
1RDM (lambda : 0.1): 
     1.99999906148154 -7.93027156920241e-09 -3.48130490303151e-05  4.19865957620913e-05 -1.45544470030352e-05  1.28807059163814e-11 -7.37772338034534e-13  2.84436801247479e-13  4.96880292363223e-12 -0.000313895711002131
-7.93027156920241e-09      1.99999645078306 -4.63072159233416e-05 -0.000160407877943772 -0.000261280697214496  1.06140827191969e-11 -6.08027660332659e-13  7.18403986114482e-13  1.25416870898769e-11 -0.000492197516455802
-3.48130490303151e-05 -4.63072159233416e-05      1.99105360390738    0.0021813917699723    0.0574937217530833  6.19401930461389e-10 -3.54812489749297e-11   8.9858764541616e-11  1.56869506643947e-09    0.0345924582851995
 4.19865957620913e-05 -0.000160407877943772    0.0021813917699723      1.98709583317109   -0.0364681902335431  1.28939214545312e-09 -7.38628886866217e-11  9.69597406872231e-11   1.6926763670835e-09   -0.0188121278125301
-1.45544470030352e-05 -0.000261280697214496    0.0574937217530833   -0.0364681902335431      1.36971358588815  7.68875009447131e-09 -4.40453484128999e-10 -1.40369779177919e-09 -2.45050763596999e-08     -0.70534375139025
 1.28807059163814e-11  1.06140827191969e-11  6.19401930461389e-10  1.28939214545312e-09  7.68875009447131e-09      1.32245692029471  4.42784848999981e-16  6.42971307640695e-07    -0.260579913803858  1.44700789965546e-08
-7.37772338034534e-13 -6.08027660332659e-13 -3.54812489749297e-11 -7.38628886866217e-11 -4.40453484128999e-10  4.42784848999981e-16      1.32245692087814     0.260579913084817  6.42971306155784e-07 -8.28923048484289e-10
 2.84436801247479e-13  7.18403986114482e-13   8.9858764541616e-11  9.69597406872231e-11 -1.40369779177919e-09  6.42971307640695e-07     0.260579913084817     0.680433072183023 -9.70595798755714e-16  1.09698615327819e-09
 4.96880292363223e-12  1.25416870898769e-11  1.56869506643947e-09   1.6926763670835e-09 -2.45050763596999e-08    -0.260579913803858  6.42971306155784e-07 -9.70595798755714e-16     0.680433072766472  1.91506907493709e-08
-0.000313895711002131 -0.000492197516455802    0.0345924582851995   -0.0188121278125301     -0.70534375139025  1.44700789965546e-08 -8.28923048484289e-10  1.09698615327819e-09  1.91506907493709e-08      0.64636147864649
POPULATION (lambda : 0.1): 6.68262749452828
TOTAL ENERGY: -127.252715128909	 lambda: 0.2
1RDM (lambda : 0.2): 
     1.99999897086457 -7.02502630678959e-08 -4.23844003387438e-05    4.053329424136e-05 -9.83333229809786e-06  1.51384808801253e-11 -8.67106264492881e-13  2.55162101491888e-13  4.45762118485017e-12 -0.000393306638271377
-7.02502630678959e-08      1.99999711176896 -3.91034432575143e-05 -0.000123855882305137 -0.000239774272986184  1.32624618783937e-11 -7.59739766460283e-13  6.62176835082638e-13  1.15600867139494e-11 -0.000601939271507638
-4.23844003387438e-05 -3.91034432575143e-05      1.99147208922926   0.00355309644554288    0.0521262353637587  1.08152301544008e-09 -6.19538771849641e-11  9.15209302121198e-11  1.59771104301576e-09    0.0144155042718761
   4.053329424136e-05 -0.000123855882305137   0.00355309644554288      1.98898676958782    -0.043632360143231   1.6044559612471e-09 -9.19113576265065e-11  1.16262910318791e-10   2.0296645916482e-09   -0.0296049843960531
-9.83333229809786e-06 -0.000239774272986184    0.0521262353637587    -0.043632360143231      1.39622540061442  7.01981040989348e-09 -4.02132092340442e-10 -1.38844192037824e-09 -2.42387577778166e-08    -0.644448748036171
 1.51384808801253e-11  1.32624618783937e-11  1.08152301544008e-09   1.6044559612471e-09  7.01981040989348e-09      1.27736628910279  4.45033997258812e-16  6.02498145987025e-07     -0.24416741377623  1.40879422328612e-08
-8.67106264492881e-13 -7.59739766460283e-13 -6.19538771849641e-11 -9.19113576265065e-11 -4.02132092340442e-10  4.45033997258812e-16      1.27736628964964     0.244167413157378  6.02498144614579e-07  -8.0703219125141e-10
 2.55162101491888e-13  6.62176835082638e-13  9.15209302121198e-11  1.16262910318791e-10 -1.38844192037824e-09  6.02498145987025e-07     0.244167413157378     0.724780826499023  -8.7626910326166e-16  1.01401239365583e-09
 4.45762118485017e-12  1.15600867139494e-11  1.59771104301576e-09   2.0296645916482e-09 -2.42387577778166e-08     -0.24416741377623  6.02498144614579e-07  -8.7626910326166e-16     0.724780827045876  1.77021872110756e-08
-0.000393306638271377 -0.000601939271507638    0.0144155042718761   -0.0296049843960531    -0.644448748036171  1.40879422328612e-08  -8.0703219125141e-10  1.01401239365583e-09  1.77021872110756e-08     0.619025425637675
POPULATION (lambda : 0.2): 6.79253899985541
TOTAL ENERGY: -127.231299185541	 lambda: 0.3
1RDM (lambda : 0.3): 
     1.99999885624204 -1.23546166959325e-07 -5.06811438566308e-05  3.85485888254617e-05 -4.47895259763376e-06  1.66959171396558e-11 -9.56322567606072e-13  2.32477613216273e-13  4.06152885706972e-12 -0.000452026638746603
-1.23546166959325e-07       1.9999975991627 -3.74371368726113e-05 -9.98367808276312e-05 -0.000213305809492265  1.53256646564711e-11 -8.77930094014569e-13   6.0007143553185e-13  1.04758725995573e-11 -0.000687093547848671
-5.06811438566308e-05 -3.74371368726113e-05      1.99141172284636   0.00399777068677405    0.0481855496961272  1.48802436593176e-09 -8.52402700136232e-11  9.44402845035458e-11  1.64867553289642e-09  -0.00283930908163718
 3.85485888254617e-05 -9.98367808276312e-05   0.00399777068677405       1.9902693567072   -0.0469984327921486  1.86792869768967e-09 -1.07004405994226e-10  1.16680439117431e-10   2.0369492345018e-09   -0.0393457466066611
-4.47895259763376e-06 -0.000213305809492265    0.0481855496961272   -0.0469984327921486      1.41753547633796  6.30650489084083e-09 -3.61269787954697e-10 -1.35086908527248e-09 -2.35828155401702e-08    -0.589499858912642
 1.66959171396558e-11  1.53256646564711e-11  1.48802436593176e-09  1.86792869768967e-09  6.30650489084083e-09      1.24553125024088  4.26085844237007e-16  5.70079988518302e-07    -0.231032534612066  1.40263578719402e-08
-9.56322567606072e-13 -8.77930094014569e-13 -8.52402700136232e-11 -1.07004405994226e-10 -3.61269787954697e-10  4.26085844237007e-16      1.24553125075825     0.231032534064025  5.70079987238583e-07  -8.0350359311285e-10
 2.32477613216273e-13   6.0007143553185e-13  9.44402845035458e-11  1.16680439117431e-10 -1.35086908527248e-09  5.70079988518302e-07     0.231032534064025     0.756179097265678 -8.23965843792917e-16  8.92191920319379e-10
 4.06152885706972e-12  1.04758725995573e-11  1.64867553289642e-09   2.0369492345018e-09 -2.35828155401702e-08    -0.231032534612066  5.70079987238583e-07 -8.23965843792917e-16     0.756179097783057  1.55754829380389e-08
-0.000452026638746603 -0.000687093547848671  -0.00283930908163718   -0.0393457466066611    -0.589499858912642  1.40263578719402e-08  -8.0350359311285e-10  8.92191920319379e-10  1.55754829380389e-08     0.597366292655855
POPULATION (lambda : 0.3): 6.87889871024182
TOTAL ENERGY: -127.206993282286	 lambda: 0.4
1RDM (lambda : 0.4): 
     1.99999870296283 -1.67020087556645e-07 -5.95780938432148e-05  3.73820299897514e-05 -5.42881125956762e-06  1.77983637153494e-11 -1.01947483825106e-12  2.29449499558914e-13  4.00862209965054e-12 -0.000496895560140845
-1.67020087556645e-07      1.99999793799318 -3.87412035577389e-05 -8.53314445221022e-05 -0.000193553038676879    1.703225348479e-11 -9.75691837518432e-13  5.53404387455183e-13  9.66117513074425e-12 -0.000756392652389835
-5.95780938432148e-05 -3.87412035577389e-05      1.99116862776452   0.00379839783895517    0.0441503826901485  1.83234787069355e-09 -1.04964864727905e-10  1.01256574246834e-10  1.76766766554395e-09   -0.0173476078370985
 3.73820299897514e-05 -8.53314445221022e-05   0.00379839783895517      1.99117195423639   -0.0467650670381472  2.08473837538333e-09 -1.19424303960142e-10  1.09622735027403e-10  1.91374434457006e-09   -0.0470768638895125
-5.42881125956762e-06 -0.000193553038676879    0.0441503826901485   -0.0467650670381472      1.43967128158516  5.62983665756874e-09 -3.22506505406618e-10 -1.33982782220156e-09  -2.3390077391675e-08    -0.546837467902803
 1.77983637153494e-11    1.703225348479e-11  1.83234787069355e-09  2.08473837538333e-09  5.62983665756874e-09      1.22590741962687  4.12149239997747e-16  5.54070102838227e-07    -0.224539625268767   1.4255668086582e-08
-1.01947483825106e-12 -9.75691837518432e-13 -1.04964864727905e-10 -1.19424303960142e-10 -3.22506505406618e-10  4.12149239997747e-16      1.22590742012951      0.22453962476437  5.54070101609106e-07 -8.16639365780149e-10
 2.29449499558914e-13  5.53404387455183e-13  1.01256574246834e-10  1.09622735027403e-10 -1.33982782220156e-09  5.54070102838227e-07      0.22453962476437     0.775573452591179 -8.02593230041546e-16   7.9009660424609e-10
 4.00862209965054e-12  9.66117513074425e-12  1.76766766554395e-09  1.91374434457006e-09  -2.3390077391675e-08    -0.224539625268767  5.54070101609106e-07 -8.02593230041546e-16     0.775573453093828  1.37931670665556e-08
-0.000496895560140845 -0.000756392652389835   -0.0173476078370985   -0.0470768638895125    -0.546837467902803   1.4255668086582e-08 -8.16639365780149e-10   7.9009660424609e-10  1.37931670665556e-08     0.575029750016632
POPULATION (lambda : 0.4): 6.94863346864813
TOTAL ENERGY: -127.179020545948	 lambda: 0.5
1RDM (lambda : 0.5): 
     1.99999848944869 -2.04189022817632e-07 -6.98681863731496e-05  3.82556802696741e-05  -1.6097186538235e-05  1.88480043411261e-11 -1.07960268875001e-12  2.43280533559705e-13  4.25007440320232e-12 -0.000535153970133203
-2.04189022817632e-07      1.99999816288778  -4.1573831012582e-05 -7.70911290934993e-05 -0.000185688177144382  1.85734680463143e-11 -1.06398002966731e-12  5.31235085642775e-13  9.27414964796578e-12 -0.000820451816244281
-6.98681863731496e-05  -4.1573831012582e-05      1.99086978589767   0.00324202141781016    0.0390011570857091  2.12556657065934e-09 -1.21761899606878e-10  1.07073281181252e-10  1.86921416998561e-09   -0.0299694758869416
 3.82556802696741e-05 -7.70911290934993e-05   0.00324202141781016      1.99187379145443   -0.0434943547075169  2.23135776784651e-09 -1.27823370039483e-10  1.08942473431542e-10  1.90186368159181e-09   -0.0523821490107797
 -1.6097186538235e-05 -0.000185688177144382    0.0390011570857091   -0.0434943547075169      1.46835843014251  4.96256495752808e-09 -2.84281335329483e-10 -1.39720543620267e-09 -2.43917324733962e-08    -0.516854348933717
 1.88480043411261e-11  1.85734680463143e-11  2.12556657065934e-09  2.23135776784651e-09  4.96256495752808e-09      1.21662045008401  4.07642268566411e-16  5.57912791335572e-07    -0.226097800762074  1.47160088180984e-08
-1.07960268875001e-12 -1.06398002966731e-12 -1.21761899606878e-10 -1.27823370039483e-10 -2.84281335329483e-10  4.07642268566411e-16      1.21662045059038     0.226097800278411  5.57912790115898e-07 -8.43009550959529e-10
 2.43280533559705e-13  5.31235085642775e-13  1.07073281181252e-10  1.08942473431542e-10 -1.39720543620267e-09  5.57912791335572e-07     0.226097800278411     0.784776454138827 -8.14185248785238e-16  7.42851262889796e-10
 4.25007440320232e-12  9.27414964796578e-12  1.86921416998561e-09  1.90186368159181e-09 -2.43917324733962e-08    -0.226097800762074  5.57912790115898e-07 -8.14185248785238e-16     0.784776454645203  1.29683666684691e-08
-0.000535153970133203 -0.000820451816244281   -0.0299694758869416   -0.0523821490107797    -0.516854348933717  1.47160088180984e-08 -8.43009550959529e-10  7.42851262889796e-10  1.29683666684691e-08     0.546107530710475
POPULATION (lambda : 0.5): 7.01084900200099
TOTAL ENERGY: -127.143840276083	 lambda: 0.6
1RDM (lambda : 0.6): 
     1.99999818451921 -2.40834264215584e-07 -8.31440362511043e-05  4.24648488539234e-05 -3.81811152854758e-05  1.96511695017378e-11 -1.12561088703672e-12  2.92671169338378e-13  5.11234398253695e-12 -0.000573392994565282
-2.40834264215584e-07      1.99999830097021 -4.55348704324721e-05 -7.25314979275995e-05 -0.000190676474198008  2.02891710651757e-11 -1.16226381924639e-12   5.3715309897939e-13  9.37745967269092e-12  -0.00088899895625203
-8.31440362511043e-05 -4.55348704324721e-05      1.99049977371335   0.00258098822720284     0.032155043201269   2.4178956256949e-09 -1.38508012946487e-10  1.23634284884374e-10  2.15832831758398e-09   -0.0417886955790715
 4.24648488539234e-05 -7.25314979275995e-05   0.00258098822720284      1.99245229316357   -0.0377652281687547  2.32516800617935e-09 -1.33197177106495e-10  9.37770302804412e-11   1.6371105419179e-09   -0.0549896394158515
-3.81811152854758e-05 -0.000190676474198008     0.032155043201269   -0.0377652281687547      1.50817174924109  4.22360493145049e-09 -2.41949940406439e-10 -1.46546999265115e-09 -2.55834545904617e-08    -0.496713929847839
 1.96511695017378e-11  2.02891710651757e-11   2.4178956256949e-09  2.32516800617935e-09  4.22360493145049e-09      1.21604112301695  4.12630359903852e-16   5.8379855199583e-07    -0.236588031533911  1.57616627295633e-08
-1.12561088703672e-12 -1.16226381924639e-12 -1.38508012946487e-10 -1.33197177106495e-10 -2.41949940406439e-10  4.12630359903852e-16      1.21604112354687     0.236588031051601  5.83798550743102e-07 -9.02909376117858e-10
 2.92671169338378e-13   5.3715309897939e-13  1.23634284884374e-10  9.37770302804412e-11 -1.46546999265115e-09   5.8379855199583e-07     0.236588031051601     0.785391404286792 -8.67079509900082e-16  6.72109252685883e-10
 5.11234398253695e-12  9.37745967269092e-12  2.15832831758398e-09   1.6371105419179e-09 -2.55834545904617e-08    -0.236588031533911  5.83798550743102e-07 -8.67079509900082e-16     0.785391404816711   1.1733381812716e-08
-0.000573392994565282  -0.00088899895625203   -0.0417886955790715   -0.0549896394158515    -0.496713929847839  1.57616627295633e-08 -9.02909376117858e-10  6.72109252685883e-10   1.1733381812716e-08     0.506014642725312
POPULATION (lambda : 0.6): 7.07471878849642
TOTAL ENERGY: -127.095166359542	 lambda: 0.7
1RDM (lambda : 0.7): 
     1.99999774586041  -2.8494342635604e-07 -0.000101888886108584  5.15793103284585e-05 -7.23605218956855e-05  2.06784908670757e-11 -1.18445912301081e-12  3.64792103927937e-13  6.37145460831272e-12 -0.000618207024539491
 -2.8494342635604e-07      1.99999836909077 -5.10580998261247e-05 -6.96410307346667e-05 -0.000206506381359212  2.22365903956594e-11  -1.2738215772653e-12  5.64167203533961e-13   9.8490549565208e-12 -0.000970402082150448
