TOTAL ENERGY: -126.714001615583	 lambda: -1
1RDM (lambda : -1): 
     1.99999995646623  6.21678528887548e-08 -5.79294751365177e-06  7.59389721998599e-06  0.000159101552247997 -8.47429997451469e-19  2.37003756452164e-17  4.49999669931595e-16 -9.37212256656792e-18  0.000111628335193227
 6.21678528887548e-08      1.99999023122571 -0.000647111680506436 -0.000167136400239614 -6.04281242562168e-05  1.89791203584733e-18  2.99811116615525e-17 -4.17356500900492e-17  2.95194782980512e-18  1.04874942485453e-05
-5.79294751365177e-06 -0.000647111680506436       1.9484799149649  -0.00956005855940732    0.0674094453380523  3.88671472761323e-15  5.74751234559949e-14  5.11766145928236e-14 -5.93854403368236e-15    0.0507008823412448
 7.59389721998599e-06 -0.000167136400239614  -0.00956005855940732      1.99484852236007   -0.0516493258241078 -1.39523762057649e-15 -1.88795264258602e-14 -3.24224871807625e-14  4.07973079228031e-15   -0.0228186731329666
 0.000159101552247997 -6.04281242562168e-05    0.0674094453380523   -0.0516493258241078     0.659491105272406 -5.46950841426997e-14 -8.04128200537367e-13   5.0741311595988e-14 -3.96255626246658e-15    -0.670466579673167
-8.47429997451469e-19  1.89791203584733e-18  3.88671472761323e-15 -1.39523762057649e-15 -5.46950841426997e-14      1.53727889979046  2.38354767445153e-13   0.00575575326110311    0.0886548862791053 -1.27364439427829e-14
 2.37003756452164e-17  2.99811116615525e-17  5.74751234559949e-14 -1.88795264258602e-14 -8.04128200537367e-13  2.38354767445153e-13      1.53727889977967    -0.088654886282476   0.00575575326115605 -1.71355733365396e-13
 4.49999669931595e-16 -4.17356500900492e-17  5.11766145928236e-14 -3.24224871807625e-14   5.0741311595988e-14   0.00575575326110311    -0.088654886282476      0.48078157802825 -4.46089012959636e-13 -4.52713404912947e-13
-9.37212256656792e-18  2.95194782980512e-18 -5.93854403368236e-15  4.07973079228031e-15 -3.96255626246658e-15    0.0886548862791053   0.00575575326115605 -4.46089012959636e-13      0.48078157801791  4.80332895383304e-14
 0.000111628335193227  1.04874942485453e-05    0.0507008823412448   -0.0228186731329666    -0.670466579673167 -1.27364439427829e-14 -1.71355733365396e-13 -4.52713404912947e-13  4.80332895383304e-14      1.36106931409438
POPULATION (lambda : -1): 5.60776836315465
TOTAL ENERGY: -126.989440256296	 lambda: -0.9
1RDM (lambda : -0.9): 
     1.99999996064011   5.6850042186381e-08 -1.40678791280231e-06   6.4306438935229e-06  9.44327503979783e-05 -3.24820470894179e-18  -1.6650641822688e-17  3.59035602892008e-16 -1.69453566046533e-18  0.000100558144187909
  5.6850042186381e-08      1.99999270925048  -0.00049787634621766 -0.000126554423072193 -1.67764997393678e-05 -3.05833516752409e-18 -5.16595472675256e-17 -4.93138932724157e-18 -9.61836390264342e-19 -3.82768175976392e-05
-1.40678791280231e-06  -0.00049787634621766      1.95996874531854  -0.00752180582630605    0.0442255276003172   2.0893008192517e-15  2.94964600245462e-14  2.27241368507749e-14 -2.56918150190987e-15    0.0316209534327976
  6.4306438935229e-06 -0.000126554423072193  -0.00752180582630605      1.99516588233953    -0.054178053795036 -1.18926953687663e-15 -1.54270958495867e-14 -3.71627390677108e-14  4.59263647501597e-15   -0.0215559867250444
 9.44327503979783e-05 -1.67764997393678e-05    0.0442255276003172    -0.054178053795036     0.742790588380214 -3.33879188669883e-14 -4.75488527017004e-13  9.61733890135106e-14 -1.00542392064609e-14     -0.42965837308799
-3.24820470894179e-18 -3.05833516752409e-18   2.0893008192517e-15 -1.18926953687663e-15 -3.33879188669883e-14      1.44316697801023 -4.57731718144893e-13   0.00509596021044214    0.0784921853648735 -1.36493299353195e-14
 -1.6650641822688e-17 -5.16595472675256e-17  2.94964600245462e-14 -1.54270958495867e-14 -4.75488527017004e-13 -4.57731718144893e-13      1.44316697801423    -0.078492185364024   0.00509596021058957 -1.91634135955882e-13
 3.59035602892008e-16 -4.93138932724157e-18  2.27241368507749e-14 -3.71627390677108e-14  9.61733890135106e-14   0.00509596021044214    -0.078492185364024     0.571543244649855 -1.87810781711469e-13 -2.30039362852071e-13
-1.69453566046533e-18 -9.61836390264342e-19 -2.56918150190987e-15  4.59263647501597e-15 -1.00542392064609e-14    0.0784921853648735   0.00509596021058957 -1.87810781711469e-13     0.571543244653783  2.29061967761967e-14
 0.000100558144187909 -3.82768175976392e-05    0.0316209534327976   -0.0215559867250444     -0.42965837308799 -1.36493299353195e-14 -1.91634135955882e-13 -2.30039362852071e-13  2.29061967761967e-14      1.27266166874302
POPULATION (lambda : -0.9): 5.89473390602842
TOTAL ENERGY: -127.056882533382	 lambda: -0.8
1RDM (lambda : -0.8): 
     1.99999997121845  3.78966396076486e-08  4.18327881888706e-07    4.214139724026e-06  4.87142565350239e-05 -1.32641536236612e-16  3.95253534943343e-16  2.25462741266151e-15   2.0485404488965e-16  5.87975002724443e-05
 3.78966396076486e-08      1.99999340691325 -0.000459796897329418  -0.00011203196543297  1.97028942420241e-05 -1.59608894477038e-16   8.3793271450727e-16 -1.29191913776096e-15  -1.3935260154172e-16 -1.91430746118877e-05
 4.18327881888706e-07 -0.000459796897329418      1.96282339858117  -0.00679386277090432    0.0450921643485189 -4.94262896578746e-14  2.08947703945093e-13 -5.95817023034423e-15  -2.1968947974472e-14    0.0176126655846282
   4.214139724026e-06  -0.00011203196543297  -0.00679386277090432      1.99530033242579   -0.0602339707006809  5.26134046689648e-15  7.76807653704509e-14  1.45372829156645e-13  2.90092563419761e-14   -0.0156786368329773
 4.87142565350239e-05  1.97028942420241e-05    0.0450921643485189   -0.0602339707006809     0.512310818577614 -7.53427715904681e-14  3.41850399560174e-12 -5.88235907155426e-12  1.78626229504335e-13    -0.294858693102065
-1.32641536236612e-16 -1.59608894477038e-16 -4.94262896578746e-14  5.26134046689648e-15 -7.53427715904681e-14      1.28579390115718 -6.38560861794756e-13   0.00535373571364352    0.0824630283367033 -4.42949310586163e-13
 3.95253534943343e-16   8.3793271450727e-16  2.08947703945093e-13  7.76807653704509e-14  3.41850399560174e-12 -6.38560861794756e-13      1.28579390115825   -0.0824630283364376   0.00535373571384074   6.7989967907052e-12
 2.25462741266151e-15 -1.29191913776096e-15 -5.95817023034423e-15  1.45372829156645e-13 -5.88235907155426e-12   0.00535373571364352   -0.0824630283364376     0.723278918834887 -5.46263753982823e-13  5.42770989054858e-12
  2.0485404488965e-16  -1.3935260154172e-16  -2.1968947974472e-14  2.90092563419761e-14  1.78626229504335e-13    0.0824630283367033   0.00535373571384074 -5.46263753982823e-13     0.723278918836065  4.73488282078388e-14
 5.87975002724443e-05 -1.91430746118877e-05    0.0176126655846282   -0.0156786368329773    -0.294858693102065 -4.42949310586163e-13   6.7989967907052e-12  5.42770989054858e-12  4.73488282078388e-14      1.51142643229735
POPULATION (lambda : -0.8): 5.9731277177051
TOTAL ENERGY: -127.074393754404	 lambda: -0.7
1RDM (lambda : -0.7): 
     1.99999997861279  2.60052187398591e-08  1.11556140929385e-06  2.67039069204264e-06  2.18329570910273e-05 -1.76506599895823e-17 -2.31991051531769e-16  1.70623445490106e-16  1.52989998992558e-17  2.88725237524864e-05
 2.60052187398591e-08      1.99999361279518 -0.000449186819740131 -0.000106689196922893  3.47509213934721e-05  3.61366046328487e-19  1.50055792901123e-17  9.12047109419484e-17 -1.31579018120502e-17  4.06549120604997e-06
 1.11556140929385e-06 -0.000449186819740131      1.96356776891656  -0.00651486116363927    0.0488010120669776 -3.57299742193481e-16 -6.21913138964159e-15   2.4091034137388e-14 -2.46238719121327e-15    0.0119814770465549
 2.67039069204264e-06 -0.000106689196922893  -0.00651486116363927      1.99543153157533   -0.0639392224525555 -2.04426093569212e-16  1.32066088477228e-15 -5.29510959380908e-14  6.49199896092711e-15   -0.0117076061625219
 2.18329570910273e-05  3.47509213934721e-05    0.0488010120669776   -0.0639392224525555     0.315102453817118 -3.08036204072459e-14 -4.05603761148421e-13 -3.49015163603314e-13   3.1920466011689e-14    -0.258697727042168
-1.76506599895823e-17  3.61366046328487e-19 -3.57299742193481e-16 -2.04426093569212e-16 -3.08036204072459e-14      1.16608024623378 -4.49988584300165e-13    0.0049733045869139    0.0766031150948212  2.30231713996237e-14
-2.31991051531769e-16  1.50055792901123e-17 -6.21913138964159e-15  1.32066088477228e-15 -4.05603761148421e-13 -4.49988584300165e-13      1.16608024623185   -0.0766031150950044   0.00497330458696515   4.7821046014085e-13
 1.70623445490106e-16  9.12047109419484e-17   2.4091034137388e-14 -5.29510959380908e-14 -3.49015163603314e-13    0.0049733045869139   -0.0766031150950044     0.838840859376111 -5.50372397476891e-13  -2.6971262385543e-13
 1.52989998992558e-17 -1.31579018120502e-17 -2.46238719121327e-15  6.49199896092711e-15   3.1920466011689e-14    0.0766031150948212   0.00497330458696515 -5.50372397476891e-13      0.83884085937438  3.78849401868711e-14
 2.88725237524864e-05  4.06549120604997e-06    0.0119814770465549   -0.0117076061625219    -0.258697727042168  2.30231713996237e-14   4.7821046014085e-13  -2.6971262385543e-13  3.78849401868711e-14      1.71606244306695
POPULATION (lambda : -0.7): 5.9961897464191
TOTAL ENERGY: -127.080483108369	 lambda: -0.6
1RDM (lambda : -0.6): 
     1.99999998101041  2.19273266092492e-08  1.49076277567538e-06  2.01704475163732e-06  7.74483932967631e-06 -2.19088697284621e-17 -2.43246656890212e-16  1.88483311703394e-16  1.00150258963973e-17  1.52063454718556e-05
 2.19273266092492e-08      1.99999368703092 -0.000444885476087062 -0.000105062257037034  3.63202017666126e-05   1.0929636246407e-17  2.83480254804154e-17  6.46829920923527e-17 -9.92896890823685e-18  1.59733239217708e-05
 1.49076277567538e-06 -0.000444885476087062      1.96390148472008  -0.00649292329926096    0.0500847398729264  1.20752849998735e-15 -8.05935108005596e-15  3.09316385957109e-14  -1.1803778408599e-15    0.0105031967494765
 2.01704475163732e-06 -0.000105062257037034  -0.00649292329926096      1.99562061116593   -0.0634232078581506  -8.3354425305378e-16  7.02632481293223e-15 -5.11402134660391e-14  5.22026008035296e-15   -0.0101799402865281
 7.74483932967631e-06  3.63202017666126e-05    0.0500847398729264   -0.0634232078581506     0.227551322404449 -6.71125129412211e-14 -2.57303212012761e-13 -7.65042314721463e-13  7.65893616119536e-15    -0.262363771477801
-2.19088697284621e-17   1.0929636246407e-17  1.20752849998735e-15  -8.3354425305378e-16 -6.71125129412211e-14      1.11054621664516  6.20584970809249e-15   0.00447871780678164     0.068984939002038 -9.87978107044462e-15
-2.43246656890212e-16  2.83480254804154e-17 -8.05935108005596e-15  7.02632481293223e-15 -2.57303212012761e-13  6.20584970809249e-15      1.11054621664433    -0.068984939002086   0.00447871780677735  1.01709694931234e-12
 1.88483311703394e-16  6.46829920923527e-17  3.09316385957109e-14 -5.11402134660391e-14 -7.65042314721463e-13   0.00447871780678164    -0.068984939002086     0.892514974481891 -4.61135806842993e-14 -4.27424082079658e-14
 1.00150258963973e-17 -9.92896890823685e-18  -1.1803778408599e-15  5.22026008035296e-15  7.65893616119536e-15     0.068984939002038   0.00447871780677735 -4.61135806842993e-14     0.892514974481097  4.67674868278241e-14
 1.52063454718556e-05  1.59733239217708e-05    0.0105031967494765   -0.0101799402865281    -0.262363771477801 -9.87978107044462e-15  1.01709694931234e-12 -4.27424082079658e-14  4.67674868278241e-14      1.80681053141578
POPULATION (lambda : -0.6): 6.00549126557185
TOTAL ENERGY: -127.084665675279	 lambda: -0.5
1RDM (lambda : -0.5): 
     1.99999998086105  2.19635652440172e-08  1.89353171123189e-06  1.80442882558034e-06 -1.75010942802418e-06 -1.76123918042542e-17 -2.48208638401764e-16  1.69395006282493e-16  1.17177064810623e-17  7.92036701470427e-06
 2.19635652440172e-08       1.9999937354984 -0.000441190851344688 -0.000104743286148294  3.05005621255612e-05   1.7008837937049e-18  1.11339383623651e-17  5.70945764506874e-17 -8.08407595166613e-18  2.28439293109146e-05
 1.89353171123189e-06 -0.000441190851344688      1.96424601169051  -0.00658867143839272    0.0498327321084564 -4.61428858836284e-16 -1.29849946718909e-14  3.69751398606915e-14 -4.15250392034744e-15    0.0105440743155414
 1.80442882558034e-06 -0.000104743286148294  -0.00658867143839272      1.99584989388753   -0.0605173745123254  3.44429842132524e-16  1.02464638218055e-14 -5.05172069425443e-14  6.02119769456467e-15  -0.00966773261645705
-1.75010942802418e-06  3.05005621255612e-05    0.0498327321084564   -0.0605173745123254     0.192589970941051 -1.72355539775969e-14 -1.73709767762528e-13 -1.03631140419154e-12   1.1794796828551e-13    -0.284108722380359
-1.76123918042542e-17   1.7008837937049e-18 -4.61428858836284e-16  3.44429842132524e-16 -1.72355539775969e-14      1.08525075854001  3.98578309898524e-13   0.00428655995821288    0.0660253137067486  7.67780400243172e-14
-2.48208638401764e-16  1.11339383623651e-17 -1.29849946718909e-14  1.02464638218055e-14 -1.73709767762528e-13  3.98578309898524e-13      1.08525075854102   -0.0660253137068234   0.00428655995829517  1.29423696748036e-12
 1.69395006282493e-16  5.70945764506874e-17  3.69751398606915e-14 -5.05172069425443e-14 -1.03631140419154e-12   0.00428655995821288   -0.0660253137068234     0.916958246033617  4.45222511887542e-13  3.25779581627253e-14
 1.17177064810623e-17 -8.08407595166613e-18 -4.15250392034744e-15  6.02119769456467e-15   1.1794796828551e-13    0.0660253137067486   0.00428655995829517  4.45222511887542e-13     0.916958246034487  -7.6509654190014e-15
 7.92036701470427e-06  2.28439293109146e-05    0.0105440743155414  -0.00966773261645705    -0.284108722380359  7.67780400243172e-14  1.29423696748036e-12  3.25779581627253e-14  -7.6509654190014e-15      1.84290239797239
POPULATION (lambda : -0.5): 6.01311356534734
TOTAL ENERGY: -127.089736740313	 lambda: -0.4
1RDM (lambda : -0.4): 
     1.99999997917875  2.48471181259836e-08   2.4554212060735e-06  1.87299156003259e-06 -9.85211855024242e-06 -9.86534594826199e-18 -7.32900067312242e-17  8.88225314327422e-17  2.64150897246156e-17  2.18723650569591e-06
 2.48471181259836e-08      1.99999379901079 -0.000435591218600669 -0.000104840023353684   1.7471494144836e-05 -1.54085735614479e-17 -3.43681962095821e-16 -1.18259940781961e-17 -2.99298000332888e-18  2.80321391823476e-05
  2.4554212060735e-06 -0.000435591218600669      1.96479057705001  -0.00674836385204246    0.0484345552301871 -3.53460345109326e-15 -6.68152374477494e-14  8.98031816251809e-14 -1.18455855956101e-14    0.0114558863413421
 1.87299156003259e-06 -0.000104840023353684  -0.00674836385204246      1.99610647924173   -0.0559231618067837  1.68877294432938e-15  2.63933417234003e-14 -6.18504265000665e-14  7.98736080305927e-15  -0.00955466422588938
-9.85211855024242e-06   1.7471494144836e-05    0.0484345552301871   -0.0559231618067837     0.184046088797654  4.12080770665028e-14  7.46696367360442e-13 -3.05769464952397e-12  3.91181189408755e-13    -0.323527030949555
-9.86534594826199e-18 -1.54085735614479e-17 -3.53460345109326e-15  1.68877294432938e-15  4.12080770665028e-14      1.07328821232631  1.39262126282435e-13   0.00444485376238664    0.0684634296786862  1.79176251023266e-13
-7.32900067312242e-17 -3.43681962095821e-16 -6.68152374477494e-14  2.63933417234003e-14  7.46696367360442e-13  1.39262126282435e-13      1.07328821232477   -0.0684634296783358   0.00444485376241538  3.22121779801578e-12
 8.88225314327422e-17 -1.18259940781961e-17  8.98031816251809e-14 -6.18504265000665e-14 -3.05769464952397e-12   0.00444485376238664   -0.0684634296783358     0.928470175426117  3.72353513691811e-14  9.32490243263162e-13
 2.64150897246156e-17 -2.99298000332888e-18 -1.18455855956101e-14  7.98736080305927e-15  3.91181189408755e-13    0.0684634296786862   0.00444485376241538  3.72353513691811e-14     0.928470175424606  -1.1971557333686e-13
 2.18723650569591e-06  2.80321391823476e-05    0.0114558863413421  -0.00955466422588938    -0.323527030949555  1.79176251023266e-13  3.22121779801578e-12  9.32490243263162e-13  -1.1971557333686e-13      1.85154630121927
POPULATION (lambda : -0.4): 6.02450894401638
TOTAL ENERGY: -127.098248954647	 lambda: -0.3
1RDM (lambda : -0.3): 
     1.99999997609149  3.12071441475827e-08  3.34631119778188e-06  2.26828871156991e-06 -1.74124050614038e-05 -1.93414663857209e-17  -2.6300271981286e-16  1.40216760610555e-16   1.5381353588658e-17 -5.09050976804003e-06
 3.12071441475827e-08      1.99999393683735 -0.000423603112387032  -0.00010452886008194 -7.90897412019868e-06   2.6764093045744e-18  1.79502876822384e-17  8.74035279219787e-18 -2.80572248859143e-18  3.21720914780512e-05
 3.34631119778188e-06 -0.000423603112387032      1.96590438923952   -0.0069400697481633    0.0452476176496792 -2.33472176388197e-16 -1.02886795868217e-14  3.21250720107479e-14 -3.58124237869953e-15    0.0133715613884171
 2.26828871156991e-06  -0.00010452886008194   -0.0069400697481633      1.99637160980388   -0.0495998060315084  3.32668655337222e-16   9.2324348188463e-15 -3.70529364972027e-14  4.48420769725459e-15  -0.00951936440717742
-1.74124050614038e-05 -7.90897412019868e-06    0.0452476176496792   -0.0495998060315084     0.200241670564348 -2.76257157590094e-14 -3.41855005523052e-13 -1.07984805229478e-12  1.21946147136827e-13    -0.392655509424908
-1.93414663857209e-17   2.6764093045744e-18 -2.33472176388197e-16  3.32668655337222e-16 -2.76257157590094e-14      1.06841563298742  7.82659467623264e-14   0.00505486490653876    0.0778593130485996  7.71872589888064e-14
 -2.6300271981286e-16  1.79502876822384e-17 -1.02886795868217e-14   9.2324348188463e-15 -3.41855005523052e-13  7.82659467623264e-14      1.06841563298719   -0.0778593130485039   0.00505486490658669  1.33898322201915e-12
 1.40216760610555e-16  8.74035279219787e-18  3.21250720107479e-14 -3.70529364972027e-14 -1.07984805229478e-12   0.00505486490653876   -0.0778593130485039     0.933053731023504  6.03232284297524e-14 -9.04528012869686e-14
  1.5381353588658e-17 -2.80572248859143e-18 -3.58124237869953e-15  4.48420769725459e-15  1.21946147136827e-13    0.0778593130485996   0.00505486490658669  6.03232284297524e-14     0.933053731023255  6.84550799158471e-15
-5.09050976804003e-06  3.21720914780512e-05    0.0133715613884171  -0.00951936440717742    -0.392655509424908  7.71872589888064e-14  1.33898322201915e-12 -9.04528012869686e-14  6.84550799158471e-15      1.83454968944205
POPULATION (lambda : -0.3): 6.04937415051189
TOTAL ENERGY: -127.116895741159	 lambda: -0.2
1RDM (lambda : -0.2): 
     1.99999997149809   4.3873852803657e-08  4.96459837658847e-06  3.27030425697766e-06 -2.24335513112126e-05 -2.12562206578911e-17 -2.93086630987613e-16  1.32086168818758e-16  1.66775456046516e-17  -1.9267116466928e-05
  4.3873852803657e-08      1.99999438779195 -0.000387206807783943 -0.000100390438080029 -6.23741747589078e-05  2.77089796800872e-18  4.55535476257147e-17 -5.04536461991341e-17  4.27237991756312e-18  2.91181766632382e-05
 4.96459837658847e-06 -0.000387206807783943      1.96904682346866  -0.00703389121205179      0.03652772588094  1.45505099838892e-16 -5.72017019915753e-16  1.90012236501241e-14 -2.12576456688348e-15    0.0168962291089379
 3.27030425697766e-06 -0.000100390438080029  -0.00703389121205179      1.99657219800313   -0.0414614944067838    3.740600971078e-16    9.048147535651e-15 -2.64978981051655e-14   3.2772861087435e-15  -0.00869591313994316
-2.24335513112126e-05 -6.23741747589078e-05      0.03652772588094   -0.0414614944067838     0.275270979785014 -4.02273390417495e-14 -5.76877657530301e-13 -8.92738321730858e-13  1.03893990980457e-13    -0.522347932340031
-2.12562206578911e-17  2.77089796800872e-18  1.45505099838892e-16    3.740600971078e-16 -4.02273390417495e-14      1.06783073842999 -8.11143829921337e-16   0.00639055932137545    0.0984327975453684  6.91376595187852e-14
-2.93086630987613e-16  4.55535476257147e-17 -5.72017019915753e-16    9.048147535651e-15 -5.76877657530301e-13 -8.11143829921337e-16      1.06783073843012   -0.0984327975454419   0.00639055932138302  1.12195951766551e-12
 1.32086168818758e-16 -5.04536461991341e-17  1.90012236501241e-14 -2.64978981051655e-14 -8.92738321730858e-13   0.00639055932137545   -0.0984327975454419     0.933358267026287    7.360499356038e-15 -2.76076923644429e-13
 1.66775456046516e-17  4.27237991756312e-18 -2.12576456688348e-15   3.2772861087435e-15  1.03893990980457e-13    0.0984327975453684   0.00639055932138302    7.360499356038e-15     0.933358267026411  2.64876030535501e-14
 -1.9267116466928e-05  2.91181766632382e-05    0.0168962291089379  -0.00869591313994316    -0.522347932340031  6.91376595187852e-14  1.12195951766551e-12 -2.76076923644429e-13  2.64876030535501e-14       1.7567376285404
POPULATION (lambda : -0.2): 6.12729243627321
TOTAL ENERGY: -127.160222012959	 lambda: -0.1
1RDM (lambda : -0.1): 
     1.99999996765194  6.05554498959528e-08  7.22912359569626e-06  5.18158211541911e-06 -9.54641643718198e-06 -2.47906230833591e-17 -3.35773117377957e-16  1.33994354368475e-16  1.63194633328003e-17 -4.65101928834432e-05
 6.05554498959528e-08      1.99999627193917 -0.000247319190009259 -7.26151655837515e-05 -0.000163267681525925 -2.47184759653819e-18 -3.57219344827498e-17 -1.81363990789149e-16  1.94266556991211e-17 -3.41125899759184e-05
 7.22912359569626e-06 -0.000247319190009259      1.98025908664645   -0.0061168163435944   0.00557995522921059  4.76609858621042e-16  5.64338532601441e-15 -1.69182210547374e-14   2.0422496743281e-15    0.0189145302448016
 5.18158211541911e-06 -7.26151655837515e-05   -0.0061168163435944      1.99638364693809   -0.0370222087416706  1.02018820710458e-15   1.9117143673138e-14 -1.98281241876452e-14  2.50959569362869e-15  -0.00191502308999141
-9.54641643718198e-06 -0.000163267681525925   0.00557995522921059   -0.0370222087416706     0.566994650439711 -5.47618023454577e-14 -8.14979280086281e-13 -5.84560595614086e-13  6.84597619876269e-14    -0.673727813660838
-2.47906230833591e-17 -2.47184759653819e-18  4.76609858621042e-16  1.02018820710458e-15 -5.47618023454577e-14      1.06095084392434  6.39906004581242e-17   0.00773913473020482     0.119204620244539  4.11391391702234e-14
-3.35773117377957e-16 -3.57219344827498e-17  5.64338532601441e-15   1.9117143673138e-14 -8.14979280086281e-13  6.39906004581242e-17      1.06095084392445    -0.119204620244652   0.00773913473021696  6.88938902988412e-13
 1.33994354368475e-16 -1.81363990789149e-16 -1.69182210547374e-14 -1.98281241876452e-14 -5.84560595614086e-13   0.00773913473020482    -0.119204620244652     0.939730576366444   6.9309093799793e-15 -4.87121013526781e-13
 1.63194633328003e-17  1.94266556991211e-17   2.0422496743281e-15  2.50959569362869e-15  6.84597619876269e-14     0.119204620244539   0.00773913473021696   6.9309093799793e-15      0.93973057636655  5.11247066786872e-14
-4.65101928834432e-05 -3.41125899759184e-05    0.0189145302448016  -0.00191502308999141    -0.673727813660838  4.11391391702234e-14  6.88938902988412e-13 -4.87121013526781e-13  5.11247066786872e-14      1.45500353580288
POPULATION (lambda : -0.1): 6.43714706338341
TOTAL ENERGY: -127.182862872197	 lambda: 0
1RDM (lambda : 0): 
     1.99999996863354  4.73504212378689e-08  6.01497190662566e-06  5.56357085686071e-06  1.89252476371322e-05  -2.4835766969496e-17 -3.55860033416782e-16  1.72717447053511e-16  1.07260422266884e-17 -4.74411050211992e-05
 4.73504212378689e-08      1.99999878629671 -7.33062719836243e-05  -2.7021733466722e-05 -0.000164769054004739 -1.42392972189112e-17 -2.22099609606289e-16 -2.12265741388625e-16  2.35559547698847e-17 -0.000156681457193376
 6.01497190662566e-06 -7.33062719836243e-05      1.99337233956527  -0.00405343169040831   -0.0318238327672242 -4.48093099173853e-16 -7.32033456235054e-15  -6.1131407302233e-14  7.19424180051057e-15   0.00737816898253217
 5.56357085686071e-06  -2.7021733466722e-05  -0.00405343169040831      1.99595483664943   -0.0467142325233618  2.17006317093388e-15  3.74269219332381e-14 -2.96671452583437e-14  3.61868092928668e-15   0.00986195451237887
 1.89252476371322e-05 -0.000164769054004739   -0.0318238327672242   -0.0467142325233618     0.907849768353366 -4.04040871716017e-14 -6.14061012999826e-13 -1.78722102879022e-13  2.17450519702564e-14    -0.482929005190445
 -2.4835766969496e-17 -1.42392972189112e-17 -4.48093099173853e-16  2.17006317093388e-15 -4.04040871716017e-14      1.03384612250931 -4.84524260631845e-16   0.00526723571787661    0.0811303403665632   9.3797142894912e-15
-3.55860033416782e-16 -2.22099609606289e-16 -7.32033456235054e-15  3.74269219332381e-14 -6.14061012999826e-13 -4.84524260631845e-16      1.03384612250925   -0.0811303403664135   0.00526723571786854  1.73605983425618e-13
 1.72717447053511e-16 -2.12265741388625e-16  -6.1131407302233e-14 -2.96671452583437e-14 -1.78722102879022e-13   0.00526723571787661   -0.0811303403664135     0.966363145414022 -4.43081599873913e-15 -4.05005349669025e-13
 1.07260422266884e-17  2.35559547698847e-17  7.19424180051057e-15  3.61868092928668e-15  2.17450519702564e-14    0.0811303403665632   0.00526723571786854 -4.43081599873913e-15     0.966363145413962  4.37562296716153e-14
-4.74411050211992e-05 -0.000156681457193376   0.00737816898253217   0.00986195451237887    -0.482929005190445   9.3797142894912e-15  1.73605983425618e-13 -4.05005349669025e-13  4.37562296716153e-14       1.1024057646551
POPULATION (lambda : 0): 6.83466797890481
TOTAL ENERGY: -127.178624543638	 lambda: 0.1
1RDM (lambda : 0.1): 
     1.99999996774405   3.3326296662597e-08  4.44795007872822e-06  5.15349531298286e-06  2.83015712027517e-05 -2.34476743939258e-17 -3.50021862164905e-16  1.92676725985136e-16  8.04382386802724e-18 -3.62954571396982e-05
  3.3326296662597e-08      1.99999951981313 -2.69494092117721e-05 -1.17421755411817e-05 -0.000125793428694974 -1.79113112906788e-17 -2.81941378897802e-16 -1.75902274968643e-16  1.96082124229238e-17 -0.000193079565602984
 4.44795007872822e-06 -2.69494092117721e-05      1.99660512176234  -0.00320945214795936   -0.0416213739775655 -1.24979249456095e-15 -1.95189338817502e-14 -7.34318648120214e-14  8.64586421550606e-15   -0.0017600000246834
 5.15349531298286e-06 -1.17421755411817e-05  -0.00320945214795936         1.99591847545    -0.052120206692844  2.54089108372348e-15  4.33242025523173e-14 -3.58451947646419e-14  4.32148877566009e-15    0.0136621986860155
 2.83015712027517e-05 -0.000125793428694974   -0.0416213739775655    -0.052120206692844     0.990281308640896 -2.63366884434712e-14 -4.03060465231636e-13 -6.02374811359703e-14  7.76105921671135e-15    -0.311734780611139
-2.34476743939258e-17 -1.79113112906788e-17 -1.24979249456095e-15  2.54089108372348e-15 -2.63366884434712e-14       1.0199224710871  3.49678336773167e-16   0.00334485840344086    0.0515202874487974   1.6125244484295e-15
-3.50021862164905e-16 -2.81941378897802e-16 -1.95189338817502e-14  4.33242025523173e-14 -4.03060465231636e-13  3.49678336773167e-16      1.01992247108706   -0.0515202874486915    0.0033448584034382  4.16417693272564e-14
 1.92676725985136e-16 -1.75902274968643e-16 -7.34318648120214e-14 -3.58451947646419e-14 -6.02374811359703e-14   0.00334485840344086   -0.0515202874486915     0.980173907768171  -2.0169353153199e-15 -2.73285729484789e-13
 8.04382386802724e-18  1.96082124229238e-17  8.64586421550606e-15  4.32148877566009e-15  7.76105921671135e-15    0.0515202874487974    0.0033448584034382  -2.0169353153199e-15     0.980173907768135  2.97055259154185e-14
-3.62954571396982e-05 -0.000193079565602984   -0.0017600000246834    0.0136621986860155    -0.311734780611139   1.6125244484295e-15  4.16417693272564e-14 -2.73285729484789e-13  2.97055259154185e-14      1.01700284887917
POPULATION (lambda : 0.1): 6.94539673610722
TOTAL ENERGY: -127.174332705856	 lambda: 0.2
1RDM (lambda : 0.2): 
     1.99999996495622  2.68266135681061e-08  3.71361069825802e-06  4.99435618994724e-06  3.13612427717261e-05 -2.26332734088686e-17 -3.44814947418181e-16  2.01046367645365e-16  7.13173826495303e-18 -2.97979385144787e-05
 2.68266135681061e-08      1.99999973173047 -1.50889349951168e-05   -7.029425467872e-06 -0.000104884404346819  -1.8420757026178e-17 -2.90937221661781e-16 -1.52916099604445e-16  1.70269691162255e-17 -0.000197313704492777
 3.71361069825802e-06 -1.50889349951168e-05      1.99734318794202  -0.00287023328449126   -0.0440898343056321 -1.72049103363402e-15 -2.68273088102691e-14 -7.69775415473522e-14  9.07239806474126e-15  -0.00695995298009689
 4.99435618994724e-06   -7.029425467872e-06  -0.00287023328449126      1.99599818845514    -0.053725164119522  2.62939109133456e-15  4.47006375874926e-14 -3.78183532038217e-14  4.54807451520177e-15    0.0145822505541682
 3.13612427717261e-05 -0.000104884404346819   -0.0440898343056321    -0.053725164119522      1.00939033500817 -1.98171944566234e-14 -3.04175249403172e-13 -2.65914030685354e-14  3.70358666337396e-15    -0.233656412477743
-2.26332734088686e-17  -1.8420757026178e-17 -1.72049103363402e-15  2.62939109133456e-15 -1.98171944566234e-14      1.01438693497872 -6.78626821549351e-16   0.00249770920589147    0.0384717936253107 -2.08641353066366e-16
-3.44814947418181e-16 -2.90937221661781e-16 -2.68273088102691e-14  4.47006375874926e-14 -3.04175249403172e-13 -6.78626821549351e-16      1.01438693497869   -0.0384717936252261   0.00249770920588473  8.85435362186681e-15
 2.01046367645365e-16 -1.52916099604445e-16 -7.69775415473522e-14 -3.78183532038217e-14 -2.65914030685354e-14   0.00249770920589147   -0.0384717936252261     0.985681568758796 -2.41387316998546e-15 -2.08297205341392e-13
 7.13173826495303e-18  1.70269691162255e-17  9.07239806474126e-15  4.54807451520177e-15  3.70358666337396e-15    0.0384717936253107   0.00249770920588473 -2.41387316998546e-15      0.98568156875877  2.26571525399968e-14
-2.97979385144787e-05 -0.000197313704492777  -0.00695995298009689    0.0145822505541682    -0.233656412477743 -2.08641353066366e-16  8.85435362186681e-15 -2.08297205341392e-13  2.26571525399968e-14     0.997131584433013
POPULATION (lambda : 0.2): 6.97579784059091
TOTAL ENERGY: -127.17142404662	 lambda: 0.3
1RDM (lambda : 0.3): 
     1.99999996070488  2.36328544192004e-08  3.36018730249724e-06  5.02316978531094e-06  3.29658276442172e-05 -2.21377111986252e-17 -3.41212676156345e-16  2.05738177426972e-16  6.79167729782818e-18 -2.58921746472208e-05
 2.36328544192004e-08      1.99999981806974 -1.09077217029257e-05 -5.11142295686472e-06 -9.38136077324221e-05 -1.81499326274283e-17 -2.87162982573941e-16 -1.39503150634499e-16  1.54961686039735e-17  -0.00019387019080632
 3.36018730249724e-06 -1.09077217029257e-05      1.99755844758281  -0.00267594554235139   -0.0449357554173084 -2.04532604793426e-15 -3.19117199828157e-14 -7.85042968121012e-14  9.26022914030928e-15   -0.0104905747968469
 5.02316978531094e-06 -5.11142295686472e-06  -0.00267594554235139      1.99610933490796   -0.0539101292088688  2.64208972367455e-15  4.48571645403748e-14 -3.81532666410709e-14   4.5887088475787e-15    0.0147324976015178
 3.29658276442172e-05 -9.38136077324221e-05   -0.0449357554173084   -0.0539101292088688      1.01587523427599 -1.65479115294796e-14 -2.54403521247421e-13 -1.31635987251721e-14  2.06296302057202e-15    -0.194729000297111
-2.21377111986252e-17 -1.81499326274283e-17 -2.04532604793426e-15  2.64208972367455e-15 -1.65479115294796e-14      1.01176465938009 -2.52380115267196e-15   0.00208177416449373    0.0320652189831632 -8.36042058896771e-16
-3.41212676156345e-16 -2.87162982573941e-16 -3.19117199828157e-14  4.48571645403748e-14 -2.54403521247421e-13 -2.52380115267196e-15      1.01176465938009   -0.0320652189831603   0.00208177416448211  -3.0068632071195e-15
 2.05738177426972e-16 -1.39503150634499e-16 -7.85042968121012e-14 -3.81532666410709e-14 -1.31635987251721e-14   0.00208177416449373   -0.0320652189831603     0.988294194916379 -2.14457268578377e-15 -1.75045337996393e-13
 6.79167729782818e-18  1.54961686039735e-17  9.26022914030928e-15   4.5887088475787e-15  2.06296302057202e-15    0.0320652189831632   0.00208177416448211 -2.14457268578377e-15     0.988294194916385  1.90234014829742e-14
-2.58921746472208e-05  -0.00019387019080632   -0.0104905747968469    0.0147324976015178    -0.194729000297111 -8.36042058896771e-16  -3.0068632071195e-15 -1.75045337996393e-13  1.90234014829742e-14     0.990339495865724
POPULATION (lambda : 0.3): 6.9877380465224
TOTAL ENERGY: -127.169292558347	 lambda: 0.4
1RDM (lambda : 0.4): 
     1.99999995468831  2.20520645147964e-08  3.19209679903784e-06  5.20116466195941e-06   3.4184617537448e-05 -2.17947329078404e-17  -3.3842420930262e-16  2.09030768693849e-16   6.6771233285202e-18 -2.31987664866415e-05
 2.20520645147964e-08      1.99999986226836 -9.08937095001416e-06 -4.17802903163673e-06 -8.76156045396928e-05 -1.76813779391646e-17 -2.80036091524045e-16 -1.31277037384504e-16  1.45435246623449e-17 -0.000188595368418673
 3.19209679903784e-06 -9.08937095001416e-06      1.99762430825461  -0.00253315542090172   -0.0452687851938988 -2.29826082474624e-15 -3.58893783808018e-14 -7.93624442576184e-14  9.36874924860748e-15    -0.013211832671738
 5.20116466195941e-06 -4.17802903163673e-06  -0.00253315542090172      1.99623699674436    -0.053385845809903  2.62640803353107e-15  4.45564486982411e-14 -3.76552948518427e-14   4.5348854598364e-15    0.0146012072720587
  3.4184617537448e-05 -8.76156045396928e-05   -0.0452687851938988    -0.053385845809903      1.01910666028677  -1.4836832207827e-14 -2.28339334543559e-13 -6.30287431810689e-15  1.22548519597296e-15    -0.174397871447126
-2.17947329078404e-17 -1.76813779391646e-17 -2.29826082474624e-15  2.62640803353107e-15  -1.4836832207827e-14      1.01041343194072  3.28486759038238e-16     0.001867000257279     0.028757090743767 -1.15383878491428e-15
 -3.3842420930262e-16 -2.80036091524045e-16 -3.58893783808018e-14  4.45564486982411e-14 -2.28339334543559e-13  3.28486759038238e-16       1.0104134319407   -0.0287570907437031   0.00186700025727796 -9.01112592615958e-15
 2.09030768693849e-16 -1.31277037384504e-16 -7.93624442576184e-14 -3.76552948518427e-14 -6.30287431810689e-15     0.001867000257279   -0.0287570907437031     0.989641412501933 -9.09972002887389e-16 -1.57578751196841e-13
  6.6771233285202e-18  1.45435246623449e-17  9.36874924860748e-15   4.5348854598364e-15  1.22548519597296e-15     0.028757090743767   0.00186700025727796 -9.09972002887389e-16     0.989641412501914  1.71003387445582e-14
-2.31987664866415e-05 -0.000188595368418673    -0.013211832671738    0.0146012072720587    -0.174397871447126 -1.15383878491428e-15 -9.01112592615958e-15 -1.57578751196841e-13  1.71003387445582e-14     0.986922528872325
POPULATION (lambda : 0.4): 6.9939060687083
TOTAL ENERGY: -127.167481392356	 lambda: 0.5
1RDM (lambda : 0.5): 
     1.99999994609133  2.14464727710073e-08  3.12902077775812e-06  5.54332464749565e-06  3.53263491459695e-05 -2.15292053589384e-17  -3.3591375655466e-16  2.11705301087841e-16  6.66965932035925e-18 -2.10613214434799e-05
 2.14464727710073e-08      1.99999988840343 -8.19193629525087e-06 -3.67506819965752e-06   -8.416607423862e-05 -1.71882638811729e-17  -2.7242624309952e-16 -1.26183858086354e-16  1.39438304051918e-17 -0.000183228277314536
 3.12902077775812e-06 -8.19193629525087e-06      1.99763942356013  -0.00240854104512262   -0.0453729203472227 -2.51235735507829e-15 -3.92687033138224e-14 -7.99183767124836e-14  9.44120971511822e-15   -0.0154970448430191
 5.54332464749565e-06 -3.67506819965752e-06  -0.00240854104512262      1.99637854284504   -0.0523674750605632   2.5960621358898e-15  4.40081077741278e-14 -3.65760212068163e-14  4.41529389454727e-15    0.0143241918337571
 3.53263491459695e-05   -8.416607423862e-05   -0.0453729203472227   -0.0523674750605632      1.02158124596505 -1.40419793067537e-14 -2.16307474337765e-13 -2.01179626928923e-15  7.13518230755256e-16    -0.164959019411864
-2.15292053589384e-17 -1.71882638811729e-17 -2.51235735507829e-15   2.5960621358898e-15 -1.40419793067537e-14      1.00976419209777 -2.14488889500248e-16   0.00176912013955289    0.0272494604134683 -1.39811597422072e-15
 -3.3591375655466e-16  -2.7242624309952e-16 -3.92687033138224e-14  4.40081077741278e-14 -2.16307474337765e-13 -2.14488889500248e-16      1.00976419209776   -0.0272494604134264   0.00176912013955065 -1.32982518258864e-14
 2.11705301087841e-16 -1.26183858086354e-16 -7.99183767124836e-14 -3.65760212068163e-14 -2.01179626928923e-15   0.00176912013955289   -0.0272494604134264     0.990289000115484 -8.98235890334012e-16  -1.4964213314014e-13
 6.66965932035925e-18  1.39438304051918e-17  9.44120971511822e-15  4.41529389454727e-15  7.13518230755256e-16    0.0272494604134683   0.00176912013955065 -8.98235890334012e-16     0.990289000115474  1.62147194154408e-14
-2.10613214434799e-05 -0.000183228277314536   -0.0154970448430191    0.0143241918337571    -0.164959019411864 -1.39811597422072e-15 -1.32982518258864e-14  -1.4964213314014e-13  1.62147194154408e-14     0.984294568708576
POPULATION (lambda : 0.5): 6.99795310080411
TOTAL ENERGY: -127.165608049436	 lambda: 0.6
1RDM (lambda : 0.6): 
     1.99999993332477  2.15846535309971e-08  3.13035408924406e-06  6.11798579805111e-06  3.64827945400057e-05  -2.1299887210908e-17 -3.33279187418024e-16  2.14053971913053e-16  6.72512449696789e-18 -1.91048855030681e-05
 2.15846535309971e-08      1.99999990537519 -7.71783090132752e-06 -3.39188243293375e-06 -8.25319822758446e-05 -1.67426542044068e-17  -2.6544888273629e-16 -1.23298174746829e-16   1.3594627424592e-17 -0.000178429238839046
 3.13035408924406e-06 -7.71783090132752e-06      1.99763871253073  -0.00228484988083869     -0.04532177357377 -2.70701455287033e-15 -4.23481178807142e-14 -8.02869263816705e-14  9.49186444209153e-15   -0.0175558558653049
 6.11798579805111e-06 -3.39188243293375e-06  -0.00228484988083869      1.99653360943761   -0.0508883549533927  2.55362407314212e-15  4.32593384295963e-14  -3.4958742462879e-14  4.23508038556373e-15    0.0139351694180846
 3.64827945400057e-05 -8.25319822758446e-05     -0.04532177357377   -0.0508883549533927      1.02433623756391 -1.39296110670003e-14 -2.14688200787832e-13  1.32376526989984e-15  3.36851080208116e-16    -0.163527820130918
 -2.1299887210908e-17 -1.67426542044068e-17 -2.70701455287033e-15  2.55362407314212e-15 -1.39296110670003e-14      1.00960394526838 -7.13087258628518e-16    0.0017570431560626    0.0270634377754409 -1.66848227346533e-15
-3.33279187418024e-16  -2.6544888273629e-16 -4.23481178807142e-14  4.32593384295963e-14 -2.14688200787832e-13 -7.13087258628518e-16      1.00960394526839   -0.0270634377754438   0.00175704315606038 -1.75676729596687e-14
 2.14053971913053e-16 -1.23298174746829e-16 -8.02869263816705e-14  -3.4958742462879e-14  1.32376526989984e-15    0.0017570431560626   -0.0270634377754438     0.990448945041372 -3.32706101002192e-16 -1.48903793823374e-13
 6.72512449696789e-18   1.3594627424592e-17  9.49186444209153e-15  4.23508038556373e-15  3.36851080208116e-16    0.0270634377754409   0.00175704315606038 -3.32706101002192e-16     0.990448945041378   1.6107230849493e-14
-1.91048855030681e-05 -0.000178429238839046   -0.0175558558653049    0.0139351694180846    -0.163527820130918 -1.66848227346533e-15 -1.75676729596687e-14 -1.48903793823374e-13   1.6107230849493e-14      0.98138582114829
POPULATION (lambda : 0.6): 7.00136124844331
TOTAL ENERGY: -127.163172894759	 lambda: 0.7
1RDM (lambda : 0.7): 
     1.99999991319895  2.24465915295716e-08  3.16381446584899e-06  7.08498501739753e-06   3.7629293944799e-05 -2.10797270931977e-17 -3.30110231913818e-16  2.16121578428174e-16  6.83328392325794e-18 -1.70393133557198e-05
 2.24465915295716e-08      1.99999991707165 -7.46603723444549e-06 -3.23692061945667e-06 -8.23536333249623e-05 -1.63789247396602e-17 -2.59716116771957e-16  -1.2229307334795e-16  1.34583450512232e-17  -0.00017458650058237
