TOTAL ENERGY: -126.588099140689	 lambda: -1
1RDM (lambda : -1): 
     1.99999988084756  1.92821796827887e-08 -7.72145713428965e-06 -8.55586212004812e-06  8.78823999369886e-05 -4.61795909291398e-15  2.36973726670535e-15 -1.07431750113868e-15 -2.27666976411564e-15  0.000343255885088838
 1.92821796827887e-08      1.99998765377835 -5.48135638973202e-05 -0.000784512704201571  0.000163727232444141 -2.34542641199406e-15   1.1423038240578e-15 -6.86021692189296e-16 -1.72946293336561e-15 -1.39856365454343e-05
-7.72145713428965e-06 -5.48135638973202e-05      1.99899981792407  -0.00455666137606608   0.00645403050583432 -5.06133790073305e-13   2.5950511753754e-13 -2.49612570524284e-13 -5.00999927600773e-13    0.0294167075547082
-8.55586212004812e-06 -0.000784512704201571  -0.00455666137606608        1.944210290296    0.0202052080202937 -2.96825456213749e-13  1.51242476722289e-13  7.12394256354373e-14  6.30312162233024e-14    0.0466268513671144
 8.78823999369886e-05  0.000163727232444141   0.00645403050583432    0.0202052080202937      1.73157851538258  4.85145940444317e-12  -2.6061736790169e-12  1.15569867521881e-12  1.73611722845295e-12    -0.478331271266415
-4.61795909291398e-15 -2.34542641199406e-15 -5.06133790073305e-13 -2.96825456213749e-13  4.85145940444317e-12      1.22652847777131 -1.68135438022024e-13  -0.00213420404725584    -0.549647986341684  6.33181879646318e-12
 2.36973726670535e-15   1.1423038240578e-15   2.5950511753754e-13  1.51242476722289e-13  -2.6061736790169e-12 -1.68135438022024e-13      1.22652847781173     0.549647986331805  -0.00213420404758463  -3.4804321153367e-12
-1.07431750113868e-15 -6.86021692189296e-16 -2.49612570524284e-13  7.12394256354373e-14  1.15569867521881e-12  -0.00213420404725584     0.549647986331805     0.792640379371269 -1.73541084863893e-14  7.41172329934921e-14
-2.27666976411564e-15 -1.72946293336561e-15 -5.00999927600773e-13  6.30312162233024e-14  1.73611722845295e-12    -0.549647986341684  -0.00213420404758463 -1.73541084863893e-14     0.792640379411411   3.8792074494782e-13
 0.000343255885088838 -1.39856365454343e-05    0.0294167075547082    0.0466268513671144    -0.478331271266415  6.33181879646318e-12  -3.4804321153367e-12  7.41172329934921e-14   3.8792074494782e-13     0.286886127405734
POPULATION (lambda : -1): 5.43248290994103
TOTAL ENERGY: -126.859270621144	 lambda: -0.9
1RDM (lambda : -0.9): 
     1.99999989459769  5.13890790264188e-08 -7.09665769414619e-06  6.83353615732029e-08  7.31265242987466e-05 -4.35383911575311e-15  2.15420399740216e-15 -7.95106822980472e-16 -1.86195231865783e-15  0.000262401051757291
 5.13890790264188e-08      1.99999027189646 -4.09643880414749e-05 -0.000628389256644256  8.87903361743511e-05 -2.75379535947054e-15  1.22262987946152e-15 -2.70713770951506e-16 -8.46854254115566e-16 -4.17304967624986e-05
-7.09665769414619e-06 -4.09643880414749e-05      1.99899696631884  -0.00343832102871882   0.00548469500878999 -5.95289589259333e-13  2.96393054767562e-13 -2.74393799135862e-13 -5.56113105418433e-13    0.0295823505741105
 6.83353615732029e-08 -0.000628389256644256  -0.00343832102871882       1.9546236916405    0.0013481660310679  1.36779962457558e-14  1.11193530016306e-14   3.4058885533313e-13  6.92714887513883e-13    0.0170393043414527
 7.31265242987466e-05  8.87903361743511e-05   0.00548469500878999    0.0013481660310679      1.52840072493765  8.76214573842845e-12 -4.45313972606588e-12  2.58950129643219e-12   4.8226237891546e-12    -0.481606471747296
-4.35383911575311e-15 -2.75379535947054e-15 -5.95289589259333e-13  1.36779962457558e-14  8.76214573842845e-12      1.22729326100485 -1.41792509077463e-13  -0.00196601798872568    -0.506332933713359  5.75302702488218e-12
 2.15420399740216e-15  1.22262987946152e-15  2.96393054767562e-13  1.11193530016306e-14 -4.45313972606588e-12 -1.41792509077463e-13      1.22729326104384     0.506332933695354  -0.00196601798902959 -3.02605326062716e-12
-7.95106822980472e-16 -2.70713770951506e-16 -2.74393799135862e-13   3.4058885533313e-13  2.58950129643219e-12  -0.00196601798872568     0.506332933695354     0.790018603893434  4.76519954015154e-15 -3.89745588078561e-13
-1.86195231865783e-15 -8.46854254115566e-16 -5.56113105418433e-13  6.92714887513883e-13   4.8226237891546e-12    -0.506332933713359  -0.00196601798902959  4.76519954015154e-15     0.790018603932473 -2.62731866919945e-13
 0.000262401051757291 -4.17304967624986e-05    0.0295823505741105    0.0170393043414527    -0.481606471747296  5.75302702488218e-12 -3.02605326062716e-12 -3.89745588078561e-13 -2.62731866919945e-13     0.483364720734296
POPULATION (lambda : -0.9): 5.71741035878359
The Davidson algorithm did not converge.lambda: -0.8
The Davidson algorithm did not converge.lambda: -0.7
The Davidson algorithm did not converge.lambda: -0.6
The Davidson algorithm did not converge.lambda: -0.5
The Davidson algorithm did not converge.lambda: -0.4
TOTAL ENERGY: -127.124240995971	 lambda: -0.3
1RDM (lambda : -0.3): 
     1.99999992366198  4.49385830892811e-08 -4.86354352867425e-06  3.37637583922969e-06 -1.05950089564831e-05 -2.44873259238114e-15  1.21123999974684e-15  7.69956422110722e-16  1.28226709309838e-15  0.000100140995303951
 4.49385830892811e-08      1.99999352959816 -2.98658859155826e-05 -0.000429588904728693  7.56925223714993e-05  -1.0792696241377e-15  4.80617272010068e-16  3.47837514040822e-16  3.33671906067825e-16 -8.42166569828538e-05
-4.86354352867425e-06 -2.98658859155826e-05      1.99933254257998  -0.00209579694994525  -0.00255498621272967 -6.90910775244383e-14  3.02966598041421e-14 -7.84888567473104e-14 -1.71681989382914e-13  0.000299132555062933
 3.37637583922969e-06 -0.000429588904728693  -0.00209579694994525      1.96745491686169  -0.00140759576744268 -3.23943163760872e-13  1.77867486233312e-13  5.50834182443415e-14  5.94915683124814e-14    0.0131454691836274
-1.05950089564831e-05  7.56925223714993e-05  -0.00255498621272967  -0.00140759576744268      1.84111590288592  2.85246534008572e-12  -1.3028231261814e-12 -3.85684536615299e-13 -1.50434480244913e-12    -0.183123314136142
-2.44873259238114e-15  -1.0792696241377e-15 -6.90910775244383e-14 -3.23943163760872e-13  2.85246534008572e-12      1.16786050742116 -2.30146947169833e-14 -0.000445643732331357    -0.114772156616065  1.01476207470556e-11
 1.21123999974684e-15  4.80617272010068e-16  3.02966598041421e-14  1.77867486233312e-13  -1.3028231261814e-12 -2.30146947169833e-14       1.1678605074298     0.114772156602998 -0.000445643732385523  -5.3788527915778e-12
 7.69956422110722e-16  3.47837514040822e-16 -7.84888567473104e-14  5.50834182443415e-14 -3.85684536615299e-13 -0.000445643732331357     0.114772156602998     0.835111001980225  1.01777784731634e-14  2.60824564289196e-12
 1.28226709309838e-15  3.33671906067825e-16 -1.71681989382914e-13  5.94915683124814e-14 -1.50434480244913e-12    -0.114772156616065 -0.000445643732385523  1.01777784731634e-14     0.835111001988877  4.96134084172828e-12
 0.000100140995303951 -8.42166569828538e-05  0.000299132555062933    0.0131454691836274    -0.183123314136142  1.01476207470556e-11  -5.3788527915778e-12  2.60824564289196e-12  4.96134084172828e-12     0.186160165592236
POPULATION (lambda : -0.3): 6.09443366435464
TOTAL ENERGY: -127.150034593988	 lambda: -0.2
1RDM (lambda : -0.2): 
     1.99999991559566  6.38192340979376e-08 -5.95199202621228e-06  5.95019317277283e-06 -2.55309125542528e-05 -2.08179023755135e-15  1.01589907354833e-15  9.91777952196915e-16  1.70748973781174e-15  6.49286278577207e-05
 6.38192340979376e-08      1.99999420404477 -2.30665576378311e-05 -0.000379056882971337  6.64222432967529e-05 -1.74652833491838e-16  7.30573201082296e-18  7.62519189832444e-16  1.11010582672993e-15 -0.000161251497189422
-5.95199202621228e-06 -2.30665576378311e-05      1.99902011852013  -0.00135338621711829  -0.00755019938296394  7.52755129330909e-14 -4.69224240818869e-14 -1.19126497303439e-14 -4.42081437579731e-14   -0.0124460146786063
 5.95019317277283e-06 -0.000379056882971337  -0.00135338621711829      1.97175331594376    0.0017149548939183  -1.1984618137676e-13  7.23124012950609e-14  1.37611377725017e-13  2.08315983131798e-13  -0.00404956779724346
-2.55309125542528e-05  6.64222432967529e-05  -0.00755019938296394    0.0017149548939183       1.8218817771741  4.36713705225242e-12  -2.0996446253191e-12    2.192607037063e-13  -3.9516529085244e-13    -0.311449966539645
-2.08179023755135e-15 -1.74652833491838e-16  7.52755129330909e-14  -1.1984618137676e-13  4.36713705225242e-12      1.18122575990903 -2.12195969162957e-14 -0.000362533770166881   -0.0933678117499154  1.00894942619875e-11
 1.01589907354833e-15  7.30573201082296e-18 -4.69224240818869e-14  7.23124012950609e-14  -2.0996446253191e-12 -2.12195969162957e-14      1.18122575991636    0.0933678117361933 -0.000362533770207885 -5.39663263787247e-12
 9.91777952196915e-16  7.62519189832444e-16 -1.19126497303439e-14  1.37611377725017e-13    2.192607037063e-13 -0.000362533770166881    0.0933678117361933     0.820836177281493  7.18848178536718e-15  2.75755789654858e-12
 1.70748973781174e-15  1.11010582672993e-15 -4.42081437579731e-14  2.08315983131798e-13  -3.9516529085244e-13   -0.0933678117499154 -0.000362533770207885  7.18848178536718e-15     0.820836177288815  5.35516525899532e-12
 6.49286278577207e-05 -0.000161251497189422   -0.0124460146786063  -0.00404956779724346    -0.311449966539645  1.00894942619875e-11 -5.39663263787247e-12  2.75755789654858e-12  5.35516525899532e-12     0.203226794325927
POPULATION (lambda : -0.2): 6.20074432718771
TOTAL ENERGY: -127.18509511524	 lambda: -0.1
1RDM (lambda : -0.1): 
     1.99999990344648  8.02710784921995e-08 -8.50671915732978e-06  8.26555343690538e-06 -6.89471753045153e-05  -1.7657014438287e-15  8.36379147389188e-16  1.24733105158453e-15  2.22256388559354e-15  2.75688322326556e-05
 8.02710784921995e-08      1.99999580963893  -1.2969585795442e-05 -0.000268549694367425   1.5974053331785e-06  9.63269473036865e-16 -6.08975215277244e-16  1.40992056447481e-15  2.36645525058704e-15 -0.000270564422788553
-8.50671915732978e-06  -1.2969585795442e-05      1.99828985434288 -0.000642773966892933   -0.0203530048265806  1.64397104257268e-13 -9.80225550386171e-14  4.86737509402068e-14  7.93078183190736e-14   -0.0215710177818532
 8.26555343690538e-06 -0.000268549694367425 -0.000642773966892933      1.97985168636698  -0.00353759808902175   2.7615043151842e-13 -1.36645447127622e-13  3.15601872251877e-13  5.41488380839118e-13   -0.0392491735552485
-6.89471753045153e-05   1.5974053331785e-06   -0.0203530048265806  -0.00353759808902175      1.66893273075754  6.03456109185107e-12 -3.01884036154204e-12  1.15097149966648e-12  1.44569191326845e-12    -0.468571121017704
 -1.7657014438287e-15  9.63269473036865e-16  1.64397104257268e-13   2.7615043151842e-13  6.03456109185107e-12      1.18076990406382  9.34966377689518e-15 -0.000269038304844829   -0.0692895576971682  8.32985622257021e-12
 8.36379147389188e-16 -6.08975215277244e-16 -9.80225550386171e-14 -1.36645447127622e-13 -3.01884036154204e-12  9.34966377689518e-15      1.18076990406933    0.0692895576834388 -0.000269038304908646 -4.53291787412664e-12
 1.24733105158453e-15  1.40992056447481e-15  4.86737509402068e-14  3.15601872251877e-13  1.15097149966648e-12 -0.000269038304844829    0.0692895576834388     0.820395727512276  3.03096251639646e-14  2.40649420031728e-12
 2.22256388559354e-15  2.36645525058704e-15  7.93078183190736e-14  5.41488380839118e-13  1.44569191326845e-12   -0.0692895576971682 -0.000269038304908646  3.03096251639646e-14     0.820395727517789  4.84859451677862e-12
 2.75688322326556e-05 -0.000270564422788553   -0.0215710177818532   -0.0392491735552485    -0.468571121017704  8.32985622257021e-12 -4.53291787412664e-12  2.40649420031728e-12  4.84859451677862e-12     0.350598752284037
POPULATION (lambda : -0.1): 6.44345637970443
TOTAL ENERGY: -127.200583678248	 lambda: 0
1RDM (lambda : 0): 
     1.99999989366365  6.83009944432087e-08 -1.10696420393148e-05  6.93602148721278e-06  -0.00012590924388674 -1.91339899755719e-15  8.92481817574158e-16  1.32783324560485e-15  2.43081856861202e-15  2.13529203777824e-05
 6.83009944432087e-08      1.99999783615897 -6.02852689079573e-06 -0.000140260755468379 -0.000115858921182994   1.1792155487029e-15 -7.64764290191979e-16   1.8308923113929e-15  3.25729100904965e-15 -0.000318231953550927
-1.10696420393148e-05 -6.02852689079573e-06      1.99763723745288 -0.000713585359758004   -0.0351561909382638  9.63356606563988e-14 -6.75675535200257e-14  5.26821408880143e-14   1.0078423715753e-13   -0.0176706376931198
 6.93602148721278e-06 -0.000140260755468379 -0.000713585359758004      1.98753469140844   -0.0228434787541648  6.24712270945862e-13 -3.25192970242092e-13  5.01585539263302e-13  9.03290411322562e-13   -0.0731715759709086
 -0.00012590924388674 -0.000115858921182994   -0.0351561909382638   -0.0228434787541648      1.40397880716315  5.86844018652267e-12 -3.00112458469042e-12  1.57637685249478e-12  2.48030454385816e-12    -0.477205324946821
-1.91339899755719e-15   1.1792155487029e-15  9.63356606563988e-14  6.24712270945862e-13  5.86844018652267e-12      1.13980931818483 -9.44246361035815e-15 -0.000164913252124869   -0.0424721826498575  5.05616664519312e-12
 8.92481817574158e-16 -7.64764290191979e-16 -6.75675535200257e-14 -3.25192970242092e-13 -3.00112458469042e-12 -9.44246361035815e-15      1.13980931818833    0.0424721826392152 -0.000164913252155663 -2.82181269523968e-12
 1.32783324560485e-15   1.8308923113929e-15  5.26821408880143e-14  5.01585539263302e-13  1.57637685249478e-12 -0.000164913252124869    0.0424721826392152     0.860696019936151  4.13207258055677e-15  1.54114835169176e-12
 2.43081856861202e-15  3.25729100904965e-15   1.0078423715753e-13  9.03290411322562e-13  2.48030454385816e-12   -0.0424721826498575 -0.000164913252155663  4.13207258055677e-15     0.860696019939648   3.2612967623334e-12
 2.13529203777824e-05 -0.000318231953550927   -0.0176706376931198   -0.0731715759709086    -0.477205324946821  5.05616664519312e-12 -2.82181269523968e-12  1.54114835169176e-12   3.2612967623334e-12     0.609840857904019
POPULATION (lambda : 0): 6.73718087265779
TOTAL ENERGY: -127.194264398422	 lambda: 0.1
1RDM (lambda : 0.1): 
     1.99999988719376   4.7254169454262e-08 -1.20908971534119e-05  4.05888518875063e-06 -0.000154726639581633  -2.2289869865138e-15  1.04568372842887e-15  1.26646468844035e-15  2.34970714090955e-15  3.55178308990079e-05
  4.7254169454262e-08      1.99999891147193 -4.73140830484475e-06 -7.79059912712922e-05 -0.000186220528330613  6.86077850667296e-16 -5.33532644700675e-16  1.84184836581145e-15  3.34808557180267e-15 -0.000296930220952019
-1.20908971534119e-05 -4.73140830484475e-06      1.99744891578944  -0.00124781248840381   -0.0417313311373158  5.44652622015374e-15 -2.22811525623723e-14  3.15642128505453e-14  6.85227035960197e-14   -0.0107446907632943
 4.05888518875063e-06 -7.79059912712922e-05  -0.00124781248840381      1.99010904682173   -0.0404518307155101  7.24197619277934e-13 -3.82783172873038e-13  5.79639912923245e-13  1.06422081013835e-12   -0.0852649495772986
-0.000154726639581633 -0.000186220528330613   -0.0417313311373158   -0.0404518307155101      1.23637678697615  4.66121421825153e-12 -2.40704364744381e-12  1.40732125100586e-12  2.33694915956594e-12    -0.386752488038795
 -2.2289869865138e-15  6.86077850667296e-16  5.44652622015374e-15  7.24197619277934e-13  4.66121421825153e-12      1.09924719422954 -3.75527549435725e-15 -0.000102498165283712   -0.0263975518446461  2.93887363026809e-12
 1.04568372842887e-15 -5.33532644700675e-16 -2.22811525623723e-14 -3.82783172873038e-13 -2.40704364744381e-12 -3.75527549435725e-15      1.09924719423161    0.0263975518370603 -0.000102498165306113 -1.68009296883468e-12
 1.26646468844035e-15  1.84184836581145e-15  3.15642128505453e-14  5.79639912923245e-13  1.40732125100586e-12 -0.000102498165283712    0.0263975518370603     0.900999716094036   4.2109534324495e-15   9.2611194446868e-13
 2.34970714090955e-15  3.34808557180267e-15  6.85227035960197e-14  1.06422081013835e-12  2.33694915956594e-12   -0.0263975518446461 -0.000102498165306113   4.2109534324495e-15     0.900999716096107  2.04789101300593e-12
 3.55178308990079e-05 -0.000296930220952019   -0.0107446907632943   -0.0852649495772986    -0.386752488038795  2.93887363026809e-12 -1.68009296883468e-12   9.2611194446868e-13  2.04789101300593e-12     0.775572631095699
POPULATION (lambda : 0.1): 6.88655529656073
TOTAL ENERGY: -127.185891099005	 lambda: 0.2
1RDM (lambda : 0.2): 
     1.99999987956724  3.45190670623994e-08 -1.24892667436048e-05  2.01031607385972e-06 -0.000165098226304073 -2.43810578280911e-15  1.15016528457302e-15  1.20511612877529e-15  2.24864785088256e-15  4.72074768134842e-05
 3.45190670623994e-08      1.99999935072732 -4.95942832151002e-06   -5.466876503669e-05  -0.00021179403121809  2.66682964056583e-16 -3.24241905431865e-16  1.75820635125486e-15  3.22087646315294e-15 -0.000270561119538139
-1.24892667436048e-05 -4.95942832151002e-06      1.99742862793736   -0.0017378188021954   -0.0438771761842875 -3.95900766497272e-14  5.43427058274076e-16  1.91174503932509e-14  4.79675150495371e-14  -0.00718376996463654
 2.01031607385972e-06   -5.466876503669e-05   -0.0017378188021954      1.99040260751697    -0.051589616957985  7.30944138055259e-13 -3.89858488015881e-13  6.05432273294714e-13  1.12237347621943e-12   -0.0879669663833981
-0.000165098226304073  -0.00021179403121809   -0.0438771761842875    -0.051589616957985      1.15981473821498  3.78375586558663e-12 -1.96309397462867e-12  1.19960581107693e-12  2.03355892706889e-12    -0.316701878687867
-2.43810578280911e-15  2.66682964056583e-16 -3.95900766497272e-14  7.30944138055259e-13  3.78375586558663e-12      1.07647933652737 -3.25856314081871e-15 -7.33142346885201e-05   -0.0188817413069962  1.96092612690403e-12
 1.15016528457302e-15 -3.24241905431865e-16  5.43427058274076e-16 -3.89858488015881e-13 -1.96309397462867e-12 -3.25856314081871e-15      1.07647933652901    0.0188817413011874 -7.33142347052262e-05 -1.14252965203666e-12
 1.20511612877529e-15  1.75820635125486e-15  1.91174503932509e-14  6.05432273294714e-13  1.19960581107693e-12 -7.33142346885201e-05    0.0188817413011874     0.923681557845337  3.16008852872148e-15  6.25806959331228e-13
 2.24864785088256e-15  3.22087646315294e-15  4.79675150495371e-14  1.12237347621943e-12  2.03355892706889e-12   -0.0188817413069962 -7.33142347052262e-05  3.16008852872148e-15     0.923681557846986  1.43282824811531e-12
 4.72074768134842e-05 -0.000270561119538139  -0.00718376996463654   -0.0879669663833981    -0.316701878687867  1.96092612690403e-12 -1.14252965203666e-12  6.25806959331228e-13  1.43282824811531e-12     0.852033007287499
POPULATION (lambda : 0.2): 6.94522288113251
TOTAL ENERGY: -127.179432030453	 lambda: 0.3
1RDM (lambda : 0.3): 
     1.99999986889579   2.8092590325037e-08 -1.28227244568199e-05  7.47143216221926e-07  -0.00016868682383249 -2.55967225119876e-15  1.21160379022121e-15  1.16418569048584e-15  2.17744411677068e-15  5.46066852614491e-05
  2.8092590325037e-08      1.99999955221404 -5.34098798825865e-06 -4.49007569766939e-05 -0.000219211063415085  5.66573886627246e-19 -1.88165961817326e-16  1.68313448050887e-15  3.09126328285296e-15 -0.000251921232308262
-1.28227244568199e-05 -5.34098798825865e-06      1.99743451280298  -0.00214407206111626   -0.0446627830002544 -5.39372991048637e-14  7.77080605337664e-15  1.56741488282986e-14  4.26155099267886e-14  -0.00606515929688042
 7.47143216221926e-07 -4.49007569766939e-05  -0.00214407206111626      1.99012458220834   -0.0590568859961999  7.20282088039661e-13  -3.8671686355544e-13  6.16244971897745e-13  1.14928702971094e-12   -0.0883827930556163
 -0.00016868682383249 -0.000219211063415085   -0.0446627830002544   -0.0590568859961999      1.12255589260381  3.27114727536282e-12 -1.70177990067694e-12  1.06385011884234e-12  1.82264059397444e-12    -0.275070062672499
-2.55967225119876e-15  5.66573886627246e-19 -5.39372991048637e-14  7.20282088039661e-13  3.27114727536282e-12      1.06440951037779 -1.40193269907963e-15  -5.8881208090962e-05   -0.0151647631765029  1.48152698471685e-12
 1.21160379022121e-15 -1.88165961817326e-16  7.77080605337664e-15  -3.8671686355544e-13 -1.70177990067694e-12 -1.40193269907963e-15      1.06440951037907    0.0151647631716005 -5.88812081058763e-05 -8.76362203225715e-13
 1.16418569048584e-15  1.68313448050887e-15  1.56741488282986e-14  6.16244971897745e-13  1.06385011884234e-12  -5.8881208090962e-05    0.0151647631716005     0.935718488930546  3.57937240723838e-15  4.73260095047833e-13
 2.17744411677068e-15  3.09126328285296e-15  4.26155099267886e-14  1.14928702971094e-12  1.82264059397444e-12   -0.0151647631765029 -5.88812081058763e-05  3.57937240723838e-15     0.935718488931826  1.11510619911778e-12
 5.46066852614491e-05 -0.000251921232308262  -0.00606515929688042   -0.0883827930556163    -0.275070062672499  1.48152698471685e-12 -8.76362203225715e-13  4.73260095047833e-13  1.11510619911778e-12     0.889629592655788
POPULATION (lambda : 0.3): 6.97166309834454
TOTAL ENERGY: -127.174375287808	 lambda: 0.4
1RDM (lambda : 0.4): 
     1.99999985371654  2.52530941791717e-08 -1.32873459701623e-05  1.22160600269518e-08 -0.000169424975501974 -2.63050696508865e-15  1.24773059139513e-15  1.13778989319727e-15   2.1296289325111e-15  5.92418333078995e-05
 2.52530941791717e-08      1.99999965938382  -5.6977714777782e-06 -4.01013373095584e-05 -0.000220043791508196  -1.6218165153471e-16 -1.03530151458973e-16  1.62823281418891e-15  2.99189016281915e-15 -0.000239713090380427
-1.32873459701623e-05  -5.6977714777782e-06      1.99743107371697  -0.00250065640206919   -0.0450126515065674 -5.02037343058293e-14   5.6803985895883e-15   1.8280464090147e-14  4.79359763833918e-14  -0.00643081094874905
 1.22160600269518e-08 -4.01013373095584e-05  -0.00250065640206919      1.98973016646318   -0.0646450118962169  7.08347060065211e-13 -3.82350589842745e-13  6.22571418250673e-13  1.16607437014915e-12   -0.0882827514048965
-0.000169424975501974 -0.000220043791508196   -0.0450126515065674   -0.0646450118962169      1.10253508560731  2.99579654093354e-12 -1.56152365700757e-12  9.90554370816983e-13  1.70860033793271e-12    -0.252724123008951
-2.63050696508865e-15  -1.6218165153471e-16 -5.02037343058293e-14  7.08347060065211e-13  2.99579654093354e-12      1.05813678686048 -2.67457824619307e-15 -5.13308298670042e-05   -0.0132199080418268   1.2230248878509e-12
 1.24773059139513e-15 -1.03530151458973e-16   5.6803985895883e-15 -3.82350589842745e-13 -1.56152365700757e-12 -2.67457824619307e-15      1.05813678686149    0.0132199080373703 -5.13308298795259e-05 -7.32861443495971e-13
 1.13778989319727e-15  1.62823281418891e-15   1.8280464090147e-14  6.22571418250673e-13  9.90554370816983e-13 -5.13308298670042e-05    0.0132199080373703     0.941977195144494  1.26596333745887e-15  3.88953133941303e-13
  2.1296289325111e-15  2.99189016281915e-15  4.79359763833918e-14  1.16607437014915e-12  1.70860033793271e-12   -0.0132199080418268 -5.13308298795259e-05  1.26596333745887e-15     0.941977195145509  9.40069293180278e-13
 5.92418333078995e-05 -0.000239713090380427  -0.00643081094874905   -0.0882827514048965    -0.252724123008951   1.2230248878509e-12 -7.32861443495971e-13  3.88953133941303e-13  9.40069293180278e-13     0.910076197100202
POPULATION (lambda : 0.4): 6.98627765715032
TOTAL ENERGY: -127.169854887851	 lambda: 0.5
1RDM (lambda : 0.5): 
      1.9999998316404  2.46292375571274e-08 -1.40336162763615e-05 -3.24643509832712e-07 -0.000168493112158033 -2.66941310543909e-15   1.2678973161176e-15  1.12102508746314e-15  2.09756898242978e-15  6.20911326938081e-05
 2.46292375571274e-08      1.99999972314324 -6.04764279695092e-06 -3.74546383584753e-05 -0.000218853725749788 -2.57542268755804e-16 -5.32331687124623e-17   1.5915568210763e-15  2.92362885852412e-15 -0.000232075778089383
-1.40336162763615e-05 -6.04764279695092e-06       1.9974020020517  -0.00283405508990234   -0.0452182245043437 -3.37670230575705e-14  -3.0140667685636e-15  2.54823859565968e-14  6.15486733308984e-14  -0.00786073534469071
-3.24643509832712e-07 -3.74546383584753e-05  -0.00283405508990234      1.98933811821596   -0.0692454926351471  6.97969408782884e-13 -3.78517051402059e-13  6.27460107475672e-13  1.17921788138967e-12   -0.0880912576611979
-0.000168493112158033 -0.000218853725749788   -0.0452182245043437   -0.0692454926351471      1.09111658521808  2.88491571635876e-12 -1.50614320438642e-12  9.66852757677027e-13  1.67646821356674e-12    -0.244075109890763
-2.66941310543909e-15 -2.57542268755804e-16 -3.37670230575705e-14  6.97969408782884e-13  2.88491571635876e-12      1.05548696780614 -1.07433978563823e-15 -4.75850528297994e-05    -0.012255179600137  1.07633053369304e-12
  1.2678973161176e-15 -5.32331687124623e-17  -3.0140667685636e-15 -3.78517051402059e-13 -1.50614320438642e-12 -1.07433978563823e-15      1.05548696780709    0.0122551795958924 -4.75850528422915e-05 -6.52865841729533e-13
 1.12102508746314e-15   1.5915568210763e-15  2.54823859565968e-14  6.27460107475672e-13  9.66852757677027e-13 -4.75850528297994e-05    0.0122551795958924     0.944621484820761  2.61748234219134e-15  3.40129685931163e-13
 2.09756898242978e-15  2.92362885852412e-15  6.15486733308984e-14  1.17921788138967e-12  1.67646821356674e-12    -0.012255179600137 -4.75850528422915e-05  2.61748234219134e-15     0.944621484821714  8.42406633876166e-13
 6.20911326938081e-05 -0.000232075778089383  -0.00786073534469071   -0.0880912576611979    -0.244075109890763  1.07633053369304e-12 -6.52865841729533e-13  3.40129685931163e-13  8.42406633876166e-13     0.921926834474916
POPULATION (lambda : 0.5): 6.99636908864122
TOTAL ENERGY: -127.164925300304	 lambda: 0.6
1RDM (lambda : 0.6): 
     1.99999979818204  2.56311513866358e-08 -1.53006923005061e-05 -2.93650348137485e-07 -0.000166106794201923 -2.68295368202968e-15  1.27544263478326e-15  1.11184948846542e-15  2.07783764200336e-15   6.3510836440381e-05
 2.56311513866358e-08      1.99999976406189 -6.43702865525914e-06 -3.59011128623188e-05  -0.00021777641923806 -3.04174087681388e-16 -2.83026271457758e-17  1.57113537056893e-15  2.88488077406276e-15 -0.000227926286910542
-1.53006923005061e-05 -6.43702865525914e-06      1.99732592667533  -0.00316266971844983    -0.045411140960277 -6.07141771308324e-15 -1.76027991859945e-14  3.70084480685352e-14  8.30887162276245e-14   -0.0102487606182015
-2.93650348137485e-07 -3.59011128623188e-05  -0.00316266971844983      1.98898137020541   -0.0733719255766429  6.89214862657427e-13 -3.75417791675398e-13  6.32003396687949e-13  1.19120933026427e-12   -0.0879069923468615
-0.000166106794201923  -0.00021777641923806    -0.045411140960277   -0.0733719255766429      1.08449253923517  2.91120082919714e-12 -1.52226672295529e-12  9.88956368431766e-13  1.72303442994737e-12     -0.24710016531789
-2.68295368202968e-15 -3.04174087681388e-16 -6.07141771308324e-15  6.89214862657427e-13  2.91120082919714e-12      1.05565091912866 -4.71077653171005e-15 -4.64184648940438e-05   -0.0119547093388023  9.93696331044165e-13
 1.27544263478326e-15 -2.83026271457758e-17 -1.76027991859945e-14 -3.75417791675398e-13 -1.52226672295529e-12 -4.71077653171005e-15      1.05565091912958    0.0119547093345426 -4.64184649051253e-05 -6.10630083999751e-13
 1.11184948846542e-15  1.57113537056893e-15  3.70084480685352e-14  6.32003396687949e-13  9.88956368431766e-13 -4.64184648940438e-05    0.0119547093345426     0.944457235431251 -1.10668285528429e-15  3.11880881757673e-13
 2.07783764200336e-15  2.88488077406276e-15  8.30887162276245e-14  1.19120933026427e-12  1.72303442994737e-12   -0.0119547093388023 -4.64184649051253e-05 -1.10668285528429e-15     0.944457235432173  7.92830081857192e-13
  6.3510836440381e-05 -0.000227926286910542   -0.0102487606182015   -0.0879069923468615     -0.24710016531789  9.93696331044165e-13 -6.10630083999751e-13  3.11880881757673e-13  7.92830081857192e-13     0.928984292518527
POPULATION (lambda : 0.6): 7.00532999079521
TOTAL ENERGY: -127.158151424428	 lambda: 0.7
1RDM (lambda : 0.7): 
     1.99999974424267  2.80915570630875e-08 -1.75808588791773e-05  1.64186299058212e-07 -0.000161974348319548 -2.66816147629316e-15  1.26893499752697e-15  1.11109308711456e-15  2.07175089626762e-15  6.32751976308754e-05
 2.80915570630875e-08      1.99999979144703 -6.92924077562687e-06 -3.50046658594858e-05 -0.000218275022453355 -3.09238641026848e-16 -2.54914263768643e-17   1.5671470980291e-15  2.87725007028181e-15 -0.000226860747470447
-1.75808588791773e-05 -6.92924077562687e-06      1.99715979799116  -0.00350108989529131   -0.0457154439142208  3.40400570587669e-14 -3.87361411293379e-14  5.35653163719945e-14  1.13975171896832e-13   -0.0137094504016117
 1.64186299058212e-07 -3.50046658594858e-05  -0.00350108989529131      1.98867049312329   -0.0774105865166339  6.81483869051576e-13 -3.72876173673031e-13  6.36738708417848e-13  1.20337444842246e-12   -0.0877334787253976
-0.000161974348319548 -0.000218275022453355   -0.0457154439142208   -0.0774105865166339      1.08058153682305  3.08192187883033e-12 -1.61442377634204e-12  1.06363011214746e-12  1.86257749962185e-12     -0.26267863303689
-2.66816147629316e-15 -3.09238641026848e-16  3.40400570587669e-14  6.81483869051576e-13  3.08192187883033e-12       1.0586440122277 -2.40237229090787e-15 -4.74599956718945e-05    -0.012222950569037  9.50037993846766e-13
 1.26893499752697e-15 -2.54914263768643e-17 -3.87361411293379e-14 -3.72876173673031e-13 -1.61442377634204e-12 -2.40237229090787e-15      1.05864401222865    0.0122229505645476 -4.74599956845545e-05 -5.93324733795671e-13
 1.11109308711456e-15   1.5671470980291e-15  5.35653163719945e-14  6.36738708417848e-13  1.06363011214746e-12 -4.74599956718945e-05    0.0122229505645476     0.941468851406802   1.2794371160892e-15  2.95859330228623e-13
 2.07175089626762e-15  2.87725007028181e-15  1.13975171896832e-13  1.20337444842246e-12  1.86257749962185e-12    -0.012222950569037 -4.74599956845545e-05   1.2794371160892e-15     0.941468851407749  7.76667159158086e-13
 6.32751976308754e-05 -0.000226860747470447   -0.0137094504016117   -0.0877334787253976     -0.26267863303689  9.50037993846766e-13 -5.93324733795671e-13  2.95859330228623e-13  7.76667159158086e-13     0.933362909101919
POPULATION (lambda : 0.7): 7.01571493353567
TOTAL ENERGY: -127.14652295137	 lambda: 0.8
1RDM (lambda : 0.8): 
     1.99999964941168  3.20884946533422e-08 -2.20307302182814e-05  1.24014910641808e-06 -0.000155328854037996 -2.60919254437017e-15  1.24041905803514e-15  1.12402917983579e-15  2.08833279580042e-15   6.0273012380425e-05
 3.20884946533422e-08      1.99999980970681 -7.63494713669378e-06 -3.45964220328712e-05 -0.000222124082150929 -2.70938013291509e-16 -4.62903356155278e-17    1.583004148578e-15  2.90841274992188e-15 -0.000229082629046809
-2.20307302182814e-05 -7.63494713669378e-06      1.99680308900172  -0.00386250050767695   -0.0463671789306269  9.05397874642061e-14 -6.85792796036146e-14  7.71576531050838e-14  1.58108925832079e-13   -0.0186120211919066
 1.24014910641808e-06 -3.45964220328712e-05  -0.00386250050767695      1.98841478834089   -0.0817663297262767  6.73672191434527e-13 -3.70472954533147e-13  6.42021108546521e-13  1.21668713583267e-12   -0.0875149532322078
-0.000155328854037996 -0.000222124082150929   -0.0463671789306269   -0.0817663297262767      1.07744682577813  3.44383654972475e-12 -1.80816092818731e-12  1.21313115872957e-12  2.13734334972542e-12    -0.295206973023632
-2.60919254437017e-15 -2.70938013291509e-16  9.05397874642061e-14  6.73672191434527e-13  3.44383654972475e-12      1.06530340441541 -7.65817045109913e-16 -5.09012897923675e-05   -0.0131091159773777  9.23959699048075e-13
 1.24041905803514e-15 -4.62903356155278e-17 -6.85792796036146e-14 -3.70472954533147e-13 -1.80816092818731e-12 -7.65817045109913e-16      1.06530340441646    0.0131091159723878 -5.09012898072883e-05 -5.91313241050718e-13
 1.12402917983579e-15    1.583004148578e-15  7.71576531050838e-14  6.42021108546521e-13  1.21313115872957e-12 -5.09012897923675e-05    0.0131091159723878     0.934821700507814  3.31854485438091e-15  2.83977263045787e-13
 2.08833279580042e-15  2.90841274992188e-15  1.58108925832079e-13  1.21668713583267e-12  2.13734334972542e-12   -0.0131091159773777 -5.09012898072883e-05  3.31854485438091e-15     0.934821700508865  7.82738424918051e-13
  6.0273012380425e-05 -0.000229082629046809   -0.0186120211919066   -0.0875149532322078    -0.295206973023632  9.23959699048075e-13 -5.91313241050718e-13  2.83977263045787e-13  7.82738424918051e-13     0.937085627912252
POPULATION (lambda : 0.8): 7.03113365184464
TOTAL ENERGY: -127.122134978334	 lambda: 0.9
1RDM (lambda : 0.9): 
     1.99999946170028  3.76771906783665e-08 -3.17514755486247e-05  3.41453604576506e-06 -0.000144862969020184 -2.46332638950134e-15  1.16815230439091e-15  1.16623875860733e-15  2.15509819626401e-15  5.13976989640507e-05
 3.76771906783665e-08      1.99999982054675 -8.80910624080548e-06 -3.46594841195889e-05 -0.000232724654268098 -1.78599715838273e-16 -9.72963909380589e-17  1.62748103575796e-15  2.99709861365212e-15  -0.00023545978225158
-3.17514755486247e-05 -8.80910624080548e-06      1.99598791367731   -0.0042571326922068   -0.0479942912102082  1.71887956146539e-13  -1.1178776115933e-13  1.12276811102053e-13  2.24307493924847e-13    -0.025759364001964
 3.41453604576506e-06 -3.46594841195889e-05   -0.0042571326922068      1.98824061569827   -0.0869990389452746  6.63136954784673e-13 -3.67060124983955e-13  6.47888704764602e-13  1.23161399082834e-12   -0.0870567387535904
-0.000144862969020184 -0.000232724654268098   -0.0479942912102082   -0.0869990389452746       1.0709612689392  4.10964655086895e-12 -2.16493845003829e-12  1.49017109931631e-12  2.64684963968835e-12    -0.355251756859977
-2.46332638950134e-15 -1.78599715838273e-16  1.71887956146539e-13  6.63136954784673e-13  4.10964655086895e-12      1.07779259548638  5.07061671212191e-15 -5.74502744358572e-05    -0.014796396421276  8.71179910964624e-13
 1.16815230439091e-15 -9.72963909380589e-17  -1.1178776115933e-13 -3.67060124983955e-13 -2.16493845003829e-12  5.07061671212191e-15      1.07779259548765    0.0147963964153421  -5.7450274453593e-05 -5.85182766478174e-13
 1.16623875860733e-15  1.62748103575796e-15  1.12276811102053e-13  6.47888704764602e-13  1.49017109931631e-12 -5.74502744358572e-05    0.0147963964153421     0.922360427530287  9.96992411623547e-15   2.5809248163825e-13
 2.15509819626401e-15  2.99709861365212e-15  2.24307493924847e-13  1.23161399082834e-12  2.64684963968835e-12    -0.014796396421276  -5.7450274453593e-05  9.96992411623547e-15     0.922360427531557  7.86571014431214e-13
 5.13976989640507e-05  -0.00023545978225158    -0.025759364001964   -0.0870567387535904    -0.355251756859977  8.71179910964624e-13 -5.85182766478174e-13   2.5809248163825e-13  7.86571014431214e-13     0.944504873402354
POPULATION (lambda : 0.9): 7.05962853633286
TOTAL ENERGY: -127.060537903154	 lambda: 1
1RDM (lambda : 1): 
      1.9999990305811  4.34323050732518e-08 -5.62263019533773e-05  7.90967846660032e-06 -0.000129712855012836 -2.12259159953722e-15   9.9626094458663e-16  1.28201527478091e-15  2.35301061498975e-15  2.82766413363084e-05
 4.34323050732518e-08      1.99999982344233 -1.11683089270023e-05 -3.52724986515302e-05 -0.000258151567452635 -1.97479811529198e-17 -1.87470338493773e-16  1.71704415165031e-15  3.17988206998479e-15  -0.00024709463523231
-5.62263019533773e-05 -1.11683089270023e-05      1.99389759333252   -0.0046725806516752    -0.052579267730278  2.93277503996131e-13 -1.77026644692811e-13  1.68623670164131e-13  3.32166212296169e-13   -0.0367067999229125
 7.90967846660032e-06 -3.52724986515302e-05   -0.0046725806516752       1.9882422787829   -0.0938985049070099  6.41051691056645e-13 -3.58366232911068e-13  6.52376826930365e-13  1.24500777395534e-12   -0.0856198559922862
-0.000129712855012836 -0.000258151567452635    -0.052579267730278   -0.0938985049070099      1.04667138594143  5.30378275008481e-12 -2.80942194952786e-12  2.01159804414177e-12  3.61636606529087e-12    -0.464716259106444
-2.12259159953722e-15 -1.97479811529198e-17  2.93277503996131e-13  6.41051691056645e-13  5.30378275008481e-12      1.10065116443009 -1.26533725238286e-14 -6.78891470633639e-05   -0.0174844173548893   6.3074812980461e-13
  9.9626094458663e-16 -1.87470338493773e-16 -1.77026644692811e-13 -3.58366232911068e-13 -2.80942194952786e-12 -1.26533725238286e-14      1.10065116443144    0.0174844173471829 -6.78891470813752e-05 -4.98430250841329e-13
 1.28201527478091e-15  1.71704415165031e-15  1.68623670164131e-13  6.52376826930365e-13  2.01159804414177e-12 -6.78891470633639e-05    0.0174844173471829     0.899569953327742 -7.36319884011435e-15  1.52619892836733e-13
 2.35301061498975e-15  3.17988206998479e-15  3.32166212296169e-13  1.24500777395534e-12  3.61636606529087e-12   -0.0174844173548893 -6.78891470813752e-05 -7.36319884011435e-15     0.899569953329086  6.85616341033939e-13
 2.82766413363084e-05  -0.00024709463523231   -0.0367067999229125   -0.0856198559922862    -0.464716259106444   6.3074812980461e-13 -4.98430250841329e-13  1.52619892836733e-13  6.85616341033939e-13     0.970747652401371
POPULATION (lambda : 1): 7.12396741272116
-------------------general-----------------------
mullikenoperator: 
-2.31970207647466e-06 -8.28654421939301e-06  2.61606701856148e-05  0.000344866154249098  2.79181252544704e-05  1.12034637865744e-14 -5.87484642578324e-15  4.57693318778571e-15  8.41694174037275e-15 -0.000964826755816154
-8.28654421939307e-06      1.00000103447102  2.83465664912927e-05   7.0353675711036e-06 -0.000184148390360514 -6.27179314869667e-16  2.71372218224975e-16  1.38170380577379e-15  2.72475671431229e-15 -7.40538812197536e-05
 2.61606701856147e-05  2.83465664912795e-05    0.0141023383050544     0.111177180457074  -0.00638187620530922  6.73314222576516e-13 -3.45728985687187e-13  3.04230706841063e-13  5.78008910402845e-13   -0.0519139515281665
 0.000344866154249097  7.03536757097051e-06     0.111177180457074     0.975579750641613     -0.11058601588533 -2.10753368273967e-13   8.6902057261545e-14   3.3137378066554e-13  6.72513710563006e-13   -0.0125673557303347
 2.79181252544705e-05 -0.000184148390360497  -0.00638187620530922     -0.11058601588533    0.0334769988132941  2.42835099204803e-12 -1.27118810456572e-12  9.15832057473221e-13  1.66930406401092e-12    -0.148012731110552
 1.12034637865744e-14 -6.27179314869613e-16  6.73314222576516e-13 -2.10753368273967e-13  2.42835099204803e-12     0.606603136154163  1.23283036306441e-13   0.00189693507822713     0.488541161959258 -2.58387657083379e-13
-5.87484642578323e-15  2.71372218224956e-16 -3.45728985687187e-13   8.6902057261545e-14 -1.27118810456572e-12  1.23276514093391e-13      0.60660313611671    -0.488541161967431   0.00189693507820472  3.71375296897334e-14
  4.5769331877857e-15  1.38170380577376e-15  3.04230706841063e-13   3.3137378066554e-13  9.15832057473221e-13   0.00189693507822712    -0.488541161967431      0.39339686388329 -2.18549592580156e-14  4.42369189996601e-13
 8.41694174037274e-15  2.72475671431219e-15  5.78008910402845e-13  6.72513710563006e-13  1.66930406401092e-12     0.488541161959258   0.00189693507820466 -2.17958625206358e-14     0.393396863845837  1.05997375160315e-12
-0.000964826755816154 -7.40538812197526e-05   -0.0519139515281665   -0.0125673557303347    -0.148012731110552 -2.58387657083376e-13  3.71375296897304e-14  4.42369189996603e-13  1.05997375160315e-12     0.976842197471099
selected BF: 
0 1 2 3 4
selected lambdas: 
  -1 -0.9 -0.8 -0.7 -0.6 -0.5 -0.4 -0.3 -0.2 -0.1    0  0.1  0.2  0.3  0.4  0.5  0.6  0.7  0.8  0.9    1
RHF C: 
 9.49449839336649e-05     0.995165028773443    -0.025016161069245    -0.257805534103439    0.0348769633714877  1.05173043211733e-13   -4.616266734735e-14 -7.77953581538713e-14 -1.63319125720546e-13  0.000917093790722804
