TOTAL ENERGY: -126.631631779676	 lambda: -1
1RDM (lambda : -1): 
     1.99999993228915  6.31562231638062e-08 -1.25381588604922e-05  9.41701744084542e-06  0.000212004511563256  -5.6419836470263e-17 -7.76283429807085e-17 -8.68094375105269e-16   5.3550824397318e-16  0.000132156940581882
 6.31562231638062e-08      1.99998925038841 -0.000668437559840949 -0.000279031800122476 -7.02508538649829e-05  6.33623164957439e-17   8.5602044552359e-17  4.40128962663166e-16 -3.11341092588562e-16  3.77754421661918e-05
-1.25381588604922e-05 -0.000668437559840949       1.9468827270316   -0.0159120376136004    0.0944448381498732  2.27230869796592e-14  2.73253013960341e-14 -1.98949568611809e-13  1.44099009560398e-13    0.0647441325043116
 9.41701744084542e-06 -0.000279031800122476   -0.0159120376136004      1.99028407279789     -0.04819746552601   7.0572079806925e-15  1.13257886188749e-14   3.2625890624391e-14  -2.4711812620183e-14    -0.019004525799332
 0.000212004511563256 -7.02508538649829e-05    0.0944448381498732     -0.04819746552601      0.61500311864188 -2.68595130265587e-13 -3.22451794990931e-13 -3.91612140589607e-13  2.76077879839778e-13    -0.724016450309444
 -5.6419836470263e-17  6.33623164957439e-17  2.27230869796592e-14   7.0572079806925e-15 -2.68595130265587e-13      1.56291303768934  4.74549660377051e-14 -0.000774198277878407   -0.0986594069102233  9.76327956337779e-14
-7.76283429807085e-17   8.5602044552359e-17  2.73253013960341e-14  1.13257886188749e-14 -3.22451794990931e-13  4.74549660377051e-14      1.56291303768993    0.0986594069091233 -0.000774198277837256  1.50656453195417e-13
-8.68094375105269e-16  4.40128962663166e-16 -1.98949568611809e-13   3.2625890624391e-14 -3.91612140589607e-13 -0.000774198277878407    0.0986594069091233     0.455711863402258  4.99962768588571e-14  2.10246249675459e-12
  5.3550824397318e-16 -3.11341092588562e-16  1.44099009560398e-13  -2.4711812620183e-14  2.76077879839778e-13   -0.0986594069102233 -0.000774198277837256  4.99962768588571e-14     0.455711863402831 -1.50605141840715e-12
 0.000132156940581882  3.77754421661918e-05    0.0647441325043116    -0.019004525799332    -0.724016450309444  9.76327956337779e-14  1.50656453195417e-13  2.10246249675459e-12 -1.50605141840715e-12      1.41059109666678
POPULATION (lambda : -1): 5.50348438270494
TOTAL ENERGY: -126.928323875839	 lambda: -0.9
1RDM (lambda : -0.9): 
      1.9999999352982  7.48144221723667e-08 -5.89195566966825e-06  9.51871474435775e-06  0.000146131554331021 -5.46716701740411e-17 -7.40977871445842e-17 -6.48247364851202e-16  3.80564641449855e-16  0.000129112977647109
 7.48144221723667e-08      1.99999191863728 -0.000512794685882068 -0.000215122029516995 -4.39534273179096e-05 -3.39629326213672e-17 -4.66734702138523e-17  3.57757118469975e-16 -2.52760831265361e-16 -3.18427551280747e-05
-5.89195566966825e-06 -0.000512794685882068      1.95915325310636    -0.012244087923965    0.0656892319364844  1.36287148906509e-14  1.58246963256279e-14 -1.09040385876813e-13  7.89457409811335e-14    0.0496066383453851
 9.51871474435775e-06 -0.000215122029516995    -0.012244087923965       1.9912547965706   -0.0539670616738839  6.16386208848162e-15  1.02641854995497e-14  5.63390378628795e-14 -4.18613144347894e-14   -0.0219788679422478
 0.000146131554331021 -4.39534273179096e-05    0.0656892319364844   -0.0539670616738839     0.781093461916582 -1.67001998737317e-13 -1.92580574105837e-13 -7.52028638683296e-13  5.38297483358129e-13    -0.557125580114121
-5.46716701740411e-17 -3.39629326213672e-17  1.36287148906509e-14  6.16386208848162e-15 -1.67001998737317e-13      1.50126950590127  4.86031528061623e-14 -0.000742629143979239   -0.0946364443148499 -9.70567315419945e-14
-7.40977871445842e-17 -4.66734702138523e-17  1.58246963256279e-14  1.02641854995497e-14 -1.92580574105837e-13  4.86031528061623e-14      1.50126950589396    0.0946364443163631 -0.000742629143967094 -1.16730742682231e-13
-6.48247364851202e-16  3.57757118469975e-16 -1.09040385876813e-13  5.63390378628795e-14 -7.52028638683296e-13 -0.000742629143979239    0.0946364443163631     0.515055019409263 -8.45792495234373e-15  1.59031525350276e-12
 3.80564641449855e-16 -2.52760831265361e-16  7.89457409811335e-14 -4.18613144347894e-14  5.38297483358129e-13   -0.0946364443148499 -0.000742629143967094 -8.45792495234373e-15     0.515055019402236 -1.13817935472743e-12
 0.000129112977647109 -3.18427551280747e-05    0.0496066383453851   -0.0219788679422478    -0.557125580114121 -9.70567315419945e-14 -1.16730742682231e-13  1.59031525350276e-12 -1.13817935472743e-12      1.23585758386426
POPULATION (lambda : -0.9): 5.81404752685568
TOTAL ENERGY: -127.034383996994	 lambda: -0.8
1RDM (lambda : -0.8): 
     1.99999994471477  5.99379673314892e-08 -2.33760225739015e-06   7.9669656441749e-06  9.65407499653486e-05 -1.07492332493853e-16 -1.45501204696736e-16 -4.74671888238751e-16  2.60301681281176e-16  9.60968709866376e-05
 5.99379673314892e-08      1.99999300708581 -0.000455416833728007  -0.00018668530256198 -3.45787681853741e-06 -6.05746672806548e-17 -8.41536966994042e-17  2.14199915951444e-16 -1.49397900314052e-16 -3.76382331530563e-05
-2.33760225739015e-06 -0.000455416833728007      1.96368275756566   -0.0107626605091035    0.0596018724824301 -7.27429144277778e-15 -1.22696828233075e-14   -9.512778465745e-14  6.87610333610999e-14    0.0325956970296115
  7.9669656441749e-06  -0.00018668530256198   -0.0107626605091035      1.99174225048044   -0.0584748794812453  1.07703296761792e-14  1.65693323556634e-14  7.87573373444934e-14 -5.80145497209957e-14   -0.0203067031409538
 9.65407499653486e-05 -3.45787681853741e-06    0.0596018724824301   -0.0584748794812453     0.690536416994673 -3.19711843304456e-15  2.71092665752412e-14 -1.52441913857108e-13  1.05662389851711e-13    -0.403398311639448
-1.07492332493853e-16 -6.05746672806548e-17 -7.27429144277778e-15  1.07703296761792e-14 -3.19711843304456e-15      1.39679996293278  8.68860461498031e-13 -0.000704620917299603   -0.0897927848820502  7.64359351597649e-14
-1.45501204696736e-16 -8.41536966994042e-17 -1.22696828233075e-14  1.65693323556634e-14  2.71092665752412e-14  8.68860461498031e-13       1.3967999629307    0.0897927848819894 -0.000704620916906526  1.12089357933474e-13
-4.74671888238751e-16  2.14199915951444e-16   -9.512778465745e-14  7.87573373444934e-14 -1.52441913857108e-13 -0.000704620917299603    0.0897927848819894     0.615875097860802  8.20035884416452e-13  1.10292714100121e-12
 2.60301681281176e-16 -1.49397900314052e-16  6.87610333610999e-14 -5.80145497209957e-14  1.05662389851711e-13   -0.0897927848820502 -0.000704620916906526  8.20035884416452e-13     0.615875097858784 -7.85972342805163e-13
 9.60968709866376e-05 -3.76382331530563e-05    0.0325956970296115   -0.0203067031409538    -0.403398311639448  7.64359351597649e-14  1.12089357933474e-13  1.10292714100121e-12 -7.85972342805163e-13      1.32869550157559
POPULATION (lambda : -0.8): 5.93755772069393
TOTAL ENERGY: -127.068791310745	 lambda: -0.7
1RDM (lambda : -0.7): 
     1.99999995537094  4.45848257816944e-08 -3.87671628580506e-07  6.02276360648348e-06  5.99595935158718e-05 -1.74484472536993e-16 -2.35861540369045e-16 -3.36962864872615e-16  1.66524782410112e-16  5.92683398514774e-05
 4.45848257816944e-08      1.99999340989605 -0.000435726513153203 -0.000174683076621556  1.84118040543384e-05 -4.55705294475647e-17 -6.51227432051219e-17  1.24776224722844e-16 -8.49626884967965e-17 -1.37271193881793e-05
-3.87671628580506e-07 -0.000435726513153203      1.96516764941278   -0.0101450114648348    0.0628559519435383 -2.43373997309224e-14 -3.54836317916545e-14  -1.1270899812924e-13  8.14370038401943e-14    0.0226454963965802
 6.02276360648348e-06 -0.000174683076621556   -0.0101450114648348      1.99202704949725   -0.0627902586129474   1.8091888894184e-14  2.65580220964738e-14  1.01499351740134e-13 -7.43790939445097e-14   -0.0169324599853079
 5.99595935158718e-05  1.84118040543384e-05    0.0628559519435383   -0.0627902586129474     0.502180677038583  1.05105752281433e-13  1.75307150624868e-13  8.27209445325695e-13 -6.03289541949548e-13    -0.341447914873488
-1.74484472536993e-16 -4.55705294475647e-17 -2.43373997309224e-14   1.8091888894184e-14  1.05105752281433e-13      1.27597357739189 -2.86407971137438e-13  -0.00073873429995996   -0.0941423618509716  4.25877602500436e-13
-2.35861540369045e-16 -6.51227432051219e-17 -3.54836317916545e-14  2.65580220964738e-14  1.75307150624868e-13 -2.86407971137438e-13      1.27597357739745    0.0941423618496941 -0.000738734300032574  5.80220823964313e-13
-3.36962864872615e-16  1.24776224722844e-16  -1.1270899812924e-13  1.01499351740134e-13  8.27209445325695e-13  -0.00073873429995996    0.0941423618496941     0.732407660915138 -2.33886135004938e-13  8.88875617111898e-13
 1.66524782410112e-16 -8.49626884967965e-17  8.14370038401943e-14 -7.43790939445097e-14 -6.03289541949548e-13   -0.0941423618509716 -0.000738734300032574 -2.33886135004938e-13     0.732407660920507 -6.30100106659753e-13
 5.92683398514774e-05 -1.37271193881793e-05    0.0226454963965802   -0.0169324599853079    -0.341447914873488  4.25877602500436e-13  5.80220823964313e-13  8.88875617111898e-13 -6.30100106659753e-13      1.52386878215942
POPULATION (lambda : -0.7): 5.9829782803414
TOTAL ENERGY: -127.082067892372	 lambda: -0.6
1RDM (lambda : -0.6): 
     1.99999996186939   3.5933882876417e-08  7.28910989641095e-07  4.68506356670798e-06   3.4943596797738e-05 -2.21830589024297e-16 -3.00892064570566e-16 -2.42222637685527e-16  1.02850715079653e-16  3.41509350171552e-05
  3.5933882876417e-08      1.99999357894664 -0.000426997614331235   -0.0001694502452383  2.36179324626074e-05 -2.62250579297124e-17 -3.97422133161962e-17  9.24081680038073e-17  -6.2270273122785e-17  7.04683011157411e-06
 7.28910989641095e-07 -0.000426997614331235      1.96584034627592    -0.009937700028881    0.0656223725982029 -3.29307937202533e-14 -4.73756760484277e-14 -1.27170522149607e-13   9.1827763730632e-14    0.0185626132647439
 4.68506356670798e-06   -0.0001694502452383    -0.009937700028881      1.99230361038443   -0.0639369952404271  2.23123429267332e-14  3.22814687586993e-14  1.11815715697737e-13 -8.16808992441667e-14    -0.014493725439605
  3.4943596797738e-05  2.36179324626074e-05    0.0656223725982029   -0.0639369952404271     0.363205546287794  1.28682920699394e-13  2.08232928975914e-13  1.53766964038299e-12 -1.11794565533701e-12     -0.33437350735036
-2.21830589024297e-16 -2.62250579297124e-17 -3.29307937202533e-14  2.23123429267332e-14  1.28682920699394e-13      1.18914016067614  2.63009544188556e-14 -0.000730951690857963   -0.0931490388835083  6.90353430390759e-13
-3.00892064570566e-16 -3.97422133161962e-17 -4.73756760484277e-14  3.22814687586993e-14  2.08232928975914e-13  2.63009544188556e-14      1.18914016067791    0.0931490388831213 -0.000730951690854807   9.3382236759685e-13
-2.42222637685527e-16  9.24081680038073e-17 -1.27170522149607e-13  1.11815715697737e-13  1.53766964038299e-12 -0.000730951690857963    0.0931490388831213     0.816223621342283  3.88401665014116e-14  8.67380607812307e-13
 1.02850715079653e-16  -6.2270273122785e-17   9.1827763730632e-14 -8.16808992441667e-14 -1.11794565533701e-12   -0.0931490388835083 -0.000730951690854807  3.88401665014116e-14     0.816223621343998 -6.12848004456449e-13
 3.41509350171552e-05  7.04683011157411e-06    0.0185626132647439    -0.014493725439605     -0.33437350735036  6.90353430390759e-13   9.3382236759685e-13  8.67380607812307e-13 -6.12848004456449e-13      1.66792939219559
POPULATION (lambda : -0.6): 6.00323991608919
TOTAL ENERGY: -127.089823158265	 lambda: -0.5
1RDM (lambda : -0.5): 
     1.99999996364786   3.3608059180418e-08  1.56633990029204e-06  4.07285099967911e-06  1.76087110492048e-05 -2.47766366826573e-16 -3.35650106000776e-16 -1.82550884869542e-16  6.06072874903703e-17   1.9152308084851e-05
  3.3608059180418e-08      1.99999367712912 -0.000420489658072012  -0.00016710491172525  1.68476345293028e-05  -1.0966830375724e-17 -1.89329692063458e-17  1.07156029314969e-16 -7.25905701290992e-17  1.96066459083165e-05
 1.56633990029204e-06 -0.000420489658072012      1.96644102147807  -0.00996004191762498    0.0658446693925065 -3.56602258895557e-14 -5.09873814700276e-14 -1.30939589687591e-13  9.46382288351713e-14    0.0176072076787846
 4.07285099967911e-06  -0.00016710491172525  -0.00996004191762498      1.99260702452416   -0.0617673719028465  2.35635139724063e-14  3.38943362763497e-14  1.08173197101695e-13 -7.91049162319603e-14   -0.0131963785039157
 1.76087110492048e-05  1.68476345293028e-05    0.0658446693925065   -0.0617673719028465     0.292217423511592  1.11281278756196e-13  1.85202448587164e-13  1.91724939757689e-12 -1.39326416115975e-12    -0.355364852202474
-2.47766366826573e-16  -1.0966830375724e-17 -3.56602258895557e-14  2.35635139724063e-14  1.11281278756196e-13      1.14080692714896 -2.42591947766317e-13 -0.000723291770855332   -0.0921759437779513  8.41990105394231e-13
-3.35650106000776e-16 -1.89329692063458e-17 -5.09873814700276e-14  3.38943362763497e-14  1.85202448587164e-13 -2.42591947766317e-13       1.1408069271482    0.0921759437776306 -0.000723291770835282  1.14065992727707e-12
-1.82550884869542e-16  1.07156029314969e-16 -1.30939589687591e-13  1.08173197101695e-13  1.91724939757689e-12 -0.000723291770855332    0.0921759437776306     0.862886518576436 -2.40141532793539e-13  9.29884651498411e-13
 6.06072874903703e-17 -7.25905701290992e-17  9.46382288351713e-14 -7.91049162319603e-14 -1.39326416115975e-12   -0.0921759437779513 -0.000723291770835282 -2.40141532793539e-13     0.862886518575711 -6.59346278991689e-13
  1.9152308084851e-05  1.96066459083165e-05    0.0176072076787846   -0.0131963785039157    -0.355364852202474  8.41990105394231e-13  1.14065992727707e-12  9.29884651498411e-13 -6.59346278991689e-13      1.74135399825993
POPULATION (lambda : -0.5): 6.0173300170071
TOTAL ENERGY: -127.097777181218	 lambda: -0.4
1RDM (lambda : -0.4): 
     1.99999996208503  3.59092802133495e-08   2.4599076290711e-06  4.02241378994485e-06  3.64394337944435e-06 -2.63569223221817e-16 -3.56746044858591e-16 -1.32695400662181e-16  2.50358105254998e-17  8.08335906700363e-06
 3.59092802133495e-08       1.9999937819054 -0.000411862363149058 -0.000165456719090821  -1.0938177312153e-06  2.73332923742845e-18 -6.62760895336498e-20  1.60665233567379e-16 -1.11431825570857e-16  2.70418331561988e-05
  2.4599076290711e-06 -0.000411862363149058      1.96730728342405   -0.0100789129980665    0.0637770498202235 -3.51874499660703e-14 -5.03444502913174e-14 -1.25927618874242e-13  9.10210931167978e-14    0.0182937326337231
 4.02241378994485e-06 -0.000165456719090821   -0.0100789129980665      1.99293265331561   -0.0571865611895586  2.32815854542412e-14  3.34157292714441e-14  9.52985189621773e-14 -6.97565858584559e-14   -0.0124325683447955
 3.64394337944435e-06  -1.0938177312153e-06    0.0637770498202235   -0.0571865611895586     0.265680258493644  7.05551325981727e-14  1.30864945863369e-13  2.08802916001094e-12 -1.51742866399913e-12    -0.398494002642998
-2.63569223221817e-16  2.73332923742845e-18 -3.51874499660703e-14  2.32815854542412e-14  7.05551325981727e-14      1.11502983954942 -2.48649749394334e-14 -0.000752162828736701   -0.0958512840052209  9.19949604853352e-13
-3.56746044858591e-16 -6.62760895336498e-20 -5.03444502913174e-14  3.34157292714441e-14  1.30864945863369e-13 -2.48649749394334e-14      1.11502983954928    0.0958512840049586 -0.000752162828731209  1.24712901965723e-12
-1.32695400662181e-16  1.60665233567379e-16 -1.25927618874242e-13  9.52985189621773e-14  2.08802916001094e-12 -0.000752162828736701    0.0958512840049586     0.887716848390719 -2.50851107521946e-14  1.06272321506774e-12
 2.50358105254998e-17 -1.11431825570857e-16  9.10210931167978e-14 -6.97565858584559e-14 -1.51742866399913e-12   -0.0958512840052209 -0.000752162828731209 -2.50851107521946e-14     0.887716848390585 -7.55543915954463e-13
 8.08335906700363e-06  2.70418331561988e-05    0.0182937326337231   -0.0124325683447955    -0.398494002642998  9.19949604853352e-13  1.24712901965723e-12  1.06272321506774e-12 -7.55543915954463e-13      1.76859268489623
POPULATION (lambda : -0.4): 6.03516325047164
TOTAL ENERGY: -127.109768400677	 lambda: -0.3
1RDM (lambda : -0.3): 
     1.99999995783015  4.27498518921161e-08  3.65782597758473e-06  4.56251095701904e-06 -8.80553549431324e-06 -2.77332902587079e-16 -3.74095224513637e-16  -8.6242855363885e-17 -8.92927393802038e-18 -4.17668872946077e-06
 4.27498518921161e-08      1.99999397881829  -0.00039518357268013 -0.000162270351217345 -3.57307845973448e-05   1.6877495751868e-17  1.98097291121728e-17  2.71187109440769e-16 -1.91451869870982e-16  2.96045545586309e-05
 3.65782597758473e-06  -0.00039518357268013      1.96891907940224   -0.0101635259610805    0.0587273509198251 -3.20206131174341e-14 -4.59723570504002e-14 -1.10204761528736e-13  7.96715919164225e-14     0.020272236237153
 4.56251095701904e-06 -0.000162270351217345   -0.0101635259610805       1.9932597328244   -0.0506891041417461  2.26119667100535e-14   3.2387104193664e-14  7.51976516813605e-14 -5.51837576707931e-14   -0.0116066724374678
-8.80553549431324e-06 -3.57307845973448e-05    0.0587273509198251   -0.0506891041417461     0.276989010827407    9.012116979272e-16  3.73160677804381e-14  2.10567077680001e-12 -1.53093786670918e-12    -0.472161595899898
-2.77332902587079e-16   1.6877495751868e-17 -3.20206131174341e-14  2.26119667100535e-14    9.012116979272e-16      1.10134631915536  1.38365867324835e-13 -0.000838066438968975    -0.106798494265247  9.50058203584952e-13
-3.74095224513637e-16  1.98097291121728e-17 -4.59723570504002e-14   3.2387104193664e-14  3.73160677804381e-14  1.38365867324835e-13      1.10134631915484     0.106798494264892 -0.000838066439055337  1.29067717464175e-12
 -8.6242855363885e-17  2.71187109440769e-16 -1.10204761528736e-13  7.51976516813605e-14  2.10567077680001e-12 -0.000838066438968975     0.106798494264892     0.900775245824357  1.30249728576409e-13    1.284736082263e-12
-8.92927393802038e-18 -1.91451869870982e-16  7.96715919164225e-14 -5.51837576707931e-14 -1.53093786670918e-12    -0.106798494265247 -0.000838066439055337  1.30249728576409e-13     0.900775245823857  -9.1664422321369e-13
-4.17668872946077e-06  2.96045545586309e-05     0.020272236237153   -0.0116066724374678    -0.472161595899898  9.50058203584952e-13  1.29067717464175e-12    1.284736082263e-12  -9.1664422321369e-13      1.75659511033914
POPULATION (lambda : -0.3): 6.07010643385164
TOTAL ENERGY: -127.132427380574	 lambda: -0.2
1RDM (lambda : -0.2): 
      1.9999999513016  5.54903485383714e-08  5.48476192403164e-06  6.01277549966992e-06 -1.77255014143125e-05 -2.99235550960229e-16 -4.02106632902041e-16 -4.67565879329302e-17 -3.73978618959567e-17 -2.44240718621846e-05
 5.54903485383714e-08      1.99999452522618 -0.000352110752152909 -0.000150877369709634  -0.00010228715447541  2.31827800320207e-17  3.02295704836941e-17  4.87976333712714e-16 -3.48771623654771e-16  1.67527073029461e-05
 5.48476192403164e-06 -0.000352110752152909      1.97274964725513  -0.00985098377534243     0.046674766217183 -2.52979456559103e-14 -3.66654831260108e-14 -7.11708137092468e-14  5.13722850620905e-14    0.0233247877654269
 6.01277549966992e-06 -0.000150877369709634  -0.00985098377534243      1.99352178924863   -0.0434375310663966  2.35987397477416e-14   3.3635440114094e-14  5.19982115591041e-14 -3.83065294793603e-14  -0.00945993360966514
-1.77255014143125e-05  -0.00010228715447541     0.046674766217183   -0.0434375310663966     0.356864597040705 -1.27376900118514e-13 -1.33999576323976e-13  1.89294176812946e-12  -1.3769724009684e-12    -0.593697254603309
-2.99235550960229e-16  2.31827800320207e-17 -2.52979456559103e-14  2.35987397477416e-14 -1.27376900118514e-13      1.09339488126525 -2.27044145811749e-14 -0.000996231190649626    -0.126955427129554  9.09391483943005e-13
-4.02106632902041e-16  3.02295704836941e-17 -3.66654831260108e-14   3.3635440114094e-14 -1.33999576323976e-13 -2.27044145811749e-14      1.09339488126575     0.126955427129551 -0.000996231190628902  1.23880451825277e-12
-4.67565879329302e-17  4.87976333712714e-16 -7.11708137092468e-14  5.19982115591041e-14  1.89294176812946e-12 -0.000996231190649626     0.126955427129551     0.908173745731763 -1.83024876839962e-14  1.65207594981812e-12
-3.73978618959567e-17 -3.48771623654771e-16  5.13722850620905e-14 -3.83065294793603e-14  -1.3769724009684e-12    -0.126955427129554 -0.000996231190628902 -1.83024876839962e-14     0.908173745732264 -1.18173265836229e-12
-2.44240718621846e-05  1.67527073029461e-05    0.0233247877654269  -0.00945993360966514    -0.593697254603309  9.09391483943005e-13  1.23880451825277e-12  1.65207594981812e-12 -1.18173265836229e-12      1.67373223593272
POPULATION (lambda : -0.2): 6.16416088371432
TOTAL ENERGY: -127.171920374084	 lambda: -0.1
1RDM (lambda : -0.1): 
     1.99999994620692  6.81050673337899e-08  7.48086588129307e-06  8.42418274853138e-06 -8.94089689431562e-06 -3.44498505734244e-16 -4.61863886047428e-16 -6.54107111726038e-17 -2.32079560726109e-17 -5.72719476924431e-05
 6.81050673337899e-08       1.9999962120431 -0.000231103584983874 -0.000108581453851476 -0.000198492772389876 -3.73481491138455e-17 -4.90134624579616e-17   8.0749053408136e-16 -5.80753557774541e-16 -6.10811717629789e-05
 7.48086588129307e-06 -0.000231103584983874      1.98262481370113  -0.00790264180348762      0.01613380271465 -1.62357344649039e-14 -2.36410410970527e-14  2.72854080727953e-14 -1.98527102532372e-14    0.0224750019237884
 8.42418274853138e-06 -0.000108581453851476  -0.00790264180348762      1.99355754373353   -0.0431521287384704  3.28175454337087e-14  4.61218137754596e-14   5.1512918206097e-14 -3.78450821964236e-14  -0.00218509303227157
-8.94089689431562e-06 -0.000198492772389876      0.01613380271465   -0.0431521287384704     0.606950097247743 -3.21846156697184e-13 -4.02632679158354e-13  1.14769492328058e-12 -8.37837050562447e-13    -0.699367138196433
-3.44498505734244e-16 -3.73481491138455e-17 -1.62357344649039e-14  3.28175454337087e-14 -3.21846156697184e-13      1.07858118303408  2.58595648059875e-15  -0.00109390264678962    -0.139400810796872  6.65267017676172e-13
-4.61863886047428e-16 -4.90134624579616e-17 -2.36410410970527e-14  4.61218137754596e-14 -4.02632679158354e-13  2.58595648059875e-15      1.07858118303412     0.139400810796481  -0.00109390264679516   9.1416094897678e-13
-6.54107111726038e-17   8.0749053408136e-16  2.72854080727953e-14   5.1512918206097e-14  1.14769492328058e-12  -0.00109390264678962     0.139400810796481     0.922298555975924  2.86358627777422e-15  1.99132801281287e-12
-2.32079560726109e-17 -5.80753557774541e-16 -1.98527102532372e-14 -3.78450821964236e-14 -8.37837050562447e-13    -0.139400810796872  -0.00109390264679516  2.86358627777422e-15     0.922298555975965 -1.43007541520739e-12
-5.72719476924431e-05 -6.10811717629789e-05    0.0224750019237884  -0.00218509303227157    -0.699367138196433  6.65267017676172e-13   9.1416094897678e-13  1.99132801281287e-12 -1.43007541520739e-12      1.41511190904748
POPULATION (lambda : -0.1): 6.44144400882804
TOTAL ENERGY: -127.190724933253	 lambda: 0
1RDM (lambda : 0): 
     1.99999994758237   5.6230302842455e-08  6.54813684907051e-06   9.1083058782165e-06   1.8716909452446e-05 -3.77965632604064e-16  -5.1127444656983e-16 -1.63750952142455e-16   5.0653137330136e-17 -6.79234200926008e-05
  5.6230302842455e-08        1.999998399371 -8.74880905931573e-05  -4.7858154467822e-05 -0.000200828917025006 -1.85854996820794e-16 -2.48821787106129e-16  8.24238445065757e-16 -5.94162777629127e-16  -0.00018773122593182
 6.54813684907051e-06 -8.74880905931573e-05      1.99348302533092  -0.00483150688936416   -0.0180964790248981 -1.86255726123914e-14 -2.58445635947561e-14  1.35224015464841e-13 -9.80296566938082e-14   0.00901154901990027
  9.1083058782165e-06  -4.7858154467822e-05  -0.00483150688936416      1.99351075967077   -0.0561067684542961   4.7239658653042e-14  6.57816451857988e-14  9.55519096536795e-14 -6.95892594137483e-14   0.00748946640482337
  1.8716909452446e-05 -0.000200828917025006   -0.0180964790248981   -0.0561067684542961     0.893204756518082 -3.48254722880935e-13 -4.51841777771883e-13  2.90945311570671e-13 -2.15846700303116e-13    -0.549548348626415
-3.77965632604064e-16 -1.85854996820794e-16 -1.86255726123914e-14   4.7239658653042e-14 -3.48254722880935e-13      1.04827431107633  2.34059502616807e-15 -0.000807609882467402    -0.102917169057766  2.96078730063426e-13
 -5.1127444656983e-16 -2.48821787106129e-16 -2.58445635947561e-14  6.57816451857988e-14 -4.51841777771883e-13  2.34059502616807e-15      1.04827431107641     0.102917169057524  -0.00080760988247591  4.13164901836733e-13
-1.63750952142455e-16  8.24238445065757e-16  1.35224015464841e-13  9.55519096536795e-14  2.90945311570671e-13 -0.000807609882467402     0.102917169057524     0.952051451288181  2.99655378298888e-15  1.59178554069426e-12
  5.0653137330136e-17 -5.94162777629127e-16 -9.80296566938082e-14 -6.95892594137483e-14 -2.15846700303116e-13    -0.102917169057766  -0.00080760988247591  2.99655378298888e-15     0.952051451288267  -1.1457435242787e-12
-6.79234200926008e-05  -0.00018773122593182   0.00901154901990027   0.00748946640482337    -0.549548348626415  2.96078730063426e-13  4.13164901836733e-13  1.59178554069426e-12  -1.1457435242787e-12      1.11915158679765
POPULATION (lambda : 0): 6.78637234921156
TOTAL ENERGY: -127.185358788608	 lambda: 0.1
1RDM (lambda : 0.1): 
     1.99999994707804  4.11012967426307e-08  4.82778583563522e-06  8.54582170817973e-06  3.25293600827964e-05 -3.79650272583735e-16 -5.17378856801066e-16  -2.2113696946085e-16  9.33676079634553e-17 -5.89690071122741e-05
 4.11012967426307e-08      1.99999928464782 -3.52145171034477e-05 -2.17940926252507e-05 -0.000154608240930635 -2.60188281070931e-16 -3.50001429706583e-16   6.7687109876902e-16 -4.88045374524111e-16 -0.000237734503055007
 4.82778583563522e-06 -3.52145171034477e-05       1.9970760810147  -0.00343623472272502   -0.0301321719689702 -2.68313831567785e-14  -3.6504623556391e-14  1.72231023440838e-13 -1.24882358041376e-13  -0.00270582883752513
 8.54582170817973e-06 -2.17940926252507e-05  -0.00343623472272502      1.99364613374192   -0.0640821510347552  5.24541334070204e-14  7.28978715106671e-14  1.22998369858257e-13 -8.94112531994582e-14    0.0108387282255083
 3.25293600827964e-05 -0.000154608240930635   -0.0301321719689702   -0.0640821510347552     0.989268771476462   -2.695880498792e-13 -3.53385678960153e-13  8.99764271394129e-15 -1.00856774613802e-14    -0.379713450067299
-3.79650272583735e-16 -2.60188281070931e-16 -2.68313831567785e-14  5.24541334070204e-14   -2.695880498792e-13      1.02990400781607  1.17707215784992e-15  -0.00054341667281615   -0.0692500228774758  1.35554780085034e-13
-5.17378856801066e-16 -3.50001429706583e-16  -3.6504623556391e-14  7.28978715106671e-14 -3.53385678960153e-13  1.17707215784992e-15      1.02990400781616    0.0692500228773722 -0.000543416672821772  1.92492920526919e-13
 -2.2113696946085e-16   6.7687109876902e-16  1.72231023440838e-13  1.22998369858257e-13  8.99764271394129e-15  -0.00054341667281615    0.0692500228773722     0.970248139033738  1.91369439638494e-15  1.10712604016581e-12
 9.33676079634553e-17 -4.88045374524111e-16 -1.24882358041376e-13 -8.94112531994582e-14 -1.00856774613802e-14   -0.0692500228774758 -0.000543416672821772  1.91369439638494e-15     0.970248139033833 -7.97669247865172e-13
-5.89690071122741e-05 -0.000237734503055007  -0.00270582883752513    0.0108387282255083    -0.379713450067299  1.35554780085034e-13  1.92492920526919e-13  1.10712604016581e-12 -7.97669247865172e-13      1.01970548834129
POPULATION (lambda : 0.1): 6.91974830730351
TOTAL ENERGY: -127.179208422752	 lambda: 0.2
1RDM (lambda : 0.2): 
     1.99999994319312  3.31535385381875e-08  3.82878293015852e-06  8.21554634496961e-06  3.76597660699748e-05 -3.75978102243829e-16 -5.14421493701315e-16  -2.4540456633665e-16  1.10951301593619e-16 -5.14568883692458e-05
 3.31535385381875e-08      1.99999958673145 -1.96458322982862e-05 -1.28024737304549e-05  -0.00012530046687909 -2.81495857054519e-16 -3.79383870049527e-16  5.81762464471707e-16 -4.19333352510163e-16 -0.000247476508398377
 3.82878293015852e-06 -1.96458322982862e-05      1.99799296439994  -0.00289997821210159    -0.033667507979578 -3.31889059939695e-14 -4.49429956615731e-14  1.82874618858866e-13 -1.32635360781129e-13  -0.00974445496033931
 8.21554634496961e-06 -1.28024737304549e-05  -0.00289997821210159      1.99384345117924   -0.0667891070559765  5.32068676137109e-14  7.39205278665041e-14   1.3259395796458e-13 -9.63483307172191e-14    0.0113420166209041
 3.76597660699748e-05  -0.00012530046687909    -0.033667507979578   -0.0667891070559765      1.01552062026959 -2.16270258250366e-13  -2.8465340200705e-13 -6.55344124685665e-14  4.47260095085914e-14    -0.290266920624238
-3.75978102243829e-16 -2.81495857054519e-16 -3.31889059939695e-14  5.32068676137109e-14 -2.16270258250366e-13      1.02178150063097  1.94611840560915e-17 -0.000411931464568799   -0.0524942118672503  7.86678225427264e-14
-5.14421493701315e-16 -3.79383870049527e-16 -4.49429956615731e-14  7.39205278665041e-14  -2.8465340200705e-13  1.94611840560915e-17      1.02178150063102    0.0524942118671247 -0.000411931464569232   1.1351549652281e-13
 -2.4540456633665e-16  5.81762464471707e-16  1.82874618858866e-13   1.3259395796458e-13 -6.55344124685665e-14 -0.000411931464568799    0.0524942118671247     0.978321242287052  4.10727292554661e-16   8.4819958649985e-13
 1.10951301593619e-16 -4.19333352510163e-16 -1.32635360781129e-13 -9.63483307172191e-14  4.47260095085914e-14   -0.0524942118672503 -0.000411931464569232  4.10727292554661e-16     0.978321242287103 -6.11402751604404e-13
-5.14568883692458e-05 -0.000247476508398377  -0.00974445496033931    0.0113420166209041    -0.290266920624238  7.86678225427264e-14   1.1351549652281e-13   8.4819958649985e-13 -6.11402751604404e-13     0.992437948390539
POPULATION (lambda : 0.2): 6.96310943868215
TOTAL ENERGY: -127.174805087438	 lambda: 0.3
1RDM (lambda : 0.3): 
     1.99999993659291  2.91608633920569e-08  3.26319517136926e-06  8.17725654851937e-06  4.00328577242823e-05 -3.72562490667777e-16 -5.10932856191494e-16 -2.57895302950463e-16  1.19554989951002e-16 -4.64210308585857e-05
 2.91608633920569e-08      1.99999971665739 -1.39425402203889e-05 -9.06968254643184e-06 -0.000108906140493636 -2.84891018606258e-16 -3.84338239819635e-16  5.27994542435083e-16 -3.80415256677109e-16 -0.000245653483626926
 3.26319517136926e-06 -1.39425402203889e-05      1.99824185025729  -0.00263143794809414   -0.0349897972503681 -3.79487977805953e-14 -5.13059397157328e-14  1.86850356849521e-13  -1.3555005567473e-13   -0.0144867049777286
 8.17725654851937e-06 -9.06968254643184e-06  -0.00263143794809414      1.99406090084067   -0.0672997970546447  5.26166536794949e-14  7.31045448621936e-14  1.34710269364646e-13  -9.7881366240022e-14    0.0110446360496166
 4.00328577242823e-05 -0.000108906140493636   -0.0349897972503681   -0.0672997970546447      1.02493596876052 -1.86196010049525e-13 -2.45596545618569e-13 -9.14551766007284e-14  6.39379074455809e-14    -0.243585636741334
-3.72562490667777e-16 -2.84891018606258e-16 -3.79487977805953e-14  5.26166536794949e-14 -1.86196010049525e-13        1.017825491362  1.25617007301857e-16 -0.000345146556660582   -0.0439835133878076  5.38261831552944e-14
-5.10932856191494e-16 -3.84338239819635e-16 -5.13059397157328e-14  7.31045448621936e-14 -2.45596545618569e-13  1.25617007301857e-16      1.01782549136205    0.0439835133877349 -0.000345146556661762  7.88243593800576e-14
-2.57895302950463e-16  5.27994542435083e-16  1.86850356849521e-13  1.34710269364646e-13 -9.14551766007284e-14 -0.000345146556660582    0.0439835133877349      0.98225941394871  5.82574261381402e-16  7.12291764430599e-13
 1.19554989951002e-16 -3.80415256677109e-16  -1.3555005567473e-13  -9.7881366240022e-14  6.39379074455809e-14   -0.0439835133878076 -0.000345146556661762  5.82574261381402e-16     0.982259413948768 -5.13583265035438e-13
-4.64210308585857e-05 -0.000245653483626926   -0.0144867049777286    0.0110446360496166    -0.243585636741334  5.38261831552944e-14  7.88243593800576e-14  7.12291764430599e-13 -5.13583265035438e-13     0.982591816269689
POPULATION (lambda : 0.3): 6.98116435819597
TOTAL ENERGY: -127.171488485224	 lambda: 0.4
1RDM (lambda : 0.4): 
     1.99999992687494   2.7252265404434e-08  2.91547318985685e-06  8.39228104875331e-06   4.1446777329215e-05 -3.69673299693787e-16 -5.07722011362564e-16 -2.65800051565582e-16  1.24633757518024e-16 -4.27851817857692e-05
  2.7252265404434e-08      1.99999978451754 -1.14567223696455e-05 -7.25830407383409e-06 -9.95879236592254e-05 -2.82211775898231e-16  -3.8094696429508e-16  4.97141164375411e-16 -3.58044157095976e-16 -0.000240665394169847
 2.91547318985685e-06 -1.14567223696455e-05       1.9982913378646  -0.00245770674926873   -0.0356012711556869 -4.17651135010287e-14 -5.64251514758946e-14  1.88756945314963e-13 -1.36960140087696e-13   -0.0180759506346109
 8.39228104875331e-06 -7.25830407383409e-06  -0.00245770674926873      1.99429534946383    -0.066705169656367   5.1503433140298e-14  7.15689792797729e-14  1.33068416884703e-13  -9.6697178219338e-14    0.0104752576913132
  4.1446777329215e-05 -9.95879236592254e-05   -0.0356012711556869    -0.066705169656367      1.02981422032693 -1.70033454627739e-13 -2.24582261346709e-13 -1.04989662132001e-13  7.39737015619496e-14    -0.218932913898541
-3.69673299693787e-16 -2.82211775898231e-16 -4.17651135010287e-14   5.1503433140298e-14 -1.70033454627739e-13      1.01578011743981  1.12786654361223e-16 -0.000310621810224159   -0.0395838725755428  4.07567481095962e-14
-5.07722011362564e-16  -3.8094696429508e-16 -5.64251514758946e-14  7.15689792797729e-14 -2.24582261346709e-13  1.12786654361223e-16      1.01578011743987    0.0395838725754978 -0.000310621810225446  6.05664151690116e-14
-2.65800051565582e-16  4.97141164375411e-16  1.88756945314963e-13  1.33068416884703e-13 -1.04989662132001e-13 -0.000310621810224159    0.0395838725754978     0.984297305264581  5.88916543102966e-16  6.40320563104512e-13
 1.24633757518024e-16 -3.58044157095976e-16 -1.36960140087696e-13  -9.6697178219338e-14  7.39737015619496e-14   -0.0395838725755428 -0.000310621810225446  5.88916543102966e-16     0.984297305264642 -4.61785168295503e-13
-4.27851817857692e-05 -0.000240665394169847   -0.0180759506346109    0.0104752576913132    -0.218932913898541  4.07567481095962e-14  6.05664151690116e-14  6.40320563104512e-13 -4.61785168295503e-13     0.977444535543246
POPULATION (lambda : 0.4): 6.99075672674857
TOTAL ENERGY: -127.168607712928	 lambda: 0.5
1RDM (lambda : 0.5): 
     1.99999991268776  2.66548943850136e-08  2.67411366451788e-06   8.8883818236932e-06  4.24822360160806e-05 -3.66997719811349e-16  -5.0454059629806e-16 -2.71596322447068e-16  1.28073229076488e-16 -3.98250762569521e-05
 2.66548943850136e-08      1.99999982493588 -1.02472546746318e-05 -6.29153588388982e-06 -9.44565261025436e-05 -2.77625176248385e-16 -3.74892763435155e-16  4.79974295669696e-16 -3.45570965347946e-16 -0.000235225097864126
 2.67411366451788e-06 -1.02472546746318e-05      1.99827250963918  -0.00231769667707427   -0.0359139374621565 -4.50400965758904e-14 -6.08281688292972e-14  1.89835327744656e-13 -1.37766802360306e-13   -0.0210324939285606
  8.8883818236932e-06 -6.29153588388982e-06  -0.00231769667707427      1.99455012942739   -0.0653507264103947  5.00740214149215e-14  6.95955299098183e-14  1.28864990371282e-13 -9.36600946339935e-14   0.00977176753496422
 4.24822360160806e-05 -9.44565261025436e-05   -0.0359139374621565   -0.0653507264103947      1.03373087176292  -1.6311310677816e-13 -2.15653877535419e-13 -1.16532446852825e-13  8.24407427216925e-14    -0.207684215465153
-3.66997719811349e-16 -2.77625176248385e-16 -4.50400965758904e-14  5.00740214149215e-14  -1.6311310677816e-13      1.01481083645075   1.3073417579177e-16 -0.000295469004911753   -0.0376528859730612  3.27772115959335e-14
 -5.0454059629806e-16 -3.74892763435155e-16 -6.08281688292972e-14  6.95955299098183e-14 -2.15653877535419e-13   1.3073417579177e-16      1.01481083645079    0.0376528859729837 -0.000295469004912815  4.95128932385845e-14
-2.71596322447068e-16  4.79974295669696e-16  1.89835327744656e-13  1.28864990371282e-13 -1.16532446852825e-13 -0.000295469004911753    0.0376528859729837     0.985263565157549  4.62423845189521e-16  6.07458593093386e-13
 1.28073229076488e-16 -3.45570965347946e-16 -1.37766802360306e-13 -9.36600946339935e-14  8.24407427216925e-14   -0.0376528859730612 -0.000295469004912815  4.62423845189521e-16     0.985263565157591 -4.38160353485526e-13
-3.98250762569521e-05 -0.000235225097864126   -0.0210324939285606   0.00977176753496422    -0.207684215465153  3.27772115959335e-14  4.95128932385845e-14  6.07458593093386e-13 -4.38160353485526e-13     0.973297948330183
POPULATION (lambda : 0.5): 6.9971911189535
TOTAL ENERGY: -127.165554378185	 lambda: 0.6
1RDM (lambda : 0.6): 
     1.99999989127999  2.70904527270731e-08  2.46104363959529e-06  9.78108519662056e-06  4.33100031441306e-05 -3.64154037350069e-16 -5.00934292039652e-16 -2.76086165805596e-16  1.30491747560874e-16 -3.70634503415272e-05
 2.70904527270731e-08      1.99999985118517 -9.62631673234372e-06 -5.75452067195553e-06 -9.21872299019643e-05 -2.72887264124694e-16 -3.68574289057055e-16   4.7224766453958e-16 -3.39934178014436e-16 -0.000230438006074791
 2.46104363959529e-06 -9.62631673234372e-06      1.99823143559772  -0.00218099877064352   -0.0360426281856182 -4.80449750324642e-14 -6.48763229899334e-14   1.9043575602893e-13 -1.38225823451961e-13    -0.023642131075951
 9.78108519662056e-06 -5.75452067195553e-06  -0.00218099877064352      1.99482893898394   -0.0632900915727264  4.83426746888121e-14  6.72023708548753e-14  1.22308893226244e-13 -8.89209566329334e-14   0.00895650092526742
 4.33100031441306e-05 -9.21872299019643e-05   -0.0360426281856182   -0.0632900915727264       1.0382761116727 -1.63678132523567e-13 -2.16576580658717e-13 -1.30775392890092e-13  9.27673683298288e-14    -0.206541802411814
-3.64154037350069e-16 -2.72887264124694e-16 -4.80449750324642e-14  4.83426746888121e-14 -1.63678132523567e-13      1.01460112213882  1.57363481468085e-16 -0.000294932815634752   -0.0375845572298782  2.70735637845911e-14
-5.00934292039652e-16 -3.68574289057055e-16 -6.48763229899334e-14  6.72023708548753e-14 -2.16576580658717e-13  1.57363481468085e-16      1.01460112213887    0.0375845572298177 -0.000294932815636244  4.17849982056779e-14
-2.76086165805596e-16   4.7224766453958e-16   1.9043575602893e-13  1.22308893226244e-13 -1.30775392890092e-13 -0.000294932815634752    0.0375845572298177     0.985472897989387  5.61352801293137e-16   6.0419411168782e-13
 1.30491747560874e-16 -3.39934178014436e-16 -1.38225823451961e-13 -8.89209566329334e-14  9.27673683298288e-14   -0.0375845572298782 -0.000294932815636244  5.61352801293137e-16     0.985472897989439 -4.35872911930027e-13
-3.70634503415272e-05 -0.000230438006074791    -0.023642131075951   0.00895650092526742    -0.206541802411814  2.70735637845911e-14  4.17849982056779e-14   6.0419411168782e-13 -4.35872911930027e-13      0.96851573102397
POPULATION (lambda : 0.6): 7.00274382112852
TOTAL ENERGY: -127.161475566925	 lambda: 0.7
1RDM (lambda : 0.7): 
     1.99999985702043  2.85577017297399e-08  2.18022770622172e-06  1.13442386065647e-05  4.38626000407093e-05 -3.60682188182554e-16 -4.96277950987744e-16  -2.7909924183745e-16  1.31779984147161e-16 -3.41023235676667e-05
 2.85577017297399e-08      1.99999986914304 -9.31369940135016e-06 -5.46461972644363e-06 -9.22909770514057e-05 -2.69009407709702e-16 -3.63369593250373e-16  4.72485155832953e-16 -3.40075072502025e-16 -0.000227012261654045
