TOTAL ENERGY: -126.575913157792	 lambda: -1
1RDM (lambda : -1): 
     1.99999980119352 -1.10089219589817e-08 -1.36418908214399e-05 -1.33162261165092e-05  9.75180722616964e-05 -6.23384869237163e-15 -1.04158677995388e-14  7.13546718325402e-15 -4.51587372978069e-15 -0.000458369218325764
-1.10089219589817e-08      1.99998724278394 -7.98797628616826e-05 -0.000798663334296992  0.000221139815076194 -4.29297721532011e-15 -6.53018257644796e-15  1.84679630057216e-14 -1.12436628646457e-14 -7.78311292665066e-05
-1.36418908214399e-05 -7.98797628616826e-05      1.99818667549208  -0.00649149859130732   0.00813383505104929  -8.6145940929021e-13 -1.44517337567459e-12  1.97938048395969e-12 -1.27406253438121e-12   -0.0410412234255564
-1.33162261165092e-05 -0.000798663334296992  -0.00649149859130732      1.94361272118228    0.0195816595354889  -1.3863133352149e-12 -2.13254660196524e-12  3.28751920947298e-12 -2.22936451287038e-12   -0.0527198030186968
 9.75180722616964e-05  0.000221139815076194   0.00813383505104929    0.0195816595354889      1.79024382523135  2.67475664378723e-12  4.52589931229794e-12  9.98589176552167e-12 -6.33114981533489e-12     0.411029336042125
-6.23384869237163e-15 -4.29297721532011e-15  -8.6145940929021e-13  -1.3863133352149e-12  2.67475664378723e-12      1.27931743740384 -1.17326571632374e-13   -0.0176219092562141    -0.564251222482437 -5.66592340939101e-12
-1.04158677995388e-14 -6.53018257644796e-15 -1.44517337567459e-12 -2.13254660196524e-12  4.52589931229794e-12 -1.17326571632374e-13      1.27931743740874     0.564251222480905   -0.0176219092561141 -9.61222064362443e-12
 7.13546718325402e-15  1.84679630057216e-14  1.97938048395969e-12  3.28751920947298e-12  9.98589176552167e-12   -0.0176219092562141     0.564251222480905     0.740478598007668  3.85867208792318e-14  1.91375040404543e-12
-4.51587372978069e-15 -1.12436628646457e-14 -1.27406253438121e-12 -2.22936451287038e-12 -6.33114981533489e-12    -0.564251222482437   -0.0176219092561141  3.85867208792318e-14     0.740478598012551 -1.03276795832908e-12
-0.000458369218325764 -7.78311292665066e-05   -0.0410412234255564   -0.0527198030186968     0.411029336042125 -5.66592340939101e-12 -9.61222064362443e-12  1.91375040404543e-12 -1.03276795832908e-12     0.228377663284104
POPULATION (lambda : -1): 5.38744393408154
TOTAL ENERGY: -126.800532301393	 lambda: -0.9
1RDM (lambda : -0.9): 
     1.99999982027934  3.86718419624504e-08 -1.18992496751351e-05 -2.26050054533501e-06   9.5361108808661e-05 -6.01758279059401e-15 -9.58980668971191e-15  7.44028218065489e-15 -4.99439229083625e-15  -0.00037306428954109
 3.86718419624504e-08      1.99998938471293 -6.25954023247728e-05  -0.00066952451159757  0.000157088500895489 -6.09156564428507e-15 -9.94587199244812e-15  1.45405629047346e-14 -9.51525171142593e-15 -2.61821179111052e-05
-1.18992496751351e-05 -6.25954023247728e-05      1.99832158876763  -0.00503582729710715   0.00607817692611307 -9.79815540929146e-13 -1.56669081588224e-12  2.20084289056592e-12 -1.44234379368121e-12   -0.0379852626828926
-2.26050054533501e-06  -0.00066952451159757  -0.00503582729710715      1.95257008923321    0.0066977538493942 -1.04295054935498e-13 -2.46960529445159e-13  7.33233333364755e-13  -3.1310732791462e-13   -0.0230552029814688
  9.5361108808661e-05  0.000157088500895489   0.00607817692611307    0.0066977538493942      1.64355740743125  6.53286476805451e-12  9.91406291959594e-12  6.27629389744384e-12  -3.6594949429559e-12     0.469580402694012
-6.01758279059401e-15 -6.09156564428507e-15 -9.79815540929146e-13 -1.04295054935498e-13  6.53286476805451e-12      1.29137979643788 -1.17834250852195e-13   -0.0165164192202369    -0.528853566578193 -4.01787970673112e-12
-9.58980668971191e-15 -9.94587199244812e-15 -1.56669081588224e-12 -2.46960529445159e-13  9.91406291959594e-12 -1.17834250852195e-13      1.29137979644288     0.528853566574446   -0.0165164192200963 -6.19266098817371e-12
 7.44028218065489e-15  1.45405629047346e-14  2.20084289056592e-12  7.33233333364755e-13  6.27629389744384e-12   -0.0165164192202369     0.528853566574446     0.726777605213013  4.32314572373673e-14  8.25016635673885e-12
-4.99439229083625e-15 -9.51525171142593e-15 -1.44234379368121e-12  -3.1310732791462e-13  -3.6594949429559e-12    -0.528853566578193   -0.0165164192200963  4.32314572373673e-14     0.726777605218071 -5.54699215519387e-12
 -0.00037306428954109 -2.61821179111052e-05   -0.0379852626828926   -0.0230552029814688     0.469580402694012 -4.01787970673112e-12 -6.19266098817371e-12  8.25016635673885e-12 -5.54699215519387e-12     0.369246906263844
POPULATION (lambda : -0.9): 5.62397488343312
TOTAL ENERGY: -126.960557053787	 lambda: -0.8
1RDM (lambda : -0.8): 
     1.99999983630131  5.29993244326962e-08 -1.08488326058594e-05  2.52355147626885e-06  6.32648341820561e-05 -4.02099683505226e-15 -8.69071588059083e-15  4.54151585984187e-15  -2.1510280056223e-15 -0.000301155691434344
 5.29993244326962e-08      1.99999110794487 -5.32699844842933e-05 -0.000572424556927289  9.31350916990698e-05 -3.98963899025042e-15 -9.32584766478795e-15  1.30010764477362e-14 -9.02092254265858e-15 -1.53216169234996e-05
-1.08488326058594e-05 -5.32699844842933e-05       1.9983638254198  -0.00435144501789758   0.00324358609182391 -7.13879660406405e-13 -1.57038196229007e-12  1.82193140072446e-12 -1.06356848265405e-12   -0.0365946383825534
 2.52355147626885e-06 -0.000572424556927289  -0.00435144501789758      1.95788681062893    -0.011723899818101  -5.4216190540616e-13 -6.92143699045297e-13  5.45129147222604e-13 -1.13397063823224e-12  -0.00717578761844783
 6.32648341820561e-05  9.31350916990698e-05   0.00324358609182391    -0.011723899818101      1.53132752399048 -3.18359785418446e-12  3.60132415610531e-12  4.40832395549322e-12 -6.74053287491392e-12     0.410951518920712
-4.02099683505226e-15 -3.98963899025042e-15 -7.13879660406405e-13  -5.4216190540616e-13 -3.18359785418446e-12      1.27121483283287 -1.12359207031054e-13   -0.0148089827054594    -0.474181677311201 -1.93964461407603e-12
-8.69071588059083e-15 -9.32584766478795e-15 -1.57038196229007e-12 -6.92143699045297e-13  3.60132415610531e-12 -1.12359207031054e-13      1.27121483283696     0.474181677311016   -0.0148089827054008 -6.43697033368552e-12
 4.54151585984187e-15  1.30010764477362e-14  1.82193140072446e-12  5.45129147222604e-13  4.40832395549322e-12   -0.0148089827054594     0.474181677311016     0.744872214284185   1.6057520965877e-14  1.14060187234064e-12
 -2.1510280056223e-15 -9.02092254265858e-15 -1.06356848265405e-12 -1.13397063823224e-12 -6.74053287491392e-12    -0.474181677311201   -0.0148089827054008   1.6057520965877e-14     0.744872214288197 -4.53357329611297e-13
-0.000301155691434344 -1.53216169234996e-05   -0.0365946383825534  -0.00717578761844783     0.410951518920712 -1.93964461407603e-12 -6.43697033368552e-12  1.14060187234064e-12 -4.53357329611297e-13     0.480256801472468
POPULATION (lambda : -0.8): 5.8113540290165
TOTAL ENERGY: -127.040141795844	 lambda: -0.7
1RDM (lambda : -0.7): 
      1.9999998470078  4.90556571522399e-08 -1.00415304721217e-05  3.06895324859412e-06  3.08587780532654e-05 -8.64451669898728e-15 -8.31647985383566e-15  2.26736432216261e-15 -1.62796803082364e-15 -0.000256526610162774
 4.90556571522399e-08      1.99999207721771 -4.99009914059978e-05 -0.000519299721921981  6.32982925854831e-05 -9.16083136291048e-15 -9.83021498138548e-15  1.15158378788905e-14 -5.76091902831907e-15 -2.27902766357307e-05
-1.00415304721217e-05 -4.99009914059978e-05      1.99844352515019  -0.00414544483386308  0.000792832639197846 -1.52615844529707e-12 -1.47877351178365e-12  1.61913670939734e-12 -1.17138734343622e-12   -0.0348829164364398
 3.06895324859412e-06 -0.000519299721921981  -0.00414544483386308      1.96027433517371   -0.0223137886048029 -7.22903963686366e-13 -7.08423178008465e-13    4.184303517577e-13  1.04310306931319e-12  -0.00486346113106299
 3.08587780532654e-05  6.32982925854831e-05  0.000792832639197846   -0.0223137886048029      1.52077227116553  1.36528021026143e-11  6.43043219336224e-13  7.88827811750138e-12  6.45996372030149e-12     0.307780132732725
-8.64451669898728e-15 -9.16083136291048e-15 -1.52615844529707e-12 -7.22903963686366e-13  1.36528021026143e-11      1.25118439263773 -9.32856788709884e-14   -0.0126360834029297    -0.404605705534565 -1.28661112147085e-11
-8.31647985383566e-15 -9.83021498138548e-15 -1.47877351178365e-12 -7.08423178008465e-13  6.43043219336224e-13 -9.32856788709884e-14      1.25118439264144     0.404605705533625   -0.0126360834025204 -8.75949105915572e-12
 2.26736432216261e-15  1.15158378788905e-14  1.61913670939734e-12    4.184303517577e-13  7.88827811750138e-12   -0.0126360834029297     0.404605705533625      0.76235089137584  3.13173027661869e-14 -9.95332003777342e-13
-1.62796803082364e-15 -5.76091902831907e-15 -1.17138734343622e-12  1.04310306931319e-12  6.45996372030149e-12    -0.404605705534565   -0.0126360834025204  3.13173027661869e-14     0.762350891379512  6.11556116133215e-12
-0.000256526610162774 -2.27902766357307e-05   -0.0348829164364398  -0.00486346113106299     0.307780132732725 -1.28661112147085e-11 -8.75949105915572e-12 -9.95332003777342e-13  6.11556116133215e-12      0.49344737625057
POPULATION (lambda : -0.7): 5.91674274629821
The Davidson algorithm did not converge.lambda: -0.6
TOTAL ENERGY: -127.102006986906	 lambda: -0.5
1RDM (lambda : -0.5): 
     1.99999986449772  4.26503291924038e-08 -8.42122298401426e-06  2.72594728259041e-06 -1.33593682980208e-06 -4.69480639859323e-15 -1.18330550195132e-14  -1.4610687372335e-14  5.29487714528767e-15 -0.000197678427987766
 4.26503291924038e-08      1.99999293942555 -4.63750459979714e-05 -0.000466374098488273  6.89504873283801e-05 -4.44468166288946e-15 -9.19240736372059e-15  8.57056391818473e-15 -6.30627941075411e-15 -1.68849361345342e-05
-8.42122298401426e-06 -4.63750459979714e-05      1.99877896830418  -0.00380525758890314  -0.00183814145743269 -4.35082511583724e-13 -1.14427844038131e-12 -4.11546771491492e-13 -7.83055590873714e-14   -0.0259802016405941
 2.72594728259041e-06 -0.000466374098488273  -0.00380525758890314      1.96370527924864   -0.0185549253981333  2.51881861506765e-13 -9.03460157922258e-13  4.44447371870366e-13 -3.89318831586857e-13   -0.0113894166702583
-1.33593682980208e-06  6.89504873283801e-05  -0.00183814145743269   -0.0185549253981333       1.6764606326623 -1.60014297675329e-11 -2.79049829830178e-11  4.08989654732099e-11 -2.65596431896431e-11     0.158751006665376
-4.69480639859323e-15 -4.44468166288946e-15 -4.35082511583724e-13  2.51881861506765e-13 -1.60014297675329e-11      1.22963566144934 -7.94120369827112e-14  -0.00785171223775435    -0.251411443085581 -1.92185848528702e-11
-1.18330550195132e-14 -9.19240736372059e-15 -1.14427844038131e-12 -9.03460157922258e-13 -2.79049829830178e-11 -7.94120369827112e-14      1.22963566145149     0.251411443083167  -0.00785171223761478 -4.92676384672625e-11
 -1.4610687372335e-14  8.57056391818473e-15 -4.11546771491492e-13  4.44447371870366e-13  4.08989654732099e-11  -0.00785171223775435     0.251411443083167      0.77823545272954  -8.4948862546241e-15 -3.74998160306976e-11
 5.29487714528767e-15 -6.30627941075411e-15 -7.83055590873714e-14 -3.89318831586857e-13 -2.65596431896431e-11    -0.251411443085581  -0.00785171223761478  -8.4948862546241e-15     0.778235452731705  1.09349026871153e-11
-0.000197678427987766 -1.68849361345342e-05   -0.0259802016405941   -0.0113894166702583     0.158751006665376 -1.92185848528702e-11 -4.92676384672625e-11 -3.74998160306976e-11  1.09349026871153e-11     0.345320087499594
POPULATION (lambda : -0.5): 6.01783010716332
TOTAL ENERGY: -127.120542561098	 lambda: -0.4
1RDM (lambda : -0.4): 
     1.99999986832634  4.80685880506838e-08 -7.89486964061568e-06  3.63250989417176e-06 -7.25400044420133e-06 -3.92856277493362e-15 -6.27754033633377e-15 -5.39724561378359e-16  2.72283220262303e-16 -0.000167270816594491
 4.80685880506838e-08      1.99999322874567 -4.30956101300597e-05 -0.000444489509547454  8.00614078872975e-05 -4.62802750550181e-15 -7.71614861403793e-15  9.18081240658858e-15 -5.96754021845073e-15  1.06870619196286e-05
-7.89486964061568e-06 -4.30956101300597e-05      1.99894140913471  -0.00337641736278709   -0.0024328677025465 -4.37788349166833e-13 -6.95827619970847e-13  1.12694605580109e-12 -7.50738399980456e-13   -0.0171778254062102
 3.63250989417176e-06 -0.000444489509547454  -0.00337641736278709      1.96581555452132   -0.0121553517029921 -7.81928634353575e-14 -2.68971176859741e-13  6.71979924033847e-13 -3.97394638454127e-13   -0.0109737132212324
-7.25400044420133e-06  8.00614078872975e-05   -0.0024328677025465   -0.0121553517029921        1.754729446434  2.22003114293801e-12  2.59481576536415e-12  2.48047338714652e-11 -1.52391730608911e-11     0.151364557092019
-3.92856277493362e-15 -4.62802750550181e-15 -4.37788349166833e-13 -7.81928634353575e-14  2.22003114293801e-12      1.22570152100679 -5.82747621636925e-14  -0.00602959742108087    -0.193067034945788 -1.10329725500067e-11
-6.27754033633377e-15 -7.71614861403793e-15 -6.95827619970847e-13 -2.68971176859741e-13  2.59481576536415e-12 -5.82747621636925e-14      1.22570152100914      0.19306703494522  -0.00602959742109819 -1.82179165370617e-11
-5.39724561378359e-16  9.18081240658858e-15  1.12694605580109e-12  6.71979924033847e-13  2.48047338714652e-11  -0.00602959742108087      0.19306703494522      0.77999611833012  1.48532056903892e-14  6.74401658153849e-12
 2.72283220262303e-16 -5.96754021845073e-15 -7.50738399980456e-13 -3.97394638454127e-13 -1.52391730608911e-11    -0.193067034945788  -0.00602959742109819  1.48532056903892e-14     0.779996118332424 -4.46278231885796e-12
-0.000167270816594491  1.06870619196286e-05   -0.0171778254062102   -0.0109737132212324     0.151364557092019 -1.10329725500067e-11 -1.82179165370617e-11  6.74401658153849e-12 -4.46278231885796e-12     0.269125214159465
POPULATION (lambda : -0.4): 6.05917200734444
TOTAL ENERGY: -127.141488760128	 lambda: -0.3
1RDM (lambda : -0.3): 
     1.99999986634486  6.06096060369557e-08 -7.98016268253097e-06  5.50486672244951e-06 -1.42852337499633e-05  -4.0023345349685e-15 -6.67052123769076e-15  -9.6807037741749e-16  6.98011739430159e-16 -0.000130298520010864
 6.06096060369557e-08      1.99999361767029 -3.77116087892651e-05 -0.000414106321018911  8.66568642753563e-05  -3.8239600931575e-15 -6.34544421714753e-15  8.07027533101897e-15 -5.16001742471877e-15  6.33424869643846e-05
-7.98016268253097e-06 -3.77116087892651e-05      1.99895928065559  -0.00270795105221687  -0.00395937699041203 -3.51393555234653e-13  -6.0417531784888e-13  1.11159563332248e-12 -7.04332886143242e-13  -0.00509666594762035
 5.50486672244951e-06 -0.000414106321018911  -0.00270795105221687       1.9687221572179   -0.0059554743695332 -1.28383433096298e-13  -2.2120401480062e-13  7.95807279041609e-13 -4.98981266934733e-13   -0.0042251844754724
-1.42852337499633e-05  8.66568642753563e-05  -0.00395937699041203   -0.0059554743695332      1.80463954831284  7.25652841999054e-12  1.25800771025381e-11  1.92934468259996e-11 -1.28138748176861e-11     0.197950589548323
 -4.0023345349685e-15  -3.8239600931575e-15 -3.51393555234653e-13 -1.28383433096298e-13  7.25652841999054e-12      1.22819403231588 -4.84408328841777e-14  -0.00468136494214734    -0.149896710494391 -1.21634464891141e-11
-6.67052123769076e-15 -6.34544421714753e-15  -6.0417531784888e-13  -2.2120401480062e-13  1.25800771025381e-11 -4.84408328841777e-14      1.22819403231748     0.149896710492677  -0.00468136494215322 -2.00165550978594e-11
 -9.6807037741749e-16  8.07027533101897e-15  1.11159563332248e-12  7.95807279041609e-13  1.92934468259996e-11  -0.00468136494214734     0.149896710492677     0.775860310890609  2.02881369577057e-15  8.89258765320965e-12
 6.98011739430159e-16 -5.16001742471877e-15 -7.04332886143242e-13 -4.98981266934733e-13 -1.28138748176861e-11    -0.149896710494391  -0.00468136494215322  2.02881369577057e-15     0.775860310892196 -5.81667114231365e-12
-0.000130298520010864  6.33424869643846e-05  -0.00509666594762035   -0.0042251844754724     0.197950589548323 -1.21634464891141e-11 -2.00165550978594e-11  8.89258765320965e-12 -5.81667114231365e-12     0.219576843382409
POPULATION (lambda : -0.3): 6.11978664312424
TOTAL ENERGY: -127.169290272755	 lambda: -0.2
1RDM (lambda : -0.2): 
     1.99999985781804  7.86016246020678e-08 -9.26127670751008e-06  8.12623249355474e-06 -3.29055110835983e-05 -3.55150903135718e-15 -5.82103789771935e-15 -2.27920840229406e-15  1.51515197178165e-15 -8.39424954176124e-05
 7.86016246020678e-08      1.99999434370036 -2.94752985110486e-05 -0.000360334418390101  7.41968273697751e-05 -2.45857068961704e-15 -4.11681573178117e-15  6.20472498948609e-15 -3.95707548406324e-15  0.000151207988780993
-9.26127670751008e-06 -2.94752985110486e-05      1.99863924745086  -0.00183353945447368  -0.00899347248796699 -1.67242377592377e-13 -2.75771740618927e-13  7.58217882936644e-13 -4.91372287937217e-13   0.00938377804093147
 8.12623249355474e-06 -0.000360334418390101  -0.00183353945447368      1.97331481494782  -0.00194604915188749  2.10139513999246e-13  3.53640088999712e-13  6.44074923076025e-13 -4.09763165012175e-13    0.0132843717113362
-3.29055110835983e-05  7.41968273697751e-05  -0.00899347248796699  -0.00194604915188749      1.80339202594192  9.43050069905928e-12  1.55633781611748e-11  1.91383176695664e-11  -1.2235385664796e-11     0.301953848929138
-3.55150903135718e-15 -2.45857068961704e-15 -1.67242377592377e-13  2.10139513999246e-13  9.43050069905928e-12        1.233136422149 -2.00670885713145e-14  -0.00361008457461534     -0.11559443502178 -1.13743550033066e-11
-5.82103789771935e-15 -4.11681573178117e-15 -2.75771740618927e-13  3.53640088999712e-13  1.55633781611748e-11 -2.00670885713145e-14      1.23313642215025     0.115594435019795   -0.0036100845746701 -1.86621278623559e-11
-2.27920840229406e-15  6.20472498948609e-15  7.58217882936644e-13  6.44074923076025e-13  1.91383176695664e-11  -0.00361008457461534     0.115594435019795     0.769593835896693  1.86427374267988e-14  1.23392964818322e-11
 1.51515197178165e-15 -3.95707548406324e-15 -4.91372287937217e-13 -4.09763165012175e-13  -1.2235385664796e-11     -0.11559443502178   -0.0036100845746701  1.86427374267988e-14     0.769593835897939 -7.99553759232502e-12
-8.39424954176124e-05  0.000151207988780993   0.00938377804093147    0.0132843717113362     0.301953848929138 -1.13743550033066e-11 -1.86621278623559e-11  1.23392964818322e-11 -7.99553759232502e-12     0.219199194047195
POPULATION (lambda : -0.2): 6.23356828220577
TOTAL ENERGY: -127.199870562689	 lambda: -0.1
1RDM (lambda : -0.1): 
     1.99999984408439  8.98241290247476e-08 -1.22767138820551e-05  9.87589513397611e-06 -7.83141778559549e-05 -3.40417058234942e-15 -5.60241038060026e-15  -4.1799860237854e-15  2.75261917724344e-15 -3.68185351043622e-05
 8.98241290247476e-08      1.99999572247114 -1.91601243196546e-05 -0.000266612069173234  9.58166024757867e-06 -1.42833644235062e-15 -2.42216027409894e-15  2.69937954232125e-15 -1.67935431377266e-15  0.000263139537629299
-1.22767138820551e-05 -1.91601243196546e-05      1.99783075879774  -0.00110427990698934   -0.0209990294976608 -1.03875486184563e-13 -1.78534662362862e-13  2.80020484329054e-13 -1.78561301527711e-13     0.021016763764641
 9.87589513397611e-06 -0.000266612069173234  -0.00110427990698934      1.98007487386682  -0.00596234918836099  6.79221054677709e-13  1.12358009016508e-12  1.00173937791755e-13 -5.21825929895794e-14    0.0452048336650642
-7.83141778559549e-05  9.58166024757867e-06   -0.0209990294976608  -0.00596234918836099      1.69848453205136    1.080450794835e-11   1.7875662035689e-11  1.50813948488526e-11 -9.66585857324687e-12     0.428522515497337
-3.40417058234942e-15 -1.42833644235062e-15 -1.03875486184563e-13  6.79221054677709e-13    1.080450794835e-11      1.22219157172512 -3.63778207267834e-14  -0.00259428432357611   -0.0830686528104342 -8.47762115121588e-12
-5.60241038060026e-15 -2.42216027409894e-15 -1.78534662362862e-13  1.12358009016508e-12   1.7875662035689e-11 -3.63778207267834e-14      1.22219157172565    0.0830686528083355  -0.00259428432360005 -1.38697035435398e-11
 -4.1799860237854e-15  2.69937954232125e-15  2.80020484329054e-13  1.00173937791755e-13  1.50813948488526e-11  -0.00259428432357611    0.0830686528083355     0.779400017969729 -1.95232442967304e-14  1.50198678243403e-11
 2.75261917724344e-15 -1.67935431377266e-15 -1.78561301527711e-13 -5.21825929895794e-14 -9.66585857324687e-12   -0.0830686528104342  -0.00259428432360005 -1.95232442967304e-14     0.779400017970265 -9.72712809346583e-12
-3.68185351043622e-05  0.000263139537629299     0.021016763764641    0.0452048336650642     0.428522515497337 -8.47762115121588e-12 -1.38697035435398e-11  1.50198678243403e-11 -9.72712809346583e-12     0.320431089337709
POPULATION (lambda : -0.1): 6.44302268749253
TOTAL ENERGY: -127.21257880408	 lambda: 0
1RDM (lambda : 0): 
     1.99999983107457  7.58590238031039e-08 -1.57154405054998e-05  8.08057877814509e-06 -0.000139884292228252  -3.9528730913379e-15 -6.51623283659792e-15 -6.00601650478019e-15  3.93124370311766e-15 -1.70562783014093e-05
 7.58590238031039e-08      1.99999740986898 -1.19130935642214e-05 -0.000162003156243652 -0.000105324611501184 -1.94587478262598e-15 -3.29956029413536e-15 -1.46215931181536e-15  1.01156541082268e-15  0.000326166326566582
-1.57154405054998e-05 -1.19130935642214e-05      1.99694705662483  -0.00117713669936863    -0.036265970924203  -2.5357525071147e-13 -4.28266634792625e-13 -1.56665710481457e-13  1.03048772950616e-13    0.0219602591783852
 8.08057877814509e-06 -0.000162003156243652  -0.00117713669936863      1.98597433059596   -0.0223593061072234  1.01939021659487e-12  1.68099259054285e-12   -7.849939077707e-13   5.2262525080398e-13    0.0777292952527097
-0.000139884292228252 -0.000105324611501184    -0.036265970924203   -0.0223593061072234      1.49782340764931  1.00641317708735e-11  1.66291641038575e-11  9.08881822599733e-12 -5.79809868264506e-12      0.46696803479569
 -3.9528730913379e-15 -1.94587478262598e-15  -2.5357525071147e-13  1.01939021659487e-12  1.00641317708735e-11      1.18004978104994 -1.59533230590738e-15  -0.00166462164702786   -0.0533009192332612 -4.57161318615684e-12
-6.51623283659792e-15 -3.29956029413536e-15 -4.28266634792625e-13  1.68099259054285e-12  1.66291641038575e-11 -1.59533230590738e-15      1.18004978105064    0.0533009192316966  -0.00166462164708256 -7.42741798553158e-12
-6.00601650478019e-15 -1.46215931181536e-15 -1.56665710481457e-13   -7.849939077707e-13  9.08881822599733e-12  -0.00166462164702786    0.0533009192316966     0.820738191611386    2.029016188421e-14  1.45422196687724e-11
 3.93124370311766e-15  1.01156541082268e-15  1.03048772950616e-13   5.2262525080398e-13 -5.79809868264506e-12   -0.0533009192332612  -0.00166462164708256    2.029016188421e-14     0.820738191612083 -9.40333290517997e-12
-1.70562783014093e-05  0.000326166326566582    0.0219602591783852    0.0777292952527097      0.46696803479569 -4.57161318615684e-12 -7.42741798553158e-12  1.45422196687724e-11 -9.40333290517997e-12     0.517682018862359
POPULATION (lambda : 0): 6.68979111907957
TOTAL ENERGY: -127.20564935609	 lambda: 0.1
1RDM (lambda : 0.1): 
     1.99999982053804  5.14253557900187e-08 -1.77056947951603e-05  4.39277858798698e-06 -0.000181015108822329 -4.66767786006066e-15 -7.70002556371239e-15 -6.90410576262768e-15  4.50785813369229e-15 -2.34440685126988e-05
 5.14253557900187e-08      1.99999852106464 -9.83498905729157e-06 -9.95059648301406e-05 -0.000193938731797634 -3.29455718572697e-15 -5.54137878417018e-15  -3.9237797402528e-15  2.59715236025591e-15  0.000319954178637614
-1.77056947951603e-05 -9.83498905729157e-06      1.99650059796889  -0.00183405071609994   -0.0458406714061622 -4.35166316488371e-13 -7.29403736485944e-13 -3.70597182393789e-13  2.40354793166488e-13    0.0171469291403265
 4.39277858798698e-06 -9.95059648301406e-05  -0.00183405071609994      1.98816564200233   -0.0408219914219128  1.07815777099819e-12  1.77443678558334e-12 -1.49916495101037e-12  9.84944724957574e-13    0.0940077428396873
-0.000181015108822329 -0.000193938731797634   -0.0458406714061622   -0.0408219914219128      1.33289196374283  8.20902349903341e-12  1.35530494435694e-11  4.96146048729414e-12 -3.14454395015707e-12     0.416789730479503
-4.66767786006066e-15 -3.29455718572697e-15 -4.35166316488371e-13  1.07815777099819e-12  8.20902349903341e-12      1.13550018646289 -1.01501581539769e-14  -0.00107308268590146   -0.0343597959977735 -2.05473113061669e-12
-7.70002556371239e-15 -5.54137878417018e-15 -7.29403736485944e-13  1.77443678558334e-12  1.35530494435694e-11 -1.01501581539769e-14      1.13550018646327    0.0343597959965565  -0.00107308268593191 -3.29264170685769e-12
-6.90410576262768e-15  -3.9237797402528e-15 -3.70597182393789e-13 -1.49916495101037e-12  4.96146048729414e-12  -0.00107308268590146    0.0343597959965565     0.864911716990545   1.9323322922904e-15  1.20965280496652e-11
 4.50785813369229e-15  2.59715236025591e-15  2.40354793166488e-13  9.84944724957574e-13 -3.14454395015707e-12   -0.0343597959977735  -0.00107308268593191   1.9323322922904e-15     0.864911716990932 -7.81414124292568e-12
-2.34440685126988e-05  0.000319954178637614    0.0171469291403265    0.0940077428396873     0.416789730479503 -2.05473113061669e-12 -3.29264170685769e-12  1.20965280496652e-11 -7.81414124292568e-12     0.681619647775648
POPULATION (lambda : 0.1): 6.8461780736346
TOTAL ENERGY: -127.194890929274	 lambda: 0.2
1RDM (lambda : 0.2): 
     1.99999980823941  3.41600428010847e-08 -1.87012353943507e-05  1.35409862672858e-06  -0.00020024320771576 -5.13987271610607e-15 -8.48052103404598e-15 -7.20372918234104e-15  4.69856062880373e-15 -3.38958545174103e-05
 3.41600428010847e-08      1.99999907033689 -9.82254069056955e-06 -7.16477566471145e-05 -0.000237618917295185 -4.34131747443572e-15 -7.27592782945897e-15 -4.86917343498971e-15   3.2029852989554e-15  0.000295238571228032
-1.87012353943507e-05 -9.82254069056955e-06      1.99634221879336  -0.00253133413379441   -0.0502000952456981  -5.3904037944581e-13 -9.01388441668713e-13 -4.57604419402705e-13   2.9597616979897e-13    0.0136556898803959
 1.35409862672858e-06 -7.16477566471145e-05  -0.00253133413379441      1.98826202309458   -0.0545036408186938  1.01840501005925e-12  1.67341667356078e-12 -1.93614300165766e-12  1.26725855711443e-12    0.0996108085711432
 -0.00020024320771576 -0.000237618917295185   -0.0502000952456981   -0.0545036408186938      1.23971214338348  6.74308861571422e-12  1.11269588491654e-11  2.92730517887882e-12 -1.84068212258508e-12      0.36021123703687
-5.13987271610607e-15 -4.34131747443572e-15  -5.3904037944581e-13  1.01840501005925e-12  6.74308861571422e-12      1.10700644461645  3.94523420927756e-15 -0.000768706656631715   -0.0246139697402833  -8.7619215087611e-13
-8.48052103404598e-15 -7.27592782945897e-15 -9.01388441668713e-13  1.67341667356078e-12  1.11269588491654e-11  3.94523420927756e-15      1.10700644461671    0.0246139697393152 -0.000768706656663554  -1.3639057054233e-12
-7.20372918234104e-15 -4.86917343498971e-15 -4.57604419402705e-13 -1.93614300165766e-12  2.92730517887882e-12 -0.000768706656631715    0.0246139697393152     0.893258210718597  1.20671550144955e-14  1.00269680457414e-11
 4.69856062880373e-15   3.2029852989554e-15   2.9597616979897e-13  1.26725855711443e-12 -1.84068212258508e-12   -0.0246139697402833 -0.000768706656663554  1.20671550144955e-14     0.893258210718856  -6.4733943484874e-12
-3.38958545174103e-05  0.000295238571228032    0.0136556898803959    0.0996108085711432      0.36021123703687  -8.7619215087611e-13  -1.3639057054233e-12  1.00269680457414e-11  -6.4733943484874e-12     0.775155425481668
POPULATION (lambda : 0.2): 6.92098128400396
TOTAL ENERGY: -127.185751886779	 lambda: 0.3
1RDM (lambda : 0.3): 
     1.99999979112411  2.45450953805683e-08 -1.94505588810942e-05 -6.97113586215083e-07 -0.000208471461006053 -5.40159636984823e-15 -8.91285645642344e-15 -7.28311535373007e-15  4.74826838911232e-15 -4.14360620398443e-05
 2.45450953805683e-08      1.99999934676789 -1.02205849679587e-05 -5.90274215530025e-05 -0.000256441336521975 -4.97872495729483e-15 -8.33043859269053e-15 -5.15502197266015e-15  3.38427972172857e-15  0.000274141158452302
-1.94505588810942e-05 -1.02205849679587e-05      1.99627651947864  -0.00314291069894439   -0.0522201716679493  -5.8129717895211e-13 -9.71421656113149e-13 -5.06383583314306e-13  3.27262390802051e-13    0.0124359232945865
-6.97113586215083e-07 -5.90274215530025e-05  -0.00314291069894439      1.98773527262225   -0.0642537067512007    9.403116643889e-13  1.54289462060181e-12 -2.21424366399039e-12  1.44668543653539e-12     0.101409555174128
-0.000208471461006053 -0.000256441336521975   -0.0522201716679493   -0.0642537067512007      1.18935595215889  5.83359404066635e-12   9.6230321357176e-12  1.91468290999942e-12 -1.19306665921249e-12     0.321878387528384
-5.40159636984823e-15 -4.97872495729483e-15  -5.8129717895211e-13    9.403116643889e-13  5.83359404066635e-12       1.0909633092281  2.91018599115682e-15  -0.00061152948499605   -0.0195812104688037 -3.07440465502492e-13
-8.91285645642344e-15 -8.33043859269053e-15 -9.71421656113149e-13  1.54289462060181e-12   9.6230321357176e-12  2.91018599115682e-15      1.09096330922833    0.0195812104679785 -0.000611529485022397 -4.35496345479826e-13
-7.28311535373007e-15 -5.15502197266015e-15 -5.06383583314306e-13 -2.21424366399039e-12  1.91468290999942e-12  -0.00061152948499605    0.0195812104679785     0.909240654052557  9.91674591416626e-15  8.71225879045041e-12
 4.74826838911232e-15  3.38427972172857e-15  3.27262390802051e-13  1.44668543653539e-12 -1.19306665921249e-12   -0.0195812104688037 -0.000611529485022397  9.91674591416626e-15     0.909240654052783 -5.62224207782089e-12
-4.14360620398443e-05  0.000274141158452302    0.0124359232945865     0.101409555174128     0.321878387528384 -3.07440465502492e-13 -4.35496345479826e-13  8.71225879045041e-12 -5.62224207782089e-12     0.826225191286488
POPULATION (lambda : 0.3): 6.95830656826749
TOTAL ENERGY: -127.178203156821	 lambda: 0.4
1RDM (lambda : 0.4): 
     1.99999976653618  1.98949711529979e-08 -2.03407594075534e-05 -1.97469451829985e-06 -0.000211356951389114 -5.53081505009985e-15 -9.12621883507162e-15 -7.28273702302776e-15  4.74729418572742e-15 -4.59057566613651e-05
 1.98949711529979e-08      1.99999949993525 -1.06662138471786e-05 -5.27457794379937e-05 -0.000264200348311887 -5.34330700693579e-15 -8.93288789065462e-15 -5.20489215739425e-15  3.41441474432238e-15  0.000259600650132246
-2.03407594075534e-05 -1.06662138471786e-05      1.99622209660312   -0.0036874452069841   -0.0532755162003012 -5.85066335979728e-13 -9.77859055485316e-13 -5.48713195803068e-13  3.54614080494185e-13    0.0129736264145172
-1.97469451829985e-06 -5.27457794379937e-05   -0.0036874452069841      1.98709105482578   -0.0716718209330811  8.67482151146918e-13  1.42144608601363e-12 -2.41216077359649e-12  1.57429520048475e-12      0.10197673429988
-0.000211356951389114 -0.000264200348311887   -0.0532755162003012   -0.0716718209330811      1.16104499421261  5.32317640602079e-12   8.7788656684902e-12  1.34674861537043e-12 -8.29811442176252e-13     0.300957415257556
-5.53081505009985e-15 -5.34330700693579e-15 -5.85066335979728e-13  8.67482151146918e-13  5.32317640602079e-12      1.08252732305296 -1.59580065583311e-14 -0.000527462002810253   -0.0168892762096081  1.67379097776576e-14
-9.12621883507162e-15 -8.93288789065462e-15 -9.77859055485316e-13  1.42144608601363e-12   8.7788656684902e-12 -1.59580065583311e-14      1.08252732305317    0.0168892762088739 -0.000527462002823081  9.38691293384071e-14
-7.28273702302776e-15 -5.20489215739425e-15 -5.48713195803068e-13 -2.41216077359649e-12  1.34674861537043e-12 -0.000527462002810253    0.0168892762088739     0.917650128837507 -9.46937849409524e-15  7.97288210395864e-12
 4.74729418572742e-15  3.41441474432238e-15  3.54614080494185e-13  1.57429520048475e-12 -8.29811442176252e-13   -0.0168892762096081 -0.000527462002823081 -9.46937849409524e-15     0.917650128837717 -5.14342601229627e-12
-4.59057566613651e-05  0.000259600650132246    0.0129736264145172      0.10197673429988     0.300957415257556  1.67379097776576e-14  9.38691293384071e-14  7.97288210395864e-12 -5.14342601229627e-12     0.855287684105735
POPULATION (lambda : 0.4): 6.98010123270992
TOTAL ENERGY: -127.17119389446	 lambda: 0.5
1RDM (lambda : 0.5): 
     1.99999973033677  1.84706291197459e-08 -2.16701238815667e-05 -2.62487344204777e-06 -0.000211049010619082 -5.56934323794514e-15  -9.1897794914003e-15 -7.24580363097455e-15  4.72331574573363e-15 -4.78875267362343e-05
 1.84706291197459e-08      1.99999959255667 -1.11357633682074e-05 -4.93798629529688e-05 -0.000267531778195481 -5.53599558430988e-15 -9.25102773867049e-15 -5.19253892985045e-15   3.4052714432652e-15  0.000250880715016714
-2.16701238815667e-05 -1.11357633682074e-05      1.99613719866066  -0.00419515818110759   -0.0539240674531501 -5.62083400193923e-13 -9.40148199544189e-13 -5.95985105220281e-13  3.85329726327518e-13    0.0149155930180974
-2.62487344204777e-06 -4.93798629529688e-05  -0.00419515818110759      1.98647615843108   -0.0777798290476605  8.01829440758122e-13   1.3120346733217e-12 -2.56824984239171e-12  1.67491094614009e-12     0.102127263423376
-0.000211049010619082 -0.000267531778195481   -0.0539240674531501   -0.0777798290476605      1.14472199978933  5.09691443883304e-12  8.40383810730888e-12  9.71941006923356e-13 -5.89163705316422e-13     0.294520042558148
-5.56934323794514e-15 -5.53599558430988e-15 -5.62083400193923e-13  8.01829440758122e-13  5.09691443883304e-12      1.07915255702278  -1.6527544292559e-14 -0.000484315657638952   -0.0155077297605917  2.49638030938324e-13
 -9.1897794914003e-15 -9.25102773867049e-15 -9.40148199544189e-13   1.3120346733217e-12  8.40383810730888e-12  -1.6527544292559e-14      1.07915255702307    0.0155077297598967 -0.000484315657652699  4.76041020628828e-13
-7.24580363097455e-15 -5.19253892985045e-15 -5.95985105220281e-13 -2.56824984239171e-12  9.71941006923356e-13 -0.000484315657638952    0.0155077297598967     0.921014703301112 -7.34605674148182e-15  7.65745131036578e-12
 4.72331574573363e-15   3.4052714432652e-15  3.85329726327518e-13  1.67491094614009e-12 -5.89163705316422e-13   -0.0155077297605917 -0.000484315657652699 -7.34605674148182e-15     0.921014703301407 -4.93855829700475e-12
-4.78875267362343e-05  0.000250880715016714    0.0149155930180974     0.102127263423376     0.294520042558148  2.49638030938324e-13  4.76041020628828e-13  7.65745131036578e-12 -4.93855829700475e-12     0.872330799577084
POPULATION (lambda : 0.5): 6.99573883781999
TOTAL ENERGY: -127.163294290123	 lambda: 0.6
1RDM (lambda : 0.6): 
     1.99999967483998  1.94150073079574e-08 -2.38723929283201e-05  -2.6655927165446e-06 -0.000208144697194212 -5.52915755263773e-15 -9.12331928077571e-15 -7.18508396074029e-15  4.68451042390873e-15 -4.75107877412878e-05
 1.94150073079574e-08      1.99999965205645 -1.16880823113464e-05 -4.75576251549735e-05 -0.000269851729524843 -5.61170197213577e-15 -9.37605691835087e-15 -5.20055245585834e-15   3.4099854967704e-15   0.00024727456062865
-2.38723929283201e-05 -1.16880823113464e-05       1.9959774132996  -0.00468949702680198   -0.0544482235943264 -5.16582242774969e-13 -8.65321779892669e-13 -6.55207009105307e-13  4.23917125812988e-13    0.0181911379960642
 -2.6655927165446e-06 -4.75576251549735e-05  -0.00468949702680198      1.98593324764063   -0.0832228762717045   7.4034735306196e-13  1.20958288131588e-12 -2.70266151928582e-12  1.76155250382284e-12     0.102116051388744
-0.000208144697194212 -0.000269851729524843   -0.0544482235943264   -0.0832228762717045      1.13545052822397  5.10344176219121e-12  8.41260815360666e-12  6.64068976334595e-13 -3.89905153225824e-13     0.301725076262051
-5.52915755263773e-15 -5.61170197213577e-15 -5.16582242774969e-13   7.4034735306196e-13  5.10344176219121e-12      1.07987704271848 -2.02615402052591e-15 -0.000468336025116809   -0.0149960809523561  4.70035497345397e-13
-9.12331928077571e-15 -9.37605691835087e-15 -8.65321779892669e-13  1.20958288131588e-12  8.41260815360666e-12 -2.02615402052591e-15      1.07987704271882    0.0149960809516625 -0.000468336025136915  8.40584183821096e-13
-7.18508396074029e-15 -5.20055245585834e-15 -6.55207009105307e-13 -2.70266151928582e-12  6.64068976334595e-13 -0.000468336025116809    0.0149960809516625     0.920290615071291  8.45006672399324e-15  7.70004345248493e-12
 4.68451042390873e-15   3.4099854967704e-15  4.23917125812988e-13  1.76155250382284e-12 -3.89905153225824e-13   -0.0149960809523561 -0.000468336025136915  8.45006672399324e-15     0.920290615071629  -4.9646978409138e-12
-4.75107877412878e-05   0.00024727456062865    0.0181911379960642     0.102116051388744     0.301725076262051  4.70035497345397e-13  8.40584183821096e-13  7.70004345248493e-12  -4.9646978409138e-12     0.882304168359162
POPULATION (lambda : 0.6): 7.01009191988349
TOTAL ENERGY: -127.152143547471	 lambda: 0.7
1RDM (lambda : 0.7): 
     1.99999958455262  2.23686016139464e-08 -2.78083918966254e-05 -1.96731364880185e-06 -0.000202418540180005 -5.39697151772787e-15 -8.90488396493246e-15 -7.10622071848705e-15   4.6346164864781e-15 -4.41054856063989e-05
 2.23686016139464e-08      1.99999969124114 -1.24360016092208e-05  -4.6710549511752e-05 -0.000273539693348582 -5.59605547952706e-15 -9.35066577339281e-15 -5.28828449695128e-15  3.46681292457056e-15  0.000248763748966584
-2.78083918966254e-05 -1.24360016092208e-05      1.99566302234319  -0.00518740933647099   -0.0551009032188127 -4.48210074432253e-13 -7.52850779104899e-13 -7.35417419378373e-13  4.76226386665145e-13    0.0229980987718088
-1.96731364880185e-06  -4.6710549511752e-05  -0.00518740933647099      1.98547878159428   -0.0884869443812141  6.78448215407537e-13  1.10642984130513e-12 -2.82801386008155e-12   1.8423622658005e-12     0.101997191132961
-0.000202418540180005 -0.000273539693348582   -0.0551009032188127   -0.0884869443812141      1.13030302055251  5.34126455258561e-12  8.80210765555536e-12  3.29101823395957e-13 -1.71193316909707e-13     0.324550469722953
-5.39697151772787e-15 -5.59605547952706e-15 -4.48210074432253e-13  6.78448215407537e-13  5.34126455258561e-12      1.08484954854041  1.50701896819772e-14 -0.000474365462833536   -0.0151891226891626  7.43087818662383e-13
-8.90488396493246e-15 -9.35066577339281e-15 -7.52850779104899e-13  1.10642984130513e-12  8.80210765555536e-12  1.50701896819772e-14      1.08484954854051     0.015189122688382 -0.000474365462854674  1.29523478769497e-12
-7.10622071848705e-15 -5.28828449695128e-15 -7.35417419378373e-13 -2.82801386008155e-12  3.29101823395957e-13 -0.000474365462833536     0.015189122688382      0.91532914055974  1.81206846713894e-14  8.10951275489319e-12
  4.6346164864781e-15  3.46681292457056e-15  4.76226386665145e-13   1.8423622658005e-12 -1.71193316909707e-13   -0.0151891226891626 -0.000474365462854674  1.81206846713894e-14     0.915329140559841 -5.22717205931505e-12
-4.41054856063989e-05  0.000248763748966584    0.0229980987718088     0.101997191132961     0.324550469722953  7.43087818662383e-13  1.29523478769497e-12  8.10951275489319e-12 -5.22717205931505e-12     0.888198521515771
POPULATION (lambda : 0.7): 7.02718218741022
TOTAL ENERGY: -127.13273730471	 lambda: 0.8
1RDM (lambda : 0.8): 
     1.99999942545448  2.70882508296338e-08 -3.54481312700116e-05 -1.62532907344006e-07 -0.000193069646863926 -5.12681842712263e-15 -8.45862031442601e-15 -7.02426454043918e-15  4.58369111622674e-15 -3.55537870817937e-05
 2.70882508296338e-08       1.9999997160313 -1.36069146060394e-05 -4.66392594374645e-05 -0.000281373383464401 -5.49726924983732e-15 -9.18887726907945e-15  -5.5314519358099e-15  3.62470648422505e-15  0.000256244714641227
