TOTAL ENERGY: -126.667897781933	 lambda: -1
1RDM (lambda : -1): 
     1.99999994592535  6.33327903041821e-08 -8.71245689986732e-06  8.63243347423011e-06  0.000184519605245135  -3.1151322563545e-15  1.06020102460411e-15 -4.94135142687455e-15 -1.35183984457749e-14  0.000120494885893663
 6.33327903041821e-08      1.99998970729107 -0.000664152299825212 -0.000216759317184873 -6.66779428961836e-05  1.39417927288856e-15 -5.12501084240047e-16   4.0631675756463e-15  1.15278796502483e-14  2.36109083913537e-05
-8.71245689986732e-06 -0.000664152299825212      1.94714863764352   -0.0124078427301784    0.0804703720314525  5.16184207900901e-13 -2.09004821278383e-13 -1.64173189943179e-12 -4.59894961930121e-12    0.0574894529576629
 8.63243347423011e-06 -0.000216759317184873   -0.0124078427301784      1.99301948605532   -0.0512991421036601  3.20979227011303e-13 -1.05211744559303e-13  4.36756352180926e-13  1.20554807730093e-12   -0.0216583049821838
 0.000184519605245135 -6.66779428961836e-05    0.0804703720314525   -0.0512991421036601     0.633074177453785 -6.00268741312541e-12  2.46692682252842e-12 -3.99092598976045e-12 -1.13353877530532e-11    -0.700784707774835
 -3.1151322563545e-15  1.39417927288856e-15  5.16184207900901e-13  3.20979227011303e-13 -6.00268741312541e-12      1.55015454725381  1.07507582688055e-14 -2.26248856515519e-05    0.0939815773387046   3.7525648237214e-12
 1.06020102460411e-15 -5.12501084240047e-16 -2.09004821278383e-13 -1.05211744559303e-13  2.46692682252842e-12  1.07507582688055e-14      1.55015454725801   -0.0939815773348769 -2.26248856561618e-05 -1.25723353810533e-12
-4.94135142687455e-15   4.0631675756463e-15 -1.64173189943179e-12  4.36756352180926e-13 -3.99092598976045e-12 -2.26248856515519e-05   -0.0939815773348769     0.468198985996426   9.3343416968728e-15  1.94854652114437e-11
-1.35183984457749e-14  1.15278796502483e-14 -4.59894961930121e-12  1.20554807730093e-12 -1.13353877530532e-11    0.0939815773387046 -2.26248856561618e-05   9.3343416968728e-15     0.468198986000471  5.49177287192119e-11
 0.000120494885893663  2.36109083913537e-05    0.0574894529576629   -0.0216583049821838    -0.700784707774835   3.7525648237214e-12 -1.25723353810533e-12  1.94854652114437e-11  5.49177287192119e-11      1.39006097912228
POPULATION (lambda : -1): 5.55142525094516
TOTAL ENERGY: -126.960740546396	 lambda: -0.9
1RDM (lambda : -0.9): 
     1.99999994930483  6.62078308517524e-08 -3.19839064919999e-06  8.01128326486671e-06  0.000119104416982613 -3.27030333121504e-15  1.12259122477684e-15 -2.99021727777986e-15 -8.06848385747087e-15  0.000114590286212787
 6.62078308517524e-08      1.99999234145576 -0.000507269734402113 -0.000164986783782168 -3.04799836866374e-05 -1.64000833436862e-15  5.95842004518503e-16  2.94051718299534e-15  8.36016988460983e-15 -3.75654476053973e-05
-3.19839064919999e-06 -0.000507269734402113      1.95939114343784  -0.00961570553231274    0.0536381136835867   1.5259446129936e-13 -7.06473328868927e-14 -8.47769847900832e-13 -2.37792351413577e-12    0.0400668307046857
 8.01128326486671e-06 -0.000164986783782168  -0.00961570553231274      1.99357323471514   -0.0550068071125199  3.50871122038025e-13 -1.15630129769521e-13   6.0684271772136e-13  1.68240794957519e-12   -0.0226676859965549
 0.000119104416982613 -3.04799836866374e-05    0.0536381136835867   -0.0550068071125199     0.770190503095116 -1.83867171783946e-12  8.86591035943467e-13 -6.17539553949902e-12 -1.74081232373598e-11    -0.494391311004587
-3.27030333121504e-15 -1.64000833436862e-15   1.5259446129936e-13  3.50871122038025e-13 -1.83867171783946e-12       1.4750500084284  8.81479949709186e-15 -2.04714844811946e-05    0.0850470194087181 -1.77560842729553e-12
 1.12259122477684e-15  5.95842004518503e-16 -7.06473328868927e-14 -1.15630129769521e-13  8.86591035943467e-13  8.81479949709186e-15      1.47505000843083   -0.0850470194060808  -2.0471484483518e-05  7.39834633503308e-13
-2.99021727777986e-15  2.94051718299534e-15 -8.47769847900832e-13   6.0684271772136e-13 -6.17539553949902e-12 -2.04714844811946e-05   -0.0850470194060808     0.540600871336407  7.89749060497916e-15   1.3452333116567e-11
-8.06848385747087e-15  8.36016988460983e-15 -2.37792351413577e-12  1.68240794957519e-12 -1.74081232373598e-11    0.0850470194087181  -2.0471484483518e-05  7.89749060497916e-15     0.540600871338762  3.79530097624934e-11
 0.000114590286212787 -3.75654476053973e-05    0.0400668307046857   -0.0226676859965549    -0.494391311004587 -1.77560842729553e-12  7.39834633503308e-13   1.3452333116567e-11  3.79530097624934e-11      1.24555106845696
POPULATION (lambda : -0.9): 5.85724493405275
TOTAL ENERGY: -127.046900531933	 lambda: -0.8
1RDM (lambda : -0.8): 
     1.99999995928778  4.87350495662115e-08  -5.9543134302245e-07  6.03358812637926e-06  7.16452409490795e-05 -5.47812769893899e-15  1.93136194245306e-15 -1.54080098739601e-15 -4.03907392193427e-15  7.76378304825192e-05
 4.87350495662115e-08       1.9999932288827 -0.000459383398882129  -0.00014470933825179  8.45591067006961e-06 -2.09918309860666e-15  7.54878450357635e-16  1.57849774933841e-15  4.53468161823651e-15 -2.99535677356374e-05
 -5.9543134302245e-07 -0.000459383398882129      1.96308568643775  -0.00859731209860063     0.051177987579687   -5.502508577687e-13  1.87549526342826e-13 -8.28926760731486e-13 -2.32790357461048e-12    0.0243520005620248
 6.03358812637926e-06  -0.00014470933825179  -0.00859731209860063      1.99383402738643    -0.059967868828722  6.42415108946844e-13 -2.21705684797774e-13  8.47288690103884e-13  2.35821278920913e-12   -0.0186524143136083
 7.16452409490795e-05  8.45591067006961e-06     0.051177987579687    -0.059967868828722     0.613274867370186  4.28326634487884e-12 -1.36002707169189e-12  2.34497202693768e-12  6.49900816484258e-12     -0.34743478865818
-5.47812769893899e-15 -2.09918309860666e-15   -5.502508577687e-13  6.42415108946844e-13  4.28326634487884e-12      1.34687210639119  1.69719295981737e-15 -2.05870254782212e-05    0.0855863761303844   7.3970832339253e-12
 1.93136194245306e-15  7.54878450357635e-16  1.87549526342826e-13 -2.21705684797774e-13 -1.36002707169189e-12  1.69719295981737e-15      1.34687210639938   -0.0855863761273818 -2.05870254759816e-05 -2.66188172215795e-12
-1.54080098739601e-15  1.57849774933841e-15 -8.28926760731486e-13  8.47288690103884e-13  2.34497202693768e-12 -2.05870254782212e-05   -0.0855863761273818     0.664221376288899 -2.67188136103043e-16  8.88972165669817e-12
-4.03907392193427e-15  4.53468161823651e-15 -2.32790357461048e-12  2.35821278920913e-12  6.49900816484258e-12    0.0855863761303844 -2.05870254759816e-05 -2.67188136103043e-16     0.664221376296792   2.5179243325991e-11
 7.76378304825192e-05 -2.99535677356374e-05    0.0243520005620248   -0.0186524143136083     -0.34743478865818   7.3970832339253e-12 -2.66188172215795e-12  8.88972165669817e-12   2.5179243325991e-11      1.40762526525891
POPULATION (lambda : -0.8): 5.95748989664452
TOTAL ENERGY: -127.07227013025	 lambda: -0.7
1RDM (lambda : -0.7): 
     1.99999996877714  3.44824622002366e-08  6.55757751291861e-07  4.15629849866787e-06  3.89056219076694e-05 -1.77315305554732e-15  6.15253151257154e-16 -1.08301546650199e-14 -3.00430680724516e-14   4.2744260363549e-05
 3.44824622002366e-08      1.99999352683673 -0.000444354325971314 -0.000136508608532465  2.73662724613151e-05 -1.33195003688721e-14  4.73405187909939e-15  6.83317062137046e-15  1.92123238851868e-14  -4.1309534251634e-06
 6.55757751291861e-07 -0.000444354325971314      1.96417677709008  -0.00816999346605439    0.0551327820952056  -4.5137429303983e-12  1.60055602557937e-12 -3.34348917178043e-12 -9.39273416204145e-12    0.0165079625315165
 4.15629849866787e-06 -0.000136508608532465  -0.00816999346605439      1.99401542771071   -0.0643574960721199  7.29517564967391e-12 -2.59576045271519e-12  7.88143109080578e-13  2.20468181949932e-12   -0.0145076283299313
 3.89056219076694e-05  2.73662724613151e-05    0.0551327820952056   -0.0643574960721199     0.406763036545228  2.19462709618293e-10 -7.81209071826225e-11  1.23881689629659e-10  3.47509789341291e-10    -0.297843737121851
-1.77315305554732e-15 -1.33195003688721e-14  -4.5137429303983e-12  7.29517564967391e-12  2.19462709618293e-10      1.21978194191029 -1.25918791284278e-14 -2.07386844506673e-05    0.0861505684582661    3.219841283159e-10
 6.15253151257154e-16  4.73405187909939e-15  1.60055602557937e-12 -2.59576045271519e-12 -7.81209071826225e-11 -1.25918791284278e-14      1.21978194191277   -0.0861505684570224 -2.07386844469309e-05 -1.15064829568594e-10
-1.08301546650199e-14  6.83317062137046e-15 -3.34348917178043e-12  7.88143109080578e-13  1.23881689629659e-10 -2.07386844506673e-05   -0.0861505684570224     0.786834476886244 -1.27754413393277e-14 -6.96756894009578e-11
-3.00430680724516e-14  1.92123238851868e-14 -9.39273416204145e-12  2.20468181949932e-12  3.47509789341291e-10    0.0861505684582661 -2.07386844469309e-05 -1.27754413393277e-14     0.786834476888646 -1.95130799925601e-10
  4.2744260363549e-05  -4.1309534251634e-06    0.0165079625315165   -0.0145076283299313    -0.297843737121851    3.219841283159e-10 -1.15064829568594e-10 -6.96756894009578e-11 -1.95130799925601e-10      1.62181842544214
POPULATION (lambda : -0.7): 5.990942940625
TOTAL ENERGY: -127.081435032183	 lambda: -0.6
1RDM (lambda : -0.6): 
     1.99999997309051   2.8128491225565e-08  1.31318245604831e-06  3.14986678736551e-06  1.94271860117643e-05 -1.12819655667876e-14  4.03397254454749e-15  9.11301781416963e-16  2.78594081057731e-15  2.33197842850067e-05
  2.8128491225565e-08      1.99999364171797 -0.000438070422559046 -0.000133431641214149  3.07775051486306e-05  1.83785774598485e-15 -6.69501400987595e-16 -5.34638777320041e-17 -4.47256735766586e-17  1.25054420382896e-05
 1.31318245604831e-06 -0.000438070422559046      1.96465861202942  -0.00807317950280062    0.0571990267776785 -8.22048923181159e-13  2.89803495746261e-13 -8.55897365675252e-13 -2.40341088793168e-12    0.0138979966245055
 3.14986678736551e-06 -0.000133431641214149  -0.00807317950280062      1.99423694040958    -0.064738124404581  6.20395415367373e-13 -2.17185260102482e-13  1.13333614039428e-12  3.16278586332596e-12   -0.0123855103533293
 1.94271860117643e-05  3.07775051486306e-05    0.0571990267776785    -0.064738124404581     0.289692297658622 -9.60068872781338e-12  3.57593020266576e-12  7.83776858550584e-12  2.18715322328482e-11    -0.296684424268741
-1.12819655667876e-14  1.83785774598485e-15 -8.22048923181159e-13  6.20395415367373e-13 -9.60068872781338e-12      1.14654794278592  3.64622990406632e-15 -1.95085494637902e-05    0.0810474534204943 -3.95764289929484e-12
 4.03397254454749e-15 -6.69501400987595e-16  2.89803495746261e-13 -2.17185260102482e-13  3.57593020266576e-12  3.64622990406632e-15      1.14654794278742   -0.0810474534197917 -1.95085494633172e-05  1.16073066490029e-12
 9.11301781416963e-16 -5.34638777320041e-17 -8.55897365675252e-13  1.13333614039428e-12  7.83776858550584e-12 -1.95085494637902e-05   -0.0810474534197917      0.85756706439389  3.15663114042897e-15  1.45917237183251e-11
 2.78594081057731e-15 -4.47256735766586e-17 -2.40341088793168e-12  3.16278586332596e-12  2.18715322328482e-11    0.0810474534204943 -1.95085494633172e-05  3.15663114042897e-15     0.857567064395357  4.12036966856996e-11
 2.33197842850067e-05  1.25054420382896e-05    0.0138979966245055   -0.0123855103533293    -0.296684424268741 -3.95764289929484e-12  1.16073066490029e-12  1.45917237183251e-11  4.12036966856996e-11      1.74318852073131
POPULATION (lambda : -0.6): 6.00493092090454
TOTAL ENERGY: -127.087126915937	 lambda: -0.5
1RDM (lambda : -0.5): 
     1.99999997367214  2.71674050571186e-08  1.87859337734164e-06  2.76062919784746e-06    6.431979070194e-06 -9.78621234598006e-15  3.50647783681571e-15  4.80525705421707e-16  1.57060201633897e-15  1.26147268286197e-05
 2.71674050571186e-08      1.99999371086395 -0.000433135289866205 -0.000132359714007442  2.44799471241927e-05 -7.22592578854243e-16    2.404634196813e-16  6.87346499857018e-16  2.03096512385974e-15   2.1961665021971e-05
 1.87859337734164e-06 -0.000433135289866205      1.96511546818063  -0.00814659490668906    0.0571349449876853   -1.296002614035e-12  4.59228543450341e-13 -1.13756870206298e-12 -3.19334403134592e-12    0.0135622957409093
 2.76062919784746e-06 -0.000132359714007442  -0.00814659490668906      1.99449960852364   -0.0621207340147501  1.05489968543666e-12 -3.72792625362562e-13  1.08509361539446e-12  3.02821505702301e-12   -0.0114938738917994
   6.431979070194e-06  2.44799471241927e-05    0.0571349449876853   -0.0621207340147501     0.237686538748421  7.02054911757676e-12 -2.34537280702538e-12  2.08254778702647e-11  5.82867249104177e-11     -0.31837760303287
-9.78621234598006e-15 -7.22592578854243e-16   -1.296002614035e-12  1.05489968543666e-12  7.02054911757676e-12      1.11035343533926 -9.31926266256923e-14 -1.89132282553137e-05     0.078566612350796  3.01494227331567e-11
 3.50647783681571e-15    2.404634196813e-16  4.59228543450341e-13 -3.72792625362562e-13 -2.34537280702538e-12 -9.31926266256923e-14       1.1103534353395   -0.0785666123503066 -1.89132282664764e-05 -1.10470205586354e-11
 4.80525705421707e-16  6.87346499857018e-16 -1.13756870206298e-12  1.08509361539446e-12  2.08254778702647e-11 -1.89132282553137e-05   -0.0785666123503066     0.892526988509741  -9.0111783903919e-14   8.1481985757504e-12
 1.57060201633897e-15  2.03096512385974e-15 -3.19334403134592e-12  3.02821505702301e-12  5.82867249104177e-11     0.078566612350796 -1.89132282664764e-05  -9.0111783903919e-14     0.892526988509993  2.31294305209988e-11
 1.26147268286197e-05   2.1961665021971e-05    0.0135622957409093   -0.0114938738917994     -0.31837760303287  3.01494227331567e-11 -1.10470205586354e-11   8.1481985757504e-12  2.31294305209988e-11      1.79694385231272
POPULATION (lambda : -0.5): 6.01528715635099
TOTAL ENERGY: -127.09348396338	 lambda: -0.4
1RDM (lambda : -0.4): 
     1.99999997192966  2.98933492064069e-08  2.57632379291297e-06  2.78251058096248e-06  -4.2276147192104e-06 -8.38329182284404e-15  3.01127644995093e-15  9.32496542893989e-16  2.83733097116332e-15    4.576992076649e-06
 2.98933492064069e-08      1.99999379239665 -0.000426143146570519 -0.000131823571524657  9.10588534809445e-06 -4.26922848836225e-15  1.50027398812753e-15  1.40894448891894e-15  4.05431591692557e-15  2.81599170432598e-05
 2.57632379291297e-06 -0.000426143146570519      1.96580513123736  -0.00829958743803822    0.0554165680482332 -1.88821027943128e-12  6.69714626989518e-13 -1.30004693742001e-12  -3.6506468604002e-12    0.0144277746089726
 2.78251058096248e-06 -0.000131823571524657  -0.00829958743803822      1.99478981352632   -0.0574382956477345   1.2367143232693e-12 -4.37791848539859e-13  9.87055054061662e-13  2.75437636134713e-12   -0.0111026602627936
 -4.2276147192104e-06  9.10588534809445e-06    0.0554165680482332   -0.0574382956477345     0.221256145208884  1.57529992565624e-11 -5.43379762854766e-12   2.9042036555371e-11  8.13753170172205e-11    -0.359875635715183
-8.38329182284404e-15 -4.26922848836225e-15 -1.88821027943128e-12   1.2367143232693e-12  1.57529992565624e-11      1.09225169676265  1.83670251830682e-15 -1.96080535294589e-05    0.0814507567001539  5.09898391759552e-11
 3.01127644995093e-15  1.50027398812753e-15  6.69714626989518e-13 -4.37791848539859e-13 -5.43379762854766e-12  1.83670251830682e-15      1.09225169676345   -0.0814507566997969 -1.96080535311057e-05 -1.84816140209167e-11
 9.32496542893989e-16  1.40894448891894e-15 -1.30004693742001e-12  9.87055054061662e-13   2.9042036555371e-11 -1.96080535294589e-05   -0.0814507566997969     0.909958237654321  1.42556117291965e-15  5.90537721122719e-12
 2.83733097116332e-15  4.05431591692557e-15  -3.6506468604002e-12  2.75437636134713e-12  8.13753170172205e-11    0.0814507567001539 -1.96080535311057e-05  1.42556117291965e-15     0.909958237655115   1.6817299810153e-11
   4.576992076649e-06  2.81599170432598e-05    0.0144277746089726   -0.0111026602627936    -0.359875635715183  5.09898391759552e-11 -1.84816140209167e-11  5.90537721122719e-12   1.6817299810153e-11      1.81373527686564
POPULATION (lambda : -0.4): 6.029557386039
TOTAL ENERGY: -127.103642466229	 lambda: -0.3
1RDM (lambda : -0.3): 
     1.99999996823418  3.66049127012341e-08  3.60841334664735e-06   3.2476771792299e-06 -1.39188021378305e-05 -1.03347082098847e-14  3.71005749452759e-15  1.09413848729573e-15  3.28570705448501e-15 -4.90560529164657e-06
 3.66049127012341e-08      1.99999395790371  -0.00041187046821617 -0.000130416324396668 -2.07661439532034e-05  1.16752639892335e-16 -6.21669073528203e-17  2.09304955375459e-15  5.96916949166682e-15  3.16626254777928e-05
 3.60841334664735e-06  -0.00041187046821617      1.96715450013073  -0.00846025493958067    0.0513745631455084 -1.14589830837238e-12  4.04783032233753e-13 -9.66383183954959e-13 -2.71302303416698e-12    0.0164361479206079
  3.2476771792299e-06 -0.000130416324396668  -0.00846025493958067       1.9950841287084   -0.0508990780508321  9.58832914325282e-13 -3.39242869377359e-13  7.49400759804692e-13  2.08830185962998e-12   -0.0107370812747995
-1.39188021378305e-05 -2.07661439532034e-05    0.0513745631455084   -0.0508990780508321     0.235730761054211  3.30297844378585e-12 -9.71187246779154e-13  2.17894763940241e-11   6.0961054348022e-11    -0.431753103960491
-1.03347082098847e-14  1.16752639892335e-16 -1.14589830837238e-12  9.58832914325282e-13  3.30297844378585e-12       1.0835555175303  3.83508619434019e-15  -2.2056841354936e-05    0.0916620601208266   3.3539697490669e-11
 3.71005749452759e-15 -6.21669073528203e-17  4.04783032233753e-13 -3.39242869377359e-13 -9.71187246779154e-13  3.83508619434019e-15      1.08355551753157   -0.0916620601207419 -2.20568413519472e-05 -1.22691278202184e-11
 1.09413848729573e-15  2.09304955375459e-15 -9.66383183954959e-13  7.49400759804692e-13  2.17894763940241e-11  -2.2056841354936e-05   -0.0916620601207419     0.918217048081265  3.41899139498017e-15  1.12696611044063e-11
 3.28570705448501e-15  5.96916949166682e-15 -2.71302303416698e-12  2.08830185962998e-12   6.0961054348022e-11    0.0916620601208266 -2.20568413519472e-05  3.41899139498017e-15     0.918217048082504     3.18884153723e-11
-4.90560529164657e-06  3.16626254777928e-05    0.0164361479206079   -0.0107370812747995    -0.431753103960491   3.3539697490669e-11 -1.22691278202184e-11  1.12696611044063e-11     3.18884153723e-11      1.79849155274315
POPULATION (lambda : -0.3): 6.05919855227639
TOTAL ENERGY: -127.124374855733	 lambda: -0.2
1RDM (lambda : -0.2): 
     1.99999996269095  4.95022331719932e-08  5.34367786513596e-06   4.4607104263937e-06 -2.06054080988842e-05 -1.10688169920093e-14  3.97832356424962e-15  1.38585673113635e-15  4.09865439053443e-15 -2.19116067299627e-05
 4.95022331719932e-08      1.99999445848573 -0.000371769249593369 -0.000123239281277957 -8.15533923327788e-05  7.81322715568134e-16 -2.95360795462282e-16  3.94982608300516e-15  1.11698130611659e-14  2.40800091486506e-05
 5.34367786513596e-06 -0.000371769249593369      1.97066280124421  -0.00839664281587873    0.0410300661711714 -8.79278595289228e-13  3.08508071510092e-13 -6.39965186037033e-13 -1.79796708684021e-12    0.0198483579046648
  4.4607104263937e-06 -0.000123239281277957  -0.00839664281587873      1.99530279257072    -0.042970723790021  9.46978702001166e-13 -3.35819987284932e-13  5.05283417257376e-13  1.40484924531741e-12  -0.00930869932471935
-2.06054080988842e-05 -8.15533923327788e-05    0.0410300661711714    -0.042970723790021     0.314195871404965 -1.13898068422724e-12    6.654408183831e-13  1.94341467979052e-11  5.43369785510104e-11    -0.558516347270159
-1.10688169920093e-14  7.81322715568134e-16 -8.79278595289228e-13  9.46978702001166e-13 -1.13898068422724e-12      1.07973393818535 -4.85739865146964e-16 -2.70420307105745e-05     0.112331756977766  3.18659325684746e-11
 3.97832356424962e-15 -2.95360795462282e-16  3.08508071510092e-13 -3.35819987284932e-13    6.654408183831e-13 -4.85739865146964e-16      1.07973393818561    -0.112331756977231 -2.70420307107031e-05 -1.16351559395063e-11
 1.38585673113635e-15  3.94982608300516e-15 -6.39965186037033e-13  5.05283417257376e-13  1.94341467979052e-11 -2.70420307105745e-05    -0.112331756977231     0.921633403229657 -5.41763377855317e-16  1.49718454124134e-11
 4.09865439053443e-15  1.11698130611659e-14 -1.79796708684021e-12  1.40484924531741e-12  5.43369785510104e-11     0.112331756977766 -2.70420307107031e-05 -5.41763377855317e-16     0.921633403229917  4.22639500554157e-11
-2.19116067299627e-05  2.40800091486506e-05    0.0198483579046648  -0.00930869932471935    -0.558516347270159  3.18659325684746e-11 -1.16351559395063e-11  1.49718454124134e-11  4.22639500554157e-11      1.71710943077289
POPULATION (lambda : -0.2): 6.14555023950928
TOTAL ENERGY: -127.165894215026	 lambda: -0.1
1RDM (lambda : -0.1): 
     1.99999995825755  6.42710060704079e-08  7.49457021876636e-06  6.61284413762446e-06 -9.45704823317034e-06 -1.24437264335971e-14  4.48002767484242e-15  1.13512363505801e-15  3.38459231837905e-15 -5.18103233963476e-05
 6.42710060704079e-08      1.99999624672846 -0.000240609351260799 -8.87327262489865e-05 -0.000180548473868489 -8.70279641631893e-16  3.27532285917677e-16  7.08273998297644e-15  1.99285462123402e-14 -4.68221247125354e-05
 7.49457021876636e-06 -0.000240609351260799      1.98126336987262  -0.00701620329455286    0.0101342342629813 -4.87603053211701e-13  1.69556562382524e-13  3.06396106199969e-13   8.5358372968987e-13    0.0205498361837237
 6.61284413762446e-06 -8.87327262489865e-05  -0.00701620329455286      1.99517806507074   -0.0403794945931354  1.22284882234089e-12  -4.3739182081648e-13  4.25140063590949e-13  1.18220770925218e-12  -0.00220290140282991
-9.45704823317034e-06 -0.000180548473868489    0.0101342342629813   -0.0403794945931354     0.585824411481165 -8.41165753759323e-12  3.30591449397195e-12  1.17334429954728e-11  3.27285298917023e-11    -0.686084370181091
-1.24437264335971e-14 -8.70279641631893e-16 -4.87603053211701e-13  1.22284882234089e-12 -8.41165753759323e-12      1.06905211800862 -5.86872646633202e-16 -3.10432000697262e-05      0.12895735437472  2.37527199290221e-11
 4.48002767484242e-15  3.27532285917677e-16  1.69556562382524e-13  -4.3739182081648e-13  3.30591449397195e-12 -5.86872646633202e-16      1.06905211800928    -0.128957354374462 -3.10432000703665e-05 -8.62336404759788e-12
 1.13512363505801e-15  7.08273998297644e-15  3.06396106199969e-13  4.25140063590949e-13  1.17334429954728e-11 -3.10432000697262e-05    -0.128957354374462     0.931719835509688 -7.40576590288369e-16  1.88105954155326e-11
 3.38459231837905e-15  1.99285462123402e-14   8.5358372968987e-13  1.18220770925218e-12  3.27285298917023e-11      0.12895735437472 -3.10432000703665e-05 -7.40576590288369e-16     0.931719835510348  5.29706775796868e-11
-5.18103233963476e-05 -4.68221247125354e-05    0.0205498361837237  -0.00220290140282991    -0.686084370181091  2.37527199290221e-11 -8.62336404759788e-12  1.88105954155326e-11  5.29706775796868e-11      1.43619404155155
POPULATION (lambda : -0.1): 6.43958823670638
TOTAL ENERGY: -127.186553895526	 lambda: 0
1RDM (lambda : 0): 
     1.99999995950153  5.18797515841742e-08  6.43066041438639e-06  7.13330554732531e-06  1.89560834920726e-05 -1.33328841916366e-14  4.80223595342411e-15  1.11463037850291e-16  5.09577396362436e-16 -5.72923824539861e-05
 5.18797515841742e-08      1.99999859811069 -8.11732079012343e-05  -3.6023625780867e-05 -0.000182256938955291 -5.62874398534335e-15  2.08053767419961e-15  7.21495988266662e-15  2.02650673098838e-14 -0.000171752085807537
 6.43066041438639e-06 -8.11732079012343e-05      1.99329782233078  -0.00449373784393909   -0.0259059571713916 -4.42182701289569e-13  1.59787427539802e-13  1.39221277886435e-12  3.89348810067954e-12   0.00812304489304923
 7.13330554732531e-06  -3.6023625780867e-05  -0.00449373784393909      1.99487898148582   -0.0515175685042021  1.72742405927493e-12 -6.21976697700076e-13  7.86909520247672e-13  2.19820815793375e-12   0.00868638786867167
 1.89560834920726e-05 -0.000182256938955291   -0.0259059571713916   -0.0515175685042021     0.899462373850082 -9.88144257114299e-12  3.74868315114215e-12  2.69016884204854e-12  7.42664163948792e-12    -0.516586004986599
-1.33328841916366e-14 -5.62874398534335e-15 -4.42182701289569e-13  1.72742405927493e-12 -9.88144257114299e-12      1.04044078992038 -4.59882396298365e-16 -2.20567652054679e-05    0.0916263783904847  1.00721958471979e-11
 4.80223595342411e-15  2.08053767419961e-15  1.59787427539802e-13 -6.21976697700076e-13  3.74868315114215e-12 -4.59882396298365e-16      1.04044078992075   -0.0916263783901834 -2.20567652063155e-05 -3.61715479124941e-12
 1.11463037850291e-16  7.21495988266662e-15  1.39221277886435e-12  7.86909520247672e-13  2.69016884204854e-12 -2.20567652054679e-05   -0.0916263783901834     0.959820529430059 -5.46054396464812e-16  1.43915955258383e-11
 5.09577396362436e-16  2.02650673098838e-14  3.89348810067954e-12  2.19820815793375e-12  7.42664163948792e-12    0.0916263783904847 -2.20567652063155e-05 -5.46054396464812e-16     0.959820529430427  4.04633446186257e-11
-5.72923824539861e-05 -0.000171752085807537   0.00812304489304923   0.00868638786867167    -0.516586004986599  1.00721958471979e-11 -3.61715479124941e-12  1.43915955258383e-11  4.04633446186257e-11      1.11183962601951
POPULATION (lambda : 0): 6.8108326026833
TOTAL ENERGY: -127.181741942214	 lambda: 0.1
1RDM (lambda : 0.1): 
     1.99999995877351  3.72579746293462e-08  4.77241904255627e-06  6.64939296424588e-06  3.05248884589892e-05 -1.32406327957559e-14  4.76741948782693e-15 -3.82888838169275e-16 -8.73203577875151e-16  -4.6763274432469e-05
 3.72579746293462e-08      1.99999941154078 -3.11387904866471e-05 -1.59589356883514e-05 -0.000139335208153331 -7.79610324521895e-15  2.87206530353506e-15  5.90864121102315e-15  1.65927006285573e-14 -0.000214728647093824
 4.77241904255627e-06 -3.11387904866471e-05      1.99676529397953  -0.00340891731243618   -0.0369438205806699 -6.54438370971984e-13  2.40276197394477e-13  1.71761716239983e-12  4.80325619947747e-12  -0.00225188131226781
 6.64939296424588e-06 -1.59589356883514e-05  -0.00340891731243618      1.99489709128172   -0.0580552381232564  1.90243856033055e-12 -6.85976375940979e-13  1.00217519384641e-12  2.80203195889946e-12    0.0124314433177151
 3.05248884589892e-05 -0.000139335208153331   -0.0369438205806699   -0.0580552381232564     0.989409251386097 -7.52103774640038e-12  2.83064886958026e-12  1.46326211963148e-13  3.36383631751595e-13    -0.344767934726922
-1.32406327957559e-14 -7.79610324521895e-15 -6.54438370971984e-13  1.90243856033055e-12 -7.52103774640038e-12      1.02439682626036 -2.76032923626021e-16 -1.44076268423664e-05    0.0598509564835469  4.69722262683075e-12
 4.76741948782693e-15  2.87206530353506e-15  2.40276197394477e-13 -6.85976375940979e-13  2.83064886958026e-12 -2.76032923626021e-16       1.0243968262607   -0.0598509564835667 -1.44076268429864e-05 -1.66863756392915e-12
-3.82888838169275e-16  5.90864121102315e-15  1.71761716239983e-12  1.00217519384641e-12  1.46326211963148e-13 -1.44076268423664e-05   -0.0598509564835667      0.97572383990444 -3.57373061860083e-16  9.65595614392878e-12
-8.73203577875151e-16  1.65927006285573e-14  4.80325619947747e-12  2.80203195889946e-12  3.36383631751595e-13    0.0598509564835469 -1.44076268429864e-05 -3.57373061860083e-16     0.975723839904779  2.71327345498543e-11
 -4.6763274432469e-05 -0.000214728647093824  -0.00225188131226781    0.0124314433177151    -0.344767934726922  4.69722262683075e-12 -1.66863756392915e-12  9.65595614392878e-12  2.71327345498543e-11      1.01868766070813
POPULATION (lambda : 0.1): 6.93349272475711
TOTAL ENERGY: -127.176573332808	 lambda: 0.2
1RDM (lambda : 0.2): 
     1.99999995546202  3.00462198786598e-08  3.90990265789135e-06   6.4190131707115e-06  3.45113836046711e-05  -1.3083590385868e-14  4.70967506031084e-15 -5.72060571378081e-16 -1.39976696685526e-15 -3.96155482904397e-05
 3.00462198786598e-08       1.9999996661781 -1.73549353305209e-05 -9.43999482067894e-06 -0.000114386778620092 -8.35567159540468e-15  3.07428739753853e-15  5.13701376394006e-15  1.44283192695722e-14 -0.000221377287487682
 3.90990265789135e-06 -1.73549353305209e-05      1.99760221841524   -0.0029831558383622   -0.0399411976417018 -8.28413169565452e-13  3.05024704146482e-13  1.80456539173469e-12  5.04567250822427e-12  -0.00831405169165193
  6.4190131707115e-06 -9.43999482067894e-06   -0.0029831558383622      1.99502162483583   -0.0601250136138062  1.93429124561873e-12  -6.9768790503293e-13   1.0726484920246e-12  2.99958983800081e-12    0.0132385679330127
 3.45113836046711e-05 -0.000114386778620092   -0.0399411976417018   -0.0601250136138062      1.01197761188057 -5.99690138191202e-12  2.25040117090986e-12 -4.72886781634316e-13 -1.38034916098388e-12    -0.260781163028538
 -1.3083590385868e-14 -8.35567159540468e-15 -8.28413169565452e-13  1.93429124561873e-12 -5.99690138191202e-12      1.01768388204014 -3.14842251630254e-16 -1.08331628840703e-05     0.045002308358979  2.87001685956612e-12
 4.70967506031084e-15  3.07428739753853e-15  3.05024704146482e-13  -6.9768790503293e-13  2.25040117090986e-12 -3.14842251630254e-16       1.0176838820404   -0.0450023083590065 -1.08331628850761e-05 -1.01071942578232e-12
-5.72060571378081e-16  5.13701376394006e-15  1.80456539173469e-12   1.0726484920246e-12 -4.72886781634316e-13 -1.08331628840703e-05   -0.0450023083590065     0.982399588465938 -3.76713853352975e-16  7.31514200792875e-12
-1.39976696685526e-15  1.44283192695722e-14  5.04567250822427e-12  2.99958983800081e-12 -1.38034916098388e-12     0.045002308358979 -1.08331628850761e-05 -3.76713853352975e-16     0.982399588466197  2.05500648138588e-11
-3.96155482904397e-05 -0.000221377287487682  -0.00831405169165193    0.0132385679330127    -0.260781163028538  2.87001685956612e-12 -1.01071942578232e-12  7.31514200792875e-12  2.05500648138588e-11     0.995231982215613
POPULATION (lambda : 0.2): 6.97002484012123
TOTAL ENERGY: -127.172981147433	 lambda: 0.3
1RDM (lambda : 0.3): 
     1.99999995014769  2.64648301118516e-08  3.46092415040653e-06  6.42498868655456e-06  3.64510211798318e-05 -1.29672331945141e-14  4.66698707476449e-15 -6.65725084495992e-16  -1.6588117112389e-15  -3.5114062873025e-05
 2.64648301118516e-08      1.99999977254028 -1.24071386209142e-05 -6.76591445475541e-06 -0.000100839862090379 -8.41413437917128e-15  3.09375147474993e-15  4.71357719657554e-15  1.32421859443897e-14 -0.000218552778397459
 3.46092415040653e-06 -1.24071386209142e-05      1.99783923277491  -0.00275319844681706   -0.0410104775640795 -9.61840533015294e-13  3.54414130420007e-13  1.83564467060406e-12  5.13190087527342e-12   -0.0124145610935957
 6.42498868655456e-06 -6.76591445475541e-06  -0.00275319844681706      1.99517693216615   -0.0604367726176003  1.92454575957904e-12 -6.94227589161983e-13  1.08591654726334e-12   3.0367295070712e-12    0.0132319481903225
 3.64510211798318e-05 -0.000100839862090379   -0.0410104775640795   -0.0604367726176003      1.01983165300315 -5.15437047086485e-12  1.93134224549945e-12 -6.82427330684603e-13 -1.95817943130799e-12    -0.218026092734439
-1.29672331945141e-14 -8.41413437917128e-15 -9.61840533015294e-13  1.92454575957904e-12 -5.15437047086485e-12      1.01446429615135 -1.88995535622801e-16 -9.05098817947399e-06    0.0375988581239404  2.07520161665866e-12
 4.66698707476449e-15  3.09375147474993e-15  3.54414130420007e-13 -6.94227589161983e-13  1.93134224549945e-12 -1.88995535622801e-16      1.01446429615153   -0.0375988581238914 -9.05098817998601e-06 -7.25618584003503e-13
-6.65725084495992e-16  4.71357719657554e-15  1.83564467060406e-12  1.08591654726334e-12 -6.82427330684603e-13 -9.05098817947399e-06   -0.0375988581238914     0.985606047446451 -2.33154307623214e-16  6.11827551462865e-12
 -1.6588117112389e-15  1.32421859443897e-14  5.13190087527342e-12   3.0367295070712e-12 -1.95817943130799e-12    0.0375988581239404 -9.05098817998601e-06 -2.33154307623214e-16     0.985606047446635  1.71854809956652e-11
 -3.5114062873025e-05 -0.000218552778397459   -0.0124145610935957    0.0132319481903225    -0.218026092734439  2.07520161665866e-12 -7.25618584003503e-13  6.11827551462865e-12  1.71854809956652e-11     0.987011772171902
POPULATION (lambda : 0.3): 6.98476316325155
TOTAL ENERGY: -127.170315557233	 lambda: 0.4
1RDM (lambda : 0.4): 
     1.99999994248517  2.47201254653552e-08  3.21703280217215e-06  6.62612324624599e-06   3.7759995018306e-05 -1.28789627003671e-14  4.63459594888894e-15 -7.24320450717943e-16 -1.81970102851967e-15 -3.19487039938693e-05
 2.47201254653552e-08      1.99999982748875 -1.02524774371068e-05 -5.46684784728903e-06 -9.32043539747911e-05 -8.30863612280454e-15  3.05373954953241e-15  4.47247429912318e-15  1.25676807821043e-14 -0.000213305224311944
 3.21703280217215e-06 -1.02524774371068e-05       1.9979013451657  -0.00259243126550008   -0.0414642651166982 -1.07078266947408e-12  3.94638625509893e-13  1.84936893458262e-12  5.16967578610368e-12   -0.0155490497193035
 6.62612324624599e-06 -5.46684784728903e-06  -0.00259243126550008      1.99535038080179   -0.0598677364742716  1.89808359992875e-12 -6.84688881109376e-13  1.07062398023322e-12  2.99380612148974e-12    0.0129340216066828
  3.7759995018306e-05 -9.32043539747911e-05   -0.0414642651166982   -0.0598677364742716       1.0238154065926 -4.70459478660505e-12  1.76118304884701e-12 -7.89176192862175e-13  -2.2524059176633e-12    -0.195592127719132
-1.28789627003671e-14 -8.30863612280454e-15 -1.07078266947408e-12  1.89808359992875e-12 -4.70459478660505e-12      1.01280340868551 -1.69693789863241e-16 -8.13056842487408e-06    0.0337753212055557   1.6620177956045e-12
 4.63459594888894e-15  3.05373954953241e-15  3.94638625509893e-13 -6.84688881109376e-13  1.76118304884701e-12 -1.69693789863241e-16      1.01280340868565   -0.0337753212054496  -8.1305684253386e-06 -5.77444178024762e-13
-7.24320450717943e-16  4.47247429912318e-15  1.84936893458262e-12  1.07062398023322e-12 -7.89176192862175e-13 -8.13056842487408e-06   -0.0337753212054496     0.987261457698146 -2.03362404847376e-16  5.48900112088201e-12
-1.81970102851967e-15  1.25676807821043e-14  5.16967578610368e-12  2.99380612148974e-12  -2.2524059176633e-12    0.0337753212055557  -8.1305684253386e-06 -2.03362404847376e-16     0.987261457698287  1.54165994580869e-11
-3.19487039938693e-05 -0.000213305224311944   -0.0155490497193035    0.0129340216066828    -0.195592127719132   1.6620177956045e-12 -5.77444178024762e-13  5.48900112088201e-12  1.54165994580869e-11     0.982803364698424
POPULATION (lambda : 0.4): 6.99247486454001
TOTAL ENERGY: -127.168027182899	 lambda: 0.5
1RDM (lambda : 0.5): 
     1.99999993142386  2.41074227272304e-08  3.08363768762465e-06  7.04281584089845e-06  3.88689791781467e-05 -1.28041565194426e-14  4.60709519807631e-15 -7.67683176388793e-16 -1.93795111303394e-15 -2.94090763145353e-05
 2.41074227272304e-08      1.99999986008914 -9.19547644257337e-06  -4.7698351041093e-06 -8.89760205443781e-05 -8.15287398386923e-15  2.99572680425242e-15  4.33744284737542e-15  1.21905281759634e-14 -0.000207811908205114
 3.08363768762465e-06 -9.19547644257337e-06      1.99790390126975  -0.00245602938482677   -0.0416493566614009 -1.16579377230354e-12  4.29662325094057e-13  1.85572491111034e-12  5.18689740257249e-12   -0.0181590258565211
 7.04281584089845e-06  -4.7698351041093e-06  -0.00245602938482677      1.99554095787553   -0.0586885818441774  1.86146984360905e-12 -6.71473638047295e-13  1.03573567222301e-12  2.89596209283379e-12    0.0124873493202824
 3.88689791781467e-05 -8.89760205443781e-05   -0.0416493566614009   -0.0586885818441774      1.02693472899492 -4.51141913715502e-12  1.68775950641187e-12 -8.77162735650723e-13 -2.49668469163962e-12    -0.185269814012017
-1.28041565194426e-14 -8.15287398386923e-15 -1.16579377230354e-12  1.86146984360905e-12 -4.51141913715502e-12      1.01201085724239 -1.73785008396655e-16 -7.71844130313337e-06    0.0320633042937752   1.4218295937973e-12
 4.60709519807631e-15  2.99572680425242e-15  4.29662325094057e-13 -6.71473638047295e-13  1.68775950641187e-12 -1.73785008396655e-16      1.01201085724254   -0.0320633042936974 -7.71844130365644e-06 -4.90832904471557e-13
-7.67683176388793e-16  4.33744284737542e-15  1.85572491111034e-12  1.03573567222301e-12 -8.77162735650723e-13 -7.71844130313337e-06   -0.0320633042936974     0.988051774318911 -2.08268437569845e-16  5.19939582491801e-12
-1.93795111303394e-15  1.21905281759634e-14  5.18689740257249e-12  2.89596209283379e-12 -2.49668469163962e-12    0.0320633042937752 -7.71844130365644e-06 -2.08268437569845e-16     0.988051774319054  1.46022368322786e-11
-2.94090763145353e-05 -0.000207811908205114   -0.0181590258565211    0.0124873493202824    -0.185269814012017   1.4218295937973e-12 -4.90832904471557e-13  5.19939582491801e-12  1.46022368322786e-11     0.979495357223928
POPULATION (lambda : 0.5): 6.99758721021757
TOTAL ENERGY: -127.165632287894	 lambda: 0.6
1RDM (lambda : 0.6): 
     1.99999991486961  2.43724085443459e-08  3.00519901344889e-06  7.76446379068652e-06  3.99053182269153e-05 -1.27303583891417e-14  4.57989673747664e-15 -8.02379966119038e-16 -2.03189906254782e-15 -2.70646573039078e-05
 2.43724085443459e-08      1.99999988126271 -8.64395034596137e-06 -4.37969612845185e-06 -8.70340592562207e-05 -7.99379177786608e-15  2.93681410697465e-15  4.27429288762888e-15  1.20147027739859e-14 -0.000202927959388372
 3.00519901344889e-06 -8.64395034596137e-06      1.99788770249681  -0.00232118514747565   -0.0416583593719919 -1.25439089571358e-12  4.62274821766086e-13  1.85740458287136e-12  5.19105819893534e-12   -0.0204898831858216
 7.76446379068652e-06 -4.37969612845185e-06  -0.00232118514747565      1.99574957388737   -0.0569407804401117  1.81539354662001e-12 -6.54841676139627e-13  9.82802662802234e-13  2.74754748254446e-12    0.0119228153754817
 3.99053182269153e-05 -8.70340592562207e-05   -0.0416583593719919   -0.0569407804401117      1.03047810765492 -4.52463283483287e-12  1.69179763241702e-12 -9.82770692818309e-13  -2.7922820202905e-12     -0.18395926449878
-1.27303583891417e-14 -7.99379177786608e-15 -1.25439089571358e-12  1.81539354662001e-12 -4.52463283483287e-12      1.01182685809409 -1.78163670025207e-16   -7.684245851887e-06    0.0319212544519612  1.27007177163078e-12
 4.57989673747664e-15  2.93681410697465e-15  4.62274821766086e-13 -6.54841676139627e-13  1.69179763241702e-12 -1.78163670025207e-16      1.01182685809425   -0.0319212544519201 -7.68424585245778e-06 -4.35198973158986e-13
-8.02379966119038e-16  4.27429288762888e-15  1.85740458287136e-12  9.82802662802234e-13 -9.82770692818309e-13   -7.684245851887e-06   -0.0319212544519201     0.988235424370519 -2.15240499032834e-16  5.16329212654474e-12
-2.03189906254782e-15  1.20147027739859e-14  5.19105819893534e-12  2.74754748254446e-12  -2.7922820202905e-12    0.0319212544519612 -7.68424585245778e-06 -2.15240499032834e-16     0.988235424370674   1.4499971448182e-11
-2.70646573039078e-05 -0.000202927959388372   -0.0204898831858216    0.0119228153754817     -0.18395926449878  1.27007177163078e-12 -4.35198973158986e-13  5.16329212654474e-12   1.4499971448182e-11     0.975760254899062
POPULATION (lambda : 0.6): 7.00194337493473
TOTAL ENERGY: -127.162477027706	 lambda: 0.7
1RDM (lambda : 0.7): 
     1.99999988857662  2.55038964809885e-08  2.92574836663363e-06  9.00161936890817e-06  4.08281115186981e-05 -1.26443199386081e-14  4.54812830166436e-15 -8.27838304242914e-16 -2.09988433395887e-15   -2.457093686032e-05
 2.55038964809885e-08      1.99999989580995 -8.35771656434981e-06 -4.16751344452614e-06 -8.69549309851838e-05 -7.85730161245913e-15   2.8864613583494e-15  4.27038214541512e-15  1.20046504222974e-14 -0.000199177976810975
