TOTAL ENERGY: -126.578729456628	 lambda: -1
1RDM (lambda : -1): 
     1.99999986256684  5.41346557811011e-08 -3.06915315390307e-05  7.26151388501214e-06 -0.000310282008386736 -3.74866955575022e-17  3.89469709947125e-16  8.25311844563019e-16  8.00188483887385e-18 -0.000191725160643257
 5.41346557811011e-08      1.99998825143595 -0.000583505338473743 -0.000511281699194194  6.27937830716674e-05 -1.22290845659209e-17 -2.93193030383968e-17 -7.78250720879938e-16 -7.84134192055114e-17 -8.96002144240956e-05
-3.06915315390307e-05 -0.000583505338473743      1.95393010177902   -0.0264104951560305    -0.135805900935212 -1.97313467824055e-14  1.06720898509197e-13  2.22167733534895e-13  1.13265256284515e-14   -0.0892660435408446
 7.26151388501214e-06 -0.000511281699194194   -0.0264104951560305      1.97493806274218    0.0183682638725147  1.71350229267699e-15 -2.13668769463886e-14  7.55758906515342e-14  7.09729377934922e-15 -0.000262420366215293
-0.000310282008386736  6.27937830716674e-05    -0.135805900935212    0.0183682638725147     0.622915487341327 -1.73930071646686e-13  9.08010654653522e-13 -7.78456092962695e-13 -6.82915758948243e-14    -0.777038927948566
-3.74866955575022e-17 -1.22290845659209e-17 -1.97313467824055e-14  1.71350229267699e-15 -1.73930071646686e-13      1.60685149985547  9.15233205111529e-17 -0.000293354727662996    -0.110674687479687 -6.87489327568573e-14
 3.89469709947125e-16 -2.93193030383968e-17  1.06720898509197e-13 -2.13668769463886e-14  9.08010654653522e-13  9.15233205111529e-17      1.60685149986005     0.110674687476384 -0.000293354727651963   5.1428483497872e-13
 8.25311844563019e-16 -7.78250720879938e-16  2.22167733534895e-13  7.55758906515342e-14 -7.78456092962695e-13 -0.000293354727662996     0.110674687476384     0.412615340883939  1.17392347377129e-14  2.66081099962934e-12
 8.00188483887385e-18 -7.84134192055114e-17  1.13265256284515e-14  7.09729377934922e-15 -6.82915758948243e-14    -0.110674687479687 -0.000293354727651963  1.17392347377129e-14     0.412615340888328  2.01614361152075e-13
-0.000191725160643257 -8.96002144240956e-05   -0.0892660435408446 -0.000262420366215293    -0.777038927948566 -6.87489327568573e-14   5.1428483497872e-13  2.66081099962934e-12  2.01614361152075e-13      1.40929455264695
POPULATION (lambda : -1): 5.40736457941189
TOTAL ENERGY: -126.827503099135	 lambda: -0.9
1RDM (lambda : -0.9): 
     1.99999986660799   9.0247396447882e-08 -2.14811974783217e-05  1.07003701098335e-05 -0.000244519366283129  -3.2287357161881e-17   3.5835530157097e-16  6.16660520606444e-16 -2.39309118474278e-18 -0.000188577789056586
  9.0247396447882e-08       1.9999904818435 -0.000471986753340193 -0.000420545780384071  7.10758439110415e-05 -4.22673309386176e-18 -5.39796884449276e-18 -7.73319632592616e-16 -7.49336140914906e-17 -1.48993149233675e-05
-2.14811974783217e-05 -0.000471986753340193      1.96265656339016   -0.0208862555149517    -0.110276426389083 -1.72891269745993e-14   9.2134258411806e-14  1.49056281430752e-13  7.31750964333628e-15   -0.0818544598927313
 1.07003701098335e-05 -0.000420545780384071   -0.0208862555149517      1.97829085791198    0.0309381817747061  3.28139227252952e-15 -3.05488832402518e-14  3.55373206403593e-14  4.88024030950238e-15   0.00542872296322674
-0.000244519366283129  7.10758439110415e-05    -0.110276426389083    0.0309381817747061      0.78558550650551 -1.56765408351135e-13  8.20560344028532e-13  -1.1392651248703e-12 -8.70340402384556e-14    -0.715180251677347
 -3.2287357161881e-17 -4.22673309386176e-18 -1.72891269745993e-14  3.28139227252952e-15 -1.56765408351135e-13      1.57024800868451  1.02009794201801e-14 -0.000336976672763133    -0.127132005562864 -7.89488024442763e-14
  3.5835530157097e-16 -5.39796884449276e-18   9.2134258411806e-14 -3.05488832402518e-14  8.20560344028532e-13  1.02009794201801e-14      1.57024800868073      0.12713200556378 -0.000336976672754984  4.30420416457402e-13
 6.16660520606444e-16 -7.73319632592616e-16  1.49056281430752e-13  3.55373206403593e-14  -1.1392651248703e-12 -0.000336976672763133      0.12713200556378     0.447489900747097     2.24777723113e-16  2.40516475520076e-12
-2.39309118474278e-18 -7.49336140914906e-17  7.31750964333628e-15  4.88024030950238e-15 -8.70340402384556e-14    -0.127132005562864 -0.000336976672754984     2.24777723113e-16     0.447489900743485  1.82192566781272e-13
-0.000188577789056586 -1.48993149233675e-05   -0.0818544598927313   0.00542872296322674    -0.715180251677347 -7.89488024442763e-14  4.30420416457402e-13  2.40516475520076e-12  1.82192566781272e-13      1.23800090488503
POPULATION (lambda : -0.9): 5.66909517526923
TOTAL ENERGY: -126.981666336075	 lambda: -0.8
1RDM (lambda : -0.8): 
     1.99999987704269  9.18645874067174e-08 -1.41723393183624e-05  1.20610186096094e-05 -0.000184484216000629 -2.32107823241185e-17  3.52609246491575e-16  4.41995786814852e-16 -1.03704886400368e-17 -0.000157704102549533
 9.18645874067174e-08      1.99999205009172 -0.000402556809817071 -0.000357169595009793  3.92466395332544e-05 -1.57173647021518e-18  3.52961382652638e-17 -6.39760257419189e-16 -6.43719739181754e-17  2.95333937131693e-05
-1.41723393183624e-05 -0.000402556809817071       1.9682429760733   -0.0172647225529102   -0.0962035954958946  -1.4441248166982e-14  8.71347628849436e-14  1.19314694086868e-13   6.0700178927247e-15   -0.0651243450561735
 1.20610186096094e-05 -0.000357169595009793   -0.0172647225529102      1.98062904344644        0.039583312242  4.43703722294271e-15 -3.39912260257305e-14  3.85659399433846e-15  3.11898717103795e-15    0.0116714741609129
-0.000184484216000629  3.92466395332544e-05   -0.0962035954958946        0.039583312242     0.818711223108982 -1.33530409892844e-13  7.47225791163399e-13 -1.01764920448122e-12 -7.57417829025037e-14    -0.582704850290463
-2.32107823241185e-17 -1.57173647021518e-18  -1.4441248166982e-14  4.43703722294271e-15 -1.33530409892844e-13      1.50387981036765 -9.30948499052419e-16 -0.000314007881006795    -0.118466544300682 -6.71477293946215e-14
 3.52609246491575e-16  3.52961382652638e-17  8.71347628849436e-14 -3.39912260257305e-14  7.47225791163399e-13 -9.30948499052419e-16      1.50387981037064     0.118466544298956 -0.000314007881001696  3.37139216406762e-13
 4.41995786814852e-16 -6.39760257419189e-16  1.19314694086868e-13  3.85659399433846e-15 -1.01764920448122e-12 -0.000314007881006795     0.118466544298956      0.51159392364002  6.74356757382952e-15  1.97372021127005e-12
-1.03704886400368e-17 -6.43719739181754e-17   6.0700178927247e-15  3.11898717103795e-15 -7.57417829025037e-14    -0.118466544300682 -0.000314007881001696  6.74356757382952e-15     0.511593923642892  1.52657037787414e-13
-0.000157704102549533  2.95333937131693e-05   -0.0651243450561735    0.0116714741609129    -0.582704850290463 -6.71477293946215e-14  3.37139216406762e-13  1.97372021127005e-12  1.52657037787414e-13      1.20147736221572
POPULATION (lambda : -0.8): 5.8493396443923
TOTAL ENERGY: -127.049503674464	 lambda: -0.7
1RDM (lambda : -0.7): 
     1.99999988841475  7.99572437097073e-08 -9.39900690750769e-06  1.16785286926346e-05 -0.000139883912616007  -1.4310356294161e-17  3.68667036595318e-16  3.22027473533825e-16 -1.39105670338394e-17  -0.00011924303370462
 7.99572437097073e-08      1.99999283478175 -0.000371144693511332 -0.000325098479690153  1.25933135102587e-05  -3.6065606100125e-18  6.13955212251436e-17   -5.312314091388e-16 -5.64583326188022e-17  3.11100736892409e-05
-9.39900690750769e-06 -0.000371144693511332      1.97083190063047   -0.0155852585796411   -0.0938107293423392 -1.26686924940125e-14  9.13843564621855e-14  1.22854369614501e-13  6.69486077255193e-15    -0.050875415398453
 1.16785286926346e-05 -0.000325098479690153   -0.0155852585796411      1.98186253919064    0.0438854496867993  5.04398133211997e-15  -3.6272066105489e-14 -1.33064358724919e-14  2.07634439496756e-15    0.0147268125433654
-0.000139883912616007  1.25933135102587e-05   -0.0938107293423392    0.0438854496867993     0.735991998978147 -1.24091835885899e-13  7.73089772273842e-13 -4.88588991428832e-13 -4.17771366044847e-14    -0.495511248955425
 -1.4310356294161e-17  -3.6065606100125e-18 -1.26686924940125e-14  5.04398133211997e-15 -1.24091835885899e-13      1.42117959661001  7.39296035286535e-15  -0.00031693162266388    -0.119572084398682 -4.26328264258407e-14
 3.68667036595318e-16  6.13955212251436e-17  9.13843564621855e-14  -3.6272066105489e-14  7.73089772273842e-13  7.39296035286535e-15      1.42117959661244     0.119572084397516 -0.000316931622655371  3.10110520840171e-13
 3.22027473533825e-16   -5.312314091388e-16  1.22854369614501e-13 -1.33064358724919e-14 -4.88588991428832e-13  -0.00031693162266388     0.119572084397516     0.591398692301074  1.33543858159329e-14  1.70449894895996e-12
-1.39105670338394e-17 -5.64583326188022e-17  6.69486077255193e-15  2.07634439496756e-15 -4.17771366044847e-14    -0.119572084398682 -0.000316931622655371  1.33543858159329e-14     0.591398692303422  1.37194472169931e-13
 -0.00011924303370462  3.11100736892409e-05    -0.050875415398453    0.0147268125433654    -0.495511248955425 -4.26328264258407e-14  3.10110520840171e-13  1.70449894895996e-12  1.37194472169931e-13      1.28616426017735
POPULATION (lambda : -0.7): 5.93909292470455
TOTAL ENERGY: -127.080783357063	 lambda: -0.6
1RDM (lambda : -0.6): 
     1.99999989915208  6.82701684969454e-08 -5.97971122878121e-06  1.06194648533998e-05 -0.000102971734583668 -6.24305797541556e-18  3.92455608569251e-16   2.1717472458112e-16 -1.60112211612386e-17 -8.28773964365589e-05
 6.82701684969454e-08      1.99999323748305 -0.000354894072744639 -0.000307920234514638  4.09550709755759e-06 -6.95893179109037e-18  7.27690761110885e-17 -4.81113030455123e-16 -5.25608818986548e-17  1.35069978435372e-05
-5.97971122878121e-06 -0.000354894072744639      1.97219808421875   -0.0147949189309356   -0.0958070815103406 -1.18385375980897e-14  9.89259546571356e-14  1.39851096251592e-13  7.92904355111746e-15   -0.0419729823796604
 1.06194648533998e-05 -0.000307920234514638   -0.0147949189309356      1.98264706495129    0.0456404736256914  5.20250111082494e-15  -3.7629056229616e-14 -2.54787752336399e-14  1.24464542565467e-15    0.0149705619331787
-0.000102971734583668  4.09550709755759e-06   -0.0958070815103406    0.0456404736256914     0.610182623977838 -1.25185440782859e-13  8.36383795768873e-13   1.7122437854187e-13  -1.8845199329687e-15    -0.467428407873882
-6.24305797541556e-18 -6.95893179109037e-18 -1.18385375980897e-14  5.20250111082494e-15 -1.25185440782859e-13      1.33339566061217 -1.46199698209636e-13 -0.000340443112781138    -0.128433996391512 -1.61371570175924e-14
 3.92455608569251e-16  7.27690761110885e-17  9.89259546571356e-14  -3.7629056229616e-14  8.36383795768873e-13 -1.46199698209636e-13      1.33339566061201     0.128433996391147   -0.0003404431128324  3.38384620190862e-13
  2.1717472458112e-16 -4.81113030455123e-16  1.39851096251592e-13 -2.54787752336399e-14   1.7122437854187e-13 -0.000340443112781138     0.128433996391147     0.676026723196945 -1.41242075761997e-13   1.6284968557549e-12
-1.60112211612386e-17 -5.25608818986548e-17  7.92904355111746e-15  1.24464542565467e-15  -1.8845199329687e-15    -0.128433996391512   -0.0003404431128324 -1.41242075761997e-13     0.676026723196795   1.3525044733246e-13
-8.28773964365589e-05  1.35069978435372e-05   -0.0419729823796604    0.0149705619331787    -0.467428407873882 -1.61371570175924e-14  3.38384620190862e-13   1.6284968557549e-12   1.3525044733246e-13      1.41613432259909
POPULATION (lambda : -0.6): 5.98689391677565
TOTAL ENERGY: -127.098847960288	 lambda: -0.5
1RDM (lambda : -0.5): 
     1.99999990598542  6.16446275559967e-08 -3.37149262648456e-06   9.7514324895176e-06 -7.11791166980317e-05  5.91965325277071e-19  4.12023233028645e-16  1.23954516963761e-16 -1.76179703841168e-17 -5.31406196064769e-05
 6.16446275559967e-08      1.99999348384086 -0.000342728952920121 -0.000297062748188132  1.33999543181601e-05 -9.06995267718007e-18  7.00597508495076e-17  -4.9011688248183e-16 -5.25009546707589e-17 -4.31916139240529e-06
-3.37149262648456e-06 -0.000342728952920121      1.97335605137903    -0.014411139093954   -0.0965300806295493 -1.14293348430312e-14  1.04055495282327e-13  1.50497312065449e-13  8.59136378447722e-15   -0.0377013514393161
  9.7514324895176e-06 -0.000297062748188132    -0.014411139093954      1.98327424258641    0.0448684349372706  5.05022836842918e-15  -3.7365468699787e-14 -2.96575756895391e-14   9.2408785636817e-16    0.0138203715886016
-7.11791166980317e-05  1.33999543181601e-05   -0.0965300806295493    0.0448684349372706     0.504609246405294 -1.30518713305569e-13  8.83993929988583e-13  7.12004391390578e-13  2.98474879119345e-14    -0.481346404841143
 5.91965325277071e-19 -9.06995267718007e-18 -1.14293348430312e-14  5.05022836842918e-15 -1.30518713305569e-13      1.25976591973938 -5.99663500999756e-15 -0.000363638963213187    -0.137191614620354  3.23241544460592e-15
 4.12023233028645e-16  7.00597508495076e-17  1.04055495282327e-13  -3.7365468699787e-14  8.83993929988583e-13 -5.99663500999756e-15      1.25976591974261     0.137191614619732 -0.000363638963211796  3.88006120181964e-13
 1.23954516963761e-16  -4.9011688248183e-16  1.50497312065449e-13 -2.96575756895391e-14  7.12004391390578e-13 -0.000363638963213187     0.137191614619732     0.747000783643527  2.53480183234131e-15  1.68068461314856e-12
-1.76179703841168e-17 -5.25009546707589e-17  8.59136378447722e-15   9.2408785636817e-16  2.98474879119345e-14    -0.137191614620354 -0.000363638963211796  2.53480183234131e-15     0.747000783646656  1.40183360259851e-13
-5.31406196064769e-05 -4.31916139240529e-06   -0.0377013514393161    0.0138203715886016    -0.481346404841143  3.23241544460592e-15  3.88006120181964e-13  1.68068461314856e-12  1.40183360259851e-13      1.52523366303083
POPULATION (lambda : -0.5): 6.01964351026884
TOTAL ENERGY: -127.114042607424	 lambda: -0.4
1RDM (lambda : -0.4): 
     1.99999990697662   6.1192277493274e-08 -1.21032693962425e-06  9.59437890676215e-06 -4.33427440157505e-05  5.27410518843232e-18  4.32312291734629e-16  2.31343323767787e-17 -2.10706439062693e-17 -2.87293570697735e-05
  6.1192277493274e-08      1.99999370122302 -0.000328642639876189 -0.000287543875297885  4.04786870129619e-05 -9.08608797925408e-18  5.31603949768095e-17  -5.5379541050682e-16 -5.56098647361653e-17 -1.42671185491139e-05
-1.21032693962425e-06 -0.000328642639876189       1.9748570756801   -0.0141413325918408   -0.0934470663547165 -1.12116539623136e-14   1.0559232565859e-13  1.49343144698538e-13  8.59247752818998e-15   -0.0364993482669956
 9.59437890676215e-06 -0.000287543875297885   -0.0141413325918408      1.98385766286084    0.0418155997547357  4.62064622640721e-15 -3.50905119022961e-14 -2.83337618044102e-14  8.05164311810994e-16    0.0120472356948838
-4.33427440157505e-05  4.04786870129619e-05   -0.0934470663547165    0.0418155997547357     0.445595312445857 -1.37722532341295e-13   9.1161131005333e-13  1.02784597713368e-12  4.68912889175318e-14    -0.525087369702649
 5.27410518843232e-18 -9.08608797925408e-18 -1.12116539623136e-14  4.62064622640721e-15 -1.37722532341295e-13      1.20806734084924   1.9775668459594e-14 -0.000388727170251998    -0.146656656294845  1.54843661421001e-14
 4.32312291734629e-16  5.31603949768095e-17   1.0559232565859e-13 -3.50905119022961e-14   9.1161131005333e-13   1.9775668459594e-14      1.20806734084944     0.146656656294517 -0.000388727170253521  4.16215963721569e-13
 2.31343323767787e-17  -5.5379541050682e-16  1.49343144698538e-13 -2.83337618044102e-14  1.02784597713368e-12 -0.000388727170251998     0.146656656294517     0.796787495203191  1.96813958150439e-14    1.837791339769e-12
-2.10706439062693e-17 -5.56098647361653e-17  8.59247752818998e-15  8.05164311810994e-16  4.68912889175318e-14    -0.146656656294845 -0.000388727170253521  1.96813958150439e-14     0.796787495203385  1.51153286148443e-13
-2.87293570697735e-05 -1.42671185491139e-05   -0.0364993482669956    0.0120472356948838    -0.525087369702649  1.54843661421001e-14  4.16215963721569e-13    1.837791339769e-12  1.51153286148443e-13      1.58598666870835
POPULATION (lambda : -0.4): 6.05357368159882
TOTAL ENERGY: -127.13254319178	 lambda: -0.3
1RDM (lambda : -0.3): 
     1.99999990219966  6.64918000690114e-08  8.17822762151563e-07  1.04676055119284e-05 -1.83239470925434e-05 -2.09871753100947e-18  5.32163029725543e-16 -1.73771646277074e-16 -3.84756004326356e-17 -4.00625094441684e-06
 6.64918000690114e-08      1.99999401588865 -0.000305971471943879 -0.000273669707464177  8.97936719397979e-05 -1.26034877130509e-18 -1.66879292604092e-17 -6.56748445939126e-16  -5.8438976627787e-17 -1.11680366726429e-05
 8.17822762151563e-07 -0.000305971471943879      1.97722056828535   -0.0136158445510728   -0.0851989739198291 -1.07784184407098e-14  1.01350803138302e-13  1.54709618495097e-13   1.0734695097884e-14    -0.036931561021939
 1.04676055119284e-05 -0.000273669707464177   -0.0136158445510728      1.98449455453067    0.0376150653580622  3.35316031559382e-15 -2.72304413510507e-14 -4.37530376800501e-14 -1.88430881510204e-15   0.00953116850536277
-1.83239470925434e-05  8.97936719397979e-05   -0.0851989739198291    0.0376150653580622     0.440361923558726 -1.57932680503874e-13  1.00855318666781e-12  1.06412104111559e-12  4.22062751729359e-14     -0.59677030470072
-2.09871753100947e-18 -1.26034877130509e-18 -1.07784184407098e-14  3.35316031559382e-15 -1.57932680503874e-13      1.17385353317754  2.27399632066795e-15 -0.000424055914556004    -0.159979212513531  4.53125950764431e-14
 5.32163029725543e-16 -1.66879292604092e-17  1.01350803138302e-13 -2.72304413510507e-14  1.00855318666781e-12  2.27399632066795e-15      1.17385353317788     0.159979212513286 -0.000424055914556247  2.47727867851144e-13
-1.73771646277074e-16 -6.56748445939126e-16  1.54709618495097e-13 -4.37530376800501e-14  1.06412104111559e-12 -0.000424055914556004     0.159979212513286     0.829627675762742  3.12672442558718e-15  2.23954324795358e-12
-3.84756004326356e-17  -5.8438976627787e-17   1.0734695097884e-14 -1.88430881510204e-15  4.22062751729359e-14    -0.159979212513531 -0.000424055914556247  3.12672442558718e-15     0.829627675763081  1.88329626314421e-13
-4.00625094441684e-06 -1.11680366726429e-05    -0.036931561021939   0.00953116850536277     -0.59677030470072  4.53125950764431e-14  2.47727867851144e-13  2.23954324795358e-12  1.88329626314421e-13      1.59096661765572
POPULATION (lambda : -0.3): 6.10721533433531
TOTAL ENERGY: -127.159480468384	 lambda: -0.2
1RDM (lambda : -0.2): 
     1.99999989314601   7.5828304430296e-08  2.83785719721124e-06   1.2714295304159e-05  1.48886161712908e-06  1.56724720370001e-17  4.32120723804037e-16  -9.2661015746522e-17 -2.30438209317778e-17  2.90949921288405e-05
  7.5828304430296e-08      1.99999466608583 -0.000261763299587871 -0.000243991739711575  0.000168200032938817  1.82497549073986e-18 -1.96882512696068e-17 -9.23223259319818e-16  -7.5075817752857e-17   2.0357859453376e-05
 2.83785719721124e-06 -0.000261763299587871      1.98137917527463   -0.0121057859691378   -0.0690297689569945 -9.73477135258636e-15  9.12437098320349e-14  7.60654663784515e-14  4.38887158294175e-15   -0.0368881893833254
  1.2714295304159e-05 -0.000243991739711575   -0.0121057859691378      1.98535702145863    0.0354986155243803  3.64053396332082e-15 -3.43328803377819e-14 -1.30168409911461e-14  1.32841712958419e-15   0.00548930348793737
 1.48886161712908e-06  0.000168200032938817   -0.0690297689569945    0.0354986155243803     0.510439516827804 -1.53555874534527e-13  8.64989981680973e-13  9.83134739682331e-13  3.92995681767626e-14    -0.691680966599352
 1.56724720370001e-17  1.82497549073986e-18 -9.73477135258636e-15  3.64053396332082e-15 -1.53555874534527e-13      1.14852679115975 -8.71671417717749e-15  -0.00046647717420893    -0.175984156520378  3.77175354897883e-15
 4.32120723804037e-16 -1.96882512696068e-17  9.12437098320349e-14 -3.43328803377819e-14  8.64989981680973e-13 -8.71671417717749e-15      1.14852679116067     0.175984156520458  -0.00046647717420078  5.62027261929741e-13
 -9.2661015746522e-17 -9.23223259319818e-16  7.60654663784515e-14 -1.30168409911461e-14  9.83134739682331e-13  -0.00046647717420893     0.175984156520458      0.85384239874277 -6.07290675943027e-15  2.27946982020793e-12
-2.30438209317778e-17  -7.5075817752857e-17  4.38887158294175e-15  1.32841712958419e-15  3.92995681767626e-14    -0.175984156520378  -0.00046647717420078 -6.07290675943027e-15     0.853842398743673  1.77407475617553e-13
 2.90949921288405e-05   2.0357859453376e-05   -0.0368881893833254   0.00548930348793737    -0.691680966599352  3.77175354897883e-15  5.62027261929741e-13  2.27946982020793e-12  1.77407475617553e-13       1.5180913474003
POPULATION (lambda : -0.2): 6.21784591270157
TOTAL ENERGY: -127.192274135596	 lambda: -0.1
1RDM (lambda : -0.1): 
     1.99999988553918  8.02220291797629e-08  4.16299476397449e-06  1.58848928302435e-05   3.9206225405851e-06  2.16710853850721e-17  4.54707331376048e-16 -8.64912807885513e-17 -2.04175188919896e-17  7.35046505332344e-05
 8.02220291797629e-08      1.99999604219363 -0.000178780737874055 -0.000179404101142744  0.000252699160440357  1.75922930220207e-17 -5.69110020441885e-17  -1.1464213323764e-15 -8.46012851966652e-17  0.000113571204021562
 4.16299476397449e-06 -0.000178780737874055       1.9883118760157  -0.00849243851178296   -0.0420945404102093 -7.22090672746943e-15  7.34881020636752e-14 -2.01395092060355e-15 -1.48855995657455e-17   -0.0304597015467297
 1.58848928302435e-05 -0.000179404101142744  -0.00849243851178296      1.98672594714877     0.043458251955431  3.50645933271326e-15 -4.16361990579222e-14 -4.15813819234733e-14 -5.49963902840869e-16 -0.000429655999776759
  3.9206225405851e-06  0.000252699160440357   -0.0420945404102093     0.043458251955431     0.691053025864221 -1.45552422339405e-13  6.95243559899593e-13  5.00961142527506e-13  9.38060614337229e-15    -0.744759054600977
 2.16710853850721e-17  1.75922930220207e-17 -7.22090672746943e-15  3.50645933271326e-15 -1.45552422339405e-13       1.1193065492189  9.25706241944993e-16 -0.000469790533251654    -0.177239152543897 -1.75296934749046e-14
 4.54707331376048e-16 -5.69110020441885e-17  7.34881020636752e-14 -4.16361990579222e-14  6.95243559899593e-13  9.25706241944993e-16      1.11930654921948     0.177239152544006   -0.0004697905332526  5.67131406387106e-13
-8.64912807885513e-17  -1.1464213323764e-15 -2.01395092060355e-15 -4.15813819234733e-14  5.00961142527506e-13 -0.000469790533251654     0.177239152544006     0.882050096966408  2.43938209397639e-15  2.37391415132201e-12
-2.04175188919896e-17 -8.46012851966652e-17 -1.48855995657455e-17 -5.49963902840869e-16  9.38060614337229e-15    -0.177239152543897   -0.0004697905332526  2.43938209397639e-15     0.882050096966981  1.76262763065538e-13
 7.35046505332344e-05  0.000113571204021562   -0.0304597015467297 -0.000429655999776759    -0.744759054600977 -1.75296934749046e-14  5.67131406387106e-13  2.37391415132201e-12  1.76262763065538e-13      1.33119993086678
POPULATION (lambda : -0.1): 6.44357539384283
TOTAL ENERGY: -127.206305384122	 lambda: 0
1RDM (lambda : 0): 
     1.99999988558963  6.69959215766665e-08  3.33547288985564e-06  1.72193772814685e-05 -1.66656954570804e-05  2.53687984056077e-17  4.95692590441975e-16  2.72924503465483e-18 -1.50877031912121e-17  0.000103276846634094
 6.69959215766665e-08       1.9999977553831 -8.82822345857069e-05 -9.84274588357437e-05   0.00025922778613664  3.34497975815526e-17 -3.80160852859521e-17 -1.11494218704491e-15 -7.77507389379459e-17  0.000241732573139948
 3.33547288985564e-06 -8.82822345857069e-05      1.99506942728902  -0.00402803077380502   -0.0159120312634701 -3.41412765209254e-15   5.5291320428106e-14 -7.23684139193193e-14 -3.69112706801057e-15   -0.0138881620544024
 1.72193772814685e-05 -9.84274588357437e-05  -0.00402803077380502       1.9883209907841    0.0621566048882386  4.06248730791734e-15 -5.36769396891802e-14 -1.02998913269595e-13  -4.3187495517676e-15  -0.00437812260149781
-1.66656954570804e-05   0.00025922778613664   -0.0159120312634701    0.0621566048882386     0.896780456689395 -1.11621086431067e-13  4.30340151956541e-13 -1.27398086495499e-14 -1.82341130954964e-14    -0.643459296792949
 2.53687984056077e-17  3.34497975815526e-17 -3.41412765209254e-15  4.06248730791734e-15 -1.11621086431067e-13       1.0822653353924  8.28190411161786e-16 -0.000380424318334304    -0.143523646978111 -3.20522451379412e-14
 4.95692590441975e-16 -3.80160852859521e-17   5.5291320428106e-14 -5.36769396891802e-14  4.30340151956541e-13  8.28190411161786e-16      1.08226533539277     0.143523646978196 -0.000380424318335559  4.59076534829856e-13
 2.72924503465483e-18 -1.11494218704491e-15 -7.23684139193193e-14 -1.02998913269595e-13 -1.27398086495499e-14 -0.000380424318334304     0.143523646978196     0.918364897507574  1.79971310889859e-15  1.99462317417407e-12
-1.50877031912121e-17 -7.77507389379459e-17 -3.69112706801057e-15  -4.3187495517676e-15 -1.82341130954964e-14    -0.143523646978111 -0.000380424318335559  1.79971310889859e-15     0.918364897507942  1.41883865741626e-13
 0.000103276846634094  0.000241732573139948   -0.0138881620544024  -0.00437812260149781    -0.643459296792949 -3.20522451379412e-14  4.59076534829856e-13  1.99462317417407e-12  1.41883865741626e-13      1.11857101846414
POPULATION (lambda : 0): 6.71313298279123
TOTAL ENERGY: -127.199630499905	 lambda: 0.1
1RDM (lambda : 0.1): 
     1.99999988526044  4.97798212003596e-08  1.53768643339721e-06  1.65296616505648e-05 -3.57631290799979e-05  2.59606879919317e-17  5.24085128993437e-16   8.1093436788065e-17 -1.15456970431449e-17  0.000106638003091599
 4.97798212003596e-08      1.99999877834035 -4.17785588953475e-05 -5.09147163111291e-05  0.000209483628992085  3.94905664854955e-17  7.29515646285869e-18 -9.30076983021951e-16 -6.39069551408716e-17  0.000313879646122367
 1.53768643339721e-06 -4.17785588953475e-05      1.99810001584619  -0.00156858319246466  -0.00351896714533026 -6.12744523624917e-16  4.65963633392631e-14 -1.01551583125553e-13 -4.98877078979434e-15   0.00177876899391227
 1.65296616505648e-05 -5.09147163111291e-05  -0.00156858319246466      1.98940068790732    0.0756259609051782  4.74064527481938e-15 -6.05127688962633e-14 -1.46084693269755e-13 -6.86165333675773e-15  -0.00395046686770604
-3.57631290799979e-05  0.000209483628992085  -0.00351896714533026    0.0756259609051782      0.99919726789172 -7.91734357875323e-14  2.52082436962089e-13 -2.28443315002506e-13 -2.68957368841782e-14    -0.493921412042121
 2.59606879919317e-17  3.94905664854955e-17 -6.12744523624917e-16  4.74064527481938e-15 -7.91734357875323e-14      1.05555212338107  6.59590355582615e-16 -0.000281080577475749     -0.10604398380995 -3.27487340876492e-14
 5.24085128993437e-16  7.29515646285869e-18  4.65963633392631e-14 -6.05127688962633e-14  2.52082436962089e-13  6.59590355582615e-16      1.05555212338128     0.106043983809968 -0.000281080577476862   3.3753848567927e-13
  8.1093436788065e-17 -9.30076983021951e-16 -1.01551583125553e-13 -1.46084693269755e-13 -2.28443315002506e-13 -0.000281080577475749     0.106043983809968     0.944765668131508  1.21366034760762e-15  1.50469680389339e-12
-1.15456970431449e-17 -6.39069551408716e-17 -4.98877078979434e-15 -6.86165333675773e-15 -2.68957368841782e-14     -0.10604398380995 -0.000281080577476862  1.21366034760762e-15     0.944765668131718  1.04185064381467e-13
 0.000106638003091599  0.000313879646122367   0.00177876899391227  -0.00395046686770604    -0.493921412042121 -3.27487340876492e-14   3.3753848567927e-13  1.50469680389339e-12  1.04185064381467e-13      1.01266778172844
POPULATION (lambda : 0.1): 6.86719059796255
TOTAL ENERGY: -127.190066627561	 lambda: 0.2
1RDM (lambda : 0.2): 
     1.99999987904872  3.90629136584508e-08  1.08824868024112e-07  1.57238480601733e-05 -4.55249692687954e-05  2.55959784373324e-17  5.37267662361714e-16  1.21058352869408e-16 -9.97362236057045e-18  0.000101922946372987
 3.90629136584508e-08      1.99999924080021 -2.42198365764818e-05 -3.04519230299775e-05    0.0001670368046045  4.01487008096473e-17  3.89743775359506e-17 -7.86720432711187e-16 -5.43550508246256e-17   0.00033793013395694
 1.08824868024112e-07 -2.42198365764818e-05      1.99900379365423 -0.000615341221408036   0.00108777982546127  9.86651307070144e-16  4.36294728959295e-14 -1.10251678827912e-13 -5.22129715630407e-15    0.0121235041160719
 1.57238480601733e-05 -3.04519230299775e-05 -0.000615341221408036      1.99007849156143    0.0814215940713415  5.20155669099233e-15 -6.24149728098824e-14 -1.64172470591595e-13 -7.87045520507504e-15  -0.00182840099072232
-4.55249692687954e-05    0.0001670368046045   0.00108777982546127    0.0814215940713415      1.03630845045866  -6.0168729446804e-14  1.66356885337664e-13 -2.86026251072861e-13 -2.75426547943333e-14    -0.393415900521673
 2.55959784373324e-17  4.01487008096473e-17  9.86651307070144e-16  5.20155669099233e-15  -6.0168729446804e-14       1.0414149789662  6.62276218262389e-16 -0.000220300421133181    -0.083113299096375 -2.98706893545052e-14
 5.37267662361714e-16  3.89743775359506e-17  4.36294728959295e-14 -6.24149728098824e-14  1.66356885337664e-13  6.62276218262389e-16      1.04141497896638    0.0831132990964071 -0.000220300421134684  2.61917824762256e-13
 1.21058352869408e-16 -7.86720432711187e-16 -1.10251678827912e-13 -1.64172470591595e-13 -2.86026251072861e-13 -0.000220300421133181    0.0831132990964071     0.958790030574442  1.11773382915018e-15  1.18611929227639e-12
-9.97362236057045e-18 -5.43550508246256e-17 -5.22129715630407e-15 -7.87045520507504e-15 -2.75426547943333e-14    -0.083113299096375 -0.000220300421134684  1.11773382915018e-15     0.958790030574615  8.09136422559331e-14
 0.000101922946372987   0.00033793013395694    0.0121235041160719  -0.00182840099072232    -0.393415900521673 -2.98706893545052e-14  2.61917824762256e-13  1.18611929227639e-12  8.09136422559331e-14      0.97420012539514
POPULATION (lambda : 0.2): 6.93395462940185
TOTAL ENERGY: -127.182346063539	 lambda: 0.3
1RDM (lambda : 0.3): 
     1.99999986666887  3.34475714692277e-08 -9.44917673918059e-07  1.53409661855734e-05 -5.00067316416048e-05  2.51339607684886e-17  5.43028851140073e-16  1.39553828012965e-16 -9.26569488956711e-18  9.68316095341331e-05
 3.34475714692277e-08      1.99999946432902 -1.73381839968262e-05 -2.13202794861345e-05  0.000140238100217037  3.93333310569955e-17  5.69387796949362e-17 -6.99931455307935e-16 -4.89169219692678e-17  0.000342683855842881
-9.44917673918059e-07 -1.73381839968262e-05      1.99920269973068 -0.000260250463497333   0.00316127048532558  1.97562170672524e-15  4.26211207731967e-14 -1.13274637362803e-13 -5.20555469465848e-15    0.0190649345648644
 1.53409661855734e-05 -2.13202794861345e-05 -0.000260250463497333      1.99060733711267    0.0831561833088558  5.49072389018181e-15 -6.20758146665954e-14 -1.69256984243677e-13 -8.10120802456138e-15  0.000522751879420111
-5.00067316416048e-05  0.000140238100217037   0.00316127048532558    0.0831561833088558      1.05140854131015 -4.97886356391499e-14  1.24303579883945e-13 -3.01881302348523e-13 -2.68839254623507e-14    -0.335318808382993
 2.51339607684886e-17  3.93333310569955e-17  1.97562170672524e-15  5.49072389018181e-15 -4.97886356391499e-14      1.03405197468789   4.5688534771787e-16 -0.000186924600451946   -0.0705215169409971 -2.75393005508359e-14
 5.43028851140073e-16  5.69387796949362e-17  4.26211207731967e-14 -6.20758146665954e-14  1.24303579883945e-13   4.5688534771787e-16      1.03405197468805    0.0705215169410484  -0.00018692460045299  2.19374759789513e-13
 1.39553828012965e-16 -6.99931455307935e-16 -1.13274637362803e-13 -1.69256984243677e-13 -3.01881302348523e-13 -0.000186924600451946    0.0705215169410484     0.966108357071686   8.7048015257494e-16  1.00402032389219e-12
-9.26569488956711e-18 -4.89169219692678e-17 -5.20555469465848e-15 -8.10120802456138e-15 -2.68839254623507e-14   -0.0705215169409971  -0.00018692460045299   8.7048015257494e-16     0.966108357071842  6.79040280768208e-14
 9.68316095341331e-05  0.000342683855842881    0.0190649345648644  0.000522751879420111    -0.335318808382993 -2.75393005508359e-14  2.19374759789513e-13  1.00402032389219e-12  6.79040280768208e-14      0.95846142732916
POPULATION (lambda : 0.3): 6.9655254265538
TOTAL ENERGY: -127.176150631699	 lambda: 0.4
1RDM (lambda : 0.4): 
     1.99999984715429  3.09147470077046e-08 -1.83488087544682e-06  1.54424941925019e-05 -5.19054587800732e-05  2.47027762067619e-17  5.45289575635252e-16  1.47362258171092e-16 -8.92012261957511e-18  9.24504217813033e-05
 3.09147470077046e-08      1.99999958668167 -1.43725710811421e-05 -1.68380798569194e-05  0.000124411393998545  3.83109311717992e-17  6.67151895478511e-17 -6.50249784418824e-16 -4.59574162171828e-17  0.000340929780053552
-1.83488087544682e-06 -1.43725710811421e-05      1.99917232336421 -0.000135643943628437   0.00446548704944144  2.66909447183818e-15   4.2259287545345e-14 -1.15078192972808e-13 -5.16389550411639e-15    0.0241369319408583
 1.54424941925019e-05 -1.68380798569194e-05 -0.000135643943628437      1.99110285950556    0.0827311778482027  5.66753971119973e-15 -6.06351064533549e-14  -1.6751016811252e-13 -7.92969688165026e-15   0.00277660118728306
-5.19054587800732e-05  0.000124411393998545   0.00446548704944144    0.0827311778482027       1.0599929154915 -4.41628103543016e-14  1.02125707546527e-13  -3.1191260826291e-13 -2.66037813378059e-14    -0.303553674206317
 2.47027762067619e-17  3.83109311717992e-17  2.66909447183818e-15  5.66753971119973e-15 -4.41628103543016e-14      1.03018315530708  4.31690869404372e-16 -0.000169502822959294   -0.0639487590009256 -2.63158201739223e-14
 5.45289575635252e-16  6.67151895478511e-17   4.2259287545345e-14 -6.06351064533549e-14  1.02125707546527e-13  4.31690869404372e-16       1.0301831553072    0.0639487590009379  -0.00016950282296029  1.95938979796223e-13
 1.47362258171092e-16 -6.50249784418824e-16 -1.15078192972808e-13  -1.6751016811252e-13  -3.1191260826291e-13 -0.000169502822959294    0.0639487590009379     0.969957926410262  7.59510465332232e-16  9.04260510804087e-13
-8.92012261957511e-18 -4.59574162171828e-17 -5.16389550411639e-15 -7.92969688165026e-15 -2.66037813378059e-14   -0.0639487590009256  -0.00016950282296029  7.59510465332232e-16     0.969957926410386  6.08218184795116e-14
 9.24504217813033e-05  0.000340929780053552    0.0241369319408583   0.00277660118728306    -0.303553674206317 -2.63158201739223e-14  1.95938979796223e-13  9.04260510804087e-13  6.08218184795116e-14     0.949450304367853
POPULATION (lambda : 0.4): 6.98342260814889
TOTAL ENERGY: -127.17051358447	 lambda: 0.5
1RDM (lambda : 0.5): 
     1.99999981758606  3.04352242021239e-08 -2.75536459882893e-06  1.61078294831841e-05 -5.23561853528514e-05  2.42858763603114e-17   5.4555354136389e-16  1.48972169939685e-16 -8.76324645388952e-18  8.85485789822672e-05
 3.04352242021239e-08      1.99999966076316 -1.30105419456274e-05 -1.44800064073649e-05  0.000115884572783738  3.74694311140448e-17  7.17308337753483e-17 -6.24326473022591e-16 -4.44962835182833e-17  0.000337674201243921
-2.75536459882893e-06 -1.30105419456274e-05      1.99906069089186 -0.000102120685648918   0.00556280093717449  3.20584736487727e-15   4.2134803909586e-14 -1.16924165532643e-13 -5.14970484082048e-15    0.0281339121503986
 1.61078294831841e-05 -1.44800064073649e-05 -0.000102120685648918      1.99161792402948    0.0808428559700036   5.7612027426415e-15 -5.84412539629543e-14 -1.61175740351383e-13 -7.48949329004643e-15   0.00491313622918606
-5.23561853528514e-05  0.000115884572783738   0.00556280093717449    0.0808428559700036      1.06758166539139  -4.1440389026858e-14  9.01442319431204e-14 -3.27615805752715e-13  -2.7139389575775e-14    -0.289281988870377
 2.42858763603114e-17  3.74694311140448e-17  3.20584736487727e-15   5.7612027426415e-15  -4.1440389026858e-14      1.02838705469668  5.63323421652081e-16 -0.000162452132139039   -0.0612887263758481 -2.61909679622009e-14
  5.4555354136389e-16  7.17308337753483e-17   4.2134803909586e-14 -5.84412539629543e-14  9.01442319431204e-14  5.63323421652081e-16      1.02838705469677    0.0612887263758072 -0.000162452132140447  1.84483104216576e-13
 1.48972169939685e-16 -6.24326473022591e-16 -1.16924165532643e-13 -1.61175740351383e-13 -3.27615805752715e-13 -0.000162452132139039    0.0612887263758072     0.971746528864058  7.87189851560396e-16  8.58085846380669e-13
-8.76324645388952e-18 -4.44962835182833e-17 -5.14970484082048e-15 -7.48949329004643e-15  -2.7139389575775e-14   -0.0612887263758481 -0.000162452132140447  7.87189851560396e-16     0.971746528864143  5.74874138489163e-14
 8.85485789822672e-05  0.000337674201243921    0.0281339121503986   0.00491313622918606    -0.289281988870377 -2.61909679622009e-14  1.84483104216576e-13  8.58085846380669e-13  5.74874138489163e-14     0.941473074216438
POPULATION (lambda : 0.5): 6.9960030610577
TOTAL ENERGY: -127.164267680084	 lambda: 0.6
1RDM (lambda : 0.6): 
     1.99999977182194    3.160998467049e-08 -3.93862636304892e-06  1.75639593875979e-05 -5.16790599175216e-05  2.38485231664926e-17  5.44237763298629e-16  1.45673582639824e-16 -8.76298205116126e-18  8.47085485707328e-05
   3.160998467049e-08      1.99999970876091 -1.23850251165553e-05 -1.32074718480403e-05  0.000112749331267808  3.69708478072384e-17  7.37951889407894e-17 -6.15371937102514e-16  -4.4045875366001e-17   0.00033526382445096
-3.93862636304892e-06 -1.23850251165553e-05      1.99891512944642  -9.3769902335883e-05   0.00665303577979465  3.65178535849731e-15  4.21352825674057e-14 -1.19206712462247e-13 -5.17405591724306e-15    0.0314847541070812
 1.75639593875979e-05 -1.32074718480403e-05  -9.3769902335883e-05      1.99218286369146    0.0776175710723898  5.77946921494248e-15 -5.55089752523299e-14 -1.50670566332781e-13 -6.80381055349139e-15   0.00697641797069382
-5.16790599175216e-05  0.000112749331267808   0.00665303577979465    0.0776175710723898       1.0770346375646 -4.08349790060528e-14  8.42026812840102e-14 -3.55515289316081e-13 -2.87749604196572e-14    -0.288837442839662
 2.38485231664926e-17  3.69708478072384e-17  3.65178535849731e-15  5.77946921494248e-15 -4.08349790060528e-14      1.02809940672261  3.90821497980153e-16 -0.000163700072139707   -0.0617595470225716 -2.72235493340895e-14
 5.44237763298629e-16  7.37951889407894e-17  4.21352825674057e-14 -5.55089752523299e-14  8.42026812840102e-14  3.90821497980153e-16      1.02809940672272    0.0617595470225583 -0.000163700072140577  1.81887467095051e-13
 1.45673582639824e-16 -6.15371937102514e-16 -1.19206712462247e-13 -1.50670566332781e-13 -3.55515289316081e-13 -0.000163700072139707    0.0617595470225583     0.972034099662341  6.62905504945456e-16  8.53377415768743e-13
-8.76298205116126e-18  -4.4045875366001e-17 -5.17405591724306e-15 -6.80381055349139e-15 -2.87749604196572e-14   -0.0617595470225716 -0.000163700072140577  6.62905504945456e-16     0.972034099662444  5.69812947486372e-14
 8.47085485707328e-05   0.00033526382445096    0.0314847541070812   0.00697641797069382    -0.288837442839662 -2.72235493340895e-14  1.81887467095051e-13  8.53377415768743e-13  5.69812947486372e-14     0.931600875944558
POPULATION (lambda : 0.6): 7.0073541283977
TOTAL ENERGY: -127.155565349142	 lambda: 0.7
1RDM (lambda : 0.7): 
     1.99999969709533  3.44110191586447e-08 -5.78986516309675e-06  2.03445314846227e-05 -4.95924981592651e-05  2.33636155826192e-17  5.41066310148968e-16  1.36510337623193e-16 -8.98427584238012e-18  8.04909645909514e-05
 3.44110191586447e-08      1.99999974081939 -1.21424583250452e-05 -1.25374659806684e-05  0.000114362236137283  3.69612408062433e-17  7.38646104371275e-17  -6.2086042924242e-16 -4.44012298101187e-17  0.000335426098234431
