Naturals in-correctTOTAL ENERGY: -124.22558530275	 lambda: -10	 population of target: 3.99194919720676
1RDM: 
     1.99999956633024 -2.44043403681423e-06 -5.44012344176245e-05  0.000246086209641494 -0.000398637085079199  -1.3788495831992e-16 -1.30228260955542e-17 -1.46355648184134e-17  1.47719446896952e-16  0.000665708361342796
-2.44043403681423e-06      1.99998295883793 -0.000291624556750342   0.00107579458910253  -0.00287378641790132 -7.33383641635176e-17 -5.84588883517215e-17 -6.70105775560518e-17  4.76942959679113e-17   0.00463238418673781
-5.44012344176245e-05 -0.000291624556750342      1.99287705197775    0.0327689603239502   -0.0505115887687714  -6.7135270165599e-15  4.73038864966297e-16   4.8481094072371e-16  6.79485172605154e-15    0.0847259204663273
 0.000246086209641494   0.00107579458910253    0.0327689603239502      1.83020504623566     0.174807412604993  6.04125162065743e-15 -1.35404969751551e-16  2.51456432264821e-17 -4.27295746914804e-15    -0.306690480080761
-0.000398637085079199  -0.00287378641790132   -0.0505115887687714     0.174807412604993      1.46771346472624  1.00540416211804e-14 -6.33083312723326e-16 -1.13655053192882e-15  -1.7267965060296e-14     0.852093188088853
 -1.3788495831992e-16 -7.33383641635176e-17  -6.7135270165599e-15  6.04125162065743e-15  1.00540416211804e-14      1.11968079706985  2.47900540375747e-16  0.000952824438862194     0.974987686216947  1.18060924032644e-14
-1.30228260955542e-17 -5.84588883517215e-17  4.73038864966297e-16 -1.35404969751551e-16 -6.33083312723326e-16  2.47900540375747e-16      1.11968079706973    -0.974987686216959  0.000952824438862043 -7.11301782738465e-16
-1.46355648184134e-17 -6.70105775560518e-17   4.8481094072371e-16  2.51456432264821e-17 -1.13655053192882e-15  0.000952824438862194    -0.974987686216959     0.920162172719015 -1.14068566260672e-18  -1.1092383425523e-16
 1.47719446896952e-16  4.76942959679113e-17  6.79485172605154e-15 -4.27295746914804e-15  -1.7267965060296e-14     0.974987686216947  0.000952824438862043 -1.14068566260672e-18     0.920162172718887 -3.16002139244869e-15
 0.000665708361342796   0.00463238418673781    0.0847259204663273    -0.306690480080761     0.852093188088853  1.18060924032644e-14 -7.11301782738465e-16  -1.1092383425523e-16 -3.16002139244869e-15     0.629535972314818
TOTAL ENERGY: -124.22562601131	 lambda: -9.95	 population of target: 3.99195327828883
1RDM: 
     1.99999956508624 -2.44271630352293e-06 -5.44488502528446e-05  0.000246297299355711 -0.000399390875573099 -1.37562486048306e-16 -1.30015570241212e-17 -1.46134552692196e-17  1.47355723302631e-16  0.000667003788079657
-2.44271630352293e-06      1.99998298499756 -0.000291167245727148   0.00107427384257522  -0.00287129336013352 -7.28553163897365e-17 -5.86864591475943e-17 -6.72635257415913e-17  4.71815909807028e-17   0.00462885629019183
-5.44488502528446e-05 -0.000291167245727148      1.99288531751389    0.0327423472253557   -0.0504686509618439 -6.71210041037123e-15  4.72788934698825e-16  4.84563393816461e-16  6.79377600553501e-15    0.0846666530646067
 0.000246297299355711   0.00107427384257522    0.0327423472253557      1.83028177108677     0.174679252129694  6.03713770946625e-15 -1.33840595388944e-16  2.68466697224323e-17 -4.26933527138172e-15    -0.306525906317361
-0.000399390875573099  -0.00287129336013352   -0.0504686509618439     0.174679252129694      1.46777398019776    1.005442335187e-14 -6.32361961405543e-16 -1.13587142836631e-15 -1.72696016105458e-14     0.852084515207774
-1.37562486048306e-16 -7.28553163897365e-17 -6.71210041037123e-15  6.03713770946625e-15    1.005442335187e-14      1.11970149549139  2.50992902640524e-16  0.000952825164643699     0.974988428892929  1.18086413529698e-14
-1.30015570241212e-17 -5.86864591475943e-17  4.72788934698825e-16 -1.33840595388944e-16 -6.32361961405543e-16  2.50992902640524e-16      1.11970149549126    -0.974988428892939   0.00095282516464355  -7.1196320927543e-16
-1.46134552692196e-17 -6.72635257415913e-17  4.84563393816461e-16  2.68466697224323e-17 -1.13587142836631e-15  0.000952825164643699    -0.974988428892939     0.920135136394937 -1.68837426675974e-18 -1.11435486436807e-16
 1.47355723302631e-16  4.71815909807028e-17  6.79377600553501e-15 -4.26933527138172e-15 -1.72696016105458e-14     0.974988428892929   0.00095282516464355 -1.68837426675974e-18     0.920135136394802 -3.16055405022036e-15
 0.000667003788079657   0.00462885629019183    0.0846666530646067    -0.306525906317361     0.852084515207774  1.18086413529698e-14  -7.1196320927543e-16 -1.11435486436807e-16 -3.16055405022036e-15     0.629403117345431
TOTAL ENERGY: -124.225667079763	 lambda: -9.9	 population of target: 3.99195741619234
1RDM: 
     1.99999956384009 -2.44498891075426e-06 -5.44961095804922e-05  0.000246507896388764 -0.000400144164749893 -1.37239659048419e-16 -1.29798789984926e-17 -1.45908983012366e-17  1.46991615472193e-16   0.00066829985923384
-2.44498891075426e-06      1.99998301117906 -0.000290708416301617   0.00107275233581803  -0.00286879304454313 -7.23768210576607e-17 -5.89125881065035e-17 -6.75149097423966e-17  4.66738851570165e-17   0.00462532379184506
-5.44961095804922e-05 -0.000290708416301617      1.99289363478678    0.0327156341659181   -0.0504253859645317 -6.71069496359706e-15   4.7254826408891e-16  4.84326315394782e-16  6.79272733250164e-15    0.0846069968346764
 0.000246507896388764   0.00107275233581803    0.0327156341659181      1.83035846923672     0.174550804044842  6.03324475101799e-15 -1.32346633518015e-16  2.84701827591181e-17 -4.26595334842301e-15    -0.306361441730634
-0.000400144164749893  -0.00286879304454313   -0.0504253859645317     0.174550804044842       1.4678357786076  1.00548702325552e-14 -6.31654159755955e-16  -1.1352088892194e-15 -1.72713239377321e-14     0.852075192895149
-1.37239659048419e-16 -7.23768210576607e-17 -6.71069496359706e-15  6.03324475101799e-15  1.00548702325552e-14      1.11972248725542  2.48202993092103e-16  0.000952825860389048     0.974989140820885  1.18111947265153e-14
-1.29798789984926e-17 -5.89125881065035e-17   4.7254826408891e-16 -1.32346633518015e-16 -6.31654159755955e-16  2.48202993092103e-16       1.1197224872553    -0.974989140820897  0.000952825860388898 -7.12620416132117e-16
-1.45908983012366e-17 -6.75149097423966e-17  4.84326315394782e-16  2.84701827591181e-17  -1.1352088892194e-15  0.000952825860389048    -0.974989140820897     0.920107807032001  3.81595018839451e-18 -1.11939375629957e-16
 1.46991615472193e-16  4.66738851570165e-17  6.79272733250164e-15 -4.26595334842301e-15 -1.72713239377321e-14     0.974989140820885  0.000952825860388898  3.81595018839451e-18     0.920107807031875 -3.16106158232021e-15
  0.00066829985923384   0.00462532379184506    0.0846069968346764    -0.306361441730634     0.852075192895149  1.18111947265153e-14 -7.12620416132117e-16 -1.11939375629957e-16 -3.16106158232021e-15     0.629268953775211
TOTAL ENERGY: -124.225708516058	 lambda: -9.85	 population of target: 3.99196161229769
1RDM: 
      1.9999995625919  -2.4472514708591e-06  -5.4543000458201e-05  0.000246717972551406 -0.000400896878157351 -1.36915717988489e-16 -1.29580213189684e-17 -1.45681487960632e-17  1.46626283249325e-16  0.000669596482847319
 -2.4472514708591e-06      1.99998303738267 -0.000290248044943891   0.00107123005647606  -0.00286628538300744 -7.18983183609914e-17  -5.9138673822896e-17 -6.77662844183893e-17  4.61661279903363e-17   0.00462178667495605
 -5.4543000458201e-05 -0.000290248044943891      1.99290200464799    0.0326888193763927   -0.0503817882788496 -6.70927925863938e-15  4.72307263154654e-16  4.84089044645546e-16   6.7916709566846e-15    0.0845469452634197
 0.000246717972551406   0.00107123005647606    0.0326888193763927      1.83043514083366     0.174422063630705  6.02935091248545e-15 -1.30855021485246e-16  3.00918747813019e-17  -4.2625658237626e-15    -0.306197089035195
-0.000400896878157351  -0.00286628538300744   -0.0503817882788496     0.174422063630705       1.4678988834658  1.00553361129611e-14 -6.30945625036626e-16 -1.13454708650585e-15 -1.72730812368493e-14     0.852065209250394
-1.36915717988489e-16 -7.18983183609914e-17 -6.70927925863938e-15  6.02935091248545e-15  1.00553361129611e-14      1.11974377784158   2.4863492942156e-16   0.00095282652542528     0.974989821325135   1.1813769045467e-14
-1.29580213189684e-17  -5.9138673822896e-17  4.72307263154654e-16 -1.30855021485246e-16 -6.30945625036626e-16   2.4863492942156e-16      1.11974377784145    -0.974989821325146  0.000952826525425133 -7.13278364560682e-16
-1.45681487960632e-17 -6.77662844183893e-17  4.84089044645546e-16  3.00918747813019e-17 -1.13454708650585e-15   0.00095282652542528    -0.974989821325146     0.920080179355958  1.92374046098109e-18 -1.12440922216435e-16
 1.46626283249325e-16  4.61661279903363e-17   6.7916709566846e-15  -4.2625658237626e-15 -1.72730812368493e-14     0.974989821325135  0.000952826525425133  1.92374046098109e-18     0.920080179355827 -3.16156161207011e-15
 0.000669596482847319   0.00462178667495605    0.0845469452634197    -0.306197089035195     0.852065209250394   1.1813769045467e-14 -7.13278364560682e-16 -1.12440922216435e-16 -3.16156161207011e-15     0.629133456683292
TOTAL ENERGY: -124.225750328334	 lambda: -9.8	 population of target: 3.99196586802578
1RDM: 
     1.99999956134174 -2.44950357419749e-06 -5.45895109116918e-05  0.000246927499328703 -0.000401648939690136 -1.36590654879975e-16 -1.29359829315502e-17  -1.4545205627132e-17  1.46259718626457e-16   0.00067089356500645
-2.44950357419749e-06      1.99998306360878 -0.000289786106834167   0.00106970698439516  -0.00286377026893782 -7.14198107065788e-17 -5.93647148152421e-17 -6.80176488651478e-17  4.56583210827378e-17   0.00461824489583908
-5.45895109116918e-05 -0.000289786106834167      1.99291042792355    0.0326619011278151   -0.0503378524784346 -6.70785314874804e-15  4.72065928873536e-16  4.83851581266447e-16  6.79060677817793e-15     0.084486492008689
 0.000246927499328703   0.00106970698439516    0.0326619011278151      1.83051178613352     0.174293026065642   6.0254563488747e-15 -1.29365819532413e-16  3.17116932019822e-17 -4.25917278035471e-15    -0.306032851003462
-0.000401648939690136  -0.00286377026893782   -0.0503378524784346     0.174293026065642      1.46796331894414  1.00558213779463e-14 -6.30236348266188e-16  -1.1338860388441e-15 -1.72748741949946e-14     0.852054551968508
-1.36590654879975e-16 -7.14198107065788e-17 -6.70785314874804e-15   6.0254563488747e-15  1.00558213779463e-14      1.11976537292556  2.46629157556075e-16  0.000952827159129445     0.974990469768188  1.18163646964298e-14
-1.29359829315502e-17 -5.93647148152421e-17  4.72065928873536e-16 -1.29365819532413e-16 -6.30236348266188e-16  2.46629157556075e-16      1.11976537292543      -0.9749904697682    0.0009528271591293 -7.13937066332647e-16
 -1.4545205627132e-17 -6.80176488651478e-17  4.83851581266447e-16  3.17116932019822e-17  -1.1338860388441e-15  0.000952827159129445      -0.9749904697682     0.920052247765495  1.28479420342557e-18 -1.12940079568085e-16
 1.46259718626457e-16  4.56583210827378e-17  6.79060677817793e-15 -4.25917278035471e-15 -1.72748741949946e-14     0.974990469768188    0.0009528271591293  1.28479420342557e-18     0.920052247765365 -3.16205398693376e-15
  0.00067089356500645   0.00461824489583908     0.084486492008689    -0.306032851003462     0.852054551968508  1.18163646964298e-14 -7.13937066332647e-16 -1.12940079568085e-16 -3.16205398693376e-15     0.628996600666442
TOTAL ENERGY: -124.225792524952	 lambda: -9.75	 population of target: 3.9919701848416
1RDM: 
     1.99999956008978 -2.45174480066742e-06  -5.4635628672768e-05  0.000247136447439192 -0.000402400271045514 -1.36264461417118e-16 -1.29137628415004e-17 -1.45220677342669e-17  1.45891913269241e-16  0.000672191008927012
-2.45174480066742e-06      1.99998308985788 -0.000289322576618537   0.00106818309894767  -0.00286124759327042 -7.09412992511237e-17 -5.95907099787879e-17 -6.82690026156484e-17  4.51504646238865e-17   0.00461469840997237
 -5.4635628672768e-05 -0.000289322576618537      1.99291890545677    0.0326348776530059   -0.0502935730165876 -6.70641647503068e-15  4.71824255316347e-16  4.83613921795482e-16  6.78953468508046e-15    0.0844256305901131
 0.000247136447439192   0.00106818309894767    0.0326348776530059      1.83058840540206     0.174163686404796  6.02156115543295e-15 -1.27879069137169e-16  3.33296066449569e-17 -4.25577423279215e-15    -0.305868730470454
-0.000402400271045514  -0.00286124759327042   -0.0502935730165876     0.174163686404796      1.46802910981671  1.00563264087878e-14 -6.29526316011851e-16 -1.13322576061105e-15 -1.72767035017922e-14     0.852043208429957
-1.36264461417118e-16 -7.09412992511237e-17 -6.70641647503068e-15  6.02156115543295e-15  1.00563264087878e-14      1.11978727832695  2.47910406249586e-16  0.000952827760862576     0.974991085496176  1.18189820802031e-14
-1.29137628415004e-17 -5.95907099787879e-17  4.71824255316347e-16 -1.27879069137169e-16 -6.29526316011851e-16  2.47910406249586e-16      1.11978727832682    -0.974991085496188   0.00095282776086243 -7.14596534980565e-16
-1.45220677342669e-17 -6.82690026156484e-17  4.83613921795482e-16  3.33296066449569e-17 -1.13322576061105e-15  0.000952827760862576    -0.974991085496188      0.92002400651731  3.83755604168589e-18 -1.13436801504192e-16
 1.45891913269241e-16  4.51504646238865e-17  6.78953468508046e-15 -4.25577423279215e-15 -1.72767035017922e-14     0.974991085496176   0.00095282776086243  3.83755604168589e-18     0.920024006517182 -3.16253855547287e-15
 0.000672191008927012   0.00461469840997237    0.0844256305901131    -0.305868730470454     0.852043208429957  1.18189820802031e-14 -7.14596534980565e-16 -1.13436801504192e-16 -3.16253855547287e-15     0.628858359688628
TOTAL ENERGY: -124.225835114489	 lambda: -9.7	 population of target: 3.99197456425566
1RDM: 
      1.9999995588361 -2.45397471941099e-06 -5.46813411715249e-05  0.000247344786813095 -0.000403150791658645 -1.35937128877111e-16 -1.28913601405807e-17 -1.44987341539941e-17  1.45522858406689e-16  0.000673488714869027
-2.45397471941099e-06      1.99998311613039 -0.000288857428394834   0.00106665837901825  -0.00285871724438734 -7.04627833049232e-17 -5.98166587503748e-17 -6.85203458241558e-17  4.46425567296099e-17   0.00461114717197022
-5.46813411715249e-05 -0.000288857428394834       1.9929274381085    0.0326077471455796    -0.050248944223019 -6.70496906231035e-15  4.71582232510158e-16  4.83376058347544e-16  6.78845454894455e-15    0.0843643543855019
 0.000247344786813095   0.00106665837901825    0.0326077471455796      1.83066499891493      0.17403403957612  6.01766533872644e-15 -1.26394785000435e-16  3.49456138729066e-17 -4.25237009517603e-15    -0.305704730335634
-0.000403150791658645  -0.00285871724438734    -0.050248944223019      0.17403403957612      1.46809628147869  1.00568515774111e-14 -6.28815508696402e-16 -1.13256626008279e-15 -1.72785698432078e-14     0.852031165690469
-1.35937128877111e-16 -7.04627833049232e-17 -6.70496906231035e-15  6.01766533872644e-15  1.00568515774111e-14      1.11980950001377  2.50396386871972e-16  0.000952828329969077     0.974991667838178  1.18216216141289e-14
-1.28913601405807e-17 -5.98166587503748e-17  4.71582232510158e-16 -1.26394785000435e-16 -6.28815508696402e-16  2.50396386871972e-16      1.11980950001365     -0.97499166783819   0.00095282832996893 -7.15256786370842e-16
-1.44987341539941e-17 -6.85203458241558e-17  4.83376058347544e-16  3.49456138729066e-17 -1.13256626008279e-15  0.000952828329969077     -0.97499166783819      0.91999544972159   4.2315431901419e-18 -1.13931042876557e-16
 1.45522858406689e-16  4.46425567296099e-17  6.78845454894455e-15 -4.25237009517603e-15 -1.72785698432078e-14     0.974991667838178   0.00095282832996893   4.2315431901419e-18     0.919995449721459 -3.16301516947169e-15
 0.000673488714869027   0.00461114717197022    0.0843643543855019    -0.305704730335634     0.852031165690469  1.18216216141289e-14 -7.15256786370842e-16 -1.13931042876557e-16 -3.16301516947169e-15     0.628718707060988
TOTAL ENERGY: -124.225878105755	 lambda: -9.65	 population of target: 3.99197900782527
1RDM: 
     1.99999955758082 -2.45619293850736e-06 -5.47266357472744e-05  0.000247552488172104 -0.000403900422333411 -1.35608026639886e-16 -1.28689567524073e-17 -1.44754071919547e-17  1.45151856336865e-16  0.000674786585902079
-2.45619293850736e-06      1.99998314242638 -0.000288390638543376   0.00106513281847396  -0.00285617914504748 -6.99805075024469e-17 -6.00436690213296e-17 -6.87729108122617e-17  4.41304364346467e-17   0.00460759119452662
-5.47266357472744e-05 -0.000288390638543376        1.992936026803    0.0325805076733214   -0.0502039601120467 -6.70348490467497e-15  4.71332254687329e-16  4.83129533507518e-16  6.78733761284428e-15     0.084302656300061
 0.000247552488172104   0.00106513281847396    0.0325805076733214      1.83074156687876     0.173904080425449  6.01358651842109e-15 -1.24859127352979e-16  3.66196172409382e-17 -4.24875812793549e-15     -0.30554085359215
-0.000403900422333411  -0.00285617914504748   -0.0502039601120467     0.173904080425449      1.46816485973988  1.00573589968539e-14 -6.28092615631416e-16 -1.13189501027394e-15 -1.72804315957511e-14     0.852018410618701
-1.35608026639886e-16 -6.99805075024469e-17 -6.70348490467497e-15  6.01358651842109e-15  1.00573589968539e-14      1.11983204418695  2.48880041071292e-16  0.000952828865740759     0.974992216061549  1.18242968299211e-14
-1.28689567524073e-17 -6.00436690213296e-17  4.71332254687329e-16 -1.24859127352979e-16 -6.28092615631416e-16  2.48880041071292e-16      1.11983204418682     -0.97499221606156  0.000952828865740613 -7.15921702849462e-16
-1.44754071919547e-17 -6.87729108122617e-17  4.83129533507518e-16  3.66196172409382e-17 -1.13189501027394e-15  0.000952828865740759     -0.97499221606156      0.91996657133759  6.25227980138564e-18 -1.14427022885152e-16
 1.45151856336865e-16  4.41304364346467e-17  6.78733761284428e-15 -4.24875812793549e-15 -1.72804315957511e-14     0.974992216061549  0.000952828865740613  6.25227980138564e-18     0.919966571337461 -3.16349807117937e-15
 0.000674786585902079   0.00460759119452662     0.084302656300061     -0.30554085359215     0.852018410618701  1.18242968299211e-14 -7.15921702849462e-16 -1.14427022885152e-16 -3.16349807117937e-15     0.628577615522385
TOTAL ENERGY: -124.225921507808	 lambda: -9.6	 population of target: 3.99198351715831
1RDM: 
      1.9999995563241 -2.45839890200595e-06 -5.47714987880915e-05  0.000247759516602243 -0.000404649070329149 -1.35278403710293e-16 -1.28461807640025e-17 -1.44516734211482e-17  1.44780291676835e-16  0.000676084504309947
-2.45839890200595e-06      1.99998316874716 -0.000287922174166237   0.00106360636296033  -0.00285363310135806 -6.95020702201091e-17 -6.02694906479476e-17  -6.9024197219807e-17  4.36225191816106e-17   0.00460403030772719
-5.47714987880915e-05 -0.000287922174166237       1.9929446723406    0.0325531575324061   -0.0501586151612173 -6.70201607916421e-15  4.71089725249891e-16  4.82891485037749e-16  6.78624166533554e-15    0.0842405301155123
 0.000247759516602243   0.00106360636296033    0.0325531575324061       1.8308181097565     0.173773803516986  6.00969388056025e-15 -1.23381415120356e-16  3.82300383777778e-17 -4.24534741970836e-15    -0.305377103213214
-0.000404649070329149  -0.00285363310135806   -0.0501586151612173     0.173773803516986      1.46823487174091  1.00579265147664e-14 -6.27380530854913e-16 -1.13123746051424e-15 -1.72823751515055e-14     0.852004929293979
-1.35278403710293e-16 -6.95020702201091e-17 -6.70201607916421e-15  6.00969388056025e-15  1.00579265147664e-14      1.11985491700652  2.46809696770558e-16  0.000952829367561829     0.974992729546698  1.18269816173578e-14
-1.28461807640025e-17 -6.02694906479476e-17  4.71089725249891e-16 -1.23381415120356e-16 -6.27380530854913e-16  2.46809696770558e-16       1.1198549170064     -0.97499272954671  0.000952829367561683 -7.16583447676851e-16
-1.44516734211482e-17  -6.9024197219807e-17  4.82891485037749e-16  3.82300383777778e-17 -1.13123746051424e-15  0.000952829367561829     -0.97499272954671     0.919937365121895  5.24096616217091e-18 -1.14916029145942e-16
 1.44780291676835e-16  4.36225191816106e-17  6.78624166533554e-15 -4.24534741970836e-15 -1.72823751515055e-14     0.974992729546698  0.000952829367561683  5.24096616217091e-18     0.919937365121768    -3.16395794079e-15
 0.000676084504309947   0.00460403030772719    0.0842405301155123    -0.305377103213214     0.852004929293979  1.18269816173578e-14 -7.16583447676851e-16 -1.14916029145942e-16    -3.16395794079e-15     0.628435056834232
TOTAL ENERGY: -124.225965329946	 lambda: -9.55	 population of target: 3.99198809391262
1RDM: 
     1.99999955506604 -2.46059219873344e-06 -5.48159169914037e-05  0.000247965841204918 -0.000405396651832677 -1.34947609187701e-16 -1.28232211204182e-17 -1.44277429439436e-17   1.4440744432383e-16  0.000677382367212775
-2.46059219873344e-06      1.99998319509275 -0.000287452010681307    0.0010620790065689  -0.00285107903352179 -6.90235915602303e-17 -6.04952745223878e-17 -6.92754851505733e-17  4.31145060947327e-17   0.00460046452730823
-5.48159169914037e-05 -0.000287452010681307      1.99295337568816    0.0325256946964836   -0.0501129030983979 -6.70053573117775e-15  4.70846744001558e-16  4.82653128600634e-16  6.78513701288805e-15    0.0841779684005114
 0.000247965841204918    0.0010620790065689    0.0325256946964836      1.83089462776906     0.173643203415941  6.00579895146201e-15 -1.21905708183937e-16  3.98391135718549e-17 -4.24192897941244e-15    -0.305213482333205
-0.000405396651832677  -0.00285107903352179   -0.0501129030983979     0.173643203415941      1.46830634464773  1.00585149915213e-14 -6.26667503155004e-16 -1.13058059666412e-15 -1.72843575158242e-14     0.851990707879394
-1.34947609187701e-16 -6.90235915602303e-17 -6.70053573117775e-15  6.00579895146201e-15  1.00585149915213e-14      1.11987812495038  2.48652111871385e-16  0.000952829834682434     0.974993207524473  1.18296899929179e-14
-1.28232211204182e-17 -6.04952745223878e-17  4.70846744001558e-16 -1.21905708183937e-16 -6.26667503155004e-16  2.48652111871385e-16      1.11987812495025    -0.974993207524486   0.00095282983468229 -7.17246061769087e-16
-1.44277429439436e-17 -6.92754851505733e-17  4.82653128600634e-16  3.98391135718549e-17 -1.13058059666412e-15  0.000952829834682434    -0.974993207524486     0.919907824770347   2.6078514113405e-18 -1.15402452604879e-16
  1.4440744432383e-16  4.31145060947327e-17  6.78513701288805e-15 -4.24192897941244e-15 -1.72843575158242e-14     0.974993207524473   0.00095282983468229   2.6078514113405e-18     0.919907824770215 -3.16440952103753e-15
 0.000677382367212775   0.00460046452730823    0.0841779684005114    -0.305213482333205     0.851990707879394  1.18296899929179e-14 -7.17246061769087e-16 -1.15402452604879e-16 -3.16440952103753e-15     0.628291002295112
TOTAL ENERGY: -124.226009581726	 lambda: -9.5	 population of target: 3.99199273979937
1RDM: 
     1.99999955380679 -2.46277235141464e-06 -5.48598764892891e-05  0.000248171428496219 -0.000406143076489594 -1.34615627847363e-16 -1.28000786276193e-17 -1.44036167053444e-17  1.44033298411786e-16  0.000678680062056861
-2.46277235141464e-06      1.99998322146367 -0.000286980119832096   0.00106055072608728  -0.00284851681885763 -6.85450338517652e-17 -6.07210305444923e-17 -6.95267864758396e-17  4.26063541972074e-17   0.00459689380414121
-5.48598764892891e-05 -0.000286980119832096       1.9929621377821    0.0324981171905616   -0.0500668177220308 -6.69904341957298e-15  4.70603227976589e-16  4.82414375409077e-16  6.78402323862118e-15    0.0841149639239588
 0.000248171428496219   0.00106055072608728    0.0324981171905616      1.83097112123435     0.173512274497479  6.00189994549501e-15 -1.20431511438812e-16  4.14474103820812e-17 -4.23850072481694e-15    -0.305049994128099
-0.000406143076489594  -0.00284851681885763   -0.0500668177220308     0.173512274497479      1.46837930654543  1.00591244639475e-14  -6.2595340386956e-16 -1.12992430894888e-15 -1.72863790326725e-14     0.851975732022973
-1.34615627847363e-16 -6.85450338517652e-17 -6.69904341957298e-15  6.00189994549501e-15  1.00591244639475e-14      1.11990167462378  2.45550599069654e-16  0.000952830266373271     0.974993649249494  1.18324225453358e-14
-1.28000786276193e-17 -6.07210305444923e-17  4.70603227976589e-16 -1.20431511438812e-16  -6.2595340386956e-16  2.45550599069654e-16      1.11990167462366    -0.974993649249505  0.000952830266373128 -7.17909598828621e-16
-1.44036167053444e-17 -6.95267864758396e-17  4.82414375409077e-16  4.14474103820812e-17 -1.12992430894888e-15  0.000952830266373271    -0.974993649249505     0.919877943767481   6.6662788155868e-18 -1.15886283191503e-16
 1.44033298411786e-16  4.26063541972074e-17  6.78402323862118e-15 -4.23850072481694e-15 -1.72863790326725e-14     0.974993649249494  0.000952830266373128   6.6662788155868e-18     0.919877943767352 -3.16485278727369e-15
 0.000678680062056861   0.00459689380414121    0.0841149639239588    -0.305049994128099     0.851975732022973  1.18324225453358e-14 -7.17909598828621e-16 -1.15886283191503e-16 -3.16485278727369e-15     0.628145422385455
TOTAL ENERGY: -124.226054272969	 lambda: -9.45	 population of target: 3.99199745658473
1RDM: 
      1.9999995525465 -2.46493886968328e-06 -5.49033630521188e-05  0.000248376244030933 -0.000406888251202623 -1.34282443411694e-16 -1.27767543113741e-17  -1.4379295895685e-17  1.43657836938114e-16  0.000679977472661079
-2.46493886968328e-06      1.99998324786042 -0.000286506472706442   0.00105902149771726  -0.00284594633164737 -6.80663538455932e-17 -6.09467699429044e-17 -6.97781145691579e-17  4.20980142948527e-17   0.00459331808800391
-5.49033630521188e-05 -0.000286506472706442       1.9929709595797    0.0324704229930955   -0.0500203526846117 -6.69753866083571e-15  4.70359084682535e-16  4.82175126147506e-16  6.78289988041979e-15    0.0840515092859477
 0.000248376244030933   0.00105902149771726    0.0324704229930955      1.83104759048141     0.173381010988303  5.99799480898631e-15 -1.18958265193808e-16  4.30555687699101e-17 -4.23506027368074e-15    -0.304886641849764
-0.000406888251202623  -0.00284594633164737   -0.0500203526846117     0.173381010988303      1.46845378624612  1.00597549234459e-14 -6.25238090145722e-16  -1.1292684726545e-15 -1.72884400035192e-14     0.851959986991187
-1.34282443411694e-16 -6.80663538455932e-17 -6.69753866083571e-15  5.99799480898631e-15  1.00597549234459e-14      1.11992557280517  2.45780660747341e-16  0.000952830661885354     0.974994053956385  1.18351798933816e-14
-1.27767543113741e-17 -6.09467699429044e-17  4.70359084682535e-16 -1.18958265193808e-16 -6.25238090145722e-16  2.45780660747341e-16      1.11992557280505    -0.974994053956397  0.000952830661885213 -7.18574117351063e-16
 -1.4379295895685e-17 -6.97781145691579e-17  4.82175126147506e-16  4.30555687699101e-17  -1.1292684726545e-15  0.000952830661885354    -0.974994053956397     0.919847715427137  8.56156094560496e-18 -1.16367514313158e-16
 1.43657836938114e-16  4.20980142948527e-17  6.78289988041979e-15 -4.23506027368074e-15 -1.72884400035192e-14     0.974994053956385  0.000952830661885213  8.56156094560496e-18     0.919847715427009 -3.16528773029863e-15
 0.000679977472661079   0.00459331808800391    0.0840515092859477    -0.304886641849764     0.851959986991187  1.18351798933816e-14 -7.18574117351063e-16 -1.16367514313158e-16 -3.16528773029863e-15     0.627998286821595
TOTAL ENERGY: -124.226099413769	 lambda: -9.4	 population of target: 3.99200224609215
1RDM: 
     1.99999955128528 -2.46709124965506e-06 -5.49463620774654e-05  0.000248580252371818  -0.00040763208004008 -1.33948040901645e-16 -1.27532487232738e-17  -1.4354781179091e-17  1.43281044370191e-16  0.000681274479091193
-2.46709124965506e-06       1.9999832742835  -0.00028603103971625   0.00105749129705431  -0.00284336744306728 -6.75875172083745e-17 -6.11725010566044e-17 -7.00294796176667e-17  4.15894470291464e-17   0.00458973732758158
-5.49463620774654e-05  -0.00028603103971625      1.99297984205979    0.0324426100344539   -0.0499735014880722 -6.69602102690309e-15  4.70114240917311e-16  4.81935303035857e-16  6.78176653945487e-15    0.0839875969121513
 0.000248580252371818   0.00105749129705431    0.0324426100344539      1.83112403585195     0.173249406962528  5.99408192509051e-15 -1.17485550067281e-16  4.46640731742833e-17 -4.23160572497188e-15    -0.304723428828525
 -0.00040763208004008  -0.00284336744306728   -0.0499735014880722     0.173249406962528      1.46852981331184  1.00604064638246e-14 -6.24521447816302e-16 -1.12861299577275e-15   -1.729054085121e-14     0.851943457655942
-1.33948040901645e-16 -6.75875172083745e-17 -6.69602102690309e-15  5.99408192509051e-15  1.00604064638246e-14      1.11994982645429  2.46312630608695e-16   0.00095283102045025     0.974994420859601  1.18379626357713e-14
-1.27532487232738e-17 -6.11725010566044e-17  4.70114240917311e-16 -1.17485550067281e-16 -6.24521447816302e-16  2.46312630608695e-16      1.11994982645417    -0.974994420859612  0.000952831020450109 -7.19239666058706e-16
 -1.4354781179091e-17 -7.00294796176667e-17  4.81935303035857e-16  4.46640731742833e-17 -1.12861299577275e-15   0.00095283102045025    -0.974994420859612     0.919817132882806   1.0865733737226e-17 -1.16846126717821e-16
 1.43281044370191e-16  4.15894470291464e-17  6.78176653945487e-15 -4.23160572497188e-15   -1.729054085121e-14     0.974994420859601  0.000952831020450109   1.0865733737226e-17      0.91981713288268 -3.16571430073368e-15
 0.000681274479091193   0.00458973732758158    0.0839875969121513    -0.304723428828525     0.851943457655942  1.18379626357713e-14 -7.19239666058706e-16 -1.16846126717821e-16 -3.16571430073368e-15      0.62784956453373
TOTAL ENERGY: -124.226145014508	 lambda: -9.35	 population of target: 3.99200711020457
1RDM: 
     1.99999955002332 -2.46922897391503e-06 -5.49888585885635e-05  0.000248783417088458  -0.00040837446421213 -1.33612408722727e-16  -1.2729561346442e-17 -1.43300720326308e-17  1.42902908957559e-16  0.000682570957645607
-2.46922897391503e-06      1.99998330073344 -0.000285553790595479   0.00105596009908899  -0.00284078002116014 -6.71085113533586e-17 -6.13982257319459e-17 -7.02808846164943e-17  4.10806370903344e-17   0.00458615147054116
-5.49888585885635e-05 -0.000285553790595479      1.99298878622292     0.032414676196427   -0.0499262574814788 -6.69449023178611e-15   4.6986866740002e-16  4.81694877243745e-16  6.78062297628456e-15    0.0839232190520958
 0.000248783417088458   0.00105596009908899     0.032414676196427      1.83120045770154     0.173117456337115  5.99016073691321e-15  -1.1601326173007e-16  4.62730580641956e-17 -4.22813634963646e-15    -0.304560358475664
 -0.00040837446421213  -0.00284078002116014   -0.0499262574814788     0.173117456337115      1.46860741807878  1.00610794120845e-14 -6.23803427976923e-16  -1.1279578596622e-15 -1.72926822650071e-14     0.851926128480815
-1.33612408722727e-16 -6.71085113533586e-17 -6.69449023178611e-15  5.99016073691321e-15  1.00610794120845e-14      1.11997444272085  2.47095945225923e-16  0.000952831341280069     0.974994749153049  1.18407713074399e-14
 -1.2729561346442e-17 -6.13982257319459e-17   4.6986866740002e-16  -1.1601326173007e-16 -6.23803427976923e-16  2.47095945225923e-16      1.11997444272072    -0.974994749153061  0.000952831341279928 -7.19906271632259e-16
-1.43300720326308e-17 -7.02808846164943e-17  4.81694877243745e-16  4.62730580641956e-17  -1.1279578596622e-15  0.000952831341280069    -0.974994749153061     0.919786189077817  7.62981263136295e-18 -1.17322074893625e-16
 1.42902908957559e-16  4.10806370903344e-17  6.78062297628456e-15 -4.22813634963646e-15 -1.72926822650071e-14     0.974994749153049  0.000952831341279928  7.62981263136295e-18     0.919786189077686 -3.16613236038656e-15
 0.000682570957645607   0.00458615147054116    0.0839232190520958    -0.304560358475664     0.851926128480815  1.18407713074399e-14 -7.19906271632259e-16 -1.17322074893625e-16 -3.16613236038656e-15     0.627699223642924
TOTAL ENERGY: -124.226191085859	 lambda: -9.3	 population of target: 3.99201205086664
1RDM: 
     1.99999954876076 -2.47135151170136e-06 -5.50308372377129e-05  0.000248985700768443 -0.000409115302084286 -1.33275539551459e-16 -1.27056903702855e-17 -1.43051664956454e-17  1.42523423714611e-16  0.000683866780903185
-2.47135151170136e-06      1.99998332721081 -0.000285074694404861   0.00105442787819861  -0.00283818393077985  -6.6629350773989e-17 -6.16239379723171e-17  -7.0532323866538e-17  4.05715991278675e-17   0.00458256046357508
-5.50308372377129e-05 -0.000285074694404861       1.9929977930911    0.0323866193122058   -0.0498786138601988 -6.69294616811616e-15  4.69622388043263e-16  4.81453879221441e-16  6.77946915142065e-15    0.0838583677800363
 0.000248985700768443   0.00105442787819861    0.0323866193122058      1.83127685640107     0.172985152865628  5.98623200515965e-15 -1.14541676060843e-16  4.78822353650607e-17 -4.22465287635551e-15    -0.304397434284321
-0.000409115302084286  -0.00283818393077985   -0.0498786138601988     0.172985152865628       1.4686866316831  1.00617743829174e-14 -6.23084060645589e-16 -1.12730313426236e-15 -1.72948652611969e-14     0.851907983506964
-1.33275539551459e-16  -6.6629350773989e-17 -6.69294616811616e-15  5.98623200515965e-15  1.00617743829174e-14      1.11999942895118  2.42913867819138e-16  0.000952831623566969     0.974995038009449  1.18436063623411e-14
-1.27056903702855e-17 -6.16239379723171e-17  4.69622388043263e-16 -1.14541676060843e-16 -6.23084060645589e-16  2.42913867819138e-16      1.11999942895105    -0.974995038009459  0.000952831623566831 -7.20573934322219e-16
-1.43051664956454e-17  -7.0532323866538e-17  4.81453879221441e-16  4.78822353650607e-17 -1.12730313426236e-15  0.000952831623566969    -0.974995038009459     0.919754876758332  9.69025716643048e-18 -1.17795282164832e-16
 1.42523423714611e-16  4.05715991278675e-17  6.77946915142065e-15 -4.22465287635551e-15 -1.72948652611969e-14     0.974995038009449  0.000952831623566831  9.69025716643048e-18     0.919754876758203  -3.1665416627452e-15
 0.000683866780903185   0.00458256046357508    0.0838583677800363    -0.304397434284321     0.851907983506964  1.18436063623411e-14 -7.20573934322219e-16 -1.17795282164832e-16  -3.1665416627452e-15     0.627547231434382
TOTAL ENERGY: -124.226237638799	 lambda: -9.25	 population of target: 3.99201707008719
1RDM: 
     1.99999954749779 -2.47345831888734e-06  -5.5072282304749e-05  0.000249187065012642 -0.000409854489155143 -1.32937428956963e-16 -1.26816331205114e-17 -1.42800616476554e-17  1.42142584893922e-16  0.000685161817714956
-2.47345831888734e-06      1.99998335371615  -0.00028459371952871   0.00105289460813722  -0.00283557903349126 -6.61500684529601e-17 -6.18496265653974e-17 -7.07837858945171e-17  4.00623682361215e-17    0.0045789642523894
 -5.5072282304749e-05  -0.00028459371952871      1.99300686370787     0.032358437165988   -0.0498305636639444 -6.69138884954707e-15  4.69375462028596e-16  4.81212378768734e-16  6.77830516151295e-15    0.0837930349942722
 0.000249187065012642   0.00105289460813722     0.032358437165988      1.83135323233704     0.172852490131588  5.98229738905539e-15 -1.13071321201687e-16  4.94910367344582e-17 -4.22115702710565e-15    -0.304234659831164
-0.000409854489155143  -0.00283557903349126   -0.0498305636639444     0.172852490131588      1.46876748608864  1.00624921916114e-14 -6.22363427987665e-16 -1.12664894839722e-15 -1.72970910869851e-14     0.851889006338616
-1.32937428956963e-16 -6.61500684529601e-17 -6.69138884954707e-15  5.98229738905539e-15  1.00624921916114e-14      1.12002479269269  2.46479314193739e-16  0.000952831866481707     0.974995286579257  1.18464682045008e-14
-1.26816331205114e-17 -6.18496265653974e-17  4.69375462028596e-16 -1.13071321201687e-16 -6.22363427987665e-16  2.46479314193739e-16      1.12002479269256    -0.974995286579267  0.000952831866481568  -7.2124263723803e-16
-1.42800616476554e-17 -7.07837858945171e-17  4.81212378768734e-16  4.94910367344582e-17 -1.12664894839722e-15  0.000952831866481707    -0.974995286579267     0.919723188470211  1.07771994706274e-17  -1.1826565088093e-16
 1.42142584893922e-16  4.00623682361215e-17  6.77830516151295e-15 -4.22115702710565e-15 -1.72970910869851e-14     0.974995286579257  0.000952831866481568  1.07771994706274e-17     0.919723188470082 -3.16694188646682e-15
 0.000685161817714956    0.0045789642523894    0.0837930349942722    -0.304234659831164     0.851889006338616  1.18464682045008e-14  -7.2124263723803e-16  -1.1826565088093e-16 -3.16694188646682e-15     0.627393554327044
TOTAL ENERGY: -124.226284684617	 lambda: -9.2	 population of target: 3.99202216994169
1RDM: 
     1.99999954623453 -2.47554883750092e-06   -5.511317768474e-05  0.000249387470397609 -0.000410591917955271 -1.32598073165822e-16 -1.26573867144745e-17 -1.42547543369542e-17   1.4176038951077e-16  0.000686455933068733
-2.47554883750092e-06         1.99998338025 -0.000284110833651659   0.00105136026200591  -0.00283296518741548 -6.56707020870144e-17 -6.20752790673669e-17   -7.103525788279e-17  3.95529846954433e-17   0.00457536278160921
  -5.511317768474e-05 -0.000284110833651659      1.99301599913891    0.0323301274914229   -0.0497820997720086   -6.689818317725e-15   4.6912795656984e-16  4.80970454735701e-16  6.77713113626135e-15    0.0837272124119942
 0.000249387470397609   0.00105136026200591    0.0323301274914229      1.83142958591145     0.172719461541396  5.97835877627341e-15 -1.11602783961298e-16   5.1098828943933e-17 -4.21765077434832e-15    -0.304072038777914
-0.000410591917955271  -0.00283296518741548   -0.0497820997720086     0.172719461541396       1.4688500141153  1.00632337143342e-14 -6.21641623771438e-16 -1.12599544477741e-15 -1.72993610661515e-14     0.851869180128453
-1.32598073165822e-16 -6.56707020870144e-17   -6.689818317725e-15  5.97835877627341e-15  1.00632337143342e-14      1.12005054169778  2.42347807091004e-16  0.000952832069172067     0.974995493989452    1.184935723654e-14
-1.26573867144745e-17 -6.20752790673669e-17   4.6912795656984e-16 -1.11602783961298e-16 -6.21641623771438e-16  2.42347807091004e-16      1.12005054169766    -0.974995493989463  0.000952832069171929 -7.21912360164452e-16
-1.42547543369542e-17   -7.103525788279e-17  4.80970454735701e-16   5.1098828943933e-17 -1.12599544477741e-15  0.000952832069172067    -0.974995493989463     0.919691116556655  8.74715065082298e-18 -1.18733077597711e-16
  1.4176038951077e-16  3.95529846954433e-17  6.77713113626135e-15 -4.21765077434832e-15 -1.72993610661515e-14     0.974995493989452  0.000952832069171929  8.74715065082298e-18     0.919691116556528 -3.16733268802577e-15
 0.000686455933068733   0.00457536278160921    0.0837272124119942    -0.304072038777914     0.851869180128453    1.184935723654e-14 -7.21912360164452e-16 -1.18733077597711e-16 -3.16733268802577e-15     0.627238157841226
TOTAL ENERGY: -124.22633223493	 lambda: -9.15	 population of target: 3.99202735257517
1RDM: 
     1.99999954497118 -2.47762249501785e-06 -5.51535068699338e-05  0.000249586876422262 -0.000411327477902918 -1.32257467244589e-16 -1.26329485689195e-17 -1.42292417452656e-17  1.41376833330744e-16  0.000687748987883951
-2.47762249501785e-06      1.99998340681296 -0.000283626003726904   0.00104982481222754  -0.00283034224708544  -6.5191282998932e-17 -6.23008848790383e-17  -7.1286729090852e-17  3.90434816874115e-17   0.00457175599470002
-5.51535068699338e-05 -0.000283626003726904       1.9930252004731     0.032301687969443   -0.0497332148967725  -6.6882345668301e-15  4.68879925844757e-16  4.80728171579796e-16  6.77594715482294e-15    0.0836608915613037
 0.000249586876422262   0.00104982481222754     0.032301687969443       1.8315059175417      0.17258606031805  5.97441774457612e-15 -1.10136560535071e-16   5.2705080016178e-17 -4.21413574409081e-15    -0.303909574874119
