The Davidson algorithm did not converge.lambda: -1
The Davidson algorithm did not converge.lambda: -0.9
The Davidson algorithm did not converge.lambda: -0.8
The Davidson algorithm did not converge.lambda: -0.7
The Davidson algorithm did not converge.lambda: -0.6
The Davidson algorithm did not converge.lambda: -0.5
The Davidson algorithm did not converge.lambda: -0.4
The Davidson algorithm did not converge.lambda: -0.3
The Davidson algorithm did not converge.lambda: -0.2
The Davidson algorithm did not converge.lambda: -0.1
TOTAL ENERGY: -127.174417562947	 lambda: 0
1RDM (lambda : 0): 
      1.9999999541715  -8.9295383289563e-09  -5.5092957620526e-06 -5.41541537639455e-06  0.000138366962497252  7.40869153190387e-15  3.60857035883511e-15  8.01327497462305e-15  1.59376862447651e-14 -5.22278829539559e-05
 -8.9295383289563e-09      1.99999923285167  3.16662140412837e-06 -4.90696399313602e-05 -8.09770477046514e-05  6.54286563660785e-16   5.6935957693838e-16 -4.41200208523868e-16 -1.62873690562819e-15   0.00010449919496932
 -5.5092957620526e-06  3.16662140412837e-06      1.99912755678575 -0.000889610774665148    0.0224507031005688  1.41299874402327e-12  6.60938370359659e-13  1.90003599051218e-12  3.72581191138313e-12   0.00134100873587935
-5.41541537639455e-06 -4.90696399313602e-05 -0.000889610774665148      1.99328855344751    0.0219803438415528 -9.38925786116129e-13 -5.53115186823252e-13  1.23803302201184e-12  2.21289048487178e-12    0.0574839562952291
 0.000138366962497252 -8.09770477046514e-05    0.0224507031005688    0.0219803438415528      1.38775750647464  4.58415089116608e-11  2.35206959613022e-11    5.643276441165e-11  1.10641998310077e-10 -0.000157109335213619
 7.40869153190387e-15  6.54286563660785e-16  1.41299874402327e-12 -9.38925786116129e-13  4.58415089116608e-11      1.05800283320139  1.02772258935198e-14 -3.64017930842666e-05    0.0101045667880937  -4.9732697446842e-11
 3.60857035883511e-15   5.6935957693838e-16  6.60938370359659e-13 -5.53115186823252e-13  2.35206959613022e-11  1.02772258935198e-14      1.05800283320147    0.0101045667869425  3.64017930813542e-05 -2.52181514166629e-11
 8.01327497462305e-15 -4.41200208523868e-16  1.90003599051218e-12  1.23803302201184e-12    5.643276441165e-11 -3.64017930842666e-05    0.0101045667869425     0.942103339072633 -1.05142960566921e-14 -2.79566602498605e-11
 1.59376862447651e-14 -1.62873690562819e-15  3.72581191138313e-12  2.21289048487178e-12  1.10641998310077e-10    0.0101045667880937  3.64017930813542e-05 -1.05142960566921e-14     0.942103339072707 -5.40506903896028e-11
-5.22278829539559e-05   0.00010449919496932   0.00134100873587935    0.0574839562952291 -0.000157109335213619  -4.9732697446842e-11 -2.52181514166629e-11 -2.79566602498605e-11 -5.40506903896028e-11     0.619614851720772
POPULATION (lambda : 0): 6.89840950368865
TOTAL ENERGY: -127.171802436695	 lambda: 0.1
1RDM (lambda : 0.1): 
     1.99999994936879  1.08853978367672e-08  -6.3069397644889e-06 -3.59439050335413e-06  0.000165695340732942 -7.27835872390457e-15 -3.89708539209724e-15   1.3047525174821e-15  2.84339412218182e-15 -4.42517965573439e-05
 1.08853978367672e-08      1.99999972920833  2.99472416872991e-06 -1.68554405485038e-05 -0.000135158820297851  7.81337043654052e-15   4.2888963530229e-15  2.45735637568386e-16 -1.40042921267845e-16  0.000114668144190326
 -6.3069397644889e-06  2.99472416872991e-06      1.99901059895665 -0.000839872373860834    0.0267621567508902  -1.9449242999116e-12 -1.06107380249344e-12  1.28888768506834e-13  2.92960438437805e-13   0.00121323293591486
-3.59439050335413e-06 -1.68554405485038e-05 -0.000839872373860834      1.99521974897417    0.0173589571312867 -2.51436473119784e-12 -1.29157860865263e-12  5.06822249007732e-13  8.29051562461383e-13    0.0635617497738022
 0.000165695340732942 -0.000135158820297851    0.0267621567508902    0.0173589571312867        1.224284356166 -1.38580847431485e-11 -7.54984376013066e-12  5.84155944606876e-12  1.12996532269669e-11    0.0293523047310988
-7.27835872390457e-15  7.81337043654052e-15  -1.9449242999116e-12 -2.51436473119784e-12 -1.38580847431485e-11      1.03390846651994 -7.51143329009649e-16 -2.36909262909837e-05   0.00657622687955282  2.05699930751553e-12
-3.89708539209724e-15   4.2888963530229e-15 -1.06107380249344e-12 -1.29157860865263e-12 -7.54984376013066e-12 -7.51143329009649e-16      1.03390846652012   0.00657622687889765  2.36909262878937e-05   9.4907075073427e-13
  1.3047525174821e-15  2.45735637568386e-16  1.28888768506834e-13  5.06822249007732e-13  5.84155944606876e-12 -2.36909262909837e-05   0.00657622687889765     0.966142960055937  1.02292184558841e-16  3.63409361835588e-12
 2.84339412218182e-15 -1.40042921267845e-16  2.92960438437805e-13  8.29051562461383e-13  1.12996532269669e-11   0.00657622687955282  2.36909262878937e-05  1.02292184558841e-16     0.966142960056116  6.60224422013349e-12
-4.42517965573439e-05  0.000114668144190326   0.00121323293591486    0.0635617497738022    0.0293523047310988  2.05699930751553e-12   9.4907075073427e-13  3.63409361835588e-12  6.60224422013349e-12     0.781382764173989
POPULATION (lambda : 0.1): 6.97132056157732
TOTAL ENERGY: -127.16949785196	 lambda: 0.2
1RDM (lambda : 0.2): 
     1.99999994672625  1.77581661727325e-08 -6.59942343748336e-06 -2.72948675818868e-06  0.000175187296819981 -7.47750849863597e-15 -3.93696928151762e-15  1.94231312888678e-15  3.91348269300347e-15 -3.88732518327641e-05
 1.77581661727325e-08      1.99999984504337   3.4179682085854e-06 -1.00569663279172e-05 -0.000151696415348445  8.66638017337394e-15  4.71549845036901e-15 -3.44416051206448e-16 -1.19148290244071e-15  0.000110681945429585
-6.59942343748336e-06   3.4179682085854e-06      1.99897736468892  -0.00071564478027635    0.0280996949332003 -1.92181730257942e-12 -1.03380293949856e-12  2.70693894084943e-13  5.27315213177315e-13   0.00109606386264084
-2.72948675818868e-06 -1.00569663279172e-05  -0.00071564478027635      1.99551814178638    0.0144009025666488 -2.38628617027943e-12 -1.21608132597827e-12  4.39923469206773e-13  7.03868314717264e-13    0.0654235097436435
 0.000175187296819981 -0.000151696415348445    0.0280996949332003    0.0144009025666488      1.16350192875829 -8.26682921335175e-12 -4.33820881747892e-12  5.32361103570903e-12  9.79479147151154e-12    0.0298115695222472
-7.47750849863597e-15  8.66638017337394e-15 -1.92181730257942e-12 -2.38628617027943e-12 -8.26682921335175e-12      1.02484948312582  1.20928671859956e-15 -1.80427809892418e-05   0.00500838435205004  3.17866179592868e-13
-3.93696928151762e-15  4.71549845036901e-15 -1.03380293949856e-12 -1.21608132597827e-12 -4.33820881747892e-12  1.20928671859956e-15      1.02484948312594   0.00500838435156586  1.80427809874578e-05 -8.91841207773887e-14
 1.94231312888678e-15 -3.44416051206448e-16  2.70693894084943e-13  4.39923469206773e-13  5.32361103570903e-12 -1.80427809892418e-05   0.00500838435156586     0.975190545101844 -1.61908636944327e-15  1.76567858390996e-12
 3.91348269300347e-15 -1.19148290244071e-15  5.27315213177315e-13  7.03868314717264e-13  9.79479147151154e-12   0.00500838435205004  1.80427809874578e-05 -1.61908636944327e-15     0.975190545101958  3.42611609593719e-12
-3.88732518327641e-05  0.000110681945429585   0.00109606386264084    0.0654235097436435    0.0298115695222472  3.17866179592868e-13 -8.91841207773887e-14  1.76567858390996e-12  3.42611609593719e-12     0.841922716541234
POPULATION (lambda : 0.2): 6.9877212442546
TOTAL ENERGY: -127.168016941444	 lambda: 0.3
1RDM (lambda : 0.3): 
     1.99999994418515  2.05412230676094e-08 -6.76877718264579e-06 -2.24889309091927e-06  0.000179738475835118 -7.75757660514026e-15 -4.08146708256635e-15  2.06680704651881e-15   4.1406287399929e-15 -3.54219887422629e-05
 2.05412230676094e-08      1.99999988955963  3.66230075557748e-06 -7.74659000543735e-06 -0.000157091896603558  9.02383456179256e-15  4.89838502532902e-15 -4.86842522445546e-16 -1.44737519860778e-15  0.000105923971283789
-6.76877718264579e-06  3.66230075557748e-06      1.99897078696556 -0.000607669957002686    0.0285497645607158 -1.94421810483725e-12 -1.04636221816905e-12  2.88366506215725e-13  5.60554571603753e-13  0.000776828320068996
-2.24889309091927e-06 -7.74659000543735e-06 -0.000607669957002686      1.99555932837037    0.0123240271264543  -2.2864630313362e-12 -1.16196063995157e-12    3.712003589792e-13   5.7601429095271e-13     0.066504618130824
 0.000179738475835118 -0.000157091896603558    0.0285497645607158    0.0123240271264543      1.13480744752841 -6.84567611832207e-12 -3.58922683319625e-12  4.37460829458827e-12  8.04884695797677e-12     0.028351286156642
-7.75757660514026e-15  9.02383456179256e-15 -1.94421810483725e-12  -2.2864630313362e-12 -6.84567611832207e-12      1.02055723164025 -6.14517063355125e-15 -1.52328417970925e-05   0.00422839777003922  2.38451328747321e-14
-4.08146708256635e-15  4.89838502532902e-15 -1.04636221816905e-12 -1.16196063995157e-12 -3.58922683319625e-12 -6.14517063355125e-15      1.02055723164038   0.00422839776964566  1.52328417928507e-05 -1.97873137314658e-13
 2.06680704651881e-15 -4.86842522445546e-16  2.88366506215725e-13    3.712003589792e-13  4.37460829458827e-12 -1.52328417970925e-05   0.00422839776964566     0.979479008425952   5.6693170389694e-15  1.55796739234951e-12
  4.1406287399929e-15 -1.44737519860778e-15  5.60554571603753e-13   5.7601429095271e-13  8.04884695797677e-12   0.00422839777003922  1.52328417928507e-05   5.6693170389694e-15     0.979479008426083  3.00895765504055e-12
-3.54219887422629e-05  0.000105923971283789  0.000776828320068996     0.066504618130824     0.028351286156642  2.38451328747321e-14 -1.97873137314658e-13  1.55796739234951e-12  3.00895765504055e-12     0.870590123258203
POPULATION (lambda : 0.3): 6.99380714766216
TOTAL ENERGY: -127.166960382296	 lambda: 0.4
1RDM (lambda : 0.4): 
     1.99999994117106   2.1634090206839e-08 -6.90606679289697e-06 -1.96182396411766e-06  0.000182274598176146 -7.92303257389674e-15 -4.16615024487728e-15  2.13000515292394e-15  4.25507674981192e-15 -3.29179040551257e-05
  2.1634090206839e-08      1.99999991202655  3.77476472381768e-06 -6.73659390056912e-06 -0.000158246058996503  9.13786767897334e-15   4.9530503478984e-15  -5.0239852874021e-16 -1.47034603915529e-15  0.000101756616161284
-6.90606679289697e-06  3.77476472381768e-06      1.99897612010647 -0.000511888539317745    0.0285964107682552 -1.94339449987809e-12 -1.04662545642045e-12  2.93658639026058e-13  5.70772923126725e-13  0.000304122058932727
-1.96182396411766e-06 -6.73659390056912e-06 -0.000511888539317745      1.99553923149013    0.0106946210439661  -2.2070348609672e-12 -1.11888646427218e-12  3.18081410558196e-13  4.77149965356356e-13     0.067324912460536
 0.000182274598176146 -0.000158246058996503    0.0285964107682552    0.0106946210439661      1.11995739784511 -6.11955912120129e-12 -3.20556978330809e-12   3.8781698012176e-12  7.13266643341754e-12    0.0274494364000662
-7.92303257389674e-15  9.13786767897334e-15 -1.94339449987809e-12  -2.2070348609672e-12 -6.11955912120129e-12      1.01833622639318 -5.49005741062429e-16 -1.37704293099505e-05   0.00382247048381302 -1.12317412120295e-13
-4.16615024487728e-15   4.9530503478984e-15 -1.04662545642045e-12 -1.11888646427218e-12 -3.20556978330809e-12 -5.49005741062429e-16      1.01833622639329   0.00382247048346171  1.37704293081027e-05 -2.46424998361044e-13
 2.13000515292394e-15  -5.0239852874021e-16  2.93658639026058e-13  3.18081410558196e-13   3.8781698012176e-12 -1.37704293099505e-05   0.00382247048346171     0.981698450172386  1.33844022867246e-16  1.45082616958957e-12
 4.25507674981192e-15 -1.47034603915529e-15  5.70772923126725e-13  4.77149965356356e-13  7.13266643341754e-12   0.00382247048381302  1.37704293081027e-05  1.33844022867246e-16     0.981698450172502   2.7959538732973e-12
-3.29179040551257e-05  0.000101756616161284  0.000304122058932727     0.067324912460536    0.0274494364000662 -1.12317412120295e-13 -2.46424998361044e-13  1.45082616958957e-12   2.7959538732973e-12       0.8854580442293
POPULATION (lambda : 0.4): 6.99686624519144
TOTAL ENERGY: -127.166084058902	 lambda: 0.5
1RDM (lambda : 0.5): 
     1.99999993722351  2.18478550967112e-08 -7.05337755305497e-06 -1.79662981170188e-06   0.00018371266274071 -8.02249576517325e-15 -4.21666340169252e-15  2.16145545125897e-15   4.3120153066069e-15 -3.09120054596472e-05
 2.18478550967112e-08      1.99999992540132  3.80233658136806e-06 -6.23107407740904e-06 -0.000157461558950906  9.13371126685474e-15  4.94616666499762e-15 -4.62418232025142e-16 -1.39220222809202e-15  9.83304636263592e-05
-7.05337755305497e-06  3.80233658136806e-06      1.99898775386468 -0.000422025502723157    0.0283899589637283 -1.92617208486201e-12 -1.03838656271403e-12  2.92209964489824e-13  5.68786881451721e-13 -0.000304883405104312
-1.79662981170188e-06 -6.23107407740904e-06 -0.000422025502723157      1.99550322149309   0.00930403236068999  -2.1386619951989e-12 -1.08177647060898e-12  2.73141973218721e-13  3.93465029373751e-13    0.0680297565422177
  0.00018371266274071 -0.000157461558950906    0.0283899589637283   0.00930403236068999      1.11281289958774 -5.77269902364802e-12 -3.02181338407438e-12  3.63781830938525e-12  6.68889890820442e-12    0.0274238376060184
-8.02249576517325e-15  9.13371126685474e-15 -1.92617208486201e-12  -2.1386619951989e-12 -5.77269902364802e-12      1.01727461977541 -2.70733772978728e-15  -1.3108788585188e-05   0.00363879238602832 -2.01326485827396e-13
-4.21666340169252e-15  4.94616666499762e-15 -1.03838656271403e-12 -1.08177647060898e-12 -3.02181338407438e-12 -2.70733772978728e-15      1.01727461977565   0.00363879238572455  1.31087885829075e-05 -2.82164661410495e-13
 2.16145545125897e-15 -4.62418232025142e-16  2.92209964489824e-13  2.73141973218721e-13  3.63781830938525e-12  -1.3108788585188e-05   0.00363879238572455     0.982759396007048   1.8541378823891e-15  1.41057183555498e-12
  4.3120153066069e-15 -1.39220222809202e-15  5.68786881451721e-13  3.93465029373751e-13  6.68889890820442e-12   0.00363879238602832  1.31087885829075e-05   1.8541378823891e-15     0.982759396007285   2.7141015764024e-12
-3.09120054596472e-05  9.83304636263592e-05 -0.000304883405104312    0.0680297565422177    0.0274238376060184 -2.01326485827396e-13 -2.82164661410495e-13  1.41057183555498e-12   2.7141015764024e-12     0.892628230864265
POPULATION (lambda : 0.5): 6.99882533474999
TOTAL ENERGY: -127.165204839628	 lambda: 0.6
1RDM (lambda : 0.6): 
      1.9999999316717  2.14846669933901e-08 -7.25087246409103e-06 -1.72482378329422e-06  0.000184352881584807 -8.07522565541302e-15 -4.24286168397733e-15  2.16914798754108e-15   4.3257063262607e-15 -2.92012459514449e-05
 2.14846669933901e-08      1.99999993428184  3.76904441966027e-06 -5.96721407189798e-06 -0.000155633004063822  9.06165516724465e-15  4.90433832896062e-15 -3.93793789325767e-16 -1.26240128105173e-15  9.56486129190207e-05
-7.25087246409103e-06  3.76904441966027e-06      1.99900220659685 -0.000333278548874024     0.027976548317273  -1.8955183527087e-12 -1.02322032524538e-12  2.85394625377196e-13  5.57086812682322e-13  -0.00106019460324537
-1.72482378329422e-06 -5.96721407189798e-06 -0.000333278548874024      1.99546510437821   0.00802534838610265  -2.0753251557513e-12 -1.04736717326948e-12  2.32164431205515e-13  3.17112303139018e-13    0.0686861077983023
 0.000184352881584807 -0.000155633004063822     0.027976548317273   0.00802534838610265      1.11109660192752 -5.69957472542905e-12  -2.9816884734273e-12  3.57461505493025e-12  6.57116404525008e-12    0.0284134825502967
-8.07522565541302e-15  9.06165516724465e-15  -1.8955183527087e-12  -2.0753251557513e-12 -5.69957472542905e-12      1.01703404061855 -3.00812255952384e-15 -1.30465183643497e-05   0.00362149034842065 -2.77544128048938e-13
-4.24286168397733e-15  4.90433832896062e-15 -1.02322032524538e-12 -1.04736717326948e-12  -2.9816884734273e-12 -3.00812255952384e-15      1.01703404061868   0.00362149034810042  1.30465183615071e-05 -3.19781368107278e-13
 2.16914798754108e-15 -3.93793789325767e-16  2.85394625377196e-13  2.32164431205515e-13  3.57461505493025e-12 -1.30465183643497e-05   0.00362149034810042     0.982999812614283  2.52542564591724e-15  1.42981948112221e-12
  4.3257063262607e-15 -1.26240128105173e-15  5.57086812682322e-13  3.17112303139018e-13  6.57116404525008e-12   0.00362149034842065  1.30465183615071e-05  2.52542564591724e-15     0.982999812614417  2.74779105764893e-12
-2.92012459514449e-05  9.56486129190207e-05  -0.00106019460324537    0.0686861077983023    0.0284134825502967 -2.77544128048938e-13 -3.19781368107278e-13  1.42981948112221e-12  2.74779105764893e-12     0.894368514677969
POPULATION (lambda : 0.6): 7.00042571176977
TOTAL ENERGY: -127.164103901944	 lambda: 0.7
1RDM (lambda : 0.7): 
     1.99999992327794  2.06224302132443e-08 -7.56372121100442e-06 -1.74029791910037e-06  0.000184195344070726 -8.08181173909973e-15 -4.24496096140566e-15  2.15295379957916e-15  4.29580958894633e-15  -2.7721376525478e-05
 2.06224302132443e-08       1.9999999406504  3.68351809601283e-06 -5.84592506007155e-06 -0.000153100303582807  8.93991767844165e-15  4.83726129046854e-15 -3.06750729297365e-16 -1.09982445207923e-15    9.375223601355e-05
-7.56372121100442e-06  3.68351809601283e-06       1.9990153160085 -0.000241561200823823     0.027352501304106 -1.85086437309842e-12 -1.00087738028491e-12  2.73373923477979e-13  5.36009206664865e-13  -0.00199803227666283
-1.74029791910037e-06 -5.84592506007155e-06 -0.000241561200823823      1.99542995268106   0.00675364398745554 -2.01194372024466e-12 -1.01290338375416e-12    1.918133701313e-13  2.41884645112974e-13    0.0693439172979113
 0.000184195344070726 -0.000153100303582807     0.027352501304106   0.00675364398745554      1.11429977937989 -5.87885431432394e-12  -3.0734848003985e-12  3.66970959017152e-12  6.74433410324662e-12    0.0307167470989001
-8.08181173909973e-15  8.93991767844165e-15 -1.85086437309842e-12 -2.01194372024466e-12 -5.87885431432394e-12      1.01754051943808 -5.96018874958159e-15 -1.35609687568886e-05   0.00376432124322071 -3.63642420470441e-13
-4.24496096140566e-15  4.83726129046854e-15 -1.00087738028491e-12 -1.01290338375416e-12  -3.0734848003985e-12 -5.96018874958159e-15      1.01754051943818   0.00376432124288284  1.35609687528066e-05 -3.70469129707237e-13
 2.15295379957916e-15 -3.06750729297365e-16  2.73373923477979e-13    1.918133701313e-13  3.66970959017152e-12 -1.35609687568886e-05   0.00376432124288284     0.982493581259569  5.57787489407904e-15   1.5142702325919e-12
 4.29580958894633e-15 -1.09982445207923e-15  5.36009206664865e-13  2.41884645112974e-13  6.74433410324662e-12   0.00376432124322071  1.35609687528066e-05  5.57787489407904e-15     0.982493581259674  2.90702495579486e-12
 -2.7721376525478e-05    9.375223601355e-05  -0.00199803227666283    0.0693439172979113    0.0307167470989001 -3.63642420470441e-13 -3.70469129707237e-13   1.5142702325919e-12  2.90702495579486e-12     0.891186886606717
POPULATION (lambda : 0.7): 7.00211555508068
TOTAL ENERGY: -127.162378224562	 lambda: 0.8
1RDM (lambda : 0.8): 
     1.99999990940176  1.91807165767504e-08  -8.1315445034665e-06 -1.85766779985792e-06  0.000182961031694295 -8.02598530081468e-15 -4.21444472332162e-15    2.104970854351e-15   4.2078581945621e-15 -2.65460640802571e-05
 1.91807165767504e-08      1.99999994548807  3.54234112938916e-06  -5.8347375156779e-06 -0.000149906363961294  8.76914421173497e-15  4.74549076382371e-15 -2.03232688307153e-16 -9.08329396572283e-16  9.28098781326228e-05
 -8.1315445034665e-06  3.54234112938916e-06      1.99901869716346 -0.000142631879066387    0.0264725097810823 -1.78885656136948e-12 -9.69684146058384e-13  2.55319260611226e-13  5.04117325130485e-13  -0.00319494981038596
-1.85766779985792e-06  -5.8347375156779e-06 -0.000142631879066387      1.99540028748998   0.00536479061913156 -1.94182654238548e-12 -9.74763574616376e-13   1.4816411613357e-13  1.60460099764717e-13     0.070060379974769
 0.000182961031694295 -0.000149906363961294    0.0264725097810823   0.00536479061913156      1.12328778098644 -6.36062718436519e-12 -3.32278839056113e-12  3.94835397146799e-12  7.25427939659211e-12    0.0350350600429358
-8.02598530081468e-15  8.76914421173497e-15 -1.78885656136948e-12 -1.94182654238548e-12 -6.36062718436519e-12      1.01892680940865  1.36513399165022e-15 -1.47914458323258e-05   0.00410587575734907 -4.87618677659112e-13
-4.21444472332162e-15  4.74549076382371e-15 -9.69684146058384e-13 -9.74763574616376e-13 -3.32278839056113e-12  1.36513399165022e-15      1.01892680940883   0.00410587575699981  1.47914458315838e-05 -4.50434365005678e-13
   2.104970854351e-15 -2.03232688307153e-16  2.55319260611226e-13   1.4816411613357e-13  3.94835397146799e-12 -1.47914458323258e-05   0.00410587575699981      0.98110807320362 -2.00994248132942e-15  1.68906312517076e-12
  4.2078581945621e-15 -9.08329396572283e-16  5.04117325130485e-13  1.60460099764717e-13  7.25427939659211e-12   0.00410587575734907  1.47914458315838e-05 -2.00994248132942e-15     0.981108073203799  3.23912146870476e-12
-2.65460640802571e-05  9.28098781326228e-05  -0.00319494981038596     0.070060379974769    0.0350350600429358 -4.87618677659112e-13 -4.50434365005678e-13  1.68906312517076e-12  3.23912146870476e-12     0.882223614245397
POPULATION (lambda : 0.8): 7.00440585814162
TOTAL ENERGY: -127.159026108904	 lambda: 0.9
1RDM (lambda : 0.9): 
     1.99999988344583  1.68701395460588e-08 -9.31772015195645e-06 -2.12937167756635e-06  0.000179889469467885 -7.86216104999151e-15  -4.1276437390583e-15  2.00429436213845e-15  4.02378078344354e-15  -2.6018323293351e-05
 1.68701395460588e-08      1.99999994933233  3.32799729506832e-06 -5.94431677944725e-06 -0.000145826485823047  8.52975173447323e-15  4.61927579778902e-15 -7.76568503987854e-17 -6.78315428960508e-16  9.32881918516322e-05
-9.31772015195645e-06  3.32799729506832e-06        1.998989738532 -3.11335629327492e-05    0.0252308019618099 -1.70158699071862e-12  -9.2566974264124e-13  2.29050418035081e-13  4.57583051610516e-13  -0.00481566328638874
-2.12937167756635e-06 -5.94431677944725e-06 -3.11335629327492e-05      1.99537881151241   0.00365169322490804 -1.85457070268466e-12 -9.27301616052188e-13  9.50583710707019e-14  6.13605216003818e-14    0.0709242854396396
 0.000179889469467885 -0.000145826485823047    0.0252308019618099   0.00365169322490804      1.14095136246352  -7.3037338904163e-12 -3.81141422241614e-12   4.4978503747724e-12  8.26038167678454e-12    0.0430727154890395
-7.86216104999151e-15  8.52975173447323e-15 -1.70158699071862e-12 -1.85457070268466e-12  -7.3037338904163e-12       1.0216311306137 -5.40104029550586e-15 -1.71454977287343e-05   0.00475932674514243  -7.0645453006652e-13
 -4.1276437390583e-15  4.61927579778902e-15  -9.2566974264124e-13 -9.27301616052188e-13 -3.81141422241614e-12 -5.40104029550586e-15      1.02163113061397   0.00475932674475849  1.71454977243833e-05 -5.94413530969232e-13
 2.00429436213845e-15 -7.76568503987854e-17  2.29050418035081e-13  9.50583710707019e-14   4.4978503747724e-12 -1.71454977287343e-05   0.00475932674475849     0.978405553233357  4.42487894165448e-15  2.01907371775097e-12
 4.02378078344354e-15 -6.78315428960508e-16  4.57583051610516e-13  6.13605216003818e-14  8.26038167678454e-12   0.00475932674514243  1.71454977243833e-05  4.42487894165448e-15     0.978405553233627  3.86689406701699e-12
 -2.6018323293351e-05  9.32881918516322e-05  -0.00481566328638874    0.0709242854396396    0.0430727154890395  -7.0645453006652e-13 -5.94413530969232e-13  2.01907371775097e-12  3.86689406701699e-12     0.864606887019285
POPULATION (lambda : 0.9): 7.00832488400046
TOTAL ENERGY: -127.150794363303	 lambda: 1
1RDM (lambda : 1): 
     1.99999982484991  1.29581403514343e-08 -1.23103634197445e-05 -2.72225923129899e-06  0.000173016824031158  -7.4692719255583e-15 -3.92205618596473e-15  1.79883138221726e-15  3.64908772849206e-15 -2.73118676247125e-05
 1.29581403514343e-08      1.99999995248486  3.00052554213596e-06 -6.24696258144464e-06  -0.00014019755146042  8.16706416551828e-15  4.43144641418483e-15  8.53629874020375e-17 -3.83370216108264e-16  9.65142136183539e-05
-1.23103634197445e-05  3.00052554213596e-06      1.99885047886802  0.000100508676897324     0.023398989143922  -1.5712508155245e-12 -8.59955721886668e-13  1.90264147982067e-13  3.88968426274269e-13  -0.00728057671689764
-2.72225923129899e-06 -6.24696258144464e-06  0.000100508676897324      1.99537267699447   0.00114744750330553 -1.72521829082752e-12 -8.57037726147318e-13   1.8702258052635e-14 -8.11135987835449e-14    0.0720996793666229
 0.000173016824031158  -0.00014019755146042     0.023398989143922   0.00114744750330553      1.17494615701664 -9.13283822562832e-12 -4.75787016122171e-12  5.54744806953448e-12  1.01805252183432e-11     0.059673692660658
 -7.4692719255583e-15  8.16706416551828e-15  -1.5712508155245e-12 -1.72521829082752e-12 -9.13283822562832e-12      1.02680984293303  1.70527911640294e-15  -2.1712889819109e-05    0.0060271581508454 -1.18945269614921e-12
-3.92205618596473e-15  4.43144641418483e-15 -8.59955721886668e-13 -8.57037726147318e-13 -4.75787016122171e-12  1.70527911640294e-15      1.02680984293325    0.0060271581503437  2.17128898176083e-05 -9.04299136242905e-13
 1.79883138221726e-15  8.53629874020375e-17  1.90264147982067e-13   1.8702258052635e-14  5.54744806953448e-12  -2.1712889819109e-05    0.0060271581503437     0.973231268369817 -2.49071137788322e-15   2.6855987941036e-12
 3.64908772849206e-15 -3.83370216108264e-16  3.88968426274269e-13 -8.11135987835449e-14  1.01805252183432e-11    0.0060271581508454  2.17128898176083e-05 -2.49071137788322e-15     0.973231268370035  5.13279852945006e-12
-2.73118676247125e-05  9.65142136183539e-05  -0.00728057671689764    0.0720996793666229     0.059673692660658 -1.18945269614921e-12 -9.04299136242905e-13   2.6855987941036e-12  5.13279852945006e-12     0.830748687180008
POPULATION (lambda : 1): 7.01692175729885
-------------------general-----------------------
mullikenoperator: 
-1.72092992098915e-07 -4.91684084168622e-06   7.7237247184119e-06 -4.90517760102241e-05 -0.000109971574934374  9.95597734841947e-15  5.00216329392356e-15 -8.10907707197731e-16 -1.11057465381451e-15 -0.000157930251277344
-4.91684084168619e-06      1.00000006454237 -1.84895165212462e-05 -1.03993161156145e-06 -2.62553886806254e-05 -1.82132485064045e-15 -1.12156905567448e-15  5.31498833630691e-16  7.41361907016786e-16  2.53471171228694e-05
 7.72372471841189e-06 -1.84895165212281e-05    0.0145395648715588    -0.113798549830785   -0.0193213750607122  2.12284931873342e-12  1.10447588152679e-12  2.42636886977674e-14   5.9279286445167e-14   -0.0339045868960071
 -4.9051776010224e-05 -1.03993161170175e-06    -0.113798549830785     0.984760396739536   -0.0392473197094717  1.02068760379823e-12  5.35691021479658e-13 -8.01394960445332e-13 -1.54860719408602e-12     0.025129856977049
-0.000109971574934373 -2.62553886806199e-05   -0.0193213750607122   -0.0392473197094717     0.377958674935214  -2.9859401197379e-11  -1.5583318237222e-11  4.59909462715527e-12  8.79682405891755e-12     0.483199587053858
 9.95597734841942e-15 -1.82132485064071e-15  2.12284931873342e-12  1.02068760379823e-12  -2.9859401197379e-11     0.396146133423596  4.57781282604662e-15  -0.00176197336092632     0.489096112230104  -2.2711686640394e-11
 5.00216329392354e-15 -1.12156905567462e-15  1.10447588152679e-12  5.35691021479658e-13  -1.5583318237222e-11  4.46545079405262e-15     0.396146133433194     0.489096112232142   0.00176197336093556 -1.19022301092425e-11
-8.10907707197731e-16  5.31498833630862e-16  2.42636886977676e-14 -8.01394960445332e-13  4.59909462715527e-12  -0.00176197336092633     0.489096112232142     0.603853866566807 -3.90286572542699e-14  1.57906249756242e-11
-1.11057465381452e-15   7.4136190701706e-16  5.92792864451669e-14 -1.54860719408602e-12  8.79682405891755e-12     0.489096112230104   0.00176197336093564 -3.90471697769311e-14     0.603853866576403  3.05198528033511e-11
-0.000157930251277344  2.53471171228663e-05   -0.0339045868960071     0.025129856977049     0.483199587053858  -2.2711686640394e-11 -1.19022301092425e-11  1.57906249756242e-11  3.05198528033511e-11      0.62274147100432
selected BF: 
0 1 2 3 4
selected lambdas: 
  -1 -0.9 -0.8 -0.7 -0.6 -0.5 -0.4 -0.3 -0.2 -0.1    0  0.1  0.2  0.3  0.4  0.5  0.6  0.7  0.8  0.9    1
RHF C: 
 3.83036342507176e-05    -0.995239750723108   -0.0284156833812697      0.25880064705578   -0.0129596952018792  4.16360582444265e-13   2.1846150756242e-13 -2.89642904821348e-13 -5.50700930106574e-13   0.00656178406797337
-0.000147428270217377   -0.0194899397352468     0.111654064426292     -1.02112281593757    0.0523388898592828 -1.71422192173472e-12 -8.99794354256694e-13  1.15994715015272e-12  2.20620546965823e-12   -0.0259818813749355
 -3.6673332969581e-15  8.00982642118782e-15 -1.05022848256424e-12  2.48858685804004e-14  7.37083535059003e-12    -0.441178797026089    -0.446792850547018    -0.551836636833912    -0.548843049157867 -1.73086050213452e-11
-1.23012468875783e-15  2.26918027110933e-15 -2.96942894882731e-13  1.13374724538861e-14  1.66061557746039e-12     -0.44679285054158      0.44117879703145     0.548843049153559    -0.551836636838316  -6.5339569544482e-12
-0.000225785433085521 -0.000187075946923021    0.0296829891199147  -0.00806645791397729    -0.602124204642094  4.17104165645866e-11  2.09761011106929e-11 -1.20941680562042e-11 -2.14016000806693e-11    -0.798625207465465
    0.995184380391752 -2.92367587002079e-05    -0.260423977115538    -0.031630157573017   -0.0108934336587653  8.03852167608255e-13  4.22198947535356e-13 -1.49537505483859e-13 -2.74107260006755e-13   -0.0070207488727814
   0.0195807251163673  0.000149475006811549      1.02034420795945      0.12492029248211    0.0445801880936862 -3.26459280898082e-12 -1.71271676089419e-12  6.18058339434861e-13  1.13260557757501e-12    0.0290475557631168
 5.53032019556446e-15 -4.36916258953652e-15  3.15425332675734e-13 -1.33460598037366e-12 -8.24630258178403e-11    -0.545141680941787    -0.552078674727035     0.447330856971831     0.444904189257459  5.29462610616679e-13
 1.51766215325363e-15 -1.14485314331493e-15  9.45086074357683e-14 -3.70255152917939e-13 -2.54243103842395e-11    -0.552078674731444     0.545141680937442    -0.444904189262783      0.44733085696639  -5.8970536733215e-13
-0.000172375411100743 -0.000188499726088497   -0.0213680175764316    0.0354019010005002     0.779325677929527 -3.63487608509114e-11 -2.00980991506158e-11  2.63511273032347e-11  4.93423280810874e-11    -0.626227391980088
Basis set used: STO-3G
Version: Tmhuysen's fci hack
