TOTAL ENERGY: -126.605318352648	 lambda: -1
1RDM (lambda : -1): 
     1.99999990870656  2.77764626359868e-08 -5.87389992552061e-06 -6.43428422338159e-06 -8.09957847306075e-05  6.05334870848946e-16  3.32456831330687e-16  1.46977674780266e-16 -2.76976122390693e-16 -0.000293381383366209
 2.77764626359868e-08      1.99998794486128 -4.51066512451788e-05 -0.000771237097619871 -0.000137011915307465  1.65934053489719e-15  1.45001685197203e-15   5.1009685476246e-16   9.0135475366997e-16  4.24726403890296e-05
-5.87389992552061e-06 -4.51066512451788e-05      1.99924047780264  -0.00379519392817671  -0.00584869238535287  1.90891301484575e-13  1.24595149472069e-13  3.09649679042366e-14 -6.93588376528015e-14   -0.0255375581195185
-6.43428422338159e-06 -0.000771237097619871  -0.00379519392817671      1.94495896196909   -0.0197121957751751 -1.77439815426415e-12 -1.34093229186122e-12 -2.25216181271255e-13  2.81995013066934e-12   -0.0429677994733179
-8.09957847306075e-05 -0.000137011915307465  -0.00584869238535287   -0.0197121957751751      1.69410074219335  5.14028107233156e-12  3.76660137237033e-12  7.28534978661507e-14 -3.38827665269728e-12    -0.505157086290416
 6.05334870848946e-16  1.65934053489719e-15  1.90891301484575e-13 -1.77439815426415e-12  5.14028107233156e-12      1.20464209850811  3.92936501678862e-13    -0.364258431514047     0.401349265524653 -7.27356339832328e-15
 3.32456831330687e-16  1.45001685197203e-15  1.24595149472069e-13 -1.34093229186122e-12  3.76660137237033e-12  3.92936501678862e-13      1.20464209850831     0.401349265526347     0.364258431511109 -1.16726897605779e-13
 1.46977674780266e-16   5.1009685476246e-16  3.09649679042366e-14 -2.25216181271255e-13  7.28534978661507e-14    -0.364258431514047     0.401349265526347     0.814249990299571 -1.60928204327694e-13  3.39758798927997e-13
-2.76976122390693e-16   9.0135475366997e-16 -6.93588376528015e-14  2.81995013066934e-12 -3.38827665269728e-12     0.401349265524653     0.364258431511109 -1.60928204327694e-13     0.814249990298678 -1.22537909266971e-12
-0.000293381383366209  4.24726403890296e-05   -0.0255375581195185   -0.0429677994733179    -0.505157086290416 -7.27356339832328e-15 -1.16726897605779e-13  3.39758798927997e-13 -1.22537909266971e-12       0.3239277868524
POPULATION (lambda : -1): 5.46411141046761
The Davidson algorithm did not converge.lambda: -0.9
The Davidson algorithm did not converge.lambda: -0.8
The Davidson algorithm did not converge.lambda: -0.7
The Davidson algorithm did not converge.lambda: -0.6
The Davidson algorithm did not converge.lambda: -0.5
The Davidson algorithm did not converge.lambda: -0.4
The Davidson algorithm did not converge.lambda: -0.3
TOTAL ENERGY: -127.140999219271	 lambda: -0.2
1RDM (lambda : -0.2): 
     1.99999993521274  5.64362319498781e-08 -4.74955238890081e-06  5.08997068714306e-06  2.22837725115459e-05 -1.81615636155623e-16 -2.04029645955237e-16 -1.19420279706914e-17  1.04236606835281e-16 -5.64200102560751e-05
 5.64362319498781e-08       1.9999941150151 -2.05978626357586e-05 -0.000389011470514971 -6.32369850523897e-05 -3.40733293784075e-16 -3.64576507476101e-16  8.51572870771644e-17  1.04950504060145e-16  0.000158080329502102
-4.74955238890081e-06 -2.05978626357586e-05      1.99917110268755  -0.00117275743134689   0.00680690794119683  4.66006972776546e-15  2.45909092823982e-15  6.04582203832437e-15  4.51609921870103e-15    0.0131542126432917
 5.08997068714306e-06 -0.000389011470514971  -0.00117275743134689      1.97087982127414   -0.0031821835909149 -8.97401466411503e-15 -1.07038600266023e-14   1.4010418268748e-14  4.22605154567205e-14 -0.000335957468097983
 2.22837725115459e-05 -6.32369850523897e-05   0.00680690794119683   -0.0031821835909149      1.83398539939433 -5.48381453658645e-13 -6.39336909483872e-13 -2.42083161688541e-13 -3.32115147489114e-12    -0.309784841834948
-1.81615636155623e-16 -3.40733293784075e-16  4.66006972776546e-15 -8.97401466411503e-15 -5.48381453658645e-13       1.1592973876212  6.74149318231385e-14   -0.0559273695823058    0.0616222088294639  -4.0877313151893e-13
-2.04029645955237e-16 -3.64576507476101e-16  2.45909092823982e-15 -1.07038600266023e-14 -6.39336909483872e-13  6.74149318231385e-14      1.15929738762101    0.0616222088292974    0.0559273695822633 -5.55355132997919e-13
-1.19420279706914e-17  8.51572870771644e-17  6.04582203832437e-15   1.4010418268748e-14 -2.42083161688541e-13   -0.0559273695823058    0.0616222088292974     0.842500543713063  8.63881353419708e-14  6.56100346080501e-14
 1.04236606835281e-16  1.04950504060145e-16  4.51609921870103e-15  4.22605154567205e-14 -3.32115147489114e-12    0.0616222088294639    0.0559273695822633  8.63881353419708e-14     0.842500543712912  1.73074586692214e-12
-5.64200102560751e-05  0.000158080329502102    0.0131542126432917 -0.000335957468097983    -0.309784841834948  -4.0877313151893e-13 -5.55355132997919e-13  6.56100346080501e-14  1.73074586692214e-12     0.192373763747981
POPULATION (lambda : -0.2): 6.18270346944509
TOTAL ENERGY: -127.178315719365	 lambda: -0.1
1RDM (lambda : -0.1): 
     1.99999992387486   7.5140168627064e-08 -7.09867047324848e-06  7.62533747873332e-06  6.46689727998526e-05 -2.50787342724736e-16 -2.73278541022209e-16 -1.21051339415282e-17 -6.93519820356293e-17 -2.24819006588871e-05
  7.5140168627064e-08      1.99999584017164   -1.056072063992e-05  -0.00026962960010633 -3.47251322794521e-08  -5.7011534762684e-17 -1.16492400812134e-16  5.30989058593678e-17  8.93105523926534e-18  0.000266532571983288
-7.09867047324848e-06   -1.056072063992e-05      1.99848873697334 -0.000453329582646124    0.0197879790768418  1.94391421331833e-16 -5.26301874938106e-15  1.49875850430008e-15  3.85659101773574e-16    0.0213170382385252
 7.62533747873332e-06  -0.00026962960010633 -0.000453329582646124      1.97970792573284   0.00222165571627021  3.83249771138023e-14  4.63306373614296e-14  9.14980958002014e-15  -1.1051661579671e-14    0.0361323887395489
 6.46689727998526e-05 -3.47251322794521e-08    0.0197879790768418   0.00222165571627021      1.65703729033384 -9.10127078571155e-13 -1.07901746199381e-12 -2.12166583275123e-13 -7.27987491720282e-13    -0.483350932194197
-2.50787342724736e-16  -5.7011534762684e-17  1.94391421331833e-16  3.83249771138023e-14 -9.10127078571155e-13      1.16407305013591  1.14965794407455e-13   -0.0424788688229151    0.0468043049632776 -6.05327796481013e-13
-2.73278541022209e-16 -1.16492400812134e-16 -5.26301874938106e-15  4.63306373614296e-14 -1.07901746199381e-12  1.14965794407455e-13      1.16407305013575    0.0468043049630908    0.0424788688229777 -5.64107837155469e-13
-1.21051339415282e-17  5.30989058593678e-17  1.49875850430008e-15  9.14980958002014e-15 -2.12166583275123e-13   -0.0424788688229151    0.0468043049630908     0.836936045318246  7.07728998117261e-14  1.83292164910551e-13
-6.93519820356293e-17  8.93105523926534e-18  3.85659101773574e-16  -1.1051661579671e-14 -7.27987491720282e-13    0.0468043049632776    0.0424788688229777  7.07728998117261e-14     0.836936045318005  1.25943281122341e-12
-2.24819006588871e-05  0.000266532571983288    0.0213170382385252    0.0361323887395489    -0.483350932194197 -6.05327796481013e-13 -5.64107837155469e-13  1.83292164910551e-13  1.25943281122341e-12     0.362752092005574
POPULATION (lambda : -0.1): 6.44273474778824
TOTAL ENERGY: -127.195395732939	 lambda: 0
1RDM (lambda : 0): 
     1.99999991519738  6.33967243233541e-08 -9.32777011607105e-06  6.41654957240407e-06  0.000119331341104919 -2.96152458944031e-16 -3.32720291918511e-16 -3.12567567080628e-17 -1.74233232158627e-16 -2.16073978779003e-05
 6.33967243233541e-08      1.99999804841568 -3.87786436077562e-06 -0.000128461037981598  0.000117021107113444 -1.05534243333337e-16 -1.93525146521122e-16  8.53803451858499e-18 -2.61234492202599e-16  0.000307952278649065
-9.32777011607105e-06 -3.87786436077562e-06      1.99793448823202 -0.000517419892589094    0.0341745730419339 -1.70690579433428e-14 -2.69171184031928e-14 -3.22354110451304e-15 -2.02609621961961e-14    0.0154363414722906
 6.41654957240407e-06 -0.000128461037981598 -0.000517419892589094      1.98841382174026    0.0224742202148395  6.72182364074665e-14  7.42550510935878e-14 -1.71891550092561e-16 -8.61453383395495e-14    0.0705608038905272
 0.000119331341104919  0.000117021107113444    0.0341745730419339    0.0224742202148395       1.3597126959741 -7.34694884876094e-13 -8.39850241698438e-13 -1.11078107024764e-13 -2.10454928474511e-13    -0.472820524402369
-2.96152458944031e-16 -1.05534243333337e-16 -1.70690579433428e-14  6.72182364074665e-14 -7.34694884876094e-13      1.12336957827701  1.21824732770888e-14   -0.0252608922329588    0.0278330994282593 -2.18655663557404e-13
-3.32720291918511e-16 -1.93525146521122e-16 -2.69171184031928e-14  7.42550510935878e-14 -8.39850241698438e-13  1.21824732770888e-14      1.12336957827698    0.0278330994282195    0.0252608922329503 -1.42598055150615e-13
-3.12567567080628e-17  8.53803451858499e-18 -3.22354110451304e-15 -1.71891550092561e-16 -1.11078107024764e-13   -0.0252608922329588    0.0278330994282195     0.877036137251926  1.48726671629712e-14  1.65463696425838e-13
-1.74233232158627e-16 -2.61234492202599e-16 -2.02609621961961e-14 -8.61453383395495e-14 -2.10454928474511e-13    0.0278330994282593    0.0252608922329503  1.48726671629712e-14     0.877036137251899  9.95757799520975e-13
-2.16073978779003e-05  0.000307952278649065    0.0154363414722906    0.0705608038905272    -0.472820524402369 -2.18655663557404e-13 -1.42598055150615e-13  1.65463696425838e-13  9.95757799520975e-13     0.653129599382838
POPULATION (lambda : 0): 6.76169778816696
TOTAL ENERGY: -127.189519322374	 lambda: 0.1
1RDM (lambda : 0.1): 
     1.99999991001895   4.3631110826299e-08 -1.00431346247619e-05  3.83297852991064e-06  0.000142849248743982 -3.44042541648392e-16 -3.89702116227912e-16 -3.75139245223463e-17 -1.95140835845466e-16 -3.76970082053237e-05
  4.3631110826299e-08      1.99999907826578 -3.03989615378438e-06 -6.79199474847721e-05  0.000177801763880687 -1.99684437446462e-16 -3.10075005402288e-16 -1.22991851210474e-17 -3.51169055350081e-16  0.000282684598074785
-1.00431346247619e-05 -3.03989615378438e-06      1.99782718026883  -0.00100013964527425    0.0393942109708542 -3.05564988363343e-14 -4.27779934640162e-14 -4.56402719155303e-15 -2.17153261874478e-14   0.00818268709284028
 3.83297852991064e-06 -6.79199474847721e-05  -0.00100013964527425      1.99109600207586    0.0390591761673623  6.76241480219308e-14  7.17918413760057e-14 -6.80588413411327e-15 -1.28059681671589e-13    0.0806776116911381
 0.000142849248743982  0.000177801763880687    0.0393942109708542    0.0390591761673623      1.19686070953466 -5.21916517689345e-13 -5.86079402132612e-13 -5.66326821435677e-14 -9.59500909253731e-15    -0.365264640440275
-3.44042541648392e-16 -1.99684437446462e-16 -3.05564988363343e-14  6.76241480219308e-14 -5.21916517689345e-13      1.08502149905957  4.21065415616492e-14   -0.0153859493741273    0.0169526332869962 -5.54265769632755e-14
-3.89702116227912e-16 -3.10075005402288e-16 -4.27779934640162e-14  7.17918413760057e-14 -5.86079402132612e-13  4.21065415616492e-14      1.08502149905965    0.0169526332869889    0.0153859493741715  1.42894307378962e-14
-3.75139245223463e-17 -1.22991851210474e-17 -4.56402719155303e-15 -6.80588413411327e-15 -5.66326821435677e-14   -0.0153859493741273    0.0169526332869889     0.915171663636139 -4.64351904262557e-14   1.2312306649508e-13
-1.95140835845466e-16 -3.51169055350081e-16 -2.17153261874478e-14 -1.28059681671589e-13 -9.59500909253731e-15    0.0169526332869962    0.0153859493741715 -4.64351904262557e-14     0.915171663636063   6.9469674671919e-13
-3.76970082053237e-05  0.000282684598074785   0.00818268709284028    0.0806776116911381    -0.365264640440275 -5.54265769632755e-14  1.42894307378962e-14   1.2312306649508e-13   6.9469674671919e-13     0.813830794444535
POPULATION (lambda : 0.1): 6.90410165653393
TOTAL ENERGY: -127.182293873136	 lambda: 0.2
1RDM (lambda : 0.2): 
      1.9999999039344  3.26206252398209e-08 -1.02908480154997e-05  2.13317642123705e-06  0.000150231324483926 -3.69065088334907e-16 -4.18516207029972e-16 -3.89881537728348e-17 -1.94814306579134e-16 -4.90155072847853e-05
 3.26206252398209e-08        1.999999461165 -3.39411223829072e-06 -4.72961597192844e-05  0.000196364865557319 -2.53373987969092e-16 -3.73142280924075e-16 -1.80665273944218e-17 -3.61958310507474e-16  0.000257794846143877
-1.02908480154997e-05 -3.39411223829072e-06      1.99783673244448  -0.00141308766974582     0.040791689525429  -3.5776017677055e-14 -4.87574165669583e-14 -4.94618881668423e-15 -2.13100135445571e-14    0.0048986235054091
 2.13317642123705e-06 -4.72961597192844e-05  -0.00141308766974582      1.99144617870895    0.0488557045758074  6.25684088532399e-14  6.44828320040818e-14 -1.03083031059628e-14 -1.47236846421213e-13    0.0824034617576487
 0.000150231324483926  0.000196364865557319     0.040791689525429    0.0488557045758074      1.12961201901416 -4.01999936362137e-13 -4.47102766698028e-13 -3.55108272821038e-14  4.34787451988492e-14    -0.292545428387387
-3.69065088334907e-16 -2.53373987969092e-16  -3.5776017677055e-14  6.25684088532399e-14 -4.01999936362137e-13      1.06486086973545  3.11420980956372e-14   -0.0109936396351126    0.0121130771680261 -4.12278749253146e-15
-4.18516207029972e-16 -3.73142280924075e-16 -4.87574165669583e-14  6.44828320040818e-14 -4.47102766698028e-13  3.11420980956372e-14      1.06486086973545    0.0121130771680058    0.0109936396351256  5.55900419998235e-14
-3.89881537728348e-17 -1.80665273944218e-17 -4.94618881668423e-15 -1.03083031059628e-14 -3.55108272821038e-14   -0.0109936396351126    0.0121130771680058     0.935266964888459 -2.15463911200636e-15  9.70546722042574e-14
-1.94814306579134e-16 -3.61958310507474e-16 -2.13100135445571e-14 -1.47236846421213e-13  4.34787451988492e-14    0.0121130771680261    0.0109936396351256 -2.15463911200636e-15     0.935266964888397  5.28835694942914e-13
-4.90155072847853e-05  0.000257794846143877    0.0048986235054091    0.0824034617576487    -0.292545428387387 -4.12278749253146e-15  5.55900419998235e-14  9.70546722042574e-14  5.28835694942914e-13     0.880850035485257
POPULATION (lambda : 0.2): 6.95489405236819
TOTAL ENERGY: -127.17693848702	 lambda: 0.3
1RDM (lambda : 0.3): 
     1.99999989547037  2.73038431360997e-08 -1.05199824602102e-05  1.12914537872714e-06  0.000152482837338079  -3.8288136521654e-16 -4.34280122245902e-16 -3.89469520478617e-17 -1.89755510694878e-16 -5.59478738930827e-05
 2.73038431360997e-08      1.99999963007742 -3.78398256854512e-06 -3.89039773540727e-05  0.000200049096859034 -2.81414697720339e-16 -4.04858630933395e-16 -1.88604369832936e-17  -3.5319581215175e-16  0.000241271074036293
-1.05199824602102e-05 -3.78398256854512e-06      1.99785463828252  -0.00174707581652673    0.0412204616415406 -3.73329518083879e-14 -5.05461043062313e-14 -5.10584022017847e-15 -2.14784399738234e-14   0.00393427063708698
 1.12914537872714e-06 -3.89039773540727e-05  -0.00174707581652673      1.99125885418077    0.0552991428121366   5.7871062674199e-14  5.81429524276955e-14 -1.25064074566891e-14 -1.58487259632337e-13    0.0824523157117665
 0.000152482837338079  0.000200049096859034    0.0412204616415406    0.0552991428121366      1.09825800854472 -3.37808960604522e-13 -3.73506262489339e-13 -2.59033282474675e-14  6.12524699967988e-14    -0.251384619251047
 -3.8288136521654e-16 -2.81414697720339e-16 -3.73329518083879e-14   5.7871062674199e-14 -3.37808960604522e-13      1.05443359332111  3.75502310878602e-14   -0.0088591925453431   0.00976128405877644  1.60510665738436e-14
-4.34280122245902e-16 -4.04858630933395e-16 -5.05461043062313e-14  5.81429524276955e-14 -3.73506262489339e-13  3.75502310878602e-14      1.05443359332103     0.009761284058738   0.00885919254534614  6.92589060534429e-14
-3.89469520478617e-17 -1.88604369832936e-17 -5.10584022017847e-15 -1.25064074566891e-14 -2.59033282474675e-14   -0.0088591925453431     0.009761284058738      0.94567001668908  3.64379945503735e-14  8.26281447202934e-14
-1.89755510694878e-16  -3.5319581215175e-16 -2.14784399738234e-14 -1.58487259632337e-13  6.12524699967988e-14   0.00976128405877644   0.00885919254534614  3.64379945503735e-14     0.945670016688998  4.40385875652475e-13
-5.59478738930827e-05  0.000241271074036293   0.00393427063708698    0.0824523157117665    -0.251384619251047  1.60510665738436e-14  6.92589060534429e-14  8.26281447202934e-14  4.40385875652475e-13     0.912421753423985
POPULATION (lambda : 0.3): 6.97683603039628
TOTAL ENERGY: -127.172832746576	 lambda: 0.4
1RDM (lambda : 0.4): 
     1.99999988352803   2.5046372840372e-08 -1.08644609006661e-05  5.64583711968863e-07  0.000152700162574361 -3.91059076359379e-16 -4.43585146022772e-16 -3.83477639061241e-17 -1.83633235181607e-16 -6.03969207520041e-05
  2.5046372840372e-08      1.99999971849826 -4.11716651938755e-06 -3.48062971327434e-05  0.000198838584104741 -2.96252021305492e-16 -4.20985003705149e-16 -1.81067368571593e-17 -3.40979120473239e-16  0.000230644189876481
-1.08644609006661e-05 -4.11716651938755e-06      1.99786027894339  -0.00203805277914676    0.0413811058702328 -3.70255095670142e-14 -5.02476317509827e-14 -5.23424484094834e-15 -2.24664910489917e-14   0.00427592861117188
 5.64583711968863e-07 -3.48062971327434e-05  -0.00203805277914676      1.99095871414304    0.0601093140301217   5.4012120331255e-14   5.2999083698502e-14 -1.41038594168441e-14 -1.66482501650327e-13    0.0822069682878914
 0.000152700162574361  0.000198838584104741    0.0413811058702328    0.0601093140301217      1.08169619827419 -3.03594767865188e-13  -3.3424719336142e-13 -2.08598115010183e-14  7.03390819016443e-14    -0.229473999793192
-3.91059076359379e-16 -2.96252021305492e-16 -3.70255095670142e-14   5.4012120331255e-14 -3.03594767865188e-13       1.0490327944614  5.75950037418303e-14   -0.0077498339593709   0.00853896327469264  2.67149258551857e-14
-4.43585146022772e-16 -4.20985003705149e-16 -5.02476317509827e-14   5.2999083698502e-14  -3.3424719336142e-13  5.75950037418303e-14      1.04903279446142    0.0085389632746714    0.0077498339593993  7.64451882072407e-14
-3.83477639061241e-17 -1.81067368571593e-17 -5.23424484094834e-15 -1.41038594168441e-14 -2.08598115010183e-14   -0.0077498339593709    0.0085389632746714     0.951060583305899 -1.64872951623501e-14  7.49295892763503e-14
-1.83633235181607e-16 -3.40979120473239e-16 -2.24664910489917e-14 -1.66482501650327e-13  7.03390819016443e-14   0.00853896327469264    0.0077498339593993 -1.64872951623501e-14     0.951060583305787  3.93003946421892e-13
-6.03969207520041e-05  0.000230644189876481   0.00427592861117188    0.0822069682878914    -0.229473999793192  2.67149258551857e-14  7.64451882072407e-14  7.49295892763503e-14  3.93003946421892e-13      0.92929845107861
POPULATION (lambda : 0.4): 6.98870677544225
TOTAL ENERGY: -127.16921846	 lambda: 0.5
1RDM (lambda : 0.5): 
     1.99999986628817  2.46369059371449e-08 -1.14309951010417e-05  3.21127730175068e-07  0.000151721210887784 -3.95850408127807e-16   -4.490132354387e-16 -3.74237215749589e-17 -1.76940947099273e-16 -6.33582793390911e-05
 2.46369059371449e-08      1.99999977078048 -4.42951984318638e-06 -3.25273480304479e-05  0.000196382151122338 -3.03909157235563e-16 -4.28904142282606e-16 -1.69961058053056e-17 -3.29997911039807e-16  0.000223930348446562
-1.14309951010417e-05 -4.42951984318638e-06      1.99784415431061  -0.00230982155011326    0.0414695432918735 -3.55052707227881e-14 -4.86125328255445e-14 -5.38177302367362e-15 -2.42414880028716e-14   0.00552438609094136
 3.21127730175068e-07 -3.25273480304479e-05  -0.00230982155011326      1.99065240594431     0.064077046789462  5.07690060456313e-14  4.86685634723352e-14 -1.53968256440417e-14 -1.72952648124297e-13    0.0819535691610567
 0.000151721210887784  0.000196382151122338    0.0414695432918735     0.064077046789462      1.07228697881679 -2.87917216364017e-13  -3.1583512060201e-13 -1.79274969545426e-14  7.85987309673249e-14    -0.220515947432227
-3.95850408127807e-16 -3.03909157235563e-16 -3.55052707227881e-14  5.07690060456313e-14 -2.87917216364017e-13      1.04669881270482  6.92408234998352e-14  -0.00720417449684513   0.00793774467142406   3.4702659561006e-14
  -4.490132354387e-16 -4.28904142282606e-16 -4.86125328255445e-14  4.86685634723352e-14  -3.1583512060201e-13  6.92408234998352e-14      1.04669881270486   0.00793774467140566   0.00720417449687828  8.33398739058822e-14
-3.74237215749589e-17 -1.69961058053056e-17 -5.38177302367362e-15 -1.53968256440417e-14 -1.79274969545426e-14  -0.00720417449684513   0.00793774467140566     0.953390480106327 -2.94515087280375e-14  7.16031246267739e-14
-1.76940947099273e-16 -3.29997911039807e-16 -2.42414880028716e-14 -1.72952648124297e-13  7.85987309673249e-14   0.00793774467142406   0.00720417449687828 -2.94515087280375e-14     0.953390480106194  3.70720410843176e-13
-6.33582793390911e-05  0.000223930348446562   0.00552438609094136    0.0819535691610567    -0.220515947432227   3.4702659561006e-14  8.33398739058822e-14  7.16031246267739e-14  3.70720410843176e-13      0.93903823823747
POPULATION (lambda : 0.5): 6.99677756382321
TOTAL ENERGY: -127.165334846992	 lambda: 0.6
1RDM (lambda : 0.6): 
      1.9999998403401  2.55764678020477e-08 -1.23972387925949e-05  3.67557595680517e-07  0.000149656919551322 -3.97945137379754e-16 -4.51320305805619e-16 -3.61973782833691e-17 -1.69527601615407e-16 -6.52075971023165e-05
 2.55764678020477e-08      1.99999980432031 -4.76556498367258e-06 -3.11577203426493e-05  0.000194330219600587 -3.07256112501345e-16 -4.32109241228077e-16 -1.60430840620984e-17 -3.22107357302574e-16  0.000220061232727596
-1.23972387925949e-05 -4.76556498367258e-06      1.99779149483506  -0.00257828589806452    0.0415700027694059 -3.29642261335607e-14 -4.58674804612556e-14 -5.57447383772317e-15 -2.68657438160837e-14   0.00757702143547719
 3.67557595680517e-07 -3.11577203426493e-05  -0.00257828589806452      1.99036936784782    0.0676457500751512  4.78805852492997e-14  4.47838855039349e-14 -1.65398852593759e-14 -1.78728304943031e-13    0.0817441609946017
 0.000149656919551322  0.000194330219600587    0.0415700027694059    0.0676457500751512      1.06678774335725 -2.86273271075234e-13 -3.12898707217249e-13   -1.606583294004e-14  8.96490964305978e-14    -0.222194984850394
-3.97945137379754e-16 -3.07256112501345e-16 -3.29642261335607e-14  4.78805852492997e-14 -2.86273271075234e-13      1.04670550042764  2.47979942108862e-14  -0.00704227133007815   0.00775935516376751  4.30952353191327e-14
-4.51320305805619e-16 -4.32109241228077e-16 -4.58674804612556e-14  4.47838855039349e-14 -3.12898707217249e-13  2.47979942108862e-14      1.04670550042762   0.00775935516375187   0.00704227133008465  9.28382318590804e-14
-3.61973782833691e-17 -1.60430840620984e-17 -5.57447383772317e-15 -1.65398852593759e-14   -1.606583294004e-14  -0.00704227133007815   0.00775935516375187     0.953383415075706  4.18195949209207e-15  7.17511885197007e-14
-1.69527601615407e-16 -3.22107357302574e-16 -2.68657438160837e-14 -1.78728304943031e-13  8.96490964305978e-14   0.00775935516376751   0.00704227133008465  4.18195949209207e-15     0.953383415075655  3.67161329015645e-13
-6.52075971023165e-05  0.000220061232727596   0.00757702143547719    0.0817441609946017    -0.222194984850394  4.30952353191327e-14  9.28382318590804e-14  7.17511885197007e-14  3.67161329015645e-13     0.944873918292931
POPULATION (lambda : 0.6): 7.00383868339127
TOTAL ENERGY: -127.160073230743	 lambda: 0.7
1RDM (lambda : 0.7): 
     1.99999979878337  2.77393907194691e-08 -1.41328801154276e-05  7.42514593286526e-07  0.000146233395270015 -3.96982770484786e-16 -4.50051104274112e-16 -3.45941187118641e-17 -1.61110547737585e-16 -6.58329281737847e-05
 2.77393907194691e-08      1.99999982689663  -5.1756974111604e-06 -3.03238688191626e-05  0.000193814458006204 -3.07692313695843e-16 -4.32354569329955e-16 -1.55841636536157e-17 -3.18735412329926e-16  0.000218591724086046
-1.41328801154276e-05  -5.1756974111604e-06      1.99767085228223  -0.00285623244142978    0.0417663831620312 -2.93491083128423e-14  -4.1971917919601e-14 -5.84681554973093e-15 -3.05901720155945e-14    0.0105225478419024
 7.42514593286526e-07 -3.03238688191626e-05  -0.00285623244142978      1.99011859003651    0.0711492338849843  4.50901210323426e-14  4.09980502816854e-14  -1.7640464603899e-14 -1.84361751119248e-13    0.0815698579755791
 0.000146233395270015  0.000193814458006204    0.0417663831620312    0.0711492338849843      1.06347697997599   -2.981216831973e-13  -3.2450585244683e-13  -1.4692000613012e-14  1.06931968500522e-13    -0.235006166642954
-3.96982770484786e-16 -3.07692313695843e-16 -2.93491083128423e-14  4.50901210323426e-14   -2.981216831973e-13      1.04902946946571  -1.5505331464757e-15  -0.00721300257671082   0.00794747105065996  5.44319431664659e-14
-4.50051104274112e-16 -4.32354569329955e-16  -4.1971917919601e-14  4.09980502816854e-14  -3.2450585244683e-13  -1.5505331464757e-15      1.04902946946575   0.00794747105065914   0.00721300257671809  1.07812681002923e-13
-3.45941187118641e-17 -1.55841636536157e-17 -5.84681554973093e-15  -1.7640464603899e-14  -1.4692000613012e-14  -0.00721300257671082   0.00794747105065914     0.951062532265164 -2.03095356785179e-14  7.54154443270638e-14
-1.61110547737585e-16 -3.18735412329926e-16 -3.05901720155945e-14 -1.84361751119248e-13  1.06931968500522e-13   0.00794747105065996   0.00721300257671809 -2.03095356785179e-14     0.951062532265171  3.81264896641404e-13
-6.58329281737847e-05  0.000218591724086046    0.0105225478419024    0.0815698579755791    -0.235006166642954  5.44319431664659e-14  1.07812681002923e-13  7.54154443270638e-14  3.81264896641404e-13     0.948549948563523
POPULATION (lambda : 0.7): 7.01190654055386
TOTAL ENERGY: -127.151139231927	 lambda: 0.8
1RDM (lambda : 0.8): 
     1.99999972612285  3.12437495024539e-08 -1.75092847969361e-05  1.58243662373707e-06  0.000140780158590855 -3.91287235169981e-16 -4.43241896739077e-16 -3.24589191999872e-17 -1.51526764852491e-16 -6.44396942650063e-05
 3.12437495024539e-08      1.99999984222428 -5.73920480803615e-06 -2.98752559317129e-05  0.000196239697803498  -3.0590741569435e-16 -4.30647210245279e-16 -1.60296937479534e-17  -3.2208921452713e-16   0.00021956146862742
-1.75092847969361e-05 -5.73920480803615e-06      1.99740780563695  -0.00315620240700852    0.0422275128240384 -2.43937978739089e-14 -3.66707069622825e-14 -6.27151512817802e-15 -3.60282828684001e-14    0.0146636490107762
 1.58243662373707e-06 -2.98752559317129e-05  -0.00315620240700852      1.98990625855537    0.0749466142139901  4.20769680817819e-14  3.68829303743428e-14 -1.88046360022917e-14 -1.90381979005637e-13    0.0813843309087905
 0.000140780158590855  0.000196239697803498    0.0422275128240384    0.0749466142139901      1.06082450743573 -3.26459773278986e-13 -3.53444474160406e-13 -1.32285665950677e-14  1.36371516313978e-13    -0.262627698101904
-3.91287235169981e-16  -3.0590741569435e-16 -2.43937978739089e-14  4.20769680817819e-14 -3.26459773278986e-13       1.0543250155127  6.15141193181999e-15  -0.00775373265477232   0.00854326223143741  7.26599363501462e-14
-4.43241896739077e-16 -4.30647210245279e-16 -3.66707069622825e-14  3.68829303743428e-14 -3.53444474160406e-13  6.15141193181999e-15      1.05432501551268   0.00854326223142815   0.00775373265477342  1.33317129864564e-13
-3.24589191999872e-17 -1.60296937479534e-17 -6.27151512817802e-15 -1.88046360022917e-14 -1.32285665950677e-14  -0.00775373265477232   0.00854326223142815     0.945775192086413  9.05180383519106e-15    8.360816373823e-14
-1.51526764852491e-16  -3.2208921452713e-16 -3.60282828684001e-14 -1.90381979005637e-13  1.36371516313978e-13   0.00854326223143741   0.00775373265477342  9.05180383519106e-15     0.945775192086399  4.16461956718734e-13
-6.44396942650063e-05   0.00021956146862742    0.0146636490107762    0.0813843309087905    -0.262627698101904  7.26599363501462e-14  1.33317129864564e-13    8.360816373823e-14  4.16461956718734e-13     0.951661444826687
POPULATION (lambda : 0.8): 7.0237536296542
TOTAL ENERGY: -127.132465667204	 lambda: 0.9
1RDM (lambda : 0.9): 
     1.99999958238699  3.63371684357185e-08 -2.48898308509723e-05   3.2368404112753e-06  0.000132062790211625 -3.76542879981166e-16 -4.25942614029904e-16 -2.95729287124632e-17   -1.415055192048e-16 -5.87040592768968e-05
 3.63371684357185e-08      1.99999985187085 -6.63058337005174e-06 -2.97839020299346e-05  0.000204350386205896 -3.02462394985651e-16 -4.28075276971363e-16  -1.8179012221874e-17 -3.36837421356192e-16  0.000223499026939692
-2.48898308509723e-05 -6.63058337005174e-06      1.99680134430582  -0.00349141221817624    0.0434143645586214 -1.75602582371237e-14 -2.94724968260356e-14 -7.03587049109401e-15 -4.46796936281102e-14    0.0206795942494169
  3.2368404112753e-06 -2.97839020299346e-05  -0.00349141221817624      1.98974915322229    0.0795665932446862   3.8274533217049e-14  3.16991425877555e-14 -2.01745173502014e-14 -1.97451354983553e-13    0.0810428960165559
 0.000132062790211625  0.000204350386205896    0.0434143645586214    0.0795665932446862      1.05568612716077  -3.7929902379789e-13   -4.073543625076e-13 -1.04701320290638e-14  1.91646835596086e-13    -0.314398794957535
-3.76542879981166e-16 -3.02462394985651e-16 -1.75602582371237e-14   3.8274533217049e-14  -3.7929902379789e-13      1.06436074630358  6.25143250214622e-14  -0.00879949487871229   0.00969550834393469  1.06790291806528e-13
-4.25942614029904e-16 -4.28075276971363e-16 -2.94724968260356e-14  3.16991425877555e-14   -4.073543625076e-13  6.25143250214622e-14      1.06436074630363   0.00969550834391794    0.0087994948787346  1.81076658941182e-13
-2.95729287124632e-17  -1.8179012221874e-17 -7.03587049109401e-15 -2.01745173502014e-14 -1.04701320290638e-14  -0.00879949487871229   0.00969550834391794     0.935758298402197  -2.9865418290586e-14  9.89380313420268e-14
  -1.415055192048e-16 -3.36837421356192e-16 -4.46796936281102e-14 -1.97451354983553e-13  1.91646835596086e-13   0.00969550834393469    0.0087994948787346  -2.9865418290586e-14     0.935758298402078   4.8209028738897e-13
-5.87040592768968e-05  0.000223499026939692    0.0206795942494169    0.0810428960165559    -0.314398794957535  1.06790291806528e-13  1.81076658941182e-13  9.89380313420268e-14   4.8209028738897e-13     0.957525851641814
POPULATION (lambda : 0.9): 7.04557132560492
TOTAL ENERGY: -127.084412541167	 lambda: 1
1RDM (lambda : 1): 
     1.99999924585393  4.26396756847618e-08 -4.38493569384132e-05  6.64279823628969e-06  0.000118545740726339 -3.42081174022975e-16 -3.86214734941702e-16 -2.59817847178744e-17 -1.36637801379049e-16 -4.19770478496535e-05
 4.26396756847618e-08      1.99999985569401 -8.34881489345142e-06 -3.01057546547903e-05  0.000224932406081458 -2.99565671917783e-16  -4.2823550971484e-16 -2.40028670199008e-17 -3.74060172531923e-16  0.000231159195895179
-4.38493569384132e-05 -8.34881489345142e-06      1.99520919896424  -0.00386672617727532    0.0468503914937959 -8.08598286088377e-15 -1.98593592522975e-14 -8.71356046230881e-15 -6.06534841943972e-14    0.0300235261213105
 6.64279823628969e-06 -3.01057546547903e-05  -0.00386672617727532      1.98971279859463    0.0858969917645432  3.23259692122803e-14  2.37590139262168e-14 -2.19532904558941e-14 -2.06262735788394e-13    0.0799788128400377
 0.000118545740726339  0.000224932406081458    0.0468503914937959    0.0858969917645432      1.03679155290526 -4.72088480792079e-13  -4.9975973744673e-13 -2.37326879553388e-15  3.10791747135816e-13    -0.411701853289458
-3.42081174022975e-16 -2.99565671917783e-16 -8.08598286088377e-15  3.23259692122803e-14 -4.72088480792079e-13      1.08319641760456  1.32869544746534e-13   -0.0105858112137101    0.0116637167147335  1.82695325218359e-13
-3.86214734941702e-16  -4.2823550971484e-16 -1.98593592522975e-14  2.37590139262168e-14  -4.9975973744673e-13  1.32869544746534e-13      1.08319641760449    0.0116637167146879    0.0105858112137373  2.83639262361391e-13
-2.59817847178744e-17 -2.40028670199008e-17 -8.71356046230881e-15 -2.19532904558941e-14 -2.37326879553388e-15   -0.0105858112137101    0.0116637167146879     0.916969495276343  2.46454637842912e-14  1.27080763404121e-13
-1.36637801379049e-16 -3.74060172531923e-16 -6.06534841943972e-14 -2.06262735788394e-13  3.10791747135816e-13    0.0116637167147335    0.0105858112137373  2.46454637842912e-14     0.916969495276072  5.94714270164004e-13
-4.19770478496535e-05  0.000231159195895179    0.0300235261213105    0.0799788128400377    -0.411701853289458  1.82695325218359e-13  2.83639262361391e-13  1.27080763404121e-13  5.94714270164004e-13       0.9779555222265
POPULATION (lambda : 1): 7.09574782867789
-------------------general-----------------------
mullikenoperator: 
-1.65779072681447e-06  -7.3099423560745e-06  1.50391345080978e-05  0.000260647139689605 -1.66438905396044e-05  8.21335256317433e-16  7.97785102319751e-16  2.71137094768943e-17 -6.31557485551958e-16  0.000759182003839364
-7.30994235607451e-06      1.00000070245622  4.79337010955565e-05  7.27970444116389e-06  0.000101116789418213 -1.28110459198045e-16 -1.56500936792402e-16 -5.08006198685128e-17 -4.21887359683805e-16  4.54961774169645e-05
 1.50391345080979e-05  4.79337010955563e-05    0.0107790940067623    0.0973872416180582   0.00511084005211376  7.56076020451589e-14   8.5379396813926e-14 -8.38083967585201e-15 -8.73210723136861e-14    0.0452255588091377
 0.000260647139689605  7.27970444118382e-06    0.0973872416180582     0.980829422310339    0.0996074893232065  -5.6677313709137e-14 -7.37751430296788e-14 -2.33977201575747e-14  -1.5821350489614e-13    0.0100359790178475
-1.66438905396044e-05  0.000101116789418213   0.00511084005211375    0.0996074893232065    0.0262616886752721 -2.36071345583475e-13 -2.57850104651433e-13  5.66139077926835e-15  1.71345026490479e-13    -0.130613328210924
 8.21335256317432e-16 -1.28110459198045e-16  7.56076020451589e-14  -5.6677313709137e-14 -2.36071345583475e-13     0.610740964336719  3.18164304315932e-14     0.327705493458766    -0.361074301922461  1.62937857104547e-13
  7.9778510231975e-16 -1.56500936792401e-16  8.53793968139261e-14 -7.37751430296788e-14 -2.57850104651433e-13  3.17624535006169e-14     0.610740964336687    -0.361074301922476    -0.327705493458761  2.27399872898724e-13
 2.71137094768935e-17 -5.08006198685137e-17 -8.38083967585201e-15 -2.33977201575747e-14  5.66139077926838e-15     0.327705493458766    -0.361074301922476      0.38925903566333  1.36283880854403e-14  8.07344202185613e-14
-6.31557485551956e-16 -4.21887359683803e-16 -8.73210723136861e-14  -1.5821350489614e-13  1.71345026490479e-13    -0.361074301922461    -0.327705493458761  1.36125678863083e-14     0.389259035663265  4.28513429982757e-13
 0.000759182003839365  4.54961774169645e-05    0.0452255588091377    0.0100359790178475    -0.130613328210924  1.62937857104546e-13  2.27399872898724e-13  8.07344202185611e-14  4.28513429982757e-13     0.982130750342141
selected BF: 
0 1 2 3 4
selected lambdas: 
  -1 -0.9 -0.8 -0.7 -0.6 -0.5 -0.4 -0.3 -0.2 -0.1    0  0.1  0.2  0.3  0.4  0.5  0.6  0.7  0.8  0.9    1
RHF C: 
 8.33011703587283e-05     0.995162549293606   -0.0218570273725076    -0.258471363285766   -0.0313553677137998  2.46949392153899e-14  3.15471193834232e-14  7.09783231852817e-15  4.36785658087145e-14  0.000200757942804745
 -0.00041639455709041     0.019798028139379    0.0846412504421202      1.01869193720403     0.126841764704508 -1.00956339439285e-13 -1.29193768237122e-13 -2.88412599106141e-14 -1.77280964979691e-13 -0.000329695480590362
-5.90562996298538e-17  2.19015973659853e-16  1.46665481374651e-14  6.94071520388416e-15 -4.09113323958151e-14     0.727996501117823    -0.274880322870517      0.55925211685007    -0.286033887492047 -8.37132968892103e-13
-3.87980928813092e-16   6.9325844154278e-16   4.4272416385503e-14  2.16298212901419e-14 -9.50617887771046e-14     0.274880322870563     0.727996501117818     -0.28603388749209    -0.559252116850033 -2.03732264305737e-12
-0.000609288057052004   0.00010991975564205    0.0209079411030874    0.0152904984414932   -0.0995759954637351  1.33546499740391e-12  1.47754759000797e-12  -4.4645746625784e-14 -1.01386600047035e-12     0.998023624086291
    0.995233663626098  0.000111846947075027    -0.260471910144133    0.0296069498388196  -0.00791506399032933  2.74292101036312e-14  3.21203059537482e-14 -3.54070268919513e-16 -1.63594199331714e-14    0.0148566030450238
   0.0193942596238657  -0.00046871427794324      1.02107644837547    -0.119806305368369    0.0319310409465493 -1.19404233517944e-13 -1.39015704172004e-13  1.70641829431048e-15    7.220483137177e-14   -0.0664758352800381
 1.11584571577901e-16   9.8559939182603e-17 -8.26652051999212e-15  4.23932298279817e-16  5.81054213369254e-13     0.579770252936821     -0.21891236300716    -0.698799557576654     0.357406522043398 -6.17304848985631e-14
 2.27210322302806e-16  2.33408568872754e-16 -2.65269999871504e-14 -2.47074719484483e-14  2.03822750309663e-12     0.218912363007103     0.579770252936828     0.357406522043364     0.698799557576684 -2.21096828736701e-13
 -0.00018636345070746  0.000640105618275733   -0.0334190242099728   -0.0761092125998685     0.985713868832396 -5.15780898826979e-13 -7.66056958765502e-13 -3.33338857743638e-13 -1.85883765424617e-12     0.166185306622332
Basis set used: STO-3G
Version: Tmhuysen's fci hack
