TOTAL ENERGY: -126.768148186574	 lambda: -1
1RDM (lambda : -1): 
      1.9999999646597  5.95139713881912e-08 -3.60946393740789e-06  6.49451906516079e-06 -0.000135398368277263 -5.17665886039835e-17 -5.88025278061342e-17 -9.35252479399807e-17  2.36829229353428e-16 -0.000104739158853679
 5.95139713881912e-08      1.99999080708668 -0.000621323491063317 -0.000128563956527484  5.16964010898997e-05 -1.22800870510149e-18 -2.64354200709063e-18  1.82340081307032e-16 -8.80167918186579e-17   1.2983526580474e-06
-3.60946393740789e-06 -0.000621323491063317      1.95049485095628  -0.00735749653669986   -0.0554862407169149 -7.82841669513829e-15 -1.53740260508788e-14 -4.77157151133436e-14  2.21546676756966e-14   -0.0441901036599096
 6.49451906516079e-06 -0.000128563956527484  -0.00735749653669986      1.99609181784187    0.0500926583285726  7.34199413357426e-15  1.49665254959907e-14  1.61985682337396e-14 -7.05902938472259e-15    0.0228754606451107
-0.000135398368277263  5.16964010898997e-05   -0.0554862407169149    0.0500926583285726     0.690765694795167 -1.35673875414176e-13 -2.69078321665013e-13   2.6712778800779e-13 -1.24995016193171e-13    -0.630099167300558
-5.17665886039835e-17 -1.22800870510149e-18 -7.82841669513829e-15  7.34199413357426e-15 -1.35673875414176e-13      1.52345035841628  1.67399120175347e-14  3.72762379456674e-06   -0.0832197954233917 -6.37142979331542e-14
-5.88025278061342e-17 -2.64354200709063e-18 -1.53740260508788e-14  1.49665254959907e-14 -2.69078321665013e-13  1.67399120175347e-14      1.52345035763078    0.0832197955793726  3.72762381707152e-06 -1.28399847028612e-13
-9.35252479399807e-17  1.82340081307032e-16 -4.77157151133436e-14  1.61985682337396e-14   2.6712778800779e-13  3.72762379456674e-06    0.0832197955793726     0.494269786805484  4.98800056774528e-14  -8.5009597796871e-13
 2.36829229353428e-16 -8.80167918186579e-17  2.21546676756966e-14 -7.05902938472259e-15 -1.24995016193171e-13   -0.0832197954233917  3.72762381707152e-06  4.98800056774528e-14     0.494269786051637  3.98175887406904e-13
-0.000104739158853679   1.2983526580474e-06   -0.0441901036599096    0.0228754606451107    -0.630099167300558 -6.37142979331542e-14 -1.28399847028612e-13  -8.5009597796871e-13  3.98175887406904e-13      1.32721657575614
POPULATION (lambda : -1): 5.67067035029318
TOTAL ENERGY: -127.01389221689	 lambda: -0.9
1RDM (lambda : -0.9): 
     1.99999997015331  4.70584273853558e-08 -2.53492143350193e-07  4.89290691358173e-06 -7.13559111337642e-05  3.58337242801559e-14  7.54609019437579e-14 -2.00895694921067e-13  9.58163903458678e-14 -8.53637044368328e-05
 4.70584273853558e-08      1.99999301928657 -0.000487458828607777 -9.75382603264356e-05  3.31011676798673e-06  5.78594885013416e-14  1.21546733027648e-13  1.16278059993369e-13 -5.53806822712325e-14  3.40186590895944e-05
-2.53492143350193e-07 -0.000487458828607777      1.96064582382508  -0.00590039685278506   -0.0374289974394362   1.9074604268731e-11  4.01069483181718e-11  1.16043012415758e-11 -5.51984812837899e-12   -0.0241802169906629
 4.89290691358173e-06 -9.75382603264356e-05  -0.00590039685278506      1.99628071866076      0.05263062405232 -3.36587459210078e-12 -7.10600114842744e-12 -2.14560899640837e-11   1.0212978257951e-11    0.0191005887612559
-7.13559111337642e-05  3.31011676798673e-06   -0.0374289974394362      0.05263062405232     0.687890684852798  7.72304591713926e-11  1.63287518628961e-10 -5.55769485862538e-11  2.69682503756307e-11    -0.364234463646004
 3.58337242801559e-14  5.78594885013416e-14   1.9074604268731e-11 -3.36587459210078e-12  7.72304591713926e-11      1.40016684187182  3.52367484512078e-14  3.43583808670161e-06   -0.0766459623613346  6.79807964762721e-11
 7.54609019437579e-14  1.21546733027648e-13  4.01069483181718e-11 -7.10600114842744e-12  1.63287518628961e-10  3.52367484512078e-14      1.40016684189673    0.0766459623068509  3.43583810158108e-06  1.43984532298231e-10
-2.00895694921067e-13  1.16278059993369e-13  1.16043012415758e-11 -2.14560899640837e-11 -5.55769485862538e-11  3.43583808670161e-06    0.0766459623068509     0.613133407069728  3.27683205404595e-14  9.79864851700211e-11
 9.58163903458678e-14 -5.53806822712325e-14 -5.51984812837899e-12   1.0212978257951e-11  2.69682503756307e-11   -0.0766459623613346  3.43583810158108e-06  3.27683205404595e-14     0.613133407094057  -4.7063328823721e-11
-8.53637044368328e-05  3.40186590895944e-05   -0.0241802169906629    0.0191005887612559    -0.364234463646004  6.79807964762721e-11  1.43984532298231e-10  9.79864851700211e-11  -4.7063328823721e-11      1.32858928528922
POPULATION (lambda : -0.9): 5.92615349300314
TOTAL ENERGY: -127.064273475954	 lambda: -0.8
1RDM (lambda : -0.8): 
     1.99999998061334    2.802357316704e-08  9.07446349087271e-07  2.67590051458924e-06 -2.87259172982719e-05 -5.50673026748355e-17 -1.82261984195031e-17 -4.41602358640941e-17  1.74043946756905e-16 -4.06256351453138e-05
   2.802357316704e-08      1.99999354292433 -0.000458777550764134 -8.71109336278395e-05   -2.964864739966e-05  3.30906511961477e-18  5.70718287798196e-18  1.00742918096452e-16 -4.89578139332525e-17  7.67911681678333e-06
 9.07446349087271e-07 -0.000458777550764134      1.96272598318866  -0.00535811654833424   -0.0407085841155571 -7.45308794984241e-16 -9.32445241584184e-16 -2.57956054344872e-14  1.22638372407872e-14   -0.0123467631146297
 2.67590051458924e-06 -8.71109336278395e-05  -0.00535811654833424      1.99634721408357    0.0595788664075174  4.98646574100848e-15  9.93140084656899e-15  2.72028188508533e-14 -1.25339918231855e-14    0.0121708287179295
-2.87259172982719e-05   -2.964864739966e-05   -0.0407085841155571    0.0595788664075174     0.396489345684447 -3.77966207820799e-14 -6.70336210847313e-14 -2.40887411576864e-13   1.1918625926147e-13    -0.246974972609792
-5.50673026748355e-17  3.30906511961477e-18 -7.45308794984241e-16  4.98646574100848e-15 -3.77966207820799e-14       1.2175644424029  2.45363881382727e-14  3.50211493246758e-06   -0.0781288091998657  1.34394283765124e-14
-1.82261984195031e-17  5.70718287798196e-18 -9.32445241584184e-16  9.93140084656899e-15 -6.70336210847313e-14  2.45363881382727e-14      1.21756444241779    0.0781288091713821  3.50211493766486e-06   2.7991796249229e-14
-4.41602358640941e-17  1.00742918096452e-16 -2.57956054344872e-14  2.72028188508533e-14 -2.40887411576864e-13  3.50211493246758e-06    0.0781288091713821     0.789225079668553  2.30100098565882e-14 -3.97201429745998e-13
 1.74043946756905e-16 -4.89578139332525e-17  1.22638372407872e-14 -1.25339918231855e-14   1.1918625926147e-13   -0.0781288091998657  3.50211493766486e-06  2.30100098565882e-14     0.789225079683274  1.88518242185275e-13
-4.06256351453138e-05  7.67911681678333e-06   -0.0123467631146297    0.0121708287179295    -0.246974972609792  1.34394283765124e-14   2.7991796249229e-14 -3.97201429745998e-13  1.88518242185275e-13      1.63086488933317
POPULATION (lambda : -0.8): 5.98463034234253
TOTAL ENERGY: -127.075390907958	 lambda: -0.7
1RDM (lambda : -0.7): 
     1.99999998543348  1.93816839896358e-08  1.22931894392813e-06  1.61208091660028e-06 -9.15184942001503e-06  3.63043862606496e-17  1.94411241123516e-16 -2.44024508272795e-16  2.55049194735129e-16 -1.83500363039613e-05
 1.93816839896358e-08      1.99999367310831 -0.000451938298400272    -8.39252667258e-05 -4.01151021609804e-05 -3.18970875983716e-17  -6.9043031503735e-17  2.53383917921626e-16  -1.2022024246521e-16 -9.67293184619959e-06
 1.22931894392813e-06 -0.000451938298400272      1.96319462504977  -0.00519980016793108   -0.0434676729991138  3.00349477037038e-15  7.05185772990526e-15 -4.82992158286949e-14  2.30024838586754e-14  -0.00877006002526806
 1.61208091660028e-06    -8.39252667258e-05  -0.00519980016793108      1.99645894088955    0.0618824715411709  3.02928582425258e-15   5.6230098239494e-15  2.11319915622381e-14 -9.94130035860794e-15   0.00910712622733437
-9.15184942001503e-06 -4.01151021609804e-05   -0.0434676729991138    0.0618824715411709     0.237127031157721 -2.93374383922078e-13 -6.05896752573795e-13 -1.51649423400434e-12  7.25091560556936e-13    -0.224248378595337
 3.63043862606496e-17 -3.18970875983716e-17  3.00349477037038e-15  3.02928582425258e-15 -2.93374383922078e-13       1.1202773856937 -2.24346477275895e-14  2.96265001245048e-06   -0.0661763442638607  -8.8955762580235e-13
 1.94411241123516e-16  -6.9043031503735e-17  7.05185772990526e-15   5.6230098239494e-15 -6.05896752573795e-13 -2.24346477275895e-14      1.12027738570502    0.0661763442482963   2.9626500125137e-06 -1.90387506917373e-12
-2.44024508272795e-16  2.53383917921626e-16 -4.82992158286949e-14  2.11319915622381e-14 -1.51649423400434e-12  2.96265001245048e-06    0.0661763442482963     0.883210539666428 -2.21508216068571e-14  9.80017059254242e-13
 2.55049194735129e-16  -1.2022024246521e-16  2.30024838586754e-14 -9.94130035860794e-15  7.25091560556936e-13   -0.0661763442638607   2.9626500125137e-06 -2.21508216068571e-14     0.883210539677648 -4.55772914328765e-13
-1.83500363039613e-05 -9.67293184619959e-06  -0.00877006002526806   0.00910712622733437    -0.224248378595337  -8.8955762580235e-13 -1.90387506917373e-12  9.80017059254242e-13 -4.55772914328765e-13      1.79624989361839
POPULATION (lambda : -0.7): 5.99926012860919
TOTAL ENERGY: -127.079366496099	 lambda: -0.6
1RDM (lambda : -0.6): 
     1.99999998649254  1.71376828181547e-08  1.45454174741738e-06  1.23906583766123e-06  5.09716586519194e-07  3.37068182474053e-15  7.53493246316987e-15 -3.04176078632143e-17  1.47917848393942e-16 -9.49812906721401e-06
 1.71376828181547e-08      1.99999371955453 -0.000449069281091532 -8.31964245056644e-05 -4.01861800124973e-05 -4.65395679707601e-15 -1.02221386034661e-14  1.63549849220168e-15  -7.4589536981814e-16 -1.75624178966981e-05
 1.45454174741738e-06 -0.000449069281091532      1.96342329815058    -0.005221827618173   -0.0441232632588534 -6.33532573057731e-13 -1.39023343791892e-12 -2.31724317086618e-12  1.05592316598547e-12  -0.00804910192549204
 1.23906583766123e-06 -8.31964245056644e-05    -0.005221827618173      1.99662373967472     0.060626385609788  3.12344357945481e-13  6.84405594048166e-13  1.11246290067564e-12 -5.07250229030129e-13    0.0081713165955996
 5.09716586519194e-07 -4.01861800124973e-05   -0.0441232632588534     0.060626385609788      0.17820396278938 -2.25510723087266e-11 -4.94971187052299e-11  -8.7515692865153e-11  3.98725271116365e-11    -0.231382794154805
 3.37068182474053e-15 -4.65395679707601e-15 -6.33532573057731e-13  3.12344357945481e-13 -2.25510723087266e-11      1.08193867395917  3.71486499568597e-14  2.60234073189857e-06   -0.0579481957385862 -4.01909874283699e-11
 7.53493246316987e-15 -1.02221386034661e-14 -1.39023343791892e-12  6.84405594048166e-13 -4.94971187052299e-11  3.71486499568597e-14      1.08193867396608    0.0579481957279303  2.60234070768314e-06 -8.82918764294185e-11
-3.04176078632143e-17  1.63549849220168e-15 -2.31724317086618e-12  1.11246290067564e-12  -8.7515692865153e-11  2.60234073189857e-06    0.0579481957279303     0.920293125217899  3.72697509632873e-14  5.32220762024405e-11
 1.47917848393942e-16  -7.4589536981814e-16  1.05592316598547e-12 -5.07250229030129e-13  3.98725271116365e-11   -0.0579481957385862  2.60234070768314e-06  3.72697509632873e-14     0.920293125224841 -2.42157624334694e-11
-9.49812906721401e-06 -1.75624178966981e-05  -0.00804910192549204    0.0081713165955996    -0.231382794154805 -4.01909874283699e-11 -8.82918764294185e-11  5.32220762024405e-11 -2.42157624334694e-11      1.85729169497028
POPULATION (lambda : -0.6): 6.00534232342141
TOTAL ENERGY: -127.082465677173	 lambda: -0.5
1RDM (lambda : -0.5): 
     1.99999998599536  1.77895562689873e-08   1.7599060729144e-06   1.1427614820028e-06  7.39795310451746e-06 -1.93396286975195e-15  -3.9420513243927e-15  7.02714257857923e-15 -3.18088839425457e-15 -4.69444750260136e-06
 1.77895562689873e-08      1.99999375376479 -0.000446306683181574  -8.3286010788944e-05 -3.49322179456919e-05 -6.01369652158404e-16 -1.31834417830608e-15 -4.53478912636097e-15  2.14118736260496e-15 -2.25488197244177e-05
  1.7599060729144e-06 -0.000446306683181574      1.96368324431116  -0.00532179042055613   -0.0437883666594721 -4.36808641809378e-13 -9.30950271482957e-13  -1.1412240557763e-12  5.35362672808443e-13  -0.00828919215088593
  1.1427614820028e-06  -8.3286010788944e-05  -0.00532179042055613      1.99682156004682    0.0576246426453288  4.63695197268882e-13  9.83414631016067e-13  1.09871958531742e-12 -5.16916955732687e-13   0.00794324562908146
 7.39795310451746e-06 -3.49322179456919e-05   -0.0437883666594721    0.0576246426453288     0.156458643888677  -1.1801089772021e-11 -2.51318430886317e-11  -3.7004062177202e-11  1.73442359211996e-11    -0.252617267722964
-1.93396286975195e-15 -6.01369652158404e-16 -4.36808641809378e-13  4.63695197268882e-13  -1.1801089772021e-11      1.06522503194478  1.64162258284902e-14  2.47512406886862e-06   -0.0551703228952523  3.65368131848864e-12
 -3.9420513243927e-15 -1.31834417830608e-15 -9.30950271482957e-13  9.83414631016067e-13 -2.51318430886317e-11  1.64162258284902e-14       1.0652250319528    0.0551703228869801  2.47512404906105e-06  7.43020752224785e-12
 7.02714257857923e-15 -4.53478912636097e-15  -1.1412240557763e-12  1.09871958531742e-12  -3.7004062177202e-11  2.47512406886862e-06    0.0551703228869801     0.936450311140196  1.64903698423232e-14 -1.07707392426299e-11
-3.18088839425457e-15  2.14118736260496e-15  5.35362672808443e-13 -5.16916955732687e-13  1.73442359211996e-11   -0.0551703228952523  2.47512404906105e-06  1.64903698423232e-14     0.936450311148187    5.167196387297e-12
-4.69444750260136e-06 -2.25488197244177e-05  -0.00828919215088593   0.00794324562908146    -0.252617267722964  3.65368131848864e-12  7.43020752224785e-12 -1.07707392426299e-11    5.167196387297e-12      1.87969212580724
POPULATION (lambda : -0.5): 6.01099894338417
TOTAL ENERGY: -127.086502378208	 lambda: -0.4
1RDM (lambda : -0.4): 
     1.99999998451022  2.06237655528608e-08  2.22182489551229e-06  1.23245811459676e-06  1.35902353644908e-05 -6.68004492381002e-17 -1.69858420744781e-17  1.15502784366684e-16  7.77817578029754e-17 -6.40739463013925e-07
 2.06237655528608e-08      1.99999380332578 -0.000441855553169293 -8.37077943398455e-05 -2.40347266293573e-05 -5.65475513878344e-17 -1.19982993152895e-16  4.74355728285808e-17 -2.47628347015626e-17 -2.69674066942128e-05
 2.22182489551229e-06 -0.000441855553169293      1.96411155474045  -0.00547311531419389   -0.0426731939801574 -1.55635548300961e-14 -3.27222888013193e-14 -5.69415371339887e-14  2.72052804360923e-14  -0.00916942563620381
 1.23245811459676e-06 -8.37077943398455e-05  -0.00547311531419389      1.99704409853887    0.0532620159840172  1.12992978861682e-14  2.35115999912224e-14  4.36550739622089e-14 -2.05014365929158e-14   0.00801100986382169
 1.35902353644908e-05 -2.40347266293573e-05   -0.0426731939801574    0.0532620159840172     0.153417458336714 -3.00633750613121e-13 -6.15213459326944e-13 -1.66640506002961e-12  8.04828729655709e-13    -0.289616394354605
-6.68004492381002e-17 -5.65475513878344e-17 -1.55635548300961e-14  1.12992978861682e-14 -3.00633750613121e-13      1.05778765383306 -5.27920813985081e-15  2.57401628456937e-06   -0.0573576463462639 -2.65361068874824e-13
-1.69858420744781e-17 -1.19982993152895e-16 -3.27222888013193e-14  2.35115999912224e-14 -6.15213459326944e-13 -5.27920813985081e-15      1.05778765383983    0.0573576463386402  2.57401628661179e-06 -5.65587807872803e-13
 1.15502784366684e-16  4.74355728285808e-17 -5.69415371339887e-14  4.36550739622089e-14 -1.66640506002961e-12  2.57401628456937e-06    0.0573576463386402     0.943599302845302 -5.38120205768884e-15 -2.14321009804962e-13
 7.77817578029754e-17 -2.47628347015626e-17  2.72052804360923e-14 -2.05014365929158e-14  8.04828729655709e-13   -0.0573576463462639  2.57401628661179e-06 -5.38120205768884e-15     0.943599302852103  1.03391309584605e-13
-6.40739463013925e-07 -2.69674066942128e-05  -0.00916942563620381   0.00801100986382169    -0.289616394354605 -2.65361068874824e-13 -5.65587807872803e-13 -2.14321009804962e-13  1.03391309584605e-13      1.88265918717765
POPULATION (lambda : -0.4): 6.02007764786548
TOTAL ENERGY: -127.093557613263	 lambda: -0.3
1RDM (lambda : -0.3): 
     1.99999998201383  2.64826031617344e-08  2.98853836456397e-06  1.56172317943387e-06  1.95382491378656e-05 -1.15007074721613e-17  9.56942482585755e-17 -1.65669205742945e-16  2.10381480678483e-16  4.91722536203734e-06
 2.64826031617344e-08      1.99999391701954 -0.000431934038167615 -8.40214916017193e-05 -2.78693401310121e-06 -2.71859050597451e-17 -5.61208720988329e-17  1.96746768175737e-16 -9.60860934294161e-17 -3.14895192435527e-05
 2.98853836456397e-06 -0.000431934038167615      1.96502142298194  -0.00566834574334954   -0.0401886939404241  1.32787892341531e-15  3.01673649331624e-15 -1.83414909573301e-15  1.03812078944725e-15     -0.01092704832601
 1.56172317943387e-06 -8.40214916017193e-05  -0.00566834574334954      1.99727886981614    0.0473219215206404 -5.25838919879642e-15 -1.12264500559877e-14  5.41855751186773e-15 -2.25561814219833e-15   0.00818789055525881
 1.95382491378656e-05 -2.78693401310121e-06   -0.0401886939404241    0.0473219215206404     0.170032269785068  2.63952190221496e-13  5.75003844221723e-13  1.19552424726252e-13 -4.31933377140052e-14    -0.355223011801271
-1.15007074721613e-17 -2.71859050597451e-17  1.32787892341531e-15 -5.25838919879642e-15  2.63952190221496e-13      1.05564628972516  1.63212248265031e-15  2.95420714358607e-06    -0.065907741534374 -2.32022901351162e-13
 9.56942482585755e-17 -5.61208720988329e-17  3.01673649331624e-15 -1.12264500559877e-14  5.75003844221723e-13  1.63212248265031e-15      1.05564628973334    0.0659077415269778  2.95420714285585e-06 -4.88468740908437e-13
-1.65669205742945e-16  1.96746768175737e-16 -1.83414909573301e-15  5.41855751186773e-15  1.19552424726252e-13  2.95420714358607e-06    0.0659077415269778     0.945562412477648  1.20878284456847e-15  7.78279975335766e-14
 2.10381480678483e-16 -9.60860934294161e-17  1.03812078944725e-15 -2.25561814219833e-15 -4.31933377140052e-14    -0.065907741534374  2.95420714285585e-06  1.20878284456847e-15     0.945562412485841 -3.71325617609836e-14
 4.91722536203734e-06 -3.14895192435527e-05     -0.01092704832601   0.00818789055525881    -0.355223011801271 -2.32022901351162e-13 -4.88468740908437e-13  7.78279975335766e-14 -3.71325617609836e-14      1.86525613396152
POPULATION (lambda : -0.3): 6.04070621457274
TOTAL ENERGY: -127.110037340735	 lambda: -0.2
1RDM (lambda : -0.2): 
     1.99999997829291  3.86053514835488e-08  4.47178582974509e-06  2.37875390257099e-06  2.33572069890023e-05 -7.63688673629707e-17 -4.58987747433349e-17  7.90961083690516e-17   9.3977639425016e-17  1.66343846530873e-05
 3.86053514835488e-08      1.99999431628054 -0.000399622938863155 -8.19653354449241e-05  4.50827363006248e-05  -1.3618240191413e-17 -2.96985286189765e-17  1.46510484969229e-16 -7.17454868209329e-17 -3.21329462986271e-05
 4.47178582974509e-06 -0.000399622938863155      1.96778391387476  -0.00585045374132291   -0.0329514187637881 -7.78533608987522e-15 -1.65348067421099e-14 -2.67244825579622e-14   1.2631188760271e-14   -0.0143887532511604
 2.37875390257099e-06 -8.19653354449241e-05  -0.00585045374132291       1.9974676278457    0.0393177274147366  6.99758629068799e-15  1.48118029725472e-14  1.67653128262575e-14 -7.51901170544284e-15   0.00783365738667419
 2.33572069890023e-05  4.50827363006248e-05   -0.0329514187637881    0.0393177274147366     0.239972416978164 -1.32946816765159e-13 -2.66332897365162e-13 -9.07630427818012e-13  4.31381505047204e-13    -0.485465449110425
-7.63688673629707e-17  -1.3618240191413e-17 -7.78533608987522e-15  6.99758629068799e-15 -1.32946816765159e-13      1.05744158812107  2.21830420405551e-15  3.85940551402431e-06    -0.085921783337577 -7.61350570847329e-14
-4.58987747433349e-17 -2.96985286189765e-17 -1.65348067421099e-14  1.48118029725472e-14 -2.66332897365162e-13  2.21830420405551e-15      1.05744158814827    0.0859217833408896  3.85940551204334e-06 -1.76201287523555e-13
 7.90961083690516e-17  1.46510484969229e-16 -2.67244825579622e-14  1.67653128262575e-14 -9.07630427818012e-13  3.85940551402431e-06    0.0859217833408896     0.943588324722712   9.7460575807871e-16 -6.39586311029287e-13
  9.3977639425016e-17 -7.17454868209329e-17   1.2631188760271e-14 -7.51901170544284e-15  4.31381505047204e-13    -0.085921783337577  3.85940551204334e-06   9.7460575807871e-16      0.94358832474943  3.04733670939833e-13
 1.66343846530873e-05 -3.21329462986271e-05   -0.0143887532511604   0.00783365738667419    -0.485465449110425 -7.61350570847329e-14 -1.76201287523555e-13 -6.39586311029287e-13  3.04733670939833e-13      1.79272192098644
POPULATION (lambda : -0.2): 6.10977935266121
TOTAL ENERGY: -127.154887341776	 lambda: -0.1
1RDM (lambda : -0.1): 
     1.99999997496782  5.69686375196377e-08   6.8183080678713e-06  4.06889063516642e-06  9.30023039695513e-06 -8.01162779299053e-17 -6.04238729510319e-17  6.39730820063042e-17   1.0003554629015e-16  4.14439735916216e-05
 5.69686375196377e-08      1.99999628817435  -0.00025229662408958 -5.98169436496745e-05  0.000146846901752078  1.34149456875233e-18  1.23370421732462e-18  2.69984755813696e-16  -1.2851359259831e-16  2.28647037147142e-05
  6.8183080678713e-06  -0.00025229662408958      1.97951869022922  -0.00529294225929382  -0.00219423140234593 -4.17856793183453e-15 -8.74167073543083e-15  1.30555370398017e-14 -5.94647373735905e-15   -0.0175070953531757
 4.06889063516642e-06 -5.98169436496745e-05  -0.00529294225929382      1.99726863266733    0.0334400203855847  6.85078951509708e-15  1.48073308364533e-14  9.91700934183955e-15 -4.25982630171282e-15    0.0014552603398022
 9.30023039695513e-06  0.000146846901752078  -0.00219423140234593    0.0334400203855847     0.549937812690852 -1.17790778041962e-13 -2.30448990911921e-13 -4.91285986066294e-13   2.2923913827374e-13    -0.662248507669989
-8.01162779299053e-17  1.34149456875233e-18 -4.17856793183453e-15  6.85078951509708e-15 -1.17790778041962e-13      1.05402715126829  1.64946966413442e-15  4.96364796881906e-06    -0.110810150805541 -6.83319356929194e-14
-6.04238729510319e-17  1.23370421732462e-18 -8.74167073543083e-15  1.48073308364533e-14 -2.30448990911921e-13  1.64946966413442e-15      1.05402715128297     0.110810150798729  4.96364796618679e-06 -1.56615626822098e-13
 6.39730820063042e-17  2.69984755813696e-16  1.30555370398017e-14  9.91700934183955e-15 -4.91285986066294e-13  4.96364796881906e-06     0.110810150798729     0.946577643982058  9.76186031276206e-16 -8.70760641171846e-13
  1.0003554629015e-16  -1.2851359259831e-16 -5.94647373735905e-15 -4.25982630171282e-15   2.2923913827374e-13    -0.110810150805541  4.96364796618679e-06  9.76186031276206e-16     0.946577643996741  4.10561558426093e-13
 4.14439735916216e-05  2.28647037147142e-05   -0.0175070953531757    0.0014552603398022    -0.662248507669989 -6.83319356929194e-14 -1.56615626822098e-13 -8.70760641171846e-13  4.10561558426093e-13      1.47206901074038
POPULATION (lambda : -0.1): 6.43407927398481
TOTAL ENERGY: -127.179628643166	 lambda: 0
1RDM (lambda : 0): 
     1.99999997562273  4.27572512397641e-08  5.45094885802137e-06  4.33495302531729e-06 -1.86172754878294e-05 -9.02189013614126e-17 -6.61233424983903e-17  2.50287549014498e-17   1.1832928283782e-16  3.84571126083928e-05
 4.27572512397641e-08      1.99999896203601 -6.47650887241112e-05 -2.03054087249359e-05  0.000148592893934784  1.75824399044337e-18 -1.48977370917608e-18  2.63563705140162e-16 -1.24264832037804e-16   0.00014246098122581
 5.45094885802137e-06 -6.47650887241112e-05      1.99364324526042  -0.00359132871925416    0.0361968889336744 -6.94227744708255e-17   -2.991718290215e-16  6.07748544294644e-14 -2.80432646369899e-14  -0.00670960355318943
 4.33495302531729e-06 -2.03054087249359e-05  -0.00359132871925416      1.99678621033699    0.0420381764435004  7.24792301141648e-15  1.60993294276109e-14  2.25657628089159e-14 -1.01959301529301e-14   -0.0109563607865212
-1.86172754878294e-05  0.000148592893934784    0.0361968889336744    0.0420381764435004     0.917559488130801 -5.35793481128282e-14 -1.00330453622873e-13 -5.95674695145388e-14   2.6459502183023e-14    -0.448762374301737
-9.02189013614126e-17  1.75824399044337e-18 -6.94227744708255e-17  7.24792301141648e-15 -5.35793481128282e-14      1.02828354049349   9.4922603640828e-16  3.21941746742556e-06   -0.0718714199495906 -4.53159900106728e-14
-6.61233424983903e-17 -1.48977370917608e-18   -2.991718290215e-16  1.60993294276109e-14 -1.00330453622873e-13   9.4922603640828e-16      1.02828354050292    0.0718714199459199  3.21941746533701e-06 -9.88482718683656e-14
 2.50287549014498e-17  2.63563705140162e-16  6.07748544294644e-14  2.25657628089159e-14 -5.95674695145388e-14  3.21941746742556e-06    0.0718714199459199     0.971883690599832  5.22812073092042e-16   -5.763080969319e-13
  1.1832928283782e-16 -1.24264832037804e-16 -2.80432646369899e-14 -1.01959301529301e-14   2.6459502183023e-14   -0.0718714199495906  3.21941746533701e-06  5.22812073092042e-16     0.971883690609268  2.69343476384756e-13
 3.84571126083928e-05   0.00014246098122581  -0.00670960355318943   -0.0109563607865212    -0.448762374301737 -4.53159900106728e-14 -9.88482718683656e-14   -5.763080969319e-13  2.69343476384756e-13      1.09167765640756
POPULATION (lambda : 0): 6.85745970218376
TOTAL ENERGY: -127.175960216627	 lambda: 0.1
1RDM (lambda : 0.1): 
     1.99999997465272  2.94633163018456e-08  3.99839434353117e-06  3.99143331082363e-06 -2.59703973268919e-05 -9.51828675563649e-17 -6.67448224685613e-17  1.41969797408178e-17  1.23597368951485e-16  2.74386082462493e-05
 2.94633163018456e-08      1.99999961118846 -2.29810290155588e-05 -8.72605256053311e-06  0.000113947607151404 -1.16851165285928e-18 -8.78088450404147e-18  2.16185749353801e-16 -1.02003805710332e-16  0.000172850267001513
 3.99839434353117e-06 -2.29810290155588e-05       1.9965737841559  -0.00292781646060817    0.0446537882195796  9.20998971745253e-16  1.55986865186442e-15  7.07078719066725e-14 -3.26131841895853e-14   0.00130937527390539
 3.99143331082363e-06 -8.72605256053311e-06  -0.00292781646060817      1.99672994324808    0.0465633250502282  7.35319686997368e-15  1.64550535344107e-14  2.90309538339414e-14 -1.32145674973642e-14   -0.0145831963016593
-2.59703973268919e-05  0.000113947607151404    0.0446537882195796    0.0465633250502282      0.99153605012256 -2.85947156320809e-14 -5.21623273596834e-14   1.5674849986932e-14 -8.11772871126074e-15     -0.28072924807828
-9.51828675563649e-17 -1.16851165285928e-18  9.20998971745253e-16  7.35319686997368e-15 -2.85947156320809e-14      1.01628054694189  5.62268271257816e-16  1.99116809418456e-06   -0.0444515398287164 -2.82580525509618e-14
-6.67448224685613e-17 -8.78088450404147e-18  1.55986865186442e-15  1.64550535344107e-14 -5.21623273596834e-14  5.62268271257816e-16      1.01628054694766    0.0444515398264575  1.99116809280147e-06 -6.05002840042199e-14
 1.41969797408178e-17  2.16185749353801e-16  7.07078719066725e-14  2.90309538339414e-14   1.5674849986932e-14  1.99116809418456e-06    0.0444515398264575     0.983797005531216  3.02484722937101e-16 -3.57807631498261e-13
 1.23597368951485e-16 -1.02003805710332e-16 -3.26131841895853e-14 -1.32145674973642e-14 -8.11772871126074e-15   -0.0444515398287164  1.99116809280147e-06  3.02484722937101e-16     0.983797005536992  1.66703308105953e-13
 2.74386082462493e-05  0.000172850267001513   0.00130937527390539   -0.0145831963016593     -0.28072924807828 -2.82580525509618e-14 -6.05002840042199e-14 -3.57807631498261e-13  1.66703308105953e-13       1.0150055316745
POPULATION (lambda : 0.1): 6.95557062607516
TOTAL ENERGY: -127.172436066826	 lambda: 0.2
1RDM (lambda : 0.2): 
     1.99999997233891    2.365635642552e-08  3.38009305452602e-06  3.88211016297008e-06 -2.82996464222947e-05 -9.70790962291639e-17 -6.67641339452179e-17  1.07869807019621e-17   1.2512282946317e-16  2.17321284411529e-05
   2.365635642552e-08      1.99999978547289 -1.29973182334235e-05 -5.30774611919098e-06  9.66692887677512e-05 -2.63525807805283e-18 -1.20245318839769e-17  1.93398021346335e-16 -9.13943827929643e-17  0.000175244564310409
 3.38009305452602e-06 -1.29973182334235e-05      1.99720793595339  -0.00265522722545625    0.0466409262296424  1.17512237689183e-15   1.9576510518572e-15  7.28227561236074e-14 -3.35737400766091e-14   0.00576066654013183
 3.88211016297008e-06 -5.30774611919098e-06  -0.00265522722545625      1.99678195350997    0.0478302171985117  7.32945823454527e-15  1.64401707504646e-14  3.08852833356943e-14 -1.40771668307009e-14   -0.0154992888015136
-2.82996464222947e-05  9.66692887677512e-05    0.0466409262296424    0.0478302171985117      1.00749313014248 -1.97768340906984e-14 -3.55694087298769e-14  2.85345515889764e-14 -1.38703048275171e-14    -0.208788725475638
-9.70790962291639e-17 -2.63525807805283e-18  1.17512237689183e-15  7.32945823454527e-15 -1.97768340906984e-14       1.0117244181379  4.16554938014946e-16   1.4781914517833e-06   -0.0329996716642337 -2.10085009842702e-14
-6.67641339452179e-17 -1.20245318839769e-17   1.9576510518572e-15  1.64401707504646e-14 -3.55694087298769e-14  4.16554938014946e-16      1.01172441814222    0.0329996716626946  1.47819145069572e-06 -4.46219256816847e-14
 1.07869807019621e-17  1.93398021346335e-16  7.28227561236074e-14  3.08852833356943e-14  2.85345515889764e-14   1.4781914517833e-06    0.0329996716626946      0.98833234345904  2.22423012544133e-16 -2.65216146762259e-13
  1.2512282946317e-16 -9.13943827929643e-17 -3.35737400766091e-14 -1.40771668307009e-14 -1.38703048275171e-14   -0.0329996716642337  1.47819145069572e-06  2.22423012544133e-16     0.988332343463363  1.23389812674575e-13
 2.17321284411529e-05  0.000175244564310409   0.00576066654013183   -0.0154992888015136    -0.208788725475638 -2.10085009842702e-14 -4.46219256816847e-14 -2.65216146762259e-13  1.23389812674575e-13     0.998403699379866
POPULATION (lambda : 0.2): 6.98057987363903
TOTAL ENERGY: -127.17009764613	 lambda: 0.3
1RDM (lambda : 0.3): 
     1.99999996896214  2.08299429706774e-08  3.10346916226559e-06   3.9205749347865e-06 -2.96457122203665e-05 -9.79804541122046e-17 -6.67883004860391e-17  8.95888891998679e-18  1.25786195710172e-16  1.84218413603827e-05
 2.08299429706774e-08      1.99999985500304 -9.53199508651556e-06 -3.92332327351085e-06  8.77128251507235e-05 -3.39431833182083e-18 -1.35382381682006e-17  1.81897710687514e-16  -8.6068136742615e-17  0.000171469994930885
 3.10346916226559e-06 -9.53199508651556e-06      1.99739667878885  -0.00249217061363902    0.0472990560474063  1.26591643007153e-15  2.05188343203742e-15  7.34063449964145e-14 -3.38299576261369e-14   0.00879383674946297
  3.9205749347865e-06 -3.92332327351085e-06  -0.00249217061363902      1.99686194628841    0.0479366672661853  7.26363278702414e-15  1.63102106134641e-14  3.11191616174468e-14  -1.4184259954805e-14   -0.0157209058642407
-2.96457122203665e-05  8.77128251507235e-05    0.0472990560474063    0.0479366672661853      1.01279688167617 -1.57651721520967e-14  -2.8101824378782e-14  3.17480548145889e-14 -1.52485120951225e-14    -0.173534411439342
-9.79804541122046e-17 -3.39431833182083e-18  1.26591643007153e-15  7.26363278702414e-15 -1.57651721520967e-14      1.00958693586554  3.50403267804401e-16  1.22948622176818e-06   -0.0274474900684193  -1.7465240958305e-14
-6.67883004860391e-17 -1.35382381682006e-17  2.05188343203742e-15  1.63102106134641e-14  -2.8101824378782e-14  3.50403267804401e-16      1.00958693586913     0.027447490067132  1.22948622080574e-06 -3.69321494643238e-14
 8.95888891998679e-18  1.81897710687514e-16  7.34063449964145e-14  3.11191616174468e-14  3.17480548145889e-14  1.22948622176818e-06     0.027447490067132     0.990462744223064   1.8957284277724e-16 -2.19994866753499e-13
 1.25786195710172e-16  -8.6068136742615e-17 -3.38299576261369e-14  -1.4184259954805e-14 -1.52485120951225e-14   -0.0274474900684193  1.22948622080574e-06   1.8957284277724e-16     0.990462744226648  1.02262355688389e-13
 1.84218413603827e-05  0.000171469994930885   0.00879383674946297   -0.0157209058642407    -0.173534411439342  -1.7465240958305e-14 -3.69321494643238e-14 -2.19994866753499e-13  1.02262355688389e-13     0.992845309097011
POPULATION (lambda : 0.3): 6.99018343011642
TOTAL ENERGY: -127.168401974333	 lambda: 0.4
1RDM (lambda : 0.4): 
     1.99999996426023  1.94126460591703e-08  2.98981039417417e-06  4.07260482914811e-06 -3.07830029937864e-05 -9.84632937773909e-17 -6.68697615053956e-17   7.5426454680859e-18  1.26194752384059e-16  1.61721864953224e-05
 1.94126460591703e-08      1.99999989032678 -8.02703488901728e-06 -3.24847045615241e-06  8.27253263301956e-05 -3.81897967730316e-18 -1.42840863680704e-17  1.75683672968123e-16 -8.32047337789484e-17  0.000166329734863515
 2.98981039417417e-06 -8.02703488901728e-06      1.99746023180228  -0.00236840035574418    0.0475415869244818  1.30180673619197e-15  2.05067222853815e-15  7.35358751952698e-14  -3.3878281729005e-14    0.0111477110601282
 4.07260482914811e-06 -3.24847045615241e-06  -0.00236840035574418      1.99695592625531    0.0474653594661759  7.17362076165634e-15  1.61189697690777e-14  3.05574257725283e-14  -1.3921103464416e-14   -0.0156862580903848
-3.07830029937864e-05  8.27253263301956e-05    0.0475415869244818    0.0474653594661759      1.01540074942249  -1.3709345851589e-14 -2.42812007604494e-14  3.32460789493577e-14 -1.58822668267457e-14    -0.155179603155988
-9.84632937773909e-17 -3.81897967730316e-18  1.30180673619197e-15  7.17362076165634e-15  -1.3709345851589e-14      1.00848576932912  3.19037697454109e-16  1.10100502340263e-06     -0.02457922874858 -1.56232528227127e-14
-6.68697615053956e-17 -1.42840863680704e-17  2.05067222853815e-15  1.61189697690777e-14 -2.42812007604494e-14  3.19037697454109e-16      1.00848576933234     0.024579228747465  1.10100502249053e-06 -3.29384567641355e-14
  7.5426454680859e-18  1.75683672968123e-16  7.35358751952698e-14  3.05574257725283e-14  3.32460789493577e-14  1.10100502340263e-06     0.024579228747465      0.99156097695008  1.74587659479883e-16 -1.96463536637893e-13
 1.26194752384059e-16 -8.32047337789484e-17  -3.3878281729005e-14  -1.3921103464416e-14 -1.58822668267457e-14     -0.02457922874858  1.10100502249053e-06  1.74587659479883e-16       0.9915609769533  9.12654667758919e-14
 1.61721864953224e-05  0.000166329734863515    0.0111477110601282   -0.0156862580903848    -0.155179603155988 -1.56232528227127e-14 -3.29384567641355e-14 -1.96463536637893e-13  9.12654667758919e-14     0.990089745368127
POPULATION (lambda : 0.4): 6.99509133006754
TOTAL ENERGY: -127.166974105795	 lambda: 0.5
1RDM (lambda : 0.5): 
     1.99999995760293  1.88326980561194e-08  2.97106549892128e-06  4.34916021569375e-06 -3.19250221922396e-05 -9.87227101435545e-17 -6.70080440526378e-17  6.20802928873969e-18  1.26525594996186e-16  1.44016219310317e-05
 1.88326980561194e-08      1.99999991115392 -7.28075063496962e-06 -2.88376415485391e-06    7.993689783978e-05 -4.06288736115139e-18 -1.46391162459847e-17  1.72355996035416e-16 -8.16812537209697e-17  0.000161208116259566
 2.97106549892128e-06 -7.28075063496962e-06       1.9974812457986   -0.0022586512154095    0.0475961437252179  1.31129448308289e-15  2.00463086525701e-15   7.3467411910862e-14 -3.38363395185911e-14    0.0131374421601256
 4.34916021569375e-06 -2.88376415485391e-06   -0.0022586512154095      1.99706092831239     0.046590226371481  7.06213143842526e-15  1.58766823769624e-14  2.94481908145484e-14 -1.34035509390909e-14   -0.0155181823975731
-3.19250221922396e-05    7.993689783978e-05    0.0475961437252179     0.046590226371481      1.01735565924416 -1.26792222162589e-14  -2.2341921870876e-14  3.48812703661106e-14 -1.66097229283889e-14    -0.146579442787118
-9.87227101435545e-17 -4.06288736115139e-18  1.31129448308289e-15  7.06213143842526e-15 -1.26792222162589e-14      1.00795306563224  3.05796553003522e-16  1.04152232190954e-06   -0.0232513070017597 -1.47610321872943e-14
-6.70080440526378e-17 -1.46391162459847e-17  2.00463086525701e-15  1.58766823769624e-14  -2.2341921870876e-14  3.05796553003522e-16      1.00795306563528    0.0232513070007091  1.04152232100488e-06 -3.10465372139573e-14
 6.20802928873969e-18  1.72355996035416e-16   7.3467411910862e-14  2.94481908145484e-14  3.48812703661106e-14  1.04152232190954e-06    0.0232513070007091     0.992092460739262  1.69266267853171e-16  -1.8539886174753e-13
 1.26525594996186e-16 -8.16812537209697e-17 -3.38363395185911e-14 -1.34035509390909e-14 -1.66097229283889e-14   -0.0232513070017597  1.04152232100488e-06  1.69266267853171e-16     0.992092460742306  8.60786059773569e-14
 1.44016219310317e-05  0.000161208116259566    0.0131374421601256   -0.0155181823975731    -0.146579442787118 -1.47610321872943e-14 -3.10465372139573e-14  -1.8539886174753e-13  8.60786059773569e-14     0.988011245138952
POPULATION (lambda : 0.5): 6.99828245502224
TOTAL ENERGY: -127.165513222244	 lambda: 0.6
1RDM (lambda : 0.6): 
     1.99999994778817   1.8881293876463e-08  3.01673746266103e-06  4.80201435862957e-06 -3.31356459545047e-05 -9.88302417954078e-17 -6.71971117710723e-17  4.85728775881555e-18  1.26832318232967e-16  1.27921499459825e-05
  1.8881293876463e-08      1.99999992467427 -6.88255940545828e-06  -2.6775903665056e-06  7.85815563447333e-05 -4.19410124236316e-18 -1.47668183259238e-17  1.70886495232551e-16 -8.10171741220011e-17   0.00015661422144631
 3.01673746266103e-06 -6.88255940545828e-06      1.99748889975229  -0.00214968845701289    0.0475205175249091  1.30206632335411e-15  1.92419203890575e-15  7.32572547132794e-14 -3.37297290895855e-14    0.0149414981126247
 4.80201435862957e-06  -2.6775903665056e-06  -0.00214968845701289      1.99717610061557    0.0453390348819169  6.92656759176857e-15  1.55789334096567e-14  2.78357722101677e-14  -1.2652520453643e-14   -0.0152496648496457
-3.31356459545047e-05  7.85815563447333e-05    0.0475205175249091    0.0453390348819169      1.01949136343664 -1.23240335989368e-14 -2.16162944963019e-14  3.74277914147901e-14 -1.77811516118192e-14    -0.145072942381058
-9.88302417954078e-17 -4.19410124236316e-18  1.30206632335411e-15  6.92656759176857e-15 -1.23240335989368e-14      1.00781429040698   3.0718846755863e-16  1.03211510968308e-06   -0.0230413061158323 -1.46101091733748e-14
-6.71971117710723e-17 -1.47668183259238e-17  1.92419203890575e-15  1.55789334096567e-14 -2.16162944963019e-14   3.0718846755863e-16      1.00781429040999    0.0230413061147596  1.03211510874402e-06  -3.0660838215719e-14
 4.85728775881555e-18  1.70886495232551e-16  7.32572547132794e-14  2.78357722101677e-14  3.74277914147901e-14  1.03211510968308e-06    0.0230413061147596     0.992230984368866  1.72482029130033e-16 -1.83363700723998e-13
 1.26832318232967e-16 -8.10171741220011e-17 -3.37297290895855e-14  -1.2652520453643e-14 -1.77811516118192e-14   -0.0230413061158323  1.03211510874402e-06  1.72482029130033e-16      0.99223098437187  8.50900017141266e-14
 1.27921499459825e-05   0.00015661422144631    0.0149414981126247   -0.0152496648496457    -0.145072942381058 -1.46101091733748e-14  -3.0660838215719e-14 -1.83363700723998e-13  8.50900017141266e-14     0.985753214175333
POPULATION (lambda : 0.6): 7.00094070346995
TOTAL ENERGY: -127.16363870766	 lambda: 0.7
1RDM (lambda : 0.7): 
     1.99999993242789   1.9532006682472e-08  3.10830769998109e-06  5.55144139076505e-06 -3.44000118762051e-05  -9.8796362930492e-17 -6.74216582734353e-17  3.51172149473283e-18  1.27104684947765e-16  1.11044239783192e-05
  1.9532006682472e-08      1.99999993401255 -6.66711759004762e-06 -2.56422190651226e-06  7.83588577010832e-05 -4.24325829124563e-18 -1.47421930095003e-17  1.70869124959449e-16 -8.10217203496097e-17  0.000152835068172585
