The Davidson algorithm did not converge.lambda: -1
The Davidson algorithm did not converge.lambda: -0.9
The Davidson algorithm did not converge.lambda: -0.8
The Davidson algorithm did not converge.lambda: -0.7
The Davidson algorithm did not converge.lambda: -0.6
The Davidson algorithm did not converge.lambda: -0.5
The Davidson algorithm did not converge.lambda: -0.4
The Davidson algorithm did not converge.lambda: -0.3
The Davidson algorithm did not converge.lambda: -0.2
The Davidson algorithm did not converge.lambda: -0.1
TOTAL ENERGY: -127.16630319031	 lambda: 0
1RDM (lambda : 0): 
     1.99999999163146   1.2288932890511e-08 -1.73552312302153e-06  -1.2782691539627e-06 -6.66697962230251e-05   1.4347877477889e-14 -8.34167126757938e-14 -1.17142276534406e-14  2.34277373886543e-15  2.97690472878826e-06
  1.2288932890511e-08      1.99999976883171  1.42113514222669e-06  1.93757426882308e-05 -4.02060634853061e-05  1.31353312146124e-14 -7.49146780936912e-14 -8.36777003940055e-14  1.55993264823444e-14 -0.000159565154462316
-1.73552312302153e-06  1.42113514222669e-06      1.99954015527372 -0.000120631036954786   -0.0198006989881199  4.48752187799189e-12 -2.55336867773385e-11  6.32630619580606e-12 -1.05237672546266e-12  -0.00160712357211894
 -1.2782691539627e-06  1.93757426882308e-05 -0.000120631036954786      1.99744983660449   0.00608235848879987 -2.19578336134542e-12  1.10339957110233e-11  3.77611030368978e-11 -6.97658936566339e-12    0.0405625091894803
-6.66697962230251e-05 -4.02060634853061e-05   -0.0198006989881199   0.00608235848879987       1.0367610340359  1.78349596886574e-11 -8.94006761740347e-11 -1.42697920331944e-10  2.60953579673258e-11    -0.195105213997902
  1.4347877477889e-14  1.31353312146124e-14  4.48752187799189e-12 -2.19578336134542e-12  1.78349596886574e-11     0.976948047422091    1.132385144918e-14  -2.2176137973584e-05   0.00576956432984895  3.37371412062614e-11
-8.34167126757938e-14 -7.49146780936912e-14 -2.55336867773385e-11  1.10339957110233e-11 -8.94006761740347e-11    1.132385144918e-14     0.976948047422174   0.00576956432910169  2.21761379691783e-05 -1.90835709838214e-10
-1.17142276534406e-14 -8.36777003940055e-14  6.32630619580606e-12  3.77611030368978e-11 -1.42697920331944e-10  -2.2176137973584e-05   0.00576956432910169      1.02308004287858 -1.16523659898962e-14  1.95247265203536e-10
 2.34277373886543e-15  1.55993264823444e-14 -1.05237672546266e-12 -6.97658936566339e-12  2.60953579673258e-11   0.00576956432984895  2.21761379691783e-05 -1.16523659898962e-14      1.02308004287866 -3.30075876623787e-11
 2.97690472878826e-06 -0.000159565154462316  -0.00160712357211894    0.0405625091894803    -0.195105213997902  3.37371412062614e-11 -1.90835709838214e-10  1.95247265203536e-10 -3.30075876623787e-11     0.966193033021249
POPULATION (lambda : 0): 6.97301353860559
TOTAL ENERGY: -127.165619224232	 lambda: 0.1
1RDM (lambda : 0.1): 
     1.99999999148266  6.94612953171527e-09 -1.70038045955592e-06 -6.60618491546161e-07 -6.66780439909026e-05  1.33778713958987e-14 -7.82842969329593e-14 -8.64521049493956e-15   1.7649888072713e-15  9.57599418424525e-06
 6.94612953171527e-09      1.99999991975245  5.22922570492432e-07  9.76960782220517e-06 -4.23299689565912e-05  1.28589797953794e-14 -7.35731623453692e-14 -7.81219902663173e-14  1.45991658218377e-14   -0.0001543316422069
-1.70038045955592e-06  5.22922570492432e-07       1.9995579945709  1.84440385929175e-05   -0.0195944305343429  4.19240336938729e-12 -2.39623076832864e-11  6.98352043060507e-12 -1.17944759044409e-12  0.000148015739210413
-6.60618491546161e-07  9.76960782220517e-06  1.84440385929175e-05      1.99806547215556   0.00923598231756947 -2.82390125419974e-12  1.45657831497353e-11   3.4390779497447e-11 -6.40287883056268e-12    0.0410015509199753
-6.66780439909026e-05 -4.23299689565912e-05   -0.0195944305343429   0.00923598231756947      1.01223369000316  1.08702171750305e-11 -5.53060647537256e-11 -6.78423810270184e-11  1.25092138826179e-11    -0.105385961589735
 1.33778713958987e-14  1.28589797953794e-14  4.19240336938729e-12 -2.82390125419974e-12  1.08702171750305e-11     0.987507246927889 -3.34171165769198e-16 -1.24506635045911e-05   0.00323905814493997  1.71515741154998e-11
-7.82842969329593e-14 -7.35731623453692e-14 -2.39623076832864e-11  1.45657831497353e-11 -5.53060647537256e-11 -3.34171165769198e-16     0.987507246928179   0.00323905814446974  1.24506635050828e-05 -9.74870085256491e-11
-8.64521049493956e-15 -7.81219902663173e-14  6.98352043060507e-12   3.4390779497447e-11 -6.78423810270184e-11 -1.24506635045911e-05   0.00323905814446974      1.01251122703055 -7.82761852292526e-16  1.11359420218097e-10
  1.7649888072713e-15  1.45991658218377e-14 -1.17944759044409e-12 -6.40287883056268e-12  1.25092138826179e-11   0.00323905814493997  1.24506635050828e-05 -7.82761852292526e-16      1.01251122703084 -1.89095748596461e-11
 9.57599418424525e-06   -0.0001543316422069  0.000148015739210413    0.0410015509199753    -0.105385961589735  1.71515741154998e-11 -9.74870085256491e-11  1.11359420218097e-10 -1.89095748596461e-11     0.990105984117822
POPULATION (lambda : 0.1): 6.9935230084709
TOTAL ENERGY: -127.165091225773	 lambda: 0.2
1RDM (lambda : 0.2): 
     1.99999999122601  5.44477252972373e-09 -1.69119386079061e-06 -4.58525968629103e-07 -6.64425229420371e-05  1.29668469215863e-14 -7.60967432650274e-14 -7.67747819784721e-15   1.5790303516648e-15  1.21698521350398e-05
 5.44477252972373e-09      1.99999994879228  2.48635951321279e-07   8.0374613917998e-06 -4.03499287659222e-05  1.22818448256394e-14 -7.03866129019502e-14 -7.93390388007386e-14  1.47894257870196e-14 -0.000152253461271596
-1.69119386079061e-06  2.48635951321279e-07      1.99956534226541  7.71913794982141e-05   -0.0194613771427586  4.11429109157878e-12 -2.35414258647235e-11  6.99999369376782e-12 -1.18537861672783e-12  0.000537497116363971
-4.58525968629103e-07   8.0374613917998e-06  7.71913794982141e-05      1.99814909493911     0.010678784769506 -3.06243879328012e-12  1.59213109256147e-11  3.26825037025169e-11 -6.10935464086675e-12    0.0409390961098959
-6.64425229420371e-05 -4.03499287659222e-05   -0.0194613771427586     0.010678784769506      1.00709080186042  8.10479258188191e-12 -4.13906193692389e-11 -4.66074097612058e-11  8.62227782872014e-12    -0.076048335388796
 1.29668469215863e-14  1.22818448256394e-14  4.11429109157878e-12 -3.06243879328012e-12  8.10479258188191e-12     0.990957476209067  3.09240525868432e-16 -9.12132146493942e-06   0.00237293269755981  1.20542388005328e-11
-7.60967432650274e-14 -7.03866129019502e-14 -2.35414258647235e-11  1.59213109256147e-11 -4.13906193692389e-11  3.09240525868432e-16     0.990957476209196   0.00237293269723851  9.12132146510285e-06 -6.86375519974756e-11
-7.67747819784721e-15 -7.93390388007386e-14  6.99999369376782e-12  3.26825037025169e-11 -4.66074097612058e-11 -9.12132146493942e-06   0.00237293269723851      1.00905932493436 -8.06430612434719e-16  8.16804946670756e-11
  1.5790303516648e-15  1.47894257870196e-14 -1.18537861672783e-12 -6.10935464086675e-12  8.62227782872014e-12   0.00237293269755981  9.12132146510285e-06 -8.06430612434719e-16      1.00905932493449 -1.38938272075519e-11
 1.21698521350398e-05 -0.000152253461271596  0.000537497116363971    0.0409390961098959    -0.076048335388796  1.20542388005328e-11 -6.86375519974756e-11  8.16804946670756e-11 -1.38938272075519e-11     0.995161218629658
POPULATION (lambda : 0.2): 6.99729503499039
TOTAL ENERGY: -127.164766608147	 lambda: 0.3
1RDM (lambda : 0.3): 
     1.99999999086272  4.90341425659102e-09 -1.69397928661756e-06 -3.69768145246627e-07 -6.62609579423059e-05  1.27004701127349e-14 -7.46765618487014e-14 -7.04586872242744e-15  1.45804515929369e-15  1.37959365935306e-05
 4.90341425659102e-09      1.99999995937513  1.21897675056758e-07  7.43762401149673e-06  -3.7946648570234e-05  1.17620958739804e-14 -6.74836176298234e-14  -8.1582650769914e-14  1.51651409352041e-14 -0.000151167545108423
-1.69397928661756e-06  1.21897675056758e-07      1.99956916410976  0.000115347853871303   -0.0193835615805787  4.09597359389527e-12 -2.34393342626265e-11  6.90114668131239e-12 -1.16869329596631e-12   0.00057553142048354
-3.69768145246627e-07  7.43762401149673e-06  0.000115347853871303      1.99816420305277    0.0116397474759833 -3.21578571217083e-12  1.67951345033041e-11  3.15114421815801e-11  -5.9079348562059e-12    0.0408748599948801
-6.62609579423059e-05  -3.7946648570234e-05   -0.0193835615805787    0.0116397474759833      1.00512022581943   6.7666912664352e-12 -3.46213781139429e-11 -3.72862435597781e-11  6.90998343954109e-12   -0.0624183371814392
 1.27004701127349e-14  1.17620958739804e-14  4.09597359389527e-12 -3.21578571217083e-12   6.7666912664352e-12     0.992561866580739  9.15218427928035e-15 -7.55123971277841e-06   0.00196438919453805  9.76421054061677e-12
-7.46765618487014e-14 -6.74836176298234e-14 -2.34393342626265e-11  1.67951345033041e-11 -3.46213781139429e-11  9.15218427928035e-15      0.99256186658082    0.0019643891942798  7.55123970833977e-06 -5.56596904358736e-11
-7.04586872242744e-15  -8.1582650769914e-14  6.90114668131239e-12  3.15114421815801e-11 -3.72862435597781e-11 -7.55123971277841e-06    0.0019643891942798      1.00745439721559 -9.46517985177402e-15  6.78119178133588e-11
 1.45804515929369e-15  1.51651409352041e-14 -1.16869329596631e-12  -5.9079348562059e-12  6.90998343954109e-12   0.00196438919453805  7.55123970833977e-06 -9.46517985177402e-15      1.00745439721567 -1.15455117864977e-11
 1.37959365935306e-05 -0.000151167545108423   0.00057553142048354    0.0408748599948801   -0.0624183371814392  9.76421054061677e-12 -5.56596904358736e-11  6.78119178133588e-11 -1.15455117864977e-11     0.997113929187399
POPULATION (lambda : 0.3): 6.99863032790938
TOTAL ENERGY: -127.164540856275	 lambda: 0.4
1RDM (lambda : 0.4): 
     1.99999999036844  4.74636193591471e-09  -1.7055941122041e-06  -3.3216447799237e-07  -6.6110451236422e-05  1.24896999843025e-14 -7.35529467418688e-14 -6.51698925944573e-15  1.35730891243364e-15  1.50718234255245e-05
 4.74636193591471e-09      1.99999996451256  4.65748066152682e-08  7.15574129474344e-06 -3.56901118449669e-05  1.13166914891589e-14 -6.49841367322797e-14 -8.38950788787513e-14  1.55564393306781e-14 -0.000150506173168735
 -1.7055941122041e-06  4.65748066152682e-08      1.99957122024819  0.000145452349283905   -0.0193334249592968  4.10583378863288e-12 -2.34877581269517e-11  6.74954151924648e-12 -1.14165684273868e-12  0.000452711437212368
 -3.3216447799237e-07  7.15574129474344e-06  0.000145452349283905      1.99816294163729    0.0123820340746381 -3.33266406082579e-12  1.74614160868439e-11   3.0602090993994e-11 -5.75149844914199e-12    0.0408282832298573
 -6.6110451236422e-05 -3.56901118449669e-05   -0.0193334249592968    0.0123820340746381       1.0041442541424  6.06213886759382e-12 -3.10522652433906e-11 -3.24831892412125e-11  6.02699441337327e-12   -0.0553025357439672
 1.24896999843025e-14  1.13166914891589e-14  4.10583378863288e-12 -3.33266406082579e-12  6.06213886759382e-12     0.993401690484308  5.63876934656666e-16 -6.72650377373673e-06   0.00174990643000573  8.57730806875873e-12
-7.35529467418688e-14 -6.49841367322797e-14 -2.34877581269517e-11  1.74614160868439e-11 -3.10522652433906e-11  5.63876934656666e-16     0.993401690484424   0.00174990642976483  6.72650377365359e-06 -4.89300918067264e-11
-6.51698925944573e-15 -8.38950788787513e-14  6.74954151924648e-12   3.0602090993994e-11 -3.24831892412125e-11 -6.72650377373673e-06   0.00174990642976483      1.00661435191015 -1.00946767274792e-15  6.05643604336266e-11
 1.35730891243364e-15  1.55564393306781e-14 -1.14165684273868e-12 -5.75149844914199e-12  6.02699441337327e-12   0.00174990643000573  6.72650377365359e-06 -1.00946767274792e-15      1.00661435191026 -1.03181157594159e-11
 1.50718234255245e-05 -0.000150506173168735  0.000452711437212368    0.0408282832298573   -0.0553025357439672  8.57730806875873e-12 -4.89300918067264e-11  6.05643604336266e-11 -1.03181157594159e-11     0.998089544301983
POPULATION (lambda : 0.4): 6.99928434813748
TOTAL ENERGY: -127.164359206423	 lambda: 0.5
1RDM (lambda : 0.5): 
     1.99999998968878  4.79320257855172e-09 -1.72709541090237e-06  -3.2559748910077e-07 -6.59681031184372e-05  1.23013658377114e-14  -7.2548800053026e-14 -6.02693047871761e-15  1.26431681214447e-15  1.62018137092409e-05
 4.79320257855172e-09        1.999999967449  -8.6276682299117e-09  6.99651414530906e-06 -3.37127022937672e-05  1.09415454813139e-14 -6.28744836429109e-14 -8.60025566728588e-14  1.59145449996497e-14 -0.000150065225065655
-1.72709541090237e-06  -8.6276682299117e-09      1.99957197065669   0.00017200029427546    -0.019298899351835  4.13386663139715e-12 -2.36330599192193e-11  6.55832179177939e-12 -1.10696021221945e-12  0.000223866612138683
 -3.2559748910077e-07  6.99651414530906e-06   0.00017200029427546      1.99815684115597    0.0130054295078874 -3.43012308942298e-12  1.80169987289894e-11  2.98380252719812e-11 -5.62006937767855e-12    0.0407949644401371
-6.59681031184372e-05 -3.37127022937672e-05    -0.019298899351835    0.0130054295078874      1.00359085224207  5.72186022241029e-12 -2.93357629043603e-11 -3.00017249670966e-11   5.5717182777482e-12   -0.0517433335156222
 1.23013658377114e-14  1.09415454813139e-14  4.13386663139715e-12 -3.43012308942298e-12  5.72186022241029e-12     0.993825151328046 -3.35471238094574e-16 -6.31494696471819e-06   0.00164283290596535  7.97353248051609e-12
 -7.2548800053026e-14 -6.28744836429109e-14 -2.36330599192193e-11  1.80169987289894e-11 -2.93357629043603e-11 -3.35471238094574e-16     0.993825151328146    0.0016428329057416  6.31494696510153e-06 -4.55107500015983e-11
-6.02693047871761e-15 -8.60025566728588e-14  6.55832179177939e-12  2.98380252719812e-11 -3.00017249670966e-11 -6.31494696471819e-06    0.0016428329057416      1.00619079405198 -4.69679315605399e-17   5.6988112519421e-11
 1.26431681214447e-15  1.59145449996497e-14 -1.10696021221945e-12 -5.62006937767855e-12   5.5717182777482e-12   0.00164283290596535  6.31494696510153e-06 -4.69679315605399e-17      1.00619079405208 -9.71318419819174e-12
 1.62018137092409e-05 -0.000150065225065655  0.000223866612138683    0.0407949644401371   -0.0517433335156222  7.97353248051609e-12 -4.55107500015983e-11   5.6988112519421e-11 -9.71318419819174e-12     0.998648488047251
POPULATION (lambda : 0.5): 6.99969071479499
TOTAL ENERGY: -127.164185035155	 lambda: 0.6
1RDM (lambda : 0.6): 
     1.99999998872355  4.97795161859392e-09 -1.76287797920966e-06 -3.42603597349443e-07 -6.58148129917897e-05   1.2120138989049e-14 -7.15818310137715e-14  -5.5596074152618e-15  1.17566131442429e-15  1.72698351873788e-05
 4.97795161859392e-09      1.99999996931291 -5.70403276281755e-08  6.89460477993637e-06 -3.20562366656094e-05  1.06321471657689e-14 -6.11333351222823e-14 -8.78013032149501e-14  1.62208394731727e-14 -0.000149754374390812
-1.76287797920966e-06 -5.70403276281755e-08      1.99957131488453   0.00019723774124938   -0.0192745368681623  4.17711543142479e-12 -2.38592655970065e-11   6.3272667690707e-12 -1.06467755136591e-12 -9.70344158269693e-05
-3.42603597349443e-07  6.89460477993637e-06   0.00019723774124938      1.99814937978466    0.0135636967722659 -3.51682509813006e-12  1.85112481715577e-11  2.91537072506251e-11 -5.50237200771793e-12    0.0407703303683333
-6.58148129917897e-05 -3.20562366656094e-05   -0.0192745368681623    0.0135636967722659      1.00325041047784  5.64496601552578e-12 -2.89663535905136e-11 -2.90268462393345e-11  5.39514345049194e-12    -0.050631762537308
  1.2120138989049e-14  1.06321471657689e-14  4.17711543142479e-12 -3.51682509813006e-12  5.64496601552578e-12     0.993963714216754  1.29110876472895e-15 -6.19006433922078e-06   0.00161038663307053  7.76012458639704e-12
-7.15818310137715e-14 -6.11333351222823e-14 -2.38592655970065e-11  1.85112481715577e-11 -2.89663535905136e-11  1.29110876472895e-15      0.99396371421687   0.00161038663284687  6.19006433873756e-06 -4.43118574499903e-11
 -5.5596074152618e-15 -8.78013032149501e-14   6.3272667690707e-12  2.91537072506251e-11 -2.90268462393345e-11 -6.19006433922078e-06   0.00161038663284687      1.00605219956426 -1.73418262115412e-15  5.59866294021572e-11
 1.17566131442429e-15  1.62208394731727e-14 -1.06467755136591e-12 -5.50237200771793e-12  5.39514345049194e-12   0.00161038663307053  6.19006433873756e-06 -1.73418262115412e-15      1.00605219956437 -9.54554024897308e-12
 1.72698351873788e-05 -0.000149754374390812 -9.70344158269693e-05    0.0407703303683333    -0.050631762537308  7.76012458639704e-12 -4.43118574499903e-11  5.59866294021572e-11 -9.54554024897308e-12     0.998997109254244
POPULATION (lambda : 0.6): 7.00000800264607
TOTAL ENERGY: -127.163979926202	 lambda: 0.7
1RDM (lambda : 0.7): 
     1.99999998728332  5.28197032034293e-09 -1.82266993890928e-06 -3.81349819265034e-07 -6.56294694258932e-05  1.19379393719027e-14 -7.06079812898925e-14  -5.1241909126474e-15  1.09266744096298e-15  1.83078954285883e-05
 5.28197032034293e-09      1.99999997058456 -1.05747159697057e-07  6.82324732775146e-06 -3.07567886864455e-05  1.03881091175513e-14 -5.97609577643267e-14 -8.92204869972599e-14    1.646277321381e-14 -0.000149527832279718
-1.82266993890928e-06 -1.05747159697057e-07      1.99956862709481  0.000222666078665994   -0.0192582968275422  4.23615302384408e-12 -2.41692472497919e-11  6.04940680728971e-12 -1.01356148691252e-12 -0.000516181324287088
-3.81349819265034e-07  6.82324732775146e-06  0.000222666078665994      1.99814180631169    0.0140964612942631  -3.5988235030477e-12   1.8978744902086e-11   2.8499947842575e-11  -5.3899364070885e-12    0.0407509334674464
-6.56294694258932e-05 -3.07567886864455e-05   -0.0192582968275422    0.0140964612942631      1.00302463426914  5.81029507429225e-12 -2.98426060686126e-11 -2.92860922979211e-11  5.44796305977769e-12   -0.0516601474053545
 1.19379393719027e-14  1.03881091175513e-14  4.23615302384408e-12  -3.5988235030477e-12  5.81029507429225e-12     0.993855797119822 -1.42646033743963e-15 -6.31768033269143e-06   0.00164355378151269  7.87795849351338e-12
-7.06079812898925e-14 -5.97609577643267e-14 -2.41692472497919e-11   1.8978744902086e-11 -2.98426060686126e-11 -1.42646033743963e-15     0.993855797119874   0.00164355378130243   6.3176803336801e-06  -4.5001341074509e-11
 -5.1241909126474e-15 -8.92204869972599e-14  6.04940680728971e-12   2.8499947842575e-11 -2.92860922979211e-11 -6.31768033269143e-06   0.00164355378130243      1.00616013430935  1.22850376954511e-15  5.72823071047231e-11
 1.09266744096298e-15    1.646277321381e-14 -1.01356148691252e-12  -5.3899364070885e-12  5.44796305977769e-12   0.00164355378151269   6.3176803336801e-06  1.22850376954511e-15      1.00616013430941 -9.76871920295896e-12
 1.83078954285883e-05 -0.000149527832279718 -0.000516181324287088    0.0407509334674464   -0.0516601474053545  7.87795849351338e-12  -4.5001341074509e-11  5.72823071047231e-11 -9.76871920295896e-12     0.999233111597993
POPULATION (lambda : 0.7): 7.0003230959621
TOTAL ENERGY: -127.163680682982	 lambda: 0.8
1RDM (lambda : 0.8): 
     1.99999998497853  5.71717607156353e-09  -1.9278981213926e-06 -4.44044374197219e-07 -6.53813850302229e-05   1.1750832122349e-14 -6.96044974745176e-14 -4.75898283708295e-15  1.02196348655925e-15  1.93087619342025e-05
 5.71717607156353e-09      1.99999997149811 -1.59607129278254e-07  6.76982510007592e-06 -2.98863501784014e-05  1.02166246959485e-14 -5.88000989431435e-14 -9.01574463051323e-14  1.66225210876335e-14  -0.00014935957639852
 -1.9278981213926e-06 -1.59607129278254e-07      1.99956234229409  0.000249646640404104    -0.019250988134476  4.31470088230656e-12 -2.45826684905295e-11  5.71105784231056e-12 -9.51063995182913e-13  -0.00105798476698727
-4.44044374197219e-07  6.76982510007592e-06  0.000249646640404104      1.99813464041662    0.0146447207292288 -3.68208695272443e-12  1.94536457167105e-11  2.78252594975546e-11 -5.27389314446333e-12    0.0407336781820479
-6.53813850302229e-05 -2.98863501784014e-05    -0.019250988134476    0.0146447207292288      1.00284792157255  6.26104840174762e-12 -3.21940462662369e-11 -3.08387169105498e-11  5.74247663622518e-12   -0.0550894008677388
  1.1750832122349e-14  1.02166246959485e-14  4.31470088230656e-12 -3.68208695272443e-12  6.26104840174762e-12     0.993475561482112  -5.2057833993206e-16 -6.72831405412432e-06   0.00175038399218502  8.35621443910225e-12
-6.96044974745176e-14 -5.88000989431435e-14 -2.45826684905295e-11  1.94536457167105e-11 -3.21940462662369e-11  -5.2057833993206e-16     0.993475561482194   0.00175038399195427  6.72831405464701e-06 -4.77504049409533e-11
-4.75898283708295e-15 -9.01574463051323e-14  5.71105784231056e-12  2.78252594975546e-11 -3.08387169105498e-11 -6.72831405412432e-06   0.00175038399195427      1.00654044502448  2.06869966249588e-16  6.12079454712028e-11
 1.02196348655925e-15  1.66225210876335e-14 -9.51063995182913e-13 -5.27389314446333e-12  5.74247663622518e-12   0.00175038399218502  6.72831405464701e-06  2.06869966249588e-16      1.00654044502456  -1.0440113874378e-11
 1.93087619342025e-05  -0.00014935957639852  -0.00105798476698727    0.0407336781820479   -0.0550894008677388  8.35621443910225e-12 -4.77504049409533e-11  6.12079454712028e-11  -1.0440113874378e-11     0.999423126226725
POPULATION (lambda : 0.8): 7.00072057431209
TOTAL ENERGY: -127.163144501778	 lambda: 0.9
1RDM (lambda : 0.9): 
     1.99999998089915  6.33190478867281e-09 -2.13095687004859e-06 -5.38121740759356e-07 -6.50159770504259e-05  1.15597540371252e-14 -6.85727912017719e-14 -4.55949503359731e-15   9.8046996602628e-16  2.02052025388611e-05
 6.33190478867281e-09      1.99999997217951 -2.23273779725371e-07  6.72763105969925e-06 -2.96106586739248e-05  1.01395627091338e-14 -5.83772896697635e-14 -9.04005898236612e-14  1.66636616990123e-14 -0.000149231025357604
-2.13095687004859e-06 -2.23273779725371e-07      1.99954853545051  0.000279872305369774    -0.019258209732103  4.42150156498032e-12 -2.51459772122436e-11  5.28790170170269e-12 -8.72577070427559e-13  -0.00177571307101919
-5.38121740759356e-07  6.72763105969925e-06  0.000279872305369774      1.99812819933865     0.015268305394425 -3.77495618914395e-12  1.99837745836251e-11  2.70536547703845e-11 -5.14114601482142e-12    0.0407141931508325
-6.50159770504259e-05 -2.96106586739248e-05    -0.019258209732103     0.015268305394425      1.00263565046078  7.13670872943485e-12 -3.67510510116221e-11  -3.4113957214649e-11  6.36069435047505e-12   -0.0619382356581722
 1.15597540371252e-14  1.01395627091338e-14  4.42150156498032e-12 -3.77495618914395e-12  7.13670872943485e-12     0.992714915753717  6.52050869440155e-15 -7.54042021664045e-06   0.00196165245762581  9.33302673539447e-12
-6.85727912017719e-14 -5.83772896697635e-14 -2.51459772122436e-11  1.99837745836251e-11 -3.67510510116221e-11  6.52050869440155e-15     0.992714915753838      0.00196165245736  7.54042021327405e-06  -5.3354988820683e-11
-4.55949503359731e-15 -9.04005898236612e-14  5.28790170170269e-12  2.70536547703845e-11  -3.4113957214649e-11 -7.54042021664045e-06      0.00196165245736      1.00730126483233 -6.98581040724944e-15  6.89513429399662e-11
  9.8046996602628e-16  1.66636616990123e-14 -8.72577070427559e-13 -5.14114601482142e-12  6.36069435047505e-12   0.00196165245762581  7.54042021327405e-06 -6.98581040724944e-15      1.00730126483246 -1.17631971714493e-11
 2.02052025388611e-05 -0.000149231025357604  -0.00177571307101919    0.0407141931508325   -0.0619382356581722  9.33302673539447e-12  -5.3354988820683e-11  6.89513429399662e-11 -1.17631971714493e-11     0.999655300499022
POPULATION (lambda : 0.9): 7.00134795068797
TOTAL ENERGY: -127.161954195848	 lambda: 1
1RDM (lambda : 1): 
     1.99999997247645  7.24959928229822e-09 -2.58546813531536e-06 -6.82088897921949e-07 -6.44184773874391e-05  1.13776066323605e-14 -6.75735319909633e-14 -4.76692474308701e-15  1.01128947483558e-15  2.07807315075592e-05
 7.24959928229822e-09      1.99999997270241 -3.03353711027055e-07  6.69223155104957e-06 -3.03423691173551e-05  1.02139669810996e-14 -5.88212650596162e-14   -8.943485523279e-14  1.64976935452562e-14 -0.000149114974665684
-2.58546813531536e-06 -3.03353711027055e-07      1.99951564511297  0.000316221822350855   -0.0192994277190878  4.57733848655448e-12 -2.59700136382515e-11  4.73421619921345e-12 -7.69277226832095e-13  -0.00278924129406999
-6.82088897921949e-07  6.69223155104957e-06  0.000316221822350855      1.99812298617768    0.0160863485577824  -3.8933554906479e-12  2.06606854313813e-11   2.6031697823113e-11 -4.96522855716156e-12     0.040681780003287
-6.44184773874391e-05 -3.03423691173551e-05   -0.0192994277190878    0.0160863485577824      1.00216619748024  8.80670571668234e-12 -4.54481935160741e-11 -4.02545456690167e-11  7.52082632211242e-12   -0.0749022587383115
 1.13776066323605e-14  1.02139669810996e-14  4.57733848655448e-12  -3.8933554906479e-12  8.80670571668234e-12     0.991290675334777  5.24745443019972e-16 -9.06382455268668e-06   0.00235782308304264  1.11742904199848e-11
-6.75735319909633e-14 -5.88212650596162e-14 -2.59700136382515e-11  2.06606854313813e-11 -4.54481935160741e-11  5.24745443019972e-16     0.991290675335003   0.00235782308270142  9.06382455262968e-06  -6.3923388822605e-11
-4.76692474308701e-15   -8.943485523279e-14  4.73421619921345e-12   2.6031697823113e-11 -4.02545456690167e-11 -9.06382455268668e-06   0.00235782308270142      1.00872591050004 -1.39243572830674e-15  8.36568767211064e-11
 1.01128947483558e-15  1.64976935452562e-14 -7.69277226832095e-13 -4.96522855716156e-12  7.52082632211242e-12   0.00235782308304264  9.06382455262968e-06 -1.39243572830674e-15      1.00872591050026  -1.4276592729396e-11
 2.07807315075592e-05 -0.000149114974665684  -0.00278924129406999     0.040681780003287   -0.0749022587383115  1.11742904199848e-11  -6.3923388822605e-11  8.36568767211064e-11  -1.4276592729396e-11      1.00016205438021
POPULATION (lambda : 1): 7.00259224831897
-------------------general-----------------------
mullikenoperator: 
-1.55080850783305e-08 -8.79726438723614e-06 -6.59590792593841e-07  2.56742906162534e-05 -3.75179580625079e-07 -1.05673115293967e-14  6.05691678365286e-14    4.829406167513e-14 -8.24476697535737e-15  -7.2301612872419e-07
-8.79726438723613e-06      1.00000000204371  4.95208558414291e-05 -9.78380029537742e-07  4.55210489605641e-05 -1.62691675456269e-14  8.90193880994605e-14 -1.16225319265431e-13  2.07449200236287e-14  9.36429089119694e-07
-6.59590792593842e-07  4.95208558414292e-05  4.61752764838981e-05   -0.0040820399414334  7.28369829624558e-05  -1.1191226586005e-12  6.81127776960396e-12  4.74093783046511e-12 -7.55190999657787e-13  -0.00698858167359202
 2.56742906162535e-05 -9.78380029646789e-07   -0.0040820399414334     0.999647030301565    0.0187605189152516  4.19757049587335e-13 -1.59894842889566e-12  2.72568078262519e-12  -6.6425922817039e-13  0.000482639487729497
-3.75179580625081e-07  4.55210489605621e-05  7.28369829624558e-05    0.0187605189152516  0.000966076879723181  2.69853721910181e-12  -1.3033187714679e-11 -1.18396942117101e-11  2.33474654692382e-12   -0.0257027692019163
-1.05673115293967e-14  -1.6269167545627e-14  -1.1191226586005e-12  4.19757049587335e-13  2.69853721910179e-12     0.628725556936797  3.85070374001061e-14  -0.00185715477817246     0.483142510676953   6.4631861598994e-12
 6.05691678365284e-14  8.90193880994613e-14  6.81127776960396e-12 -1.59894842889566e-12  -1.3033187714679e-11  3.85131703362293e-14     0.628725556922391     0.483142510680792   0.00185715477816643 -3.74424211158004e-11
 4.82940616751298e-14  -1.1622531926543e-13   4.7409378304651e-12  2.72568078262519e-12 -1.18396942117102e-11  -0.00185715477817246     0.483142510680791      0.37127444307761  1.66660191249308e-14  4.81927119422778e-11
-8.24476697535737e-15  2.07449200236285e-14 -7.55190999657787e-13  -6.6425922817039e-13  2.33474654692381e-12     0.483142510676953   0.00185715477816642  1.66669279410219e-14     0.371274443063203   -8.105002837548e-12
-7.23016128724061e-07  9.36429089120944e-07  -0.00698858167359202  0.000482639487729496   -0.0257027692019163  6.46318615989936e-12 -3.74424211158005e-11  4.81927119422777e-11 -8.10500283754804e-12     0.999340731006607
selected BF: 
0 1 2 3 4
selected lambdas: 
  -1 -0.9 -0.8 -0.7 -0.6 -0.5 -0.4 -0.3 -0.2 -0.1    0  0.1  0.2  0.3  0.4  0.5  0.6  0.7  0.8  0.9    1
RHF C: 
 -1.0433010443666e-05    -0.995139987392082  0.000502283464239251    -0.261011253365494  -0.00583501190711725 -7.54771536650692e-13  3.82579887757413e-12  3.89398578569346e-12 -6.53562516566825e-13   0.00342152906265277
 7.98439261233863e-05    -0.019883019056736  -0.00201235226112574        1.028312052966    0.0230847697624632   3.0107181642706e-12 -1.52499654237839e-11 -1.52742447450823e-11   2.5629990689082e-12   -0.0133977627901758
-7.74462212577562e-14   4.5415521639681e-14 -1.50189505126762e-11 -7.65743936543001e-12 -7.08337001777809e-12   -0.0427942648703622     -0.79215461769265    -0.607802422655354   -0.0351787179961335  9.80507648557725e-10
-1.78823443366575e-14  1.19827982284722e-14 -3.48087342849607e-12  -1.8220041087323e-12 -1.48478464202884e-12     0.792154617701711   -0.0427942648698241   -0.0351787179967896     0.607802422643545  2.41203783289315e-10
  0.00011611770597517  1.80428753145307e-05  -0.00314408150085665     0.013569122913135   -0.0194322208614139 -1.43587639852743e-10  7.54952639697632e-10  6.46107167192084e-10 -1.19108399932852e-10     0.999817384918484
   -0.995248851186737 -3.09567794378046e-05     0.262310403735684    0.0016611959398802  -0.00466799706290947  6.53228459860428e-13 -3.89979824371921e-12  2.91620071469495e-12  -5.1691893313999e-13   0.00258572726793798
  -0.0193273037137831  9.09309524048687e-05     -1.02886236569693  -0.00662790984852595     0.018555375056029 -2.55229701343263e-12  1.52738972012239e-11 -1.16391108663102e-11  2.06427833420601e-12   -0.0105913164288272
-6.01349168404872e-14 -7.63714123916274e-14 -9.48601440898577e-12  3.10193250376448e-11 -1.49071209542984e-09    0.0328964885019534      0.60893923722893    -0.791211309626607   -0.0457941540962544  2.13414483702945e-11
-1.43806653612584e-14 -1.87236777480688e-14 -2.22876041631705e-12  7.43881931754234e-12 -3.45823368754061e-10    -0.608939237217135    0.0328964885026541   -0.0457941540957499     0.791211309635685  4.72922825635262e-12
 6.29891601653947e-05 -0.000117564936339542    0.0179103141417315    -0.015244208253863     0.999311765686728  -1.6502936289091e-10    9.362442954019e-10 -1.18076526317197e-09  2.02504345327987e-10    0.0318920417356401
Basis set used: STO-3G
Version: Tmhuysen's fci hack
