The Davidson algorithm did not converge.lambda: -1
The Davidson algorithm did not converge.lambda: -0.9
The Davidson algorithm did not converge.lambda: -0.8
The Davidson algorithm did not converge.lambda: -0.7
The Davidson algorithm did not converge.lambda: -0.6
The Davidson algorithm did not converge.lambda: -0.5
The Davidson algorithm did not converge.lambda: -0.4
The Davidson algorithm did not converge.lambda: -0.3
The Davidson algorithm did not converge.lambda: -0.2
The Davidson algorithm did not converge.lambda: -0.1
TOTAL ENERGY: -127.168051214938	 lambda: 0
1RDM (lambda : 0): 
     1.99999998875466 -1.74861839350209e-08   2.0717346368428e-06 -1.88168087034035e-06 -6.97253736442381e-05  7.63850628844553e-15 -1.56012025845161e-15 -1.17050769758292e-15 -9.78282584511881e-15  1.18840446445089e-05
-1.74861839350209e-08      1.99999963409392  1.41563555732594e-06 -2.89387207977459e-05  6.18745999782019e-05  7.19490211100131e-15  3.77037169451194e-16  3.31529336483098e-15   3.1588603153734e-14   0.00017704174768767
  2.0717346368428e-06  1.41563555732594e-06      1.99945997409714  8.79772935192977e-05    0.0211310358491224  1.15466010317266e-12  1.02611996920179e-13 -9.32073843545082e-15 -6.96359955947358e-13   0.00171021968387905
-1.88168087034035e-06 -2.89387207977459e-05  8.79772935192977e-05      1.99648340792584    0.0113960632882004  6.92211062896657e-12 -7.27677517084752e-13  1.29167834903559e-12  1.26756996436903e-11    0.0456240579857733
-6.97253736442381e-05  6.18745999782019e-05    0.0211310358491224    0.0113960632882004      1.06079421706396 -5.85799621946108e-11   6.4360655185456e-12  -4.1592280025715e-12 -4.78680316592361e-11    -0.245714153043578
 7.63850628844553e-15  7.19490211100131e-15  1.15466010317266e-12  6.92211062896657e-12 -5.85799621946108e-11      1.03141175653464  2.49509910696819e-15  4.36783930614625e-06  -0.00895350159959366 -2.62426966430971e-11
-1.56012025845161e-15  3.77037169451194e-16  1.02611996920179e-13 -7.27677517084752e-13   6.4360655185456e-12  2.49509910696819e-15      1.03141175653527   0.00895350159917751  4.36783930424753e-06  9.67485402168585e-13
-1.17050769758292e-15  3.31529336483098e-15 -9.32073843545082e-15  1.29167834903559e-12  -4.1592280025715e-12  4.36783930614625e-06   0.00895350159917751     0.968631200053875  2.18306179092003e-15 -1.97277295611958e-12
-9.78282584511881e-15   3.1588603153734e-14 -6.96359955947358e-13  1.26756996436903e-11 -4.78680316592361e-11  -0.00895350159959366  4.36783930424753e-06  2.18306179092003e-15     0.968631200054506  4.13920702239587e-12
 1.18840446445089e-05   0.00017704174768767   0.00171021968387905    0.0456240579857733    -0.245714153043578 -2.62426966430971e-11  9.67485402168585e-13 -1.97277295611958e-12  4.13920702239587e-12     0.943176864886208
POPULATION (lambda : 0): 6.95604829520743
TOTAL ENERGY: -127.166931769152	 lambda: 0.1
1RDM (lambda : 0.1): 
     1.99999998826886  -1.0401030573923e-08  2.07566569211101e-06 -1.06258880767766e-06 -7.11308939300146e-05  9.76334195632434e-15 -1.79971774174289e-15 -1.00966856582186e-15  -8.0263476318298e-15  2.02575347868243e-05
 -1.0401030573923e-08        1.999999876594  4.96945352124098e-07  -1.3609606577102e-05  6.68165952690052e-05  4.40668370620287e-15  7.20486055023094e-16  3.19572239794431e-15  2.98899368353413e-14  0.000167436009791675
 2.07566569211101e-06  4.96945352124098e-07      1.99947411002795 -8.24459011343092e-05    0.0211414777665781  5.86400810518928e-13  1.64220377747706e-13 -5.28101591707015e-14 -1.13607075784556e-12 -0.000678284203336958
-1.06258880767766e-06  -1.3609606577102e-05 -8.24459011343092e-05      1.99741973500082     0.015863688405776  7.06207284239016e-12 -7.10723806514978e-13  1.32930737845974e-12  1.26027785420102e-11    0.0460757125313304
-7.11308939300146e-05  6.68165952690052e-05    0.0211414777665781     0.015863688405776      1.02106243637384 -3.27974165087147e-11  3.50907783477744e-12 -2.38820957742412e-12 -2.61322648945258e-11    -0.136030720058455
 9.76334195632434e-15  4.40668370620287e-15  5.86400810518928e-13  7.06207284239016e-12 -3.27974165087147e-11      1.01741862042084 -2.10832148365295e-15  2.31824423423508e-06  -0.00475202882122398 -1.14337942283195e-11
-1.79971774174289e-15  7.20486055023094e-16  1.64220377747706e-13 -7.10723806514978e-13  3.50907783477744e-12 -2.10832148365295e-15      1.01741862042115   0.00475202882097816  2.31824423523565e-06  2.01233550453448e-13
-1.00966856582186e-15  3.19572239794431e-15 -5.28101591707015e-14  1.32930737845974e-12 -2.38820957742412e-12  2.31824423423508e-06   0.00475202882097816     0.982606476314039 -2.26155815906317e-15 -8.28898238512857e-13
 -8.0263476318298e-15  2.98899368353413e-14 -1.13607075784556e-12  1.26027785420102e-11 -2.61322648945258e-11  -0.00475202882122398  2.31824423523565e-06 -2.26155815906317e-15     0.982606476314356  4.84059933573807e-12
 2.02575347868243e-05  0.000167436009791675 -0.000678284203336958    0.0460757125313304    -0.136030720058455 -1.14337942283195e-11  2.01233550453448e-13 -8.28898238512857e-13  4.84059933573807e-12     0.981993660264182
POPULATION (lambda : 0.1): 6.98908195589577
TOTAL ENERGY: -127.166043645575	 lambda: 0.2
1RDM (lambda : 0.2): 
     1.99999998773493 -8.25780414112713e-09   2.0792026593208e-06 -7.76207044448156e-07 -7.11995024533271e-05  1.06303253244103e-14  -1.8933471052222e-15 -9.41496267513876e-16 -7.33597482879911e-15  2.36616410108878e-05
-8.25780414112713e-09      1.99999992538672   1.6091743232124e-07  -1.0725715589067e-05  6.47957582854458e-05  3.21557540759342e-15   8.3567054848551e-16  3.11487291403103e-15  2.92712689549358e-14   0.00016350906455714
  2.0792026593208e-06   1.6091743232124e-07      1.99948165437696 -0.000163044599540631     0.021038046314938  4.52501269983584e-13  1.77983290298826e-13 -6.33408737013895e-14 -1.23470481182613e-12  -0.00123137394000677
-7.76207044448156e-07  -1.0725715589067e-05 -0.000163044599540631      1.99753953747872    0.0178772975113412   7.0350739380755e-12 -6.93163290584111e-13  1.33817167122394e-12  1.24935002314185e-11    0.0458561452807741
-7.11995024533271e-05  6.47957582854458e-05     0.021038046314938    0.0178772975113412      1.01233306424779 -2.38873898073259e-11  2.53346357435172e-12 -1.75080527141575e-12 -1.88481574872268e-11   -0.0986273039348335
 1.06303253244103e-14  3.21557540759342e-15  4.52501269983584e-13   7.0350739380755e-12 -2.38873898073259e-11      1.01267336562884 -4.78439616960071e-16  1.65993333758397e-06  -0.00340258639355701 -7.50092634905059e-12
 -1.8933471052222e-15   8.3567054848551e-16  1.77983290298826e-13 -6.93163290584111e-13  2.53346357435172e-12 -4.78439616960071e-16      1.01267336562919   0.00340258639341061  1.65993333772855e-06  6.00222816057608e-14
-9.41496267513876e-16  3.11487291403103e-15 -6.33408737013895e-14  1.33817167122394e-12 -1.75080527141575e-12  1.65993333758397e-06   0.00340258639341061     0.987348499416307 -6.51258780594641e-16 -5.24245636865547e-13
-7.33597482879911e-15  2.92712689549358e-14 -1.23470481182613e-12  1.24935002314185e-11 -1.88481574872268e-11  -0.00340258639355701  1.65993333772855e-06 -6.51258780594641e-16     0.987348499416661  4.26124333244756e-12
 2.36616410108878e-05   0.00016350906455714  -0.00123137394000677    0.0458561452807741   -0.0986273039348335 -7.50092634905059e-12  6.00222816057608e-14 -5.24245636865547e-13  4.26124333244756e-12     0.990602100683884
POPULATION (lambda : 0.2): 6.99542195624794
TOTAL ENERGY: -127.165492790112	 lambda: 0.3
1RDM (lambda : 0.3): 
     1.99999998704548 -7.45714701964794e-09  2.09239756357992e-06  -6.4818771448162e-07 -7.11178174733758e-05  1.11639354645292e-14  -1.9498913805324e-15 -8.98716123026663e-16 -6.91795066201792e-15  2.57793312705645e-05
-7.45714701964794e-09      1.99999994338512 -4.13804471209837e-09 -9.71621579658081e-06  6.18826575833368e-05  2.55430191144871e-15  8.85908620665962e-16  3.05953982480198e-15  2.89980370158042e-14  0.000161463694022789
 2.09239756357992e-06 -4.13804471209837e-09      1.99948587620961  -0.00021735190842269    0.0209696630634422  4.36965787518416e-13  1.79220743484978e-13 -6.46046128402874e-14 -1.24373647323809e-12  -0.00129294079833977
 -6.4818771448162e-07 -9.71621579658081e-06  -0.00021735190842269      1.99755255222959    0.0192022545517355   7.0158050150691e-12 -6.81339777688672e-13  1.34383847944691e-12  1.24208993687392e-11    0.0456870692837409
-7.11178174733758e-05  6.18826575833368e-05    0.0209696630634422    0.0192022545517355      1.00895531698257 -1.96993613485859e-11  2.08039287757195e-12 -1.44743233526213e-12 -1.54538115998036e-11    -0.081131390617096
 1.11639354645292e-14  2.55430191144871e-15  4.36965787518416e-13   7.0158050150691e-12 -1.96993613485859e-11      1.01045555376805 -3.59143921385168e-15  1.35687478473153e-06  -0.00278298099159264 -5.79583193571073e-12
 -1.9498913805324e-15  8.85908620665962e-16  1.79220743484978e-13 -6.81339777688672e-13  2.08039287757195e-12 -3.59143921385168e-15      1.01045555376809   0.00278298099140126  1.35687478656127e-06  8.49850989816268e-15
-8.98716123026663e-16  3.05953982480198e-15 -6.46046128402874e-14  1.34383847944691e-12 -1.44743233526213e-12  1.35687478473153e-06   0.00278298099140126     0.989565266028098 -3.60689317105876e-15 -3.97472342554117e-13
-6.91795066201792e-15  2.89980370158042e-14 -1.24373647323809e-12  1.24208993687392e-11 -1.54538115998036e-11  -0.00278298099159264  1.35687478656127e-06 -3.60689317105876e-15     0.989565266028134  3.83997168727417e-12
 2.57793312705645e-05  0.000161463694022789  -0.00129294079833977    0.0456870692837409    -0.081131390617096 -5.79583193571073e-12  8.49850989816268e-15 -3.97472342554117e-13  3.83997168727417e-12     0.993964684555206
POPULATION (lambda : 0.3): 6.99768741414437
TOTAL ENERGY: -127.165107423869	 lambda: 0.4
1RDM (lambda : 0.4): 
     1.99999998613358 -7.20824249367777e-09  2.11647286130818e-06  -5.9373400271374e-07 -7.09897964441804e-05  1.15740307062344e-14  -1.9926707862336e-15 -8.65610420448976e-16 -6.60257669508808e-15   2.7420908326924e-05
-7.20824249367777e-09       1.9999999521893 -1.05968991936129e-07 -9.23859236954436e-06  5.90541507609102e-05  2.13846141016746e-15   9.0985200661641e-16  3.01819824085738e-15  2.88585809342379e-14  0.000160238311507746
 2.11647286130818e-06 -1.05968991936129e-07      1.99948817542048 -0.000261032700218544    0.0209246945081419   4.7595982558192e-13  1.74724947269179e-13 -6.15115752107332e-14 -1.21163564686142e-12  -0.00112812742599241
 -5.9373400271374e-07 -9.23859236954436e-06 -0.000261032700218544      1.99754122874915    0.0202206233449135  7.00865905754756e-12 -6.73009496049556e-13  1.34852366049664e-12  1.23689056544252e-11    0.0455728275801275
-7.09897964441804e-05  5.90541507609102e-05    0.0209246945081419    0.0202206233449135      1.00728079278405 -1.75197672295178e-11   1.8450482808815e-12 -1.28884885873007e-12 -1.36889480067356e-11   -0.0720227839351353
 1.15740307062344e-14  2.13846141016746e-15   4.7595982558192e-13  7.00865905754756e-12 -1.75197672295178e-11      1.00929899934141  1.73632730371297e-16  1.20056406597308e-06  -0.00246092279703142 -4.93291379873665e-12
 -1.9926707862336e-15   9.0985200661641e-16  1.74724947269179e-13 -6.73009496049556e-13   1.8450482808815e-12  1.73632730371297e-16       1.0092989993414   0.00246092279685168  1.20056406575659e-06 -1.56491603976722e-14
-8.65610420448976e-16  3.01819824085738e-15 -6.15115752107332e-14  1.34852366049664e-12 -1.28884885873007e-12  1.20056406597308e-06   0.00246092279685168     0.990721389922128  1.76413664312281e-16 -3.31514612296812e-13
-6.60257669508808e-15  2.88585809342379e-14 -1.21163564686142e-12  1.23689056544252e-11 -1.36889480067356e-11  -0.00246092279703142  1.20056406575659e-06  1.76413664312281e-16     0.990721389922123  3.62012434062965e-12
  2.7420908326924e-05  0.000160238311507746  -0.00112812742599241    0.0455728275801275   -0.0720227839351353 -4.93291379873665e-12 -1.56491603976722e-14 -3.31514612296812e-13  3.62012434062965e-12      0.99564908619637
POPULATION (lambda : 0.4): 6.99880367823458
TOTAL ENERGY: -127.164794761913	 lambda: 0.5
1RDM (lambda : 0.5): 
     1.99999998489176 -7.25661903083747e-09  2.15555038804726e-06 -5.84879295719005e-07 -7.08216903394992e-05  1.19303550454073e-14 -2.02932781553811e-15  -8.3653564083394e-16  -6.3329309343119e-15  2.88594002903545e-05
-7.25661903083747e-09      1.99999995725261  -1.8275630280757e-07 -8.96766089503921e-06  5.65529424785625e-05  1.85894895174212e-15  9.21304580622693e-16  2.98647965835058e-15  2.87848527532544e-14  0.000159447478209888
 2.15555038804726e-06  -1.8275630280757e-07      1.99948881031084  -0.00030004483997888    0.0208939400545082  5.51078252725946e-13  1.66435228386103e-13 -5.55359107815259e-14 -1.15230596559433e-12 -0.000813730832495181
-5.84879295719005e-07 -8.96766089503921e-06  -0.00030004483997888      1.99752348609633    0.0210758975584521  7.00934762919061e-12 -6.66686896919067e-13  1.35290177540034e-12  1.23299322039634e-11    0.0454952292916343
-7.08216903394992e-05  5.65529424785625e-05    0.0208939400545082    0.0210758975584521       1.0063365306761 -1.64520002846104e-11  1.72891418204938e-12  -1.2115894098471e-12 -1.28158370629778e-11   -0.0675420138241965
 1.19303550454073e-14  1.85894895174212e-15  5.51078252725946e-13  7.00934762919061e-12 -1.64520002846104e-11      1.00872583059919 -2.12654887717757e-16  1.12161235229385e-06  -0.00229898042680178 -4.47531393520215e-12
-2.02932781553811e-15  9.21304580622693e-16  1.66435228386103e-13 -6.66686896919067e-13  1.72891418204938e-12 -2.12654887717757e-16      1.00872583059929   0.00229898042666298  1.12161235230196e-06 -3.10789035874509e-14
 -8.3653564083394e-16  2.98647965835058e-15 -5.55359107815259e-14  1.35290177540034e-12  -1.2115894098471e-12  1.12161235229385e-06   0.00229898042666298      0.99129437193398 -2.64022591792482e-16 -2.96798939645463e-13
 -6.3329309343119e-15  2.87848527532544e-14 -1.15230596559433e-12  1.23299322039634e-11 -1.28158370629778e-11  -0.00229898042680178  1.12161235230196e-06 -2.64022591792482e-16     0.991294371934085  3.53415583421492e-12
 2.88594002903545e-05  0.000159447478209888 -0.000813730832495181    0.0454952292916343   -0.0675420138241965 -4.47531393520215e-12 -3.10789035874509e-14 -2.96798939645463e-13  3.53415583421492e-12     0.996610825705845
POPULATION (lambda : 0.5): 6.99950299570753
TOTAL ENERGY: -127.164490959825	 lambda: 0.6
1RDM (lambda : 0.6): 
     1.99999998313095 -7.50865608140582e-09  2.21856684953574e-06  -6.1153341864646e-07 -7.05976822792126e-05  1.22619877040009e-14 -2.06287138884526e-15 -8.09125035739755e-16 -6.08668853046692e-15  3.02062301609209e-05
-7.50865608140582e-09      1.99999996048146 -2.51609167492291e-07 -8.79449591640486e-06  5.44643626732385e-05  1.67032883593045e-15  9.25883776570202e-16  2.96206406126133e-15  2.87453837898881e-14  0.000158922740422762
 2.21856684953574e-06 -2.51609167492291e-07      1.99948735428579 -0.000337489199533812    0.0208729386737627  6.57680921919806e-13   1.5482007710051e-13 -4.70422565619018e-14 -1.06912178753463e-12 -0.000368887001737326
 -6.1153341864646e-07 -8.79449591640486e-06 -0.000337489199533812      1.99750447167897    0.0218450780536957  7.01597279596741e-12 -6.61607517257983e-13  1.35723526163948e-12  1.22990814866758e-11    0.0454421269951057
-7.05976822792126e-05  5.44643626732385e-05    0.0208729386737627    0.0218450780536957      1.00576384572514  -1.6163249725123e-11  1.69526771997232e-12 -1.19197561801663e-12 -1.25609156492586e-11   -0.0662875550937228
 1.22619877040009e-14  1.67032883593045e-15  6.57680921919806e-13  7.01597279596741e-12  -1.6163249725123e-11      1.00855675348283 -2.70126631572031e-16  1.09553278369566e-06  -0.00224564618176634 -4.26851827997164e-12
-2.06287138884526e-15  9.25883776570202e-16   1.5482007710051e-13 -6.61607517257983e-13  1.69526771997232e-12 -2.70126631572031e-16      1.00855675348303   0.00224564618165393  1.09553278374502e-06 -4.38394040699496e-14
-8.09125035739755e-16  2.96206406126133e-15 -4.70422565619018e-14  1.35723526163948e-12 -1.19197561801663e-12  1.09553278369566e-06   0.00224564618165393      0.99146339225937 -3.65255685027277e-16 -2.81247372166497e-13
-6.08668853046692e-15  2.87453837898881e-14 -1.06912178753463e-12  1.22990814866758e-11 -1.25609156492586e-11  -0.00224564618176634  1.09553278374502e-06 -3.65255685027277e-16     0.991463392259565   3.5665207176957e-12
 3.02062301609209e-05  0.000158922740422762 -0.000368887001737326    0.0454421269951057   -0.0662875550937228 -4.26851827997164e-12 -4.38394040699496e-14 -2.81247372166497e-13   3.5665207176957e-12      0.99720409321288
POPULATION (lambda : 0.6): 7.00005629809316
TOTAL ENERGY: -127.164126475108	 lambda: 0.7
1RDM (lambda : 0.7): 
     1.99999998049407 -7.93899797314285e-09  2.32395924757382e-06 -6.72027526459149e-07 -7.02860705716603e-05  1.25796919904546e-14 -2.09422002844191e-15 -7.82374042649508e-16 -5.85688587947398e-15  3.15003365601049e-05
-7.93899797314285e-09      1.99999996268847    -3.22083687248e-07 -8.67482459214106e-06  5.28567004709235e-05  1.55293002770418e-15  9.26243699876989e-16  2.94397855969064e-15  2.87240850632284e-14  0.000158583391427188
 2.32395924757382e-06    -3.22083687248e-07       1.9994825290166 -0.000375522677913334    0.0208606992511813  7.98142999644507e-13  1.39617763456788e-13 -3.58368392756968e-14 -9.60208827456655e-13  0.000216309860338968
-6.72027526459149e-07 -8.67482459214106e-06 -0.000375522677913334      1.99748581401491    0.0225855178760589  7.02802241985489e-12 -6.57288880595204e-13  1.36177841435768e-12  1.22733544508732e-11    0.0454063110857703
-7.02860705716603e-05  5.28567004709235e-05    0.0208606992511813    0.0225855178760589      1.00539403053618 -1.65712719340386e-11  1.73449877645944e-12 -1.22456372000452e-12   -1.285259518175e-11   -0.0679052098056241
 1.25796919904546e-14  1.55293002770418e-15  7.98142999644507e-13  7.02802241985489e-12 -1.65712719340386e-11      1.00874351084159  5.80808545795122e-16  1.11517899560174e-06  -0.00228579065826512 -4.25386723641278e-12
-2.09422002844191e-15  9.26243699876989e-16  1.39617763456788e-13 -6.57288880595204e-13  1.73449877645944e-12  5.80808545795122e-16      1.00874351084164   0.00228579065810989  1.11517899518764e-06 -5.75737236804436e-14
-7.82374042649508e-16  2.94397855969064e-15 -3.58368392756968e-14  1.36177841435768e-12 -1.22456372000452e-12  1.11517899560174e-06   0.00228579065810989     0.991276678518088  5.58674373030215e-16  -2.8044036764193e-13
-5.85688587947398e-15  2.87240850632284e-14 -9.60208827456655e-13  1.22733544508732e-11   -1.285259518175e-11  -0.00228579065826512  1.11517899518764e-06  5.58674373030215e-16     0.991276678518133  3.72652235567165e-12
 3.15003365601049e-05  0.000158583391427188  0.000216309860338968    0.0454063110857703   -0.0679052098056241 -4.25386723641278e-12 -5.75737236804436e-14  -2.8044036764193e-13  3.72652235567165e-12     0.997597304530332
POPULATION (lambda : 0.7): 7.0006160816015
TOTAL ENERGY: -127.163582784276	 lambda: 0.8
1RDM (lambda : 0.8): 
     1.99999997623777 -8.56762379011967e-09  2.51232699873622e-06 -7.71437151977496e-07  -6.9829398991218e-05  1.28797541173461e-14 -2.12253322826418e-15 -7.56308650436657e-16  -5.6493618381996e-15  3.27217662772763e-05
-8.56762379011967e-09      1.99999996426818 -4.01248240027254e-07 -8.58851795619234e-06  5.18498618000132e-05  1.50260043214284e-15  9.23707924485517e-16  2.93228705672787e-15  2.87106625737068e-14   0.00015839217315141
 2.51232699873622e-06 -4.01248240027254e-07      1.99947131855465 -0.000416181280670425     0.020860281439068  9.81458395617896e-13   1.1988227813196e-13 -2.11885869028428e-14 -8.18777560979771e-13  0.000978944639004134
-7.71437151977496e-07 -8.58851795619234e-06 -0.000416181280670425      1.99746794301454     0.023358176754061  7.04629225048487e-12 -6.53351378072581e-13  1.36688609107319e-12  1.22504880947938e-11    0.0453833868980412
 -6.9829398991218e-05  5.18498618000132e-05     0.020860281439068     0.023358176754061      1.00511298244537 -1.77825249460029e-11  1.85674884407959e-12 -1.31805420529813e-12  -1.3767193593342e-11   -0.0728177446660059
 1.28797541173461e-14  1.50260043214284e-15  9.81458395617896e-13  7.04629225048487e-12 -1.77825249460029e-11      1.00933224786582 -2.74451631651174e-16  1.18502145589106e-06  -0.00242910327310702 -4.42347884260853e-12
-2.12253322826418e-15  9.23707924485517e-16   1.1988227813196e-13 -6.53351378072581e-13  1.85674884407959e-12 -2.74451631651174e-16      1.00933224786601   0.00242910327297688  1.18502145593134e-06 -7.63161202970844e-14
-7.56308650436657e-16  2.93228705672787e-15 -2.11885869028428e-14  1.36688609107319e-12 -1.31805420529813e-12  1.18502145589106e-06   0.00242910327297688     0.990688106285614 -3.64821215549756e-16 -2.93986006447205e-13
 -5.6493618381996e-15  2.87106625737068e-14 -8.18777560979771e-13  1.22504880947938e-11  -1.3767193593342e-11  -0.00242910327310702  1.18502145593134e-06 -3.64821215549756e-16       0.9906881062858  4.05758460832316e-12
 3.27217662772763e-05   0.00015839217315141  0.000978944639004134    0.0453833868980412   -0.0728177446660059 -4.42347884260853e-12 -7.63161202970844e-14 -2.93986006447205e-13  4.05758460832316e-12     0.997907107176301
POPULATION (lambda : 0.8): 7.00133807018251
TOTAL ENERGY: -127.162583703764	 lambda: 0.9
1RDM (lambda : 0.9): 
     1.99999996858973 -9.47006482171845e-09  2.88497277210692e-06 -9.24799105659026e-07  -6.9115791410982e-05  1.31354108765222e-14 -2.14406360921931e-15 -7.32546380046452e-16 -5.49094186137524e-15  3.37538167963482e-05
-9.47006482171845e-09      1.99999996542783 -4.96699943054627e-07 -8.52635599190869e-06  5.17095667137469e-05  1.53049160484442e-15  9.18986544471635e-16  2.92834870825565e-15  2.86944622773196e-14  0.000158338126144728
 2.88497277210692e-06 -4.96699943054627e-07      1.99944609054651 -0.000462083865845635    0.0208834037569198  1.22753855929271e-12  9.35535404264156e-14 -1.46416796176893e-15 -6.30013539841308e-13   0.00200074072927293
-9.24799105659026e-07 -8.52635599190869e-06 -0.000462083865845635      1.99745079968759    0.0242551334863749  7.07329404661758e-12 -6.49350897438872e-13  1.37316821876518e-12  1.22278927722188e-11    0.0453695702437565
 -6.9115791410982e-05  5.17095667137469e-05    0.0208834037569198    0.0242551334863749      1.00476613905499 -2.01713302136122e-11  2.09939949175814e-12 -1.50185751717365e-12 -1.55855152273922e-11   -0.0825397266701751
 1.31354108765222e-14  1.53049160484442e-15  1.22753855929271e-12  7.07329404661758e-12 -2.01713302136122e-11      1.01049653613131 -6.56836738168206e-15  1.32607902299636e-06  -0.00271688464205295 -4.81303179450345e-12
-2.14406360921931e-15  9.18986544471635e-16  9.35535404264156e-14 -6.49350897438872e-13  2.09939949175814e-12 -6.56836738168206e-15      1.01049653613151    0.0027168846419034  1.32607902619057e-06 -1.07648691129972e-13
-7.32546380046452e-16  2.92834870825565e-15 -1.46416796176893e-15  1.37316821876518e-12 -1.50185751717365e-12  1.32607902299636e-06    0.0027168846419034      0.98952419852158 -6.66225306324244e-15 -3.24878356498736e-13
-5.49094186137524e-15  2.86944622773196e-14 -6.30013539841308e-13  1.22278927722188e-11 -1.55855152273922e-11  -0.00271688464205295  1.32607902619057e-06 -6.66225306324244e-15     0.989524198521777  4.67298047942332e-12
 3.37538167963482e-05  0.000158338126144728   0.00200074072927293    0.0453695702437565   -0.0825397266701751 -4.81303179450345e-12 -1.07648691129972e-13 -3.24878356498736e-13  4.67298047942332e-12     0.998295567387193
POPULATION (lambda : 0.9): 7.00250677445424
TOTAL ENERGY: -127.160293544811	 lambda: 1
1RDM (lambda : 1): 
     1.99999995238789 -1.08371835355673e-08  3.74913759523294e-06 -1.17081038715656e-06 -6.78991772162813e-05  1.32599285592851e-14 -2.14757007786368e-15 -7.16892707562289e-16 -5.46257508332574e-15  3.42270313894092e-05
-1.08371835355673e-08      1.99999996627626 -6.21044307736633e-07 -8.48542522162906e-06  5.31026497258669e-05   1.6722181447483e-15  9.13025180989221e-16  2.93614904002025e-15  2.86545073984774e-14  0.000158423465802639
 3.74913759523294e-06 -6.21044307736633e-07      1.99938361532757 -0.000517777272187642    0.0209698917751426   1.5825750697951e-12  5.59479726702698e-14  2.71775132857916e-14  -3.6014791345462e-13   0.00346999348035122
-1.17081038715656e-06 -8.48542522162906e-06 -0.000517777272187642      1.99743417289597    0.0254661522430887  7.11427633382879e-12 -6.44368602788175e-13  1.38187266782093e-12  1.22002806262896e-11    0.0453552809207307
-6.78991772162813e-05  5.31026497258669e-05    0.0209698917751426    0.0254661522430887      1.00392036887956 -2.47340964711266e-11  2.56177702914394e-12 -1.85437590873366e-12 -1.90542624988041e-11    -0.101103587304729
 1.32599285592851e-14   1.6722181447483e-15   1.5825750697951e-12  7.11427633382879e-12 -2.47340964711266e-11      1.01269283128096    4.780790484636e-17  1.58916104951901e-06  -0.00325772988797591  -5.5085656508496e-12
-2.14757007786368e-15  9.13025180989221e-16  5.59479726702698e-14 -6.44368602788175e-13  2.56177702914394e-12    4.780790484636e-17       1.0126928312811   0.00325772988776909  1.58916104934936e-06 -1.72696009113895e-13
-7.16892707562289e-16  2.93614904002025e-15  2.71775132857916e-14  1.38187266782093e-12 -1.85437590873366e-12  1.58916104951901e-06   0.00325772988776909     0.987328804025208 -1.93864484316934e-17 -3.80980706638602e-13
-5.46257508332574e-15  2.86545073984774e-14  -3.6014791345462e-13  1.22002806262896e-11 -1.90542624988041e-11  -0.00325772988797591  1.58916104934936e-06 -1.93864484316934e-17     0.987328804025346  5.87494319046918e-12
 3.42270313894092e-05  0.000158423465802639   0.00346999348035122    0.0453552809207307    -0.101103587304729  -5.5085656508496e-12 -1.72696009113895e-13 -3.80980706638602e-13  5.87494319046918e-12     0.999218653620165
POPULATION (lambda : 1): 7.00490007098942
-------------------general-----------------------
mullikenoperator: 
-3.75344383894987e-08 -8.55885701003365e-07  7.46915892359953e-07 -5.33718530704179e-06 -9.75874920472654e-07 -4.80204051497107e-15  9.97391671348413e-16 -7.67764274680738e-16 -3.71759885963535e-15 -2.89007551028105e-05
-8.55885701003365e-07      1.00000001156769  2.05975539831879e-05  1.51127860928774e-06 -4.75204608023499e-05 -1.60993340023442e-14  1.36196954135134e-15  1.66906275074375e-15  2.01327052252705e-14 -7.49506239814799e-07
 7.46915892359968e-07  2.05975539831872e-05  0.000820265146437238    0.0270992010275504  0.000459662222681181  2.65185051211745e-12 -3.92762631338041e-13  3.18835791280141e-13  2.24417059246268e-12    0.0111160690793856
-5.33718530704132e-06  1.51127860929025e-06    0.0270992010275504     0.998435341360552    0.0293102745369325 -2.84959544349076e-12  4.30064438230825e-13  6.17536802353559e-13  4.31557840630204e-12  0.000796767475183345
-9.75874920472649e-07 -4.75204608023499e-05  0.000459662222681181    0.0293102745369325   0.00203419199141412 -1.23434336599115e-11  1.36913267194698e-12  -9.9415441009404e-13 -9.40379903135301e-12   -0.0354982623665878
-4.80204051497102e-15 -1.60993340023439e-14  2.65185051211745e-12 -2.84959544349076e-12 -1.23434336599115e-11     0.627100244167414  7.28190631449932e-16 -0.000235906316146326     0.483576608688061 -1.53789481919563e-12
 9.97391671348418e-16  1.36196954135132e-15 -3.92762631338041e-13  4.30064438230825e-13  1.36913267194698e-12   8.2967385978153e-16     0.627100244158749    -0.483576608690339 -0.000235906316148056 -3.58519825998584e-13
-7.67764274680741e-16  1.66906275074375e-15  3.18835791280141e-13  6.17536802353559e-13 -9.94154410094039e-13 -0.000235906316146301    -0.483576608690339     0.372899755841251  5.19098276602634e-15 -5.68607010149886e-13
 -3.7175988596353e-15  2.01327052252705e-14  2.24417059246268e-12  4.31557840630204e-12   -9.403799031353e-12     0.483576608688061 -0.000235906316148106  5.16984992692566e-15     0.372899755832585  1.07479689809949e-12
-2.89007551028101e-05  -7.4950623981506e-07    0.0111160690793856  0.000796767475183347   -0.0354982623665878 -1.53789481919549e-12 -3.58519825998601e-13 -5.68607010149861e-13  1.07479689809958e-12     0.998710227468343
selected BF: 
0 1 2 3 4
selected lambdas: 
  -1 -0.9 -0.8 -0.7 -0.6 -0.5 -0.4 -0.3 -0.2 -0.1    0  0.1  0.2  0.3  0.4  0.5  0.6  0.7  0.8  0.9    1
RHF C: 
-1.88310798593584e-05     0.995145209481403  -0.00631568184835121    -0.260835108017143  -0.00894835750557018  1.70811205969952e-12 -2.32014470083977e-13 -8.17343578638103e-14 -2.91877750516397e-13   0.00332197570638631
 7.71962838617659e-05    0.0198624973242344    0.0247269685441683      1.02770050946608    0.0354728371826721 -6.85601054305367e-12  9.32070045173765e-13  3.23245563021507e-13  1.16235382535348e-12   -0.0130078801291449
-2.45233216091135e-15 -2.26815603549366e-14 -1.32974927623859e-14 -6.78745028489168e-13  3.60199856809315e-12    -0.660664769578215    -0.435574278080252     0.336779655884037     -0.51027446600185  2.35913090010534e-10
 1.22969477422801e-15  1.98776753130896e-14  1.88600540260726e-13  6.04015271885116e-13 -3.03374514625726e-12     0.435574278083266    -0.660664769573641     0.510274466007772     0.336779655880139 -1.94305038723123e-10
 0.000149981977680393 -1.40749719979905e-05   0.00600329796908218    0.0136568732127156    -0.026918555774863  2.39537860902891e-10 -2.59705355623807e-11  1.91908966291622e-11  1.86688334283792e-10     0.999721590154428
    -0.99524870512633  1.80763080211415e-05    -0.262182809307239   0.00793395853073633  -0.00488734251328199  7.18034952643215e-13 -1.32391185849041e-13  9.34832556289059e-14  1.02246289794513e-12   0.00391705224241356
  -0.0193279783942213 -8.05551219992824e-05      1.02835072384541   -0.0314698303398133    0.0194356430730159 -3.02717754593388e-12   5.4483125957893e-13 -3.76911567553724e-13 -4.11482131098244e-12   -0.0161633101600464
 1.17363528429011e-14 -1.86130287330474e-14  3.27725759824624e-13  -4.9513532011496e-12  3.56394377199331e-11    -0.509209486545783    -0.335720270417455    -0.436521921739125     0.661399778833955 -8.17484781444785e-13
-9.30039659845523e-15  1.53366929236074e-14  -3.5719771208688e-13  3.87596081701477e-12 -1.34064571835552e-11     0.335720270413548    -0.509209486551711    -0.661399778829391    -0.436521921742129  1.32627379746995e-13
 6.83935699896461e-05  0.000151957318396672   -0.0191482082472369   -0.0239874687816024     0.998743583155852  3.70584937586247e-11   3.5601237757011e-12  7.85474623130137e-12 -1.84103924597955e-11    0.0440012189617179
Basis set used: STO-3G
Version: Tmhuysen's fci hack
