Naturals in-correctTOTAL ENERGY: -123.952193466552	 lambda: -10	 population of target: 3.99949211236589
1RDM: 
     1.99999996447393 -3.92923517835245e-07  9.48645558536729e-06 -6.26853709218695e-05  0.000129117993180077 -1.73226612704787e-17  3.30643432893495e-17  3.41735490498491e-17  1.78918965504773e-17 -0.000167264494148113
-3.92923517835245e-07      1.99999266626443  7.69789541989734e-05 -0.000416106323935922    0.0021313550735963 -1.07982450895903e-16  -2.1246429988711e-17 -2.19311007520894e-17   1.1144567391715e-16  -0.00271816288879966
 9.48645558536729e-06  7.69789541989734e-05      1.99719127835774    0.0195450748606033   -0.0267000597849687  -8.8818591623482e-17 -1.32744174838775e-16 -1.37739237748495e-16  9.42911387567682e-17    0.0350446601576787
-6.26853709218695e-05 -0.000416106323935922    0.0195450748606033      1.86046260829396     0.144536118709373  3.66348989417441e-16  1.89966447586497e-16  1.99815047579251e-16 -3.93546794785346e-16    -0.192047270293349
 0.000129117993180077    0.0021313550735963   -0.0267000597849687     0.144536118709373      1.26368206583493 -3.01822244937084e-17  1.42451580589845e-16  1.37971990333477e-16  8.36774495641199e-17     0.939089562791173
-1.73226612704787e-17 -1.07982450895903e-16  -8.8818591623482e-17  3.66348989417441e-16 -3.01822244937084e-17      1.05151491505774  2.08956631255809e-15 -4.89779179277238e-07     0.980241479594881 -3.92326476495248e-18
 3.30643432893495e-17  -2.1246429988711e-17 -1.32744174838775e-16  1.89966447586497e-16  1.42451580589845e-16  2.08956631255809e-15       1.0515149163267    -0.980241479553082 -4.89779179435951e-07 -3.27468398976989e-18
 3.41735490498491e-17 -2.19311007520894e-17 -1.37739237748495e-16  1.99815047579251e-16  1.37971990333477e-16 -4.89779179277238e-07    -0.980241479553082     0.986938880861776  1.41218659193778e-15  8.52771943623852e-18
 1.78918965504773e-17   1.1144567391715e-16  9.42911387567682e-17 -3.93546794785346e-16  8.36774495641199e-17     0.980241479594881 -4.89779179435951e-07  1.41218659193778e-15     0.986938882130726 -6.32045611305883e-17
-0.000167264494148113  -0.00271816288879966    0.0350446601576787    -0.192047270293349     0.939089562791173 -3.92326476495248e-18 -3.27468398976989e-18  8.52771943623852e-18 -6.32045611305883e-17      0.80176382239818
TOTAL ENERGY: -123.95219657718	 lambda: -9.95	 population of target: 3.99949242421065
1RDM: 
     1.99999996451097 -3.92626543062149e-07  9.47987101694239e-06 -6.26564887002558e-05  0.000129029914704158 -1.72501709852097e-17  3.29342641207857e-17   3.4039304263256e-17  1.78170718368547e-17 -0.000167158920669136
-3.92626543062149e-07      1.99999266786481  7.69367413359207e-05 -0.000416019857206691   0.00213103049671861 -1.07514255273605e-16 -2.12634974622863e-17 -2.19488813987454e-17  1.10962235619632e-16  -0.00271785783473574
 9.47987101694239e-06  7.69367413359207e-05      1.99719223125774    0.0195420291729873   -0.0266885277182786 -8.86347076152617e-17 -1.32740052009342e-16 -1.37735444461565e-16  9.41039721473218e-17    0.0350316180255558
-6.26564887002558e-05 -0.000416019857206691    0.0195420291729873      1.86046526751482     0.144523355511593  3.65161460393813e-16  1.90102437524016e-16  1.99955797378188e-16 -3.92339290575786e-16    -0.192041094444029
 0.000129029914704158   0.00213103049671861   -0.0266885277182786     0.144523355511593       1.2637178037937 -2.98379724099126e-17  1.42290142020678e-16  1.37811348930538e-16  8.33939226199849e-17     0.939081700761631
-1.72501709852097e-17 -1.07514255273605e-16 -8.86347076152617e-17  3.65161460393813e-16 -2.98379724099126e-17      1.05152021244052  2.08950293422284e-15   -4.897792010791e-07     0.980241523235683 -4.39120531489669e-18
 3.29342641207857e-17 -2.12634974622863e-17 -1.32740052009342e-16  1.90102437524016e-16  1.42290142020678e-16  2.08950293422284e-15      1.05152021370947    -0.980241523193877 -4.89779201237581e-07 -2.92226216811201e-18
  3.4039304263256e-17 -2.19488813987454e-17 -1.37735444461565e-16  1.99955797378188e-16  1.37811348930538e-16   -4.897792010791e-07    -0.980241523193877     0.986933132554187  1.41238013939375e-15  8.88559817349994e-18
 1.78170718368547e-17  1.10962235619632e-16  9.41039721473218e-17 -3.92339290575786e-16  8.33939226199849e-17     0.980241523235683 -4.89779201237581e-07  1.41238013939375e-15     0.986933133823136 -6.28159287658291e-17
-0.000167158920669136  -0.00271785783473574    0.0350316180255558    -0.192041094444029     0.939081700761631 -4.39120531489669e-18 -2.92226216811201e-18  8.88559817349994e-18 -6.28159287658291e-17     0.801725372530731
TOTAL ENERGY: -123.952199729441	 lambda: -9.9	 population of target: 3.99949274182127
1RDM: 
     1.99999996454853 -3.92325421863956e-07  9.47320383271166e-06 -6.26272316550657e-05  0.000128940436766778 -1.71774391166327e-17   3.2803699359628e-17  3.39045585132706e-17  1.77419978198529e-17 -0.000167051641110639
-3.92325421863956e-07      1.99999266947289  7.68941580880014e-05 -0.000415933047638758   0.00213070388731073 -1.07045959539291e-16 -2.12806289699452e-17 -2.19667302002608e-17  1.10478693809996e-16  -0.00271755156283026
 9.47320383271166e-06  7.68941580880014e-05      1.99719319371901    0.0195389549064136   -0.0266768767299306  -8.8451298840052e-17 -1.32735204888877e-16 -1.37730909000086e-16  9.39173306799235e-17    0.0350184442498864
-6.26272316550657e-05 -0.000415933047638758    0.0195389549064136      1.86046792320293     0.144510538739838  3.63979189546607e-16  1.90235199240685e-16  2.00093215940886e-16  -3.9113746298346e-16    -0.192034976711846
 0.000128940436766778   0.00213070388731073   -0.0266768767299306     0.144510538739838      1.26375401187379 -2.94924075697825e-17  1.42129197735043e-16  1.37651293804292e-16  8.31099496235417e-17     0.939073722600457
-1.71774391166327e-17 -1.07045959539291e-16  -8.8451298840052e-17  3.63979189546607e-16 -2.94924075697825e-17      1.05152558036239  2.08943152238157e-15 -4.89779221604427e-07     0.980241564314588 -4.85991082913031e-18
  3.2803699359628e-17 -2.12806289699452e-17 -1.32735204888877e-16  1.90235199240685e-16  1.42129197735043e-16  2.08943152238157e-15      1.05152558163134    -0.980241564272775 -4.89779221762675e-07 -2.56889740879571e-18
 3.39045585132706e-17 -2.19667302002608e-17 -1.37730909000086e-16  2.00093215940886e-16  1.37651293804292e-16 -4.89779221604427e-07    -0.980241564272775     0.986927314134026  1.41256631424333e-15  9.24437636407969e-18
 1.77419978198529e-17  1.10478693809996e-16  9.39173306799235e-17  -3.9113746298346e-16  8.31099496235417e-17     0.980241564314588 -4.89779221762675e-07  1.41256631424333e-15     0.986927315402975 -6.24277109599129e-17
-0.000167051641110639  -0.00271755156283026    0.0350184442498864    -0.192034976711846     0.939073722600457 -4.85991082913031e-18 -2.56889740879571e-18  9.24437636407969e-18 -6.24277109599129e-17     0.801686445652196
TOTAL ENERGY: -123.952202924192	 lambda: -9.85	 population of target: 3.9994930653429
1RDM: 
     1.99999996458664 -3.92020076415473e-07  9.46645258940586e-06 -6.25975929087773e-05  0.000128849532775025 -1.71044709774581e-17  3.26726502513452e-17  3.37693130959971e-17  1.76666799941183e-17 -0.000166942622845284
-3.92020076415473e-07      1.99999267108879  7.68511981550164e-05 -0.000415845889152741    0.0021303752086769 -1.06577740588671e-16 -2.12977178485019e-17 -2.19845369582659e-17  1.09995231309659e-16    -0.002717244052356
 9.46645258940586e-06  7.68511981550164e-05      1.99719416589944    0.0195358515755191   -0.0266651047784617 -8.82671739771132e-17  -1.3273034562073e-16 -1.37726367634185e-16  9.37299835013435e-17     0.035005136589144
-6.25975929087773e-05 -0.000415845889152741    0.0195358515755191      1.86047057530066     0.144497667348722   3.6279325205414e-16  1.90370122771906e-16  2.00232875090662e-16 -3.89932090915746e-16    -0.192028918151112
 0.000128849532775025    0.0021303752086769   -0.0266651047784617     0.144497667348722      1.26379069905135 -2.91464715484962e-17  1.41969341299171e-16  1.37492439609286e-16  8.28265205969966e-17     0.939065626068797
-1.71044709774581e-17 -1.06577740588671e-16 -8.82671739771132e-17   3.6279325205414e-16 -2.91464715484962e-17       1.0515310201882  2.08936897233932e-15 -4.89779240820679e-07     0.980241602772618  -5.3288208335342e-18
 3.26726502513452e-17 -2.12977178485019e-17  -1.3273034562073e-16  1.90370122771906e-16  1.41969341299171e-16  2.08936897233932e-15      1.05153102145715    -0.980241602730797 -4.89779240978695e-07 -2.21491933052564e-18
 3.37693130959971e-17 -2.19845369582659e-17 -1.37726367634185e-16  2.00232875090662e-16  1.37492439609286e-16 -4.89779240820679e-07    -0.980241602730797     0.986921424262876  1.41275955085056e-15  9.60371231312426e-18
 1.76666799941183e-17  1.09995231309659e-16  9.37299835013435e-17 -3.89932090915746e-16  8.28265205969966e-17     0.980241602772618 -4.89779240978695e-07  1.41275955085056e-15     0.986921425531825 -6.20405093931655e-17
-0.000166942622845284    -0.002717244052356     0.035005136589144    -0.192028918151112     0.939065626068797  -5.3288208335342e-18 -2.21491933052564e-18  9.60371231312426e-18 -6.20405093931655e-17     0.801647032633121
TOTAL ENERGY: -123.952206162313	 lambda: -9.8	 population of target: 3.99949339492526
1RDM: 
     1.99999996462529  -3.9171042716239e-07  9.45961581414408e-06 -6.25675654398234e-05  0.000128757175526641 -1.70312698691066e-17  3.25411168100858e-17   3.3633568035103e-17  1.75911217756362e-17 -0.000166831832497115
 -3.9171042716239e-07      1.99999267271266  7.68078551092833e-05 -0.000415758375597293   0.00213004442350067  -1.0610972134195e-16 -2.13146900320118e-17 -2.20022251625728e-17  1.09511975159709e-16  -0.00271693528246298
 9.45961581414408e-06  7.68078551092833e-05      1.99719514796036    0.0195327186837561   -0.0266532097767799 -8.80815036034076e-17 -1.32725967465052e-16 -1.37722330393722e-16  9.35410738415482e-17    0.0349916927524348
-6.25675654398234e-05 -0.000415758375597293    0.0195327186837561      1.86047322375191      0.14448474026641  3.61597451423058e-16   1.9051094955455e-16  2.00378642613925e-16  -3.8871677348091e-16    -0.192022919842991
 0.000128757175526641   0.00213004442350067   -0.0266532097767799      0.14448474026641      1.26382787453623 -2.88008137534988e-17  1.41810990318142e-16  1.37335219268461e-16  8.25443241925798e-17     0.939057408866507
-1.70312698691066e-17  -1.0610972134195e-16 -8.80815036034076e-17  3.61597451423058e-16 -2.88008137534988e-17      1.05153653331638  2.08930335621743e-15 -4.89779258696452e-07     0.980241638551286  -5.7975495427307e-18
 3.25411168100858e-17 -2.13146900320118e-17 -1.32725967465052e-16   1.9051094955455e-16  1.41810990318142e-16  2.08930335621743e-15      1.05153653458534    -0.980241638509457 -4.89779258854236e-07 -1.86055170070723e-18
  3.3633568035103e-17 -2.20022251625728e-17 -1.37722330393722e-16  2.00378642613925e-16  1.37335219268461e-16 -4.89779258696452e-07    -0.980241638509457      0.98691546156535  1.41294825465895e-15  9.96337356330119e-18
 1.75911217756362e-17  1.09511975159709e-16  9.35410738415482e-17  -3.8871677348091e-16  8.25443241925798e-17     0.980241638551286 -4.89779258854236e-07  1.41294825465895e-15     0.986915462834302 -6.16547460032055e-17
-0.000166831832497115  -0.00271693528246298    0.0349916927524348    -0.192022919842991     0.939057408866507  -5.7975495427307e-18 -1.86055170070723e-18  9.96337356330119e-18 -6.16547460032055e-17     0.801607124112238
TOTAL ENERGY: -123.952209444709	 lambda: -9.75	 population of target: 3.99949373072294
1RDM: 
      1.9999999646645 -3.91396392307408e-07  9.45269202230041e-06 -6.25371422359127e-05   0.00012866333698896 -1.69578246605581e-17  3.24090903217713e-17  3.34973143330199e-17  1.75153116629865e-17 -0.000166719235674228
-3.91396392307408e-07      1.99999267434463    7.676412237704e-05 -0.000415670500881519   0.00212971149405486 -1.05641638930697e-16 -2.13317044293074e-17  -2.2019959086958e-17  1.09028653683271e-16  -0.00271662523247851
 9.45269202230041e-06    7.676412237704e-05      1.99719614006577    0.0195295557260563   -0.0266411895795764 -8.78960491213088e-17 -1.32720998774957e-16 -1.37717689633596e-16  9.33524231455335e-17    0.0349781103840711
-6.25371422359127e-05 -0.000415670500881519    0.0195295557260563      1.86047586852648     0.144471756404895  3.60405049004595e-16  1.90649667994176e-16  2.00522236890206e-16 -3.87505224026198e-16    -0.192016982908556
  0.00012866333698896   0.00212971149405486   -0.0266411895795764     0.144471756404895      1.26386554780108  -2.8453999012207e-17  1.41653303505119e-16  1.37178765232309e-16  8.22618960106646e-17     0.939049068605174
-1.69578246605581e-17 -1.05641638930697e-16 -8.78960491213088e-17  3.60405049004595e-16  -2.8453999012207e-17      1.05154212116815    2.089239786605e-15 -4.89779275218943e-07     0.980241671610845  -6.2669498986111e-18
 3.24090903217713e-17 -2.13317044293074e-17 -1.32720998774957e-16  1.90649667994176e-16  1.41653303505119e-16    2.089239786605e-15       1.0515421224371    -0.980241671569009 -4.89779275376496e-07 -1.50526928530698e-18
 3.34973143330199e-17  -2.2019959086958e-17 -1.37717689633596e-16  2.00522236890206e-16  1.37178765232309e-16 -4.89779275218943e-07    -0.980241671569009     0.986909424602895  1.41314252784018e-15  1.03239008328779e-17
 1.75153116629865e-17  1.09028653683271e-16  9.33524231455335e-17 -3.87505224026198e-16  8.22618960106646e-17     0.980241671610845 -4.89779275376496e-07  1.41314252784018e-15     0.986909425871844  -6.1269564563189e-17
-0.000166719235674228  -0.00271662523247851    0.0349781103840711    -0.192016982908556     0.939049068605174  -6.2669498986111e-18 -1.50526928530698e-18  1.03239008328779e-17  -6.1269564563189e-17     0.801566710517637
TOTAL ENERGY: -123.95221277231	 lambda: -9.7	 population of target: 3.99949407289548
1RDM: 
     1.99999996470427  -3.9107788833297e-07  9.44567970092793e-06 -6.25063161583029e-05  0.000128567988458283 -1.68841237849304e-17  3.22765617996884e-17  3.33605427103554e-17  1.74392377040164e-17 -0.000166604797160786
 -3.9107788833297e-07      1.99999267598483  7.67199932798506e-05 -0.000415582259025547   0.00212937638312445 -1.05173219686608e-16 -2.13489263106007e-17 -2.20379095847747e-17   1.0854498403483e-16  -0.00271631388308753
 9.44567970092793e-06  7.67199932798506e-05      1.99719714238327    0.0195263621856246   -0.0266290419908677 -8.77126447331563e-17 -1.32714323852113e-16 -1.37711292142666e-16  9.31659281832617e-17    0.0349643870731045
-6.25063161583029e-05 -0.000415582259025547    0.0195263621856246      1.86047850959753     0.144458714647163   3.5922983870384e-16  1.90777945758244e-16  2.00655044499103e-16  -3.8631170694812e-16     -0.19201110849611
 0.000128567988458283   0.00212937638312445   -0.0266290419908677     0.144458714647163      1.26390372856064 -2.81045326837718e-17  1.41495404485195e-16  1.37022173721738e-16  8.19777106515031e-17     0.939040602837668
-1.68841237849304e-17 -1.05173219686608e-16 -8.77126447331563e-17   3.5922983870384e-16 -2.81045326837718e-17      1.05154778520199  2.08917754430725e-15 -4.89779290372667e-07     0.980241701909361 -6.73790936002541e-18
 3.22765617996884e-17 -2.13489263106007e-17 -1.32714323852113e-16  1.90777945758244e-16  1.41495404485195e-16  2.08917754430725e-15      1.05154778647095    -0.980241701867518 -4.89779290529988e-07 -1.14852588293225e-18
 3.33605427103554e-17 -2.20379095847747e-17 -1.37711292142666e-16  2.00655044499103e-16  1.37022173721738e-16 -4.89779290372667e-07    -0.980241701867518     0.986903311901492   1.4133363034255e-15  1.06858564560026e-17
 1.74392377040164e-17   1.0854498403483e-16  9.31659281832617e-17  -3.8631170694812e-16  8.19777106515031e-17     0.980241701909361 -4.89779290529988e-07   1.4133363034255e-15     0.986903313170443 -6.08840738298904e-17
-0.000166604797160786  -0.00271631388308753    0.0349643870731045     -0.19201110849611     0.939040602837668 -6.73790936002541e-18 -1.14852588293225e-18  1.06858564560026e-17 -6.08840738298904e-17     0.801525782024632
TOTAL ENERGY: -123.952216146071	 lambda: -9.65	 population of target: 3.99949442160748
1RDM: 
     1.99999996474463 -3.90754829601653e-07  9.43857723756952e-06 -6.24750793936712e-05  0.000128471100768985 -1.68102005120489e-17  3.21435492945021e-17  3.32232718340689e-17  1.73629342910074e-17  -0.00016648848114297
-3.90754829601653e-07      1.99999267763343  7.66754608648116e-05 -0.000415493642986119   0.00212903904749664 -1.04705387888764e-16 -2.13657978957346e-17 -2.20555002166431e-17  1.08061921482691e-16  -0.00271600120804876
 9.43857723756952e-06  7.66754608648116e-05      1.99719815508603    0.0195231375316167   -0.0266167647789556 -8.75250782558223e-17 -1.32709686398149e-16 -1.37707008067041e-16  9.29751678600508e-17    0.0349505203721382
-6.24750793936712e-05 -0.000415493642986119    0.0195231375316167      1.86048114683721     0.144445613808593  3.58025224581091e-16  1.90923924774516e-16  2.00806157058578e-16 -3.85088059055164e-16     -0.19200529774056
 0.000128471100768985   0.00212903904749664   -0.0266167647789556     0.144445613808593      1.26394242670746 -2.77573916773613e-17  1.41340327500265e-16  1.36868580975084e-16  8.16969288437819e-17     0.939032009140883
-1.68102005120489e-17 -1.04705387888764e-16 -8.75250782558223e-17  3.58025224581091e-16 -2.77573916773613e-17      1.05155352696911  2.08911096823564e-15 -4.89779304086821e-07     0.980241729334606 -7.20747327099648e-18
 3.21435492945021e-17 -2.13657978957346e-17 -1.32709686398149e-16  1.90923924774516e-16  1.41340327500265e-16  2.08911096823564e-15      1.05155352823807    -0.980241729292753 -4.89779304243911e-07 -7.92097172590625e-19
 3.32232718340689e-17 -2.20555002166431e-17 -1.37707008067041e-16  2.00806157058578e-16  1.36868580975084e-16 -4.89779304086821e-07    -0.980241729292753     0.986897122033385  1.41352536395778e-15  1.10474057525316e-17
 1.73629342910074e-17  1.08061921482691e-16  9.29751678600508e-17 -3.85088059055164e-16  8.16969288437819e-17     0.980241729334606 -4.89779304243911e-07  1.41352536395778e-15     0.986897123302335 -6.05013496033404e-17
 -0.00016648848114297  -0.00271600120804876    0.0349505203721382     -0.19200529774056     0.939032009140883 -7.20747327099648e-18 -7.92097172590625e-19  1.10474057525316e-17 -6.05013496033404e-17     0.801484328448395
TOTAL ENERGY: -123.952219566974	 lambda: -9.6	 population of target: 3.99949477702888
1RDM: 
     1.99999996478557 -3.90427129780594e-07  9.43138307094992e-06 -6.24434245755784e-05   0.00012837264408254 -1.67360373990155e-17  3.20100402437071e-17   3.3085488729517e-17  1.72863833987179e-17 -0.000166370251022712
-3.90427129780594e-07      1.99999267929055  7.66305182902294e-05 -0.000415404647087609   0.00212869945079107 -1.04237712584215e-16  -2.1382579227993e-17 -2.20729997847399e-17   1.0757902063057e-16  -0.00271568719060014
 9.43138307094992e-06  7.66305182902294e-05      1.99719917834742     0.019519881230506   -0.0266043556580164 -8.73362388115501e-17 -1.32705332724581e-16 -1.37703024725372e-16  9.27831294394452e-17    0.0349365077754797
-6.24434245755784e-05 -0.000415404647087609     0.019519881230506      1.86048378019397     0.144432452704636  3.56812937399002e-16  1.91074477818539e-16  2.00962004748111e-16 -3.83856749264486e-16    -0.191999551840201
  0.00012837264408254   0.00212869945079107   -0.0266043556580164     0.144432452704636      1.26398165246423 -2.74102340064749e-17  1.41186685274379e-16  1.36716555501331e-16   8.1417150807848e-17     0.939023284944663
-1.67360373990155e-17 -1.04237712584215e-16 -8.73362388115501e-17  3.56812937399002e-16 -2.74102340064749e-17      1.05155934802411  2.08904950054967e-15 -4.89779316347329e-07     0.980241753831163 -7.67703173724621e-18
 3.20100402437071e-17  -2.1382579227993e-17 -1.32705332724581e-16  1.91074477818539e-16  1.41186685274379e-16  2.08904950054967e-15      1.05155934929306    -0.980241753789304 -4.89779316504188e-07  -4.3513227148556e-19
  3.3085488729517e-17 -2.20729997847399e-17 -1.37703024725372e-16  2.00962004748111e-16  1.36716555501331e-16 -4.89779316347329e-07    -0.980241753789304     0.986890853449553  1.41372122157781e-15  1.14094255268197e-17
 1.72863833987179e-17   1.0757902063057e-16  9.27831294394452e-17 -3.83856749264486e-16   8.1417150807848e-17     0.980241753831163 -4.89779316504188e-07  1.41372122157781e-15     0.986890854718502 -6.01199830441129e-17
-0.000166370251022712  -0.00271568719060014    0.0349365077754797    -0.191999551840201     0.939023284944663 -7.67703173724621e-18  -4.3513227148556e-19  1.14094255268197e-17 -6.01199830441129e-17     0.801442339433062
TOTAL ENERGY: -123.95222303603	 lambda: -9.55	 population of target: 3.99949513933541
1RDM: 
     1.99999996482711  -3.9009469925836e-07  9.42409554170375e-06 -6.24113436902477e-05  0.000128272588281002 -1.66615717625799e-17  3.18759946922374e-17   3.2947152106041e-17  1.72095202380866e-17 -0.000166250069843947
 -3.9009469925836e-07      1.99999268095636  7.65851579838254e-05 -0.000415315261427102   0.00212835754973225 -1.03768557705564e-16 -2.14002589829024e-17 -2.20914301736795e-17  1.07094590522707e-16  -0.00271537180577328
 9.42409554170375e-06  7.65851579838254e-05      1.99720021235529    0.0195165926750579   -0.0265918123059738 -8.71571164690875e-17 -1.32694616787847e-16 -1.37692471833957e-16   9.2601174708938e-17      0.03492234673885
-6.24113436902477e-05 -0.000415315261427102    0.0195165926750579      1.86048640992071     0.144419230214097  3.55675433650272e-16  1.91179805712935e-16  2.01071106984642e-16 -3.82703023275188e-16    -0.191993872136333
 0.000128272588281002   0.00212835754973225   -0.0265918123059738     0.144419230214097       1.2640214165525 -2.70542207316141e-17  1.41029165804827e-16  1.36560611132533e-16  8.11292652016539e-17     0.939014427337642
-1.66615717625799e-17 -1.03768557705564e-16 -8.71571164690875e-17  3.55675433650272e-16 -2.70542207316141e-17       1.0515652497052   2.0889880295183e-15 -4.89779327201245e-07     0.980241775560415 -8.15181402151015e-18
 3.18759946922374e-17 -2.14002589829024e-17 -1.32694616787847e-16  1.91179805712935e-16  1.41029165804827e-16   2.0889880295183e-15      1.05156525097415    -0.980241775518549 -4.89779327357874e-07 -7.44592863987002e-20
  3.2947152106041e-17 -2.20914301736795e-17 -1.37692471833957e-16  2.01071106984642e-16  1.36560611132533e-16 -4.89779327201245e-07    -0.980241775518549      0.98688450438394  1.41391778462363e-15  1.17751887089607e-17
 1.72095202380866e-17  1.07094590522707e-16   9.2601174708938e-17 -3.82703023275188e-16  8.11292652016539e-17     0.980241775560415 -4.89779327357874e-07  1.41391778462363e-15     0.986884505652888  -5.9734602578204e-17
-0.000166250069843947  -0.00271537180577328      0.03492234673885    -0.191993872136333     0.939014427337642 -8.15181402151015e-18 -7.44592863987002e-20  1.17751887089607e-17  -5.9734602578204e-17     0.801399804671891
TOTAL ENERGY: -123.952226554274	 lambda: -9.5	 population of target: 3.99949550870805
1RDM: 
     1.99999996486925 -3.89757448604206e-07  9.41671292585111e-06 -6.23788283085912e-05  0.000128170902126587 -1.65869022200552e-17  3.17414701475245e-17  3.28083214171367e-17  1.71324467489415e-17 -0.000166127899233656
-3.89757448604206e-07      1.99999268263099    7.653937318135e-05 -0.000415225482637956   0.00212801330262711 -1.03300589993439e-16 -2.14172264285221e-17 -2.21091266689514e-17  1.06611387356404e-16  -0.00271505503183999
 9.41671292585111e-06    7.653937318135e-05      1.99720125728671    0.0195132713483068   -0.0265791323499824 -8.69697878338768e-17 -1.32688353790035e-16    -1.37686529857e-16  9.24107759939688e-17    0.0349080346671334
-6.23788283085912e-05 -0.000415225482637956    0.0195132713483068      1.86048903551786      0.14440594494239  3.54478313855108e-16  1.91321075321254e-16  2.01217371198939e-16 -3.81487949727489e-16    -0.191988259721916
 0.000128170902126587   0.00212801330262711   -0.0265791323499824      0.14440594494239      1.26406172943645 -2.67037395478317e-17  1.40876490499412e-16  1.36409759730091e-16  8.08481566588558e-17     0.939005433983571
-1.65869022200552e-17 -1.03300589993439e-16 -8.69697878338768e-17  3.54478313855108e-16 -2.67037395478317e-17      1.05157123396271  2.08892847889335e-15 -4.89779336490579e-07     0.980241794160329 -8.62328943428084e-18
 3.17414701475245e-17 -2.14172264285221e-17 -1.32688353790035e-16  1.91321075321254e-16  1.40876490499412e-16  2.08892847889335e-15      1.05157123523167    -0.980241794118453 -4.89779336646979e-07   2.8477756595434e-19
 3.28083214171367e-17 -2.21091266689514e-17    -1.37686529857e-16  2.01217371198939e-16  1.36409759730091e-16 -4.89779336490579e-07    -0.980241794118453     0.986878073498342  1.41411133929956e-15   1.2139382892459e-17
 1.71324467489415e-17  1.06611387356404e-16  9.24107759939688e-17 -3.81487949727489e-16  8.08481566588558e-17     0.980241794160329 -4.89779336646979e-07  1.41411133929956e-15     0.986878074767294   -5.935404261856e-17
-0.000166127899233656  -0.00271505503183999    0.0349080346671334    -0.191988259721916     0.939005433983571 -8.62328943428084e-18   2.8477756595434e-19   1.2139382892459e-17   -5.935404261856e-17     0.801356712798688
TOTAL ENERGY: -123.952230122781	 lambda: -9.45	 population of target: 3.99949588533473
1RDM: 
     1.99999996491202 -3.89415280669128e-07   9.4092336053165e-06 -6.23458710659393e-05  0.000128067552448835 -1.65119423812486e-17  3.16064123422717e-17  3.26689405796593e-17  1.70550736378876e-17 -0.000166003698498869
-3.89415280669128e-07      1.99999268431463  7.64931558826372e-05 -0.000415135301846357   0.00212766666613096 -1.02831543245209e-16 -2.14348503494423e-17 -2.21275040254679e-17  1.06127068893714e-16  -0.00271473684544174
  9.4092336053165e-06  7.64931558826372e-05      1.99720231333107    0.0195099166487573   -0.0265663132568684 -8.67894775761399e-17 -1.32677341540626e-16 -1.37675686021465e-16  9.22276728052355e-17    0.0348935687712429
-6.23458710659393e-05 -0.000415135301846357    0.0195099166487573      1.86049165727855     0.144392595720192  3.53335761377501e-16  1.91429328340576e-16  2.01329510357976e-16  -3.8032957367882e-16    -0.191982716018052
 0.000128067552448835   0.00212766666613096   -0.0265663132568684     0.144392595720192      1.26410260239442 -2.63465245835828e-17  1.40721280306419e-16  1.36256379817811e-16  8.05611746243543e-17     0.938996301838469
-1.65119423812486e-17 -1.02831543245209e-16 -8.67894775761399e-17  3.53335761377501e-16 -2.63465245835828e-17      1.05157730225508  2.08886621958194e-15 -4.89779344303028e-07     0.980241809790805 -9.09873146520325e-18
 3.16064123422717e-17 -2.14348503494423e-17 -1.32677341540626e-16  1.91429328340576e-16  1.40721280306419e-16  2.08886621958194e-15      1.05157730352404    -0.980241809748921 -4.89779344459197e-07  6.46984406810118e-19
 3.26689405796593e-17 -2.21275040254679e-17 -1.37675686021465e-16  2.01329510357976e-16  1.36256379817811e-16 -4.89779344303028e-07    -0.980241809748921     0.986871558901124  1.41430717919418e-15  1.25065549881721e-17
 1.70550736378876e-17  1.06127068893714e-16  9.22276728052355e-17  -3.8032957367882e-16  8.05611746243543e-17     0.980241809790805 -4.89779344459197e-07  1.41430717919418e-15     0.986871560170073 -5.89708228013458e-17
-0.000166003698498869  -0.00271473684544174    0.0348935687712429    -0.191982716018052     0.938996301838469 -9.09873146520325e-18  6.46984406810118e-19  1.25065549881721e-17 -5.89708228013458e-17     0.801313052918995
TOTAL ENERGY: -123.952233742648	 lambda: -9.4	 population of target: 3.99949626940878
1RDM: 
     1.99999996495543 -3.89068100388156e-07  9.40165574745086e-06 -6.23124629105394e-05  0.000127962506772227 -1.64367554232745e-17  3.14708572977994e-17  3.25290468378087e-17  1.69774662125944e-17 -0.000165877427738397
-3.89068100388156e-07      1.99999268600744  7.64464985321598e-05 -0.000415044712111635   0.00212731759215962  -1.0236313727365e-16 -2.14520925849827e-17  -2.2145489295152e-17  1.05643412657278e-16  -0.00271441721822586
 9.40165574745086e-06  7.64464985321598e-05      1.99720338068182    0.0195065279856608   -0.0265533525527959 -8.66046233940377e-17  -1.3266855267858e-16 -1.37667148608583e-16  9.20399131366601e-17    0.0348789463474739
-6.23124629105394e-05 -0.000415044712111635    0.0195065279856608      1.86049427494039      0.14437918115135  3.52161137473553e-16  1.91556885089104e-16  2.01461612136178e-16 -3.79138335785911e-16    -0.191977242262977
 0.000127962506772227   0.00212731759215962   -0.0265533525527959      0.14437918115135      1.26414404663372 -2.59918415699833e-17  1.40569164142486e-16  1.36106288512858e-16  8.02779134312467e-17     0.938987028229909
-1.64367554232745e-17  -1.0236313727365e-16 -8.66046233940377e-17  3.52161137473553e-16 -2.59918415699833e-17      1.05158345643625  2.08881322807204e-15 -4.89779350525776e-07     0.980241822243679 -9.57265437974923e-18
 3.14708572977994e-17 -2.14520925849827e-17  -1.3266855267858e-16  1.91556885089104e-16  1.40569164142486e-16  2.08881322807204e-15       1.0515834577052    -0.980241822201786 -4.89779350681719e-07  1.00885721183803e-18
 3.25290468378087e-17  -2.2145489295152e-17 -1.37667148608583e-16  2.01461612136178e-16  1.36106288512858e-16 -4.89779350525776e-07    -0.980241822201786     0.986864959038743  1.41451004597073e-15  1.28732922808542e-17
 1.69774662125944e-17  1.05643412657278e-16  9.20399131366601e-17 -3.79138335785911e-16  8.02779134312467e-17     0.980241822243679 -4.89779350681719e-07  1.41451004597073e-15      0.98686496030769 -5.85906355331668e-17
-0.000165877427738397  -0.00271441721822586    0.0348789463474739    -0.191977242262977     0.938987028229909 -9.57265437974923e-18  1.00885721183803e-18  1.28732922808542e-17 -5.85906355331668e-17     0.801268813293348
TOTAL ENERGY: -123.952237415007	 lambda: -9.35	 population of target: 3.99949666113049
1RDM: 
     1.99999996499948 -3.88715808736731e-07  9.39397758567786e-06 -6.22785954660995e-05  0.000127855731060593 -1.63613181305537e-17  3.13347888695338e-17  3.23886235146004e-17  1.68996004804801e-17  -0.00016574904516926
-3.88715808736731e-07      1.99999268770958  7.63993932081091e-05 -0.000414953705999141   0.00212696603647826 -1.01894790206424e-16 -2.14693045504868e-17 -2.21634457336962e-17  1.05159817250816e-16  -0.00271409612755282
 9.39397758567786e-06  7.63993932081091e-05      1.99720445953552    0.0195031047477821    -0.026540247643701 -8.64191305408762e-17 -1.32659619517781e-16 -1.37658470140612e-16   9.1851534917922e-17    0.0348641645515883
-6.22785954660995e-05 -0.000414953705999141    0.0195031047477821      1.86049688851182     0.144365699901484  3.50983756336194e-16  1.91686040783192e-16  2.01595373932541e-16 -3.77944546215008e-16    -0.191971839840445
 0.000127855731060593   0.00212696603647826    -0.026540247643701     0.144365699901484      1.26418607386303 -2.56365289185727e-17   1.4041826404346e-16  1.35957547601651e-16  7.99951292951634e-17     0.938977610173524
-1.63613181305537e-17 -1.01894790206424e-16 -8.64191305408762e-17  3.50983756336194e-16 -2.56365289185727e-17      1.05158969823479  2.08875034596513e-15 -4.89779355151802e-07     0.980241831494953 -1.00469315312427e-17
 3.13347888695338e-17 -2.14693045504868e-17 -1.32659619517781e-16  1.91686040783192e-16   1.4041826404346e-16  2.08875034596513e-15      1.05158969950374    -0.980241831453055 -4.89779355307515e-07  1.37153996155871e-18
 3.23886235146004e-17 -2.21634457336962e-17 -1.37658470140612e-16  2.01595373932541e-16  1.35957547601651e-16 -4.89779355151802e-07    -0.980241831453055     0.986858272110788  1.41470401613881e-15  1.32407739183971e-17
 1.68996004804801e-17  1.05159817250816e-16   9.1851534917922e-17 -3.77944546215008e-16  7.99951292951634e-17     0.980241831494953 -4.89779355307515e-07  1.41470401613881e-15     0.986858273379737 -5.82115768359502e-17
 -0.00016574904516926  -0.00271409612755282    0.0348641645515883    -0.191971839840445     0.938977610173524 -1.00469315312427e-17  1.37153996155871e-18  1.32407739183971e-17 -5.82115768359502e-17      0.80122398215159
TOTAL ENERGY: -123.952241141023	 lambda: -9.3	 population of target: 3.9994970607068
1RDM: 
     1.99999996504417 -3.88358304424636e-07  9.38619727267602e-06 -6.22442598347482e-05  0.000127747190616603  -1.6285632568793e-17  3.11982061478692e-17  3.22476696809049e-17   1.6821478581276e-17 -0.000165618508176954
-3.88358304424636e-07      1.99999268942122  7.63518317824096e-05 -0.000414862275613851   0.00212661195082436 -1.01426593828024e-16 -2.14864311156865e-17  -2.2181316409584e-17  1.04676377542045e-16  -0.00271377354658695
 9.38619727267602e-06  7.63518317824096e-05      1.99720555009397    0.0194996463098516   -0.0265269958876597 -8.62323772235968e-17 -1.32650907796273e-16 -1.37650028891898e-16  9.16618961469243e-17    0.0348492204900539
-6.22442598347482e-05 -0.000414862275613851    0.0194996463098516      1.86049949792789     0.144352150572157  3.49799001321373e-16  1.91819581326676e-16  2.01733676019851e-16 -3.76743438246745e-16    -0.191966510140483
 0.000127747190616603   0.00212661195082436   -0.0265269958876597     0.144352150572157      1.26422869606377 -2.52810648944073e-17  1.40268901609911e-16  1.35810491299825e-16  7.97133393933762e-17     0.938968044661323
 -1.6285632568793e-17 -1.01426593828024e-16 -8.62323772235968e-17  3.49799001321373e-16 -2.52810648944073e-17      1.05159602946952  2.08869700854538e-15 -4.89779358142418e-07     0.980241837471324 -1.05212791007217e-17
 3.11982061478692e-17 -2.14864311156865e-17 -1.32650907796273e-16  1.91819581326676e-16  1.40268901609911e-16  2.08869700854538e-15      1.05159603073847    -0.980241837429414 -4.89779358297903e-07  1.73487350024178e-18
 3.22476696809049e-17  -2.2181316409584e-17 -1.37650028891898e-16  2.01733676019851e-16  1.35810491299825e-16 -4.89779358142418e-07    -0.980241837429414     0.986851496322199  1.41490773006713e-15  1.36088337072656e-17
  1.6821478581276e-17  1.04676377542045e-16  9.16618961469243e-17 -3.76743438246745e-16  7.97133393933762e-17     0.980241837471324 -4.89779358297903e-07  1.41490773006713e-15     0.986851497591142 -5.78339705152511e-17
-0.000165618508176954  -0.00271377354658695    0.0348492204900539    -0.191966510140483     0.938968044661323 -1.05212791007217e-17  1.73487350024178e-18  1.36088337072656e-17 -5.78339705152511e-17     0.801178547327681
TOTAL ENERGY: -123.952244921895	 lambda: -9.25	 population of target: 3.99949746835171
1RDM: 
     1.99999996508953 -3.87995484267597e-07  9.37831293206469e-06 -6.22094469938178e-05  0.000127636849976027 -1.62096971105886e-17  3.10611059814189e-17  3.21061820907356e-17  1.67430988374354e-17 -0.000165485773210289
-3.87995484267597e-07      1.99999269114253  7.63038060238772e-05   -0.0004147704133382   0.00212625528760398 -1.00958541796901e-16 -2.15034762337102e-17 -2.21991054591695e-17  1.04193086979629e-16  -0.00271344945029882
 9.37831293206469e-06  7.63038060238772e-05      1.99720665256319    0.0194961520329842   -0.0265135945821001 -8.60444005773897e-17 -1.32642385034549e-16 -1.37641791474385e-16  9.14710360328168e-17    0.0348341112042842
-6.22094469938178e-05   -0.0004147704133382    0.0194961520329842      1.86050210312431     0.144338531726812  3.48607195482652e-16  1.91957309552069e-16  2.01876314834352e-16 -3.75535351928069e-16    -0.191961254589634
 0.000127636849976027   0.00212625528760398   -0.0265135945821001     0.144338531726812       1.2642719255476 -2.49253967957655e-17  1.40121078634453e-16  1.35665123482221e-16  7.94325129836697e-17     0.938958328599502
-1.62096971105886e-17 -1.00958541796901e-16 -8.60444005773897e-17  3.48607195482652e-16 -2.49253967957655e-17      1.05160245201365  2.08863850771597e-15 -4.89779359464431e-07     0.980241840098651 -1.09957281074296e-17
 3.10611059814189e-17 -2.15034762337102e-17 -1.32642385034549e-16  1.91957309552069e-16  1.40121078634453e-16  2.08863850771597e-15       1.0516024532826    -0.980241840056735 -4.89779359619688e-07  2.09888922945939e-18
 3.21061820907356e-17 -2.21991054591695e-17 -1.37641791474385e-16  2.01876314834352e-16  1.35665123482221e-16 -4.89779359464431e-07    -0.980241840056735     0.986844629821433  1.41510556819942e-15  1.39775021258507e-17
 1.67430988374354e-17  1.04193086979629e-16  9.14710360328168e-17 -3.75535351928069e-16  7.94325129836697e-17     0.980241840098651 -4.89779359619688e-07  1.41510556819942e-15     0.986844631090381 -5.74578161961095e-17
-0.000165485773210289  -0.00271344945029882    0.0348341112042842    -0.191961254589634     0.938958328599502 -1.09957281074296e-17  2.09888922945939e-18  1.39775021258507e-17 -5.74578161961095e-17     0.801132496324793
TOTAL ENERGY: -123.95224875886	 lambda: -9.2	 population of target: 3.99949788428659
1RDM: 
     1.99999996513558 -3.87627242013828e-07  9.37032262922801e-06 -6.21741475996414e-05  0.000127524672713758 -1.61335154229238e-17   3.0923488389756e-17   3.1964160776042e-17  1.66644650442744e-17 -0.000165350795525069
-3.87627242013828e-07      1.99999269287371  7.62553074319878e-05 -0.000414678110985488   0.00212589599630522 -1.00490768573814e-16 -2.15203590076775e-17 -2.22167293196492e-17  1.03710084544754e-16  -0.00271312381092298
 9.37032262922801e-06  7.62553074319878e-05      1.99720776715447    0.0194926212615266   -0.0265000409567217 -8.58542911038287e-17 -1.32634590112365e-16 -1.37634315187066e-16  9.12780151563656e-17    0.0348188336621517
-6.21741475996414e-05 -0.000414678110985488    0.0194926212615266      1.86050470402981     0.144324841885023  3.47401578959961e-16  1.92103304901684e-16  2.02027508083133e-16  -3.7431330497013e-16    -0.191956074648834
 0.000127524672713758   0.00212589599630522   -0.0265000409567217     0.144324841885023      1.26431577496351 -2.45702314696788e-17  1.39975256639369e-16  1.35521923041921e-16  7.91534046966352e-17     0.938948458814824
-1.61335154229238e-17 -1.00490768573814e-16 -8.58542911038287e-17  3.47401578959961e-16 -2.45702314696788e-17      1.05160896779464  2.08858371369369e-15 -4.89779359077279e-07     0.980241839295194  -1.1469861044625e-17
  3.0923488389756e-17 -2.15203590076775e-17 -1.32634590112365e-16  1.92103304901684e-16  1.39975256639369e-16  2.08858371369369e-15       1.0516089690636    -0.980241839253269 -4.89779359232308e-07  2.46334786018085e-18
  3.1964160776042e-17 -2.22167293196492e-17 -1.37634315187066e-16  2.02027508083133e-16  1.35521923041921e-16 -4.89779359077279e-07    -0.980241839253269     0.986837670714531  1.41530518028539e-15  1.43465301491524e-17
 1.66644650442744e-17  1.03710084544754e-16  9.12780151563656e-17  -3.7431330497013e-16  7.91534046966352e-17     0.980241839295194 -4.89779359232308e-07  1.41530518028539e-15      0.98683767198348 -5.70835774272496e-17
-0.000165350795525069  -0.00271312381092298    0.0348188336621517    -0.191956074648834     0.938948458814824  -1.1469861044625e-17  2.46334786018085e-18  1.43465301491524e-17 -5.70835774272496e-17      0.80108581628673
TOTAL ENERGY: -123.952252653189	 lambda: -9.15	 population of target: 3.99949830874052
1RDM: 
     1.99999996518232 -3.87253467500289e-07  9.36222438579885e-06 -6.21383521271218e-05  0.000127410621155998 -1.60570864843711e-17  3.07853505373089e-17   3.1821602817572e-17   1.6585576150857e-17 -0.000165213528832434
-3.87253467500289e-07      1.99999269461495  7.62063271673594e-05 -0.000414585359685642   0.00212553402348049 -1.00023284232164e-16  -2.1537073804227e-17 -2.22341822198801e-17  1.03227380654955e-16  -0.00271279659796443
 9.36222438579885e-06  7.62063271673594e-05      1.99720889408404    0.0194890533240769     -0.02648633215499 -8.56619758041379e-17 -1.32627556728779e-16 -1.37627635078365e-16  9.10827588867801e-17    0.0348033847353844
-6.21383521271218e-05 -0.000414585359685642    0.0194890533240769      1.86050730059417     0.144311079532726  3.46181657572598e-16  1.92257863182228e-16  2.02187561943011e-16 -3.73076792698147e-16    -0.191950971829351
