Naturals in-correctTOTAL ENERGY: -123.606605149328	 lambda: -10	 population of target: 3.99999965173299
1RDM: 
     1.99999999108482  1.08823075207255e-07  1.45283099546726e-05 -2.63537437086428e-05   4.7987346177217e-05  1.56156459392199e-16 -8.89993706697766e-17 -8.91673700272564e-17  1.56310787411035e-16  4.87148887614569e-05
 1.08823075207255e-07      1.99999350884903 -0.000332093337440384  0.000603603732784197  0.000643103026718785  3.13334445684203e-16 -2.05928696845086e-16  -2.1022682005226e-16  3.11879417674227e-16  0.000650515092178736
 1.45283099546726e-05 -0.000332093337440384      1.97167694384767    0.0514115373511288   -0.0432765973548058 -2.88983780777291e-15  2.31295263485376e-15  2.73030350367765e-15 -2.69337861374228e-15   -0.0440002760540608
-2.63537437086428e-05  0.000603603732784197    0.0514115373511288      1.90667821700721    0.0779401540350654  5.15403827183671e-15 -4.33237482357358e-15 -5.08508029589285e-15  4.80012555574362e-15    0.0792452684913943
  4.7987346177217e-05  0.000643103026718785   -0.0432765973548058    0.0779401540350654      1.03622668412607 -1.31338208716771e-15 -3.91154520407585e-15  4.33181336231427e-15  2.63301199571848e-15    -0.977282327757661
 1.56156459392199e-16  3.13334445684203e-16 -2.88983780777291e-15  5.15403827183671e-15 -1.31338208716771e-15       1.0201061077594  9.82936408907484e-14  -0.00224489922963374    -0.980895449809162 -2.31994667170801e-15
-8.89993706697766e-17 -2.05928696845086e-16  2.31295263485376e-15 -4.33237482357358e-15 -3.91154520407585e-15  9.82936408907484e-14      1.02010610775938    -0.980895449809163   0.00224489922963388 -5.06337546800788e-15
-8.91673700272564e-17  -2.1022682005226e-16  2.73030350367765e-15 -5.08508029589285e-15  4.33181336231427e-15  -0.00224489922963374    -0.980895449809163      1.01809682594412 -9.84053912817179e-14  3.29237044958571e-15
 1.56310787411035e-16  3.11879417674227e-16 -2.69337861374228e-15  4.80012555574362e-15  2.63301199571848e-15    -0.980895449809162   0.00224489922963388 -9.84053912817179e-14       1.0180968259441  1.68338999435584e-15
 4.87148887614569e-05  0.000650515092178736   -0.0440002760540608    0.0792452684913943    -0.977282327757661 -2.31994667170801e-15 -5.06337546800788e-15  3.29237044958571e-15  1.68338999435584e-15      1.00901878767834
TOTAL ENERGY: -123.606605158645	 lambda: -9.95	 population of target: 3.99999965266701
1RDM: 
     1.99999999108339  1.08817979268967e-07  1.45290504315794e-05 -2.63551544282144e-05  4.79994380166137e-05  1.55538381966669e-16 -8.86513328377667e-17 -8.88205744357118e-17  1.55691221528936e-16  4.87272834855806e-05
 1.08817979268967e-07      1.99999350884835 -0.000332093478080672  0.000603603505857941  0.000643103574993232  3.12844406141656e-16 -2.05522601333335e-16 -2.09821869949298e-16   3.1138776325279e-16  0.000650516507437489
 1.45290504315794e-05 -0.000332093478080672      1.97167701304077     0.051411493670485   -0.0432759938446621 -2.88983274432802e-15  2.31273228479763e-15  2.73014764877675e-15 -2.69333578814214e-15   -0.0439998098224375
-2.63551544282144e-05  0.000603603505857941     0.051411493670485       1.9066781491356    0.0779403059650972  5.15411344502874e-15 -4.33202322454055e-15 -5.08485572888077e-15  4.80012761656908e-15    0.0792456858375548
 4.79994380166137e-05  0.000643103574993232   -0.0432759938446621    0.0779403059650972      1.03622890800341 -1.31314995587842e-15 -3.91129770369906e-15  4.33309313252948e-15  2.63384680799669e-15    -0.977282297004742
 1.55538381966669e-16  3.12844406141656e-16 -2.88983274432802e-15  5.15411344502874e-15 -1.31314995587842e-15      1.02010627609308  9.82930782593617e-14    -0.002244899229513    -0.980895449760175 -2.32011476819899e-15
-8.86513328377667e-17 -2.05522601333335e-16  2.31273228479763e-15 -4.33202322454055e-15 -3.91129770369906e-15  9.82930782593617e-14      1.02010627609306    -0.980895449760175   0.00224489922951314 -5.06288792452407e-15
-8.88205744357118e-17 -2.09821869949298e-16  2.73014764877675e-15 -5.08485572888077e-15  4.33309313252948e-15    -0.002244899229513    -0.980895449760175      1.01809665736331 -9.84048135996929e-14  3.29392309209245e-15
 1.55691221528936e-16   3.1138776325279e-16 -2.69333578814214e-15  4.80012761656908e-15  2.63384680799669e-15    -0.980895449760175   0.00224489922951314 -9.84048135996929e-14      1.01809665736329  1.68384109939035e-15
 4.87272834855806e-05  0.000650516507437489   -0.0439998098224375    0.0792456858375548    -0.977282297004742 -2.32011476819899e-15 -5.06288792452407e-15  3.29392309209245e-15  1.68384109939035e-15      1.00901656297587
TOTAL ENERGY: -123.606605168095	 lambda: -9.9	 population of target: 3.99999965361915
1RDM: 
     1.99999999108195  1.08812841989094e-07  1.45297965930299e-05  -2.6356576303683e-05  4.80116251824148e-05  1.54918050927454e-16 -8.83020383660084e-17 -8.84725278226012e-17  1.55069396107367e-16  4.87397766528399e-05
 1.08812841989094e-07      1.99999350884766 -0.000332093620344113  0.000603603275974744   0.00064310413116208  3.12354427079499e-16 -2.05116531973072e-16 -2.09416951754785e-16  3.10896166703874e-16  0.000650517942506636
 1.45297965930299e-05 -0.000332093620344113      1.97167708303222    0.0514114494865574   -0.0432753831966272 -2.88982762279766e-15  2.31251116264875e-15  2.72999185447373e-15 -2.69329242342677e-15   -0.0439993382189976
 -2.6356576303683e-05  0.000603603275974744    0.0514114494865574      1.90667808047536    0.0779404596087746  5.15418935712349e-15 -4.33167071195129e-15  -5.0846318791585e-15  4.80012948799064e-15    0.0792461082980069
 4.80116251824148e-05   0.00064310413116208   -0.0432753831966272    0.0779404596087746      1.03623116099328 -1.31291916620197e-15 -3.91105855164051e-15  4.33437804384423e-15  2.63468818963213e-15    -0.977282265844857
 1.54918050927454e-16  3.12354427079499e-16 -2.88982762279766e-15  5.15418935712349e-15 -1.31291916620197e-15      1.02010644663931  9.82938962980355e-14  -0.00224489922937701    -0.980895449708266 -2.32028951084882e-15
-8.83020383660084e-17 -2.05116531973072e-16  2.31251116264875e-15 -4.33167071195129e-15 -3.91105855164051e-15  9.82938962980355e-14       1.0201064466393    -0.980895449708266   0.00224489922937714 -5.06240573507481e-15
-8.84725278226012e-17 -2.09416951754785e-16  2.72999185447373e-15  -5.0846318791585e-15  4.33437804384423e-15  -0.00224489922937701    -0.980895449708266      1.01809648657119 -9.84039963936359e-14  3.29548430432087e-15
 1.55069396107367e-16  3.10896166703874e-16 -2.69329242342677e-15  4.80012948799064e-15  2.63468818963213e-15    -0.980895449708266   0.00224489922937714 -9.84039963936359e-14      1.01809648657117  1.68429368843846e-15
 4.87397766528399e-05  0.000650517942506636   -0.0439993382189976    0.0792461082980069    -0.977282265844857 -2.32028951084882e-15 -5.06240573507481e-15  3.29548430432087e-15  1.68429368843846e-15      1.00901430914865
TOTAL ENERGY: -123.606605177681	 lambda: -9.85	 population of target: 3.99999965458988
1RDM: 
     1.99999999108051   1.0880766291261e-07  1.45305485303717e-05 -2.63580095162082e-05  4.80239090514863e-05   1.5429545368534e-16 -8.79514802492991e-17 -8.81232232339315e-17   1.5444529851425e-16  4.87523696949733e-05
  1.0880766291261e-07      1.99999350884696 -0.000332093764273491   0.00060360304310427  0.000643104695324336  3.11864508640151e-16 -2.04710489491597e-16 -2.09012066316805e-16  3.10404628115176e-16  0.000650519397730554
 1.45305485303717e-05 -0.000332093764273491      1.97167715383597    0.0514114047905751   -0.0432747652824612 -2.88982243363266e-15  2.31228927891893e-15  2.72983614752343e-15 -2.69324850074648e-15   -0.0439988611498287
-2.63580095162082e-05   0.00060360304310427    0.0514114047905751      1.90667801101261    0.0779406149936284  5.15426600509888e-15 -4.33131731226148e-15 -5.08440880482276e-15  4.80013114909996e-15    0.0792465359661303
 4.80239090514863e-05  0.000643104695324336   -0.0432747652824612    0.0779406149936284      1.03623344367176 -1.31268974529756e-15 -3.91082791479284e-15  4.33566819598141e-15  2.63553626983961e-15    -0.977282234269804
  1.5429545368534e-16  3.11864508640151e-16 -2.88982243363266e-15  5.15426600509888e-15 -1.31268974529756e-15      1.02010661944165  9.82955116465529e-14  -0.00224489922922653    -0.980895449653374 -2.32047103175601e-15
-8.79514802492991e-17 -2.04710489491597e-16  2.31228927891893e-15 -4.33131731226148e-15 -3.91082791479284e-15  9.82955116465529e-14      1.02010661944164    -0.980895449653374   0.00224489922922667 -5.06192900724172e-15
-8.81232232339315e-17 -2.09012066316805e-16  2.72983614752343e-15 -5.08440880482276e-15  4.33566819598141e-15  -0.00224489922922653    -0.980895449653374      1.01809631352426 -9.84027618147302e-14  3.29705425399261e-15
  1.5444529851425e-16  3.10404628115176e-16 -2.69324850074648e-15  4.80013114909996e-15  2.63553626983961e-15    -0.980895449653374   0.00224489922922667 -9.84027618147302e-14      1.01809631352424  1.68474779016392e-15
 4.87523696949733e-05  0.000650519397730554   -0.0439988611498287    0.0792465359661303    -0.977282234269804 -2.32047103175601e-15 -5.06192900724172e-15  3.29705425399261e-15  1.68474779016392e-15      1.00901202562049
TOTAL ENERGY: -123.606605187406	 lambda: -9.8	 population of target: 3.99999965557971
1RDM: 
     1.99999999107905  1.08802441525871e-07  1.45313063349471e-05  -2.6359454247281e-05  4.80362910452898e-05  1.53670577559027e-16  -8.7599651436825e-17 -8.77726536711176e-17  1.53818916024829e-16  4.87650640898747e-05
 1.08802441525871e-07      1.99999350884625 -0.000332093909907388  0.000603602807205461  0.000643105267590904  3.11374650959857e-16 -2.04304474634852e-16 -2.08607214505526e-16  3.09913147566666e-16  0.000650520873472065
 1.45313063349471e-05 -0.000332093909907388       1.9716772254663    0.0514113595734949   -0.0432741399709266 -2.88981716694687e-15  2.31206664469914e-15  2.72968055568651e-15 -2.69320400067335e-15   -0.0439983785189259
 -2.6359454247281e-05  0.000603602807205461    0.0514113595734949      1.90667794073334     0.077940772147892   5.1543433856883e-15 -4.33096305306649e-15 -5.08418656593608e-15  4.80013257828179e-15    0.0792469689377355
 4.80362910452898e-05  0.000643105267590904   -0.0432741399709266     0.077940772147892         1.03623575663 -1.31246172104437e-15 -3.91060596448538e-15  4.33696369129992e-15  2.63639118126243e-15    -0.977282202271179
 1.53670577559027e-16  3.11374650959857e-16 -2.88981716694687e-15   5.1543433856883e-15 -1.31246172104437e-15      1.02010679454487  9.82881505490029e-14  -0.00224489922906178    -0.980895449595472 -2.32065946653409e-15
 -8.7599651436825e-17 -2.04304474634852e-16  2.31206664469914e-15 -4.33096305306649e-15 -3.91060596448538e-15  9.82881505490029e-14      1.02010679454485    -0.980895449595473   0.00224489922906191 -5.06145785147982e-15
-8.77726536711176e-17 -2.08607214505526e-16  2.72968055568651e-15 -5.08418656593608e-15  4.33696369129992e-15  -0.00224489922906178    -0.980895449595473       1.0180961381777 -9.83980943941791e-14  3.29863311325986e-15
 1.53818916024829e-16  3.09913147566666e-16 -2.69320400067335e-15  4.80013257828179e-15  2.63639118126243e-15    -0.980895449595472   0.00224489922906191 -9.83980943941791e-14      1.01809613817769  1.68520343398082e-15
 4.87650640898747e-05  0.000650520873472065   -0.0439983785189259    0.0792469689377355    -0.977282202271179 -2.32065946653409e-15 -5.06145785147982e-15  3.29863311325986e-15  1.68520343398082e-15      1.00900971180006
TOTAL ENERGY: -123.606605197272	 lambda: -9.75	 population of target: 3.9999996565891
1RDM: 
     1.99999999107757  1.08797177274673e-07  1.45320700988375e-05 -2.63609106800907e-05  4.80487726249433e-05  1.53043409776949e-16 -8.72465448212656e-17 -8.74208120800454e-17  1.53190235823474e-16  4.87778613566234e-05
 1.08797177274673e-07      1.99999350884552 -0.000332094057283528  0.000603602568232579  0.000643105848077545  3.10884854227393e-16 -2.03898488015674e-16  -2.0820239706122e-16   3.0942172518898e-16  0.000650522370105601
 1.45320700988375e-05 -0.000332094057283528      1.97167729793776    0.0514113138261301   -0.0432735071275927 -2.88981181472783e-15  2.31184326575531e-15   2.7295251018271e-15 -2.69315890539263e-15   -0.0439978902280252
-2.63609106800907e-05  0.000603602568232579    0.0514113138261301      1.90667786962311    0.0779409311003211  5.15442149932358e-15 -4.33060795260239e-15 -5.08396521403315e-15  4.80013375712172e-15    0.0792474073109393
 4.80487726249433e-05  0.000643105848077545   -0.0432735071275927    0.0779409311003211      1.03623810047482 -1.31223512190162e-15 -3.91039287620103e-15  4.33826463531406e-15  2.63725306024975e-15    -0.977282169840333
 1.53043409776949e-16  3.10884854227393e-16 -2.88981181472783e-15  5.15442149932358e-15 -1.31223512190162e-15      1.02010697199505  9.82973858333786e-14  -0.00224489922888267    -0.980895449534504 -2.32085495427126e-15
-8.72465448212656e-17 -2.03898488015674e-16  2.31184326575531e-15 -4.33060795260239e-15 -3.91039287620103e-15  9.82973858333786e-14      1.02010697199503    -0.980895449534504    0.0022448992288828 -5.06099238080027e-15
-8.74208120800454e-17  -2.0820239706122e-16   2.7295251018271e-15 -5.08396521403315e-15  4.33826463531406e-15  -0.00224489922888267    -0.980895449534504      1.01809596048543 -9.84077019226519e-14  3.30022105926744e-15
 1.53190235823474e-16   3.0942172518898e-16 -2.69315890539263e-15  4.80013375712172e-15  2.63725306024975e-15    -0.980895449534504    0.0022448992288828 -9.84077019226519e-14      1.01809596048542  1.68566065023581e-15
 4.87778613566234e-05  0.000650522370105601   -0.0439978902280252    0.0792474073109393    -0.977282169840333 -2.32085495427126e-15 -5.06099238080027e-15  3.30022105926744e-15  1.68566065023581e-15      1.00900736708037
TOTAL ENERGY: -123.606605207284	 lambda: -9.7	 population of target: 3.99999965761863
1RDM: 
      1.9999999910761     1.08791869585e-07  1.45328399157295e-05 -2.63623790011192e-05  4.80613552859735e-05  1.52413937477048e-16 -8.68921532332549e-17 -8.70676913454982e-17  1.52559245003454e-16  4.87907630501989e-05
    1.08791869585e-07      1.99999350884478 -0.000332094206442145  0.000603602326141357  0.000643106436900548  3.10395118704221e-16 -2.03492530066364e-16 -2.07797614546808e-16  3.08930361183447e-16  0.000650523888013102
 1.45328399157295e-05 -0.000332094206442145      1.97167737126526    0.0514112675390671    -0.043272866614782 -2.88980637155704e-15  2.31161914061277e-15  2.72936980200814e-15 -2.69311319941086e-15   -0.0439973961765773
-2.63623790011192e-05  0.000603602326141357    0.0514112675390671      1.90667779766725    0.0779410918802722  5.15450035142407e-15 -4.33025201635059e-15 -5.08374478874701e-15  4.80013467167257e-15    0.0792478511862948
 4.80613552859735e-05  0.000643106436900548    -0.043272866614782    0.0779410918802722      1.03624047582928 -1.31200997687226e-15 -3.91018882957453e-15  4.33957113694194e-15  2.63812204703697e-15    -0.977282136968382
 1.52413937477048e-16  3.10395118704221e-16 -2.88980637155704e-15  5.15450035142407e-15 -1.31200997687226e-15      1.02010715183956  9.82940597123404e-14  -0.00224489922868897    -0.980895449470446 -2.32105763759258e-15
-8.68921532332549e-17 -2.03492530066364e-16  2.31161914061277e-15 -4.33025201635059e-15 -3.91018882957453e-15  9.82940597123404e-14      1.02010715183954    -0.980895449470446   0.00224489922868911 -5.06053271071897e-15
-8.70676913454982e-17 -2.07797614546808e-16  2.72936980200814e-15 -5.08374478874701e-15  4.33957113694194e-15  -0.00224489922868897    -0.980895449470446      1.01809578040006 -9.84022862674437e-14  3.30181827445903e-15
 1.52559245003454e-16  3.08930361183447e-16 -2.69311319941086e-15  4.80013467167257e-15  2.63812204703697e-15    -0.980895449470446   0.00224489922868911 -9.84022862674437e-14      1.01809578040004  1.68611947029409e-15
 4.87907630501989e-05  0.000650523888013102   -0.0439973961765773    0.0792478511862948    -0.977282136968382 -2.32105763759258e-15 -5.06053271071897e-15  3.30181827445903e-15  1.68611947029409e-15      1.00900499083825
TOTAL ENERGY: -123.606605217444	 lambda: -9.65	 population of target: 3.99999965866876
1RDM: 
      1.9999999910746  1.08786517860516e-07  1.45336158808548e-05 -2.63638594000447e-05   4.8074040559654e-05  1.51782147706679e-16  -8.6536469439281e-17 -8.67132842890801e-17  1.51925930566817e-16  4.88037707628738e-05
 1.08786517860516e-07      1.99999350884402 -0.000332094357425839  0.000603602080888764  0.000643107034175177  3.09905444738228e-16 -2.03086601003214e-16 -2.07392867312421e-16  3.08439055835697e-16  0.000650525427582765
 1.45336158808548e-05 -0.000332094357425839      1.97167744546402    0.0514112207026789   -0.0432722182914585 -2.88980083512469e-15  2.31139425917376e-15  2.72921466412116e-15 -2.69306687005895e-15    -0.043996896261668
-2.63638594000447e-05  0.000603602080888764    0.0514112207026789      1.90667772485069    0.0779412545176888  5.15457995332033e-15 -4.32989523459064e-15 -5.08352531538574e-15  4.80013531335637e-15     0.079248300666839
  4.8074040559654e-05  0.000643107034175177   -0.0432722182914585    0.0779412545176888      1.03624288333322 -1.31178631549955e-15 -3.90999400846745e-15  4.34088330868552e-15  2.63899828589845e-15    -0.977282103646185
 1.51782147706679e-16  3.09905444738228e-16 -2.88980083512469e-15  5.15457995332033e-15 -1.31178631549955e-15      1.02010733412708  9.82916950046836e-14  -0.00224489922848058    -0.980895449403247 -2.32126766275843e-15
 -8.6536469439281e-17 -2.03086601003214e-16  2.31139425917376e-15 -4.32989523459064e-15 -3.90999400846745e-15  9.82916950046836e-14      1.02010733412707    -0.980895449403247   0.00224489922848071 -5.06007895927817e-15
-8.67132842890801e-17 -2.07392867312421e-16  2.72921466412116e-15 -5.08352531538574e-15  4.34088330868552e-15  -0.00224489922848058    -0.980895449403247      1.01809559787285 -9.84006738638739e-14  3.30342494681971e-15
 1.51925930566817e-16  3.08439055835697e-16 -2.69306687005895e-15  4.80013531335637e-15  2.63899828589845e-15    -0.980895449403247   0.00224489922848071 -9.84006738638739e-14      1.01809559787283  1.68657992659492e-15
 4.88037707628738e-05  0.000650525427582765    -0.043996896261668     0.079248300666839    -0.977282103646185 -2.32126766275843e-15 -5.06007895927817e-15  3.30342494681971e-15  1.68657992659492e-15       1.0090025824337
TOTAL ENERGY: -123.606605227756	 lambda: -9.6	 population of target: 3.99999965974013
1RDM: 
     1.99999999107309  1.08781121491068e-07   1.4534398091406e-05 -2.63653520705139e-05  4.80868300116563e-05  1.51148027421587e-16 -8.61794861405276e-17 -8.63575836680649e-17  1.51290279423358e-16  4.88168861228827e-05
 1.08781121491068e-07      1.99999350884326 -0.000332094510281415  0.000603601832436326  0.000643107640013905  3.09415832763263e-16 -2.02680700830648e-16 -2.06988155499657e-16  3.07947809515162e-16  0.000650526989207549
  1.4534398091406e-05 -0.000332094510281415      1.97167752054968    0.0514111733070881   -0.0432715620131507 -2.88979520618379e-15  2.31116860283044e-15  2.72905968801528e-15 -2.69301990743735e-15   -0.0439963903779719
-2.63653520705139e-05  0.000603601832436326    0.0514111733070881      1.90667765115812    0.0779414190431469  5.15466032218019e-15 -4.32953758261526e-15 -5.08330680517815e-15  4.80013567887332e-15    0.0792487558581969
 4.80868300116563e-05  0.000643107640013905   -0.0432715620131507    0.0779414190431469       1.0362453236439 -1.31156416789502e-15 -3.90980860113838e-15  4.34220126672724e-15  2.63988192527622e-15    -0.977282069864391
 1.51148027421587e-16  3.09415832763263e-16 -2.88979520618379e-15  5.15466032218019e-15 -1.31156416789502e-15      1.02010751890766  9.82962786501158e-14  -0.00224489922825775    -0.980895449332888   -2.321485179797e-15
-8.61794861405276e-17 -2.02680700830648e-16  2.31116860283044e-15 -4.32953758261526e-15 -3.90980860113838e-15  9.82962786501158e-14      1.02010751890764    -0.980895449332888   0.00224489922825789  -5.0596312471565e-15
-8.63575836680649e-17 -2.06988155499657e-16  2.72905968801528e-15 -5.08330680517815e-15  4.34220126672724e-15  -0.00224489922825775    -0.980895449332888      1.01809541285375 -9.84071507093208e-14  3.30504127004168e-15
 1.51290279423358e-16  3.07947809515162e-16 -2.69301990743735e-15  4.80013567887332e-15  2.63988192527622e-15    -0.980895449332888   0.00224489922825789 -9.84071507093208e-14      1.01809541285373  1.68704205268022e-15
 4.88168861228827e-05  0.000650526989207549   -0.0439963903779719    0.0792487558581969    -0.977282069864391   -2.321485179797e-15  -5.0596312471565e-15  3.30504127004168e-15  1.68704205268022e-15      1.00900014120928
TOTAL ENERGY: -123.606605238222	 lambda: -9.55	 population of target: 3.99999966083323
1RDM: 
     1.99999999107156  1.08775679854031e-07  1.45351866467093e-05 -2.63668572104704e-05  4.80997252428922e-05  1.50511563485244e-16  -8.5821195971777e-17 -8.60005821743232e-17  1.50652278389934e-16  4.88301107953144e-05
 1.08775679854031e-07      1.99999350884247 -0.000332094665060221  0.000603601580750705  0.000643108254525731  3.08926283303742e-16 -2.02274829329706e-16  -2.0658347903017e-16  3.07456622679584e-16  0.000650528573284806
 1.45351866467093e-05 -0.000332094665060221      1.97167759653815    0.0514111253422129   -0.0432708976318325 -2.88978948871759e-15  2.31094214400613e-15  2.72890486505365e-15 -2.69297230457311e-15   -0.0439958784176671
-2.63668572104704e-05  0.000603601580750705    0.0514111253422129      1.90667757657375    0.0779415854878532  5.15474148131319e-15 -4.32917901993178e-15 -5.08308925450482e-15   4.8001357704866e-15    0.0792492168686437
 4.80997252428922e-05  0.000643108254525731   -0.0432708976318325    0.0779415854878532       1.0362477974366  -1.3113435647494e-15 -3.90963280037756e-15  4.34352513107112e-15  2.64077311793045e-15    -0.977282035613338
 1.50511563485244e-16  3.08926283303742e-16 -2.88978948871759e-15  5.15474148131319e-15  -1.3113435647494e-15      1.02010770623269  9.83019380711093e-14  -0.00224489922802094    -0.980895449259316  -2.3217103426246e-15
 -8.5821195971777e-17 -2.02274829329706e-16  2.31094214400613e-15 -4.32917901993178e-15 -3.90963280037756e-15  9.83019380711093e-14      1.02010770623267    -0.980895449259316   0.00224489922802107 -5.05918969774276e-15
-8.60005821743232e-17  -2.0658347903017e-16  2.72890486505365e-15 -5.08308925450482e-15  4.34352513107112e-15  -0.00224489922802094    -0.980895449259316      1.01809522529131  -9.8406345656349e-14  3.30666744373565e-15
 1.50652278389934e-16  3.07456622679584e-16 -2.69297230457311e-15   4.8001357704866e-15  2.64077311793045e-15    -0.980895449259316   0.00224489922802107  -9.8406345656349e-14      1.01809522529129  1.68750588324058e-15
 4.88301107953144e-05  0.000650528573284806   -0.0439958784176671    0.0792492168686437    -0.977282035613338  -2.3217103426246e-15 -5.05918969774276e-15  3.30666744373565e-15  1.68750588324058e-15      1.00899766648956
TOTAL ENERGY: -123.606605248847	 lambda: -9.5	 population of target: 3.99999966194873
1RDM: 
     1.99999999107003  1.08770192299068e-07  1.45359816476733e-05 -2.63683750211646e-05   4.8112727894728e-05   1.4987274266603e-16 -8.54615915085057e-17 -8.56422724414939e-17  1.50011914187637e-16  4.88434464874341e-05
 1.08770192299068e-07      1.99999350884168 -0.000332094821816018  0.000603601325799808  0.000643108877818895  3.08436796931426e-16 -2.01868986169016e-16 -2.06178837717017e-16  3.06965495831938e-16  0.000650530180219358
 1.45359816476733e-05 -0.000332094821816018      1.97167767344583    0.0514110767977119   -0.0432702249958009 -2.88978368831219e-15  2.31071485045724e-15  2.72875018244035e-15 -2.69292405579086e-15   -0.0439953602703465
-2.63683750211646e-05  0.000603601325799808    0.0514110767977119       1.9066775010815    0.0779417538836344  5.15482345728577e-15 -4.32881949792255e-15 -5.08287265260535e-15  4.80013559313354e-15    0.0792496838091593
  4.8112727894728e-05  0.000643108877818895   -0.0432702249958009    0.0779417538836344      1.03625030540526 -1.31112453749333e-15 -3.90946680401988e-15  4.34485502531839e-15  2.64167202094941e-15    -0.977282000883141
  1.4987274266603e-16  3.08436796931426e-16 -2.88978368831219e-15  5.15482345728577e-15 -1.31112453749333e-15      1.02010789615502  9.82946738533697e-14  -0.00224489922777118    -0.980895449182503 -2.32194330931472e-15
-8.54615915085057e-17 -2.01868986169016e-16  2.31071485045724e-15 -4.32881949792255e-15 -3.90946680401988e-15  9.82946738533697e-14        1.020107896155    -0.980895449182504   0.00224489922777131 -5.05875443757001e-15
-8.56422724414939e-17 -2.06178837717017e-16  2.72875018244035e-15 -5.08287265260535e-15  4.34485502531839e-15  -0.00224489922777118    -0.980895449182504      1.01809503513267 -9.84066395395935e-14  3.30830367329518e-15
 1.50011914187637e-16  3.06965495831938e-16 -2.69292405579086e-15  4.80013559313354e-15  2.64167202094941e-15    -0.980895449182503   0.00224489922777131 -9.84066395395935e-14      1.01809503513265  1.68797145402168e-15
 4.88434464874341e-05  0.000650530180219358   -0.0439953602703465    0.0792496838091593    -0.977282000883141 -2.32194330931472e-15 -5.05875443757001e-15  3.30830367329518e-15  1.68797145402168e-15      1.00899515758044
TOTAL ENERGY: -123.606605259634	 lambda: -9.45	 population of target: 3.99999966308721
1RDM: 
     1.99999999106848  1.08764658137558e-07  1.45367831964967e-05 -2.63699057066405e-05  4.81258396532985e-05  1.49231551634898e-16 -8.51006652716209e-17 -8.52826470497872e-17  1.49369173439428e-16  4.88568949530953e-05
 1.08764658137558e-07      1.99999350884086 -0.000332094980603326  0.000603601067549706  0.000643109510004177  3.07947374236381e-16 -2.01463170979739e-16 -2.05774231339927e-16  3.06474429491434e-16  0.000650531810427181
 1.45367831964967e-05 -0.000332094980603326      1.97167775128943    0.0514110276630044   -0.0432695439495727 -2.88977781107332e-15  2.31048668816373e-15  2.72859562613401e-15 -2.69287515562474e-15   -0.0439948358229506
-2.63699057066405e-05  0.000603601067549706    0.0514110276630044       1.9066774246648    0.0779419242630246  5.15490627798978e-15  -4.3284589650171e-15  -5.0826569867948e-15  4.80013515248391e-15    0.0792501567935827
 4.81258396532985e-05  0.000643109510004177   -0.0432695439495727    0.0779419242630246      1.03625284826312 -1.31090711840009e-15 -3.90931081533416e-15  4.34619107657815e-15  2.64257879582301e-15    -0.977281965663605
 1.49231551634898e-16  3.07947374236381e-16 -2.88977781107332e-15  5.15490627798978e-15 -1.31090711840009e-15      1.02010808872897  9.82994172873785e-14   -0.0022448992275095    -0.980895449102393 -2.32218424231444e-15
-8.51006652716209e-17 -2.01463170979739e-16  2.31048668816373e-15  -4.3284589650171e-15 -3.90931081533416e-15  9.82994172873785e-14      1.02010808872895    -0.980895449102394   0.00224489922750964 -5.05832559662602e-15
-8.52826470497872e-17 -2.05774231339927e-16  2.72859562613401e-15  -5.0826569867948e-15  4.34619107657815e-15   -0.0022448992275095    -0.980895449102394      1.01809484232348 -9.84041097076233e-14  3.30995016989613e-15
 1.49369173439428e-16  3.06474429491434e-16 -2.69287515562474e-15  4.80013515248391e-15  2.64257879582301e-15    -0.980895449102393   0.00224489922750964 -9.84041097076233e-14      1.01809484232346  1.68843880178922e-15
 4.88568949530953e-05  0.000650531810427181   -0.0439948358229506    0.0792501567935827    -0.977281965663605 -2.32218424231444e-15 -5.05832559662602e-15  3.30995016989613e-15  1.68843880178922e-15      1.00899261376849
TOTAL ENERGY: -123.606605270587	 lambda: -9.4	 population of target: 3.99999966424931
1RDM: 
     1.99999999106692  1.08759076630624e-07   1.4537591396395e-05 -2.63714494732532e-05  4.81390622542413e-05  1.48587976962038e-16 -8.47384097348285e-17 -8.49216985334277e-17  1.48724042666798e-16  4.88704579975795e-05
 1.08759076630624e-07      1.99999350884003 -0.000332095141473475  0.000603600805957383  0.000643110151200251  3.07458015777647e-16  -2.0105738348064e-16  -2.0536965977082e-16  3.05983424144344e-16  0.000650533464341184
  1.4537591396395e-05 -0.000332095141473475      1.97167783008615    0.0514109779272402   -0.0432688543337656 -2.88977186179226e-15  2.31025762618707e-15  2.72844118573341e-15 -2.69282559698299e-15   -0.0439943049596851
-2.63714494732532e-05  0.000603600805957383    0.0514109779272402      1.90667734730675    0.0779420966593123  5.15498996938525e-15 -4.32809737534409e-15 -5.08244225116771e-15  4.80013445167892e-15    0.0792506359387321
 4.81390622542413e-05  0.000643110151200251   -0.0432688543337656    0.0779420966593123      1.03625542674341 -1.31069134076163e-15 -3.90916504358879e-15  4.34753341521528e-15  2.64349360845226e-15    -0.977281929944265
 1.48587976962038e-16  3.07458015777647e-16 -2.88977186179226e-15  5.15498996938525e-15 -1.31069134076163e-15      1.02010828401037  9.82874672652682e-14  -0.00224489922723701    -0.980895449018945 -2.32243330873718e-15
-8.47384097348285e-17  -2.0105738348064e-16  2.31025762618707e-15 -4.32809737534409e-15 -3.90916504358879e-15  9.82874672652682e-14      1.02010828401035    -0.980895449018945   0.00224489922723714 -5.05790330883151e-15
-8.49216985334277e-17  -2.0536965977082e-16  2.72844118573341e-15 -5.08244225116771e-15  4.34753341521528e-15  -0.00224489922723701    -0.980895449018945      1.01809464680789 -9.84052015824538e-14  3.31160715034268e-15
 1.48724042666798e-16  3.05983424144344e-16 -2.69282559698299e-15  4.80013445167892e-15  2.64349360845226e-15    -0.980895449018945   0.00224489922723714 -9.84052015824538e-14      1.01809464680787  1.68890796422703e-15
 4.88704579975795e-05  0.000650533464341184   -0.0439943049596851    0.0792506359387321    -0.977281929944265 -2.32243330873718e-15 -5.05790330883151e-15  3.31160715034268e-15  1.68890796422703e-15      1.00899003432031
TOTAL ENERGY: -123.606605281709	 lambda: -9.35	 population of target: 3.9999996654357
1RDM: 
     1.99999999106535  1.08753446980247e-07  1.45384063515171e-05 -2.63730065295352e-05  4.81523974869171e-05  1.47942005113769e-16 -8.43748173307163e-17 -8.45594193868099e-17  1.48076508286634e-16  4.88841374819187e-05
 1.08753446980247e-07      1.99999350883919 -0.000332095304470061  0.000603600540962411  0.000643110801535817  3.06968722041188e-16 -2.00651623583306e-16  -2.0496512307942e-16  3.05492480202046e-16   0.00065053514241374
 1.45384063515171e-05 -0.000332095304470061      1.97167790985357    0.0514109275792974   -0.0432681559848241 -2.88976584239995e-15  2.31002764075679e-15  2.72828685858975e-15 -2.69277536959922e-15   -0.0439937675617846
-2.63730065295352e-05  0.000603600540962411    0.0514109275792974      1.90667726898994    0.0779422711063655  5.15507455274777e-15  -4.3277346960234e-15 -5.08222845393968e-15  4.80013348857187e-15    0.0792511213643008
 4.81523974869171e-05  0.000643110801535817   -0.0432681559848241    0.0779422711063655      1.03625804160004 -1.31047723903883e-15 -3.90902970456009e-15  4.34888217466875e-15  2.64441662919129e-15    -0.977281893714367
 1.47942005113769e-16  3.06968722041188e-16 -2.88976584239995e-15  5.15507455274777e-15 -1.31047723903883e-15      1.02010848205667  9.82983598272216e-14  -0.00224489922695431    -0.980895448932092 -2.32269068063485e-15
-8.43748173307163e-17 -2.00651623583306e-16  2.31002764075679e-15  -4.3277346960234e-15 -3.90902970456009e-15  9.82983598272216e-14      1.02010848205665    -0.980895448932092   0.00224489922695444  -5.0574877124595e-15
-8.45594193868099e-17  -2.0496512307942e-16  2.72828685858975e-15 -5.08222845393968e-15  4.34888217466875e-15  -0.00224489922695431    -0.980895448932092      1.01809444852846 -9.84083789876692e-14  3.31327483698546e-15
 1.48076508286634e-16  3.05492480202046e-16 -2.69277536959922e-15  4.80013348857187e-15  2.64441662919129e-15    -0.980895448932092   0.00224489922695444 -9.84083789876692e-14      1.01809444852844  1.68937897986251e-15
 4.88841374819187e-05   0.00065053514241374   -0.0439937675617846    0.0792511213643008    -0.977281893714367 -2.32269068063485e-15  -5.0574877124595e-15  3.31327483698546e-15  1.68937897986251e-15      1.00898741848176
TOTAL ENERGY: -123.606605293005	 lambda: -9.3	 population of target: 3.99999966664705
1RDM: 
     1.99999999106376  1.08747768330827e-07  1.45392281674288e-05 -2.63745770870942e-05  4.81658471962036e-05  1.47293622448968e-16 -8.40098804563615e-17 -8.41958020701573e-17  1.47426556607643e-16  4.88979353247607e-05
 1.08747768330827e-07      1.99999350883833 -0.000332095469623861  0.000603600272477567  0.000643111461159886  3.06479493392885e-16 -2.00245891513272e-16 -2.04560621654864e-16  3.05001597954132e-16  0.000650536845127465
 1.45392281674288e-05 -0.000332095469623861      1.97167799060975    0.0514108766077696    -0.043267448735084 -2.88975975022372e-15  2.30979671995112e-15  2.72813265451788e-15 -2.69272445828579e-15   -0.0439932235076207
-2.63745770870942e-05  0.000603600272477567    0.0514108766077696      1.90667718969657    0.0779424476390533  5.15516004156846e-15  -4.3273709155036e-15 -5.08201562584247e-15  4.80013225262042e-15    0.0792516131933637
 4.81658471962036e-05  0.000643111461159886    -0.043267448735084    0.0779424476390533      1.03626069360834 -1.31026484902477e-15 -3.90890502108943e-15  4.35023749123576e-15  2.64534803288557e-15    -0.977281856962832
 1.47293622448968e-16  3.06479493392885e-16 -2.88975975022372e-15  5.15516004156846e-15 -1.31026484902477e-15      1.02010868292695  9.82980861697264e-14  -0.00224489922666132    -0.980895448841778 -2.32295653528818e-15
-8.40098804563615e-17 -2.00245891513272e-16  2.30979671995112e-15  -4.3273709155036e-15 -3.90890502108943e-15  9.82980861697264e-14      1.02010868292693    -0.980895448841778   0.00224489922666146 -5.05707895059763e-15
-8.41958020701573e-17 -2.04560621654864e-16  2.72813265451788e-15 -5.08201562584247e-15  4.35023749123576e-15  -0.00224489922666132    -0.980895448841778      1.01809424742609  -9.8411637850702e-14  3.31495345761191e-15
 1.47426556607643e-16  3.05001597954132e-16 -2.69272445828579e-15  4.80013225262042e-15  2.64534803288557e-15    -0.980895448841778   0.00224489922666146  -9.8411637850702e-14      1.01809424742607  1.68985188798375e-15
 4.88979353247607e-05  0.000650536845127465   -0.0439932235076207    0.0792516131933637    -0.977281856962832 -2.32295653528818e-15 -5.05707895059763e-15  3.31495345761191e-15  1.68985188798375e-15      1.00898476547729
TOTAL ENERGY: -123.606605304478	 lambda: -9.25	 population of target: 3.99999966788405
1RDM: 
     1.99999999106214  1.08742039784594e-07  1.45400569520521e-05 -2.63761613623406e-05  4.81794132801366e-05  1.46642815217004e-16 -8.36435914729294e-17 -8.38308390091309e-17  1.46774173828275e-16  4.89118535000317e-05
 1.08742039784594e-07      1.99999350883744 -0.000332095636951326  0.000603600000386008  0.000643112130237339  3.05990330064828e-16 -1.99840187844448e-16 -2.04156156240346e-16   3.0451077755469e-16  0.000650538572991097
 1.45400569520521e-05 -0.000332095636951326      1.97167807237321    0.0514108250009322   -0.0432667324124086 -2.88975357748018e-15    2.309564864994e-15  2.72797859711487e-15 -2.69267284241795e-15   -0.0439926726723809
-2.63761613623406e-05  0.000603600000386008    0.0514108250009322      1.90667710940835    0.0779426262929111  5.15524644065676e-15 -4.32700604587874e-15 -5.08180382248287e-15  4.80013072397214e-15    0.0792521115521246
 4.81794132801366e-05  0.000643112130237339   -0.0432667324124086    0.0779426262929111      1.03626338356583 -1.31005420792084e-15 -3.90879122340207e-15  4.35159950410904e-15  2.64628799900483e-15     -0.97728181967828
 1.46642815217004e-16  3.05990330064828e-16 -2.88975357748018e-15  5.15524644065676e-15 -1.31005420792084e-15      1.02010888668195  9.82974199582794e-14  -0.00224489922635714     -0.98089544874794 -2.32323105541924e-15
-8.36435914729294e-17 -1.99840187844448e-16    2.309564864994e-15 -4.32700604587874e-15 -3.90879122340207e-15  9.82974199582794e-14      1.02010888668194    -0.980895448747941   0.00224489922635727 -5.05667717138091e-15
-8.38308390091309e-17 -2.04156156240346e-16  2.72797859711487e-15 -5.08180382248287e-15  4.35159950410904e-15  -0.00224489922635714    -0.980895448747941      1.01809404344001  -9.8404471464596e-14  3.31664324558187e-15
 1.46774173828275e-16   3.0451077755469e-16 -2.69267284241795e-15  4.80013072397214e-15  2.64628799900483e-15     -0.98089544874794   0.00224489922635727  -9.8404471464596e-14      1.01809404343999  1.69032672864194e-15
 4.89118535000317e-05  0.000650538572991097   -0.0439926726723809    0.0792521115521246     -0.97728181967828 -2.32323105541924e-15 -5.05667717138091e-15  3.31664324558187e-15  1.69032672864194e-15      1.00898207450913
TOTAL ENERGY: -123.606605316133	 lambda: -9.2	 population of target: 3.99999966914748
1RDM: 
     1.99999999106053  1.08736260415994e-07  1.45408928165379e-05 -2.63777595780901e-05  4.81930976876807e-05  1.45989569557303e-16 -8.32759427013797e-17 -8.34645225905372e-17  1.46119346036275e-16  4.89258940347299e-05
 1.08736260415994e-07      1.99999350883655 -0.000332095806453676  0.000603599724539421  0.000643112808951278  3.05501232170468e-16 -1.99434513460395e-16 -2.03751727894507e-16  3.04020019037283e-16  0.000650540326542205
 1.45408928165379e-05 -0.000332095806453676      1.97167815516299    0.0514107727467629   -0.0432660068401453 -2.88974731185372e-15  2.30933208873856e-15  2.72782472226335e-15 -2.69262049649664e-15   -0.0439921149280743
-2.63777595780901e-05  0.000603599724539421    0.0514107727467629      1.90667702810657    0.0779428071043409  5.15533374718534e-15 -4.32664012018713e-15 -5.08159312167998e-15  4.80012887447974e-15     0.079252616570209
 4.81930976876807e-05  0.000643112808951278   -0.0432660068401453    0.0779428071043409      1.03626611229308 -1.30984535433077e-15 -3.90868854922786e-15  4.35296835562732e-15  2.64723671186644e-15    -0.977281781849017
 1.45989569557303e-16  3.05501232170468e-16 -2.88974731185372e-15  5.15533374718534e-15 -1.30984535433077e-15      1.02010909338421  9.83028072794835e-14   -0.0022448992260401    -0.980895448650531 -2.32351442933319e-15
-8.32759427013797e-17 -1.99434513460395e-16  2.30933208873856e-15 -4.32664012018713e-15 -3.90868854922786e-15  9.83028072794835e-14      1.02010909338419    -0.980895448650531   0.00224489922604023 -5.05628252803364e-15
-8.34645225905372e-17 -2.03751727894507e-16  2.72782472226335e-15 -5.08159312167998e-15  4.35296835562732e-15   -0.0022448992260401    -0.980895448650531      1.01809383650772 -9.84178480229406e-14  3.31834444016905e-15
 1.46119346036275e-16  3.04020019037283e-16 -2.69262049649664e-15  4.80012887447974e-15  2.64723671186644e-15    -0.980895448650531   0.00224489922604023 -9.84178480229406e-14       1.0180938365077   1.6908035427334e-15
 4.89258940347299e-05  0.000650540326542205   -0.0439921149280743     0.079252616570209    -0.977281781849017 -2.32351442933319e-15 -5.05628252803364e-15  3.31834444016905e-15   1.6908035427334e-15      1.00897934475649
TOTAL ENERGY: -123.606605327974	 lambda: -9.15	 population of target: 3.99999967043806
1RDM: 
      1.9999999910589  1.08730429294287e-07   1.4541735876291e-05 -2.63793719654493e-05  4.82069024137975e-05  1.45333871499701e-16 -8.29069264149316e-17 -8.30968451547734e-17  1.45462059209023e-16  4.89400590039865e-05
 1.08730429294287e-07      1.99999350883564 -0.000332095978120893  0.000603599444765187  0.000643113497497712  3.05012199738341e-16  -1.9902886947117e-16 -2.03347337908257e-16  3.03529322348454e-16  0.000650542106342187
  1.4541735876291e-05 -0.000332095978120893      1.97167823899858    0.0514107198329238    -0.043265271836973 -2.88974093773268e-15  2.30909841237065e-15  2.72767107485184e-15 -2.69256739136537e-15   -0.0439915501434326
-2.63793719654493e-05  0.000603599444765187    0.0514107198329238      1.90667694577196     0.077942990110631  5.15542195290365e-15 -4.32627318655303e-15 -5.08138361764017e-15  4.80012666987872e-15    0.0792531283807857
