TOTAL ENERGY: -123.347938076019	 lambda: -10	 population of target: 4
1RDM: 
      1.9999746306355   0.00166138993984365  3.01789526991668e-05  4.61456602993509e-18 -1.20267978302333e-10 -4.05720605958743e-13 -3.76669039199369e-11 -2.14442022191409e-13  3.01475776516372e-15 -7.50853705613814e-17
  0.00166138993984365      1.88572591816754    -0.032391210419643 -5.13665604590616e-16  1.46648710787852e-08  5.32312065136199e-11  4.62955240590044e-09   5.4235748882465e-11 -7.38510988691185e-13 -2.35992988753048e-15
 3.01789526991668e-05    -0.032391210419643    0.0381188297451606 -1.21101486851196e-14  4.15672562205685e-07   1.6409780407015e-09  1.32594462822658e-07 -1.98461286391581e-12  2.69553506602211e-14 -4.90164690872446e-13
 4.61456602993509e-18 -5.13665604590616e-16 -1.21101486851196e-14                     2   2.5851076884524e-21  1.00905148684947e-23  8.25265904702252e-22 -8.77448135095919e-19  1.41099993815432e-08  6.02475189799459e-27
-1.20267978302333e-10  1.46648710787852e-08  4.15672562205685e-07   2.5851076884524e-21      1.99999999999991 -3.49474505532676e-16 -2.82609066114612e-14 -9.78353833500283e-12  4.77620960933926e-16  3.30357079717752e-20
-4.05720605958743e-13  5.32312065136199e-11   1.6409780407015e-09  1.00905148684947e-23 -3.49474505532676e-16                     2 -1.11466935234009e-16  1.34753267559704e-14  1.90900763711029e-17  5.05426764944327e-22
-3.76669039199369e-11  4.62955240590044e-09  1.32594462822658e-07  8.25265904702252e-22 -2.82609066114612e-14 -1.11466935234009e-16      1.99999999999999  2.34801994173596e-14 -1.56001015351913e-17  3.31724554112824e-20
-2.14442022191409e-13   5.4235748882465e-11 -1.98461286391581e-12 -8.77448135095919e-19 -9.78353833500283e-12  1.34753267559704e-14  2.34801994173596e-14    0.0380903107270108  4.26662206271626e-23 -1.41193912790201e-08
 3.01475776516372e-15 -7.38510988691185e-13  2.69553506602211e-14  1.41099993815432e-08  4.77620960933926e-16  1.90900763711029e-17 -1.56001015351913e-17  4.26662206271626e-23    0.0380903107248792  8.85067114805367e-22
-7.50853705613814e-17 -2.35992988753048e-15 -4.90164690872446e-13  6.02475189799459e-27  3.30357079717752e-20  5.05426764944327e-22  3.31724554112824e-20 -1.41193912790201e-08  8.85067114805367e-22                     2
TOTAL ENERGY: -123.347938076019	 lambda: -9.95	 population of target: 4.00000000000001
1RDM: 
     1.99997463063537   0.00166138994957296  3.01789493250518e-05  2.27498452132492e-18 -1.21012424947809e-10 -4.06995461351967e-13  -3.7878296876464e-11 -1.23455515278689e-12  1.74083130572743e-14 -7.34855751769352e-17
  0.00166138994957296       1.8857259173754   -0.0323912104347946  1.09958421953505e-15   1.4758520639132e-08  5.33925341340376e-11  4.65631136267692e-09  3.24718021015501e-10 -4.55452940595319e-12 -1.35872329247923e-14
 3.01789493250518e-05   -0.0323912104347946     0.038118829983118  7.65369142544548e-14  4.18426734808895e-07  1.64574881401259e-09  1.33387186696018e-07 -1.42514396625129e-11  1.99957991432168e-13 -1.17272868982862e-12
 2.27498452132492e-18  1.09958421953505e-15  7.65369142544548e-14                     2 -1.63371213869435e-20 -6.46248042284656e-23 -5.20138510324482e-21 -5.39412306730364e-18  1.41957289790551e-08  3.84174739780685e-27
-1.21012424947809e-10   1.4758520639132e-08  4.18426734808895e-07 -1.63371213869435e-20      1.99999999999991 -3.52812452273872e-16 -2.86180976486191e-14  -9.4665212538582e-12  4.25981560552094e-15  1.81164438375664e-19
-4.06995461351967e-13  5.33925341340376e-11  1.64574881401259e-09 -6.46248042284656e-23 -3.52812452273872e-16                     2 -1.12459262539846e-16  1.99327845762789e-14  6.30139605161028e-17  1.12678756697563e-21
 -3.7878296876464e-11  4.65631136267692e-09  1.33387186696018e-07 -5.20138510324482e-21 -2.86180976486191e-14 -1.12459262539846e-16      1.99999999999999   5.4830025000239e-14  2.30844734715726e-16  8.00022819302806e-20
-1.23455515278689e-12  3.24718021015501e-10 -1.42514396625129e-11 -5.39412306730364e-18  -9.4665212538582e-12  1.99327845762789e-14   5.4830025000239e-14    0.0380903110009193 -1.04291908224981e-21 -1.42051244245546e-08
 1.74083130572743e-14 -4.55452940595319e-12  1.99957991432168e-13  1.41957289790551e-08  4.25981560552094e-15  6.30139605161028e-17  2.30844734715726e-16 -1.04291908224981e-21    0.0380903110052869  6.51296042407851e-22
-7.34855751769352e-17 -1.35872329247923e-14 -1.17272868982862e-12  3.84174739780685e-27  1.81164438375664e-19  1.12678756697563e-21  8.00022819302806e-20 -1.42051244245546e-08  6.51296042407851e-22                     2
TOTAL ENERGY: -123.347938076019	 lambda: -9.9	 population of target: 4
1RDM: 
     1.99997463063539   0.00166138994649928  3.01789428689244e-05 -5.78316386236737e-18 -1.21765698280906e-10 -4.08349720571138e-13 -3.80914698177854e-11 -4.94895179646485e-12  6.94755649879095e-14 -4.98247738470533e-17
  0.00166138994649928      1.88572591744715   -0.0323912104526467  5.82831891593892e-15  1.48529778541856e-08  5.35527384592527e-11  4.68329327090271e-09  1.30833668623292e-09 -1.83428836717393e-11 -4.44474677235192e-14
 3.01789428689244e-05   -0.0323912104526467    0.0381188298694672  3.30995452100245e-13  4.21195408442906e-07  1.65009365982956e-09  1.34186338179088e-07 -5.86035254281424e-11  8.21849138449656e-13 -2.95673522438438e-12
-5.78316386236737e-18  5.82831891593892e-15  3.30995452100245e-13      1.99999999999999 -7.11138289257715e-20   -2.797365464502e-22 -2.26512920043103e-20 -1.78138022681147e-17  1.42703375102369e-08  8.03681983836185e-25
-1.21765698280906e-10  1.48529778541856e-08  4.21195408442906e-07 -7.11138289257715e-20       1.9999999999999 -3.56085081901505e-16 -2.89799182595041e-14 -8.63572346164632e-12  1.48408434256695e-14  5.71550693271461e-19
-4.08349720571138e-13  5.35527384592527e-11  1.65009365982956e-09   -2.797365464502e-22 -3.56085081901505e-16      1.99999999999999 -1.13431780208591e-16  3.56761291378986e-14  1.61078863645022e-16  2.74668889197349e-21
-3.80914698177854e-11  4.68329327090271e-09  1.34186338179088e-07 -2.26512920043103e-20 -2.89799182595041e-14 -1.13431780208591e-16      1.99999999999999  1.54664671156669e-13  1.04328427122514e-15  2.03255569378582e-19
-4.94895179646485e-12  1.30833668623292e-09 -5.86035254281424e-11 -1.78138022681147e-17 -8.63572346164632e-12  3.56761291378986e-14  1.54664671156669e-13    0.0380903110100948 -1.74924193653675e-20  -1.4279736437358e-08
 6.94755649879095e-14 -1.83428836717393e-11  8.21849138449656e-13  1.42703375102369e-08  1.48408434256695e-14  1.61078863645022e-16  1.04328427122514e-15 -1.74924193653675e-20    0.0380903110379822 -2.87444600983986e-22
-4.98247738470533e-17 -4.44474677235192e-14 -2.95673522438438e-12  8.03681983836185e-25  5.71550693271461e-19  2.74668889197349e-21  2.03255569378582e-19  -1.4279736437358e-08 -2.87444600983986e-22      1.99999999999999
TOTAL ENERGY: -123.347938076019	 lambda: -9.85	 population of target: 4.00000000000001
1RDM: 
     1.99997463063546   0.00166138994274075  3.01789444496743e-05 -5.74459136047067e-18  -1.2252826530614e-10 -4.09580019572304e-13 -3.83085576518909e-11 -4.78470801222908e-12  6.73529959768362e-14 -1.94915373949862e-17
  0.00166138994274075      1.88572591771741   -0.0323912104524141  4.64442734635472e-15  1.49495363564383e-08  5.37241235647698e-11  4.71079359976521e-09  1.26574298603473e-09 -1.77934955108207e-11 -3.39423364543186e-14
 3.01789444496743e-05   -0.0323912104524141    0.0381188297762398  2.58582535572936e-13  4.24055980829677e-07  1.65572291633823e-09   1.3500188295793e-07 -5.64635427189169e-11  7.93917867297232e-13 -2.16794565375183e-12
-5.74459136047067e-18  4.64442734635472e-15  2.58582535572936e-13                     2 -5.59540508942219e-20 -2.19178973319672e-22 -1.78049845200324e-20 -1.34525537658595e-17  1.43773748806977e-08   4.8163984550355e-25
 -1.2252826530614e-10  1.49495363564383e-08  4.24055980829677e-07 -5.59540508942219e-20      1.99999999999991 -3.59724731835009e-16 -2.93539025003428e-14 -9.00015580421109e-12   1.1355808147169e-14  4.02419551673566e-19
-4.09580019572304e-13  5.37241235647698e-11  1.65572291633823e-09 -2.19178973319672e-22 -3.59724731835009e-16                     2 -1.14510101597452e-16  2.67053464348796e-14  1.07763705385888e-16  2.02581652332339e-21
-3.83085576518909e-11  4.71079359976521e-09   1.3500188295793e-07 -1.78049845200324e-20 -2.93539025003428e-14 -1.14510101597452e-16      1.99999999999999  1.11005356835307e-13  7.17884350111667e-16  1.49950411461636e-19
-4.78470801222908e-12  1.26574298603473e-09 -5.64635427189169e-11 -1.34525537658595e-17 -9.00015580421109e-12  2.67053464348796e-14  1.11005356835307e-13    0.0380903109209909 -1.63788833276007e-20 -1.43868873827938e-08
 6.73529959768362e-14 -1.77934955108207e-11  7.93917867297232e-13  1.43773748806977e-08   1.1355808147169e-14  1.07763705385888e-16  7.17884350111667e-16 -1.63788833276007e-20    0.0380903109499934 -3.71764619114643e-22
-1.94915373949862e-17 -3.39423364543186e-14 -2.16794565375183e-12   4.8163984550355e-25  4.02419551673566e-19  2.02581652332339e-21  1.49950411461636e-19 -1.43868873827938e-08 -3.71764619114643e-22                     2
TOTAL ENERGY: -123.347938076019	 lambda: -9.8	 population of target: 4
1RDM: 
     1.99997463063538    0.0016613899485704  3.01789506020877e-05   4.1549320121505e-18 -1.23302264308089e-10 -4.10781142711754e-13 -3.85286178863785e-11 -5.92446616492471e-13  8.39578228053518e-15 -7.41708676980331e-17
   0.0016613899485704      1.88572591748945   -0.0323912104308647  1.33673218554861e-16  1.50476847738467e-08  5.38947757270597e-11  4.73866711061833e-09  1.54540046042983e-10  -2.1663368591298e-12 -6.68039506233769e-15
 3.01789506020877e-05   -0.0323912104308647    0.0381188299590281  2.53932985965117e-14  4.26967052109998e-07  1.66142001073389e-09  1.35828370586825e-07 -6.53677608196578e-12  9.16420344529082e-14 -7.49164707789229e-13
  4.1549320121505e-18  1.33673218554861e-16  2.53932985965117e-14      1.99999999999999 -5.51955435355968e-21 -2.17774369159627e-23 -1.75242901721327e-21  -2.6446852007941e-18  1.44919967950976e-08 -1.09046980218261e-26
-1.23302264308089e-10  1.50476847738467e-08  4.26967052109998e-07 -5.51955435355968e-21       1.9999999999999 -3.63438461603101e-16 -2.97361847713555e-14 -9.66521920751627e-12  2.01043346969059e-15  9.11882757744881e-20
-4.10781142711754e-13  5.38947757270597e-11  1.66142001073389e-09 -2.17774369159627e-23 -3.63438461603101e-16      1.99999999999999 -1.15607111659557e-16  1.73827089711195e-14    4.759798059797e-17  7.61466671918076e-22
-3.85286178863785e-11  4.73866711061833e-09  1.35828370586825e-07 -1.75242901721327e-21 -2.97361847713555e-14 -1.15607111659557e-16      1.99999999999999  4.14140926212062e-14  1.03786781251958e-16  5.20462131463144e-20
-5.92446616492471e-13  1.54540046042983e-10 -6.53677608196578e-12  -2.6446852007941e-18 -9.66521920751627e-12  1.73827089711195e-14  4.14140926212062e-14    0.0380903109577704 -1.89697582998234e-22 -1.45013939786353e-08
 8.39578228053518e-15  -2.1663368591298e-12  9.16420344529082e-14  1.44919967950976e-08  2.01043346969059e-15    4.759798059797e-17  1.03786781251958e-16 -1.89697582998234e-22    0.0380903109584605  7.17889265794398e-22
-7.41708676980331e-17 -6.68039506233769e-15 -7.49164707789229e-13 -1.09046980218261e-26  9.11882757744881e-20  7.61466671918076e-22  5.20462131463144e-20 -1.45013939786353e-08  7.17889265794398e-22      1.99999999999999
TOTAL ENERGY: -123.347938076019	 lambda: -9.75	 population of target: 4.00000000000001
1RDM: 
     1.99997463063422   0.00166138997975393  3.01789493711412e-05 -1.34243677995856e-17 -1.24091562853947e-10  -4.1216099078468e-13 -3.87437267746204e-11 -2.88367487119051e-12  1.83138255339595e-13 -3.14568880159214e-16
  0.00166138997975393      1.88572591826228    -0.032391210467524  1.41453976723025e-14  1.51436511656287e-08  5.41020447291927e-11  4.76657893332753e-09  6.36001125793683e-10 -4.19097984976982e-11 -1.36077029377087e-13
 3.01789493711412e-05    -0.032391210467524    0.0381188293235513  8.15805706964453e-13   4.2967433783352e-07  1.66877986918339e-09  1.36679999259587e-07 -1.74688948009335e-11   3.4277310520577e-12 -1.00089156194953e-11
-1.34243677995856e-17  1.41453976723025e-14  8.15805706964453e-13                     2 -1.78777393981951e-19 -6.91913853955254e-22 -5.68313489924406e-20 -4.98251955913809e-17  1.44952115296376e-08   5.1996444013777e-24
-1.24091562853947e-10  1.51436511656287e-08   4.2967433783352e-07 -1.78777393981951e-19       1.9999999999999 -3.67360768887202e-16 -3.01122443217604e-14 -5.13083813611319e-12  4.22984982728753e-14  2.15187162723928e-18
 -4.1216099078468e-13  5.41020447291927e-11  1.66877986918339e-09 -6.91913853955254e-22 -3.67360768887202e-16                     2 -1.16845642995299e-16 -2.59308982019322e-14 -1.97117094950792e-16  8.31417396810768e-21
-3.87437267746204e-11  4.76657893332753e-09  1.36679999259587e-07 -5.68313489924406e-20 -3.01122443217604e-14 -1.16845642995299e-16      1.99999999999999 -2.93074243000111e-13  -1.5085415715048e-16  6.94427871401109e-19
-2.88367487119051e-12  6.36001125793683e-10 -1.74688948009335e-11 -4.98251955913809e-17 -5.13083813611319e-12 -2.59308982019322e-14 -2.93074243000111e-13    0.0380903107994214 -1.97078646283508e-20 -1.45189406114726e-08
 1.83138255339595e-13 -4.19097984976982e-11   3.4277310520577e-12  1.44952115296376e-08  4.22984982728753e-14 -1.97117094950792e-16  -1.5085415715048e-16 -1.97078646283508e-20    0.0380903109806301  3.28591722525809e-21
-3.14568880159214e-16 -1.36077029377087e-13 -1.00089156194953e-11   5.1996444013777e-24  2.15187162723928e-18  8.31417396810768e-21  6.94427871401109e-19 -1.45189406114726e-08  3.28591722525809e-21                     2
TOTAL ENERGY: -123.347938076019	 lambda: -9.7	 population of target: 4.00000000000001
1RDM: 
     1.99997463063545   0.00166138994348638  3.01789525474425e-05 -2.06152258717897e-18 -1.24875695673446e-10 -4.13332649560813e-13 -3.89749772015799e-11 -1.05119267924217e-13  1.52533366384737e-15  1.82252399792092e-17
  0.00166138994348638      1.88572591789624   -0.0323912104269097    1.815378980354e-18  1.52469223212088e-08  5.42432643199861e-11   4.7952558976038e-09  2.67673840194716e-11 -3.65419732766187e-13  6.26218479343967e-16
 3.01789525474425e-05   -0.0323912104269097    0.0381188298273187 -9.01458562939292e-15  4.32870483127873e-07  1.67264204130548e-09   1.3750804845785e-07  -1.0117219546097e-12   1.3803496242263e-14  1.25078749944382e-13
-2.06152258717897e-18    1.815378980354e-18 -9.01458562939292e-15                     2  1.98171329206424e-21  7.88660461476575e-24  6.30213684190327e-22   6.1269573422782e-19  1.47003902210816e-08  5.27339293978612e-27
-1.24875695673446e-10  1.52469223212088e-08  4.32870483127873e-07  1.98171329206424e-21       1.9999999999999 -3.70949130405586e-16 -3.05197972406022e-14 -1.00740313254515e-11 -5.26617860982318e-16 -1.03030629384956e-19
-4.13332649560813e-13  5.42432643199861e-11  1.67264204130548e-09  7.88660461476575e-24 -3.70949130405586e-16                     2 -1.17826461684947e-16  4.47808178377135e-15 -3.15477371055573e-17 -7.27290527496319e-23
-3.89749772015799e-11   4.7952558976038e-09   1.3750804845785e-07  6.30213684190327e-22 -3.05197972406022e-14 -1.17826461684947e-16      1.99999999999999 -8.57984587217115e-15 -2.30993709754001e-16 -8.79919344520382e-21
-1.05119267924217e-13  2.67673840194716e-11  -1.0117219546097e-12   6.1269573422782e-19 -1.00740313254515e-11  4.47808178377135e-15 -8.57984587217115e-15    0.0380903108164513  8.78044672660704e-24 -1.47104221215546e-08
 1.52533366384737e-15 -3.65419732766187e-13   1.3803496242263e-14  1.47003902210816e-08 -5.26617860982318e-16 -3.15477371055573e-17 -2.30993709754001e-16  8.78044672660704e-24    0.0380903108246325   9.2402299012596e-23
 1.82252399792092e-17  6.26218479343967e-16  1.25078749944382e-13  5.27339293978612e-27 -1.03030629384956e-19 -7.27290527496319e-23 -8.79919344520382e-21 -1.47104221215546e-08   9.2402299012596e-23      1.99999999999999
TOTAL ENERGY: -123.347938076019	 lambda: -9.65	 population of target: 4.00000000000001
1RDM: 
     1.99997463063743   0.00166138987660333  3.01789779734894e-05 -2.64801577107183e-17 -1.25702018897726e-10 -4.14109587961256e-13  -3.9185241962168e-11 -1.83048681213396e-12   2.5792510441221e-14 -8.59083927414786e-16
  0.00166138987660333      1.88572591852201    -0.032391210541199  1.88555051105645e-14  1.53424320744056e-08  5.45403658112273e-11  4.82411182100287e-09  5.00035673247374e-10 -7.02282027615327e-12 -2.52794312256147e-13
 3.01789779734894e-05    -0.032391210541199    0.0381188291066935  1.06638634212374e-12  4.35378437292518e-07  1.68860351814377e-09  1.38444789894277e-07  -2.2787166320443e-11  3.20284582612225e-13 -2.01995403984969e-11
-2.64801577107183e-17  1.88555051105645e-14  1.06638634212374e-12                     2  -2.3676060993267e-19 -9.08244932353885e-22 -7.51825810766558e-20 -8.21065777661078e-17   1.4611941822631e-08  1.01328724022102e-23
-1.25702018897726e-10  1.53424320744056e-08  4.35378437292518e-07  -2.3676060993267e-19       1.9999999999999 -3.76644103056109e-16 -3.09056229535564e-14  1.27393676892612e-13  7.00506178300853e-14  4.47765741149422e-18
-4.14109587961256e-13  5.45403658112273e-11  1.68860351814377e-09 -9.08244932353885e-22 -3.76644103056109e-16                     2 -1.19753140620481e-16 -2.11999020261561e-13 -1.27362641952058e-15  1.57838372085272e-20
 -3.9185241962168e-11  4.82411182100287e-09  1.38444789894277e-07 -7.51825810766558e-20 -3.09056229535564e-14 -1.19753140620481e-16      1.99999999999999 -1.60095271447167e-12 -4.04418084820642e-15  1.41162167474026e-18
-1.83048681213396e-12  5.00035673247374e-10  -2.2787166320443e-11 -8.21065777661078e-17  1.27393676892612e-13 -2.11999020261561e-13 -1.60095271447167e-12    0.0380903107105619  -2.5420916344139e-21 -1.46493728637201e-08
  2.5792510441221e-14 -7.02282027615327e-12  3.20284582612225e-13   1.4611941822631e-08  7.00506178300853e-14 -1.27362641952058e-15 -4.04418084820642e-15  -2.5420916344139e-21    0.0380903110234072  1.25687790318528e-20
-8.59083927414786e-16 -2.52794312256147e-13 -2.01995403984969e-11  1.01328724022102e-23  4.47765741149422e-18  1.57838372085272e-20  1.41162167474026e-18 -1.46493728637201e-08  1.25687790318528e-20                     2
TOTAL ENERGY: -123.347938076019	 lambda: -9.6	 population of target: 4.00000000000002
1RDM: 
     1.99997463063618   0.00166138991466013  3.01789776236856e-05 -1.21290134718131e-17 -1.26512570505348e-10  -4.1556774057606e-13 -3.94187018338114e-11 -2.63959246760132e-12  3.71510217331984e-14 -7.73310927430159e-16
  0.00166138991466013      1.88572591840713   -0.0323912105002029  1.12783380450262e-14  1.54468470234858e-08  5.46906312877207e-11  4.85323707281575e-09  7.04862896640225e-10 -9.89758848176446e-12 -1.84758112628314e-13
 3.01789776236856e-05   -0.0323912105002029    0.0381188293013676  6.54859226010596e-13  4.38534025730967e-07  1.69179665069036e-09  1.39291949130006e-07 -3.10145187867753e-11  4.35509776398653e-13 -1.54618272457266e-11
-1.21290134718131e-17  1.12783380450262e-14  6.54859226010596e-13                     2 -1.46524038864316e-19 -5.57046915557218e-22 -4.64482380898486e-20 -5.75753177754605e-17  1.47644914375622e-08  4.09157321440753e-24
-1.26512570505348e-10  1.54468470234858e-08  4.38534025730967e-07 -1.46524038864316e-19       1.9999999999999 -3.80093337392973e-16 -3.13199272178549e-14 -2.21758161961353e-12  4.89114909452202e-14  3.43414512544681e-18
 -4.1556774057606e-13  5.46906312877207e-11  1.69179665069036e-09 -5.57046915557218e-22 -3.80093337392973e-16                     2 -1.20715588849433e-16 -1.66226125326545e-13 -9.84697079846318e-16  1.20647609976589e-20
-3.94187018338114e-11  4.85323707281575e-09  1.39291949130006e-07 -4.64482380898486e-20 -3.13199272178549e-14 -1.20715588849433e-16      1.99999999999999 -1.25966884471414e-12 -3.11118350255932e-15  1.08671119941396e-18
-2.63959246760132e-12  7.04862896640225e-10 -3.10145187867753e-11 -5.75753177754605e-17 -2.21758161961353e-12 -1.66226125326545e-13 -1.25966884471414e-12    0.0380903107050235 -4.96628377974314e-21 -1.47974619070661e-08
 3.71510217331984e-14 -9.89758848176446e-12  4.35509776398653e-13  1.47644914375622e-08  4.89114909452202e-14 -9.84697079846318e-16 -3.11118350255932e-15 -4.96628377974314e-21    0.0380903109503998  1.13896029178562e-20
-7.73310927430159e-16 -1.84758112628314e-13 -1.54618272457266e-11  4.09157321440753e-24  3.43414512544681e-18  1.20647609976589e-20  1.08671119941396e-18 -1.47974619070661e-08  1.13896029178562e-20                     2
TOTAL ENERGY: -123.347938076019	 lambda: -9.55	 population of target: 4.00000000000003
1RDM: 
     1.99997463063594   0.00166138992171649  3.01789768247027e-05 -1.44749456126909e-17 -1.27334963397558e-10 -4.16930460786278e-13  -3.9651919341524e-11 -2.83741767770738e-12  3.96135023529607e-14 -7.10248296637639e-16
  0.00166138992171649      1.88572591839931   -0.0323912104889989  9.45715488015567e-15  1.55514083877076e-08  5.48608486108494e-11  4.88271177884835e-09  7.55197067160955e-10  -1.0520461094542e-11 -1.71837312764485e-13
 3.01789768247027e-05   -0.0323912104889989    0.0381188293452675  5.29071300698994e-13  4.41647233317558e-07    1.696741835363e-09  1.40163328084936e-07 -3.30593780685978e-11  4.60502100913298e-13  -1.4344032809637e-11
-1.44749456126909e-17  9.45715488015567e-15  5.29071300698994e-13                     2 -1.19240386088032e-19 -4.50584231579935e-22  -3.7765538176232e-20 -5.06980605320361e-17  1.48846400830357e-08  2.88928422224535e-24
-1.27334963397558e-10  1.55514083877076e-08  4.41647233317558e-07 -1.19240386088032e-19       1.9999999999999  -3.8391016472381e-16 -3.17394126021819e-14 -2.76673249919601e-12  4.30082576507209e-14  3.20312196225319e-18
-4.16930460786278e-13  5.48608486108494e-11    1.696741835363e-09 -4.50584231579935e-22  -3.8391016472381e-16                     2 -1.21825929778648e-16 -1.55238532113546e-13 -8.86033672367135e-16   1.1211634968507e-20
 -3.9651919341524e-11  4.88271177884835e-09  1.40163328084936e-07  -3.7765538176232e-20 -3.17394126021819e-14 -1.21825929778648e-16      1.99999999999999 -1.17352169931581e-12 -2.72945705691325e-15  1.01441423100718e-18
-2.83741767770738e-12  7.55197067160955e-10 -3.30593780685978e-11 -5.06980605320361e-17 -2.76673249919601e-12 -1.55238532113546e-13 -1.17352169931581e-12    0.0380903106960273 -5.65716658101759e-21 -1.49155969311311e-08
 3.96135023529607e-14  -1.0520461094542e-11  4.60502100913298e-13  1.48846400830357e-08  4.30082576507209e-14 -8.86033672367135e-16 -2.72945705691325e-15 -5.65716658101759e-21    0.0380903109235653  1.13149478532091e-20
-7.10248296637639e-16 -1.71837312764485e-13  -1.4344032809637e-11  2.88928422224535e-24  3.20312196225319e-18   1.1211634968507e-20  1.01441423100718e-18 -1.49155969311311e-08  1.13149478532091e-20                     2
TOTAL ENERGY: -123.347938076019	 lambda: -9.5	 population of target: 4.00000000000002
1RDM: 
     1.99997463063613   0.00166138991570187  3.01789769838049e-05 -2.06943834681265e-17 -1.28170765719509e-10 -4.18234277237897e-13 -3.98859589079822e-11 -2.73086894570802e-12  3.84932998187035e-14 -7.43316460657938e-16
  0.00166138991570187      1.88572591842506    -0.032391210493112  9.42249482276883e-15  1.56566720769383e-08  5.50441397755929e-11  4.91255719382199e-09  7.28179900304516e-10 -1.02414194470256e-11 -1.88907984885385e-13
 3.01789769838049e-05    -0.032391210493112    0.0381188293182365  4.97643116846092e-13  4.44746141021468e-07  1.70281554366068e-09  1.41055374712517e-07 -3.19192154346598e-11  4.48895201876325e-13  -1.5594521913714e-11
-2.06943834681265e-17  9.42249482276883e-15  4.97643116846092e-13                     2 -1.12943988782593e-19 -4.24886440802082e-22 -3.57520410304705e-20 -5.24127987256099e-17  1.49857556294341e-08  2.89439817399225e-24
-1.28170765719509e-10  1.56566720769383e-08  4.44746141021468e-07 -1.12943988782593e-19       1.9999999999999 -3.87985948139515e-16 -3.21653582823887e-14 -2.13204273510304e-12   4.4317956361658e-14  3.51367049635239e-18
-4.18234277237897e-13  5.50441397755929e-11  1.70281554366068e-09 -4.24886440802082e-22 -3.87985948139515e-16                     2 -1.23039330812082e-16 -1.66010418625767e-13 -8.89485107978154e-16  1.22502158859061e-20
-3.98859589079822e-11  4.91255719382199e-09  1.41055374712517e-07 -3.57520410304705e-20 -3.21653582823887e-14 -1.23039330812082e-16      1.99999999999999 -1.27305849550541e-12 -2.79368051038098e-15  1.10993157512999e-18
-2.73086894570802e-12  7.28179900304516e-10 -3.19192154346598e-11 -5.24127987256099e-17 -2.13204273510304e-12 -1.66010418625767e-13 -1.27305849550541e-12    0.0380903106907625 -5.31344123507435e-21 -1.50167330310674e-08
 3.84932998187035e-14 -1.02414194470256e-11  4.48895201876325e-13  1.49857556294341e-08   4.4317956361658e-14 -8.89485107978154e-16 -2.79368051038098e-15 -5.31344123507435e-21    0.0380903109299227   1.3064111041386e-20
-7.43316460657938e-16 -1.88907984885385e-13  -1.5594521913714e-11  2.89439817399225e-24  3.51367049635239e-18  1.22502158859061e-20  1.10993157512999e-18 -1.50167330310674e-08   1.3064111041386e-20                     2
TOTAL ENERGY: -123.347938076019	 lambda: -9.45	 population of target: 4.00000000000003
1RDM: 
     1.99997463063695   0.00166138989028044  3.01789773152113e-05 -3.52416355528273e-17 -1.29019716746333e-10 -4.19460629617145e-13 -4.01203778923067e-11 -2.25306788853351e-12  3.17795345069743e-14 -8.46574115684018e-16
  0.00166138989028044      1.88572591851704   -0.0323912105174226  1.15709942144039e-14  1.57624136574892e-08   5.5243826909235e-11  4.94278104445142e-09  6.07596765752577e-10 -8.54777324300339e-12  -2.4650546943261e-13
 3.01789773152113e-05   -0.0323912105174226    0.0381188291887378  5.64570123965019e-13  4.47817790139909e-07  1.71032325641546e-09  1.41970648932666e-07 -2.70419091608899e-11   3.8052916252201e-13 -1.97608512093499e-11
-3.52416355528273e-17  1.15709942144039e-14  5.64570123965019e-13                     2 -1.28950472174749e-19 -4.84338709053102e-22 -4.08261400525352e-20 -6.39679418697425e-17  1.50660577108861e-08  4.52471181353109e-24
-1.29019716746333e-10  1.57624136574892e-08  4.47817790139909e-07 -1.28950472174749e-19       1.9999999999999 -3.92384185946746e-16 -3.25974876007429e-14 -3.62119036604999e-14  5.39303009160416e-14  4.50426622543027e-18
-4.19460629617145e-13   5.5243826909235e-11  1.71032325641546e-09 -4.84338709053102e-22 -3.92384185946746e-16                     2 -1.24381563000741e-16  -2.0446011059619e-13 -1.00234642016975e-15  1.56360390474248e-20
-4.01203778923067e-11  4.94278104445142e-09  1.41970648932666e-07 -4.08261400525352e-20 -3.25974876007429e-14 -1.24381563000741e-16      1.99999999999999 -1.60274290150234e-12 -3.29630553960156e-15  1.41582076449598e-18
-2.25306788853351e-12  6.07596765752577e-10 -2.70419091608899e-11 -6.39679418697425e-17 -3.62119036604999e-14  -2.0446011059619e-13 -1.60274290150234e-12    0.0380903106845796  -3.7178987904524e-21 -1.50992729469641e-08
 3.17795345069743e-14 -8.54777324300339e-12   3.8052916252201e-13  1.50660577108861e-08  5.39303009160416e-14 -1.00234642016975e-15 -3.29630553960156e-15  -3.7178987904524e-21    0.0380903109728097  1.71685583773682e-20
-8.46574115684018e-16  -2.4650546943261e-13 -1.97608512093499e-11  4.52471181353109e-24  4.50426622543027e-18  1.56360390474248e-20  1.41582076449598e-18 -1.50992729469641e-08  1.71685583773682e-20                     2
TOTAL ENERGY: -123.347938076019	 lambda: -9.4	 population of target: 4.00000000000002
1RDM: 
     1.99997463063827   0.00166138984775629  3.01789749790361e-05 -6.03887668341838e-17  -1.2987671367118e-10 -4.20671237100546e-13 -4.03567613253688e-11 -1.21561929868568e-12  1.71669967148557e-14 -8.01971783832326e-16
  0.00166138984775629      1.88572591870297   -0.0323912105588495  1.55135233421893e-14  1.58690751993219e-08  5.54536945435942e-11  4.97337089650652e-09  3.42261094785675e-10 -4.81134218249813e-12 -3.28286318696572e-13
 3.01789749790361e-05   -0.0323912105588495    0.0381188289622667  6.94915568885027e-13  4.50914813567839e-07  1.71858192194612e-09  1.42901086365739e-07 -1.63707168579109e-11  2.30554640731831e-13 -2.47623338689358e-11
-6.03887668341838e-17  1.55135233421893e-14  6.94915568885027e-13                     2 -1.59523222754616e-19 -5.99848852042527e-22 -5.05829834884065e-20 -7.92214232066896e-17  1.51446644681943e-08   8.7176683625346e-24
 -1.2987671367118e-10  1.58690751993219e-08  4.50914813567839e-07 -1.59523222754616e-19      1.99999999999989 -3.97000763253528e-16 -3.30378543668524e-14  2.48479669468898e-12  6.69016128553926e-14  5.70437971916416e-18
-4.20671237100546e-13  5.54536945435942e-11  1.71858192194612e-09 -5.99848852042527e-22 -3.97000763253528e-16                     2  -1.2579796236887e-16 -2.56694612779822e-13 -1.14637967538447e-15  1.96816318667598e-20
-4.03567613253688e-11  4.97337089650652e-09  1.42901086365739e-07 -5.05829834884065e-20 -3.30378543668524e-14  -1.2579796236887e-16      1.99999999999999 -1.99976722536575e-12 -3.70175865797975e-15  1.78616866320882e-18
-1.21561929868568e-12  3.42261094785675e-10 -1.63707168579109e-11 -7.92214232066896e-17  2.48479669468898e-12 -2.56694612779822e-13 -1.99976722536575e-12    0.0380903106695508 -1.24610002941586e-21 -1.51801367616581e-08
 1.71669967148557e-14 -4.81134218249813e-12  2.30554640731831e-13  1.51446644681943e-08  6.69016128553926e-14 -1.14637967538447e-15 -3.70175865797975e-15 -1.24610002941586e-21    0.0380903110270464  2.13638855693224e-20
-8.01971783832326e-16 -3.28286318696572e-13 -2.47623338689358e-11   8.7176683625346e-24  5.70437971916416e-18  1.96816318667598e-20  1.78616866320882e-18 -1.51801367616581e-08  2.13638855693224e-20                     2
TOTAL ENERGY: -123.347938076019	 lambda: -9.35	 population of target: 4.00000000000002
1RDM: 
     1.99997463063546   0.00166138994347787  3.01789525535481e-05 -8.00401078765989e-19 -1.30722171816989e-10 -4.22744639642332e-13 -4.06205336642196e-11 -2.07868870039204e-13  2.97322121470916e-15  1.75735095304355e-17
  0.00166138994347787      1.88572591789583   -0.0323912104272315 -2.92529373474921e-17  1.59872228011798e-08   5.5486238052773e-11  5.00418244169134e-09  5.39733339916329e-11 -7.49932182357718e-13  1.35124694981318e-15
 3.01789525535481e-05   -0.0323912104272315    0.0381188298258209 -5.25693699495689e-15  4.54804914301767e-07  1.71123369347896e-09  1.43719384239616e-07 -2.22036376587571e-12  3.08758410918829e-14  1.68555785198402e-13
-8.00401078765989e-19 -2.92529373474921e-17 -5.25693699495689e-15                     2  1.21776576354749e-21  4.96700493509389e-24  3.85245175157787e-22  5.70500820504121e-19   1.5446566370657e-08  5.12143772948351e-27
-1.30722171816989e-10  1.59872228011798e-08  4.54804914301767e-07  1.21776576354749e-21      1.99999999999989 -3.98729882417768e-16 -3.35134297322253e-14 -1.00931879023854e-11 -4.74075903724208e-16 -1.18485907645182e-19
-4.22744639642332e-13   5.5486238052773e-11  1.71123369347896e-09  4.96700493509389e-24 -3.98729882417768e-16                     2 -1.25988062173383e-16   4.0540976107781e-15 -5.01841371593969e-17 -1.14746792673285e-22
-4.06205336642196e-11  5.00418244169134e-09  1.43719384239616e-07  3.85245175157787e-22 -3.35134297322253e-14 -1.25988062173383e-16      1.99999999999999 -1.31370169560282e-14 -1.85802712647439e-16 -1.24181147808709e-20
-2.07868870039204e-13  5.39733339916329e-11 -2.22036376587571e-12  5.70500820504121e-19 -1.00931879023854e-11   4.0540976107781e-15 -1.31370169560282e-14    0.0380903108170382 -1.79507975503565e-23  -1.5456535073373e-08
 2.97322121470916e-15 -7.49932182357718e-13  3.08758410918829e-14   1.5446566370657e-08 -4.74075903724208e-16 -5.01841371593969e-17 -1.85802712647439e-16 -1.79507975503565e-23    0.0380903108259684 -3.17047335331643e-23
 1.75735095304355e-17  1.35124694981318e-15  1.68555785198402e-13  5.12143772948351e-27 -1.18485907645182e-19 -1.14746792673285e-22 -1.24181147808709e-20  -1.5456535073373e-08 -3.17047335331643e-23                     2
TOTAL ENERGY: -123.347938076019	 lambda: -9.3	 population of target: 4.00000000000003
1RDM: 
     1.99997463063547   0.00166138994294301  3.01789517872748e-05 -9.86981363239527e-19 -1.31602794959238e-10 -4.24141195400147e-13 -4.08668453641343e-11 -1.20569023569547e-12  1.70370318230855e-14  4.12349585010896e-18
  0.00166138994294301      1.88572591788847   -0.0323912104302297  9.20961967007731e-17  1.60988062220607e-08  5.56694451144762e-11  5.03551501472647e-09  3.18366471115336e-10 -4.47653902698976e-12 -2.43024947535702e-15
 3.01789517872748e-05   -0.0323912104302297    0.0381188298126036  1.20745330282871e-15  4.58113731233898e-07  1.71688172421471e-09   1.4465293769542e-07 -1.39120480624988e-11  1.95653401200793e-13 -1.29075712120732e-13
-9.86981363239527e-19  9.20961967007731e-17  1.20745330282871e-15                     2 -2.90267695068581e-22 -7.06647389228917e-25 -8.93081964907849e-23 -3.15047516444075e-19  1.55573167629726e-08  -3.0241321948119e-27
-1.31602794959238e-10  1.60988062220607e-08  4.58113731233898e-07 -2.90267695068581e-22      1.99999999999989  -4.0295522391469e-16 -3.39763253874476e-14 -9.94596611731584e-12  2.56430903463136e-16 -4.87588289677456e-20
-4.24141195400147e-13  5.56694451144762e-11  1.71688172421471e-09 -7.06647389228917e-25  -4.0295522391469e-16                     2 -1.27224688007221e-16  5.39377713883962e-15  -4.6747461112462e-17  1.55833347335537e-22
-4.08668453641343e-11  5.03551501472647e-09   1.4465293769542e-07 -8.93081964907849e-23 -3.39763253874476e-14 -1.27224688007221e-16      1.99999999999999 -1.63343303696296e-14 -1.71826202032797e-16  9.39377495471361e-21
-1.20569023569547e-12  3.18366471115336e-10 -1.39120480624988e-11 -3.15047516444075e-19 -9.94596611731584e-12  5.39377713883962e-15 -1.63343303696296e-14    0.0380903108253114 -1.01682168821451e-21 -1.55673079061528e-08
 1.70370318230855e-14 -4.47653902698976e-12  1.95653401200793e-13  1.55573167629726e-08  2.56430903463136e-16  -4.6747461112462e-17 -1.71826202032797e-16 -1.01682168821451e-21     0.038090310838267  2.38928307024344e-22
 4.12349585010896e-18 -2.43024947535702e-15 -1.29075712120732e-13  -3.0241321948119e-27 -4.87588289677456e-20  1.55833347335537e-22  9.39377495471361e-21 -1.55673079061528e-08  2.38928307024344e-22                     2
TOTAL ENERGY: -123.347938076019	 lambda: -9.25	 population of target: 4.00000000000002
1RDM: 
     1.99997463063551   0.00166138994147903  3.01789506126959e-05 -1.96010654739198e-18 -1.32495116234187e-10  -4.2555420347581e-13 -4.11160616872603e-11 -2.19238300204602e-12  3.09478230506552e-14  2.28233268591301e-18
  0.00166138994147903      1.88572591787106   -0.0323912104356507  3.64144418653178e-16  1.62118859235639e-08   5.5854968929874e-11  5.06723619962521e-09  5.80022439917977e-10 -8.16561764671309e-12 -9.49364798862981e-15
 3.01789506126959e-05   -0.0323912104356507    0.0381188297937424  1.35426420254523e-14  4.61467598987341e-07  1.72260815845289e-09  1.45598741695866e-07 -2.55810535086355e-11  3.60183646541078e-13 -5.77924548305864e-13
-1.96010654739198e-18  3.64144418653178e-16  1.35426420254523e-14                     2 -3.20745863794415e-21 -1.15618239096513e-23  -1.0070926199631e-21 -1.71226493918166e-18  1.56689121094687e-08 -8.42401414301137e-27
-1.32495116234187e-10  1.62118859235639e-08  4.61467598987341e-07 -3.20745863794415e-21      1.99999999999989 -4.07257956518333e-16 -3.44486423098838e-14 -9.72410461299077e-12  1.42915875125288e-15  5.82192182738056e-20
 -4.2555420347581e-13   5.5854968929874e-11  1.72260815845289e-09 -1.15618239096513e-23 -4.07257956518333e-16                     2 -1.28483355305066e-16  6.22365087427741e-15 -4.65112580381426e-17  5.57232013502924e-22
-4.11160616872603e-11  5.06723619962521e-09  1.45598741695866e-07  -1.0070926199631e-21 -3.44486423098838e-14 -1.28483355305066e-16      1.99999999999999 -2.02508487694373e-14 -1.36387747813752e-16  4.27260271727982e-20
-2.19238300204602e-12  5.80022439917977e-10 -2.55810535086355e-11 -1.71226493918166e-18 -9.72410461299077e-12  6.22365087427741e-15 -2.02508487694373e-14    0.0380903108402132 -3.42226394092667e-21 -1.56789730089906e-08
 3.09478230506552e-14 -8.16561764671309e-12  3.60183646541078e-13  1.56689121094687e-08  1.42915875125288e-15 -4.65112580381426e-17 -1.36387747813752e-16 -3.42226394092667e-21    0.0380903108595939  5.97356094917275e-22
 2.28233268591301e-18 -9.49364798862981e-15 -5.77924548305864e-13 -8.42401414301137e-27  5.82192182738056e-20  5.57232013502924e-22  4.27260271727982e-20 -1.56789730089906e-08  5.97356094917275e-22                     2
TOTAL ENERGY: -123.347938076019	 lambda: -9.2	 population of target: 4.00000000000003
1RDM: 
     1.99997463063554   0.00166138994036701  3.01789491222253e-05 -2.80259349460905e-18 -1.33399359725146e-10 -4.26987807979465e-13 -4.13684001485095e-11 -3.02326590148628e-12  4.26653580033454e-14  1.14454910663612e-17
  0.00166138994036701      1.88572591784459   -0.0323912104418975  5.78355301119608e-16  1.63265659073019e-08    5.604161901076e-11  5.09935456679261e-09  8.00282063269441e-10  -1.1272005908984e-11  -1.6867711180394e-14
 3.01789491222253e-05   -0.0323912104418975    0.0381188297767498  2.29818755247645e-14  4.64872170003679e-07  1.72831532331538e-09  1.46556353691714e-07 -3.54873940388827e-11  4.99924635939441e-13 -9.92512183895796e-13
-2.80259349460905e-18  5.78355301119608e-16  2.29818755247645e-14                     2 -5.47522529470273e-21 -1.99521809206669e-23  -1.7204480380609e-21  -2.9308241677553e-18  1.57825507683148e-08 -1.86686608175963e-27
-1.33399359725146e-10  1.63265659073019e-08  4.64872170003679e-07 -5.47522529470273e-21      1.99999999999989 -4.11620748164626e-16 -3.49308279514034e-14 -9.52151384965508e-12  2.44213330563606e-15  1.58565478413726e-19
-4.26987807979465e-13    5.604161901076e-11  1.72831532331538e-09 -1.99521809206669e-23 -4.11620748164626e-16                     2 -1.29756609165835e-16  8.50823153657757e-15 -4.30480385350546e-17  9.43097193089066e-22
-4.13684001485095e-11  5.09935456679261e-09  1.46556353691714e-07  -1.7204480380609e-21 -3.49308279514034e-14 -1.29756609165835e-16      1.99999999999999 -1.20376023420575e-14 -7.69860840875779e-17  7.40559940938154e-20
-3.02326590148628e-12  8.00282063269441e-10 -3.54873940388827e-11  -2.9308241677553e-18 -9.52151384965508e-12  8.50823153657757e-15 -1.20376023420575e-14    0.0380903108589378 -6.54023340318462e-21 -1.57926361829583e-08
 4.26653580033454e-14  -1.1272005908984e-11  4.99924635939441e-13  1.57825507683148e-08  2.44213330563606e-15 -4.30480385350546e-17 -7.69860840875779e-17 -6.54023340318462e-21    0.0380903108842974  9.33716697138816e-22
 1.14454910663612e-17  -1.6867711180394e-14 -9.92512183895796e-13 -1.86686608175963e-27  1.58565478413726e-19  9.43097193089066e-22  7.40559940938154e-20 -1.57926361829583e-08  9.33716697138816e-22                     2
TOTAL ENERGY: -123.347938076019	 lambda: -9.15	 population of target: 4.00000000000003
1RDM: 
     1.99997463063555   0.00166138993996981  3.01789476020351e-05 -3.17193168167256e-18 -1.34315958072584e-10 -4.28439018261739e-13 -4.16239525302225e-11 -3.66052951051547e-12  5.16554261494679e-14  2.38419137772498e-17
  0.00166138993996981      1.88572591781087   -0.0323912104471408   6.3873391042655e-16  1.64429111820077e-08  5.62292076902565e-11  5.13188170110725e-09  9.69056979060789e-10 -1.36531480432526e-11 -2.32387644358884e-14
 3.01789476020351e-05   -0.0323912104471408    0.0381188297666206  2.51143235319561e-14  4.68329599277124e-07  1.73400360322694e-09  1.47526113216937e-07 -4.31341507850766e-11  6.07844142409415e-13 -1.32795408156122e-12
-3.17193168167256e-18   6.3873391042655e-16  2.51143235319561e-14                     2 -6.02349567035128e-21 -2.19339817965253e-23 -1.89299186981411e-21 -3.74367106597383e-18  1.58983586447275e-08  5.23905329225328e-27
