TOTAL ENERGY: -124.225585302831	 lambda: -10	 population of target: 3.99194919721491
1RDM: 
     1.99997552607104    0.0015821475611023 -0.000157584677918971   5.6922561625844e-17  -1.2108573337304e-05  5.89309518857572e-07 -6.44773234220274e-06  -8.0336515170865e-12  7.35835852313335e-15 -6.26726833722509e-14
   0.0015821475611023      1.86457356453658     0.239811323204451 -8.11057705447223e-15   0.00312394774939362 -0.000235861284290039   0.00156399623755416  3.12062848656109e-09 -2.81481617188898e-12  8.98787916199219e-12
-0.000157584677918971     0.239811323204451    0.0560137798659454  -2.1027562623807e-15   -0.0194120940407581   0.00166337703820082  -0.00950740753276617  8.79051920990205e-10 -7.95227015458507e-13  2.26539778037533e-12
  5.6922561625844e-17 -8.11057705447223e-15  -2.1027562623807e-15      1.99999243743465 -7.50683701087459e-17  2.95505122915442e-18 -3.18509278593359e-17  5.99259266916257e-18  -0.00383985697379618  1.27695113340497e-20
 -1.2108573337304e-05   0.00312394774939362   -0.0194120940407581 -7.50683701087459e-17      1.99980068896016  1.68209548848805e-05 -9.78637118763143e-05  3.89020060320803e-11 -4.47885678959998e-14  6.16842886021872e-14
 5.89309518857572e-07 -0.000235861284290039   0.00166337703820082  2.95505122915442e-18  1.68209548848805e-05      1.99999856782242   8.2482709616475e-06 -1.40645723504086e-12  1.27456922135656e-15 -3.21714938766674e-15
-6.44773234220274e-06   0.00156399623755416  -0.00950740753276617 -3.18509278593359e-17 -9.78637118763143e-05   8.2482709616475e-06      1.99995193602537  2.19500759227805e-11 -1.98576065964595e-14  3.49838405512998e-14
 -8.0336515170865e-12  3.12062848656109e-09  8.79051920990205e-10  5.99259266916257e-18  3.89020060320803e-11 -1.40645723504086e-12  2.19500759227805e-11    0.0398505309321605  3.02719977015193e-16  -0.00383985695934571
 7.35835852313335e-15 -2.81481617188898e-12 -7.95227015458507e-13  -0.00383985697379618 -4.47885678959998e-14  1.27456922135656e-15 -1.98576065964595e-14  3.02719977015193e-16    0.0398505309169604  1.12083585888015e-18
-6.26726833722509e-14  8.98787916199219e-12  2.26539778037533e-12  1.27695113340497e-20  6.16842886021872e-14 -3.21714938766674e-15  3.49838405512998e-14  -0.00383985695934571  1.12083585888015e-18       1.9999924374347
TOTAL ENERGY: -124.225626011327	 lambda: -9.95	 population of target: 3.99195327829059
1RDM: 
     1.99997552433156   0.00158229083491559 -0.000157923387810566  3.89770509787229e-20 -1.21824874233781e-05  5.90615838232529e-07 -6.48360919428977e-06  8.85911671461054e-13  7.05931743879164e-17   2.8761047079588e-15
  0.00158229083491559      1.86462131137847     0.239599477261342  4.48918105803773e-17   0.00314043545009933 -0.000236082709255066   0.00157135780035868  8.46227964719616e-11  1.70787620095508e-14  1.41670296047262e-13
-0.000157923387810566     0.239599477261342    0.0559816470326346 -4.67299927172401e-17   -0.0195294192601084   0.00166624940399957  -0.00955905615108628  6.44788107236045e-12  3.21358343032624e-15 -5.44118452847375e-13
 3.89770509787229e-20  4.48918105803773e-17 -4.67299927172401e-17      1.99999234393891 -1.35443556780684e-18  2.64449205353441e-20 -5.26806013680513e-19  5.99784265066615e-18  -0.00386353720245312  1.28415518900493e-20
-1.21824874233781e-05   0.00314043545009933   -0.0195294192601084 -1.35443556780684e-18      1.99979827941807  1.69514787343342e-05 -9.89868018367037e-05 -1.46197091956942e-11 -3.88654510152487e-16 -3.43517630411519e-14
 5.90615838232529e-07 -0.000236082709255066   0.00166624940399957  2.64449205353441e-20  1.69514787343342e-05      1.99999856289638  8.30723214609653e-06  7.17806767977569e-14 -8.82155687219133e-18  6.15292847268492e-16
-6.48360919428977e-06   0.00157135780035868  -0.00955905615108628 -5.26806013680513e-19 -9.89868018367037e-05  8.30723214609653e-06      1.99995141387735 -1.00819456763022e-12 -1.33364819414657e-16 -4.52863546358906e-15
 8.85911671461054e-13  8.46227964719616e-11  6.44788107236045e-12  5.99784265066615e-18 -1.46197091956942e-11  7.17806767977569e-14 -1.00819456763022e-12    0.0398442865930104  3.00697544726045e-16  -0.00386353719186762
 7.05931743879164e-17  1.70787620095508e-14  3.21358343032624e-15  -0.00386353720245312 -3.88654510152487e-16 -8.82155687219133e-18 -1.33364819414657e-16  3.00697544726045e-16    0.0398442865946733   1.1117456714849e-18
  2.8761047079588e-15  1.41670296047262e-13 -5.44118452847375e-13  1.28415518900493e-20 -3.43517630411519e-14  6.15292847268492e-16 -4.52863546358906e-15  -0.00386353719186762   1.1117456714849e-18      1.99999234393896
TOTAL ENERGY: -124.225667079775	 lambda: -9.9	 population of target: 3.99195741619369
1RDM: 
     1.99997552259143   0.00158243414188224 -0.000158262872087574  1.83419983914946e-18 -1.22572747678973e-05  5.91926651866889e-07 -6.51987207982443e-06  7.78844327291324e-13  -1.7005713089024e-16 -9.30731326074226e-16
  0.00158243414188224      1.86466899090313     0.239387678037165 -6.48943919398313e-16   0.00315712407226304  -0.00023630477086207   0.00157880000564245  3.95379537135401e-10 -2.52517578288765e-13  9.57270331653159e-13
-0.000158262872087574     0.239387678037165    0.0559496329308111  1.85933650318689e-16   -0.0196481879033615   0.00166913050615515  -0.00961127343278954  9.77909160552923e-11 -6.40399937782966e-14 -4.55506450761013e-13
 1.83419983914946e-18 -6.48943919398313e-16  1.85933650318689e-16      1.99999224869515  3.51610239527729e-18 -1.86444639676147e-19  8.25958362755915e-19   5.9839668125114e-18  -0.00388751210182606  1.29142054867148e-20
-1.22572747678973e-05   0.00315712407226304   -0.0196481879033615  3.51610239527729e-18       1.9997958255195   1.7083692502201e-05 -0.000100129509617926 -1.10662265347087e-11 -5.56092121206014e-16 -3.08720047322435e-14
 5.91926651866889e-07  -0.00023630477086207   0.00166913050615515 -1.86444639676147e-19   1.7083692502201e-05      1.99999855794679  8.36688467621883e-06 -5.10334277127969e-14  5.18145908185616e-17  5.12187161686385e-16
-6.51987207982443e-06   0.00157880000564245  -0.00961127343278954  8.25958362755915e-19 -0.000100129509617926  8.36688467621883e-06       1.9999508831177  4.91596448577069e-13 -7.30555066730384e-16 -3.39664569528133e-15
 7.78844327291324e-13  3.95379537135401e-10  9.77909160552923e-11   5.9839668125114e-18 -1.10662265347087e-11 -5.10334277127969e-14  4.91596448577069e-13    0.0398380448021417  2.98668087132037e-16  -0.00388751209165668
 -1.7005713089024e-16 -2.52517578288765e-13 -6.40399937782966e-14  -0.00388751210182606 -5.56092121206014e-16  5.18145908185616e-17 -7.30555066730384e-16  2.98668087132037e-16    0.0398380447981377  1.12177971382891e-18
-9.30731326074226e-16  9.57270331653159e-13 -4.55506450761013e-13  1.29142054867148e-20 -3.08720047322435e-14  5.12187161686385e-16 -3.39664569528133e-15  -0.00388751209165668  1.12177971382891e-18      1.99999224869519
TOTAL ENERGY: -124.225708516081	 lambda: -9.85	 population of target: 3.99196161230009
1RDM: 
     1.99997552085167   0.00158257745361136 -0.000158603228130771  -1.0113539326876e-16    -1.23329518117e-05  5.93242081638003e-07 -6.55652841479703e-06  3.33513498924753e-11 -2.60247613357104e-14   1.2986145951636e-13
  0.00158257745361136      1.86471660475166     0.239175927444661  1.09164439667654e-15   0.00317401729531395 -0.000236527477601364   0.00158632424269271  7.49939173192502e-10  -6.0509082574574e-13 -1.46583352154122e-12
-0.000158603228130771     0.239175927444661    0.0559177386570225  1.18038652638345e-14    -0.019768426518365    0.0016720204114786  -0.00966406882886196 -2.84954878841773e-10  2.16193854683904e-13 -1.50936610362044e-11
 -1.0113539326876e-16  1.09164439667654e-15  1.18038652638345e-14      1.99999215165947  3.50683080283562e-16 -1.49004030642147e-17   1.0924690272184e-16  5.99600385021777e-18  -0.00391178721255543  1.29866799449888e-20
   -1.23329518117e-05   0.00317401729531395    -0.019768426518365  3.50683080283562e-16      1.99979332617132  1.72176280003148e-05 -0.000101292295532351 -1.67044975566994e-10  1.22304746403113e-13  -4.6922968129965e-13
 5.93242081638003e-07 -0.000236527477601364    0.0016720204114786 -1.49004030642147e-17  1.72176280003148e-05      1.99999855297346  8.42724038000448e-06  3.23363237386067e-12 -2.50828260537961e-15  1.90833468684852e-14
-6.55652841479703e-06   0.00158632424269271  -0.00966406882886196   1.0924690272184e-16 -0.000101292295532351  8.42724038000448e-06      1.99995034355517 -3.92024838260691e-11  3.04941777691717e-14 -1.39865722833241e-13
 3.33513498924753e-11  7.49939173192502e-10 -2.84954878841773e-10  5.99600385021777e-18 -1.67044975566994e-10  3.23363237386067e-12 -3.92024838260691e-11    0.0398318048611216  2.96632096134538e-16  -0.00391178720194463
-2.60247613357104e-14  -6.0509082574574e-13  2.16193854683904e-13  -0.00391178721255543  1.22304746403113e-13 -2.50828260537961e-15  3.04941777691717e-14  2.96632096134538e-16    0.0398318048596007  1.10575388669303e-18
  1.2986145951636e-13 -1.46583352154122e-12 -1.50936610362044e-11  1.29866799449888e-20  -4.6922968129965e-13  1.90833468684852e-14 -1.39865722833241e-13  -0.00391178720194463  1.10575388669303e-18      1.99999215165951
TOTAL ENERGY: -124.225750328352	 lambda: -9.8	 population of target: 3.9919658680276
1RDM: 
     1.99997551911157   0.00158272078102385 -0.000158944356299555 -1.96252325549616e-17 -1.24095337260458e-05  5.94561949760465e-07 -6.59358214333788e-06  1.30560464899343e-11 -5.18332854818429e-15  4.92127675132301e-14
  0.00158272078102385      1.86476415228573     0.238964227557668 -3.08657723713576e-16   0.00319111887065157  -0.00023675081589893   0.00159393182716616  7.17188938562801e-10 -2.82430297524822e-13  7.85988568952157e-13
-0.000158944356299555     0.238964227557668    0.0558859657885611   2.9633722588161e-15   -0.0198901622447899   0.00167491906012996  -0.00971745271849019 -1.13721164812471e-10  4.68653880332247e-14 -7.36719880302033e-12
-1.96252325549616e-17 -3.08657723713576e-16   2.9633722588161e-15        1.999992052787  8.49130446773055e-17 -3.40983980905829e-18  2.14957661668231e-17  6.00297501618442e-18  -0.00393636812032402  1.30619062350318e-20
-1.24095337260458e-05   0.00319111887065157   -0.0198901622447899  8.49130446773055e-17      1.99979078024877   1.7353316465235e-05 -0.000102475638797305 -8.46557253409531e-11  2.98169811974965e-14 -2.32470020144175e-13
 5.94561949760465e-07  -0.00023675081589893   0.00167491906012996 -3.40983980905829e-18   1.7353316465235e-05      1.99999854797642  8.48831127208428e-06  1.41821652789217e-12 -5.67882641843756e-16  8.50531413930649e-15
-6.59358214333788e-06   0.00159393182716616  -0.00971745271849019  2.14957661668231e-17 -0.000102475638797305  8.48831127208428e-06      1.99994979498752 -1.33149009600324e-11  5.28299825730917e-15 -5.39088409222563e-14
 1.30560464899343e-11  7.17188938562801e-10 -1.13721164812471e-10  6.00297501618442e-18 -8.46557253409531e-11  1.41821652789217e-12 -1.33149009600324e-11    0.0398255670132087  2.94608566803437e-16  -0.00393636811038871
-5.18332854818429e-15 -2.82430297524822e-13  4.68653880332247e-14  -0.00393636812032402  2.98169811974965e-14 -5.67882641843756e-16  5.28299825730917e-15  2.94608566803437e-16    0.0398255670141806  1.09490960846758e-18
 4.92127675132301e-14  7.85988568952157e-13 -7.36719880302033e-12  1.30619062350318e-20 -2.32470020144175e-13  8.50531413930649e-15 -5.39088409222563e-14  -0.00393636811038871  1.09490960846758e-18      1.99999205278704
TOTAL ENERGY: -124.225792524966	 lambda: -9.75	 population of target: 3.99197018484317
1RDM: 
       1.999975517371    0.0015828641426679 -0.000159286260082136  5.80428346071861e-19 -1.24870359917552e-05  5.95886322076762e-07  -6.6310410132609e-06 -3.31349739679598e-13  1.01463961001297e-16 -1.81895544851219e-15
   0.0015828641426679      1.86481163070503     0.238752580215371 -8.32469785289576e-17   0.00320843271304104 -0.000236974793183101   0.00160162412231537  5.83697435200913e-11 -2.57555386145784e-14  1.98471095669971e-13
-0.000159286260082136     0.238752580215371    0.0558543168668882  3.03629033632194e-17   -0.0200134237902757   0.00167782648898879  -0.00977143395338798  1.69165163172175e-11 -6.75159945667538e-15  3.00382752346814e-14
 5.80428346071861e-19 -8.32469785289576e-17  3.03629033632194e-17       1.9999919520309  -1.1307705728585e-19 -3.12392768459733e-20 -5.96526587967602e-19  5.99688699062281e-18  -0.00396126066968426  1.31371222075093e-20
-1.24870359917552e-05   0.00320843271304104   -0.0200134237902757  -1.1307705728585e-19      1.99978818657326  1.74907917133282e-05 -0.000103680021140456 -8.77395638051873e-12 -3.20063214474786e-16 -1.80499323189234e-14
 5.95886322076762e-07 -0.000236974793183101   0.00167782648898879 -3.12392768459733e-20  1.74907917133282e-05      1.99999854295552  8.55010870373008e-06 -1.21342550614458e-14  3.09183357155124e-19 -3.32012200645691e-17
 -6.6310410132609e-06   0.00160162412231537  -0.00977143395338798 -5.96526587967602e-19 -0.000103680021140456  8.55010870373008e-06      1.99994923722263   1.0951667265326e-12 -4.26955754243798e-16  2.02663387133637e-15
-3.31349739679598e-13  5.83697435200913e-11  1.69165163172175e-11  5.99688699062281e-18 -8.77395638051873e-12 -1.21342550614458e-14   1.0951667265326e-12    0.0398193321219554   2.9258641060209e-16  -0.00396126065968068
 1.01463961001297e-16 -2.57555386145784e-14 -6.75159945667538e-15  -0.00396126066968426 -3.20063214474786e-16  3.09183357155124e-19 -4.26955754243798e-16   2.9258641060209e-16    0.0398193321218651   1.0970332514875e-18
-1.81895544851219e-15  1.98471095669971e-13  3.00382752346814e-14  1.31371222075093e-20 -1.80499323189234e-14 -3.32012200645691e-17  2.02663387133637e-15  -0.00396126065968068   1.0970332514875e-18      1.99999195203095
TOTAL ENERGY: -124.225835114502	 lambda: -9.7	 population of target: 3.99197456425699
1RDM: 
     1.99997551563116    0.0015830075050202 -0.000159629087478362 -3.80167862110674e-19 -1.25654770687711e-05  5.97215376566353e-07 -6.66891283283364e-06  4.52413110461245e-13 -2.38992373753433e-16  2.82812254153994e-16
   0.0015830075050202      1.86485904188067      0.23854098747017 -2.03662910760162e-16   0.00322596280456885 -0.000237199419611597   0.00160940263697195  1.95765977435419e-10 -7.95690307754462e-14  5.14359319913896e-13
-0.000159629087478362      0.23854098747017    0.0558227926676528  2.48609934717282e-16   -0.0201382397142631   0.00168074277543195  -0.00982602300093663   2.8327944862111e-11  -1.0635082891235e-14 -4.94682353210996e-13
-3.80167862110674e-19 -2.03662910760162e-16  2.48609934717282e-16      1.99999184934241  6.09392461106777e-18 -2.43321883566325e-19  9.83512023053919e-19  5.99638343652316e-18   -0.0039864709756619  1.32130636901573e-20
-1.25654770687711e-05   0.00322596280456885   -0.0201382397142631  6.09392461106777e-18       1.9997855439463  1.76300880424759e-05 -0.000104905948620424 -1.35028970512537e-11  1.69420787338298e-15 -3.29279644085461e-14
 5.97215376566353e-07 -0.000237199419611597   0.00168074277543195 -2.43321883566325e-19  1.76300880424759e-05      1.99999853791054   8.6126456550629e-06  3.18347357498436e-14 -1.85893320087835e-17  4.74957498909575e-16
-6.66891283283364e-06   0.00160940263697195  -0.00982602300093663  9.83512023053919e-19 -0.000104905948620424   8.6126456550629e-06      1.99994867004922  4.22710465953886e-13 -9.58376234970694e-17 -1.55244365224654e-15
 4.52413110461245e-13  1.95765977435419e-10   2.8327944862111e-11  5.99638343652316e-18 -1.35028970512537e-11  3.18347357498436e-14  4.22710465953886e-13    0.0398130996146142  2.90558219026196e-16  -0.00398647096561308
-2.38992373753433e-16 -7.95690307754462e-14  -1.0635082891235e-14   -0.0039864709756619  1.69420787338298e-15 -1.85893320087835e-17 -9.58376234970694e-17  2.90558219026196e-16    0.0398130996149912  1.09345644583301e-18
 2.82812254153994e-16  5.14359319913896e-13 -4.94682353210996e-13  1.32130636901573e-20 -3.29279644085461e-14  4.74957498909575e-16 -1.55244365224654e-15  -0.00398647096561308  1.09345644583301e-18      1.99999184934245
TOTAL ENERGY: -124.225878105767	 lambda: -9.65	 population of target: 3.99197900782658
1RDM: 
     1.99997551389117   0.00158315088572292 -0.000159972723386837 -2.29081814791071e-18 -1.26448727068265e-05  5.98548953920418e-07  -6.7072029686509e-06  1.55132891743068e-12 -6.92759266094583e-16  4.88664224444685e-15
  0.00158315088572292      1.86490638419322     0.238329451385286 -1.20289951019657e-16   0.00324371322027067 -0.000237424685447939   0.00161726876420565  1.74762770195433e-10 -7.03364449295283e-14  3.15977229134359e-13
-0.000159972723386837     0.238329451385286    0.0557913953741552  4.03202623817625e-16   -0.0202646397268137   0.00168366787575029  -0.00988123016314315  2.01727170765036e-11 -7.05783618605599e-15 -8.66267937689438e-13
-2.29081814791071e-18 -1.20289951019657e-16  4.03202623817625e-16      1.99999174467234  1.11481287716066e-17    -4.94132408968e-19  2.93002060332454e-18  5.99551457301119e-18  -0.00401200501864451  1.32899615944381e-20
-1.26448727068265e-05   0.00324371322027067   -0.0202646397268137  1.11481287716066e-17      1.99978285112345  1.77712397336757e-05 -0.000106153939509355 -1.73855504292369e-11  3.31393052156646e-15 -4.52087904441062e-14
 5.98548953920418e-07 -0.000237424685447939   0.00168366787575029    -4.94132408968e-19  1.77712397336757e-05      1.99999853284149   8.6759344209823e-06  1.40772190745181e-13 -6.39494972839451e-17  1.07963348394265e-15
 -6.7072029686509e-06   0.00161726876420565  -0.00988123016314315  2.93002060332454e-18 -0.000106153939509355   8.6759344209823e-06      1.99994809325493 -8.81631940602795e-13  4.45602991371256e-16 -6.25269892539072e-15
 1.55132891743068e-12  1.74762770195433e-10  2.01727170765036e-11  5.99551457301119e-18 -1.73855504292369e-11  1.40772190745181e-13 -8.81631940602795e-13    0.0398068699884496  2.88537140932957e-16  -0.00401200500854549
-6.92759266094583e-16 -7.03364449295283e-14 -7.05783618605599e-15  -0.00401200501864451  3.31393052156646e-15 -6.39494972839451e-17  4.45602991371256e-16  2.88537140932957e-16    0.0398068699884207  1.09024699855476e-18
 4.88664224444685e-15  3.15977229134359e-13 -8.66267937689438e-13  1.32899615944381e-20 -4.52087904441062e-14  1.07963348394265e-15 -6.25269892539072e-15  -0.00401200500854549  1.09024699855476e-18      1.99999174467238
TOTAL ENERGY: -124.225921507724	 lambda: -9.6	 population of target: 3.99198351714966
1RDM: 
     1.99997551215143   0.00158329431071423 -0.000160317281802629  -3.9552356350444e-17 -1.27252421597047e-05  5.99887198826011e-07 -6.74591949938656e-06  2.27614113875815e-11 -9.85426581257248e-15  9.13669529379898e-14
  0.00158329431071423      1.86495365423237     0.238117976175341  1.77976157125902e-15   0.00326168821886105 -0.000237650608653376   0.00162522408607624 -8.83353050491106e-10  3.79156090372804e-13 -4.13366915344682e-12
-0.000160317281802629     0.238117976175341    0.0557601279711025  5.23356989580033e-15   -0.0203926540459148    0.0016866019092998  -0.00993706623953954 -2.34309857200325e-10  1.00472987959704e-13 -1.20222578590642e-11
 -3.9552356350444e-17  1.77976157125902e-15  5.23356989580033e-15      1.99999163796965  1.34900778243018e-16 -4.88325829169408e-18   1.7419718464417e-17  5.99676929163655e-18   -0.0040378690000664  1.33672403810047e-20
-1.27252421597047e-05   0.00326168821886105   -0.0203926540459148  1.34900778243018e-16      1.99978010682413  1.79142834778468e-05  -0.00010742453063372 -1.03573470921015e-10  4.04904391812828e-14 -3.31529367638135e-13
 5.99887198826011e-07 -0.000237650608653376    0.0016866019092998 -4.88325829169408e-18  1.79142834778468e-05      1.99999852774806  8.73998867966085e-06   2.0650354101265e-14  -6.3835990989015e-18  1.12299073379239e-14
-6.74591949938656e-06   0.00162522408607624  -0.00993706623953954   1.7419718464417e-17  -0.00010742453063372  8.73998867966085e-06      1.99994750661766  9.27565985128223e-12  -4.0572890380454e-15 -4.00567722850079e-14
 2.27614113875815e-11 -8.83353050491106e-10 -2.34309857200325e-10  5.99676929163655e-18 -1.03573470921015e-10   2.0650354101265e-14  9.27565985128223e-12    0.0398006442575027     2.86507904214e-16   -0.0040378689878276
-9.85426581257248e-15  3.79156090372804e-13  1.00472987959704e-13   -0.0040378690000664  4.04904391812828e-14  -6.3835990989015e-18  -4.0572890380454e-15     2.86507904214e-16     0.039800644258411  1.08474622195597e-18
 9.13669529379898e-14 -4.13366915344682e-12 -1.20222578590642e-11  1.33672403810047e-20 -3.31529367638135e-13  1.12299073379239e-14 -4.00567722850079e-14   -0.0040378689878276  1.08474622195597e-18       1.9999916379697
TOTAL ENERGY: -124.225965329986	 lambda: -9.55	 population of target: 3.99198809391679
1RDM: 
     1.99997551041137   0.00158343770905136 -0.000160662644691869 -1.13195400296647e-17 -1.28066006814029e-05  6.01230057551946e-07 -6.78506884615437e-06  7.09304832820828e-12 -2.90681091115009e-15   2.7503381745069e-14
  0.00158343770905136      1.86500086138263      0.23790655768443 -3.46771030410642e-17   0.00327989193545188 -0.000237877161123736   0.00163326998139213  3.06635285151652e-10 -1.22714291288081e-13  1.04148528529516e-13
-0.000160662644691869      0.23790655768443    0.0557289882432119  1.48171684048456e-15   -0.0205223142642386   0.00168954468527216  -0.00999354129892954 -3.68526049130981e-11  1.54543963292148e-14  -3.5709955163076e-12
-1.13195400296647e-17 -3.46771030410642e-17  1.48171684048456e-15      1.99999152917959  4.46711712168315e-17 -1.84874927108168e-18  1.27934960388968e-17  5.99394022668063e-18  -0.00406406978741834  1.34462543279066e-20
-1.28066006814029e-05   0.00327989193545188   -0.0205223142642386  4.46711712168315e-17      1.99977730971783  1.80592540529315e-05 -0.000108718266258893 -4.60042187898015e-11  1.47083950191991e-14  -1.2952082920545e-13
 6.01230057551946e-07 -0.000237877161123736   0.00168954468527216 -1.84874927108168e-18  1.80592540529315e-05      1.99999852263052  8.80481994032829e-06  7.10035597337392e-13 -2.88155771832958e-16  4.48530827614846e-15
-6.78506884615437e-06   0.00163326998139213  -0.00999354129892954  1.27934960388968e-17 -0.000108718266258893  8.80481994032829e-06      1.99994690991972 -7.45137812498461e-12  3.08495206488129e-15 -3.08323796963812e-14
 7.09304832820828e-12  3.06635285151652e-10 -3.68526049130981e-11  5.99394022668063e-18 -4.60042187898015e-11  7.10035597337392e-13 -7.45137812498461e-12    0.0397944196676147  2.84489448169011e-16  -0.00406406977725032
-2.90681091115009e-15 -1.22714291288081e-13  1.54543963292148e-14  -0.00406406978741834  1.47083950191991e-14 -2.88155771832958e-16  3.08495206488129e-15  2.84489448169011e-16     0.039794419667902  1.08340297587477e-18
  2.7503381745069e-14  1.04148528529516e-13  -3.5709955163076e-12  1.34462543279066e-20  -1.2952082920545e-13  4.48530827614846e-15 -3.08323796963812e-14  -0.00406406977725032  1.08340297587477e-18      1.99999152917963
TOTAL ENERGY: -124.226009581794	 lambda: -9.5	 population of target: 3.99199273980664
1RDM: 
     1.99997550867114   0.00158358116797248 -0.000161008903191088 -9.30215461522772e-19 -1.28889691602723e-05  6.02577549152261e-07 -6.82465834859274e-06  1.50322821341271e-13 -1.80780461025269e-16  1.09964307419904e-15
  0.00158358116797248      1.86504799390018     0.237695204453613 -3.28905240982702e-17   0.00329832894630732 -0.000238104369347535   0.00164140814665092  3.57530685499683e-11 -1.81575100765458e-14  8.62165487358131e-14
-0.000161008903191088     0.237695204453613    0.0556979825042731  1.81893724584357e-16   -0.0206536518810101   0.00169249640517276   -0.0100506672658519 -1.19926229318615e-11  5.18653216265351e-15 -2.58837945533096e-13
-9.30215461522772e-19 -3.28905240982702e-17  1.81893724584357e-16      1.99999141824934  5.24417391212884e-18 -2.58722486288649e-19  2.28195328121483e-19  5.99355970834285e-18  -0.00409061351018197  1.35258301828587e-20
-1.28889691602723e-05   0.00329832894630732   -0.0206536518810101  5.24417391212884e-18      1.99977445844484  1.82061906429972e-05 -0.000110035721501062 -1.34855686335029e-11  1.92461339600216e-15 -2.92035259907707e-14
 6.02577549152261e-07 -0.000238104369347535   0.00169249640517276 -2.58722486288649e-19  1.82061906429972e-05      1.99999851748842  8.87044343563248e-06  1.55622151695238e-13   -6.915353541827e-17  4.37474816890329e-16
-6.82465834859274e-06   0.00164140814665092   -0.0100506672658519  2.28195328121483e-19 -0.000110035721501062  8.87044343563248e-06      1.99994630292016  7.27989788426328e-13 -1.25473079507886e-16  1.23014079695581e-15
 1.50322821341271e-13  3.57530685499683e-11 -1.19926229318615e-11  5.99355970834285e-18 -1.34855686335029e-11  1.55622151695238e-13  7.27989788426328e-13    0.0397881997858046  2.82466816539567e-16  -0.00409061350058975
-1.80780461025269e-16 -1.81575100765458e-14  5.18653216265351e-15  -0.00409061351018197  1.92461339600216e-15   -6.915353541827e-17 -1.25473079507886e-16  2.82466816539567e-16    0.0397881997864516  1.07950668707479e-18
 1.09964307419904e-15  8.62165487358131e-14 -2.58837945533096e-13  1.35258301828587e-20 -2.92035259907707e-14  4.37474816890329e-16  1.23014079695581e-15  -0.00409061350058975  1.07950668707479e-18      1.99999141824938
TOTAL ENERGY: -124.226054273033	 lambda: -9.45	 population of target: 3.99199745659161
1RDM: 
     1.99997550693172   0.00158372461590326 -0.000161356066399939  -1.0659708563683e-17 -1.29723644031983e-05  6.03929688110635e-07 -6.86469561168914e-06  2.93809839205044e-12 -2.80929830388881e-15  1.07753213256612e-14
  0.00158372461590326      1.86509505751482     0.237483916629057 -1.47193686296478e-16   0.00331700362380508 -0.000238332221598921   0.00164964005064161  2.20759928780679e-10 -1.64893918067487e-13    2.909804412669e-13
-0.000161356066399939     0.237483916629057     0.055667110644935  1.49882152099406e-15    -0.020786699897017   0.00169545698800025    -0.010108454356587  1.38329646017139e-11 -3.57344069039316e-15 -1.64239188593378e-12
 -1.0659708563683e-17 -1.47193686296478e-16  1.49882152099406e-15      1.99999130512106  4.46047036043467e-17 -1.86077211337393e-18  1.35029801326833e-17  5.97915822402765e-18  -0.00411750726247928  1.36063874268316e-20
-1.29723644031983e-05   0.00331700362380508    -0.020786699897017  4.46047036043467e-17      1.99977155159142  1.83551309398198e-05 -0.000111377470738282 -2.46791019819921e-11    1.374732718134e-14 -6.93967058617798e-14
 6.03929688110635e-07 -0.000238332221598921   0.00169545698800025 -1.86077211337393e-18  1.83551309398198e-05      1.99999851232184  8.93687157160998e-06  2.59797535388064e-13 -2.46257289065871e-16  2.02720676528552e-15
-6.86469561168914e-06   0.00164964005064161    -0.010108454356587  1.35029801326833e-17 -0.000111377470738282  8.93687157160998e-06      1.99994568539124 -2.74340210702848e-12  2.98043040105298e-15 -1.38647556209879e-14
 2.93809839205044e-12  2.20759928780679e-10  1.38329646017139e-11  5.97915822402765e-18 -2.46791019819921e-11  2.59797535388064e-13 -2.74340210702848e-12     0.039781982690744  2.80440867980565e-16  -0.00411750725279619
-2.80929830388881e-15 -1.64893918067487e-13 -3.57344069039316e-15  -0.00411750726247928    1.374732718134e-14 -2.46257289065871e-16  2.98043040105298e-15  2.80440867980565e-16    0.0397819826711068  1.08960066832352e-18
 1.07753213256612e-14    2.909804412669e-13 -1.64239188593378e-12  1.36063874268316e-20 -6.93967058617798e-14  2.02720676528552e-15 -1.38647556209879e-14  -0.00411750725279619  1.08960066832352e-18      1.99999130512111
TOTAL ENERGY: -124.226099413821	 lambda: -9.4	 population of target: 3.99200224609776
1RDM: 
      1.9999755051918   0.00158386808380249  -0.00016170402881622 -1.24161940782872e-18 -1.30568069072216e-05  6.05286382194243e-07 -6.90518722414251e-06  5.51662409379982e-13  -1.9010584512083e-17  7.10626022360161e-15
  0.00158386808380249      1.86514205011654     0.237272696583273  3.11156874709844e-16   0.00333592071659766    -0.000238560720533    0.0016579674288295 -4.52836628329083e-10  1.08635413771491e-13 -1.34933710807021e-12
 -0.00016170402881622     0.237272696583273    0.0556363748573635 -3.30465772912826e-17   -0.0209214916699237   0.00169842648038513   -0.0101669153704411 -1.15869609286841e-10  2.60082284548076e-14  2.65315656908787e-15
-1.24161940782872e-18  3.11156874709844e-16 -3.30465772912826e-17      1.99999118973793 -7.52745610822799e-19  2.45286503648661e-20  3.35292928788891e-19  5.99131086389131e-18  -0.00414475761958289  1.36877397592476e-20
-1.30568069072216e-05   0.00333592071659766   -0.0209214916699237 -7.52745610822799e-19      1.99976858770454  1.85061145546559e-05 -0.000112744128615341 -1.41478878541382e-11  3.93652018116129e-16 -2.43822954684836e-14
 6.05286382194243e-07    -0.000238560720533   0.00169842648038513  2.45286503648661e-20  1.85061145546559e-05       1.9999985071306  9.00411968586544e-06  1.49834718282002e-13 -2.41834872194857e-17   1.0822891464957e-16
-6.90518722414251e-06    0.0016579674288295   -0.0101669153704411  3.35292928788891e-19 -0.000112744128615341  9.00411968586544e-06      1.99994505707526 -2.76633013442398e-12  5.16664233556904e-16 -3.13560364514658e-15
 5.51662409379982e-13 -4.52836628329083e-10 -1.15869609286841e-10  5.99131086389131e-18 -1.41478878541382e-11  1.49834718282002e-13 -2.76633013442398e-12    0.0397757692338147  2.78431209564666e-16  -0.00414475761630149
 -1.9010584512083e-17  1.08635413771491e-13  2.60082284548076e-14  -0.00414475761958289  3.93652018116129e-16 -2.41834872194857e-17  5.16664233556904e-16  2.78431209564666e-16    0.0397757692142065  1.07303357160611e-18
 7.10626022360161e-15 -1.34933710807021e-12  2.65315656908787e-15  1.36877397592476e-20 -2.43822954684836e-14   1.0822891464957e-16 -3.13560364514658e-15  -0.00414475761630149  1.07303357160611e-18      1.99999118973794
TOTAL ENERGY: -124.226145014577	 lambda: -9.35	 population of target: 3.9920071102119
1RDM: 
     1.99997550345196   0.00158401157173242 -0.000162052947540774 -1.68171343718324e-19 -1.31423166904884e-05  6.06647850925493e-07 -6.94614284375214e-06  4.85745318371387e-13 -1.57785088590469e-17  4.74136780761511e-15
  0.00158401157173242      1.86518897248092     0.237061546561376  1.84221896439747e-17   0.00335508494749495 -0.000238789872741016   0.00166639192825105 -2.32377569282392e-10  5.90829806086014e-15 -7.25271953694982e-13
-0.000162052947540774     0.237061546561376     0.055605776872855  2.76635202551438e-17   -0.0210580621536161   0.00170140489689879    -0.010226061216466 -6.45971746906414e-11  1.64993310558977e-15 -1.17365969226319e-13
-1.68171343718324e-19  1.84221896439747e-17  2.76635202551438e-17      1.99999107203791  4.15106449451515e-19 -2.77133879898279e-20  1.89941937864578e-19  5.99061340291706e-18  -0.00417237211284674  1.37701046339231e-20
-1.31423166904884e-05   0.00335508494749495   -0.0210580621536161  4.15106449451515e-19      1.99976556527049  1.86591824725295e-05 -0.000114136310110622 -1.35584650422281e-11  1.01617828264917e-16 -2.68608042080117e-14
 6.06647850925493e-07 -0.000238789872741016   0.00170140489689879 -2.77133879898279e-20  1.86591824725295e-05      1.99999850191459  9.07220150313964e-06  1.21569473617817e-13 -3.40350157070119e-18   2.3671360053477e-16
-6.94614284375214e-06   0.00166639192825105    -0.010226061216466  1.89941937864578e-19 -0.000114136310110622  9.07220150313964e-06      1.99994441772816 -1.58197775061262e-12  4.51644517313115e-17 -2.32804959842382e-15
 4.85745318371387e-13 -2.32377569282392e-10 -6.45971746906414e-11  5.99061340291706e-18 -1.35584650422281e-11  1.21569473617817e-13 -1.58197775061262e-12    0.0397695591024891  2.76412064659341e-16  -0.00417237210246157
-1.57785088590469e-17  5.90829806086014e-15  1.64993310558977e-15  -0.00417237211284674  1.01617828264917e-16 -3.40350157070119e-18  4.51644517313115e-17  2.76412064659341e-16    0.0397695591026913  1.06925916076939e-18
 4.74136780761511e-15 -7.25271953694982e-13 -1.17365969226319e-13  1.37701046339231e-20 -2.68608042080117e-14   2.3671360053477e-16 -2.32804959842382e-15  -0.00417237210246157  1.06925916076939e-18      1.99999107203795
TOTAL ENERGY: -124.226191085946	 lambda: -9.3	 population of target: 3.99201205087598
1RDM: 
     1.99997550171235    0.0015841550859772 -0.000162402805913894 -5.14485741616348e-18 -1.32289138198962e-05  6.08014040821459e-07 -6.98756987645701e-06  4.24920559865093e-12   -1.404230165833e-15  1.52707623787373e-14
   0.0015841550859772      1.86523582171173     0.236850469130199 -1.91403189286566e-16   0.00337450120017704 -0.000239019677362015   0.00167491525155348   3.7772347922669e-10 -1.17144781567335e-13  6.48840941585425e-13
-0.000162402805913894     0.236850469130199     0.055575319654662  8.49506252515936e-16   -0.0211964466977851   0.00170439225446513   -0.0102859041191298  1.50727823512961e-11 -3.67720948247693e-15 -2.54267836903925e-12
-5.14485741616348e-18 -1.91403189286566e-16  8.49506252515936e-16      1.99999095195874  2.54560604616808e-17 -1.01113192637657e-18  7.21869954502478e-18  5.98903352124889e-18  -0.00420035804061664  1.38534208778756e-20
-1.32289138198962e-05   0.00337450120017704   -0.0211964466977851  2.54560604616808e-17      1.99976248273566  1.88143762849163e-05 -0.000115554657323798 -3.37113957740467e-11  7.75984800230114e-15 -9.87654973069114e-14
 6.08014040821459e-07 -0.000239019677362015   0.00170439225446513 -1.01113192637657e-18  1.88143762849163e-05      1.99999849667371  9.14113193328094e-06  3.98035803394743e-13 -1.30913818629591e-16  3.03889784516579e-15
-6.98756987645701e-06   0.00167491525155348   -0.0102859041191298  7.21869954502478e-18 -0.000115554657323798  9.14113193328094e-06      1.99994376708874 -4.50367958816777e-12  1.51748581694636e-15 -2.15400505868785e-14
 4.24920559865093e-12   3.7772347922669e-10  1.50727823512961e-11  5.98903352124889e-18 -3.37113957740467e-11  3.98035803394743e-13 -4.50367958816777e-12    0.0397633532529419  2.74392799832595e-16  -0.00420035802968968
  -1.404230165833e-15 -1.17144781567335e-13 -3.67720948247693e-15  -0.00420035804061664  7.75984800230114e-15 -1.30913818629591e-16  1.51748581694636e-15  2.74392799832595e-16    0.0397633532526988  1.06629240646358e-18
 1.52707623787373e-14  6.48840941585425e-13 -2.54267836903925e-12  1.38534208778756e-20 -9.87654973069114e-14  3.03889784516579e-15 -2.15400505868785e-14  -0.00420035802968968  1.06629240646358e-18      1.99999095195878
TOTAL ENERGY: -124.226237638879	 lambda: -9.25	 population of target: 3.99201707009586
1RDM: 
     1.99997549997253   0.00158429861483342 -0.000162753530812199  5.62222910463486e-18 -1.33166186125161e-05  6.09384881326552e-07 -7.02947549431476e-06 -4.85413904647483e-12  1.35685025137788e-15  -1.9810265232618e-14
  0.00158429861483342       1.8652825993516     0.236639466757972  -6.3771126269555e-17   0.00339417447257102 -0.000239250129061361   0.00168353912396248 -1.43528224825611e-10  3.16765463924964e-14  1.52475663226783e-13
-0.000162753530812199     0.236639466757972    0.0555450047205362 -6.51097101291546e-16   -0.0213366815343279   0.00170738851891598   -0.0103464566506973  2.16569658479029e-11 -9.51251413677919e-15   2.3567590037494e-12
 5.62222910463486e-18  -6.3771126269555e-17 -6.51097101291546e-16      1.99999082943669 -2.12644792306439e-17  8.65455329585775e-19 -5.38788893775391e-18  5.98821918425287e-18  -0.00422872274883569  1.39377368271901e-20
-1.33166186125161e-05   0.00339417447257102   -0.0213366815343279 -2.12644792306439e-17      1.99975933849595  1.89717380997939e-05 -0.000116999832789174  1.33308109889643e-11 -6.78404999972482e-15  5.36813904457829e-14
 6.09384881326552e-07 -0.000239250129061361   0.00170738851891598  8.65455329585775e-19  1.89717380997939e-05      1.99999849140792  9.21092602475394e-06 -4.68971493793387e-13  1.35041300939235e-16  -3.1410221254092e-15
-7.02947549431476e-06   0.00168353912396248   -0.0103464566506973 -5.38788893775391e-18 -0.000116999832789174  9.21092602475394e-06      1.99994310488768  3.50679631324131e-12 -1.09288457790667e-15  1.90697020617412e-14
-4.85413904647483e-12 -1.43528224825611e-10  2.16569658479029e-11  5.98821918425287e-18  1.33308109889643e-11 -4.68971493793387e-13  3.50679631324131e-12    0.0397571511451762  2.72375761452842e-16  -0.00422872273897568
 1.35685025137788e-15  3.16765463924964e-14 -9.51251413677919e-15  -0.00422872274883569 -6.78404999972482e-15  1.35041300939235e-16 -1.09288457790667e-15  2.72375761452842e-16     0.039757151145192  1.06250033497368e-18
 -1.9810265232618e-14  1.52475663226783e-13   2.3567590037494e-12  1.39377368271901e-20  5.36813904457829e-14  -3.1410221254092e-15  1.90697020617412e-14  -0.00422872273897568  1.06250033497368e-18      1.99999082943673
TOTAL ENERGY: -124.226284684712	 lambda: -9.2	 population of target: 3.99202216995203
1RDM: 
     1.99997549823254   0.00158444217274234 -0.000163105194215627 -8.21172988428015e-19 -1.34054533480169e-05  6.10760466911199e-07 -7.07186911468466e-06  1.05844811244417e-12  -2.2213804838066e-16  4.08626223388992e-15
  0.00158444217274234      1.86532930410444      0.23642854205524 -1.12580905087537e-16    0.0034141099561425 -0.000239481236649567   0.00169226539773516  1.28088180900548e-10 -3.68011942995108e-14  3.61542875710752e-13
-0.000163105194215627      0.23642854205524    0.0555148344936046  2.49636621460723e-16   -0.0214788042156145   0.00171039376032221   -0.0104077315413196 -3.44299774117204e-11  8.23660101497572e-15 -9.63575186011876e-13
-8.21172988428015e-19 -1.12580905087537e-16  2.49636621460723e-16      1.99999070440476  7.51317609527695e-18   -1.774372223206e-19  1.19757153989452e-18  5.98986681817748e-18  -0.00425747403550921  1.40225231983546e-20
-1.34054533480169e-05    0.0034141099561425   -0.0214788042156145  7.51317609527695e-18      1.99975613088522  1.91313125924089e-05 -0.000118472521382837 -2.16530039181555e-11  2.80997522965893e-15 -5.25784114077221e-14
 6.10760466911199e-07 -0.000239481236649567   0.00171039376032221   -1.774372223206e-19  1.91313125924089e-05      1.99999848611702  9.28159963692544e-06  1.22000353060003e-13 -2.43243761032997e-17  7.64933929940359e-16
-7.07186911468466e-06   0.00169226539773516   -0.0104077315413196  1.19757153989452e-18 -0.000118472521382837  9.28159963692544e-06      1.99994243084822 -1.62158246671215e-12  3.57320773893049e-16 -5.22947035521595e-15
 1.05844811244417e-12  1.28088180900548e-10 -3.44299774117204e-11  5.98986681817748e-18 -2.16530039181555e-11  1.22000353060003e-13 -1.62158246671215e-12    0.0397509532546571  2.70336315649907e-16  -0.00425747402400236
 -2.2213804838066e-16 -3.68011942995108e-14  8.23660101497572e-15  -0.00425747403550921  2.80997522965893e-15 -2.43243761032997e-17  3.57320773893049e-16  2.70336315649907e-16    0.0397509532547198  1.05586910684881e-18
 4.08626223388992e-15  3.61542875710752e-13 -9.63575186011876e-13  1.40225231983546e-20 -5.25784114077221e-14  7.64933929940359e-16 -5.22947035521595e-15  -0.00425747402400236  1.05586910684881e-18      1.99999070440482
TOTAL ENERGY: -124.226332235	 lambda: -9.15	 population of target: 3.99202735258284
1RDM: 
     1.99997549649288   0.00158458573572958  -0.00016345778024837   2.0441211500664e-20 -1.34954384842897e-05  6.12140764169039e-07  -7.1147586596124e-06 -6.28114702213716e-14 -1.24854671083201e-17 -8.18518767226395e-16
  0.00158458573572958      1.86537593556651      0.23621769748988 -8.13518829729639e-17   0.00343431284842824 -0.000239712990003646   0.00170109581188134  7.67431901727909e-11 -1.81637303194702e-14  3.20584672287287e-13
 -0.00016345778024837      0.23621769748988    0.0554848113100276  6.68060477614346e-17   -0.0216228530476341   0.00171340790142328   -0.0104697411866163 -2.15122608662665e-11  9.25383679901984e-15 -1.11842300531592e-13
  2.0441211500664e-20 -8.13518829729639e-17  6.68060477614346e-17       1.9999905767929  2.55105359177443e-18  6.59657921561041e-20  5.30794538150612e-19   5.9995143836716e-18  -0.00428662009065233  1.41043448208897e-20
