TOTAL ENERGY: -123.952193466555	 lambda: -10	 population of target: 3.99949211236629
1RDM: 
     1.99997495845202   0.00163100908758357   0.00012101089945115  3.38230193135422e-17 -3.78956344537689e-06 -1.79357769359868e-08 -1.85576621704885e-06 -9.72815618918627e-14 -2.15215523963746e-14 -1.46005386238487e-16
  0.00163100908758357      1.88083782214138    -0.131405004840545  -4.2753375324738e-15   0.00064517842470532 -1.32500467450569e-06  0.000305438626582305  2.51275906625891e-11   6.0075875049908e-12  1.81031151035584e-14
  0.00012101089945115    -0.131405004840545    0.0423037064572556  6.21809210446072e-16   0.00614639837904451 -4.07340502612899e-05   0.00284745052208113 -4.17612485613216e-12 -1.01805859267009e-12 -2.70278498505687e-15
 3.38230193135422e-17  -4.2753375324738e-15  6.21809210446072e-16      1.99999961205202 -1.26283502914679e-17 -1.44644188440291e-19 -5.54076754886504e-18  1.10857249583229e-17  0.000871127062285673  4.85146609274084e-21
-3.78956344537689e-06   0.00064517842470532   0.00614639837904451 -1.26283502914679e-17      1.99998018300374  1.24931094288093e-07 -9.19441054776625e-06 -9.88192917360757e-12  3.39821075760069e-14 -4.39832858779956e-15
-1.79357769359868e-08 -1.32500467450569e-06 -4.07340502612899e-05 -1.44644188440291e-19  1.24931094288093e-07      1.99999999913425   5.7794899985691e-08  3.87077310391171e-15  4.23009697432446e-16  1.52284814439548e-18
-1.85576621704885e-06  0.000305438626582305   0.00284745052208113 -5.54076754886504e-18 -9.19441054776625e-06   5.7794899985691e-08       1.9999957337074  6.14204806047999e-14  1.52334482312744e-14  2.23993825837273e-17
-9.72815618918627e-14  2.51275906625891e-11 -4.17612485613216e-12  1.10857249583229e-17 -9.88192917360757e-12  3.87077310391171e-15  6.14204806047999e-14    0.0384541864998973  5.00369604801059e-16 -0.000871127071479015
-2.15215523963746e-14   6.0075875049908e-12 -1.01805859267009e-12  0.000871127062285673  3.39821075760069e-14  4.23009697432446e-16  1.52334482312744e-14  5.00369604801059e-16    0.0384541865000209  3.81519507164241e-19
-1.46005386238487e-16  1.81031151035584e-14 -2.70278498505687e-15  4.85146609274084e-21 -4.39832858779956e-15  1.52284814439548e-18  2.23993825837273e-17 -0.000871127071479015  3.81519507164241e-19      1.99999961205201
TOTAL ENERGY: -123.952196577184	 lambda: -9.95	 population of target: 3.99949242421117
1RDM: 
     1.99997495837336   0.00163101822899622  0.000121045827429764  4.18934845860727e-18 -3.81207771398482e-06 -1.79915989115477e-08 -1.86579157736964e-06  1.52638420306161e-14 -2.90839812016312e-15  2.74702359943747e-17
  0.00163101822899622      1.88083904429158    -0.131391431069598 -5.54678069188065e-16   0.00064910073102872 -1.32276297104655e-06  0.000307113435985767 -4.94892237867097e-12  7.79196563005962e-13 -3.52534913297482e-15
 0.000121045827429764    -0.131391431069598    0.0423036841841787 -1.17272075480422e-16   0.00618505912641385 -4.07647197087696e-05   0.00286355470830318  8.35293368806329e-13 -1.29595677933743e-13  8.00522699440892e-16
 4.18934845860727e-18 -5.54678069188065e-16 -1.17272075480422e-16       1.9999996071227  -9.5005282366555e-19 -4.11012562947871e-20 -4.57803243256767e-19  1.11141434494112e-17   0.00087664567700024  4.88702476936752e-21
-3.81207771398482e-06   0.00064910073102872   0.00618505912641385  -9.5005282366555e-19      1.99997993335688  1.25806203892786e-07  -9.3043850926619e-06 -1.00427027453027e-11  4.13719709877682e-15 -4.48698210787252e-15
-1.79915989115477e-08 -1.32276297104655e-06 -4.07647197087696e-05 -4.11012562947871e-20  1.25806203892786e-07      1.99999999913287  5.81627413611062e-08  3.69218291220661e-16  9.60384704143574e-17  2.06117283283153e-19
-1.86579157736964e-06  0.000307113435985767   0.00286355470830318 -4.57803243256767e-19  -9.3043850926619e-06  5.81627413611062e-08      1.99999568539122 -1.40483803177519e-14  1.97651481933689e-15 -5.63265167272606e-18
 1.52638420306161e-14 -4.94892237867097e-12  8.35293368806329e-13  1.11141434494112e-17 -1.00427027453027e-11  3.69218291220661e-16 -1.40483803177519e-14    0.0384537405122348  4.97126418727447e-16 -0.000876645686532884
-2.90839812016312e-15  7.79196563005962e-13 -1.29595677933743e-13   0.00087664567700024  4.13719709877682e-15  9.60384704143574e-17  1.97651481933689e-15  4.97126418727447e-16     0.038453740512308  3.99095398817926e-19
 2.74702359943747e-17 -3.52534913297482e-15  8.00522699440892e-16  4.88702476936752e-21 -4.48698210787252e-15  2.06117283283153e-19 -5.63265167272606e-18 -0.000876645686532884  3.99095398817926e-19      1.99999960712269
TOTAL ENERGY: -123.952199729446	 lambda: -9.9	 population of target: 3.99949274182182
1RDM: 
     1.99997495829464   0.00163102736608816  0.000121080672734506   3.2607573643554e-19 -3.83486037081481e-06 -1.80478881290833e-08 -1.87592552209683e-06  4.41477675924749e-15 -4.83367080555166e-16  8.43637527580767e-18
  0.00163102736608816       1.8808402651165    -0.131377866495209 -6.95343078123586e-17  0.000653071652199997 -1.32046331289952e-06  0.000308806948093539 -1.48439723744487e-12  1.02157140309898e-13 -1.10463625508785e-15
 0.000121080672734506    -0.131377866495209    0.0423036679407486 -2.11144051790327e-16   0.00622420977819024 -4.07949813687847e-05   0.00287984195166923  2.17270874178313e-13 -1.49306030340346e-14  4.27684790322831e-17
  3.2607573643554e-19 -6.95343078123586e-17 -2.11144051790327e-16      1.99999960209882  5.60502568236838e-19 -2.51210548974434e-20  2.07526800339442e-19  1.11297533432683e-17  0.000882234660443941  4.92317290040337e-21
-3.83486037081481e-06  0.000653071652199997   0.00622420977819024  5.60502568236838e-19      1.99997967895899  1.26691058208579e-07 -9.41634702402838e-06 -1.00191077434833e-11  2.92620400514432e-16 -4.50531656447181e-15
-1.80478881290833e-08 -1.32046331289952e-06 -4.07949813687847e-05 -2.51210548974434e-20  1.26691058208579e-07      1.99999999913151  5.85341380370226e-08  9.74455536521851e-17  4.79004676614023e-17   5.8996194981709e-20
-1.87592552209683e-06  0.000308806948093539   0.00287984195166923  2.07526800339442e-19 -9.41634702402838e-06  5.85341380370226e-08      1.99999563624988 -4.73573362741285e-15  2.49751973920027e-16 -1.69578484579543e-18
 4.41477675924749e-15 -1.48439723744487e-12  2.17270874178313e-13  1.11297533432683e-17 -1.00191077434833e-11  9.74455536521851e-17 -4.73573362741285e-15    0.0384532950550677  4.93849024388855e-16 -0.000882234670034592
-4.83367080555166e-16  1.02157140309898e-13 -1.49306030340346e-14  0.000882234660443941  2.92620400514432e-16  4.79004676614023e-17  2.49751973920027e-16  4.93849024388855e-16     0.038453295055044  4.03540645841041e-19
 8.43637527580767e-18 -1.10463625508785e-15  4.27684790322831e-17  4.92317290040337e-21 -4.50531656447181e-15   5.8996194981709e-20 -1.69578484579543e-18 -0.000882234670034592  4.03540645841041e-19      1.99999960209881
TOTAL ENERGY: -123.952202924197	 lambda: -9.85	 population of target: 3.99949306534346
1RDM: 
     1.99997495821594   0.00163103649601265  0.000121115432025894  -6.9736601568193e-20 -3.85791625938753e-06 -1.81046508530927e-08  -1.8861698437569e-06  2.77197586493506e-15 -2.23637024686628e-16  4.90704887989292e-18
  0.00163103649601265      1.88084148459662    -0.131364311294068 -1.99223770365332e-17   0.00065709210104884 -1.31810471930593e-06  0.000310519478711733 -7.90601958789949e-13  3.41122052491358e-14 -6.41791537113256e-16
 0.000121115432025894    -0.131364311294068    0.0423036578690704 -2.16802999350403e-16   0.00626385972231334 -4.08248262701971e-05   0.00289631537562102  8.41822878102734e-14 -3.84209580098853e-15 -2.06059181031021e-16
 -6.9736601568193e-20 -1.99223770365332e-17 -2.16802999350403e-16      1.99999959697795  6.82940054704814e-19  -2.0335889475929e-20  2.75455519460843e-19  1.11429999504704e-17  0.000887895368180602  4.95983027745509e-21
-3.85791625938753e-06   0.00065709210104884   0.00626385972231334  6.82940054704814e-19      1.99997941968862  1.27585814835012e-07 -9.53034455149296e-06  -1.0013238003963e-11 -4.01315650069578e-17 -4.53136364813153e-15
-1.81046508530927e-08 -1.31810471930593e-06 -4.08248262701971e-05  -2.0335889475929e-20  1.27585814835012e-07      1.99999999913016  5.89091370465191e-08 -1.00031284579673e-16  3.60025715924127e-17 -3.27917450020872e-20
 -1.8861698437569e-06  0.000310519478711733   0.00289631537562102  2.75455519460843e-19 -9.53034455149296e-06  5.89091370465191e-08      1.99999558626456 -2.70036661828243e-15   6.7072090697222e-17   -7.114555332854e-19
 2.77197586493506e-15 -7.90601958789949e-13  8.41822878102734e-14  1.11429999504704e-17  -1.0013238003963e-11 -1.00031284579673e-16 -2.70036661828243e-15    0.0384528501395321  4.90571794921948e-16 -0.000887895377848819
-2.23637024686628e-16  3.41122052491358e-14 -3.84209580098853e-15  0.000887895368180602 -4.01315650069578e-17  3.60025715924127e-17   6.7072090697222e-17  4.90571794921948e-16     0.038452850139628  4.05522125174372e-19
 4.90704887989292e-18 -6.41791537113256e-16 -2.06059181031021e-16  4.95983027745509e-21 -4.53136364813153e-15 -3.27917450020872e-20   -7.114555332854e-19 -0.000887895377848819  4.05522125174372e-19      1.99999959697794
TOTAL ENERGY: -123.952206162318	 lambda: -9.8	 population of target: 3.99949339492585
1RDM: 
     1.99997495813726    0.0016310456185102  0.000121150103595116 -1.73627104967111e-19 -3.88125033279886e-06 -1.81618942263399e-08 -1.89652635813095e-06  2.23520914683174e-15 -1.42557896326875e-16  3.60547106727171e-18
   0.0016310456185102      1.88084270271311    -0.131350765646137  -7.0863183703705e-18   0.00066116301131718 -1.31568599448393e-06  0.000312251349982791 -5.10489128561387e-13  1.67588038881263e-14 -4.63976576068123e-16
 0.000121150103595116    -0.131350765646137    0.0423036541148796 -2.16594287582801e-16   0.00630401857430997 -4.08542429343756e-05   0.00291297818568146  2.83141136586928e-14 -1.26127897218013e-15 -3.27078621548312e-16
-1.73627104967111e-19  -7.0863183703705e-18 -2.16594287582801e-16      1.99999959175757  6.98293907708457e-19 -1.68294746367039e-20  2.90553884088285e-19  1.11542766506602e-17  0.000893629189664643  4.99701516604197e-21
-3.88125033279886e-06   0.00066116301131718   0.00630401857430997  6.98293907708457e-19      1.99997915542048  1.28490627014868e-07 -9.64642736594288e-06 -1.00106361795812e-11 -9.09343844730907e-17 -4.55929155076878e-15
-1.81618942263399e-08 -1.31568599448393e-06 -4.08542429343756e-05 -1.68294746367039e-20  1.28490627014868e-07      1.99999999912882  5.92877829694968e-08 -2.12100174878823e-16  2.78459612278823e-17  -8.3197488468892e-20
-1.89652635813095e-06  0.000312251349982791   0.00291297818568146  2.90553884088285e-19 -9.64642736594288e-06  5.92877829694968e-08      1.99999553541581 -1.74514766975521e-15  2.42550020077918e-17 -2.25884147823834e-19
 2.23520914683174e-15 -5.10489128561387e-13  2.83141136586928e-14  1.11542766506602e-17 -1.00106361795812e-11 -2.12100174878823e-16 -1.74514766975521e-15    0.0384524057772389  4.87294670338002e-16 -0.000893629199404491
-1.42557896326875e-16  1.67588038881263e-14 -1.26127897218013e-15  0.000893629189664643 -9.09343844730907e-17  2.78459612278823e-17  2.42550020077918e-17  4.87294670338002e-16    0.0384524057772699  4.05414640392495e-19
 3.60547106727171e-18 -4.63976576068123e-16 -3.27078621548312e-16  4.99701516604197e-21 -4.55929155076878e-15  -8.3197488468892e-20 -2.25884147823834e-19 -0.000893629199404491  4.05414640392495e-19      1.99999959175757
TOTAL ENERGY: -123.952209444714	 lambda: -9.75	 population of target: 3.99949373072352
1RDM: 
      1.9999749580586   0.00163105473343042   0.00012118468566164  -2.1525418872412e-19 -3.90486766612335e-06 -1.82196253356168e-08 -1.90699692270761e-06  1.91689004241852e-15 -1.00187703796746e-16  3.10111679852194e-18
  0.00163105473343042      1.88084391944664    -0.131337229733982 -2.12274886764021e-18  0.000665285340468654 -1.31320592368499e-06  0.000314002891382209 -3.81089182080302e-13  1.01055267434665e-14 -3.92454148346933e-16
  0.00012118468566164    -0.131337229733982    0.0423036568297358 -2.15574931602817e-16   0.00634469619812821 -4.08832195187061e-05   0.00292983365991864   2.1412578372651e-15 -4.30194898040037e-16 -3.95786778431946e-16
 -2.1525418872412e-19 -2.12274886764021e-18 -2.15574931602817e-16       1.9999995864351  6.94586621506609e-19 -1.38932190078856e-20  2.94548529387319e-19  1.11646946754302e-17  0.000899437550575775  5.03474628952861e-21
-3.90486766612335e-06  0.000665285340468654   0.00634469619812821  6.94586621506609e-19      1.99997888602523  1.29405650794532e-07 -9.76464668090571e-06 -1.00094910072516e-11 -8.79271177691581e-17 -4.58827826123695e-15
-1.82196253356168e-08 -1.31320592368499e-06 -4.08832195187061e-05 -1.38932190078856e-20  1.29405650794532e-07       1.9999999991275  5.96701208461651e-08 -2.45247117393432e-16   2.1185329739367e-17 -9.66672913831253e-20
-1.90699692270761e-06  0.000314002891382209   0.00292983365991864  2.94548529387319e-19 -9.76464668090571e-06  5.96701208461651e-08      1.99999548368367 -1.30346341330326e-15  1.19695600247888e-17  1.96351640661498e-20
 1.91689004241852e-15 -3.81089182080302e-13   2.1412578372651e-15  1.11646946754302e-17 -1.00094910072516e-11 -2.45247117393432e-16 -1.30346341330326e-15    0.0384519619792266   4.8401767559005e-16 -0.000899437560368968
-1.00187703796746e-16  1.01055267434665e-14 -4.30194898040037e-16  0.000899437550575775 -8.79271177691581e-17   2.1185329739367e-17  1.19695600247888e-17   4.8401767559005e-16    0.0384519619792008  4.04310799334042e-19
 3.10111679852194e-18 -3.92454148346933e-16 -3.95786778431946e-16  5.03474628952861e-21 -4.58827826123695e-15 -9.66672913831253e-20  1.96351640661498e-20 -0.000899437560368968  4.04310799334042e-19      1.99999958643509
TOTAL ENERGY: -123.952212772314	 lambda: -9.7	 population of target: 3.99949407289598
1RDM: 
     1.99997495797996   0.00163106384061482  0.000121219176454305 -2.43957949028393e-19 -3.92877345818628e-06 -1.82778514802611e-08 -1.91758343547829e-06  1.47322226386149e-15 -6.56234386941362e-17  2.72948444693812e-18
  0.00163106384061482      1.88084513477702     -0.13132370374345  1.18084961907826e-18  0.000669460070294612  -1.3106632556936e-06  0.000315774439872638   -2.701883002346e-13  5.70627344125979e-15 -3.39730920450818e-16
 0.000121219176454305     -0.13132370374345    0.0423036661700921 -2.14466007101586e-16   0.00638590271392099 -4.09117438248723e-05   0.00294688515270638 -1.89614732887392e-14  2.74224740575699e-17 -4.59309988978543e-16
-2.43957949028393e-19  1.18084961907826e-18 -2.14466007101586e-16      1.99999958100786  6.87456593588597e-19 -1.10810680678783e-20   2.9616310193433e-19  1.11747415998465e-17  0.000905321913836822  5.07303986131094e-21
-3.92877345818628e-06  0.000669460070294612   0.00638590271392099  6.87456593588597e-19      1.99997861136932   1.3033104509765e-07  -9.8850552934301e-06 -1.00087353077296e-11 -7.45435094991085e-17 -4.61780907782154e-15
-1.82778514802611e-08  -1.3106632556936e-06 -4.09117438248723e-05 -1.10810680678783e-20   1.3033104509765e-07       1.9999999991262   6.0056196219524e-08 -2.29005714601948e-16  1.48895608831819e-17 -8.65397574927479e-20
-1.91758343547829e-06  0.000315774439872638   0.00294688515270638   2.9616310193433e-19  -9.8850552934301e-06   6.0056196219524e-08      1.99999543104758 -1.01173232905436e-15  6.50596808945235e-18  2.03979573524827e-19
 1.47322226386149e-15   -2.701883002346e-13 -1.89614732887392e-14  1.11747415998465e-17 -1.00087353077296e-11 -2.29005714601948e-16 -1.01173232905436e-15    0.0384515187570436  4.80740809418648e-16  -0.00090532192366966
-6.56234386941362e-17  5.70627344125979e-15  2.74224740575699e-17  0.000905321913836822 -7.45435094991085e-17  1.48895608831819e-17  6.50596808945235e-18  4.80740809418648e-16     0.038451518757089  4.02686214755597e-19
 2.72948444693812e-18 -3.39730920450818e-16 -4.59309988978543e-16  5.07303986131094e-21 -4.61780907782154e-15 -8.65397574927479e-20  2.03979573524827e-19  -0.00090532192366966  4.02686214755597e-19      1.99999958100785
TOTAL ENERGY: -123.952216146075	 lambda: -9.65	 population of target: 3.99949442160787
1RDM: 
     1.99997495790134   0.00163107293989278  0.000121253574082111 -2.46845941329724e-19 -3.95297303689052e-06 -1.83365799650806e-08 -1.92828783780579e-06  1.16543414398595e-15 -5.17499809487493e-17  2.92238536680805e-18
  0.00163107293989278      1.88084634868412    -0.131310187869323  1.25928700304451e-18  0.000673688207856431 -1.30805671414136e-06  0.000317566340195979  -2.8829077568409e-13  5.51726496770161e-15 -3.70329790721512e-16
 0.000121253574082111    -0.131310187869323    0.0423036822963175 -2.13651921718349e-16   0.00642764850671114 -4.09398032549739e-05   0.00296413609599882  -1.3926282417449e-14 -9.84458335503118e-17 -4.61463074813885e-16
-2.46845941329724e-19  1.25928700304451e-18 -2.13651921718349e-16      1.99999957547306  6.79357253634811e-19  -9.1087540820701e-21  2.95571536861223e-19  1.11840562619909e-17  0.000911283780984298  5.11190596127494e-21
-3.95297303689052e-06  0.000673688207856431   0.00642764850671114  6.79357253634811e-19      1.99997833131484   1.3126697171002e-07 -1.00077076409828e-05 -1.00093215710273e-11 -5.16026859589086e-17 -4.64844301553753e-15
-1.83365799650806e-08 -1.30805671414136e-06 -4.09398032549739e-05  -9.1087540820701e-21   1.3126697171002e-07      1.99999999912492  6.04460550768613e-08 -1.11088601653567e-16  1.06083234075306e-17 -2.91597324651152e-20
-1.92828783780579e-06  0.000317566340195979   0.00296413609599882  2.95571536861223e-19 -1.00077076409828e-05  6.04460550768613e-08      1.99999537748636 -1.17728167997188e-15  9.34338387326331e-18  1.41087067916861e-19
 1.16543414398595e-15  -2.8829077568409e-13  -1.3926282417449e-14  1.11840562619909e-17 -1.00093215710273e-11 -1.11088601653567e-16 -1.17728167997188e-15    0.0384510761229783  4.77464058682576e-16 -0.000911283790853857
-5.17499809487493e-17  5.51726496770161e-15 -9.84458335503118e-17  0.000911283780984298 -5.16026859589086e-17  1.06083234075306e-17  9.34338387326331e-18  4.77464058682576e-16    0.0384510761230198  4.00181902199893e-19
 2.92238536680805e-18 -3.70329790721512e-16 -4.61463074813885e-16  5.11190596127494e-21 -4.64844301553753e-15 -2.91597324651152e-20  1.41087067916861e-19 -0.000911283790853857  4.00181902199893e-19      1.99999957547305
TOTAL ENERGY: -123.952219566977	 lambda: -9.6	 population of target: 3.99949477702923
1RDM: 
     1.99997495782274   0.00163108203104104  0.000121287876679438 -2.43282780884283e-19 -3.97747186071773e-06 -1.83958183713519e-08 -1.93911211369573e-06  8.04378417069347e-16 -4.10773965134665e-17  3.38009535446782e-18
  0.00163108203104104      1.88084756114694     -0.13129668230534  4.60624250758775e-19  0.000677970786099783 -1.30538498921412e-06  0.000319378944991514  -3.6251975910304e-13  6.43896518333608e-15 -4.43533781776084e-16
 0.000121287876679438     -0.13129668230534    0.0423037053752646 -2.12867766214733e-16   0.00646994423544226 -4.09673849735411e-05   0.00298159000235022  3.61539893662387e-15 -4.12323256167408e-16 -4.55410459603763e-16
-2.43282780884283e-19  4.60624250758775e-19 -2.12867766214733e-16      1.99999956982786  6.69136342617029e-19 -6.74893193320531e-21  2.93635622371281e-19  1.11925162636891e-17  0.000917324693327629  5.15135947453283e-21
-3.97747186071773e-06  0.000677970786099783   0.00646994423544226  6.69136342617029e-19      1.99997804571929  1.32213595877273e-07 -1.01326598655575e-05  -1.0010556196008e-11 -2.25506762192375e-17 -4.67976403120318e-15
-1.83958183713519e-08 -1.30538498921412e-06 -4.09673849735411e-05 -6.74893193320531e-21  1.32213595877273e-07      1.99999999912366  6.08397441063095e-08  1.17557772540978e-16  5.58386532755385e-18   8.0632708052869e-20
-1.93911211369573e-06  0.000319378944991514   0.00298159000235022  2.93635622371281e-19 -1.01326598655575e-05  6.08397441063095e-08      1.99999532297824 -1.69761989145316e-15  1.58323576305891e-17 -7.75414324302184e-20
 8.04378417069347e-16  -3.6251975910304e-13  3.61539893662387e-15  1.11925162636891e-17  -1.0010556196008e-11  1.17557772540978e-16 -1.69761989145316e-15    0.0384506340890498  4.74187435632906e-16 -0.000917324703244328
-4.10773965134665e-17  6.43896518333608e-15 -4.12323256167408e-16  0.000917324693327629 -2.25506762192375e-17  5.58386532755385e-18  1.58323576305891e-17  4.74187435632906e-16    0.0384506340891156  3.96667976936028e-19
 3.38009535446782e-18 -4.43533781776084e-16 -4.55410459603763e-16  5.15135947453283e-21 -4.67976403120318e-15   8.0632708052869e-20 -7.75414324302184e-20 -0.000917324703244328  3.96667976936028e-19      1.99999956982785
TOTAL ENERGY: -123.952223036032	 lambda: -9.55	 population of target: 3.99949513933562
1RDM: 
     1.99997495774417   0.00163109111403405  0.000121322082650528 -2.55189684145487e-19 -4.00227552573408e-06 -1.84555749899122e-08 -1.95005828875019e-06 -8.09709438429429e-17 -2.12947646782298e-17  2.95002178944883e-18
  0.00163109111403405      1.88084877214449    -0.131283187256022  1.54202844485627e-18  0.000682308864756329 -1.30264669589088e-06  0.000321212615090079 -2.93320514375083e-13  4.89605418712996e-15 -4.06664513701277e-16
 0.000121322082650528    -0.131283187256022    0.0423037355782276 -2.12789909469269e-16   0.00651280084071783 -4.09944756914484e-05    0.0029992504712446 -2.90761421605315e-15 -3.12496803732707e-16 -4.65980458657438e-16
-2.55189684145487e-19  1.54202844485627e-18 -2.12789909469269e-16       1.9999995640693  6.68192806821673e-19 -4.95485309438454e-21  2.93721364758099e-19  1.12024456784857e-17  0.000923446232812657  5.19142116375269e-21
-4.00227552573408e-06  0.000682308864756329   0.00651280084071783  6.68192806821673e-19      1.99997775443548  1.33171085619051e-07 -1.02599698887722e-05 -1.00108529571938e-11 -1.23654009789742e-17 -4.71110900356988e-15
-1.84555749899122e-08 -1.30264669589088e-06 -4.09944756914484e-05 -4.95485309438454e-21  1.33171085619051e-07      1.99999999912241  6.12373104458066e-08  2.81896830720788e-16  1.69075843990968e-18  1.59637208909613e-19
-1.95005828875019e-06  0.000321212615090079    0.0029992504712446  2.93721364758099e-19 -1.02599698887722e-05  6.12373104458066e-08      1.99999526750078 -1.80517618483997e-15  1.86653862736303e-17 -1.25749294709417e-19
-8.09709438429429e-17 -2.93320514375083e-13 -2.90761421605315e-15  1.12024456784857e-17 -1.00108529571938e-11  2.81896830720788e-16 -1.80517618483997e-15    0.0384501926679528  4.70910933969228e-16 -0.000923446242753396
-2.12947646782298e-17  4.89605418712996e-15 -3.12496803732707e-16  0.000923446232812657 -1.23654009789742e-17  1.69075843990968e-18  1.86653862736303e-17  4.70910933969228e-16    0.0384501926679174  3.94449251811945e-19
 2.95002178944883e-18 -4.06664513701277e-16 -4.65980458657438e-16  5.19142116375269e-21 -4.71110900356988e-15  1.59637208909613e-19 -1.25749294709417e-19 -0.000923446242753396  3.94449251811945e-19      1.99999956406929
TOTAL ENERGY: -123.952226554275	 lambda: -9.5	 population of target: 3.99949550870815
1RDM: 
     1.99997495766536   0.00163110019334708  0.000121356158837722 -8.36800234297599e-18 -4.02738981122399e-06 -1.85158261135646e-08 -1.96112850031795e-06 -1.75091586287403e-12  2.71255015544662e-14 -5.20543587694079e-16
  0.00163110019334708      1.88084998166493    -0.131269702929487 -2.55139891213693e-16   0.00068670353538107 -1.29984158549054e-06  0.000323067729636025  1.18745291650752e-11 -1.79332868542916e-13 -1.67268493202238e-14
 0.000121356158837722    -0.131269702929487     0.042303773025951 -2.96998878405176e-15   0.00655622948541477 -4.10210440792244e-05    0.0030171212357282  5.78355050650612e-12 -9.02230172946904e-14 -1.77583076975299e-13
-8.36800234297599e-18 -2.55139891213693e-16 -2.96998878405176e-15      1.99999955819432  1.24995035793773e-17  2.39225604150091e-18  5.71906533476995e-18   1.1314463204914e-17  0.000929650027089131  5.23250870955025e-21
-4.02738981122399e-06   0.00068670353538107   0.00655622948541477  1.24995035793773e-17      1.99997745731174  1.34139557566739e-07 -1.03896975397858e-05 -9.67875758562214e-12 -5.33187240520072e-15 -3.98757001884125e-15
-1.85158261135646e-08 -1.29984158549054e-06 -4.10210440792244e-05  2.39225604150091e-18  1.34139557566739e-07      1.99999999912118  6.16387784136066e-08  3.32808539324252e-13 -5.13988360637368e-15  1.55202559256502e-16
-1.96112850031795e-06  0.000323067729636025    0.0030171212357282  5.71906533476995e-18 -1.03896975397858e-05  6.16387784136066e-08      1.99999521103071  1.65416389095704e-13 -2.67453750595118e-15  3.45544142323133e-16
-1.75091586287403e-12  1.18745291650752e-11  5.78355050650612e-12   1.1314463204914e-17 -9.67875758562214e-12  3.32808539324252e-13  1.65416389095704e-13    0.0384497518957822  4.67630857723844e-16 -0.000929650037257815
 2.71255015544662e-14 -1.79332868542916e-13 -9.02230172946904e-14  0.000929650027089131 -5.33187240520072e-15 -5.13988360637368e-15 -2.67453750595118e-15  4.67630857723844e-16    0.0384497518957406  4.93281787990191e-19
-5.20543587694079e-16 -1.67268493202238e-14 -1.77583076975299e-13  5.23250870955025e-21 -3.98757001884125e-15  1.55202559256502e-16  3.45544142323133e-16 -0.000929650037257815  4.93281787990191e-19      1.99999955819431
TOTAL ENERGY: -123.952230122791	 lambda: -9.45	 population of target: 3.9994958853358
1RDM: 
     1.99997495758613   0.00163110928660992  0.000121390235155094  6.92935598482077e-17 -4.05282018854762e-06 -1.85768014706237e-08  -1.9723238467665e-06  1.51512321265122e-11 -1.67350367949385e-13  2.47711171555638e-15
  0.00163110928660992      1.88085118969339    -0.131256229547493 -1.18162424566543e-15  0.000691155862051862 -1.29695641735305e-06  0.000324944616863713 -6.19472577007045e-11   8.2138470422916e-12   4.7605909730678e-13
 0.000121390235155094    -0.131256229547493    0.0423038180452588  3.76961020659565e-14   0.00660024179181948  -4.1047127718711e-05   0.00303520659138548 -3.42935841407295e-11 -1.08655714013371e-12  3.80707602096152e-12
 6.92935598482077e-17 -1.18162424566543e-15  3.76961020659565e-14      1.99999955219985 -1.55568609988735e-16  -3.3319012081928e-17  1.15371378457833e-16  1.18655970550034e-17  0.000935937641435975  5.27711039422924e-21
-4.05282018854762e-06  0.000691155862051862   0.00660024179181948 -1.55568609988735e-16      1.99997715419046  1.35119327309784e-07 -1.05219061322801e-05 -1.35089564262226e-11  8.98545513499181e-14 -1.85964758324928e-14
-1.85768014706237e-08 -1.29695641735305e-06  -4.1047127718711e-05  -3.3319012081928e-17  1.35119327309784e-07      1.99999999911997  6.20442710057631e-08 -7.44927072879656e-12   7.2979552447801e-14 -3.39417062150621e-15
 -1.9723238467665e-06  0.000324944616863713   0.00303520659138548  1.15371378457833e-16 -1.05219061322801e-05  6.20442710057631e-08      1.99999515354279  3.99691745809745e-11 -3.53700458701625e-13  1.32747978282927e-14
 1.51512321265122e-11 -6.19472577007045e-11 -3.42935841407295e-11  1.18655970550034e-17 -1.35089564262226e-11 -7.44927072879656e-12  3.99691745809745e-11    0.0384493117107906  4.64359013495212e-16 -0.000935937644667117
-1.67350367949385e-13   8.2138470422916e-12 -1.08655714013371e-12  0.000935937641435975  8.98545513499181e-14   7.2979552447801e-14 -3.53700458701625e-13  4.64359013495212e-16     0.038449311711497  1.02765019008545e-18
 2.47711171555638e-15   4.7605909730678e-13  3.80707602096152e-12  5.27711039422924e-21 -1.85964758324928e-14 -3.39417062150621e-15  1.32747978282927e-14 -0.000935937644667117  1.02765019008545e-18      1.99999955219986
TOTAL ENERGY: -123.952233742656	 lambda: -9.4	 population of target: 3.99949626940972
1RDM: 
     1.99997495750767   0.00163111834204691  0.000121424125497339 -3.61564982057613e-18 -4.07857338187369e-06 -1.86381564140922e-08 -1.98364842371942e-06 -3.58367490014067e-15  3.63608190538365e-16 -2.30593828805011e-16
  0.00163111834204691       1.8808523961532    -0.131242767302933  5.25793960081169e-16  0.000695667086890404 -1.29401049107294e-06   0.00032684373260926  4.21754578700947e-11 -5.95509403895916e-13  3.71796654572933e-14
 0.000121424125497339    -0.131242767302933    0.0423038707033624  1.33028219276781e-16   0.00664484966283352 -4.10726649267961e-05   0.00305350908037433   -7.554100041607e-12  1.03620867712824e-13   2.8595873849725e-14
-3.61564982057613e-18  5.25793960081169e-16  1.33028219276781e-16      1.99999954608245  4.82363331426053e-19 -4.14029006341662e-19  2.43457959177147e-18  1.18445865314457e-17  0.000942310993559987  5.31772900921789e-21
-4.07857338187369e-06  0.000695667086890404   0.00664484966283352  4.82363331426053e-19      1.99997684490829  1.36110466578012e-07 -1.06566554231308e-05  -9.8016707827782e-12 -2.90715816404646e-15 -4.83573673919597e-15
-1.86381564140922e-08 -1.29401049107294e-06 -4.10726649267961e-05 -4.14029006341662e-19  1.36110466578012e-07      1.99999999911878  6.24537599610134e-08 -6.86028369791873e-14  8.72657059319574e-16 -3.19731159379771e-17
-1.98364842371942e-06   0.00032684373260926   0.00305350908037433  2.43457959177147e-18 -1.06566554231308e-05  6.24537599610134e-08      1.99999509501625   4.7692898000915e-13 -5.99491005607369e-15    1.684679009264e-16
-3.58367490014067e-15  4.21754578700947e-11   -7.554100041607e-12  1.18445865314457e-17  -9.8016707827782e-12 -6.86028369791873e-14   4.7692898000915e-13    0.0384488722135107  4.61081545624744e-16 -0.000942310997913404
 3.63608190538365e-16 -5.95509403895916e-13  1.03620867712824e-13  0.000942310993559987 -2.90715816404646e-15  8.72657059319574e-16 -5.99491005607369e-15  4.61081545624744e-16    0.0384488722140513  9.94170950525451e-19
-2.30593828805011e-16  3.71796654572933e-14   2.8595873849725e-14  5.31772900921789e-21 -4.83573673919597e-15 -3.19731159379771e-17    1.684679009264e-16 -0.000942310997913404  9.94170950525451e-19      1.99999954608245
TOTAL ENERGY: -123.952237415014	 lambda: -9.35	 population of target: 3.99949666113131
1RDM: 
     1.99997495742923   0.00163112738806029  0.000121457911918483 -2.47006775688774e-18 -4.10465523254725e-06 -1.87000624161343e-08 -1.99510347247952e-06  8.68967848988043e-14 -9.50979657924093e-16 -1.51157760084323e-16
  0.00163112738806029       1.8808536010605    -0.131229316430075  4.17171111737253e-16  0.000700238336694931 -1.29099215700682e-06  0.000328765443694073   3.1039307595101e-11 -4.33609907092009e-13  2.97152925376975e-14
 0.000121457911918483    -0.131229316430075    0.0423039312353116  2.75733087314665e-16   0.00669006519648625 -4.10976528948775e-05   0.00307203340924206 -5.98910457579528e-12  8.10707131555404e-14  3.86012348168947e-14
-2.47006775688774e-18  4.17171111737253e-16  2.75733087314665e-16      1.99999953983882 -4.79986785634186e-19 -4.93008831785616e-19   2.6410799336742e-18  1.18257237854737e-17  0.000948771741290618  5.36021880959292e-21
-4.10465523254725e-06  0.000700238336694931   0.00669006519648625 -4.79986785634186e-19      1.99997652929776  1.37113172728447e-07 -1.07940132771302e-05  -9.8888513319072e-12 -1.69604285627061e-15   -4.937685301458e-15
-1.87000624161343e-08 -1.29099215700682e-06 -4.10976528948775e-05 -4.93008831785616e-19  1.37113172728447e-07      1.99999999911761  6.28673183071742e-08 -8.06673211055574e-14  1.04743891109309e-15 -3.74699458011276e-17
-1.99510347247952e-06  0.000328765443694073   0.00307203340924206   2.6410799336742e-18 -1.07940132771302e-05  6.28673183071742e-08      1.99999503542368   5.2713379403165e-13 -6.76861859228623e-15  1.81078961531712e-16
 8.68967848988043e-14   3.1039307595101e-11 -5.98910457579528e-12  1.18257237854737e-17  -9.8888513319072e-12 -8.06673211055574e-14   5.2713379403165e-13    0.0384484333789173  4.57805631381569e-16 -0.000948771746836053
-9.50979657924093e-16 -4.33609907092009e-13  8.10707131555404e-14  0.000948771741290618 -1.69604285627061e-15  1.04743891109309e-15 -6.76861859228623e-15  4.57805631381569e-16    0.0384484333793272   9.6276760992838e-19
-1.51157760084323e-16  2.97152925376975e-14  3.86012348168947e-14  5.36021880959292e-21   -4.937685301458e-15 -3.74699458011276e-17  1.81078961531712e-16 -0.000948771746836053   9.6276760992838e-19      1.99999953983882
TOTAL ENERGY: -123.952241141029	 lambda: -9.3	 population of target: 3.99949706070754
1RDM: 
     1.99997495735084   0.00163113642488515  0.000121491592090038 -1.66726646333628e-18 -4.13107209153962e-06 -1.87625273369909e-08 -2.00669128128295e-06  1.60207205441726e-13 -2.02024282908266e-15 -9.36130036009117e-17
  0.00163113642488515      1.88085480438826    -0.131215877161571  3.51670310897847e-16  0.000704870820128509  -1.2879000226357e-06   0.00033071015564567  2.37389641398589e-11 -3.32328128437968e-13  2.48984298140254e-14
 0.000121491592090038    -0.131215877161571    0.0423039998382973  4.00750795061505e-16   0.00673590090225619 -4.11220777206106e-05   0.00309078360873501 -5.07595073973979e-12  6.88081801028364e-14  4.69711561595146e-14
-1.66726646333628e-18  3.51670310897847e-16  4.00750795061505e-16      1.99999953346548 -1.23884192132343e-18 -5.71408538492139e-19  2.92492450474262e-18  1.17931174179492e-17  0.000955321696268172  5.40333485305162e-21
-4.13107209153962e-06  0.000704870820128509   0.00673590090225619 -1.23884192132343e-18      1.99997620718497  1.38127635645712e-07 -1.09340474715137e-05 -9.94690478193902e-12 -9.08256295292141e-16  -5.0245099258341e-15
-1.87625273369909e-08  -1.2879000226357e-06 -4.11220777206106e-05 -5.71408538492139e-19  1.38127635645712e-07      1.99999999911647    6.328499758431e-08  -9.1680502272177e-14  1.21704189341034e-15 -4.25954407673784e-17
-2.00669128128295e-06   0.00033071015564567   0.00309078360873501  2.92492450474262e-18 -1.09340474715137e-05    6.328499758431e-08      1.99999497473914  5.83716439041493e-13 -7.68584114313347e-15  1.98029213572172e-16
 1.60207205441726e-13  2.37389641398589e-11 -5.07595073973979e-12  1.17931174179492e-17 -9.94690478193902e-12  -9.1680502272177e-14  5.83716439041493e-13    0.0384479952253204  4.54529930381907e-16 -0.000955321703145405
-2.02024282908266e-15 -3.32328128437968e-13  6.88081801028364e-14  0.000955321696268172 -9.08256295292141e-16  1.21704189341034e-15 -7.68584114313347e-15  4.54529930381907e-16    0.0384479952257659  9.17539518060994e-19
-9.36130036009117e-17  2.48984298140254e-14  4.69711561595146e-14  5.40333485305162e-21  -5.0245099258341e-15 -4.25954407673784e-17  1.98029213572172e-16 -0.000955321703145405  9.17539518060994e-19      1.99999953346548
TOTAL ENERGY: -123.952244921902	 lambda: -9.25	 population of target: 3.99949746835243
1RDM: 
     1.99997495727348   0.00163114541985819  0.000121525179106137 -6.45251928531865e-19 -4.15783089982121e-06 -1.88254079580403e-08 -2.01841507344528e-06 -1.44621139881846e-13  1.92489844038989e-15  -2.6002557855856e-17
  0.00163114541985819      1.88085600609144    -0.131202449728481 -6.14122442602194e-17  0.000709565818226407 -1.28474220049486e-06  0.000332678317778095 -2.05721028613537e-12  2.91440219023321e-14 -5.08715886300562e-15
 0.000121525179106137    -0.131202449728481    0.0423040767490259 -5.70667840178654e-16   0.00678236975418662 -4.11459212189805e-05   0.00310976337778202  9.14888754031421e-13 -1.27110800832405e-14 -2.74805301457582e-14
-6.45251928531865e-19 -6.14122442602194e-17 -5.70667840178654e-16      1.99999952695867   2.4113913549963e-18  2.69592679738868e-19 -5.32917325976313e-19  1.11000449148888e-17  0.000961962837878198   5.4446515951819e-21
-4.15783089982121e-06  0.000709565818226407   0.00678236975418662   2.4113913549963e-18      1.99997587838889  1.39154055297588e-07 -1.10768269059822e-05 -9.94083136078031e-12 -9.31699800451632e-16 -4.77779058595095e-15
-1.88254079580403e-08 -1.28474220049486e-06 -4.11459212189805e-05  2.69592679738868e-19  1.39154055297588e-07      1.99999999911535  6.37068426835777e-08  4.37646684022143e-14 -5.86429484650135e-16  2.04421815583234e-17
-2.01841507344528e-06  0.000332678317778095   0.00310976337778202 -5.32917325976313e-19 -1.10768269059822e-05  6.37068426835777e-08      1.99999491293707  -2.2108039843127e-13  2.94240282386289e-15 -6.26227086019337e-17
-1.44621139881846e-13 -2.05721028613537e-12  9.14888754031421e-13  1.11000449148888e-17 -9.94083136078031e-12  4.37646684022143e-14  -2.2108039843127e-13    0.0384475577637974  4.51254422788293e-16 -0.000961962848331599
 1.92489844038989e-15  2.91440219023321e-14 -1.27110800832405e-14  0.000961962837878198 -9.31699800451632e-16 -5.86429484650135e-16  2.94240282386289e-15  4.51254422788293e-16    0.0384475577636016  2.16779414972845e-19
 -2.6002557855856e-17 -5.08715886300562e-15 -2.74805301457582e-14   5.4446515951819e-21 -4.77779058595095e-15  2.04421815583234e-17 -6.26227086019337e-17 -0.000961962848331599  2.16779414972845e-19      1.99999952695866
TOTAL ENERGY: -123.952248758864	 lambda: -9.2	 population of target: 3.99949788428716
1RDM: 
     1.99997495719418   0.00163115446778632  0.000121558622588723  -1.5375431605839e-19 -4.18493706305018e-06 -1.88891705129143e-08 -2.03027454543513e-06  3.01118276695249e-13 -4.26679597220387e-15  1.38717957869473e-17
  0.00163115446778632       1.8808572062026    -0.131189034381471  2.54286634932004e-16  0.000714324485794385 -1.28148803071813e-06  0.000334670253812673  1.19952621054872e-11 -1.77048161632527e-13  1.69309052283317e-14
 0.000121558622588723    -0.131189034381471    0.0423041620967859  6.80292149298578e-16   0.00682948457791944 -4.11691759113943e-05   0.00312897830124043 -3.71842251514814e-12  5.30852973938522e-14  6.29615404830031e-14
 -1.5375431605839e-19  2.54286634932004e-16  6.80292149298578e-16      1.99999952031502 -3.00749944163922e-18 -7.39821776368789e-19  3.43942303007502e-18  1.16598316142555e-17  0.000968696717147015  5.49141208862956e-21
-4.18493706305018e-06  0.000714324485794385   0.00682948457791944 -3.00749944163922e-18      1.99997554272664  1.40192593805542e-07 -1.12224273299025e-05 -1.00699682678145e-11  8.13885885266367e-16 -5.20522989175062e-15
-1.88891705129143e-08 -1.28148803071813e-06 -4.11691759113943e-05 -7.39821776368789e-19  1.40192593805542e-07      1.99999999911425  6.41329220623455e-08 -1.09958379452024e-13  1.57288470842097e-15 -5.13448022512313e-17
-2.03027454543513e-06  0.000334670253812673   0.00312897830124043  3.43942303007502e-18 -1.12224273299025e-05  6.41329220623455e-08      1.99999484998606  6.67808564383609e-13 -9.52123933602935e-15  2.18597001410934e-16
 3.01118276695249e-13  1.19952621054872e-11 -3.71842251514814e-12  1.16598316142555e-17 -1.00699682678145e-11 -1.09958379452024e-13  6.67808564383609e-13    0.0384471210246758  4.47979224616693e-16 -0.000968696727276656
-4.26679597220387e-15 -1.77048161632527e-13  5.30852973938522e-14  0.000968696717147015  8.13885885266367e-16  1.57288470842097e-15 -9.52123933602935e-15  4.47979224616693e-16    0.0384471210247846   7.5894294863312e-19
 1.38717957869473e-17  1.69309052283317e-14  6.29615404830031e-14  5.49141208862956e-21 -5.20522989175062e-15 -5.13448022512313e-17  2.18597001410934e-16 -0.000968696727276656   7.5894294863312e-19      1.99999952031501
TOTAL ENERGY: -123.952252653191	 lambda: -9.15	 population of target: 3.99949830874091
1RDM: 
     1.99997495711593   0.00163116347270931  0.000121591964032039  8.80810949940975e-19 -4.21239871468483e-06  -1.8953367452794e-08 -2.04227481733419e-06  3.95506339772749e-13  -5.9553163540629e-15  8.04780880226383e-17
  0.00163116347270931      1.88085840463725    -0.131175631358787  2.15439564834292e-16   0.00071914825285471  -1.2781649074354e-06  0.000336686501567027  6.90137798555598e-12  -1.0716226618887e-13  1.35912826672325e-14
 0.000121591964032039    -0.131175631358787    0.0423042561903826  9.18291731894256e-16     0.006877259327065 -4.11918169267319e-05    0.0031484313980444 -3.12238081204518e-12  4.68061579153568e-14  7.53040045108978e-14
 8.80810949940975e-19  2.15439564834292e-16  9.18291731894256e-16      1.99999951353029 -4.81829513842629e-18 -8.36444402310057e-19  3.34529727166482e-18  1.15402680971592e-17  0.000975525656588578  5.53633799250105e-21
