HCORE:-24.9841 -6.08204 -5.71639 -7.14864 -7.15488 -32.3004 -7.63782  -5.7069  -5.7069 -7.14864
HCORE2:-32.3004 -24.9841 -7.63782 -7.15488 -7.14864 -7.14864 -6.08204 -5.71639  -5.7069  -5.7069
Lodwin Orthonormalized
TOTAL ENERGY: -123.347938076023	 lambda: -5	 population of target: 4.00000000000074
1RDM: 
                    2   6.2833160882754e-13 -4.36709402148879e-16 -1.64279573547641e-15  2.57097156769754e-21 -5.79071869326223e-22 -8.35822320289261e-11 -2.61144990404565e-09 -5.48335745253692e-15  2.41979338818436e-14
  6.2833160882754e-13      1.99997463063544  8.57063904445141e-11  3.13669341201681e-10 -3.38440845964227e-14  8.51357107573598e-15   0.00166138994665863  3.01789910106573e-05 -3.59856291998264e-16  1.55106230213578e-14
-4.36709402148879e-16  8.57063904445141e-11      1.99999999999994 -2.05538968555139e-13  3.44968380832013e-19 -1.36552304826677e-20 -1.09260468339814e-08 -3.26601657919428e-07  -6.6105880550972e-14  2.35269496517785e-13
-1.64279573547641e-15  3.13669341201681e-10 -2.05538968555139e-13      1.99999999999922  1.29018271121571e-18 -2.90943391945869e-19 -4.05120888259469e-08 -1.22874968423247e-06  -3.8826761662273e-14  1.22990132623406e-11
 2.57097156769754e-21 -3.38440845964227e-14  3.44968380832013e-19  1.29018271121571e-18                     2  1.36316580000551e-23  2.33911848065648e-12  1.40399618425568e-12 -4.18525381591658e-08 -1.79817806035405e-16
-5.79071869326223e-22  8.51357107573598e-15 -1.36552304826677e-20 -2.90943391945869e-19  1.36316580000551e-23                     2   -5.813128064542e-13  1.19247587535159e-13 -9.03400939845948e-17  4.18627088906329e-08
-8.35822320289261e-11   0.00166138994665863 -1.09260468339814e-08 -4.05120888259469e-08  2.33911848065648e-12   -5.813128064542e-13      1.88572591789548   -0.0323912104677422  1.00610317004422e-13 -3.98106946668443e-12
-2.61144990404565e-09  3.01789910106573e-05 -3.26601657919428e-07 -1.22874968423247e-06  1.40399618425568e-12  1.19247587535159e-13   -0.0323912104677422    0.0381188298493166 -4.45584146426573e-15  1.83479557746094e-13
-5.48335745253692e-15 -3.59856291998264e-16  -6.6105880550972e-14  -3.8826761662273e-14 -4.18525381591658e-08 -9.03400939845948e-17  1.00610317004422e-13 -4.45584146426573e-15    0.0380903108103789  2.33405256495098e-18
 2.41979338818436e-14  1.55106230213578e-14  2.35269496517785e-13  1.22990132623406e-11 -1.79817806035405e-16  4.18627088906329e-08 -3.98106946668443e-12  1.83479557746094e-13  2.33405256495098e-18     0.038090310810213
First eigenvector coefficient: -0.970810689365381
TOTAL ENERGY: -123.347938076024	 lambda: -4.95	 population of target: 4.00000000000077
1RDM: 
                    2  6.32501173049925e-13  -4.4577039269952e-16 -1.68579210522877e-15  2.85157302810246e-21 -6.34800475656104e-22 -8.41272144144991e-11 -2.62758725506079e-09  -6.9621804206884e-15  3.20097687056824e-14
 6.32501173049925e-13      1.99997463063542  8.68306001071273e-11  3.18920119332653e-10 -3.38194626839724e-14  8.52637660340787e-15   0.00166138994757104  3.01789944653804e-05 -3.16705667348299e-16  1.23884029251652e-14
 -4.4577039269952e-16  8.68306001071273e-11      1.99999999999994 -2.12655443871788e-13  3.87281480908887e-19 -3.19047045530887e-22 -1.10763957736548e-08 -3.31331096162285e-07 -8.41210674292077e-14  3.62999282180275e-13
-1.68579210522877e-15  3.18920119332653e-10 -2.12655443871788e-13      1.99999999999919  1.45736890428122e-18 -2.47910235138745e-19 -4.12504408057499e-08 -1.25317451827885e-06 -5.39724189430224e-14  1.29069556430133e-11
 2.85157302810246e-21 -3.38194626839724e-14  3.87281480908887e-19  1.45736890428122e-18                     2  1.36024988479671e-23  2.34084271833611e-12  1.62890774208917e-12 -4.26776770190512e-08 -1.85773124200423e-16
-6.34800475656104e-22  8.52637660340787e-15 -3.19047045530887e-22 -2.47910235138745e-19  1.36024988479671e-23                     2 -5.80746966434455e-13  2.15881852276147e-13 -9.29531175680762e-17  4.26879109110631e-08
-8.41272144144991e-11   0.00166138994757104 -1.10763957736548e-08 -4.12504408057499e-08  2.34084271833611e-12 -5.80746966434455e-13      1.88572591789528   -0.0323912104677111  8.92019408489944e-14 -3.15223981473313e-12
-2.62758725506079e-09  3.01789944653804e-05 -3.31331096162285e-07 -1.25317451827885e-06  1.62890774208917e-12  2.15881852276147e-13   -0.0323912104677111    0.0381188298492812 -3.94558476890199e-15  1.46510989215811e-13
 -6.9621804206884e-15 -3.16705667348299e-16 -8.41210674292077e-14 -5.39724189430224e-14 -4.26776770190512e-08 -9.29531175680762e-17  8.92019408489944e-14 -3.94558476890199e-15    0.0380903108105365  2.28652750588453e-18
 3.20097687056824e-14  1.23884029251652e-14  3.62999282180275e-13  1.29069556430133e-11 -1.85773124200423e-16  4.26879109110631e-08 -3.15223981473313e-12  1.46510989215811e-13  2.28652750588453e-18    0.0380903108103431
First eigenvector coefficient: 0.970810689365311
TOTAL ENERGY: -123.347938076024	 lambda: -4.9	 population of target: 4.00000000000081
1RDM: 
                    2  6.36327848349712e-13 -4.55070323888219e-16 -1.73038874489759e-15  3.20724466386253e-21 -6.91037139717874e-22 -8.46495380509229e-11 -2.64366228239231e-09 -8.71292919542527e-15  4.15790769214176e-14
 6.36327848349712e-13      1.99997463063538  8.79901976782678e-11  3.24391585124355e-10 -3.37870874474838e-14  8.54323434498387e-15   0.00166138994898379  3.01789983587776e-05 -2.72417088674696e-16  8.99224598075281e-15
-4.55070323888219e-16  8.79901976782678e-11      1.99999999999994 -2.20130999645563e-13  4.40993278243252e-19  1.81480107030809e-20 -1.12311445184167e-08 -3.36187986005831e-07 -1.05655820906083e-13   5.2875217088875e-13
-1.73038874489759e-15  3.24391585124355e-10 -2.20130999645563e-13      1.99999999999916  1.67006239839826e-18 -1.84429655073477e-19 -4.20181448689288e-08  -1.2785141109488e-06 -7.52619043701781e-14  1.36222980059402e-11
 3.20724466386253e-21 -3.37870874474838e-14  4.40993278243252e-19  1.67006239839826e-18                     2  1.35005435064378e-23  2.34294769874778e-12  1.91378099274682e-12 -4.35236239103023e-08 -1.93179293064785e-16
-6.91037139717874e-22  8.54323434498387e-15  1.81480107030809e-20 -1.84429655073477e-19  1.35005435064378e-23                     2 -5.79974035834816e-13  3.44916863675329e-13  -9.6193929340454e-17  4.35339466456111e-08
-8.46495380509229e-11   0.00166138994898379 -1.12311445184167e-08 -4.20181448689288e-08  2.34294769874778e-12 -5.79974035834816e-13      1.88572591789526   -0.0323912104675601  7.74900000904715e-14 -2.25067172146862e-12
-2.64366228239231e-09  3.01789983587776e-05 -3.36187986005831e-07  -1.2785141109488e-06  1.91378099274682e-12  3.44916863675329e-13   -0.0323912104675601    0.0381188298491947 -3.42099729807215e-15  1.06274584309726e-13
-8.71292919542527e-15 -2.72417088674696e-16 -1.05655820906083e-13 -7.52619043701781e-14 -4.35236239103023e-08  -9.6193929340454e-17  7.74900000904715e-14 -3.42099729807215e-15    0.0380903108106385  2.23899179366583e-18
 4.15790769214176e-14  8.99224598075281e-15   5.2875217088875e-13  1.36222980059402e-11 -1.93179293064785e-16  4.35339466456111e-08 -2.25067172146862e-12  1.06274584309726e-13  2.23899179366583e-18     0.038090310810413
First eigenvector coefficient: 0.970810689365284
TOTAL ENERGY: -123.347938076024	 lambda: -4.85	 population of target: 4.00000000000084
1RDM: 
                    2  6.38227514958666e-13 -4.64733864318854e-16  -1.7771087824303e-15   3.6609291571951e-21 -7.43773250423987e-22 -8.50542729680662e-11 -2.66037911634886e-09 -1.07598686390697e-14  5.29381407679054e-14
 6.38227514958666e-13      1.99997463063534   8.9192112996697e-11  3.30135630609744e-10 -3.37422363507907e-14  8.56609935332237e-15   0.00166138995188317  3.01790047806322e-05 -2.26921194800329e-16  5.22518882579128e-15
-4.64733864318854e-16   8.9192112996697e-11      1.99999999999994 -2.27986782347062e-13  5.09776434963742e-19  4.23602399753424e-20  -1.1390809154356e-08 -3.41176235295152e-07 -1.30254823590855e-13  7.49254563095735e-13
 -1.7771087824303e-15  3.30135630609744e-10 -2.27986782347062e-13      1.99999999999912  1.94307603201849e-18 -9.84588980254422e-20 -4.28193729162416e-08 -1.30480588809384e-06 -1.03081793930239e-13  1.45248844629746e-11
  3.6609291571951e-21 -3.37422363507907e-14  5.09776434963742e-19  1.94307603201849e-18                     2  1.32669815469473e-23  2.34538661316628e-12   2.2768155694714e-12 -4.43889622443796e-08 -2.02220986822892e-16
-7.43773250423987e-22  8.56609935332237e-15  4.23602399753424e-20 -9.84588980254422e-20  1.32669815469473e-23                     2 -5.79075710270067e-13   5.1038901351395e-13 -1.00140196695545e-16  4.43994008339172e-08
-8.50542729680662e-11   0.00166138995188317  -1.1390809154356e-08 -4.28193729162416e-08  2.34538661316628e-12 -5.79075710270067e-13      1.88572591789516   -0.0323912104672425  6.54555558218614e-14 -1.25062579781608e-12
-2.66037911634886e-09  3.01790047806322e-05 -3.41176235295152e-07 -1.30480588809384e-06   2.2768155694714e-12   5.1038901351395e-13   -0.0323912104672425    0.0381188298489813 -2.88032928823807e-15  6.15889021413098e-14
-1.07598686390697e-14 -2.26921194800329e-16 -1.30254823590855e-13 -1.03081793930239e-13 -4.43889622443796e-08 -1.00140196695545e-16  6.54555558218614e-14 -2.88032928823807e-15    0.0380903108108725  2.19143348281623e-18
 5.29381407679054e-14  5.22518882579128e-15  7.49254563095735e-13  1.45248844629746e-11 -2.02220986822892e-16  4.43994008339172e-08 -1.25062579781608e-12  6.15889021413098e-14  2.19143348281623e-18    0.0380903108105807
First eigenvector coefficient: -0.97081068936523
TOTAL ENERGY: -123.347938076025	 lambda: -4.8	 population of target: 4.00000000000089
1RDM: 
                    2  6.34898454628188e-13 -4.74885309848797e-16 -1.82653635095937e-15  4.26102501641066e-21 -7.95377243790161e-22 -8.51321466475384e-11 -2.67847607649321e-09 -1.31772674238037e-14  6.66089187766734e-14
 6.34898454628188e-13      1.99997463063524  9.04518473432891e-11  3.36250924957776e-10 -3.36748339807032e-14  8.59845960350183e-15   0.00166138995834089  3.01790172343022e-05 -1.82373390708734e-16  1.04157592463055e-15
-4.74885309848797e-16  9.04518473432891e-11      1.99999999999994 -2.36243647344905e-13  6.01209253694609e-19  7.31740700194771e-20 -1.15564019975849e-08  -3.4629432082141e-07 -1.57745858087443e-13  1.05703456699298e-12
-1.82653635095937e-15  3.36250924957776e-10 -2.36243647344905e-13       1.9999999999991  2.30663299725471e-18  1.15666462206605e-20 -4.36617318659498e-08 -1.33209948061822e-06 -1.38003751187437e-13  1.57999805812466e-11
 4.26102501641066e-21 -3.36748339807032e-14  6.01209253694609e-19  2.30663299725471e-18                     2  1.28065226363994e-23  2.34806312189828e-12  2.75719072885319e-12 -4.52743655365767e-08  -2.1324555644149e-16
-7.95377243790161e-22  8.59845960350183e-15  7.31740700194771e-20  1.15666462206605e-20  1.28065226363994e-23                     2 -5.78198003451946e-13  7.19461873716085e-13 -1.04921207999648e-16  4.52849449277657e-08
-8.51321466475384e-11   0.00166138995834089 -1.15564019975849e-08 -4.36617318659498e-08  2.34806312189828e-12 -5.78198003451946e-13      1.88572591789692   -0.0323912104667932  5.36702686574941e-14 -1.39998918728893e-13
-2.67847607649321e-09  3.01790172343022e-05  -3.4629432082141e-07 -1.33209948061822e-06  2.75719072885319e-12  7.19461873716085e-13   -0.0323912104667932    0.0381188298479635 -2.34764261342466e-15  1.18600418931873e-14
-1.31772674238037e-14 -1.82373390708734e-16 -1.57745858087443e-13 -1.38003751187437e-13 -4.52743655365767e-08 -1.04921207999648e-16  5.36702686574941e-14 -2.34764261342466e-15    0.0380903108105839  2.14383479420458e-18
 6.66089187766734e-14  1.04157592463055e-15  1.05703456699298e-12  1.57999805812466e-11  -2.1324555644149e-16  4.52849449277657e-08 -1.39998918728893e-13  1.18600418931873e-14  2.14383479420458e-18    0.0380903108102702
First eigenvector coefficient: -0.970810689365642
TOTAL ENERGY: -123.347938076025	 lambda: -4.75	 population of target: 4.00000000000094
1RDM: 
                    2  6.55181566709619e-13 -4.96507581528249e-16 -1.91482870181564e-15  1.94765956334096e-21 -3.34765361562506e-22  -8.7479707047718e-11  -2.7473183473491e-09 -1.81556963653925e-17  9.01238795259858e-16
 6.55181566709619e-13      1.99997463063554  9.14821325522648e-11  3.41020302848694e-10 -3.39057956503794e-14  8.48117148852083e-15   0.00166138994234602  3.01789555052165e-05  6.95775213047993e-17   8.7565391931993e-16
-4.96507581528249e-16  9.14821325522648e-11      1.99999999999994 -2.46127988393952e-13  2.60238651520179e-19 -4.18645436669614e-20 -1.17304766088313e-08 -3.52998571034076e-07  -3.0773601733026e-15 -3.84590157952887e-14
-1.91482870181564e-15  3.41020302848694e-10 -2.46127988393952e-13      1.99999999999905  9.87237145157504e-19 -3.95825241685125e-19 -4.44426470171092e-08 -1.36158359981549e-06  -1.7790455850119e-14   9.9460522661201e-12
 1.94765956334096e-21 -3.39057956503794e-14  2.60238651520179e-19  9.87237145157504e-19                     2  1.39177272844486e-23  2.33388471731123e-12  7.77352568247318e-13 -4.63329115677816e-08 -1.75571895378019e-16
-3.34765361562506e-22  8.48117148852083e-15 -4.18645436669614e-20 -3.95825241685125e-19  1.39177272844486e-23                     2 -5.81883251207491e-13  -7.0252363173431e-14 -8.92675154517075e-17  4.63430042365015e-08
 -8.7479707047718e-11   0.00166138994234602 -1.17304766088313e-08 -4.44426470171092e-08  2.33388471731123e-12 -5.81883251207491e-13      1.88572591789409   -0.0323912104680695 -1.30804835247304e-14 -9.75207276904528e-14
 -2.7473183473491e-09  3.01789555052165e-05 -3.52998571034076e-07 -1.36158359981549e-06  7.77352568247318e-13  -7.0252363173431e-14   -0.0323912104680695    0.0381188298502764  5.80489963041102e-16  1.15625214841536e-14
-1.81556963653925e-17  6.95775213047993e-17  -3.0773601733026e-15  -1.7790455850119e-14 -4.63329115677816e-08 -8.92675154517075e-17 -1.30804835247304e-14  5.80489963041102e-16    0.0380903108105517  2.09687015903387e-18
 9.01238795259858e-16   8.7565391931993e-16 -3.84590157952887e-14   9.9460522661201e-12 -1.75571895378019e-16  4.63430042365015e-08 -9.75207276904528e-14  1.15625214841536e-14  2.09687015903387e-18    0.0380903108105666
First eigenvector coefficient: -0.970810689364953
TOTAL ENERGY: -123.347938076025	 lambda: -4.7	 population of target: 4.00000000000097
1RDM: 
                    2  6.60564612445811e-13 -5.09306846801942e-16 -1.97583771802744e-15  2.03665679740691e-21 -2.46357004149766e-22 -8.82552958012222e-11 -2.77357864430648e-09  2.44697181493344e-16  -6.3074938340333e-16
 6.60564612445811e-13      1.99997463063557  9.27473765127058e-11   3.4713235877734e-10 -3.39017605167784e-14  8.48136115538309e-15   0.00166138994124028  3.01789551857285e-05  6.99206356289856e-17  2.04444353613338e-15
-5.09306846801942e-16  9.27473765127058e-11      1.99999999999993 -2.55610120771906e-13  2.72645528227924e-19  -3.4447399597238e-20 -1.19050557667768e-08  -3.5867619684901e-07 -5.79908671280902e-17 -7.77811434283936e-14
-1.97583771802744e-15   3.4713235877734e-10 -2.55610120771906e-13      1.99999999999901  1.03962113843388e-18 -3.75475777990132e-19 -4.53278222349817e-08 -1.39169880466758e-06 -2.56807609322376e-14  9.89860687698916e-12
 2.03665679740691e-21 -3.39017605167784e-14  2.72645528227924e-19  1.03962113843388e-18                     2  1.39855814382548e-23   2.3343161482788e-12  8.23599272870603e-13 -4.73519828118175e-08 -1.78489982795853e-16
-2.46357004149766e-22  8.48136115538309e-15  -3.4447399597238e-20 -3.75475777990132e-19  1.39855814382548e-23                     2 -5.81295631920215e-13 -3.15736766787933e-14   -9.060438820618e-17   4.7362102924925e-08
-8.82552958012222e-11   0.00166138994124028 -1.19050557667768e-08 -4.53278222349817e-08   2.3343161482788e-12 -5.81295631920215e-13      1.88572591789347   -0.0323912104682425 -1.31193430512822e-14 -4.07722987697969e-13
-2.77357864430648e-09  3.01789551857285e-05  -3.5867619684901e-07 -1.39169880466758e-06  8.23599272870603e-13 -3.15736766787933e-14   -0.0323912104682425    0.0381188298504307  5.82001366270518e-16  2.53549970690747e-14
 2.44697181493344e-16  6.99206356289856e-17 -5.79908671280902e-17 -2.56807609322376e-14 -4.73519828118175e-08   -9.060438820618e-17 -1.31193430512822e-14  5.82001366270518e-16    0.0380903108107887  2.04939265741582e-18
 -6.3074938340333e-16  2.04444353613338e-15 -7.77811434283936e-14  9.89860687698916e-12 -1.78489982795853e-16   4.7362102924925e-08 -4.07722987697969e-13  2.53549970690747e-14  2.04939265741582e-18    0.0380903108107907
First eigenvector coefficient: -0.970810689364779
TOTAL ENERGY: -123.347938076025	 lambda: -4.65	 population of target: 4.00000000000101
1RDM: 
                    2  6.67616653394007e-13 -5.23041739347653e-16 -2.04149914711536e-15  2.04969426835357e-21 -1.11519172890268e-22 -8.91807652367207e-11 -2.80232582422898e-09  8.41206049372493e-16 -6.20220337559188e-15
 6.67616653394007e-13      1.99997463063564  9.40334130114695e-11  3.53446376456849e-10 -3.39037993890731e-14  8.47951499059574e-15   0.00166138993906111  3.01789539658895e-05  6.38158104679503e-17  3.21338199922434e-15
-5.23041739347653e-16  9.40334130114695e-11      1.99999999999993  -2.6569030840792e-13  2.74013547691114e-19 -3.30989751401888e-20 -1.20844673582223e-08 -3.64574579097095e-07  9.14870811022098e-15 -1.53200760177764e-13
-2.04149914711536e-15  3.53446376456849e-10  -2.6569030840792e-13      1.99999999999896  1.04929437708971e-18 -3.80680967523535e-19 -4.62486683716764e-08 -1.42322563570845e-06 -2.43924434066727e-14  9.78010171127101e-12
 2.04969426835357e-21 -3.39037993890731e-14  2.74013547691114e-19  1.04929437708971e-18                     2   1.4047264032274e-23  2.33421492866199e-12  8.07351038907033e-13 -4.84248442905429e-08 -1.79855182593253e-16
-1.11519172890268e-22  8.47951499059574e-15 -3.30989751401888e-20 -3.80680967523535e-19   1.4047264032274e-23                     2  -5.8116691175765e-13 -3.18142714124259e-14 -9.13199079165444e-17  4.84349666704529e-08
-8.91807652367207e-11   0.00166138993906111 -1.20844673582223e-08 -4.62486683716764e-08  2.33421492866199e-12  -5.8116691175765e-13      1.88572591789224   -0.0323912104682931 -1.14465842580561e-14 -7.17989287594077e-13
-2.80232582422898e-09  3.01789539658895e-05 -3.64574579097095e-07 -1.42322563570845e-06  8.07351038907033e-13 -3.18142714124259e-14   -0.0323912104682931    0.0381188298508287  5.07470181347827e-16  3.91517237036928e-14
 8.41206049372493e-16  6.38158104679503e-17  9.14870811022098e-15 -2.43924434066727e-14 -4.84248442905429e-08 -9.13199079165444e-17 -1.14465842580561e-14  5.07470181347827e-16    0.0380903108111869  2.00191561446927e-18
-6.20220337559188e-15  3.21338199922434e-15 -1.53200760177764e-13  9.78010171127101e-12 -1.79855182593253e-16  4.84349666704529e-08 -7.17989287594077e-13  3.91517237036928e-14  2.00191561446927e-18    0.0380903108112037
First eigenvector coefficient: -0.970810689364454
TOTAL ENERGY: -123.347938076025	 lambda: -4.6	 population of target: 4.00000000000106
1RDM: 
                    2  6.52676858042683e-13 -5.38065381612941e-16 -2.11338798530926e-15  2.00424643827454e-21 -2.94068776047762e-23 -8.87103178239868e-11 -2.83591583745611e-09  1.68930333949314e-15 -8.65958416466258e-15
 6.52676858042683e-13      1.99997463063558  9.53857498943096e-11   3.6014890576393e-10 -3.38910895510152e-14  8.47605801134523e-15     0.001661389942415  3.01789528900319e-05  7.29968707154556e-17   3.1085283470853e-15
-5.38065381612941e-16  9.53857498943096e-11      1.99999999999992 -2.76366653886558e-13  2.70675413159961e-19 -2.91570892929257e-20 -1.22713448909121e-08 -3.70665416447502e-07   1.9495926245218e-14 -2.59477540268967e-13
-2.11338798530926e-15   3.6014890576393e-10 -2.76366653886558e-13      1.99999999999891  1.04055397681785e-18 -3.74181894833819e-19 -4.72175432810301e-08 -1.45613447232464e-06 -2.57971106303952e-14  9.45890339598856e-12
 2.00424643827454e-21 -3.38910895510152e-14  2.70675413159961e-19  1.04055397681785e-18      1.99999999999999  1.41099625391149e-23   2.3327044311003e-12  7.65910212973858e-13 -4.95388210666418e-08 -1.81885889565963e-16
-2.94068776047762e-23  8.47605801134523e-15 -2.91570892929257e-20 -3.74181894833819e-19  1.41099625391149e-23      1.99999999999999 -5.80773577102399e-13 -2.29861024385969e-14 -9.24248775921188e-17  4.95489770417385e-08
-8.87103178239868e-11     0.001661389942415 -1.22713448909121e-08 -4.72175432810301e-08   2.3327044311003e-12 -5.80773577102399e-13      1.88572591789283   -0.0323912104682015 -1.38288871216493e-14 -6.90239622279195e-13
-2.83591583745611e-09  3.01789528900319e-05 -3.70665416447502e-07 -1.45613447232464e-06  7.65910212973858e-13 -2.29861024385969e-14   -0.0323912104682015    0.0381188298504317   6.1505525602436e-16  3.78388863524052e-14
 1.68930333949314e-15  7.29968707154556e-17   1.9495926245218e-14 -2.57971106303952e-14 -4.95388210666418e-08 -9.24248775921188e-17 -1.38288871216493e-14   6.1505525602436e-16    0.0380903108111376  1.95441140080999e-18
-8.65958416466258e-15   3.1085283470853e-15 -2.59477540268967e-13  9.45890339598856e-12 -1.81885889565963e-16  4.95489770417385e-08 -6.90239622279195e-13  3.78388863524052e-14  1.95441140080999e-18    0.0380903108111681
First eigenvector coefficient: 0.970810689364564
TOTAL ENERGY: -123.347938076025	 lambda: -4.55	 population of target: 4.00000000000112
1RDM: 
                    2  6.38637988469481e-13 -5.54143530037778e-16 -2.19077119707231e-15  1.96947666113127e-21  7.94400331317399e-23 -8.83401039165073e-11 -2.87207646381761e-09  2.83591736637444e-15 -1.31409576287835e-14
 6.38637988469481e-13      1.99997463063556  9.67695017951234e-11  3.67074212979238e-10 -3.38803449929839e-14  8.47388267219992e-15   0.00166138994458751  3.01789495774799e-05  7.33047463171938e-17  3.60564038713863e-15
-5.54143530037778e-16  9.67695017951234e-11      1.99999999999992 -2.87746783109458e-13  2.67557828307557e-19 -2.88539888724978e-20 -1.24640766899671e-08 -3.76995493315817e-07  3.67291772856032e-14  -3.5509302238624e-13
-2.19077119707231e-15  3.67074212979238e-10 -2.87746783109458e-13      1.99999999999886  1.03209212268255e-18 -3.84775685337245e-19 -4.82271683525401e-08 -1.49068818899709e-06 -2.12995552277597e-14   9.2690119374944e-12
 1.96947666113127e-21 -3.38803449929839e-14  2.67557828307557e-19  1.03209212268255e-18                     2  1.41724727902492e-23  2.33134225727715e-12  7.25275699078715e-13 -5.07173316284288e-08 -1.83166287986887e-16
 7.94400331317399e-23  8.47388267219992e-15 -2.88539888724978e-20 -3.84775685337245e-19  1.41724727902492e-23                     2 -5.80762153462698e-13 -3.25522763519564e-14  -9.3164727422798e-17  5.07274787836636e-08
-8.83401039165073e-11   0.00166138994458751 -1.24640766899671e-08 -4.82271683525401e-08  2.33134225727715e-12 -5.80762153462698e-13      1.88572591789329   -0.0323912104682035 -1.38546031565459e-14 -8.22339737859052e-13
-2.87207646381761e-09  3.01789495774799e-05 -3.76995493315817e-07 -1.49068818899709e-06  7.25275699078715e-13 -3.25522763519564e-14   -0.0323912104682035    0.0381188298501653  6.17220237745101e-16  4.36645128617573e-14
 2.83591736637444e-15  7.33047463171938e-17  3.67291772856032e-14 -2.12995552277597e-14 -5.07173316284288e-08  -9.3164727422798e-17 -1.38546031565459e-14  6.17220237745101e-16    0.0380903108110614  1.90691707863987e-18
-1.31409576287835e-14  3.60564038713863e-15  -3.5509302238624e-13   9.2690119374944e-12 -1.83166287986887e-16  5.07274787836636e-08 -8.22339737859052e-13  4.36645128617573e-14  1.90691707863987e-18    0.0380903108111338
First eigenvector coefficient: 0.970810689364647
TOTAL ENERGY: -123.347938076026	 lambda: -4.5	 population of target: 4.00000000000119
1RDM: 
                    2  6.20422709030904e-13  -5.7137257356114e-16 -2.27410363052949e-15  1.95617010978704e-21  2.37289679801204e-22 -8.77350141822467e-11 -2.91107740262302e-09  4.28129402056376e-15 -1.92840081248739e-14
 6.20422709030904e-13      1.99997463063562  9.81964198469883e-11  3.74262570264054e-10  -3.3868709489904e-14  8.47231003697476e-15   0.00166138994299273  3.01789406100101e-05  7.36530980615643e-17  3.54322805585793e-15
 -5.7137257356114e-16  9.81964198469883e-11      1.99999999999993 -2.99883812643837e-13  2.66906307841173e-19  -2.8219008072274e-20 -1.26637227234951e-08 -3.83580959668101e-07  5.96702262888787e-14 -4.59503027812287e-13
-2.27410363052949e-15  3.74262570264054e-10 -2.99883812643837e-13      1.99999999999881  1.03278239117509e-18 -3.97856885269991e-19 -4.92812675245359e-08 -1.52694619002922e-06 -1.48523792085004e-14  9.15946824778816e-12
 1.95617010978704e-21  -3.3868709489904e-14  2.66906307841173e-19  1.03278239117509e-18                     2  1.42389366698293e-23  2.33009910859633e-12  6.97008443765117e-13 -5.19569310119095e-08 -1.84509500542246e-16
 2.37289679801204e-22  8.47231003697476e-15  -2.8219008072274e-20 -3.97856885269991e-19  1.42389366698293e-23                     2 -5.80794110701916e-13  -4.1918618254412e-14 -9.39130451672372e-17   5.1967078309537e-08
-8.77350141822467e-11   0.00166138994299273 -1.26637227234951e-08 -4.92812675245359e-08  2.33009910859633e-12 -5.80794110701916e-13      1.88572591789089   -0.0323912104681748 -1.38906920033544e-14 -8.05971107965896e-13
-2.91107740262302e-09  3.01789406100101e-05 -3.83580959668101e-07 -1.52694619002922e-06  6.97008443765117e-13  -4.1918618254412e-14   -0.0323912104681748     0.038118829850992  6.19038871127782e-16  4.29287105599107e-14
 4.28129402056376e-15  7.36530980615643e-17  5.96702262888787e-14 -1.48523792085004e-14 -5.19569310119095e-08 -9.39130451672372e-17 -1.38906920033544e-14  6.19038871127782e-16    0.0380903108118333   1.8594331655713e-18
-1.92840081248739e-14  3.54322805585793e-15 -4.59503027812287e-13  9.15946824778816e-12 -1.84509500542246e-16   5.1967078309537e-08 -8.05971107965896e-13  4.29287105599107e-14   1.8594331655713e-18    0.0380903108119389
First eigenvector coefficient: -0.970810689364017
TOTAL ENERGY: -123.347938076026	 lambda: -4.45	 population of target: 4.00000000000126
1RDM: 
     2.00000000000001  6.81961135531298e-13 -5.82700616219478e-16 -2.33807690569687e-15  1.91261845839691e-21 -2.08496206689338e-22 -9.19748410742054e-11 -2.91862818825943e-09  1.60691039808801e-15 -8.53416897044197e-15
 6.81961135531298e-13       1.9999746306359  9.96126712431379e-11  3.81184307234476e-10 -3.39181859572617e-14  8.47548398999422e-15   0.00166138992957021  3.01789297394899e-05  7.04263281941427e-17 -5.69990855744144e-15
-5.82700616219478e-16  9.96126712431379e-11      1.99999999999993 -3.12568055117152e-13  2.62070373496616e-19 -5.76757979504717e-20 -1.28609118490075e-08 -3.90025642428166e-07  2.47768263098303e-14 -1.39020956190543e-13
-2.33807690569687e-15  3.81184307234476e-10 -3.12568055117152e-13      1.99999999999875  1.02327756948892e-18 -5.06462136890226e-19  -5.0349376121473e-08 -1.56529775217111e-06  1.49548407699491e-15  9.80069530223126e-12
 1.91261845839691e-21 -3.39181859572617e-14  2.62070373496616e-19  1.02327756948892e-18                     2  1.43241036652244e-23  2.33289988374715e-12  6.55415382847922e-13 -5.33020278547954e-08  -1.8289102859233e-16
-2.08496206689338e-22  8.47548398999422e-15 -5.76757979504717e-20 -5.06462136890226e-19  1.43241036652244e-23                     2 -5.82626279696206e-13 -1.44465786091147e-13 -9.33014694534453e-17  5.33120597763097e-08
-9.19748410742054e-11   0.00166138992957021 -1.28609118490075e-08  -5.0349376121473e-08  2.33289988374715e-12 -5.82626279696206e-13      1.88572591789797   -0.0323912104683864 -1.30194177935631e-14  1.64853926504218e-12
-2.91862818825943e-09  3.01789297394899e-05 -3.90025642428166e-07 -1.56529775217111e-06  6.55415382847922e-13 -1.44465786091147e-13   -0.0323912104683864    0.0381188298488086  5.78073018491949e-16 -6.60385217813792e-14
 1.60691039808801e-15  7.04263281941427e-17  2.47768263098303e-14  1.49548407699491e-15 -5.33020278547954e-08 -9.33014694534453e-17 -1.30194177935631e-14  5.78073018491949e-16    0.0380903108093214  1.81198232467352e-18
-8.53416897044197e-15 -5.69990855744144e-15 -1.39020956190543e-13  9.80069530223126e-12  -1.8289102859233e-16  5.33120597763097e-08  1.64853926504218e-12 -6.60385217813792e-14  1.81198232467352e-18    0.0380903108093445
First eigenvector coefficient: 0.97081068936589
TOTAL ENERGY: -123.347938076026	 lambda: -4.4	 population of target: 4.00000000000131
1RDM: 
                    2  6.90646826164963e-13 -5.97269355366916e-16 -2.41609565326309e-15  1.97532832851801e-21 -3.92779851060196e-22 -9.29082535471671e-11 -2.94073998664271e-09  1.57130756349885e-16 -3.36915902132104e-15
 6.90646826164963e-13       1.9999746306355  1.01192205541181e-10  3.88830081975273e-10 -3.39193985105288e-14  8.48234682129872e-15   0.00166138994381521  3.01789698497338e-05  1.35098268050197e-16 -1.38513416267696e-14
-5.97269355366916e-16  1.01192205541181e-10      1.99999999999991 -3.26096966188105e-13  2.77022686249403e-19 -6.80923434325043e-20 -1.30737485296577e-08 -3.96763966085477e-07  3.82524491406342e-15 -1.79627404685551e-15
-2.41609565326309e-15  3.88830081975273e-10 -3.26096966188105e-13      1.99999999999868  1.09185742990012e-18 -5.56951412073033e-19 -5.14944370442028e-08 -1.60536466405599e-06  3.17834679116644e-15  1.03423598838615e-11
 1.97532832851801e-21 -3.39193985105288e-14  2.77022686249403e-19  1.09185742990012e-18      1.99999999999999   1.4436617766942e-23  2.33377333419507e-12   7.1079310404637e-13 -5.46779376777143e-08 -1.84536473509867e-16
-3.92779851060196e-22  8.48234682129872e-15 -6.80923434325043e-20 -5.56951412073033e-19   1.4436617766942e-23      1.99999999999999 -5.83575722012113e-13 -1.72429608526819e-13 -9.41692427461445e-17  5.46879348283176e-08
-9.29082535471671e-11   0.00166138994381521 -1.30737485296577e-08 -5.14944370442028e-08  2.33377333419507e-12 -5.83575722012113e-13      1.88572591790093   -0.0323912104681601 -3.01328950219818e-14  3.81169215077702e-12
-2.94073998664271e-09  3.01789698497338e-05 -3.96763966085477e-07 -1.60536466405599e-06   7.1079310404637e-13 -1.72429608526819e-13   -0.0323912104681601    0.0381188298490096  1.33730325142753e-15 -1.62105366550596e-13
 1.57130756349885e-16  1.35098268050197e-16  3.82524491406342e-15  3.17834679116644e-15 -5.46779376777143e-08 -9.41692427461445e-17 -3.01328950219818e-14  1.33730325142753e-15    0.0380903108079816  1.76451261940572e-18
-3.36915902132104e-15 -1.38513416267696e-14 -1.79627404685551e-15  1.03423598838615e-11 -1.84536473509867e-16  5.46879348283176e-08  3.81169215077702e-12 -1.62105366550596e-13  1.76451261940572e-18    0.0380903108079768
First eigenvector coefficient: 0.970810689366519
TOTAL ENERGY: -123.347938076027	 lambda: -4.35	 population of target: 4.00000000000139
1RDM: 
                    2  6.55057245844493e-13 -6.21304334840678e-16 -2.52959365274693e-15  1.96100214640216e-21  1.90942648540166e-22 -9.14545226282313e-11 -3.00158596165589e-09  5.10762735347181e-15 -2.10907102589566e-14
 6.55057245844493e-13      1.99997463063624  1.02578327839646e-10  3.96843196820573e-10  -3.3910684218048e-14   8.4689826983681e-15   0.00166138992576207   3.0178892322415e-05 -4.69760245365871e-16  4.34265103532628e-14
-6.21304334840678e-16  1.02578327839646e-10      1.99999999999992 -3.41117364961408e-13   2.6666098700709e-19 -4.43334179374792e-20 -1.32878173973296e-08 -4.04507204296917e-07  8.14725808156479e-14 -3.11403509380919e-13
-2.52959365274693e-15  3.96843196820573e-10 -3.41117364961408e-13      1.99999999999861  1.04768672489673e-18 -4.76739845547452e-19 -5.26903159827249e-08 -1.64725097358257e-06  7.88560590237927e-15  9.36232928079681e-12
 1.96100214640216e-21  -3.3910684218048e-14   2.6666098700709e-19  1.04768672489673e-18                     2  1.43876859977914e-23  2.33204389833602e-12  6.27713120167636e-13  -5.6081747788979e-08 -1.87799578381815e-16
 1.90942648540166e-22   8.4689826983681e-15 -4.43334179374792e-20 -4.76739845547452e-19  1.43876859977914e-23                     2 -5.81427134619175e-13 -9.83939838978705e-14 -9.57702866036979e-17  5.60918251564986e-08
-9.14545226282313e-11   0.00166138992576207 -1.32878173973296e-08 -5.26903159827249e-08  2.33204389833602e-12 -5.81427134619175e-13      1.88572591789783   -0.0323912104684698  1.30438053136212e-13 -1.13884385488783e-11
-3.00158596165589e-09   3.0178892322415e-05 -4.04507204296917e-07 -1.64725097358257e-06  6.27713120167636e-13 -9.83939838978705e-14   -0.0323912104684698    0.0381188298474616 -5.79578552456813e-15  5.13245842190516e-13
 5.10762735347181e-15 -4.69760245365871e-16  8.14725808156479e-14  7.88560590237927e-15  -5.6081747788979e-08 -9.57702866036979e-17  1.30438053136212e-13 -5.79578552456813e-15    0.0380903108099179  1.71702524447404e-18
-2.10907102589566e-14  4.34265103532628e-14 -3.11403509380919e-13  9.36232928079681e-12 -1.87799578381815e-16  5.60918251564986e-08 -1.13884385488783e-11  5.13245842190516e-13  1.71702524447404e-18    0.0380903108100221
First eigenvector coefficient: 0.97081068936586
TOTAL ENERGY: -123.347938076027	 lambda: -4.3	 population of target: 4.00000000000145
1RDM: 
     1.99999999999999  7.19877947281364e-13 -6.33080621110786e-16 -2.60319432912266e-15  1.95812168438889e-21 -4.28329157176153e-22 -9.58969698330105e-11 -3.00623809058098e-09  8.04392913756451e-16  -3.3650232055905e-15
 7.19877947281364e-13      1.99997463063562  1.04291200339379e-10  4.05019249655417e-10 -3.39312345462807e-14  8.47716629151821e-15   0.00166138993609878  3.01789431691389e-05   3.2253275353672e-16 -2.73302431516499e-14
-6.33080621110786e-16  1.04291200339379e-10      1.99999999999991   -3.563043785467e-13  2.73117408873785e-19 -7.31458952633997e-20 -1.35121091256267e-08 -4.11366545144736e-07  1.50577211730515e-14 -3.02809271204116e-14
-2.60319432912266e-15  4.05019249655417e-10   -3.563043785467e-13      1.99999999999853   1.0884000856705e-18 -5.92301848800528e-19 -5.39439990130938e-08 -1.69194840530017e-06  6.83241380608568e-15  1.00744885447859e-11
 1.95812168438889e-21 -3.39312345462807e-14  2.73117408873785e-19   1.0884000856705e-18      1.99999999999999  1.46231086275649e-23  2.33365474999038e-12   6.4583869566619e-13 -5.76487293987583e-08 -1.88210958729249e-16
-4.28329157176153e-22  8.47716629151821e-15 -7.31458952633997e-20 -5.92301848800528e-19  1.46231086275649e-23      1.99999999999999   -5.834543974148e-13  -1.8955388500124e-13 -9.60712996114968e-17  5.76587135860531e-08
-9.58969698330105e-11   0.00166138993609878 -1.35121091256267e-08 -5.39439990130938e-08  2.33365474999038e-12   -5.834543974148e-13      1.88572591789946   -0.0323912104681425 -7.97757186759894e-14  7.38900734179773e-12
-3.00623809058098e-09  3.01789431691389e-05 -4.11366545144736e-07 -1.69194840530017e-06   6.4583869566619e-13  -1.8955388500124e-13   -0.0323912104681425    0.0381188298486778  3.54506967334964e-15 -3.21151949936848e-13
 8.04392913756451e-16   3.2253275353672e-16  1.50577211730515e-14  6.83241380608568e-15 -5.76487293987583e-08 -9.60712996114968e-17 -7.97757186759894e-14  3.54506967334964e-15    0.0380903108088778  1.66953262192083e-18
 -3.3650232055905e-15 -2.73302431516499e-14 -3.02809271204116e-14  1.00744885447859e-11 -1.88210958729249e-16  5.76587135860531e-08  7.38900734179773e-12 -3.21151949936848e-13  1.66953262192083e-18    0.0380903108089017
First eigenvector coefficient: 0.9708106893661
TOTAL ENERGY: -123.347938076027	 lambda: -4.25	 population of target: 4.00000000000156
1RDM: 
                    2  7.01170502157949e-13 -6.48868989505283e-16 -2.69311411667166e-15  1.94213950451567e-21 -5.28484785518383e-22 -9.50013616738096e-11 -3.02714862875859e-09 -1.24851931866662e-15   3.5382076999961e-15
 7.01170502157949e-13      1.99997463063567  1.06048049046079e-10   4.1399046130315e-10 -3.38919991488346e-14  8.48088035161702e-15   0.00166138993417712  3.01789750626917e-05 -5.63075328065054e-16  5.38102372167158e-14
-6.48868989505283e-16  1.06048049046079e-10      1.99999999999991 -3.72704516548279e-13  2.85530878940525e-19 -6.23376583676417e-20 -1.37474894198083e-08 -4.18774864181159e-07 -2.33796202423268e-14  5.24529024008382e-14
-2.69311411667166e-15   4.1399046130315e-10 -3.72704516548279e-13      1.99999999999845  1.15148554936855e-18 -5.43037000989872e-19  -5.5281236868887e-08 -1.73856734541603e-06 -9.31065122084168e-15  9.93336480334008e-12
 1.94213950451567e-21 -3.38919991488346e-14  2.85530878940525e-19  1.15148554936855e-18                     2   1.4735636715473e-23  2.33153203494072e-12  6.87941531068349e-13 -5.92136488869354e-08 -1.92804094662066e-16
-5.28484785518383e-22  8.48088035161702e-15 -6.23376583676417e-20 -5.43037000989872e-19   1.4735636715473e-23                     2 -5.82652352686405e-13 -1.21405200493263e-13  -9.8375868462303e-17  5.92237046418584e-08
-9.50013616738096e-11   0.00166138993417712 -1.37474894198083e-08  -5.5281236868887e-08  2.33153203494072e-12 -5.82652352686405e-13       1.8857259179031    -0.032391210468032  1.55304298875951e-13 -1.41443634086906e-11
-3.02714862875859e-09  3.01789750626917e-05 -4.18774864181159e-07 -1.73856734541603e-06  6.87941531068349e-13 -1.21405200493263e-13    -0.032391210468032    0.0381188298480387 -6.90152683048299e-15  6.35746377908568e-13
-1.24851931866662e-15 -5.63075328065054e-16 -2.33796202423268e-14 -9.31065122084168e-15 -5.92136488869354e-08  -9.8375868462303e-17  1.55304298875951e-13 -6.90152683048299e-15      0.03809031080743  1.62204990894929e-18
  3.5382076999961e-15  5.38102372167158e-14  5.24529024008382e-14  9.93336480334008e-12 -1.92804094662066e-16  5.92237046418584e-08 -1.41443634086906e-11  6.35746377908568e-13  1.62204990894929e-18     0.038090310807409
First eigenvector coefficient: -0.970810689367002
TOTAL ENERGY: -123.347938076027	 lambda: -4.2	 population of target: 4.00000000000163
1RDM: 
     1.99999999999999  6.96650801143165e-13 -6.63164734250758e-16  -2.7831049361762e-15  1.91501137745627e-21 -1.37862853395021e-21  -9.4909850715226e-11 -3.04187181533766e-09 -4.69122757682211e-15  2.80120979787024e-14
 6.96650801143165e-13      1.99997463063575  1.08166092500774e-10  4.24117424678605e-10 -3.37906506783137e-14  8.49042133847888e-15    0.0016613899300556   3.0179000051322e-05  3.85272015390353e-16 -3.96904238599581e-14
-6.63164734250758e-16  1.08166092500774e-10       1.9999999999999 -3.89875822782207e-13  3.00157254440256e-19  -6.8953159095147e-20 -1.40039855727334e-08 -4.25945309674543e-07  -9.3636772220815e-14  9.81781014443679e-14
 -2.7831049361762e-15  4.24117424678605e-10 -3.89875822782207e-13      1.99999999999835  1.22938461786112e-18 -5.78909407728182e-19 -5.67424008647894e-08 -1.78805939822665e-06 -4.07612608803392e-14  9.96733036171519e-12
 1.91501137745627e-21 -3.37906506783137e-14  3.00157254440256e-19  1.22938461786112e-18      1.99999999999999  1.48983455197505e-23  2.32538059582017e-12  7.42865963524142e-13  -6.0908911343309e-08 -1.96762505457658e-16
-1.37862853395021e-21  8.49042133847888e-15  -6.8953159095147e-20 -5.78909407728182e-19  1.48983455197505e-23      1.99999999999999 -5.83679339622908e-13 -1.43380494629693e-13 -1.00505998221067e-16  6.09189855651079e-08
 -9.4909850715226e-11    0.0016613899300556 -1.40039855727334e-08 -5.67424008647894e-08  2.32538059582017e-12 -5.83679339622908e-13      1.88572591790796   -0.0323912104680587 -9.63190189824086e-14   1.0668558527976e-11
-3.04187181533766e-09   3.0179000051322e-05 -4.25945309674543e-07 -1.78805939822665e-06  7.42865963524142e-13 -1.43380494629693e-13   -0.0323912104680587    0.0381188298469973  4.28057535433947e-15  -4.6692392345965e-13
-4.69122757682211e-15  3.85272015390353e-16  -9.3636772220815e-14 -4.07612608803392e-14  -6.0908911343309e-08 -1.00505998221067e-16 -9.63190189824086e-14  4.28057535433947e-15    0.0380903108055471  1.57463869509816e-18
 2.80120979787024e-14 -3.96904238599581e-14  9.81781014443679e-14  9.96733036171519e-12 -1.96762505457658e-16  6.09189855651079e-08   1.0668558527976e-11  -4.6692392345965e-13  1.57463869509816e-18    0.0380903108054596
