HCORE:-26.8507 -7.94684 -7.80305 -8.70704 -8.93672 -33.9337  -9.2709 -7.45963 -7.45963 -8.70704
HCORE2:-33.9337 -26.8507  -9.2709 -8.93672 -8.70704 -8.70704 -7.94684 -7.80305 -7.45963 -7.45963
TOTAL ENERGY: -124.511157967055	 lambda: -5	 population of target: 3.92867255119366
1RDM: 
     1.99998444440301 -1.08353533161536e-05  -0.00185068651436835 -0.000862471449947131   0.00376136052546607 -1.32407779566223e-16  3.09586954530561e-16 -5.40166111266479e-16  5.52047241523186e-16   0.00354867032983262
-1.08353533161536e-05      1.99997038454618  -0.00170193576629408  -0.00167767853888212   0.00188708787585096  2.65217867891038e-16 -7.04541271986606e-16  5.99361901363615e-16 -6.16092660752343e-16   0.00233389225577579
 -0.00185068651436835  -0.00170193576629408       1.7710733834155    -0.125496267485338     0.431890847849808 -3.80937451563277e-14  9.37192328164963e-14 -1.48498037674242e-13  1.52769717634707e-13     0.419294662695755
-0.000862471449947131  -0.00167767853888212    -0.125496267485338      1.89191660474519     0.167049609552787 -4.70260231773845e-14   1.1857873813666e-13  -1.8529599240163e-13  1.90842528066113e-13      0.18883976959513
  0.00376136052546607   0.00188708787585096     0.431890847849808     0.167049609552787      1.06149604120284 -1.61382510602483e-14   4.8284979055816e-14 -5.05294784974874e-14  5.32951321412642e-14    -0.863831625752421
-1.32407779566223e-16  2.65217867891038e-16 -3.80937451563277e-14 -4.70260231773845e-14 -1.61382510602483e-14      1.54904254042741 -2.35402652452783e-14     0.342049680454443     0.749713985877069 -1.47234968168204e-14
 3.09586954530561e-16 -7.04541271986606e-16  9.37192328164963e-14   1.1857873813666e-13   4.8284979055816e-14 -2.35402652452783e-14      1.54904254042738     0.749713985877097    -0.342049680454426  4.26234944940892e-14
-5.40166111266479e-16  5.99361901363615e-16 -1.48498037674242e-13  -1.8529599240163e-13 -5.05294784974874e-14     0.342049680454443     0.749713985877097     0.494150333728372  2.91724214697072e-15 -3.38063843617035e-14
 5.52047241523186e-16 -6.16092660752343e-16  1.52769717634707e-13  1.90842528066113e-13  5.32951321412642e-14     0.749713985877069    -0.342049680454426  2.91724214697072e-15       0.4941503337283  3.75769961648512e-14
  0.00354867032983262   0.00233389225577579     0.419294662695755      0.18883976959513    -0.863831625752421 -1.47234968168204e-14  4.26234944940892e-14 -3.38063843617035e-14  3.75769961648512e-14       1.1891733933759
First eigenvector coefficient: 0.23441968393427
TOTAL ENERGY: -124.51308002944	 lambda: -4.95	 population of target: 3.92905890655748
1RDM: 
     1.99998462809962  -1.0749935623913e-05  -0.00183582652185384 -0.000854019184249465   0.00373794856785479 -8.89753887428344e-17  2.00588734648125e-16 -3.95051869296779e-16  4.00599903268975e-16   0.00353144847298302
 -1.0749935623913e-05      1.99997039902388  -0.00169691596411628  -0.00167505810485079   0.00188051188163488  3.93980275302021e-16 -1.02586021730975e-15  1.30546706485759e-15 -1.34516086370652e-15   0.00233160294523308
 -0.00183582652185384  -0.00169691596411628      1.77200485389327    -0.124885100734308     0.430805314180174 -4.16578748929428e-14  1.03105132294467e-13 -1.55637342501632e-13  1.60026346399809e-13     0.418855470004231
-0.000854019184249465  -0.00167505810485079    -0.124885100734308       1.8922554848689     0.166145860498476 -8.91436203035964e-14  2.26223550996822e-13 -3.16779638551642e-13   3.2690495905412e-13      0.18827924882091
  0.00373794856785479   0.00188051188163488     0.430805314180174     0.166145860498476      1.06201454138075  -4.7038480556649e-14  1.27138229505682e-13  -1.4511426909476e-13  1.51279107257333e-13    -0.864506235924354
-8.89753887428344e-17  3.93980275302021e-16 -4.16578748929428e-14 -8.91436203035964e-14  -4.7038480556649e-14      1.54949253538069 -2.18827921586323e-14     0.341932214021782     0.749456519729603  9.02409062457371e-15
 2.00588734648125e-16 -1.02586021730975e-15  1.03105132294467e-13  2.26223550996822e-13  1.27138229505682e-13 -2.18827921586323e-14      1.54949253538065     0.749456519729634    -0.341932214021767 -1.75960690117857e-14
-3.95051869296779e-16  1.30546706485759e-15 -1.55637342501632e-13 -3.16779638551642e-13  -1.4511426909476e-13     0.341932214021782     0.749456519729634     0.493680998746122  7.39182789616316e-16  5.19057805175693e-14
 4.00599903268975e-16 -1.34516086370652e-15  1.60026346399809e-13   3.2690495905412e-13  1.51279107257333e-13     0.749456519729603    -0.341932214021767  7.39182789616316e-16     0.493680998746062 -5.12361352205136e-14
  0.00353144847298302   0.00233160294523308     0.418855470004231      0.18827924882091    -0.864506235924354  9.02409062457371e-15 -1.75960690117857e-14  5.19057805175693e-14 -5.12361352205136e-14      1.18742302448008
First eigenvector coefficient: 0.235054793290228
TOTAL ENERGY: -124.515050202201	 lambda: -4.9	 population of target: 3.92945895352788
1RDM: 
      1.9999848112156 -1.06646376035128e-05  -0.00182093085538686 -0.000845594752147876   0.00371440248021762 -1.44364784856739e-16  3.41837248706418e-16 -5.91849033736947e-16  6.04129281733944e-16   0.00351422463564571
-1.06646376035128e-05      1.99997041350762  -0.00169187287298099  -0.00167244518686942   0.00187389857161528  5.94715328176334e-16 -1.53745392118272e-15  1.97090868843769e-15 -2.03289217348848e-15   0.00232938884901834
 -0.00182093085538686  -0.00169187287298099      1.77294672844319     -0.12427287131505     0.429697893836491 -6.46334758680566e-14   1.6166168153281e-13 -2.37003094807716e-13  2.44138561336504e-13     0.418414892981058
-0.000845594752147876  -0.00167244518686942     -0.12427287131505      1.89259284270997     0.165238661112546 -1.34592394144739e-13  3.42067186689351e-13 -4.77515477496477e-13  4.93048167503175e-13      0.18772337345551
  0.00371440248021762   0.00187389857161528     0.429697893836491     0.165238661112546      1.06257422360397 -6.69539292946755e-14  1.77905676755223e-13 -2.15045772866243e-13  2.23554908660703e-13    -0.865185980041824
-1.44364784856739e-16  5.94715328176334e-16 -6.46334758680566e-14 -1.34592394144739e-13 -6.69539292946755e-14      1.54995573945478 -2.07341104747665e-14      0.34181110862557       0.7491910775941  1.27522015032358e-14
 3.41837248706418e-16 -1.53745392118272e-15   1.6166168153281e-13  3.42067186689351e-13  1.77905676755223e-13 -2.07341104747665e-14      1.54995573945475     0.749191077594123    -0.341811108625553  -2.7098983990484e-14
-5.91849033736947e-16  1.97090868843769e-15 -2.37003094807716e-13 -4.77515477496477e-13 -2.15045772866243e-13      0.34181110862557     0.749191077594123     0.493198212604559  4.51934934349162e-15  6.56291652957789e-14
 6.04129281733944e-16 -2.03289217348848e-15  2.44138561336504e-13  4.93048167503175e-13  2.23554908660703e-13       0.7491910775941    -0.341811108625553  4.51934934349162e-15     0.493198212604501 -6.54090145582826e-14
  0.00351422463564571   0.00232938884901834     0.418414892981058      0.18772337345551    -0.865185980041824  1.27522015032358e-14  -2.7098983990484e-14  6.56291652957789e-14 -6.54090145582826e-14      1.18562307640104
First eigenvector coefficient: 0.235708273012324
TOTAL ENERGY: -124.517070773298	 lambda: -4.85	 population of target: 3.92987344232761
1RDM: 
     1.99998499373749 -1.05794585128639e-05  -0.00180599926940976 -0.000837198643658697   0.00369072052792109 -3.63490005930283e-16  9.00572169836334e-16 -1.37353715537195e-15   1.4120278309487e-15   0.00349700149723469
-1.05794585128639e-05      1.99997042800897  -0.00168680504525497  -0.00166983930059538    0.0018672456342714  1.44042559162068e-15 -3.69221257075449e-15  4.82410412090066e-15 -4.98114669202901e-15   0.00232725219578607
 -0.00180599926940976  -0.00168680504525497      1.77389931848598    -0.123659542026507     0.428567824068493 -1.59423766876831e-13  4.03344484303407e-13 -5.71838409015622e-13  5.90185401010879e-13     0.417972954384366
-0.000837198643658697  -0.00166983930059538    -0.123659542026507      1.89292867391182     0.164327941761573 -3.28297270572856e-13  8.35966002906754e-13 -1.15968555437285e-12  1.19805983153066e-12     0.187172379050641
  0.00369072052792109    0.0018672456342714     0.428567824068493     0.164327941761573      1.06317693723309   -1.541442004596e-13  4.00240865118229e-13 -5.18776562289746e-13  5.37459437992949e-13    -0.865870931505484
-3.63490005930283e-16  1.44042559162068e-15 -1.59423766876831e-13 -3.28297270572856e-13   -1.541442004596e-13      1.55043273792525 -2.32432518667688e-14     0.341686195138407     0.748917288607627  3.22226486769899e-14
 9.00572169836334e-16 -3.69221257075449e-15  4.03344484303407e-13  8.35966002906754e-13  4.00240865118229e-13 -2.32432518667688e-14      1.55043273792522     0.748917288607655    -0.341686195138388 -7.67134373947144e-14
-1.37353715537195e-15  4.82410412090066e-15 -5.71838409015622e-13 -1.15968555437285e-12 -5.18776562289746e-13     0.341686195138407     0.748917288607655     0.492701386448031  3.77124652994468e-15  1.36927273923318e-13
  1.4120278309487e-15 -4.98114669202901e-15  5.90185401010879e-13  1.19805983153066e-12  5.37459437992949e-13     0.748917288607627    -0.341686195138388  3.77124652994468e-15     0.492701386447972 -1.39085234992922e-13
  0.00349700149723469   0.00232725219578607     0.417972954384366     0.187172379050641    -0.865870931505484  3.22226486769899e-14 -7.67134373947144e-14  1.36927273923318e-13 -1.39085234992922e-13      1.18377139987624
First eigenvector coefficient: -0.236380936574063
TOTAL ENERGY: -124.519144171191	 lambda: -4.8	 population of target: 3.93030317562533
1RDM: 
     1.99998517565166 -1.04943975894654e-05  -0.00179103149803213 -0.000828831352688808   0.00366690087474479 -2.07875927436128e-16   5.0378205096403e-16 -8.18573674184264e-16  8.38798215418972e-16   0.00347978187731351
-1.04943975894654e-05      1.99997044253999  -0.00168171098385567  -0.00166723996757682   0.00186055061257679  8.56807027781764e-16 -2.20358593934767e-15  2.86526551814522e-15 -2.95812719714693e-15   0.00232519532835686
 -0.00179103149803213  -0.00168171098385567       1.7748629483118    -0.123045074709943     0.427414302713565 -9.33713812822318e-14  2.34813918274497e-13 -3.38452385986127e-13  3.49124497084899e-13     0.417529678789116
-0.000828831352688808  -0.00166723996757682    -0.123045074709943      1.89326297056441     0.163413624116403 -1.94564219485459e-13  4.94709568734971e-13 -6.88389444912149e-13  7.11280626519334e-13      0.18662651164069
  0.00366690087474479   0.00186055061257679     0.427414302713565     0.163413624116403      1.06382463719636 -9.44905314421715e-14  2.47995943179755e-13 -3.10576980784742e-13  3.22419593667693e-13    -0.866561158946801
-2.07875927436128e-16  8.56807027781764e-16 -9.33713812822318e-14 -1.94564219485459e-13 -9.44905314421715e-14      1.55092414752635 -2.14308325423609e-14     0.341557294258617      0.74863476002766  2.00181856664267e-14
  5.0378205096403e-16 -2.20358593934767e-15  2.34813918274497e-13  4.94709568734971e-13  2.47995943179755e-13 -2.14308325423609e-14      1.55092414752632     0.748634760027688    -0.341557294258603 -4.55578922864258e-14
-8.18573674184264e-16  2.86526551814522e-15 -3.38452385986127e-13 -6.88389444912149e-13 -3.10576980784742e-13     0.341557294258617     0.748634760027688     0.492189903252215  2.04936703412058e-15   9.2261758984676e-14
 8.38798215418972e-16 -2.95812719714693e-15  3.49124497084899e-13  7.11280626519334e-13  3.22419593667693e-13      0.74863476002766    -0.341557294258603  2.04936703412058e-15     0.492189903252146 -9.29680270100477e-14
  0.00347978187731351   0.00232519532835686     0.417529678789116      0.18662651164069    -0.866561158946801  2.00181856664267e-14 -4.55578922864258e-14   9.2261758984676e-14 -9.29680270100477e-14      1.18186572417884
First eigenvector coefficient: -0.237073642356557
TOTAL ENERGY: -124.521272981096	 lambda: -4.75	 population of target: 3.93074901413506
1RDM: 
     1.99998535694436 -1.04094539577122e-05  -0.00177602724230751 -0.000820493352277315   0.00364294157941378 -2.63153012719988e-16  6.44527629085432e-16 -1.01566167004161e-15  1.04284220427837e-15   0.00346256874503548
-1.04094539577122e-05      1.99997045711365  -0.00167658906811535   -0.0016646465885105   0.00185381092311685  1.05722122955742e-15 -2.71365580605766e-15  3.52534939514721e-15 -3.64105137259371e-15   0.00232322069907965
 -0.00177602724230751  -0.00167658906811535      1.77583796024846    -0.122429421632102     0.426236487165874 -1.16272631483801e-13  2.93091628741645e-13  -4.1990235766109e-13  4.33409592972463e-13     0.417085091518165
-0.000820493352277315   -0.0016646465885105    -0.122429421632102      1.89359573648057     0.162495622851915  -2.3932884153381e-13  6.08628700294755e-13 -8.47426941080517e-13  8.75839824247145e-13     0.186086024914798
  0.00364294157941378   0.00185381092311685     0.426236487165874     0.162495622851915      1.06451939302868 -1.13875419261429e-13  2.97330674404779e-13 -3.78966688255393e-13  3.93175683288085e-13    -0.867256726310635
-2.63153012719988e-16  1.05722122955742e-15 -1.16272631483801e-13  -2.3932884153381e-13 -1.13875419261429e-13      1.55143062214096 -2.36062662309297e-14     0.341424216369652     0.748343075905932  2.36806490509887e-14
 6.44527629085432e-16 -2.71365580605766e-15  2.93091628741645e-13  6.08628700294755e-13  2.97330674404779e-13 -2.36062662309297e-14      1.55143062214093     0.748343075905962    -0.341424216369635 -5.48771403765726e-14
-1.01566167004161e-15  3.52534939514721e-15  -4.1990235766109e-13 -8.47426941080517e-13 -3.78966688255393e-13     0.341424216369652     0.748343075905962     0.491663102244342  2.66679284582469e-15  1.05839177045588e-13
 1.04284220427837e-15 -3.64105137259371e-15  4.33409592972463e-13  8.75839824247145e-13  3.93175683288085e-13     0.748343075905932    -0.341424216369635  2.66679284582469e-15     0.491663102244274 -1.07006215552279e-13
  0.00346256874503548   0.00232322069907965     0.417085091518165     0.186086024914798    -0.867256726310635  2.36806490509887e-14 -5.48771403765726e-14  1.05839177045588e-13 -1.07006215552279e-13      1.17990364741379
First eigenvector coefficient: -0.237787301897532
TOTAL ENERGY: -124.523459955423	 lambda: -4.7	 population of target: 3.9312118812857
1RDM: 
     1.99998553760176 -1.03246267019639e-05  -0.00176098618083899 -0.000812185122208173   0.00361884058169831 -3.48291944307098e-16  8.61423096380002e-16 -1.32055183898105e-15  1.35827340113956e-15   0.00344536522661571
-1.03246267019639e-05      1.99997047174367  -0.00167143761900428  -0.00166205857959941   0.00184702379528443  1.40375519673603e-15 -3.59489610433791e-15  4.70313561102055e-15 -4.85925498837038e-15    0.0023213308812615
 -0.00176098618083899  -0.00167143761900428      1.77682471070326    -0.121812534544658     0.425033489967331 -1.54437874948048e-13  3.90265888662423e-13 -5.54944059406615e-13  5.73118080226011e-13     0.416639219957152
-0.000812185122208173  -0.00166205857959941    -0.121812534544658       1.8939269701844     0.161573841923064 -3.18281957790068e-13  8.09652574767402e-13 -1.12574374542995e-12  1.16378217295766e-12     0.185551184736584
  0.00361884058169831   0.00184702379528443     0.425033489967331     0.161573841923064      1.06526339467145 -1.49925235643045e-13  3.89126239837041e-13 -5.04396323220309e-13  5.22946834748045e-13    -0.867957690236371
-3.48291944307098e-16  1.40375519673603e-15 -1.54437874948048e-13 -3.18281957790068e-13 -1.49925235643045e-13      1.55195286160204 -2.15491170542907e-14     0.341286757083745     0.748041789121517  3.29663763288476e-14
 8.61423096380002e-16 -3.59489610433791e-15  3.90265888662423e-13  8.09652574767402e-13  3.89126239837041e-13 -2.15491170542907e-14      1.55195286160201     0.748041789121547     -0.34128675708373 -7.84909804747266e-14
-1.32055183898105e-15  4.70313561102055e-15 -5.54944059406615e-13 -1.12574374542995e-12 -5.04396323220309e-13     0.341286757083745     0.748041789121547      0.49112028138318  1.86229353977926e-15  1.39900942171063e-13
 1.35827340113956e-15 -4.85925498837038e-15  5.73118080226011e-13  1.16378217295766e-12  5.22946834748045e-13     0.748041789121517     -0.34128675708373  1.86229353977926e-15      0.49112028138312 -1.42244204437286e-13
  0.00344536522661571    0.0023213308812615     0.416639219957152     0.185551184736584    -0.867957690236371  3.29663763288476e-14 -7.84909804747266e-14  1.39900942171063e-13 -1.42244204437286e-13      1.17788262912518
First eigenvector coefficient: -0.238522881300854
TOTAL ENERGY: -124.525708024466	 lambda: -4.65	 population of target: 3.93169276819167
1RDM: 
     1.99998571760974 -1.02399147401687e-05  -0.00174590796012759 -0.000803907125181074   0.00359459570436763 -1.63613593656273e-16  3.91030044499583e-16 -6.60352712311008e-16  6.75812319501074e-16    0.0034281746298134
-1.02399147401687e-05      1.99997048644475  -0.00166625484663395  -0.00165947526641005   0.00184018630357123  6.86443678350078e-16 -1.76812849876034e-15   2.2834907800405e-15 -2.35816516878643e-15   0.00231952857188928
 -0.00174590796012759  -0.00166625484663395      1.77782357473188    -0.121194357669715     0.423804376429196 -7.42065277990643e-14    1.858069431587e-13 -2.71312097963569e-13  2.79903710481878e-13     0.416192092706718
-0.000803907125181074  -0.00165947526641005    -0.121194357669715      1.89425667676433     0.160648175052557  -1.5436519864424e-13  3.91900264310689e-13 -5.48101009057116e-13  5.66618896980244e-13     0.185022265978532
  0.00359459570436763   0.00184018630357123     0.423804376429196     0.160648175052557      1.06605896425096 -7.61259777072034e-14  2.01018909768339e-13 -2.47257499074576e-13  2.57107587472813e-13    -0.868664100860713
-1.63613593656273e-16  6.86443678350078e-16 -7.42065277990643e-14  -1.5436519864424e-13 -7.61259777072034e-14      1.55249159972875 -2.28453762370317e-14     0.341144702181213     0.747730429350442  1.61136973265659e-14
 3.91030044499583e-16 -1.76812849876034e-15    1.858069431587e-13  3.91900264310689e-13  2.01018909768339e-13 -2.28453762370317e-14      1.55249159972871     0.747730429350472    -0.341144702181196 -3.55503061644653e-14
-6.60352712311008e-16   2.2834907800405e-15 -2.71312097963569e-13 -5.48101009057116e-13 -2.47257499074576e-13     0.341144702181213     0.747730429350472     0.490560702071894  2.63886282994521e-15  7.82064593648266e-14
 6.75812319501074e-16 -2.35816516878643e-15  2.79903710481878e-13  5.66618896980244e-13  2.57107587472813e-13     0.747730429350442    -0.341144702181196  2.63886282994521e-15     0.490560702071831 -7.84706696988831e-14
   0.0034281746298134   0.00231952857188928     0.416192092706718     0.185022265978532    -0.868664100860713  1.61136973265659e-14 -3.55503061644653e-14  7.82064593648266e-14 -7.84706696988831e-14       1.1757999765972
First eigenvector coefficient: 0.239281403548635
TOTAL ENERGY: -124.528020313848	 lambda: -4.6	 population of target: 3.93219274034923
1RDM: 
     1.99998589695423 -1.01553168930139e-05  -0.00173079219201369 -0.000795659818819149   0.00357020461544023 -1.19131668270515e-16  2.77896011785326e-16  -5.0142601740637e-16   5.1152316382081e-16   0.00341100042158973
-1.01553168930139e-05      1.99997050123249  -0.00166103886797413  -0.00165689594233386   0.00183329531037837  5.30606467917828e-16 -1.37075594175279e-15  1.77204206555146e-15 -1.82948359612185e-15   0.00231781659595682
 -0.00173079219201369  -0.00166103886797413      1.77883494426289    -0.120574831076161     0.422548162167394 -5.61815207530211e-14  1.39882511555497e-13 -2.07327059604231e-13  2.13765627970998e-13     0.415743740479224
-0.000795659818819149  -0.00165689594233386    -0.120574831076161      1.89458486227141     0.159718504536169 -1.19189878009315e-13  3.02259685349933e-13 -4.23421104548541e-13   4.3775367553712e-13     0.184499555748328
  0.00357020461544023   0.00183329531037837     0.422548162167394     0.159718504536169      1.06690856388594 -6.10951430887274e-14  1.62705823059563e-13 -1.94335299592391e-13  2.02410416869745e-13    -0.869375997132047
-1.19131668270515e-16  5.30606467917828e-16 -5.61815207530211e-14 -1.19189878009315e-13 -6.10951430887274e-14      1.55304762276625 -2.28681661486058e-14     0.340997821262978     0.747408491655391  1.37349765507663e-14
 2.77896011785326e-16 -1.37075594175279e-15  1.39882511555497e-13  3.02259685349933e-13  1.62705823059563e-13 -2.28681661486058e-14      1.55304762276622     0.747408491655423    -0.340997821262961 -2.94683916565477e-14
 -5.0142601740637e-16  1.77204206555146e-15 -2.07327059604231e-13 -4.23421104548541e-13 -1.94335299592391e-13     0.340997821262978     0.747408491655423     0.489983573296386  1.48496931933141e-15  6.94451417388004e-14
  5.1152316382081e-16 -1.82948359612185e-15  2.13765627970998e-13   4.3775367553712e-13  2.02410416869745e-13     0.747408491655391    -0.340997821262961  1.48496931933141e-15     0.489983573296324 -6.94235517793026e-14
  0.00341100042158973   0.00231781659595682     0.415743740479224     0.184499555748328    -0.869375997132047  1.37349765507663e-14 -2.94683916565477e-14  6.94451417388004e-14 -6.94235517793026e-14      1.17365283926787
First eigenvector coefficient: 0.240063955775852
TOTAL ENERGY: -124.530400159382	 lambda: -4.55	 population of target: 3.93271294413813
1RDM: 
     1.99998607562094 -1.00708318433831e-05  -0.00171563845160386 -0.000787443646155923   0.00354566484016646 -1.37634066139447e-16  3.25200839405059e-16 -5.68187038941968e-16  5.80595362371852e-16   0.00339384627060507
-1.00708318433831e-05      1.99997051612368  -0.00165578768487188  -0.00165431982290027   0.00182634748665576  6.39413571010771e-16 -1.64650824228442e-15  2.16795730807655e-15 -2.23894187104595e-15   0.00231619792115367
 -0.00171563845160386  -0.00165578768487188      1.77985923148809    -0.119953887793252     0.421263808481657  -6.7060705283557e-14  1.67591229498925e-13 -2.45384165560568e-13  2.53158487323864e-13     0.415294195374657
-0.000787443646155923  -0.00165431982290027    -0.119953887793252      1.89491153700424     0.158784699504878 -1.44668659710002e-13  3.67145592743802e-13 -5.12035716452492e-13  5.29480328845162e-13     0.183983351816003
  0.00354566484016646   0.00182634748665576     0.421263808481657     0.158784699504878      1.06781480706329 -7.43042704708334e-14  1.96350299321765e-13  -2.3935773656838e-13  2.49014724046277e-13    -0.870093408317398
-1.37634066139447e-16  6.39413571010771e-16  -6.7060705283557e-14 -1.44668659710002e-13 -7.43042704708334e-14      1.55362176304798 -2.29823681546938e-14      0.34084586953226     0.747075439770718  1.91324479395579e-14
 3.25200839405059e-16 -1.64650824228442e-15  1.67591229498925e-13  3.67145592743802e-13  1.96350299321765e-13 -2.29823681546938e-14      1.55362176304795     0.747075439770747    -0.340845869532243 -4.31801498035435e-14
-5.68187038941968e-16  2.16795730807655e-15 -2.45384165560568e-13 -5.12035716452492e-13  -2.3935773656838e-13      0.34084586953226     0.747075439770747     0.489388057507917  2.37404063791556e-15  8.91058373251409e-14
 5.80595362371852e-16 -2.23894187104595e-15  2.53158487323864e-13  5.29480328845162e-13  2.49014724046277e-13     0.747075439770718    -0.340845869532243  2.37404063791556e-15     0.489388057507849 -8.97688357700907e-14
  0.00339384627060507   0.00231619792115367     0.415294195374657     0.183983351816003    -0.870093408317398  1.91324479395579e-14 -4.31801498035435e-14  8.91058373251409e-14 -8.97688357700907e-14      1.17143819158803
First eigenvector coefficient: -0.240871692286299
TOTAL ENERGY: -124.532851126332	 lambda: -4.5	 population of target: 3.93325461465459
1RDM: 
     1.99998625359556 -9.98645823666587e-06  -0.00170044626865974 -0.000779259035998348    0.0035209737302229 -1.40062146463406e-15  3.54004359036565e-15 -5.09965107922721e-15  5.26850218816948e-15   0.00337671603686661
-9.98645823666587e-06      1.99997053113601  -0.00165049918813386  -0.00165174605752016   0.00181933931052338  5.57032399939485e-15 -1.41926651778798e-14  1.87307222177182e-14 -1.93701755269797e-14   0.00231467568524327
 -0.00170044626865974  -0.00165049918813386      1.78089686971104    -0.119331453653689     0.419950219242051 -6.17008646933217e-13  1.56773416933713e-12 -2.19899139385092e-12   2.2741196770122e-12     0.414843490744745
-0.000779259035998348  -0.00165174605752016    -0.119331453653689      1.89523671549069     0.157846615390477 -1.25738587497136e-12  3.20024948750325e-12  -4.4528145590979e-12  4.60611161904067e-12     0.183473963816603
   0.0035209737302229   0.00181933931052338     0.419950219242051     0.157846615390477       1.0687804693366 -5.72120860158435e-13  1.46400658401771e-12 -1.98231131620493e-12  2.05208495213439e-12    -0.870816350721157
-1.40062146463406e-15  5.57032399939485e-15 -6.17008646933217e-13 -1.25738587497136e-12 -5.72120860158435e-13      1.55421490985983 -2.23180997841276e-14     0.340688585037235      0.74673069926269  1.36084128519084e-13
 3.54004359036565e-15 -1.41926651778798e-14  1.56773416933713e-12  3.20024948750325e-12  1.46400658401771e-12 -2.23180997841276e-14      1.55421490985979     0.746730699262719    -0.340688585037218 -3.40822016538713e-13
-5.09965107922721e-15  1.87307222177182e-14 -2.19899139385092e-12  -4.4528145590979e-12 -1.98231131620493e-12     0.340688585037235     0.746730699262719     0.488773259057805  1.91877102407788e-15  5.19915191921567e-13
 5.26850218816948e-15 -1.93701755269797e-14   2.2741196770122e-12  4.60611161904067e-12  2.05208495213439e-12      0.74673069926269    -0.340688585037218  1.91877102407788e-15     0.488773259057742 -5.35365875778285e-13
  0.00337671603686661   0.00231467568524327     0.414843490744745     0.183473963816603    -0.870816350721157  1.36084128519084e-13 -3.40822016538713e-13  5.19915191921567e-13 -5.35365875778285e-13      1.16915282289496
First eigenvector coefficient: 0.241705841694337
TOTAL ENERGY: -124.535377026409	 lambda: -4.45	 population of target: 3.93381908347725
1RDM: 
     1.99998643086361 -9.90219435411763e-06  -0.00168521513304711 -0.000771106396167095   0.00349612845301544 -4.58109836329268e-16  1.14110994039788e-15 -1.71927154250606e-15  1.77161285606169e-15   0.00335961379739466
-9.90219435411763e-06      1.99997054628867  -0.00164517114531909  -0.00164917372141152   0.00181226698471511  1.87094168332502e-15 -4.78043989412595e-15   6.2812944385823e-15 -6.49360067108158e-15   0.00231325316095221
 -0.00168521513304711  -0.00164517114531909      1.78194831228965    -0.118707448029599     0.418606237008166 -2.05038204433474e-13  5.18856566163841e-13 -7.37071529055501e-13  7.61817775899277e-13     0.414391663303648
-0.000771106396167095  -0.00164917372141152    -0.118707448029599      1.89556041503857     0.156904090212184 -4.20601677819552e-13  1.06965027587651e-12 -1.49279420516592e-12  1.54407264103983e-12     0.182971713244989
  0.00349612845301544   0.00181226698471511     0.418606237008166     0.156904090212184      1.06980850320657 -1.96418364958505e-13  5.07274880200655e-13 -6.68810724792688e-13  6.93275526237723e-13    -0.871544825140469
-4.58109836329268e-16  1.87094168332502e-15 -2.05038204433474e-13 -4.20601677819552e-13 -1.96418364958505e-13      1.55482800830511 -2.27994420150276e-14     0.340525688199782     0.746373657309259  4.68870491326641e-14
 1.14110994039788e-15 -4.78043989412595e-15  5.18856566163841e-13  1.06965027587651e-12  5.07274880200655e-13 -2.27994420150276e-14      1.55482800830508     0.746373657309288    -0.340525688199765 -1.13803852720305e-13
-1.71927154250606e-15   6.2812944385823e-15 -7.37071529055501e-13 -1.49279420516592e-12 -6.68810724792688e-13     0.340525688199782     0.746373657309288     0.488138227272907   2.0021670667619e-15  1.91853426048221e-13
 1.77161285606169e-15 -6.49360067108158e-15  7.61817775899277e-13  1.54407264103983e-12  6.93275526237723e-13     0.746373657309259    -0.340525688199765   2.0021670667619e-15     0.488138227272842  -1.9603759855534e-13
  0.00335961379739466   0.00231325316095221     0.414391663303648     0.182971713244989    -0.871544825140469  4.68870491326641e-14 -1.13803852720305e-13  1.91853426048221e-13  -1.9603759855534e-13        1.166793321157
First eigenvector coefficient: -0.242567710163082
TOTAL ENERGY: -124.537981938877	 lambda: -4.4	 population of target: 3.93440778779316
1RDM: 
     1.99998660741057 -9.81803857749186e-06  -0.00166994448592825 -0.000762986130505453   0.00347112597732874 -1.03855409148705e-16   2.3934364697923e-16 -4.46138409925588e-16  4.54829420223681e-16   0.00334254385100466
-9.81803857749186e-06      1.99997056160201  -0.00163980120030461   -0.0016466018471097   0.00180512647355853  4.58427341115731e-16 -1.18640892996563e-15  1.51240360226371e-15 -1.56178881827215e-15   0.00231193381377983
 -0.00166994448592825  -0.00163980120030461      1.78301403640906    -0.118081783864004     0.417230637605569 -4.85032606283921e-14  1.20237397994953e-13 -1.81022804490709e-13   1.8667957487057e-13     0.413938750319993
-0.000762986130505453   -0.0016466018471097    -0.118081783864004        1.895882653462     0.155956945045597 -1.01344691529119e-13   2.5658995069551e-13 -3.62539429791636e-13  3.75006402944585e-13     0.182476936077532
  0.00347112597732874   0.00180512647355853     0.417230637605569     0.155956945045597      1.07090204685199 -5.22168333803606e-14   1.3997598348948e-13 -1.64584730375114e-13  1.71713526904425e-13    -0.872278814483969
-1.03855409148705e-16  4.58427341115731e-16 -4.85032606283921e-14 -1.01344691529119e-13 -5.22168333803606e-14      1.55546206693347 -2.36889015639781e-14     0.340356879449064     0.746003657367458  1.10824707767806e-14
  2.3934364697923e-16 -1.18640892996563e-15  1.20237397994953e-13   2.5658995069551e-13   1.3997598348948e-13 -2.36889015639781e-14      1.55546206693343     0.746003657367486    -0.340356879449046 -2.26575839566212e-14
-4.46138409925588e-16  1.51240360226371e-15 -1.81022804490709e-13 -3.62539429791636e-13 -1.64584730375114e-13     0.340356879449064     0.746003657367486     0.487481949647954  3.09648922246962e-15  6.01140164361689e-14
 4.54829420223681e-16 -1.56178881827215e-15   1.8667957487057e-13  3.75006402944585e-13  1.71713526904425e-13     0.746003657367458    -0.340356879449046  3.09648922246962e-15     0.487481949647884 -5.97897288043736e-14
  0.00334254385100466   0.00231193381377983     0.413938750319993     0.182476936077532    -0.872278814483969  1.10824707767806e-14 -2.26575839566212e-14  6.01140164361689e-14 -5.97897288043736e-14      1.16435606110171
First eigenvector coefficient: -0.243458688948185
TOTAL ENERGY: -124.540670236748	 lambda: -4.35	 population of target: 3.93502228121645
1RDM: 
     1.99998678322193 -9.73398867929172e-06  -0.00165463369612823 -0.000754898586209831   0.00344596304149865  5.63665284328457e-18 -3.90479705530095e-17 -5.20397863778299e-17  4.70449447366993e-17     0.003325510720873
-9.73398867929172e-06      1.99997057709813  -0.00163438679753953  -0.00164402924679081    0.0017979134946695  1.91056089955264e-17 -6.94464964924857e-17  2.98922865427445e-17 -2.78349346473721e-17   0.00231072125900835
 -0.00165463369612823  -0.00163438679753953      1.78409454724595     -0.11745435728636     0.415822128189526  8.66955429952152e-17 -3.40084042384739e-15 -8.30751679571391e-15  7.94601927974594e-15     0.413484790030415
-0.000754898586209831  -0.00164402924679081     -0.11745435728636      1.89620346894539     0.155004984615687 -2.28442517120764e-15  4.49899249803666e-15 -1.16470074370258e-14  1.18822444756582e-14     0.181989977003194
  0.00344596304149865    0.0017979134946695     0.415822128189526     0.155004984615687      1.07206444629948 -7.42465870808294e-15  2.59655168904367e-14  -7.9362498603044e-15  9.59382673819865e-15    -0.873018281736215
 5.63665284328457e-18  1.91056089955264e-17  8.66955429952152e-17 -2.28442517120764e-15 -7.42465870808294e-15      1.55611815831145 -2.64982582564964e-14     0.340181840055677     0.745620001449183 -2.84089670104024e-16
-3.90479705530095e-17 -6.94464964924857e-17 -3.40084042384739e-15  4.49899249803666e-15  2.59655168904367e-14 -2.64982582564964e-14      1.55611815831141      0.74562000144922    -0.340181840055658  6.26329191874407e-15
-5.20397863778299e-17  2.98922865427445e-17 -8.30751679571391e-15 -1.16470074370258e-14  -7.9362498603044e-15     0.340181840055677      0.74562000144922     0.486803338235947  1.18739969657563e-15  1.83004199338615e-14
 4.70449447366993e-17 -2.78349346473721e-17  7.94601927974594e-15  1.18822444756582e-14  9.59382673819865e-15     0.745620001449183    -0.340181840055658  1.18739969657563e-15     0.486803338235871  -1.6522794275776e-14
    0.003325510720873   0.00231072125900835     0.413484790030415     0.181989977003194    -0.873018281736215 -2.84089670104024e-16  6.26329191874407e-15  1.83004199338615e-14  -1.6522794275776e-14      1.16183718409448
First eigenvector coefficient: 0.244380262211939
TOTAL ENERGY: -124.543446613101	 lambda: -4.3	 population of target: 3.93566424526175
1RDM: 
     1.99998695828306 -9.65004257751727e-06  -0.00163928209354344  -0.00074684411754535   0.00342063613358526  -1.5326259638995e-18 -2.05698020439094e-17 -7.75678859450256e-17  7.34391440784806e-17   0.00330851919553474
-9.65004257751727e-06      1.99997059280049  -0.00162892530655331  -0.00164145479166099   0.00179062341927123  5.02283677004964e-17 -1.48751834163201e-16  1.37279008967202e-16 -1.38655655833314e-16   0.00230961933706966
 -0.00163928209354344  -0.00162892530655331      1.78519037086461    -0.116825064342843     0.414379337458735  -3.2726163647885e-15  5.18588042659443e-15 -2.02652031108951e-14  2.02954547765739e-14     0.413029825292455
 -0.00074684411754535  -0.00164145479166099    -0.116825064342843       1.8965228868529     0.154047987057145  -9.3152508209725e-15  2.24567417606127e-14   -3.659534103207e-14  3.76482180913448e-14      0.18151119849248
  0.00342063613358526   0.00179062341927123     0.414379337458735     0.154047987057145      1.07329926833064  -1.0733433298855e-14  3.44110139115709e-14 -1.95327263363614e-14  2.15673862073514e-14    -0.873763164033353
 -1.5326259638995e-18  5.02283677004964e-17  -3.2726163647885e-15  -9.3152508209725e-15  -1.0733433298855e-14      1.55679743721857 -2.41952492524023e-14     0.340000224971365     0.745221932539778  7.04511598830855e-16
-2.05698020439094e-17 -1.48751834163201e-16  5.18588042659443e-15  2.24567417606127e-14  3.44110139115709e-14 -2.41952492524023e-14      1.55679743721853     0.745221932539808    -0.340000224971346  3.75503954095422e-15
-7.75678859450256e-17  1.37279008967202e-16 -2.02652031108951e-14   -3.659534103207e-14 -1.95327263363614e-14     0.340000224971365     0.745221932539808     0.486101234560424  3.37929264968839e-15   2.1977565674414e-14
 7.34391440784806e-17 -1.38655655833314e-16  2.02954547765739e-14  3.76482180913448e-14  2.15673862073514e-14     0.745221932539778    -0.340000224971346  3.37929264968839e-15     0.486101234560355 -2.03215548856071e-14
  0.00330851919553474   0.00230961933706966     0.413029825292455      0.18151119849248    -0.873763164033353  7.04511598830855e-16  3.75503954095422e-15   2.1977565674414e-14 -2.03215548856071e-14      1.15923257931043
First eigenvector coefficient: 0.245334014014022
TOTAL ENERGY: -124.546316103149	 lambda: -4.25	 population of target: 3.93633550048723
1RDM: 
     1.99998713257944 -9.56619763192049e-06  -0.00162388892144449 -0.000738823023072966    0.0033951414753208 -1.17365054032471e-20   -2.432502712881e-17 -7.15762271006703e-17  6.73393017657616e-17   0.00329157431048611
-9.56619763192049e-06      1.99997060873465  -0.00162341385758094  -0.00163887711912385   0.00178325133262923  4.21360809434818e-17 -1.28018957246681e-16  1.08282034022743e-16 -1.08794819753518e-16   0.00230863206332493
 -0.00162388892144449  -0.00162341385758094      1.78630206598526    -0.116193782792165     0.412900814889283 -2.43613766878944e-15  3.04343432267904e-15 -1.72821441112111e-14   1.7232136982374e-14     0.412573898067359
-0.000738823023072966  -0.00163887711912385    -0.116193782792165      1.89684095223237     0.153085710527899 -7.43928767874161e-15  1.76427272742904e-14 -2.99761086591917e-14  3.08419634042302e-14     0.181040973515839
   0.0033951414753208   0.00178325133262923     0.412900814889283     0.153085710527899      1.07461031461515 -9.77710538878767e-15  3.19535308548309e-14 -1.62540685901617e-14  1.81872986750335e-14    -0.874513372389642
-1.17365054032471e-20  4.21360809434818e-17 -2.43613766878944e-15 -7.43928767874161e-15 -9.77710538878767e-15      1.55750112765152 -2.27879099595192e-14     0.339811667542789     0.744808647018491  3.38616630500606e-16
  -2.432502712881e-17 -1.28018957246681e-16  3.04343432267904e-15  1.76427272742904e-14  3.19535308548309e-14 -2.27879099595192e-14      1.55750112765148     0.744808647018523    -0.339811667542773   4.7009831883612e-15
-7.15762271006703e-17  1.08282034022743e-16 -1.72821441112111e-14 -2.99761086591917e-14 -1.62540685901617e-14     0.339811667542789     0.744808647018523      0.48537440147297  9.50759825538269e-16   2.0682910717817e-14
 6.73393017657616e-17 -1.08794819753518e-16   1.7232136982374e-14  3.08419634042302e-14  1.81872986750335e-14     0.744808647018491    -0.339811667542773  9.50759825538269e-16     0.485374401472902 -1.89853454558172e-14
  0.00329157431048611   0.00230863206332493     0.412573898067359     0.181040973515839    -0.874513372389642  3.38616630500606e-16   4.7009831883612e-15   2.0682910717817e-14 -1.89853454558172e-14      1.15653786760427
First eigenvector coefficient: -0.246321633967829
TOTAL ENERGY: -124.549284126665	 lambda: -4.2	 population of target: 3.93703802312029
1RDM: 
      1.9999873060965 -9.48245119023375e-06  -0.00160845336092405 -0.000730835579955759   0.00336947497859854 -2.11668124830967e-17  2.96942070940728e-17 -1.47716739923058e-16  1.46149798962833e-16    0.0032746813921454
-9.48245119023375e-06      1.99997062492759   -0.0016178494706483  -0.00163629483888137   0.00177579196848124  1.28468532852977e-16 -3.47606319997191e-16  4.00049689652158e-16 -4.10514259776976e-16   0.00230776371740403
 -0.00160845336092405   -0.0016178494706483      1.78743021760018     -0.11556038379011     0.411385020541708 -1.19158889659076e-14  2.71893655992539e-14 -5.11755081567837e-14   5.2296362040973e-14     0.412117054582629
-0.000730835579955759  -0.00163629483888137     -0.11556038379011      1.89715770738241     0.152117882842433  -2.6700240373829e-14  6.66935097033061e-14 -9.86271426229268e-14  1.01862092675111e-13     0.180579690709751
  0.00336947497859854   0.00177579196848124     0.411385020541708     0.152117882842433      1.07600164823154 -1.85125526671932e-14  5.41972434107391e-14 -4.70092231338322e-14  4.99992878720715e-14    -0.875268784441824
-2.11668124830967e-17  1.28468532852977e-16 -1.19158889659076e-14  -2.6700240373829e-14 -1.85125526671932e-14      1.55823055133907 -2.37671668510754e-14      0.33961576981357     0.744379272902957  2.65713387321489e-15
 2.96942070940728e-17 -3.47606319997191e-16  2.71893655992539e-14  6.66935097033061e-14  5.41972434107391e-14 -2.37671668510754e-14      1.55823055133904     0.744379272902986    -0.339615769813552 -1.18700732751057e-15
-1.47716739923058e-16  4.00049689652158e-16 -5.11755081567837e-14 -9.86271426229268e-14 -4.70092231338322e-14      0.33961576981357     0.744379272902986     0.484621509829909   1.3128614449678e-15  2.93210386266026e-14
 1.46149798962833e-16 -4.10514259776976e-16   5.2296362040973e-14  1.01862092675111e-13  4.99992878720715e-14     0.744379272902957    -0.339615769813552   1.3128614449678e-15     0.484621509829837 -2.79196773177762e-14
   0.0032746813921454   0.00230776371740403     0.412117054582629     0.180579690709751    -0.875268784441824  2.65713387321489e-15 -1.18700732751057e-15  2.93210386266026e-14 -2.79196773177762e-14      1.15374837342398
