HCORE:-26.1841 -7.28202 -7.00882 -8.16823 -8.26571 -33.3504 -8.68782 -6.86062 -6.86062 -8.16823
HCORE2:-33.3504 -26.1841 -8.68782 -8.26571 -8.16823 -8.16823 -7.28202 -7.00882 -6.86062 -6.86062
TOTAL ENERGY: -124.234937010377	 lambda: -5	 population of target: 3.99338721657521
1RDM:
     1.99999931944739 -1.02345944990698e-06 -0.000129747363633702 -0.000143165527442815  0.000628996907723419 -1.92231236030112e-18  -2.9765355811329e-17  8.25217406313449e-18  5.07187662641911e-18  0.000950652960894841
-1.02345944990698e-06      1.99997319888102 -0.000494619387660839  -0.00167765469710282  0.000401535904542654  1.21814588759657e-17  2.75230711277925e-17 -1.71310576487846e-17  6.36361331964944e-17  0.000980520438820554
-0.000129747363633702 -0.000494619387660839      1.97152920170374    -0.045549565645559      0.11310173460965 -5.34170864543134e-16 -8.66017765970376e-15  2.16400572826816e-15 -2.91662168486158e-15     0.175612286612114
-0.000143165527442815  -0.00167765469710282    -0.045549565645559      1.88058597370736    0.0989102823894237 -2.48363297097526e-15 -1.71019820638481e-14  5.60610808270973e-15 -1.32789508693261e-14     0.172365905061727
 0.000628996907723419  0.000401535904542654      0.11310173460965    0.0989102823894237      1.40607416055937 -5.41810611737325e-16  2.56554202334119e-14 -4.64787224963498e-15 -7.22701345961684e-15    -0.889074017119444
-1.92231236030112e-18  1.21814588759657e-17 -5.34170864543134e-16 -2.48363297097526e-15 -5.41810611737325e-16      1.19550819202852  1.29591955868619e-14     0.958081523388959     0.110855841028663 -6.48076132834969e-15
 -2.9765355811329e-17  2.75230711277925e-17 -8.66017765970376e-15 -1.71019820638481e-14  2.56554202334119e-14  1.29591955868619e-14       1.1955081920285     0.110855841028658    -0.958081523388963  2.09686696776677e-14
 8.25217406313449e-18 -1.71310576487846e-17  2.16400572826816e-15  5.60610808270973e-15 -4.64787224963498e-15     0.958081523388959     0.110855841028658     0.843730148331376  1.00874079223203e-14  2.19745060882362e-15
 5.07187662641911e-18  6.36361331964944e-17 -2.91662168486158e-15 -1.32789508693261e-14 -7.22701345961684e-15     0.110855841028663    -0.958081523388963  1.00874079223203e-14     0.843730148331403 -3.09064220197747e-14
 0.000950652960894841  0.000980520438820554     0.175612286612114     0.172365905061727    -0.889074017119444 -6.48076132834969e-15  2.09686696776677e-14  2.19745060882362e-15 -3.09064220197747e-14     0.663361464981327
First eigenvector coefficient: -0.229092943611527
TOTAL ENERGY: -124.235185478384	 lambda: -4.95	 population of target: 3.99343716176189
1RDM: 
     1.99999932374339 -1.02061679898146e-06 -0.000129152127629596 -0.000142628729585994  0.000626647564981922 -1.67050834834455e-18 -2.75853855024282e-17  7.63087720479711e-18  7.51473505404356e-18   0.00094790489137807
-1.02061679898146e-06      1.99997319764445  -0.00049431351666657  -0.00167763217308418   0.00040093064795513  6.54538840493277e-18 -2.13931614520406e-17 -3.84962177540725e-18  6.73884768082008e-18  0.000980976363499171
-0.000129152127629596  -0.00049431351666657      1.97160262116966   -0.0454877351468605     0.112858605955819 -1.92474512950902e-16  -5.6818405270018e-15  1.34130030701664e-15  5.81240763580049e-16     0.175398341295509
-0.000142628729585994  -0.00167763217308418   -0.0454877351468605      1.88062119842752    0.0987289804969491 -1.17850786898966e-15 -5.74243295127314e-15  2.47361066819759e-15  1.01926237248251e-16     0.172271139559953
 0.000626647564981922   0.00040093064795513     0.112858605955819    0.0987289804969491       1.4067204902157 -3.05814543132577e-16  2.76776997091132e-14 -5.19597569479897e-15 -4.82432659131346e-15    -0.888829923651561
-1.67050834834455e-18  6.54538840493277e-18 -1.92474512950902e-16 -1.17850786898966e-15 -3.05814543132577e-16      1.19566421894086  1.27276747622446e-14     0.958055352249944     0.110852812881616 -6.46882238804708e-15
-2.75853855024282e-17 -2.13931614520406e-17  -5.6818405270018e-15 -5.74243295127314e-15  2.76776997091132e-14  1.27276747622446e-14      1.19566421894083     0.110852812881612    -0.958055352249948  2.09749217876539e-14
 7.63087720479711e-18 -3.84962177540725e-18  1.34130030701664e-15  2.47361066819759e-15 -5.19597569479897e-15     0.958055352249944     0.110852812881612     0.843569020886826  9.57680565001835e-15  2.20189720841544e-15
 7.51473505404356e-18  6.73884768082008e-18  5.81240763580049e-16  1.01926237248251e-16 -4.82432659131346e-15     0.110852812881616    -0.958055352249948  9.57680565001835e-15     0.843569020886857  -3.0920619858699e-14
  0.00094790489137807  0.000980976363499171     0.175398341295509     0.172271139559953    -0.888829923651561 -6.46882238804708e-15  2.09749217876539e-14  2.20189720841544e-15  -3.0920619858699e-14     0.662616689143933
First eigenvector coefficient: 0.229283628020908
TOTAL ENERGY: -124.2354427851	 lambda: -4.9	 population of target: 3.99348940878833
1RDM: 
     1.99999932801901 -1.01777525899883e-06 -0.000128554811705173 -0.000142093619482058  0.000624291536773055 -1.69399121095763e-18 -2.77596720223212e-17  7.66720180094236e-18  7.16793249339811e-18  0.000945168042678754
-1.01777525899883e-06      1.99997319643875 -0.000493999255619641   -0.0016776072089149  0.000400302735914674  7.36117024797384e-18 -1.51601255868154e-17 -5.67507371049744e-18  1.39379189285164e-17  0.000981439317618933
-0.000128554811705173 -0.000493999255619641      1.97167747421764   -0.0454250760450975      0.11260975462886 -2.42260946796366e-16 -6.05343319248752e-15   1.4497188861857e-15  1.29774997493135e-16     0.175180326262347
-0.000142093619482058   -0.0016776072089149   -0.0454250760450975      1.88065642338823    0.0985454486637933 -1.36869988953536e-15 -7.18032306814844e-15  2.89767173855654e-15 -1.60067516604536e-15     0.172178406455164
 0.000624291536773055  0.000400302735914674      0.11260975462886    0.0985454486637933      1.40738866486333 -3.37791193604047e-16  2.74051381661369e-14 -5.10931450209859e-15 -5.11136448941417e-15    -0.888576374255148
-1.69399121095763e-18  7.36117024797384e-18 -2.42260946796366e-16 -1.36869988953536e-15 -3.37791193604047e-16      1.19582545897713  1.25559653941667e-14     0.958028187201545     0.110849669716271 -6.45518471271626e-15
-2.77596720223212e-17 -1.51601255868154e-17 -6.05343319248752e-15 -7.18032306814844e-15  2.74051381661369e-14  1.25559653941667e-14      1.19582545897712     0.110849669716267    -0.958028187201548  2.09915614893504e-14
 7.66720180094236e-18 -5.67507371049744e-18   1.4497188861857e-15  2.89767173855654e-15 -5.10931450209859e-15     0.958028187201545     0.110849669716267      0.84340273082528  1.05936015644184e-14  2.19912326406107e-15
 7.16793249339811e-18  1.39379189285164e-17  1.29774997493135e-16 -1.60067516604536e-15 -5.11136448941417e-15     0.110849669716271    -0.958028187201548  1.05936015644184e-14     0.843402730825298 -3.09035597834437e-14
 0.000945168042678754  0.000981439317618933     0.175180326262347     0.172178406455164    -0.888576374255148 -6.45518471271626e-15  2.09915614893504e-14  2.19912326406107e-15 -3.09035597834437e-14     0.661848533468238
First eigenvector coefficient: 0.229480357229721
TOTAL ENERGY: -124.235709418418	 lambda: -4.85	 population of target: 3.99354410496241
1RDM: 
     1.99999933227337 -1.01493522816182e-06  -0.00012795539302124  -0.00014156028409793  0.000621928787064372  -1.6556776366282e-18 -2.74757423232272e-17  7.56516336793163e-18   7.3636345215595e-18  0.000942443400422665
-1.01493522816182e-06      1.99997319526586 -0.000493676266087918  -0.00167757960714953   0.00039965111215723  6.71406092769178e-18 -1.97064272709413e-17 -4.31383919017379e-18  8.65073101532069e-18  0.000981909569017855
 -0.00012795539302124 -0.000493676266087918      1.97175381186856   -0.0453615532257442     0.112354949917591 -2.02977440208015e-16 -5.76748814731493e-15  1.36054747436297e-15  4.51994322735318e-16     0.174958098454079
 -0.00014156028409793  -0.00167757960714953   -0.0453615532257442      1.88069166192224    0.0983595689045719 -1.21987249916727e-15 -6.11638488492894e-15  2.57010131488866e-15 -3.58996579359103e-16     0.172087782270361
 0.000621928787064372   0.00039965111215723     0.112354949917591    0.0983595689045719      1.40807974198434 -3.09121496954109e-16   2.7578656905388e-14 -5.15579099964823e-15  -4.8754756938286e-15    -0.888312874005875
 -1.6556776366282e-18  6.71406092769178e-18 -2.02977440208015e-16 -1.21987249916727e-15 -3.09121496954109e-16      1.19599217029224  1.26148405426515e-14     0.957999978823348     0.110846405825982 -6.44236436393518e-15
-2.74757423232272e-17 -1.97064272709413e-17 -5.76748814731493e-15 -6.11638488492894e-15   2.7578656905388e-14  1.26148405426515e-14      1.19599217029222     0.110846405825978     -0.95799997882335  2.09984699357421e-14
 7.56516336793163e-18 -4.31383919017379e-18  1.36054747436297e-15  2.57010131488866e-15 -5.15579099964823e-15     0.957999978823348     0.110846405825978     0.843231019497669  9.97988551009674e-15  2.20023710330298e-15
  7.3636345215595e-18  8.65073101532069e-18  4.51994322735318e-16 -3.58996579359103e-16  -4.8754756938286e-15     0.110846405825982     -0.95799997882335  9.97988551009674e-15     0.843231019497697 -3.09023825935126e-14
 0.000942443400422665  0.000981909569017855     0.174958098454079     0.172087782270361    -0.888312874005875 -6.44236436393518e-15  2.09984699357421e-14  2.20023710330298e-15 -3.09023825935126e-14     0.661055877105819
First eigenvector coefficient: -0.229683426987863
TOTAL ENERGY: -124.235985903952	 lambda: -4.8	 population of target: 3.99360140998913
1RDM: 
     1.99999933650555 -1.01209719289173e-06  -0.00012735384812341 -0.000141028815958696  0.000619559256886308  -1.7414975261137e-18 -2.79294835562672e-17  7.71475256220256e-18  6.68948808778076e-18  0.000939731995797735
-1.01209719289173e-06      1.99997319412776 -0.000493344210292816  -0.00167754921291773  0.000398974644805147   9.0882645663451e-18 -6.33694642902392e-18 -8.95113340314095e-18  2.40612995945079e-17  0.000982387415200719
 -0.00012735384812341 -0.000493344210292816      1.97183168656056   -0.0452971314862208      0.11209394871039 -3.47737472973203e-16 -6.57379953503548e-15  1.64258053372042e-15 -5.06792462051276e-16     0.174731510765189
-0.000141028815958696  -0.00167754921291773   -0.0452971314862208      1.88072692166102     0.098171211266333 -1.77031238914165e-15 -9.20346897415011e-15  3.65311966938859e-15  -3.9837561154628e-15     0.171999345544169
 0.000619559256886308  0.000398974644805147      0.11209394871039     0.098171211266333      1.40879485396642 -4.06795702865808e-16  2.70020314588466e-14 -4.94828689284399e-15 -5.51318386372066e-15    -0.888038891335672
 -1.7414975261137e-18   9.0882645663451e-18 -3.47737472973203e-16 -1.77031238914165e-15 -4.06795702865808e-16      1.19616463215559  1.23633855687462e-14     0.957970671406164     0.110843014777443 -6.42735023673857e-15
-2.79294835562672e-17 -6.33694642902392e-18 -6.57379953503548e-15 -9.20346897415011e-15  2.70020314588466e-14  1.23633855687462e-14      1.19616463215558     0.110843014777439    -0.957970671406164  2.10168168113039e-14
 7.71475256220256e-18 -8.95113340314095e-18  1.64258053372042e-15  3.65311966938859e-15 -4.94828689284399e-15     0.957970671406164     0.110843014777439      0.84305361238071  1.04188311796668e-14  2.19597862431939e-15
 6.68948808778076e-18  2.40612995945079e-17 -5.06792462051276e-16  -3.9837561154628e-15 -5.51318386372066e-15     0.110843014777443    -0.957970671406164  1.04188311796668e-14     0.843053612380731 -3.08815733548884e-14
 0.000939731995797735  0.000982387415200719     0.174731510765189     0.171999345544169    -0.888038891335672 -6.42735023673857e-15  2.10168168113039e-14  2.19597862431939e-15 -3.08815733548884e-14     0.660237518106038
First eigenvector coefficient: 0.229893153881446
TOTAL ENERGY: -124.236272806949	 lambda: -4.75	 population of target: 3.99366149689341
1RDM: 
      1.9999993407146 -1.00926160431205e-06 -0.000126750152086607 -0.000140499311545274  0.000617182891406257 -1.61622873208051e-18 -2.71570908029822e-17  7.43428614881548e-18   7.4864740403435e-18  0.000937034942012875
-1.00926160431205e-06      1.99997319302671 -0.000493002717909999   -0.0016775158191735  0.000398272124484747  6.33391655682461e-18 -2.27978237799845e-17 -3.61784461056168e-18  5.66348745855573e-18  0.000982873155248651
-0.000126750152086607 -0.000493002717909999      1.97191115424967   -0.0452317722839976     0.111826492681668 -1.81519287082811e-16 -5.57985429588135e-15  1.30078061080861e-15  6.56914050545689e-16      0.17450040647126
-0.000140499311545274   -0.0016775158191735   -0.0452317722839976      1.88076221579815    0.0979802387017251 -1.14549886542643e-15 -5.50233149959158e-15  2.38210377556882e-15  3.89661337049845e-16     0.171913180706596
 0.000617182891406257  0.000398272124484747     0.111826492681668    0.0979802387017251       1.4095352089335 -2.88498928388154e-16  2.76823368706706e-14 -5.16820257846418e-15  -4.6953674375151e-15    -0.887753855351291
-1.61622873208051e-18  6.33391655682461e-18 -1.81519287082811e-16 -1.14549886542643e-15 -2.88498928388154e-16      1.19634314081786  1.30887520558191e-14     0.957940207585988     0.110839489959326 -6.41510201089144e-15
-2.71570908029822e-17 -2.27978237799845e-17 -5.57985429588135e-15 -5.50233149959158e-15  2.76823368706706e-14  1.30887520558191e-14      1.19634314081784     0.110839489959321    -0.957940207585991  2.10184859845963e-14
 7.43428614881548e-18 -3.61784461056168e-18  1.30078061080861e-15  2.38210377556882e-15 -5.16820257846418e-15     0.957940207585988     0.110839489959321     0.842870213747545  9.98618508726816e-15  2.20626802464571e-15
  7.4864740403435e-18  5.66348745855573e-18  6.56914050545689e-16  3.89661337049845e-16  -4.6953674375151e-15     0.110839489959326    -0.957940207585991  9.98618508726816e-15     0.842870213747574 -3.09173711730607e-14
 0.000937034942012875  0.000982873155248651      0.17450040647126     0.171913180706596    -0.887753855351291 -6.41510201089144e-15  2.10184859845963e-14  2.20626802464571e-15 -3.09173711730607e-14     0.659392178146605
First eigenvector coefficient: -0.230109875765407
TOTAL ENERGY: -124.236570734267	 lambda: -4.7	 population of target: 3.99372455300009
1RDM: 
      1.9999993448995 -1.00642892114638e-06  -0.00012614427694731 -0.000139971867143893  0.000614799605648246  -1.6226910422902e-18 -2.72199597572999e-17  7.43865031389162e-18  7.24516334082063e-18  0.000934353386797965
-1.00642892114638e-06       1.9999731919651 -0.000492651406546381  -0.00167747921764854  0.000397542272383377  6.68282889078235e-18 -1.92919232988373e-17 -4.39529542536529e-18  9.07355039920719e-18  0.000983367109723854
 -0.00012614427694731 -0.000492651406546381      1.97199227254205   -0.0451654357498007     0.111552311455415 -2.01746418063293e-16  -5.7665292749385e-15  1.35057847972152e-15  4.08238502291772e-16     0.174264624753581
-0.000139971867143893  -0.00167747921764854   -0.0451654357498007      1.88079755680906    0.0977865034156337 -1.21721975998208e-15 -6.18843653773914e-15   2.5691893019102e-15 -4.74819899611209e-16     0.171829374641818
 0.000614799605648246  0.000397542272383377     0.111552311455415    0.0977865034156337      1.41030209235902 -3.01902094929078e-16  2.75142485892262e-14 -5.11864610028776e-15  -4.8451537266875e-15    -0.887457155880514
 -1.6226910422902e-18  6.68282889078235e-18 -2.01746418063293e-16 -1.21721975998208e-15 -3.01902094929078e-16      1.19652801428335  1.36807782598101e-14     0.957908524732159     0.110835824054325 -6.39931574609503e-15
-2.72199597572999e-17 -1.92919232988373e-17  -5.7665292749385e-15 -6.18843653773914e-15  2.75142485892262e-14  1.36807782598101e-14      1.19652801428334      0.11083582405432    -0.957908524732163  2.10360180250012e-14
 7.43865031389162e-18 -4.39529542536529e-18  1.35057847972152e-15   2.5691893019102e-15 -5.11864610028776e-15     0.957908524732159      0.11083582405432     0.842680508465887  1.14930964701482e-14  2.19816180934192e-15
 7.24516334082063e-18  9.07355039920719e-18  4.08238502291772e-16 -4.74819899611209e-16  -4.8451537266875e-15     0.110835824054325    -0.957908524732163  1.14930964701482e-14     0.842680508465904 -3.08746447293383e-14
 0.000934353386797965  0.000983367109723854     0.174264624753581     0.171829374641818    -0.887457155880514 -6.39931574609503e-15  2.10360180250012e-14  2.19816180934192e-15 -3.08746447293383e-14     0.658518495926865
First eigenvector coefficient: 0.230333952727971
TOTAL ENERGY: -124.236880341501	 lambda: -4.65	 population of target: 3.99379078207034
1RDM: 
     1.99999934905918  -1.0035996634213e-06 -0.000125536194511724 -0.000139446588204033  0.000612409312196531 -1.41149429245377e-18 -2.53843210817605e-17  6.91073675553216e-18  9.28568238937587e-18  0.000931688570988796
 -1.0035996634213e-06      1.99997319094547 -0.000492289871451969  -0.00167743919362027  0.000396783715509228  1.52607201969451e-18 -6.39957956630226e-17  7.74125625280673e-18 -4.29310776315161e-17  0.000983869617234058
-0.000125536194511724 -0.000492289871451969      1.97207510249392   -0.0450980795886191     0.111271116887515   1.1278474078676e-16 -3.02371367640232e-15  5.91170380359948e-16  3.63167588970177e-15     0.174023995009607
-0.000139446588204033  -0.00167743919362027   -0.0450980795886191      1.88083295738134     0.097589846195002 -2.99412752142686e-17  4.14551104922512e-15 -2.86057483011761e-16  1.17169846357051e-14     0.171748019397785
 0.000612409312196531  0.000396783715509228     0.111271116887515     0.097589846195002      1.41109688222746 -8.19068546362752e-17  2.93904362062267e-14 -5.62596426488573e-15 -2.60397578504502e-15    -0.887148135489687
-1.41149429245377e-18  1.52607201969451e-18   1.1278474078676e-16 -2.99412752142686e-17 -8.19068546362752e-17      1.19671959263453  1.39684552500075e-14     0.957875555700858     0.110832009264912 -6.38810951773332e-15
-2.53843210817605e-17 -6.39957956630226e-17 -3.02371367640232e-15  4.14551104922512e-15  2.93904362062267e-14  1.39684552500075e-14      1.19671959263451     0.110832009264907    -0.957875555700859  2.10138435826501e-14
 6.91073675553216e-18  7.74125625280673e-18  5.91170380359948e-16 -2.86057483011761e-16 -5.62596426488573e-15     0.957875555700858     0.110832009264907     0.842484159569536  1.11181413032074e-14  2.21103659609428e-15
 9.28568238937587e-18 -4.29310776315161e-17  3.63167588970177e-15  1.17169846357051e-14 -2.60397578504502e-15     0.110832009264912    -0.957875555700859  1.11181413032074e-14     0.842484159569563 -3.09232285560207e-14
 0.000931688570988796  0.000983869617234058     0.174023995009607     0.171748019397785    -0.887148135489687 -6.38810951773332e-15  2.10138435826501e-14  2.21103659609428e-15 -3.09232285560207e-14     0.657615013484471
First eigenvector coefficient: -0.230565770624538
TOTAL ENERGY: -124.237202336338	 lambda: -4.6	 population of target: 3.99386040573932
1RDM: 
     1.99999935319261 -1.00077431264749e-06 -0.000124925872413984 -0.000138923577669631  0.000610011889463829 -1.55820839201153e-18 -2.65598469310988e-17  7.23313516631037e-18  7.75005411081328e-18  0.000929041784348518
-1.00077431264749e-06      1.99997318997072 -0.000491917674030872  -0.00167739546442251  0.000395994996373699  5.52402576628682e-18 -3.17583262885892e-17 -1.37949896198683e-18 -5.50752453529031e-18  0.000984381033459613
-0.000124925872413984 -0.000491917674030872      1.97215970780562   -0.0450296578358211     0.110982605915717 -1.31613843077632e-16 -4.98507320074115e-15  1.15230464372622e-15  1.30242283288197e-15      0.17377834137221
-0.000138923577669631  -0.00167739546442251   -0.0450296578358211      1.88086843758443    0.0973900962535413 -9.54196381631697e-16 -3.29585454586232e-15  1.84789710232475e-15  2.93135097005416e-15     0.171669210913576
 0.000610011889463829  0.000395994996373699     0.110982605915717    0.0973900962535413      1.41192105450625 -2.48610952205096e-16    2.800966617425e-14   -5.223652627851e-15 -4.18413325980827e-15    -0.886826086011175
-1.55820839201153e-18  5.52402576628682e-18 -1.31613843077632e-16 -9.54196381631697e-16 -2.48610952205096e-16      1.19691824078596   1.3339603375374e-14     0.957841229750568     0.110828037599511 -6.36901045220478e-15
-2.65598469310988e-17 -3.17583262885892e-17 -4.98507320074115e-15 -3.29585454586232e-15    2.800966617425e-14   1.3339603375374e-14      1.19691824078595     0.110828037599507    -0.957841229750571  2.10522295905784e-14
 7.23313516631037e-18 -1.37949896198683e-18  1.15230464372622e-15  1.84789710232475e-15   -5.223652627851e-15     0.957841229750568     0.110828037599507     0.842280801916208  1.10113409172685e-14  2.20038902789039e-15
 7.75005411081328e-18 -5.50752453529031e-18  1.30242283288197e-15  2.93135097005416e-15 -4.18413325980827e-15     0.110828037599511    -0.957841229750571  1.10113409172685e-14      0.84228080191623 -3.08722017571073e-14
 0.000929041784348518  0.000984381033459613      0.17377834137221     0.171669210913576    -0.886826086011175 -6.36901045220478e-15  2.10522295905784e-14  2.20038902789039e-15 -3.08722017571073e-14     0.656680171536005
First eigenvector coefficient: -0.230805743415109
TOTAL ENERGY: -124.237537483574	 lambda: -4.55	 population of target: 3.99393366539329
1RDM: 
     1.99999935729862 -9.97953404667495e-07 -0.000124313278032531 -0.000138402947497883  0.000607607212288788 -1.24378631291198e-18 -2.38397268816183e-17  6.45603019052995e-18  1.08449829150915e-17  0.000926414420090286
-9.97953404667495e-07      1.99997318904383 -0.000491534375666892  -0.00167734781549002  0.000395174548403508  -2.5677713907676e-18 -1.01536898607551e-16  1.76235918167808e-17 -8.66630248457102e-17  0.000984901743650481
-0.000124313278032531 -0.000491534375666892      1.97224615518799   -0.0449601243953054     0.110686455596424  3.63286088180495e-16 -6.96911376364361e-16  -3.7992195157741e-17  6.35261555894616e-15     0.173527477428277
-0.000138402947497883  -0.00167734781549002   -0.0449601243953054      1.88090400802601    0.0971870675039166  9.06267195177845e-16  1.28030129016792e-14 -2.61465282963469e-15  2.19400921298692e-14     0.171593049549055
 0.000607607212288788  0.000395174548403508     0.110686455596424    0.0971870675039166      1.41277618758152  9.77938864419662e-17  3.09667326725061e-14 -6.02985171734701e-15 -6.69531762286309e-16    -0.886490246989715
-1.24378631291198e-18  -2.5677713907676e-18  3.63286088180495e-16  9.06267195177845e-16  9.77938864419662e-17      1.19712435278849  1.29640868537664e-14     0.957805467126725     0.110823899585718 -6.36109756415384e-15
-2.38397268816183e-17 -1.01536898607551e-16 -6.96911376364361e-16  1.28030129016792e-14  3.09667326725061e-14  1.29640868537664e-14      1.19712435278847     0.110823899585713    -0.957805467126727   2.0992999013857e-14
 6.45603019052995e-18  1.76235918167808e-17  -3.7992195157741e-17 -2.61465282963469e-15 -6.02985171734701e-15     0.957805467126725     0.110823899585713     0.842070049125688  1.05296809649642e-14  2.22610005637811e-15
 1.08449829150915e-17 -8.66630248457102e-17  6.35261555894616e-15  2.19400921298692e-14 -6.69531762286309e-16     0.110823899585718    -0.957805467126727  1.05296809649642e-14     0.842070049125713 -3.09750902348317e-14
 0.000926414420090286  0.000984901743650481     0.173527477428277     0.171593049549055    -0.886490246989715 -6.36109756415384e-15   2.0992999013857e-14  2.22610005637811e-15 -3.09750902348317e-14     0.655712299033753
First eigenvector coefficient: -0.231054313981626
TOTAL ENERGY: -124.237886610386	 lambda: -4.5	 population of target: 3.99401082420925
1RDM: 
     1.99999936137601 -9.95137478933227e-07 -0.000123698374094386 -0.000137884811145607  0.000605195117793314 -1.51425373442527e-18 -2.62478066489127e-17   7.0992632347094e-18   7.8388697587927e-18  0.000923807932404198
-9.95137478933227e-07      1.99997318816814 -0.000491139486250538  -0.00167729592535459  0.000394320705455203  4.81627212876591e-18 -3.56929496320991e-17 -5.82975256958758e-20 -1.01055935920577e-17  0.000985432147208681
-0.000123698374094386 -0.000491139486250538      1.97233451506903   -0.0448894277786434     0.110382325001682 -8.88416924254138e-17 -4.72201553924084e-15   1.0581130485007e-15  1.57874330434182e-15     0.173271209184348
-0.000137884811145607  -0.00167729592535459   -0.0448894277786434      1.88093969154619    0.0969805620829139  -7.9600248177018e-16 -2.37612242732947e-15  1.52461189256191e-15  3.99236789312923e-15     0.171519641852573
 0.000605195117793314  0.000394320705455203     0.110382325001682    0.0969805620829139      1.41366397476348 -2.13758397010209e-16   2.8143979288096e-14 -5.25509778432748e-15 -3.94385318419118e-15    -0.886139796549071
-1.51425373442527e-18  4.81627212876591e-18 -8.88416924254138e-17  -7.9600248177018e-16 -2.13758397010209e-16      1.19733834792684  1.25173256431603e-14     0.957768186064936     0.110819585966908 -6.33648495568024e-15
-2.62478066489127e-17 -3.56929496320991e-17 -4.72201553924084e-15 -2.37612242732947e-15   2.8143979288096e-14  1.25173256431603e-14      1.19733834792682     0.110819585966904     -0.95776818606494  2.10730365479207e-14
  7.0992632347094e-18 -5.82975256958758e-20   1.0581130485007e-15  1.52461189256191e-15 -5.25509778432748e-15     0.957768186064936     0.110819585966904     0.841851481886797  9.66376474046965e-15  2.20182186000811e-15
  7.8388697587927e-18 -1.01055935920577e-17  1.57874330434182e-15  3.99236789312923e-15 -3.94385318419118e-15     0.110819585966908     -0.95776818606494  9.66376474046965e-15     0.841851481886824 -3.08615209886985e-14
 0.000923807932404198  0.000985432147208681     0.173271209184348     0.171519641852573    -0.886139796549071 -6.33648495568024e-15  2.10730365479207e-14  2.20182186000811e-15 -3.08615209886985e-14     0.654709609449948
First eigenvector coefficient: 0.231311957532595
TOTAL ENERGY: -124.238250614344	 lambda: -4.45	 population of target: 3.99409216991612
1RDM: 
     1.99999936542353 -9.92327078489603e-07 -0.000123081121938476 -0.000137369287253497   0.00060277542340519 -1.53635200742061e-18 -2.64653336692513e-17  7.13704321138894e-18   7.4387582493766e-18  0.000921223879513666
-9.92327078489603e-07      1.99997318734732 -0.000490732498181172  -0.00167723948735553  0.000393431665630273  5.64095994321654e-18 -2.75425362189975e-17 -2.16432053734304e-18 -6.42724808844299e-19  0.000985972658997946
-0.000123081121938476 -0.000490732498181172      1.97242486109854   -0.0448175147225673     0.110069851667612 -1.39761274998259e-16 -5.21155174496807e-15  1.18360186498857e-15  9.82291891388159e-16     0.173009333436722
-0.000137369287253497  -0.00167723948735553   -0.0448175147225673      1.88097550771323    0.0967703645499917 -9.88258687850069e-16   -4.247175461179e-15  2.01109325135076e-15  1.76835553994113e-15     0.171449099389795
  0.00060277542340519  0.000393431665630273     0.110069851667612    0.0967703645499917      1.41458623632635 -2.46545124597172e-16  2.77769148316847e-14 -5.15032859230137e-15 -4.33142185291743e-15    -0.885773846269528
-1.53635200742061e-18  5.64095994321654e-18 -1.39761274998259e-16 -9.88258687850069e-16 -2.46545124597172e-16      1.19756068002457  1.21261608825229e-14     0.957729296530109     0.110815086285412 -6.31785387052844e-15
-2.64653336692513e-17 -2.75425362189975e-17 -5.21155174496807e-15   -4.247175461179e-15  2.77769148316847e-14  1.21261608825229e-14      1.19756068002456     0.110815086285408     -0.95772929653011  2.10964161753785e-14
 7.13704321138894e-18 -2.16432053734304e-18  1.18360186498857e-15  2.01109325135076e-15 -5.15032859230137e-15     0.957729296530109     0.110815086285408     0.841624649702284  1.04857588850812e-14  2.19826918966658e-15
  7.4387582493766e-18 -6.42724808844299e-19  9.82291891388159e-16  1.76835553994113e-15 -4.33142185291743e-15     0.110815086285412     -0.95772929653011  1.04857588850812e-14     0.841624649702301 -3.08371260542603e-14
 0.000921223879513666  0.000985972658997946     0.173009333436722     0.171449099389795    -0.885773846269528 -6.31785387052844e-15  2.10964161753785e-14  2.19826918966658e-15 -3.08371260542603e-14      0.65367018263733
First eigenvector coefficient: 0.231579185358654
TOTAL ENERGY: -124.238630471395	 lambda: -4.4	 population of target: 3.99417801771361
1RDM: 
     1.99999936943989 -9.89522776920042e-07 -0.000122461478301384 -0.000136856495105476  0.000600347908262136 -1.57764206981229e-18 -2.68140843104694e-17  7.21602869991831e-18  6.88229964709792e-18  0.000918663909854396
-9.89522776920042e-07      1.99997318658528 -0.000490312861662707  -0.00167717810907209  0.000392505530669414  7.02513119589665e-18 -1.54218025636013e-17 -5.46952310159397e-18  1.34182282762489e-17  0.000986523748912744
-0.000122461478301384 -0.000490312861662707       1.9725172711373   -0.0447443265063745      0.10974865066386 -2.25253037142841e-16 -5.94662863118797e-15  1.38458359767857e-15  9.54657725077205e-17     0.172741637720806
-0.000136856495105476  -0.00167717810907209   -0.0447443265063745      1.88101148613091    0.0965562415062668 -1.30878777255889e-15 -7.02793927848716e-15  2.77781324387647e-15 -1.52982937678405e-15      0.17138153712599
 0.000600347908262136  0.000392505530669414      0.10974865066386    0.0965562415062668      1.41554493190171  -3.0357284911314e-16  2.72355407376472e-14 -4.99201522898109e-15 -4.92165918297939e-15    -0.885391436171792
-1.57764206981229e-18  7.02513119589665e-18 -2.25253037142841e-16 -1.30878777255889e-15  -3.0357284911314e-16      1.19779183934216  1.35652999089174e-14     0.957688701663996     0.110810389188704 -6.29747087485789e-15
-2.68140843104694e-17 -1.54218025636013e-17 -5.94662863118797e-15 -7.02793927848716e-15  2.72355407376472e-14  1.35652999089174e-14      1.19779183934212     0.110810389188699    -0.957688701664002  2.11283822785936e-14
 7.21602869991831e-18 -5.46952310159397e-18  1.38458359767857e-15  2.77781324387647e-15 -4.99201522898109e-15     0.957688701663996     0.110810389188699     0.841389064418439  9.43520345588504e-15  2.19188390597404e-15
 6.88229964709792e-18  1.34182282762489e-17  9.54657725077205e-17 -1.52982937678405e-15 -4.92165918297939e-15     0.110810389188704    -0.957688701664002  9.43520345588504e-15     0.841389064418475 -3.08009273584421e-14
 0.000918663909854396  0.000986523748912744     0.172741637720806      0.17138153712599    -0.885391436171792 -6.29747087485789e-15  2.11283822785936e-14  2.19188390597404e-15 -3.08009273584421e-14     0.652591947283754
First eigenvector coefficient: 0.231856549264093
TOTAL ENERGY: -124.239027240224	 lambda: -4.35	 population of target: 3.99426871252252
1RDM: 
     1.99999937342373 -9.86725124037599e-07 -0.000121839396952484 -0.000136346560855877    0.0005979123195796  -1.5115149779047e-18 -2.62254380877297e-17  7.03370395101593e-18  7.44333080770492e-18  0.000916129773778142
-9.86725124037599e-07      1.99997318588645 -0.000489880011361094  -0.00167711145701175  0.000391540223929546  5.38828216338156e-18 -2.95594221426184e-17 -1.64604026855085e-18 -3.04973477975488e-18  0.000987085877784926
-0.000121839396952484 -0.000489880011361094       1.9726118262919   -0.0446698039773978     0.109418312971633 -1.25153215095157e-16 -5.06478062123189e-15  1.13860522571001e-15  1.12053666581248e-15     0.172467899092554
-0.000136346560855877  -0.00167711145701175   -0.0446698039773978      1.88104764652137    0.0963379407895082 -9.36044201823078e-16  -3.7689505165553e-15  1.87529879966628e-15   2.3145629836609e-15     0.171317078619161
   0.0005979123195796  0.000391540223929546     0.109418312971633    0.0963379407895082      1.41654216540485 -2.30663723536147e-16  2.78248439454693e-14 -5.14395974234665e-15 -4.18090898311481e-15    -0.884991526323865
 -1.5115149779047e-18  5.38828216338156e-18 -1.25153215095157e-16 -9.36044201823078e-16 -2.30663723536147e-16      1.19803235296435  1.35015275167839e-14     0.957646295577181     0.110805482513798 -6.28079099028842e-15
-2.62254380877297e-17 -2.95594221426184e-17 -5.06478062123189e-15  -3.7689505165553e-15  2.78248439454693e-14  1.35015275167839e-14      1.19803235296434     0.110805482513793    -0.957646295577183  2.11228546868041e-14
 7.03370395101593e-18 -1.64604026855085e-18  1.13860522571001e-15  1.87529879966628e-15 -5.14395974234665e-15     0.957646295577181     0.110805482513793     0.841144204698344  1.13271152376418e-14   2.1984607059921e-15
 7.44333080770492e-18 -3.04973477975488e-18  1.12053666581248e-15   2.3145629836609e-15 -4.18090898311481e-15     0.110805482513798    -0.957646295577183  1.13271152376418e-14     0.841144204698366 -3.08200017034204e-14
 0.000916129773778142  0.000987085877784926     0.172467899092554     0.171317078619161    -0.884991526323865 -6.28079099028842e-15  2.11228546868041e-14   2.1984607059921e-15 -3.08200017034204e-14     0.651472687146367
First eigenvector coefficient: -0.232144641166884
TOTAL ENERGY: -124.239442077215	 lambda: -4.3	 population of target: 3.99436463381838
1RDM: 
      1.9999993773736 -9.83934724345273e-07 -0.000121214827392402 -0.000135839614424956  0.000595468356069812 -1.41118216769181e-18 -2.53050402112142e-17  6.76350685934375e-18  8.39838334363528e-18   0.00091362333229946
-9.83934724345273e-07      1.99997318525551 -0.000489433337406135  -0.00167703910984581  0.000390533523515071  2.65549744068038e-18 -5.40824719353812e-17  4.89815661554812e-18 -3.17054321230683e-17  0.000987659555910275
-0.000121214827392402 -0.000489433337406135      1.97270861228379   -0.0445938822467667      0.10907840256276  4.28586300620523e-17 -3.53600386100925e-15  7.21415030611648e-16  2.91040291155643e-15      0.17218788446453
-0.000135839614424956  -0.00167703910984581   -0.0445938822467667      1.88108401905306    0.0961151879466588 -3.11811328552412e-16  1.88599871337318e-15  3.38945406637543e-16  8.99342022566561e-15     0.171255852721966
 0.000595468356069812  0.000390533523515071      0.10907840256276    0.0961151879466588      1.41758021321584 -1.09705163059678e-16  2.88694595761714e-14 -5.41576742188273e-15 -2.90043654919707e-15    -0.884572985470944
-1.41118216769181e-18  2.65549744068038e-18  4.28586300620523e-17 -3.11811328552412e-16 -1.09705163059678e-16      1.19828279270152  1.27447115815817e-14     0.957601964585848     0.110800353155986 -6.26556595839169e-15
-2.53050402112142e-17 -5.40824719353812e-17 -3.53600386100925e-15  1.88599871337318e-15  2.88694595761714e-14  1.27447115815817e-14      1.19828279270151     0.110800353155982     -0.95760196458585  2.10967425168444e-14
 6.76350685934375e-18  4.89815661554812e-18  7.21415030611648e-16  3.38945406637543e-16 -5.41576742188273e-15     0.957601964585848     0.110800353155982     0.840889501451752  1.03922019357844e-14    2.210930153996e-15
 8.39838334363528e-18 -3.17054321230683e-17  2.91040291155643e-15  8.99342022566561e-15 -2.90043654919707e-15     0.110800353155986     -0.95760196458585  1.03922019357844e-14     0.840889501451776 -3.08647486829924e-14
  0.00091362333229946  0.000987659555910275      0.17218788446453     0.171255852721966    -0.884572985470944 -6.26556595839169e-15  2.10967425168444e-14    2.210930153996e-15 -3.08647486829924e-14     0.650310004511693
First eigenvector coefficient: 0.23244410200558
TOTAL ENERGY: -124.239876243275	 lambda: -4.25	 population of target: 3.9944661988476
1RDM: 
     1.99999938128803  -9.8115213807285e-07 -0.000120587713989839 -0.000135335784617105  0.000593015664142755  -1.5332129247176e-18 -2.63740511854414e-17  7.03898544356866e-18  6.98512990378545e-18   0.00091114655647875
 -9.8115213807285e-07      1.99997318469772 -0.000488972189657382  -0.00167696060548121  0.000389483045649078  6.46622587629311e-18 -2.01782531058234e-17 -4.25260313936041e-18  7.80386927703916e-18  0.000988245328251639
-0.000120587713989839 -0.000488972189657382      1.97280771892142   -0.0445164921740495      0.10872845639352 -1.92830133274708e-16 -5.62139698623063e-15  1.28943876938516e-15  4.24815459626495e-16     0.171901351419082
-0.000135335784617105  -0.00167696060548121   -0.0445164921740495      1.88112063680752    0.0958876843532374 -1.18962804801393e-15 -5.90958487535208e-15  2.46933637267791e-15 -2.37268924741288e-16     0.171197993361649
 0.000593015664142755  0.000389483045649078      0.10872845639352    0.0958876843532374      1.41866153007393 -2.72240726280508e-16  2.73735898460747e-14  -4.9975932006928e-15 -4.60958951354552e-15     -0.88413458629841
 -1.5332129247176e-18  6.46622587629311e-18 -1.92830133274708e-16 -1.18962804801393e-15 -2.72240726280508e-16      1.19854377686849  1.23888512278652e-14     0.957555584743511     0.110794987141085 -6.23829765631851e-15
-2.63740511854414e-17 -2.01782531058234e-17 -5.62139698623063e-15 -5.90958487535208e-15  2.73735898460747e-14  1.23888512278652e-14      1.19854377686848     0.110794987141081    -0.957555584743514  2.11712518000702e-14
 7.03898544356866e-18 -4.25260313936041e-18  1.28943876938516e-15  2.46933637267791e-15  -4.9975932006928e-15     0.957555584743511     0.110794987141081     0.840624340847133  1.01594794025052e-14  2.19215228281725e-15
 6.98512990378545e-18  7.80386927703916e-18  4.24815459626495e-16 -2.37268924741288e-16 -4.60958951354552e-15     0.110794987141085    -0.957555584743514  1.01594794025052e-14     0.840624340847154 -3.07732626885494e-14
  0.00091114655647875  0.000988245328251639     0.171901351419082     0.171197993361649     -0.88413458629841 -6.23829765631851e-15  2.11712518000702e-14  2.19215228281725e-15 -3.07732626885494e-14     0.649101312780176
First eigenvector coefficient: -0.232755624410746
TOTAL ENERGY: -124.240331116722	 lambda: -4.2	 population of target: 3.99457386746284
1RDM: 
     1.99999938516545 -9.78377979945873e-07 -0.000119957996357292 -0.000134835208874618  0.000590553845973479 -1.47377742175983e-18 -2.58397669168284e-17  6.87052694277937e-18  7.48247544001635e-18  0.000908701560465247
-9.78377979945873e-07      1.99997318421883 -0.000488495863456437  -0.00167687540194503  0.000388386228085751    4.865666888892e-18 -3.38393452308106e-17 -5.37695847492059e-19 -8.12852554290947e-18  0.000988843765207848
-0.000119957996357292 -0.000488495863456437      1.97290924187832   -0.0444375586614864     0.108367978892908  -9.4607943048369e-17 -4.76291014789655e-15  1.04834152945591e-15  1.42140787268418e-15     0.171608042537017
-0.000134835208874618  -0.00167687540194503   -0.0444375586614864      1.88115754081862    0.0956551075858744 -8.26891661936992e-16 -2.76702367990689e-15  1.59372936460076e-15  3.47182040571366e-15     0.171143642951206
 0.000590553845973479  0.000388386228085751     0.108367978892908    0.0956551075858744      1.41978876767518 -1.99688384654801e-16  2.79484483032386e-14 -5.14529211189889e-15  -3.8787770586002e-15    -0.883674993613683
-1.47377742175983e-18    4.865666888892e-18  -9.4607943048369e-17 -8.26891661936992e-16 -1.99688384654801e-16      1.19881597457314   1.4272936289641e-14     0.957507023022719     0.110789367892481  -6.2198297592104e-15
-2.58397669168284e-17 -3.38393452308106e-17 -4.76291014789655e-15 -2.76702367990689e-15  2.79484483032386e-14   1.4272936289641e-14      1.19881597457313     0.110789367892475     -0.95750702302272  2.11617255760181e-14
 6.87052694277937e-18 -5.37695847492059e-19  1.04834152945591e-15  1.59372936460076e-15 -5.14529211189889e-15     0.957507023022719     0.110789367892475     0.840348055452563  1.21439831640492e-14  2.20030142061528e-15
 7.48247544001635e-18 -8.12852554290947e-18  1.42140787268418e-15  3.47182040571366e-15  -3.8787770586002e-15     0.110789367892481     -0.95750702302272  1.21439831640492e-14     0.840348055452583 -3.07972076290482e-14
 0.000908701560465247  0.000988843765207848     0.171608042537017     0.171143642951206    -0.883674993613683  -6.2198297592104e-15  2.11617255760181e-14  2.20030142061528e-15 -3.07972076290482e-14     0.647843820192252
