HCORE:-25.7841 -6.88204 -6.56069 -7.83409   -7.884 -33.0004 -8.33782 -6.48475 -6.48475 -7.83409
HCORE2:-33.0004 -25.7841 -8.33782   -7.884 -7.83409 -7.83409 -6.88204 -6.56069 -6.48475 -6.48475
TOTAL ENERGY: -123.953112967787	 lambda: -5	 population of target: 3.99963608320205
1RDM: 
     1.99999999352411 -4.71110985763535e-08 -1.13531642516541e-05 -3.13660323081663e-06  0.000111869800782193   -4.291000736388e-17  2.85772111012954e-17  3.48236719402231e-17  3.65293091560722e-16 -4.80704908199577e-06
-4.71110985763535e-08       1.9999744475134  -0.00165095842349124  0.000144566264175908  0.000207247069121977   2.8045847632087e-17  1.19706239860493e-16  -5.6302726817457e-17   4.4650393409972e-16 -3.88664714676004e-05
-1.13531642516541e-05  -0.00165095842349124      1.87787045070846   0.00542891343406541      0.15613452337968 -3.79076431750779e-14  6.40516489256217e-14  1.76330425252947e-13  3.91841078086144e-13   -0.0086657392875557
-3.13660323081663e-06  0.000144566264175908   0.00542891343406541      1.99731216826811     0.058469153664027 -6.88931162485573e-15  1.17683667553751e-14  2.43092932719902e-16  8.08464121228651e-14  -0.00230307736148674
 0.000111869800782193  0.000207247069121977      0.15613452337968     0.058469153664027    0.0515837287505779 -1.80181562422972e-13 -3.98223942790959e-13  7.67343359680762e-14  1.13965230012826e-14    0.0829549669949311
  -4.291000736388e-17   2.8045847632087e-17 -3.79076431750779e-14 -6.88931162485573e-15 -1.80181562422972e-13      1.95917681317485  8.79649276731556e-16    0.0006838743663464     0.280019950752398 -4.84212702874146e-14
 2.85772111012954e-17  1.19706239860493e-16  6.40516489256217e-14  1.17683667553751e-14 -3.98223942790959e-13  8.79649276731556e-16      1.95917681317398    -0.280019950755304  0.000683874366347581  4.72408094296842e-14
 3.48236719402231e-17  -5.6302726817457e-17  1.76330425252947e-13  2.43092932719902e-16  7.67343359680762e-14    0.0006838743663464    -0.280019950755304    0.0792373753305672 -1.26746335002492e-15  2.04697920215605e-13
 3.65293091560722e-16   4.4650393409972e-16  3.91841078086144e-13  8.08464121228651e-14  1.13965230012826e-14     0.280019950752398  0.000683874366347581 -1.26746335002492e-15    0.0792373753297143  3.84397130007471e-13
-4.80704908199577e-06 -3.88664714676004e-05   -0.0086657392875557  -0.00230307736148674    0.0829549669949311 -4.84212702874146e-14  4.72408094296842e-14  2.04697920215605e-13  3.84397130007471e-13      1.99643083422623
First eigenvector coefficient: -0.00162780387639518
TOTAL ENERGY: -123.953140748024	 lambda: -4.95	 population of target: 3.99964166739974
1RDM: 
       1.999999993497 -4.73324064461513e-08 -1.13837619605932e-05 -3.13722390564022e-06  0.000112099867307591 -4.29571130070486e-17  2.87048481963805e-17  3.50764918248187e-17  3.65923601776366e-16 -4.83321677186002e-06
-4.73324064461513e-08      1.99997444745169  -0.00165095669074176  0.000144620567474746  0.000207254667661505  2.82427824080037e-17  1.20080329092103e-16 -5.63701701024906e-17  4.46533647386654e-16 -3.90175518986159e-05
-1.13837619605932e-05  -0.00165095669074176      1.87787415606939   0.00543952658186205     0.156112993275172  -3.7861348958818e-14  6.41178390287039e-14  1.76297018510487e-13  3.91787903872258e-13   -0.0086952127737368
-3.13722390564022e-06  0.000144620567474746   0.00543952658186205      1.99731681648998    0.0583820369195923 -6.85358255156464e-15   1.1755938320348e-14  1.46010724315957e-16  8.06050088835196e-14  -0.00230685695875909
 0.000112099867307591  0.000207254667661505     0.156112993275172    0.0583820369195923    0.0515997931372997 -1.80449709767407e-13 -3.98936096076027e-13  7.68722557312578e-14  1.14313322052956e-14    0.0832313568421274
-4.29571130070486e-17  2.82427824080037e-17  -3.7861348958818e-14 -6.85358255156464e-15 -1.80449709767407e-13      1.95918840575653  8.79061970103464e-16   0.00068377936632535      0.27998105212486 -4.84797882777833e-14
 2.87048481963805e-17  1.20080329092103e-16  6.41178390287039e-14   1.1755938320348e-14 -3.98936096076027e-13  8.79061970103464e-16      1.95918840575566    -0.279981052127769  0.000683779366326547    4.738392187169e-14
 3.50764918248187e-17 -5.63701701024906e-17  1.76297018510487e-13  1.46010724315957e-16  7.68722557312578e-14   0.00068377936632535    -0.279981052127769    0.0792255286473223 -1.26812985608741e-15  2.05091928732549e-13
 3.65923601776366e-16  4.46533647386654e-16  3.91787903872258e-13  8.06050088835196e-14  1.14313322052956e-14      0.27998105212486  0.000683779366326547 -1.26812985608741e-15    0.0792255286464593  3.85108742526961e-13
-4.83321677186002e-06 -3.90175518986159e-05   -0.0086952127737368  -0.00230685695875909    0.0832313568421274 -4.84797882777833e-14    4.738392187169e-14  2.05091928732549e-13  3.85108742526961e-13      1.99640692454864
First eigenvector coefficient: -0.00163815102244733
TOTAL ENERGY: -123.953169649077	 lambda: -4.9	 population of target: 3.99964753588245
1RDM: 
     1.99999999346871 -4.75584875994145e-08 -1.14153794331553e-05 -3.13795396026704e-06  0.000112339595603091 -4.30054188652158e-17  2.88369651332108e-17   3.5334908445078e-17  3.66574753644854e-16 -4.86043163269194e-06
-4.75584875994145e-08      1.99997444739246  -0.00165095454822296  0.000144676213791844  0.000207261164360829   2.8451533162377e-17  1.20460927951521e-16 -5.64426572294226e-17  4.46558253113924e-16 -3.91731833192464e-05
-1.14153794331553e-05  -0.00165095454822296      1.87787791809961   0.00545039946703076     0.156091260474562 -3.78125516872954e-14  6.41854684089405e-14  1.76258574542913e-13  3.91729029573608e-13  -0.00872568403081201
-3.13795396026704e-06  0.000144676213791844   0.00545039946703076       1.9973215819472    0.0582925952172062 -6.81674922685327e-15  1.17431929888985e-14  4.55181010715094e-17  8.03561859223071e-14  -0.00231077610318684
 0.000112339595603091  0.000207261164360829     0.156091260474562    0.0582925952172062    0.0516165813696608 -1.80727056785339e-13 -3.99673068666551e-13   7.7014256522706e-14  1.14666899703597e-14    0.0835173407261391
-4.30054188652158e-17   2.8451533162377e-17 -3.78125516872954e-14 -6.81674922685327e-15 -1.80727056785339e-13      1.95920040470048  8.78466194909803e-16  0.000683681019111159     0.279940782545213 -4.85402442829611e-14
 2.88369651332108e-17  1.20460927951521e-16  6.41854684089405e-14  1.17431929888985e-14 -3.99673068666551e-13  8.78466194909803e-16      1.95920040469961    -0.279940782548125  0.000683681019112366  4.75322238483666e-14
  3.5334908445078e-17 -5.64426572294226e-17  1.76258574542913e-13  4.55181010715094e-17   7.7014256522706e-14  0.000683681019111159    -0.279940782548125    0.0792132831871119 -1.27138892727933e-15  2.05499799583174e-13
 3.66574753644854e-16  4.46558253113924e-16  3.91729029573608e-13  8.03561859223071e-14  1.14666899703597e-14     0.279940782545213  0.000683681019112366 -1.27138892727933e-15    0.0792132831862483  3.85845241668015e-13
-4.86043163269194e-06 -3.91731833192464e-05  -0.00872568403081201  -0.00231077610318684    0.0835173407261391 -4.85402442829611e-14  4.75322238483666e-14  2.05499799583174e-13  3.85845241668015e-13      1.99638210194892
First eigenvector coefficient: 0.00164888311948529
TOTAL ENERGY: -123.95319973876	 lambda: -4.85	 population of target: 3.9996537083938
1RDM: 
     1.99999999343918 -4.77894864048823e-08 -1.14480556772941e-05 -3.13879748822845e-06  0.000112589393999503 -4.30562773656077e-17  2.89748947977813e-17  3.56067483752964e-17  3.67256346387811e-16   -4.888749035417e-06
-4.77894864048823e-08      1.99997444733508  -0.00165095198009126  0.000144733252931243  0.000207266500225421  2.86643758739239e-17  1.20855198470377e-16 -5.65176270753997e-17   4.4658128047774e-16  -3.9333575386977e-05
-1.14480556772941e-05  -0.00165095198009126      1.87788174161596   0.00546154176612699     0.156069315440329 -3.77628344694358e-14  6.42560525169734e-14  1.76221708134769e-13  3.91672250682595e-13  -0.00875720370934196
-3.13879748822845e-06  0.000144733252931243   0.00546154176612699      1.99732646891347    0.0582007378849098 -6.77893468837853e-15  1.17302648193022e-14 -5.72852794518508e-17   8.0101135897684e-14  -0.00231484269590046
 0.000112589393999503  0.000207266500225421     0.156069315440329    0.0582007378849098    0.0516341375558489 -1.81014301598902e-13 -4.00436014165867e-13  7.71618649933993e-14  1.15042111183559e-14    0.0838134258943226
-4.30562773656077e-17  2.86643758739239e-17 -3.77628344694358e-14 -6.77893468837853e-15 -1.81014301598902e-13      1.95921283138175  8.85399593386298e-16  0.000683579146308783     0.279899069599901 -4.86027006494644e-14
 2.89748947977813e-17  1.20855198470377e-16  6.42560525169734e-14  1.17302648193022e-14 -4.00436014165867e-13  8.85399593386298e-16      1.95921283138089    -0.279899069602809  0.000683579146309931  4.76859713305753e-14
 3.56067483752964e-17 -5.65176270753997e-17  1.76221708134769e-13 -5.72852794518508e-17  7.71618649933993e-14  0.000683579146308783    -0.279899069602809    0.0792006173460471 -1.25983041627783e-15  2.05921996029904e-13
 3.67256346387811e-16   4.4658128047774e-16  3.91672250682595e-13   8.0101135897684e-14  1.15042111183559e-14     0.279899069599901  0.000683579146309931 -1.25983041627783e-15    0.0792006173451865  3.86607633802448e-13
  -4.888749035417e-06  -3.9333575386977e-05  -0.00875720370934196  -0.00231484269590046    0.0838134258943226 -4.86027006494644e-14  4.76859713305753e-14  2.05921996029904e-13  3.86607633802448e-13      1.99635631368658
First eigenvector coefficient: -0.00166002173450946
TOTAL ENERGY: -123.953231090622	 lambda: -4.8	 population of target: 3.99966020648002
1RDM: 
     1.99999999340834   -4.802558348751e-08 -1.14818360536942e-05 -3.13975932149389e-06  0.000112849721265213 -4.31093432683557e-17  2.91185416328547e-17  3.58899897551521e-17  3.67966738725871e-16  -4.9182296386904e-06
  -4.802558348751e-08      1.99997444727997  -0.00165094895967322  0.000144791737605847  0.000207270614236852  2.88843098303108e-17  1.21261415869448e-16 -5.65961732858831e-17  4.46601347916292e-16 -3.94989549740494e-05
-1.14818360536942e-05  -0.00165094895967322      1.87788562878577   0.00547296407620272     0.156047149187409 -3.77115704228323e-14  6.43292458529702e-14  1.76184121690461e-13   3.9161494256863e-13  -0.00878982646036528
-3.13975932149389e-06  0.000144791737605847   0.00547296407620272      1.99733148191035    0.0581063680803171 -6.74003993202152e-15  1.17171051704925e-14 -1.62918889328353e-16  7.98391077840724e-14  -0.00231906519287071
 0.000112849721265213  0.000207270614236852     0.156047149187409    0.0581063680803171    0.0516525109246762 -1.81311907444668e-13 -4.01226389024303e-13  7.73149389871728e-14  1.15434998523633e-14    0.0841201575687049
-4.31093432683557e-17  2.88843098303108e-17 -3.77115704228323e-14 -6.74003993202152e-15 -1.81311907444668e-13      1.95922570918039  8.77233005858446e-16  0.000683473554795083     0.279855834014257 -4.86672700880531e-14
 2.91185416328547e-17  1.21261415869448e-16  6.43292458529702e-14  1.17171051704925e-14 -4.01226389024303e-13  8.77233005858446e-16      1.95922570917952    -0.279855834017161  0.000683473554796277  4.78454803034127e-14
 3.58899897551521e-17 -5.65961732858831e-17  1.76184121690461e-13 -1.62918889328353e-16  7.73149389871728e-14  0.000683473554795083    -0.279855834017161    0.0791875082854671  -1.2649002374611e-15  2.06359385486938e-13
 3.67966738725871e-16  4.46601347916292e-16   3.9161494256863e-13  7.98391077840724e-14  1.15434998523633e-14     0.279855834014257  0.000683473554796277  -1.2649002374611e-15    0.0791875082846015  3.87397420236105e-13
 -4.9182296386904e-06 -3.94989549740494e-05  -0.00878982646036528  -0.00231906519287071    0.0841201575687049 -4.86672700880531e-14  4.78454803034127e-14  2.06359385486938e-13  3.87397420236105e-13       1.9963295027609
First eigenvector coefficient: -0.00167159002912054
TOTAL ENERGY: -123.953263784244	 lambda: -4.75	 population of target: 3.99966705362733
1RDM: 
     1.99999999337613 -4.82669623417624e-08  -1.1516767340925e-05 -3.14084431819418e-06  0.000113121053884273 -4.31647000475116e-17  2.92682270689961e-17  3.61853657058613e-17  3.68707236894257e-16 -4.94893812323077e-06
-4.82669623417624e-08      1.99997444722738  -0.00165094545725587  0.000144851723162199  0.000207273438712504  2.91116703698009e-17  1.21680342137945e-16 -5.66784181415164e-17  4.46618307032014e-16 -3.96695624508867e-05
 -1.1516767340925e-05  -0.00165094545725587      1.87788958279966   0.00548467744683454     0.156024751841584 -3.76586792564956e-14  6.44052273880348e-14  1.76145971929427e-13  3.91557085188409e-13  -0.00882361067846047
-3.14084431819418e-06  0.000144851723162199   0.00548467744683454      1.99733662566427    0.0580093842041326 -6.70001853390253e-15  1.17037161847391e-14 -2.71464437409356e-16  7.95698205020673e-14  -0.00232345271405025
 0.000113121053884273  0.000207273438712504     0.156024751841584    0.0580093842041326    0.0516717543705577 -1.81620444266326e-13 -4.02045695554249e-13  7.74738218989938e-14  1.15846751053851e-14    0.0844381204632064
-4.31647000475116e-17  2.91116703698009e-17 -3.76586792564956e-14 -6.70001853390253e-15 -1.81620444266326e-13      1.95923906306118  8.78301915438822e-16  0.000683364037859551     0.279810991124521 -4.87340612621531e-14
 2.92682270689961e-17  1.21680342137945e-16  6.44052273880348e-14  1.17037161847391e-14 -4.02045695554249e-13  8.78301915438822e-16      1.95923906306031     -0.27981099112742  0.000683364037860726   4.8011079459828e-14
 3.61853657058613e-17 -5.66784181415164e-17  1.76145971929427e-13 -2.71464437409356e-16  7.74738218989938e-14  0.000683364037859551     -0.27981099112742    0.0791739313839702 -1.25903976659045e-15  2.06812795775316e-13
 3.68707236894257e-16  4.46618307032014e-16  3.91557085188409e-13  7.95698205020673e-14  1.15846751053851e-14     0.279810991124521  0.000683364037860726 -1.25903976659045e-15    0.0791739313831098  3.88216104382294e-13
-4.94893812323077e-06 -3.96695624508867e-05  -0.00882361067846047  -0.00232345271405025    0.0844381204632064 -4.87340612621531e-14   4.8011079459828e-14  2.06812795775316e-13  3.88216104382294e-13      1.99630160767343
First eigenvector coefficient: 0.00168361296036935
TOTAL ENERGY: -123.953297905941	 lambda: -4.7	 population of target: 3.99967427549294
1RDM: 
     1.99999999334249 -4.85138127958116e-08 -1.15528989994298e-05 -3.14205769581779e-06  0.000113403899491866  -4.3222444681739e-17  2.94242527129372e-17  3.64933678721775e-17  3.69479295226775e-16 -4.98094413129139e-06
-4.85138127958116e-08      1.99997444717746  -0.00165094144676344  0.000144913267517101  0.000207274903396788  2.93467784614487e-17   1.2211253095811e-16 -5.67646059110876e-17  4.46631959648603e-16 -3.98456543512651e-05
-1.15528989994298e-05  -0.00165094144676344      1.87789360670509   0.00549669347521882     0.156002113084117 -3.76040862337483e-14  6.44841347299461e-14  1.76107169129144e-13  3.91498716094741e-13  -0.00885861900465372
-3.14205769581779e-06  0.000144913267517101   0.00549669347521882      1.99734190513263    0.0579096793166611 -6.65882203012643e-15  1.16900954710854e-14 -3.83054469420991e-16  7.92929846312996e-14  -0.00232801510400035
 0.000113403899491866  0.000207274903396788     0.156002113084117    0.0579096793166611     0.051691925476858 -1.81940525387121e-13  -4.0289555338661e-13  7.76388351684974e-14  1.16278753979219e-14     0.084767942976207
 -4.3222444681739e-17  2.93467784614487e-17 -3.76040862337483e-14 -6.65882203012643e-15 -1.81940525387121e-13      1.95925291995771   8.7989917452913e-16  0.000683250372365133     0.279764449555131 -4.88031901223992e-14
 2.94242527129372e-17   1.2211253095811e-16  6.44841347299461e-14  1.16900954710854e-14  -4.0289555338661e-13   8.7989917452913e-16      1.95925291995685    -0.279764449558026  0.000683250372366281  4.81831240448972e-14
 3.64933678721775e-17 -5.67646059110876e-17  1.76107169129144e-13 -3.83054469420991e-16  7.76388351684974e-14  0.000683250372365133    -0.279764449558026    0.0791598601628188  -1.2519596773917e-15  2.07283126530093e-13
 3.69479295226775e-16  4.46631959648603e-16  3.91498716094741e-13  7.92929846312996e-14  1.16278753979219e-14     0.279764449555131  0.000683250372366281  -1.2519596773917e-15    0.0791598601619696  3.89065299888902e-13
-4.98094413129139e-06 -3.98456543512651e-05  -0.00885861900465372  -0.00232801510400035     0.084767942976207 -4.88031901223992e-14  4.81831240448972e-14  2.07283126530093e-13  3.89065299888902e-13      1.99627256192614
First eigenvector coefficient: -0.00169611742696452
TOTAL ENERGY: -123.953333549485	 lambda: -4.65	 population of target: 3.99968190015284
1RDM: 
     1.99999999330733 -4.87663332627134e-08 -1.15902833223269e-05 -3.14340493913143e-06  0.000113698796591089 -4.32826358313055e-17  2.95868063760141e-17  3.68136000750451e-17  3.70284168402815e-16 -5.01432263651274e-06
-4.87663332627134e-08      1.99997444713063  -0.00165093688676207  0.000144976430434915    0.0002072749312216  2.95902066052132e-17  1.22557830730785e-16  -5.6855142800349e-17  4.46642066107937e-16  -4.0027504024298e-05
-1.15902833223269e-05  -0.00165093688676207      1.87789770455263   0.00550902432322602     0.155979221798861 -3.75476587307733e-14   6.4565950925591e-14  1.76066823883491e-13  3.91439624148864e-13  -0.00889491868367822
-3.14340493913143e-06  0.000144976430434915   0.00550902432322602      1.99734732553765    0.0578071404666395 -6.61639433867294e-15  1.16762259878655e-14 -4.97963714644905e-16  7.90082533339339e-14  -0.00233276299658763
 0.000113698796591089    0.0002072749312216     0.155979221798861    0.0578071404666395    0.0517130863984743  -1.8227280656885e-13 -4.03777722303067e-13   7.7810186275996e-14  1.16732075710291e-14    0.0851103015136343
-4.32826358313055e-17  2.95902066052132e-17 -3.75476587307733e-14 -6.61639433867294e-15  -1.8227280656885e-13      1.95926730872025  8.73393291173751e-16   0.00068313231924048      0.27971611140193 -4.88747819497777e-14
 2.95868063760141e-17  1.22557830730785e-16   6.4565950925591e-14  1.16762259878655e-14 -4.03777722303067e-13  8.73393291173751e-16      1.95926730871939    -0.279716111404828   0.00068313231924168   4.8362000701954e-14
 3.68136000750451e-17  -5.6855142800349e-17  1.76066823883491e-13 -4.97963714644905e-16   7.7810186275996e-14   0.00068313231924048    -0.279716111404828     0.079145266070357 -1.25922897983818e-15  2.07771375390396e-13
 3.70284168402815e-16  4.46642066107937e-16  3.91439624148864e-13  7.90082533339339e-14  1.16732075710291e-14      0.27971611140193   0.00068313231924168 -1.25922897983818e-15    0.0791452660695088  3.89946752954543e-13
-5.01432263651274e-06  -4.0027504024298e-05  -0.00889491868367822  -0.00233276299658763    0.0851103015136343 -4.88747819497777e-14   4.8362000701954e-14  2.07771375390396e-13  3.89946752954543e-13      1.99624229349377
First eigenvector coefficient: 0.00170913247600254
TOTAL ENERGY: -123.953370816854	 lambda: -4.6	 population of target: 3.99968995836759
1RDM: 
     1.99999999327058 -4.90247532454302e-08 -1.16289768035223e-05 -3.14489158472537e-06  0.000114006313619183 -4.33453862763179e-17  2.97563908083505e-17  3.71476871057826e-17  3.71123536039869e-16 -5.04915428616365e-06
-4.90247532454302e-08      1.99997444708702  -0.00165093174723705  0.000145041278632319  0.000207273443509256  2.98422619018257e-17  1.23017782114179e-16 -5.69500291518256e-17  4.46648474265251e-16 -4.02154042462372e-05
-1.16289768035223e-05  -0.00165093174723705      1.87790188021401   0.00552168305327687      0.15595606592286 -3.74893196445204e-14  6.46510310887953e-14  1.76025771688735e-13  3.91379889989833e-13  -0.00893258197064807
-3.14489158472537e-06  0.000145041278632319   0.00552168305327687      1.99735289233817    0.0577016482754867 -6.57268232000663e-15    1.166212512421e-14 -6.16175110494574e-16   7.8715315021251e-14  -0.00233770785635893
 0.000114006313619183  0.000207273443509256      0.15595606592286    0.0577016482754867    0.0517353049315876  -1.8261799900879e-13 -4.04694060929358e-13  7.79884089334348e-14  1.17208384087981e-14    0.0854659241242724
-4.33453862763179e-17  2.98422619018257e-17 -3.74893196445204e-14 -6.57268232000663e-15  -1.8261799900879e-13      1.95928226047114  8.68697160333886e-16  0.000683009620655852     0.279665871001522 -4.89489697174288e-14
 2.97563908083505e-17  1.23017782114179e-16  6.46510310887953e-14    1.166212512421e-14 -4.04694060929358e-13  8.68697160333886e-16      1.95928226047028     -0.27966587100442  0.000683009620657085  4.85481196423064e-14
 3.71476871057826e-17 -5.69500291518256e-17  1.76025771688735e-13 -6.16175110494574e-16  7.79884089334348e-14  0.000683009620655852     -0.27966587100442    0.0791301184442001 -1.26324484696222e-15  2.08278548655182e-13
 3.71123536039869e-16  4.46648474265251e-16  3.91379889989833e-13   7.8715315021251e-14  1.17208384087981e-14     0.279665871001522  0.000683009620657085 -1.26324484696222e-15    0.0791301184433397  3.90862332224534e-13
-5.04915428616365e-06 -4.02154042462372e-05  -0.00893258197064807  -0.00233770785635893    0.0854659241242724 -4.89489697174288e-14  4.85481196423064e-14  2.08278548655182e-13  3.90862332224534e-13      1.99621072432967
First eigenvector coefficient: -0.00172268937556844
TOTAL ENERGY: -123.953409819168	 lambda: -4.55	 population of target: 3.99969848390543
1RDM: 
     1.99999999323215 -4.92892260592574e-08   -1.166903374534e-05 -3.14652414189186e-06  0.000114327056440397 -4.34112376735958e-17  2.99328730191736e-17  3.74927984640865e-17  3.72002071192201e-16 -5.08552611020543e-06
-4.92892260592574e-08      1.99997444704693  -0.00165092600037608  0.000145107879521539  0.000207270333159735   3.0101077442247e-17  1.23490298168309e-16 -5.70502956169164e-17  4.46651100013397e-16 -4.04096658433255e-05
  -1.166903374534e-05  -0.00165092600037608      1.87790613591765   0.00553468315768026     0.155932634407921 -3.74295000908575e-14  6.47389476836064e-14  1.75981034245445e-13  3.91322112355482e-13  -0.00897168668398396
-3.14652414189186e-06  0.000145107879521539   0.00553468315768026      1.99735861123549    0.0575930778979185 -6.52767461600774e-15  1.16477367092271e-14 -7.38343191637083e-16  7.84142430127864e-14  -0.00234286217669233
 0.000114327056440397  0.000207270333159735     0.155932634407921    0.0575930778979185    0.0517586565593582 -1.82976906575911e-13 -4.05646668995617e-13  7.81733955096489e-14  1.17713615533329e-14    0.0858355965950897
-4.34112376735958e-17   3.0101077442247e-17 -3.74295000908575e-14 -6.52767461600774e-15 -1.82976906575911e-13      1.95929780908581  8.73485192301799e-16  0.000682881994796599     0.279613613294071 -4.90258873580488e-14
 2.99328730191736e-17  1.23490298168309e-16  6.47389476836064e-14  1.16477367092271e-14 -4.05646668995617e-13  8.73485192301799e-16      1.95929780908495     -0.27961361329697  0.000682881994797801  4.87419436619912e-14
 3.74927984640865e-17 -5.70502956169164e-17  1.75981034245445e-13 -7.38343191637083e-16  7.81733955096489e-14  0.000682881994796599     -0.27961361329697    0.0791143841015509 -1.25750838717371e-15  2.08805896528309e-13
 3.72002071192201e-16  4.46651100013397e-16  3.91322112355482e-13  7.84142430127864e-14  1.17713615533329e-14     0.279613613294071  0.000682881994797801 -1.25750838717371e-15    0.0791143841006908  3.91813967266619e-13
-5.08552611020543e-06 -4.04096658433255e-05  -0.00897168668398396  -0.00234286217669233    0.0858355965950897 -4.90258873580488e-14  4.87419436619912e-14  2.08805896528309e-13  3.91813967266619e-13       1.9961777696354
First eigenvector coefficient: -0.00173682222856274
TOTAL ENERGY: -123.953450678031	 lambda: -4.5	 population of target: 3.99970751397102
1RDM: 
     1.99999999319197 -4.95600850194099e-08 -1.17105217235163e-05  -3.1483079028254e-06  0.000114661654064669 -4.34789732594676e-17   3.0118227075587e-17  3.78602818665671e-17  3.72912542552464e-16 -5.12353187211938e-06
-4.95600850194099e-08      1.99997444701019  -0.00165091961419644  0.000145176308255811  0.000207265538348254  3.03738348975666e-17  1.23984994841612e-16 -5.71534644936577e-17  4.46649668239889e-16 -4.06106280902844e-05
-1.17105217235163e-05  -0.00165091961419644      1.87791047759398   0.00554803925297233     0.155908910831462 -3.73664968837061e-14  6.48317880982633e-14  1.75941572016182e-13  3.91258501666075e-13  -0.00901231691166218
 -3.1483079028254e-06  0.000145176308255811   0.00554803925297233       1.9973644882144    0.0574812966660488 -6.48117175883206e-15  1.16332422492663e-14 -8.63028445972383e-16   7.8103447572143e-14  -0.00234823952141099
 0.000114661654064669  0.000207265538348254     0.155908910831462    0.0574812966660488    0.0517832204265849 -1.83350247362649e-13 -4.06637509902937e-13   7.8367245764281e-14  1.18237258358655e-14    0.0862201705980557
-4.34789732594676e-17  3.03738348975666e-17 -3.73664968837061e-14 -6.48117175883206e-15 -1.83350247362649e-13      1.95931399092808   8.7580113459206e-16  0.000682749141013005     0.279559214710122 -4.91057150545026e-14
  3.0118227075587e-17  1.23984994841612e-16  6.48317880982633e-14  1.16332422492663e-14 -4.06637509902937e-13   8.7580113459206e-16      1.95931399092722    -0.279559214713027  0.000682749141014208   4.8943915266343e-14
 3.78602818665671e-17 -5.71534644936577e-17  1.75941572016182e-13 -8.63028445972383e-16   7.8367245764281e-14  0.000682749141013005    -0.279559214713027    0.0790980273977964 -1.25554123337415e-15  2.09354248468573e-13
 3.72912542552464e-16  4.46649668239889e-16  3.91258501666075e-13   7.8103447572143e-14  1.18237258358655e-14     0.279559214710122  0.000682749141014208 -1.25554123337415e-15    0.0790980273969325  3.92804109090319e-13
-5.12353187211938e-06 -4.06106280902844e-05  -0.00901231691166218  -0.00234823952141099    0.0862201705980557 -4.91057150545026e-14   4.8943915266343e-14  2.09354248468573e-13  3.92804109090319e-13      1.99614333691286
First eigenvector coefficient: -0.00175156789812915
TOTAL ENERGY: -123.953493526001	 lambda: -4.45	 population of target: 3.99971708946462
1RDM: 
     1.99999999314991 -4.98374931484529e-08  -1.1753502456776e-05 -3.15025043278567e-06  0.000115010803731899 -4.35500040625149e-17  3.03112691353757e-17  3.82398449623914e-17  3.73865714693488e-16 -5.16327380074079e-06
-4.98374931484529e-08      1.99997444697776  -0.00165091252431657  0.000145246636464558  0.000207258925160818  3.06544441993947e-17  1.24493574514028e-16 -5.72627076497884e-17  4.46643865156051e-16 -4.08186454641802e-05
 -1.1753502456776e-05  -0.00165091252431657      1.87791490935375   0.00556176620808434     0.155884883701303 -3.73017547668971e-14   6.4927809730929e-14  1.75897989214659e-13  3.91196710977823e-13  -0.00905456302617837
-3.15025043278567e-06  0.000145246636464558   0.00556176620808434      1.99737052966629    0.0573661640662796 -6.43324195082301e-15  1.16184586383376e-14 -9.92043890642665e-16  7.77837407568679e-14  -0.00235385453281766
 0.000115010803731899  0.000207258925160818     0.155884883701303    0.0573661640662796    0.0518090863037171 -1.83739026785175e-13 -4.07669182420844e-13   7.8568736791257e-14  1.18793461709813e-14    0.0866205633695871
-4.35500040625149e-17  3.06544441993947e-17 -3.73017547668971e-14 -6.43324195082301e-15 -1.83739026785175e-13      1.95933084535988  8.71437359022895e-16   0.00068261073166655     0.279502541487459 -4.91885923001648e-14
 3.03112691353757e-17  1.24493574514028e-16   6.4927809730929e-14  1.16184586383376e-14 -4.07669182420844e-13  8.71437359022895e-16      1.95933084535902    -0.279502541490351  0.000682610731667744  4.91546063716444e-14
 3.82398449623914e-17 -5.72627076497884e-17  1.75897989214659e-13 -9.92043890642665e-16   7.8568736791257e-14   0.00068261073166655    -0.279502541490351    0.0790810090451255 -1.25519991621889e-15  2.09925312646826e-13
 3.73865714693488e-16  4.46643865156051e-16  3.91196710977823e-13  7.77837407568679e-14  1.18793461709813e-14     0.279502541487459  0.000682610731667744 -1.25519991621889e-15    0.0790810090442757  3.93834858038764e-13
-5.16327380074079e-06 -4.08186454641802e-05  -0.00905456302617837  -0.00235385453281766    0.0866205633695871 -4.91885923001648e-14  4.91546063716444e-14  2.09925312646826e-13  3.93834858038764e-13      1.99610732574025
First eigenvector coefficient: -0.00176696627455673
TOTAL ENERGY: -123.953538508728	 lambda: -4.4	 population of target: 3.99972725563169
1RDM: 
      1.9999999931059 -5.01217226187081e-08 -1.17980464154855e-05 -3.15235848027246e-06   0.00011537522689174 -4.36238601545503e-17  3.05131536560299e-17  3.86369191413442e-17  3.74859621883671e-16 -5.20486214503104e-06
-5.01217226187081e-08      1.99997444694987  -0.00165090468427107  0.000145318944932086  0.000207250387923118  3.09464358770934e-17  1.25020803587048e-16 -5.73771121917935e-17     4.46633219537e-16 -4.10341046615758e-05
-1.17980464154855e-05  -0.00165090468427107      1.87791943675887   0.00557588007732134     0.155860536918481 -3.72344451435192e-14  6.50280682646763e-14  1.75854151022947e-13  3.91133328844991e-13  -0.00909852310857084
-3.15235848027246e-06  0.000145318944932086   0.00557588007732134      1.99737674223479    0.0572475319274144 -6.38375348355917e-15  1.16034691727062e-14 -1.12486439412024e-15   7.7454167781439e-14  -0.00235972325503251
  0.00011537522689174  0.000207250387923118     0.155860536918481    0.0572475319274144    0.0518363506355664 -1.84144165802908e-13 -4.08744158741032e-13  7.87791198154084e-14  1.19379012707142e-14    0.0870377730104969
-4.36238601545503e-17  3.09464358770934e-17 -3.72344451435192e-14 -6.38375348355917e-15 -1.84144165802908e-13      1.95934841513085  8.69791909592791e-16  0.000682466411473352     0.279443448245843 -4.92747095412644e-14
 3.05131536560299e-17  1.25020803587048e-16  6.50280682646763e-14  1.16034691727062e-14 -4.08744158741032e-13  8.69791909592791e-16      1.95934841512999    -0.279443448248736  0.000682466411474558  4.93745725066174e-14
 3.86369191413442e-17 -5.73771121917935e-17  1.75854151022947e-13 -1.12486439412024e-15  7.87791198154084e-14  0.000682466411473352    -0.279443448248736     0.079063286972927 -1.25439280452628e-15  2.10520347462643e-13
 3.74859621883671e-16     4.46633219537e-16  3.91133328844991e-13   7.7454167781439e-14  1.19379012707142e-14     0.279443448245843  0.000682466411474558 -1.25439280452628e-15    0.0790632869720807  3.94908897493205e-13
-5.20486214503104e-06 -4.10341046615758e-05  -0.00909852310857084  -0.00235972325503251    0.0870377730104969 -4.92747095412644e-14  4.93745725066174e-14  2.10520347462643e-13  3.94908897493205e-13      1.99606962610915
First eigenvector coefficient: -0.00178306099856759
TOTAL ENERGY: -123.953585785953	 lambda: -4.35	 population of target: 3.99973806248993
1RDM: 
     1.99999999305981 -5.04130603405005e-08 -1.18442291152939e-05 -3.15463943500924e-06  0.000115755701008793 -4.37011039349458e-17    3.072395580853e-17  3.90494003772167e-17   3.7589944069325e-16 -5.24841686998289e-06
-5.04130603405005e-08      1.99997444692691  -0.00165089604158052  0.000145393318517424  0.000207239811279044  3.12481319960499e-17  1.25565192300003e-16 -5.74979871897252e-17  4.46617646465071e-16 -4.12574199438212e-05
-1.18442291152939e-05  -0.00165089604158052      1.87792406539983   0.00559039780688876     0.155835853889946 -3.71649435721241e-14  6.51322986557562e-14  1.75807542463177e-13  3.91070857291954e-13  -0.00914430317048827
-3.15463943500924e-06  0.000145393318517424   0.00559039780688876      1.99738313290577    0.0571252435303422 -6.33267707917534e-15  1.15882295199354e-14 -1.26211887910506e-15  7.71147046301026e-14  -0.00236586313293704
 0.000115755701008793  0.000207239811279044     0.155835853889946    0.0571252435303422    0.0518651198116105 -1.84566761264422e-13 -4.09865285766698e-13  7.89985205135196e-14  1.20000434140442e-14    0.0874728810371053
-4.37011039349458e-17  3.12481319960499e-17 -3.71649435721241e-14 -6.33267707917534e-15 -1.84566761264422e-13      1.95936674673451  8.71267407862903e-16  0.000682315795636972     0.279381776812667 -4.93642490170024e-14
   3.072395580853e-17  1.25565192300003e-16  6.51322986557562e-14  1.15882295199354e-14 -4.09865285766698e-13  8.71267407862903e-16      1.95936674673365    -0.279381776815571  0.000682315795638192  4.96044510645309e-14
 3.90494003772167e-17 -5.74979871897252e-17  1.75807542463177e-13 -1.26211887910506e-15  7.89985205135196e-14  0.000682315795636972    -0.279381776815571    0.0790448152867743 -1.25723777897112e-15   2.1114100704116e-13
  3.7589944069325e-16  4.46617646465071e-16  3.91070857291954e-13  7.71147046301026e-14  1.20000434140442e-14     0.279381776812667  0.000682315795638192 -1.25723777897112e-15    0.0790448152859196  3.96028912854897e-13
-5.24841686998289e-06 -4.12574199438212e-05  -0.00914430317048827  -0.00236586313293704    0.0874728810371053 -4.93642490170024e-14  4.96044510645309e-14   2.1114100704116e-13  3.96028912854897e-13      1.99603011785519
First eigenvector coefficient: -0.00179989932595871
TOTAL ENERGY: -123.953635533641	 lambda: -4.3	 population of target: 3.99974956554488
1RDM: 
     1.99999999301152 -5.07117645978455e-08 -1.18921273263963e-05 -3.15710109285527e-06  0.000116153046474855 -4.37814187038336e-17  3.09445908262599e-17  3.94806798409686e-17  3.76984463559086e-16 -5.29406812253377e-06
-5.07117645978455e-08      1.99997444690959   -0.0016508865274693  0.000145469845680435  0.000207227061431015  3.15626410597034e-17  1.26129745577691e-16 -5.76253874157969e-17  4.46595797790554e-16 -4.14890370036521e-05
-1.18921273263963e-05   -0.0016508865274693      1.87792880161909   0.00560533727595638     0.155810816651027 -3.70925776015284e-14  6.52412124266116e-14  1.75760204468261e-13  3.91006816406398e-13  -0.00919201836974528
-3.15710109285527e-06  0.000145469845680435   0.00560533727595638      1.99738970904647    0.0569991328084205 -6.27988146982571e-15  1.15727878561287e-14 -1.40364660937833e-15    7.676444078256e-14  -0.00237229328180631
 0.000116153046474855  0.000207227061431015     0.155810816651027    0.0569991328084205     0.051895510669606 -1.85007908274694e-13 -4.11035554998512e-13  7.92279274196882e-14  1.20656019269989e-14    0.0879270657597171
-4.37814187038336e-17  3.15626410597034e-17 -3.70925776015284e-14 -6.27988146982571e-15 -1.85007908274694e-13      1.95938589074276   8.7393142001185e-16  0.000682158462678105     0.279317355055041 -4.94574304949494e-14
 3.09445908262599e-17  1.26129745577691e-16  6.52412124266116e-14  1.15727878561287e-14 -4.11035554998512e-13   8.7393142001185e-16      1.95938589074189    -0.279317355057952  0.000682158462679325  4.98449159997705e-14
 3.94806798409686e-17 -5.76253874157969e-17  1.75760204468261e-13 -1.40364660937833e-15  7.92279274196882e-14  0.000682158462678105    -0.279317355057952    0.0790255440979789 -1.25544178244911e-15  2.11788889714198e-13
 3.76984463559086e-16  4.46595797790554e-16  3.91006816406398e-13    7.676444078256e-14  1.20656019269989e-14     0.279317355055041  0.000682158462679325 -1.25544178244911e-15    0.0790255440971254  3.97198039132464e-13
-5.29406812253377e-06 -4.14890370036521e-05  -0.00919201836974528  -0.00237229328180631    0.0879270657597171 -4.94574304949494e-14  4.98449159997705e-14  2.11788889714198e-13  3.97198039132464e-13      1.99598866906395
First eigenvector coefficient: -0.00181753308565911
TOTAL ENERGY: -123.953687945651	 lambda: -4.25	 population of target: 3.99976182643493
1RDM: 
     1.99999999296091  -5.1018161165082e-08 -1.19418275795078e-05 -3.15975175453342e-06  0.000116568151908781 -4.38618579050372e-17  3.11740853482709e-17  3.99209881808297e-17  3.78096238276575e-16 -5.34195824169768e-06
 -5.1018161165082e-08      1.99997444689806  -0.00165087610794033  0.000145548626545022  0.000207211981809678  3.19062434021238e-17  1.26707789224378e-16  -5.7760431250224e-17  4.46564930780621e-16 -4.17294370459714e-05
-1.19418275795078e-05  -0.00165087610794033      1.87793364926435   0.00562071768810001     0.155785408298512 -3.70136738992699e-14  6.53533183314597e-14  1.75703348534777e-13  3.90924285762342e-13  -0.00924179388809369
-3.15975175453342e-06  0.000145548626545022   0.00562071768810001      1.99739647833382    0.0568690242561825  -6.2249636230876e-15  1.15569962331087e-14 -1.55107690584026e-15  7.64000602993524e-14  -0.00237903457898116
 0.000116568151908781  0.000207211981809678     0.155785408298512    0.0568690242561825    0.0519276545708208 -1.85468513375946e-13 -4.12258435195866e-13  7.94665918307313e-14  1.21320184197516e-14    0.0884016089399255
-4.38618579050372e-17  3.19062434021238e-17 -3.70136738992699e-14  -6.2249636230876e-15 -1.85468513375946e-13      1.95940590240042  8.69682387192575e-16  0.000681993953408305     0.279249994831778 -4.95545563636149e-14
 3.11740853482709e-17  1.26707789224378e-16  6.53533183314597e-14  1.15569962331087e-14 -4.12258435195866e-13  8.69682387192575e-16      1.95940590239956    -0.279249994834683   0.00068199395340954  5.00967526833603e-14
 3.99209881808297e-17  -5.7760431250224e-17  1.75703348534777e-13 -1.55107690584026e-15  7.94665918307313e-14  0.000681993953408305    -0.279249994834683    0.0790054190853219 -1.25659557009954e-15  2.12466184885369e-13
 3.78096238276575e-16  4.46564930780621e-16  3.90924285762342e-13  7.64000602993524e-14  1.21320184197516e-14     0.279249994831778   0.00068199395340954 -1.25659557009954e-15    0.0790054190844635  3.98420277300795e-13
-5.34195824169768e-06 -4.17294370459714e-05  -0.00924179388809369  -0.00237903457898116    0.0884016089399255 -4.95545563636149e-14  5.00967526833603e-14  2.12466184885369e-13  3.98420277300795e-13      1.99594513500226
First eigenvector coefficient: -0.00183601908820736
TOTAL ENERGY: -123.953743236535	 lambda: -4.2	 population of target: 3.99977491388595
1RDM: 
     1.99999999290785 -5.13325425949038e-08 -1.19934175891826e-05 -3.16260029094314e-06  0.000117001959406484   -4.395206713522e-17  3.14177608195701e-17  4.04033702261637e-17  3.79302089051223e-16 -5.39224234454756e-06
-5.13325425949038e-08      1.99997444689339  -0.00165086467408429  0.000145629753979072  0.000207194430696996  3.22292891439551e-17  1.27325166204297e-16 -5.78975900861425e-17  4.46537722470126e-16 -4.19791390683539e-05
-1.19934175891826e-05  -0.00165086467408429      1.87793861832376   0.00563655869511762     0.155759606725706 -3.69389943550901e-14  6.54743183383509e-14  1.75662845555302e-13  3.90875662691207e-13  -0.00929376589154366
-3.16260029094314e-06  0.000145629753979072   0.00563655869511762      1.99740344898534    0.0567347314604361 -6.16886028913721e-15  1.15413705172895e-14 -1.70013375753088e-15  7.60301830543432e-14  -0.00238611000623378
 0.000117001959406484  0.000207194430696996     0.155759606725706    0.0567347314604361    0.0519616921856144 -1.85951076391244e-13 -4.13536986710971e-13  7.97197312443888e-14  1.22087094083949e-14    0.0888979126071637
  -4.395206713522e-17  3.22292891439551e-17 -3.69389943550901e-14 -6.16886028913721e-15 -1.85951076391244e-13      1.95942684195927  8.61024417454725e-16  0.000681821766701885     0.279179490886663 -4.96556151265049e-14
 3.14177608195701e-17  1.27325166204297e-16  6.54743183383509e-14  1.15413705172895e-14 -4.13536986710971e-13  8.61024417454725e-16      1.95942684195841    -0.279179490889562  0.000681821766703159  5.03606554300205e-14
 4.04033702261637e-17 -5.78975900861425e-17  1.75662845555302e-13 -1.70013375753088e-15  7.97197312443888e-14  0.000681821766701885    -0.279179490889562    0.0789843803517786 -1.25759117331359e-15  2.13173768326897e-13
 3.79302089051223e-16  4.46537722470126e-16  3.90875662691207e-13  7.60301830543432e-14  1.22087094083949e-14     0.279179490886663  0.000681821766703159 -1.25759117331359e-15     0.078984380350934  3.99696945353671e-13
