HCORE:-25.3269 -6.42489 -6.07137 -7.44466 -7.46285 -32.6004 -7.93782 -6.04369 -6.04369 -7.44466
HCORE2:-32.6004 -25.3269 -7.93782 -7.46285 -7.44466 -7.44466 -6.42489 -6.07137 -6.04369 -6.04369
Lodwin Orthonormalized
TOTAL ENERGY: -123.606608193432	 lambda: -5	 population of target: 4.00000013288942
1RDM: 
     1.99999999997562 -2.58453791400919e-09 -1.24414447494331e-09  -3.4381033313433e-09   -7.981166648792e-18  2.00865390062811e-18  3.93568286806978e-07  -6.8819003101129e-06  3.78651365445875e-17  -1.1254835758569e-17
-2.58453791400919e-09       1.9999747001906 -1.51497843274825e-07 -4.08354925725114e-07 -3.37776509908046e-14   8.4459693054717e-15    0.0016548090599897 -6.32243862770873e-05  -5.7829590643141e-15  2.45280315555087e-14
-1.24414447494331e-09 -1.51497843274825e-07      1.99999993649433 -1.75487391622174e-07 -4.33877032984855e-16  1.09151117824901e-16  2.13896419745318e-05 -0.000350627782534486  2.33309246865989e-15 -2.17264751640067e-15
 -3.4381033313433e-09 -4.08354925725114e-07 -1.75487391622174e-07      1.99999951506384 -1.18527372131417e-15 -7.61299173854645e-17  5.84341213304174e-05  -0.00096921136997324  1.00182118323597e-11 -4.47444144543424e-15
  -7.981166648792e-18 -3.37776509908046e-14 -4.33877032984855e-16 -1.18527372131417e-15      1.99999999725719 -6.85357125347871e-22   2.3512907045829e-12 -1.33214360588008e-12  4.09218576330006e-16  7.33473620475931e-05
 2.00865390062811e-18   8.4459693054717e-15  1.09151117824901e-16 -7.61299173854645e-17 -6.85357125347871e-22      1.99999999725719 -5.88048195996335e-13  3.37177370248816e-13  7.33473720606141e-05 -3.90565495491183e-16
 3.93568286806978e-07    0.0016548090599897  2.13896419745318e-05  5.84341213304174e-05   2.3512907045829e-12 -5.88048195996335e-13      1.88479362546422    0.0659874895236482  1.32965886074187e-12 -6.61091134225182e-12
 -6.8819003101129e-06 -6.32243862770873e-05 -0.000350627782534486  -0.00096921136997324 -1.33214360588008e-12  3.37177370248816e-13    0.0659874895236482     0.038826379952767  1.40910569173215e-13 -5.91365011889025e-13
 3.78651365445875e-17  -5.7829590643141e-15  2.33309246865989e-15  1.00182118323597e-11  4.09218576330006e-16  7.33473720606141e-05  1.32965886074187e-12  1.40910569173215e-13     0.038202924172122  -1.0226450150967e-17
 -1.1254835758569e-17  2.45280315555087e-14 -2.17264751640067e-15 -4.47444144543424e-15  7.33473620475931e-05 -3.90565495491183e-16 -6.61091134225182e-12 -5.91365011889025e-13  -1.0226450150967e-17    0.0382029241721267
First eigenvector coefficient: 0.969962617320726
TOTAL ENERGY: -123.60660829378	 lambda: -4.95	 population of target: 4.00000015306089
1RDM: 
     1.99999999997539 -2.59576312960613e-09 -1.26740824242881e-09 -3.51826921363953e-09 -8.01664955183975e-18  2.01766444904678e-18  3.95347023268263e-07 -6.91396973941851e-06  3.49482254191868e-17  1.23630486612244e-18
-2.59576312960613e-09      1.99997470018986 -1.53375075047113e-07  -4.1471583004673e-07 -3.37741644243207e-14  8.44512265173407e-15    0.0016548090785724 -6.32243579951849e-05   7.3014603497609e-16  -1.3187117908314e-15
-1.26740824242881e-09 -1.53375075047113e-07      1.99999993470712 -1.81243609350736e-07 -4.39646292743194e-16  1.10607134487474e-16  2.16726203632612e-05 -0.000355535168974191  1.78426478885793e-15  1.14277141954023e-16
-3.51826921363953e-09  -4.1471583004673e-07 -1.81243609350736e-07      1.99999949688737 -1.20568603087286e-15 -7.79964453136147e-17  5.94374511100513e-05 -0.000987247327221401  1.00168211861843e-11  1.43730134349061e-15
-8.01664955183975e-18 -3.37741644243207e-14 -4.39646292743194e-16 -1.20568603087286e-15      1.99999999715342 -7.02933047954655e-22  2.35085018565714e-12 -1.33193293791303e-12   4.1645308452662e-16  7.47221148288722e-05
 2.01766444904678e-18  8.44512265173407e-15  1.10607134487474e-16 -7.79964453136147e-17 -7.02933047954655e-22      1.99999999715342 -5.87940146200035e-13  3.37153436326882e-13  7.47221248418251e-05 -3.97681765196995e-16
 3.95347023268263e-07    0.0016548090785724  2.16726203632612e-05  5.94374511100513e-05  2.35085018565714e-12 -5.87940146200035e-13      1.88479362573367     0.065987492869271  -4.2600922123791e-13    3.571310755609e-13
-6.91396973941851e-06 -6.32243579951849e-05 -0.000355535168974191 -0.000987247327221401 -1.33193293791303e-12  3.37153436326882e-13     0.065987492869271    0.0388263991035121 -1.62110552477895e-14   3.1864827613418e-14
 3.49482254191868e-17   7.3014603497609e-16  1.78426478885793e-15  1.00168211861843e-11   4.1645308452662e-16  7.47221248418251e-05  -4.2600922123791e-13 -1.62110552477895e-14     0.038202924548132 -1.00254321317037e-17
 1.23630486612244e-18  -1.3187117908314e-15  1.14277141954023e-16  1.43730134349061e-15  7.47221148288722e-05 -3.97681765196995e-16    3.571310755609e-13   3.1864827613418e-14 -1.00254321317037e-17    0.0382029245481363
First eigenvector coefficient: 0.969962607308381
TOTAL ENERGY: -123.606608398682	 lambda: -4.9	 population of target: 4.00000017436188
1RDM: 
     1.99999999997515 -2.60716092727717e-09 -1.29143988195066e-09 -3.60178199722372e-09  -8.0523025355014e-18   2.0268640831147e-18  3.97156678429962e-07 -6.94664407771501e-06   3.5226931724119e-17  8.38971064712906e-19
-2.60716092727717e-09      1.99997470018983 -1.55299492036917e-07 -4.21279781268753e-07 -3.37741960001215e-14  8.44515530253161e-15   0.00165480907040841  -6.3224259254169e-05  4.85025728254463e-16 -3.38401155643161e-16
-1.29143988195066e-09 -1.55299492036917e-07      1.99999993284377 -1.87289236132826e-07 -4.45484061614699e-16  1.12088039166268e-16  2.19631806426021e-05 -0.000360580769341866  1.81905203951113e-15  7.75299814724353e-17
-3.60178199722372e-09 -4.21279781268753e-07 -1.87289236132826e-07      1.99999947766937 -1.22659044283874e-15 -7.99825775621099e-17  6.04762056168078e-05  -0.00100596692650147  1.00169725325726e-11  1.23303813601978e-15
 -8.0523025355014e-18 -3.37741960001215e-14 -4.45484061614699e-16 -1.22659044283874e-15      1.99999999704367 -7.21319709431375e-22  2.35085090344798e-12 -1.33164433568219e-12  4.23961512615949e-16  7.61487536083674e-05
  2.0268640831147e-18  8.44515530253161e-15  1.12088039166268e-16 -7.99825775621099e-17 -7.21319709431375e-22      1.99999999704367 -5.87943987025674e-13  3.37150925749717e-13   7.6148763621792e-05 -4.05068162989694e-16
 3.97156678429962e-07   0.00165480907040841  2.19631806426021e-05  6.04762056168078e-05  2.35085090344798e-12 -5.87943987025674e-13      1.88479362600768    0.0659874965012325 -3.58727572944642e-13  8.88704148720223e-14
-6.94664407771501e-06  -6.3224259254169e-05 -0.000360580769341866  -0.00100596692650147 -1.33164433568219e-12  3.37150925749717e-13    0.0659874965012325    0.0388264194478007 -1.02876613184081e-14  7.86411556436474e-15
  3.5226931724119e-17  4.85025728254463e-16  1.81905203951113e-15  1.00169725325726e-11  4.23961512615949e-16   7.6148763621792e-05 -3.58727572944642e-13 -1.02876613184081e-14    0.0382029248894827 -9.82442566977815e-18
 8.38971064712906e-19 -3.38401155643161e-16  7.75299814724353e-17  1.23303813601978e-15  7.61487536083674e-05 -4.05068162989694e-16  8.88704148720223e-14  7.86411556436474e-15 -9.82442566977815e-18    0.0382029248894943
First eigenvector coefficient: 0.969962596729793
TOTAL ENERGY: -123.606608508453	 lambda: -4.85	 population of target: 4.00000019687985
1RDM: 
     1.99999999997492 -2.61874818601804e-09 -1.31628024369574e-09 -3.68886350882706e-09 -8.08860201155283e-18  2.03626842808612e-18  3.98999860376131e-07 -6.97997036843675e-06  3.53333985825346e-17  1.06112997979523e-18
-2.61874818601804e-09      1.99997470019026 -1.57273194719619e-07 -4.28056453213032e-07 -3.37737673420339e-14   8.4450753964565e-15   0.00165480905070023 -6.32241586033557e-05   1.0752288168005e-15 -2.65479385026686e-15
-1.31628024369574e-09 -1.57273194719619e-07      1.99999993090002 -1.93644179108072e-07 -4.51484435116828e-16  1.13612237634597e-16  2.22616433973401e-05 -0.000365770239916159  1.81292257297047e-15  2.08268784550626e-16
-3.68886350882706e-09 -4.28056453213032e-07 -1.93644179108072e-07      1.99999945732778 -1.24826907592473e-15 -8.20484712255939e-17  6.15523213946009e-05  -0.00102541071533579  1.00169339267629e-11   1.7996699615275e-15
-8.08860201155283e-18 -3.37737673420339e-14 -4.51484435116828e-16 -1.24826907592473e-15      1.99999999692752 -7.40604401376755e-22  2.35079370373683e-12   -1.331354065619e-12  4.31760105808959e-16  7.76305927670184e-05
 2.03626842808612e-18   8.4450753964565e-15  1.13612237634597e-16 -8.20484712255939e-17 -7.40604401376755e-22      1.99999999692751 -5.87933806440472e-13  3.37159116055161e-13   7.7630602780424e-05 -4.12740043886169e-16
 3.98999860376131e-07   0.00165480905070023  2.22616433973401e-05  6.15523213946009e-05  2.35079370373683e-12 -5.87933806440472e-13      1.88479362631125    0.0659875006072711 -5.18804861883307e-13   7.1799718171567e-13
-6.97997036843675e-06 -6.32241586033557e-05 -0.000365770239916159  -0.00102541071533579   -1.331354065619e-12  3.37159116055161e-13    0.0659875006072711    0.0388264409408357  -2.4689877416528e-14  6.40733993052208e-14
 3.53333985825346e-17   1.0752288168005e-15  1.81292257297047e-15  1.00169339267629e-11  4.31760105808959e-16   7.7630602780424e-05 -5.18804861883307e-13  -2.4689877416528e-14    0.0382029252499503 -9.62341435509194e-18
 1.06112997979523e-18 -2.65479385026686e-15  2.08268784550626e-16   1.7996699615275e-15  7.76305927670184e-05 -4.12740043886169e-16   7.1799718171567e-13  6.40733993052208e-14 -9.62341435509194e-18    0.0382029252499514
First eigenvector coefficient: -0.969962585543906
TOTAL ENERGY: -123.606608623424	 lambda: -4.8	 population of target: 4.00000022070935
1RDM: 
     1.99999999997467  -2.6305377614956e-09 -1.34197238831643e-09 -3.77973990939972e-09  -8.1255895613828e-18  2.04584848155256e-18  4.00878453709157e-07 -7.01398131480857e-06  3.55348690004134e-17  1.59220082951141e-18
 -2.6305377614956e-09      1.99997470018875 -1.59298023836746e-07 -4.35056651165292e-07 -3.37723955266439e-14  8.44476414589106e-15   0.00165480909014999  -6.3223970061825e-05  3.30304786392172e-15 -1.16180375289273e-14
-1.34197238831643e-09 -1.59298023836746e-07      1.99999992887098  -2.0033019501803e-07 -4.57686541130873e-16  1.15187795736058e-16  2.25683468441749e-05 -0.000371110300164679  1.57423288911627e-15  1.28460012859745e-15
-3.77973990939972e-09 -4.35056651165292e-07  -2.0033019501803e-07      1.99999943577389 -1.27080799113093e-15 -8.41956759040116e-17  6.26678673613866e-05  -0.00104562088702435  1.00164466857688e-11  4.15633583223398e-15
 -8.1255895613828e-18 -3.37723955266439e-14 -4.57686541130873e-16 -1.27080799113093e-15      1.99999999680435 -7.60848664832223e-22  2.35061782121167e-12 -1.33107856618907e-12    4.398690471835e-16  7.91713319822998e-05
 2.04584848155256e-18  8.44476414589106e-15  1.15187795736058e-16 -8.41956759040116e-17 -7.60848664832223e-22      1.99999999680435 -5.87894486866885e-13  3.37173033712087e-13   7.9171341996334e-05 -4.20717494570884e-16
 4.00878453709157e-07   0.00165480909014999  2.25683468441749e-05  6.26678673613866e-05  2.35061782121167e-12 -5.87894486866885e-13      1.88479362665557    0.0659875051044876 -1.11807476765482e-12  3.12990875129918e-12
-7.01398131480857e-06  -6.3223970061825e-05 -0.000371110300164679  -0.00104562088702435 -1.33107856618907e-12  3.37173033712087e-13    0.0659875051044876    0.0388264636077479 -7.83587413692232e-14   2.7965964490267e-13
 3.55348690004134e-17  3.30304786392172e-15  1.57423288911627e-15  1.00164466857688e-11    4.398690471835e-16   7.9171341996334e-05 -1.11807476765482e-12 -7.83587413692232e-14    0.0382029256598332 -9.42240091867499e-18
 1.59220082951141e-18 -1.16180375289273e-14  1.28460012859745e-15  4.15633583223398e-15  7.91713319822998e-05 -4.20717494570884e-16  3.12990875129918e-12   2.7965964490267e-13 -9.42240091867499e-18    0.0382029256598392
First eigenvector coefficient: -0.969962573708276
TOTAL ENERGY: -123.606608743972	 lambda: -4.75	 population of target: 4.00000024595625
1RDM: 
     1.99999999997442 -2.64253136870098e-09 -1.36855345600195e-09 -3.87466367766414e-09 -8.16308447759743e-18  2.05573766910363e-18  4.02793631048826e-07 -7.04870869121016e-06  3.64922683546652e-17 -2.08523524518451e-18
-2.64253136870098e-09      1.99997470019047 -1.61376194052884e-07 -4.42291194086185e-07  -3.3774265500094e-14  8.44522315909091e-15   0.00165480902922466  -6.3223965672424e-05 -2.09245672184694e-16  2.43730730784506e-15
-1.36855345600195e-09 -1.61376194052884e-07      1.99999992675231 -2.07370222051605e-07 -4.63950016822681e-16  1.16788487708161e-16  2.28835909942298e-05 -0.000376605762013399  2.00072214251286e-15 -3.16908323006502e-16
-3.87466367766414e-09 -4.42291194086185e-07 -2.07370222051605e-07       1.9999994129074  -1.2939435917383e-15 -8.64855882340976e-17  6.38250898855397e-05  -0.00106664551403703  1.00174368237967e-11  6.84206562509048e-16
-8.16308447759743e-18  -3.3774265500094e-14 -4.63950016822681e-16  -1.2939435917383e-15      1.99999999667362 -7.82149245698325e-22    2.350849061407e-12 -1.33070783169338e-12  4.48307571283347e-16  8.07746882401904e-05
 2.05573766910363e-18  8.44522315909091e-15  1.16788487708161e-16 -8.64855882340976e-17 -7.82149245698325e-22      1.99999999667362 -5.87955551387629e-13  3.37210850491122e-13  8.07746982536293e-05 -4.29018799365037e-16
 4.02793631048826e-07   0.00165480902922466  2.28835909942298e-05  6.38250898855397e-05    2.350849061407e-12 -5.87955551387629e-13      1.88479362705863    0.0659875102896146 -1.71251613090071e-13 -6.58279720354768e-13
-7.04870869121016e-06  -6.3223965672424e-05 -0.000376605762013399  -0.00106664551403703 -1.33070783169338e-12  3.37210850491122e-13    0.0659875102896146    0.0388264875979361  6.19797750493366e-15 -5.90824964573892e-14
 3.64922683546652e-17 -2.09245672184694e-16  2.00072214251286e-15  1.00174368237967e-11  4.48307571283347e-16  8.07746982536293e-05 -1.71251613090071e-13  6.19797750493366e-15       0.0382029260858 -9.22137810347494e-18
-2.08523524518451e-18  2.43730730784506e-15 -3.16908323006502e-16  6.84206562509048e-16  8.07746882401904e-05 -4.29018799365037e-16 -6.58279720354768e-13 -5.90824964573892e-14 -9.22137810347494e-18    0.0382029260857963
First eigenvector coefficient: -0.969962561169084
TOTAL ENERGY: -123.606608870493	 lambda: -4.7	 population of target: 4.00000027273464
1RDM: 
     1.99999999997416  -2.6547053671459e-09 -1.39606769015669e-09 -3.97388304809043e-09 -8.20161256394814e-18  2.06562203892852e-18  4.04744078041008e-07  -7.0841610201092e-06  3.52832987104253e-17  3.46888834972116e-18
 -2.6547053671459e-09        1.999974700191 -1.63509910633921e-07 -4.49772234417854e-07 -3.37729658657068e-14  8.44494348232956e-15   0.00165480900618034  -6.3223816537306e-05  1.83980857249204e-15 -5.72346905647511e-15
-1.39606769015669e-09 -1.63509910633921e-07       1.9999999245383 -2.14790121783618e-07 -4.70485056565909e-16  1.18443931627515e-16  2.32077759221649e-05 -0.000382264415469025    1.840074613916e-15  4.33784200222209e-16
-3.97388304809043e-09 -4.49772234417854e-07 -2.14790121783618e-07       1.9999993886211 -1.31817633303356e-15 -8.88740043187067e-17  6.50263657675152e-05  -0.00108853334495731  1.00170599360789e-11  2.64904710935075e-15
-8.20161256394814e-18 -3.37729658657068e-14 -4.70485056565909e-16 -1.31817633303356e-15       1.9999999965347 -8.04656407694676e-22  2.35068178716629e-12 -1.33040243264861e-12  4.57091488669895e-16  8.24441471153905e-05
 2.06562203892852e-18  8.44494348232956e-15  1.18443931627515e-16 -8.88740043187067e-17 -8.04656407694676e-22       1.9999999965347 -5.87918277025029e-13  3.37190835601051e-13  8.24441571299456e-05 -4.37657738796252e-16
 4.04744078041008e-07   0.00165480900618034  2.32077759221649e-05  6.50263657675152e-05  2.35068178716629e-12 -5.87918277025029e-13       1.8847936274608    0.0659875158867275 -7.22948734965733e-13  1.53978710559155e-12
 -7.0841610201092e-06  -6.3223816537306e-05 -0.000382264415469025  -0.00108853334495731 -1.33040243264861e-12  3.37190835601051e-13    0.0659875158867275    0.0388265133373353 -4.32491670427755e-14  1.37480814506129e-13
 3.52832987104253e-17  1.83980857249204e-15    1.840074613916e-15  1.00170599360789e-11  4.57091488669895e-16  8.24441571299456e-05 -7.22948734965733e-13 -4.32491670427755e-14    0.0382029264039313 -9.02039413050973e-18
 3.46888834972116e-18 -5.72346905647511e-15  4.33784200222209e-16  2.64904710935075e-15  8.24441471153905e-05 -4.37657738796252e-16  1.53978710559155e-12  1.37480814506129e-13 -9.02039413050973e-18    0.0382029264039371
First eigenvector coefficient: 0.969962547858656
TOTAL ENERGY: -123.606609003432	 lambda: -4.65	 population of target: 4.00000030117214
1RDM: 
      1.9999999999739 -2.66714448590483e-09 -1.42455316030798e-09 -4.07765309228066e-09 -8.24068819722101e-18  2.07582992990123e-18  4.06734552263482e-07 -7.12030890936558e-06  3.50462324661751e-17  5.35344491507177e-18
-2.66714448590483e-09      1.99997470019049 -1.65701194783746e-07 -4.57513630138009e-07 -3.37730405857184e-14  8.44500752396997e-15   0.00165480901264863 -6.32236654187274e-05  1.48119611700526e-15  -4.2960128334876e-15
-1.42455316030798e-09 -1.65701194783746e-07      1.99999992222304 -2.22618155680736e-07 -4.77162747667779e-16  1.20145743156575e-16  2.35412810900405e-05 -0.000388093953485884  1.91673454190661e-15  2.44661780784989e-16
-4.07765309228066e-09 -4.57513630138009e-07 -2.22618155680736e-07      1.99999936279475 -1.34321238187934e-15 -9.13893772633539e-17  6.62743490893091e-05   -0.0011113387752476   1.0017408272658e-11  1.74511084637711e-15
-8.24068819722101e-18 -3.37730405857184e-14 -4.77162747667779e-16 -1.34321238187934e-15      1.99999999638691 -8.28623554560427e-22   2.3506864325866e-12  -1.3300340711453e-12  4.66236081190102e-16  8.41840830831947e-05
 2.07582992990123e-18  8.44500752396997e-15  1.20145743156575e-16 -9.13893772633539e-17 -8.28623554560427e-22      1.99999999638691 -5.87925711606257e-13  3.37206552349918e-13  8.41840931003056e-05 -4.46645450964202e-16
 4.06734552263482e-07   0.00165480901264863  2.35412810900405e-05  6.62743490893091e-05   2.3506864325866e-12 -5.87925711606257e-13      1.88479362792294    0.0659875217319856 -6.27107036255484e-13  1.15914751359417e-12
-7.12030890936558e-06 -6.32236654187274e-05 -0.000388093953485884   -0.0011113387752476  -1.3300340711453e-12  3.37206552349918e-13    0.0659875217319856    0.0388265406903562 -3.47808750867237e-14  1.03375832078115e-13
 3.50462324661751e-17  1.48119611700526e-15  1.91673454190661e-15   1.0017408272658e-11  4.66236081190102e-16  8.41840931003056e-05 -6.27107036255484e-13 -3.47808750867237e-14    0.0382029267153505 -8.81936181475527e-18
 5.35344491507177e-18  -4.2960128334876e-15  2.44661780784989e-16  1.74511084637711e-15  8.41840830831947e-05 -4.46645450964202e-16  1.15914751359417e-12  1.03375832078115e-13 -8.81936181475527e-18    0.0382029267153478
First eigenvector coefficient: 0.969962533734191
TOTAL ENERGY: -123.606609143271	 lambda: -4.6	 population of target: 4.00000033140949
1RDM: 
     1.99999999997362 -2.67980406342528e-09 -1.45411594142668e-09  -4.1864305607134e-09  -8.2803484464495e-18  2.08611836220621e-18  4.08771090185823e-07 -7.15744174351347e-06  3.68981148433172e-17 -1.58375822170195e-18
-2.67980406342528e-09      1.99997470019109 -1.67952463606089e-07 -4.65528492503932e-07 -3.37739384473964e-14  8.44526173709185e-15    0.0016548089719613 -6.32236136625387e-05 -2.15488685703339e-16   2.4807112212801e-15
-1.45411594142668e-09 -1.67952463606089e-07      1.99999991979987 -2.30885563261977e-07 -4.84026564498217e-16  1.21890751765539e-16  2.38845466507371e-05 -0.000394103225276638   2.0651272696536e-15 -2.18614179788578e-16
 -4.1864305607134e-09 -4.65528492503932e-07 -2.30885563261977e-07      1.99999933529577 -1.36924048210941e-15 -9.40479754013124e-17  6.75717779591151e-05  -0.00113512033292312  1.00178072563402e-11  6.82005786434914e-16
 -8.2803484464495e-18 -3.37739384473964e-14 -4.84026564498217e-16 -1.36924048210941e-15      1.99999999622943 -8.53065547160583e-22  2.35079525717885e-12 -1.32965878761894e-12  4.75803941666494e-16  8.59991209803544e-05
 2.08611836220621e-18  8.44526173709185e-15  1.21890751765539e-16 -9.40479754013124e-17 -8.53065547160583e-22      1.99999999622943 -5.87957440904848e-13  3.37200349828543e-13  8.59991309920149e-05  -4.5606918315421e-16
 4.08771090185823e-07    0.0016548089719613  2.38845466507371e-05  6.75717779591151e-05  2.35079525717885e-12 -5.87957440904848e-13      1.88479362852348    0.0659875290965149 -1.69656286006817e-13 -6.67173293841199e-13
-7.15744174351347e-06 -6.32236136625387e-05 -0.000394103225276638  -0.00113512033292312 -1.32965878761894e-12  3.37200349828543e-13    0.0659875290965149    0.0388265686135541  5.97532608904277e-15 -5.98191447190028e-14
 3.68981148433172e-17 -2.15488685703339e-16   2.0651272696536e-15  1.00178072563402e-11  4.75803941666494e-16  8.59991309920149e-05 -1.69656286006817e-13  5.97532608904277e-15    0.0382029275718592 -8.61836986343348e-18
-1.58375822170195e-18   2.4807112212801e-15 -2.18614179788578e-16  6.82005786434914e-16  8.59991209803544e-05  -4.5606918315421e-16 -6.67173293841199e-13 -5.98191447190028e-14 -8.61836986343348e-18    0.0382029275718612
First eigenvector coefficient: -0.969962518720362
TOTAL ENERGY: -123.606609290548	 lambda: -4.55	 population of target: 4.00000036360297
1RDM: 
     1.99999999997335 -2.69265196852469e-09 -1.48474686292151e-09 -4.30040293104258e-09 -8.32102755003374e-18   2.0967106730672e-18  4.10844011846815e-07 -7.19531609043068e-06  3.64686959694546e-17  9.25546579561172e-19
-2.69265196852469e-09      1.99997470019134 -1.70266465579797e-07 -4.73831751437831e-07 -3.37734207654436e-14  8.44516402748277e-15   0.00165480894860815 -6.32234575073497e-05  4.23358497086066e-16 -7.21260529468581e-17
-1.48474686292151e-09 -1.70266465579797e-07       1.9999999172631 -2.39624757268099e-07 -4.91115757759569e-16  1.23695778306862e-16  2.42379454766708e-05 -0.000400297948189417  2.04424978431696e-15 -1.08430254935283e-17
-4.30040293104258e-09 -4.73831751437831e-07 -2.39624757268099e-07      1.99999930597529 -1.39637935835055e-15 -9.68229419166851e-17  6.89217266342068e-05  -0.00115994306209218  1.00177707701122e-11  1.36066915981166e-15
-8.32102755003374e-18 -3.37734207654436e-14 -4.91115757759569e-16 -1.39637935835055e-15      1.99999999606148 -8.79405309604423e-22  2.35072552582104e-12 -1.32928800689975e-12  4.85774485980995e-16   8.7893764425882e-05
  2.0967106730672e-18  8.44516402748277e-15  1.23695778306862e-16 -9.68229419166851e-17 -8.79405309604423e-22      1.99999999606148  -5.8794505350611e-13  3.37208652023531e-13  8.78937744386063e-05 -4.65877216041055e-16
 4.10844011846815e-07   0.00165480894860815  2.42379454766708e-05  6.89217266342068e-05  2.35072552582104e-12  -5.8794505350611e-13      1.88479362915063    0.0659875366269274 -3.41856896775328e-13  2.17416293758023e-14
-7.19531609043068e-06 -6.32234575073497e-05 -0.000400297948189417  -0.00115994306209218 -1.32928800689975e-12  3.37208652023531e-13    0.0659875366269274    0.0388265990399175 -9.54967425668035e-15  1.78070505135164e-15
 3.64686959694546e-17  4.23358497086066e-16  2.04424978431696e-15  1.00177707701122e-11  4.85774485980995e-16  8.78937744386063e-05 -3.41856896775328e-13 -9.54967425668035e-15    0.0382029281417117 -8.41735138870064e-18
 9.25546579561172e-19 -7.21260529468581e-17 -1.08430254935283e-17  1.36066915981166e-15   8.7893764425882e-05 -4.65877216041055e-16  2.17416293758023e-14  1.78070505135164e-15 -8.41735138870064e-18    0.0382029281417036
First eigenvector coefficient: 0.969962502736578
TOTAL ENERGY: -123.606609445855	 lambda: -4.5	 population of target: 4.00000039792701
1RDM: 
     1.99999999997306 -2.70582142729519e-09 -1.51653583597688e-09 -4.42002270236049e-09 -8.36250637052634e-18  2.10754080105134e-18  4.12967543493246e-07 -7.23409965183019e-06  3.68642059138358e-17  1.25984526440414e-19
-2.70582142729519e-09      1.99997470019143 -1.72645667460727e-07 -4.82439394632244e-07 -3.37732474854753e-14  8.44515394665138e-15   0.00165480892996016 -6.32233152532931e-05   4.8931595614271e-16 -3.31712579418327e-16
-1.51653583597688e-09 -1.72645667460727e-07      1.99999991460507 -2.48873356419135e-07 -4.98407012658232e-16  1.25554123518714e-16  2.46019530696042e-05 -0.000406687935892221  2.06418778661616e-15  4.00334913629459e-17
-4.42002270236049e-09 -4.82439394632244e-07 -2.48873356419135e-07      1.99999927466854 -1.42460169102775e-15 -9.97550952603352e-17  7.03274911357991e-05  -0.00118587701588961   1.0017888770763e-11   1.4486314167625e-15
-8.36250637052634e-18 -3.37732474854753e-14 -4.98407012658232e-16 -1.42460169102775e-15        1.999999995882 -9.07245581606388e-22  2.35069878066415e-12  -1.3288912896193e-12   4.9619763185697e-16  8.98742550193126e-05
 2.10754080105134e-18  8.44515394665138e-15  1.25554123518714e-16 -9.97550952603352e-17 -9.07245581606388e-22        1.999999995882 -5.87943802762331e-13  3.37219512780379e-13  8.98742650324571e-05  -4.7613110637128e-16
 4.12967543493246e-07   0.00165480892996016  2.46019530696042e-05  7.03274911357991e-05  2.35069878066415e-12 -5.87943802762331e-13      1.88479362982151    0.0659875448617676 -3.59332750542357e-13  9.13105408663139e-14
-7.23409965183019e-06 -6.32233152532931e-05 -0.000406687935892221  -0.00118587701588961  -1.3288912896193e-12  3.37219512780379e-13    0.0659875448617676    0.0388266314775149 -1.12443136714665e-14  7.99663391360586e-15
 3.68642059138358e-17   4.8931595614271e-16  2.06418778661616e-15   1.0017888770763e-11   4.9619763185697e-16  8.98742650324571e-05 -3.59332750542357e-13 -1.12443136714665e-14    0.0382029287494467 -8.21633666401582e-18
 1.25984526440414e-19 -3.31712579418327e-16  4.00334913629459e-17   1.4486314167625e-15  8.98742550193126e-05  -4.7613110637128e-16  9.13105408663139e-14  7.99663391360586e-15 -8.21633666401582e-18    0.0382029287494274
First eigenvector coefficient: -0.969962485690048
TOTAL ENERGY: -123.606609609844	 lambda: -4.45	 population of target: 4.00000043457476
1RDM: 
     1.99999999997276 -2.71918915950051e-09 -1.54953589520162e-09 -4.54567374352698e-09  -8.4058126066369e-18  1.62591421864007e-18  4.15133331087212e-07 -7.27379150231016e-06  6.28024341763063e-17 -1.25818786917582e-17
-2.71918915950051e-09      1.99997470019201 -1.75093073689597e-07 -4.91368763233354e-07 -3.37747879564623e-14  8.45838229075234e-15   0.00165480889645531 -6.32231576057677e-05 -2.23049356443061e-15  1.02818520709999e-14
-1.54953589520162e-09 -1.75093073689597e-07      1.99999991181814 -2.58671826600443e-07 -5.05945947221307e-16  9.95376311409146e-17   2.4977056534484e-05 -0.000413282121312708  2.64962830612301e-15 -1.24821734292633e-15
-4.54567374352698e-09 -4.91368763233354e-07 -2.58671826600443e-07      1.99999924119203 -1.45416128951623e-15 -1.84759745421561e-16  7.17926562282557e-05  -0.00121299836749573  1.00179596038445e-11 -8.63901926904858e-16
 -8.4058126066369e-18 -3.37747879564623e-14 -5.05945947221307e-16 -1.45416128951623e-15      1.99999999568999 -9.36843611968492e-22  2.35090390884622e-12 -1.32886942556511e-12  5.07005652897254e-16  9.19458006199481e-05
 1.62591421864007e-18  8.45838229075234e-15  9.95376311409146e-17 -1.84759745421561e-16 -9.36843611968492e-22      1.99999999568999 -5.84698875684191e-13  2.04218775369613e-13  9.19458106306181e-05 -4.86761090335192e-16
 4.15133331087212e-07   0.00165480889645531   2.4977056534484e-05  7.17926562282557e-05  2.35090390884622e-12 -5.84698875684191e-13      1.88479363055891    0.0659875539134536   3.7428026212699e-13 -2.77074173752429e-12
-7.27379150231016e-06 -6.32231576057677e-05 -0.000413282121312708  -0.00121299836749573 -1.32886942556511e-12  2.04218775369613e-13    0.0659875539134536    0.0388266659573095  5.42546773025607e-14  -2.4795975807349e-13
 6.28024341763063e-17 -2.23049356443061e-15  2.64962830612301e-15  1.00179596038445e-11  5.07005652897254e-16  9.19458106306181e-05   3.7428026212699e-13  5.42546773025607e-14     0.038202929464417 -8.01532383189375e-18
-1.25818786917582e-17  1.02818520709999e-14 -1.24821734292633e-15 -8.63901926904858e-16  9.19458006199481e-05 -4.86761090335192e-16 -2.77074173752429e-12  -2.4795975807349e-13 -8.01532383189375e-18    0.0382029294644202
First eigenvector coefficient: -0.969962467488855
TOTAL ENERGY: -123.606609783233	 lambda: -4.4	 population of target: 4.00000047376132
1RDM: 
     1.99999999997246 -2.73286440100144e-09 -1.58382377831687e-09 -4.67782910235755e-09 -8.44805693460914e-18  2.12991322804007e-18  4.17351328041446e-07  -7.3144721398018e-06  3.72339204667954e-17  2.79385244985654e-19
-2.73286440100144e-09      1.99997470019193 -1.77611580041216e-07 -5.00638536012671e-07 -3.37729898030947e-14  8.44515891280488e-15   0.00165480888054701 -6.32230080098481e-05  4.54101592168885e-16 -1.85920258928172e-16
-1.58382377831687e-09 -1.77611580041216e-07       1.9999999088939  -2.6906484372647e-07 -5.13648783561447e-16  1.29441730009838e-16  2.53637637156639e-05 -0.000420090365868104  2.13548451459856e-15  2.80157147380219e-17
-4.67782910235755e-09 -5.00638536012671e-07  -2.6906484372647e-07      1.99999920534156 -1.48465602576216e-15 -1.06120763428844e-16  7.33210968895304e-05  -0.00124138968138084   1.0018177440832e-11  1.49082111033507e-15
-8.44805693460914e-18 -3.37729898030947e-14 -5.13648783561447e-16 -1.48465602576216e-15      1.99999999548423 -9.68008949320846e-22  2.35065566879982e-12 -1.32804148380738e-12  5.18516708181578e-16   9.4115087748217e-05
 2.12991322804007e-18  8.44515891280488e-15  1.29441730009838e-16 -1.06120763428844e-16 -9.68008949320846e-22      1.99999999548423 -5.87944467141173e-13  3.37240650938176e-13  9.41150977606558e-05 -4.98087768173042e-16
 4.17351328041446e-07   0.00165480888054701  2.53637637156639e-05  7.33210968895304e-05  2.35065566879982e-12 -5.87944467141173e-13      1.88479363142878    0.0659875635886401   -3.494573086522e-13  5.20879512105881e-14
 -7.3144721398018e-06 -6.32230080098481e-05 -0.000420090365868104  -0.00124138968138084 -1.32804148380738e-12  3.37240650938176e-13    0.0659875635886401    0.0388267030218648 -1.06452378789003e-14   4.4851723854273e-15
 3.72339204667954e-17  4.54101592168885e-16  2.13548451459856e-15   1.0018177440832e-11  5.18516708181578e-16  9.41150977606558e-05   -3.494573086522e-13 -1.06452378789003e-14    0.0382029300905165 -7.81430429370138e-18
 2.79385244985654e-19 -1.85920258928172e-16  2.80157147380219e-17  1.49082111033507e-15   9.4115087748217e-05 -4.98087768173042e-16  5.20879512105881e-14   4.4851723854273e-15 -7.81430429370138e-18    0.0382029300905247
First eigenvector coefficient: -0.969962448046388
TOTAL ENERGY: -123.606609966835	 lambda: -4.35	 population of target: 4.00000051573016
1RDM: 
     1.99999999997215 -2.74677117361347e-09 -1.61947903217098e-09 -4.81700352991665e-09 -8.49225919230136e-18  2.14149800380461e-18  4.19618519322953e-07 -7.35621073870071e-06  3.71854235709705e-17  1.32557335347201e-18
-2.74677117361347e-09      1.99997470019193 -1.80204395913579e-07 -5.10268023627846e-07 -3.37730880857171e-14  8.44520977709463e-15   0.00165480886942297 -6.32228280333519e-05  9.63238686253798e-17  1.26545039432945e-15
-1.61947903217098e-09 -1.80204395913579e-07      1.99999990582306 -2.80102483080043e-07 -5.21610700946445e-16  1.31474533581476e-16  2.57626380593099e-05  -0.00042712358942501  2.23039856313609e-15 -2.08216539002954e-16
-4.81700352991665e-09 -5.10268023627846e-07 -2.80102483080043e-07      1.99999916688558 -1.51661114224576e-15 -1.09589852902919e-16   7.4917050292523e-05  -0.00127114349968156  1.00185255149611e-11  7.38249068784392e-16
-8.49225919230136e-18 -3.37730880857171e-14 -5.21610700946445e-16 -1.51661114224576e-15      1.99999999526341 -1.00126354054057e-21  2.35066233384961e-12  -1.3275797054292e-12  5.30481000348467e-16  9.63889530961623e-05
 2.14149800380461e-18  8.44520977709463e-15  1.31474533581476e-16 -1.09589852902919e-16 -1.00126354054057e-21      1.99999999526341 -5.87951520966242e-13  3.37251402888427e-13  9.63889631090471e-05 -5.09857150613091e-16
 4.19618519322953e-07   0.00165480886942297  2.57626380593099e-05   7.4917050292523e-05  2.35066233384961e-12 -5.87951520966242e-13      1.88479363235627    0.0659875742399769 -2.52113588383211e-13  -3.4193745123141e-13
-7.35621073870071e-06 -6.32228280333519e-05  -0.00042712358942501  -0.00127114349968156  -1.3275797054292e-12  3.37251402888427e-13    0.0659875742399769    0.0388267424936682 -2.06304949597075e-15 -3.08685175238896e-14
 3.71854235709705e-17  9.63238686253798e-17  2.23039856313609e-15  1.00185255149611e-11  5.30481000348467e-16  9.63889631090471e-05 -2.52113588383211e-13 -2.06304949597075e-15    0.0382029308752803 -7.61329908070284e-18
 1.32557335347201e-18  1.26545039432945e-15 -2.08216539002954e-16  7.38249068784392e-16  9.63889530961623e-05 -5.09857150613091e-16  -3.4193745123141e-13 -3.08685175238896e-14 -7.61329908070284e-18    0.0382029308752735
First eigenvector coefficient: -0.969962427215687
TOTAL ENERGY: -123.606610161542	 lambda: -4.3	 population of target: 4.00000056075236
1RDM: 
     1.99999999997183 -2.76101894708746e-09 -1.65655075430254e-09 -4.96367786988051e-09 -8.53735601674275e-18  2.15336187180018e-18  4.21940629740655e-07 -7.39894927781134e-06  3.77199421529354e-17  4.97912837943381e-20
-2.76101894708746e-09      1.99997470019246 -1.82875025333721e-07 -5.20281114183227e-07 -3.37726770097879e-14  8.44515697257355e-15   0.00165480882848941 -6.32226716686423e-05  4.69160054735098e-16 -2.40491710735595e-16
-1.65655075430254e-09 -1.82875025333721e-07      1.99999990259658  -2.9183840862829e-07 -5.29844511478779e-16  1.33579566780388e-16  2.61742111091485e-05 -0.000434391038297606  2.20816410249928e-15  2.87824467817017e-17
-4.96367786988051e-09 -5.20281114183227e-07  -2.9183840862829e-07      1.99999912556513 -1.55007836062303e-15 -1.13242020897379e-16  7.65853079136339e-05  -0.00130236028091897  1.00184791035811e-11   1.5982729717198e-15
-8.53735601674275e-18 -3.37726770097879e-14 -5.29844511478779e-16 -1.55007836062303e-15      1.99999999502594 -1.03659810759342e-21  2.35060430137024e-12 -1.32710923105237e-12  5.43045487754424e-16  9.87758191795393e-05
 2.15336187180018e-18  8.44515697257355e-15  1.33579566780388e-16 -1.13242020897379e-16 -1.03659810759342e-21      1.99999999502594 -5.87944454181366e-13  3.37272608593226e-13  9.87758291929161e-05 -5.22218214366482e-16
 4.21940629740655e-07   0.00165480882848941  2.61742111091485e-05  7.65853079136339e-05  2.35060430137024e-12 -5.87944454181366e-13      1.88479363340301    0.0659875856926588 -3.52993859581214e-13   6.6302663620815e-14
-7.39894927781134e-06 -6.32226716686423e-05 -0.000434391038297606  -0.00130236028091897 -1.32710923105237e-12  3.37272608593226e-13    0.0659875856926588    0.0388267849492299 -1.12666808827998e-14  5.72292827441586e-15
 3.77199421529354e-17  4.69160054735098e-16  2.20816410249928e-15  1.00184791035811e-11  5.43045487754424e-16  9.87758291929161e-05 -3.52993859581214e-13 -1.12666808827998e-14    0.0382029316349522 -7.41224736559344e-18
 4.97912837943381e-20 -2.40491710735595e-16  2.87824467817017e-17   1.5982729717198e-15  9.87758191795393e-05 -5.22218214366482e-16   6.6302663620815e-14  5.72292827441586e-15 -7.41224736559344e-18    0.0382029316349652
First eigenvector coefficient: 0.96996240488124
TOTAL ENERGY: -123.60661036836	 lambda: -4.25	 population of target: 4.00000060913426
1RDM: 
     1.99999999997149 -2.77549565707044e-09 -1.69516922051272e-09 -5.11856577727039e-09 -8.58357062484656e-18   2.1655409819952e-18  4.24316925193072e-07 -7.44291042378251e-06  3.75533263174624e-17  1.68611432483132e-18
-2.77549565707044e-09      1.99997470019244 -1.85626992366817e-07 -5.30698373494021e-07  -3.3772442849443e-14  8.44513235981131e-15   0.00165480881298497 -6.32225024005519e-05  5.64309807478182e-16 -6.16144426468386e-16
-1.69516922051272e-09 -1.85626992366817e-07      1.99999989920277 -3.04334968503959e-07 -5.38327179891403e-16  1.35750078676251e-16  2.65991703364923e-05 -0.000441906946056998  2.24899920847877e-15  1.82808592702089e-17
-5.11856577727039e-09 -5.30698373494021e-07 -3.04334968503959e-07      1.99999908108891   -1.585032347579e-15 -1.17126631579576e-16   7.8330752021101e-05  -0.00133515029526021  1.00186388089062e-11  1.66385757171789e-15
-8.58357062484656e-18  -3.3772442849443e-14 -5.38327179891403e-16   -1.585032347579e-15      1.99999999477017 -1.07429096705268e-21  2.35056867199061e-12  -1.3266073202911e-12  5.56244754619314e-16  0.000101283651163543
  2.1655409819952e-18  8.44513235981131e-15  1.35750078676251e-16 -1.17126631579576e-16 -1.07429096705268e-21      1.99999999477017 -5.87942084061293e-13  3.37294433282303e-13  0.000101283661175494 -5.35203084100542e-16
 4.24316925193072e-07   0.00165480881298497  2.65991703364923e-05   7.8330752021101e-05  2.35056867199061e-12 -5.87942084061293e-13      1.88479363453537    0.0659875982584986 -3.77510502923226e-13   1.6384686590427e-13
-7.44291042378251e-06 -6.32225024005519e-05 -0.000441906946056998  -0.00133515029526021  -1.3266073202911e-12  3.37294433282303e-13    0.0659875982584986    0.0388268304279955 -1.35353284846774e-14  1.40787751051056e-14
 3.75533263174624e-17  5.64309807478182e-16  2.24899920847877e-15  1.00186388089062e-11  5.56244754619314e-16  0.000101283661175494 -3.77510502923226e-13 -1.35353284846774e-14    0.0382029325203517 -7.21121721596307e-18
 1.68611432483132e-18 -6.16144426468386e-16  1.82808592702089e-17  1.66385757171789e-15  0.000101283651163543 -5.35203084100542e-16   1.6384686590427e-13  1.40787751051056e-14 -7.21121721596307e-18    0.0382029325203369
First eigenvector coefficient: -0.969962380875428
TOTAL ENERGY: -123.606610588405	 lambda: -4.2	 population of target: 4.00000066121961
1RDM: 
     1.99999999997114 -2.79033888384492e-09 -1.73536918798201e-09 -5.28220460536148e-09 -8.63087612560943e-18  2.17848943827342e-18    4.267523508645e-07 -7.48794932619914e-06   3.7280735644823e-17  3.43572098741884e-18
-2.79033888384492e-09      1.99997470019332 -1.88464187358275e-07 -5.41547034050338e-07 -3.37727069256199e-14  8.44529471208393e-15   0.00165480874752611 -6.32222788435921e-05 -2.47491162630655e-17  1.73782607068358e-15
-1.73536918798201e-09 -1.88464187358275e-07      1.99999989563154 -3.17657595926582e-07  -5.4706495361037e-16   1.3801502357385e-16  2.70380780171736e-05 -0.000449680637592248  2.37577561945376e-15 -3.22119425022855e-16
-5.28220460536148e-09 -5.41547034050338e-07 -3.17657595926582e-07      1.99999903312718  -1.6215679549795e-15 -1.21185551448306e-16  8.01590796494305e-05  -0.00136963536192369  1.00190912566126e-11  6.24529121139988e-16
-8.63087612560943e-18 -3.37727069256199e-14  -5.4706495361037e-16  -1.6215679549795e-15      1.99999999449416 -1.11452005215245e-21  2.35059462935466e-12 -1.32606864160797e-12  5.70134018231218e-16  0.000103922135152147
 2.17848943827342e-18  8.44529471208393e-15   1.3801502357385e-16 -1.21185551448306e-16 -1.11452005215245e-21      1.99999999449416 -5.87963611919044e-13  3.37432496195063e-13  0.000103922145165525 -5.48867138250046e-16
   4.267523508645e-07   0.00165480874752611  2.70380780171736e-05  8.01590796494305e-05  2.35059462935466e-12 -5.87963611919044e-13      1.88479363584781    0.0659876116514381  -2.1959451654898e-13 -4.66398139735569e-13
-7.48794932619914e-06 -6.32222788435921e-05 -0.000449680637592248  -0.00136963536192369 -1.32606864160797e-12  3.37432496195063e-13    0.0659876116514381    0.0388268794577914  3.14061021083024e-16 -4.18996744771397e-14
  3.7280735644823e-17 -2.47491162630655e-17  2.37577561945376e-15  1.00190912566126e-11  5.70134018231218e-16  0.000103922145165525  -2.1959451654898e-13  3.14061021083024e-16    0.0382029333914563 -7.01021453410797e-18
 3.43572098741884e-18  1.73782607068358e-15 -3.22119425022855e-16  6.24529121139988e-16  0.000103922135152147 -5.48867138250046e-16 -4.66398139735569e-13 -4.18996744771397e-14 -7.01021453410797e-18    0.0382029333914526
