TOTAL ENERGY: -123.347937915075	 lambda: -5	 population of target: 4.00000000000074
1RDM: 
     1.99999999999997 -7.30213068094593e-10 -5.21807615171895e-08  -1.1171326799157e-11  1.47149251005601e-07  4.26695704815854e-17 -1.40505936719847e-18  1.12682175009227e-16  4.75778340242813e-16  1.10287504326689e-12
-7.30213068094593e-10      1.99997444742366  -0.00166780093682688  -6.0301052746773e-07  3.61568670390751e-05   3.4688256183516e-21  1.93667857702917e-20  2.25043851654749e-19 -2.39770594141829e-20  1.34965439986985e-08
-5.21807615171895e-08  -0.00166780093682688      1.88566287812794 -3.96708060334671e-05    0.0341470775843168  7.80577310465033e-19 -1.57861369267559e-18 -1.45443370016337e-17   9.8583321001656e-18  1.07290354163021e-06
 -1.1171326799157e-11  -6.0301052746773e-07 -3.96708060334671e-05      1.99999998081547 -9.10025616770439e-05  2.19170682438931e-17  9.37854802627374e-17  1.10230969409691e-15 -3.95762633550218e-17 -1.07128142398152e-10
 1.47149251005601e-07  3.61568670390751e-05    0.0341470775843168 -9.10025616770439e-05    0.0381820713536859 -1.78170176188104e-17 -7.28517592405653e-18 -1.65981527309946e-16  2.50253874933652e-17 -9.41694450534747e-06
 4.26695704815854e-17   3.4688256183516e-21  7.80577310465033e-19  2.19170682438931e-17 -1.78170176188104e-17      1.98515512708419 -3.21590707833719e-16   -0.0446046413029429    -0.164055953032446  8.83181935330534e-17
-1.40505936719847e-18  1.93667857702917e-20 -1.57861369267559e-18  9.37854802627374e-17 -7.28517592405653e-18 -3.21590707833719e-16      1.98515512708419    -0.164055953032451    0.0446046413029406   -1.341235145543e-16
 1.12682175009227e-16  2.25043851654749e-19 -1.45443370016337e-17  1.10230969409691e-15 -1.65981527309946e-16   -0.0446046413029429    -0.164055953032451    0.0529351840816851  2.76695782583847e-18 -1.21687548551545e-15
 4.75778340242813e-16 -2.39770594141829e-20   9.8583321001656e-18 -3.95762633550218e-17  2.50253874933652e-17    -0.164055953032446    0.0446046413029406  2.76695782583847e-18    0.0529351840816764  1.37903982343612e-15
 1.10287504326689e-12  1.34965439986985e-08  1.07290354163021e-06 -1.07128142398152e-10 -9.41694450534747e-06  8.83181935330534e-17   -1.341235145543e-16 -1.21687548551545e-15  1.37903982343612e-15      1.99999999994753
TOTAL ENERGY: -123.347937915075	 lambda: -4.95	 population of target: 4.00000000000079
1RDM: 
     1.99999999999997 -7.30217726405487e-10 -5.21814364480501e-08 -1.11708172258836e-11  1.47171275461935e-07   4.2669707992642e-17 -1.38706122659724e-18  1.12881492859769e-16  4.75725782986507e-16  1.10496500791127e-12
-7.30217726405487e-10      1.99997444742411  -0.00166780092282857  -6.0301168781349e-07  3.61568630802942e-05  3.47457089320856e-21  1.93607802594696e-20   2.2503859826818e-19 -2.39668614435067e-20   1.3501782611391e-08
-5.21814364480501e-08  -0.00166780092282857      1.88566287815396 -3.96709662973757e-05    0.0341470774543131  7.81265231006036e-19 -1.57964151274744e-18 -1.45509483272121e-17  9.86786360279665e-18  1.07365777526979e-06
-1.11708172258836e-11  -6.0301168781349e-07 -3.96709662973757e-05      1.99999998081588 -9.09975724129766e-05   2.1756451016683e-17  9.38373565799531e-17   1.1024003960796e-15 -4.15071888151736e-17 -1.08121899754389e-10
 1.47171275461935e-07  3.61568630802942e-05    0.0341470774543131 -9.09975724129766e-05    0.0381820714983471 -1.77980575810927e-17 -7.29230620793884e-18 -1.65983231852984e-16  2.50257825503542e-17  -9.4414590873225e-06
  4.2669707992642e-17  3.47457089320856e-21  7.81265231006036e-19   2.1756451016683e-17 -1.77980575810927e-17       1.9851551272339  -3.1039980558917e-16   -0.0446046411705795    -0.164055952190736  8.85412620451307e-17
-1.38706122659724e-18  1.93607802594696e-20 -1.57964151274744e-18  9.38373565799531e-17 -7.29230620793884e-18  -3.1039980558917e-16       1.9851551272339    -0.164055952190739    0.0446046411705764  -1.3421175637185e-16
 1.12881492859769e-16   2.2503859826818e-19 -1.45509483272121e-17   1.1024003960796e-15 -1.65983231852984e-16   -0.0446046411705795    -0.164055952190739    0.0529351838463344  1.37855748143365e-16 -1.21718042516357e-15
 4.75725782986507e-16 -2.39668614435067e-20  9.86786360279665e-18 -4.15071888151736e-17  2.50257825503542e-17    -0.164055952190736    0.0446046411705764  1.37855748143365e-16    0.0529351838463393   1.3817701834725e-15
 1.10496500791127e-12   1.3501782611391e-08  1.07365777526979e-06 -1.08121899754389e-10  -9.4414590873225e-06  8.85412620451307e-17  -1.3421175637185e-16 -1.21718042516357e-15   1.3817701834725e-15       1.9999999999473
TOTAL ENERGY: -123.347937915075	 lambda: -4.9	 population of target: 4.00000000000081
1RDM: 
     1.99999999999997 -7.30222841692052e-10 -5.21821512753827e-08 -1.11703059014802e-11  1.47193841941031e-07  4.26698313630334e-17 -1.36897507945662e-18  1.13081740370141e-16  4.75672805071665e-16  1.10714773017502e-12
-7.30222841692052e-10      1.99997444742421  -0.00166780091877767 -6.03012895445313e-07  3.61568769677839e-05  3.47615379627093e-21  1.93601462958511e-20  2.25039669038256e-19  -2.3965912977861e-20  1.35071974483758e-08
-5.21821512753827e-08  -0.00166780091877767      1.88566287829394 -3.96711319614485e-05    0.0341470769543539  7.81179673330659e-19 -1.57968521169272e-18 -1.45516141955857e-17  9.86967511887577e-18  1.07444229090039e-06
-1.11703059014802e-11 -6.03012895445313e-07 -3.96711319614485e-05       1.9999999808163 -9.09924370633628e-05  2.15909199299079e-17  9.38908189038931e-17  1.10249385924749e-15 -4.34971827755571e-17 -1.09163312118787e-10
 1.47193841941031e-07  3.61568769677839e-05    0.0341470769543539 -9.09924370633628e-05    0.0381820713314286  -1.7778136935073e-17  -7.2986201488363e-18 -1.65983451637156e-16  2.50241447552708e-17 -9.46710266247375e-06
 4.26698313630334e-17  3.47615379627093e-21  7.81179673330659e-19  2.15909199299079e-17  -1.7778136935073e-17      1.98515512738097 -3.04199210100181e-16   -0.0446046408921512    -0.164055951399698  8.87734055876908e-17
-1.36897507945662e-18  1.93601462958511e-20 -1.57968521169272e-18  9.38908189038931e-17  -7.2986201488363e-18 -3.04199210100181e-16      1.98515512738097    -0.164055951399701    0.0446046408921487  -1.3430358437061e-16
 1.13081740370141e-16  2.25039669038256e-19 -1.45516141955857e-17  1.10249385924749e-15 -1.65983451637156e-16   -0.0446046408921512    -0.164055951399701    0.0529351837125888  3.12874885201775e-16 -1.21749773023668e-15
 4.75672805071665e-16  -2.3965912977861e-20  9.86967511887577e-18 -4.34971827755571e-17  2.50241447552708e-17    -0.164055951399698    0.0446046408921487  3.12874885201775e-16    0.0529351837125775  1.38461160914859e-15
 1.10714773017502e-12  1.35071974483758e-08  1.07444229090039e-06 -1.09163312118787e-10 -9.46710266247375e-06  8.87734055876908e-17  -1.3430358437061e-16 -1.21749773023668e-15  1.38461160914859e-15      1.99999999994704
TOTAL ENERGY: -123.347937915075	 lambda: -4.85	 population of target: 4.00000000000085
1RDM: 
     1.99999999999997  -7.3022770639701e-10 -5.21828603263081e-08 -1.11697684265185e-11  1.47217120355658e-07  4.26699396908948e-17 -1.35080011899711e-18  1.13282924628443e-16  4.75619394618531e-16  1.10940127995897e-12
 -7.3022770639701e-10       1.9999744474241  -0.00166780092569153 -6.03014122548154e-07  3.61568771843289e-05  3.47797601184423e-21  1.93594176395405e-20  2.25039655487354e-19 -2.39638877951542e-20  1.35128163022503e-08
-5.21828603263081e-08  -0.00166780092569153      1.88566287804303 -3.96713015705252e-05    0.0341470765305955  7.81104502441598e-19 -1.57975321037468e-18 -1.45521936537299e-17  9.87162079351504e-18  1.07525400819419e-06
-1.11697684265185e-11 -6.03014122548154e-07 -3.96713015705252e-05      1.99999998081674  -9.0987128518342e-05  2.14202480192409e-17  9.39459412067534e-17  1.10259022101576e-15 -4.55489785763971e-17 -1.10236902495744e-10
 1.47217120355658e-07  3.61568771843289e-05    0.0341470765305955  -9.0987128518342e-05    0.0381820712820091 -1.77573163079281e-17 -7.30299075630829e-18 -1.65983174376915e-16  2.50222506246401e-17 -9.49356273718558e-06
 4.26699396908948e-17  3.47797601184423e-21  7.81104502441598e-19  2.14202480192409e-17 -1.77573163079281e-17      1.98515512756806 -2.96388671213122e-16   -0.0446046406509367    -0.164055950356748  8.90152209429274e-17
-1.35080011899711e-18  1.93594176395405e-20 -1.57975321037468e-18  9.39459412067534e-17 -7.30299075630829e-18 -2.96388671213122e-16      1.98515512756806    -0.164055950356752    0.0446046406509339 -1.34399268563243e-16
 1.13282924628443e-16  2.25039655487354e-19 -1.45521936537299e-17  1.10259022101576e-15 -1.65983174376915e-16   -0.0446046406509367    -0.164055950356752    0.0529351836756289  2.10301494350567e-16 -1.21782859132589e-15
 4.75619394618531e-16 -2.39638877951542e-20  9.87162079351504e-18 -4.55489785763971e-17  2.50222506246401e-17    -0.164055950356748    0.0446046406509339  2.10301494350567e-16    0.0529351836756339  1.38757151087451e-15
 1.10940127995897e-12  1.35128163022503e-08  1.07525400819419e-06 -1.10236902495744e-10 -9.49356273718558e-06  8.90152209429274e-17 -1.34399268563243e-16 -1.21782859132589e-15  1.38757151087451e-15      1.99999999994678
TOTAL ENERGY: -123.347937915075	 lambda: -4.8	 population of target: 4.00000000000088
1RDM: 
     1.99999999999997 -7.30233279392149e-10 -5.21836270774148e-08 -1.11692337939066e-11  1.47240979798553e-07  4.26700317079239e-17 -1.33253538887233e-18  1.13485051970715e-16  4.75565534118439e-16  1.11175858527635e-12
-7.30233279392149e-10       1.9999744474243  -0.00166780091863243 -6.03015371239268e-07  3.61568776629921e-05  3.47867137909104e-21  1.93596828071109e-20  2.25040462164238e-19 -2.39640978607344e-20  1.35186206542896e-08
-5.21836270774148e-08  -0.00166780091863243       1.8856628779791 -3.96714754320278e-05    0.0341470763370845  7.80798098684849e-19 -1.57959475060996e-18 -1.45515221144853e-17  9.87144906246924e-18  1.07609885241088e-06
-1.11692337939066e-11 -6.03015371239268e-07 -3.96714754320278e-05      1.99999998081718 -9.09816640760067e-05  2.12441905869216e-17  9.40028017902679e-17   1.1026896111693e-15 -4.76655151314985e-17 -1.11364323636829e-10
 1.47240979798553e-07  3.61568776629921e-05    0.0341470763370845 -9.09816640760067e-05    0.0381820713154733 -1.77355241999648e-17 -7.30818126773994e-18 -1.65982972583156e-16  2.50201068770764e-17 -9.52128983742063e-06
 4.26700317079239e-17  3.47867137909104e-21  7.80798098684849e-19  2.12441905869216e-17 -1.77355241999648e-17      1.98515512775092  -2.9271996867199e-16   -0.0446046404270497    -0.164055949340097  8.92672885557689e-17
-1.33253538887233e-18  1.93596828071109e-20 -1.57959475060996e-18  9.40028017902679e-17 -7.30818126773994e-18  -2.9271996867199e-16      1.98515512775092    -0.164055949340097    0.0446046404270465 -1.34499000328924e-16
 1.13485051970715e-16  2.25040462164238e-19 -1.45515221144853e-17   1.1026896111693e-15 -1.65982972583156e-16   -0.0446046404270497    -0.164055949340097    0.0529351835078225   1.6361725120493e-16 -1.21817337822554e-15
 4.75565534118439e-16 -2.39640978607344e-20  9.87144906246924e-18 -4.76655151314985e-17  2.50201068770764e-17    -0.164055949340097    0.0446046404270465   1.6361725120493e-16    0.0529351835078097  1.39065687575553e-15
 1.11175858527635e-12  1.35186206542896e-08  1.07609885241088e-06 -1.11364323636829e-10 -9.52128983742063e-06  8.92672885557689e-17 -1.34499000328924e-16 -1.21817337822554e-15  1.39065687575553e-15       1.9999999999465
TOTAL ENERGY: -123.347937915075	 lambda: -4.75	 population of target: 4.00000000000093
1RDM: 
     1.99999999999997 -7.30238361500136e-10 -5.21843712586435e-08 -1.11686685883358e-11  1.47265559867138e-07  4.26701074039433e-17 -1.31418005520223e-18  1.13688131220468e-16  4.75511219792341e-16  1.11420555653856e-12
-7.30238361500136e-10      1.99997444742383  -0.00166780093135806 -6.03016700821608e-07  3.61568746281649e-05  3.48008113397183e-21  1.93593318440923e-20  2.25040457922985e-19  -2.3962669314252e-20  1.35246368365656e-08
-5.21843712586435e-08  -0.00166780093135806      1.88566287834471 -3.96716569808753e-05    0.0341470772687626  7.80589861123352e-19 -1.57954466181037e-18 -1.45514060138051e-17  9.87228891651406e-18  1.07697541872949e-06
-1.11686685883358e-11 -6.03016700821608e-07 -3.96716569808753e-05      1.99999998081765 -9.09760213667998e-05  2.10624901221056e-17  9.40614852665535e-17  1.10279218804568e-15 -4.98498925629045e-17 -1.12535343551183e-10
 1.47265559867138e-07  3.61568746281649e-05    0.0341470772687626 -9.09760213667998e-05    0.0381820713927332 -1.77128030633583e-17 -7.31314700256034e-18 -1.65982722503078e-16  2.50178931984082e-17  -9.5500829357005e-06
 4.26701074039433e-17  3.48008113397183e-21  7.80589861123352e-19  2.10624901221056e-17 -1.77128030633583e-17      1.98515512785571 -3.98530181409167e-16   -0.0446046403039373    -0.164055948766481  8.95302911669674e-17
-1.31418005520223e-18  1.93593318440923e-20 -1.57954466181037e-18  9.40614852665535e-17 -7.31314700256034e-18 -3.98530181409167e-16      1.98515512785571     -0.16405594876649     0.044604640303935 -1.34603074433637e-16
 1.13688131220468e-16  2.25040457922985e-19 -1.45514060138051e-17  1.10279218804568e-15 -1.65982722503078e-16   -0.0446046403039373     -0.16405594876649    0.0529351831817382 -1.54781807161591e-16 -1.21853329432726e-15
 4.75511219792341e-16  -2.3962669314252e-20  9.87228891651406e-18 -4.98498925629045e-17  2.50178931984082e-17    -0.164055948766481     0.044604640303935 -1.54781807161591e-16     0.052935183181734  1.39387613103674e-15
 1.11420555653856e-12  1.35246368365656e-08  1.07697541872949e-06 -1.12535343551183e-10  -9.5500829357005e-06  8.95302911669674e-17 -1.34603074433637e-16 -1.21853329432726e-15  1.39387613103674e-15      1.99999999994622
TOTAL ENERGY: -123.347937915075	 lambda: -4.7	 population of target: 4.00000000000096
1RDM: 
     1.99999999999996 -7.30248459458965e-10 -5.21854669795931e-08 -1.11682155962587e-11   1.4729076753593e-07  4.26701646060482e-17 -1.29573315607633e-18  1.13892167435835e-16  4.75456427973468e-16  1.11676121611956e-12
-7.30248459458965e-10      1.99997444742396  -0.00166780092679545 -6.03018185959208e-07  3.61568744854527e-05  3.48108167140476e-21  1.93591063491811e-20   2.2504053770166e-19 -2.39622452629914e-20  1.35308582103312e-08
-5.21854669795931e-08  -0.00166780092679545         1.88566287814  -3.9671852624546e-05    0.0341470765361157  7.80292661138667e-19 -1.57946703055747e-18 -1.45513107829089e-17  9.87256809008476e-18  1.07788680349069e-06
-1.11682155962587e-11 -6.03018185959208e-07  -3.9671852624546e-05      1.99999998081811 -9.09702072200444e-05  2.08748702082447e-17  9.41220783248646e-17  1.10289808700413e-15 -5.21054268030592e-17 -1.13760544871291e-10
  1.4729076753593e-07  3.61568744854527e-05    0.0341470765361157 -9.09702072200444e-05    0.0381820714562382 -1.76889200289621e-17 -7.31873833919152e-18 -1.65982723177592e-16  2.50157528153332e-17 -9.58016491660732e-06
 4.26701646060482e-17  3.48108167140476e-21  7.80292661138667e-19  2.08748702082447e-17 -1.76889200289621e-17      1.98515512808953  -4.2647826813445e-16   -0.0446046400267987    -0.164055947461652  8.98049435309894e-17
-1.29573315607633e-18  1.93591063491811e-20 -1.57946703055747e-18  9.41220783248646e-17 -7.31873833919152e-18  -4.2647826813445e-16      1.98515512808953    -0.164055947461663    0.0446046400267966  -1.3471174963222e-16
 1.13892167435835e-16   2.2504053770166e-19 -1.45513107829089e-17  1.10289808700413e-15 -1.65982723177592e-16   -0.0446046400267987    -0.164055947461663    0.0529351830183559 -2.57086910175908e-16  -1.2189090594375e-15
 4.75456427973468e-16 -2.39622452629914e-20  9.87256809008476e-18 -5.21054268030592e-17  2.50157528153332e-17    -0.164055947461652    0.0446046400267966 -2.57086910175908e-16    0.0529351830183541  1.39723796324878e-15
 1.11676121611956e-12  1.35308582103312e-08  1.07788680349069e-06 -1.13760544871291e-10 -9.58016491660732e-06  8.98049435309894e-17  -1.3471174963222e-16  -1.2189090594375e-15  1.39723796324878e-15      1.99999999994591
TOTAL ENERGY: -123.347937915075	 lambda: -4.65	 population of target: 4.00000000000102
1RDM: 
     1.99999999999996 -7.30248290300492e-10 -5.21858751121886e-08 -1.11674719317074e-11  1.47316777320621e-07  4.26702023903372e-17 -1.27719358901046e-18  1.14097166827503e-16  4.75401143860393e-16  1.11943419143314e-12
-7.30248290300492e-10      1.99997444742442  -0.00166780091167602 -6.03019209745067e-07  3.61568759076588e-05  3.48231613923463e-21  1.93587114327738e-20    2.250405496203e-19 -2.39613450541253e-20   1.3537289990446e-08
-5.21858751121886e-08  -0.00166780091167602      1.88566287797702 -3.96720201146372e-05    0.0341470760220024  7.80007892737367e-19 -1.57938786048753e-18 -1.45513033405999e-17  9.87310238461635e-18   1.0788368307184e-06
-1.11674719317074e-11 -6.03019209745067e-07 -3.96720201146372e-05      1.99999998081862 -9.09641988720859e-05  2.06810363333182e-17  9.41846784828002e-17  1.10300749716288e-15 -5.44356594403757e-17 -1.15049970114511e-10
 1.47316777320621e-07  3.61568759076588e-05    0.0341470760220024 -9.09641988720859e-05    0.0381820715264736 -1.76637654145435e-17 -7.32593195666923e-18 -1.65983060259451e-16  2.50138119386974e-17 -9.61174873198107e-06
 4.26702023903372e-17  3.48231613923463e-21  7.80007892737367e-19  2.06810363333182e-17 -1.76637654145435e-17      1.98515512833014 -5.34866681664655e-16   -0.0446046388377143    -0.164055946365954  9.00920120806576e-17
-1.27719358901046e-18  1.93587114327738e-20 -1.57938786048753e-18  9.41846784828002e-17 -7.32593195666923e-18 -5.34866681664655e-16      1.98515512833014    -0.164055946365969    0.0446046388377123 -1.34825304599201e-16
 1.14097166827503e-16    2.250405496203e-19 -1.45513033405999e-17  1.10300749716288e-15 -1.65983060259451e-16   -0.0446046388377143    -0.164055946365969    0.0529351828238035 -2.33828810722426e-16 -1.21930145342763e-15
 4.75401143860393e-16 -2.39613450541253e-20  9.87310238461635e-18 -5.44356594403757e-17  2.50138119386974e-17    -0.164055946365954    0.0446046388377123 -2.33828810722426e-16    0.0529351828237939  1.40075166719423e-15
 1.11943419143314e-12   1.3537289990446e-08   1.0788368307184e-06 -1.15049970114511e-10 -9.61174873198107e-06  9.00920120806576e-17 -1.34825304599201e-16 -1.21930145342763e-15  1.40075166719423e-15       1.9999999999456
TOTAL ENERGY: -123.347937915076	 lambda: -4.6	 population of target: 4.00000000000106
1RDM: 
     1.99999999999996 -7.30255919819976e-10 -5.21868388212209e-08 -1.11669043874791e-11  1.47343887786745e-07  4.26702208592082e-17 -1.25856098076551e-18  1.14303140307373e-16  4.75345363006783e-16     1.12222778877e-12
-7.30255919819976e-10      1.99997444742394   -0.0016678009281463 -6.03020794697857e-07  3.61568792924727e-05  3.48373996159973e-21  1.93585188861694e-20  2.25041457870742e-19 -2.39606424348308e-20  1.35440192171022e-08
-5.21868388212209e-08   -0.0016678009281463      1.88566287823439  -3.9672228577947e-05    0.0341470768317154  7.79744590466539e-19 -1.57932044734847e-18  -1.4551507488774e-17  9.87397723359633e-18  1.07982914734238e-06
-1.11669043874791e-11 -6.03020794697857e-07  -3.9672228577947e-05      1.99999998081913 -9.09579761083105e-05  2.04806808892542e-17  9.42493868932233e-17  1.10312060427216e-15 -5.68443097648292e-17 -1.16394004057507e-10
 1.47343887786745e-07  3.61568792924727e-05    0.0341470768317154 -9.09579761083105e-05     0.038182071295918 -1.76376947858587e-17 -7.33339574954186e-18 -1.65982811508296e-16   2.5011538550941e-17 -9.64468973949192e-06
 4.26702208592082e-17  3.48373996159973e-21  7.79744590466539e-19  2.04806808892542e-17 -1.76376947858587e-17      1.98515512840722 -3.39609695185364e-16   -0.0446046394541934    -0.164055945745006  9.03923869254911e-17
-1.25856098076551e-18  1.93585188861694e-20 -1.57932044734847e-18  9.42493868932233e-17 -7.33339574954186e-18 -3.39609695185364e-16      1.98515512840722    -0.164055945745016    0.0446046394541921 -1.34944137590394e-16
 1.14303140307373e-16  2.25041457870742e-19  -1.4551507488774e-17  1.10312060427216e-15 -1.65982811508296e-16   -0.0446046394541934    -0.164055945745016     0.052935182733457 -2.01787259297567e-16 -1.21971217503176e-15
 4.75345363006783e-16 -2.39606424348308e-20  9.87397723359633e-18 -5.68443097648292e-17   2.5011538550941e-17    -0.164055945745006    0.0446046394541921 -2.01787259297567e-16    0.0529351827334593  1.40442828666281e-15
    1.12222778877e-12  1.35440192171022e-08  1.07982914734238e-06 -1.16394004057507e-10 -9.64468973949192e-06  9.03923869254911e-17 -1.34944137590394e-16 -1.21971217503176e-15  1.40442828666281e-15      1.99999999994527
TOTAL ENERGY: -123.347937915076	 lambda: -4.55	 population of target: 4.00000000000112
1RDM: 
     1.99999999999996 -7.30260186437536e-10  -5.2187578520274e-08 -1.11662329806052e-11  1.47371650005044e-07   4.2670218061632e-17  -1.2398337013286e-18  1.14510094307656e-16  4.75289065248542e-16  1.12514957250767e-12
-7.30260186437536e-10      1.99997444742347  -0.00166780094123732 -6.03022263083383e-07  3.61568620866479e-05  3.48571008490331e-21  1.93585796629823e-20  2.25043041923699e-19 -2.39589635966507e-20  1.35509751425225e-08
 -5.2187578520274e-08  -0.00166780094123732      1.88566287842906 -3.96724322308228e-05    0.0341470779108531  7.79532910223836e-19 -1.57918521060554e-18 -1.45509215763569e-17  9.87513640424426e-18  1.08086277607542e-06
-1.11662329806052e-11 -6.03022263083383e-07 -3.96724322308228e-05      1.99999998081966 -9.09515510073839e-05  2.02734638790944e-17  9.43163067828671e-17  1.10323753861172e-15 -5.93354301980828e-17   -1.178060993129e-10
 1.47371650005044e-07  3.61568620866479e-05    0.0341470779108531 -9.09515510073839e-05    0.0381820709421065 -1.76103197951573e-17 -7.34043177982567e-18 -1.65982844135317e-16  2.50092203286537e-17 -9.67922899137983e-06
  4.2670218061632e-17  3.48571008490331e-21  7.79532910223836e-19  2.02734638790944e-17 -1.76103197951573e-17       1.9851551286104 -2.98247822165788e-16    -0.044604639083148    -0.164055944645795   9.0707035880005e-17
 -1.2398337013286e-18  1.93585796629823e-20 -1.57918521060554e-18  9.43163067828671e-17 -7.34043177982567e-18 -2.98247822165788e-16       1.9851551286104    -0.164055944645804    0.0446046390831471 -1.35068631750648e-16
 1.14510094307656e-16  2.25043041923699e-19 -1.45509215763569e-17  1.10323753861172e-15 -1.65982844135317e-16    -0.044604639083148    -0.164055944645804    0.0529351826100049 -1.56162715497387e-16 -1.22014258264493e-15
 4.75289065248542e-16 -2.39589635966507e-20  9.87513640424426e-18 -5.93354301980828e-17  2.50092203286537e-17    -0.164055944645795    0.0446046390831471 -1.56162715497387e-16    0.0529351826099956  1.40827966475674e-15
 1.12514957250767e-12  1.35509751425225e-08  1.08086277607542e-06   -1.178060993129e-10 -9.67922899137983e-06   9.0707035880005e-17 -1.35068631750648e-16 -1.22014258264493e-15  1.40827966475674e-15      1.99999999994492
TOTAL ENERGY: -123.347937915076	 lambda: -4.5	 population of target: 4.00000000000118
1RDM: 
     1.99999999999997  -7.3026678814239e-10 -5.21884910562339e-08 -1.11656027731007e-11  1.47400104005797e-07  4.26701914998564e-17  -1.2210106638599e-18  1.14718035125616e-16  4.75232218455817e-16  1.12821325954054e-12
 -7.3026678814239e-10      1.99997444742396  -0.00166780092871424 -6.03023690692034e-07  3.61568669922422e-05  3.48729623673999e-21  1.93438658461137e-20  2.25015602875263e-19 -2.39511508237162e-20  1.35582064794094e-08
-5.21884910562339e-08  -0.00166780092871424      1.88566287803982 -3.96726375300078e-05    0.0341470773336159  7.79262400553258e-19 -1.58155349096819e-18 -1.45700662096979e-17  9.88158296378325e-18  1.08194297433998e-06
-1.11656027731007e-11 -6.03023690692034e-07 -3.96726375300078e-05      1.99999998082021 -9.09449166302964e-05  2.00590259931702e-17  9.43855651903806e-17  1.10335862960028e-15 -6.19133800823089e-17 -1.19290429921064e-10
 1.47400104005797e-07  3.61568669922422e-05    0.0341470773336159 -9.09449166302964e-05     0.038182071277537 -1.75807104984598e-17 -7.35472882350698e-18 -1.65986465571697e-16  2.50080800747064e-17 -9.71548407280492e-06
 4.26701914998564e-17  3.48729623673999e-21  7.79262400553258e-19  2.00590259931702e-17 -1.75807104984598e-17      1.98515512888979 -7.70680739623804e-16   -0.0446046384839219    -0.164055943162238  9.10366641549402e-17
 -1.2210106638599e-18  1.93438658461137e-20 -1.58155349096819e-18  9.43855651903806e-17 -7.35472882350698e-18 -7.70680739623804e-16      1.98515512888979    -0.164055943162251    0.0446046384839164 -1.35198588453155e-16
 1.14718035125616e-16  2.25015602875263e-19 -1.45700662096979e-17  1.10335862960028e-15 -1.65986465571697e-16   -0.0446046384839219    -0.164055943162251    0.0529351823571818   7.2843622067981e-17 -1.22058835406381e-15
 4.75232218455817e-16 -2.39511508237162e-20  9.88158296378325e-18 -6.19133800823089e-17  2.50080800747064e-17    -0.164055943162238    0.0446046384839164   7.2843622067981e-17    0.0529351823571808  1.41231300086263e-15
 1.12821325954054e-12  1.35582064794094e-08  1.08194297433998e-06 -1.19290429921064e-10 -9.71548407280492e-06  9.10366641549402e-17 -1.35198588453155e-16 -1.22058835406381e-15  1.41231300086263e-15      1.99999999994456
TOTAL ENERGY: -123.347937915077	 lambda: -4.45	 population of target: 4.00000000000125
1RDM: 
     1.99999999999997 -7.30272408186704e-10 -5.21893529367183e-08 -1.11649174810194e-11  1.47429679259352e-07  4.26701422874168e-17 -1.20209168375513e-18  1.14926968678761e-16  4.75174830689011e-16  1.13142051593969e-12
-7.30272408186704e-10       1.9999744474235  -0.00166780093965031 -6.03025265178493e-07  3.61568632696508e-05  3.48926889734378e-21   1.9357396446735e-20  2.25042747889239e-19 -2.39561062934003e-20  1.35657187811619e-08
-5.21893529367183e-08  -0.00166780093965031      1.88566287855137 -3.96728557641552e-05      0.03414707789621  7.78959393193506e-19  -1.5790744351705e-18 -1.45510746740658e-17  9.87702259859832e-18  1.08307031128434e-06
-1.11649174810194e-11 -6.03025265178493e-07 -3.96728557641552e-05      1.99999998082078 -9.09380400064515e-05  1.98369959749552e-17  9.44572598125622e-17  1.10348381367317e-15  -6.4582551863164e-17 -1.20847308496967e-10
 1.47429679259352e-07  3.61568632696508e-05      0.03414707789621 -9.09380400064515e-05    0.0381820709175909 -1.75515494524106e-17 -7.35527545158971e-18 -1.65982823627255e-16   2.5004057449805e-17   -9.753470154835e-06
 4.26701422874168e-17  3.48926889734378e-21  7.78959393193506e-19  1.98369959749552e-17 -1.75515494524106e-17      1.98515512903645  -7.2832644182575e-16   -0.0446046384308685    -0.164055942316403  9.13833748416073e-17
-1.20209168375513e-18   1.9357396446735e-20  -1.5790744351705e-18  9.44572598125622e-17 -7.35527545158971e-18  -7.2832644182575e-16      1.98515512903645    -0.164055942316418    0.0446046384308642 -1.35336241969088e-16
 1.14926968678761e-16  2.25042747889239e-19 -1.45510746740658e-17  1.10348381367317e-15 -1.65982823627255e-16   -0.0446046384308685    -0.164055942316418    0.0529351821348596 -1.02066330080568e-16 -1.22106785003355e-15
 4.75174830689011e-16 -2.39561062934003e-20  9.87702259859832e-18  -6.4582551863164e-17   2.5004057449805e-17    -0.164055942316403    0.0446046384308642 -1.02066330080568e-16    0.0529351821348506  1.41655824416848e-15
 1.13142051593969e-12  1.35657187811619e-08  1.08307031128434e-06 -1.20847308496967e-10   -9.753470154835e-06  9.13833748416073e-17 -1.35336241969088e-16 -1.22106785003355e-15  1.41655824416848e-15      1.99999999994417
TOTAL ENERGY: -123.347937915077	 lambda: -4.4	 population of target: 4.00000000000131
1RDM: 
     1.99999999999997 -7.30279523260849e-10 -5.21903303996069e-08 -1.11642527805695e-11  1.47460008537228e-07  4.26700665935928e-17  -1.1830746796588e-18  1.15136906100019e-16  4.75116857597735e-16   1.1348180873136e-12
-7.30279523260849e-10      1.99997444742424  -0.00166780091788852 -6.03026846706802e-07  3.61568938477271e-05  3.49114699819602e-21  1.93562022133545e-20   2.2504105947451e-19 -2.39543818616968e-20  1.35735617118593e-08
-5.21903303996069e-08  -0.00166780091788852      1.88566287819812 -3.96730797045492e-05    0.0341470754914255  7.78639555876046e-19 -1.57908340747682e-18 -1.45517305141193e-17   9.8780520245933e-18  1.08425812150457e-06
-1.11642527805695e-11 -6.03026846706802e-07 -3.96730797045492e-05      1.99999998082136 -9.09309291801767e-05  1.96069525789351e-17  9.45315477810673e-17  1.10361359097804e-15 -6.73480774066841e-17 -1.22504094188897e-10
 1.47460008537228e-07  3.61568938477271e-05    0.0341470754914255 -9.09309291801767e-05    0.0381820713646448 -1.75200471145197e-17 -7.36384168782177e-18 -1.65982837476231e-16  2.50012087149806e-17 -9.79379735559746e-06
 4.26700665935928e-17  3.49114699819602e-21  7.78639555876046e-19  1.96069525789351e-17 -1.75200471145197e-17      1.98515512929446 -2.29704273715977e-16   -0.0446046381095377    -0.164055940886487  9.17474478354562e-17
 -1.1830746796588e-18  1.93562022133545e-20 -1.57908340747682e-18  9.45315477810673e-17 -7.36384168782177e-18 -2.29704273715977e-16      1.98515512929446    -0.164055940886493    0.0446046381095365 -1.35480283291736e-16
 1.15136906100019e-16   2.2504105947451e-19 -1.45517305141193e-17  1.10361359097804e-15 -1.65982837476231e-16   -0.0446046381095377    -0.164055940886493     0.052935181829484 -1.03905862486338e-16 -1.22156577631545e-15
 4.75116857597735e-16 -2.39543818616968e-20   9.8780520245933e-18 -6.73480774066841e-17  2.50012087149806e-17    -0.164055940886487    0.0446046381095365 -1.03905862486338e-16    0.0529351818294813  1.42101456270104e-15
  1.1348180873136e-12  1.35735617118593e-08  1.08425812150457e-06 -1.22504094188897e-10 -9.79379735559746e-06  9.17474478354562e-17 -1.35480283291736e-16 -1.22156577631545e-15  1.42101456270104e-15      1.99999999994376
TOTAL ENERGY: -123.347937915078	 lambda: -4.35	 population of target: 4.0000000000014
1RDM: 
     1.99999999999997 -7.30285538717746e-10 -5.21912495642818e-08 -1.11635311814049e-11  1.47491399189492e-07  4.26699639426046e-17 -1.16395883469493e-18  1.15347853816355e-16  4.75058290579361e-16  1.13836430460417e-12
-7.30285538717746e-10      1.99997444742438   -0.0016678009143712 -6.03028466156492e-07   3.6156876018129e-05  3.49328901593242e-21  1.93555268816876e-20  2.25040856379031e-19 -2.39526369060713e-20  1.35817035867247e-08
-5.21912495642818e-08   -0.0016678009143712      1.88566287805356 -3.96733094453624e-05    0.0341470767690519  7.78325656173753e-19  -1.5790163386616e-18 -1.45517259860298e-17  9.87914670102894e-18  1.08549530437866e-06
-1.11635311814049e-11 -6.03028466156492e-07 -3.96733094453624e-05      1.99999998082198 -9.09235617643071e-05  1.93684580070077e-17  9.46085604803853e-17  1.10374808805879e-15 -7.02151852758454e-17 -1.24235787264314e-10
 1.47491399189492e-07   3.6156876018129e-05    0.0341470767690519 -9.09235617643071e-05    0.0381820715187511 -1.74866720991033e-17 -7.37207214453309e-18  -1.6598293539481e-16  2.49983462410837e-17 -9.83591721755499e-06
 4.26699639426046e-17  3.49328901593242e-21  7.78325656173753e-19  1.93684580070077e-17 -1.74866720991033e-17      1.98515512959517 -2.95564920955533e-16   -0.0446046373090411    -0.164055939333587  9.21306465180394e-17
-1.16395883469493e-18  1.93555268816876e-20  -1.5790163386616e-18  9.46085604803853e-17 -7.37207214453309e-18 -2.95564920955533e-16      1.98515512959517    -0.164055939333588    0.0446046373090382 -1.35631914342238e-16
 1.15347853816355e-16  2.25040856379031e-19 -1.45517259860298e-17  1.10374808805879e-15  -1.6598293539481e-16   -0.0446046373090411    -0.164055939333588    0.0529351815238646  1.32288917330756e-16 -1.22209011753364e-15
 4.75058290579361e-16 -2.39526369060713e-20  9.87914670102894e-18 -7.02151852758454e-17  2.49983462410837e-17    -0.164055939333587    0.0446046373090382  1.32288917330756e-16    0.0529351815238526  1.42570505009735e-15
 1.13836430460417e-12  1.35817035867247e-08  1.08549530437866e-06 -1.24235787264314e-10 -9.83591721755499e-06  9.21306465180394e-17 -1.35631914342238e-16 -1.22209011753364e-15  1.42570505009735e-15      1.99999999994334
TOTAL ENERGY: -123.347937915078	 lambda: -4.3	 population of target: 4.00000000000147
1RDM: 
     1.99999999999997 -7.30292135245431e-10 -5.21922270362317e-08 -1.11627919397705e-11  1.47523967084511e-07  4.26698329428773e-17 -1.14474311779893e-18  1.15559821379934e-16  4.74999108511574e-16   1.1420803201768e-12
-7.30292135245431e-10       1.9999744474243  -0.00166780091416361 -6.03030147966461e-07  3.61568823352927e-05  3.49676925917657e-21  1.93481352397079e-20  2.25025288610047e-19 -2.39436691887842e-20  1.35902327225678e-08
-5.21922270362317e-08  -0.00166780091416361      1.88566287833211 -3.96735479446557e-05    0.0341470766086782  7.78173003456011e-19 -1.57994067976101e-18 -1.45584159164804e-17  9.88343033763757e-18  1.08679160250124e-06
-1.11627919397705e-11 -6.03030147966461e-07 -3.96735479446557e-05      1.99999998082261 -9.09159121808256e-05  1.91210416490001e-17  9.46884534291578e-17  1.10388760646476e-15 -7.31895505850143e-17 -1.26050522282454e-10
 1.47523967084511e-07  3.61568823352927e-05    0.0341470766086782 -9.09159121808256e-05    0.0381820711851511 -1.74515647371238e-17 -7.38068370229326e-18 -1.65983210938504e-16  2.49954135271801e-17 -9.88005500792278e-06
 4.26698329428773e-17  3.49676925917657e-21  7.78173003456011e-19  1.91210416490001e-17 -1.74515647371238e-17      1.98515512981678 -2.16914135326916e-16   -0.0446046371827646    -0.164055938061581  9.25344895224067e-17
-1.14474311779893e-18  1.93481352397079e-20 -1.57994067976101e-18  9.46884534291578e-17 -7.38068370229326e-18 -2.16914135326916e-16      1.98515512981678    -0.164055938061584     0.044604637182763 -1.35791728684456e-16
 1.15559821379934e-16  2.25025288610047e-19 -1.45584159164804e-17  1.10388760646476e-15 -1.65983210938504e-16   -0.0446046371827646    -0.164055938061584    0.0529351813297107 -7.06923950017246e-18 -1.22264285682464e-15
 4.74999108511574e-16 -2.39436691887842e-20  9.88343033763757e-18 -7.31895505850143e-17  2.49954135271801e-17    -0.164055938061581     0.044604637182763 -7.06923950017246e-18    0.0529351813296993  1.43064827420172e-15
  1.1420803201768e-12  1.35902327225678e-08  1.08679160250124e-06 -1.26050522282454e-10 -9.88005500792278e-06  9.25344895224067e-17 -1.35791728684456e-16 -1.22264285682464e-15  1.43064827420172e-15      1.99999999994289
TOTAL ENERGY: -123.347937915078	 lambda: -4.25	 population of target: 4.00000000000156
1RDM: 
     1.99999999999997 -7.30298960188775e-10 -5.21932433581893e-08 -1.11620167037353e-11  1.47557980152341e-07  4.26696710848595e-17 -1.12542615722486e-18  1.15772816829295e-16  4.74939283079646e-16  1.14596285350726e-12
-7.30298960188775e-10       1.9999744474241  -0.00166780092228284 -6.03031903061186e-07   3.6156883258552e-05  3.49801546418151e-21   1.9354215223893e-20  2.25041310037588e-19 -2.39492579534722e-20  1.35990812895139e-08
-5.21932433581893e-08  -0.00166780092228284      1.88566287797624 -3.96737965610686e-05    0.0341470767548844  7.77651788239133e-19 -1.57886294977439e-18 -1.45517445284242e-17  9.88149187212892e-18  1.08814177613656e-06
-1.11620167037353e-11 -6.03031903061186e-07 -3.96737965610686e-05      1.99999998082327 -9.09079455134759e-05  1.88641940930427e-17  9.47713874430718e-17   1.1040323970001e-15 -7.62772840684999e-17 -1.27948166531096e-10
 1.47557980152341e-07   3.6156883258552e-05    0.0341470767548844 -9.09079455134759e-05    0.0381820718149109 -1.74145122639352e-17 -7.39023361966832e-18 -1.65982946789713e-16  2.49920787026109e-17 -9.92617628259189e-06
 4.26696710848595e-17  3.49801546418151e-21  7.77651788239133e-19  1.88641940930427e-17 -1.74145122639352e-17      1.98515513017124 -3.20034455222485e-16   -0.0446046372748251    -0.164055935955396  9.29606742644424e-17
-1.12542615722486e-18   1.9354215223893e-20 -1.57886294977439e-18  9.47713874430718e-17 -7.39023361966832e-18 -3.20034455222485e-16      1.98515513017124    -0.164055935955404    0.0446046372748235 -1.35960371394625e-16
 1.15772816829295e-16  2.25041310037588e-19 -1.45517445284242e-17   1.1040323970001e-15 -1.65982946789713e-16   -0.0446046372748251    -0.164055935955404    0.0529351808383215 -8.13683481308055e-17 -1.22322603282497e-15
 4.74939283079646e-16 -2.39492579534722e-20  9.88149187212892e-18 -7.62772840684999e-17  2.49920787026109e-17    -0.164055935955396    0.0446046372748235 -8.13683481308055e-17    0.0529351808383178  1.43586494127345e-15
 1.14596285350726e-12  1.35990812895139e-08  1.08814177613656e-06 -1.27948166531096e-10 -9.92617628259189e-06  9.29606742644424e-17 -1.35960371394625e-16 -1.22322603282497e-15  1.43586494127345e-15      1.99999999994241
TOTAL ENERGY: -123.347937915079	 lambda: -4.2	 population of target: 4.00000000000165
1RDM: 
     1.99999999999997 -7.30306566573352e-10  -5.2194323394391e-08 -1.11612517169398e-11   1.4759263452962e-07   4.2669477147247e-17 -1.10600647986279e-18  1.15986847765425e-16  4.74878792826483e-16  1.15012235891539e-12
-7.30306566573352e-10      1.99997444742376  -0.00166780093167054 -6.03033705806612e-07  3.61568712546163e-05  3.50058254889875e-21  1.93531829851242e-20  2.25040576827077e-19 -2.39473028973248e-20  1.36083474452099e-08
 -5.2194323394391e-08  -0.00166780093167054      1.88566287815801 -3.96740523263448e-05    0.0341470770076748  7.77280359976923e-19 -1.57881738755772e-18 -1.45519938088808e-17  9.88274698770457e-18  1.08957660132854e-06
-1.11612517169398e-11 -6.03033705806612e-07 -3.96740523263448e-05      1.99999998082395 -9.08997213043228e-05  1.85973666729458e-17  9.48575408519711e-17  1.10418277580169e-15 -7.94849771509775e-17 -1.29996121981814e-10
  1.4759263452962e-07  3.61568712546163e-05    0.0341470770076748 -9.08997213043228e-05    0.0381820711987365 -1.73753657413991e-17 -7.39997264413702e-18 -1.65982990299177e-16  2.49886470934295e-17 -9.97576823668169e-06
  4.2669477147247e-17  3.50058254889875e-21  7.77280359976923e-19  1.85973666729458e-17 -1.73753657413991e-17      1.98515513038406 -1.17715355254358e-15   -0.0446046366338202    -0.164055934866564  9.34111344848014e-17
-1.10600647986279e-18  1.93531829851242e-20 -1.57881738755772e-18  9.48575408519711e-17 -7.39997264413702e-18 -1.17715355254358e-15      1.98515513038406    -0.164055934866573    0.0446046366338088 -1.36138630951906e-16
 1.15986847765425e-16  2.25040576827077e-19 -1.45519938088808e-17  1.10418277580169e-15 -1.65982990299177e-16   -0.0446046366338202    -0.164055934866573    0.0529351808427904  6.71642838797988e-16 -1.22384254942411e-15
 4.74878792826483e-16 -2.39473028973248e-20  9.88274698770457e-18 -7.94849771509775e-17  2.49886470934295e-17    -0.164055934866564    0.0446046366338088  6.71642838797988e-16    0.0529351808427844  1.44137876746964e-15
 1.15012235891539e-12  1.36083474452099e-08  1.08957660132854e-06 -1.29996121981814e-10 -9.97576823668169e-06  9.34111344848014e-17 -1.36138630951906e-16 -1.22384254942411e-15  1.44137876746964e-15       1.9999999999419
TOTAL ENERGY: -123.347937915079	 lambda: -4.15	 population of target: 4.00000000000176
1RDM: 
     1.99999999999997 -7.30312265581416e-10 -5.21952935379513e-08 -1.11604093035959e-11  1.47628487398397e-07  4.26692472377462e-17 -1.08648276636086e-18  1.16201921444289e-16  4.74817593502379e-16   1.1545699087818e-12
-7.30312265581416e-10      1.99997444742478  -0.00166780089956952 -6.03035557340578e-07  3.61568506623539e-05  3.50348024984628e-21   1.9351818922327e-20  2.25038733094938e-19 -2.39444522429954e-20  1.36180367176142e-08
-5.21952935379513e-08  -0.00166780089956952      1.88566287833333 -3.96743174692516e-05    0.0341470771771143  7.76907570753035e-19 -1.57879497684533e-18 -1.45525131231413e-17  9.88430764992247e-18  1.09109836645085e-06
-1.11604093035959e-11 -6.03035557340578e-07 -3.96743174692516e-05      1.99999998082466 -9.08911845707888e-05  1.83199707018272e-17  9.49470980905985e-17  1.10433901920036e-15 -8.28196982590276e-17 -1.32199796521365e-10
