TOTAL ENERGY: -124.337340436526	 lambda: -5	 population of target: 3.65893344005457
1RDM: 
     1.99984326749771  0.000130660793095675  -0.00871577303337255  -0.00374004075900549  -0.00451542970239718  -1.9326595227462e-16 -2.18718341757253e-16 -1.87243767696934e-16 -8.67519369961393e-17   -0.0142444312385215
 0.000130660793095675      1.99987357517168   0.00749243967254757   0.00375054020863105   0.00306806362541126  1.09219373805924e-16  2.36312789140521e-16   7.7341052352534e-18  1.00654892205186e-17     0.011798406308228
 -0.00871577303337255   0.00749243967254757      1.51131797929553    -0.218977448165595    -0.239092459655084 -8.42679233895349e-15 -1.78271129528967e-14 -1.19164459649712e-15 -1.31169351178439e-15     -0.79096228271587
 -0.00374004075900549   0.00375054020863105    -0.218977448165595       1.8792168227717   -0.0725925528568431 -2.30977459206641e-15 -7.07752292392311e-15   1.7535022032454e-15  6.92765315607339e-16    -0.335720563051163
 -0.00451542970239718   0.00306806362541126    -0.239092459655084   -0.0725925528568431      1.83033553127902  1.76817088700847e-14  3.92514718699107e-14 -4.00481881809874e-14 -7.27067782556651e-14    -0.415492631249773
 -1.9326595227462e-16  1.09219373805924e-16 -8.42679233895349e-15 -2.30977459206641e-15  1.76817088700847e-14      1.35867365175359  5.61934802424841e-16    -0.552268630622744     0.736379063895394 -1.54371975380794e-14
-2.18718341757253e-16  2.36312789140521e-16 -1.78271129528967e-14 -7.07752292392311e-15  3.92514718699107e-14  5.61934802424841e-16      1.35867365175359     0.736379063895395     0.552268630622744 -3.40141544507426e-14
-1.87243767696934e-16   7.7341052352534e-18 -1.19164459649712e-15   1.7535022032454e-15 -4.00481881809874e-14    -0.552268630622744     0.736379063895395     0.678879444708532  1.72499172902616e-15  7.38883941999197e-16
-8.67519369961393e-17  1.00654892205186e-17 -1.31169351178439e-15  6.92765315607339e-16 -7.27067782556651e-14     0.736379063895394     0.552268630622744  1.72499172902616e-15     0.678879444708528  1.29138475448613e-15
  -0.0142444312385215     0.011798406308228     -0.79096228271587    -0.335720563051163    -0.415492631249773 -1.54371975380794e-14 -3.40141544507426e-14  7.38883941999197e-16  1.29138475448613e-15     0.704306631060162
TOTAL ENERGY: -124.343224528606	 lambda: -4.95	 population of target: 3.66011620351293
1RDM: 
     1.99984527360664  0.000129096753423718  -0.00864076903355855  -0.00370097809313888  -0.00448661909639873 -1.92184520945942e-16 -2.17377088378853e-16 -1.86347194382192e-16 -8.60781710732642e-17   -0.0141683293652244
 0.000129096753423718      1.99987477185554   0.00743616557306559   0.00372132314284997    0.0030464490610229  1.08472250167938e-16  2.34655898476127e-16  7.70680797920657e-18  9.98242205559825e-18     0.011744895962378
 -0.00864076903355855   0.00743616557306559      1.51344159467869    -0.217690793068165    -0.238544283484448 -8.40425121535429e-15 -1.77810479056156e-14 -1.19396190031517e-15 -1.31838616297226e-15    -0.790084562656936
 -0.00370097809313888   0.00372132314284997    -0.217690793068165       1.8798869744115   -0.0721026243022925 -2.28747965745685e-15 -7.02517874233247e-15  1.74400796382776e-15  6.76785402437707e-16    -0.334704804813295
 -0.00448661909639873    0.0030464490610229    -0.238544283484448   -0.0721026243022925      1.83024905549199  1.76340661874863e-14  3.91461146560332e-14 -4.00214310288572e-14 -7.26573995584735e-14    -0.415974257941603
-1.92184520945942e-16  1.08472250167938e-16 -8.40425121535429e-15 -2.28747965745685e-15  1.76340661874863e-14      1.35972347449802  1.21829091746665e-15    -0.552023237837804     0.736051864232766 -1.54537091378313e-14
-2.17377088378853e-16  2.34655898476127e-16 -1.77810479056156e-14 -7.02517874233247e-15  3.91461146560332e-14  1.21829091746665e-15      1.35972347449802     0.736051864232766     0.552023237837803 -3.40514860251782e-14
-1.86347194382192e-16  7.70680797920657e-18 -1.19396190031517e-15  1.74400796382776e-15 -4.00214310288572e-14    -0.552023237837804     0.736051864232766     0.677888120643246  7.59902259093021e-17  7.38694076979028e-16
-8.60781710732642e-17  9.98242205559825e-18 -1.31838616297226e-15  6.76785402437707e-16 -7.26573995584735e-14     0.736051864232766     0.552023237837803  7.59902259093021e-17     0.677888120643243  1.29120858852389e-15
  -0.0141683293652244     0.011744895962378    -0.790084562656936    -0.334704804813295    -0.415974257941603 -1.54537091378313e-14 -3.40514860251782e-14  7.38694076979028e-16  1.29120858852389e-15     0.701479139673122
TOTAL ENERGY: -124.349238124418	 lambda: -4.9	 population of target: 3.66133727131687
1RDM: 
     1.99984727654852  0.000127537833545579   -0.0085653663721999  -0.00366179331091599  -0.00445744643126652 -1.91103349852178e-16 -2.16042640180073e-16 -1.85421352710441e-16  -8.5353198180851e-17   -0.0140918593463961
 0.000127537833545579      1.99987596191629   0.00737975078837678   0.00369207627907899   0.00302465306025025  1.07668260946445e-16  2.32875618404694e-16  7.75719987445857e-18  1.00431136560799e-17    0.0116914647345077
  -0.0085653663721999   0.00737975078837678      1.51560204267669     -0.21638762238424    -0.237973533243886 -8.38605762703653e-15 -1.77444304226317e-14 -1.18762767768051e-15 -1.30909017244713e-15     -0.78918495061042
 -0.00366179331091599   0.00369207627907899     -0.21638762238424      1.88056404626082    -0.071602172001914 -2.27896957159614e-15 -7.00259786761875e-15  1.75770168024233e-15  7.03814841518075e-16    -0.333674550708629
 -0.00445744643126652   0.00302465306025025    -0.237973533243886    -0.071602172001914      1.83017569437221  1.76021738310805e-14  3.90748587371027e-14 -4.00206953444408e-14 -7.26562381250046e-14    -0.416444353208334
-1.91103349852178e-16  1.07668260946445e-16 -8.38605762703653e-15 -2.27896957159614e-15  1.76021738310805e-14      1.36079961483291  -2.8878550553273e-15     -0.55177132020216     0.735715964570053   -1.546844398258e-14
-2.16042640180073e-16  2.32875618404694e-16 -1.77444304226317e-14 -7.00259786761875e-15  3.90748587371027e-14  -2.8878550553273e-15      1.36079961483291      0.73571596457005     0.551771320202161  -3.4084958179852e-14
-1.85421352710441e-16  7.75719987445857e-18 -1.18762767768051e-15  1.75770168024233e-15 -4.00206953444408e-14     -0.55177132020216      0.73571596457005     0.676869786733863 -6.52077419486781e-16  7.36589683157107e-16
 -8.5353198180851e-17  1.00431136560799e-17 -1.30909017244713e-15  7.03814841518075e-16 -7.26562381250046e-14     0.735715964570053     0.551771320202161 -6.52077419486781e-16      0.67686978673387   1.2874980346293e-15
  -0.0140918593463961    0.0116914647345077     -0.78918495061042    -0.333674550708629    -0.416444353208334   -1.546844398258e-14  -3.4084958179852e-14  7.36589683157107e-16   1.2874980346293e-15     0.698596175091969
TOTAL ENERGY: -124.3553858139	 lambda: -4.85	 population of target: 3.66259837080476
1RDM: 
      1.9998492762028  0.000125984076450319  -0.00848956113164771  -0.00362248656934326  -0.00442790326617988 -1.89993704680855e-16 -2.14652834588882e-16 -1.84519637662959e-16 -8.46758768749886e-17   -0.0140150189377702
 0.000125984076450319      1.99987714535279   0.00732319140874808   0.00366279860159284   0.00300266964123727  1.06910261786736e-16  2.31194888796606e-16  7.72658620698571e-18  9.95368631874123e-18    0.0116381156407493
 -0.00848956113164771   0.00732319140874808      1.51780027707738    -0.215067609507132    -0.237379333182992 -8.36158672263824e-15 -1.76942273233264e-14 -1.19037345715576e-15 -1.31664486372505e-15    -0.788262675489391
 -0.00362248656934326   0.00366279860159284    -0.215067609507132       1.8812481460727   -0.0710908907228335 -2.25527016916697e-15 -6.94696258875672e-15  1.74699509734604e-15   6.8572325485581e-16    -0.332629457927938
 -0.00442790326617988   0.00300266964123727    -0.237379333182992   -0.0710908907228335      1.83011617115683  1.75527560532372e-14  3.89655638345988e-14 -3.99917077914414e-14 -7.26027813312753e-14    -0.416902015494418
-1.89993704680855e-16  1.06910261786736e-16 -8.36158672263824e-15 -2.25527016916697e-15  1.75527560532372e-14      1.36190308457167 -1.31637609581935e-15    -0.551512595074736     0.735370987940533 -1.54840816681457e-14
-2.14652834588882e-16  2.31194888796606e-16 -1.76942273233264e-14 -6.94696258875672e-15  3.89655638345988e-14 -1.31637609581935e-15      1.36190308457167     0.735370987940534     0.551512595074737 -3.41203792724888e-14
-1.84519637662959e-16  7.72658620698571e-18 -1.19037345715576e-15  1.74699509734604e-15 -3.99917077914414e-14    -0.551512595074736     0.735370987940534     0.675823391685375  1.55519415876525e-15  7.36378788237499e-16
-8.46758768749886e-17  9.95368631874123e-18 -1.31664486372505e-15   6.8572325485581e-16 -7.26027813312753e-14     0.735370987940533     0.551512595074737  1.55519415876525e-15     0.675823391685377  1.28730667003117e-15
  -0.0140150189377702    0.0116381156407493    -0.788262675489391    -0.332629457927938    -0.416902015494418 -1.54840816681457e-14 -3.41203792724888e-14  7.36378788237499e-16  1.28730667003117e-15     0.695656031623465
TOTAL ENERGY: -124.361672409231	 lambda: -4.8	 population of target: 3.66390132908073
1RDM: 
     1.99985127244735  0.000124435524589863  -0.00841334929116322  -0.00358305802673415  -0.00439798086850228 -1.88869805890928e-16 -2.13238624443212e-16 -1.83614704280644e-16  -8.3995537949475e-17   -0.0139378058580797
 0.000124435524589863      1.99987832216555   0.00726648331725972   0.00363348901342178   0.00298049254850794  1.06144895506307e-16  2.29498063205431e-16  7.69674106296532e-18   9.8655796895131e-18    0.0115848517474731
 -0.00841334929116322   0.00726648331725972      1.52003728498402    -0.213730418205444    -0.236760769533005 -8.33627187192358e-15 -1.76422173532618e-14 -1.19305784205651e-15 -1.32412098577826e-15    -0.787316929481609
 -0.00358305802673415   0.00363348901342178    -0.213730418205444      1.88193938457372   -0.0705684644466251 -2.23132415314911e-15 -6.89066159772177e-15  1.73643519326049e-15  6.67975456390858e-16    -0.331569170257986
 -0.00439798086850228   0.00298049254850794    -0.236760769533005   -0.0705684644466251      1.83007124622683  1.75029713457149e-14  3.88554256744072e-14  -3.9962431154143e-14 -7.25488185506771e-14    -0.417346287011973
-1.88869805890928e-16  1.06144895506307e-16 -8.33627187192358e-15 -2.23132415314911e-15  1.75029713457149e-14      1.36303494687906  1.61841070257561e-15    -0.551246763399983     0.735016535646191 -1.54991722952223e-14
-2.13238624443212e-16  2.29498063205431e-16 -1.76422173532618e-14 -6.89066159772177e-15  3.88554256744072e-14  1.61841070257561e-15      1.36303494687905     0.735016535646195     0.551246763399984 -3.41546046725997e-14
-1.83614704280644e-16  7.69674106296532e-18 -1.19305784205651e-15  1.73643519326049e-15  -3.9962431154143e-14    -0.551246763399983     0.735016535646195     0.674747830901577  3.29800385066207e-15   7.3606829267776e-16
 -8.3995537949475e-17   9.8655796895131e-18 -1.32412098577826e-15  6.67975456390858e-16 -7.25488185506771e-14     0.735016535646191     0.551246763399984  3.29800385066207e-15     0.674747830901572  1.28694358484896e-15
  -0.0139378058580797    0.0115848517474731    -0.787316929481609    -0.331569170257986    -0.417346287011973 -1.54991722952223e-14 -3.41546046725997e-14   7.3606829267776e-16  1.28694358484896e-15     0.692656934041348
TOTAL ENERGY: -124.368102959056	 lambda: -4.75	 population of target: 3.6652480801733
1RDM: 
     1.99985326515861  0.000122892219482591  -0.00833672671496264  -0.00354350782217827  -0.00436767020883824 -1.87731377382503e-16 -2.11799546784774e-16 -1.82706421547325e-16 -8.33119103058914e-17   -0.0138602177762686
 0.000122892219482591      1.99987949235727   0.00720962216192086   0.00360414631242185   0.00295811523734424  1.05371705783265e-16  2.27784152118367e-16  7.66800861728505e-18  9.77943054488888e-18    0.0115316761452355
 -0.00833672671496264   0.00720962216192086      1.52231408835409    -0.212375701234074    -0.236116889329494  -8.3101010501958e-15 -1.75883748909181e-14 -1.19564321478954e-15 -1.33145010636642e-15    -0.786346865784846
 -0.00354350782217827   0.00360414631242185    -0.212375701234074      1.88263787644134   -0.0700345657523909 -2.20718086588587e-15 -6.83379757646181e-15   1.7261201292723e-15  6.50755386622155e-16    -0.330493315731494
 -0.00436767020883824   0.00295811523734424    -0.236116889329494   -0.0700345657523909      1.83004171844677  1.74528761770357e-14  3.87445660077478e-14 -3.99329562526087e-14 -7.24945183061006e-14    -0.417776151059968
-1.87731377382503e-16  1.05371705783265e-16  -8.3101010501958e-15 -2.20718086588587e-15  1.74528761770357e-14      1.36419631986373 -1.54406835133393e-15    -0.550973508570721     0.734652185532293 -1.55136732257407e-14
-2.11799546784774e-16  2.27784152118367e-16 -1.75883748909181e-14 -6.83379757646181e-15  3.87445660077478e-14 -1.54406835133393e-15      1.36419631986374     0.734652185532291     0.550973508570721 -3.41875405507244e-14
-1.82706421547325e-16  7.66800861728505e-18 -1.19564321478954e-15   1.7261201292723e-15 -3.99329562526087e-14    -0.550973508570721     0.734652185532291     0.673641942692803 -1.57564292719887e-15  7.35649106365605e-16
-8.33119103058914e-17  9.77943054488888e-18 -1.33145010636642e-15  6.50755386622155e-16 -7.24945183061006e-14     0.734652185532293     0.550973508570721 -1.57564292719887e-15     0.673641942692807  1.28639269060262e-15
  -0.0138602177762686    0.0115316761452355    -0.786346865784846    -0.330493315731494    -0.417776151059968 -1.55136732257407e-14 -3.41875405507244e-14  7.35649106365605e-16  1.28639269060262e-15     0.689597034128898
TOTAL ENERGY: -124.374682762781	 lambda: -4.7	 population of target: 3.66664067258639
1RDM: 
     1.99985525421165  0.000121354201678251   -0.0082596891462665  -0.00350383607592304  -0.00433696194591329 -1.86578087297945e-16 -2.10335024326891e-16 -1.81794740264329e-16 -8.26248720500866e-17   -0.0137822523062416
 0.000121354201678251      1.99988065593297   0.00715260334406601   0.00357476918720163   0.00293553085803296  1.04590383675359e-16  2.26052485497874e-16  7.64048956092144e-18  9.69542471912889e-18    0.0114785919481524
  -0.0082596891462665   0.00715260334406601      1.52463174550946    -0.211003100016102      -0.2354466984226 -8.28304441946052e-15 -1.75326357261904e-14 -1.19811922393572e-15 -1.33861436054334e-15    -0.785351596193353
 -0.00350383607592304   0.00357476918720163    -0.211003100016102      1.88334374036193   -0.0694888553833226 -2.18284459488333e-15 -6.77637535415878e-15  1.71607476767905e-15  6.34111313250669e-16    -0.329401505894886
 -0.00433696194591329   0.00293553085803296      -0.2354466984226   -0.0694888553833226      1.83002842730234  1.74024749988287e-14  3.86329938169894e-14 -3.99032890448054e-14 -7.24398919388431e-14    -0.418190527892423
-1.86578087297945e-16  1.04590383675359e-16 -8.28304441946052e-15 -2.18284459488333e-15  1.74024749988287e-14      1.36538837998403  2.27142668165595e-15    -0.550692495140959     0.734277490324569 -1.55275437642397e-14
-2.10335024326891e-16  2.26052485497874e-16 -1.75326357261904e-14 -6.77637535415878e-15  3.86329938169894e-14  2.27142668165595e-15      1.36538837998403     0.734277490324571     0.550692495140958 -3.42190972073029e-14
-1.81794740264329e-16  7.64048956092144e-18 -1.19811922393572e-15  1.71607476767905e-15 -3.99032890448054e-14    -0.550692495140959     0.734277490324571     0.672504504759835  4.31239144152751e-16  7.35118048162243e-16
-8.26248720500866e-17  9.69542471912889e-18 -1.33861436054334e-15  6.34111313250669e-16 -7.24398919388431e-14     0.734277490324569     0.550692495140958  4.31239144152751e-16      0.67250450475983  1.28564887483141e-15
  -0.0137822523062416    0.0114785919481524    -0.785351596193353    -0.329401505894886    -0.418190527892423 -1.55275437642397e-14 -3.42190972073029e-14  7.35118048162243e-16  1.28564887483141e-15     0.686474407193989
TOTAL ENERGY: -124.381417386079	 lambda: -4.65	 population of target: 3.66808127751426
1RDM: 
     1.99985723948018  0.000119821510637404  -0.00818223219946127  -0.00346404288500961  -0.00430584641277398 -1.85409503462374e-16 -2.08844269190623e-16 -1.80879776529052e-16 -8.19346047876345e-17   -0.0137039069989699
 0.000119821510637404      1.99988181290008   0.00709542200210502   0.00354535620819765   0.00291273223899512  1.03800908031045e-16  2.24303017499372e-16  7.61382179757414e-18  9.61289145494665e-18    0.0114256022868539
 -0.00818223219946127   0.00709542200210502       1.5269913527431    -0.209612244065162    -0.234749159552215 -8.25504011746298e-15 -1.74748662153954e-14  -1.2005269480285e-15 -1.34569115451865e-15    -0.784330188497912
 -0.00346404288500961   0.00354535620819765    -0.209612244065162      1.88405709929894   -0.0689309817534479 -2.15823632545643e-15 -6.71821887188859e-15  1.70618672001485e-15  6.17837535522564e-16    -0.328293334633107
 -0.00430584641277398   0.00291273223899512    -0.234749159552215   -0.0689309817534479      1.83003225499041  1.73516760244695e-14  3.85205093227951e-14 -3.98732773066743e-14 -7.23846579760372e-14    -0.418588270550855
-1.85409503462374e-16  1.03800908031045e-16 -8.25504011746298e-15 -2.15823632545643e-15  1.73516760244695e-14      1.36661236579611 -5.92026541255884e-16    -0.550403367440165     0.733891975781545 -1.55407477992908e-14
-2.08844269190623e-16  2.24303017499372e-16 -1.74748662153954e-14 -6.71821887188859e-15  3.85205093227951e-14 -5.92026541255884e-16       1.3666123657961     0.733891975781547     0.550403367440167 -3.42491948045887e-14
-1.80879776529052e-16  7.61382179757414e-18  -1.2005269480285e-15  1.70618672001485e-15 -3.98732773066743e-14    -0.550403367440165     0.733891975781547     0.671334230305802  3.92884586397592e-15  7.34481484822149e-16
-8.19346047876345e-17  9.61289145494665e-18 -1.34569115451865e-15  6.17837535522564e-16 -7.23846579760372e-14     0.733891975781545     0.550403367440167  3.92884586397592e-15     0.671334230305801  1.28472473264106e-15
  -0.0137039069989699    0.0114256022868539    -0.784330188497912    -0.328293334633107    -0.418588270550855 -1.55407477992908e-14 -3.42491948045887e-14  7.34481484822149e-16  1.28472473264106e-15     0.683287048383537
TOTAL ENERGY: -124.388312677514	 lambda: -4.6	 population of target: 3.66957219774275
1RDM: 
     1.99985922083665  0.000118294184600991  -0.00810435135167501   -0.0034241283184958  -0.00427431360228809 -1.84225155997818e-16  -2.0732641908036e-16 -1.79961693172092e-16  -8.1241373881439e-17   -0.0136251793335475
 0.000118294184600991      1.99988296326871   0.00703807299412784   0.00351590581805807   0.00288971186889179  1.03003315864163e-16  2.22535828806772e-16  7.58753285840102e-18  9.53095607273448e-18    0.0113727103003343
 -0.00810435135167501   0.00703807299412784      1.52939404600391    -0.208202750372568    -0.234023190334694  -8.2260177311197e-15 -1.74149141673739e-14 -1.20291951990775e-15 -1.35278024219895e-15    -0.783281663688786
  -0.0034241283184958   0.00351590581805807    -0.208202750372568       1.8847780807805   -0.0683605804353288 -2.13325802579902e-15 -6.65911052714999e-15  1.69631190923135e-15  6.01669901314759e-16    -0.327168376891702
 -0.00427431360228809   0.00288971186889179    -0.234023190334694   -0.0683605804353288      1.83005412861063  1.73003650382405e-14     3.84068639842e-14 -3.98427309291637e-14  -7.2328464934078e-14     -0.41896816039261
-1.84225155997818e-16  1.03003315864163e-16  -8.2260177311197e-15 -2.13325802579902e-15  1.73003650382405e-14      1.36786958198255  -7.7160190782709e-16    -0.550105748067197     0.733495138686562 -1.55532476049214e-14
 -2.0732641908036e-16  2.22535828806772e-16 -1.74149141673739e-14 -6.65911052714999e-15     3.84068639842e-14  -7.7160190782709e-16      1.36786958198255     0.733495138686562     0.550105748067197 -3.42777499223403e-14
-1.79961693172092e-16  7.58753285840102e-18 -1.20291951990775e-15  1.69631190923135e-15 -3.98427309291637e-14    -0.550105748067197     0.733495138686562     0.670129763857478   -2.292096167889e-16  7.33746833041289e-16
 -8.1241373881439e-17  9.53095607273448e-18 -1.35278024219895e-15  6.01669901314759e-16  -7.2328464934078e-14     0.733495138686562     0.550105748067197   -2.292096167889e-16     0.670129763857479  1.28363482940458e-15
  -0.0136251793335475    0.0113727103003343    -0.783281663688786    -0.327168376891702     -0.41896816039261 -1.55532476049214e-14 -3.42777499223403e-14  7.33746833041289e-16  1.28363482940458e-15     0.680032868819588
TOTAL ENERGY: -124.395374786398	 lambda: -4.55	 population of target: 3.67111587730502
1RDM: 
     1.99986119815228  0.000116772260444751  -0.00802604193356015  -0.00338409241198426  -0.00424235315194982  -1.8302418751769e-16 -2.05779778830758e-16 -1.79041362004262e-16  -8.0546753672806e-17   -0.0135460667068734
 0.000116772260444751      1.99988410705188   0.00698055087912011   0.00348641632107366   0.00286646187765568  1.02198867887483e-16  2.20753655243636e-16  7.55923099518149e-18   9.4451930801871e-18    0.0113199191263589
 -0.00802604193356015   0.00698055087912011      1.53184100266649    -0.206774222745052    -0.233267661164314 -8.19578062486793e-15 -1.73523535055483e-14 -1.20556196688481e-15 -1.36037351216439e-15    -0.782204992943337
 -0.00338409241198426   0.00348641632107366    -0.206774222745052      1.88550681721725   -0.0677772736260946 -2.10747328197519e-15 -6.59809814449918e-15  1.68574300959768e-15  5.84302217196065e-16    -0.326026187268492
 -0.00424235315194982   0.00286646187765568    -0.233267661164314   -0.0677772736260946      1.83009502245576   1.7248037054603e-14  3.82909612018333e-14 -3.98108138703226e-14 -7.22697661856993e-14    -0.419328902302214
 -1.8302418751769e-16  1.02198867887483e-16 -8.19578062486793e-15 -2.10747328197519e-15   1.7248037054603e-14       1.3691614036912 -1.77312979027847e-16    -0.549799236251092       0.7330864446616 -1.55650290567404e-14
-2.05779778830758e-16  2.20753655243636e-16 -1.73523535055483e-14 -6.59809814449918e-15  3.82909612018333e-14 -1.77312979027847e-16       1.3691614036912       0.7330864446616     0.549799236251091 -3.43047302786191e-14
-1.79041362004262e-16  7.55923099518149e-18 -1.20556196688481e-15  1.68574300959768e-15 -3.98108138703226e-14    -0.549799236251092       0.7330864446616     0.668889676764035  3.44749577914831e-16  7.32956522709797e-16
 -8.0546753672806e-17   9.4451930801871e-18 -1.36037351216439e-15  5.84302217196065e-16 -7.22697661856993e-14       0.7330864446616     0.549799236251091  3.44749577914831e-16     0.668889676764036  1.28245855462023e-15
  -0.0135460667068734    0.0113199191263589    -0.782204992943337    -0.326026187268492    -0.419328902302214 -1.55650290567404e-14 -3.43047302786191e-14  7.32956522709797e-16  1.28245855462023e-15     0.676709691545875
TOTAL ENERGY: -124.40261018197	 lambda: -4.5	 population of target: 3.67271491196368
1RDM: 
     1.99986317129723  0.000115255773508776  -0.00794729911894861  -0.00334393516116162  -0.00420995432783207 -1.81804404134445e-16  -2.0419976121334e-16 -1.78122170146565e-16  -7.9856968517761e-17   -0.0134665664213005
 0.000115255773508776      1.99988524426575    0.0069228498964691   0.00345688587138227   0.00284297401632359  1.01393141117213e-16  2.18968599596253e-16  7.51979363498056e-18  9.33872684090011e-18    0.0112672318898618
 -0.00794729911894861    0.0069228498964691      1.53433344338722    -0.205326251083934    -0.232481393030029 -8.16369639425317e-15 -1.72858123179241e-14  -1.2094602326982e-15 -1.37033355478591e-15    -0.781099094381574
 -0.00334393516116162   0.00345688587138227    -0.205326251083934      1.88624344625694   -0.0671806695890331 -2.07926812909508e-15 -6.53167328369124e-15  1.67180555946794e-15  5.60789396775983e-16     -0.32486629845036
 -0.00420995432783207   0.00284297401632359    -0.232481393030029   -0.0671806695890331      1.83015596040323  1.71928272359204e-14  3.81687526098562e-14 -3.97744368083819e-14 -7.22028467447914e-14    -0.419669119563994
-1.81804404134445e-16  1.01393141117213e-16 -8.16369639425317e-15 -2.07926812909508e-15  1.71928272359204e-14      1.37048928120496  2.19409564421247e-15     -0.54948340606566     0.732665325787619 -1.55761639738421e-14
 -2.0419976121334e-16  2.18968599596253e-16 -1.72858123179241e-14 -6.53167328369124e-15  3.81687526098562e-14  2.19409564421247e-15      1.37048928120496     0.732665325787621     0.549483406065659 -3.43302900817973e-14
-1.78122170146565e-16  7.51979363498056e-18  -1.2094602326982e-15  1.67180555946794e-15 -3.97744368083819e-14     -0.54948340606566     0.732665325787621     0.667612462350902  4.20540592533069e-17  7.32269641520631e-16
 -7.9856968517761e-17  9.33872684090011e-18 -1.37033355478591e-15  5.60789396775983e-16 -7.22028467447914e-14     0.732665325787619     0.549483406065659  4.20540592533069e-17     0.667612462350898  1.28149116156252e-15
  -0.0134665664213005    0.0112672318898618    -0.781099094381574     -0.32486629845036    -0.419669119563994 -1.55761639738421e-14 -3.43302900817973e-14  7.32269641520631e-16  1.28149116156252e-15     0.673315247277947
TOTAL ENERGY: -124.410025673754	 lambda: -4.45	 population of target: 3.67437206054368
1RDM: 
     1.99986514014058  0.000113744757463193  -0.00786811791567409  -0.00330365651778443  -0.00417710600762245 -1.80570585323006e-16 -2.02596919291168e-16 -1.77194241074835e-16 -7.91536994654158e-17   -0.0133866756729958
 0.000113744757463193      1.99988637492982   0.00686496394569317   0.00342731246268989    0.0028192396357048  1.00568537559811e-16  2.17142483211724e-16  7.49604476932895e-18  9.26118619069702e-18    0.0112146516916357
 -0.00786811791567409   0.00686496394569317      1.53687263400976    -0.203858410767944    -0.231663155184694 -8.13146345964817e-15 -1.72189769197434e-14 -1.21165070360606e-15 -1.37717839219036e-15     -0.77996282957328
 -0.00330365651778443   0.00342731246268989    -0.203858410767944      1.88698811104468   -0.0665703621169624 -2.05336038740193e-15 -6.47006829813176e-15  1.66237762316925e-15  5.45711335527339e-16    -0.323688219725848
 -0.00417710600762245    0.0028192396357048    -0.231663155184694   -0.0665703621169624      1.83023801846766  1.71401715081691e-14  3.80520337713011e-14 -3.97425760113336e-14 -7.21443160833252e-14    -0.419987348248693
-1.80570585323006e-16  1.00568537559811e-16 -8.13146345964817e-15 -2.05336038740193e-15  1.71401715081691e-14      1.37185474489463  2.77713671224475e-15    -0.549157804492098     0.732231178035489 -1.55862256168525e-14
-2.02596919291168e-16  2.17142483211724e-16 -1.72189769197434e-14 -6.47006829813176e-15  3.80520337713011e-14  2.77713671224475e-15      1.37185474489463      0.73223117803549     0.549157804492097 -3.43535013403038e-14
-1.77194241074835e-16  7.49604476932895e-18 -1.21165070360606e-15  1.66237762316925e-15 -3.97425760113336e-14    -0.549157804492098      0.73223117803549     0.666296530789566  7.54776202091668e-16  7.31185903519897e-16
-7.91536994654158e-17  9.26118619069702e-18 -1.37717839219036e-15  5.45711335527339e-16 -7.21443160833252e-14     0.732231178035489     0.549157804492097  7.54776202091668e-16     0.666296530789557  1.27980778532945e-15
  -0.0133866756729958    0.0112146516916357     -0.77996282957328    -0.323688219725848    -0.419987348248693 -1.55862256168525e-14 -3.43535013403038e-14  7.31185903519897e-16  1.27980778532945e-15      0.66984717003914
TOTAL ENERGY: -124.417628434079	 lambda: -4.4	 population of target: 3.67609025738979
1RDM: 
     1.99986710455054  0.000112239244076182  -0.00778849315223269  -0.00326325637902497  -0.00414379666341981 -1.79320160553033e-16 -2.00965869143021e-16 -1.76261597842424e-16  -7.8444343649546e-17   -0.0133063915353629
 0.000112239244076182      1.99988749906733   0.00680688656145045   0.00339769391212627   0.00279524966356718  9.97319171401466e-17  2.15290186811425e-16  7.47685859741309e-18  9.19198195160374e-18    0.0111621815920875
 -0.00778849315223269   0.00680688656145045      1.53945988765935    -0.202370261669814    -0.230811662822465 -8.09830736219717e-15  -1.7150167817444e-14 -1.21336709686957e-15 -1.38319303838393e-15    -0.778794999754822
 -0.00326325637902497   0.00339769391212627    -0.202370261669814      1.88774096077162   -0.0659459298869725 -2.02775405128806e-15 -6.40894684954835e-15  1.65416658630957e-15  5.32977283492797e-16     -0.32249143489331
 -0.00414379666341981   0.00279524966356718    -0.230811662822465   -0.0659459298869725      1.83034232734592  1.70877703083649e-14  3.79358147842495e-14 -3.97114414769458e-14 -7.20871603292202e-14    -0.420282031405833
-1.79320160553033e-16  9.97319171401466e-17 -8.09830736219717e-15 -2.02775405128806e-15  1.70877703083649e-14      1.37325941080423  2.85540354273446e-15    -0.548821949277139     0.731783358374693 -1.55953196362668e-14
-2.00965869143021e-16  2.15290186811425e-16  -1.7150167817444e-14 -6.40894684954835e-15  3.79358147842495e-14  2.85540354273446e-15      1.37325941080423     0.731783358374696     0.548821949277137 -3.43745913351943e-14
-1.76261597842424e-16  7.47685859741309e-18 -1.21336709686957e-15  1.65416658630957e-15 -3.97114414769458e-14    -0.548821949277139     0.731783358374696     0.664940203295811  1.50846869210604e-16  7.29923214465309e-16
 -7.8444343649546e-17  9.19198195160374e-18 -1.38319303838393e-15  5.32977283492797e-16 -7.20871603292202e-14     0.731783358374693     0.548821949277137  1.50846869210604e-16     0.664940203295807  1.27781273189779e-15
  -0.0133063915353629    0.0111621815920875    -0.778794999754822     -0.32249143489331    -0.420282031405833 -1.55953196362668e-14 -3.43745913351943e-14  7.29923214465309e-16  1.27781273189779e-15     0.666302992405238
TOTAL ENERGY: -124.425426021119	 lambda: -4.35	 population of target: 3.67787262566049
1RDM: 
     1.99986906439442  0.000110739263084301  -0.00770841947006465  -0.00322273458743605  -0.00411001434159158 -1.78067611871934e-16 -1.99338253051888e-16 -1.75295705836646e-16 -7.76760782261852e-17   -0.0132257109457311
 0.000110739263084301      1.99988861670542   0.00674861089128286   0.00336802785164991   0.00277099457893259  9.88346620652114e-17  2.13306178639763e-16  7.53743465472077e-18  9.27017690987955e-18    0.0111098245954804
 -0.00770841947006465   0.00674861089128286      1.54209656667159    -0.200861347753364    -0.229925574438622 -8.06899286587392e-15  -1.7089731037067e-14 -1.20635778227353e-15 -1.37311853016341e-15    -0.777594341830971
 -0.00322273458743605   0.00336802785164991    -0.200861347753364      1.88850215074479   -0.0653069359463166 -2.01547481480424e-15 -6.37658463657091e-15  1.66904050262872e-15   5.6303396488216e-16    -0.321275400871403
 -0.00411001434159158   0.00277099457893259    -0.229925574438622   -0.0653069359463166      1.83047007533091  1.70506780850222e-14  3.78527817134707e-14 -3.97060584089641e-14 -7.20776624712682e-14    -0.420551512322075
-1.78067611871934e-16  9.88346620652114e-17 -8.06899286587392e-15 -2.01547481480424e-15  1.70506780850222e-14      1.37470498631799  2.36605537994002e-15    -0.548475326628863     0.731321181737431 -1.56024441163173e-14
-1.99338253051888e-16  2.13306178639763e-16  -1.7089731037067e-14 -6.37658463657091e-15  3.78527817134707e-14  2.36605537994002e-15      1.37470498631799     0.731321181737433     0.548475326628861 -3.43913823258111e-14
-1.75295705836646e-16  7.53743465472077e-18 -1.20635778227353e-15  1.66904050262872e-15 -3.97060584089641e-14    -0.548475326628863     0.731321181737433     0.663541706284768 -3.44424319101041e-16  7.27267086535547e-16
-7.76760782261852e-17  9.27017690987955e-18 -1.37311853016341e-15   5.6303396488216e-16 -7.20776624712682e-14     0.731321181737431     0.548475326628861 -3.44424319101041e-16     0.663541706284763  1.27326058291362e-15
  -0.0132257109457311    0.0111098245954804    -0.777594341830971    -0.321275400871403    -0.420551512322075 -1.56024441163173e-14 -3.43913823258111e-14  7.27267086535547e-16  1.27326058291362e-15     0.662680140947394
TOTAL ENERGY: -124.433426406497	 lambda: -4.3	 population of target: 3.67972249244086
1RDM: 
     1.99987101953911  0.000109244841802717  -0.00762789129642533  -0.00318209089999267   -0.0040757466499461 -1.76780008836524e-16 -1.97642804403465e-16 -1.74358456217798e-16 -7.69633181848756e-17   -0.0131446306763449
 0.000109244841802717       1.9998897278757   0.00669012966323473   0.00333831169663569   0.00274646439434378  9.79817391280403e-17  2.11418288174708e-16  7.51382959440251e-18  9.19257091021624e-18    0.0110575836319449
 -0.00762789129642533   0.00669012966323473       1.5447840854834    -0.199331194883474    -0.229003489787015 -8.03294678241059e-15 -1.70147133382121e-14 -1.20863631479244e-15 -1.38027460336166e-15    -0.776359523672719
 -0.00318209089999267   0.00333831169663569    -0.199331194883474      1.88927184385945    -0.064652926856247 -1.98799097198837e-15 -6.31103212904052e-15  1.65923141399593e-15  5.47533069532334e-16    -0.320039543743324
  -0.0040757466499461   0.00274646439434378    -0.229003489787015    -0.064652926856247        1.830622510531  1.69959177941822e-14  3.77313394963559e-14 -3.96716657885496e-14 -7.20145365413128e-14     -0.42079402887905
-1.76780008836524e-16  9.79817391280403e-17 -8.03294678241059e-15 -1.98799097198837e-15  1.69959177941822e-14      1.37619327681583 -3.89794409050526e-17    -0.548117388650387      0.73084391754216 -1.56096241769995e-14
-1.97642804403465e-16  2.11418288174708e-16 -1.70147133382121e-14 -6.31103212904052e-15  3.77313394963559e-14 -3.89794409050526e-17      1.37619327681582     0.730843917542162     0.548117388650388 -3.44082695778411e-14
-1.74358456217798e-16  7.51382959440251e-18 -1.20863631479244e-15  1.65923141399593e-15 -3.96716657885496e-14    -0.548117388650387     0.730843917542162     0.662099164354421  3.51899630924851e-15  7.25923909163571e-16
-7.69633181848756e-17  9.19257091021624e-18 -1.38027460336166e-15  5.47533069532334e-16 -7.20145365413128e-14      0.73084391754216     0.548117388650388  3.51899630924851e-15     0.662099164354419  1.27115877253149e-15
  -0.0131446306763449    0.0110575836319449    -0.776359523672719    -0.320039543743324     -0.42079402887905 -1.56096241769995e-14 -3.44082695778411e-14  7.25923909163571e-16  1.27115877253149e-15     0.658975930370938
TOTAL ENERGY: -124.44163799981	 lambda: -4.25	 population of target: 3.68164340402421
1RDM: 
     1.99987296985078  0.000107756005104786  -0.00754690284968001  -0.00314132501152709  -0.00404098072736666 -1.75473416933058e-16 -1.95914619427848e-16 -1.73418297561871e-16 -7.62476437773918e-17   -0.0130631473258425
 0.000107756005104786      1.99989083261433   0.00663143516469485    0.0033085426521344   0.00272164861702895  9.71187576847437e-17  2.09508474788845e-16   7.4900652872888e-18  9.11456891496362e-18    0.0110054615324973
 -0.00754690284968001   0.00663143516469485      1.54752391196567    -0.197779311794017     -0.22804394642607 -7.99552189083177e-15 -1.69367353093475e-14 -1.21096206146786e-15 -1.38757048725607e-15    -0.775089139806097
 -0.00314132501152709    0.0033085426521344    -0.197779311794017      1.89005020956746   -0.0639834323923514 -1.95993941835814e-15 -6.24405664960617e-15  1.64925084252634e-15  5.31818317341141e-16    -0.318783258986697
 -0.00404098072736666   0.00272164861702895     -0.22804394642607   -0.0639834323923514      1.83080094472931  1.69403911499041e-14  3.76081779642672e-14 -3.96362954281174e-14 -7.19496350003182e-14    -0.421007704398186
-1.75473416933058e-16  9.71187576847437e-17 -7.99552189083177e-15 -1.95993941835814e-15  1.69403911499041e-14      1.37772619192871  1.83224500290554e-15    -0.547747550611628     0.730350786146105 -1.56157001191901e-14
-1.95914619427848e-16  2.09508474788845e-16 -1.69367353093475e-14 -6.24405664960617e-15  3.76081779642672e-14  1.83224500290554e-15      1.37772619192871     0.730350786146108     0.547747550611628 -3.44227329546481e-14
-1.73418297561871e-16   7.4900652872888e-18 -1.21096206146786e-15  1.64925084252634e-15 -3.96362954281174e-14    -0.547747550611628     0.730350786146108     0.660610593962157  8.25994722738168e-16  7.24467229727957e-16
-7.62476437773918e-17  9.11456891496362e-18 -1.38757048725607e-15  5.31818317341141e-16 -7.19496350003182e-14     0.730350786146105     0.547747550611628  8.25994722738168e-16     0.660610593962153  1.26886947346028e-15
  -0.0130631473258425    0.0110054615324973    -0.775089139806097    -0.318783258986697    -0.421007704398186 -1.56157001191901e-14 -3.44227329546481e-14  7.24467229727957e-16  1.26886947346028e-15     0.655187559490784
TOTAL ENERGY: -124.45006968032	 lambda: -4.2	 population of target: 3.68363914378742
1RDM: 
     1.99987491519536  0.000106272774996212  -0.00746544811046473  -0.00310043652215258  -0.00400570322964601 -1.74147787745192e-16 -1.94153832866491e-16 -1.72474333461933e-16  -7.5527334188498e-17   -0.0129812572852918
 0.000106272774996212      1.99989193096268    0.0065725192059781   0.00327871767880772   0.00269653622827214  9.62438283528347e-17  2.07572639182818e-16  7.46847473400087e-18  9.04048439304086e-18    0.0109534610050955
 -0.00746544811046473    0.0065725192059781      1.55031757049947    -0.196205187782847    -0.227045417513354 -7.95681101887571e-15 -1.68559995730305e-14 -1.21308054231991e-15 -1.39453783982948e-15    -0.773781705970847
 -0.00310043652215258   0.00327871767880772    -0.196205187782847      1.89083742542308    -0.063297964669589 -1.93170348955387e-15 -6.17648358941299e-15  1.63976864585526e-15  5.17131916410691e-16    -0.317505907078408
 -0.00400570322964601   0.00269653622827214    -0.227045417513354    -0.063297964669589      1.83100675579484  1.68845346082092e-14  3.74842440852994e-14 -3.96006731302313e-14 -7.18843001886803e-14    -0.421190540957569
-1.74147787745192e-16  9.62438283528347e-17 -7.95681101887571e-15 -1.93170348955387e-15  1.68845346082092e-14      1.37930575331613 -1.39807334028545e-16    -0.547365187866623      0.72984095466696 -1.56205708139088e-14
-1.94153832866491e-16  2.07572639182818e-16 -1.68559995730305e-14 -6.17648358941299e-15  3.74842440852994e-14 -1.39807334028545e-16      1.37930575331613     0.729840954666958     0.547365187866621  -3.4434550511606e-14
-1.72474333461933e-16  7.46847473400087e-18 -1.21308054231991e-15  1.63976864585526e-15 -3.96006731302313e-14    -0.547365187866623     0.729840954666958     0.659073895246564 -3.35905976592415e-15  7.22858658927704e-16
 -7.5527334188498e-17  9.04048439304086e-18 -1.39453783982948e-15  5.17131916410691e-16 -7.18843001886803e-14      0.72984095466696     0.547365187866621 -3.35905976592415e-15     0.659073895246566  1.26632282112464e-15
  -0.0129812572852918    0.0109534610050955    -0.773781705970847    -0.317505907078408    -0.421190540957569 -1.56205708139088e-14  -3.4434550511606e-14  7.22858658927704e-16  1.26632282112464e-15     0.651312104999218
TOTAL ENERGY: -124.458730828495	 lambda: -4.15	 population of target: 3.68571375110647
1RDM: 
     1.99987685543863   0.00010479517038403  -0.00738352080815263  -0.00305942493104388  -0.00396990030655723 -1.72798873538035e-16 -1.92351471636519e-16 -1.71533711002789e-16 -7.48155313981442e-17   -0.0128989567137061
  0.00010479517038403      1.99989302296761   0.00651337308885545   0.00324883347684269   0.00267111565215423  9.53682069876389e-17  2.05635232989387e-16  7.43079640464772e-18     8.93656740928e-18    0.0109015846074571
 -0.00738352080815263   0.00651337308885545      1.55316664441032    -0.194608291898711    -0.226006308852184 -7.91560632987444e-15 -1.67698831287794e-14 -1.21698287703025e-15 -1.40485926625957e-15    -0.772435653580598
 -0.00305942493104388   0.00324883347684269    -0.194608291898711      1.89163367743123   -0.0625960175384162 -1.90015288297066e-15 -6.10150442666842e-15  1.62551764497591e-15  4.93742042526429e-16    -0.316206810994834
