TOTAL ENERGY: -124.51116235343	 lambda: -5	 population of target: 3.92867243841318
1RDM: 
      1.9999844443691 -1.08353773441015e-05  -0.00185068932425176 -0.000862472930483208   0.00376136135116316  3.15470023987558e-16  3.61010391511668e-17  4.18048832371236e-16 -2.16190486255098e-17  -0.00354867716893436
-1.08353773441015e-05      1.99997038453323  -0.00170193760142802  -0.00167767922968358   0.00188708858548323  4.88829053316069e-17  5.12688305989036e-18  6.86280245147267e-18 -5.31637256251104e-19   -0.0023338968902563
 -0.00185068932425176  -0.00170193760142802      1.77107319915397    -0.125496365843745     0.431890652539973  1.11725966098385e-14  1.36674844379072e-15  1.98506584184082e-15  2.25206891279876e-16    -0.419295192844402
-0.000862472930483208  -0.00167767922968358    -0.125496365843745      1.89191656571372     0.167049561100184  3.67484102962398e-15 -9.69116753433923e-17 -6.77584767197067e-16 -8.39440252978981e-16    -0.188840044928874
  0.00376136135116316   0.00188708858548323     0.431890652539973     0.167049561100184      1.06149761748302 -6.90617992785591e-15 -5.41859649889388e-16  2.75684316745031e-14 -1.46162546975915e-15     0.863831608436895
 3.15470023987558e-16  4.88829053316069e-17  1.11725966098385e-14  3.67484102962398e-15 -6.90617992785591e-15      1.54904189516912 -1.84255855703329e-15    -0.812279147654799     0.138824744948728  2.45869287540656e-14
 3.61010391511668e-17  5.12688305989036e-18  1.36674844379072e-15 -9.69116753433923e-17 -5.41859649889388e-16 -1.84255855703329e-15      1.54904189516913     -0.13882474494873    -0.812279147654795  2.74725949958434e-15
 4.18048832371236e-16  6.86280245147267e-18  1.98506584184082e-15 -6.77584767197067e-16  2.75684316745031e-14    -0.812279147654799     -0.13882474494873     0.494150982676488  8.68349900711162e-16  8.10213090872738e-15
-2.16190486255098e-17 -5.31637256251104e-19  2.25206891279876e-16 -8.39440252978981e-16 -1.46162546975915e-15     0.138824744948728    -0.812279147654795  8.68349900711162e-16      0.49415098267648 -2.15934750230284e-16
 -0.00354867716893436   -0.0023338968902563    -0.419295192844402    -0.188840044928874     0.863831608436895  2.45869287540656e-14  2.74725949958434e-15  8.10213090872738e-15 -2.15934750230284e-16      1.18917203305575
TOTAL ENERGY: -124.513084418339	 lambda: -4.95	 population of target: 3.92905879428594
1RDM: 
     1.99998462806614 -1.07499594315561e-05  -0.00183582930637401 -0.000854020646835532   0.00373794938498217  3.14640476971437e-16  3.59568974753104e-17  4.17772264199365e-16 -2.17005407836597e-17   -0.0035314552726383
-1.07499594315561e-05      1.99997039901098  -0.00169691778639035  -0.00167505878396231    0.0018805125845357  4.87076239473756e-17  5.11430362981848e-18  6.81551961352069e-18 -5.17639665468998e-19  -0.00233160756845227
 -0.00183582930637401  -0.00169691778639035      1.77200467079828    -0.124885197906374     0.430805119048922   1.1142977535824e-14  1.36320035588009e-15  1.97656057169942e-15  2.25313843793865e-16     -0.41885599891914
-0.000854020646835532  -0.00167505878396231    -0.124885197906374      1.89225544696586     0.166145811782836  3.65169161000104e-15 -9.72352318834876e-17 -6.82103971851571e-16  -8.3584940360477e-16    -0.188279522609359
  0.00373794938498217    0.0018805125845357     0.430805119048922     0.166145811782836      1.06201611707812 -6.90652558205182e-15 -5.40478487743184e-16  2.75676757665992e-14 -1.45907502364254e-15     0.864506217591738
 3.14640476971437e-16  4.87076239473756e-17   1.1142977535824e-14  3.65169161000104e-15 -6.90652558205182e-15      1.54949189110219 -1.78875966740823e-15    -0.812000195498801     0.138777069830818  2.46013895702998e-14
 3.59568974753104e-17  5.11430362981848e-18  1.36320035588009e-15 -9.72352318834876e-17 -5.40478487743184e-16 -1.78875966740823e-15       1.5494918911022     -0.13877706983082    -0.812000195498795  2.74953382318138e-15
 4.17772264199365e-16  6.81551961352069e-18  1.97656057169942e-15 -6.82103971851571e-16  2.75676757665992e-14    -0.812000195498801     -0.13877706983082     0.493681646530484  6.33468344836951e-16  8.10172063874216e-15
-2.17005407836597e-17 -5.17639665468998e-19  2.25313843793865e-16  -8.3584940360477e-16 -1.45907502364254e-15     0.138777069830818    -0.812000195498795  6.33468344836951e-16     0.493681646530476 -2.14053685142505e-16
  -0.0035314552726383  -0.00233160756845227     -0.41885599891914    -0.188279522609359     0.864506217591738  2.46013895702998e-14  2.74953382318138e-15  8.10172063874216e-15 -2.14053685142505e-16      1.18742166281528
TOTAL ENERGY: -124.515054593674	 lambda: -4.9	 population of target: 3.92945884178033
1RDM: 
     1.99998481118254 -1.06646611676656e-05  -0.00182093361467842 -0.000845596197433585   0.00371440328859021  3.13806299413844e-16  3.58122102999595e-17  4.17500182011641e-16 -2.17824438314561e-17  -0.00351423139729299
-1.06646611676656e-05      1.99997041349486  -0.00169187468037388  -0.00167244585566439   0.00187389926086172  4.85302395739564e-17   5.1013692353087e-18  6.76981559930424e-18 -5.03769784482712e-19  -0.00232939345560865
 -0.00182093361467842  -0.00169187468037388      1.77294654650875    -0.124272967494411     0.429697698654583  1.11131965978323e-14  1.35962909857944e-15  1.96875826908817e-15   2.2537769225177e-16    -0.418415420671588
-0.000845596197433585  -0.00167244585566439    -0.124272967494411      1.89259280548698     0.165238611959824  3.62837679703123e-15 -9.75577778313738e-17 -6.86571811858614e-16  -8.3222843664988e-16    -0.187723645764036
  0.00371440328859021   0.00187389926086172     0.429697698654583     0.165238611959824      1.06257579894528 -6.90660449827405e-15 -5.39061592476486e-16  2.75664980916679e-14  -1.4564726882743e-15     0.865185960705523
 3.13806299413844e-16  4.85302395739564e-17  1.11131965978323e-14  3.62837679703123e-15 -6.90660449827405e-15      1.54995509569964 -2.42428739206587e-15    -0.811712601955771     0.138727917878933  2.46153444747634e-14
 3.58122102999595e-17   5.1013692353087e-18  1.35962909857944e-15 -9.75577778313738e-17 -5.39061592476486e-16 -2.42428739206587e-15      1.54995509569965    -0.138727917878935    -0.811712601955763  2.75175523942763e-15
 4.17500182011641e-16  6.76981559930424e-18  1.96875826908817e-15 -6.86571811858614e-16  2.75664980916679e-14    -0.811712601955771    -0.138727917878935     0.493198860001666  4.83298887192088e-16  8.10013315101713e-15
-2.17824438314561e-17 -5.03769784482712e-19   2.2537769225177e-16  -8.3222843664988e-16  -1.4564726882743e-15     0.138727917878933    -0.811712601955763  4.83298887192088e-16     0.493198860001653 -2.12081203241254e-16
 -0.00351423139729299  -0.00232939345560865    -0.418415420671588    -0.187723645764036     0.865185960705523  2.46153444747634e-14  2.75175523942763e-15  8.10013315101713e-15 -2.12081203241254e-16      1.18562171297902
TOTAL ENERGY: -124.517075166559	 lambda: -4.85	 population of target: 3.92987333094782
1RDM: 
     1.99998499370485 -1.05794818442361e-05  -0.00180600200401853 -0.000837200073825511    0.0036907213263978  3.12964832505161e-16  3.56666043308966e-17  4.17228082468593e-16 -2.18646386832468e-17  -0.00349700822010451
-1.05794818442361e-05      1.99997042799628  -0.00168680684484815  -0.00166983997064034   0.00186724630839691  4.83518366908422e-17  5.08826855647857e-18  6.72357349502954e-18 -4.89947204147464e-19  -0.00232725678769473
 -0.00180600200401853  -0.00168680684484815      1.77389913735404    -0.123659637966264     0.428567628662842  1.10828000545507e-14  1.35596818934439e-15   1.9607547668899e-15  2.25418543745893e-16    -0.417973480888983
-0.000837200073825511  -0.00166983997064034    -0.123659637966264      1.89292863600971      0.16432789198065  3.60499813815505e-15 -9.78671681495207e-17 -6.91049135117138e-16 -8.28582636698823e-16    -0.187172650175902
   0.0036907213263978   0.00186724630839691     0.428567628662842      0.16432789198065      1.06317851211876 -6.90600230809561e-15 -5.37550921791935e-16  2.75654202935792e-14 -1.45383433341977e-15     0.865870910974471
 3.12964832505161e-16  4.83518366908422e-17  1.10828000545507e-14  3.60499813815505e-15 -6.90600230809561e-15      1.55043209362432 -1.84788514044376e-15    -0.811415965496012     0.138677220456633  2.46293572962442e-14
 3.56666043308966e-17  5.08826855647857e-18  1.35596818934439e-15 -9.78671681495207e-17 -5.37550921791935e-16 -1.84788514044376e-15      1.55043209362433    -0.138677220456635    -0.811415965496004  2.75400436552121e-15
 4.17228082468593e-16  6.72357349502954e-18   1.9607547668899e-15 -6.91049135117138e-16  2.75654202935792e-14    -0.811415965496012    -0.138677220456635     0.492702035372356  3.90416989915864e-16  8.09844858078142e-15
-2.18646386832468e-17 -4.89947204147464e-19  2.25418543745893e-16 -8.28582636698823e-16 -1.45383433341977e-15     0.138677220456633    -0.811415965496004  3.90416989915864e-16     0.492702035372346 -2.10045440341792e-16
 -0.00349700822010451  -0.00232725678769473    -0.417973480888983    -0.187172650175902     0.865870910974471  2.46293572962442e-14  2.75400436552121e-15  8.09844858078142e-15 -2.10045440341792e-16      1.18377003482306
TOTAL ENERGY: -124.519148567282	 lambda: -4.8	 population of target: 3.93030306483184
1RDM: 
     1.99998517561943 -1.04944206825992e-05  -0.00179103420527548 -0.000828832762925002   0.00366690166308526  3.12115923731545e-16  3.55200673022463e-17  4.16956109232708e-16 -2.19471289170011e-17  -0.00347978856048681
-1.04944206825992e-05       1.9999704425274  -0.00168171276290966  -0.00166724061458626   0.00186055127992234  4.81724304811227e-17  5.07500401420345e-18    6.677038390191e-18 -4.76179173424553e-19  -0.00232519990564962
 -0.00179103420527548  -0.00168171276290966      1.77486276889093     -0.12304516871315     0.427414107371361  1.10517668037719e-14  1.35221438256459e-15  1.95254673502913e-15   2.2543523096891e-16    -0.417530203834997
-0.000828832762925002  -0.00166724061458626     -0.12304516871315      1.89326293508202     0.163413574241813  3.58152548327419e-15 -9.81671472415122e-17 -6.95582837216465e-16 -8.24910144124685e-16    -0.186626780925311
  0.00366690166308526   0.00186055127992234     0.427414107371361     0.163413574241813      1.06382621197912 -6.90471228517514e-15 -5.35945553462012e-16  2.75644071436926e-14 -1.45115684744156e-15     0.866561137330485
 3.12115923731545e-16  4.81724304811227e-17  1.10517668037719e-14  3.58152548327419e-15 -6.90471228517514e-15      1.55092350320039   -2.994081389634e-15    -0.811109860341048     0.138624904752122  2.46434058590301e-14
 3.55200673022463e-17  5.07500401420345e-18  1.35221438256459e-15 -9.81671472415122e-17 -5.35945553462012e-16   -2.994081389634e-15      1.55092350320041    -0.138624904752124    -0.811109860341034  2.75627876479019e-15
 4.16956109232708e-16    6.677038390191e-18  1.95254673502913e-15 -6.95582837216465e-16  2.75644071436926e-14    -0.811109860341048    -0.138624904752124     0.492190551108459 -1.38263312971978e-16  8.09662202948256e-15
-2.19471289170011e-17 -4.76179173424553e-19   2.2543523096891e-16 -8.24910144124685e-16 -1.45115684744156e-15     0.138624904752122    -0.811109860341034 -1.38263312971978e-16     0.492190551108438 -2.07942777098767e-16
 -0.00347978856048681  -0.00232519990564962    -0.417530203834997    -0.186626780925311     0.866561137330485  2.46434058590301e-14  2.75627876479019e-15  8.09662202948256e-15 -2.07942777098767e-16      1.18186435728339
TOTAL ENERGY: -124.521277380482	 lambda: -4.75	 population of target: 3.93074890403159
1RDM: 
     1.99998535691257 -1.04094768227096e-05  -0.00177602992378249 -0.000820494746214999   0.00364294235739699  3.11259353672306e-16  3.53725786272681e-17  4.16684309364147e-16 -2.20299142249129e-17  -0.00346257538858029
-1.04094768227096e-05      1.99997045710117  -0.00167659083421926  -0.00166464722894973   0.00185381157654742  4.79919272660854e-17  5.06156146670704e-18  6.63010938205967e-18 -4.62466592737601e-19  -0.00232322526204328
 -0.00177602992378249  -0.00167659083421926       1.7758377820174    -0.122429514786192     0.426236291659798  1.10200749967978e-14  1.34836454079331e-15  1.94412784342429e-15  2.25426991585953e-16    -0.417085615210549
-0.000820494746214999  -0.00166464722894973    -0.122429514786192      1.89359570142067     0.162495572555559  3.55796606527082e-15 -9.84556662512846e-17 -7.00159181154792e-16 -8.21210040621739e-16    -0.186086292883342
  0.00364294235739699   0.00185381157654742     0.426236291659798     0.162495572555559      1.06452096738849 -6.90269560156738e-15 -5.34239789602737e-16  2.75634725060781e-14 -1.44843804556403e-15     0.867256703326357
 3.11259353672306e-16  4.79919272660854e-17  1.10200749967978e-14  3.55796606527082e-15 -6.90269560156738e-15      1.55142997982368 -2.23842288569603e-15    -0.810793834026442     0.138570893439024  2.46574928850801e-14
 3.53725786272681e-17  5.06156146670704e-18  1.34836454079331e-15 -9.84556662512846e-17 -5.34239789602737e-16 -2.23842288569603e-15      1.55142997982369    -0.138570893439025    -0.810793834026434   2.7585796016399e-15
 4.16684309364147e-16  6.63010938205967e-18  1.94412784342429e-15 -7.00159181154792e-16  2.75634725060781e-14    -0.810793834026442    -0.138570893439025     0.491663748295305  7.52742613719048e-16  8.09465663950023e-15
-2.20299142249129e-17 -4.62466592737601e-19  2.25426991585953e-16 -8.21210040621739e-16 -1.44843804556403e-15     0.138570893439024    -0.810793834026434  7.52742613719048e-16     0.491663748295295 -2.05770752332183e-16
 -0.00346257538858029  -0.00232322526204328    -0.417085615210549    -0.186086292883342     0.867256703326357  2.46574928850801e-14   2.7585796016399e-15  8.09465663950023e-15 -2.05770752332183e-16      1.17990227892179
TOTAL ENERGY: -124.523464357406	 lambda: -4.7	 population of target: 3.93121177173232
1RDM: 
     1.99998553757036 -1.03246493139075e-05  -0.00176098883665838 -0.000812186498237784   0.00361884135170799  3.10394922798376e-16  3.52241210339943e-17  4.16412794898458e-16 -2.21129963114498e-17  -0.00344537183392927
-1.03246493139075e-05      1.99997047173131  -0.00167143936941339  -0.00166205920686814   0.00184702443691518  4.78102199344045e-17  5.04792492259282e-18  6.58272522726925e-18 -4.48811128248387e-19  -0.00232133542794711
 -0.00176098883665838  -0.00167143936941339       1.7768245338899    -0.121812626478229     0.425033294222951  1.09877067742435e-14  1.34441604033768e-15  1.93550235511992e-15  2.25392631173153e-16     -0.41663974223398
-0.000812186498237784  -0.00166205920686814    -0.121812626478229      1.89392693616111     0.161573791218731  3.53432417560443e-15 -9.87311175206492e-17 -7.04766094786345e-16 -8.17481415303316e-16    -0.185551451079213
  0.00361884135170799   0.00184702443691518     0.425033294222951     0.161573791218731      1.06526496908389 -6.89991803664532e-15 -5.32428592398516e-16  2.75626210128724e-14  -1.4456753361185e-15     0.867957666024153
 3.10394922798376e-16  4.78102199344045e-17  1.09877067742435e-14  3.53432417560443e-15 -6.89991803664532e-15      1.55195221871501 -2.52484993298446e-15    -0.810467405335663     0.138515104276584  2.46716122914321e-14
 3.52241210339943e-17  5.04792492259282e-18  1.34441604033768e-15 -9.87311175206492e-17 -5.32428592398516e-16 -2.52484993298446e-15      1.55195221871502    -0.138515104276586    -0.810467405335656  2.76090685104256e-15
 4.16412794898458e-16  6.58272522726925e-18  1.93550235511992e-15 -7.04766094786345e-16  2.75626210128724e-14    -0.810467405335663    -0.138515104276586     0.491120927831134  1.16065421144803e-15  8.09253904598208e-15
-2.21129963114498e-17 -4.48811128248387e-19  2.25392631173153e-16 -8.17481415303316e-16  -1.4456753361185e-15     0.138515104276584    -0.810467405335656  1.16065421144803e-15     0.491120927831124 -2.03526266949528e-16
 -0.00344537183392927  -0.00232133542794711     -0.41663974223398    -0.185551451079213     0.867957666024153  2.46716122914321e-14  2.76090685104256e-15  8.09253904598208e-15 -2.03526266949528e-16       1.1778812584712
TOTAL ENERGY: -124.525712428973	 lambda: -4.65	 population of target: 3.93169265917781
1RDM: 
     1.99998571757878 -1.02399371020074e-05  -0.00174591058959103 -0.000803908484913499   0.00359459646068669  3.09523350678992e-16  3.50748131411693e-17  4.16143438327819e-16 -2.21964175741115e-17  -0.00342818119416322
-1.02399371020074e-05       1.9999704864325  -0.00166625658323326  -0.00165947588788519   0.00184018692546554  4.76261477660129e-17  5.03389674189675e-18  6.53416983712944e-18 -4.35243840898568e-19   -0.0023195330995285
 -0.00174591058959103  -0.00166625658323326      1.77782339894412    -0.121194448859172     0.423804180607484  1.09548488696283e-14  1.34039794052964e-15  1.92708997378843e-15  2.25324233353749e-16    -0.416192613656549
-0.000803908484913499  -0.00165947588788519    -0.121194448859172      1.89425664310779     0.160648123972282   3.5107480144643e-15  -9.8965411586907e-17 -7.09044552593429e-16 -8.13721539782002e-16    -0.185022531050118
  0.00359459646068669   0.00184018692546554     0.423804180607484     0.160648123972282      1.06606053844915 -6.89640293975756e-15 -5.30512139343892e-16  2.75618021873893e-14 -1.44285867801564e-15     0.868664074818338
 3.09523350678992e-16  4.76261477660129e-17  1.09548488696283e-14   3.5107480144643e-15 -6.89640293975756e-15      1.55249095741561 -2.19890140935789e-15    -0.810130062326554     0.138457449733248  2.46855870083011e-14
 3.50748131411693e-17  5.03389674189675e-18  1.34039794052964e-15  -9.8965411586907e-17 -5.30512139343892e-16 -2.19890140935789e-15      1.55249095741563    -0.138457449733249    -0.810130062326546  2.76323742155962e-15
 4.16143438327819e-16  6.53416983712944e-18  1.92708997378843e-15 -7.09044552593429e-16  2.75618021873893e-14    -0.810130062326554    -0.138457449733249     0.490561347992206  3.97558641846275e-16  8.08993139513247e-15
-2.21964175741115e-17 -4.35243840898568e-19  2.25324233353749e-16 -8.13721539782002e-16 -1.44285867801564e-15     0.138457449733248    -0.810130062326546  3.97558641846275e-16     0.490561347992193 -2.01194792615444e-16
 -0.00342818119416322   -0.0023195330995285    -0.416192613656549    -0.185022531050118     0.868664074818338  2.46855870083011e-14  2.76323742155962e-15  8.08993139513247e-15 -2.01194792615444e-16      1.17579860467208
TOTAL ENERGY: -124.528024721282	 lambda: -4.6	 population of target: 3.93219263196726
1RDM: 
     1.99998589692369 -1.01553390234324e-05  -0.00173079479542959 -0.000795661162144263    0.0035702053607152  3.08642563157709e-16  3.49243628074274e-17  4.15872891915595e-16 -2.22801009712477e-17  -0.00341100694646971
-1.01553390234324e-05      1.99997050122035  -0.00166104059120392  -0.00165689655628673   0.00183329591778634  4.74417371492579e-17  5.01982978988245e-18  6.48581844475127e-18 -4.21708117617925e-19  -0.00231782110852034
 -0.00173079479542959  -0.00166104059120392      1.77883476974451     -0.12057492135643     0.422547966074126  1.09210673156222e-14  1.33624297097435e-15  1.91806125783659e-15  2.25233397891571e-16    -0.415744259986555
-0.000795661162144263  -0.00165689655628673     -0.12057492135643      1.89458482913961      0.15971845300408  3.48694171368981e-15 -9.92119655960115e-17 -7.13694428914144e-16 -8.09933313898518e-16     -0.18449981943664
   0.0035702053607152   0.00183329591778634     0.422547966074126      0.15971845300408      1.06691013792671 -6.89200894748756e-15 -5.28476203012984e-16  2.75611030902733e-14 -1.43999914781393e-15     0.869375969458115
 3.08642563157709e-16  4.74417371492579e-17  1.09210673156222e-14  3.48694171368981e-15 -6.89200894748756e-15      1.55304698104366 -2.22838810183171e-15    -0.809781258665229     0.138397836518003  2.46997372801812e-14
 3.49243628074274e-17  5.01982978988245e-18  1.33624297097435e-15 -9.92119655960115e-17 -5.28476203012984e-16 -2.22838810183171e-15      1.55304698104367    -0.138397836518005     -0.80978125866522   2.7656154150326e-15
 4.15872891915595e-16  6.48581844475127e-18  1.91806125783659e-15 -7.13694428914144e-16  2.75611030902733e-14    -0.809781258665229    -0.138397836518005     0.489984218709171   2.9321358258001e-16  8.08744160898784e-15
-2.22801009712477e-17 -4.21708117617925e-19  2.25233397891571e-16 -8.09933313898518e-16 -1.43999914781393e-15     0.138397836518003     -0.80978125866522   2.9321358258001e-16     0.489984218709158 -1.98794632942435e-16
 -0.00341100694646971  -0.00231782110852034    -0.415744259986555     -0.18449981943664     0.869375969458115  2.46997372801812e-14   2.7656154150326e-15  8.08744160898784e-15 -1.98794632942435e-16      1.17365146553952
TOTAL ENERGY: -124.530404570289	 lambda: -4.55	 population of target: 3.93271283651458
1RDM: 
     1.99998607559082 -1.00708537798136e-05  -0.00171564102801973 -0.000787444973034805   0.00354566557312816  3.07753199640128e-16  3.47728788501817e-17  4.15602943145317e-16 -2.23640862511883e-17  -0.00339385275471507
-1.00708537798136e-05      1.99997051611157  -0.00165578939773588  -0.00165432043089389   0.00182634808843487  4.72558354507091e-17  5.00552897363432e-18  6.43690616834279e-18 -4.08232087462698e-19  -0.00231620242638296
 -0.00171564102801973  -0.00165578939773588      1.77985905836339    -0.119953977109782     0.421263612071514  1.08865386728197e-14  1.33197866574682e-15  1.90881875118112e-15  2.25112414827219e-16    -0.415294713333671
-0.000787444973034805  -0.00165432043089389    -0.119953977109782       1.8949115043793     0.158784647485625   3.4630532608452e-15 -9.94428122609348e-17 -7.18361446278369e-16 -8.06114184789272e-16    -0.183983614078287
  0.00354566557312816   0.00182634808843487     0.421263612071514     0.158784647485625      1.06781638071625 -6.88674377182735e-15 -5.26318821012849e-16  2.75604911012937e-14 -1.43708704418038e-15      0.87009337906985
 3.07753199640128e-16  4.72558354507091e-17  1.08865386728197e-14   3.4630532608452e-15 -6.88674377182735e-15      1.55362112294182 -2.40886800061938e-15    -0.809420412624478      0.13833616516676  2.47138993968302e-14
 3.47728788501817e-17  5.00552897363432e-18  1.33197866574682e-15 -9.94428122609348e-17 -5.26318821012849e-16 -2.40886800061938e-15      1.55362112294183    -0.138336165166761     -0.80942041262447  2.76801965253897e-15
 4.15602943145317e-16  6.43690616834279e-18  1.90881875118112e-15 -7.18361446278369e-16  2.75604911012937e-14    -0.809420412624478    -0.138336165166761     0.489388701495229   4.8041622222285e-16  8.08475793683477e-15
-2.23640862511883e-17 -4.08232087462698e-19  2.25112414827219e-16 -8.06114184789272e-16 -1.43708704418038e-15      0.13833616516676     -0.80942041262447   4.8041622222285e-16     0.489388701495215 -1.96311815642311e-16
 -0.00339385275471507  -0.00231620242638296    -0.415294713333671    -0.183983614078287      0.87009337906985  2.47138993968302e-14  2.76801965253897e-15  8.08475793683477e-15 -1.96311815642311e-16       1.1714368159646
TOTAL ENERGY: -124.532855540259	 lambda: -4.5	 population of target: 3.93325450769824
1RDM: 
     1.99998625356584 -9.98647992854393e-06   -0.0017004488202136 -0.000779260346132667   0.00352097445159141  3.06855005130376e-16  3.46203388455735e-17  4.15333738894561e-16 -2.24483763734664e-17   -0.0033767224823787
-9.98647992854393e-06      1.99997053112399  -0.00165050089147886  -0.00165174666207132   0.00181933989373685  4.70683422106707e-17  4.99098065935017e-18  6.38743821402877e-18 -3.94817236753065e-19   -0.0023146801758908
  -0.0017004488202136  -0.00165050089147886       1.7808966974137    -0.119331542438877      0.41995002256122  1.08512381053663e-14   1.3276012102263e-15  1.89936310987485e-15  2.24959609386197e-16    -0.414844007584046
-0.000779260346132667  -0.00165174666207132    -0.119331542438877       1.8952366826983     0.157846562350409  3.43907868469552e-15 -9.96576463660248e-17 -7.23045831082142e-16  -8.0226329992141e-16    -0.183474224634961
  0.00352097445159141   0.00181933989373685      0.41995002256122     0.157846562350409      1.06878204286425 -6.88057160725384e-15 -5.24034783075931e-16  2.75599586342345e-14 -1.43411883798158e-15     0.870816319709414
 3.06855005130376e-16  4.70683422106707e-17  1.08512381053663e-14  3.43907868469552e-15 -6.88057160725384e-15       1.5542142705872 -1.54432349965711e-15    -0.809046902896942     0.138272329493638  2.47280593241746e-14
 3.46203388455735e-17  4.99098065935017e-18   1.3276012102263e-15 -9.96576463660248e-17 -5.24034783075931e-16 -1.54432349965711e-15      1.55421427058721     -0.13827232949364     -0.80904690289694  2.77044917282591e-15
 4.15333738894561e-16  6.38743821402877e-18  1.89936310987485e-15 -7.23045831082142e-16  2.75599586342345e-14    -0.809046902896942     -0.13827232949364     0.488773903046683  1.18262329132642e-15  8.08185395290201e-15
-2.24483763734664e-17 -3.94817236753065e-19  2.24959609386197e-16  -8.0226329992141e-16 -1.43411883798158e-15     0.138272329493638     -0.80904690289694  1.18262329132642e-15     0.488773903046676 -1.93742216100023e-16
  -0.0033767224823787   -0.0023146801758908    -0.414844007584046    -0.183474224634961     0.870816319709414  2.47280593241746e-14  2.77044917282591e-15  8.08185395290201e-15 -1.93742216100023e-16       1.1691514450662
TOTAL ENERGY: -124.535381442922	 lambda: -4.45	 population of target: 3.93381897709735
1RDM: 
     1.99998643083429 -9.90221586208859e-06   -0.0016852176590919 -0.000771107692619162   0.00349612916450283  3.05947805826685e-16   3.4466732396111e-17  4.15065622940409e-16 -2.25329805345461e-17  -0.00335962020333606
-9.90221586208859e-06      1.99997054627672  -0.00164517283616117  -0.00164917432427693   0.00181226755502437  4.68791612377359e-17  4.97617142053784e-18  6.33762128628796e-18 -3.81470139544498e-19  -0.00231325763993661
  -0.0016852176590919  -0.00164517283616117      1.78194814136927    -0.118707536165054     0.418606039959755  1.08151511500044e-14  1.32310814916242e-15  1.88972168719403e-15  2.24772314024646e-16    -0.414392178427712
-0.000771107692619162  -0.00164917432427693    -0.118707536165054      1.89556038210691     0.156904036702052   3.4149995151045e-15 -9.98582895793423e-17 -7.27763218045474e-16 -7.98379459527829e-16    -0.182971972925814
  0.00349612916450283   0.00181226755502437     0.418606039959755     0.156904036702052      1.06981007576259 -6.87348273571102e-15 -5.21622566985397e-16  2.75594525510884e-14 -1.43108941602427e-15     0.871544792236185
 3.05947805826685e-16  4.68791612377359e-17  1.08151511500044e-14   3.4149995151045e-15 -6.87348273571102e-15      1.55482736942697 -1.48747801511576e-15    -0.808660065552457     0.138206216028278  2.47421696258597e-14
  3.4466732396111e-17  4.97617142053784e-18  1.32310814916242e-15 -9.98582895793423e-17 -5.21622566985397e-16 -1.48747801511576e-15      1.55482736942697    -0.138206216028279    -0.808660065552451  2.77289840904336e-15
 4.15065622940409e-16  6.33762128628796e-18  1.88972168719403e-15 -7.27763218045474e-16  2.75594525510884e-14    -0.808660065552457    -0.138206216028279     0.488138871441913  3.13003870204622e-16  8.07864053511281e-15
-2.25329805345461e-17 -3.81470139544498e-19  2.24772314024646e-16 -7.98379459527829e-16 -1.43108941602427e-15     0.138206216028278    -0.808660065552451  3.13003870204622e-16     0.488138871441905 -1.91079608145969e-16
 -0.00335962020333606  -0.00231325763993661    -0.414392178427712    -0.182971972925814     0.871544792236185  2.47421696258597e-14  2.77289840904336e-15  8.07864053511281e-15 -1.91079608145969e-16      1.16679194191252
TOTAL ENERGY: -124.537986358827	 lambda: -4.4	 population of target: 3.9344076821881
1RDM: 
     1.99998660738168 -9.81805978647565e-06    -0.001669946981167  -0.00076298740327691   0.00347112667605342   3.0503251985612e-16  3.43122008491736e-17  4.14801064572788e-16 -2.26179755850442e-17  -0.00334255021377346
-9.81805978647565e-06      1.99997056159019  -0.00163980286152152  -0.00164660240869869   0.00180512703986545  4.66882482819575e-17  4.96108786344703e-18  6.28978122889409e-18 -3.68253901587081e-19  -0.00231193827171906
   -0.001669946981167  -0.00163980286152152      1.78301386793513    -0.118081868880543     0.417230440755508  1.07783988233486e-14  1.31851538661059e-15  1.88023009920968e-15  2.24537858993763e-16     -0.41393926341292
 -0.00076298740327691  -0.00164660240869869    -0.118081868880543      1.89588262522744     0.155956892089287  3.39065743484945e-15 -1.00067181268587e-16 -7.32668331527469e-16 -7.94457956950017e-16    -0.182477193314295
  0.00347112667605342   0.00180512703986545     0.417230440755508     0.155956892089287      1.07090361995583 -6.86577464525034e-15 -5.19124101100689e-16  2.75584274128783e-14 -1.42797854115947e-15     0.872278779723037
  3.0503251985612e-16  4.66882482819575e-17  1.07783988233486e-14  3.39065743484945e-15 -6.86577464525034e-15      1.55546142763922 -2.46240703185567e-15    -0.808259190356574     0.138137703387769  2.47558240105053e-14
 3.43122008491736e-17  4.96108786344703e-18  1.31851538661059e-15 -1.00067181268587e-16 -5.19124101100689e-16 -2.46240703185567e-15      1.55546142763923     -0.13813770338777    -0.808259190356565  2.77531180786564e-15
 4.14801064572788e-16  6.28978122889409e-18  1.88023009920968e-15 -7.32668331527469e-16  2.75584274128783e-14    -0.808259190356574     -0.13813770338777     0.487482591290607  4.83651291061507e-16  8.07434845255842e-15
-2.26179755850442e-17 -3.68253901587081e-19  2.24537858993763e-16 -7.94457956950017e-16 -1.42797854115947e-15     0.138137703387769    -0.808259190356565  4.83651291061507e-16     0.487482591290592  -1.8829681053881e-16
 -0.00334255021377346  -0.00231193827171906     -0.41393926341292    -0.182477193314295     0.872278779723037  2.47558240105053e-14  2.77531180786564e-15  8.07434845255842e-15  -1.8829681053881e-16      1.16435468005011
TOTAL ENERGY: -124.540674660771	 lambda: -4.35	 population of target: 3.93502217654157
1RDM: 
     1.99998678319344 -9.73400969702919e-06  -0.00165463616723025 -0.000754899845191158   0.00344596372619325  3.04107442188917e-16  3.41565246548916e-17  4.14537613021542e-16 -2.27032804391471e-17  -0.00332551704532383
-9.73400969702919e-06      1.99997057708639  -0.00163438845293197  -0.00164402981451698   0.00179791404162587  4.64954124153537e-17  4.94571223515045e-18  6.24122211085585e-18 -3.55098234294395e-19  -0.00231072570531583
 -0.00165463616723025  -0.00163438845293197      1.78409437956214    -0.117454442122671      0.41582193075754  1.07407752292765e-14   1.3137945171174e-15  1.87049588086441e-15  2.24267064087646e-16    -0.413485301939031
-0.000754899845191158  -0.00164402981451698    -0.117454442122671      1.89620343983953     0.155004930600276  3.36624525019296e-15 -1.00254895550471e-16 -7.37546632411489e-16 -7.90503234424394e-16     -0.18199023306998
  0.00344596372619325   0.00179791404162587      0.41582193075754     0.155004930600276      1.07206602003342 -6.85703061377038e-15 -5.16480163415853e-16  2.75574563756537e-14 -1.42479936027642e-15     0.873018244541163
 3.04107442188917e-16  4.64954124153537e-17  1.07407752292765e-14  3.36624525019296e-15 -6.85703061377038e-15      1.55611752122181 -2.51160082166257e-15     -0.80784351678662     0.138066661590046  2.47694356116464e-14
 3.41565246548916e-17  4.94571223515045e-18   1.3137945171174e-15 -1.00254895550471e-16 -5.16480163415853e-16 -2.51160082166257e-15      1.55611752122183    -0.138066661590047     -0.80784351678661  2.77774811256501e-15
 4.14537613021542e-16  6.24122211085585e-18  1.87049588086441e-15 -7.37546632411489e-16  2.75574563756537e-14     -0.80784351678662    -0.138066661590047     0.486803978583314  2.97931616199123e-16  8.06976658851068e-15
-2.27032804391471e-17 -3.55098234294395e-19  2.24267064087646e-16 -7.90503234424394e-16 -1.42479936027642e-15     0.138066661590046     -0.80784351678661  2.97931616199123e-16       0.4868039785833 -1.85414006973996e-16
 -0.00332551704532383  -0.00231072570531583    -0.413485301939031     -0.18199023306998     0.873018244541163  2.47694356116464e-14  2.77774811256501e-15  8.06976658851068e-15 -1.85414006973996e-16      1.16183580067488
TOTAL ENERGY: -124.543451039878	 lambda: -4.3	 population of target: 3.93566414122257
1RDM: 
     1.99998695825498 -9.65006335136817e-06  -0.00163928453646499 -0.000746845357897568    0.0034206368071079  3.03171122679626e-16   3.3999520774518e-17  4.14273324808536e-16 -2.27888297970245e-17  -0.00330852547845596
-9.65006335136817e-06      1.99997059278886  -0.00162892694080288  -0.00164145534001719   0.00179062395686097  4.63003879788213e-17  4.93001374812368e-18  6.18966965483813e-18 -3.41947002115074e-19  -0.00230962376747258
 -0.00163928453646499  -0.00162892694080288      1.78519020502594    -0.116825147486119     0.414379139915193   1.0702119512521e-14  1.30892342889939e-15  1.86022340694256e-15  2.23967803986206e-16    -0.413030335299329
-0.000746845357897568  -0.00164145534001719    -0.116825147486119      1.89652285946334     0.154047932717153  3.34190768298594e-15 -1.00398547831005e-16 -7.42239288500481e-16 -7.86517565623975e-16     -0.18151145272401
   0.0034206368071079   0.00179062395686097     0.414379139915193     0.154047932717153      1.07330084119512 -6.84687620905462e-15 -5.13637339092211e-16  2.75570573056138e-14 -1.42156273488146e-15     0.873763124932401
 3.03171122679626e-16  4.63003879788213e-17   1.0702119512521e-14  3.34190768298594e-15 -6.84687620905462e-15      1.55679679981558 -2.08079262153091e-15     -0.80741222949293     0.137992951284157  2.47833574623304e-14
  3.3999520774518e-17  4.93001374812368e-18  1.30892342889939e-15 -1.00398547831005e-16 -5.13637339092211e-16 -2.08079262153091e-15      1.55679679981559    -0.137992951284159    -0.807412229492923  2.78025785518202e-15
 4.14273324808536e-16  6.18966965483813e-18  1.86022340694256e-15 -7.42239288500481e-16  2.75570573056138e-14     -0.80741222949293    -0.137992951284159     0.486101874747268  5.31773688832491e-16  8.06556801886807e-15
-2.27888297970245e-17 -3.41947002115074e-19  2.23967803986206e-16 -7.86517565623975e-16 -1.42156273488146e-15     0.137992951284157    -0.807412229492923  5.31773688832491e-16     0.486101874747258 -1.82447440408174e-16
 -0.00330852547845596  -0.00230962376747258    -0.413030335299329     -0.18151145272401     0.873763124932401  2.47833574623304e-14  2.78025785518202e-15  8.06556801886807e-15 -1.82447440408174e-16      1.15923119414607
TOTAL ENERGY: -124.546320534301	 lambda: -4.25	 population of target: 3.93633539747055
1RDM: 
     1.99998713255173 -9.56621824359076e-06  -0.00162389134049099 -0.000738824249390735   0.00339514213977481  3.02215285363201e-16  3.38400622493323e-17  4.13993160602721e-16 -2.28741456989819e-17  -0.00329158055826957
-9.56621824359076e-06      1.99997060872297  -0.00162341548861315  -0.00163887767201891   0.00178325186168456  4.61024272865913e-17  4.91394297097901e-18  6.12000559928801e-18 -3.28403577373365e-19  -0.00230863649058601
 -0.00162389134049099  -0.00162341548861315      1.78630190121335    -0.116193865611892     0.412900616693681  1.06614680329934e-14  1.30377082195044e-15  1.84728565578259e-15  2.23705820690814e-16    -0.412574406594294
-0.000738824249390735  -0.00163887767201891    -0.116193865611892      1.89684092403446     0.153085654972268  3.31850431693526e-15 -1.00368461678093e-16  -7.4597471271395e-16 -7.82517845095056e-16    -0.181041226391879
  0.00339514213977481   0.00178325186168456     0.412900616693681     0.153085654972268      1.07461188700242  -6.8329321262307e-15 -5.10258269925009e-16  2.75610015467442e-14 -1.41837701607532e-15     0.874513331177937
 3.02215285363201e-16  4.61024272865913e-17  1.06614680329934e-14  3.31850431693526e-15  -6.8329321262307e-15      1.55750049305409 -2.70938565368652e-15    -0.806964453294383     0.137916422896483  2.48002471110156e-14
 3.38400622493323e-17  4.91394297097901e-18  1.30377082195044e-15 -1.00368461678093e-16 -5.10258269925009e-16 -2.70938565368652e-15      1.55750049305411    -0.137916422896485    -0.806964453294376  2.78321366928879e-15
 4.13993160602721e-16  6.12000559928801e-18  1.84728565578259e-15  -7.4597471271395e-16  2.75610015467442e-14    -0.806964453294383    -0.137916422896485     0.485375040231456  1.37724255515128e-15  8.06678591922336e-15
-2.28741456989819e-17 -3.28403577373365e-19  2.23705820690814e-16 -7.82517845095056e-16 -1.41837701607532e-15     0.137916422896483    -0.806964453294376  1.37724255515128e-15     0.485375040231445 -1.79545035109965e-16
 -0.00329158055826957  -0.00230863649058601    -0.412574406594294    -0.181041226391879     0.874513331177937  2.48002471110156e-14  2.78321366928879e-15  8.06678591922336e-15 -1.79545035109965e-16      1.15653647990399
TOTAL ENERGY: -124.549288561563	 lambda: -4.2	 population of target: 3.93703792099063
1RDM: 
     1.99998730606921 -9.48247153159051e-06  -0.00160845575131669 -0.000730836787940113   0.00336947562676989  3.01261222403029e-16  3.36811086935658e-17  4.13738977406066e-16  -2.2960559427164e-17  -0.00327468759639602
-9.48247153159051e-06       1.9999706249161  -0.00161785108119166  -0.00163629537631262   0.00177579247905025  4.59035068722629e-17  4.89764527109216e-18  6.07490121677437e-18 -3.15570764705607e-19  -0.00230776812338088
 -0.00160845575131669  -0.00161785108119166      1.78743005447801    -0.115560465125719      0.41138482204944  1.06213155422255e-14  1.29867245647562e-15  1.83747023591053e-15  2.23290182863661e-16    -0.412117561340447
-0.000730836787940113  -0.00163629537631262    -0.115560465125719      1.89715768066579     0.152117826946617  3.29344393776589e-15 -1.00552276220829e-16 -7.51242134286982e-16 -7.78449435206926e-16    -0.180579941888345
  0.00336947562676989   0.00177579247905025      0.41138482204944     0.152117826946617       1.0760032210819 -6.82155461955871e-15 -5.07244516581264e-16  2.75589069653385e-14 -1.41492827652056e-15     0.875268740539562
 3.01261222403029e-16  4.59035068722629e-17  1.06213155422255e-14  3.29344393776589e-15 -6.82155461955871e-15      1.55822991745001 -1.10615799285541e-15     -0.80649924783394     0.137836915715555  2.48127576719133e-14
 3.36811086935658e-17  4.89764527109216e-18  1.29867245647562e-15 -1.00552276220829e-16 -5.07244516581264e-16 -1.10615799285541e-15      1.55822991745001    -0.137836915715556    -0.806499247833937  2.78559041810044e-15
 4.13738977406066e-16  6.07490121677437e-18  1.83747023591053e-15 -7.51242134286982e-16  2.75589069653385e-14     -0.80649924783394    -0.137836915715556     0.484622147065376  5.81707020593472e-16  8.05951698968618e-15
 -2.2960559427164e-17 -3.15570764705607e-19  2.23290182863661e-16 -7.78449435206926e-16 -1.41492827652056e-15     0.137836915715555    -0.806499247833937  5.81707020593472e-16      0.48462214706537  -1.7628128295638e-16
 -0.00327468759639602  -0.00230776812338088    -0.412117561340447    -0.180579941888345     0.875268740539562  2.48127576719133e-14  2.78559041810044e-15  8.05951698968618e-15  -1.7628128295638e-16      1.15374698375828
TOTAL ENERGY: -124.552360952758	 lambda: -4.15	 population of target: 3.93777385754783
1RDM: 
     1.99998747879288 -9.39882007021669e-06  -0.00159297686304008 -0.000722883203103994   0.00334363285825251  3.00291085410328e-16  3.35202174827072e-17  4.13477520493842e-16 -2.30470053179887e-17  -0.00325785221350129
-9.39882007021669e-06      1.99997064139762  -0.00161223050712741  -0.00163370688022038   0.00176824015977199  4.57015315681373e-17  4.88092859854263e-18  6.01955413985506e-18 -3.02561734359071e-19  -0.00230702314938499
 -0.00159297686304008  -0.00161223050712741      1.78857528368105    -0.114924801287956      0.40983012259478  1.05796092847461e-14  1.29335170292691e-15  1.82615747248938e-15  2.22870443209418e-16    -0.411659846088262
-0.000722883203103994  -0.00163370688022038    -0.114924801287956      1.89747318448528     0.151144148952007  3.26885031818973e-15 -1.00628916034243e-16 -7.55944348746984e-16 -7.74354478157923e-16    -0.180128001211925
