TOTAL ENERGY: -124.23493751586	 lambda: -5	 population of target: 3.99338724358052
1RDM: 
     1.99999955280864 -5.63787545230548e-07   0.00017168733175571  3.05956889952494e-05 -0.000908730121573266  2.15765363232614e-17  -1.3647448558632e-17    8.124238166127e-17 -8.20376279285907e-17  0.000149575183694351
-5.63787545230548e-07      1.99997429304415   0.00122879322859417   0.00113471083405066 -0.000471595900702545  -6.6731506694627e-19  -2.1919033661376e-19  6.41031113739143e-19  1.86260839193968e-18  0.000192435410078942
  0.00017168733175571   0.00122879322859417       1.8908702520684   -0.0585789258741101     0.319907559379436 -4.77246180715054e-17 -9.08908111505561e-17  9.14635292742366e-17  1.13978598817259e-15   -0.0575796207353075
 3.05956889952494e-05   0.00113471083405066   -0.0585789258741101      1.94714223939154    0.0307080549413825  3.43079230755908e-16 -9.89178917064469e-18  3.61194557224464e-16 -1.39247240794409e-15   -0.0103945528746109
-0.000908730121573266 -0.000471595900702545     0.319907559379436    0.0307080549413825     0.133574105259586 -1.00433152368996e-15  7.85548468707523e-17  1.41672887249082e-16 -6.56729724420531e-16     0.303890047908776
 2.15765363232614e-17  -6.6731506694627e-19 -4.77246180715054e-17  3.43079230755908e-16 -1.00433152368996e-15      1.90517810798758  6.73317462269056e-16   -0.0946241480004178     0.409850960120717  1.08235916610167e-15
 -1.3647448558632e-17  -2.1919033661376e-19 -9.08908111505561e-17 -9.89178917064469e-18  7.85548468707523e-17  6.73317462269056e-16      1.90517810798758     0.409850960120724    0.0946241480004166  2.13492651812382e-16
   8.124238166127e-17  6.41031113739143e-19  9.14635292742366e-17  3.61194557224464e-16  1.41672887249082e-16   -0.0946241480004178     0.409850960120724      0.13406022953468  1.62113135207011e-16 -8.41758481317607e-17
-8.20376279285907e-17  1.86260839193968e-18  1.13978598817259e-15 -1.39247240794409e-15 -6.56729724420531e-16     0.409850960120717    0.0946241480004166  1.62113135207011e-16      0.13406022953468 -4.09042608259514e-15
 0.000149575183694351  0.000192435410078942   -0.0575796207353075   -0.0103945528746109     0.303890047908776  1.08235916610167e-15  2.13492651812382e-16 -8.41758481317607e-17 -4.09042608259514e-15      1.94996288238319
TOTAL ENERGY: -124.235185983173	 lambda: -4.95	 population of target: 3.99343718862785
1RDM: 
      1.9999995561711 -5.62066784697972e-07  0.000170894080813485  3.05180026488876e-05 -0.000905259185916871  2.16939550664335e-17 -1.35764483812179e-17   8.1081274088097e-17 -8.26397330501123e-17  0.000149373125037689
-5.62066784697972e-07      1.99997429172323   0.00122866527873315   0.00113487369494642 -0.000471639483733289 -6.66985638367168e-19 -2.18385082576138e-19  6.38450839902823e-19  1.86036205805653e-18  0.000193000741546707
 0.000170894080813485   0.00122866527873315      1.89099353962885   -0.0585805340828851     0.319562605158372 -4.80207620744647e-17 -9.08935792268203e-17  9.13464444803583e-17  1.14104549951673e-15   -0.0576683028818159
 3.05180026488876e-05   0.00113487369494642   -0.0585805340828851      1.94713059015177    0.0307438274485548  3.43094745200557e-16 -9.55481759471768e-18  3.59841784439572e-16 -1.39327597683933e-15   -0.0104304620156668
-0.000905259185916871 -0.000471639483733289     0.319562605158372    0.0307438274485548     0.133715824164828 -1.00458817381046e-15   7.8744906051684e-17  1.41322490306406e-16 -6.58351050781938e-16     0.304613213440311
 2.16939550664335e-17 -6.66985638367168e-19 -4.80207620744647e-17  3.43094745200557e-16 -1.00458817381046e-15      1.90524680638915   1.1893520990372e-15   -0.0945917319209405     0.409710554508742  1.08230845167524e-15
-1.35764483812179e-17 -2.18385082576138e-19 -9.08935792268203e-17 -9.55481759471768e-18   7.8744906051684e-17   1.1893520990372e-15      1.90524680638915     0.409710554508751    0.0945917319209376  2.13961719936749e-16
  8.1081274088097e-17  6.38450839902823e-19  9.13464444803583e-17  3.59841784439572e-16  1.41322490306406e-16   -0.0945917319209405     0.409710554508751     0.133986431370954 -1.54723181041781e-16 -8.69910945820882e-17
-8.26397330501123e-17  1.86036205805653e-18  1.14104549951673e-15 -1.39327597683933e-15 -6.58351050781938e-16     0.409710554508742    0.0945917319209376 -1.54723181041781e-16     0.133986431370944 -4.08989765506819e-15
 0.000149373125037689  0.000193000741546707   -0.0576683028818159   -0.0104304620156668     0.304613213440311  1.08230845167524e-15  2.13961719936749e-16 -8.69910945820882e-17 -4.08989765506819e-15       1.9497197226401
TOTAL ENERGY: -124.235443288622	 lambda: -4.9	 population of target: 3.99348943539705
1RDM: 
     1.99999955951108 -5.60349652565611e-07  0.000170101838759198  3.04428596273254e-05 -0.000901796646906131  2.18115266608379e-17 -1.35050669798021e-17  8.09195776852689e-17 -8.32444410145845e-17  0.000149181628051597
-5.60349652565611e-07      1.99997429042567   0.00122853125219601   0.00113503865186193 -0.000471675694579667 -6.66646004013208e-19 -2.17570808092741e-19  6.35852436005526e-19  1.85808332767465e-18   0.00019358124296895
 0.000170101838759198   0.00122853125219601       1.8911185043329   -0.0585827855170689     0.319212706701924 -4.83198248760387e-17 -9.09002867522529e-17  9.12444162094021e-17  1.14233788818379e-15   -0.0577605531334353
 3.04428596273254e-05   0.00113503865186193   -0.0585827855170689      1.94711862783984    0.0307842057978308  3.43113157082303e-16 -9.21395947047774e-18  3.58474170698038e-16 -1.39410051846125e-15   -0.0104680497525722
-0.000901796646906131 -0.000471675694579667     0.319212706701924    0.0307842057978308     0.133864566604143 -1.00485240102204e-15  7.89407560681768e-17  1.40958951157859e-16 -6.60025035226963e-16     0.305359565294137
 2.18115266608379e-17 -6.66646004013208e-19 -4.83198248760387e-17  3.43113157082303e-16 -1.00485240102204e-15      1.90531774798004  1.33496399667893e-15   -0.0945582373735561     0.409565477667375  1.08225549496763e-15
-1.35050669798021e-17 -2.17570808092741e-19 -9.09002867522529e-17 -9.21395947047774e-18  7.89407560681768e-17  1.33496399667893e-15      1.90531774798004     0.409565477667388    0.0945582373735533  2.14444204399776e-16
 8.09195776852689e-17  6.35852436005526e-19  9.12444162094021e-17  3.58474170698038e-16  1.40958951157859e-16   -0.0945582373735561     0.409565477667388     0.133910439198641  1.05036334670081e-16 -8.98928843328896e-17
-8.32444410145845e-17  1.85808332767465e-18  1.14233788818379e-15 -1.39410051846125e-15 -6.60025035226963e-16     0.409565477667375    0.0945582373735533  1.05036334670081e-16     0.133910439198635 -4.08934600106414e-15
 0.000149181628051597   0.00019358124296895   -0.0577605531334353   -0.0104680497525722     0.305359565294137  1.08225549496763e-15  2.14444204399776e-16 -8.98928843328896e-17 -4.08934600106414e-15      1.94946807692908
TOTAL ENERGY: -124.2357099212	 lambda: -4.85	 population of target: 3.99354413141853
1RDM: 
     1.99999956282772 -5.58636578029655e-07  0.000169310736083803  3.03703490621158e-05 -0.000898343457842066   2.1929233686658e-17 -1.34332984545341e-17  8.07572945510631e-17 -8.38517650759895e-17   0.00014900130909726
-5.58636578029655e-07      1.99997428915299   0.00122839088047675    0.0011352057417896 -0.000471704153981921 -6.66295633864089e-19 -2.16747069869326e-19  6.33235037221288e-19  1.85577055697293e-18  0.000194177581783352
 0.000169310736083803   0.00122839088047675      1.89124520916096   -0.0585856993344747     0.318857671646089 -4.86218698489419e-17  -9.0911055099262e-17  9.11579511743723e-17  1.14366453822437e-15   -0.0578565453785414
 3.03703490621158e-05    0.0011352057417896   -0.0585856993344747      1.94710634237681    0.0308293554553133  3.43134559389492e-16 -8.86907728605265e-18  3.57091194934987e-16 -1.39494697562769e-15   -0.0105073914251109
-0.000898343457842066 -0.000471704153981921     0.318857671646089    0.0308293554553133     0.134020720343605 -1.00512462137066e-15  7.91426721065181e-17   1.4058146814407e-16  -6.6175414459015e-16     0.306130226702546
  2.1929233686658e-17 -6.66295633864089e-19 -4.86218698489419e-17  3.43134559389492e-16 -1.00512462137066e-15      1.90539104368911  9.75894780720327e-16   -0.0945236102858845     0.409415495390083  1.08220016028055e-15
-1.34332984545341e-17 -2.16747069869326e-19  -9.0911055099262e-17 -8.86907728605265e-18  7.91426721065181e-17  9.75894780720327e-16      1.90539104368911     0.409415495390093    0.0945236102858823  2.14940703193209e-16
 8.07572945510631e-17  6.33235037221288e-19  9.11579511743723e-17  3.57091194934987e-16   1.4058146814407e-16   -0.0945236102858845     0.409415495390093     0.133832144166904  5.59655978934761e-17 -9.28853429761394e-17
-8.38517650759895e-17  1.85577055697293e-18  1.14366453822437e-15 -1.39494697562769e-15  -6.6175414459015e-16     0.409415495390083    0.0945236102858823  5.59655978934761e-17     0.133832144166903 -4.08876972770344e-15
  0.00014900130909726  0.000194177581783352   -0.0578565453785414   -0.0105073914251109     0.306130226702546  1.08220016028055e-15  2.14940703193209e-16 -9.28853429761394e-17 -4.08876972770344e-15      1.94920750042599
TOTAL ENERGY: -124.235986406026	 lambda: -4.8	 population of target: 3.99360143629862
1RDM: 
     1.99999956612004 -5.56928009084329e-07  0.000168520910356376  3.03005645781687e-05   -0.0008949006253375  2.20470575605828e-17 -1.33611366134914e-17  8.05944273918882e-17  -8.4461719336795e-17  0.000148832825570339
-5.56928009084329e-07      1.99997428790681   0.00122824387843405   0.00113537500055061 -0.000471724457820295 -6.65933826012403e-19 -2.15913286328586e-19  6.30597416313056e-19  1.85342139284541e-18  0.000194790465456592
 0.000168520910356376   0.00122824387843405      1.89137372026312   -0.0585892953777356     0.318497297381517  -4.8926999816259e-17 -9.09259944732804e-17   9.1087471316613e-17  1.14502706096549e-15   -0.0579564649756839
 3.03005645781687e-05   0.00113537500055061   -0.0585892953777356      1.94709372324372    0.0308794495168946  3.43159127134998e-16 -8.52000821775159e-18  3.55692307507705e-16 -1.39581671445325e-15   -0.0105485669532814
  -0.0008949006253375 -0.000471724457820295     0.318497297381517    0.0308794495168946     0.134184701677758 -1.00540528895016e-15  7.93509431399785e-17  1.40189176598587e-16 -6.63540949681673e-16     0.306926394535329
 2.20470575605828e-17 -6.65933826012403e-19  -4.8926999816259e-17  3.43159127134998e-16 -1.00540528895016e-15      1.90546681186483  1.32676906877427e-15   -0.0944877929173188     0.409260357581577  1.08214230807914e-15
-1.33611366134914e-17 -2.15913286328586e-19 -9.09259944732804e-17 -8.52000821775159e-18  7.93509431399785e-17  1.32676906877427e-15      1.90546681186482      0.40926035758159     0.094487792917316  2.15451852832176e-16
 8.05944273918882e-17  6.30597416313056e-19   9.1087471316613e-17  3.55692307507705e-16  1.40189176598587e-16   -0.0944877929173188      0.40926035758159     0.133751430107587  4.63333333190244e-17 -9.59728660946834e-17
 -8.4461719336795e-17  1.85342139284541e-18  1.14502706096549e-15 -1.39581671445325e-15 -6.63540949681673e-16     0.409260357581577     0.094487792917316  4.63333333190244e-17     0.133751430107578 -4.08816736771742e-15
 0.000148832825570339  0.000194790465456592   -0.0579564649756839   -0.0105485669532814     0.306926394535329  1.08214230807914e-15  2.15451852832176e-16 -9.59728660946834e-17 -4.08816736771742e-15      1.94893751684378
TOTAL ENERGY: -124.236273307731	 lambda: -4.75	 population of target: 3.99366152293197
1RDM: 
      1.9999995693871 -5.55224413388397e-07  0.000167732506649303  3.02336045953811e-05 -0.000891469212638146  2.21649816003078e-17 -1.32885748450294e-17  8.04309822514809e-17 -8.50743324655455e-17    0.0001486768793126
-5.55224413388397e-07      1.99997428668893   0.00122808994334046   0.00113554646283884 -0.000471736175083396 -6.65559249388556e-19 -2.15068422134905e-19  6.27937105213943e-19  1.85103109972235e-18  0.000195420644592978
 0.000167732506649303   0.00122808994334046      1.89150410714823   -0.0585935942178372     0.318131370334351 -4.92361160057207e-17 -9.09451876830467e-17  9.10324955117599e-17  1.14643048692837e-15   -0.0580605097181987
 3.02336045953811e-05   0.00113554646283884   -0.0585935942178372      1.94708075944138    0.0309346691497037  3.43187959519304e-16 -8.16648469857804e-18  3.54277428285075e-16 -1.39671529497581e-15   -0.0105916611984327
-0.000891469212638146 -0.000471736175083396     0.318131370334351    0.0309346691497037     0.134356958078988 -1.00569495549162e-15    7.956586303544e-17  1.39781061288194e-16 -6.65387590184494e-16     0.307749345453385
 2.21649816003078e-17 -6.65559249388556e-19 -4.92361160057207e-17  3.43187959519304e-16 -1.00569495549162e-15      1.90554517888215  1.20584260498705e-15   -0.0944507235543554     0.409099796935249   1.0820818508553e-15
-1.32885748450294e-17 -2.15068422134905e-19 -9.09451876830467e-17 -8.16648469857804e-18    7.956586303544e-17  1.20584260498705e-15      1.90554517888215     0.409099796935253    0.0944507235543513   2.1597834023674e-16
 8.04309822514809e-17  6.27937105213943e-19  9.10324955117599e-17  3.54277428285075e-16  1.39781061288194e-16   -0.0944507235543554     0.409099796935253      0.13366817294279 -6.66293784383386e-16 -9.91601126995312e-17
-8.50743324655455e-17  1.85103109972235e-18  1.14643048692837e-15 -1.39671529497581e-15 -6.65387590184494e-16     0.409099796935249    0.0944507235543513 -6.66293784383386e-16     0.133668172942785 -4.08753767559789e-15
   0.0001486768793126  0.000195420644592978   -0.0580605097181987   -0.0105916611984327     0.307749345453385   1.0820818508553e-15   2.1597834023674e-16 -9.91601126995312e-17 -4.08753767559789e-15      1.94865761560554
TOTAL ENERGY: -124.236571234254	 lambda: -4.7	 population of target: 3.99372457886992
1RDM: 
     1.99999957262785 -5.53526294986673e-07  0.000166945678520729  3.01695730625745e-05 -0.000888050343412151  2.22829197543546e-17 -1.32156062332294e-17  8.02668990215368e-17 -8.56893428721419e-17  0.000148534220488491
-5.53526294986673e-07      1.99997428550123   0.00122792875771441   0.00113572016543725 -0.000471738850649709 -6.65201208314517e-19 -2.14234208720771e-19  6.25314024602128e-19  1.84872538825795e-18   0.00019606891736752
 0.000166945678520729   0.00122792875771441      1.89163644270389   -0.0585986173931901     0.317759664977948 -4.95366857230033e-17 -9.09718630401393e-17  9.10195492449662e-17   1.1478273042494e-15   -0.0581688908959002
 3.01695730625745e-05   0.00113572016543725   -0.0585986173931901      1.94706743918947    0.0309952036516734    3.432005715583e-16 -7.81215866344982e-18  3.52842128685058e-16 -1.39754943444118e-15   -0.0106367643157558
-0.000888050343412151 -0.000471738850649709     0.317759664977948    0.0309952036516734     0.134537970805452 -1.00599264732156e-15  7.97883116309359e-17   1.3935722242415e-16  -6.6730966293305e-16     0.308600442798444
 2.22829197543546e-17 -6.65201208314517e-19 -4.95366857230033e-17    3.432005715583e-16 -1.00599264732156e-15      1.90562628000783  1.52466743346948e-15   -0.0944123360668728     0.408933527026025  1.08201702564867e-15
-1.32156062332294e-17 -2.14234208720771e-19 -9.09718630401393e-17 -7.81215866344982e-18  7.97883116309359e-17  1.52466743346948e-15      1.90562628000783     0.408933527026039    0.0944123360668694  2.16520358130457e-16
 8.02668990215368e-17  6.25314024602128e-19  9.10195492449662e-17  3.52842128685058e-16   1.3935722242415e-16   -0.0944123360668728     0.408933527026039     0.133582240238539  5.28942192422756e-18 -1.02451707158205e-16
-8.56893428721419e-17  1.84872538825795e-18   1.1478273042494e-15 -1.39754943444118e-15  -6.6730966293305e-16     0.408933527026025    0.0944123360668694  5.28942192422756e-18     0.133582240238533 -4.08687040489753e-15
 0.000148534220488491   0.00019606891736752   -0.0581688908959002   -0.0106367643157558     0.308600442798444  1.08201702564867e-15  2.16520358130457e-16 -1.02451707158205e-16 -4.08687040489753e-15      1.94836724867945
TOTAL ENERGY: -124.236880840612	 lambda: -4.65	 population of target: 3.9937908077526
1RDM: 
     1.99999957584119 -5.51834132342042e-07  0.000166160587011076  3.01085780120562e-05 -0.000884645205426933  2.24009911480089e-17 -1.31422226209095e-17  8.01023185569422e-17 -8.63073759697277e-17  0.000148405651030485
-5.51834132342042e-07      1.99997428434601    0.0012277599680017   0.00113589613052794 -0.000471731976788314 -6.64800177845842e-19 -2.13366731481705e-19  6.22608445413798e-19   1.8462537622177e-18  0.000196736127958615
 0.000166160587011076    0.0012277599680017      1.89177080387422   -0.0586043866269412     0.317381944443658 -4.98580454429718e-17  -9.1000412643424e-17  9.09952448584779e-17  1.14933533054228e-15   -0.0582818344692198
 3.01085780120562e-05   0.00113589613052794   -0.0586043866269412      1.94705375087082    0.0310612518228848  3.43241663440632e-16  -7.4492132584896e-18  3.51396777958425e-16  -1.3985240808677e-15   -0.0106839722438143
-0.000884645205426933 -0.000471731976788314     0.317381944443658    0.0310612518228848     0.134728259439194 -1.00630198483937e-15  8.00175932310057e-17  1.38913840769493e-16 -6.69282975869283e-16     0.309481142852809
 2.24009911480089e-17 -6.64800177845842e-19 -4.98580454429718e-17  3.43241663440632e-16 -1.00630198483937e-15       1.9057102598172   1.9778209464751e-15   -0.0943725597343152     0.408761241524067  1.08195098995689e-15
-1.31422226209095e-17 -2.13366731481705e-19  -9.1000412643424e-17  -7.4492132584896e-18  8.00175932310057e-17   1.9778209464751e-15      1.90571025981719     0.408761241524088    0.0943725597343112  2.17079683035222e-16
 8.01023185569422e-17  6.22608445413798e-19  9.09952448584779e-17  3.51396777958425e-16  1.38913840769493e-16   -0.0943725597343152     0.408761241524088       0.1334934892623  2.12588735097917e-16 -1.05853411153043e-16
-8.63073759697277e-17   1.8462537622177e-18  1.14933533054228e-15  -1.3985240808677e-15 -6.69282975869283e-16     0.408761241524067    0.0943725597343112  2.12588735097917e-16     0.133493489262293 -4.08618160356805e-15
 0.000148405651030485  0.000196736127958615   -0.0582818344692198   -0.0106839722438143     0.309481142852809  1.08195098995689e-15  2.17079683035222e-16 -1.05853411153043e-16 -4.08618160356805e-15      1.94806582746964
TOTAL ENERGY: -124.237202834423	 lambda: -4.6	 population of target: 3.99386043119969
1RDM: 
       1.999999579026 -5.50148474976345e-07  0.000165377402603338  3.00507346327519e-05 -0.000881255053794167  2.25190465424815e-17 -1.30684163566084e-17  7.99371232183553e-17  -8.6927915331814e-17  0.000148292030294798
-5.50148474976345e-07      1.99997428322529   0.00122758321608038   0.00113607439267103 -0.000471715038227781 -6.64394794924698e-19 -2.12493573474427e-19  6.19896249223278e-19  1.84377589444384e-18  0.000197423179852782
 0.000165377402603338   0.00122758321608038      1.89190727188223   -0.0586109248137603     0.316997956680363 -5.01733165362846e-17 -9.10348643131649e-17  9.10036643994505e-17  1.15084767378773e-15   -0.0583995822734221
 3.00507346327519e-05   0.00113607439267103   -0.0586109248137603      1.94703968183612    0.0311330217184838  3.43274757197983e-16 -7.08228821459448e-18  3.49925202548709e-16 -1.39947499106913e-15   -0.0107333871399995
-0.000881255053794167 -0.000471715038227781     0.316997956680363    0.0311330217184838     0.134928383176438 -1.00662125405033e-15  8.02547301962847e-17   1.3845280632706e-16 -6.71333472638655e-16     0.310393005504269
 2.25190465424815e-17 -6.64394794924698e-19 -5.01733165362846e-17  3.43274757197983e-16 -1.00662125405033e-15      1.90579727335454  1.18699164446236e-15   -0.0943313186071204     0.408582611470444  1.08188093034016e-15
-1.30684163566084e-17 -2.12493573474427e-19 -9.10348643131649e-17 -7.08228821459448e-18  8.02547301962847e-17  1.18699164446236e-15      1.90579727335453     0.408582611470448    0.0943313186071162   2.1765647591581e-16
 7.99371232183553e-17  6.19896249223278e-19  9.10036643994505e-17  3.49925202548709e-16   1.3845280632706e-16   -0.0943313186071204     0.408582611470448     0.133401767967767 -6.71240730335299e-16 -1.09371294797951e-16
 -8.6927915331814e-17  1.84377589444384e-18  1.15084767378773e-15 -1.39947499106913e-15 -6.71333472638655e-16     0.408582611470444    0.0943313186071162 -6.71240730335299e-16     0.133401767967764 -4.08545505616944e-15
 0.000148292030294798  0.000197423179852782   -0.0583995822734221   -0.0107333871399995     0.310393005504269  1.08188093034016e-15   2.1765647591581e-16 -1.09371294797951e-16 -4.08545505616944e-15      1.94775271820936
TOTAL ENERGY: -124.237537980308	 lambda: -4.55	 population of target: 3.99393369055835
1RDM: 
     1.99999958218106  -5.4846986397733e-07  0.000164596305685224  2.99961628566627e-05 -0.000877881222510253  2.26371605733164e-17 -1.29941746432092e-17  7.97713995864004e-17  -8.7551416063309e-17  0.000148194280205073
 -5.4846986397733e-07      1.99997428214172   0.00122739808495157   0.00113625494833088 -0.000471687479576122 -6.64161402196051e-19 -2.11745026514709e-19  6.17519306364618e-19  1.84209472785362e-18  0.000198131030162095
 0.000164596305685224   0.00122739808495157      1.89204593397726   -0.0586182533668255      0.31660743709795  -5.0532554662411e-17 -9.10942061848169e-17  9.10796015154595e-17  1.15260419038558e-15   -0.0585223934802395
 2.99961628566627e-05   0.00113625494833088   -0.0586182533668255      1.94702522120204    0.0312107314903897  3.43295765396728e-16 -6.73192685241032e-18  3.48514927873381e-16 -1.40035988178552e-15   -0.0107851176275827
-0.000877881222510253 -0.000471687479576122      0.31660743709795    0.0312107314903897     0.135138946011248 -1.00694970069142e-15  8.05027304980421e-17  1.37963539187015e-16 -6.73457187148377e-16     0.311337701503597
 2.26371605733164e-17 -6.64161402196051e-19  -5.0532554662411e-17  3.43295765396728e-16 -1.00694970069142e-15       1.9058874868424  6.77266079351949e-16   -0.0942885312082074     0.408397284030716  1.08180435590666e-15
-1.29941746432092e-17 -2.11745026514709e-19 -9.10942061848169e-17 -6.73192685241032e-18  8.05027304980421e-17  6.77266079351949e-16       1.9058874868424      0.40839728403072    0.0942885312082052  2.18248701039784e-16
 7.97713995864004e-17  6.17519306364618e-19  9.10796015154595e-17  3.48514927873381e-16  1.37963539187015e-16   -0.0942885312082074      0.40839728403072     0.133306911268349 -2.80422459471589e-16 -1.13000994006031e-16
 -8.7551416063309e-17  1.84209472785362e-18  1.15260419038558e-15 -1.40035988178552e-15 -6.73457187148377e-16     0.408397284030716    0.0942885312082052 -2.80422459471589e-16      0.13330691126835 -4.08467791242544e-15
 0.000148194280205073  0.000198131030162095   -0.0585223934802395   -0.0107851176275827     0.311337701503597  1.08180435590666e-15  2.18248701039784e-16 -1.13000994006031e-16 -4.08467791242544e-15      1.94742723826518
TOTAL ENERGY: -124.237887106005	 lambda: -4.5	 population of target: 3.99401084912718
1RDM: 
     1.99999958530513 -5.46798905052025e-07  0.000163817487160784  2.99449919782736e-05 -0.000874525106587515  2.27551679045073e-17 -1.29195135803526e-17  7.96051237279871e-17 -8.81772886414921e-17  0.000148113387550167
-5.46798905052025e-07       1.9999742810981   0.00122720421365955   0.00113643787797921 -0.000471648667777174 -6.63523846620739e-19 -2.10696727652065e-19  6.14361366428404e-19   1.8386158701458e-18  0.000198860706469895
 0.000163817487160784   0.00122720421365955      1.89218687472007   -0.0586264020790005     0.316210103499166 -5.08248983486546e-17 -9.11151470667791e-17  9.10530218526011e-17  1.15405026363604e-15   -0.0586505467493722
 2.99449919782736e-05   0.00113643787797921   -0.0586264020790005      1.94701034976507    0.0312946082281051  3.43366435444706e-16 -6.33308887930766e-18  3.46937981230254e-16  -1.4015291306818e-15   -0.0108392803353273
-0.000874525106587515 -0.000471648667777174     0.316210103499166    0.0312946082281051     0.135360604879993  -1.0072949973878e-15  8.07536387984861e-17  1.37466138948291e-16 -6.75650760268766e-16     0.312317021661277
 2.27551679045073e-17 -6.63523846620739e-19 -5.08248983486546e-17  3.43366435444706e-16  -1.0072949973878e-15      1.90598107928612  9.99294767856381e-16   -0.0942441096043764     0.408204878187502  1.08173125649563e-15
-1.29195135803526e-17 -2.10696727652065e-19 -9.11151470667791e-17 -6.33308887930766e-18  8.07536387984861e-17  9.99294767856381e-16      1.90598107928611     0.408204878187509    0.0942441096043737  2.18866506186606e-16
 7.96051237279871e-17  6.14361366428404e-19  9.10530218526011e-17  3.46937981230254e-16  1.37466138948291e-16   -0.0942441096043764     0.408204878187509     0.133208747142177  -1.7029682689925e-16  -1.1677841215417e-16
-8.81772886414921e-17   1.8386158701458e-18  1.15405026363604e-15  -1.4015291306818e-15 -6.75650760268766e-16     0.408204878187502    0.0942441096043737  -1.7029682689925e-16     0.133208747142174 -4.08389804683643e-15
 0.000148113387550167  0.000198860706469895   -0.0586505467493722   -0.0108392803353273     0.312317021661277  1.08173125649563e-15  2.18866506186606e-16  -1.1677841215417e-16 -4.08389804683643e-15      1.94708865137511
TOTAL ENERGY: -124.238251109275	 lambda: -4.45	 population of target: 3.99409219468018
1RDM: 
     1.99999958839685 -5.45136175839037e-07   0.00016304114722146  2.98973542060408e-05 -0.000871188203404575  2.28731500398157e-17 -1.28443843557689e-17  7.94382470465464e-17  -8.8806070661947e-17  0.000148050416160594
-5.45136175839037e-07      1.99997428009728   0.00122700109488603   0.00113662313328942 -0.000471597985143438 -6.63244222535453e-19 -2.09918647562025e-19  6.11934956200094e-19  1.83677205925656e-18  0.000199613296453931
  0.00016304114722146   0.00122700109488603      1.89233019490494   -0.0586353902841149     0.315805659340047  -5.1180627766889e-17 -9.11849647471839e-17   9.1180600514624e-17  1.15585814068563e-15   -0.0587843406277756
 2.98973542060408e-05   0.00113662313328942   -0.0586353902841149      1.94699505909709    0.0313848922509595  3.43389433458484e-16 -5.97142669392815e-18  3.45478797770925e-16 -1.40245263628164e-15   -0.0108959987546507
-0.000871188203404575 -0.000471597985143438     0.315805659340047    0.0313848922509595     0.135594064643561 -1.00764744143086e-15  8.10194991320062e-17  1.36932767552903e-16 -6.77939898907753e-16     0.313332891855639
 2.28731500398157e-17 -6.63244222535453e-19  -5.1180627766889e-17  3.43389433458484e-16 -1.00764744143086e-15      1.90607824253281  1.13021126781832e-15   -0.0941979595841295     0.408004985976019  1.08164672982342e-15
-1.28443843557689e-17 -2.09918647562025e-19 -9.11849647471839e-17 -5.97142669392815e-18  8.10194991320062e-17  1.13021126781832e-15      1.90607824253281     0.408004985976021    0.0941979595841251  2.19498403448493e-16
 7.94382470465464e-17  6.11934956200094e-19   9.1180600514624e-17  3.45478797770925e-16  1.36932767552903e-16   -0.0941979595841295     0.408004985976021     0.133107083115791 -8.70589772229309e-16 -1.20672207187783e-16
 -8.8806070661947e-17  1.83677205925656e-18  1.15585814068563e-15 -1.40245263628164e-15 -6.77939898907753e-16     0.408004985976019    0.0941979595841251 -8.70589772229309e-16      0.13310708311579 -4.08304003922223e-15
 0.000148050416160594  0.000199613296453931   -0.0587843406277756   -0.0108959987546507     0.313332891855639  1.08164672982342e-15  2.19498403448493e-16 -1.20672207187783e-16 -4.08304003922223e-15      1.94673616156313
TOTAL ENERGY: -124.238630964676	 lambda: -4.4	 population of target: 3.99417804210473
1RDM: 
     1.99999959145483 -5.43482313805628e-07  0.000162267499662346  2.98533925379731e-05 -0.000867872085438739  2.29909833319591e-17 -1.27688180893254e-17  7.92708619238031e-17 -8.94373584868391e-17  0.000148006508065665
-5.43482313805628e-07      1.99997427914255   0.00122678829020515   0.00113681076686265 -0.000471534708769174 -6.62602300715546e-19 -2.08854775579053e-19  6.08746782338433e-19  1.83331369800796e-18  0.000200389969350385
 0.000162267499662346   0.00122678829020515      1.89247599075625   -0.0586452477792459      0.31539378892846 -5.14822310417011e-17 -9.12185922301015e-17  9.12027369288701e-17   1.1574170211897e-15   -0.0589240971422394
 2.98533925379731e-05   0.00113681076686265   -0.0586452477792459      1.94697933046878    0.0314818340444185  3.43461523113923e-16 -5.56372396584344e-18  3.43862821700857e-16 -1.40365690537263e-15   -0.0109554059371561
-0.000867872085438739 -0.000471534708769174      0.31539378892846    0.0314818340444185     0.135840097560678 -1.00801886061613e-15  8.12888802931072e-17  1.36387779012759e-16 -6.80302350804798e-16     0.314387380203785
 2.29909833319591e-17 -6.62602300715546e-19 -5.14822310417011e-17  3.43461523113923e-16 -1.00801886061613e-15      1.90617918384952  1.44776083769128e-15   -0.0941499791182919     0.407797165460768  1.08156485788455e-15
-1.27688180893254e-17 -2.08854775579053e-19 -9.12185922301015e-17 -5.56372396584344e-18  8.12888802931072e-17  1.44776083769128e-15      1.90617918384952     0.407797165460782    0.0941499791182887  2.20157748309285e-16
 7.92708619238031e-17  6.08746782338433e-19  9.12027369288701e-17  3.43862821700857e-16  1.36387779012759e-16   -0.0941499791182919     0.407797165460782     0.133001717374305  3.70677334058296e-17 -1.24727694519037e-16
-8.94373584868391e-17  1.83331369800796e-18   1.1574170211897e-15 -1.40365690537263e-15 -6.80302350804798e-16     0.407797165460768    0.0941499791182887  3.70677334058296e-17     0.133001717374297 -4.08217272996265e-15
 0.000148006508065665  0.000200389969350385   -0.0589240971422394   -0.0109554059371561     0.314387380203785  1.08156485788455e-15  2.20157748309285e-16 -1.24727694519037e-16 -4.08217272996265e-15      1.94636890816931
TOTAL ENERGY: -124.239027732456	 lambda: -4.35	 population of target: 3.99426873667352
1RDM: 
     1.99999959447759 -5.41837951506263e-07  0.000161496768581254  2.98132554829716e-05 -0.000864578424471732  2.31086260459138e-17 -1.26928272554231e-17  7.91030731269753e-17 -9.00711247613447e-17  0.000147982894378475
-5.41837951506263e-07      1.99997427823764   0.00122656525112414   0.00113700074748561 -0.000471458091665216 -6.62188100311694e-19 -2.07956831612127e-19  6.06000782327319e-19  1.83088777808143e-18  0.000201191968227429
 0.000161496768581254   0.00122656525112414      1.89262437095923    -0.058655998550637      0.31497415821845  -5.1806382241123e-17 -9.12708428926257e-17  9.12884404133078e-17  1.15913391289406e-15   -0.0590701625723636
 2.98132554829716e-05   0.00113700074748561    -0.058655998550637      1.94696315106635     0.031585697236354  3.43486028250984e-16 -5.19042675508127e-18  3.42351314052768e-16 -1.40462315397375e-15    -0.011017643588713
-0.000864578424471732 -0.000471458091665216      0.31497415821845     0.031585697236354     0.136099537369468 -1.00840104589728e-15   8.1572145280871e-17  1.35803034439534e-16 -6.82776170159598e-16     0.315482715119242
 2.31086260459138e-17 -6.62188100311694e-19  -5.1806382241123e-17  3.43486028250984e-16 -1.00840104589728e-15       1.9062841265624  1.22725395148346e-15   -0.0941000582389009      0.40758094031316  1.08147249327841e-15
-1.26928272554231e-17 -2.07956831612127e-19 -9.12708428926257e-17 -5.19042675508127e-18   8.1572145280871e-17  1.22725395148346e-15       1.9062841265624     0.407580940313163    0.0941000582388962  2.20834816313829e-16
 7.91030731269753e-17  6.06000782327319e-19  9.12884404133078e-17  3.42351314052768e-16  1.35803034439534e-16   -0.0941000582389009     0.407580940313163     0.132892428249921 -8.37753064194561e-16 -1.28918971789116e-16
-9.00711247613447e-17  1.83088777808143e-18  1.15913391289406e-15 -1.40462315397375e-15 -6.82776170159598e-16      0.40758094031316    0.0941000582388962 -8.37753064194561e-16      0.13289242824992 -4.08122679169911e-15
 0.000147982894378475  0.000201191968227429   -0.0590701625723636    -0.011017643588713     0.315482715119242  1.08147249327841e-15  2.20834816313829e-16 -1.28918971789116e-16 -4.08122679169911e-15      1.94598595826515
TOTAL ENERGY: -124.23944256806	 lambda: -4.3	 population of target: 3.99436465764863
1RDM: 
     1.99999959746353 -5.40203787391447e-07  0.000160729192687225  2.97771016038366e-05 -0.000861308989226402  2.32262809816487e-17 -1.26162511307404e-17  7.89344889123355e-17 -9.07085790260555e-17  0.000147980903342482
-5.40203787391447e-07      1.99997427738617    0.0012263314506613   0.00113719309303571 -0.000471367331485281 -6.61594067686712e-19 -2.06943134901042e-19  6.02993404787898e-19  1.82773206056887e-18  0.000202020634377626
 0.000160729192687225    0.0012263314506613      1.89277544593151   -0.0586676716405988     0.314546411472368 -5.21641220683137e-17 -9.13437554213025e-17  9.14287193900164e-17  1.16104206531855e-15   -0.0592229111925006
 2.97771016038366e-05   0.00113719309303571   -0.0586676716405988      1.94694650303528    0.0316967569440375  3.43586132306861e-16 -4.76993507723305e-18  3.40707294541962e-16  -1.4059853920548e-15   -0.0110828639827266
-0.000861308989226402 -0.000471367331485281     0.314546411472368    0.0316967569440375     0.136373293691017  -1.0088010227315e-15  8.18641951109664e-17  1.35201217739146e-16 -6.85310116053218e-16     0.316621300304306
 2.32262809816487e-17 -6.61594067686712e-19 -5.21641220683137e-17  3.43586132306861e-16  -1.0088010227315e-15      1.90639331156082  9.42398245387886e-16   -0.0940480780754137     0.407355795642992   1.0813813150302e-15
-1.26162511307404e-17 -2.06943134901042e-19 -9.13437554213025e-17 -4.76993507723305e-18  8.18641951109664e-17  9.42398245387886e-16      1.90639331156082     0.407355795643002    0.0940480780754117  2.21539208617391e-16
 7.89344889123355e-17  6.02993404787898e-19  9.14287193900164e-17  3.40707294541962e-16  1.35201217739146e-16   -0.0940480780754137     0.407355795643002     0.132778980285561  1.00817474216075e-16 -1.33280952011063e-16
-9.07085790260555e-17  1.82773206056887e-18  1.16104206531855e-15  -1.4059853920548e-15 -6.85310116053218e-16     0.407355795642992    0.0940480780754117  1.00817474216075e-16     0.132778980285556 -4.08026525932019e-15
 0.000147980903342482  0.000202020634377626   -0.0592229111925006   -0.0110828639827266     0.316621300304306   1.0813813150302e-15  2.21539208617391e-16 -1.33280952011063e-16 -4.08026525932019e-15      1.94558629879975
TOTAL ENERGY: -124.239876732861	 lambda: -4.25	 population of target: 3.99446622238322
1RDM: 
     1.99999960041102 -5.38580511428643e-07  0.000159965024924573  2.97450976112208e-05 -0.000858065664186166  2.33439694942928e-17 -1.25392336709378e-17  7.87658547534388e-17 -9.13498654359812e-17  0.000148001970739981
-5.38580511428643e-07      1.99997427659305   0.00122608625292137   0.00113738774835892 -0.000471261553159454 -6.61062274018876e-19 -2.06042510662335e-19  6.00361380164561e-19  1.82497160929088e-18  0.000202877393989691
 0.000159965024924573   0.00122608625292137      1.89292933663619   -0.0586802928183801     0.314110171956201 -5.26043367392067e-17 -9.14268600317497e-17  9.15381474793835e-17  1.16335284436166e-15   -0.0593827469454477
 2.97450976112208e-05   0.00113738774835892   -0.0586802928183801      1.94692937203874    0.0318153037415602  3.43737965524037e-16 -4.37594216552837e-18  3.39233797496683e-16 -1.40755937980344e-15   -0.0111512302441714
-0.000858065664186166 -0.000471261553159454     0.314110171956201    0.0318153037415602     0.136662358710833 -1.00921519959277e-15  8.21699224486137e-17  1.34548839252288e-16 -6.87920180901556e-16     0.317805730806453
 2.33439694942928e-17 -6.61062274018876e-19 -5.26043367392067e-17  3.43737965524037e-16 -1.00921519959277e-15      1.90650700024348  9.21498464228244e-16   -0.0939939095642245     0.407121172533313  1.08128657837562e-15
-1.25392336709378e-17 -2.06042510662335e-19 -9.14268600317497e-17 -4.37594216552837e-18  8.21699224486137e-17  9.21498464228244e-16      1.90650700024348     0.407121172533321    0.0939939095642223  2.22264926363902e-16
 7.87658547534388e-17  6.00361380164561e-19  9.15381474793835e-17  3.39233797496683e-16  1.34548839252288e-16   -0.0939939095642245     0.407121172533321      0.13266111326565  1.78756306156584e-17 -1.37792137627575e-16
-9.13498654359812e-17  1.82497160929088e-18  1.16335284436166e-15 -1.40755937980344e-15 -6.87920180901556e-16     0.407121172533313    0.0939939095642223  1.78756306156584e-17     0.132661113265648 -4.07925950231668e-15
 0.000148001970739981  0.000202877393989691   -0.0593827469454477   -0.0111512302441714     0.317805730806453  1.08128657837562e-15  2.22264926363902e-16 -1.37792137627575e-16 -4.07925950231668e-15      1.94516882859197
TOTAL ENERGY: -124.240331604824	 lambda: -4.2	 population of target: 3.99457389064718
1RDM: 
     1.99999960331828 -5.36968848336824e-07  0.000159204530624441  2.97174201341713e-05 -0.000854850427143561  2.34605880192897e-17 -1.24617203350264e-17  7.85959571064063e-17 -9.19905144381932e-17  0.000148047644405416
-5.36968848336824e-07      1.99997427586235   0.00122582907447065   0.00113758474754584 -0.000471139785682694 -6.60530181269802e-19 -2.04976394105459e-19  5.97138949577712e-19  1.82200191498541e-18  0.000203763789215328
 0.000159204530624441   0.00122582907447065      1.89308616460743   -0.0586938950891483     0.313665036932559  -5.2845388102596e-17 -9.14951251938173e-17  9.17762346721001e-17  1.16484473913904e-15   -0.0595501069425069
 2.97174201341713e-05   0.00113758474754584   -0.0586938950891483      1.94691173623901    0.0319416398193469  3.43705769641004e-16 -3.95341385673649e-18  3.37444346459816e-16 -1.40837004800033e-15   -0.0112229181049784
-0.000854850427143561 -0.000471139785682694     0.313665036932559    0.0319416398193469     0.136967814978228 -1.00964748998545e-15  8.24847056555996e-17  1.33893883374723e-16 -6.90739292562132e-16     0.319038809022184
 2.34605880192897e-17 -6.60530181269802e-19  -5.2845388102596e-17  3.43705769641004e-16 -1.00964748998545e-15      1.90662547501494  1.69978220309992e-15   -0.0939374129455441      0.40687646549167  1.08117495262094e-15
-1.24617203350264e-17 -2.04976394105459e-19 -9.14951251938173e-17 -3.95341385673649e-18  8.24847056555996e-17  1.69978220309992e-15      1.90662547501494     0.406876465491684    0.0939374129455398  2.23020245742551e-16
 7.85959571064063e-17  5.97138949577712e-19  9.17762346721001e-17  3.37444346459816e-16  1.33893883374723e-16   -0.0939374129455441     0.406876465491684     0.132538552686328 -2.07564242817774e-16 -1.42511968418178e-16
-9.19905144381932e-17  1.82200191498541e-18  1.16484473913904e-15 -1.40837004800033e-15 -6.90739292562132e-16      0.40687646549167    0.0939374129455398 -2.07564242817774e-16     0.132538552686323 -4.07813109280734e-15
 0.000148047644405416  0.000203763789215328   -0.0595501069425069   -0.0112229181049784     0.319038809022184  1.08117495262094e-15  2.23020245742551e-16 -1.42511968418178e-16 -4.07813109280734e-15      1.94473234959216
TOTAL ENERGY: -124.240808695653	 lambda: -4.15	 population of target: 3.99468817076798
1RDM: 
     1.99999960618346  -5.3536953637037e-07  0.000158447993724037  2.96942553147271e-05 -0.000851665402285105   2.3577277819036e-17 -1.23836879372305e-17  7.84259534978657e-17 -9.26356744837764e-17  0.000148119607843923
 -5.3536953637037e-07      1.99997427520011   0.00122555915774152   0.00113778398492395 -0.000471001013507463 -6.60029416874106e-19   -2.040164085234e-19  5.94295773598143e-19  1.81932412200463e-18   0.00020468146469009
 0.000158447993724037   0.00122555915774152      1.89324606727496   -0.0587085036731219     0.313210579699481 -5.32021808280938e-17 -9.15867610296848e-17  9.20072199575896e-17  1.16689836091114e-15   -0.0597254650640054
 2.96942553147271e-05   0.00113778398492395   -0.0587085036731219      1.94689358185531    0.0320760852264995  3.43763743749974e-16 -3.54414711808896e-18  3.35806553208649e-16 -1.40957763346577e-15   -0.0112981160052112
