TOTAL ENERGY: -123.953112682779	 lambda: -5	 population of target: 3.99963608331948
1RDM: 
     1.99999999352412 -4.71110648863762e-08  1.13531574398553e-05  3.13660169952925e-06 -0.000111869746155545  1.28171642996342e-17  1.20278444944871e-17  1.13609082241791e-16   4.0189146451851e-17  4.80704597710915e-06
-4.71110648863762e-08      1.99997444751263   0.00165095845769545 -0.000144566193168326 -0.000207247071599944  1.30363493329813e-20  -1.3607872915767e-20 -1.06185979552347e-19 -1.06709346614129e-19  3.88664650365738e-05
 1.13531574398553e-05   0.00165095845769545      1.87787045068694   0.00542890907273223     0.156134514844359 -1.51681526009944e-18   3.7803548390641e-18  9.12077802489526e-17  2.33863175935076e-17  -0.00866573753654367
 3.13660169952925e-06 -0.000144566193168326   0.00542890907273223      1.99731216936483    0.0584691505959181  1.64088217404622e-16  7.99195227280967e-17  1.28379359658251e-15  4.78883727869029e-17   -0.0023030769731014
-0.000111869746155545 -0.000207247071599944     0.156134514844359    0.0584691505959181    0.0515837264554187  1.52662639459227e-16    5.195981577369e-17  1.74592754027934e-18 -4.50859120323712e-17    0.0829549543158193
 1.28171642996342e-17  1.30363493329813e-20 -1.51681526009944e-18  1.64088217404622e-16  1.52662639459227e-16      1.95917682141932  1.23794921251965e-16    -0.256384033187419     0.112600410871534 -3.04401335690431e-16
 1.20278444944871e-17  -1.3607872915767e-20   3.7803548390641e-18  7.99195227280967e-17    5.195981577369e-17  1.23794921251965e-16      1.95917682141933    -0.112600410871532    -0.256384033187417 -1.48467362972437e-16
 1.13609082241791e-16 -1.06185979552347e-19  9.12077802489526e-17  1.28379359658251e-15  1.74592754027934e-18    -0.256384033187419    -0.112600410871532    0.0792373671468139 -5.44468679024169e-16 -2.27437165026563e-15
  4.0189146451851e-17 -1.06709346614129e-19  2.33863175935076e-17  4.78883727869029e-17 -4.50859120323712e-17     0.112600410871534    -0.256384033187417 -5.44468679024169e-16     0.079237367146812 -9.49377245126416e-17
 4.80704597710915e-06  3.88664650365738e-05  -0.00866573753654367   -0.0023030769731014    0.0829549543158193 -3.04401335690431e-16 -1.48467362972437e-16 -2.27437165026563e-15 -9.49377245126416e-17      1.99643083532381
TOTAL ENERGY: -123.953140463004	 lambda: -4.95	 population of target: 3.9996416675147
1RDM: 
     1.99999999349701 -4.73323845974146e-08  1.13837562938403e-05  3.13722240950759e-06  -0.00011209981666011  1.29655124460774e-17  1.21528303564287e-17  1.14902120081316e-16  4.05707471999118e-17  4.83321383130324e-06
-4.73323845974146e-08      1.99997444745117   0.00165095671969133  -0.00014462049634748 -0.000207254666670354  1.29985103855127e-20 -1.36138643572621e-20 -1.06470584685875e-19  -1.0668729303974e-19  3.90175460008878e-05
 1.13837562938403e-05   0.00165095671969133      1.87787415579895   0.00543952227125332     0.156112984847131 -1.49942567343269e-18  3.79435975981718e-18  9.12621582759122e-17  2.35180411516818e-17  -0.00869521106504238
 3.13722240950759e-06  -0.00014462049634748   0.00543952227125332      1.99731681759206    0.0583820336650879  1.64048762972883e-16  8.01238675290627e-17   1.2842071879236e-15  4.93253200867534e-17   -0.0023068565502057
 -0.00011209981666011 -0.000207254666670354     0.156112984847131    0.0583820336650879    0.0515997911054241  1.52372751956238e-16  5.20272213680892e-17  1.40649834632029e-18 -4.50334663886778e-17    0.0832313439213121
 1.29655124460774e-17  1.29985103855127e-20 -1.49942567343269e-18  1.64048762972883e-16  1.52372751956238e-16      1.95918841401051 -1.64629467899804e-16    -0.256348417861652     0.112584769148289  -3.0445105214872e-16
 1.21528303564287e-17 -1.36138643572621e-20  3.79435975981718e-18  8.01238675290627e-17  5.20272213680892e-17 -1.64629467899804e-16      1.95918841401051    -0.112584769148291    -0.256348417861654 -1.48337330225083e-16
 1.14902120081316e-16 -1.06470584685875e-19  9.12621582759122e-17   1.2842071879236e-15  1.40649834632029e-18    -0.256348417861652    -0.112584769148291     0.079225520433171  3.27190717094356e-16 -2.27455376271723e-15
 4.05707471999118e-17  -1.0668729303974e-19  2.35180411516818e-17  4.93253200867534e-17 -4.50334663886778e-17     0.112584769148289    -0.256348417861654  3.27190717094356e-16    0.0792255204331681  -9.3955036075019e-17
 4.83321383130324e-06  3.90175460008878e-05  -0.00869521106504238   -0.0023068565502057    0.0832313439213121  -3.0445105214872e-16 -1.48337330225083e-16 -2.27455376271723e-15  -9.3955036075019e-17      1.99640692566803
TOTAL ENERGY: -123.953169364032	 lambda: -4.9	 population of target: 3.9996475359924
1RDM: 
     1.99999999346872 -4.75584529974432e-08  1.14153726305209e-05  3.13795246164146e-06 -0.000112339541660435  1.31144418706447e-17  1.22783151143988e-17  1.16201151696647e-16  4.09541957610607e-17  4.86042851885052e-06
-4.75584529974432e-08      1.99997444739144   0.00165095459079951 -0.000144676143947068  -0.00020726116403324  1.29642253026667e-20 -1.36170656862402e-20 -1.06762899474623e-19 -1.06665922500128e-19  3.91731771436762e-05
 1.14153726305209e-05   0.00165095459079951      1.87787791796723   0.00545039512336759     0.156091252116329  -1.4825478263017e-18  3.80791034747567e-18  9.13118467643152e-17  2.36519197611671e-17  -0.00872568227749835
 3.13795246164146e-06 -0.000144676143947068   0.00545039512336759      1.99732158303738    0.0582925921893049  1.64007922265757e-16  8.03336332542716e-17  1.28463094913535e-15  5.08019437324557e-17  -0.00231077570600943
-0.000112339541660435  -0.00020726116403324     0.156091252116329    0.0582925921893049    0.0516165789675097  1.52072934712063e-16  5.20968750106842e-17  1.05440260004291e-18 -4.49795372778324e-17    0.0835173277319351
 1.31144418706447e-17  1.29642253026667e-20  -1.4825478263017e-18  1.64007922265757e-16  1.52072934712063e-16      1.95920041292341 -1.37486873862527e-16    -0.256311547433133     0.112568576160402 -3.04502199286013e-16
 1.22783151143988e-17 -1.36170656862402e-20  3.80791034747567e-18  8.03336332542716e-17  5.20968750106842e-17 -1.37486873862527e-16      1.95920041292341    -0.112568576160403    -0.256311547433131 -1.48202724272967e-16
 1.16201151696647e-16 -1.06762899474623e-19  9.13118467643152e-17  1.28463094913535e-15  1.05440260004291e-18    -0.256311547433133    -0.112568576160403    0.0792132751201388 -3.31523861227311e-16 -2.27474065513889e-15
 4.09541957610607e-17 -1.06665922500128e-19  2.36519197611671e-17  5.08019437324557e-17 -4.49795372778324e-17     0.112568576160402    -0.256311547433131 -3.31523861227311e-16    0.0792132751201423  -9.2938051760553e-17
 4.86042851885052e-06  3.91731771436762e-05  -0.00872568227749835  -0.00231077570600943    0.0835173277319351 -3.04502199286013e-16 -1.48202724272967e-16 -2.27474065513889e-15  -9.2938051760553e-17      1.99638210308061
TOTAL ENERGY: -123.953199453746	 lambda: -4.85	 population of target: 3.99965370851016
1RDM: 
     1.99999999343919 -4.77894554796208e-08  1.14480490759404e-05  3.13879596084139e-06   -0.0001125893396477  1.32639479580461e-17   1.2404297130376e-17  1.17506198234929e-16  4.13395122617929e-17  4.88874592126204e-06
-4.77894554796208e-08       1.9999744473343   0.00165095201546623  -0.00014473318178037 -0.000207266503051603  1.29159317871223e-20 -1.36221521931409e-20 -1.07060257999682e-19 -1.06643853991091e-19  3.93335696470737e-05
 1.14480490759404e-05   0.00165095201546623      1.87788174153674   0.00546153738498748     0.156069306960855 -1.46184500578716e-18     3.82228739572e-18  9.13788116849022e-17  2.37854146998677e-17  -0.00875720200515425
 3.13879596084139e-06  -0.00014473318178037   0.00546153738498748      1.99732647000832    0.0582007348884402  1.63965986787998e-16  8.05491340615483e-17  1.28506858252409e-15  5.23194186280343e-17  -0.00231484231073998
  -0.0001125893396477 -0.000207266503051603     0.156069306960855    0.0582007348884402    0.0516341353016055   1.5176299336372e-16  5.21689925870494e-17  6.92566616043295e-19  -4.4924543739028e-17    0.0838134132851511
 1.32639479580461e-17  1.29159317871223e-20 -1.46184500578716e-18  1.63965986787998e-16   1.5176299336372e-16       1.9592128396286 -9.26865656582704e-18    -0.256273355287435     0.112551802766944 -3.04554911019172e-16
  1.2404297130376e-17 -1.36221521931409e-20     3.82228739572e-18  8.05491340615483e-17  5.21689925870494e-17 -9.26865656582704e-18       1.9592128396286    -0.112551802766943    -0.256273355287434 -1.48063322258015e-16
 1.17506198234929e-16 -1.07060257999682e-19  9.13788116849022e-17  1.28506858252409e-15  6.92566616043295e-19    -0.256273355287435    -0.112551802766943    0.0792006091672512 -2.90968166025706e-17 -2.27493324627901e-15
 4.13395122617929e-17 -1.06643853991091e-19  2.37854146998677e-17  5.23194186280343e-17  -4.4924543739028e-17     0.112551802766944    -0.256273355287434 -2.90968166025706e-17    0.0792006091672534 -9.18848492666355e-17
 4.88874592126204e-06  3.93335696470737e-05  -0.00875720200515425  -0.00231484231073998    0.0838134132851511 -3.04554911019172e-16 -1.48063322258015e-16 -2.27493324627901e-15 -9.18848492666355e-17      1.99635631478818
TOTAL ENERGY: -123.953230805544	 lambda: -4.8	 population of target: 3.99966020658324
1RDM: 
     1.99999999340834 -4.80255472760562e-08  1.14818293207118e-05  3.13975791352759e-06 -0.000112849669702142  1.34140327338005e-17   1.2530775928287e-17  1.18817329564074e-16  4.17267074734849e-17  4.91822658629762e-06
-4.80255472760562e-08      1.99997444727906   0.00165094899698204 -0.000144791666996987 -0.000207270614041491  1.28715053346135e-20 -1.36282232147785e-20 -1.07360925699741e-19 -1.06622237434179e-19   3.9498948811727e-05
 1.14818293207118e-05   0.00165094899698204      1.87788562890519   0.00547295968087868      0.15604714102236 -1.44138785658151e-18  3.83727182808563e-18  9.14445211523181e-17  2.39256388237625e-17  -0.00878982469100449
 3.13975791352759e-06 -0.000144791666996987   0.00547295968087868      1.99733148300456     0.058106365074027  1.63922519081203e-16  8.07705844729165e-17  1.28551753358776e-15  5.38806811252546e-17    -0.002319064788188
-0.000112849669702142 -0.000207270614041491      0.15604714102236     0.058106365074027    0.0516525086745119   1.5144208885833e-16  5.22437299519644e-17  3.17286462775069e-19  -4.4867203377196e-17    0.0841201442503469
 1.34140327338005e-17  1.28715053346135e-20 -1.44138785658151e-18  1.63922519081203e-16   1.5144208885833e-16       1.9592257174441 -1.51897201339444e-17    -0.256233769083564     0.112534417027313    -3.04609190797e-16
  1.2530775928287e-17 -1.36282232147785e-20  3.83727182808563e-18  8.07705844729165e-17  5.22437299519644e-17 -1.51897201339444e-17       1.9592257174441    -0.112534417027313    -0.256233769083563 -1.47918865640204e-16
 1.18817329564074e-16 -1.07360925699741e-19  9.14445211523181e-17  1.28551753358776e-15  3.17286462775069e-19    -0.256233769083564    -0.112534417027313    0.0791874999558979 -5.53056185209024e-17 -2.27513115541065e-15
 4.17267074734849e-17 -1.06622237434179e-19  2.39256388237625e-17  5.38806811252546e-17  -4.4867203377196e-17     0.112534417027313    -0.256233769083563 -5.53056185209024e-17    0.0791874999559017 -9.07937324410114e-17
 4.91822658629762e-06   3.9498948811727e-05  -0.00878982469100449    -0.002319064788188    0.0841201442503469    -3.04609190797e-16 -1.47918865640204e-16 -2.27513115541065e-15 -9.07937324410114e-17      1.99632950392831
TOTAL ENERGY: -123.953263499186	 lambda: -4.75	 population of target: 3.99966705373443
1RDM: 
     1.99999999337614 -4.82669277684473e-08  1.15167607795995e-05   3.1408429359899e-06   -0.0001131210034366  1.35646936455297e-17  1.26577503599815e-17  1.20134589655639e-16  4.21158017318114e-17  4.94893512592081e-06
-4.82669277684473e-08      1.99997444722661   0.00165094549265303 -0.000144851651489353 -0.000207273443735098  1.28249729802401e-20  -1.3634673347412e-20 -1.07673903979465e-19 -1.06598701529747e-19  3.96695561400944e-05
 1.15167607795995e-05   0.00165094549265303      1.87788958264593   0.00548467304225904       0.1560247434527 -1.42032198732119e-18  3.85264449947201e-18  9.15115854425932e-17  2.40702725596658e-17  -0.00882360890284846
  3.1408429359899e-06 -0.000144851651489353   0.00548467304225904      1.99733662676708    0.0580093811574074  1.63877577215671e-16  8.09982218111903e-17  1.28597921933117e-15  5.54870828144799e-17  -0.00232345231882928
  -0.0001131210034366 -0.000207273443735098       0.1560247434527    0.0580093811574074    0.0516717520653173  1.51109435886013e-16  5.23210902112732e-17 -7.15659591644732e-20 -4.48078810171757e-17    0.0844381074206432
 1.35646936455297e-17  1.28249729802401e-20 -1.42032198732119e-18  1.63877577215671e-16  1.51109435886013e-16      1.95923907131058 -4.87368079861667e-16    -0.256192711312107     0.112516385017326 -3.04665110937943e-16
 1.26577503599815e-17  -1.3634673347412e-20  3.85264449947201e-18  8.09982218111903e-17  5.23210902112732e-17 -4.87368079861667e-16      1.95923907131058    -0.112516385017325    -0.256192711312097 -1.47769062154013e-16
 1.20134589655639e-16 -1.07673903979465e-19  9.15115854425932e-17  1.28597921933117e-15 -7.15659591644732e-20    -0.256192711312107    -0.112516385017325    0.0791739232378074 -6.59316352881768e-16  -2.2753347106862e-15
 4.21158017318114e-17 -1.06598701529747e-19  2.40702725596658e-17  5.54870828144799e-17 -4.48078810171757e-17     0.112516385017326    -0.256192711312097 -6.59316352881768e-16    0.0791739232378036 -8.96624929146352e-17
 4.94893512592081e-06  3.96695561400944e-05  -0.00882360890284846  -0.00232345231882928    0.0844381074206432 -3.04665110937943e-16 -1.47769062154013e-16  -2.2753347106862e-15 -8.96624929146352e-17      1.99630160882217
TOTAL ENERGY: -123.953297620872	 lambda: -4.7	 population of target: 3.99967427559765
1RDM: 
     1.99999999334249 -4.85137870099695e-08   1.1552893055092e-05  3.14205622584808e-06 -0.000113403848448612  1.37159284031144e-17  1.27852191035786e-17   1.2145802839257e-16  4.25068152854441e-17  4.98094110044343e-06
-4.85137870099695e-08        1.999974447177   0.00165094147316547 -0.000144913195866067 -0.000207274896991958  1.27755659963925e-20 -1.36404673814014e-20 -1.07999984298446e-19 -1.06572131253437e-19  3.98456480013207e-05
  1.1552893055092e-05   0.00165094147316547      1.87789360628486   0.00549668912897676     0.156002104902084 -1.39850956819059e-18   3.8682266725182e-18  9.15802877455477e-17  2.42185048543324e-17  -0.00885861726816211
 3.14205622584808e-06 -0.000144913195866067   0.00549668912897676      1.99734190624133    0.0579096760501082  1.63831088882541e-16  8.12322825315794e-17  1.28645423765003e-15  5.71403941838064e-17  -0.00232801469024899
-0.000113403848448612 -0.000207274896991958     0.156002104902084    0.0579096760501082    0.0516919234889948  1.50764741226584e-16  5.24012930653738e-17 -4.74720135845808e-19 -4.47467326207078e-17    0.0847679297527176
 1.37159284031144e-17  1.27755659963925e-20 -1.39850956819059e-18  1.63831088882541e-16  1.50764741226584e-16      1.95925292820068 -2.51660977195204e-16    -0.256150098211632     0.112497669984275 -3.04722768527485e-16
 1.27852191035786e-17 -1.36404673814014e-20   3.8682266725182e-18  8.12322825315794e-17  5.24012930653738e-17 -2.51660977195204e-16      1.95925292820068    -0.112497669984276    -0.256150098211632 -1.47613614190436e-16
  1.2145802839257e-16 -1.07999984298446e-19  9.15802877455477e-17  1.28645423765003e-15 -4.74720135845808e-19    -0.256150098211632    -0.112497669984276    0.0791598519854429  2.46912166780307e-16 -2.27554420518859e-15
 4.25068152854441e-17 -1.06572131253437e-19  2.42185048543324e-17  5.71403941838064e-17 -4.47467326207078e-17     0.112497669984275    -0.256150098211632  2.46912166780307e-16    0.0791598519854375 -8.84888374628488e-17
 4.98094110044343e-06  3.98456480013207e-05  -0.00885861726816211  -0.00232801469024899    0.0847679297527176 -3.04722768527485e-16 -1.47613614190436e-16 -2.27554420518859e-15 -8.84888374628488e-17      1.99627256309306
TOTAL ENERGY: -123.953333264399	 lambda: -4.65	 population of target: 3.99968190025356
1RDM: 
     1.99999999330734 -4.87663161265305e-08  1.15902782526786e-05  3.14340354559056e-06 -0.000113698749694515  1.38677340588549e-17  1.29131800937119e-17  1.22787694432282e-16  4.28997672245405e-17  5.01431978230315e-06
-4.87663161265305e-08      1.99997444712985   0.00165093693003345  -0.00014497636155312 -0.000207274930484747  1.27273176649348e-20  -1.3647567311759e-20  -1.0832392751148e-19 -1.06551943982982e-19  4.00274980951656e-05
 1.15902782526786e-05   0.00165093693003345       1.8778977034454   0.00550902012788714     0.155979213753789 -1.37565298498812e-18  3.88432378995297e-18  9.16534037930333e-17  2.43707227097289e-17  -0.00889491695090042
 3.14340354559056e-06  -0.00014497636155312   0.00550902012788714      1.99734732662001    0.0578071372406505  1.63782878409051e-16  8.14730812047552e-17  1.28694263712971e-15  5.88433351367646e-17  -0.00233276258061128
-0.000113698749694515 -0.000207274930484747     0.155979213753789    0.0578071372406505    0.0517130845706598  1.50407157638532e-16  5.24845865689267e-17 -8.92820524246127e-19 -4.46831672313867e-17     0.085110288209815
 1.38677340588549e-17  1.27273176649348e-20 -1.37565298498812e-18  1.63782878409051e-16  1.50407157638532e-16      1.95926731687589 -2.93704912416174e-16    -0.256105840496093     0.112478232401009 -3.04782211924891e-16
 1.29131800937119e-17  -1.3647567311759e-20  3.88432378995297e-18  8.14730812047552e-17  5.24845865689267e-17 -2.93704912416174e-16      1.95926731687589    -0.112478232401013    -0.256105840496095 -1.47452210686583e-16
 1.22787694432282e-16  -1.0832392751148e-19  9.16534037930333e-17  1.28694263712971e-15 -8.92820524246127e-19    -0.256105840496093    -0.112478232401013    0.0791452582514516   5.5654831590837e-16 -2.27575976029797e-15
 4.28997672245405e-17 -1.06551943982982e-19  2.43707227097289e-17  5.88433351367646e-17 -4.46831672313867e-17     0.112478232401009    -0.256105840496095   5.5654831590837e-16    0.0791452582514541 -8.72705059526692e-17
 5.01431978230315e-06  4.00274980951656e-05  -0.00889491695090042  -0.00233276258061128     0.085110288209815 -3.04782211924891e-16 -1.47452210686583e-16 -2.27575976029797e-15 -8.72705059526692e-17       1.9962422946721
TOTAL ENERGY: -123.95337053176	 lambda: -4.6	 population of target: 3.99968995846694
1RDM: 
     1.99999999327058 -4.90247047996798e-08  1.16289695834477e-05  3.14489041502645e-06 -0.000114006266568101  1.40201071213014e-17  1.30416305466945e-17   1.2412363767368e-16  4.32946754431884e-17  5.04915137198805e-06
-4.90247047996798e-08      1.99997444708582   0.00165093180855881 -0.000145041210820845 -0.000207273444996331  1.26747219421575e-20 -1.36561862932693e-20 -1.08660244115222e-19 -1.06528026641199e-19   4.0215398620023e-05
 1.16289695834477e-05   0.00165093180855881      1.87790187837822   0.00552167886470973     0.155956057631885  -1.3515707200222e-18  3.90124510773332e-18  9.17313155694672e-17  2.45288175118746e-17  -0.00893258022978347
 3.14489041502645e-06 -0.000145041210820845   0.00552167886470973      1.99735289339158    0.0577016455245731  1.63732972411905e-16   8.1720911030072e-17  1.28744590686729e-15  6.05977963421973e-17  -0.00233770746151243
-0.000114006266568101 -0.000207273444996331     0.155956057631885    0.0577016455245731    0.0517353033368283   1.5003604035531e-16  5.25710700796477e-17 -1.32639360988359e-18 -4.46172252684821e-17    0.0854659107947769
 1.40201071213014e-17  1.26747219421575e-20  -1.3515707200222e-18  1.63732972411905e-16   1.5003604035531e-16      1.95928226882321  -1.7447737015751e-16    -0.256059840104082     0.112458029786877 -3.04843551369155e-16
 1.30416305466945e-17 -1.36561862932693e-20  3.90124510773332e-18   8.1720911030072e-17  5.25710700796477e-17  -1.7447737015751e-16      1.95928226882321    -0.112458029786879    -0.256059840104083 -1.47284496768337e-16
  1.2412363767368e-16 -1.08660244115222e-19  9.17313155694672e-17  1.28744590686729e-15 -1.32639360988359e-18    -0.256059840104082    -0.112458029786879    0.0791301106877972  4.09371720217553e-16 -2.27598182588992e-15
 4.32946754431884e-17 -1.06528026641199e-19  2.45288175118746e-17  6.05977963421973e-17 -4.46172252684821e-17     0.112458029786877    -0.256059840104083  4.09371720217553e-16    0.0791301106877969 -8.60047913565413e-17
 5.04915137198805e-06   4.0215398620023e-05  -0.00893258022978347  -0.00233770746151243    0.0854659107947769 -3.04843551369155e-16 -1.47284496768337e-16 -2.27598182588992e-15 -8.60047913565413e-17      1.99621072551491
TOTAL ENERGY: -123.953409534134	 lambda: -4.55	 population of target: 3.99969848401798
1RDM: 
     1.99999999323215 -4.92892200381083e-08  1.16690290034633e-05  3.14652257005388e-06 -0.000114327004884294  1.41730444224237e-17  1.31705684814564e-17  1.25465917356325e-16  4.36915641159242e-17   5.0855230808301e-06
-4.92892200381083e-08      1.99997444704574   0.00165092606156436 -0.000145107813305915 -0.000207270338992244  1.26240795117916e-20 -1.36610529675732e-20  -1.0900285375102e-19 -1.06503261646171e-19  4.04096615215495e-05
 1.16690290034633e-05   0.00165092606156436      1.87790613417753   0.00553467910481475     0.155932625687526 -1.32724069962568e-18  3.91775679411954e-18  9.18075388481193e-17  2.46892673952243e-17  -0.00897168504350041
 3.14652257005388e-06 -0.000145107813305915   0.00553467910481475      1.99735861227058    0.0575930750848095  1.63681139838141e-16  8.19759720257255e-17  1.28796325090632e-15   6.2405745042871e-17   -0.0023428617904843
-0.000114327004884294 -0.000207270338992244     0.155932625687526    0.0575930750848095    0.0517586547892514  1.49650471351236e-16  5.26608406350905e-17 -1.77760102554257e-18  -4.4549291115142e-17    0.0858355839293638
 1.41730444224237e-17  1.26240795117916e-20 -1.32724069962568e-18  1.63681139838141e-16  1.49650471351236e-16      1.95929781738086 -3.58396658835293e-16    -0.256011993562927      0.11243701612629 -3.04906840521954e-16
 1.31705684814564e-17 -1.36610529675732e-20  3.91775679411954e-18  8.19759720257255e-17  5.26608406350905e-17 -3.58396658835293e-16      1.95929781738087    -0.112437016126291    -0.256011993562923 -1.47110075165161e-16
 1.25465917356325e-16  -1.0900285375102e-19  9.18075388481193e-17  1.28796325090632e-15 -1.77760102554257e-18    -0.256011993562927    -0.112437016126291    0.0791143764788938 -1.39487925211731e-16  -2.2762103179591e-15
 4.36915641159242e-17 -1.06503261646171e-19  2.46892673952243e-17   6.2405745042871e-17  -4.4549291115142e-17      0.11243701612629    -0.256011993562923 -1.39487925211731e-16    0.0791143764788969 -8.46888080812267e-17
  5.0855230808301e-06  4.04096615215495e-05  -0.00897168504350041   -0.0023428617904843    0.0858355839293638 -3.04906840521954e-16 -1.47110075165161e-16  -2.2762103179591e-15 -8.46888080812267e-17      1.99617777076515
TOTAL ENERGY: -123.95345039294	 lambda: -4.5	 population of target: 3.99970751407086
1RDM: 
     1.99999999319197 -4.95600420295304e-08  1.17105150274796e-05  3.14830674547539e-06 -0.000114661608875271  1.43265406735732e-17  1.32999895751493e-17  1.26814581240801e-16  4.40904508604346e-17  5.12352902761043e-06
-4.95600420295304e-08      1.99997444700909   0.00165091966838165 -0.000145176240019001 -0.000207265536428281  1.25700950580685e-20 -1.36678527148716e-20 -1.09356363323362e-19 -1.06477842405412e-19  4.06106224190273e-05
 1.17105150274796e-05   0.00165091966838165      1.87791047626933   0.00554803503464588     0.155908902698155 -1.30162359115084e-18  3.93508162868886e-18  9.18887120753587e-17  2.48557234969601e-17  -0.00901231518333989
 3.14830674547539e-06 -0.000145176240019001   0.00554803503464588      1.99736448928537    0.0574812936797985  1.63627382526944e-16  8.22387045704254e-17  1.28849662358309e-15  6.42702662118131e-17  -0.00234823911867327
-0.000114661608875271 -0.000207265536428281     0.155908902698155    0.0574812936797985    0.0517832186266148  1.49249704578777e-16  5.27542319966549e-17 -2.24627319065238e-18 -4.44785874347744e-17    0.0862201573325571
 1.43265406735732e-17  1.25700950580685e-20 -1.30162359115084e-18  1.63627382526944e-16  1.49249704578777e-16       1.9593139992595 -4.25092553056575e-17    -0.255962186509936     0.112415141641593 -3.04972197550639e-16
 1.32999895751493e-17 -1.36678527148716e-20  3.93508162868886e-18  8.22387045704254e-17  5.27542319966549e-17 -4.25092553056575e-17       1.9593139992595    -0.112415141641593    -0.255962186509937  -1.4692856738034e-16
 1.26814581240801e-16 -1.09356363323362e-19  9.18887120753587e-17  1.28849662358309e-15 -2.24627319065238e-18    -0.255962186509936    -0.112415141641593    0.0790980194977711  1.56016470490541e-16 -2.27644583317786e-15
 4.40904508604346e-17 -1.06477842405412e-19  2.48557234969601e-17  6.42702662118131e-17 -4.44785874347744e-17     0.112415141641593    -0.255962186509937  1.56016470490541e-16    0.0790980194977687 -8.33196536421791e-17
 5.12352902761043e-06  4.06106224190273e-05  -0.00901231518333989  -0.00234823911867327    0.0862201573325571 -3.04972197550639e-16  -1.4692856738034e-16 -2.27644583317786e-15 -8.33196536421791e-17      1.99614333810309
TOTAL ENERGY: -123.953493240903	 lambda: -4.45	 population of target: 3.9997170895627
1RDM: 
     1.99999999314993 -4.98374533629506e-08  1.17534960332747e-05  3.15024927420623e-06 -0.000115010759446465   1.4480592566221e-17  1.34298936111398e-17  1.28169707370478e-16  4.44913759552363e-17  5.16327098486069e-06
-4.98374533629506e-08      1.99997444697679   0.00165091257488276 -0.000145246567476394  -0.00020725892460902  1.25254836101889e-20 -1.36533926323784e-20 -1.09711800143033e-19 -1.06445905747836e-19   4.0818639503691e-05
 1.17534960332747e-05   0.00165091257488276      1.87791490804723   0.00556176198853327     0.155884875297232 -1.27726210391821e-18  3.94840215235728e-18  9.19545059825515e-17   2.5012359585843e-17  -0.00905456126196772
 3.15024927420623e-06 -0.000145246567476394   0.00556176198853327      1.99737053075244      0.05736616090324  1.63571322234419e-16  8.25089791270137e-17  1.28904292596155e-15  6.61911457908255e-17  -0.00235385412287667
-0.000115010759446465  -0.00020725892460902     0.155884875297232      0.05736616090324    0.0518090842621563  1.48832533204796e-16  5.28509123683483e-17 -2.73720596239379e-18 -4.44079279208717e-17    0.0866205500454999
  1.4480592566221e-17  1.25254836101889e-20 -1.27726210391821e-18  1.63571322234419e-16  1.48832533204796e-16      1.95933085365554  2.78188988788893e-16    -0.255910297039221     0.112392352521023 -3.05039656237972e-16
 1.34298936111398e-17 -1.36533926323784e-20  3.94840215235728e-18  8.25089791270137e-17  5.28509123683483e-17  2.78188988788893e-16      1.95933085365554    -0.112392352521018    -0.255910297039217 -1.46739419647313e-16
 1.28169707370478e-16 -1.09711800143033e-19  9.19545059825515e-17  1.28904292596155e-15 -2.73720596239379e-18    -0.255910297039221    -0.112392352521018    0.0790810012790475 -7.69818660481324e-16 -2.27668773945243e-15
 4.44913759552363e-17 -1.06445905747836e-19   2.5012359585843e-17  6.61911457908255e-17 -4.44079279208717e-17     0.112392352521023    -0.255910297039217 -7.69818660481324e-16    0.0790810012790361 -8.18933461794501e-17
 5.16327098486069e-06   4.0818639503691e-05  -0.00905456126196772  -0.00235385412287667    0.0866205500454999 -3.05039656237972e-16 -1.46739419647313e-16 -2.27668773945243e-15 -8.18933461794501e-17      1.99610732694234
TOTAL ENERGY: -123.953538223587	 lambda: -4.4	 population of target: 3.99972725571986
1RDM: 
     1.99999999310591 -5.01217062832669e-08  1.17980410897067e-05  3.15235700233745e-06 -0.000115375176439311   1.4635187623246e-17  1.35602643814501e-17  1.29531282051874e-16  4.48943079521059e-17  5.20485904998234e-06
-5.01217062832669e-08      1.99997444694971   0.00165090470428932  -0.00014531887134443 -0.000207250388846413  1.24544643436221e-20 -1.36827644305837e-20 -1.10094429219788e-19 -1.06424678331859e-19  4.10340980096891e-05
 1.17980410897067e-05   0.00165090470428932      1.87791943622757   0.00557587568930587     0.155860527853685 -1.24673832703972e-18  3.97127991318744e-18  9.20628681936669e-17  2.52042643120325e-17  -0.00909852126045056
 3.15235700233745e-06  -0.00014531887134443   0.00557587568930587      1.99737674334035    0.0572475288996417  1.63513569104166e-16  8.27884882310102e-17  1.28961358552282e-15  6.81794065679973e-17  -0.00235972284462717
-0.000115375176439311 -0.000207250388846413     0.155860527853685    0.0572475288996417    0.0518363482943902  1.48398828440669e-16  5.29526801971653e-17 -3.24104160757375e-18  -4.4328894390692e-17    0.0870377593100338
  1.4635187623246e-17  1.24544643436221e-20 -1.24673832703972e-18  1.63513569104166e-16  1.48398828440669e-16      1.95934842344055 -4.69411686466462e-16    -0.255856191653198     0.112368590297556 -3.05109488845156e-16
 1.35602643814501e-17 -1.36827644305837e-20  3.97127991318744e-18  8.27884882310102e-17  5.29526801971653e-17 -4.69411686466462e-16      1.95934842344055    -0.112368590297559    -0.255856191653197 -1.46542473665701e-16
 1.29531282051874e-16 -1.10094429219788e-19  9.20628681936669e-17  1.28961358552282e-15 -3.24104160757375e-18    -0.255856191653198    -0.112368590297559      0.07906327892451  2.29640675185892e-16 -2.27693885018186e-15
 4.48943079521059e-17 -1.06424678331859e-19  2.52042643120325e-17  6.81794065679973e-17  -4.4328894390692e-17     0.112368590297556    -0.255856191653197  2.29640675185892e-16    0.0790632789245087 -8.04083036317645e-17
 5.20485904998234e-06  4.10340980096891e-05  -0.00909852126045056  -0.00235972284462717    0.0870377593100338 -3.05109488845156e-16 -1.46542473665701e-16 -2.27693885018186e-15 -8.04083036317645e-17      1.99606962735195
TOTAL ENERGY: -123.953585500837	 lambda: -4.35	 population of target: 3.99973806258419
1RDM: 
     1.99999999305981 -5.04130437108957e-08  1.18442242134813e-05   3.1546381356939e-06 -0.000115755656618167  1.47903254107428e-17  1.36911080036549e-17  1.30899436626689e-16  4.52993247009708e-17  5.24841405435079e-06
-5.04130437108957e-08      1.99997444692615   0.00165089608435135 -0.000145393248577067 -0.000207239816220366  1.23933540033065e-20  -1.3690600587062e-20  -1.1047814076874e-19 -1.06396945328081e-19  4.12574144298029e-05
 1.18442242134813e-05   0.00165089608435135      1.87792406436486   0.00559039356889921     0.155835845320766 -1.21738523975379e-18  3.99016537377251e-18  9.21561000543308e-17  2.53868682503276e-17  -0.00914430141435678
  3.1546381356939e-06 -0.000145393248577067   0.00559039356889921      1.99738313399452    0.0571252403602762  1.63453240370758e-16   8.3076283866077e-17  1.29019861938346e-15  7.02299470180174e-17  -0.00236586272194483
-0.000115755656618167 -0.000207239816220366     0.155835845320766    0.0571252403602762    0.0518651176245547  1.47946683327476e-16  5.30582781708672e-17 -3.76962511670023e-18 -4.42495263040698e-17    0.0874728677127173
 1.47903254107428e-17  1.23933540033065e-20 -1.21738523975379e-18  1.63453240370758e-16  1.47946683327476e-16      1.95936675493563 -3.61615715162794e-16    -0.255799726162614     0.112343791219387 -3.05181636548706e-16
 1.36911080036549e-17  -1.3690600587062e-20  3.99016537377251e-18   8.3076283866077e-17  5.30582781708672e-17 -3.61615715162794e-16      1.95936675493563     -0.11234379121939    -0.255799726162613 -1.46336893385555e-16
 1.30899436626689e-16  -1.1047814076874e-19  9.21561000543308e-17  1.29019861938346e-15 -3.76962511670023e-18    -0.255799726162614     -0.11234379121939    0.0790448075450868  2.53385869937946e-16 -2.27719696293786e-15
 4.52993247009708e-17 -1.06396945328081e-19  2.53868682503276e-17  7.02299470180174e-17 -4.42495263040698e-17     0.112343791219387    -0.255799726162613  2.53385869937946e-16    0.0790448075450872 -7.88586763332279e-17
 5.24841405435079e-06  4.12574144298029e-05  -0.00914430141435678  -0.00236586272194483    0.0874728677127173 -3.05181636548706e-16 -1.46336893385555e-16 -2.27719696293786e-15 -7.88586763332279e-17      1.99603011906866
TOTAL ENERGY: -123.953635248464	 lambda: -4.3	 population of target: 3.99974956562476
1RDM: 
     1.99999999301153 -5.07117680650498e-08   1.1892124091917e-05  3.15709975452433e-06 -0.000116153004958357  1.49459952155421e-17   1.3822413851986e-17  1.32274203983396e-16  4.57064311683122e-17  5.29406541783878e-06
-5.07117680650498e-08      1.99997444690883   0.00165088657705121 -0.000145469777129646  -0.00020722705927048  1.23306341314418e-20 -1.36978579714277e-20 -1.10872546598812e-19 -1.06367664385945e-19  4.14890313036784e-05
  1.1892124091917e-05   0.00165088657705121      1.87792879957063   0.00560533311656697     0.155810809032924 -1.18687145272866e-18  4.00943408491199e-18   9.2252221284726e-17  2.55750894940429e-17  -0.00919201662941482
 3.15709975452433e-06 -0.000145469777129646   0.00560533311656697      1.99738971012121    0.0569991296443046  1.63390429378143e-16  8.33732065122822e-17   1.2908022636856e-15  7.23486467502639e-17  -0.00237229285383616
-0.000116153004958357  -0.00020722705927048     0.155810809032924    0.0569991296443046    0.0518955094242865  1.47474913647313e-16  5.31682773893021e-17 -4.32099402718169e-18  -4.4166933557113e-17    0.0879270518501662
 1.49459952155421e-17  1.23306341314418e-20 -1.18687145272866e-18  1.63390429378143e-16  1.47474913647313e-16      1.95938589895919  6.08974223602049e-16    -0.255740742067257     0.112317886166327 -3.05256248329097e-16
  1.3822413851986e-17 -1.36978579714277e-20  4.00943408491199e-18  8.33732065122822e-17  5.31682773893021e-17  6.08974223602049e-16      1.95938589895919    -0.112317886166322    -0.255740742067256 -1.46122211324564e-16
 1.32274203983396e-16 -1.10872546598812e-19   9.2252221284726e-17   1.2908022636856e-15 -4.32099402718169e-18    -0.255740742067257    -0.112317886166322    0.0790255363553882 -6.44443238033672e-16 -2.27746317908846e-15
 4.57064311683122e-17 -1.06367664385945e-19  2.55750894940429e-17  7.23486467502639e-17  -4.4166933557113e-17     0.112317886166327    -0.255740742067256 -6.44443238033672e-16    0.0790255363553902 -7.72409361781022e-17
 5.29406541783878e-06  4.14890313036784e-05  -0.00919201662941482  -0.00237229285383616    0.0879270518501662 -3.05256248329097e-16 -1.46122211324564e-16 -2.27746317908846e-15 -7.72409361781022e-17      1.99598867033439
TOTAL ENERGY: -123.953687660533	 lambda: -4.25	 population of target: 3.99976182652855
1RDM: 
     1.99999999296092 -5.10181369966107e-08  1.19418223152067e-05  3.15975058278629e-06 -0.000116568109878949  1.51021877340876e-17  1.39541744267685e-17  1.33655645205982e-16  4.61156518189189e-17   5.3419554995221e-06
-5.10181369966107e-08      1.99997444689723   0.00165087614840737 -0.000145548555540358 -0.000207211987959243  1.22651872765702e-20 -1.37058235909748e-20 -1.11278260072003e-19 -1.06337321678667e-19  4.17294315116636e-05
 1.19418223152067e-05   0.00165087614840737      1.87793364871807   0.00562071334837532     0.155785399721807 -1.15486735617051e-18  4.02937013932072e-18  9.23532618644212e-17  2.57699407336587e-17  -0.00924179212061158
 3.15975058278629e-06 -0.000145548555540358   0.00562071334837532      1.99739647943692    0.0568690210889079  1.63324994386894e-16  8.36797144271409e-17   1.2914257376487e-15  7.45391301592765e-17  -0.00237903417458925
-0.000116568109878949 -0.000207211987959243     0.155785399721807    0.0568690210889079    0.0519276523189665  1.46982599164405e-16  5.32832539599154e-17 -4.89641428603259e-18 -4.40807734615426e-17    0.0884015957074203
 1.51021877340876e-17  1.22651872765702e-20 -1.15486735617051e-18  1.63324994386894e-16  1.46982599164405e-16      1.95940591062109 -4.82928693986109e-16    -0.255679067588873     0.112290799526677 -3.05333463342587e-16
 1.39541744267685e-17 -1.37058235909748e-20  4.02937013932072e-18  8.36797144271409e-17  5.32832539599154e-17 -4.82928693986109e-16      1.95940591062109    -0.112290799526679     -0.25567906758887 -1.45897830073742e-16
 1.33655645205982e-16 -1.11278260072003e-19  9.23532618644212e-17   1.2914257376487e-15 -4.89641428603259e-18    -0.255679067588873    -0.112290799526679     0.079005411102329  1.44075374016361e-16 -2.27773788837913e-15
 4.61156518189189e-17 -1.06337321678667e-19  2.57699407336587e-17  7.45391301592765e-17 -4.40807734615426e-17     0.112290799526677     -0.25567906758887  1.44075374016361e-16    0.0790054111023261 -7.55505413791495e-17
  5.3419554995221e-06  4.17294315116636e-05  -0.00924179212061158  -0.00237903417458925    0.0884015957074203 -3.05333463342587e-16 -1.45897830073742e-16 -2.27773788837913e-15 -7.55505413791495e-17      1.99594513622103
TOTAL ENERGY: -123.953742951355	 lambda: -4.2	 population of target: 3.99977491396503
1RDM: 
     1.99999999290785  -5.1332525153986e-08  1.19934126842568e-05  3.16259901818914e-06 -0.000117001915452833   1.5258892278241e-17  1.40863812552163e-17  1.35043823394754e-16  4.65270130432427e-17  5.39223947710245e-06
 -5.1332525153986e-08      1.99997444689244   0.00165086472262488  -0.00014562968541562 -0.000207194432561114  1.21967950527968e-20 -1.37136314951238e-20 -1.11697933263378e-19 -1.06305761910299e-19  4.19791334908272e-05
 1.19934126842568e-05   0.00165086472262488      1.87793861715916   0.00563655449551876     0.155759598601404 -1.12138460162429e-18  4.04974079533244e-18  9.24583201477888e-17   2.5970815983719e-17   -0.0092937641124458
 3.16259901818914e-06  -0.00014562968541562   0.00563655449551876      1.99740345006522    0.0567347282795881  1.63256770141338e-16  8.39962557291987e-17  1.29206996458222e-15  7.68049637225019e-17  -0.00238610958232657
-0.000117001915452833 -0.000207194432561114     0.155759598601404    0.0567347282795881    0.0519616901776334  1.46468256342426e-16  5.34034545181672e-17 -5.49761903994393e-18 -4.39909442307762e-17    0.0888978988061916
  1.5258892278241e-17  1.21967950527968e-20 -1.12138460162429e-18  1.63256770141338e-16  1.46468256342426e-16      1.95942685015808  4.49602744131325e-16     -0.25561451476561     0.112262448841311 -3.05413405697042e-16
 1.40863812552163e-17 -1.37136314951238e-20  4.04974079533244e-18  8.39962557291987e-17  5.34034545181672e-17  4.49602744131325e-16      1.95942685015808     -0.11226244884131    -0.255614514765616  -1.4566307376818e-16
 1.35043823394754e-16 -1.11697933263378e-19  9.24583201477888e-17  1.29206996458222e-15 -5.49761903994393e-18     -0.25561451476561     -0.11226244884131    0.0789843725606169  3.01554565876584e-16 -2.27802143206849e-15
 4.65270130432427e-17 -1.06305761910299e-19   2.5970815983719e-17  7.68049637225019e-17 -4.39909442307762e-17     0.112262448841311    -0.255614514765616  3.01554565876584e-16    0.0789843725606234 -7.37824699129091e-17
 5.39223947710245e-06  4.19791334908272e-05   -0.0092937641124458  -0.00238610958232657    0.0888978988061916 -3.05413405697042e-16  -1.4566307376818e-16 -2.27802143206849e-15 -7.37824699129091e-17       1.9958993573603
TOTAL ENERGY: -123.953801358631	 lambda: -4.15	 population of target: 3.99978890467408
1RDM: 
     1.99999999285217 -5.16552094980776e-08  1.20469868571171e-05  3.16565469372226e-06  -0.00011745543082526   1.5416084786314e-17  1.42190241530891e-17   1.3643872822551e-16  4.69405721336458e-17  5.44508701592885e-06
-5.16552094980776e-08      1.99997444689474   0.00165085222404616 -0.000145713273303655 -0.000207174232000978  1.20625250494163e-20 -1.37227277628785e-20 -1.12146519547364e-19 -1.06265231591365e-19  4.22386992384313e-05
 1.20469868571171e-05   0.00165085222404616      1.87794371390474   0.00565287774465346     0.155733382664824 -1.07274639172205e-18  4.07095638880941e-18  9.26279393274902e-17  2.61536818100856e-17  -0.00934808119695905
 3.16565469372226e-06 -0.000145713273303655   0.00565287774465346      1.99741063057844    0.0565960537912578   1.6318684853373e-16  8.43233462012535e-17  1.29274650765339e-15  7.91457580538197e-17  -0.00239354433934991
