TOTAL ENERGY: -123.606609168972	 lambda: -5	 population of target: 4.00000013288996
1RDM: 
     1.99999999999741 -2.71738464825133e-09 -2.57084617580329e-07  3.82705249616212e-09 -2.12220457190671e-06 -9.31160061988378e-18  3.78738014762381e-18 -8.27575717428005e-17 -6.11917677377104e-17 -4.42525190077972e-09
-2.71738464825133e-09      1.99997447086386  -0.00166362113948578  -5.0083751396371e-06 -8.16956983048496e-05  2.16644080743343e-20 -9.32798491785899e-21  2.18218463308549e-19  6.32709770554919e-20 -1.39867662831023e-06
-2.57084617580329e-07  -0.00166362113948578      1.88436051333126 -0.000203916375274272   -0.0718071000305736 -8.62017653523363e-18 -7.52543289838603e-18 -8.17746670929915e-17 -1.97063642401692e-17 -0.000229203071942822
 3.82705249616212e-09  -5.0083751396371e-06 -0.000203916375274272      1.99999052562383   0.00405251058202243  2.70774994848188e-16   7.7114476439506e-17  2.88026883851717e-15 -7.39669377942847e-17  7.93389791990429e-06
-2.12220457190671e-06 -8.16956983048496e-05   -0.0718071000305736   0.00405251058202243    0.0392767283272309  3.99628037115072e-19 -1.99934214399169e-16  1.17870676096031e-16   8.5135508347819e-18  -0.00396534003106433
-9.31160061988378e-18  2.16644080743343e-20 -8.62017653523363e-18  2.70774994848188e-16  3.99628037115072e-19      1.98146276816048 -4.54107200428631e-16    -0.183878804793766   -0.0470238603421745 -3.04586577085643e-17
 3.78738014762381e-18 -9.32798491785899e-21 -7.52543289838603e-18   7.7114476439506e-17 -1.99934214399169e-16 -4.54107200428631e-16      1.98146276816048    -0.047023860342178     0.183878804793761 -6.08887463654661e-17
-8.27575717428005e-17  2.18218463308549e-19 -8.17746670929915e-17  2.88026883851717e-15  1.17870676096031e-16    -0.183878804793766    -0.047023860342178    0.0567401537222395 -2.64733987241101e-17 -4.55334450199752e-16
-6.11917677377104e-17  6.32709770554919e-20 -1.97063642401692e-17 -7.39669377942847e-17   8.5135508347819e-18   -0.0470238603421745     0.183878804793761 -2.64733987241101e-17    0.0567401537222295  5.22720721770207e-16
-4.42525190077972e-09 -1.39867662831023e-06 -0.000229203071942822  7.93389791990429e-06  -0.00396534003106433 -3.04586577085643e-17 -6.08887463654661e-17 -4.55334450199752e-16  5.22720721770207e-16      1.99999191809094
TOTAL ENERGY: -123.606609269318	 lambda: -4.95	 population of target: 4.00000015306085
1RDM: 
     1.99999999999735 -2.72921053181956e-09 -2.58990809436604e-07  3.88621586413155e-09 -2.15471547201967e-06 -9.30878239770466e-18   3.7802075664281e-18 -8.27484005167613e-17 -6.11139472283492e-17 -4.51192744599272e-09
-2.72921053181956e-09      1.99997447086405  -0.00166362111766986 -5.01039041005967e-06 -8.16956293892839e-05  2.16756293094818e-20 -9.32882322009526e-21  2.18228743994942e-19  6.32625532724387e-20 -1.40526177105918e-06
-2.58990809436604e-07  -0.00166362111766986      1.88436051660228  -0.00020422620475465   -0.0718070778364458 -8.61612917121515e-18 -7.52894379193071e-18  -8.1760061776706e-17 -1.97042236003907e-17  -0.00023025996285892
 3.88621586413155e-09 -5.01039041005967e-06  -0.00020422620475465       1.9999905459235   0.00404741091072905  2.70757158271352e-16  7.69062985542528e-17  2.87958682367273e-15 -7.19504127068126e-17  7.95936180032818e-06
-2.15471547201967e-06 -8.16956293892839e-05   -0.0718070778364458   0.00404741091072905    0.0392767781168563  4.52436710615079e-19 -2.00037872209938e-16  1.17860715842957e-16  8.50125108965929e-18  -0.00398331842653991
-9.30878239770466e-18  2.16756293094818e-20 -8.61612917121515e-18  2.70757158271352e-16  4.52436710615079e-19      1.98146303402349 -6.26512637907268e-16    -0.183877498764125   -0.0470235263288301 -3.03655759660914e-17
  3.7802075664281e-18 -9.32882322009526e-21 -7.52894379193071e-18  7.69062985542528e-17 -2.00037872209938e-16 -6.26512637907268e-16      1.98146303402349   -0.0470235263288355     0.183877498764121 -6.09189341863103e-17
-8.27484005167613e-17  2.18228743994942e-19  -8.1760061776706e-17  2.87958682367273e-15  1.17860715842957e-16    -0.183877498764125   -0.0470235263288355     0.056739887918296 -3.07778453793328e-16 -4.54485861952564e-16
-6.11139472283492e-17  6.32625532724387e-20 -1.97042236003907e-17 -7.19504127068126e-17  8.50125108965929e-18   -0.0470235263288301     0.183877498764121 -3.07778453793328e-16    0.0567398879182938  5.23239575857147e-16
-4.51192744599272e-09 -1.40526177105918e-06  -0.00023025996285892  7.95936180032818e-06  -0.00398331842653991 -3.03655759660914e-17 -6.09189341863103e-17 -4.54485861952564e-16  5.23239575857147e-16      1.99999184461242
TOTAL ENERGY: -123.606609374218	 lambda: -4.9	 population of target: 4.00000017436135
1RDM: 
     1.99999999999727 -2.74123853451145e-09 -2.60932582296225e-07  3.94633169864258e-09 -2.18787031713349e-06 -9.30595042937637e-18   3.7729833316188e-18 -8.27392464823054e-17  -6.1035595887918e-17 -4.60130859997553e-09
-2.74123853451145e-09      1.99997447086405  -0.00166362110203177 -5.01245706098245e-06 -8.16955568123572e-05  2.16649841099563e-20 -9.32465247853988e-21  2.18207837705953e-19  6.32374562847004e-20 -1.41205818855832e-06
-2.60932582296225e-07  -0.00166362110203177      1.88436051979911 -0.000204544447000323   -0.0718070546894094 -8.61588601971833e-18 -7.53170444711423e-18  -8.1769788376709e-17 -1.97146391035511e-17 -0.000231354321717546
 3.94633169864258e-09 -5.01245706098245e-06 -0.000204544447000323      1.99999056677584   0.00404216601578614  2.70738777177047e-16  7.66920440261771e-17  2.87888487856903e-15 -6.98750227086637e-17   7.9857999292764e-06
-2.18787031713349e-06 -8.16955568123572e-05   -0.0718070546894094   0.00404216601578614    0.0392768299345928  5.07432130133035e-19 -2.00145563699238e-16  1.17852588542077e-16  8.48954193831332e-18  -0.00400197896154777
-9.30595042937637e-18  2.16649841099563e-20 -8.61588601971833e-18  2.70738777177047e-16  5.07432130133035e-19      1.98146331002177 -6.39749195053386e-16    -0.183876142934201   -0.0470231795232334   -3.026895628071e-17
  3.7729833316188e-18 -9.32465247853988e-21 -7.53170444711423e-18  7.66920440261771e-17 -2.00145563699238e-16 -6.39749195053386e-16      1.98146331002177   -0.0470231795232395     0.183876142934199 -6.09502311414519e-17
-8.27392464823054e-17  2.18207837705953e-19  -8.1769788376709e-17  2.87888487856903e-15  1.17852588542077e-16    -0.183876142934201   -0.0470231795232395    0.0567396122936831 -3.18392627007381e-16 -4.53604904928821e-16
 -6.1035595887918e-17  6.32374562847004e-20 -1.97146391035511e-17 -6.98750227086637e-17  8.48954193831332e-18   -0.0470231795232334     0.183876142934199 -3.18392627007381e-16    0.0567396122936783  5.23777762375395e-16
-4.60130859997553e-09 -1.41205818855832e-06 -0.000231354321717546   7.9857999292764e-06  -0.00400197896154777   -3.026895628071e-17 -6.09502311414519e-17 -4.53604904928821e-16  5.23777762375395e-16      1.99999176799823
TOTAL ENERGY: -123.606609483994	 lambda: -4.85	 population of target: 4.00000019688043
1RDM: 
     1.99999999999719 -2.75346887511236e-09 -2.62910753027993e-07  4.00742895273751e-09  -2.2216928438322e-06 -9.30310413762648e-18  3.76570613290231e-18 -8.27301087049185e-17 -6.09567003460961e-17 -4.69354575069829e-09
-2.75346887511236e-09      1.99997447086434  -0.00166362107799613 -5.01457729839811e-06 -8.16954863649293e-05  2.16662891925378e-20 -9.32251080834271e-21  2.18203920360836e-19   6.3219693978176e-20 -1.41907646905588e-06
-2.62910753027993e-07  -0.00166362107799613      1.88436052316294 -0.000204871468817414   -0.0718070317044206 -8.61344741628551e-18 -7.53495950173171e-18 -8.17660362001618e-17 -1.97191344405323e-17  -0.00023248828728763
 4.00742895273751e-09 -5.01457729839811e-06 -0.000204871468817414      1.99999058820397   0.00403676951274589  2.70719802918422e-16  7.64714503292457e-17  2.87816185450683e-15  -6.7738314682905e-17   8.0132736832844e-06
 -2.2216928438322e-06 -8.16954863649293e-05   -0.0718070317044206   0.00403676951274589    0.0392768846298669  5.64559075577437e-19 -2.00257354967486e-16  1.17843047123354e-16  8.47677333170374e-18  -0.00402136348091733
-9.30310413762648e-18  2.16662891925378e-20 -8.61344741628551e-18  2.70719802918422e-16  5.64559075577437e-19      1.98146359680616 -8.32962538627374e-16    -0.183874734106337   -0.0470228191939677 -3.01685939122559e-17
 3.76570613290231e-18 -9.32251080834271e-21 -7.53495950173171e-18  7.64714503292457e-17 -2.00257354967486e-16 -8.32962538627374e-16      1.98146359680616   -0.0470228191939748      0.18387473410633 -6.09826973563781e-17
-8.27301087049185e-17  2.18203920360836e-19 -8.17660362001618e-17  2.87816185450683e-15  1.17843047123354e-16    -0.183874734106337   -0.0470228191939748    0.0567393257463877 -4.07300826377232e-16 -4.52689714110574e-16
-6.09567003460961e-17   6.3219693978176e-20 -1.97191344405323e-17  -6.7738314682905e-17  8.47677333170374e-18   -0.0470228191939677      0.18387473410633 -4.07300826377232e-16    0.0567393257463924  5.24336351076145e-16
-4.69354575069829e-09 -1.41907646905588e-06  -0.00023248828728763   8.0132736832844e-06  -0.00402136348091733 -3.01685939122559e-17 -6.09826973563781e-17 -4.52689714110574e-16  5.24336351076145e-16      1.99999168803661
TOTAL ENERGY: -123.606609598963	 lambda: -4.8	 population of target: 4.00000022070946
1RDM: 
     1.99999999999711  -2.7659161175301e-09 -2.64927315384832e-07  4.06954427672261e-09 -2.25621261730781e-06  -9.3002434758955e-18  3.75837480216785e-18 -8.27209908427332e-17 -6.08772497855206e-17 -4.78880449552433e-09
 -2.7659161175301e-09      1.99997447086451  -0.00166362105147888 -5.01675345822285e-06 -8.16954058549073e-05  2.16657357476608e-20 -9.32069937802093e-21  2.18196962331217e-19  6.32013133701412e-20 -1.42632766451462e-06
-2.64927315384832e-07  -0.00166362105147888      1.88436052676998 -0.000205207652180842   -0.0718070076553791 -8.61126480186241e-18 -7.53842130851895e-18 -8.17646326315747e-17 -1.97238871127349e-17 -0.000233663941030707
 4.06954427672261e-09 -5.01675345822285e-06 -0.000205207652180842      1.99999061023163   0.00403121479821222  2.70700212221691e-16  7.62442285406914e-17  2.87741685226552e-15 -6.55374687473181e-17   8.0418376416567e-06
-2.25621261730781e-06 -8.16954058549073e-05   -0.0718070076553791   0.00403121479821222    0.0392769419794305  6.23909022030321e-19 -2.00373616731219e-16  1.17833360162594e-16  8.46344828314319e-18  -0.00404151131423118
 -9.3002434758955e-18  2.16657357476608e-20 -8.61126480186241e-18  2.70700212221691e-16  6.23909022030321e-19       1.9814638949184 -3.01093754399872e-16    -0.183873269586272   -0.0470224447509919  -3.0064271100493e-17
 3.75837480216785e-18 -9.32069937802093e-21 -7.53842130851895e-18  7.62442285406914e-17 -2.00373616731219e-16 -3.01093754399872e-16       1.9814638949184   -0.0470224447509938     0.183873269586267 -6.10164030235923e-17
-8.27209908427332e-17  2.18196962331217e-19 -8.17646326315747e-17  2.87741685226552e-15  1.17833360162594e-16    -0.183873269586272   -0.0470224447509938    0.0567390278996742  7.22828105325102e-17 -4.51738292437935e-16
-6.08772497855206e-17  6.32013133701412e-20 -1.97238871127349e-17 -6.55374687473181e-17  8.46344828314319e-18   -0.0470224447509919     0.183873269586267  7.22828105325102e-17    0.0567390278996714  5.24916551876394e-16
-4.78880449552433e-09 -1.42632766451462e-06 -0.000233663941030707   8.0418376416567e-06  -0.00404151131423118  -3.0064271100493e-17 -6.10164030235923e-17 -4.51738292437935e-16  5.24916551876394e-16      1.99999160452118
TOTAL ENERGY: -123.606609719512	 lambda: -4.75	 population of target: 4.00000024595677
1RDM: 
     1.99999999999702 -2.77857897455132e-09 -2.66983266854533e-07  4.13272116832289e-09 -2.29146164528754e-06 -9.29736833447807e-18  3.75098790464599e-18 -8.27118972765827e-17 -6.07972309431239e-17 -4.88727239466612e-09
-2.77857897455132e-09      1.99997447086461  -0.00166362103195699 -5.01898772951089e-06 -8.16953314073645e-05  2.16670969774866e-20 -9.31854000260881e-21  2.18192400983024e-19   6.3183225203671e-20 -1.43382382329612e-06
-2.66983266854533e-07  -0.00166362103195699      1.88436053038697 -0.000205553379251132   -0.0718069844451791 -8.60864626982154e-18 -7.54194874942463e-18 -8.17607380081951e-17 -1.97287581946165e-17  -0.00023488378487477
 4.13272116832289e-09 -5.01898772951089e-06 -0.000205553379251132      1.99999063288402   0.00402549488297854  2.70679975137142e-16  7.60100757410155e-17  2.87664886709467e-15 -6.32695582407417e-17  8.07156562771291e-06
-2.29146164528754e-06 -8.16953314073645e-05   -0.0718069844451791   0.00402549488297854    0.0392770024369137  6.85710265428953e-19 -2.00494525074492e-16  1.17823316955022e-16  8.44944980764981e-18  -0.00406247213037065
-9.29736833447807e-18  2.16670969774866e-20 -8.60864626982154e-18  2.70679975137142e-16  6.85710265428953e-19      1.98146420516318 -5.25802323815474e-16    -0.183871745440556    -0.047022055100443 -2.99557462898694e-17
 3.75098790464599e-18 -9.31854000260881e-21 -7.54194874942463e-18  7.60100757410155e-17 -2.00494525074492e-16 -5.25802323815474e-16      1.98146420516318   -0.0470220551004476     0.183871745440553 -6.10514186846503e-17
-8.27118972765827e-17  2.18192400983024e-19 -8.17607380081951e-17  2.87664886709467e-15  1.17823316955022e-16    -0.183871745440556   -0.0470220551004476    0.0567387179531976 -1.70103963145382e-16 -4.50748421536186e-16
-6.07972309431239e-17   6.3183225203671e-20 -1.97287581946165e-17 -6.32695582407417e-17  8.44944980764981e-18    -0.047022055100443     0.183871745440553 -1.70103963145382e-16    0.0567387179531924  5.25519631639678e-16
-4.88727239466612e-09 -1.43382382329612e-06  -0.00023488378487477  8.07156562771291e-06  -0.00406247213037065 -2.99557462898694e-17 -6.10514186846503e-17 -4.50748421536186e-16  5.25519631639678e-16      1.99999151719773
TOTAL ENERGY: -123.606609846027	 lambda: -4.7	 population of target: 4.00000027273367
1RDM: 
     1.99999999999694 -2.79147534823063e-09 -2.69080711310624e-07  4.19698526519798e-09 -2.32746607511464e-06 -9.29447846261812e-18  3.74354417287062e-18 -8.27028300765108e-17 -6.07166314524778e-17 -4.98912893179738e-09
-2.79147534823063e-09      1.99997447086443  -0.00166362101356944 -5.02128223237019e-06 -8.16952375566675e-05   2.1667085491357e-20  -9.3165232413832e-21  2.18185467872185e-19  6.31641393181034e-20 -1.44157761474134e-06
-2.69080711310624e-07  -0.00166362101356944      1.88436053436145 -0.000205909046830413   -0.0718069591954563 -8.60618174269082e-18 -7.54567555708436e-18 -8.17585439360507e-17 -1.97338885653236e-17 -0.000236150253334498
 4.19698526519798e-09 -5.02128223237019e-06 -0.000205909046830413       1.9999906561877   0.00401960238776462  2.70659060410913e-16  7.57686708452302e-17  2.87585682674603e-15 -6.09314769410451e-17   8.1025227546644e-06
-2.32746607511464e-06 -8.16952375566675e-05   -0.0718069591954563   0.00401960238776462    0.0392770657132763  7.50033299175224e-19 -2.00620428002236e-16  1.17812915248896e-16  8.43481073076597e-18  -0.00408429245836447
-9.29447846261812e-18   2.1667085491357e-20 -8.60618174269082e-18  2.70659060410913e-16  7.50033299175224e-19      1.98146452812466 -1.31707222262422e-15    -0.183870158829924   -0.0470216493661115 -2.98427587742718e-17
 3.74354417287062e-18  -9.3165232413832e-21 -7.54567555708436e-18  7.57686708452302e-17 -2.00620428002236e-16 -1.31707222262422e-15      1.98146452812466   -0.0470216493661246     0.183870158829921 -6.10878253847512e-17
-8.27028300765108e-17  2.18185467872185e-19 -8.17585439360507e-17  2.87585682674603e-15  1.17812915248896e-16    -0.183870158829924   -0.0470216493661246    0.0567383954040557 -1.00545886306929e-15 -4.49717709807684e-16
-6.07166314524778e-17  6.31641393181034e-20 -1.97338885653236e-17 -6.09314769410451e-17  8.43481073076597e-18   -0.0470216493661115     0.183870158829921 -1.00545886306929e-15    0.0567383954040511  5.26147007741257e-16
-4.98912893179738e-09 -1.44157761474134e-06 -0.000236150253334498   8.1025227546644e-06  -0.00408429245836447 -2.98427587742718e-17 -6.10878253847512e-17 -4.49717709807684e-16  5.26147007741257e-16      1.99999142581877
TOTAL ENERGY: -123.606609978963	 lambda: -4.65	 population of target: 4.0000003011709
1RDM: 
     1.99999999999684 -2.80460144547182e-09 -2.71220721082945e-07  4.26239190569166e-09 -2.36426514846003e-06 -9.29157359411299e-18  3.73604198799785e-18 -8.26937928882675e-17 -6.06354360335427e-17 -5.09459936859262e-09
-2.80460144547182e-09      1.99997447086448  -0.00166362099147179  -5.0236395586998e-06 -8.16951442623706e-05  2.16672299021009e-20  -9.3144536592663e-21  2.18178700621413e-19  6.31448656417909e-20 -1.44960233667759e-06
-2.71220721082945e-07  -0.00166362099147179      1.88436053847485 -0.000206275095766057   -0.0718069341816507 -8.60360131932038e-18 -7.54955548021453e-18 -8.17562051673642e-17 -1.97392447843063e-17  -0.00023746619204315
 4.26239190569166e-09  -5.0236395586998e-06 -0.000206275095766057       1.9999906801706   0.00401352948200408  2.70637429096212e-16   7.5519669946041e-17  2.87503954782391e-15 -5.85199138633266e-17  8.13479385947294e-06
-2.36426514846003e-06 -8.16951442623706e-05   -0.0718069341816507   0.00401352948200408    0.0392771327879624  8.17099443315795e-19 -2.00751599857581e-16  1.17802275029479e-16  8.41944884847828e-18  -0.00410702959741401
-9.29157359411299e-18  2.16672299021009e-20 -8.60360131932038e-18  2.70637429096212e-16  8.17099443315795e-19      1.98146486475317 -1.09081844021999e-15    -0.183868505134922   -0.0470212262030825 -2.97250351800404e-17
 3.73604198799785e-18  -9.3144536592663e-21 -7.54955548021453e-18   7.5519669946041e-17 -2.00751599857581e-16 -1.09081844021999e-15      1.98146486475317    -0.047021226203091     0.183868505134911 -6.11257051504443e-17
-8.26937928882675e-17  2.18178700621413e-19 -8.17562051673642e-17  2.87503954782391e-15  1.17802275029479e-16    -0.183868505134922    -0.047021226203091    0.0567380590567648 -3.48065550974478e-16 -4.48643648892641e-16
-6.06354360335427e-17  6.31448656417909e-20 -1.97392447843063e-17 -5.85199138633266e-17  8.41944884847828e-18   -0.0470212262030825     0.183868505134911 -3.48065550974478e-16    0.0567380590567662  5.26800133856582e-16
-5.09459936859262e-09 -1.44960233667759e-06  -0.00023746619204315  8.13479385947294e-06  -0.00410702959741401 -2.97250351800404e-17 -6.11257051504443e-17 -4.48643648892641e-16  5.26800133856582e-16      1.99999133008536
TOTAL ENERGY: -123.606610118807	 lambda: -4.6	 population of target: 4.00000033140884
1RDM: 
     1.99999999999675 -2.81797880819962e-09  -2.7340584821354e-07   4.3289738780927e-09 -2.40189080502013e-06  -9.2886532544476e-18  3.72847980920167e-18 -8.26847867241534e-17 -6.05536299354393e-17 -5.20390472732398e-09
-2.81797880819962e-09      1.99997447086499  -0.00166362095203318 -5.02606267917732e-06 -8.16950442201019e-05  2.16705605630144e-20  -9.3115657104109e-21  2.18177090181905e-19  6.31252828913183e-20 -1.45791304995239e-06
 -2.7340584821354e-07  -0.00166362095203318      1.88436054241073 -0.000206652013590518   -0.0718069089410939  -8.6003723366911e-18 -7.55347246020771e-18 -8.17500640529158e-17 -1.97447844013348e-17 -0.000238834601256743
  4.3289738780927e-09 -5.02606267917732e-06 -0.000206652013590518      1.99999070486224   0.00400726784193169  2.70615049689776e-16  7.52627125629399e-17  2.87419587376343e-15 -5.60313598923822e-17  8.16846289059794e-06
-2.40189080502013e-06 -8.16950442201019e-05   -0.0718069089410939   0.00400726784193169    0.0392772037513904  8.87151794583574e-19 -2.00888396216526e-16  1.17790905556188e-16  8.40332393955651e-18  -0.00413074188650121
 -9.2886532544476e-18  2.16705605630144e-20  -8.6003723366911e-18  2.70615049689776e-16  8.87151794583574e-19      1.98146521595944 -1.20342751721223e-15    -0.183866779694728   -0.0470207851394541 -2.96022564605923e-17
 3.72847980920167e-18  -9.3115657104109e-21 -7.55347246020771e-18  7.52627125629399e-17 -2.00888396216526e-16 -1.20342751721223e-15      1.98146521595944    -0.047020785139465     0.183866779694721 -6.11651511135408e-17
-8.26847867241534e-17  2.18177090181905e-19 -8.17500640529158e-17  2.87419587376343e-15  1.17790905556188e-16    -0.183866779694728    -0.047020785139465    0.0567377082544372 -7.15725377052224e-16 -4.47523308948139e-16
-6.05536299354393e-17  6.31252828913183e-20 -1.97447844013348e-17 -5.60313598923822e-17  8.40332393955651e-18   -0.0470207851394541     0.183866779694721 -7.15725377052224e-16    0.0567377082544367  5.27480683989965e-16
-5.20390472732398e-09 -1.45791304995239e-06 -0.000238834601256743  8.16846289059794e-06  -0.00413074188650121 -2.96022564605923e-17 -6.11651511135408e-17 -4.47523308948139e-16  5.27480683989965e-16      1.99999122968614
TOTAL ENERGY: -123.606610266082	 lambda: -4.55	 population of target: 4.00000036360212
1RDM: 
     1.99999999999665 -2.83160995317548e-09 -2.75637677033766e-07  4.39678617661959e-09 -2.44038490517218e-06 -9.28571779760395e-18  3.72085598711509e-18 -8.26758213894348e-17 -6.04711987541214e-17 -5.31730000223828e-09
-2.83160995317548e-09      1.99997447086495  -0.00166362092800853 -5.02855401812197e-06 -8.16949456601129e-05  2.16690519634759e-20 -9.30972979580859e-21  2.18166988877593e-19  6.31050109295893e-20 -1.46652536484571e-06
-2.75637677033766e-07  -0.00166362092800853      1.88436054690686 -0.000207040261379286   -0.0718068824590723 -8.59787460487547e-18  -7.5577625155478e-18 -8.17497628471482e-17 -1.97507047307416e-17  -0.00024025865960573
 4.39678617661959e-09 -5.02855401812197e-06 -0.000207040261379286      1.99999073029453      0.00400080854812  2.70591874197066e-16  7.49974071888852e-17  2.87332441467357e-15 -5.34620609879929e-17  8.20361976340205e-06
-2.44038490517218e-06 -8.16949456601129e-05   -0.0718068824590723      0.00400080854812    0.0392772784086188  9.60211892035081e-19 -2.01031195053899e-16  1.17779704582705e-16  8.38639328566512e-18  -0.00415549205424845
-9.28571779760395e-18  2.16690519634759e-20 -8.59787460487547e-18  2.70591874197066e-16  9.60211892035081e-19      1.98146558259878 -4.98909756863085e-16    -0.183864978474976   -0.0470203244592496 -2.94741040199094e-17
 3.72085598711509e-18 -9.30972979580859e-21  -7.5577625155478e-18  7.49974071888852e-17 -2.01031195053899e-16 -4.98909756863085e-16      1.98146558259878   -0.0470203244592538     0.183864978474972 -6.12062661120346e-17
-8.26758213894348e-17  2.18166988877593e-19 -8.17497628471482e-17  2.87332441467357e-15  1.17779704582705e-16    -0.183864978474976   -0.0470203244592538    0.0567373420240796 -1.18462072980705e-16 -4.46353770294129e-16
-6.04711987541214e-17  6.31050109295893e-20 -1.97507047307416e-17 -5.34620609879929e-17  8.38639328566512e-18   -0.0470203244592496     0.183864978474972 -1.18462072980705e-16    0.0567373420240788  5.28190425744845e-16
-5.31730000223828e-09 -1.46652536484571e-06  -0.00024025865960573  8.20361976340205e-06  -0.00415549205424845 -2.94741040199094e-17 -6.12062661120346e-17 -4.46353770294129e-16  5.28190425744845e-16      1.99999112428263
TOTAL ENERGY: -123.606610421391	 lambda: -4.5	 population of target: 4.00000039792671
1RDM: 
     1.99999999999655 -2.84550517586781e-09 -2.77918241560484e-07  4.46587443857093e-09 -2.47978670588129e-06 -9.28276640508109e-18  3.71316874632285e-18 -8.26668954764815e-17 -6.03881246112247e-17 -5.43505630391699e-09
-2.84550517586781e-09      1.99997447086536  -0.00166362088781359 -5.03111668955476e-06 -8.16948295685303e-05  2.16692807179801e-20  -9.3074257558948e-21  2.18159515994906e-19  6.30843345902764e-20 -1.47545607521543e-06
-2.77918241560484e-07  -0.00166362088781359      1.88436055154148 -0.000207440368146032   -0.0718068562353014 -8.59495553931604e-18 -7.56217492220197e-18 -8.17473810649818e-17 -1.97568353374283e-17 -0.000241741945367303
 4.46587443857093e-09 -5.03111668955476e-06 -0.000207440368146032      1.99999075650032   0.00399414227713291  2.70567863018732e-16  7.47233431795832e-17  2.87242381629258e-15 -5.08080342573644e-17  8.24036980235942e-06
-2.47978670588129e-06 -8.16948295685303e-05   -0.0718068562353014   0.00399414227713291    0.0392773580171726  1.03681381402417e-18 -2.01180363893432e-16   1.1776786571196e-16  8.36857555297335e-18  -0.00418135186187394
-9.28276640508109e-18  2.16692807179801e-20 -8.59495553931604e-18  2.70567863018732e-16  1.03681381402417e-18      1.98146596570829 -1.08342878266046e-15    -0.183863096292666   -0.0470198432415334 -2.93402075352031e-17
 3.71316874632285e-18  -9.3074257558948e-21 -7.56217492220197e-18  7.47233431795832e-17 -2.01180363893432e-16 -1.08342878266046e-15      1.98146596570829   -0.0470198432415426     0.183863096292658  -6.1249154231367e-17
-8.26668954764815e-17  2.18159515994906e-19 -8.17473810649818e-17  2.87242381629258e-15   1.1776786571196e-16    -0.183863096292666   -0.0470198432415426    0.0567369590871546 -4.88720324309812e-16 -4.45131626712502e-16
-6.03881246112247e-17  6.30843345902764e-20 -1.97568353374283e-17 -5.08080342573644e-17  8.36857555297335e-18   -0.0470198432415334     0.183863096292658 -4.88720324309812e-16    0.0567369590871494  5.28931258112489e-16
-5.43505630391699e-09 -1.47545607521543e-06 -0.000241741945367303  8.24036980235942e-06  -0.00418135186187394 -2.93402075352031e-17  -6.1249154231367e-17 -4.45131626712502e-16  5.28931258112489e-16       1.9999910134882
TOTAL ENERGY: -123.606610585376	 lambda: -4.45	 population of target: 4.00000043457361
1RDM: 
     1.99999999999645 -2.85967145812478e-09 -2.80249539776011e-07  4.53629364134035e-09 -2.52014104703217e-06 -9.27979903570905e-18  3.70541613952445e-18 -8.26580163667903e-17 -6.03043899240468e-17 -5.55747046424661e-09
-2.85967145812478e-09      1.99997447086597  -0.00166362084158001 -5.03375394499164e-06 -8.16947160258527e-05  2.16700154346124e-20 -9.30492922547981e-21  2.18153216305913e-19  6.30632693536779e-20 -1.48472341209701e-06
-2.80249539776011e-07  -0.00166362084158001      1.88436055631265 -0.000207852897956015   -0.0718068288309549 -8.59186351413649e-18 -7.56677436917275e-18 -8.17446321100974e-17 -1.97632822334662e-17 -0.000243288197630614
 4.53629364134035e-09 -5.03375394499164e-06 -0.000207852897956015      1.99999078351485   0.00398725902050339  2.70542967572432e-16  7.44400778151433e-17  2.87149256541579e-15 -4.80650130486417e-17  8.27881900732499e-06
-2.52014104703217e-06 -8.16947160258527e-05   -0.0718068288309549   0.00398725902050339    0.0392774416010086  1.11670459270263e-18 -2.01336401858267e-16  1.17755577743667e-16  8.34980874492302e-18  -0.00420839532404662
-9.27979903570905e-18  2.16700154346124e-20 -8.59186351413649e-18  2.70542967572432e-16  1.11670459270263e-18      1.98146636653328 -1.19735093480162e-15     -0.18386112706444   -0.0470193396420931 -2.92001825786374e-17
 3.70541613952445e-18 -9.30492922547981e-21 -7.56677436917275e-18  7.44400778151433e-17 -2.01336401858267e-16 -1.19735093480162e-15      1.98146636653328   -0.0470193396421028     0.183861127064428 -6.12939392565949e-17
-8.26580163667903e-17  2.18153216305913e-19 -8.17446321100974e-17  2.87149256541579e-15  1.17755577743667e-16     -0.18386112706444   -0.0470193396421028    0.0567365588736746 -4.35488922063227e-16 -4.43853358508165e-16
-6.03043899240468e-17  6.30632693536779e-20 -1.97632822334662e-17 -4.80650130486417e-17  8.34980874492302e-18   -0.0470193396420931     0.183861127064428 -4.35488922063227e-16    0.0567365588736835  5.29705314585525e-16
-5.55747046424661e-09 -1.48472341209701e-06 -0.000243288197630614  8.27881900732499e-06  -0.00420839532404662 -2.92001825786374e-17 -6.12939392565949e-17 -4.43853358508165e-16  5.29705314585525e-16      1.99999089689515
TOTAL ENERGY: -123.606610758766	 lambda: -4.4	 population of target: 4.00000047376029
1RDM: 
     1.99999999999633 -2.87412545971803e-09 -2.82634228253102e-07  4.60809441830474e-09 -2.56149302121824e-06 -9.27681541511548e-18  3.69759632059618e-18 -8.26491885153692e-17  -6.0219977479246e-17 -5.68486627977046e-09
-2.87412545971803e-09      1.99997447086616  -0.00166362080408375 -5.03646906355406e-06 -8.16945943622851e-05  2.16707918927772e-20 -9.30255517453687e-21  2.18146081959324e-19   6.3041873932757e-20 -1.49434696870008e-06
-2.82634228253102e-07  -0.00166362080408375      1.88436056144401 -0.000208278425322554   -0.0718068009350328 -8.58861130752595e-18 -7.57162824083204e-18 -8.17417439806236e-17 -1.97697375136269e-17 -0.000244901613687969
 4.60809441830474e-09 -5.03646906355406e-06 -0.000208278425322554      1.99999081137535   0.00398014817959339  2.70517137554031e-16  7.41471413711156e-17  2.87052907048801e-15 -4.52284591753444e-17  8.31909107612328e-06
-2.56149302121824e-06 -8.16945943622851e-05   -0.0718068009350328   0.00398014817959339    0.0392775305466543  1.20047364950051e-18 -2.01499736425938e-16  1.17742846186258e-16  8.33000792529261e-18  -0.00423670705987422
-9.27681541511548e-18  2.16707918927772e-20 -8.58861130752595e-18  2.70517137554031e-16  1.20047364950051e-18      1.98146678619371 -6.69044630000745e-16    -0.183859065294663   -0.0470188123315438 -2.90535898722279e-17
 3.69759632059618e-18 -9.30255517453687e-21 -7.57162824083204e-18  7.41471413711156e-17 -2.01499736425938e-16 -6.69044630000745e-16      1.98146678619371   -0.0470188123315507     0.183859065294663 -6.13407492940546e-17
-8.26491885153692e-17  2.18146081959324e-19 -8.17417439806236e-17  2.87052907048801e-15  1.17742846186258e-16    -0.183859065294663   -0.0470188123315507    0.0567361396732596 -4.47005679564739e-16 -4.42514927763628e-16
 -6.0219977479246e-17   6.3041873932757e-20 -1.97697375136269e-17 -4.52284591753444e-17  8.33000792529261e-18   -0.0470188123315438     0.183859065294663 -4.47005679564739e-16     0.056736139673261  5.30514893681364e-16
-5.68486627977046e-09 -1.49434696870008e-06 -0.000244901613687969  8.31909107612328e-06  -0.00423670705987422 -2.90535898722279e-17 -6.13407492940546e-17 -4.42514927763628e-16  5.30514893681364e-16       1.9999907740375
TOTAL ENERGY: -123.606610942367	 lambda: -4.35	 population of target: 4.00000051572903
1RDM: 
     1.99999999999623 -2.88887577527819e-09 -2.85074652097566e-07   4.6813395223724e-09 -2.60389447605816e-06 -9.27381505902792e-18   3.6897070630023e-18 -8.26404161298716e-17 -6.01348664287135e-17 -5.81760451396293e-09
-2.88887577527819e-09      1.99997447086653  -0.00166362076250888  -5.0392656138616e-06 -8.16944652973899e-05  2.16758306919399e-20 -9.29988196110693e-21  2.18144999024657e-19  6.30163121939106e-20 -1.50434808374219e-06
-2.85074652097566e-07  -0.00166362076250888      1.88436056656054 -0.000208717582413747   -0.0718067723323591 -8.58441305478148e-18 -7.57686098691699e-18 -8.17337934834261e-17 -1.97737929234546e-17 -0.000246586738034253
  4.6813395223724e-09  -5.0392656138616e-06 -0.000208717582413747      1.99999084012159   0.00397279837824246  2.70490315988712e-16  7.38440293558692e-17  2.86953160310911e-15 -4.22935131827612e-17   8.3613186979968e-06
-2.60389447605816e-06 -8.16944652973899e-05   -0.0718067723323591   0.00397279837824246    0.0392776251848991  1.28838406463314e-18 -2.01670607957277e-16  1.17729294438377e-16  8.30902879510156e-18  -0.00426637846477605
-9.27381505902792e-18  2.16758306919399e-20 -8.58441305478148e-18  2.70490315988712e-16  1.28838406463314e-18      1.98146722621408 -7.39339493889858e-16     -0.18385690344286   -0.0470182595287757 -2.88999572834105e-17
  3.6897070630023e-18 -9.29988196110693e-21 -7.57686098691699e-18  7.38440293558692e-17 -2.01670607957277e-16 -7.39339493889858e-16      1.98146722621408   -0.0470182595287807     0.183856903442848 -6.13897274461798e-17
-8.26404161298716e-17  2.18144999024657e-19 -8.17337934834261e-17  2.86953160310911e-15  1.17729294438377e-16     -0.18385690344286   -0.0470182595287807    0.0567357002184724  3.07220376767808e-19 -4.41112008422636e-16
-6.01348664287135e-17  6.30163121939106e-20 -1.97737929234546e-17 -4.22935131827612e-17  8.30902879510156e-18   -0.0470182595287757     0.183856903442848  3.07220376767808e-19    0.0567357002184741  5.31362529305122e-16
-5.81760451396293e-09 -1.50434808374219e-06 -0.000246586738034253   8.3613186979968e-06  -0.00426637846477605 -2.88999572834105e-17 -6.13897274461798e-17 -4.41112008422636e-16  5.31362529305122e-16      1.99999064440512
TOTAL ENERGY: -123.606611137074	 lambda: -4.3	 population of target: 4.00000056075097
1RDM: 
     1.99999999999611 -2.90393469708175e-09 -2.87573448788775e-07  4.75609031389516e-09  -2.6473986201415e-06 -9.27079791264994e-18  3.68174621841936e-18 -8.26317071613644e-17 -6.00490373079769e-17 -5.95607633006315e-09
-2.90393469708175e-09      1.99997447086644  -0.00166362073239203 -5.04214738710349e-06 -8.16943282783817e-05  2.16744709578615e-20 -9.29646290665267e-21  2.18135140053338e-19  6.29968226385735e-20 -1.51474952678662e-06
-2.87573448788775e-07  -0.00166362073239203      1.88436057210482 -0.000209171028712049   -0.0718067429443882 -8.58135372062726e-18 -7.58186752944692e-18  -8.1733610378555e-17 -1.97843935735222e-17 -0.000248348505812796
 4.75609031389516e-09 -5.04214738710349e-06 -0.000209171028712049      1.99999086979533   0.00396519760807936  2.70462451557271e-16  7.35302039153068e-17  2.86849840393336e-15 -3.92549402016017e-17  8.40564756711014e-06
 -2.6473986201415e-06 -8.16943282783817e-05   -0.0718067429443882   0.00396519760807936    0.0392777257558545  1.38042685234359e-18 -2.01850573605778e-16  1.17715718945826e-16  8.28707529179884e-18  -0.00429750966263645
-9.27079791264994e-18  2.16744709578615e-20 -8.58135372062726e-18  2.70462451557271e-16  1.38042685234359e-18      1.98146768792943 -8.16493857750197e-16    -0.183854635012528   -0.0470176793111459 -2.87387679248448e-17
 3.68174621841936e-18 -9.29646290665267e-21 -7.58186752944692e-18  7.35302039153068e-17 -2.01850573605778e-16 -8.16493857750197e-16      1.98146768792943   -0.0470176793111517     0.183854635012517 -6.14410265379171e-17
-8.26317071613644e-17  2.18135140053338e-19  -8.1733610378555e-17  2.86849840393336e-15  1.17715718945826e-16    -0.183854635012528   -0.0470176793111517    0.0567352390948586 -5.66891329240929e-17 -4.39639825860208e-16
-6.00490373079769e-17  6.29968226385735e-20 -1.97843935735222e-17 -3.92549402016017e-17  8.28707529179884e-18   -0.0470176793111459     0.183854635012517 -5.66891329240929e-17    0.0567352390948582  5.32250930739426e-16
-5.95607633006315e-09 -1.51474952678662e-06 -0.000248348505812796  8.40564756711014e-06  -0.00429750966263645 -2.87387679248448e-17 -6.14410265379171e-17 -4.39639825860208e-16  5.32250930739426e-16      1.99999050743288
TOTAL ENERGY: -123.606611343885	 lambda: -4.25	 population of target: 4.00000060913116
1RDM: 
     1.99999999999598 -2.91932340033819e-09 -2.90133988340555e-07  4.83240903652955e-09 -2.69206202054443e-06 -9.26776327054279e-18  3.67371118475814e-18 -8.26230650141068e-17 -5.99624654682384e-17 -6.10071131324304e-09
-2.91932340033819e-09      1.99997447086727  -0.00166362066724703 -5.04511866865296e-06 -8.16941708902921e-05  2.16758641805245e-20 -9.29389018370751e-21  2.18129489422408e-19  6.29748100896739e-20 -1.52557598070997e-06
-2.90133988340555e-07  -0.00166362066724703      1.88436057793726 -0.000209639498644384   -0.0718067133943324 -8.57760625708591e-18 -7.58748166551274e-18 -8.17306935773119e-17 -1.97919017380262e-17 -0.000250192316109139
 4.83240903652955e-09 -5.04511866865296e-06 -0.000209639498644384      1.99999090044099   0.00395733299590859  2.70433467728467e-16  7.32050857089283e-17  2.86742739212764e-15 -3.61071977192693e-17  8.45223714480658e-06
-2.69206202054443e-06 -8.16941708902921e-05   -0.0718067133943324   0.00395733299590859    0.0392778331097811  1.47774718275074e-18  -2.0203928707152e-16  1.17701235906971e-16  8.26360592988446e-18  -0.00433021042164937
-9.26776327054279e-18  2.16758641805245e-20 -8.57760625708591e-18  2.70433467728467e-16  1.47774718275074e-18      1.98146817309217 -1.08786096218921e-15    -0.183852251280541   -0.0470170699158948 -2.85694533648276e-17
 3.67371118475814e-18 -9.29389018370751e-21 -7.58748166551274e-18  7.32050857089283e-17  -2.0203928707152e-16 -1.08786096218921e-15      1.98146817309217   -0.0470170699159003     0.183852251280518 -6.14948178651712e-17
-8.26230650141068e-17  2.18129489422408e-19 -8.17306935773119e-17  2.86742739212764e-15  1.17701235906971e-16    -0.183852251280541   -0.0470170699159003     0.056734754485248  2.20776320386253e-16 -4.38093192836116e-16
-5.99624654682384e-17  6.29748100896739e-20 -1.97919017380262e-17 -3.61071977192693e-17  8.26360592988446e-18   -0.0470170699158948     0.183852251280518  2.20776320386253e-16    0.0567347544852432  5.33183143056566e-16
-6.10071131324304e-09 -1.52557598070997e-06 -0.000250192316109139  8.45223714480658e-06  -0.00433021042164937 -2.85694533648276e-17 -6.14948178651712e-17 -4.38093192836116e-16  5.33183143056566e-16      1.99999036249388
TOTAL ENERGY: -123.606611563935	 lambda: -4.2	 population of target: 4.00000066121792
1RDM: 
     1.99999999999585 -2.93502946266907e-09  -2.9275750966633e-07  4.91037240484846e-09 -2.73794681234219e-06 -9.26471085795354e-18  3.66559960995831e-18 -8.26144973470758e-17 -5.98751293682029e-17 -6.25198899094378e-09
-2.93502946266907e-09      1.99997447086706  -0.00166362063778252 -5.04818294690178e-06 -8.16940324252814e-05  2.16780198530563e-20 -9.29023042230366e-21  2.18117127767176e-19  6.29482898640362e-20 -1.53685527176119e-06
 -2.9275750966633e-07  -0.00166362063778252      1.88436058406491 -0.000210123687378692   -0.0718066820883202 -8.57319466030682e-18 -7.59328231364073e-18 -8.17235260459954e-17 -1.97992459153206e-17 -0.000252124245312548
 4.91037240484846e-09 -5.04818294690178e-06 -0.000210123687378692      1.99999093210625   0.00394919082244566   2.7040330497486e-16  7.28680527633649e-17  2.86631651862378e-15  -3.2844269536397e-17  8.50126950220884e-06
-2.73794681234219e-06 -8.16940324252814e-05   -0.0718066820883202   0.00394919082244566    0.0392779477031941  1.57942802362301e-18 -2.02237656296072e-16  1.17687199869603e-16  8.23860765006251e-18  -0.00436460480413576
-9.26471085795354e-18  2.16780198530563e-20 -8.57319466030682e-18   2.7040330497486e-16  1.57942802362301e-18      1.98146868355345 -7.55720977774025e-16    -0.183849743377805   -0.0470164280938287 -2.83913771912099e-17
 3.66559960995831e-18 -9.29023042230366e-21 -7.59328231364073e-18  7.28680527633649e-17 -2.02237656296072e-16 -7.55720977774025e-16      1.98146868355345   -0.0470164280938336     0.183849743377793 -6.15512931234651e-17
-8.26144973470758e-17  2.18117127767176e-19 -8.17235260459954e-17  2.86631651862378e-15  1.17687199869603e-16    -0.183849743377805   -0.0470164280938336    0.0567342446402189  2.84278714826837e-17   -4.364662305591e-16
-5.98751293682029e-17  6.29482898640362e-20 -1.97992459153206e-17  -3.2844269536397e-17  8.23860765006251e-18   -0.0470164280938287     0.183849743377793  2.84278714826837e-17    0.0567342446402188  5.34162564847156e-16
-6.25198899094378e-09 -1.53685527176119e-06 -0.000252124245312548  8.50126950220884e-06  -0.00436460480413576 -2.83913771912099e-17 -6.15512931234651e-17   -4.364662305591e-16  5.34162564847156e-16      1.99999020887539
TOTAL ENERGY: -123.606611798478	 lambda: -4.15	 population of target: 4.00000071740002
1RDM: 
     1.99999999999572 -2.95109367231514e-09 -2.95449119524987e-07  4.99005283478509e-09 -2.78512116061415e-06 -9.26164072590178e-18  3.65740858446386e-18 -8.26060160276022e-17 -5.97870040915912e-17 -6.41044033877112e-09
-2.95109367231514e-09      1.99997447086767  -0.00166362057778269 -5.05134583084576e-06 -8.16938646135261e-05  2.15946937183438e-20 -9.27366863941239e-21  2.17987797633215e-19  6.28696910319946e-20 -1.54861590317555e-06
-2.95449119524987e-07  -0.00166362057778269      1.88436059050715 -0.000210624476015647   -0.0718066512131923 -8.58411147728002e-18 -7.59708088275497e-18 -8.18162736076227e-17 -1.98492681095327e-17 -0.000254150749251928
 4.99005283478509e-09 -5.05134583084576e-06 -0.000210624476015647      1.99999096484103   0.00394075639114812  2.70371932840064e-16  7.25184369534511e-17  2.86516410134017e-15 -2.94595110236092e-17  8.55293785325137e-06
