  1   1   -0.4632994162D+02
  1   2    0.4346185642D+00
  1   3    0.6832829191D+00
  1   4    0.2108663422D-14
  1   5    0.1108905688D-14
  1   6   -0.1963121538D+00
  1   7   -0.2383557125D+00
  1   8   -0.1029333196D-14
  1   9   -0.5423785186D-14
  1  10   -0.9497330909D-01
  2   1    0.4346185642D+00
  2   2   -0.3785038015D+02
  2   3    0.3016129733D+00
  2   4    0.3888017057D-15
  2   5   -0.1288061447D-14
  2   6    0.8475093538D+00
  2   7   -0.1484075917D+00
  2   8    0.5137705347D-15
  2   9    0.3596607262D-14
  2  10   -0.1067566416D+01
  3   1    0.6832829191D+00
  3   2    0.3016129733D+00
  3   3   -0.1348701541D+02
  3   4    0.2372760133D-14
  3   5    0.6415791799D-15
  3   6    0.2183662179D-01
  3   7    0.1182597112D+01
  3   8    0.1222366013D-13
  3   9    0.7268574849D-14
  3  10    0.1803225752D+01
  4   1    0.2108663422D-14
  4   2    0.3888017057D-15
  4   3    0.2372760133D-14
  4   4   -0.1318111272D+02
  4   5    0.1776356839D-14
  4   6   -0.5682832760D-16
  4   7    0.1070803046D-13
  4   8   -0.1071919948D+01
  4   9   -0.1174744563D+00
  4  10    0.4737225198D-15
  5   1    0.1108905688D-14
  5   2   -0.1288061447D-14
  5   3    0.6415791799D-15
  5   4    0.1776356839D-14
  5   5   -0.1318111272D+02
  5   6    0.5652413778D-15
  5   7    0.1116670966D-14
  5   8    0.1174744563D+00
  5   9   -0.1071919948D+01
  5  10   -0.1049269769D-13
  6   1   -0.1963121538D+00
  6   2    0.8475093538D+00
  6   3    0.2183662179D-01
  6   4   -0.5682832760D-16
  6   5    0.5652413778D-15
  6   6   -0.1113267640D+02
  6   7    0.6431524939D+00
  6   8   -0.2426231255D-14
  6   9   -0.5648485089D-14
  6  10    0.1656924104D+01
  7   1   -0.2383557125D+00
  7   2   -0.1484075917D+00
  7   3    0.1182597112D+01
  7   4    0.1070803046D-13
  7   5    0.1116670966D-14
  7   6    0.6431524939D+00
  7   7   -0.1133688443D+02
  7   8    0.2006037772D-14
  7   9   -0.4279251294D-14
  7  10    0.1510452390D+00
  8   1   -0.1029333196D-14
  8   2    0.5137705347D-15
  8   3    0.1222366013D-13
  8   4   -0.1071919948D+01
  8   5    0.1174744563D+00
  8   6   -0.2426231255D-14
  8   7    0.2006037772D-14
  8   8   -0.1011166079D+02
  8   9    0.2131628207D-13
  8  10   -0.2081677111D-13
  9   1   -0.5423785186D-14
  9   2    0.3596607262D-14
  9   3    0.7268574849D-14
  9   4   -0.1174744563D+00
  9   5   -0.1071919948D+01
  9   6   -0.5648485089D-14
  9   7   -0.4279251294D-14
  9   8    0.2486899575D-13
  9   9   -0.1011166079D+02
  9  10    0.7758214347D-14
 10   1   -0.9497330909D-01
 10   2   -0.1067566416D+01
 10   3    0.1803225752D+01
 10   4    0.4737225198D-15
 10   5   -0.1049269769D-13
 10   6    0.1656924104D+01
 10   7    0.1510452390D+00
 10   8   -0.2081677111D-13
 10   9    0.7758214347D-14
 10  10   -0.7777464642D+01
