  1   1   -0.4168662532D+02
  1   2    0.3063940387D+00
  1   3   -0.6902358894D+00
  1   4    0.5171184902D-14
  1   5   -0.1640550877D-14
  1   6    0.3041915361D+00
  1   7    0.1249016984D+00
  1   8    0.3506292144D-15
  1   9   -0.3995055787D-14
  1  10    0.5589721718D-01
  2   1    0.3063940387D+00
  2   2   -0.3533783901D+02
  2   3   -0.3932406141D+00
  2   4   -0.2037471934D-14
  2   5   -0.4660655181D-15
  2   6   -0.6350647025D+00
  2   7    0.5364505075D-01
  2   8   -0.9516098172D-16
  2   9    0.1130455496D-14
  2  10   -0.9275825617D+00
  3   1   -0.6902358894D+00
  3   2   -0.3932406141D+00
  3   3   -0.1312561292D+02
  3   4    0.5023499039D-15
  3   5    0.1222938458D-14
  3   6   -0.3814896087D-01
  3   7    0.1404569648D+01
  3   8   -0.2871464139D-14
  3   9    0.1106641224D-14
  3  10   -0.1623200912D+01
  4   1    0.5171184902D-14
  4   2   -0.2037471934D-14
  4   3    0.5023499039D-15
  4   4   -0.1244458184D+02
  4   5    0.2664535259D-14
  4   6    0.9553030495D-15
  4   7    0.5157767540D-16
  4   8    0.2097788340D+00
  4   9   -0.8055595241D+00
  4  10    0.3209183492D-14
  5   1   -0.1640550877D-14
  5   2   -0.4660655181D-15
  5   3    0.1222938458D-14
  5   4    0.2442490654D-14
  5   5   -0.1244458184D+02
  5   6   -0.1790865434D-14
  5   7   -0.9483288651D-16
  5   8   -0.8055595241D+00
  5   9   -0.2097788340D+00
  5  10   -0.2172985520D-15
  6   1    0.3041915361D+00
  6   2   -0.6350647025D+00
  6   3   -0.3814896087D-01
  6   4    0.9553030495D-15
  6   5   -0.1790865434D-14
  6   6   -0.1066268527D+02
  6   7    0.6792793076D+00
  6   8    0.4846025042D-14
  6   9    0.5785472141D-14
  6  10   -0.1609346191D+01
  7   1    0.1249016984D+00
  7   2    0.5364505075D-01
  7   3    0.1404569648D+01
  7   4    0.5157767540D-16
  7   5   -0.9483288651D-16
  7   6    0.6792793076D+00
  7   7   -0.1156531831D+02
  7   8   -0.7387449878D-14
  7   9    0.2103602414D-15
  7  10   -0.8875605408D-01
  8   1    0.3506292144D-15
  8   2   -0.9516098172D-16
  8   3   -0.2871464139D-14
  8   4    0.2097788340D+00
  8   5   -0.8055595241D+00
  8   6    0.4846025042D-14
  8   7   -0.7387449878D-14
  8   8   -0.1015163223D+02
  8   9   -0.7299716387D-14
  8  10   -0.2202377457D-13
  9   1   -0.3995055787D-14
  9   2    0.1130455496D-14
  9   3    0.1106641224D-14
  9   4   -0.8055595241D+00
  9   5   -0.2097788340D+00
  9   6    0.5785472141D-14
  9   7    0.2103602414D-15
  9   8   -0.7299716387D-14
  9   9   -0.1015163223D+02
  9  10    0.8555193127D-14
 10   1    0.5589721718D-01
 10   2   -0.9275825617D+00
 10   3   -0.1623200912D+01
 10   4    0.3209183492D-14
 10   5   -0.2172985520D-15
 10   6   -0.1609346191D+01
 10   7   -0.8875605408D-01
 10   8   -0.2202377457D-13
 10   9    0.8555193127D-14
 10  10   -0.7133888881D+01
