  1   1   -0.3571695022D+02
  1   2   -0.4853932008D-02
  1   3    0.4396022249D+00
  1   4   -0.4296519373D+00
  1   5   -0.1402253704D-13
  1   6   -0.1703013708D-14
  1   7   -0.4411640764D-01
  1   8   -0.5316132455D-15
  1   9   -0.8006014668D-14
  1  10   -0.2274754687D+00
  2   1   -0.4853932008D-02
  2   2   -0.2888907324D+02
  2   3   -0.2771505977D+00
  2   4   -0.2498949842D+00
  2   5   -0.9428490895D-14
  2   6    0.2520045568D-14
  2   7    0.3621886191D+00
  2   8    0.4673402799D-16
  2   9   -0.3430676018D-15
  2  10   -0.9054437327D-01
  3   1    0.4396022249D+00
  3   2   -0.2771505977D+00
  3   3   -0.1188444699D+02
  3   4   -0.2752513745D+00
  3   5   -0.6475940692D-14
  3   6    0.8695862674D-15
  3   7   -0.7152537593D+00
  3   8   -0.6733076890D-15
  3   9    0.4115047203D-14
  3  10    0.6641170478D+00
  4   1   -0.4296519373D+00
  4   2   -0.2498949842D+00
  4   3   -0.2752513745D+00
  4   4   -0.9568571736D+01
  4   5    0.1113054475D-13
  4   6   -0.5710307756D-14
  4   7   -0.4842112837D+00
  4   8   -0.1205664462D-13
  4   9    0.7966870546D-14
  4  10   -0.1915312881D+00
  5   1   -0.1402253704D-13
  5   2   -0.9428490895D-14
  5   3   -0.6475940692D-14
  5   4    0.1113054475D-13
  5   5   -0.9834353913D+01
  5   6    0.1021405183D-13
  5   7   -0.2024923714D-13
  5   8    0.4872542909D+00
  5   9   -0.2795889214D+00
  5  10   -0.5828030000D-14
  6   1   -0.1703013708D-14
  6   2    0.2520045568D-14
  6   3    0.8695862674D-15
  6   4   -0.5710307756D-14
  6   5    0.1021405183D-13
  6   6   -0.9834353913D+01
  6   7    0.6233611432D-14
  6   8    0.2795889214D+00
  6   9    0.4872542909D+00
  6  10    0.3366823162D-14
  7   1   -0.4411640764D-01
  7   2    0.3621886191D+00
  7   3   -0.7152537593D+00
  7   4   -0.4842112837D+00
  7   5   -0.2024923714D-13
  7   6    0.6233611432D-14
  7   7   -0.8628043495D+01
  7   8    0.2267694219D-14
  7   9   -0.4105900515D-14
  7  10    0.3808690513D+00
  8   1   -0.5316132455D-15
  8   2    0.4673402799D-16
  8   3   -0.6733076890D-15
  8   4   -0.1205664462D-13
  8   5    0.4872542909D+00
  8   6    0.2795889214D+00
  8   7    0.2267694219D-14
  8   8   -0.9172155029D+01
  8   9    0.2664535259D-14
  8  10    0.2424265976D-14
  9   1   -0.8006014668D-14
  9   2   -0.3430676018D-15
  9   3    0.4115047203D-14
  9   4    0.7966870546D-14
  9   5   -0.2795889214D+00
  9   6    0.4872542909D+00
  9   7   -0.4105900515D-14
  9   8    0.3108624469D-14
  9   9   -0.9172155029D+01
  9  10   -0.1619934673D-14
 10   1   -0.2274754687D+00
 10   2   -0.9054437327D-01
 10   3    0.6641170478D+00
 10   4   -0.1915312881D+00
 10   5   -0.5828030000D-14
 10   6    0.3366823162D-14
 10   7    0.3808690513D+00
 10   8    0.2424265976D-14
 10   9   -0.1619934673D-14
 10  10   -0.9385886311D+01
