  1   1   -0.3659935699D+02
  1   2   -0.1895152735D-01
  1   3   -0.4699352383D+00
  1   4    0.3502107835D-14
  1   5    0.2143290396D-14
  1   6   -0.4375774161D+00
  1   7   -0.4568134271D-01
  1   8    0.2606392148D-14
  1   9    0.2269895055D-14
  1  10   -0.1903010591D+00
  2   1   -0.1895152735D-01
  2   2   -0.2989776484D+02
  2   3    0.3254312949D+00
  2   4   -0.8260710946D-16
  2   5   -0.3811611403D-15
  2   6   -0.1856772481D+00
  2   7   -0.4144304210D+00
  2   8    0.1036981430D-15
  2   9    0.5013201159D-16
  2  10    0.3894269101D-01
  3   1   -0.4699352383D+00
  3   2    0.3254312949D+00
  3   3   -0.1288257220D+02
  3   4    0.1060566015D-14
  3   5   -0.5951370249D-15
  3   6    0.5392665739D+00
  3   7   -0.6884985422D+00
  3   8    0.1899417238D-14
  3   9   -0.4135333296D-15
  3  10   -0.8767950708D+00
  4   1    0.3502107835D-14
  4   2   -0.8260710946D-16
  4   3    0.1060566015D-14
  4   4   -0.1045859377D+02
  4   5   -0.7771561172D-15
  4   6   -0.2686824390D-15
  4   7    0.7020277574D-15
  4   8    0.2687198011D+00
  4   9   -0.5146210937D+00
  4  10    0.1286759166D-14
  5   1    0.2143290396D-14
  5   2   -0.3811611403D-15
  5   3   -0.5951370249D-15
  5   4   -0.7771561172D-15
  5   5   -0.1045859377D+02
  5   6    0.8820084866D-15
  5   7    0.1312196047D-14
  5   8    0.5146210937D+00
  5   9    0.2687198011D+00
  5  10    0.4705827263D-15
  6   1   -0.4375774161D+00
  6   2   -0.1856772481D+00
  6   3    0.5392665739D+00
  6   4   -0.2686824390D-15
  6   5    0.8820084866D-15
  6   6   -0.1009741506D+02
  6   7    0.2938504630D+00
  6   8    0.2375481765D-15
  6   9   -0.1204185625D-14
  6  10    0.3143965803D-01
  7   1   -0.4568134271D-01
  7   2   -0.4144304210D+00
  7   3   -0.6884985422D+00
  7   4    0.7020277574D-15
  7   5    0.1312196047D-14
  7   6    0.2938504630D+00
  7   7   -0.8819012050D+01
  7   8    0.7908330914D-15
  7   9    0.1512202227D-15
  7  10   -0.1598717072D+00
  8   1    0.2606392148D-14
  8   2    0.1036981430D-15
  8   3    0.1899417238D-14
  8   4    0.2687198011D+00
  8   5    0.5146210937D+00
  8   6    0.2375481765D-15
  8   7    0.7908330914D-15
  8   8   -0.9528133925D+01
  8   9   -0.3093304162D-30
  8  10    0.1594311866D-15
  9   1    0.2269895055D-14
  9   2    0.5013201159D-16
  9   3   -0.4135333296D-15
  9   4   -0.5146210937D+00
  9   5    0.2687198011D+00
  9   6   -0.1204185625D-14
  9   7    0.1512202227D-15
  9   8    0.8881784197D-15
  9   9   -0.9528133925D+01
  9  10    0.7553459861D-14
 10   1   -0.1903010591D+00
 10   2    0.3894269101D-01
 10   3   -0.8767950708D+00
 10   4    0.1286759166D-14
 10   5    0.4705827263D-15
 10   6    0.3143965803D-01
 10   7   -0.1598717072D+00
 10   8    0.1594311866D-15
 10   9    0.7553459861D-14
 10  10   -0.8833923223D+01
