  1   1   -0.3548834805D+02
  1   2   -0.2894528767D-02
  1   3    0.4352638040D+00
  1   4    0.4231308300D+00
  1   5   -0.6546067370D-14
  1   6    0.8635180477D-14
  1   7   -0.6839193862D-01
  1   8   -0.1274780254D-14
  1   9   -0.1259466487D-13
  1  10   -0.2258319907D+00
  2   1   -0.2894528767D-02
  2   2   -0.2862753752D+02
  2   3   -0.2667401626D+00
  2   4    0.2722765563D+00
  2   5    0.3273903568D-15
  2   6    0.8604740318D-15
  2   7    0.3419346388D+00
  2   8   -0.1849149167D-15
  2   9   -0.6316169890D-15
  2  10   -0.1073905668D+00
  3   1    0.4352638040D+00
  3   2   -0.2667401626D+00
  3   3   -0.1157244605D+02
  3   4    0.1965699048D+00
  3   5   -0.1563908810D-14
  3   6    0.5179795488D-14
  3   7   -0.7110499686D+00
  3   8    0.1842767750D-14
  3   9    0.3548670659D-14
  3  10    0.6195096215D+00
  4   1    0.4231308300D+00
  4   2    0.2722765563D+00
  4   3    0.1965699048D+00
  4   4   -0.9406926655D+01
  4   5    0.2716625889D-14
  4   6    0.8735158417D-15
  4   7    0.5256520135D+00
  4   8    0.3763690595D-15
  4   9    0.5618578115D-14
  4  10    0.2515008182D+00
  5   1   -0.6546067370D-14
  5   2    0.3273903568D-15
  5   3   -0.1563908810D-14
  5   4    0.2716625889D-14
  5   5   -0.9653834163D+01
  5   6    0.7105427358D-14
  5   7    0.1731079120D-14
  5   8   -0.4639309493D+00
  5   9    0.3145060879D+00
  5  10   -0.3872345425D-14
  6   1    0.8635180477D-14
  6   2    0.8604740318D-15
  6   3    0.5179795488D-14
  6   4    0.8735158417D-15
  6   5    0.7549516567D-14
  6   6   -0.9653834163D+01
  6   7   -0.1379235524D-14
  6   8   -0.3145060879D+00
  6   9   -0.4639309493D+00
  6  10    0.3730561566D-14
  7   1   -0.6839193862D-01
  7   2    0.3419346388D+00
  7   3   -0.7110499686D+00
  7   4    0.5256520135D+00
  7   5    0.1731079120D-14
  7   6   -0.1379235524D-14
  7   7   -0.8589692275D+01
  7   8   -0.1119420600D-14
  7   9   -0.3008588358D-14
  7  10    0.4124717783D+00
  8   1   -0.1274780254D-14
  8   2   -0.1849149167D-15
  8   3    0.1842767750D-14
  8   4    0.3763690595D-15
  8   5   -0.4639309493D+00
  8   6   -0.3145060879D+00
  8   7   -0.1119420600D-14
  8   8   -0.9054525385D+01
  8   9   -0.4080069615D-14
  8  10    0.3264633674D-14
  9   1   -0.1259466487D-13
  9   2   -0.6316169890D-15
  9   3    0.3548670659D-14
  9   4    0.5618578115D-14
  9   5    0.3145060879D+00
  9   6   -0.4639309493D+00
  9   7   -0.3008588358D-14
  9   8   -0.4080069615D-14
  9   9   -0.9054525385D+01
  9  10   -0.5173928713D-14
 10   1   -0.2258319907D+00
 10   2   -0.1073905668D+00
 10   3    0.6195096215D+00
 10   4    0.2515008182D+00
 10   5   -0.3872345425D-14
 10   6    0.3730561566D-14
 10   7    0.4124717783D+00
 10   8    0.3264633674D-14
 10   9   -0.5173928713D-14
 10  10   -0.9435044975D+01
