  1   1   -0.3698437734D+02
  1   2    0.2921207899D-01
  1   3   -0.4863799105D+00
  1   4    0.6522154555D-14
  1   5    0.3396163066D-14
  1   6    0.4340903370D+00
  1   7   -0.7935261348D-01
  1   8    0.6234683126D-15
  1   9   -0.1767521540D-14
  1  10   -0.1554066088D+00
  2   1    0.2921207899D-01
  2   2   -0.3033694845D+02
  2   3   -0.3498269518D+00
  2   4    0.4570887323D-16
  2   5   -0.4872567037D-17
  2   6   -0.1717496794D+00
  2   7    0.4273701614D+00
  2   8   -0.9987536389D-16
  2   9   -0.3528422994D-16
  2  10   -0.1254585417D+00
  3   1   -0.4863799105D+00
  3   2   -0.3498269518D+00
  3   3   -0.1320854247D+02
  3   4   -0.7610056361D-15
  3   5   -0.4105379929D-15
  3   6   -0.6400924852D+00
  3   7   -0.6684983555D+00
  3   8    0.9920380446D-15
  3   9    0.1415418012D-14
  3  10   -0.9807935264D+00
  4   1    0.6522154555D-14
  4   2    0.4570887323D-16
  4   3   -0.7610056361D-15
  4   4   -0.1069615555D+02
  4   5   -0.3108624469D-14
  4   6   -0.1209732558D-14
  4   7   -0.1142347959D-14
  4   8   -0.5245263869D+00
  4   9   -0.2775163726D+00
  4  10   -0.2165016692D-14
  5   1    0.3396163066D-14
  5   2   -0.4872567037D-17
  5   3   -0.4105379929D-15
  5   4   -0.3108624469D-14
  5   5   -0.1069615555D+02
  5   6   -0.1486150937D-14
  5   7    0.1597056003D-15
  5   8   -0.2775163726D+00
  5   9    0.5245263869D+00
  5  10    0.5482510373D-14
  6   1    0.4340903370D+00
  6   2   -0.1717496794D+00
  6   3   -0.6400924852D+00
  6   4   -0.1209732558D-14
  6   5   -0.1486150937D-14
  6   6   -0.1028821152D+02
  6   7   -0.2166691926D+00
  6   8    0.7339075148D-15
  6   9   -0.2511332809D-14
  6  10   -0.1176612493D+00
  7   1   -0.7935261348D-01
  7   2    0.4273701614D+00
  7   3   -0.6684983555D+00
  7   4   -0.1142347959D-14
  7   5    0.1597056003D-15
  7   6   -0.2166691926D+00
  7   7   -0.8922275784D+01
  7   8    0.5408121489D-15
  7   9    0.1526003787D-14
  7  10   -0.7854809978D-02
  8   1    0.6234683126D-15
  8   2   -0.9987536389D-16
  8   3    0.9920380446D-15
  8   4   -0.5245263869D+00
  8   5   -0.2775163726D+00
  8   6    0.7339075148D-15
  8   7    0.5408121489D-15
  8   8   -0.9643787374D+01
  8   9    0.7049916206D-14
  8  10    0.4218889391D-14
  9   1   -0.1767521540D-14
  9   2   -0.3528422994D-16
  9   3    0.1415418012D-14
  9   4   -0.2775163726D+00
  9   5    0.5245263869D+00
  9   6   -0.2511332809D-14
  9   7    0.1526003787D-14
  9   8    0.7105427358D-14
  9   9   -0.9643787374D+01
  9  10    0.1317527755D-13
 10   1   -0.1554066088D+00
 10   2   -0.1254585417D+00
 10   3   -0.9807935264D+00
 10   4   -0.2165016692D-14
 10   5    0.5482510373D-14
 10   6   -0.1176612493D+00
 10   7   -0.7854809978D-02
 10   8    0.4218889391D-14
 10   9    0.1317527755D-13
 10  10   -0.8464993387D+01
