  1   1   -0.3597420245D+02
  1   2   -0.7784159558D-02
  1   3    0.4467013023D+00
  1   4    0.4834244617D-14
  1   5    0.1340927608D-14
  1   6   -0.4345792985D+00
  1   7   -0.1683022361D-01
  1   8   -0.1338652212D-14
  1   9   -0.3087702154D-15
  1  10   -0.2235449893D+00
  2   1   -0.7784159558D-02
  2   2   -0.2918332873D+02
  2   3   -0.2899434905D+00
  2   4   -0.1071164374D-14
  2   5   -0.8836762282D-16
  2   6   -0.2272031925D+00
  2   7    0.3812880709D+00
  2   8   -0.6772237267D-16
  2   9   -0.2432630992D-15
  2  10   -0.6333367322D-01
  3   1    0.4467013023D+00
  3   2   -0.2899434905D+00
  3   3   -0.1221010090D+02
  3   4    0.1351614352D-14
  3   5   -0.1380190400D-14
  3   6   -0.3580223024D+00
  3   7   -0.7129094657D+00
  3   8   -0.2247670530D-14
  3   9    0.3421136093D-14
  3  10    0.7200827454D+00
  4   1    0.4834244617D-14
  4   2   -0.1071164374D-14
  4   3    0.1351614352D-14
  4   4   -0.1002829165D+02
  4   5   -0.1332267630D-14
  4   6    0.4585666861D-15
  4   7   -0.3890229102D-14
  4   8   -0.2990694447D+00
  4   9   -0.4795761366D+00
  4  10    0.1638196632D-14
  5   1    0.1340927608D-14
  5   2   -0.8836762282D-16
  5   3   -0.1380190400D-14
  5   4   -0.1332267630D-14
  5   5   -0.1002829165D+02
  5   6    0.1102891309D-14
  5   7   -0.1490522530D-14
  5   8    0.4795761366D+00
  5   9   -0.2990694447D+00
  5  10   -0.6774045224D-15
  6   1   -0.4345792985D+00
  6   2   -0.2272031925D+00
  6   3   -0.3580223024D+00
  6   4    0.4585666861D-15
  6   5    0.1102891309D-14
  6   6   -0.9737856425D+01
  6   7   -0.4312352731D+00
  6   8    0.5151349386D-14
  6   9   -0.1835236155D-14
  6  10   -0.1242683234D+00
  7   1   -0.1683022361D-01
  7   2    0.3812880709D+00
  7   3   -0.7129094657D+00
  7   4   -0.3890229102D-14
  7   5   -0.1490522530D-14
  7   6   -0.4312352731D+00
  7   7   -0.8676513073D+01
  7   8   -0.5730962939D-15
  7   9   -0.8279833395D-15
  7  10    0.3340689212D+00
  8   1   -0.1338652212D-14
  8   2   -0.6772237267D-16
  8   3   -0.2247670530D-14
  8   4   -0.2990694447D+00
  8   5    0.4795761366D+00
  8   6    0.5151349386D-14
  8   7   -0.5730962939D-15
  8   8   -0.9290934422D+01
  8   9    0.3552713679D-14
  8  10    0.1025894898D-14
  9   1   -0.3087702154D-15
  9   2   -0.2432630992D-15
  9   3    0.3421136093D-14
  9   4   -0.4795761366D+00
  9   5   -0.2990694447D+00
  9   6   -0.1835236155D-14
  9   7   -0.8279833395D-15
  9   8    0.3108624469D-14
  9   9   -0.9290934422D+01
  9  10   -0.4439027429D-14
 10   1   -0.2235449893D+00
 10   2   -0.6333367322D-01
 10   3    0.7200827454D+00
 10   4    0.1638196632D-14
 10   5   -0.6774045224D-15
 10   6   -0.1242683234D+00
 10   7    0.3340689212D+00
 10   8    0.1025894898D-14
 10   9   -0.4439027429D-14
 10  10   -0.9279753511D+01
