  1   1   -0.3860396888D+02
  1   2    0.1007512254D+00
  1   3   -0.5676365444D+00
  1   4    0.4019605623D-14
  1   5    0.1623442262D-14
  1   6   -0.3852271517D+00
  1   7    0.1550283719D+00
  1   8    0.1931182416D-14
  1   9   -0.8519701078D-15
  1  10    0.2700796710D-01
  2   1    0.1007512254D+00
  2   2   -0.3217141444D+02
  2   3   -0.4394988418D+00
  2   4    0.1314437181D-15
  2   5    0.8581845422D-16
  2   6    0.2418950622D+00
  2   7   -0.4306034252D+00
  2   8    0.1543789850D-15
  2   9    0.6469882082D-16
  2  10   -0.5557710964D+00
  3   1   -0.5676365444D+00
  3   2   -0.4394988418D+00
  3   3   -0.1378326430D+02
  3   4   -0.6252105128D-15
  3   5    0.2481155729D-14
  3   6    0.9511179448D+00
  3   7    0.7297446763D+00
  3   8   -0.1389964533D-14
  3   9   -0.3836755026D-14
  3  10   -0.1359114034D+01
  4   1    0.4019605623D-14
  4   2    0.1314437181D-15
  4   3   -0.6252105128D-15
  4   4   -0.1150441135D+02
  4   5    0.6439293543D-14
  4   6    0.6171707814D-15
  4   7   -0.7954177610D-15
  4   8   -0.6338645269D+00
  4   9    0.1809936213D+00
  4  10    0.5973654440D-14
  5   1    0.1623442262D-14
  5   2    0.8581845422D-16
  5   3    0.2481155729D-14
  5   4    0.6439293543D-14
  5   5   -0.1150441135D+02
  5   6    0.8334215058D-16
  5   7   -0.1323192091D-14
  5   8   -0.1809936213D+00
  5   9   -0.6338645269D+00
  5  10    0.4279755910D-14
  6   1   -0.3852271517D+00
  6   2    0.2418950622D+00
  6   3    0.9511179448D+00
  6   4    0.6171707814D-15
  6   5    0.8334215058D-16
  6   6   -0.1095540500D+02
  6   7   -0.1842925698D+00
  6   8   -0.1545109762D-14
  6   9   -0.5665561148D-15
  6  10    0.4887462047D+00
  7   1    0.1550283719D+00
  7   2   -0.4306034252D+00
  7   3    0.7297446763D+00
  7   4   -0.7954177610D-15
  7   5   -0.1323192091D-14
  7   6   -0.1842925698D+00
  7   7   -0.9452549717D+01
  7   8   -0.1508582780D-14
  7   9    0.1748004170D-14
  7  10   -0.7234609312D+00
  8   1    0.1931182416D-14
  8   2    0.1543789850D-15
  8   3   -0.1389964533D-14
  8   4   -0.6338645269D+00
  8   5   -0.1809936213D+00
  8   6   -0.1545109762D-14
  8   7   -0.1508582780D-14
  8   8   -0.9954289356D+01
  8   9   -0.2275957200D-14
  8  10   -0.2864085701D-13
  9   1   -0.8519701078D-15
  9   2    0.6469882082D-16
  9   3   -0.3836755026D-14
  9   4    0.1809936213D+00
  9   5   -0.6338645269D+00
  9   6   -0.5665561148D-15
  9   7    0.1748004170D-14
  9   8   -0.2220446049D-14
  9   9   -0.9954289356D+01
  9  10   -0.9643461484D-14
 10   1    0.2700796710D-01
 10   2   -0.5557710964D+00
 10   3   -0.1359114034D+01
 10   4    0.5973654440D-14
 10   5    0.4279755910D-14
 10   6    0.4887462047D+00
 10   7   -0.7234609312D+00
 10   8   -0.2864085701D-13
 10   9   -0.9643461484D-14
 10  10   -0.7089409844D+01
