  1   1   -0.3796541337D+02
  1   2    0.6756962635D-01
  1   3   -0.5325394565D+00
  1   4    0.1019037202D-14
  1   5   -0.1942635151D-14
  1   6    0.4103793354D+00
  1   7    0.1389465440D+00
  1   8    0.1236133079D-14
  1   9   -0.3652844233D-14
  1  10   -0.4093020101D-01
  2   1    0.6756962635D-01
  2   2   -0.3145132640D+02
  2   3   -0.4114876967D+00
  2   4    0.7739876000D-15
  2   5    0.1614469405D-15
  2   6   -0.1879761776D+00
  2   7   -0.4400349366D+00
  2   8    0.2477696753D-15
  2   9    0.1017951796D-15
  2  10   -0.3915184698D+00
  3   1   -0.5325394565D+00
  3   2   -0.4114876967D+00
  3   3   -0.1370877896D+02
  3   4    0.2902120834D-14
  3   5    0.1697810258D-14
  3   6   -0.8578366383D+00
  3   7    0.6572030730D+00
  3   8   -0.4196728386D-15
  3   9   -0.2273442931D-15
  3  10   -0.1230069043D+01
  4   1    0.1019037202D-14
  4   2    0.7739876000D-15
  4   3    0.2902120834D-14
  4   4   -0.1121921218D+02
  4   5   -0.4440892099D-15
  4   6   -0.1216826725D-14
  4   7   -0.3519759619D-14
  4   8   -0.6293223827D+00
  4   9   -0.5020497602D-01
  4  10    0.2037493759D-14
  5   1   -0.1942635151D-14
  5   2    0.1614469405D-15
  5   3    0.1697810258D-14
  5   4   -0.4440892099D-15
  5   5   -0.1121921218D+02
  5   6   -0.9874881488D-15
  5   7    0.2994814549D-15
  5   8   -0.5020497602D-01
  5   9    0.6293223827D+00
  5  10    0.1295065457D-14
  6   1    0.4103793354D+00
  6   2   -0.1879761776D+00
  6   3   -0.8578366383D+00
  6   4   -0.1216826725D-14
  6   5   -0.9874881488D-15
  6   6   -0.1071026105D+02
  6   7    0.1204543410D+00
  6   8   -0.1215679675D-14
  6   9    0.1023250975D-14
  6  10   -0.3195914906D+00
  7   1    0.1389465440D+00
  7   2   -0.4400349366D+00
  7   3    0.6572030730D+00
  7   4   -0.3519759619D-14
  7   5    0.2994814549D-15
  7   6    0.1204543410D+00
  7   7   -0.9225907825D+01
  7   8   -0.5802882410D-15
  7   9    0.1576256786D-14
  7  10   -0.4607713894D+00
  8   1    0.1236133079D-14
  8   2    0.2477696753D-15
  8   3   -0.4196728386D-15
  8   4   -0.6293223827D+00
  8   5   -0.5020497602D-01
  8   6   -0.1215679675D-14
  8   7   -0.5802882410D-15
  8   8   -0.9859048383D+01
  8   9    0.5773159728D-14
  8  10    0.1864866738D-14
  9   1   -0.3652844233D-14
  9   2    0.1017951796D-15
  9   3   -0.2273442931D-15
  9   4   -0.5020497602D-01
  9   5    0.6293223827D+00
  9   6    0.1023250975D-14
  9   7    0.1576256786D-14
  9   8    0.5440092821D-14
  9   9   -0.9859048383D+01
  9  10    0.6197472513D-14
 10   1   -0.4093020101D-01
 10   2   -0.3915184698D+00
 10   3   -0.1230069043D+01
 10   4    0.2037493759D-14
 10   5    0.1295065457D-14
 10   6   -0.3195914906D+00
 10   7   -0.4607713894D+00
 10   8    0.1864866738D-14
 10   9    0.6197472513D-14
 10  10   -0.7504189908D+01
