  1   1   -0.3528385288D+02
  1   2   -0.1568505395D-02
  1   3   -0.4334310039D+00
  1   4   -0.4154114110D+00
  1   5   -0.1550960203D-14
  1   6    0.1687620752D-14
  1   7    0.8944875194D-01
  1   8    0.2949703322D-14
  1   9   -0.4347040993D-14
  1  10    0.2201251732D+00
  2   1   -0.1568505395D-02
  2   2   -0.2839356906D+02
  2   3    0.2582076703D+00
  2   4   -0.2936125449D+00
  2   5    0.1091671237D-14
  2   6   -0.1883246944D-15
  2   7   -0.3209434451D+00
  2   8    0.2396417955D-15
  2   9    0.2400709399D-15
  2  10    0.1166933514D+00
  3   1   -0.4334310039D+00
  3   2    0.2582076703D+00
  3   3   -0.1127653151D+02
  3   4    0.1219278756D+00
  3   5    0.2658871329D-14
  3   6   -0.1202010019D-14
  3   7   -0.7004368075D+00
  3   8    0.1358344366D-14
  3   9    0.5323025063D-16
  3  10    0.5836761773D+00
  4   1   -0.4154114110D+00
  4   2   -0.2936125449D+00
  4   3    0.1219278756D+00
  4   4   -0.9253877528D+01
  4   5   -0.2295741879D-14
  4   6    0.1105196848D-14
  4   7    0.5557057324D+00
  4   8    0.3260564257D-14
  4   9   -0.2523757970D-15
  4  10    0.3042343242D+00
  5   1   -0.1550960203D-14
  5   2    0.1091671237D-14
  5   3    0.2658871329D-14
  5   4   -0.2295741879D-14
  5   5   -0.9486177362D+01
  5   6    0.2220446049D-14
  5   7   -0.2867619428D-14
  5   8   -0.2430598163D-01
  5   9   -0.5602904409D+00
  5  10   -0.3816882007D-15
  6   1    0.1687620752D-14
  6   2   -0.1883246944D-15
  6   3   -0.1202010019D-14
  6   4    0.1105196848D-14
  6   5    0.2664535259D-14
  6   6   -0.9486177362D+01
  6   7    0.2272266773D-14
  6   8    0.5602904409D+00
  6   9   -0.2430598163D-01
  6  10   -0.1059940005D-14
  7   1    0.8944875194D-01
  7   2   -0.3209434451D+00
  7   3   -0.7004368075D+00
  7   4    0.5557057324D+00
  7   5   -0.2867619428D-14
  7   6    0.2272266773D-14
  7   7   -0.8557738459D+01
  7   8   -0.2070162350D-14
  7   9   -0.4107113295D-14
  7  10    0.4341780208D+00
  8   1    0.2949703322D-14
  8   2    0.2396417955D-15
  8   3    0.1358344366D-14
  8   4    0.3260564257D-14
  8   5   -0.2430598163D-01
  8   6    0.5602904409D+00
  8   7   -0.2070162350D-14
  8   8   -0.8938707969D+01
  8   9   -0.3108624469D-14
  8  10   -0.8655657284D-15
  9   1   -0.4347040993D-14
  9   2    0.2400709399D-15
  9   3    0.5323025063D-16
  9   4   -0.2523757970D-15
  9   5   -0.5602904409D+00
  9   6   -0.2430598163D-01
  9   7   -0.4107113295D-14
  9   8   -0.3996802889D-14
  9   9   -0.8938707969D+01
  9  10   -0.1712878142D-14
 10   1    0.2201251732D+00
 10   2    0.1166933514D+00
 10   3    0.5836761773D+00
 10   4    0.3042343242D+00
 10   5   -0.3816882007D-15
 10   6   -0.1059940005D-14
 10   7    0.4341780208D+00
 10   8   -0.8655657284D-15
 10   9   -0.1712878142D-14
 10  10   -0.9439894747D+01
