  1   1   -0.3230046823D+02
  1   2    0.1919864133D-05
  1   3    0.2359284879D-03
  1   4   -0.6192086362D+00
  1   5    0.3105009578D-04
  1   6   -0.6902710202D-15
  1   7    0.1016063366D-15
  1   8   -0.2531824407D-14
  1   9   -0.6227965415D-14
  1  10   -0.8020604834D-02
  2   1    0.1919864133D-05
  2   2   -0.2498402870D+02
  2   3    0.4776277356D+00
  2   4    0.1643655492D-03
  2   5    0.6132545166D-02
  2   6    0.1808540872D-18
  2   7   -0.2501699031D-19
  2   8    0.3495219706D-18
  2   9    0.1332702954D-17
  2  10   -0.2575369727D-05
  3   1    0.2359284879D-03
  3   2    0.4776277356D+00
  3   3   -0.6082201582D+01
  3   4    0.5683262618D-03
  3   5    0.5932838969D-01
  3   6    0.1819494791D-17
  3   7   -0.4298895254D-18
  3   8    0.1514807654D-17
  3   9    0.1337843329D-16
  3  10   -0.2369688497D-04
  4   1   -0.6192086362D+00
  4   2    0.1643655492D-03
  4   3    0.5683262618D-03
  4   4   -0.7638252871D+01
  4   5    0.1227932712D-03
  4   6    0.2014686655D-16
  4   7   -0.1409735704D-15
  4   8   -0.1222043305D-14
  4   9    0.1575374594D-14
  4  10    0.4254675428D-01
  5   1    0.3105009578D-04
  5   2    0.6132545166D-02
  5   3    0.5932838969D-01
  5   4    0.1227932712D-03
  5   5   -0.5716277138D+01
  5   6    0.1700776867D-16
  5   7    0.2001045803D-15
  5   8    0.2289420588D-14
  5   9   -0.3263522298D-15
  5  10    0.3406858737D-05
  6   1   -0.6902710202D-15
  6   2    0.1808540872D-18
  6   3    0.1819494791D-17
  6   4    0.2014686655D-16
  6   5    0.1700776867D-16
  6   6   -0.7137734866D+01
  6   7    0.8881784197D-15
  6   8    0.3277856973D-01
  6   9    0.1205596398D+00
  6  10   -0.2083801666D-15
  7   1    0.1016063366D-15
  7   2   -0.2501699031D-19
  7   3   -0.4298895254D-18
  7   4   -0.1409735704D-15
  7   5    0.2001045803D-15
  7   6    0.6661338148D-15
  7   7   -0.7137734866D+01
  7   8    0.1205596398D+00
  7   9   -0.3277856973D-01
  7  10    0.1877733318D-15
  8   1   -0.2531824407D-14
  8   2    0.3495219706D-18
  8   3    0.1514807654D-17
  8   4   -0.1222043305D-14
  8   5    0.2289420588D-14
  8   6    0.3277856973D-01
  8   7    0.1205596398D+00
  8   8   -0.5717806465D+01
  8   9    0.5334274689D-15
  8  10    0.1219182872D-14
  9   1   -0.6227965415D-14
  9   2    0.1332702954D-17
  9   3    0.1337843329D-16
  9   4    0.1575374594D-14
  9   5   -0.3263522298D-15
  9   6    0.1205596398D+00
  9   7   -0.3277856973D-01
  9   8    0.5186823193D-15
  9   9   -0.5717806465D+01
  9  10   -0.3685190273D-14
 10   1   -0.8020604834D-02
 10   2   -0.2575369727D-05
 10   3   -0.2369688497D-04
 10   4    0.4254675428D-01
 10   5    0.3406858737D-05
 10   6   -0.2083801666D-15
 10   7    0.1877733318D-15
 10   8    0.1219182872D-14
 10   9   -0.3685190273D-14
 10  10   -0.7154392321D+01
