  1   1   -0.3626586617D+02
  1   2   -0.1221273727D-01
  1   3    0.4567640476D+00
  1   4    0.3387047562D-15
  1   5   -0.1961627255D-14
  1   6   -0.4374373377D+00
  1   7    0.1324375700D-01
  1   8   -0.1721430308D-14
  1   9   -0.1407935309D-14
  1  10   -0.2120210513D+00
  2   1   -0.1221273727D-01
  2   2   -0.2951679772D+02
  2   3   -0.3057640177D+00
  2   4   -0.4696281683D-15
  2   5   -0.8986597472D-15
  2   6   -0.2052327173D+00
  2   7    0.3988504242D+00
  2   8   -0.6239539198D-17
  2   9   -0.6730928711D-16
  2  10   -0.2189396266D-01
  3   1    0.4567640476D+00
  3   2   -0.3057640177D+00
  3   3   -0.1254525438D+02
  3   4    0.1968582663D-14
  3   5   -0.3658187359D-14
  3   6   -0.4456057861D+00
  3   7   -0.7039279327D+00
  3   8   -0.2433342605D-15
  3   9    0.5911150845D-15
  3  10    0.7901846842D+00
  4   1    0.3387047562D-15
  4   2   -0.4696281683D-15
  4   3    0.1968582663D-14
  4   4   -0.1023618526D+02
  4   5   -0.1110223025D-15
  4   6   -0.4493945724D-16
  4   7    0.2147931380D-15
  4   8   -0.5656558192D+00
  4   9   -0.7994761662D-01
  4  10    0.1417875419D-15
  5   1   -0.1961627255D-14
  5   2   -0.8986597472D-15
  5   3   -0.3658187359D-14
  5   4   -0.1387778781D-15
  5   5   -0.1023618526D+02
  5   6   -0.9620509086D-15
  5   7   -0.3446315567D-14
  5   8    0.7994761662D-01
  5   9   -0.5656558192D+00
  5  10   -0.1832384420D-15
  6   1   -0.4374373377D+00
  6   2   -0.2052327173D+00
  6   3   -0.4456057861D+00
  6   4   -0.4493945724D-16
  6   5   -0.9620509086D-15
  6   6   -0.9914185962D+01
  6   7   -0.3671890019D+00
  6   8    0.2030566691D-15
  6   9    0.7042475774D-14
  6  10   -0.4972320539D-01
  7   1    0.1324375700D-01
  7   2    0.3988504242D+00
  7   3   -0.7039279327D+00
  7   4    0.2147931380D-15
  7   5   -0.3446315567D-14
  7   6   -0.3671890019D+00
  7   7   -0.8738809499D+01
  7   8   -0.9982819316D-15
  7   9    0.3582260005D-14
  7  10    0.2641409879D+00
  8   1   -0.1721430308D-14
  8   2   -0.6239539198D-17
  8   3   -0.2433342605D-15
  8   4   -0.5656558192D+00
  8   5    0.7994761662D-01
  8   6    0.2030566691D-15
  8   7   -0.9982819316D-15
  8   8   -0.9409985802D+01
  8   9    0.2664535259D-14
  8  10    0.2459309676D-14
  9   1   -0.1407935309D-14
  9   2   -0.6730928711D-16
  9   3    0.5911150845D-15
  9   4   -0.7994761662D-01
  9   5   -0.5656558192D+00
  9   6    0.7042475774D-14
  9   7    0.3582260005D-14
  9   8    0.3108624469D-14
  9   9   -0.9409985802D+01
  9  10   -0.7283129601D-15
 10   1   -0.2120210513D+00
 10   2   -0.2189396266D-01
 10   3    0.7901846842D+00
 10   4    0.1417875419D-15
 10   5   -0.1832384420D-15
 10   6   -0.4972320539D-01
 10   7    0.2641409879D+00
 10   8    0.2459309676D-14
 10   9   -0.7283129601D-15
 10  10   -0.9101349096D+01
