  1   1   -0.3478202135D+02
  1   2    0.3871442994D-03
  1   3    0.4400406728D+00
  1   4    0.3884049319D+00
  1   5    0.4096380765D-14
  1   6   -0.1849222789D-14
  1   7   -0.1322358551D+00
  1   8   -0.1807089858D-14
  1   9    0.2364894645D-14
  1  10   -0.1885771604D+00
  2   1    0.3871442994D-03
  2   2   -0.2781946086D+02
  2   3   -0.2400924501D+00
  2   4    0.3472468091D+00
  2   5   -0.8299639432D-14
  2   6    0.3750672747D-14
  2   7    0.2579911010D+00
  2   8   -0.3279822627D-16
  2   9    0.9019468996D-16
  2  10   -0.1175456477D+00
  3   1    0.4400406728D+00
  3   2   -0.2400924501D+00
  3   3   -0.1049637242D+02
  3   4   -0.7361908070D-01
  3   5    0.1917275303D-13
  3   6   -0.9214011305D-14
  3   7   -0.6341635464D+00
  3   8    0.8709085334D-15
  3   9   -0.6983627995D-15
  3  10    0.5095512225D+00
  4   1    0.3884049319D+00
  4   2    0.3472468091D+00
  4   3   -0.7361908070D-01
  4   4   -0.8854271932D+01
  4   5   -0.1873164179D-13
  4   6    0.7400385486D-14
  4   7    0.5874023318D+00
  4   8    0.4737975532D-15
  4   9   -0.4858682357D-15
  4  10    0.4178264118D+00
  5   1    0.4096380765D-14
  5   2   -0.8299639432D-14
  5   3    0.1917275303D-13
  5   4   -0.1873164179D-13
  5   5   -0.9054541753D+01
  5   6   -0.1998401444D-14
  5   7   -0.1907316539D-13
  5   8   -0.5221604328D+00
  5   9    0.2213839563D+00
  5  10   -0.1476523663D-13
  6   1   -0.1849222789D-14
  6   2    0.3750672747D-14
  6   3   -0.9214011305D-14
  6   4    0.7400385486D-14
  6   5   -0.1998401444D-14
  6   6   -0.9054541753D+01
  6   7    0.9033903964D-14
  6   8    0.2213839563D+00
  6   9    0.5221604328D+00
  6  10    0.6559186155D-14
  7   1   -0.1322358551D+00
  7   2    0.2579911010D+00
  7   3   -0.6341635464D+00
  7   4    0.5874023318D+00
  7   5   -0.1907316539D-13
  7   6    0.9033903964D-14
  7   7   -0.8466775762D+01
  7   8   -0.2109081663D-13
  7   9    0.8679028621D-16
  7  10    0.4697738890D+00
  8   1   -0.1807089858D-14
  8   2   -0.3279822627D-16
  8   3    0.8709085334D-15
  8   4    0.4737975532D-15
  8   5   -0.5221604328D+00
  8   6    0.2213839563D+00
  8   7   -0.2109081663D-13
  8   8   -0.8606275153D+01
  8   9    0.9992007222D-15
  8  10   -0.1310164104D-14
  9   1    0.2364894645D-14
  9   2    0.9019468996D-16
  9   3   -0.6983627995D-15
  9   4   -0.4858682357D-15
  9   5    0.2213839563D+00
  9   6    0.5221604328D+00
  9   7    0.8679028621D-16
  9   8    0.6661338148D-15
  9   9   -0.8606275153D+01
  9  10   -0.5961656658D-15
 10   1   -0.1885771604D+00
 10   2   -0.1175456477D+00
 10   3    0.5095512225D+00
 10   4    0.4178264118D+00
 10   5   -0.1476523663D-13
 10   6    0.6559186155D-14
 10   7    0.4697738890D+00
 10   8   -0.1310164104D-14
 10   9   -0.5961656658D-15
 10  10   -0.9282535911D+01
