  1   1   -0.3451718283D+02
  1   2    0.8621527661D-03
  1   3   -0.4515467134D+00
  1   4   -0.3693288219D+00
  1   5   -0.1452925747D+00
  1   6    0.4583124520D-14
  1   7    0.2780984696D-14
  1   8    0.1850799315D-14
  1   9   -0.2993246175D-14
  1  10    0.1618253693D+00
  2   1    0.8621527661D-03
  2   2   -0.2751654419D+02
  2   3    0.2314177439D+00
  2   4   -0.3736866789D+00
  2   5    0.2191852427D+00
  2   6   -0.2952922824D-14
  2   7    0.6539750673D-15
  2   8   -0.1863853328D-15
  2   9   -0.1333374302D-15
  2  10    0.1069544025D+00
  3   1   -0.4515467134D+00
  3   2    0.2314177439D+00
  3   3   -0.1006828480D+02
  3   4   -0.1776003566D+00
  3   5    0.5679608485D+00
  3   6   -0.8763959748D-14
  3   7    0.1555895779D-14
  3   8   -0.4103379195D-15
  3   9   -0.3225325908D-14
  3  10    0.4761382305D+00
  4   1   -0.3693288219D+00
  4   2   -0.3736866789D+00
  4   3   -0.1776003566D+00
  4   4   -0.8635622511D+01
  4   5   -0.5759061042D+00
  4   6    0.7100655287D-14
  4   7   -0.2889923900D-14
  4   8    0.1608159635D-15
  4   9   -0.1006939828D-14
  4  10    0.4556152414D+00
  5   1   -0.1452925747D+00
  5   2    0.2191852427D+00
  5   3    0.5679608485D+00
  5   4   -0.5759061042D+00
  5   5   -0.8388072917D+01
  5   6   -0.5167094609D-14
  5   7    0.9560309433D-15
  5   8    0.1189206563D-14
  5   9    0.9382072000D-14
  5  10   -0.4834941334D+00
  6   1    0.4583124520D-14
  6   2   -0.2952922824D-14
  6   3   -0.8763959748D-14
  6   4    0.7100655287D-14
  6   5   -0.5167094609D-14
  6   6   -0.8820740538D+01
  6   7    0.1332267630D-14
  6   8    0.1612016705D+00
  6   9    0.5492312473D+00
  6  10    0.4888271609D-14
  7   1    0.2780984696D-14
  7   2    0.6539750673D-15
  7   3    0.1555895779D-14
  7   4   -0.2889923900D-14
  7   5    0.9560309433D-15
  7   6    0.1776356839D-14
  7   7   -0.8820740538D+01
  7   8    0.5492312473D+00
  7   9   -0.1612016705D+00
  7  10    0.1086637139D-14
  8   1    0.1850799315D-14
  8   2   -0.1863853328D-15
  8   3   -0.4103379195D-15
  8   4    0.1608159635D-15
  8   5    0.1189206563D-14
  8   6    0.1612016705D+00
  8   7    0.5492312473D+00
  8   8   -0.8398568829D+01
  8   9   -0.3996802889D-14
  8  10    0.3096997836D-14
  9   1   -0.2993246175D-14
  9   2   -0.1333374302D-15
  9   3   -0.3225325908D-14
  9   4   -0.1006939828D-14
  9   5    0.9382072000D-14
  9   6    0.5492312473D+00
  9   7   -0.1612016705D+00
  9   8   -0.3996802889D-14
  9   9   -0.8398568829D+01
  9  10   -0.6173545016D-15
 10   1    0.1618253693D+00
 10   2    0.1069544025D+00
 10   3    0.4761382305D+00
 10   4    0.4556152414D+00
 10   5   -0.4834941334D+00
 10   6    0.4888271609D-14
 10   7    0.1086637139D-14
 10   8    0.3096997836D-14
 10   9   -0.6173545016D-15
 10  10   -0.9103157662D+01
