  1   1   -0.3429306569D+02
  1   2    0.1041687297D-02
  1   3   -0.4660412364D+00
  1   4    0.3501212657D+00
  1   5   -0.1497483582D+00
  1   6   -0.5237494269D-14
  1   7   -0.5534231999D-15
  1   8   -0.7090974000D-14
  1   9   -0.6586812827D-15
  1  10    0.1338354606D+00
  2   1    0.1041687297D-02
  2   2   -0.2726025212D+02
  2   3    0.2237637056D+00
  2   4    0.3941012792D+00
  2   5    0.1836220113D+00
  2   6   -0.3019349620D-15
  2   7    0.4396129599D-15
  2   8   -0.2395129960D-15
  2   9   -0.7949887894D-16
  2  10    0.9396439903D-01
  3   1   -0.4660412364D+00
  3   2    0.2237637056D+00
  3   3   -0.9710029331D+01
  3   4    0.2614911932D+00
  3   5    0.4896835882D+00
  3   6   -0.2792471436D-14
  3   7   -0.4743357936D-15
  3   8   -0.4195829460D-14
  3   9    0.7023979940D-15
  3  10    0.4508674272D+00
  4   1    0.3501212657D+00
  4   2    0.3941012792D+00
  4   3    0.2614911932D+00
  4   4   -0.8444593225D+01
  4   5    0.5535767725D+00
  4   6    0.6306780727D-15
  4   7    0.8469212897D-15
  4   8    0.3128759283D-14
  4   9    0.1146478294D-14
  4  10   -0.4644756806D+00
  5   1   -0.1497483582D+00
  5   2    0.1836220113D+00
  5   3    0.4896835882D+00
  5   4    0.5535767725D+00
  5   5   -0.8283965592D+01
  5   6    0.1413353149D-14
  5   7    0.1890920285D-14
  5   8    0.8483503883D-15
  5   9   -0.9948117762D-15
  5  10   -0.4925685876D+00
  6   1   -0.5237494269D-14
  6   2   -0.3019349620D-15
  6   3   -0.2792471436D-14
  6   4    0.6306780727D-15
  6   5    0.1413353149D-14
  6   6   -0.8627223994D+01
  6   7    0.8881784197D-15
  6   8    0.5694925161D+00
  6   9   -0.8238334123D-01
  6  10    0.4663704448D-15
  7   1   -0.5534231999D-15
  7   2    0.4396129599D-15
  7   3   -0.4743357936D-15
  7   4    0.8469212897D-15
  7   5    0.1890920285D-14
  7   6    0.8881784197D-15
  7   7   -0.8627223994D+01
  7   8   -0.8238334123D-01
  7   9   -0.5694925161D+00
  7  10   -0.2667684715D-15
  8   1   -0.7090974000D-14
  8   2   -0.2395129960D-15
  8   3   -0.4195829460D-14
  8   4    0.3128759283D-14
  8   5    0.8483503883D-15
  8   6    0.5694925161D+00
  8   7   -0.8238334123D-01
  8   8   -0.8199434698D+01
  8   9   -0.5689893001D-14
  8  10   -0.8505676177D-15
  9   1   -0.6586812827D-15
  9   2   -0.7949887894D-16
  9   3    0.7023979940D-15
  9   4    0.1146478294D-14
  9   5   -0.9948117762D-15
  9   6   -0.8238334123D-01
  9   7   -0.5694925161D+00
  9   8   -0.5773159728D-14
  9   9   -0.8199434698D+01
  9  10   -0.7784823928D-15
 10   1    0.1338354606D+00
 10   2    0.9396439903D-01
 10   3    0.4508674272D+00
 10   4   -0.4644756806D+00
 10   5   -0.4925685876D+00
 10   6    0.4663704448D-15
 10   7   -0.2667684715D-15
 10   8   -0.8505676177D-15
 10   9   -0.7784823928D-15
 10  10   -0.8912685346D+01
