  1   1   -0.3509983447D+02
  1   2   -0.6619212677D-03
  1   3   -0.4338170994D+00
  1   4   -0.4068537117D+00
  1   5    0.4171767864D-14
  1   6   -0.9920101978D-15
  1   7    0.1071148204D+00
  1   8   -0.6143695983D-14
  1   9    0.6098431983D-14
  1  10    0.2114807034D+00
  2   1   -0.6619212677D-03
  2   2   -0.2818303357D+02
  2   3    0.2511435054D+00
  2   4   -0.3133831927D+00
  2   5    0.5516861687D-14
  2   6    0.3067376454D-15
  2   7   -0.2996749271D+00
  2   8    0.2438474870D-15
  2   9    0.1943664598D-15
  2  10    0.1205210660D+00
  3   1   -0.4338170994D+00
  3   2    0.2511435054D+00
  3   3   -0.1099812084D+02
  3   4    0.5171258341D-01
  3   5    0.1059268497D-13
  3   6    0.1276138399D-14
  3   7   -0.6837089845D+00
  3   8    0.3670520238D-15
  3   9    0.1271705127D-14
  3  10    0.5544588360D+00
  4   1   -0.4068537117D+00
  4   2   -0.3133831927D+00
  4   3    0.5171258341D-01
  4   4   -0.9110438100D+01
  4   5   -0.1107808647D-13
  4   6   -0.2354606094D-14
  4   7    0.5750953169D+00
  4   8    0.1363095226D-14
  4   9    0.2747089199D-14
  4  10    0.3496432051D+00
  5   1    0.4171767864D-14
  5   2    0.5516861687D-14
  5   3    0.1059268497D-13
  5   4   -0.1107808647D-13
  5   5   -0.9330802849D+01
  5   6    0.4440892098D-15
  5   7   -0.1030456319D-13
  5   8   -0.5581150517D+00
  5   9    0.6845396182D-01
  5  10   -0.6127063854D-14
  6   1   -0.9920101978D-15
  6   2    0.3067376454D-15
  6   3    0.1276138399D-14
  6   4   -0.2354606094D-14
  6   5    0.1110223025D-14
  6   6   -0.9330802849D+01
  6   7   -0.8076126375D-15
  6   8   -0.6845396182D-01
  6   9   -0.5581150517D+00
  6  10   -0.2671880926D-14
  7   1    0.1071148204D+00
  7   2   -0.2996749271D+00
  7   3   -0.6837089845D+00
  7   4    0.5750953169D+00
  7   5   -0.1030456319D-13
  7   6   -0.8076126375D-15
  7   7   -0.8528567978D+01
  7   8   -0.1415722386D-13
  7   9   -0.1160147021D-14
  7  10    0.4495208048D+00
  8   1   -0.6143695983D-14
  8   2    0.2438474870D-15
  8   3    0.3670520238D-15
  8   4    0.1363095226D-14
  8   5   -0.5581150517D+00
  8   6   -0.6845396182D-01
  8   7   -0.1415722386D-13
  8   8   -0.8825193737D+01
  8   9    0.8437694987D-14
  8  10   -0.7491858265D-16
  9   1    0.6098431983D-14
  9   2    0.1943664598D-15
  9   3    0.1271705127D-14
  9   4    0.2747089199D-14
  9   5    0.6845396182D-01
  9   6   -0.5581150517D+00
  9   7   -0.1160147021D-14
  9   8    0.7993605777D-14
  9   9   -0.8825193737D+01
  9  10    0.3627527497D-14
 10   1    0.2114807034D+00
 10   2    0.1205210660D+00
 10   3    0.5544588360D+00
 10   4    0.3496432051D+00
 10   5   -0.6127063854D-14
 10   6   -0.2671880926D-14
 10   7    0.4495208048D+00
 10   8   -0.7491858265D-16
 10   9    0.3627527497D-14
 10  10   -0.9410713820D+01
