  1   1   -0.3410092552D+02
  1   2   -0.1069193342D-02
  1   3    0.4810606177D+00
  1   4   -0.3315646267D+00
  1   5   -0.1504164187D+00
  1   6    0.1889496279D-14
  1   7   -0.9572054931D-15
  1   8   -0.4988008942D-14
  1   9   -0.4943488374D-14
  1  10    0.1047654431D+00
  2   1   -0.1069193342D-02
  2   2   -0.2704057163D+02
  2   3    0.2170457629D+00
  2   4    0.4099684365D+00
  2   5   -0.1497529582D+00
  2   6   -0.9056185216D-15
  2   7    0.3960222373D-15
  2   8    0.1751996656D-15
  2   9    0.1416857063D-15
  2  10   -0.8208739035D-01
  3   1    0.4810606177D+00
  3   2    0.2170457629D+00
  3   3   -0.9412968013D+01
  3   4    0.3293039070D+00
  3   5   -0.3983738814D+00
  3   6   -0.2304050009D-14
  3   7   -0.1802030617D-15
  3   8    0.2105652934D-14
  3   9   -0.2468280680D-14
  3  10   -0.4352543303D+00
  4   1   -0.3315646267D+00
  4   2    0.4099684365D+00
  4   3    0.3293039070D+00
  4   4   -0.8271903153D+01
  4   5   -0.5329650397D+00
  4   6   -0.3382825096D-14
  4   7    0.2124840484D-14
  4   8   -0.6622116159D-16
  4   9    0.1414025792D-14
  4  10    0.4450897249D+00
  5   1   -0.1504164187D+00
  5   2   -0.1497529582D+00
  5   3   -0.3983738814D+00
  5   4   -0.5329650397D+00
  5   5   -0.8141132897D+01
  5   6    0.2007024663D-14
  5   7   -0.6986479330D-15
  5   8    0.3912564724D-14
  5   9    0.1577375728D-14
  5  10   -0.4897152797D+00
  6   1    0.1889496279D-14
  6   2   -0.9056185216D-15
  6   3   -0.2304050009D-14
  6   4   -0.3382825096D-14
  6   5    0.2007024663D-14
  6   6   -0.8479314702D+01
  6   7   -0.1110223025D-14
  6   8   -0.5162506491D+00
  6   9   -0.2433367900D+00
  6  10   -0.4728755732D-14
  7   1   -0.9572054931D-15
  7   2    0.3960222373D-15
  7   3   -0.1802030617D-15
  7   4    0.2124840484D-14
  7   5   -0.6986479330D-15
  7   6   -0.1554312234D-14
  7   7   -0.8479314702D+01
  7   8   -0.2433367900D+00
  7   9    0.5162506491D+00
  7  10    0.4067999801D-15
  8   1   -0.4988008942D-14
  8   2    0.1751996656D-15
  8   3    0.2105652934D-14
  8   4   -0.6622116159D-16
  8   5    0.3912564724D-14
  8   6   -0.5162506491D+00
  8   7   -0.2433367900D+00
  8   8   -0.7998192029D+01
  8   9    0.2220446049D-14
  8  10    0.4961879099D-14
  9   1   -0.4943488374D-14
  9   2    0.1416857063D-15
  9   3   -0.2468280680D-14
  9   4    0.1414025792D-14
  9   5    0.1577375728D-14
  9   6   -0.2433367900D+00
  9   7    0.5162506491D+00
  9   8    0.1776356839D-14
  9   9   -0.7998192029D+01
  9  10   -0.8411429875D-15
 10   1    0.1047654431D+00
 10   2   -0.8208739035D-01
 10   3   -0.4352543303D+00
 10   4    0.4450897249D+00
 10   5   -0.4897152797D+00
 10   6   -0.4728755732D-14
 10   7    0.4067999801D-15
 10   8    0.4961879099D-14
 10   9   -0.8411429875D-15
 10  10   -0.8750038713D+01
