  1   1   -0.3419344390D+02
  1   2    0.1068259690D-02
  1   3    0.4736695008D+00
  1   4   -0.3406370973D+00
  1   5   -0.1501791833D+00
  1   6    0.5582757340D-14
  1   7   -0.3046145012D-14
  1   8    0.4163414126D-14
  1   9   -0.6390330643D-17
  1  10   -0.1195822336D+00
  2   1    0.1068259690D-02
  2   2   -0.2714634516D+02
  2   3   -0.2202088768D+00
  2   4   -0.4025365361D+00
  2   5    0.1666653238D+00
  2   6   -0.3292876172D-14
  2   7    0.1056718149D-14
  2   8   -0.3480974574D-15
  2   9   -0.1599002853D-16
  2  10   -0.8770118502D-01
  3   1    0.4736695008D+00
  3   2   -0.2202088768D+00
  3   3   -0.9554654226D+01
  3   4    0.2969958179D+00
  3   5   -0.4461584787D+00
  3   6    0.9543326221D-14
  3   7   -0.3863240723D-14
  3   8    0.2119248992D-14
  3   9    0.2296737528D-14
  3  10    0.4415373288D+00
  4   1   -0.3406370973D+00
  4   2   -0.4025365361D+00
  4   3    0.2969958179D+00
  4   4   -0.8356308210D+01
  4   5   -0.5421122421D+00
  4   6    0.1186522012D-13
  4   7   -0.3102623143D-14
  4   8    0.1704061500D-14
  4   9   -0.1052166532D-14
  4  10   -0.4585005354D+00
  5   1   -0.1501791833D+00
  5   2    0.1666653238D+00
  5   3   -0.4461584787D+00
  5   4   -0.5421122421D+00
  5   5   -0.8218986545D+01
  5   6   -0.4948973706D-14
  5   7    0.2241803468D-14
  5   8    0.1570476558D-13
  5   9    0.1942179749D-14
  5  10    0.4937406232D+00
  6   1    0.5582757340D-14
  6   2   -0.3292876172D-14
  6   3    0.9543326221D-14
  6   4    0.1186522012D-13
  6   5   -0.4948973706D-14
  6   6   -0.8546599585D+01
  6   7   -0.1332267630D-14
  6   8    0.5668505393D+00
  6   9   -0.9469553075D-01
  6  10   -0.9952162172D-14
  7   1   -0.3046145012D-14
  7   2    0.1056718149D-14
  7   3   -0.3863240723D-14
  7   4   -0.3102623143D-14
  7   5    0.2241803468D-14
  7   6   -0.1776356839D-14
  7   7   -0.8546599585D+01
  7   8   -0.9469553075D-01
  7   9   -0.5668505393D+00
  7  10    0.4034204752D-14
  8   1    0.4163414126D-14
  8   2   -0.3480974574D-15
  8   3    0.2119248992D-14
  8   4    0.1704061500D-14
  8   5    0.1570476558D-13
  8   6    0.5668505393D+00
  8   7   -0.9469553075D-01
  8   8   -0.8100384909D+01
  8   9   -0.3663735981D-14
  8  10   -0.4469740755D-15
  9   1   -0.6390330643D-17
  9   2   -0.1599002853D-16
  9   3    0.2296737528D-14
  9   4   -0.1052166532D-14
  9   5    0.1942179749D-14
  9   6   -0.9469553075D-01
  9   7   -0.5668505393D+00
  9   8   -0.3885780586D-14
  9   9   -0.8100384909D+01
  9  10   -0.1588001413D-14
 10   1   -0.1195822336D+00
 10   2   -0.8770118502D-01
 10   3    0.4415373288D+00
 10   4   -0.4585005354D+00
 10   5    0.4937406232D+00
 10   6   -0.9952162172D-14
 10   7    0.4034204752D-14
 10   8   -0.4469740755D-15
 10   9   -0.1588001413D-14
 10  10   -0.8824934658D+01
