  1   1   -0.3464384634D+02
  1   2    0.6744566355D-03
  1   3    0.4452786143D+00
  1   4   -0.3788999762D+00
  1   5   -0.1400875021D+00
  1   6   -0.5201879147D-14
  1   7   -0.1019756118D-13
  1   8   -0.3021475204D-14
  1   9   -0.3302165460D-14
  1  10   -0.1754747005D+00
  2   1    0.6744566355D-03
  2   2   -0.2766141217D+02
  2   3   -0.2355638915D+00
  2   4   -0.3613231291D+00
  2   5    0.2381619404D+00
  2   6    0.8515945737D-14
  2   7    0.1908785427D-13
  2   8   -0.3096278818D-15
  2   9   -0.4903618292D-15
  2  10   -0.1128210534D+00
  3   1    0.4452786143D+00
  3   2   -0.2355638915D+00
  3   3   -0.1027326099D+02
  3   4    0.1282615936D+00
  3   5   -0.6027924183D+00
  3   6   -0.2312512540D-13
  3   7   -0.4835265137D-13
  3   8   -0.1211501664D-15
  3   9    0.2578280813D-14
  3  10    0.4917268122D+00
  4   1   -0.3788999762D+00
  4   2   -0.3613231291D+00
  4   3    0.1282615936D+00
  4   4   -0.8740798111D+01
  4   5   -0.5837690008D+00
  4   6   -0.2010831218D-13
  4   7   -0.4592429701D-13
  4   8   -0.4734625069D-15
  4   9   -0.6473464500D-15
  4  10   -0.4404649696D+00
  5   1   -0.1400875021D+00
  5   2    0.2381619404D+00
  5   3   -0.6027924183D+00
  5   4   -0.5837690008D+00
  5   5   -0.8430143543D+01
  5   6    0.1835715054D-13
  5   7    0.3926449875D-13
  5   8    0.2375706699D-13
  5   9    0.4099822878D-13
  5  10    0.4771678529D+00
  6   1   -0.5201879147D-14
  6   2    0.8515945737D-14
  6   3   -0.2312512540D-13
  6   4   -0.2010831218D-13
  6   5    0.1835715054D-13
  6   6   -0.8932552739D+01
  6   7    0.4440892098D-15
  6   8    0.3419190850D+00
  6   9   -0.4559050465D+00
  6  10    0.1737798729D-13
  7   1   -0.1019756118D-13
  7   2    0.1908785427D-13
  7   3   -0.4835265137D-13
  7   4   -0.4592429701D-13
  7   5    0.3926449875D-13
  7   6    0.8881784197D-15
  7   7   -0.8932552739D+01
  7   8   -0.4559050465D+00
  7   9   -0.3419190850D+00
  7  10    0.3945582502D-13
  8   1   -0.3021475204D-14
  8   2   -0.3096278818D-15
  8   3   -0.1211501664D-15
  8   4   -0.4734625069D-15
  8   5    0.2375706699D-13
  8   6    0.3419190850D+00
  8   7   -0.4559050465D+00
  8   8   -0.8501081500D+01
  8   9    0.2220446049D-15
  8  10   -0.1050585455D-14
  9   1   -0.3302165460D-14
  9   2   -0.4903618292D-15
  9   3    0.2578280813D-14
  9   4   -0.6473464500D-15
  9   5    0.4099822878D-13
  9   6   -0.4559050465D+00
  9   7   -0.3419190850D+00
  9   8    0.4440892099D-15
  9   9   -0.8501081500D+01
  9  10   -0.3631598144D-14
 10   1   -0.1754747005D+00
 10   2   -0.1128210534D+00
 10   3    0.4917268122D+00
 10   4   -0.4404649696D+00
 10   5    0.4771678529D+00
 10   6    0.1737798729D-13
 10   7    0.3945582502D-13
 10   8   -0.1050585455D-14
 10   9   -0.3631598144D-14
 10  10   -0.9196546716D+01
