  1   1   -0.3493335717D+02
  1   2   -0.3911214600D-04
  1   3    0.4361212029D+00
  1   4   -0.3977721186D+00
  1   5    0.1531161495D-14
  1   6    0.6691513413D-14
  1   7    0.1213380150D+00
  1   8    0.1197447788D-14
  1   9   -0.5858150111D-14
  1  10   -0.2007475330D+00
  2   1   -0.3911214600D-04
  2   2   -0.2799257894D+02
  2   3   -0.2452030902D+00
  2   4   -0.3312906923D+00
  2   5    0.5194463164D-15
  2   6    0.3644212060D-15
  2   7   -0.2785721019D+00
  2   8   -0.1159314216D-15
  2   9   -0.3002050879D-15
  2  10   -0.1204147332D+00
  3   1    0.4361212029D+00
  3   2   -0.2452030902D+00
  3   3   -0.1073797108D+02
  3   4    0.1358661017D-01
  3   5   -0.2371612389D-14
  3   6    0.8721644796D-15
  3   7    0.6613863601D+00
  3   8    0.2235249100D-14
  3   9    0.1056314283D-14
  3  10    0.5301688573D+00
  4   1   -0.3977721186D+00
  4   2   -0.3312906923D+00
  4   3    0.1358661017D-01
  4   4   -0.8977246409D+01
  4   5   -0.3490701589D-15
  4   6    0.1409464788D-15
  4   7    0.5851056954D+00
  4   8   -0.8264228995D-15
  4   9   -0.7974493264D-15
  4  10   -0.3875516499D+00
  5   1    0.1531161495D-14
  5   2    0.5194463164D-15
  5   3   -0.2371612389D-14
  5   4   -0.3490701589D-15
  5   5   -0.9187117225D+01
  5   6   -0.2775557562D-15
  5   7   -0.1733076487D-16
  5   8   -0.5599094873D+00
  5   9   -0.7203845902D-01
  5  10    0.4299950405D-14
  6   1    0.6691513413D-14
  6   2    0.3644212060D-15
  6   3    0.8721644796D-15
  6   4    0.1409464788D-15
  6   5   -0.3330669074D-15
  6   6   -0.9187117225D+01
  6   7    0.1656031049D-15
  6   8    0.7203845902D-01
  6   9   -0.5599094873D+00
  6  10    0.3000342068D-14
  7   1    0.1213380150D+00
  7   2   -0.2785721019D+00
  7   3    0.6613863601D+00
  7   4    0.5851056954D+00
  7   5   -0.1733076487D-16
  7   6    0.1656031049D-15
  7   7   -0.8499042794D+01
  7   8   -0.1979245100D-14
  7   9    0.7625789136D-15
  7  10   -0.4608691368D+00
  8   1    0.1197447788D-14
  8   2   -0.1159314216D-15
  8   3    0.2235249100D-14
  8   4   -0.8264228995D-15
  8   5   -0.5599094873D+00
  8   6    0.7203845902D-01
  8   7   -0.1979245100D-14
  8   8   -0.8714320528D+01
  8   9    0.4773959006D-14
  8  10   -0.4684853548D-14
  9   1   -0.5858150111D-14
  9   2   -0.3002050879D-15
  9   3    0.1056314283D-14
  9   4   -0.7974493264D-15
  9   5   -0.7203845902D-01
  9   6   -0.5599094873D+00
  9   7    0.7625789136D-15
  9   8    0.4773959006D-14
  9   9   -0.8714320528D+01
  9  10   -0.4030756179D-14
 10   1   -0.2007475330D+00
 10   2   -0.1204147332D+00
 10   3    0.5301688573D+00
 10   4   -0.3875516499D+00
 10   5    0.4299950405D-14
 10   6    0.3000342068D-14
 10   7   -0.4608691368D+00
 10   8   -0.4684853548D-14
 10   9   -0.4030756179D-14
 10  10   -0.9355919315D+01
