  1   1   -0.3372215219D+02
  1   2   -0.9504382573D-03
  1   3    0.5017121135D+00
  1   4   -0.3168811082D+00
  1   5   -0.1447493307D+00
  1   6    0.1566227501D-15
  1   7   -0.8820353875D-16
  1   8    0.3134274785D-14
  1   9   -0.6369465280D-15
  1  10   -0.1550669665D-01
  2   1   -0.9504382573D-03
  2   2   -0.2660780302D+02
  2   3    0.2219236654D+00
  2   4    0.4255525473D+00
  2   5   -0.7662620261D-01
  2   6    0.1129473374D-15
  2   7    0.1584917523D-16
  2   8   -0.1633481122D-15
  2   9   -0.1393847809D-16
  2  10    0.5818665842D-01
  3   1    0.5017121135D+00
  3   2    0.2219236654D+00
  3   3   -0.8838260186D+01
  3   4    0.4809148659D+00
  3   5   -0.1302002513D+00
  3   6    0.3098665531D-15
  3   7   -0.2639575603D-15
  3   8   -0.4795777789D-15
  3   9   -0.2242832245D-14
  3  10    0.3905560254D+00
  4   1   -0.3168811082D+00
  4   2    0.4255525473D+00
  4   3    0.4809148659D+00
  4   4   -0.7946488143D+01
  4   5   -0.5226110564D+00
  4   6    0.4500480744D-15
  4   7    0.2449265667D-15
  4   8   -0.3834927097D-15
  4   9    0.1350033113D-14
  4  10   -0.2873177350D+00
  5   1   -0.1447493307D+00
  5   2   -0.7662620261D-01
  5   3   -0.1302002513D+00
  5   4   -0.5226110564D+00
  5   5   -0.7561928163D+01
  5   6   -0.2819254898D-15
  5   7    0.5750793081D-15
  5   8   -0.2941666878D-14
  5   9    0.3081207777D-15
  5  10    0.2890671761D+00
  6   1    0.1566227501D-15
  6   2    0.1129473374D-15
  6   3    0.3098665531D-15
  6   4    0.4500480744D-15
  6   5   -0.2819254898D-15
  6   6   -0.8339108344D+01
  6   7   -0.4440892099D-15
  6   8   -0.4366584160D+00
  6   9    0.4211633630D-01
  6  10   -0.9830105888D-15
  7   1   -0.8820353875D-16
  7   2    0.1584917523D-16
  7   3   -0.2639575603D-15
  7   4    0.2449265667D-15
  7   5    0.5750793081D-15
  7   6    0.4440892099D-15
  7   7   -0.8339108344D+01
  7   8   -0.4211633630D-01
  7   9   -0.4366584160D+00
  7  10   -0.2822887080D-15
  8   1    0.3134274785D-14
  8   2   -0.1633481122D-15
  8   3   -0.4795777789D-15
  8   4   -0.3834927097D-15
  8   5   -0.2941666878D-14
  8   6   -0.4366584160D+00
  8   7   -0.4211633630D-01
  8   8   -0.7421747895D+01
  8   9    0.4440892099D-14
  8  10    0.3478992622D-14
  9   1   -0.6369465280D-15
  9   2   -0.1393847809D-16
  9   3   -0.2242832245D-14
  9   4    0.1350033113D-14
  9   5    0.3081207777D-15
  9   6    0.4211633630D-01
  9   7   -0.4366584160D+00
  9   8    0.4884981308D-14
  9   9   -0.7421747895D+01
  9  10   -0.1133656077D-14
 10   1   -0.1550669665D-01
 10   2    0.5818665842D-01
 10   3    0.3905560254D+00
 10   4   -0.2873177350D+00
 10   5    0.2890671761D+00
 10   6   -0.9830105888D-15
 10   7   -0.2822887080D-15
 10   8    0.3478992622D-14
 10   9   -0.1133656077D-14
 10  10   -0.8590964505D+01
