  1   1   -0.3339563571D+02
  1   2   -0.6122846832D-03
  1   3   -0.4485064851D+00
  1   4   -0.4080167683D+00
  1   5   -0.9325396565D-01
  1   6   -0.3282383948D-15
  1   7    0.3230673217D-15
  1   8    0.4988753276D-14
  1   9    0.1379327843D-14
  1  10    0.2564686108D-01
  2   1   -0.6122846832D-03
  2   2   -0.2623503174D+02
  2   3   -0.3074357160D+00
  2   4    0.3700640407D+00
  2   5   -0.4868248748D-01
  2   6   -0.1780809524D-16
  2   7    0.1762459882D-17
  2   8    0.1274624180D-16
  2   9    0.1196203691D-16
  2  10    0.3075215182D-01
  3   1   -0.4485064851D+00
  3   2   -0.3074357160D+00
  3   3   -0.8173832995D+01
  3   4   -0.6722053971D+00
  3   5    0.1189935427D+00
  3   6   -0.6653083734D-16
  3   7    0.1991897056D-15
  3   8   -0.1693015846D-15
  3   9    0.6280010735D-15
  3  10   -0.2269513624D+00
  4   1   -0.4080167683D+00
  4   2    0.3700640407D+00
  4   3   -0.6722053971D+00
  4   4   -0.7902225939D+01
  4   5   -0.4033577488D+00
  4   6   -0.2692361340D-15
  4   7    0.9472421795D-16
  4   8   -0.1785512349D-15
  4   9    0.3315737217D-15
  4  10   -0.2222929729D+00
  5   1   -0.9325396565D-01
  5   2   -0.4868248748D-01
  5   3    0.1189935427D+00
  5   4   -0.4033577488D+00
  5   5   -0.7079781130D+01
  5   6    0.6740171118D-15
  5   7    0.9359060536D-15
  5   8    0.3925664499D-14
  5   9    0.1337291652D-14
  5  10    0.1128594115D+00
  6   1   -0.3282383948D-15
  6   2   -0.1780809524D-16
  6   3   -0.6653083734D-16
  6   4   -0.2692361340D-15
  6   5    0.6740171118D-15
  6   6   -0.8134073536D+01
  6   7   -0.4649369845D-32
  6   8    0.2949086722D+00
  6   9   -0.8458424296D-01
  6  10   -0.2987526364D-15
  7   1    0.3230673217D-15
  7   2    0.1762459882D-17
  7   3    0.1991897056D-15
  7   4    0.9472421795D-16
  7   5    0.9359060536D-15
  7   6   -0.4440892099D-15
  7   7   -0.8134073536D+01
  7   8    0.8458424296D-01
  7   9    0.2949086722D+00
  7  10   -0.1975157341D-15
  8   1    0.4988753276D-14
  8   2    0.1274624180D-16
  8   3   -0.1693015846D-15
  8   4   -0.1785512349D-15
  8   5    0.3925664499D-14
  8   6    0.2949086722D+00
  8   7    0.8458424296D-01
  8   8   -0.6984735469D+01
  8   9    0.2400857291D-14
  8  10   -0.1661506847D-14
  9   1    0.1379327843D-14
  9   2    0.1196203691D-16
  9   3    0.6280010735D-15
  9   4    0.3315737217D-15
  9   5    0.1337291652D-14
  9   6   -0.8458424296D-01
  9   7    0.2949086722D+00
  9   8    0.2470246230D-14
  9   9   -0.6984735469D+01
  9  10    0.2348576963D-14
 10   1    0.2564686108D-01
 10   2    0.3075215182D-01
 10   3   -0.2269513624D+00
 10   4   -0.2222929729D+00
 10   5    0.1128594115D+00
 10   6   -0.2987526364D-15
 10   7   -0.1975157341D-15
 10   8   -0.1661506847D-14
 10   9    0.2348576963D-14
 10  10   -0.8300946772D+01
