  1   1   -0.3344289447D+02
  1   2   -0.6730431856D-03
  1   3    0.4710943225D+00
  1   4    0.3790335426D+00
  1   5   -0.1016793304D+00
  1   6    0.8278158780D-15
  1   7    0.7628443987D-16
  1   8    0.2372817903D-14
  1   9    0.3400859636D-14
  1  10    0.2267896944D-01
  2   1   -0.6730431856D-03
  2   2   -0.2628898368D+02
  2   3    0.2823891999D+00
  2   4   -0.3897090247D+00
  2   5   -0.5173428176D-01
  2   6   -0.1056269217D-16
  2   7    0.1897215166D-16
  2   8    0.4644788401D-16
  2   9    0.3704998974D-16
  2  10    0.3443696117D-01
  3   1    0.4710943225D+00
  3   2    0.2823891999D+00
  3   3   -0.8316541112D+01
  3   4   -0.6412922674D+00
  3   5   -0.1006076167D+00
  3   6   -0.3833631723D-15
  3   7    0.3475981376D-15
  3   8    0.5957938324D-15
  3   9    0.1346853579D-14
  3  10    0.2566055520D+00
  4   1    0.3790335426D+00
  4   2   -0.3897090247D+00
  4   3   -0.6412922674D+00
  4   4   -0.7860888349D+01
  4   5    0.4287540295D+00
  4   6   -0.2564823865D-15
  4   7    0.4908781126D-16
  4   8    0.3952609684D-15
  4   9    0.6781474095D-15
  4  10    0.2226160986D+00
  5   1   -0.1016793304D+00
  5   2   -0.5173428176D-01
  5   3   -0.1006076167D+00
  5   4    0.4287540295D+00
  5   5   -0.7145699319D+01
  5   6   -0.2743153080D-15
  5   7   -0.5216165255D-15
  5   8    0.8089457997D-15
  5   9    0.3674133220D-15
  5  10    0.1319958749D+00
  6   1    0.8278158780D-15
  6   2   -0.1056269217D-16
  6   3   -0.3833631723D-15
  6   4   -0.2564823865D-15
  6   5   -0.2743153080D-15
  6   6   -0.8169239695D+01
  6   7   -0.5551115123D-15
  6   8   -0.3204668676D+00
  6   9   -0.3988305735D-01
  6  10   -0.1215565307D-15
  7   1    0.7628443987D-16
  7   2    0.1897215166D-16
  7   3    0.3475981376D-15
  7   4    0.4908781126D-16
  7   5   -0.5216165255D-15
  7   6   -0.4440892099D-15
  7   7   -0.8169239695D+01
  7   8   -0.3988305735D-01
  7   9    0.3204668676D+00
  7  10    0.2378326325D-16
  8   1    0.2372817903D-14
  8   2    0.4644788401D-16
  8   3    0.5957938324D-15
  8   4    0.3952609684D-15
  8   5    0.8089457997D-15
  8   6   -0.3204668676D+00
  8   7   -0.3988305735D-01
  8   8   -0.7043677797D+01
  8   9    0.2229119667D-14
  8  10    0.2608359785D-15
  9   1    0.3400859636D-14
  9   2    0.3704998974D-16
  9   3    0.1346853579D-14
  9   4    0.6781474095D-15
  9   5    0.3674133220D-15
  9   6   -0.3988305735D-01
  9   7    0.3204668676D+00
  9   8    0.2218711326D-14
  9   9   -0.7043677797D+01
  9  10   -0.2984952778D-15
 10   1    0.2267896944D-01
 10   2    0.3443696117D-01
 10   3    0.2566055520D+00
 10   4    0.2226160986D+00
 10   5    0.1319958749D+00
 10   6   -0.1215565307D-15
 10   7    0.2378326325D-16
 10   8    0.2608359785D-15
 10   9   -0.2984952778D-15
 10  10   -0.8349482644D+01
