  1   1   -0.3360087532D+02
  1   2   -0.8517213651D-03
  1   3   -0.4998111244D+00
  1   4   -0.3291092404D+00
  1   5   -0.1283787839D+00
  1   6    0.3073037186D-15
  1   7    0.9700407147D-16
  1   8   -0.1826000464D-15
  1   9    0.2526086114D-15
  1  10    0.5954411681D-02
  2   1   -0.8517213651D-03
  2   2   -0.2646933801D+02
  2   3   -0.2362302685D+00
  2   4    0.4192120707D+00
  2   5   -0.6380850932D-01
  2   6   -0.1689869852D-15
  2   7    0.3303134131D-16
  2   8   -0.3921694999D-17
  2   9   -0.4441564617D-15
  2  10    0.4763750215D-01
  3   1   -0.4998111244D+00
  3   2   -0.2362302685D+00
  3   3   -0.8645557190D+01
  3   4   -0.5407701846D+00
  3   5    0.9147630758D-01
  3   6    0.1518660003D-14
  3   7   -0.2633322815D-15
  3   8    0.7430801951D-15
  3   9    0.4819734346D-14
  3  10   -0.3394513734D+00
  4   1   -0.3291092404D+00
  4   2    0.4192120707D+00
  4   3   -0.5407701846D+00
  4   4   -0.7872680003D+01
  4   5   -0.4918461087D+00
  4   6    0.4966355989D-15
  4   7    0.1681919805D-15
  4   8    0.5040530676D-15
  4   9    0.2557528993D-14
  4  10   -0.2470843794D+00
  5   1   -0.1283787839D+00
  5   2   -0.6380850932D-01
  5   3    0.9147630758D-01
  5   4   -0.4918461087D+00
  5   5   -0.7374185316D+01
  5   6   -0.5563943632D-15
  5   7   -0.7273855388D-16
  5   8    0.4142557304D-15
  5   9   -0.2969305522D-14
  5  10    0.2112560068D+00
  6   1    0.3073037186D-15
  6   2   -0.1689869852D-15
  6   3    0.1518660003D-14
  6   4    0.4966355989D-15
  6   5   -0.5563943632D-15
  6   6   -0.8275308315D+01
  6   7   -0.1526556659D-15
  6   8    0.2307785325D-01
  6   9    0.3830182382D+00
  6  10    0.2644824224D-14
  7   1    0.9700407147D-16
  7   2    0.3303134131D-16
  7   3   -0.2633322815D-15
  7   4    0.1681919805D-15
  7   5   -0.7273855388D-16
  7   6   -0.1526556659D-15
  7   7   -0.8275308315D+01
  7   8    0.3830182382D+00
  7   9   -0.2307785325D-01
  7  10   -0.2584099453D-15
  8   1   -0.1826000464D-15
  8   2   -0.3921694999D-17
  8   3    0.7430801951D-15
  8   4    0.5040530676D-15
  8   5    0.4142557304D-15
  8   6    0.2307785325D-01
  8   7    0.3830182382D+00
  8   8   -0.7249392087D+01
  8   9   -0.1366962099D-14
  8  10    0.1960667037D-14
  9   1    0.2526086114D-15
  9   2   -0.4441564617D-15
  9   3    0.4819734346D-14
  9   4    0.2557528993D-14
  9   5   -0.2969305522D-14
  9   6    0.3830182382D+00
  9   7   -0.2307785325D-01
  9   8   -0.1332267630D-14
  9   9   -0.7249392087D+01
  9  10    0.8180553661D-14
 10   1    0.5954411681D-02
 10   2    0.4763750215D-01
 10   3   -0.3394513734D+00
 10   4   -0.2470843794D+00
 10   5    0.2112560068D+00
 10   6    0.2644824224D-14
 10   7   -0.2584099453D-15
 10   8    0.1960667037D-14
 10   9    0.8180553661D-14
 10  10   -0.8499199995D+01
