  1   1   -0.3385906028D+02
  1   2   -0.1014692730D-02
  1   3    0.4969959539D+00
  1   4    0.3150341008D+00
  1   5   -0.1537279419D+00
  1   6   -0.3354123949D-16
  1   7    0.2342826246D-14
  1   8   -0.4568683715D-15
  1   9   -0.4539963706D-17
  1  10    0.4923054831D-01
  2   1   -0.1014692730D-02
  2   2   -0.2676415797D+02
  2   3    0.2152126505D+00
  2   4   -0.4247705650D+00
  2   5   -0.9841902627D-01
  2   6    0.1188122991D-15
  2   7    0.1060364737D-14
  2   8    0.6375624071D-16
  2   9    0.7283885216D-15
  2  10   -0.6892826520D-01
  3   1    0.4969959539D+00
  3   2    0.2152126505D+00
  3   3   -0.9045326077D+01
  3   4   -0.4215410376D+00
  3   5   -0.2184256911D+00
  3   6    0.4527615801D-15
  3   7    0.3127044305D-14
  3   8    0.2571633119D-14
  3   9    0.1993846876D-14
  3  10   -0.4266174189D+00
  4   1    0.3150341008D+00
  4   2   -0.4247705650D+00
  4   3   -0.4215410376D+00
  4   4   -0.8052433737D+01
  4   5    0.5342785641D+00
  4   6   -0.7900435599D-15
  4   7   -0.4173065415D-14
  4   8    0.6422277655D-15
  4   9   -0.6598824908D-15
  4  10   -0.3517033751D+00
  5   1   -0.1537279419D+00
  5   2   -0.9841902627D-01
  5   3   -0.2184256911D+00
  5   4    0.5342785641D+00
  5   5   -0.7793606988D+01
  5   6    0.1969202532D-14
  5   7   -0.4422910577D-14
  5   8    0.9238289465D-15
  5   9    0.6447560917D-14
  5  10   -0.3909830515D+00
  6   1   -0.3354123949D-16
  6   2    0.1188122991D-15
  6   3    0.4527615801D-15
  6   4   -0.7900435599D-15
  6   5    0.1969202532D-14
  6   6   -0.8384132950D+01
  6   7   -0.1332267630D-14
  6   8    0.5026182305D+00
  6   9    0.6229514480D-01
  6  10    0.2360610274D-14
  7   1    0.2342826246D-14
  7   2    0.1060364737D-14
  7   3    0.3127044305D-14
  7   4   -0.4173065415D-14
  7   5   -0.4422910577D-14
  7   6   -0.1332267630D-14
  7   7   -0.8384132950D+01
  7   8   -0.6229514480D-01
  7   9    0.5026182305D+00
  7  10    0.7774776759D-14
  8   1   -0.4568683715D-15
  8   2    0.6375624071D-16
  8   3    0.2571633119D-14
  8   4    0.6422277655D-15
  8   5    0.9238289465D-15
  8   6    0.5026182305D+00
  8   7   -0.6229514480D-01
  8   8   -0.7639626488D+01
  8   9   -0.9089951014D-15
  8  10    0.3122125118D-14
  9   1   -0.4539963706D-17
  9   2    0.7283885216D-15
  9   3    0.1993846876D-14
  9   4   -0.6598824908D-15
  9   5    0.6447560917D-14
  9   6    0.6229514480D-01
  9   7    0.5026182305D+00
  9   8   -0.9575673587D-15
  9   9   -0.7639626488D+01
  9  10    0.9836924896D-14
 10   1    0.4923054831D-01
 10   2   -0.6892826520D-01
 10   3   -0.4266174189D+00
 10   4   -0.3517033751D+00
 10   5   -0.3909830515D+00
 10   6    0.2360610274D-14
 10   7    0.7774776759D-14
 10   8    0.3122125118D-14
 10   9    0.9836924896D-14
 10  10   -0.8652238309D+01
