  1   1   -0.3335074018D+02
  1   2   -0.5529779166D-03
  1   3   -0.4155457896D+00
  1   4    0.4436082509D+00
  1   5   -0.8523018561D-01
  1   6   -0.1488850197D-14
  1   7    0.3360639826D-15
  1   8   -0.2521405235D-15
  1   9    0.2898511545D-14
  1  10   -0.2774889167D-01
  2   1   -0.5529779166D-03
  2   2   -0.2618377669D+02
  2   3   -0.3376132457D+00
  2   4   -0.3424845157D+00
  2   5   -0.4593594952D-01
  2   6   -0.1591420790D-16
  2   7   -0.1883989298D-16
  2   8    0.8227962430D-17
  2   9    0.1105358094D-15
  2  10   -0.2739401283D-01
  3   1   -0.4155457896D+00
  3   2   -0.3376132457D+00
  3   3   -0.8005229429D+01
  3   4    0.6906402186D+00
  3   5    0.1438607739D+00
  3   6    0.6893810019D-15
  3   7    0.3669237846D-15
  3   8   -0.6573308908D-15
  3   9   -0.2446383441D-14
  3  10    0.1953101424D+00
  4   1    0.4436082509D+00
  4   2   -0.3424845157D+00
  4   3    0.6906402186D+00
  4   4   -0.7974623761D+01
  4   5    0.3743686892D+00
  4   6   -0.3254843794D-15
  4   7   -0.3086418004D-15
  4   8    0.2658048518D-15
  4   9    0.2204614466D-14
  4  10   -0.2247210968D+00
  5   1   -0.8523018561D-01
  5   2   -0.4593594952D-01
  5   3    0.1438607739D+00
  5   4    0.3743686892D+00
  5   5   -0.7017989018D+01
  5   6    0.1514280367D-14
  5   7    0.2237356042D-15
  5   8   -0.1417665757D-14
  5   9   -0.1728175769D-14
  5  10   -0.9650886519D-01
  6   1   -0.1488850197D-14
  6   2   -0.1591420790D-16
  6   3    0.6893810019D-15
  6   4   -0.3254843794D-15
  6   5    0.1514280367D-14
  6   6   -0.8099564974D+01
  6   7    0.4440892099D-15
  6   8    0.6572791842D-01
  6   9   -0.2846910756D+00
  6  10   -0.4790445775D-15
  7   1    0.3360639826D-15
  7   2   -0.1883989298D-16
  7   3    0.3669237846D-15
  7   4   -0.3086418004D-15
  7   5    0.2237356042D-15
  7   6    0.6661338148D-15
  7   7   -0.8099564974D+01
  7   8   -0.2846910756D+00
  7   9   -0.6572791842D-01
  7  10   -0.9010319754D-15
  8   1   -0.2521405235D-15
  8   2    0.8227962430D-17
  8   3   -0.6573308908D-15
  8   4    0.2658048518D-15
  8   5   -0.1417665757D-14
  8   6    0.6572791842D-01
  8   7   -0.2846910756D+00
  8   8   -0.6929503968D+01
  8   9   -0.5447031715D-15
  8  10    0.4046482036D-14
  9   1    0.2898511545D-14
  9   2    0.1105358094D-15
  9   3   -0.2446383441D-14
  9   4    0.2204614466D-14
  9   5   -0.1728175769D-14
  9   6   -0.2846910756D+00
  9   7   -0.6572791842D-01
  9   8   -0.5308253836D-15
  9   9   -0.6929503968D+01
  9  10    0.2355919759D-14
 10   1   -0.2774889167D-01
 10   2   -0.2739401283D-01
 10   3    0.1953101424D+00
 10   4   -0.2247210968D+00
 10   5   -0.9650886519D-01
 10   6   -0.4790445775D-15
 10   7   -0.9010319754D-15
 10   8    0.4046482036D-14
 10   9    0.2355919759D-14
 10  10   -0.8253906690D+01
