  1   1   -0.3322858450D+02
  1   2   -0.3911622401D-03
  1   3   -0.2596707013D+00
  1   4   -0.5535605578D+00
  1   5   -0.6384731317D-01
  1   6    0.8108048656D-15
  1   7   -0.2053136298D-15
  1   8    0.1245070221D-14
  1   9    0.1792732354D-14
  1  10    0.3053205045D-01
  2   1   -0.3911622401D-03
  2   2   -0.2604430948D+02
  2   3   -0.4291700258D+00
  2   4    0.2155886407D+00
  2   5   -0.3901740353D-01
  2   6    0.1557764288D-16
  2   7   -0.4007315406D-17
  2   8    0.1022708141D-17
  2   9    0.5888233566D-16
  2  10    0.1907058455D-01
  3   1   -0.2596707013D+00
  3   2   -0.4291700258D+00
  3   3   -0.7436715131D+01
  3   4   -0.5635909740D+00
  3   5    0.2234735424D+00
  3   6   -0.1367388003D-15
  3   7   -0.1902089808D-15
  3   8    0.8085532298D-15
  3   9   -0.5870060038D-15
  3  10   -0.9675433383D-01
  4   1   -0.5535605578D+00
  4   2    0.2155886407D+00
  4   3   -0.5635909740D+00
  4   4   -0.8281457452D+01
  4   5   -0.2643848521D+00
  4   6   -0.1692113627D-15
  4   7   -0.4586047365D-15
  4   8    0.2203469739D-14
  4   9   -0.9584285579D-15
  4  10   -0.2288955261D+00
  5   1   -0.6384731317D-01
  5   2   -0.3901740353D-01
  5   3    0.2234735424D+00
  5   4   -0.2643848521D+00
  5   5   -0.6853489483D+01
  5   6    0.1754192901D-15
  5   7    0.4519264435D-17
  5   8   -0.1133673312D-14
  5   9    0.3187141267D-14
  5  10    0.6041144775D-01
  6   1    0.8108048656D-15
  6   2    0.1557764288D-16
  6   3   -0.1367388003D-15
  6   4   -0.1692113627D-15
  6   5    0.1754192901D-15
  6   6   -0.8001265140D+01
  6   7   -0.1887379142D-14
  6   8   -0.5660627259D-01
  6   9    0.2489949837D+00
  6  10   -0.8096710375D-15
  7   1   -0.2053136298D-15
  7   2   -0.4007315406D-17
  7   3   -0.1902089808D-15
  7   4   -0.4586047365D-15
  7   5    0.4519264435D-17
  7   6   -0.1776356839D-14
  7   7   -0.8001265140D+01
  7   8   -0.2489949837D+00
  7   9   -0.5660627259D-01
  7  10   -0.4762508743D-15
  8   1    0.1245070221D-14
  8   2    0.1022708141D-17
  8   3    0.8085532298D-15
  8   4    0.2203469739D-14
  8   5   -0.1133673312D-14
  8   6   -0.5660627259D-01
  8   7   -0.2489949837D+00
  8   8   -0.6782043460D+01
  8   9    0.4905797990D-14
  8  10   -0.1676153290D-14
  9   1    0.1792732354D-14
  9   2    0.5888233566D-16
  9   3   -0.5870060038D-15
  9   4   -0.9584285579D-15
  9   5    0.3187141267D-14
  9   6    0.2489949837D+00
  9   7   -0.5660627259D-01
  9   8    0.4884981308D-14
  9   9   -0.6782043460D+01
  9  10   -0.2348325132D-14
 10   1    0.3053205045D-01
 10   2    0.1907058455D-01
 10   3   -0.9675433383D-01
 10   4   -0.2288955261D+00
 10   5    0.6041144775D-01
 10   6   -0.8096710375D-15
 10   7   -0.4762508743D-15
 10   8   -0.1676153290D-14
 10   9   -0.2348325132D-14
 10  10   -0.8123331926D+01
