  1   1   -0.3308997366D+02
  1   2   -0.2257789947D-03
  1   3   -0.1016631127D+00
  1   4   -0.6061000823D+00
  1   5   -0.4165842049D-01
  1   6    0.9359367395D-15
  1   7    0.3634379306D-16
  1   8   -0.4445946258D-14
  1   9    0.1494029185D-14
  1  10   -0.2986739867D-01
  2   1   -0.2257789947D-03
  2   2   -0.2588603536D+02
  2   3   -0.4716638027D+00
  2   4    0.8640211147D-01
  2   5   -0.3190263949D-01
  2   6   -0.1093426440D-17
  2   7   -0.5589083245D-17
  2   8    0.1221708748D-17
  2   9   -0.1486832978D-16
  2  10   -0.1134284832D-01
  3   1   -0.1016631127D+00
  3   2   -0.4716638027D+00
  3   3   -0.7037047807D+01
  3   4   -0.2506145964D+00
  3   5    0.2441984334D+00
  3   6    0.1368317670D-16
  3   7    0.3414311993D-16
  3   8   -0.2083447611D-16
  3   9    0.7828064877D-16
  3  10    0.2616045839D-01
  4   1   -0.6061000823D+00
  4   2    0.8640211147D-01
  4   3   -0.2506145964D+00
  4   4   -0.8383684073D+01
  4   5   -0.1453014535D+00
  4   6    0.9131172084D-16
  4   7   -0.1690541570D-15
  4   8   -0.6136978593D-15
  4   9   -0.5561311416D-15
  4  10    0.1996030943D+00
  5   1   -0.4165842049D-01
  5   2   -0.3190263949D-01
  5   3    0.2441984334D+00
  5   4   -0.1453014535D+00
  5   5   -0.6672642402D+01
  5   6    0.1307162700D-15
  5   7    0.8965009015D-16
  5   8    0.1814332225D-15
  5   9   -0.2417753816D-15
  5  10   -0.3244211888D-01
  6   1    0.9359367395D-15
  6   2   -0.1093426440D-17
  6   3    0.1368317670D-16
  6   4    0.9131172084D-16
  6   5    0.1307162700D-15
  6   6   -0.7883621445D+01
  6   7   -0.2886579864D-14
  6   8   -0.2090866669D+00
  6   9    0.6132648281D-01
  6  10    0.1775850978D-15
  7   1    0.3634379306D-16
  7   2   -0.5589083245D-17
  7   3    0.3414311993D-16
  7   4   -0.1690541570D-15
  7   5    0.8965009015D-16
  7   6   -0.2442490654D-14
  7   7   -0.7883621445D+01
  7   8    0.6132648281D-01
  7   9    0.2090866669D+00
  7  10   -0.3918016173D-15
  8   1   -0.4445946258D-14
  8   2    0.1221708748D-17
  8   3   -0.2083447611D-16
  8   4   -0.6136978593D-15
  8   5    0.1814332225D-15
  8   6   -0.2090866669D+00
  8   7    0.6132648281D-01
  8   8   -0.6618179630D+01
  8   9    0.3080001532D-14
  8  10    0.9652951332D-15
  9   1    0.1494029185D-14
  9   2   -0.1486832978D-16
  9   3    0.7828064877D-16
  9   4   -0.5561311416D-15
  9   5   -0.2417753816D-15
  9   6    0.6132648281D-01
  9   7    0.2090866669D+00
  9   8    0.3100818213D-14
  9   9   -0.6618179630D+01
  9  10    0.2359463141D-14
 10   1   -0.2986739867D-01
 10   2   -0.1134284832D-01
 10   3    0.2616045839D-01
 10   4    0.1996030943D+00
 10   5   -0.3244211888D-01
 10   6    0.1775850978D-15
 10   7   -0.3918016173D-15
 10   8    0.9652951332D-15
 10   9    0.2359463141D-14
 10  10   -0.7974116088D+01
