  1   1   -0.3330803499D+02
  1   2   -0.4959669428D-03
  1   3   -0.3708709989D+00
  1   4    0.4832788107D+00
  1   5   -0.7764502618D-01
  1   6    0.2186436756D-14
  1   7   -0.6699069901D-15
  1   8   -0.8178403372D-14
  1   9    0.6917967015D-15
  1  10    0.2917046943D-01
  2   1   -0.4959669428D-03
  2   2   -0.2613502095D+02
  2   3   -0.3708490937D+00
  2   4   -0.3058554131D+00
  2   5   -0.4343543403D-01
  2   6    0.9003796656D-16
  2   7   -0.2186292959D-16
  2   8   -0.2829621635D-17
  2   9    0.4204731634D-17
  2  10    0.2434132650D-01
  3   1   -0.3708709989D+00
  3   2   -0.3708490937D+00
  3   3   -0.7813614963D+01
  3   4    0.6832173168D+00
  3   5    0.1726772789D+00
  3   6    0.5458911562D-16
  3   7    0.6842296345D-16
  3   8   -0.8332753990D-15
  3   9   -0.4995402466D-15
  3  10   -0.1617508509D+00
  4   1    0.4832788107D+00
  4   2   -0.3058554131D+00
  4   3    0.6832173168D+00
  4   4   -0.8074763951D+01
  4   5    0.3408493670D+00
  4   6   -0.2022659322D-15
  4   7    0.1402386609D-15
  4   8    0.1353339153D-14
  4   9    0.2980177576D-15
  4  10    0.2281625900D+00
  5   1   -0.7764502618D-01
  5   2   -0.4343543403D-01
  5   3    0.1726772789D+00
  5   4    0.3408493670D+00
  5   5   -0.6959900925D+01
  5   6   -0.1124019840D-14
  5   7    0.7151219503D-15
  5   8    0.1401143077D-14
  5   9    0.1746544645D-15
  5  10    0.8254042666D-01
  6   1    0.2186436756D-14
  6   2    0.9003796656D-16
  6   3    0.5458911562D-16
  6   4   -0.2022659322D-15
  6   5   -0.1124019840D-14
  6   6   -0.8065873158D+01
  6   7   -0.1776356839D-14
  6   8   -0.2518284079D+00
  6   9   -0.1197458773D+00
  6  10    0.1415165000D-14
  7   1   -0.6699069901D-15
  7   2   -0.2186292959D-16
  7   3    0.6842296345D-16
  7   4    0.1402386609D-15
  7   5    0.7151219503D-15
  7   6   -0.1776356839D-14
  7   7   -0.8065873158D+01
  7   8    0.1197458773D+00
  7   9   -0.2518284079D+00
  7  10    0.2834221903D-15
  8   1   -0.8178403372D-14
  8   2   -0.2829621635D-17
  8   3   -0.8332753990D-15
  8   4    0.1353339153D-14
  8   5    0.1401143077D-14
  8   6   -0.2518284079D+00
  8   7    0.1197458773D+00
  8   8   -0.6877537865D+01
  8   9   -0.1245531456D-14
  8  10   -0.3469934867D-14
  9   1    0.6917967015D-15
  9   2    0.4204731634D-17
  9   3   -0.4995402466D-15
  9   4    0.2980177576D-15
  9   5    0.1746544645D-15
  9   6   -0.1197458773D+00
  9   7   -0.2518284079D+00
  9   8   -0.1307981501D-14
  9   9   -0.6877537865D+01
  9  10   -0.2669125606D-14
 10   1    0.2917046943D-01
 10   2    0.2434132650D-01
 10   3   -0.1617508509D+00
 10   4    0.2281625900D+00
 10   5    0.8254042666D-01
 10   6    0.1415165000D-14
 10   7    0.2834221903D-15
 10   8   -0.3469934867D-14
 10   9   -0.2669125606D-14
 10  10   -0.8208568404D+01
