  1   1   -0.3326736371D+02
  1   2   -0.4418807387D-03
  1   3   -0.3167231631D+00
  1   4    0.5217748013D+00
  1   5   -0.7051573827D-01
  1   6    0.2774530856D-15
  1   7    0.3141017984D-15
  1   8   -0.1566266136D-14
  1   9   -0.3902514815D-14
  1  10    0.3005910088D-01
  2   1   -0.4418807387D-03
  2   2   -0.2608858586D+02
  2   3   -0.4028680380D+00
  2   4   -0.2618535023D+00
  2   5   -0.4113924563D-01
  2   6   -0.6525957818D-16
  2   7    0.1773855312D-17
  2   8    0.1516906427D-17
  2   9   -0.8304436411D-16
  2  10    0.2157344370D-01
  3   1   -0.3167231631D+00
  3   2   -0.4028680380D+00
  3   3   -0.7615781238D+01
  3   4    0.6395110537D+00
  3   5    0.2008624598D+00
  3   6    0.5718173363D-16
  3   7   -0.3481028538D-15
  3   8    0.1500905942D-14
  3   9    0.9479733056D-15
  3  10   -0.1278995554D+00
  4   1    0.5217748013D+00
  4   2   -0.2618535023D+00
  4   3    0.6395110537D+00
  4   4   -0.8185480280D+01
  4   5    0.3032867961D+00
  4   6    0.1129020056D-15
  4   7    0.4628043919D-15
  4   8   -0.2292206028D-14
  4   9   -0.1071000111D-14
  4  10    0.2301851167D+00
  5   1   -0.7051573827D-01
  5   2   -0.4113924563D-01
  5   3    0.2008624598D+00
  5   4    0.3032867961D+00
  5   5   -0.6905166716D+01
  5   6    0.3779943612D-15
  5   7   -0.2569064818D-15
  5   8    0.1118205894D-14
  5   9    0.4679866784D-15
  5  10    0.7060718638D-01
  6   1    0.2774530856D-15
  6   2   -0.6525957818D-16
  6   3    0.5718173363D-16
  6   4    0.1129020056D-15
  6   5    0.3779943612D-15
  6   6   -0.8033090668D+01
  6   7    0.2997602166D-14
  6   8   -0.4535517883D-01
  6   9    0.2627339824D+00
  6  10    0.1367888501D-16
  7   1    0.3141017984D-15
  7   2    0.1773855312D-17
  7   3   -0.3481028538D-15
  7   4    0.4628043919D-15
  7   5   -0.2569064818D-15
  7   6    0.2664535259D-14
  7   7   -0.8033090668D+01
  7   8   -0.2627339824D+00
  7   9   -0.4535517883D-01
  7  10   -0.2672359908D-15
  8   1   -0.1566266136D-14
  8   2    0.1516906427D-17
  8   3    0.1500905942D-14
  8   4   -0.2292206028D-14
  8   5    0.1118205894D-14
  8   6   -0.4535517883D-01
  8   7   -0.2627339824D+00
  8   8   -0.6828481098D+01
  8   9   -0.2414735079D-14
  8  10    0.1222647261D-14
  9   1   -0.3902514815D-14
  9   2   -0.8304436411D-16
  9   3    0.9479733056D-15
  9   4   -0.1071000111D-14
  9   5    0.4679866784D-15
  9   6    0.2627339824D+00
  9   7   -0.4535517883D-01
  9   8   -0.2432082313D-14
  9   9   -0.6828481098D+01
  9  10    0.1096385533D-14
 10   1    0.3005910088D-01
 10   2    0.2157344370D-01
 10   3   -0.1278995554D+00
 10   4    0.2301851167D+00
 10   5    0.7060718638D-01
 10   6    0.1367888501D-16
 10   7   -0.2672359908D-15
 10   8    0.1222647261D-14
 10   9    0.1096385533D-14
 10  10   -0.8165033342D+01
