  1   1   -0.3302915755D+02
  1   2   -0.1653721944D-03
  1   3   -0.6515042976D-01
  1   4    0.6121554981D+00
  1   5   -0.3307021957D-01
  1   6    0.3872688269D-15
  1   7   -0.5143527652D-15
  1   8    0.4711302251D-16
  1   9    0.9620771680D-14
  1  10   -0.2872152038D-01
  2   1   -0.1653721944D-03
  2   2   -0.2581658367D+02
  2   3   -0.4759248790D+00
  2   4   -0.5591187178D-01
  2   5   -0.2900503992D-01
  2   6   -0.1808386745D-16
  2   7    0.4167781929D-16
  2   8   -0.7378109723D-17
  2   9    0.7806354610D-16
  2  10   -0.8612674886D-02
  3   1   -0.6515042976D-01
  3   2   -0.4759248790D+00
  3   3   -0.6939678389D+01
  3   4    0.1640415233D+00
  3   5    0.2338639666D+00
  3   6    0.2434319732D-16
  3   7   -0.6239173434D-16
  3   8   -0.5159990930D-16
  3   9   -0.2456325692D-15
  3  10    0.1353213770D-01
  4   1    0.6121554981D+00
  4   2   -0.5591187178D-01
  4   3    0.1640415233D+00
  4   4   -0.8350246333D+01
  4   5    0.1097477114D+00
  4   6    0.3997616852D-16
  4   7    0.6044220049D-17
  4   8    0.7829157870D-15
  4   9   -0.9850672441D-16
  4  10   -0.1827222076D+00
  5   1   -0.3307021957D-01
  5   2   -0.2900503992D-01
  5   3    0.2338639666D+00
  5   4    0.1097477114D+00
  5   5   -0.6595098683D+01
  5   6    0.3525626405D-15
  5   7   -0.3704143107D-15
  5   8    0.6536560161D-15
  5   9   -0.2051613186D-14
  5  10   -0.2381570027D-01
  6   1    0.3872688269D-15
  6   2   -0.1808386745D-16
  6   3    0.2434319732D-16
  6   4    0.3997616852D-16
  6   5    0.3525626405D-15
  6   6   -0.7830321546D+01
  6   7   -0.1332267630D-14
  6   8    0.1940543514D+00
  6   9   -0.5922211913D-01
  6  10    0.1083060610D-15
  7   1   -0.5143527652D-15
  7   2    0.4167781929D-16
  7   3   -0.6239173434D-16
  7   4    0.6044220049D-17
  7   5   -0.3704143107D-15
  7   6   -0.1776356839D-14
  7   7   -0.7830321546D+01
  7   8    0.5922211913D-01
  7   9    0.1940543514D+00
  7  10    0.1024304428D-16
  8   1    0.4711302251D-16
  8   2   -0.7378109723D-17
  8   3   -0.5159990930D-16
  8   4    0.7829157870D-15
  8   5    0.6536560161D-15
  8   6    0.1940543514D+00
  8   7    0.5922211913D-01
  8   8   -0.6547134344D+01
  8   9    0.7320533069D-15
  8  10    0.6222488726D-15
  9   1    0.9620771680D-14
  9   2    0.7806354610D-16
  9   3   -0.2456325692D-15
  9   4   -0.9850672441D-16
  9   5   -0.2051613186D-14
  9   6   -0.5922211913D-01
  9   7    0.1940543514D+00
  9   8    0.7580741590D-15
  9   9   -0.6547134344D+01
  9  10    0.2488835887D-14
 10   1   -0.2872152038D-01
 10   2   -0.8612674886D-02
 10   3    0.1353213770D-01
 10   4   -0.1827222076D+00
 10   5   -0.2381570027D-01
 10   6    0.1083060610D-15
 10   7    0.1024304428D-16
 10   8    0.6222488726D-15
 10   9    0.2488835887D-14
 10  10   -0.7909044137D+01
