  1   1   -0.3305893183D+02
  1   2   -0.1938241014D-03
  1   3    0.8105591638D-01
  1   4   -0.6097612222D+00
  1   5   -0.3716942892D-01
  1   6    0.1159463450D-14
  1   7   -0.5238247165D-15
  1   8   -0.3162022618D-14
  1   9   -0.3424085556D-14
  1  10   -0.2933228172D-01
  2   1   -0.1938241014D-03
  2   2   -0.2585058643D+02
  2   3    0.4743208074D+00
  2   4    0.6924986222D-01
  2   5   -0.3040611320D-01
  2   6    0.2188734639D-17
  2   7   -0.1887652080D-17
  2   8   -0.2120779803D-16
  2   9   -0.1007659375D-16
  2  10   -0.9896526303D-02
  3   1    0.8105591638D-01
  3   2    0.4743208074D+00
  3   3   -0.6984545968D+01
  3   4    0.2022481782D+00
  3   5   -0.2396888963D+00
  3   6    0.1407739903D-16
  3   7   -0.8257139133D-18
  3   8   -0.1293663680D-15
  3   9   -0.3910529171D-16
  3  10   -0.1877792249D-01
  4   1   -0.6097612222D+00
  4   2    0.6924986222D-01
  4   3    0.2022481782D+00
  4   4   -0.8369444087D+01
  4   5   -0.1260708036D+00
  4   6   -0.1530174882D-16
  4   7   -0.1264630689D-15
  4   8    0.7333049960D-16
  4   9   -0.3425321943D-16
  4  10    0.1909732243D+00
  5   1   -0.3716942892D-01
  5   2   -0.3040611320D-01
  5   3   -0.2396888963D+00
  5   4   -0.1260708036D+00
  5   5   -0.6632931799D+01
  5   6   -0.2173608545D-15
  5   7    0.3648667423D-15
  5   8    0.9663745609D-15
  5   9    0.2420209479D-14
  5  10   -0.2779027350D-01
  6   1    0.1159463450D-14
  6   2    0.2188734639D-17
  6   3    0.1407739903D-16
  6   4   -0.1530174882D-16
  6   5   -0.2173608545D-15
  6   6   -0.7856535098D+01
  6   7    0.1332267630D-14
  6   8   -0.1650744277D+00
  6   9   -0.1300008574D+00
  6  10    0.3469105828D-15
  7   1   -0.5238247165D-15
  7   2   -0.1887652080D-17
  7   3   -0.8257139133D-18
  7   4   -0.1264630689D-15
  7   5    0.3648667423D-15
  7   6    0.1443289932D-14
  7   7   -0.7856535098D+01
  7   8   -0.1300008574D+00
  7   9    0.1650744277D+00
  7  10    0.2734598606D-15
  8   1   -0.3162022618D-14
  8   2   -0.2120779803D-16
  8   3   -0.1293663680D-15
  8   4    0.7333049960D-16
  8   5    0.9663745609D-15
  8   6   -0.1650744277D+00
  8   7   -0.1300008574D+00
  8   8   -0.6581858960D+01
  8   9    0.1207367539D-14
  8  10   -0.2849676755D-14
  9   1   -0.3424085556D-14
  9   2   -0.1007659375D-16
  9   3   -0.3910529171D-16
  9   4   -0.3425321943D-16
  9   5    0.2420209479D-14
  9   6   -0.1300008574D+00
  9   7    0.1650744277D+00
  9   8    0.9159339953D-15
  9   9   -0.6581858960D+01
  9  10    0.9020140300D-15
 10   1   -0.2933228172D-01
 10   2   -0.9896526303D-02
 10   3   -0.1877792249D-01
 10   4    0.1909732243D+00
 10   5   -0.2779027350D-01
 10   6    0.3469105828D-15
 10   7    0.2734598606D-15
 10   8   -0.2849676755D-14
 10   9    0.9020140300D-15
 10  10   -0.7940855348D+01
