  1   1   -0.3315619787D+02
  1   2   -0.3008308322D-03
  1   3    0.1631950842D+00
  1   4    0.5910883714D+00
  1   5   -0.5187685274D-01
  1   6   -0.9953876191D-15
  1   7   -0.1358799135D-14
  1   8   -0.4434895134D-14
  1   9    0.2492640407D-14
  1  10   -0.3058456708D-01
  2   1   -0.3008308322D-03
  2   2   -0.2596165714D+02
  2   3    0.4598857081D+00
  2   4   -0.1370525132D+00
  2   5   -0.3521380585D-01
  2   6    0.4942172154D-17
  2   7    0.8967058167D-17
  2   8    0.1086925133D-16
  2   9   -0.1604391404D-16
  2  10   -0.1478511888D-01
  3   1    0.1631950842D+00
  3   2    0.4598857081D+00
  3   3   -0.7183504587D+01
  3   4   -0.3862847287D+00
  3   5   -0.2450311977D+00
  3   6    0.1208806018D-15
  3   7    0.1756616570D-15
  3   8    0.6951438101D-15
  3   9   -0.6635670714D-15
  3  10   -0.5105439875D-01
  4   1    0.5910883714D+00
  4   2   -0.1370525132D+00
  4   3   -0.3862847287D+00
  4   4   -0.8379443873D+01
  4   5    0.1954587733D+00
  4   6    0.2969911436D-15
  4   7    0.4265275081D-15
  4   8    0.2566333204D-14
  4   9   -0.1668348013D-14
  4  10   -0.2168360712D+00
  5   1   -0.5187685274D-01
  5   2   -0.3521380585D-01
  5   3   -0.2450311977D+00
  5   4    0.1954587733D+00
  5   5   -0.6758309826D+01
  5   6   -0.4202611511D-15
  5   7   -0.1296744766D-14
  5   8   -0.5510263761D-14
  5   9    0.1107582582D-14
  5  10   -0.4425115405D-01
  6   1   -0.9953876191D-15
  6   2    0.4942172154D-17
  6   3    0.1208806018D-15
  6   4    0.2969911436D-15
  6   5   -0.4202611511D-15
  6   6   -0.7940534759D+01
  6   7   -0.4440892099D-15
  6   8    0.2932534069D-01
  6   9   -0.2334105955D+00
  6  10    0.1149029647D-14
  7   1   -0.1358799135D-14
  7   2    0.8967058167D-17
  7   3    0.1756616570D-15
  7   4    0.4265275081D-15
  7   5   -0.1296744766D-14
  7   6   -0.4440892099D-15
  7   7   -0.7940534759D+01
  7   8    0.2334105955D+00
  7   9    0.2932534069D-01
  7  10   -0.5873524000D-15
  8   1   -0.4434895134D-14
  8   2    0.1086925133D-16
  8   3    0.6951438101D-15
  8   4    0.2566333204D-14
  8   5   -0.5510263761D-14
  8   6    0.2932534069D-01
  8   7    0.2334105955D+00
  8   8   -0.6696099481D+01
  8   9   -0.8187894807D-15
  8  10   -0.3007039644D-14
  9   1    0.2492640407D-14
  9   2   -0.1604391404D-16
  9   3   -0.6635670714D-15
  9   4   -0.1668348013D-14
  9   5    0.1107582582D-14
  9   6   -0.2334105955D+00
  9   7    0.2932534069D-01
  9   8   -0.9159339953D-15
  9   9   -0.6696099481D+01
  9  10   -0.6632444115D-14
 10   1   -0.3058456708D-01
 10   2   -0.1478511888D-01
 10   3   -0.5105439875D-01
 10   4   -0.2168360712D+00
 10   5   -0.4425115405D-01
 10   6    0.1149029647D-14
 10   7   -0.5873524000D-15
 10   8   -0.3007039644D-14
 10   9   -0.6632444115D-14
 10  10   -0.8045329831D+01
