  1   1   -0.3312236568D+02
  1   2   -0.2614083294D-03
  1   3    0.1284767696D+00
  1   4   -0.6003360914D+00
  1   5   -0.4655541118D-01
  1   6   -0.2025090003D-15
  1   7    0.3686001743D-16
  1   8    0.1823592959D-14
  1   9   -0.1642615843D-14
  1  10   -0.3029722532D-01
  2   1   -0.2614083294D-03
  2   2   -0.2592302472D+02
  2   3    0.4672416255D+00
  2   4    0.1085582367D+00
  2   5   -0.3350226316D-01
  2   6   -0.3579498043D-17
  2   7    0.1672024097D-16
  2   8   -0.6019501064D-17
  2   9   -0.7975595948D-16
  2  10   -0.1296702596D-01
  3   1    0.1284767696D+00
  3   2    0.4672416255D+00
  3   3   -0.7101245882D+01
  3   4    0.3114647128D+00
  3   5   -0.2464521454D+00
  3   6    0.7871344614D-16
  3   7    0.2096163794D-15
  3   8   -0.6135442934D-15
  3   9   -0.6547264677D-15
  3  10   -0.3654630020D-01
  4   1   -0.6003360914D+00
  4   2    0.1085582367D+00
  4   3    0.3114647128D+00
  4   4   -0.8389075805D+01
  4   5   -0.1681677682D+00
  4   6   -0.3760232816D-15
  4   7   -0.6533783726D-15
  4   8    0.2254167541D-14
  4   9    0.2255639289D-14
  4  10    0.2083843356D+00
  5   1   -0.4655541118D-01
  5   2   -0.3350226316D-01
  5   3   -0.2464521454D+00
  5   4   -0.1681677682D+00
  5   5   -0.6714380250D+01
  5   6    0.6458836903D-15
  5   7   -0.7875578323D-16
  5   8   -0.1427863526D-14
  5   9    0.7863707929D-15
  5  10   -0.3788465274D-01
  6   1   -0.2025090003D-15
  6   2   -0.3579498043D-17
  6   3    0.7871344614D-16
  6   4   -0.3760232816D-15
  6   5    0.6458836903D-15
  6   6   -0.7911611806D+01
  6   7    0.1221245327D-14
  6   8   -0.2238871710D+00
  6   9    0.3265234593D-01
  6  10    0.2235383912D-15
  7   1    0.3686001743D-16
  7   2    0.1672024097D-16
  7   3    0.2096163794D-15
  7   4   -0.6533783726D-15
  7   5   -0.7875578323D-16
  7   6    0.1443289932D-14
  7   7   -0.7911611806D+01
  7   8   -0.3265234593D-01
  7   9   -0.2238871710D+00
  7  10    0.7864886059D-15
  8   1    0.1823592959D-14
  8   2   -0.6019501064D-17
  8   3   -0.6135442934D-15
  8   4    0.2254167541D-14
  8   5   -0.1427863526D-14
  8   6   -0.2238871710D+00
  8   7   -0.3265234593D-01
  8   8   -0.6656215259D+01
  8   9    0.1516148318D-14
  8  10   -0.1168486846D-14
  9   1   -0.1642615843D-14
  9   2   -0.7975595948D-16
  9   3   -0.6547264677D-15
  9   4    0.2255639289D-14
  9   5    0.7863707929D-15
  9   6    0.3265234593D-01
  9   7   -0.2238871710D+00
  9   8    0.1521352488D-14
  9   9   -0.6656215259D+01
  9  10   -0.4341036648D-14
 10   1   -0.3029722532D-01
 10   2   -0.1296702596D-01
 10   3   -0.3654630020D-01
 10   4    0.2083843356D+00
 10   5   -0.3788465274D-01
 10   6    0.2235383912D-15
 10   7    0.7864886059D-15
 10   8   -0.1168486846D-14
 10   9   -0.4341036648D-14
 10  10   -0.8008912660D+01
