  1   1   -0.3297311346D+02
  1   2   -0.1181157477D-03
  1   3   -0.4304837620D-01
  1   4    0.6149042753D+00
  1   5   -0.2596124927D-01
  1   6    0.6838917848D-15
  1   7   -0.1586102218D-14
  1   8    0.4307921911D-14
  1   9    0.2298403622D-14
  1  10   -0.2736172942D-01
  2   1   -0.1181157477D-03
  2   2   -0.2575257657D+02
  2   3   -0.4774830040D+00
  2   4   -0.3718278461D-01
  2   5   -0.2646275470D-01
  2   6    0.2065937190D-17
  2   7   -0.5457131641D-17
  2   8    0.1980725626D-16
  2   9    0.7813683822D-17
  2  10   -0.6474442024D-02
  3   1   -0.4304837620D-01
  3   2   -0.4774830040D+00
  3   3   -0.6863888017D+01
  3   4    0.1097498476D+00
  3   5    0.2204394546D+00
  3   6    0.9064609203D-18
  3   7    0.7894210805D-16
  3   8   -0.1861948528D-15
  3   9   -0.7655800032D-17
  3  10    0.7133392162D-02
  4   1    0.6149042753D+00
  4   2   -0.3718278461D-01
  4   3    0.1097498476D+00
  4   4   -0.8305323608D+01
  4   5    0.8364731339D-01
  4   6   -0.3635798304D-15
  4   7   -0.3416999377D-15
  4   8    0.4901284120D-15
  4   9    0.3841625246D-16
  4  10   -0.1676397261D+00
  5   1   -0.2596124927D-01
  5   2   -0.2646275470D-01
  5   3    0.2204394546D+00
  5   4    0.8364731339D-01
  5   5   -0.6524530092D+01
  5   6   -0.1517301944D-15
  5   7   -0.2681993019D-15
  5   8    0.1683590897D-15
  5   9   -0.1300820915D-15
  5  10   -0.1752499573D-01
  6   1    0.6838917848D-15
  6   2    0.2065937190D-17
  6   3    0.9064609203D-18
  6   4   -0.3635798304D-15
  6   5   -0.1517301944D-15
  6   6   -0.7780383427D+01
  6   7   -0.1554312234D-14
  6   8    0.6617809541D-01
  6   9   -0.1780553509D+00
  6  10    0.1175751300D-14
  7   1   -0.1586102218D-14
  7   2   -0.5457131641D-17
  7   3    0.7894210805D-16
  7   4   -0.3416999377D-15
  7   5   -0.2681993019D-15
  7   6   -0.1554312234D-14
  7   7   -0.7780383427D+01
  7   8   -0.1780553509D+00
  7   9   -0.6617809541D-01
  7  10   -0.1229421676D-14
  8   1    0.4307921911D-14
  8   2    0.1980725626D-16
  8   3   -0.1861948528D-15
  8   4    0.4901284120D-15
  8   5    0.1683590897D-15
  8   6    0.6617809541D-01
  8   7   -0.1780553509D+00
  8   8   -0.6482056361D+01
  8   9    0.5717648577D-14
  8  10   -0.5335110447D-15
  9   1    0.2298403622D-14
  9   2    0.7813683822D-17
  9   3   -0.7655800032D-17
  9   4    0.3841625246D-16
  9   5   -0.1300820915D-15
  9   6   -0.1780553509D+00
  9   7   -0.6617809541D-01
  9   8    0.5599687380D-14
  9   9   -0.6482056361D+01
  9  10   -0.1669726395D-14
 10   1   -0.2736172942D-01
 10   2   -0.6474442024D-02
 10   3    0.7133392162D-02
 10   4   -0.1676397261D+00
 10   5   -0.1752499573D-01
 10   6    0.1175751300D-14
 10   7   -0.1229421676D-14
 10   8   -0.5335110447D-15
 10   9   -0.1669726395D-14
 10  10   -0.7849432921D+01
