  1   1   -0.3289683504D+02
  1   2   -0.6767818688D-04
  1   3   -0.2419040190D-01
  1   4    0.6167859374D+00
  1   5   -0.1769918703D-01
  1   6   -0.1110231290D-15
  1   7   -0.6106905265D-15
  1   8   -0.1037969285D-14
  1   9   -0.6092555757D-14
  1  10   -0.2519723901D-01
  2   1   -0.6767818688D-04
  2   2   -0.2566545192D+02
  2   3   -0.4781424520D+00
  2   4   -0.2095716066D-01
  2   5   -0.2321336272D-01
  2   6   -0.3867047760D-19
  2   7   -0.1324624840D-16
  2   8   -0.6273711356D-17
  2   9   -0.6167060963D-16
  2  10   -0.4144173730D-02
  3   1   -0.2419040190D-01
  3   2   -0.4781424520D+00
  3   3   -0.6769704747D+01
  3   4    0.6234045495D-01
  3   5    0.1996975756D+00
  3   6    0.4232463048D-17
  3   7    0.1207709143D-15
  3   8    0.6351482226D-16
  3   9    0.5730857541D-15
  3  10    0.2899817424D-02
  4   1    0.6167859374D+00
  4   2   -0.2095716066D-01
  4   3    0.6234045495D-01
  4   4   -0.8235000007D+01
  4   5    0.5576990032D-01
  4   6    0.3236776658D-16
  4   7   -0.6750152681D-15
  4   8   -0.1327832277D-14
  4   9   -0.5145896837D-14
  4  10   -0.1484398513D+00
  5   1   -0.1769918703D-01
  5   2   -0.2321336272D-01
  5   3    0.1996975756D+00
  5   4    0.5576990032D-01
  5   5   -0.6429707830D+01
  5   6    0.1528149110D-15
  5   7    0.8262480772D-15
  5   8    0.5258056777D-15
  5   9    0.3987489561D-14
  5  10   -0.1115416111D-01
  6   1   -0.1110231290D-15
  6   2   -0.3867047760D-19
  6   3    0.4232463048D-17
  6   4    0.3236776658D-16
  6   5    0.1528149110D-15
  6   6   -0.7711221459D+01
  6   7   -0.6661338148D-15
  6   8   -0.1737077364D+00
  6   9    0.9873926335D-02
  6  10    0.5912731763D-15
  7   1   -0.6106905265D-15
  7   2   -0.1324624840D-16
  7   3    0.1207709143D-15
  7   4   -0.6750152681D-15
  7   5    0.8262480772D-15
  7   6   -0.6661338148D-15
  7   7   -0.7711221459D+01
  7   8    0.9873926335D-02
  7   9    0.1737077364D+00
  7  10   -0.5275990736D-15
  8   1   -0.1037969285D-14
  8   2   -0.6273711356D-17
  8   3    0.6351482226D-16
  8   4   -0.1327832277D-14
  8   5    0.5258056777D-15
  8   6   -0.1737077364D+00
  8   7    0.9873926335D-02
  8   8   -0.6394042696D+01
  8   9    0.8465450563D-15
  8  10   -0.2101434572D-14
  9   1   -0.6092555757D-14
  9   2   -0.6167060963D-16
  9   3    0.5730857541D-15
  9   4   -0.5145896837D-14
  9   5    0.3987489561D-14
  9   6    0.9873926335D-02
  9   7    0.1737077364D+00
  9   8    0.1089406343D-14
  9   9   -0.6394042696D+01
  9  10   -0.2971101214D-14
 10   1   -0.2519723901D-01
 10   2   -0.4144173730D-02
 10   3    0.2899817424D-02
 10   4   -0.1484398513D+00
 10   5   -0.1115416111D-01
 10   6    0.5912731763D-15
 10   7   -0.5275990736D-15
 10   8   -0.2101434572D-14
 10   9   -0.2971101214D-14
 10  10   -0.7768875365D+01
