  1   1   -0.3280741135D+02
  1   2   -0.2835971100D-04
  1   3    0.1188837787D-01
  1   4    0.6178533271D+00
  1   5   -0.1024884426D-01
  1   6    0.2503083936D-16
  1   7    0.5998587125D-15
  1   8   -0.4199316249D-14
  1   9   -0.2072203071D-14
  1  10   -0.2241279487D-01
  2   1   -0.2835971100D-04
  2   2   -0.2556330032D+02
  2   3    0.4781772358D+00
  2   4   -0.1022237475D-01
  2   5   -0.1973113240D-01
  2   6   -0.2704094023D-17
  2   7   -0.6451074638D-17
  2   8    0.1977788979D-16
  2   9    0.2288725904D-16
  2  10   -0.2212758556D-02
  3   1    0.1188837787D-01
  3   2    0.4781772358D+00
  3   3   -0.6664331303D+01
  3   4   -0.3085186993D-01
  3   5   -0.1746070025D+00
  3   6   -0.2192569391D-16
  3   7   -0.2656487158D-16
  3   8    0.1272383584D-15
  3   9    0.2009433966D-15
  3  10   -0.1109522225D-02
  4   1    0.6178533271D+00
  4   2   -0.1022237475D-01
  4   3   -0.3085186993D-01
  4   4   -0.8147352268D+01
  4   5    0.3195699839D-01
  4   6   -0.1666488030D-15
  4   7    0.3870514901D-16
  4   8    0.7076195548D-15
  4   9    0.1054762106D-14
  4  10   -0.1279119227D+00
  5   1   -0.1024884426D-01
  5   2   -0.1973113240D-01
  5   3   -0.1746070025D+00
  5   4    0.3195699839D-01
  5   5   -0.6320043460D+01
  5   6   -0.6420516756D-17
  5   7    0.1090314636D-15
  5   8   -0.1039849189D-14
  5   9   -0.1245635381D-15
  5  10   -0.6256010158D-02
  6   1    0.2503083936D-16
  6   2   -0.2704094023D-17
  6   3   -0.2192569391D-16
  6   4   -0.1666488030D-15
  6   5   -0.6420516756D-17
  6   6   -0.7628500995D+01
  6   7   -0.4440892099D-15
  6   8    0.7450861324D-01
  6   9   -0.1395341654D+00
  6  10   -0.6143682290D-16
  7   1    0.5998587125D-15
  7   2   -0.6451074638D-17
  7   3   -0.2656487158D-16
  7   4    0.3870514901D-16
  7   5    0.1090314636D-15
  7   6   -0.1369196672D-32
  7   7   -0.7628500995D+01
  7   8   -0.1395341654D+00
  7   9   -0.7450861324D-01
  7  10   -0.1670859657D-15
  8   1   -0.4199316249D-14
  8   2    0.1977788979D-16
  8   3    0.1272383584D-15
  8   4    0.7076195548D-15
  8   5   -0.1039849189D-14
  8   6    0.7450861324D-01
  8   7   -0.1395341654D+00
  8   8   -0.6291615482D+01
  8   9   -0.7154866977D-14
  8  10    0.1331758673D-14
  9   1   -0.2072203071D-14
  9   2    0.2288725904D-16
  9   3    0.2009433966D-15
  9   4    0.1054762106D-14
  9   5   -0.1245635381D-15
  9   6   -0.1395341654D+00
  9   7   -0.7450861324D-01
  9   8   -0.7224255916D-14
  9   9   -0.6291615482D+01
  9  10    0.2436617089D-14
 10   1   -0.2241279487D-01
 10   2   -0.2212758556D-02
 10   3   -0.1109522225D-02
 10   4   -0.1279119227D+00
 10   5   -0.6256010158D-02
 10   6   -0.6143682290D-16
 10   7   -0.1670859657D-15
 10   8    0.1331758673D-14
 10   9    0.2436617089D-14
 10  10   -0.7675215793D+01
