  1   1   -0.3282859003D+02
  1   2   -0.3586954974D-04
  1   3    0.1412999010D-01
  1   4    0.6176631104D+00
  1   5   -0.1179252803D-01
  1   6   -0.2844438754D-15
  1   7   -0.2783287745D-15
  1   8   -0.7588417544D-15
  1   9    0.4003551386D-14
  1  10   -0.2308498331D-01
  2   1   -0.3586954974D-04
  2   2   -0.2558749463D+02
  2   3    0.4781986947D+00
  2   4   -0.1218638150D-01
  2   5   -0.2052329541D-01
  2   6   -0.3829787111D-17
  2   7   -0.6872818551D-19
  2   8   -0.1230619344D-16
  2   9    0.1730960826D-16
  2  10   -0.2597489496D-02
  3   1    0.1412999010D-01
  3   2    0.4781986947D+00
  3   3   -0.6689041162D+01
  3   4   -0.3662496622D-01
  3   5   -0.1805204024D+00
  3   6   -0.3674454640D-16
  3   7    0.7486401809D-18
  3   8   -0.9420249049D-16
  3   9    0.1883090416D-15
  3  10   -0.1361268830D-02
  4   1    0.6176631104D+00
  4   2   -0.1218638150D-01
  4   3   -0.3662496622D-01
  4   4   -0.8168362018D+01
  4   5    0.3682525395D-01
  4   6   -0.4054569628D-15
  4   7    0.1175690669D-15
  4   8   -0.9128872019D-16
  4   9    0.3385925855D-14
  4  10   -0.1325928526D+00
  5   1   -0.1179252803D-01
  5   2   -0.2052329541D-01
  5   3   -0.1805204024D+00
  5   4    0.3682525395D-01
  5   5   -0.6345889181D+01
  5   6    0.1441093338D-15
  5   7    0.7841923552D-16
  5   8    0.2411993825D-15
  5   9    0.9577002075D-15
  5  10   -0.7207727955D-02
  6   1   -0.2844438754D-15
  6   2   -0.3829787111D-17
  6   3   -0.3674454640D-16
  6   4   -0.4054569628D-15
  6   5    0.1441093338D-15
  6   6   -0.7648244119D+01
  6   7   -0.1878230955D-31
  6   8    0.7877817841D-01
  6   9   -0.1411084298D+00
  6  10   -0.2207275001D-15
  7   1   -0.2783287745D-15
  7   2   -0.6872818551D-19
  7   3    0.7486401809D-18
  7   4    0.1175690669D-15
  7   5    0.7841923552D-16
  7   6   -0.2056015400D-31
  7   7   -0.7648244119D+01
  7   8    0.1411084298D+00
  7   9    0.7877817841D-01
  7  10   -0.3700330922D-15
  8   1   -0.7588417544D-15
  8   2   -0.1230619344D-16
  8   3   -0.9420249049D-16
  8   4   -0.9128872019D-16
  8   5    0.2411993825D-15
  8   6    0.7877817841D-01
  8   7    0.1411084298D+00
  8   8   -0.6315805260D+01
  8   9   -0.2862293735D-15
  8  10   -0.1684704593D-14
  9   1    0.4003551386D-14
  9   2    0.1730960826D-16
  9   3    0.1883090416D-15
  9   4    0.3385925855D-14
  9   5    0.9577002075D-15
  9   6   -0.1411084298D+00
  9   7    0.7877817841D-01
  9   8   -0.2723515857D-15
  9   9   -0.6315805260D+01
  9  10    0.1478882175D-14
 10   1   -0.2308498331D-01
 10   2   -0.2597489496D-02
 10   3   -0.1361268830D-02
 10   4   -0.1325928526D+00
 10   5   -0.7207727955D-02
 10   6   -0.2207275001D-15
 10   7   -0.3700330922D-15
 10   8   -0.1684704593D-14
 10   9    0.1478882175D-14
 10  10   -0.7697328573D+01
