  1   1   -0.3287325904D+02
  1   2   -0.5531846691D-04
  1   3   -0.2014852623D-01
  1   4    0.6171455210D+00
  1   5   -0.1549735065D-01
  1   6    0.8506832101D-16
  1   7   -0.6063627388D-16
  1   8   -0.1209886774D-14
  1   9   -0.1866212555D-14
  1  10   -0.2448021164D-01
  2   1   -0.5531846691D-04
  2   2   -0.2563852160D+02
  2   3   -0.4781928692D+00
  2   4   -0.1744307431D-01
  2   5   -0.2226044823D-01
  2   6    0.4224445317D-17
  2   7   -0.2179760377D-17
  2   8   -0.5277880598D-17
  2   9    0.5321334883D-17
  2  10   -0.3554762743D-02
  3   1   -0.2014852623D-01
  3   2   -0.4781928692D+00
  3   3   -0.6741604736D+01
  3   4    0.5204586631D-01
  3   5    0.1930774949D+00
  3   6   -0.2708457829D-16
  3   7    0.2832335422D-16
  3   8    0.6505277726D-16
  3   9   -0.9525462570D-16
  3  10    0.2207141712D-02
  4   1    0.6171455210D+00
  4   2   -0.1744307431D-01
  4   3    0.5204586631D-01
  4   4   -0.8212220587D+01
  4   5    0.4863784803D-01
  4   6   -0.5367250048D-15
  4   7   -0.1246554030D-15
  4   8   -0.1906675938D-14
  4   9   -0.1377368156D-14
  4  10   -0.1428286080D+00
  5   1   -0.1549735065D-01
  5   2   -0.2226044823D-01
  5   3    0.1930774949D+00
  5   4    0.4863784803D-01
  5   5   -0.6400653075D+01
  5   6   -0.1165492336D-14
  5   7    0.3296954801D-15
  5   8    0.5149709890D-15
  5   9   -0.2295363065D-14
  5  10   -0.9624824201D-02
  6   1    0.8506832101D-16
  6   2    0.4224445317D-17
  6   3   -0.2708457829D-16
  6   4   -0.5367250048D-15
  6   5   -0.1165492336D-14
  6   6   -0.7689578818D+01
  6   7   -0.8881784197D-15
  6   8    0.1097147756D+00
  6   9    0.1291900595D+00
  6  10   -0.3205394838D-15
  7   1   -0.6063627388D-16
  7   2   -0.2179760377D-17
  7   3    0.2832335422D-16
  7   4   -0.1246554030D-15
  7   5    0.3296954801D-15
  7   6   -0.8881784197D-15
  7   7   -0.7689578818D+01
  7   8    0.1291900595D+00
  7   9   -0.1097147756D+00
  7  10   -0.6948522070D-16
  8   1   -0.1209886774D-14
  8   2   -0.5277880598D-17
  8   3    0.6505277726D-16
  8   4   -0.1906675938D-14
  8   5    0.5149709890D-15
  8   6    0.1097147756D+00
  8   7    0.1291900595D+00
  8   8   -0.6366962902D+01
  8   9   -0.7799316748D-14
  8  10   -0.2047312667D-14
  9   1   -0.1866212555D-14
  9   2    0.5321334883D-17
  9   3   -0.9525462570D-16
  9   4   -0.1377368156D-14
  9   5   -0.2295363065D-14
  9   6    0.1291900595D+00
  9   7   -0.1097147756D+00
  9   8   -0.7556455461D-14
  9   9   -0.6366962902D+01
  9  10   -0.1672431184D-14
 10   1   -0.2448021164D-01
 10   2   -0.3554762743D-02
 10   3    0.2207141712D-02
 10   4   -0.1428286080D+00
 10   5   -0.9624824201D-02
 10   6   -0.3205394838D-15
 10   7   -0.6948522070D-16
 10   8   -0.2047312667D-14
 10   9   -0.1672431184D-14
 10  10   -0.7744105760D+01
