  1   1   -0.3292130119D+02
  1   2   -0.8210028122D-04
  1   3   -0.2916653016D-01
  1   4   -0.6163247651D+00
  1   5   -0.2016242170D-01
  1   6    0.4595394787D-15
  1   7   -0.1672806034D-15
  1   8   -0.5221564072D-14
  1   9    0.8331432196D-15
  1  10   -0.2592118991D-01
  2   1   -0.8210028122D-04
  2   2   -0.2569339804D+02
  2   3   -0.4780337713D+00
  2   4    0.2526503029D-01
  2   5   -0.2422823584D-01
  2   6   -0.6628284285D-17
  2   7   -0.3226717534D-17
  2   8    0.3324838395D-16
  2   9    0.2038135795D-16
  2  10   -0.4820074497D-02
  3   1   -0.2916653016D-01
  3   2   -0.4780337713D+00
  3   3   -0.6799252923D+01
  3   4   -0.7494893070D-01
  3   5    0.2065076094D+00
  3   6    0.5206743354D-16
  3   7    0.1950161265D-16
  3   8   -0.2409476966D-15
  3   9   -0.7794244281D-16
  3  10    0.3870761306D-02
  4   1   -0.6163247651D+00
  4   2    0.2526503029D-01
  4   3   -0.7494893070D-01
  4   4   -0.8258238264D+01
  4   5   -0.6387507190D-01
  4   6    0.1856776084D-15
  4   7   -0.1138425316D-15
  4   8   -0.1302737203D-14
  4   9    0.9622496513D-15
  4  10    0.1544224582D+00
  5   1   -0.2016242170D-01
  5   2   -0.2422823584D-01
  5   3    0.2065076094D+00
  5   4   -0.6387507190D-01
  5   5   -0.6459980060D+01
  5   6    0.2330255226D-15
  5   7    0.6886410724D-16
  5   8   -0.1111396900D-14
  5   9   -0.2739148443D-15
  5  10   -0.1294870424D-01
  6   1    0.4595394787D-15
  6   2   -0.6628284285D-17
  6   3    0.5206743354D-16
  6   4    0.1856776084D-15
  6   5    0.2330255226D-15
  6   6   -0.7733550426D+01
  6   7   -0.1332267630D-14
  6   8   -0.1763083672D+00
  6   9   -0.3024241210D-01
  6  10   -0.2461398050D-15
  7   1   -0.1672806034D-15
  7   2   -0.3226717534D-17
  7   3    0.1950161265D-16
  7   4   -0.1138425316D-15
  7   5    0.6886410724D-16
  7   6   -0.1332267630D-14
  7   7   -0.7733550426D+01
  7   8    0.3024241210D-01
  7   9   -0.1763083672D+00
  7  10    0.5907898722D-15
  8   1   -0.5221564072D-14
  8   2    0.3324838395D-16
  8   3   -0.2409476966D-15
  8   4   -0.1302737203D-14
  8   5   -0.1111396900D-14
  8   6   -0.1763083672D+00
  8   7    0.3024241210D-01
  8   8   -0.6422205269D+01
  8   9    0.1066854938D-15
  8  10    0.2459303029D-14
  9   1    0.8331432196D-15
  9   2    0.2038135795D-16
  9   3   -0.7794244281D-16
  9   4    0.9622496513D-15
  9   5   -0.2739148443D-15
  9   6   -0.3024241210D-01
  9   7   -0.1763083672D+00
  9   8    0.1257674520D-15
  9   9   -0.6422205269D+01
  9  10   -0.3727532090D-14
 10   1   -0.2592118991D-01
 10   2   -0.4820074497D-02
 10   3    0.3870761306D-02
 10   4    0.1544224582D+00
 10   5   -0.1294870424D-01
 10   6   -0.2461398050D-15
 10   7    0.5907898722D-15
 10   8    0.2459303029D-14
 10   9   -0.3727532090D-14
 10  10   -0.7794643042D+01
