  1   1   -0.3285052549D+02
  1   2   -0.4478838564D-04
  1   3   -0.1684491640D-01
  1   4    0.6174315735D+00
  1   5   -0.1353539737D-01
  1   6    0.5953675578D-16
  1   7   -0.6365588567D-15
  1   8   -0.1363136138D-14
  1   9    0.4997998374D-14
  1  10   -0.2377495242D-01
  2   1   -0.4478838564D-04
  2   2   -0.2561255270D+02
  2   3   -0.4782069332D+00
  2   4   -0.1456098842D-01
  2   5   -0.2136512450D-01
  2   6   -0.3641044410D-17
  2   7   -0.3853742758D-17
  2   8   -0.7386283015D-17
  2   9    0.3018509132D-16
  2  10   -0.3042149498D-02
  3   1   -0.1684491640D-01
  3   2   -0.4782069332D+00
  3   3   -0.6714763397D+01
  3   4    0.4359518123D-01
  3   5    0.1866794943D+00
  3   6   -0.6466136745D-18
  3   7    0.4483581340D-16
  3   8    0.8391630385D-16
  3   9   -0.2625900728D-15
  3  10    0.1713369913D-02
  4   1    0.6174315735D+00
  4   2   -0.1456098842D-01
  4   3    0.4359518123D-01
  4   4   -0.8189991843D+01
  4   5    0.4235679745D-01
  4   6   -0.3082028878D-16
  4   7   -0.3470961839D-15
  4   8   -0.1066487588D-15
  4   9    0.2398088987D-14
  4  10   -0.1375561822D+00
  5   1   -0.1353539737D-01
  5   2   -0.2136512450D-01
  5   3    0.1866794943D+00
  5   4    0.4235679745D-01
  5   5   -0.6372737342D+01
  5   6   -0.1008171856D-15
  5   7   -0.1849828825D-15
  5   8    0.1769916725D-14
  5   9    0.1231752486D-14
  5  10   -0.8320815516D-02
  6   1    0.5953675578D-16
  6   2   -0.3641044410D-17
  6   3   -0.6466136745D-18
  6   4   -0.3082028878D-16
  6   5   -0.1008171856D-15
  6   6   -0.7668595083D+01
  6   7    0.8881784197D-15
  6   8   -0.1471966086D+00
  6   9   -0.7537375068D-01
  6  10    0.1188693801D-15
  7   1   -0.6365588567D-15
  7   2   -0.3853742758D-17
  7   3    0.4483581340D-16
  7   4   -0.3470961839D-15
  7   5   -0.1849828825D-15
  7   6    0.8881784197D-15
  7   7   -0.7668595083D+01
  7   8    0.7537375068D-01
  7   9   -0.1471966086D+00
  7  10   -0.3246587357D-15
  8   1   -0.1363136138D-14
  8   2   -0.7386283015D-17
  8   3    0.8391630385D-16
  8   4   -0.1066487588D-15
  8   5    0.1769916725D-14
  8   6   -0.1471966086D+00
  8   7    0.7537375068D-01
  8   8   -0.6340903123D+01
  8   9   -0.1774622116D-14
  8  10   -0.5363202595D-15
  9   1    0.4997998374D-14
  9   2    0.3018509132D-16
  9   3   -0.2625900728D-15
  9   4    0.2398088987D-14
  9   5    0.1231752486D-14
  9   6   -0.7537375068D-01
  9   7   -0.1471966086D+00
  9   8   -0.1844011055D-14
  9   9   -0.6340903123D+01
  9  10    0.3346448299D-14
 10   1   -0.2377495242D-01
 10   2   -0.3042149498D-02
 10   3    0.1713369913D-02
 10   4   -0.1375561822D+00
 10   5   -0.8320815516D-02
 10   6    0.1188693801D-15
 10   7   -0.3246587357D-15
 10   8   -0.5363202595D-15
 10   9    0.3346448299D-14
 10  10   -0.7720275060D+01
