  1   1   -0.3300057479D+02
  1   2   -0.1402140984D-03
  1   3   -0.5277258624D-01
  1   4   -0.6137736906D+00
  1   5   -0.2934109967D-01
  1   6    0.8907990583D-15
  1   7    0.1289346369D-16
  1   8   -0.7040105498D-14
  1   9   -0.2020905868D-14
  1  10   -0.2805852788D-01
  2   1   -0.1402140984D-03
  2   2   -0.2578394036D+02
  2   3   -0.4768963880D+00
  2   4    0.4545542254D-01
  2   5   -0.2769263903D-01
  2   6    0.2438952044D-16
  2   7    0.3757970475D-17
  2   8    0.3468136261D-16
  2   9   -0.8107148358D-17
  2  10   -0.7476619823D-02
  3   1   -0.5277258624D-01
  3   2   -0.4768963880D+00
  3   3   -0.6899963068D+01
  3   4   -0.1338056845D+00
  3   5    0.2273220732D+00
  3   6   -0.3907689050D-16
  3   7   -0.2419961041D-16
  3   8   -0.2084354084D-15
  3   9   -0.1019209709D-15
  3  10    0.9797551227D-02
  4   1   -0.6137736906D+00
  4   2    0.4545542254D-01
  4   3   -0.1338056845D+00
  4   4   -0.8328416528D+01
  4   5   -0.9575262130D-01
  4   6   -0.9419590441D-16
  4   7   -0.2873541928D-15
  4   8   -0.1808185803D-14
  4   9   -0.1715639165D-14
  4  10    0.1749383735D+00
  5   1   -0.2934109967D-01
  5   2   -0.2769263903D-01
  5   3    0.2273220732D+00
  5   4   -0.9575262130D-01
  5   5   -0.6559006376D+01
  5   6    0.3573471375D-16
  5   7   -0.1234884121D-15
  5   8   -0.1424811027D-14
  5   9    0.7222331208D-15
  5  10   -0.2042159245D-01
  6   1    0.8907990583D-15
  6   2    0.2438952044D-16
  6   3   -0.3907689050D-16
  6   4   -0.9419590441D-16
  6   5    0.3573471375D-16
  6   6   -0.7804948478D+01
  6   7   -0.1985375223D-31
  6   8    0.1796186631D+00
  6   9   -0.7888609534D-01
  6  10   -0.8178784876D-16
  7   1    0.1289346369D-16
  7   2    0.3757970475D-17
  7   3   -0.2419961041D-16
  7   4   -0.2873541928D-15
  7   5   -0.1234884121D-15
  7   6   -0.2134595762D-31
  7   7   -0.7804948478D+01
  7   8    0.7888609534D-01
  7   9    0.1796186631D+00
  7  10   -0.5764095253D-16
  8   1   -0.7040105498D-14
  8   2    0.3468136261D-16
  8   3   -0.2084354084D-15
  8   4   -0.1808185803D-14
  8   5   -0.1424811027D-14
  8   6    0.1796186631D+00
  8   7    0.7888609534D-01
  8   8   -0.6513898997D+01
  8   9   -0.4891920202D-15
  8  10    0.1978938308D-14
  9   1   -0.2020905868D-14
  9   2   -0.8107148358D-17
  9   3   -0.1019209709D-15
  9   4   -0.1715639165D-14
  9   5    0.7222331208D-15
  9   6   -0.7888609534D-01
  9   7    0.1796186631D+00
  9   8   -0.3434752482D-15
  9   9   -0.6513898997D+01
  9  10   -0.1121201650D-14
 10   1   -0.2805852788D-01
 10   2   -0.7476619823D-02
 10   3    0.9797551227D-02
 10   4    0.1749383735D+00
 10   5   -0.2042159245D-01
 10   6   -0.8178784876D-16
 10   7   -0.5764095253D-16
 10   8    0.1978938308D-14
 10   9   -0.1121201650D-14
 10  10   -0.7878597372D+01
