  1   1   -0.3294670887D+02
  1   2   -0.9882894763D-04
  1   3    0.3533657509D-01
  1   4    0.6157195404D+00
  1   5   -0.2290904653D-01
  1   6   -0.9494074647D-15
  1   7   -0.2383700568D-14
  1   8    0.4898550109D-15
  1   9   -0.2582154890D-14
  1  10    0.2664555281D-01
  2   1   -0.9882894763D-04
  2   2   -0.2572241854D+02
  2   3    0.4778323233D+00
  2   4   -0.3057932351D-01
  2   5   -0.2530971600D-01
  2   6   -0.7544283737D-17
  2   7   -0.1607696953D-16
  2   8    0.7743151032D-17
  2   9   -0.1947044422D-16
  2  10    0.5593022010D-02
  3   1    0.3533657509D-01
  3   2    0.4778323233D+00
  3   3   -0.6830516664D+01
  3   4   -0.9048400393D-01
  3   5   -0.2134520839D+00
  3   6   -0.3404602911D-16
  3   7   -0.5131189427D-16
  3   8    0.2271013982D-16
  3   9   -0.1078131909D-15
  3  10    0.5230424465D-02
  4   1    0.6157195404D+00
  4   2   -0.3057932351D-01
  4   3   -0.9048400393D-01
  4   4   -0.8281772633D+01
  4   5    0.7310397852D-01
  4   6   -0.2870299823D-15
  4   7   -0.2421195759D-15
  4   8    0.4335556772D-15
  4   9   -0.1686441722D-15
  4  10    0.1608109557D+00
  5   1   -0.2290904653D-01
  5   2   -0.2530971600D-01
  5   3   -0.2134520839D+00
  5   4    0.7310397852D-01
  5   5   -0.6491555938D+01
  5   6   -0.9739623847D-16
  5   7    0.1458169031D-15
  5   8   -0.3858678873D-15
  5   9   -0.2747467610D-14
  5  10    0.1505456118D-01
  6   1   -0.9494074647D-15
  6   2   -0.7544283737D-17
  6   3   -0.3404602911D-16
  6   4   -0.2870299823D-15
  6   5   -0.9739623847D-16
  6   6   -0.7756594429D+01
  6   7   -0.1332267630D-14
  6   8    0.1154174071D+00
  6   9    0.1435546939D+00
  6  10   -0.3160970895D-16
  7   1   -0.2383700568D-14
  7   2   -0.1607696953D-16
  7   3   -0.5131189427D-16
  7   4   -0.2421195759D-15
  7   5    0.1458169031D-15
  7   6   -0.2220446049D-14
  7   7   -0.7756594429D+01
  7   8   -0.1435546939D+00
  7   9    0.1154174071D+00
  7  10   -0.2538097507D-15
  8   1    0.4898550109D-15
  8   2    0.7743151032D-17
  8   3    0.2271013982D-16
  8   4    0.4335556772D-15
  8   5   -0.3858678873D-15
  8   6    0.1154174071D+00
  8   7   -0.1435546939D+00
  8   8   -0.6451518571D+01
  8   9    0.2206568261D-14
  8  10    0.1103482664D-14
  9   1   -0.2582154890D-14
  9   2   -0.1947044422D-16
  9   3   -0.1078131909D-15
  9   4   -0.1686441722D-15
  9   5   -0.2747467610D-14
  9   6    0.1435546939D+00
  9   7    0.1154174071D+00
  9   8    0.2050443149D-14
  9   9   -0.6451518571D+01
  9  10    0.1091574039D-14
 10   1    0.2664555281D-01
 10   2    0.5593022010D-02
 10   3    0.5230424465D-02
 10   4    0.1608109557D+00
 10   5    0.1505456118D-01
 10   6   -0.3160970895D-16
 10   7   -0.2538097507D-15
 10   8    0.1103482664D-14
 10   9    0.1091574039D-14
 10  10   -0.7821472657D+01
