  1   1   -0.3278695095D+02
  1   2   -0.2207395283D-04
  1   3    0.1003004850D-01
  1   4   -0.6180116442D+00
  1   5   -0.8885515231D-02
  1   6   -0.3015489902D-15
  1   7   -0.2351841048D-15
  1   8    0.1101992772D-14
  1   9    0.1870328018D-14
  1  10    0.2176002687D-01
  2   1   -0.2207395283D-04
  2   2   -0.2553992586D+02
  2   3    0.4781484169D+00
  2   4    0.8592713609D-02
  2   5   -0.1898504525D-01
  2   6    0.4457987901D-18
  2   7   -0.2041199724D-17
  2   8   -0.5674008984D-17
  2   9   -0.1621424669D-16
  2  10    0.1880710110D-02
  3   1    0.1003004850D-01
  3   2    0.4781484169D+00
  3   3   -0.6640549254D+01
  3   4    0.2605279868D-01
  3   5   -0.1689395210D+00
  3   6    0.6456396275D-17
  3   7   -0.1380840699D-16
  3   8   -0.5736267093D-16
  3   9   -0.1225128425D-15
  3  10    0.9283116828D-03
  4   1   -0.6180116442D+00
  4   2    0.8592713609D-02
  4   3    0.2605279868D-01
  4   4   -0.8126966824D+01
  4   5   -0.2767749737D-01
  4   6   -0.2292382496D-16
  4   7    0.7471343915D-16
  4   8    0.4831740638D-15
  4   9    0.1444168494D-14
  4  10   -0.1234896202D+00
  5   1   -0.8885515231D-02
  5   2   -0.1898504525D-01
  5   3   -0.1689395210D+00
  5   4   -0.2767749737D-01
  5   5   -0.6295140749D+01
  5   6   -0.3401765691D-15
  5   7   -0.2321120844D-15
  5   8   -0.1738139833D-14
  5   9   -0.2144935663D-14
  5  10    0.5440343251D-02
  6   1   -0.3015489902D-15
  6   2    0.4457987901D-18
  6   3    0.6456396275D-17
  6   4   -0.2292382496D-16
  6   5   -0.3401765691D-15
  6   6   -0.7609342127D+01
  6   7    0.1332267630D-14
  6   8   -0.1264239848D+00
  6   9    0.8979172028D-01
  6  10   -0.8349135987D-16
  7   1   -0.2351841048D-15
  7   2   -0.2041199724D-17
  7   3   -0.1380840699D-16
  7   4    0.7471343915D-16
  7   5   -0.2321120844D-15
  7   6    0.1776356839D-14
  7   7   -0.7609342127D+01
  7   8    0.8979172028D-01
  7   9    0.1264239848D+00
  7  10   -0.1679504470D-15
  8   1    0.1101992772D-14
  8   2   -0.5674008984D-17
  8   3   -0.5736267093D-16
  8   4    0.4831740638D-15
  8   5   -0.1738139833D-14
  8   6   -0.1264239848D+00
  8   7    0.8979172028D-01
  8   8   -0.6268283651D+01
  8   9    0.2633310237D-14
  8  10    0.2022617997D-14
  9   1    0.1870328018D-14
  9   2   -0.1621424669D-16
  9   3   -0.1225128425D-15
  9   4    0.1444168494D-14
  9   5   -0.2144935663D-14
  9   6    0.8979172028D-01
  9   7    0.1264239848D+00
  9   8    0.2576064362D-14
  9   9   -0.6268283651D+01
  9  10    0.2750880340D-14
 10   1    0.2176002687D-01
 10   2    0.1880710110D-02
 10   3    0.9283116828D-03
 10   4   -0.1234896202D+00
 10   5    0.5440343251D-02
 10   6   -0.8349135987D-16
 10   7   -0.1679504470D-15
 10   8    0.2022617997D-14
 10   9    0.2750880340D-14
 10  10   -0.7653890095D+01
