  1   1   -0.3264526393D+02
  1   2    0.8120958662D-06
  1   3    0.2830939275D-02
  1   4   -0.6186812337D+00
  1   5   -0.2600649358D-02
  1   6   -0.7442521909D-16
  1   7    0.8336526043D-16
  1   8   -0.5915707365D-15
  1   9    0.5164126120D-14
  1  10   -0.1728310658D-01
  2   1    0.8120958662D-06
  2   2   -0.2537804195D+02
  2   3    0.4779099764D+00
  2   4    0.2306001503D-02
  2   5   -0.1432269332D-01
  2   6    0.5427178451D-17
  2   7    0.8188792961D-19
  2   8    0.4575744760D-16
  2   9   -0.1337833490D-16
  2  10   -0.4714941997D-03
  3   1    0.2830939275D-02
  3   2    0.4779099764D+00
  3   3   -0.6477147117D+01
  3   4    0.7322131347D-02
  3   5   -0.1316048906D+00
  3   6    0.5088096516D-16
  3   7    0.1183162991D-17
  3   8    0.4197918235D-15
  3   9   -0.1227696290D-15
  3  10   -0.3996329177D-03
  4   1   -0.6186812337D+00
  4   2    0.2306001503D-02
  4   3    0.7322131347D-02
  4   4   -0.7984718303D+01
  4   5   -0.8108325975D-02
  4   6    0.1103392025D-15
  4   7   -0.2391920513D-15
  4   8   -0.6982520571D-16
  4   9   -0.2668734428D-14
  4  10    0.9531779717D-01
  5   1   -0.2600649358D-02
  5   2   -0.1432269332D-01
  5   3   -0.1316048906D+00
  5   4   -0.8108325975D-02
  5   5   -0.6124189983D+01
  5   6    0.2833694595D-15
  5   7    0.3076599112D-15
  5   8    0.7688383500D-15
  5   9    0.1577433908D-14
  5  10   -0.1838045988D-02
  6   1   -0.7442521909D-16
  6   2    0.5427178451D-17
  6   3    0.5088096516D-16
  6   4    0.1103392025D-15
  6   5    0.2833694595D-15
  6   6   -0.7474612514D+01
  6   7    0.3219646771D-14
  6   8    0.1324158560D+00
  6   9   -0.4198605745D-01
  6  10    0.1540187894D-15
  7   1    0.8336526043D-16
  7   2    0.8188792961D-19
  7   3    0.1183162991D-17
  7   4   -0.2391920513D-15
  7   5    0.3076599112D-15
  7   6    0.3330669074D-14
  7   7   -0.7474612514D+01
  7   8    0.4198605745D-01
  7   9    0.1324158560D+00
  7  10    0.3217527619D-15
  8   1   -0.5915707365D-15
  8   2    0.4575744760D-16
  8   3    0.4197918235D-15
  8   4   -0.6982520571D-16
  8   5    0.7688383500D-15
  8   6    0.1324158560D+00
  8   7    0.4198605745D-01
  8   8   -0.6107543348D+01
  8   9    0.2289834988D-15
  8  10    0.4082219774D-14
  9   1    0.5164126120D-14
  9   2   -0.1337833490D-16
  9   3   -0.1227696290D-15
  9   4   -0.2668734428D-14
  9   5    0.1577433908D-14
  9   6   -0.4198605745D-01
  9   7    0.1324158560D+00
  9   8   -0.2775557562D-16
  9   9   -0.6107543348D+01
  9  10    0.1657426496D-14
 10   1   -0.1728310658D-01
 10   2   -0.4714941997D-03
 10   3   -0.3996329177D-03
 10   4    0.9531779717D-01
 10   5   -0.1838045988D-02
 10   6    0.1540187894D-15
 10   7    0.3217527619D-15
 10   8    0.4082219774D-14
 10   9    0.1657426496D-14
 10  10   -0.7507065812D+01
