  1   1   -0.3276717290D+02
  1   2   -0.1684475661D-04
  1   3    0.8484229273D-02
  1   4   -0.6181448731D+00
  1   5   -0.7684839782D-02
  1   6   -0.2773489930D-15
  1   7   -0.1266321261D-15
  1   8   -0.5294933169D-15
  1   9    0.3404403894D-15
  1  10    0.2112771462D-01
  2   1   -0.1684475661D-04
  2   2   -0.2551733029D+02
  2   3    0.4781160388D+00
  2   4    0.7236935710D-02
  2   5   -0.1828170659D-01
  2   6   -0.4572884298D-17
  2   7   -0.4332852117D-17
  2   8   -0.1379417404D-16
  2   9   -0.4525974677D-16
  2  10    0.1594837867D-02
  3   1    0.8484229273D-02
  3   2    0.4781160388D+00
  3   3   -0.6617625899D+01
  3   4    0.2205106701D-01
  3   5   -0.1635139039D+00
  3   6   -0.3902791414D-16
  3   7   -0.5044934071D-16
  3   8   -0.1549309063D-15
  3   9   -0.4147850309D-15
  3  10    0.7962384563D-03
  4   1   -0.6181448731D+00
  4   2    0.7236935710D-02
  4   3    0.2205106701D-01
  4   4   -0.8107199332D+01
  4   5   -0.2392137134D-01
  4   6    0.3038663530D-15
  4   7    0.9603291921D-15
  4   8    0.2347078637D-14
  4   9    0.5040295341D-14
  4  10   -0.1193048360D+00
  5   1   -0.7684839782D-02
  5   2   -0.1828170659D-01
  5   3   -0.1635139039D+00
  5   4   -0.2392137134D-01
  5   5   -0.6271126699D+01
  5   6    0.6128118212D-15
  5   7   -0.6978899518D-15
  5   8   -0.9383377214D-15
  5   9   -0.8307509992D-15
  5  10    0.4739253728D-02
  6   1   -0.2773489930D-15
  6   2   -0.4572884298D-17
  6   3   -0.3902791414D-16
  6   4    0.3038663530D-15
  6   5    0.6128118212D-15
  6   6   -0.7590744974D+01
  6   7   -0.4440892099D-15
  6   8   -0.1071888291D+00
  6   9    0.1081136838D+00
  6  10   -0.2081965424D-15
  7   1   -0.1266321261D-15
  7   2   -0.4332852117D-17
  7   3   -0.5044934071D-16
  7   4    0.9603291921D-15
  7   5   -0.6978899518D-15
  7   6    0.4440892099D-15
  7   7   -0.7590744974D+01
  7   8    0.1081136838D+00
  7   9    0.1071888291D+00
  7  10    0.8177263538D-15
  8   1   -0.5294933169D-15
  8   2   -0.1379417404D-16
  8   3   -0.1549309063D-15
  8   4    0.2347078637D-14
  8   5   -0.9383377214D-15
  8   6   -0.1071888291D+00
  8   7    0.1081136838D+00
  8   8   -0.6245763235D+01
  8   9   -0.1668803984D-14
  8  10    0.4253611938D-14
  9   1    0.3404403894D-15
  9   2   -0.4525974677D-16
  9   3   -0.4147850309D-15
  9   4    0.5040295341D-14
  9   5   -0.8307509992D-15
  9   6    0.1081136838D+00
  9   7    0.1071888291D+00
  9   8   -0.1687885942D-14
  9   9   -0.6245763235D+01
  9  10    0.4940623984D-14
 10   1    0.2112771462D-01
 10   2    0.1594837867D-02
 10   3    0.7962384563D-03
 10   4   -0.1193048360D+00
 10   5    0.4739253728D-02
 10   6   -0.2081965424D-15
 10   7    0.8177263538D-15
 10   8    0.4253611938D-14
 10   9    0.4940623984D-14
 10  10   -0.7633308411D+01
