  1   1   -0.3261497746D+02
  1   2    0.2418268765D-05
  1   3    0.2130527681D-02
  1   4   -0.6187648931D+00
  1   5   -0.1868849798D-02
  1   6   -0.3863928926D-15
  1   7   -0.1082376007D-15
  1   8   -0.3946438895D-14
  1   9   -0.2154249537D-14
  1  10   -0.1635915332D-01
  2   1    0.2418268765D-05
  2   2   -0.2534343498D+02
  2   3    0.4778684088D+00
  2   4    0.1705881412D-02
  2   5   -0.1343478955D-01
  2   6   -0.1437997821D-17
  2   7    0.2838684582D-18
  2   8   -0.1097710877D-16
  2   9   -0.1889948432D-17
  2  10   -0.3260763508D-03
  3   1    0.2130527681D-02
  3   2    0.4778684088D+00
  3   3   -0.6442369839D+01
  3   4    0.5483729224D-02
  3   5   -0.1241535299D+00
  3   6   -0.1377601028D-16
  3   7    0.4924440168D-17
  3   8   -0.1001140659D-15
  3   9   -0.1731089022D-16
  3  10   -0.3374757593D-03
  4   1   -0.6187648931D+00
  4   2    0.1705881412D-02
  4   3    0.5483729224D-02
  4   4   -0.7954233598D+01
  4   5   -0.5842009976D-02
  4   6    0.1211751159D-16
  4   7   -0.2072913970D-16
  4   8    0.5537752068D-15
  4   9   -0.2681996388D-15
  4  10    0.8981132982D-01
  5   1   -0.1868849798D-02
  5   2   -0.1343478955D-01
  5   3   -0.1241535299D+00
  5   4   -0.5842009976D-02
  5   5   -0.6087936677D+01
  5   6    0.1151456517D-15
  5   7   -0.1450099805D-15
  5   8    0.9063873023D-15
  5   9   -0.9349695920D-15
  5  10   -0.1391633648D-02
  6   1   -0.3863928926D-15
  6   2   -0.1437997821D-17
  6   3   -0.1377601028D-16
  6   4    0.1211751159D-16
  6   5    0.1151456517D-15
  6   6   -0.7445417359D+01
  6   7   -0.4440892099D-15
  6   8    0.1281899838D+00
  6   9    0.4720939589D-01
  6  10   -0.6107162955D-15
  7   1   -0.1082376007D-15
  7   2    0.2838684582D-18
  7   3    0.4924440168D-17
  7   4   -0.2072913970D-16
  7   5   -0.1450099805D-15
  7   6    0.3710016510D-31
  7   7   -0.7445417359D+01
  7   8   -0.4720939589D-01
  7   9    0.1281899838D+00
  7  10    0.1697257021D-15
  8   1   -0.3946438895D-14
  8   2   -0.1097710877D-16
  8   3   -0.1001140659D-15
  8   4    0.5537752068D-15
  8   5    0.9063873023D-15
  8   6    0.1281899838D+00
  8   7   -0.4720939589D-01
  8   8   -0.6073318164D+01
  8   9   -0.4857225733D-16
  8  10   -0.6414608399D-14
  9   1   -0.2154249537D-14
  9   2   -0.1889948432D-17
  9   3   -0.1731089022D-16
  9   4   -0.2681996388D-15
  9   5   -0.9349695920D-15
  9   6    0.4720939589D-01
  9   7    0.1281899838D+00
  9   8   -0.5828670879D-15
  9   9   -0.6073318164D+01
  9  10   -0.1850863148D-14
 10   1   -0.1635915332D-01
 10   2   -0.3260763508D-03
 10   3   -0.3374757593D-03
 10   4    0.8981132982D-01
 10   5   -0.1391633648D-02
 10   6   -0.6107162955D-15
 10   7    0.1697257021D-15
 10   8   -0.6414608399D-14
 10   9   -0.1850863148D-14
 10  10   -0.7475847483D+01
