  1   1   -0.3269424397D+02
  1   2   -0.3735122442D-05
  1   3    0.4454801025D-02
  1   4   -0.6185117442D+00
  1   5   -0.4197119708D-02
  1   6    0.4677691775D-16
  1   7    0.5381189589D-16
  1   8   -0.2586140550D-14
  1   9    0.2963854707D-14
  1  10   -0.1880878748D-01
  2   1   -0.3735122442D-05
  2   2   -0.2543400700D+02
  2   3    0.4779875136D+00
  2   4    0.3712502512D-02
  2   5   -0.1583730014D-01
  2   6   -0.4715948299D-17
  2   7    0.6864322366D-17
  2   8   -0.3099836523D-16
  2   9   -0.4809703387D-16
  2  10   -0.8059523459D-03
  3   1    0.4454801025D-02
  3   2    0.4779875136D+00
  3   3   -0.6533468355D+01
  3   4    0.1157111636D-01
  3   5   -0.1440743111D+00
  3   6   -0.4365744428D-16
  3   7    0.6347824797D-16
  3   8   -0.2850300105D-15
  3   9   -0.4392343480D-15
  3  10   -0.5140509469D-03
  4   1   -0.6185117442D+00
  4   2    0.3712502512D-02
  4   3    0.1157111636D-01
  4   4   -0.8034001171D+01
  4   5   -0.1306077194D-01
  4   6    0.2116705535D-15
  4   7   -0.3036579692D-15
  4   8    0.2058833885D-14
  4   9    0.2840079595D-14
  4  10    0.1045957409D+00
  5   1   -0.4197119708D-02
  5   2   -0.1583730014D-01
  5   3   -0.1440743111D+00
  5   4   -0.1306077194D-01
  5   5   -0.6183019754D+01
  5   6    0.1675531899D-15
  5   7   -0.4019271672D-15
  5   8    0.1744528093D-14
  5   9    0.1585459840D-14
  5  10   -0.2759408180D-02
  6   1    0.4677691775D-16
  6   2   -0.4715948299D-17
  6   3   -0.4365744428D-16
  6   4    0.2116705535D-15
  6   5    0.1675531899D-15
  6   6   -0.7521559716D+01
  6   7   -0.2463307336D-14
  6   8   -0.5274755424D-01
  6   9    0.1333968908D+00
  6  10   -0.3419266154D-15
  7   1    0.5381189589D-16
  7   2    0.6864322366D-17
  7   3    0.6347824797D-16
  7   4   -0.3036579692D-15
  7   5   -0.4019271672D-15
  7   6   -0.2461572612D-14
  7   7   -0.7521559716D+01
  7   8   -0.1333968908D+00
  7   9   -0.5274755424D-01
  7  10    0.4025410095D-15
  8   1   -0.2586140550D-14
  8   2   -0.3099836523D-16
  8   3   -0.2850300105D-15
  8   4    0.2058833885D-14
  8   5    0.1744528093D-14
  8   6   -0.5274755424D-01
  8   7   -0.1333968908D+00
  8   8   -0.6162971647D+01
  8   9    0.1491862189D-14
  8  10   -0.2510966547D-14
  9   1    0.2963854707D-14
  9   2   -0.4809703387D-16
  9   3   -0.4392343480D-15
  9   4    0.2840079595D-14
  9   5    0.1585459840D-14
  9   6    0.1333968908D+00
  9   7   -0.5274755424D-01
  9   8    0.1384309334D-14
  9   9   -0.6162971647D+01
  9  10   -0.4595697112D-14
 10   1   -0.1880878748D-01
 10   2   -0.8059523459D-03
 10   3   -0.5140509469D-03
 10   4    0.1045957409D+00
 10   5   -0.2759408180D-02
 10   6   -0.3419266154D-15
 10   7    0.4025410095D-15
 10   8   -0.2510966547D-14
 10   9   -0.4595697112D-14
 10  10   -0.7557668429D+01
