  1   1   -0.3272953166D+02
  1   2   -0.8972065581D-05
  1   3    0.6116370629D-02
  1   4   -0.6183551081D+00
  1   5   -0.5706704670D-02
  1   6    0.2497869292D-15
  1   7   -0.7461280393D-15
  1   8   -0.1222058677D-14
  1   9   -0.1012639575D-14
  1  10   -0.1992624250D-01
  2   1   -0.8972065581D-05
  2   2   -0.2547432512D+02
  2   3    0.4780493890D+00
  2   4    0.5162640432D-02
  2   5   -0.1699112271D-01
  2   6   -0.3836476695D-17
  2   7   -0.1559497333D-19
  2   8   -0.8115081739D-17
  2   9   -0.2304596712D-16
  2  10   -0.1138980329D-02
  3   1    0.6116370629D-02
  3   2    0.4780493890D+00
  3   3   -0.6574131036D+01
  3   4    0.1590216338D-01
  3   5   -0.1533595972D+00
  3   6   -0.4884950340D-16
  3   7    0.4097810209D-18
  3   8   -0.8065633754D-16
  3   9   -0.2315384604D-15
  3  10   -0.6228850381D-03
  4   1   -0.6183551081D+00
  4   2    0.5162640432D-02
  4   3    0.1590216338D-01
  4   4   -0.8069462662D+01
  4   5   -0.1775382281D-01
  4   6    0.3542699145D-15
  4   7   -0.1764625490D-15
  4   8    0.7858101163D-15
  4   9    0.2413516023D-14
  4  10    0.1115749653D+00
  5   1   -0.5706704670D-02
  5   2   -0.1699112271D-01
  5   3   -0.1533595972D+00
  5   4   -0.1775382281D-01
  5   5   -0.6225569491D+01
  5   6    0.6449405499D-15
  5   7   -0.1076712243D-15
  5   8   -0.8694214680D-16
  5   9    0.1065375674D-14
  5  10   -0.3611159037D-02
  6   1    0.2497869292D-15
  6   2   -0.3836476695D-17
  6   3   -0.4884950340D-16
  6   4    0.3542699145D-15
  6   5    0.6449405499D-15
  6   6   -0.7555151094D+01
  6   7   -0.2220446049D-14
  6   8    0.6770152196D-01
  6   9    0.1309181400D+00
  6  10   -0.6861080698D-15
  7   1   -0.7461280393D-15
  7   2   -0.1559497333D-19
  7   3    0.4097810209D-18
  7   4   -0.1764625490D-15
  7   5   -0.1076712243D-15
  7   6   -0.2664535259D-14
  7   7   -0.7555151094D+01
  7   8   -0.1309181400D+00
  7   9    0.6770152196D-01
  7  10    0.3463690834D-15
  8   1   -0.1222058677D-14
  8   2   -0.8115081739D-17
  8   3   -0.8065633754D-16
  8   4    0.7858101163D-15
  8   5   -0.8694214680D-16
  8   6    0.6770152196D-01
  8   7   -0.1309181400D+00
  8   8   -0.6202986210D+01
  8   9    0.1332267630D-14
  8  10   -0.1559472938D-15
  9   1   -0.1012639575D-14
  9   2   -0.2304596712D-16
  9   3   -0.2315384604D-15
  9   4    0.2413516023D-14
  9   5    0.1065375674D-14
  9   6    0.1309181400D+00
  9   7    0.6770152196D-01
  9   8    0.1606353939D-14
  9   9   -0.6202986210D+01
  9  10   -0.1617945947D-14
 10   1   -0.1992624250D-01
 10   2   -0.1138980329D-02
 10   3   -0.6228850381D-03
 10   4    0.1115749653D+00
 10   5   -0.3611159037D-02
 10   6   -0.6861080698D-15
 10   7    0.3463690834D-15
 10   8   -0.1559472938D-15
 10   9   -0.1617945947D-14
 10  10   -0.7594220805D+01
