  1   1   -0.3267741476D+02
  1   2   -0.1855695956D-05
  1   3    0.3817794886D-02
  1   4   -0.6185754862D+00
  1   5   -0.3586564298D-02
  1   6    0.6344530713D-16
  1   7   -0.8116650260D-16
  1   8   -0.6112895222D-15
  1   9    0.1864434671D-15
  1  10   -0.1828071506D-01
  2   1   -0.1855695956D-05
  2   2   -0.2541477812D+02
  2   3    0.4779595408D+00
  2   4    0.3158977891D-02
  2   5   -0.1530568459D-01
  2   6    0.6046119413D-17
  2   7   -0.3861789229D-18
  2   8    0.2201462087D-16
  2   9    0.2961048489D-16
  2  10   -0.6756145732D-03
  3   1    0.3817794886D-02
  3   2    0.4779595408D+00
  3   3   -0.6514103655D+01
  3   4    0.9906443168D-02
  3   5   -0.1397331387D+00
  3   6    0.5038517677D-16
  3   7   -0.6069008523D-17
  3   8    0.2019920399D-15
  3   9    0.2549185015D-15
  3  10   -0.4717319315D-03
  4   1   -0.6185754862D+00
  4   2    0.3158977891D-02
  4   3    0.9906443168D-02
  4   4   -0.8017072915D+01
  4   5   -0.1116547771D-01
  4   6    0.9985315589D-16
  4   7    0.1196048120D-15
  4   8   -0.2834563337D-15
  4   9    0.1032319238D-14
  4  10    0.1013551329D+00
  5   1   -0.3586564298D-02
  5   2   -0.1530568459D-01
  5   3   -0.1397331387D+00
  5   4   -0.1116547771D-01
  5   5   -0.6162777251D+01
  5   6   -0.5134592582D-15
  5   7    0.2627714180D-15
  5   8   -0.2674069304D-14
  5   9   -0.2339047175D-14
  5  10   -0.2411946241D-02
  6   1    0.6344530713D-16
  6   2    0.6046119413D-17
  6   3    0.5038517677D-16
  6   4    0.9985315589D-16
  6   5   -0.5134592582D-15
  6   6   -0.7505469004D+01
  6   7    0.3330669074D-15
  6   8    0.7481482219D-01
  6   9    0.1204225398D+00
  6  10    0.1257453723D-15
  7   1   -0.8116650260D-16
  7   2   -0.3861789229D-18
  7   3   -0.6069008523D-17
  7   4    0.1196048120D-15
  7   5    0.2627714180D-15
  7   6    0.3330669074D-15
  7   7   -0.7505469004D+01
  7   8   -0.1204225398D+00
  7   9    0.7481482219D-01
  7  10   -0.3290473424D-15
  8   1   -0.6112895222D-15
  8   2    0.2201462087D-16
  8   3    0.2019920399D-15
  8   4   -0.2834563337D-15
  8   5   -0.2674069304D-14
  8   6    0.7481482219D-01
  8   7   -0.1204225398D+00
  8   8   -0.6143913772D+01
  8   9   -0.3018418848D-14
  8  10    0.2685201114D-14
  9   1    0.1864434671D-15
  9   2    0.2961048489D-16
  9   3    0.2549185015D-15
  9   4    0.1032319238D-14
  9   5   -0.2339047175D-14
  9   6    0.1204225398D+00
  9   7    0.7481482219D-01
  9   8   -0.3115563363D-14
  9   9   -0.6143913772D+01
  9  10    0.1331916098D-14
 10   1   -0.1828071506D-01
 10   2   -0.6756145732D-03
 10   3   -0.4717319315D-03
 10   4    0.1013551329D+00
 10   5   -0.2411946241D-02
 10   6    0.1257453723D-15
 10   7   -0.3290473424D-15
 10   8    0.2685201114D-14
 10   9    0.1331916098D-14
 10  10   -0.7540264958D+01
