  1   1   -0.3271160764D+02
  1   2   -0.6077437084D-05
  1   3   -0.5212930000D-02
  1   4    0.6184388929D+00
  1   5   -0.4899924479D-02
  1   6   -0.1512872800D-14
  1   7   -0.6041323495D-15
  1   8   -0.8258506638D-15
  1   9    0.5426079967D-14
  1  10    0.1935714336D-01
  2   1   -0.6077437084D-05
  2   2   -0.2545384617D+02
  2   3   -0.4780175492D+00
  2   4   -0.4373266888D-02
  2   5   -0.1639836330D-01
  2   6    0.5522873337D-18
  2   7   -0.2827268264D-17
  2   8   -0.1945674960D-17
  2   9    0.1179790601D-16
  2  10    0.9592126626D-03
  3   1   -0.5212930000D-02
  3   2   -0.4780175492D+00
  3   3   -0.6553465769D+01
  3   4    0.1354912344D-01
  3   5    0.1486131633D+00
  3   6   -0.1411190722D-16
  3   7    0.6485176213D-17
  3   8    0.3048784390D-16
  3   9   -0.1177341494D-15
  3  10   -0.5632807054D-03
  4   1    0.6184388929D+00
  4   2   -0.4373266888D-02
  4   3    0.1354912344D-01
  4   4   -0.8051457514D+01
  4   5    0.1524439306D-01
  4   6    0.2175187425D-15
  4   7    0.3858432674D-15
  4   8   -0.1104792514D-14
  4   9    0.6783139680D-15
  4  10    0.1079983665D+00
  5   1   -0.4899924479D-02
  5   2   -0.1639836330D-01
  5   3    0.1486131633D+00
  5   4    0.1524439306D-01
  5   5   -0.6203938518D+01
  5   6   -0.3271077373D-15
  5   7    0.5785968448D-16
  5   8   -0.3550635912D-15
  5   9    0.1617194459D-14
  5  10    0.3156262004D-02
  6   1   -0.1512872800D-14
  6   2    0.5522873337D-18
  6   3   -0.1411190722D-16
  6   4    0.2175187425D-15
  6   5   -0.3271077373D-15
  6   6   -0.7538114494D+01
  6   7   -0.2664535259D-14
  6   8   -0.1184067546D+00
  6   9   -0.8423583589D-01
  6  10   -0.3669149157D-15
  7   1   -0.6041323495D-15
  7   2   -0.2827268264D-17
  7   3    0.6485176213D-17
  7   4    0.3858432674D-15
  7   5    0.5785968448D-16
  7   6   -0.3552713679D-14
  7   7   -0.7538114494D+01
  7   8    0.8423583589D-01
  7   9   -0.1184067546D+00
  7  10   -0.1051302058D-14
  8   1   -0.8258506638D-15
  8   2   -0.1945674960D-17
  8   3    0.3048784390D-16
  8   4   -0.1104792514D-14
  8   5   -0.3550635912D-15
  8   6   -0.1184067546D+00
  8   7    0.8423583589D-01
  8   8   -0.6182651516D+01
  8   9   -0.6800116026D-15
  8  10    0.1799309758D-14
  9   1    0.5426079967D-14
  9   2    0.1179790601D-16
  9   3   -0.1177341494D-15
  9   4    0.6783139680D-15
  9   5    0.1617194459D-14
  9   6   -0.8423583589D-01
  9   7   -0.1184067546D+00
  9   8   -0.5134781489D-15
  9   9   -0.6182651516D+01
  9  10    0.1642976020D-14
 10   1    0.1935714336D-01
 10   2    0.9592126626D-03
 10   3   -0.5632807054D-03
 10   4    0.1079983665D+00
 10   5    0.3156262004D-02
 10   6   -0.3669149157D-15
 10   7   -0.1051302058D-14
 10   8    0.1799309758D-14
 10   9    0.1642976020D-14
 10  10   -0.7575643877D+01
