  1   1   -0.3274804361D+02
  1   2   -0.1252195088D-04
  1   3    0.7194684046D-02
  1   4    0.6182580827D+00
  1   5   -0.6630325811D-02
  1   6   -0.4016008711D-15
  1   7    0.5794936514D-15
  1   8    0.3360964317D-14
  1   9    0.1941736662D-14
  1  10   -0.2051639694D-01
  2   1   -0.1252195088D-04
  2   2   -0.2549547531D+02
  2   3    0.4780825226D+00
  2   4   -0.6106607152D-02
  2   5   -0.1761802136D-01
  2   6   -0.1143122016D-16
  2   7   -0.2943849620D-17
  2   8    0.1243011470D-17
  2   9    0.6750621551D-16
  2  10   -0.1349322334D-02
  3   1    0.7194684046D-02
  3   2    0.4780825226D+00
  3   3   -0.6595503147D+01
  3   4   -0.1870542344D-01
  3   5   -0.1583233975D+00
  3   6   -0.8444179116D-16
  3   7   -0.3000777818D-16
  3   8    0.4885613101D-16
  3   9    0.5904962628D-15
  3  10   -0.6980277516D-03
  4   1    0.6182580827D+00
  4   2   -0.6106607152D-02
  4   3   -0.1870542344D-01
  4   4   -0.8088036895D+01
  4   5    0.2063070620D-01
  4   6   -0.9693819542D-16
  4   7    0.2254536826D-15
  4   8    0.2172810729D-14
  4   9    0.1038252150D-14
  4  10   -0.1153388366D+00
  5   1   -0.6630325811D-02
  5   2   -0.1761802136D-01
  5   3   -0.1583233975D+00
  5   4    0.2063070620D-01
  5   5   -0.6247951520D+01
  5   6    0.5866381294D-15
  5   7    0.1497720534D-15
  5   8    0.1644844322D-14
  5   9   -0.2039445978D-14
  5  10   -0.4134597498D-02
  6   1   -0.4016008711D-15
  6   2   -0.1143122016D-16
  6   3   -0.8444179116D-16
  6   4   -0.9693819542D-16
  6   5    0.5866381294D-15
  6   6   -0.7572688101D+01
  6   7    0.1429412144D-14
  6   8   -0.3038356394D-01
  6   9   -0.1465746696D+00
  6  10   -0.1655212915D-16
  7   1    0.5794936514D-15
  7   2   -0.2943849620D-17
  7   3   -0.3000777818D-16
  7   4    0.2254536826D-15
  7   5    0.1497720534D-15
  7   6    0.1415534356D-14
  7   7   -0.7572688101D+01
  7   8    0.1465746696D+00
  7   9   -0.3038356394D-01
  7  10    0.1180147304D-15
  8   1    0.3360964317D-14
  8   2    0.1243011470D-17
  8   3    0.4885613101D-16
  8   4    0.2172810729D-14
  8   5    0.1644844322D-14
  8   6   -0.3038356394D-01
  8   7    0.1465746696D+00
  8   8   -0.6224010889D+01
  8   9    0.2439021207D-14
  8  10    0.4806232000D-14
  9   1    0.1941736662D-14
  9   2    0.6750621551D-16
  9   3    0.5904962628D-15
  9   4    0.1038252150D-14
  9   5   -0.2039445978D-14
  9   6   -0.1465746696D+00
  9   7   -0.3038356394D-01
  9   8    0.2223915496D-14
  9   9   -0.6224010889D+01
  9  10    0.2911341582D-14
 10   1   -0.2051639694D-01
 10   2   -0.1349322334D-02
 10   3   -0.6980277516D-03
 10   4   -0.1153388366D+00
 10   5   -0.4134597498D-02
 10   6   -0.1655212915D-16
 10   7    0.1180147304D-15
 10   8    0.4806232000D-14
 10   9    0.2911341582D-14
 10  10   -0.7613430930D+01
