  1   1   -0.3255938422D+02
  1   2    0.3754817381D-05
  1   3    0.1275597390D-02
  1   4   -0.6188879351D+00
  1   5   -0.9427040686D-03
  1   6   -0.2518264762D-15
  1   7    0.4093859955D-15
  1   8   -0.3135857134D-15
  1   9    0.3678595675D-14
  1  10    0.1470995607D-01
  2   1    0.3754817381D-05
  2   2   -0.2527990896D+02
  2   3    0.4778046524D+00
  2   4    0.9844997174D-03
  2   5   -0.1189696804D-01
  2   6   -0.7835176749D-18
  2   7    0.3949210959D-18
  2   8   -0.3699295323D-18
  2   9    0.1044565755D-16
  2  10    0.1520847192D-03
  3   1    0.1275597390D-02
  3   2    0.4778046524D+00
  3   3   -0.6378600276D+01
  3   4    0.3236654315D-02
  3   5   -0.1110131818D+00
  3   6   -0.7779585318D-17
  3   7    0.2762109320D-17
  3   8    0.4330591604D-17
  3   9    0.9098490460D-16
  3  10    0.2335180732D-03
  4   1   -0.6188879351D+00
  4   2    0.9844997174D-03
  4   3    0.3236654315D-02
  4   4   -0.7898287287D+01
  4   5   -0.2977588959D-02
  4   6   -0.8959198270D-16
  4   7   -0.8125256875D-16
  4   8    0.5491349580D-15
  4   9    0.4185797241D-15
  4  10   -0.8015029728D-01
  5   1   -0.9427040686D-03
  5   2   -0.1189696804D-01
  5   3   -0.1110131818D+00
  5   4   -0.2977588959D-02
  5   5   -0.6021620211D+01
  5   6   -0.9556642244D-16
  5   7   -0.4211939775D-15
  5   8    0.4600579131D-14
  5   9   -0.2418131479D-14
  5  10    0.7727262718D-03
  6   1   -0.2518264762D-15
  6   2   -0.7835176749D-18
  6   3   -0.7779585318D-17
  6   4   -0.8959198270D-16
  6   5   -0.9556642244D-16
  6   6   -0.7391549807D+01
  6   7    0.1332267630D-14
  6   8   -0.2733446053D-01
  6   9   -0.1303755387D+00
  6  10    0.3436255902D-15
  7   1    0.4093859955D-15
  7   2    0.3949210959D-18
  7   3    0.2762109320D-17
  7   4   -0.8125256875D-16
  7   5   -0.4211939775D-15
  7   6    0.4440892099D-15
  7   7   -0.7391549807D+01
  7   8   -0.1303755387D+00
  7   9    0.2733446053D-01
  7  10    0.2375631450D-16
  8   1   -0.3135857134D-15
  8   2   -0.3699295323D-18
  8   3    0.4330591604D-17
  8   4    0.5491349580D-15
  8   5    0.4600579131D-14
  8   6   -0.2733446053D-01
  8   7   -0.1303755387D+00
  8   8   -0.6010550050D+01
  8   9    0.1977584763D-14
  8  10   -0.6310309309D-16
  9   1    0.3678595675D-14
  9   2    0.1044565755D-16
  9   3    0.9098490460D-16
  9   4    0.4185797241D-15
  9   5   -0.2418131479D-14
  9   6   -0.1303755387D+00
  9   7    0.2733446053D-01
  9   8    0.2024422296D-14
  9   9   -0.6010550050D+01
  9  10   -0.3353220670D-14
 10   1    0.1470995607D-01
 10   2    0.1520847192D-03
 10   3    0.2335180732D-03
 10   4   -0.8015029728D-01
 10   5    0.7727262718D-03
 10   6    0.3436255902D-15
 10   7    0.2375631450D-16
 10   8   -0.6310309309D-16
 10   9   -0.3353220670D-14
 10  10   -0.7418675825D+01
