  1   1   -0.3260048338D+02
  1   2    0.2938228624D-05
  1   3    0.1860195538D-02
  1   4   -0.6188003819D+00
  1   5   -0.1579245333D-02
  1   6   -0.3598456732D-15
  1   7    0.1237803899D-15
  1   8    0.2222182075D-15
  1   9    0.5761647185D-15
  1  10    0.1592305919D-01
  2   1    0.2938228624D-05
  2   2   -0.2532687294D+02
  2   3    0.4778502843D+00
  2   4    0.1476060338D-02
  2   5   -0.1302257111D-01
  2   6   -0.9466284900D-18
  2   7   -0.1045635484D-17
  2   8   -0.9195246377D-17
  2   9   -0.2273494243D-17
  2  10    0.2702813366D-03
  3   1    0.1860195538D-02
  3   2    0.4778502843D+00
  3   3   -0.6425736634D+01
  3   4    0.4773337153D-02
  3   5   -0.1206599207D+00
  3   6   -0.1093266909D-16
  3   7   -0.1005630834D-16
  3   8   -0.9371489969D-16
  3   9   -0.1834012711D-16
  3  10    0.3090606525D-03
  4   1   -0.6188003819D+00
  4   2    0.1476060338D-02
  4   3    0.4773337153D-02
  4   4   -0.7939645201D+01
  4   5   -0.4945873230D-02
  4   6   -0.3010078886D-15
  4   7   -0.6642081591D-16
  4   8   -0.2063645450D-14
  4   9   -0.1868758203D-14
  4  10   -0.8723720650D-01
  5   1   -0.1579245333D-02
  5   2   -0.1302257111D-01
  5   3   -0.1206599207D+00
  5   4   -0.4945873230D-02
  5   5   -0.6070618810D+01
  5   6   -0.2146316807D-15
  5   7    0.2540654978D-15
  5   8   -0.1621899409D-14
  5   9   -0.4159154482D-15
  5  10    0.1206701326D-02
  6   1   -0.3598456732D-15
  6   2   -0.9466284900D-18
  6   3   -0.1093266909D-16
  6   4   -0.3010078886D-15
  6   5   -0.2146316807D-15
  6   6   -0.7431405678D+01
  6   7   -0.1110223025D-14
  6   8    0.1313953278D+00
  6   9    0.3360210856D-01
  6  10    0.2372066183D-15
  7   1    0.1237803899D-15
  7   2   -0.1045635484D-17
  7   3   -0.1005630834D-16
  7   4   -0.6642081591D-16
  7   5    0.2540654978D-15
  7   6   -0.1221245327D-14
  7   7   -0.7431405678D+01
  7   8    0.3360210856D-01
  7   9   -0.1313953278D+00
  7  10   -0.4971777617D-15
  8   1    0.2222182075D-15
  8   2   -0.9195246377D-17
  8   3   -0.9371489969D-16
  8   4   -0.2063645450D-14
  8   5   -0.1621899409D-14
  8   6    0.1313953278D+00
  8   7    0.3360210856D-01
  8   8   -0.6056948335D+01
  8   9   -0.9697104231D-15
  8  10   -0.7600428463D-15
  9   1    0.5761647185D-15
  9   2   -0.2273494243D-17
  9   3   -0.1834012711D-16
  9   4   -0.1868758203D-14
  9   5   -0.4159154482D-15
  9   6    0.3360210856D-01
  9   7   -0.1313953278D+00
  9   8   -0.9731798700D-15
  9   9   -0.6056948335D+01
  9  10   -0.9382611992D-15
 10   1    0.1592305919D-01
 10   2    0.2702813366D-03
 10   3    0.3090606525D-03
 10   4   -0.8723720650D-01
 10   5    0.1206701326D-02
 10   6    0.2372066183D-15
 10   7   -0.4971777617D-15
 10   8   -0.7600428463D-15
 10   9   -0.9382611992D-15
 10  10   -0.7460925754D+01
