  1   1   -0.3253381172D+02
  1   2    0.3903620032D-05
  1   3    0.1019533334D-02
  1   4    0.6189343933D+00
  1   5   -0.6639031492D-03
  1   6   -0.5067672000D-16
  1   7    0.1957678763D-15
  1   8    0.1303884157D-14
  1   9   -0.1065741532D-14
  1  10    0.1397386737D-01
  2   1    0.3903620032D-05
  2   2   -0.2525068668D+02
  2   3    0.4777800673D+00
  2   4   -0.7727958234D-03
  2   5   -0.1122791804D-01
  2   6   -0.1226912454D-17
  2   7   -0.2947630789D-18
  2   8   -0.9709827448D-17
  2   9   -0.3822493027D-17
  2  10    0.1027853813D-03
  3   1    0.1019533334D-02
  3   2    0.4777800673D+00
  3   3   -0.6349289007D+01
  3   4   -0.2564674088D-02
  3   5   -0.1052070843D+00
  3   6   -0.1174862784D-16
  3   7   -0.3537089695D-17
  3   8   -0.9378887370D-16
  3   9   -0.4113594039D-16
  3  10    0.1913898630D-03
  4   1    0.6189343933D+00
  4   2   -0.7727958234D-03
  4   3   -0.2564674088D-02
  4   4   -0.7872563223D+01
  4   5    0.2115693849D-02
  4   6   -0.1465029813D-15
  4   7   -0.1126142500D-15
  4   8   -0.2195047982D-14
  4   9    0.9632427097D-15
  4  10    0.7589759986D-01
  5   1   -0.6639031492D-03
  5   2   -0.1122791804D-01
  5   3   -0.1052070843D+00
  5   4    0.2115693849D-02
  5   5   -0.5991210616D+01
  5   6    0.1713320360D-15
  5   7   -0.2434168367D-15
  5   8    0.1361919409D-14
  5   9   -0.2668997618D-14
  5  10    0.5641163563D-03
  6   1   -0.5067672000D-16
  6   2   -0.1226912454D-17
  6   3   -0.1174862784D-16
  6   4   -0.1465029813D-15
  6   5    0.1713320360D-15
  6   6   -0.7366668583D+01
  6   7    0.8881784197D-15
  6   8    0.1319485308D+00
  6   9    0.2033293606D-04
  6  10    0.1451533069D-15
  7   1    0.1957678763D-15
  7   2   -0.2947630789D-18
  7   3   -0.3537089695D-17
  7   4   -0.1126142500D-15
  7   5   -0.2434168367D-15
  7   6    0.8881784197D-15
  7   7   -0.7366668583D+01
  7   8   -0.2033293606D-04
  7   9    0.1319485307D+00
  7  10    0.5177804357D-15
  8   1    0.1303884157D-14
  8   2   -0.9709827448D-17
  8   3   -0.9378887370D-16
  8   4   -0.2195047982D-14
  8   5    0.1361919409D-14
  8   6    0.1319485308D+00
  8   7   -0.2033293606D-04
  8   8   -0.5981686644D+01
  8   9    0.1106753578D-14
  8  10    0.1711681322D-14
  9   1   -0.1065741532D-14
  9   2   -0.3822493027D-17
  9   3   -0.4113594039D-16
  9   4    0.9632427097D-15
  9   5   -0.2668997618D-14
  9   6    0.2033293606D-04
  9   7    0.1319485307D+00
  9   8    0.1051242426D-14
  9   9   -0.5981686644D+01
  9  10    0.4752881036D-14
 10   1    0.1397386737D-01
 10   2    0.1027853813D-03
 10   3    0.1913898630D-03
 10   4    0.7589759986D-01
 10   5    0.5641163563D-03
 10   6    0.1451533069D-15
 10   7    0.5177804357D-15
 10   8    0.1711681322D-14
 10   9    0.4752881036D-14
 10  10   -0.7392431954D+01
