  1   1   -0.3257270332D+02
  1   2    0.3580927825D-05
  1   3    0.1438931977D-02
  1   4   -0.6188614680D+00
  1   5   -0.1121407307D-02
  1   6   -0.9927760385D-16
  1   7    0.3978378528D-16
  1   8    0.1861331873D-14
  1   9    0.5736524690D-14
  1  10   -0.1509914218D-01
  2   1    0.3580927825D-05
  2   2   -0.2529512883D+02
  2   3    0.4778185556D+00
  2   4    0.1120892910D-02
  2   5   -0.1225484938D-01
  2   6    0.7824096982D-18
  2   7   -0.2466587948D-17
  2   8    0.1435502247D-17
  2   9    0.1854699602D-16
  2  10   -0.1845625465D-03
  3   1    0.1438931977D-02
  3   2    0.4778185556D+00
  3   3   -0.6393871698D+01
  3   4    0.3665889230D-02
  3   5   -0.1140970572D+00
  3   6    0.8450029420D-17
  3   7   -0.2264610217D-16
  3   8    0.3651967168D-17
  3   9    0.1566930509D-15
  3  10   -0.2570746339D-03
  4   1   -0.6188614680D+00
  4   2    0.1120892910D-02
  4   3    0.3665889230D-02
  4   4   -0.7911688440D+01
  4   5   -0.3530011432D-02
  4   6   -0.6562129636D-16
  4   7    0.3364637762D-15
  4   8    0.2035739998D-15
  4   9    0.1691458290D-14
  4  10    0.8241278404D-01
  5   1   -0.1121407307D-02
  5   2   -0.1225484938D-01
  5   3   -0.1140970572D+00
  5   4   -0.3530011432D-02
  5   5   -0.6037482144D+01
  5   6   -0.4937538102D-16
  5   7    0.5432160296D-15
  5   8   -0.1753777518D-14
  5   9   -0.4879052433D-14
  5  10   -0.8994440645D-03
  6   1   -0.9927760385D-16
  6   2    0.7824096982D-18
  6   3    0.8450029420D-17
  6   4   -0.6562129636D-16
  6   5   -0.4937538102D-16
  6   6   -0.7404484937D+01
  6   7   -0.4440892099D-15
  6   8   -0.1196670365D+00
  6   9    0.6015581883D-01
  6  10    0.8974727602D-16
  7   1    0.3978378528D-16
  7   2   -0.2466587948D-17
  7   3   -0.2264610217D-16
  7   4    0.3364637762D-15
  7   5    0.5432160296D-15
  7   6   -0.4440892099D-15
  7   7   -0.7404484937D+01
  7   8   -0.6015581883D-01
  7   9   -0.1196670365D+00
  7  10   -0.4570119407D-15
  8   1    0.1861331873D-14
  8   2    0.1435502247D-17
  8   3    0.3651967168D-17
  8   4    0.2035739998D-15
  8   5   -0.1753777518D-14
  8   6   -0.1196670365D+00
  8   7   -0.6015581883D-01
  8   8   -0.6025584233D+01
  8   9   -0.2775557562D-14
  8  10   -0.5751840510D-15
  9   1    0.5736524690D-14
  9   2    0.1854699602D-16
  9   3    0.1566930509D-15
  9   4    0.1691458290D-14
  9   5   -0.4879052433D-14
  9   6    0.6015581883D-01
  9   7   -0.1196670365D+00
  9   8   -0.3101685575D-14
  9   9   -0.6025584233D+01
  9  10    0.3377566470D-14
 10   1   -0.1509914218D-01
 10   2   -0.1845625465D-03
 10   3   -0.2570746339D-03
 10   4    0.8241278404D-01
 10   5   -0.8994440645D-03
 10   6    0.8974727602D-16
 10   7   -0.4570119407D-15
 10   8   -0.5751840510D-15
 10   9    0.3377566470D-14
 10  10   -0.7432358018D+01
