  1   1   -0.3250956783D+02
  1   2    0.3877052017D-05
  1   3    0.8339329163D-03
  1   4    0.6189739070D+00
  1   5    0.4665958429D-03
  1   6    0.5332658622D-15
  1   7   -0.3020321083D-15
  1   8    0.4521687442D-14
  1   9   -0.6476739738D-14
  1  10    0.1329007981D-01
  2   1    0.3877052017D-05
  2   2   -0.2522298229D+02
  2   3    0.4777590117D+00
  2   4   -0.6216163284D-03
  2   5    0.1061508711D-01
  2   6    0.6292508277D-18
  2   7   -0.6155838684D-18
  2   8   -0.8062862399D-18
  2   9   -0.6199387685D-17
  2  10    0.6915915459D-04
  3   1    0.8339329163D-03
  3   2    0.4777590117D+00
  3   3   -0.6321510929D+01
  3   4   -0.2079358281D-02
  3   5    0.9984306524D-01
  3   6    0.5982548195D-17
  3   7   -0.5692219392D-17
  3   8   -0.6307955940D-17
  3   9   -0.6082261385D-16
  3  10    0.1558844905D-03
  4   1    0.6189739070D+00
  4   2   -0.6216163284D-03
  4   3   -0.2079358281D-02
  4   4   -0.7848183709D+01
  4   5   -0.1505178342D-02
  4   6   -0.1550355070D-15
  4   7   -0.1018092182D-15
  4   8    0.1216141881D-14
  4   9   -0.1560034142D-14
  4  10    0.7197607404D-01
  5   1    0.4665958429D-03
  5   2    0.1061508711D-01
  5   3    0.9984306524D-01
  5   4   -0.1505178342D-02
  5   5   -0.5962434743D+01
  5   6    0.3762214941D-16
  5   7   -0.1122730721D-15
  5   8   -0.2006090445D-15
  5   9    0.1043275559D-15
  5  10   -0.4054156111D-03
  6   1    0.5332658622D-15
  6   2    0.6292508277D-18
  6   3    0.5982548195D-17
  6   4   -0.1550355070D-15
  6   5    0.3762214941D-16
  6   6   -0.7343029629D+01
  6   7    0.8881784197D-15
  6   8   -0.1236762809D+00
  6   9   -0.4286032706D-01
  6  10   -0.3424040895D-15
  7   1   -0.3020321083D-15
  7   2   -0.6155838684D-18
  7   3   -0.5692219392D-17
  7   4   -0.1018092182D-15
  7   5   -0.1122730721D-15
  7   6    0.8881784197D-15
  7   7   -0.7343029629D+01
  7   8   -0.4286032706D-01
  7   9    0.1236762809D+00
  7  10    0.2710985558D-15
  8   1    0.4521687442D-14
  8   2   -0.8062862399D-18
  8   3   -0.6307955940D-17
  8   4    0.1216141881D-14
  8   5   -0.2006090445D-15
  8   6   -0.1236762809D+00
  8   7   -0.4286032706D-01
  8   8   -0.5954321179D+01
  8   9    0.2747801986D-14
  8  10    0.1589672675D-14
  9   1   -0.6476739738D-14
  9   2   -0.6199387685D-17
  9   3   -0.6082261385D-16
  9   4   -0.1560034142D-14
  9   5    0.1043275559D-15
  9   6   -0.4286032706D-01
  9   7    0.1236762809D+00
  9   8    0.3205768984D-14
  9   9   -0.5954321179D+01
  9  10    0.3243278974D-14
 10   1    0.1329007981D-01
 10   2    0.6915915459D-04
 10   3    0.1558844905D-03
 10   4    0.7197607404D-01
 10   5   -0.4054156111D-03
 10   6   -0.3424040895D-15
 10   7    0.2710985558D-15
 10   8    0.1589672675D-14
 10   9    0.3243278974D-14
 10  10   -0.7367582175D+01
