  1   1   -0.3258639768D+02
  1   2    0.3316453558D-05
  1   3    0.1631909378D-02
  1   4   -0.6188324153D+00
  1   5   -0.1331946795D-02
  1   6   -0.1683527341D-15
  1   7   -0.4883472208D-15
  1   8   -0.4171512983D-14
  1   9    0.7053253504D-15
  1  10   -0.1550328536D-01
  2   1    0.3316453558D-05
  2   2   -0.2531077737D+02
  2   3    0.4778337186D+00
  2   4    0.1283065921D-02
  2   5   -0.1262967092D-01
  2   6    0.5228420461D-18
  2   7   -0.1651469635D-17
  2   8   -0.1563518157D-16
  2   9   -0.3918498170D-17
  2  10   -0.2235671514D-03
  3   1    0.1631909378D-02
  3   2    0.4778337186D+00
  3   3   -0.6409577411D+01
  3   4    0.4173209896D-02
  3   5   -0.1173102706D+00
  3   6    0.5805104107D-17
  3   7   -0.1680503641D-16
  3   8   -0.1577037207D-15
  3   9   -0.4326977106D-16
  3  10   -0.2822630359D-03
  4   1   -0.6188324153D+00
  4   2    0.1283065921D-02
  4   3    0.4173209896D-02
  4   4   -0.7925469077D+01
  4   5   -0.4180983871D-02
  4   6   -0.1096015874D-15
  4   7    0.2585196288D-15
  4   8    0.2164375970D-14
  4   9    0.1107392880D-14
  4  10    0.8477313543D-01
  5   1   -0.1331946795D-02
  5   2   -0.1262967092D-01
  5   3   -0.1173102706D+00
  5   4   -0.4180983871D-02
  5   5   -0.6053808042D+01
  5   6    0.1064497295D-15
  5   7   -0.2630084827D-15
  5   8   -0.2641866245D-14
  5   9   -0.3063010529D-15
  5  10   -0.1043423282D-02
  6   1   -0.1683527341D-15
  6   2    0.5228420461D-18
  6   3    0.5805104107D-17
  6   4   -0.1096015874D-15
  6   5    0.1064497295D-15
  6   6   -0.7417765966D+01
  6   7   -0.1332267630D-14
  6   8   -0.8875115273D-02
  6   9   -0.1344448528D+00
  6  10    0.3772394304D-15
  7   1   -0.4883472208D-15
  7   2   -0.1651469635D-17
  7   3   -0.1680503641D-16
  7   4    0.2585196288D-15
  7   5   -0.2630084827D-15
  7   6   -0.8881784197D-15
  7   7   -0.7417765966D+01
  7   8    0.1344448528D+00
  7   9   -0.8875115273D-02
  7  10   -0.8595543313D-15
  8   1   -0.4171512983D-14
  8   2   -0.1563518157D-16
  8   3   -0.1577037207D-15
  8   4    0.2164375970D-14
  8   5   -0.2641866245D-14
  8   6   -0.8875115273D-02
  8   7    0.1344448528D+00
  8   8   -0.6041043891D+01
  8   9    0.3316791286D-14
  8  10   -0.8793979545D-14
  9   1    0.7053253504D-15
  9   2   -0.3918498170D-17
  9   3   -0.4326977106D-16
  9   4    0.1107392880D-14
  9   5   -0.3063010529D-15
  9   6   -0.1344448528D+00
  9   7   -0.8875115273D-02
  9   8    0.2831068713D-14
  9   9   -0.6041043891D+01
  9  10   -0.2868543414D-14
 10   1   -0.1550328536D-01
 10   2   -0.2235671514D-03
 10   3   -0.2822630359D-03
 10   4    0.8477313543D-01
 10   5   -0.1043423282D-02
 10   6    0.3772394304D-15
 10   7   -0.8595543313D-15
 10   8   -0.8793979545D-14
 10   9   -0.2868543414D-14
 10  10   -0.7446435477D+01
