  1   1   -0.3248655162D+02
  1   2    0.3749915066D-05
  1   3    0.6977487830D-03
  1   4    0.6190080084D+00
  1   5    0.3285773369D-03
  1   6    0.3702257175D-16
  1   7    0.1370522931D-15
  1   8   -0.1152616449D-14
  1   9    0.1327635807D-14
  1  10    0.1265405374D-01
  2   1    0.3749915066D-05
  2   2   -0.2519668055D+02
  2   3    0.4777407266D+00
  2   4   -0.5124709161D-03
  2   5    0.1005213974D-01
  2   6    0.1050767633D-17
  2   7    0.1537618962D-18
  2   8    0.3286284030D-17
  2   9    0.8873511549D-17
  2  10    0.4647118351D-04
  3   1    0.6977487830D-03
  3   2    0.4777407266D+00
  3   3   -0.6295147571D+01
  3   4   -0.1725314332D-02
  3   5    0.9487785128D-01
  3   6    0.1046666766D-16
  3   7    0.1635366955D-17
  3   8    0.3241697921D-16
  3   9    0.8895907527D-16
  3  10    0.1266657073D-03
  4   1    0.6190080084D+00
  4   2   -0.5124709161D-03
  4   3   -0.1725314332D-02
  4   4   -0.7825046448D+01
  4   5   -0.1077121675D-02
  4   6    0.2574982525D-15
  4   7   -0.2269317693D-15
  4   8    0.3472123348D-14
  4   9    0.1134714398D-14
  4  10    0.6835190013D-01
  5   1    0.3285773369D-03
  5   2    0.1005213974D-01
  5   3    0.9487785128D-01
  5   4   -0.1077121675D-02
  5   5   -0.5935163549D+01
  5   6    0.2178082867D-16
  5   7   -0.1297340663D-16
  5   8   -0.5220674065D-16
  5   9   -0.1854660529D-15
  5  10   -0.2865872087D-03
  6   1    0.3702257175D-16
  6   2    0.1050767633D-17
  6   3    0.1046666766D-16
  6   4    0.2574982525D-15
  6   5    0.2178082867D-16
  6   6   -0.7320547381D+01
  6   7    0.6043466037D-30
  6   8    0.5504690468D-01
  6   9    0.1177654013D+00
  6  10   -0.6285571226D-15
  7   1    0.1370522931D-15
  7   2    0.1537618962D-18
  7   3    0.1635366955D-17
  7   4   -0.2269317693D-15
  7   5   -0.1297340663D-16
  7   6    0.4440892099D-15
  7   7   -0.7320547381D+01
  7   8   -0.1177654013D+00
  7   9    0.5504690468D-01
  7  10    0.5396001133D-15
  8   1   -0.1152616449D-14
  8   2    0.3286284030D-17
  8   3    0.3241697921D-16
  8   4    0.3472123348D-14
  8   5   -0.5220674065D-16
  8   6    0.5504690468D-01
  8   7   -0.1177654013D+00
  8   8   -0.5928336140D+01
  8   9   -0.3642919300D-16
  8  10   -0.8093071658D-14
  9   1    0.1327635807D-14
  9   2    0.8873511549D-17
  9   3    0.8895907527D-16
  9   4    0.1134714398D-14
  9   5   -0.1854660529D-15
  9   6    0.1177654013D+00
  9   7    0.5504690468D-01
  9   8   -0.7112366252D-16
  9   9   -0.5928336140D+01
  9  10   -0.4371522606D-14
 10   1    0.1265405374D-01
 10   2    0.4647118351D-04
 10   3    0.1266657073D-03
 10   4    0.6835190013D-01
 10   5   -0.2865872087D-03
 10   6   -0.6285571226D-15
 10   7    0.5396001133D-15
 10   8   -0.8093071658D-14
 10   9   -0.4371522606D-14
 10  10   -0.7344017629D+01
