  1   1   -0.3254642516D+02
  1   2    0.3857181599D-05
  1   3    0.1137135906D-02
  1   4   -0.6189121498D+00
  1   5   -0.7914825525D-03
  1   6    0.6863552514D-15
  1   7   -0.6364514516D-15
  1   8   -0.1789143422D-15
  1   9   -0.3578804720D-14
  1  10   -0.1433507454D-01
  2   1    0.3857181599D-05
  2   2   -0.2526510039D+02
  2   3    0.4777918619D+00
  2   4    0.8696520292D-03
  2   5   -0.1155497912D-01
  2   6   -0.2207495324D-18
  2   7    0.2171626980D-17
  2   8    0.3253172926D-17
  2   9    0.1215506225D-16
  2  10   -0.1251165549D-03
  3   1    0.1137135906D-02
  3   2    0.4777918619D+00
  3   3   -0.6363745060D+01
  3   4    0.2873078788D-02
  3   5   -0.1080519562D+00
  3   6   -0.1587749850D-17
  3   7    0.1949358750D-16
  3   8    0.2847846591D-16
  3   9    0.1193263826D-15
  3  10   -0.2116190191D-03
  4   1   -0.6189121498D+00
  4   2    0.8696520292D-03
  4   3    0.2873078788D-02
  4   4   -0.7885250380D+01
  4   5   -0.2510136524D-02
  4   6   -0.1995612523D-15
  4   7    0.5446913924D-16
  4   8    0.4655115661D-15
  4   9   -0.2017862863D-14
  4  10    0.7798024862D-01
  5   1   -0.7914825525D-03
  5   2   -0.1155497912D-01
  5   3   -0.1080519562D+00
  5   4   -0.2510136524D-02
  5   5   -0.6006202557D+01
  5   6    0.3100952239D-15
  5   7   -0.3043348251D-15
  5   8   -0.5426963192D-15
  5   9    0.2102296899D-14
  5  10   -0.6614811718D-03
  6   1    0.6863552514D-15
  6   2   -0.2207495324D-18
  6   3   -0.1587749850D-17
  6   4   -0.1995612523D-15
  6   5    0.3100952239D-15
  6   6   -0.7378948289D+01
  6   7    0.1332267630D-14
  6   8   -0.1232218086D+00
  6   9    0.4884631428D-01
  6  10    0.4714331829D-15
  7   1   -0.6364514516D-15
  7   2    0.2171626980D-17
  7   3    0.1949358750D-16
  7   4    0.5446913924D-16
  7   5   -0.3043348251D-15
  7   6    0.1776356839D-14
  7   7   -0.7378948289D+01
  7   8    0.4884631428D-01
  7   9    0.1232218086D+00
  7  10    0.3833339058D-15
  8   1   -0.1789143422D-15
  8   2    0.3253172926D-17
  8   3    0.2847846591D-16
  8   4    0.4655115661D-15
  8   5   -0.5426963192D-15
  8   6   -0.1232218086D+00
  8   7    0.4884631428D-01
  8   8   -0.5995923205D+01
  8   9   -0.8391724815D-15
  8  10   -0.1362489356D-16
  9   1   -0.3578804720D-14
  9   2    0.1215506225D-16
  9   3    0.1193263826D-15
  9   4   -0.2017862863D-14
  9   5    0.2102296899D-14
  9   6    0.4884631428D-01
  9   7    0.1232218086D+00
  9   8   -0.8088148207D-15
  9   9   -0.5995923205D+01
  9  10    0.6571552633D-14
 10   1   -0.1433507454D-01
 10   2   -0.1251165549D-03
 10   3   -0.2116190191D-03
 10   4    0.7798024862D-01
 10   5   -0.6614811718D-03
 10   6    0.4714331829D-15
 10   7    0.3833339058D-15
 10   8   -0.1362489356D-16
 10   9    0.6571552633D-14
 10  10   -0.7405372345D+01
