  1   1   -0.3249791217D+02
  1   2    0.3822554553D-05
  1   3    0.7607116775D-03
  1   4    0.6189915532D+00
  1   5   -0.3913372381D-03
  1   6   -0.8495031895D-16
  1   7   -0.5124380896D-16
  1   8   -0.3253797478D-14
  1   9   -0.4930778860D-16
  1  10    0.1296636423D-01
  2   1    0.3822554553D-05
  2   2   -0.2520966283D+02
  2   3    0.4777495629D+00
  2   4   -0.5627054122D-03
  2   5   -0.1032773694D-01
  2   6    0.1381230339D-18
  2   7   -0.1270709818D-18
  2   8    0.1150320507D-18
  2   9   -0.1619845482D-17
  2  10    0.5668726829D-04
  3   1    0.7607116775D-03
  3   2    0.4777495629D+00
  3   3   -0.6308159318D+01
  3   4   -0.1888696545D-02
  3   5   -0.9731310937D-01
  3   6    0.1484135229D-17
  3   7   -0.1658840011D-17
  3   8    0.3466398223D-17
  3   9   -0.1846685470D-16
  3  10    0.1405232332D-03
  4   1    0.6189915532D+00
  4   2   -0.5627054122D-03
  4   3   -0.1888696545D-02
  4   4   -0.7836465794D+01
  4   5    0.1271940321D-02
  4   6   -0.2175178366D-15
  4   7    0.1765618812D-16
  4   8   -0.6047099763D-15
  4   9   -0.8715863454D-15
  4  10    0.7012875528D-01
  5   1   -0.3913372381D-03
  5   2   -0.1032773694D-01
  5   3   -0.9731310937D-01
  5   4    0.1271940321D-02
  5   5   -0.5948618582D+01
  5   6   -0.2198143804D-17
  5   7   -0.3896281422D-15
  5   8    0.9376663652D-15
  5   9   -0.3402787818D-14
  5  10    0.3415784699D-03
  6   1   -0.8495031895D-16
  6   2    0.1381230339D-18
  6   3    0.1484135229D-17
  6   4   -0.2175178366D-15
  6   5   -0.2198143804D-17
  6   6   -0.7331649003D+01
  6   7   -0.1110223025D-14
  6   8    0.1173402017D+00
  6   9    0.5694166828D-01
  6  10    0.7839691016D-15
  7   1   -0.5124380896D-16
  7   2   -0.1270709818D-18
  7   3   -0.1658840011D-17
  7   4    0.1765618812D-16
  7   5   -0.3896281422D-15
  7   6   -0.1110223025D-14
  7   7   -0.7331649003D+01
  7   8   -0.5694166828D-01
  7   9    0.1173402017D+00
  7  10    0.4502441058D-15
  8   1   -0.3253797478D-14
  8   2    0.1150320507D-18
  8   3    0.3466398223D-17
  8   4   -0.6047099763D-15
  8   5    0.9376663652D-15
  8   6    0.1173402017D+00
  8   7   -0.5694166828D-01
  8   8   -0.5941162924D+01
  8   9   -0.3826799988D-14
  8  10    0.4994054059D-14
  9   1   -0.4930778860D-16
  9   2   -0.1619845482D-17
  9   3   -0.1846685470D-16
  9   4   -0.8715863454D-15
  9   5   -0.3402787818D-14
  9   6    0.5694166828D-01
  9   7    0.1173402017D+00
  9   8   -0.3663735981D-14
  9   9   -0.5941162924D+01
  9  10    0.7934308412D-14
 10   1    0.1296636423D-01
 10   2    0.5668726829D-04
 10   3    0.1405232332D-03
 10   4    0.7012875528D-01
 10   5    0.3415784699D-03
 10   6    0.7839691016D-15
 10   7    0.4502441058D-15
 10   8    0.4994054059D-14
 10   9    0.7934308412D-14
 10  10   -0.7355645599D+01
