  1   1   -0.3252153026D+02
  1   2    0.3906823158D-05
  1   3    0.9194120936D-03
  1   4    0.6189549105D+00
  1   5   -0.5565921873D-03
  1   6    0.1030321925D-14
  1   7   -0.3090326174D-15
  1   8   -0.3838008767D-14
  1   9   -0.1171743290D-13
  1  10   -0.1362572912D-01
  2   1    0.3906823158D-05
  2   2   -0.2523665224D+02
  2   3    0.4777691512D+00
  2   4   -0.6909498407D-03
  2   5   -0.1091489455D-01
  2   6    0.2525732564D-17
  2   7   -0.1021951734D-17
  2   8   -0.1307775440D-16
  2   9   -0.1792868166D-16
  2  10   -0.8434493810D-04
  3   1    0.9194120936D-03
  3   2    0.4777691512D+00
  3   3   -0.6335216031D+01
  3   4   -0.2302588527D-02
  3   5   -0.1024726440D+00
  3   6    0.2431815450D-16
  3   7   -0.8866098041D-17
  3   8   -0.1274754028D-15
  3   9   -0.1655973512D-15
  3  10   -0.1728221736D-03
  4   1    0.6189549105D+00
  4   2   -0.6909498407D-03
  4   3   -0.2302588527D-02
  4   4   -0.7860212034D+01
  4   5    0.1783766049D-02
  4   6    0.4426835925D-15
  4   7   -0.6640318096D-16
  4   8   -0.1763901809D-14
  4   9   -0.4271782222D-14
  4  10   -0.7389766406D-01
  5   1   -0.5565921873D-03
  5   2   -0.1091489455D-01
  5   3   -0.1024726440D+00
  5   4    0.1783766049D-02
  5   5   -0.5976626865D+01
  5   6   -0.1345242092D-15
  5   7    0.3684270322D-15
  5   8   -0.3096960026D-15
  5   9    0.3102347906D-14
  5  10   -0.4791963822D-03
  6   1    0.1030321925D-14
  6   2    0.2525732564D-17
  6   3    0.2431815450D-16
  6   4    0.4426835925D-15
  6   5   -0.1345242092D-15
  6   6   -0.7354699334D+01
  6   7   -0.3108624469D-14
  6   8   -0.1021662209D+00
  6   9   -0.8262860667D-01
  6  10    0.1642536782D-14
  7   1   -0.3090326174D-15
  7   2   -0.1021951734D-17
  7   3   -0.8866098041D-17
  7   4   -0.6640318096D-16
  7   5    0.3684270322D-15
  7   6   -0.2664535259D-14
  7   7   -0.7354699334D+01
  7   8   -0.8262860667D-01
  7   9    0.1021662209D+00
  7  10   -0.6205072903D-15
  8   1   -0.3838008767D-14
  8   2   -0.1307775440D-16
  8   3   -0.1274754028D-15
  8   4   -0.1763901809D-14
  8   5   -0.3096960026D-15
  8   6   -0.1021662209D+00
  8   7   -0.8262860667D-01
  8   8   -0.5967824334D+01
  8   9   -0.4111294638D-15
  8  10   -0.7589130621D-14
  9   1   -0.1171743290D-13
  9   2   -0.1792868166D-16
  9   3   -0.1655973512D-15
  9   4   -0.4271782222D-14
  9   5    0.3102347906D-14
  9   6   -0.8262860667D-01
  9   7    0.1021662209D+00
  9   8   -0.4024558464D-15
  9   9   -0.5967824334D+01
  9  10   -0.1715351706D-13
 10   1   -0.1362572912D-01
 10   2   -0.8434493810D-04
 10   3   -0.1728221736D-03
 10   4   -0.7389766406D-01
 10   5   -0.4791963822D-03
 10   6    0.1642536782D-14
 10   7   -0.6205072903D-15
 10   8   -0.7589130621D-14
 10   9   -0.1715351706D-13
 10  10   -0.7379839887D+01
