  1   1   -0.3238698811D+02
  1   2    0.2760497572D-05
  1   3    0.3711635154D-03
  1   4   -0.6191282020D+00
  1   5    0.7226461802D-04
  1   6    0.3509620149D-16
  1   7    0.1025053083D-14
  1   8   -0.1874008604D-14
  1   9   -0.6855113824D-15
  1  10    0.1005852204D-01
  2   1    0.2760497572D-05
  2   2   -0.2508290250D+02
  2   3    0.4776747127D+00
  2   4    0.2616748548D-03
  2   5    0.7819341988D-02
  2   6    0.4058510562D-18
  2   7   -0.2266237820D-18
  2   8    0.2894700386D-17
  2   9    0.1874395192D-17
  2  10    0.7609065611D-05
  3   1    0.3711635154D-03
  3   2    0.4776747127D+00
  3   3   -0.6181175653D+01
  3   4    0.8961598976D-03
  3   5    0.7483647727D-01
  3   6    0.3560073610D-17
  3   7   -0.2511031125D-17
  3   8    0.2443267982D-16
  3   9    0.1871799637D-16
  3  10    0.4917130468D-04
  4   1   -0.6191282020D+00
  4   2    0.2616748548D-03
  4   3    0.8961598976D-03
  4   4   -0.7725046499D+01
  4   5    0.2684565703D-03
  4   6    0.1577235434D-15
  4   7    0.5613211328D-15
  4   8    0.1472521602D-15
  4   9   -0.6506851051D-15
  4  10   -0.5377448764D-01
  5   1    0.7226461802D-04
  5   2    0.7819341988D-02
  5   3    0.7483647727D-01
  5   4    0.2684565703D-03
  5   5   -0.5817707323D+01
  5   6    0.3115458712D-15
  5   7   -0.7882019558D-16
  5   8    0.3285131712D-14
  5   9    0.5600248899D-15
  5  10   -0.3946707584D-04
  6   1    0.3509620149D-16
  6   2    0.4058510562D-18
  6   3    0.3560073610D-17
  6   4    0.1577235434D-15
  6   5    0.3115458712D-15
  6   6   -0.7222931246D+01
  6   7   -0.3203261614D-31
  6   8    0.1264067830D+00
  6   9   -0.1158086146D-01
  6  10   -0.2573000564D-15
  7   1    0.1025053083D-14
  7   2   -0.2266237820D-18
  7   3   -0.2511031125D-17
  7   4    0.5613211328D-15
  7   5   -0.7882019558D-16
  7   6    0.2220446049D-15
  7   7   -0.7222931246D+01
  7   8   -0.1158086146D-01
  7   9   -0.1264067830D+00
  7  10   -0.3922823736D-15
  8   1   -0.1874008604D-14
  8   2    0.2894700386D-17
  8   3    0.2443267982D-16
  8   4    0.1472521602D-15
  8   5    0.3285131712D-14
  8   6    0.1264067830D+00
  8   7   -0.1158086146D-01
  8   8   -0.5815808755D+01
  8   9   -0.3751339517D-15
  8  10   -0.1508906743D-14
  9   1   -0.6855113824D-15
  9   2    0.1874395192D-17
  9   3    0.1871799637D-16
  9   4   -0.6506851051D-15
  9   5    0.5600248899D-15
  9   6   -0.1158086146D-01
  9   7   -0.1264067830D+00
  9   8   -0.2589074788D-15
  9   9   -0.5815808755D+01
  9  10    0.1999438448D-14
 10   1    0.1005852204D-01
 10   2    0.7609065611D-05
 10   3    0.4917130468D-04
 10   4   -0.5377448764D-01
 10   5   -0.3946707584D-04
 10   6   -0.2573000564D-15
 10   7   -0.3922823736D-15
 10   8   -0.1508906743D-14
 10   9    0.1999438448D-14
 10  10   -0.7242369705D+01
