  1   1   -0.3246467211D+02
  1   2    0.3569977333D-05
  1   3    0.5961764684D-03
  1   4    0.6190378326D+00
  1   5    0.2330686475D-03
  1   6    0.5544823595D-15
  1   7   -0.5328682192D-15
  1   8    0.6139111150D-14
  1   9   -0.3653446275D-14
  1  10    0.1206165348D-01
  2   1    0.3569977333D-05
  2   2   -0.2517167758D+02
  2   3    0.4777246251D+00
  2   4   -0.4324504630D-03
  2   5    0.9533644288D-02
  2   6    0.4889275711D-18
  2   7    0.4692716382D-18
  2   8    0.4419025885D-17
  2   9    0.2428297913D-17
  2  10    0.3132041077D-04
  3   1    0.5961764684D-03
  3   2    0.4777246251D+00
  3   3   -0.6270092660D+01
  3   4   -0.1463341578D-02
  3   5    0.9027316587D-01
  3   6    0.4530786769D-17
  3   7    0.4211332280D-17
  3   8    0.4034838505D-16
  3   9    0.2008244049D-16
  3  10    0.1031011247D-03
  4   1    0.6190378326D+00
  4   2   -0.4324504630D-03
  4   3   -0.1463341578D-02
  4   4   -0.7803058974D+01
  4   5   -0.7796294206D-03
  4   6    0.1019581732D-15
  4   7   -0.2318215752D-15
  4   8    0.4796751110D-15
  4   9   -0.4496804254D-16
  4  10    0.6499555918D-01
  5   1    0.2330686475D-03
  5   2    0.9533644288D-02
  5   3    0.9027316587D-01
  5   4   -0.7796294206D-03
  5   5   -0.5909281361D+01
  5   6    0.1204170894D-15
  5   7    0.1977691181D-15
  5   8    0.1117851534D-14
  5   9    0.2653861404D-14
  5  10   -0.1991885942D-03
  6   1    0.5544823595D-15
  6   2    0.4889275711D-18
  6   3    0.4530786769D-17
  6   4    0.1019581732D-15
  6   5    0.1204170894D-15
  6   6   -0.7299142885D+01
  6   7   -0.8215650382D-14
  6   8    0.1292228925D+00
  6   9    0.2286437034D-04
  6  10   -0.3799351875D-15
  7   1   -0.5328682192D-15
  7   2    0.4692716382D-18
  7   3    0.4211332280D-17
  7   4   -0.2318215752D-15
  7   5    0.1977691181D-15
  7   6   -0.8437694987D-14
  7   7   -0.7299142885D+01
  7   8   -0.2286437038D-04
  7   9    0.1292228923D+00
  7  10    0.3311475652D-15
  8   1    0.6139111150D-14
  8   2    0.4419025885D-17
  8   3    0.4034838505D-16
  8   4    0.4796751110D-15
  8   5    0.1117851534D-14
  8   6    0.1292228925D+00
  8   7   -0.2286437038D-04
  8   8   -0.5903626863D+01
  8   9    0.3184952302D-14
  8  10   -0.3986400432D-14
  9   1   -0.3653446275D-14
  9   2    0.2428297913D-17
  9   3    0.2008244049D-16
  9   4   -0.4496804254D-16
  9   5    0.2653861404D-14
  9   6    0.2286437034D-04
  9   7    0.1292228923D+00
  9   8    0.3309852392D-14
  9   9   -0.5903626863D+01
  9  10    0.1829233333D-14
 10   1    0.1206165348D-01
 10   2    0.3132041077D-04
 10   3    0.1031011247D-03
 10   4    0.6499555918D-01
 10   5   -0.1991885942D-03
 10   6   -0.3799351875D-15
 10   7    0.3311475652D-15
 10   8   -0.3986400432D-14
 10   9    0.1829233333D-14
 10  10   -0.7321640596D+01
