  1   1   -0.3239592615D+02
  1   2    0.2855995193D-05
  1   3    0.3899272548D-03
  1   4   -0.6191188160D+00
  1   5    0.8154163974D-04
  1   6    0.5513577292D-15
  1   7    0.1571119176D-15
  1   8   -0.2708364267D-14
  1   9   -0.5971818196D-14
  1  10   -0.1028082770D-01
  2   1    0.2855995193D-05
  2   2   -0.2509311671D+02
  2   3    0.4776800077D+00
  2   4    0.2754840810D-03
  2   5    0.8006755526D-02
  2   6   -0.3987142313D-18
  2   7   -0.1597631546D-18
  2   8    0.7859885677D-19
  2   9    0.2911874999D-17
  2  10   -0.8863182734D-05
  3   1    0.3899272548D-03
  3   2    0.4776800077D+00
  3   3   -0.6191403296D+01
  3   4    0.9424372961D-03
  3   5    0.7653987703D-01
  3   6   -0.3339307979D-17
  3   7   -0.2069560514D-17
  3   8   -0.5368755913D-17
  3   9    0.2470429537D-16
  3  10   -0.5340136567D-04
  4   1   -0.6191188160D+00
  4   2    0.2754840810D-03
  4   3    0.9424372961D-03
  4   4   -0.7734018124D+01
  4   5    0.2990724301D-03
  4   6   -0.2372547361D-15
  4   7    0.1375344126D-16
  4   8    0.6238854391D-15
  4   9    0.2461469332D-14
  4  10    0.5501046303D-01
  5   1    0.8154163974D-04
  5   2    0.8006755526D-02
  5   3    0.7653987703D-01
  5   4    0.2990724301D-03
  5   5   -0.5828218577D+01
  5   6   -0.3854573336D-15
  5   7    0.2706578370D-15
  5   8    0.3788613152D-14
  5   9    0.2526415885D-14
  5  10    0.4895979124D-04
  6   1    0.5513577292D-15
  6   2   -0.3987142313D-18
  6   3   -0.3339307979D-17
  6   4   -0.2372547361D-15
  6   5   -0.3854573336D-15
  6   6   -0.7231714926D+01
  6   7    0.1332267630D-14
  6   8   -0.5277372358D-01
  6   9   -0.1157036998D+00
  6  10    0.5002834805D-15
  7   1    0.1571119176D-15
  7   2   -0.1597631546D-18
  7   3   -0.2069560514D-17
  7   4    0.1375344126D-16
  7   5    0.2706578370D-15
  7   6    0.8881784197D-15
  7   7   -0.7231714926D+01
  7   8    0.1157036998D+00
  7   9   -0.5277372358D-01
  7  10   -0.4869766125D-16
  8   1   -0.2708364267D-14
  8   2    0.7859885677D-19
  8   3   -0.5368755913D-17
  8   4    0.6238854391D-15
  8   5    0.3788613152D-14
  8   6   -0.5277372358D-01
  8   7    0.1157036998D+00
  8   8   -0.5825920793D+01
  8   9    0.1342675970D-14
  8  10   -0.3060468218D-14
  9   1   -0.5971818196D-14
  9   2    0.2911874999D-17
  9   3    0.2470429537D-16
  9   4    0.2461469332D-14
  9   5    0.2526415885D-14
  9   6   -0.1157036998D+00
  9   7   -0.5277372358D-01
  9   8    0.1485790657D-14
  9   9   -0.5825920793D+01
  9  10   -0.4484560799D-14
 10   1   -0.1028082770D-01
 10   2   -0.8863182734D-05
 10   3   -0.5340136567D-04
 10   4    0.5501046303D-01
 10   5    0.4895979124D-04
 10   6    0.5002834805D-15
 10   7   -0.4869766125D-16
 10   8   -0.3060468218D-14
 10   9   -0.4484560799D-14
 10  10   -0.7251476481D+01
