  1   1   -0.3240506967D+02
  1   2    0.2954401591D-05
  1   3    0.4105399385D-03
  1   4    0.6191089746D+00
  1   5   -0.9278724251D-04
  1   6   -0.4587626978D-16
  1   7   -0.3347939908D-15
  1   8   -0.5053970544D-15
  1   9   -0.7339792396D-14
  1  10    0.1051047505D-01
  2   1    0.2954401591D-05
  2   2   -0.2510356572D+02
  2   3    0.4776855262D+00
  2   4   -0.2907522982D-03
  2   5   -0.8201084273D-02
  2   6    0.2208593581D-18
  2   7    0.7296965323D-18
  2   8    0.4329693035D-17
  2   9    0.4675153160D-17
  2  10    0.1041490314D-04
  3   1    0.4105399385D-03
  3   2    0.4776855262D+00
  3   3   -0.6201866754D+01
  3   4   -0.9935257471D-03
  3   5   -0.7830202612D-01
  3   6    0.2472052301D-17
  3   7    0.7156864210D-17
  3   8    0.4378156970D-16
  3   9    0.4542118624D-16
  3  10    0.5817725110D-04
  4   1    0.6191089746D+00
  4   2   -0.2907522982D-03
  4   3   -0.9935257471D-03
  4   4   -0.7743197100D+01
  4   5    0.3357698221D-03
  4   6    0.1794615238D-15
  4   7   -0.1430784287D-15
  4   8    0.1181111992D-14
  4   9   -0.2726556292D-14
  4  10    0.5628964228D-01
  5   1   -0.9278724251D-04
  5   2   -0.8201084273D-02
  5   3   -0.7830202612D-01
  5   4    0.3357698221D-03
  5   5   -0.5838978070D+01
  5   6    0.6178466730D-16
  5   7   -0.1373706169D-15
  5   8   -0.9489879434D-15
  5   9   -0.7249083472D-15
  5  10    0.6052827302D-04
  6   1   -0.4587626978D-16
  6   2    0.2208593581D-18
  6   3    0.2472052301D-17
  6   4    0.1794615238D-15
  6   5    0.6178466730D-16
  6   6   -0.7240696779D+01
  6   7    0.8881784197D-15
  6   8    0.1073443405D+00
  6   9   -0.6864677888D-01
  6  10    0.9069439261D-16
  7   1   -0.3347939908D-15
  7   2    0.7296965323D-18
  7   3    0.7156864210D-17
  7   4   -0.1430784287D-15
  7   5   -0.1373706169D-15
  7   6   -0.8406925055D-31
  7   7   -0.7240696779D+01
  7   8    0.6864677888D-01
  7   9    0.1073443405D+00
  7  10    0.5693397168D-15
  8   1   -0.5053970544D-15
  8   2    0.4329693035D-17
  8   3    0.4378156970D-16
  8   4    0.1181111992D-14
  8   5   -0.9489879434D-15
  8   6    0.1073443405D+00
  8   7    0.6864677888D-01
  8   8   -0.5836263010D+01
  8   9    0.2052611553D-14
  8  10    0.3898187815D-14
  9   1   -0.7339792396D-14
  9   2    0.4675153160D-17
  9   3    0.4542118624D-16
  9   4   -0.2726556292D-14
  9   5   -0.7249083472D-15
  9   6   -0.6864677888D-01
  9   7    0.1073443405D+00
  9   8    0.2071693511D-14
  9   9   -0.5836263010D+01
  9  10    0.3576505531D-14
 10   1    0.1051047505D-01
 10   2    0.1041490314D-04
 10   3    0.5817725110D-04
 10   4    0.5628964228D-01
 10   5    0.6052827302D-04
 10   6    0.9069439261D-16
 10   7    0.5693397168D-15
 10   8    0.3898187815D-14
 10   9    0.3576505531D-14
 10  10   -0.7260796268D+01
