  1   1   -0.3242400216D+02
  1   2    0.3158305449D-05
  1   3    0.4586412475D-03
  1   4   -0.6190877633D+00
  1   5    0.1230176624D-03
  1   6   -0.1097878439D-12
  1   7   -0.2853950474D-12
  1   8    0.1871863019D-13
  1   9   -0.1724478004D-14
  1  10    0.1099308949D-01
  2   1    0.3158305449D-05
  2   2   -0.2512520129D+02
  2   3    0.4776973166D+00
  2   4    0.3267755541D-03
  2   5    0.8611912387D-02
  2   6   -0.7891234337D-16
  2   7   -0.2045575007D-15
  2   8    0.3448075574D-14
  2   9    0.9078574781D-16
  2  10    0.1471481335D-04
  3   1    0.4586412475D-03
  3   2    0.4776973166D+00
  3   3   -0.6223534647D+01
  3   4    0.1113715161D-02
  3   5    0.8201364064D-01
  3   6   -0.7671182312D-15
  3   7   -0.1987586946D-14
  3   8   -0.3813661542D-14
  3   9   -0.1079851858D-15
  3  10    0.6968179424D-04
  4   1   -0.6190877633D+00
  4   2    0.3267755541D-03
  4   3    0.1113715161D-02
  4   4   -0.7762206612D+01
  4   5    0.4329916070D-03
  4   6    0.4013354505D-12
  4   7    0.1040473683D-11
  4   8   -0.1471689848D-12
  4   9   -0.3194081424D-14
  4  10   -0.5898590845D-01
  5   1    0.1230176624D-03
  5   2    0.8611912387D-02
  5   3    0.8201364064D-01
  5   4    0.4329916070D-03
  5   5   -0.5861278006D+01
  5   6    0.2054576570D-14
  5   7    0.4764301378D-14
  5   8    0.2065095683D-14
  5   9   -0.1242230195D-14
  5  10   -0.9148963697D-04
  6   1   -0.1097878439D-12
  6   2   -0.7891234337D-16
  6   3   -0.7671182312D-15
  6   4    0.4013354505D-12
  6   5    0.2054576570D-14
  6   6   -0.7259281919D+01
  6   7   -0.1332268617D-14
  6   8    0.4921304737D-01
  6   9   -0.1181080975D+00
  6  10    0.6369938018D-13
  7   1   -0.2853950474D-12
  7   2   -0.2045575007D-15
  7   3   -0.1987586946D-14
  7   4    0.1040473683D-11
  7   5    0.4764301378D-14
  7   6   -0.1332268617D-14
  7   7   -0.7259281919D+01
  7   8    0.1181080975D+00
  7   9    0.4921304737D-01
  7  10    0.1660836599D-12
  8   1    0.1871863019D-13
  8   2    0.3448075574D-14
  8   3   -0.3813661542D-14
  8   4   -0.1471689848D-12
  8   5    0.2065095683D-14
  8   6    0.4921304737D-01
  8   7    0.1181080975D+00
  8   8   -0.5857670370D+01
  8   9   -0.2678846728D-14
  8  10   -0.1620169158D-13
  9   1   -0.1724478004D-14
  9   2    0.9078574781D-16
  9   3   -0.1079851858D-15
  9   4   -0.3194081424D-14
  9   5   -0.1242230195D-14
  9   6   -0.1181080975D+00
  9   7    0.4921304737D-01
  9   8   -0.2677112005D-14
  9   9   -0.5857670370D+01
  9  10    0.2301655030D-14
 10   1    0.1099308949D-01
 10   2    0.1471481335D-04
 10   3    0.6968179424D-04
 10   4   -0.5898590845D-01
 10   5   -0.9148963697D-04
 10   6    0.6369938018D-13
 10   7    0.1660836599D-12
 10   8   -0.1620169158D-13
 10   9    0.2301655030D-14
 10  10   -0.7280105623D+01
