  1   1   -0.3241442583D+02
  1   2    0.3055351496D-05
  1   3    0.4333173207D-03
  1   4    0.6190986371D+00
  1   5   -0.1064378650D-03
  1   6    0.1897169473D-14
  1   7   -0.9707189839D-15
  1   8    0.5308039660D-14
  1   9   -0.1688910787D-14
  1  10    0.1074778356D-01
  2   1    0.3055351496D-05
  2   2   -0.2511425772D+02
  2   3    0.4776912885D+00
  2   4   -0.3077427622D-03
  2   5   -0.8402678571D-02
  2   6   -0.1978332664D-18
  2   7   -0.3810977877D-19
  2   8   -0.1006902554D-17
  2   9    0.1880571820D-18
  2  10    0.1233612227D-04
  3   1    0.4333173207D-03
  3   2    0.4776912885D+00
  3   3   -0.6212574311D+01
  3   4   -0.1050275590D-02
  3   5   -0.8012565193D-01
  3   6   -0.1932387229D-17
  3   7   -0.2643027199D-18
  3   8   -0.9589076672D-17
  3   9   -0.2957841427D-18
  3  10    0.6357586490D-04
  4   1    0.6190986371D+00
  4   2   -0.3077427622D-03
  4   3   -0.1050275590D-02
  4   4   -0.7752590717D+01
  4   5    0.3798772053D-03
  4   6   -0.7315593947D-16
  4   7   -0.4003220660D-17
  4   8    0.8079327506D-15
  4   9    0.2143137707D-15
  4  10    0.5761406868D-01
  5   1   -0.1064378650D-03
  5   2   -0.8402678571D-02
  5   3   -0.8012565193D-01
  5   4    0.3798772053D-03
  5   5   -0.5849994751D+01
  5   6    0.9847860125D-16
  5   7    0.5122535471D-16
  5   8    0.3018777267D-15
  5   9   -0.1303608174D-14
  5  10    0.7455808561D-04
  6   1    0.1897169473D-14
  6   2   -0.1978332664D-18
  6   3   -0.1932387229D-17
  6   4   -0.7315593947D-16
  6   5    0.9847860125D-16
  6   6   -0.7249883464D+01
  6   7    0.1998401444D-14
  6   8    0.1245217846D+00
  6   9   -0.2820889184D-01
  6  10    0.6391559349D-16
  7   1   -0.9707189839D-15
  7   2   -0.3810977877D-19
  7   3   -0.2643027199D-18
  7   4   -0.4003220660D-17
  7   5    0.5122535471D-16
  7   6    0.1887379142D-14
  7   7   -0.7249883464D+01
  7   8   -0.2820889184D-01
  7   9   -0.1245217846D+00
  7  10   -0.2970384775D-15
  8   1    0.5308039660D-14
  8   2   -0.1006902554D-17
  8   3   -0.9589076672D-17
  8   4    0.8079327506D-15
  8   5    0.3018777267D-15
  8   6    0.1245217846D+00
  8   7   -0.2820889184D-01
  8   8   -0.5846843406D+01
  8   9    0.8101158633D-14
  8  10    0.4629761418D-15
  9   1   -0.1688910787D-14
  9   2    0.1880571820D-18
  9   3   -0.2957841427D-18
  9   4    0.2143137707D-15
  9   5   -0.1303608174D-14
  9   6   -0.2820889184D-01
  9   7   -0.1245217846D+00
  9   8    0.7837480664D-14
  9   9   -0.5846843406D+01
  9  10    0.1931635994D-14
 10   1    0.1074778356D-01
 10   2    0.1233612227D-04
 10   3    0.6357586490D-04
 10   4    0.5761406868D-01
 10   5    0.7455808561D-04
 10   6    0.6391559349D-16
 10   7   -0.2970384775D-15
 10   8    0.4629761418D-15
 10   9    0.1931635994D-14
 10  10   -0.7270336660D+01
