  1   1   -0.3244384710D+02
  1   2    0.3366865130D-05
  1   3    0.5188684048D-03
  1   4    0.6190642082D+00
  1   5    0.1675910391D-03
  1   6   -0.5019202013D-15
  1   7    0.3626447610D-16
  1   8    0.4229057194D-14
  1   9    0.4320104593D-14
  1  10    0.1150912866D-01
  2   1    0.3366865130D-05
  2   2   -0.2514787950D+02
  2   3    0.4777102649D+00
  2   4   -0.3726051203D-03
  2   5    0.9054920792D-02
  2   6   -0.4200233665D-18
  2   7   -0.2924155165D-18
  2   8    0.3174439870D-17
  2   9    0.1092765296D-17
  2  10    0.2129648669D-04
  3   1    0.5188684048D-03
  3   2    0.4777102649D+00
  3   3   -0.6246250503D+01
  3   4   -0.1265883458D-02
  3   5    0.8599511565D-01
  3   6   -0.4224551009D-17
  3   7   -0.2106727657D-17
  3   8    0.2955386725D-16
  3   9    0.7157626708D-17
  3  10    0.8438897787D-04
  4   1    0.6190642082D+00
  4   2   -0.3726051203D-03
  4   3   -0.1265883458D-02
  4   4   -0.7782137630D+01
  4   5   -0.5742562087D-03
  4   6   -0.3935511682D-15
  4   7   -0.5461485648D-16
  4   8    0.2981717465D-14
  4   9    0.6955295139D-15
  4  10    0.6188116224D-01
  5   1    0.1675910391D-03
  5   2    0.9054920792D-02
  5   3    0.8599511565D-01
  5   4   -0.5742562087D-03
  5   5   -0.5884684133D+01
  5   6   -0.4743293173D-16
  5   7   -0.4669509148D-15
  5   8    0.1259274094D-14
  5   9    0.2259555629D-14
  5  10   -0.1361187926D-03
  6   1   -0.5019202013D-15
  6   2   -0.4200233665D-18
  6   3   -0.4224551009D-17
  6   4   -0.3935511682D-15
  6   5   -0.4743293173D-16
  6   6   -0.7278743397D+01
  6   7    0.1776356839D-14
  6   8   -0.1285479179D+00
  6   9    0.1533611646D-04
  6  10    0.6630651697D-15
  7   1    0.3626447610D-16
  7   2   -0.2924155165D-18
  7   3   -0.2106727657D-17
  7   4   -0.5461485648D-16
  7   5   -0.4669509148D-15
  7   6    0.8881784197D-15
  7   7   -0.7278743397D+01
  7   8   -0.1533611644D-04
  7   9   -0.1285479176D+00
  7  10   -0.2478344433D-15
  8   1    0.4229057194D-14
  8   2    0.3174439870D-17
  8   3    0.2955386725D-16
  8   4    0.2981717465D-14
  8   5    0.1259274094D-14
  8   6   -0.1285479179D+00
  8   7   -0.1533611644D-04
  8   8   -0.5880099667D+01
  8   9    0.1078304113D-13
  8  10   -0.5050415244D-14
  9   1    0.4320104593D-14
  9   2    0.1092765296D-17
  9   3    0.7157626708D-17
  9   4    0.6955295139D-15
  9   5    0.2259555629D-14
  9   6    0.1533611646D-04
  9   7   -0.1285479176D+00
  9   8    0.9672818102D-14
  9   9   -0.5880099667D+01
  9  10   -0.1220182141D-14
 10   1    0.1150912866D-01
 10   2    0.2129648669D-04
 10   3    0.8438897787D-04
 10   4    0.6188116224D-01
 10   5   -0.1361187926D-03
 10   6    0.6630651697D-15
 10   7   -0.2478344433D-15
 10   8   -0.5050415244D-14
 10   9   -0.1220182141D-14
 10  10   -0.7300363081D+01
