  1   1   -0.3247547510D+02
  1   2    0.3664353709D-05
  1   3    0.6433701606D-03
  1   4   -0.6190233967D+00
  1   5    0.2763780175D-03
  1   6   -0.1386931372D-16
  1   7   -0.4902749697D-15
  1   8   -0.2025036422D-14
  1   9    0.3657407029D-14
  1  10    0.1235264356D-01
  2   1    0.3664353709D-05
  2   2   -0.2518402280D+02
  2   3    0.4777324330D+00
  2   4    0.4694566744D-03
  2   5    0.9787644012D-02
  2   6    0.7875969444D-18
  2   7   -0.4460591302D-18
  2   8    0.1869599710D-17
  2   9    0.5078510615D-17
  2  10    0.3812406324D-04
  3   1    0.6433701606D-03
  3   2    0.4777324330D+00
  3   3   -0.6282462772D+01
  3   4    0.1584770373D-02
  3   5    0.9253265680D-01
  3   6    0.6512386863D-17
  3   7   -0.4674724507D-17
  3   8    0.7557180098D-17
  3   9    0.4497402462D-16
  3  10    0.1142243526D-03
  4   1   -0.6190233967D+00
  4   2    0.4694566744D-03
  4   3    0.1584770373D-02
  4   4   -0.7813914411D+01
  4   5    0.9147350238D-03
  4   6   -0.4985786125D-15
  4   7    0.3531485071D-16
  4   8   -0.2707260704D-14
  4   9   -0.1770087408D-14
  4  10   -0.6664194677D-01
  5   1    0.2763780175D-03
  5   2    0.9787644012D-02
  5   3    0.9253265680D-01
  5   4    0.9147350238D-03
  5   5   -0.5922055587D+01
  5   6    0.7715086494D-15
  5   7    0.1083538800D-15
  5   8    0.5829504033D-14
  5   9    0.2415884895D-14
  5  10   -0.2394325116D-03
  6   1   -0.1386931372D-16
  6   2    0.7875969444D-18
  6   3    0.6512386863D-17
  6   4   -0.4985786125D-15
  6   5    0.7715086494D-15
  6   6   -0.7309715101D+01
  6   7    0.1336104362D-30
  6   8    0.1146475030D+00
  6   9    0.6042313935D-01
  6  10   -0.3752994240D-15
  7   1   -0.4902749697D-15
  7   2   -0.4460591302D-18
  7   3   -0.4674724507D-17
  7   4    0.3531485071D-16
  7   5    0.1083538800D-15
  7   6    0.4440892099D-15
  7   7   -0.7309715101D+01
  7   8    0.6042313935D-01
  7   9   -0.1146475030D+00
  7  10    0.3912602938D-15
  8   1   -0.2025036422D-14
  8   2    0.1869599710D-17
  8   3    0.7557180098D-17
  8   4   -0.2707260704D-14
  8   5    0.5829504033D-14
  8   6    0.1146475030D+00
  8   7    0.6042313935D-01
  8   8   -0.5915828125D+01
  8   9   -0.1112174589D-14
  8  10   -0.3046908716D-14
  9   1    0.3657407029D-14
  9   2    0.5078510615D-17
  9   3    0.4497402462D-16
  9   4   -0.1770087408D-14
  9   5    0.2415884895D-14
  9   6    0.6042313935D-01
  9   7   -0.1146475030D+00
  9   8   -0.1135159675D-14
  9   9   -0.5915828125D+01
  9  10   -0.3941111191D-14
 10   1    0.1235264356D-01
 10   2    0.3812406324D-04
 10   3    0.1142243526D-03
 10   4   -0.6664194677D-01
 10   5   -0.2394325116D-03
 10   6   -0.3752994240D-15
 10   7    0.3912602938D-15
 10   8   -0.3046908716D-14
 10   9   -0.3941111191D-14
 10  10   -0.7332686386D+01
