  1   1   -0.3245413261D+02
  1   2    0.3469989508D-05
  1   3    0.5550000949D-03
  1   4    0.6190514092D+00
  1   5    0.1972149800D-03
  1   6    0.3162255364D-16
  1   7    0.2316704213D-15
  1   8    0.1604917989D-14
  1   9    0.1031249340D-14
  1  10    0.1178062638D-01
  2   1    0.3469989508D-05
  2   2   -0.2515963344D+02
  2   3    0.4777172507D+00
  2   4   -0.4004450661D-03
  2   5    0.9289577861D-02
  2   6    0.3595328048D-18
  2   7    0.2824643243D-19
  2   8    0.3028015286D-17
  2   9   -0.5075805884D-18
  2  10    0.2578725265D-04
  3   1    0.5550000949D-03
  3   2    0.4777172507D+00
  3   3   -0.6258025593D+01
  3   4   -0.1357913003D-02
  3   5    0.8809527396D-01
  3   6    0.3646231949D-17
  3   7    0.4843324072D-18
  3   8    0.3268227597D-16
  3   9   -0.6056307746D-17
  3  10    0.9319165009D-04
  4   1    0.6190514092D+00
  4   2   -0.4004450661D-03
  4   3   -0.1357913003D-02
  4   4   -0.7792469947D+01
  4   5   -0.6673915289D-03
  4   6    0.1921996635D-15
  4   7    0.1810423421D-17
  4   8    0.3167387243D-14
  4   9   -0.1227598350D-14
  4  10    0.6340960964D-01
  5   1    0.1972149800D-03
  5   2    0.9289577861D-02
  5   3    0.8809527396D-01
  5   4   -0.6673915289D-03
  5   5   -0.5896828216D+01
  5   6    0.1581663667D-18
  5   7   -0.1294875009D-15
  5   8   -0.5004912992D-15
  5   9   -0.1978726352D-15
  5  10   -0.1650079293D-03
  6   1    0.3162255364D-16
  6   2    0.3595328048D-18
  6   3    0.3646231949D-17
  6   4    0.1921996635D-15
  6   5    0.1581663667D-18
  6   6   -0.7288821833D+01
  6   7    0.8881784197D-15
  6   8    0.1264359887D+00
  6   9   -0.2495179636D-01
  6  10   -0.1018594359D-14
  7   1    0.2316704213D-15
  7   2    0.2824643243D-19
  7   3    0.4843324072D-18
  7   4    0.1810423421D-17
  7   5   -0.1294875009D-15
  7   6    0.1332267630D-14
  7   7   -0.7288821833D+01
  7   8    0.2495179636D-01
  7   9    0.1264359887D+00
  7  10   -0.7653770808D-16
  8   1    0.1604917989D-14
  8   2    0.3028015286D-17
  8   3    0.3268227597D-16
  8   4    0.3167387243D-14
  8   5   -0.5004912992D-15
  8   6    0.1264359887D+00
  8   7    0.2495179636D-01
  8   8   -0.5891720972D+01
  8   9    0.2175343239D-14
  8  10   -0.1089156701D-13
  9   1    0.1031249340D-14
  9   2   -0.5075805884D-18
  9   3   -0.6056307746D-17
  9   4   -0.1227598350D-14
  9   5   -0.1978726352D-15
  9   6   -0.2495179636D-01
  9   7    0.1264359887D+00
  9   8    0.1883909695D-14
  9   9   -0.5891720972D+01
  9  10    0.1416881859D-14
 10   1    0.1178062638D-01
 10   2    0.2578725265D-04
 10   3    0.9319165009D-04
 10   4    0.6340960964D-01
 10   5   -0.1650079293D-03
 10   6   -0.1018594359D-14
 10   7   -0.7653770808D-16
 10   8   -0.1089156701D-13
 10   9    0.1416881859D-14
 10  10   -0.7310869552D+01
