  1   1   -0.3232211842D+02
  1   2    0.2112827576D-05
  1   3    0.2639477903D-03
  1   4    0.6191901188D+00
  1   5   -0.3650940766D-04
  1   6    0.5115488773D-16
  1   7   -0.3944240861D-15
  1   8   -0.1549010808D-14
  1   9   -0.1474223599D-14
  1  10    0.8510888197D-02
  2   1    0.2112827576D-05
  2   2   -0.2500877036D+02
  2   3    0.4776388382D+00
  2   4   -0.1842650986D-03
  2   5   -0.6533303275D-02
  2   6    0.2370719803D-18
  2   7    0.4974274304D-18
  2   8    0.1746790972D-17
  2   9    0.3775306483D-17
  2  10    0.3155521082D-05
  3   1    0.2639477903D-03
  3   2    0.4776388382D+00
  3   3   -0.6106963848D+01
  3   4   -0.6356203130D-03
  3   5   -0.6304201670D-01
  3   6    0.2284163175D-17
  3   7    0.4686282351D-17
  3   8    0.1776103234D-16
  3   9    0.3507522948D-16
  3  10    0.2816012958D-04
  4   1    0.6191901188D+00
  4   2   -0.1842650986D-03
  4   3   -0.6356203130D-03
  4   4   -0.7659963265D+01
  4   5    0.1438744913D-03
  4   6    0.4593523866D-16
  4   7   -0.4849090070D-16
  4   8    0.1931970343D-15
  4   9   -0.3249677736D-15
  4  10    0.4523134318D-01
  5   1   -0.3650940766D-04
  5   2   -0.6533303275D-02
  5   3   -0.6304201670D-01
  5   4    0.1438744913D-03
  5   5   -0.5741605602D+01
  5   6   -0.1452749469D-15
  5   7   -0.3380110425D-15
  5   8   -0.1766769523D-15
  5   9   -0.3087144435D-14
  5  10    0.6546058016D-05
  6   1    0.5115488773D-16
  6   2    0.2370719803D-18
  6   3    0.2284163175D-17
  6   4    0.4593523866D-16
  6   5   -0.1452749469D-15
  6   6   -0.7159081230D+01
  6   7    0.6661338148D-15
  6   8    0.1252552030D+00
  6   9    0.5927183499D-02
  6  10   -0.1399502527D-15
  7   1   -0.3944240861D-15
  7   2    0.4974274304D-18
  7   3    0.4686282351D-17
  7   4   -0.4849090070D-16
  7   5   -0.3380110425D-15
  7   6    0.4440892099D-15
  7   7   -0.7159081230D+01
  7   8   -0.5927183499D-02
  7   9    0.1252552030D+00
  7  10   -0.2038188232D-15
  8   1   -0.1549010808D-14
  8   2    0.1746790972D-17
  8   3    0.1776103234D-16
  8   4    0.1931970343D-15
  8   5   -0.1766769523D-15
  8   6    0.1252552030D+00
  8   7   -0.5927183499D-02
  8   8   -0.5742350102D+01
  8   9    0.2702699176D-14
  8  10   -0.3573172655D-14
  9   1   -0.1474223599D-14
  9   2    0.3775306483D-17
  9   3    0.3507522948D-16
  9   4   -0.3249677736D-15
  9   5   -0.3087144435D-14
  9   6    0.5927183499D-02
  9   7    0.1252552030D+00
  9   8    0.2719179049D-14
  9   9   -0.5742350102D+01
  9  10   -0.2288613361D-14
 10   1    0.8510888197D-02
 10   2    0.3155521082D-05
 10   3    0.2816012958D-04
 10   4    0.4523134318D-01
 10   5    0.6546058016D-05
 10   6   -0.1399502527D-15
 10   7   -0.2038188232D-15
 10   8   -0.3573172655D-14
 10   9   -0.2288613361D-14
 10  10   -0.7176378106D+01
