  1   1   -0.3233731156D+02
  1   2    0.2255634675D-05
  1   3    0.2855113167D-03
  1   4    0.6191765180D+00
  1   5   -0.4157776539D-04
  1   6    0.2120972020D-15
  1   7    0.7636270726D-16
  1   8    0.1551370771D-14
  1   9    0.1161292159D-14
  1  10    0.8862862117D-02
  2   1    0.2255634675D-05
  2   2   -0.2502613291D+02
  2   3    0.4776468758D+00
  2   4   -0.1996555590D-03
  2   5   -0.6822957964D-02
  2   6    0.4393210304D-18
  2   7    0.2546359955D-18
  2   8    0.4131222777D-17
  2   9    0.1949134225D-17
  2  10    0.3728640868D-05
  3   1    0.2855113167D-03
  3   2    0.4776468758D+00
  3   3   -0.6124342503D+01
  3   4   -0.6875688267D-03
  3   5   -0.6571470451D-01
  3   6    0.4081059551D-17
  3   7    0.2253258317D-17
  3   8    0.3886738971D-16
  3   9    0.1598163807D-16
  3  10    0.3188685633D-04
  4   1    0.6191765180D+00
  4   2   -0.1996555590D-03
  4   3   -0.6875688267D-03
  4   4   -0.7675201836D+01
  4   5    0.1626965675D-03
  4   6   -0.3139703689D-15
  4   7   -0.3362208949D-15
  4   8   -0.3381677717D-14
  4   9   -0.3876149047D-14
  4  10    0.4716500706D-01
  5   1   -0.4157776539D-04
  5   2   -0.6822957964D-02
  5   3   -0.6571470451D-01
  5   4    0.1626965675D-03
  5   5   -0.5759400654D+01
  5   6   -0.2406830835D-15
  5   7   -0.1318384806D-15
  5   8   -0.1817792109D-14
  5   9   -0.1572465050D-14
  5  10    0.1029117359D-04
  6   1    0.2120972020D-15
  6   2    0.4393210304D-18
  6   3    0.4081059551D-17
  6   4   -0.3139703689D-15
  6   5   -0.2406830835D-15
  6   6   -0.7174050641D+01
  6   7   -0.8437694987D-14
  6   8    0.1257330166D+00
  6   9    0.4090683087D-04
  6  10    0.3380946612D-15
  7   1    0.7636270726D-16
  7   2    0.2546359955D-18
  7   3    0.2253258317D-17
  7   4   -0.3362208949D-15
  7   5   -0.1318384806D-15
  7   6   -0.8437694987D-14
  7   7   -0.7174050641D+01
  7   8   -0.4090683087D-04
  7   9    0.1257330164D+00
  7  10    0.2279613276D-15
  8   1    0.1551370771D-14
  8   2    0.4131222777D-17
  8   3    0.3886738971D-16
  8   4   -0.3381677717D-14
  8   5   -0.1817792109D-14
  8   6    0.1257330166D+00
  8   7   -0.4090683087D-04
  8   8   -0.5759565729D+01
  8   9   -0.7004813396D-14
  8  10    0.3494348327D-14
  9   1    0.1161292159D-14
  9   2    0.1949134225D-17
  9   3    0.1598163807D-16
  9   4   -0.3876149047D-14
  9   5   -0.1572465050D-14
  9   6    0.4090683087D-04
  9   7    0.1257330164D+00
  9   8   -0.7487066522D-14
  9   9   -0.5759565729D+01
  9  10    0.2416212412D-14
 10   1    0.8862862117D-02
 10   2    0.3728640868D-05
 10   3    0.3188685633D-04
 10   4    0.4716500706D-01
 10   5    0.1029117359D-04
 10   6    0.3380946612D-15
 10   7    0.2279613276D-15
 10   8    0.3494348327D-14
 10   9    0.2416212412D-14
 10  10   -0.7191818143D+01
