  1   1   -0.3234515057D+02
  1   2    0.2331630967D-05
  1   3    0.2973479376D-03
  1   4   -0.6191692971D+00
  1   5    0.4475374868D-04
  1   6    0.6350214307D-13
  1   7    0.2387101104D-12
  1   8   -0.1464384013D-13
  1   9   -0.2233669044D-14
  1  10   -0.9046997752D-02
  2   1    0.2331630967D-05
  2   2   -0.2503509124D+02
  2   3    0.4776511045D+00
  2   4    0.2081366634D-03
  2   5    0.6975147037D-02
  2   6   -0.5575358421D-17
  2   7   -0.2158750080D-16
  2   8   -0.2107817482D-14
  2   9   -0.7895860991D-15
  2  10   -0.4101599437D-05
  3   1    0.2973479376D-03
  3   2    0.4776511045D+00
  3   3   -0.6133309713D+01
  3   4    0.7161631144D-03
  3   5    0.6711517269D-01
  3   6    0.2836128784D-15
  3   7    0.1061332716D-14
  3   8    0.2310878560D-14
  3   9    0.8789905922D-15
  3  10   -0.3404418314D-04
  4   1   -0.6191692971D+00
  4   2    0.2081366634D-03
  4   3    0.7161631144D-03
  4   4   -0.7683065360D+01
  4   5    0.1741941386D-03
  4   6   -0.2286272764D-12
  4   7   -0.8612949871D-12
  4   8    0.1054759016D-12
  4   9    0.4176933971D-13
  4  10    0.4817875892D-01
  5   1    0.4475374868D-04
  5   2    0.6975147037D-02
  5   3    0.6711517269D-01
  5   4    0.1741941386D-03
  5   5   -0.5768588927D+01
  5   6   -0.1347537433D-15
  5   7   -0.6366657409D-15
  5   8   -0.4097159176D-16
  5   9    0.5380030164D-15
  5  10    0.1291935693D-04
  6   1    0.6350214307D-13
  6   2   -0.5575358421D-17
  6   3    0.2836128784D-15
  6   4   -0.2286272764D-12
  6   5   -0.1347537433D-15
  6   6   -0.7181770728D+01
  6   7   -0.1110223717D-14
  6   8   -0.1246573674D-01
  6   9    0.1252938976D+00
  6  10    0.3333058124D-13
  7   1    0.2387101104D-12
  7   2   -0.2158750080D-16
  7   3    0.1061332716D-14
  7   4   -0.8612949871D-12
  7   5   -0.6366657409D-15
  7   6   -0.6661345071D-15
  7   7   -0.7181770728D+01
  7   8    0.1252938976D+00
  7   9    0.1246573674D-01
  7  10    0.1259958667D-12
  8   1   -0.1464384013D-13
  8   2   -0.2107817482D-14
  8   3    0.2310878560D-14
  8   4    0.1054759016D-12
  8   5   -0.4097159176D-16
  8   6   -0.1246573674D-01
  8   7    0.1252938976D+00
  8   8   -0.5768445671D+01
  8   9    0.2766883937D-14
  8  10   -0.9700673804D-14
  9   1   -0.2233669044D-14
  9   2   -0.7895860991D-15
  9   3    0.8789905922D-15
  9   4    0.4176933971D-13
  9   5    0.5380030164D-15
  9   6    0.1252938976D+00
  9   7    0.1246573674D-01
  9   8    0.2947295179D-14
  9   9   -0.5768445671D+01
  9  10   -0.4175140234D-14
 10   1   -0.9046997752D-02
 10   2   -0.4101599437D-05
 10   3   -0.3404418314D-04
 10   4    0.4817875892D-01
 10   5    0.1291935693D-04
 10   6    0.3333058124D-13
 10   7    0.1259958667D-12
 10   8   -0.9700673804D-14
 10   9   -0.4175140234D-14
 10  10   -0.7199788289D+01
