  1   1   -0.3237824870D+02
  1   2    0.2668139277D-05
  1   3    0.3539874288D-03
  1   4   -0.6191371599D+00
  1   5    0.6459433999D-04
  1   6   -0.2235789570D-15
  1   7   -0.5313454376D-16
  1   8    0.6143824396D-14
  1   9   -0.1504102525D-15
  1  10   -0.9843254210D-02
  2   1    0.2668139277D-05
  2   2   -0.2507291527D+02
  2   3    0.4776696294D+00
  2   4    0.2491080309D-03
  2   5    0.7638514660D-02
  2   6    0.7581340140D-19
  2   7   -0.5398023094D-19
  2   8   -0.3148304611D-18
  2   9   -0.1557927294D-18
  2  10   -0.6594010625D-05
  3   1    0.3539874288D-03
  3   2    0.4776696294D+00
  3   3   -0.6171175915D+01
  3   4    0.8539903941D-03
  3   5    0.7318924844D-01
  3   6    0.8417264302D-18
  3   7   -0.1633504065D-18
  3   8   -0.6045108329D-17
  3   9   -0.4485986488D-17
  3  10   -0.4541790133D-04
  4   1   -0.6191371599D+00
  4   2    0.2491080309D-03
  4   3    0.8539903941D-03
  4   4   -0.7716275261D+01
  4   5    0.2428215980D-03
  4   6   -0.4835941204D-16
  4   7    0.4567211186D-17
  4   8    0.2255879204D-14
  4   9   -0.1384461998D-14
  4  10    0.5257978751D-01
  5   1    0.6459433999D-04
  5   2    0.7638514660D-02
  5   3    0.7318924844D-01
  5   4    0.2428215980D-03
  5   5   -0.5807435768D+01
  5   6   -0.1319860470D-16
  5   7   -0.2278371506D-15
  5   8    0.1061559835D-14
  5   9    0.2146930998D-14
  5  10    0.3171495599D-04
  6   1   -0.2235789570D-15
  6   2    0.7581340140D-19
  6   3    0.8417264302D-18
  6   4   -0.4835941204D-16
  6   5   -0.1319860470D-16
  6   6   -0.7214339356D+01
  6   7    0.3996802889D-14
  6   8   -0.1267124995D+00
  6   9    0.3154841009D-04
  6  10    0.1137461254D-15
  7   1   -0.5313454376D-16
  7   2   -0.5398023094D-19
  7   3   -0.1633504065D-18
  7   4    0.4567211186D-17
  7   5   -0.2278371506D-15
  7   6    0.4440892099D-14
  7   7   -0.7214339356D+01
  7   8   -0.3154841009D-04
  7   9   -0.1267124993D+00
  7  10   -0.8962304826D-16
  8   1    0.6143824396D-14
  8   2   -0.3148304611D-18
  8   3   -0.6045108329D-17
  8   4    0.2255879204D-14
  8   5    0.1061559835D-14
  8   6   -0.1267124995D+00
  8   7   -0.3154841009D-04
  8   8   -0.5805919258D+01
  8   9    0.3781697178D-14
  8  10   -0.1197708929D-14
  9   1   -0.1504102525D-15
  9   2   -0.1557927294D-18
  9   3   -0.4485986488D-17
  9   4   -0.1384461998D-14
  9   5    0.2146930998D-14
  9   6    0.3154841009D-04
  9   7   -0.1267124993D+00
  9   8    0.4534567166D-14
  9   9   -0.5805919258D+01
  9  10    0.2112018611D-14
 10   1   -0.9843254210D-02
 10   2   -0.6594010625D-05
 10   3   -0.4541790133D-04
 10   4    0.5257978751D-01
 10   5    0.3171495599D-04
 10   6    0.1137461254D-15
 10   7   -0.8962304826D-16
 10   8   -0.1197708929D-14
 10   9    0.2112018611D-14
 10  10   -0.7233468690D+01
