  1   1   -0.3235315818D+02
  1   2    0.2410819606D-05
  1   3    0.3099993645D-03
  1   4   -0.6191617673D+00
  1   5    0.4849426119D-04
  1   6    0.2320680021D-15
  1   7    0.2748697260D-15
  1   8   -0.4266791656D-14
  1   9    0.5770253524D-14
  1  10   -0.9236862424D-02
  2   1    0.2410819606D-05
  2   2   -0.2504424223D+02
  2   3    0.4776554836D+00
  2   4    0.2172302962D-03
  2   5    0.7132546505D-02
  2   6    0.8709148446D-19
  2   7   -0.2230518184D-18
  2   8    0.3040521330D-18
  2   9   -0.1750430288D-17
  2  10   -0.4552161167D-05
  3   1    0.3099993645D-03
  3   2    0.4776554836D+00
  3   3   -0.6142470184D+01
  3   4    0.7467980280D-03
  3   5    0.6856084251D-01
  3   6    0.5376473724D-18
  3   7   -0.2067575581D-17
  3   8    0.5731379055D-17
  3   9   -0.1589478903D-16
  3  10   -0.3643718922D-04
  4   1   -0.6191617673D+00
  4   2    0.2172302962D-03
  4   3    0.7467980280D-03
  4   4   -0.7691098761D+01
  4   5    0.1875008554D-03
  4   6    0.4003587634D-16
  4   7   -0.1791562437D-15
  4   8   -0.1454994805D-15
  4   9   -0.1728939800D-14
  4  10    0.4922561140D-01
  5   1    0.4849426119D-04
  5   2    0.7132546505D-02
  5   3    0.6856084251D-01
  5   4    0.1875008554D-03
  5   5   -0.5777979617D+01
  5   6    0.1952511897D-15
  5   7   -0.1006193677D-15
  5   8   -0.1324760911D-14
  5   9   -0.9501020655D-15
  5  10    0.1621114998D-04
  6   1    0.2320680021D-15
  6   2    0.8709148446D-19
  6   3    0.5376473724D-18
  6   4    0.4003587634D-16
  6   5    0.1952511897D-15
  6   6   -0.7189654339D+01
  6   7    0.6661338148D-14
  6   8   -0.1260995969D+00
  6   9   -0.8429464338D-07
  6  10   -0.1402957101D-15
  7   1    0.2748697260D-15
  7   2   -0.2230518184D-18
  7   3   -0.2067575581D-17
  7   4   -0.1791562437D-15
  7   5   -0.1006193677D-15
  7   6    0.6661338148D-14
  7   7   -0.7189654339D+01
  7   8   -0.8429467394D-07
  7   9    0.1260995967D+00
  7  10   -0.1611912619D-16
  8   1   -0.4266791656D-14
  8   2    0.3040521330D-18
  8   3    0.5731379055D-17
  8   4   -0.1454994805D-15
  8   5   -0.1324760911D-14
  8   6   -0.1260995969D+00
  8   7   -0.8429467396D-07
  8   8   -0.5777514745D+01
  8   9    0.6963180033D-14
  8  10    0.1092935776D-14
  9   1    0.5770253524D-14
  9   2   -0.1750430288D-17
  9   3   -0.1589478903D-16
  9   4   -0.1728939800D-14
  9   5   -0.9501020655D-15
  9   6   -0.8429464335D-07
  9   7    0.1260995967D+00
  9   8    0.7310124728D-14
  9   9   -0.5777514745D+01
  9  10   -0.1438918398D-15
 10   1   -0.9236862424D-02
 10   2   -0.4552161167D-05
 10   3   -0.3643718922D-04
 10   4    0.4922561140D-01
 10   5    0.1621114998D-04
 10   6   -0.1402957101D-15
 10   7   -0.1611912619D-16
 10   8    0.1092935776D-14
 10   9   -0.1438918398D-15
 10  10   -0.7207932497D+01
