  1   1   -0.3231475441D+02
  1   2    0.2045792096D-05
  1   3    0.2540848206D-03
  1   4    0.6191965271D+00
  1   5   -0.3446036759D-04
  1   6   -0.2968956973D-15
  1   7    0.1867578140D-15
  1   8   -0.9721739501D-15
  1   9    0.3697945848D-14
  1  10    0.8342631544D-02
  2   1    0.2045792096D-05
  2   2   -0.2500035483D+02
  2   3    0.4776350162D+00
  2   4   -0.1772487512D-03
  2   5   -0.6395415132D-02
  2   6   -0.1699474365D-18
  2   7    0.4771614078D-18
  2   8    0.1334484004D-17
  2   9    0.8646015320D-18
  2  10    0.2932825724D-05
  3   1    0.2540848206D-03
  3   2    0.4776350162D+00
  3   3   -0.6098541015D+01
  3   4   -0.6119104513D-03
  3   5   -0.6176634993D-01
  3   6   -0.1594561399D-17
  3   7    0.4593693008D-17
  3   8    0.1258750218D-16
  3   9    0.8115377635D-17
  3  10    0.2654155917D-04
  4   1    0.6191965271D+00
  4   2   -0.1772487512D-03
  4   3   -0.6119104513D-03
  4   4   -0.7652578185D+01
  4   5    0.1360686077D-03
  4   6    0.3277283214D-16
  4   7   -0.1090622484D-15
  4   8   -0.6272212846D-15
  4   9    0.7391331162D-16
  4  10    0.4430887475D-01
  5   1   -0.3446036759D-04
  5   2   -0.6395415132D-02
  5   3   -0.6176634993D-01
  5   4    0.1360686077D-03
  5   5   -0.5732986622D+01
  5   6    0.1388325560D-15
  5   7   -0.2278893610D-15
  5   8   -0.6510883747D-15
  5   9   -0.6443103283D-15
  5  10    0.5239899879D-05
  6   1   -0.2968956973D-15
  6   2   -0.1699474365D-18
  6   3   -0.1594561399D-17
  6   4    0.3277283214D-16
  6   5    0.1388325560D-15
  6   6   -0.7151822510D+01
  6   7    0.3108624469D-14
  6   8    0.1032975810D+00
  6   9   -0.7080781614D-01
  6  10    0.2264377083D-15
  7   1    0.1867578140D-15
  7   2    0.4771614078D-18
  7   3    0.4593693008D-17
  7   4   -0.1090622484D-15
  7   5   -0.2278893610D-15
  7   6    0.1776356839D-14
  7   7   -0.7151822510D+01
  7   8    0.7080781614D-01
  7   9    0.1032975810D+00
  7  10    0.2708101418D-15
  8   1   -0.9721739501D-15
  8   2    0.1334484004D-17
  8   3    0.1258750218D-16
  8   4   -0.6272212846D-15
  8   5   -0.6510883747D-15
  8   6    0.1032975810D+00
  8   7    0.7080781614D-01
  8   8   -0.5734003413D+01
  8   9    0.2496267082D-14
  8  10    0.1103882170D-14
  9   1    0.3697945848D-14
  9   2    0.8646015320D-18
  9   3    0.8115377635D-17
  9   4    0.7391331162D-16
  9   5   -0.6443103283D-15
  9   6   -0.7080781614D-01
  9   7    0.1032975810D+00
  9   8    0.2536165722D-14
  9   9   -0.5734003413D+01
  9  10   -0.7629004656D-16
 10   1    0.8342631544D-02
 10   2    0.2932825724D-05
 10   3    0.2654155917D-04
 10   4    0.4430887475D-01
 10   5    0.5239899879D-05
 10   6    0.2264377083D-15
 10   7    0.2708101418D-15
 10   8    0.1103882170D-14
 10   9   -0.7629004656D-16
 10  10   -0.7168897820D+01
