  1   1   -0.3230753917D+02
  1   2    0.1981510924D-05
  1   3    0.2447603120D-03
  1   4   -0.6192026987D+00
  1   5    0.3265551022D-04
  1   6    0.3697622364D-15
  1   7    0.7812810658D-15
  1   8   -0.1315863297D-14
  1   9    0.1120587717D-14
  1  10   -0.8179265590D-02
  2   1    0.1981510924D-05
  2   2   -0.2499210931D+02
  2   3    0.4776313169D+00
  2   4    0.1706273259D-03
  2   5    0.6261890205D-02
  2   6   -0.3621779480D-18
  2   7    0.3093130772D-18
  2   8    0.2378145494D-18
  2   9    0.3936399764D-17
  2  10   -0.2741520444D-05
  3   1    0.2447603120D-03
  3   2    0.4776313169D+00
  3   3   -0.6090288637D+01
  3   4    0.5895182586D-03
  3   5    0.6052897988D-01
  3   6   -0.3424931388D-17
  3   7    0.2685038905D-17
  3   8    0.1372123969D-17
  3   9    0.3531496517D-16
  3  10   -0.2505931015D-04
  4   1   -0.6192026987D+00
  4   2    0.1706273259D-03
  4   3    0.5895182586D-03
  4   4   -0.7645342894D+01
  4   5    0.1290879670D-03
  4   6   -0.2302063469D-15
  4   7    0.1829991671D-15
  4   8    0.1500656916D-14
  4   9    0.2907785353D-14
  4  10    0.4341438579D-01
  5   1    0.3265551022D-04
  5   2    0.6261890205D-02
  5   3    0.6052897988D-01
  5   4    0.1290879670D-03
  5   5   -0.5724545629D+01
  5   6   -0.1619114229D-15
  5   7    0.4347483668D-15
  5   8    0.7314746475D-16
  5   9    0.3873925449D-14
  5  10    0.4212530064D-05
  6   1    0.3697622364D-15
  6   2   -0.3621779480D-18
  6   3   -0.3424931388D-17
  6   4   -0.2302063469D-15
  6   5   -0.1619114229D-15
  6   6   -0.7144708471D+01
  6   7   -0.3108624469D-14
  6   8   -0.8109518005D-01
  6   9   -0.9523356136D-01
  6  10   -0.9981269368D-16
  7   1    0.7812810658D-15
  7   2    0.3093130772D-18
  7   3    0.2685038905D-17
  7   4    0.1829991671D-15
  7   5    0.4347483668D-15
  7   6   -0.2220446049D-14
  7   7   -0.7144708471D+01
  7   8   -0.9523356136D-01
  7   9    0.8109518005D-01
  7  10   -0.4176225105D-16
  8   1   -0.1315863297D-14
  8   2    0.2378145494D-18
  8   3    0.1372123969D-17
  8   4    0.1500656916D-14
  8   5    0.7314746475D-16
  8   6   -0.8109518005D-01
  8   7   -0.9523356136D-01
  8   8   -0.5725823859D+01
  8   9   -0.5117434254D-15
  8  10   -0.5637858774D-15
  9   1    0.1120587717D-14
  9   2    0.3936399764D-17
  9   3    0.3531496517D-16
  9   4    0.2907785353D-14
  9   5    0.3873925449D-14
  9   6   -0.9523356136D-01
  9   7    0.8109518005D-01
  9   8   -0.3625572065D-15
  9   9   -0.5725823859D+01
  9  10   -0.9484460433D-15
 10   1   -0.8179265590D-02
 10   2   -0.2741520444D-05
 10   3   -0.2505931015D-04
 10   4    0.4341438579D-01
 10   5    0.4212530064D-05
 10   6   -0.9981269368D-16
 10   7   -0.4176225105D-16
 10   8   -0.5637858774D-15
 10   9   -0.9484460433D-15
 10  10   -0.7161570784D+01
