  1   1   -0.3232963586D+02
  1   2    0.2182736390D-05
  1   3    0.2744024663D-03
  1   4    0.6191834525D+00
  1   5   -0.3885858707D-04
  1   6    0.4459210828D-15
  1   7    0.4844274303D-15
  1   8    0.1163260024D-14
  1   9    0.5870125822D-14
  1  10    0.8684230388D-02
  2   1    0.2182736390D-05
  2   2   -0.2501736121D+02
  2   3    0.4776427881D+00
  2   4   -0.1917177315D-03
  2   5   -0.6675749174D-02
  2   6   -0.2221847922D-18
  2   7    0.3515022872D-18
  2   8    0.2612743613D-17
  2   9    0.5699542973D-18
  2  10    0.3417470772D-05
  3   1    0.2744024663D-03
  3   2    0.4776427881D+00
  3   3   -0.6115562486D+01
  3   4   -0.6607855421D-03
  3   5   -0.6435757516D-01
  3   6   -0.2403617831D-17
  3   7    0.3053649637D-17
  3   8    0.2316603356D-16
  3   9    0.1734687170D-17
  3  10    0.2993433996D-04
  4   1    0.6191834525D+00
  4   2   -0.1917177315D-03
  4   3   -0.6607855421D-03
  4   4   -0.7667502845D+01
  4   5    0.1526787749D-03
  4   6   -0.2326622430D-15
  4   7   -0.3997888449D-16
  4   8    0.8127269978D-15
  4   9   -0.1433368933D-14
  4  10    0.4618297240D-01
  5   1   -0.3885858707D-04
  5   2   -0.6675749174D-02
  5   3   -0.6435757516D-01
  5   4    0.1526787749D-03
  5   5   -0.5750408290D+01
  5   6    0.4743937399D-17
  5   7   -0.3815687565D-15
  5   8   -0.3177426446D-14
  5   9   -0.2322916494D-14
  5  10    0.8201193182D-05
  6   1    0.4459210828D-15
  6   2   -0.2221847922D-18
  6   3   -0.2403617831D-17
  6   4   -0.2326622430D-15
  6   5    0.4743937399D-17
  6   6   -0.7166489072D+01
  6   7   -0.3996802889D-14
  6   8   -0.8933319386D-01
  6   9    0.8823317661D-01
  6  10   -0.1095189655D-15
  7   1    0.4844274303D-15
  7   2    0.3515022872D-18
  7   3    0.3053649637D-17
  7   4   -0.3997888449D-16
  7   5   -0.3815687565D-15
  7   6   -0.4440892099D-14
  7   7   -0.7166489072D+01
  7   8    0.8823317661D-01
  7   9    0.8933319386D-01
  7  10   -0.1726852473D-15
  8   1    0.1163260024D-14
  8   2    0.2612743613D-17
  8   3    0.2316603356D-16
  8   4    0.8127269978D-15
  8   5   -0.3177426446D-14
  8   6   -0.8933319386D-01
  8   7    0.8823317661D-01
  8   8   -0.5750869078D+01
  8   9   -0.6264520153D-15
  8  10   -0.2491188507D-15
  9   1    0.5870125822D-14
  9   2    0.5699542973D-18
  9   3    0.1734687170D-17
  9   4   -0.1433368933D-14
  9   5   -0.2322916494D-14
  9   6    0.8823317661D-01
  9   7    0.8933319386D-01
  9   8   -0.6136584296D-15
  9   9   -0.5750869078D+01
  9  10   -0.1668845445D-14
 10   1    0.8684230388D-02
 10   2    0.3417470772D-05
 10   3    0.2993433996D-04
 10   4    0.4618297240D-01
 10   5    0.8201193182D-05
 10   6   -0.1095189655D-15
 10   7   -0.1726852473D-15
 10   8   -0.2491188507D-15
 10   9   -0.1668845445D-14
 10  10   -0.7184016518D+01
