  1   1   -0.3236970137D+02
  1   2    0.2579048653D-05
  1   3    0.3381826072D-03
  1   4   -0.6191457239D+00
  1   5    0.5823212274D-04
  1   6   -0.5477451697D-15
  1   7   -0.3115063033D-15
  1   8    0.9389379245D-14
  1   9   -0.3423725053D-14
  1  10   -0.9634735829D-02
  2   1    0.2579048653D-05
  2   2   -0.2506314754D+02
  2   3    0.4776647373D+00
  2   4    0.2376053181D-03
  2   5    0.7463964140D-02
  2   6   -0.1481910137D-18
  2   7   -0.5843227294D-18
  2   8    0.3490673406D-17
  2   9   -0.2365484807D-17
  2  10   -0.5770525948D-05
  3   1    0.3381826072D-03
  3   2    0.4776647373D+00
  3   3   -0.6161396522D+01
  3   4    0.8153472719D-03
  3   5    0.7159575162D-01
  3   6   -0.1135664681D-17
  3   7   -0.5664448745D-17
  3   8    0.2910422087D-16
  3   9   -0.2278113364D-16
  3  10   -0.4207955692D-04
  4   1   -0.6191457239D+00
  4   2    0.2376053181D-03
  4   3    0.8153472719D-03
  4   4   -0.7707697755D+01
  4   5    0.2212592624D-03
  4   6   -0.7198081641D-15
  4   7    0.8628913848D-16
  4   8    0.3500264271D-14
  4   9   -0.2695505305D-14
  4  10    0.5142454056D-01
  5   1    0.5823212274D-04
  5   2    0.7463964140D-02
  5   3    0.7159575162D-01
  5   4    0.2212592624D-03
  5   5   -0.5797395763D+01
  5   6    0.6431540625D-16
  5   7   -0.3330888816D-15
  5   8    0.3168564350D-14
  5   9   -0.6388433303D-15
  5  10    0.2541411792D-04
  6   1   -0.5477451697D-15
  6   2   -0.1481910137D-18
  6   3   -0.1135664681D-17
  6   4   -0.7198081641D-15
  6   5    0.6431540625D-16
  6   6   -0.7205933120D+01
  6   7    0.1332267630D-13
  6   8   -0.1264990077D+00
  6   9   -0.5161268825D-05
  6  10    0.7327723879D-16
  7   1   -0.3115063033D-15
  7   2   -0.5843227294D-18
  7   3   -0.5664448745D-17
  7   4    0.8628913848D-16
  7   5   -0.3330888816D-15
  7   6    0.1287858709D-13
  7   7   -0.7205933120D+01
  7   8   -0.5161268904D-05
  7   9    0.1264990075D+00
  7  10    0.3479979868D-15
  8   1    0.9389379245D-14
  8   2    0.3490673406D-17
  8   3    0.2910422087D-16
  8   4    0.3500264271D-14
  8   5    0.3168564350D-14
  8   6   -0.1264990077D+00
  8   7   -0.5161268904D-05
  8   8   -0.5796245021D+01
  8   9    0.1412064909D-14
  8  10   -0.3343062053D-16
  9   1   -0.3423725053D-14
  9   2   -0.2365484807D-17
  9   3   -0.2278113364D-16
  9   4   -0.2695505305D-14
  9   5   -0.6388433303D-15
  9   6   -0.5161268825D-05
  9   7    0.1264990075D+00
  9   8    0.1040834086D-14
  9   9   -0.5796245021D+01
  9  10    0.3320556683D-14
 10   1   -0.9634735829D-02
 10   2   -0.5770525948D-05
 10   3   -0.4207955692D-04
 10   4    0.5142454056D-01
 10   5    0.2541411792D-04
 10   6    0.7327723879D-16
 10   7    0.3479979868D-15
 10   8   -0.3343062053D-16
 10   9    0.3320556683D-14
 10  10   -0.7224766511D+01
