Lodwin Orthonormalized
TOTAL ENERGY: -123.347938076024	 lambda: -5	 population of target: 4.00000000000075
1RDM: 
     1.99997463063585   0.00166138993446258  3.01789704383095e-05 -2.44554276954744e-18 -4.38987705894377e-18 -6.20204872895201e-13 -8.56545148454665e-11  -3.1387850917159e-10  -3.0498522133675e-20 -6.58487846087288e-21
  0.00166138993446258      1.88572591793558   -0.0323912104299346 -1.16818709063952e-15  -1.2509718735559e-15  8.35448286080094e-11   1.0930225310586e-08  4.05222869325332e-08 -2.60391064460979e-18 -1.66816929845614e-19
 3.01789704383095e-05   -0.0323912104299346     0.038118829529844  4.01279003839988e-17  4.00896720709399e-17  2.64720680827295e-09  3.27113234186604e-07  1.22855389012567e-06 -3.05749568385404e-16 -4.02538154743546e-17
-2.44554276954744e-18 -1.16818709063952e-15  4.01279003839988e-17    0.0380903109497819   1.8556691712167e-17 -9.05511149636219e-18 -2.46142262920405e-16  4.94770432552069e-16 -4.18218758718152e-08  4.74170557307976e-17
-4.38987705894377e-18  -1.2509718735559e-15  4.00896720709399e-17   1.8556691712167e-17    0.0380903109497824 -2.60959047272229e-16  1.15943421638879e-17 -6.63141703602591e-18 -3.91733548949292e-16  4.18218772933879e-08
-6.20204872895201e-13  8.35448286080094e-11  2.64720680827295e-09 -9.05511149636219e-18 -2.60959047272229e-16                     2 -4.43317710483405e-16 -1.66481958709137e-15  2.18211517416279e-25  5.61693373793337e-24
-8.56545148454665e-11   1.0930225310586e-08  3.27113234186604e-07 -2.46142262920405e-16  1.15943421638879e-17 -4.43317710483405e-16      1.99999999999995 -2.05826452123803e-13  4.56156117823748e-23  6.44062019609461e-24
 -3.1387850917159e-10  4.05222869325332e-08  1.22855389012567e-06  4.94770432552069e-16 -6.63141703602591e-18 -1.66481958709137e-15 -2.05826452123803e-13      1.99999999999923   2.0154996340112e-22  2.52569551727341e-23
 -3.0498522133675e-20 -2.60391064460979e-18 -3.05749568385404e-16 -4.18218758718152e-08 -3.91733548949292e-16  2.18211517416279e-25  4.56156117823748e-23   2.0154996340112e-22                     2  9.36130318791835e-24
-6.58487846087288e-21 -1.66816929845614e-19 -4.02538154743546e-17  4.74170557307976e-17  4.18218772933879e-08  5.61693373793337e-24  6.44062019609461e-24  2.52569551727341e-23  9.36130318791835e-24                     2
TOTAL ENERGY: -123.347938076024	 lambda: -4.95	 population of target: 4.00000000000078
1RDM: 
     1.99997463063491   0.00166138996283344  3.01789447271601e-05 -2.91713896482738e-18 -4.04298992047394e-18 -6.40901128854777e-13 -8.67201493154917e-11 -3.18432074599803e-10 -1.80793718985082e-20 -5.12384138504087e-21
  0.00166138996283344      1.88572591788823   -0.0323912104166655 -1.00231301101205e-15 -1.29045450039795e-15  8.48966194655948e-11  1.10804855523693e-08   4.1214355141145e-08  6.82044229095672e-19  2.67078813702706e-19
 3.01789447271601e-05   -0.0323912104166655    0.0381188296845262  3.38116084104127e-17  4.21507092747817e-17  2.64427954974629e-09  3.32088398122164e-07  1.25306910343007e-06 -3.60309938946231e-17 -5.43781705383722e-18
-2.91713896482738e-18 -1.00231301101205e-15  3.38116084104127e-17    0.0380903108966037   2.0473922032457e-17 -6.23616920050277e-18  -1.9192483013303e-16  9.93503326284121e-17 -4.26577716149937e-08 -1.58440845407435e-16
-4.04298992047394e-18 -1.29045450039795e-15  4.21507092747817e-17   2.0473922032457e-17     0.038090310896591 -2.62478835394032e-16  1.07412563302739e-17 -1.30846650939854e-19 -2.75226545618828e-16  4.26577713052551e-08
-6.40901128854777e-13  8.48966194655948e-11  2.64427954974629e-09 -6.23616920050277e-18 -2.62478835394032e-16                     2 -4.49626460588576e-16 -1.69636962891808e-15 -8.74982545565658e-26  5.71428222059286e-24
-8.67201493154917e-11  1.10804855523693e-08  3.32088398122164e-07  -1.9192483013303e-16  1.07412563302739e-17 -4.49626460588576e-16      1.99999999999994 -2.13118232013453e-13  1.86331655816346e-24   6.6940940539398e-25
-3.18432074599803e-10   4.1214355141145e-08  1.25306910343007e-06  9.93503326284121e-17 -1.30846650939854e-19 -1.69636962891808e-15 -2.13118232013453e-13       1.9999999999992   2.4943401194146e-23  3.41176365885249e-24
-1.80793718985082e-20  6.82044229095672e-19 -3.60309938946231e-17 -4.26577716149937e-08 -2.75226545618828e-16 -8.74982545565658e-26  1.86331655816346e-24   2.4943401194146e-23                     2   2.5323800606777e-24
-5.12384138504087e-21  2.67078813702706e-19 -5.43781705383722e-18 -1.58440845407435e-16  4.26577713052551e-08  5.71428222059286e-24   6.6940940539398e-25  3.41176365885249e-24   2.5323800606777e-24                     2
TOTAL ENERGY: -123.347938076024	 lambda: -4.9	 population of target: 4.00000000000081
1RDM: 
     1.99997463063541   0.00166138995215903  3.01789567391578e-05 -3.11581828950456e-18  -3.8276985815716e-18 -6.48598239291689e-13  -8.7848531801019e-11 -3.23920258813912e-10 -1.63984878373916e-20 -4.84480377352506e-21
  0.00166138995215903      1.88572591713826   -0.0323912104349533 -9.09065910502378e-16 -1.29469183918541e-15  8.60111395951679e-11  1.12327798464001e-08  4.19852208624916e-08  1.41632636509671e-18  3.69938264166529e-19
 3.01789567391578e-05   -0.0323912104349533    0.0381188298883464  2.90894070447256e-17  4.24947781604415e-17  2.68190505882181e-09  3.36940930804756e-07  1.27857257031493e-06  1.89551856910724e-17   2.4604845835431e-18
-3.11581828950456e-18 -9.09065910502378e-16  2.90894070447256e-17     0.038090311169443  1.82609235346923e-17 -6.59719584706459e-18 -2.02843303294224e-16  8.33954756168629e-17 -4.35147814908839e-08 -2.41317617132836e-16
 -3.8276985815716e-18 -1.29469183918541e-15  4.24947781604415e-17  1.82609235346923e-17    0.0380903111694389 -2.63955406545169e-16  1.08474710382017e-17  1.15712006317279e-19 -1.92887714830345e-16  4.35147812578476e-08
-6.48598239291689e-13  8.60111395951679e-11  2.68190505882181e-09 -6.59719584706459e-18 -2.63955406545169e-16                     2 -4.62681179081129e-16 -1.75548579459044e-15 -1.72612150311767e-25  5.85100518430986e-24
 -8.7848531801019e-11  1.12327798464001e-08  3.36940930804756e-07 -2.02843303294224e-16  1.08474710382017e-17 -4.62681179081129e-16      1.99999999999994 -2.20627904597808e-13 -7.80964865014619e-24 -6.79579421535593e-25
-3.23920258813912e-10  4.19852208624916e-08  1.27857257031493e-06  8.33954756168629e-17  1.15712006317279e-19 -1.75548579459044e-15 -2.20627904597808e-13      1.99999999999916 -1.07049544673679e-23 -1.66624663812604e-24
-1.63984878373916e-20  1.41632636509671e-18  1.89551856910724e-17 -4.35147814908839e-08 -1.92887714830345e-16 -1.72612150311767e-25 -7.80964865014619e-24 -1.07049544673679e-23                     2 -1.07403926817263e-24
-4.84480377352506e-21  3.69938264166529e-19   2.4604845835431e-18 -2.41317617132836e-16  4.35147812578476e-08  5.85100518430986e-24 -6.79579421535593e-25 -1.66624663812604e-24 -1.07403926817263e-24                     2
TOTAL ENERGY: -123.347938076024	 lambda: -4.85	 population of target: 4.00000000000084
1RDM: 
     1.99997463063523   0.00166138995046346  3.01789452766676e-05 -2.81905724592045e-18 -3.78716178675793e-18 -6.50409139190824e-13 -8.90240979018601e-11 -3.29279490432193e-10 -1.75568456423984e-20 -5.01373189975516e-21
  0.00166138995046346      1.88572591799266   -0.0323912104055373 -9.48248438922406e-16 -1.25233896577531e-15  8.64285521331166e-11  1.13952129586263e-08  4.27639772888533e-08  1.00951563947475e-18  3.19897484682717e-19
 3.01789452766676e-05   -0.0323912104055373    0.0381188295102368   3.1002142136529e-17  4.08130829215328e-17  2.70117766905056e-09  3.42223326402894e-07   1.3051363321077e-06 -1.21874974418764e-17 -1.45075220132533e-18
-2.81905724592045e-18 -9.48248438922406e-16   3.1002142136529e-17    0.0380903109313985  1.76219314702217e-17 -6.67503869209206e-18 -1.93536987555962e-16  1.16387626264383e-16 -4.44012436724989e-08 -1.61472037102981e-16
-3.78716178675793e-18 -1.25233896577531e-15  4.08130829215328e-17  1.76219314702217e-17    0.0380903109314002 -2.65439639129957e-16   1.0740349080436e-17 -4.76578882707546e-19 -2.68982725791494e-16  4.44012435909895e-08
-6.50409139190824e-13  8.64285521331166e-11  2.70117766905056e-09 -6.67503869209206e-18 -2.65439639129957e-16                     2  -4.7329426545044e-16 -1.80475764982733e-15 -1.34736180318698e-25  6.00921093369666e-24
-8.90240979018601e-11  1.13952129586263e-08  3.42223326402894e-07 -1.93536987555962e-16   1.0740349080436e-17  -4.7329426545044e-16      1.99999999999994 -2.28735200249852e-13 -2.31460242004795e-24 -7.19256675074967e-27
-3.29279490432193e-10  4.27639772888533e-08   1.3051363321077e-06  1.16387626264383e-16 -4.76578882707546e-19 -1.80475764982733e-15 -2.28735200249852e-13      1.99999999999913  1.05202625325973e-23  9.12849686047704e-25
-1.75568456423984e-20  1.00951563947475e-18 -1.21874974418764e-17 -4.44012436724989e-08 -2.68982725791494e-16 -1.34736180318698e-25 -2.31460242004795e-24  1.05202625325973e-23                     2  2.43349688166658e-24
-5.01373189975516e-21  3.19897484682717e-19 -1.45075220132533e-18 -1.61472037102981e-16  4.44012435909895e-08  6.00921093369666e-24 -7.19256675074967e-27  9.12849686047704e-25  2.43349688166658e-24                     2
TOTAL ENERGY: -123.347938076024	 lambda: -4.8	 population of target: 4.00000000000089
1RDM: 
     1.99997463063354   0.00166139004485095  3.01789460347138e-05  -2.9581262422663e-18 -3.54566493014402e-18 -6.76369332476003e-13 -9.00301656810044e-11 -3.34250932861748e-10 -1.38446688917284e-20 -3.33046685794404e-21
  0.00166139004485095      1.88572591334756   -0.0323912105169562 -8.71145932773425e-16 -1.26338348619059e-15  8.88370618203317e-11  1.15352460297704e-08  4.35341945308167e-08  3.22485612601628e-18  8.97948697853649e-19
 3.01789460347138e-05   -0.0323912105169562    0.0381188305615118  2.76808208357499e-17  4.14982370866221e-17  2.74081806965358e-09  3.46839502069194e-07  1.33287000941621e-06  1.48045980261754e-16  4.36766886525126e-17
 -2.9581262422663e-18 -8.71145932773425e-16  2.76808208357499e-17    0.0380903127291808  1.71073585939252e-17  -1.0420788173361e-17 -2.82778928847205e-16 -8.22837973804264e-17 -4.53914359461363e-08 -3.19630549200299e-15
-3.54566493014402e-18 -1.26338348619059e-15  4.14982370866221e-17  1.71073585939252e-17    0.0380903127291804 -2.66880274153419e-16  1.23540977062863e-17 -4.75752886568151e-18 -1.24778494661344e-16  4.53914348079604e-08
-6.76369332476003e-13  8.88370618203317e-11  2.74081806965358e-09  -1.0420788173361e-17 -2.66880274153419e-16                     2 -4.86756920761285e-16 -1.87032512644428e-15 -4.47640518742498e-25  6.11379526165234e-24
-9.00301656810044e-11  1.15352460297704e-08  3.46839502069194e-07 -2.82778928847205e-16  1.23540977062863e-17 -4.86756920761285e-16      1.99999999999994 -2.36736656889449e-13 -3.27628286555065e-23  -8.0192658576363e-24
-3.34250932861748e-10  4.35341945308167e-08  1.33287000941621e-06 -8.22837973804264e-17 -4.75752886568151e-18 -1.87032512644428e-15 -2.36736656889449e-13      1.99999999999909 -1.02619137080331e-22 -2.95914513178725e-23
-1.38446688917284e-20  3.22485612601628e-18  1.48045980261754e-16 -4.53914359461363e-08 -1.24778494661344e-16 -4.47640518742498e-25 -3.27628286555065e-23 -1.02619137080331e-22                     2  -7.0979733201537e-23
-3.33046685794404e-21  8.97948697853649e-19  4.36766886525126e-17 -3.19630549200299e-15  4.53914348079604e-08  6.11379526165234e-24  -8.0192658576363e-24 -2.95914513178725e-23  -7.0979733201537e-23                     2
TOTAL ENERGY: -123.347938076024	 lambda: -4.75	 population of target: 4.00000000000092
1RDM: 
     1.99997463063534    0.0016613899410941  3.01789497778419e-05 -2.83019721839068e-18 -3.51926505466177e-18 -6.61861310515359e-13 -9.14571389278853e-11 -3.40806772785306e-10 -1.54013089623707e-20 -4.80339087905436e-21
   0.0016613899410941      1.88572591833601   -0.0323912103977354 -8.65754247581316e-16  -1.2173917754636e-15  8.79644489169987e-11  1.17292597390451e-08  4.44305462227944e-08  1.03131500365128e-18  3.13798277148323e-19
 3.01789497778419e-05   -0.0323912103977354    0.0381188291079937   2.7703385754259e-17  3.96776003078221e-17  2.74952436734348e-09  3.53024705534124e-07  1.36173615019022e-06 -6.89583286481616e-19 -8.72471025259249e-19
-2.83019721839068e-18 -8.65754247581316e-16   2.7703385754259e-17    0.0380903109608286   1.7283587195683e-17 -6.80561235321216e-18 -1.88674575844209e-16  1.13891460751139e-16 -4.63767630448414e-08 -1.85813929919244e-16
-3.51926505466177e-18  -1.2173917754636e-15  3.96776003078221e-17   1.7283587195683e-17     0.038090310960838 -2.68432692864952e-16  1.07325340848888e-17 -4.50129188108027e-19   -2.754890691311e-16  4.63767631335189e-08
-6.61861310515359e-13  8.79644489169987e-11  2.74952436734348e-09 -6.80561235321216e-18 -2.68432692864952e-16                     2 -4.96954032065704e-16 -1.91665802899491e-15 -1.60288376016664e-25  6.34647475048247e-24
-9.14571389278853e-11  1.17292597390451e-08  3.53024705534124e-07 -1.88674575844209e-16  1.07325340848888e-17 -4.96954032065704e-16      1.99999999999993 -2.46172512238029e-13  -4.3883820310266e-24  -1.1347479351865e-25
-3.40806772785306e-10  4.44305462227944e-08  1.36173615019022e-06  1.13891460751139e-16 -4.50129188108027e-19 -1.91665802899491e-15 -2.46172512238029e-13      1.99999999999905  2.98131268966216e-24  5.54617798191654e-25
-1.54013089623707e-20  1.03131500365128e-18 -6.89583286481616e-19 -4.63767630448414e-08   -2.754890691311e-16 -1.60288376016664e-25  -4.3883820310266e-24  2.98131268966216e-24                     2  2.13483284966886e-24
-4.80339087905436e-21  3.13798277148323e-19 -8.72471025259249e-19 -1.85813929919244e-16  4.63767631335189e-08  6.34647475048247e-24  -1.1347479351865e-25  5.54617798191654e-25  2.13483284966886e-24                     2
TOTAL ENERGY: -123.347938076025	 lambda: -4.7	 population of target: 4.00000000000098
1RDM: 
     1.99997463063525   0.00166138994890306  3.01789580411503e-05 -2.49538286723758e-18 -3.46956844092917e-18 -6.89319096957732e-13 -9.23783599009321e-11 -3.45042397018344e-10 -2.51572797530003e-20 -6.21571660696728e-21
  0.00166138994890306      1.88572591811616   -0.0323912103786276 -9.13928263948086e-16 -1.17772511414799e-15  8.99338256843322e-11  1.18732537708788e-08  4.51865445190335e-08  8.00816242164351e-19  3.09060963329165e-19
 3.01789580411503e-05   -0.0323912103786276    0.0381188303241042   2.9979206917931e-17  3.81282899796315e-17  2.75562023071609e-09  3.58243189395629e-07  1.39183131818215e-06 -6.11342126921489e-17 -7.73053756768573e-18
-2.49538286723758e-18 -9.13928263948086e-16   2.9979206917931e-17    0.0380903104627761   1.6854374759953e-17 -6.39269496432928e-18 -1.88056052956457e-16  1.21451622741827e-16 -4.73828960935233e-08 -1.76881111028429e-16
-3.46956844092917e-18 -1.17772511414799e-15  3.81282899796315e-17   1.6854374759953e-17    0.0380903104627768 -2.69946890893992e-16  1.06687787984051e-17  -2.9947404469914e-19 -2.06401270951344e-16  4.73828961239339e-08
-6.89319096957732e-13  8.99338256843322e-11  2.75562023071609e-09 -6.39269496432928e-18 -2.69946890893992e-16                     2  -5.0551043983387e-16 -1.96362473652959e-15 -6.95741515317364e-26    6.530252703019e-24
-9.23783599009321e-11  1.18732537708788e-08  3.58243189395629e-07 -1.88056052956457e-16  1.06687787984051e-17  -5.0551043983387e-16      1.99999999999994 -2.55314818119295e-13  6.52212882354896e-24  1.13057051809557e-24
-3.45042397018344e-10  4.51865445190335e-08  1.39183131818215e-06  1.21451622741827e-16  -2.9947404469914e-19 -1.96362473652959e-15 -2.55314818119295e-13      1.99999999999901   4.5931166274796e-23  5.40409344162799e-24
-2.51572797530003e-20  8.00816242164351e-19 -6.11342126921489e-17 -4.73828960935233e-08 -2.06401270951344e-16 -6.95741515317364e-26  6.52212882354896e-24   4.5931166274796e-23                     2  7.13725600316762e-25
-6.21571660696728e-21  3.09060963329165e-19 -7.73053756768573e-18 -1.76881111028429e-16  4.73828961239339e-08    6.530252703019e-24  1.13057051809557e-24  5.40409344162799e-24  7.13725600316762e-25                     2
TOTAL ENERGY: -123.347938076025	 lambda: -4.65	 population of target: 4.00000000000103
1RDM: 
     1.99997463063542   0.00166138994838326  3.01789549200175e-05 -2.59624207795747e-18 -3.26566175110559e-18 -6.68964736285228e-13 -9.40570779671566e-11  -3.5344871696275e-10 -1.77102951889303e-20 -5.14692242033154e-21
  0.00166138994838326      1.88572591746896   -0.0323912104138244 -8.47612233321464e-16 -1.17874744770264e-15  8.93356997595672e-11  1.20855329165225e-08  4.62524042997727e-08  1.09478761392723e-18  3.21300752009331e-19
 3.01789549200175e-05   -0.0323912104138244    0.0381188300348001  2.71475690584121e-17  3.83775309716148e-17  2.80665209040704e-09  3.64529359149399e-07  1.42344525343459e-06 -7.74163670738519e-18 -2.04365189005644e-18
-2.59624207795747e-18 -8.47612233321464e-16  2.71475690584121e-17    0.0380903109309673  1.63741247692026e-17 -6.73755822409317e-18 -1.93660382748074e-16   1.1860492509569e-16 -4.84754581566954e-08 -1.77985354814166e-16
-3.26566175110559e-18 -1.17874744770264e-15  3.83775309716148e-17  1.63741247692026e-17    0.0380903109309623 -2.71454470626653e-16  1.08330715782524e-17 -5.40899301324385e-19 -2.88341302411373e-16   4.8475457961776e-08
-6.68964736285228e-13  8.93356997595672e-11  2.80665209040704e-09 -6.73755822409317e-18 -2.71454470626653e-16                     2 -5.23786790850522e-16 -2.04497487336691e-15 -1.55860238268978e-25  6.70997635013694e-24
-9.40570779671566e-11  1.20855329165225e-08  3.64529359149399e-07 -1.93660382748074e-16  1.08330715782524e-17 -5.23786790850522e-16      1.99999999999994 -2.65698700858069e-13  -3.4118295090902e-24  9.31163436972237e-26
 -3.5344871696275e-10  4.62524042997727e-08  1.42344525343459e-06   1.1860492509569e-16 -5.40899301324385e-19 -2.04497487336691e-15 -2.65698700858069e-13      1.99999999999897  8.30252475981754e-24  1.42510493881805e-24
-1.77102951889303e-20  1.09478761392723e-18 -7.74163670738519e-18 -4.84754581566954e-08 -2.88341302411373e-16 -1.55860238268978e-25  -3.4118295090902e-24  8.30252475981754e-24                     2   2.7268243522401e-24
-5.14692242033154e-21  3.21300752009331e-19 -2.04365189005644e-18 -1.77985354814166e-16   4.8475457961776e-08  6.70997635013694e-24  9.31163436972237e-26  1.42510493881805e-24   2.7268243522401e-24                     2
TOTAL ENERGY: -123.347938076025	 lambda: -4.6	 population of target: 4.00000000000107
1RDM: 
     1.99997463063469   0.00166138996456118  3.01789491847654e-05 -2.26302657563742e-18 -3.15811720208675e-18 -6.80581429538523e-13  -9.5317973321684e-11 -3.59686012838467e-10 -2.12424824080776e-20 -5.72021493805381e-21
  0.00166138996456118      1.88572591813328   -0.0323912104089945 -8.95595084233736e-16 -1.15380202447052e-15  9.01794098616433e-11  1.22690011751547e-08  4.71912986746417e-08  1.17828524471447e-18  3.53498911654909e-19
 3.01789491847654e-05   -0.0323912104089945     0.038118829202228  2.94144461776932e-17  3.74698619675611e-17   2.8094708461648e-09  3.70782109398217e-07  1.45647392033042e-06 -1.82024989979323e-17 -2.51085500154284e-18
-2.26302657563742e-18 -8.95595084233736e-16  2.94144461776932e-17    0.0380903110154781  1.60290112145674e-17 -6.67533609783145e-18 -1.99076524581438e-16  1.40466862930253e-16 -4.95869581095687e-08 -1.74047300138253e-16
-3.15811720208675e-18 -1.15380202447052e-15  3.74698619675611e-17  1.60290112145674e-17    0.0380903110154814 -2.72975300071592e-16  1.09734638698508e-17 -1.10219513345421e-18 -2.78207277759865e-16  4.95869578793776e-08
-6.80581429538523e-13  9.01794098616433e-11   2.8094708461648e-09 -6.67533609783145e-18 -2.72975300071592e-16                     2 -5.33337863226755e-16 -2.09463175725626e-15 -1.43226687105601e-25  6.90285627682098e-24
 -9.5317973321684e-11  1.22690011751547e-08  3.70782109398217e-07 -1.99076524581438e-16  1.09734638698508e-17 -5.33337863226755e-16      1.99999999999993 -2.76515146008272e-13 -1.67301620602561e-24  1.75764334094783e-25
-3.59686012838467e-10  4.71912986746417e-08  1.45647392033042e-06  1.40466862930253e-16 -1.10219513345421e-18 -2.09463175725626e-15 -2.76515146008272e-13      1.99999999999891  1.67586698433828e-23  1.81134759469025e-24
-2.12424824080776e-20  1.17828524471447e-18 -1.82024989979323e-17 -4.95869581095687e-08 -2.78207277759865e-16 -1.43226687105601e-25 -1.67301620602561e-24  1.67586698433828e-23                     2  2.63531341731476e-24
-5.72021493805381e-21  3.53498911654909e-19 -2.51085500154284e-18 -1.74047300138253e-16  4.95869578793776e-08  6.90285627682098e-24  1.75764334094783e-25  1.81134759469025e-24  2.63531341731476e-24                     2
TOTAL ENERGY: -123.347938076025	 lambda: -4.55	 population of target: 4.00000000000112
1RDM: 
     1.99997463063553   0.00166138994329873  3.01789523056781e-05 -2.34967329985397e-18 -3.11202664505547e-18 -6.79217044226911e-13 -9.67721133584762e-11 -3.66815954451793e-10 -1.94275291227613e-20 -5.35750855290941e-21
  0.00166138994329873      1.88572591766365   -0.0323912104210866 -8.33258885859159e-16 -1.11347632772645e-15  9.06409413369542e-11  1.24605459405287e-08   4.8214969366317e-08   8.8011374190074e-19  3.05123238398786e-19
 3.01789523056781e-05   -0.0323912104210866    0.0381188298649224  2.67769141196574e-17  3.58886182130002e-17  2.84528195063205e-09  3.76725142127969e-07  1.49102694259411e-06 -2.95531360518633e-17 -4.05231508296927e-18
-2.34967329985397e-18 -8.33258885859159e-16  2.67769141196574e-17    0.0380903109185498  1.54945512463049e-17 -7.25008935471287e-18 -2.09522454869314e-16  2.12960940788392e-16 -5.07904798056454e-08 -1.59894718177691e-16
-3.11202664505547e-18 -1.11347632772645e-15  3.58886182130002e-17  1.54945512463049e-17      0.03809031091856 -2.74495264004761e-16   1.1143143081715e-17  -2.2680279682232e-18 -3.02232018705678e-16  5.07904807976339e-08
-6.79217044226911e-13  9.06409413369542e-11  2.84528195063205e-09 -7.25008935471287e-18 -2.74495264004761e-16                     2 -5.48754875169745e-16  -2.1714765400895e-15 -1.45364076296276e-25  7.11195319787668e-24
-9.67721133584762e-11  1.24605459405287e-08  3.76725142127969e-07 -2.09522454869314e-16   1.1143143081715e-17 -5.48754875169745e-16      1.99999999999993 -2.87605831119598e-13  1.74520400275326e-25  4.69139075575299e-25
-3.66815954451793e-10   4.8214969366317e-08  1.49102694259411e-06  2.12960940788392e-16  -2.2680279682232e-18  -2.1714765400895e-15 -2.87605831119598e-13      1.99999999999886  2.76831857479763e-23  3.06077093708498e-24
-1.94275291227613e-20   8.8011374190074e-19 -2.95531360518633e-17 -5.07904798056454e-08 -3.02232018705678e-16 -1.45364076296276e-25  1.74520400275326e-25  2.76831857479763e-23                     2    3.685088784414e-24
-5.35750855290941e-21  3.05123238398786e-19 -4.05231508296927e-18 -1.59894718177691e-16  5.07904807976339e-08  7.11195319787668e-24  4.69139075575299e-25  3.06077093708498e-24    3.685088784414e-24                     2
TOTAL ENERGY: -123.347938076026	 lambda: -4.5	 population of target: 4.00000000000118
1RDM: 
     1.99997463063494   0.00166138998653596  3.01789304157649e-05 -2.50552146753248e-18 -2.37059906570242e-18 -6.91135713038898e-13 -9.80070936320121e-11 -3.72944705408944e-10 -1.29883648461017e-20 -4.66142491350488e-21
  0.00166138998653596      1.88572591451001   -0.0323912104689102 -7.51692301891555e-16 -1.25792064271762e-15  9.22035057196051e-11  1.26520612364606e-08  4.91961933451024e-08  3.26847248221415e-18  6.06430834097113e-19
 3.01789304157649e-05   -0.0323912104689102    0.0381188302933334  2.31787845846178e-17  4.25024765002547e-17   2.8938545147286e-09  3.83636461470776e-07  1.52728645569513e-06  1.55255861259369e-16  1.87426910330274e-17
-2.50552146753248e-18 -7.51692301891555e-16  2.31787845846178e-17    0.0380903122814868  1.47287531255179e-17 -5.52234231823181e-18 -1.53986035018374e-16  -2.1113861868264e-16 -5.20613784831143e-08 -3.89073463089974e-16
-2.37059906570242e-18 -1.25792064271762e-15  4.25024765002547e-17  1.47287531255179e-17    0.0380903122815016 -2.76968298617793e-16 -1.68407716131133e-17  1.72367293157475e-16 -2.49101663022823e-16  5.20613773942082e-08
-6.91135713038898e-13  9.22035057196051e-11   2.8938545147286e-09 -5.52234231823181e-18 -2.76968298617793e-16                     2 -5.68346953396979e-16 -2.26217327439289e-15 -3.76100288499858e-25  7.32184816235322e-24
-9.80070936320121e-11  1.26520612364606e-08  3.83636461470776e-07 -1.53986035018374e-16 -1.68407716131133e-17 -5.68346953396979e-16      1.99999999999992 -2.99986034270834e-13 -3.44827172733458e-23 -3.23461706403231e-24
-3.72944705408944e-10  4.91961933451024e-08  1.52728645569513e-06  -2.1113861868264e-16  1.72367293157475e-16 -2.26217327439289e-15 -2.99986034270834e-13       1.9999999999988 -1.26585771243264e-22 -1.92229120802078e-23
-1.29883648461017e-20  3.26847248221415e-18  1.55255861259369e-16 -5.20613784831143e-08 -2.49101663022823e-16 -3.76100288499858e-25 -3.44827172733458e-23 -1.26585771243264e-22                     2 -3.70502610521844e-24
-4.66142491350488e-21  6.06430834097113e-19  1.87426910330274e-17 -3.89073463089974e-16  5.20613773942082e-08  7.32184816235322e-24 -3.23461706403231e-24 -1.92229120802078e-23 -3.70502610521844e-24                     2
TOTAL ENERGY: -123.347938076026	 lambda: -4.45	 population of target: 4.00000000000125
1RDM: 
     1.99997463063532   0.00166138995406898  3.01789494215471e-05 -2.26781345283661e-18 -2.85948606241734e-18 -6.91728665175518e-13 -9.96786793551803e-11 -3.81212748043812e-10 -2.64436450948924e-20 -6.25644056528346e-21
  0.00166138995406898       1.8857259170874   -0.0323912104284027 -7.75294935119977e-16 -1.07442157766686e-15  9.23909247810477e-11  1.28613468730393e-08  5.03526356078598e-08 -9.98025404064633e-20  1.88385960520508e-19
 3.01789494215471e-05   -0.0323912104284027    0.0381188299569517   2.4513412480249e-17  3.45657639112647e-17  2.90280012777264e-09   3.8974780670089e-07  1.56535940190203e-06 -1.25679923384557e-16 -1.57881039482783e-17
-2.26781345283661e-18 -7.75294935119977e-16   2.4513412480249e-17    0.0380903111608361  1.47198280942184e-17 -8.85591768949645e-18  -2.6157106515365e-16  5.23618665099483e-16 -5.33360539153294e-08 -5.32910942616609e-17
-2.85948606241734e-18 -1.07442157766686e-15  3.45657639112647e-17  1.47198280942184e-17    0.0380903111608222 -2.77551251154614e-16  1.19397399778227e-17  -6.9966014123487e-18 -3.79178380599814e-16  5.33360547549255e-08
-6.91728665175518e-13  9.23909247810477e-11  2.90280012777264e-09 -8.85591768949645e-18 -2.77551251154614e-16                     2 -5.79184757150676e-16 -2.32569650292514e-15 -5.57656606606463e-26  7.56861575832334e-24
-9.96786793551803e-11  1.28613468730393e-08   3.8974780670089e-07  -2.6157106515365e-16  1.19397399778227e-17 -5.79184757150676e-16      1.99999999999992 -3.12359916815421e-13  1.77395048285576e-23  2.78580712004544e-24
-3.81212748043812e-10  5.03526356078598e-08  1.56535940190203e-06  5.23618665099483e-16  -6.9966014123487e-18 -2.32569650292514e-15 -3.12359916815421e-13      1.99999999999875  1.14047818369249e-22  1.26863846079412e-23
-2.64436450948924e-20 -9.98025404064633e-20 -1.25679923384557e-16 -5.33360539153294e-08 -3.79178380599814e-16 -5.57656606606463e-26  1.77395048285576e-23  1.14047818369249e-22                     2  8.85720856223259e-24
-6.25644056528346e-21  1.88385960520508e-19 -1.57881039482783e-17 -5.32910942616609e-17  5.33360547549255e-08  7.56861575832334e-24  2.78580712004544e-24  1.26863846079412e-23  8.85720856223259e-24                     2
TOTAL ENERGY: -123.347938076026	 lambda: -4.4	 population of target: 4.00000000000131
1RDM: 
      1.9999746306357   0.00166138993729387   3.0178962410874e-05 -3.97383591285425e-18 -2.71700642033313e-18 -6.76167729775242e-13 -1.01404280619944e-10  -3.8836588496106e-10 -1.84698194884816e-20 -5.38117171805385e-21
  0.00166138993729387      1.88572591789206   -0.0323912104272086 -2.83318196287205e-16 -1.05917194557775e-15  9.18891788780173e-11  1.30858546293329e-08  5.14622976114602e-08  1.15920224277231e-18  3.37733915182642e-19
  3.0178962410874e-05   -0.0323912104272086    0.0381188298294773  2.61170230054477e-18  3.41026778071071e-17  2.93465954913358e-09  3.96624478155083e-07  1.60537007132119e-06 -6.97205068932051e-18 -2.03403279151065e-18
-3.97383591285425e-18 -2.83318196287205e-16  2.61170230054477e-18     0.038090310822083  1.44174907675577e-17 -6.75997275603254e-18 -2.01262502581745e-16    1.131467232255e-16 -5.46892679051966e-08  -1.9005911516414e-16
-2.71700642033313e-18 -1.05917194557775e-15  3.41026778071071e-17  1.44174907675577e-17    0.0380903108220828 -2.79138209834255e-16  1.11630365271908e-17  1.56455527038539e-20  -3.0732321392518e-16  5.46892677176397e-08
-6.76167729775242e-13  9.18891788780173e-11  2.93465954913358e-09 -6.75997275603254e-18 -2.79138209834255e-16                     2 -5.95784024031353e-16 -2.41091077812282e-15 -1.78493417530098e-25   7.7840309764384e-24
-1.01404280619944e-10  1.30858546293329e-08  3.96624478155083e-07 -2.01262502581745e-16  1.11630365271908e-17 -5.95784024031353e-16      1.99999999999992 -3.25985230784548e-13 -4.27434005766174e-24  7.86325116470803e-26
 -3.8836588496106e-10  5.14622976114602e-08  1.60537007132119e-06    1.131467232255e-16  1.56455527038539e-20 -2.41091077812282e-15 -3.25985230784548e-13      1.99999999999868  8.57756489464291e-24  1.58218552407979e-24
-1.84698194884816e-20  1.15920224277231e-18 -6.97205068932051e-18 -5.46892679051966e-08  -3.0732321392518e-16 -1.78493417530098e-25 -4.27434005766174e-24  8.57756489464291e-24                     2  3.26886566792819e-24
-5.38117171805385e-21  3.37733915182642e-19 -2.03403279151065e-18  -1.9005911516414e-16  5.46892677176397e-08   7.7840309764384e-24  7.86325116470803e-26  1.58218552407979e-24  3.26886566792819e-24                     2
TOTAL ENERGY: -123.347938076027	 lambda: -4.35	 population of target: 4.00000000000139
1RDM: 
     1.99997463063555   0.00166138994147675   3.0178955322648e-05 -2.04950603668654e-18  -2.6665601740626e-18 -7.02367570659677e-13 -1.02732050821504e-10 -3.96858900328629e-10 -2.03586991395911e-20 -5.56559208006038e-21
  0.00166138994147675      1.88572591789014   -0.0323912104153686 -7.53744253944038e-16 -1.01953063348298e-15  9.42270221832376e-11  1.32900973774783e-08  5.26963571280779e-08  1.00161919485778e-18  3.21704313504252e-19
  3.0178955322648e-05   -0.0323912104153686    0.0381188298540853  2.39118806545195e-17  3.25418489800877e-17  2.97460474106237e-09  4.03923535142383e-07  1.64747262034556e-06 -2.59162870480158e-17 -3.91533311329932e-18
-2.04950603668654e-18 -7.53744253944038e-16  2.39118806545195e-17    0.0380903108108556  1.40634882026853e-17 -7.03876359594394e-18 -1.98322430709669e-16  1.46066800066901e-16  -5.6124136610471e-08 -1.33125095862412e-16
 -2.6665601740626e-18 -1.01953063348298e-15  3.25418489800877e-17  1.40634882026853e-17    0.0380903108108527 -2.80682667054701e-16  1.11622982841277e-17 -1.81059711198738e-18  -3.1662756938127e-16  5.61241364925193e-08
-7.02367570659677e-13  9.42270221832376e-11  2.97460474106237e-09 -7.03876359594394e-18 -2.80682667054701e-16                     2 -6.15055521796925e-16 -2.50801564983324e-15 -1.62605910118021e-25  8.03525131724411e-24
-1.02732050821504e-10  1.32900973774783e-08  4.03923535142383e-07 -1.98322430709669e-16  1.11622982841277e-17 -6.15055521796925e-16      1.99999999999992  -3.4067596430541e-13 -4.22181343111726e-25  4.64171441493144e-25
-3.96858900328629e-10  5.26963571280779e-08  1.64747262034556e-06  1.46066800066901e-16 -1.81059711198738e-18 -2.50801564983324e-15  -3.4067596430541e-13      1.99999999999861  2.56117887504107e-23  3.25216571185117e-24
-2.03586991395911e-20  1.00161919485778e-18 -2.59162870480158e-17  -5.6124136610471e-08  -3.1662756938127e-16 -1.62605910118021e-25 -4.22181343111726e-25  2.56117887504107e-23                     2  5.24732636077839e-24
-5.56559208006038e-21  3.21704313504252e-19 -3.91533311329932e-18 -1.33125095862412e-16  5.61241364925193e-08  8.03525131724411e-24  4.64171441493144e-25  3.25216571185117e-24  5.24732636077839e-24                     2
TOTAL ENERGY: -123.347938076027	 lambda: -4.3	 population of target: 4.00000000000147
1RDM: 
     1.99997463063534   0.00166138996037156  3.01789616052996e-05  -1.9009426930537e-18 -2.56447919133321e-18 -7.54040011159307e-13 -1.04474442015413e-10 -4.05105077314082e-10 -1.80018131702448e-20 -5.33621674035102e-21
  0.00166138996037156      1.88572591613934   -0.0323912104017538 -7.53392216013773e-16 -9.93620912268953e-16  9.78015538600413e-11  1.35224401682688e-08  5.39482978867135e-08  1.38265948760831e-18   3.6929117315469e-19
 3.01789616052996e-05   -0.0323912104017538    0.0381188309189966  2.40240520667483e-17  3.15960312203936e-17  2.97774577844322e-09  4.11208473698611e-07  1.69182718393466e-06  9.55637576814296e-18  2.15810200689859e-19
 -1.9009426930537e-18 -7.53392216013773e-16  2.40240520667483e-17    0.0380903111539436  1.35930837157111e-17 -5.66794479133959e-18 -1.82529596872035e-16  7.49843059527861e-17 -5.77264215243665e-08 -2.53955802137722e-16
-2.56447919133321e-18 -9.93620912268953e-16  3.15960312203936e-17  1.35930837157111e-17    0.0380903111539409 -2.82262807036505e-16  1.07711337459509e-17 -4.88460008602193e-19 -1.87083983787978e-16  5.77264213286682e-08
-7.54040011159307e-13  9.78015538600413e-11  2.97774577844322e-09 -5.66794479133959e-18 -2.82262807036505e-16                     2 -6.27011790032299e-16 -2.57900459708234e-15 -1.81796318640268e-25  8.30470623505271e-24
-1.04474442015413e-10  1.35224401682688e-08  4.11208473698611e-07 -1.82529596872035e-16  1.07711337459509e-17 -6.27011790032299e-16      1.99999999999991  -3.5614619664334e-13 -7.44664865211612e-24 -3.83769905885206e-25
-4.05105077314082e-10  5.39482978867135e-08  1.69182718393466e-06  7.49843059527861e-17 -4.88460008602193e-19 -2.57900459708234e-15  -3.5614619664334e-13      1.99999999999854 -6.31474541298972e-24 -2.55279726940623e-25
-1.80018131702448e-20  1.38265948760831e-18  9.55637576814296e-18 -5.77264215243665e-08 -1.87083983787978e-16 -1.81796318640268e-25 -7.44664865211612e-24 -6.31474541298972e-24                     2 -1.96691007002363e-24
-5.33621674035102e-21   3.6929117315469e-19  2.15810200689859e-19 -2.53955802137722e-16  5.77264213286682e-08  8.30470623505271e-24 -3.83769905885206e-25 -2.55279726940623e-25 -1.96691007002363e-24                     2
TOTAL ENERGY: -123.347938076027	 lambda: -4.25	 population of target: 4.00000000000155
1RDM: 
     1.99997463063546   0.00166138994647168  3.01789547605179e-05 -6.83535302674261e-16 -2.03892681000616e-16 -7.20329265470865e-13 -1.06000573717164e-10  -4.1385339991627e-10 -1.48677034853693e-20 -5.35914431656903e-21
  0.00166138994647168       1.8857259175119   -0.0323912104196928  1.80321502955834e-13  5.25224084221527e-14  9.64446445821458e-11  1.37488361521758e-08  5.52735106308501e-08  1.67265700713334e-18  4.52051086699629e-19
 3.01789547605179e-05   -0.0323912104196928    0.0381188300460398 -8.02981873003477e-15 -2.34142398325001e-15  3.03834011171717e-09  4.19085836774661e-07  1.73869740209024e-06  4.28095120893663e-17  5.69014059865888e-18
-6.83535302674261e-16  1.80321502955834e-13 -8.02981873003477e-15    0.0380903109041257 -1.57961739602495e-17   8.5066910084906e-18  2.72944416740962e-16  -2.4443834184237e-15 -5.92361601311084e-08 -1.26756725266657e-15
-2.03892681000616e-16  5.25224084221527e-14 -2.34142398325001e-15 -1.57961739602495e-17    0.0380903109041181 -2.78193043358472e-16  1.87341251417604e-16 -8.74784584492174e-16  1.00477711970688e-15  5.92361611698638e-08
-7.20329265470865e-13  9.64446445821458e-11  3.03834011171717e-09   8.5066910084906e-18 -2.78193043358472e-16                     2 -6.51811950098387e-16 -2.70350969064478e-15  1.90690416782162e-25  8.39043245235581e-24
-1.06000573717164e-10  1.37488361521758e-08  4.19085836774661e-07  2.72944416740962e-16  1.87341251417604e-16 -6.51811950098387e-16      1.99999999999991 -3.73006346257686e-13 -9.41318921625086e-25 -6.89703349620948e-24
 -4.1385339991627e-10  5.52735106308501e-08  1.73869740209024e-06  -2.4443834184237e-15 -8.74784584492174e-16 -2.70350969064478e-15 -3.73006346257686e-13      1.99999999999845 -1.11947717776586e-22   2.1285686067829e-23
-1.48677034853693e-20  1.67265700713334e-18  4.28095120893663e-17 -5.92361601311084e-08  1.00477711970688e-15  1.90690416782162e-25 -9.41318921625086e-25 -1.11947717776586e-22                     2 -6.85881182627489e-23
-5.35914431656903e-21  4.52051086699629e-19  5.69014059865888e-18 -1.26756725266657e-15  5.92361611698638e-08  8.39043245235581e-24 -6.89703349620948e-24   2.1285686067829e-23 -6.85881182627489e-23                     2
TOTAL ENERGY: -123.347938076028	 lambda: -4.2	 population of target: 4.00000000000165
1RDM: 
     1.99997463063515   0.00166138995600399   3.0178954121736e-05 -1.83616520038054e-18 -2.31851730001464e-18 -6.41363421357672e-13 -1.08699806021731e-10 -4.24410843782369e-10 -1.17569678269941e-20 -4.34632100280155e-21
  0.00166138995600399      1.88572591754396   -0.0323912103291085  -6.9048581482779e-16 -9.52896663620943e-16  9.09083518633239e-11  1.40505070464603e-08  5.67625351046681e-08  2.12889013367216e-18  4.57733718586773e-19
  3.0178954121736e-05   -0.0323912103291085    0.0381188305613062  2.15632319891899e-17   3.0198387248192e-17  3.02874872746798e-09  4.26595910435021e-07  1.78815243438746e-06   8.5803795317789e-17  1.03706723066377e-17
-1.83616520038054e-18  -6.9048581482779e-16  2.15632319891899e-17    0.0380903106306565  1.28629538884809e-17 -4.93981932191948e-18 -1.63533311931036e-16 -7.96132215455157e-17 -6.09525372349159e-08 -5.10880732138575e-16
-2.31851730001464e-18 -9.52896663620943e-16   3.0198387248192e-17  1.28629538884809e-17    0.0380903106306605 -2.85432664556441e-16  1.05442006610031e-17  1.99981304657432e-18  -1.1547598830038e-16   6.0952536326973e-08
-6.41363421357672e-13  9.09083518633239e-11  3.02874872746798e-09 -4.93981932191948e-18 -2.85432664556441e-16                     2  -6.6108504908365e-16 -2.77034305349397e-15 -2.86229860005457e-25  8.85171841523432e-24
-1.08699806021731e-10  1.40505070464603e-08  4.26595910435021e-07 -1.63533311931036e-16  1.05442006610031e-17  -6.6108504908365e-16      1.99999999999991 -3.90499118518326e-13 -2.37797953502701e-23 -2.59967369908031e-24
-4.24410843782369e-10  5.67625351046681e-08  1.78815243438746e-06 -7.96132215455157e-17  1.99981304657432e-18 -2.77034305349397e-15 -3.90499118518326e-13      1.99999999999837 -8.08421809306895e-23 -9.58194777222454e-24
-1.17569678269941e-20  2.12889013367216e-18   8.5803795317789e-17 -6.09525372349159e-08  -1.1547598830038e-16 -2.86229860005457e-25 -2.37797953502701e-23 -8.08421809306895e-23                     2 -1.22816302340519e-23
-4.34632100280155e-21  4.57733718586773e-19  1.03706723066377e-17 -5.10880732138575e-16   6.0952536326973e-08  8.85171841523432e-24 -2.59967369908031e-24 -9.58194777222454e-24 -1.22816302340519e-23                     2
TOTAL ENERGY: -123.347938076028	 lambda: -4.15	 population of target: 4.00000000000175
1RDM: 
      1.9999746306354   0.00166138994588862  3.01789562036381e-05 -1.33964535611137e-18 -2.12955390763696e-18 -7.37409144545343e-13 -1.09409040692274e-10 -4.32333521150235e-10 -1.90568976204597e-20 -5.45730534093238e-21
  0.00166138994588862      1.88572591790076   -0.0323912103878516 -7.82718854583309e-16 -9.49937543714135e-16  9.88996699864009e-11  1.42351665674606e-08  5.81187370381742e-08  1.01710221019424e-18  3.33114765119868e-19
 3.01789562036381e-05   -0.0323912103878516    0.0381188299902413  2.57803655533448e-17  3.02703768726129e-17    3.120823656735e-09  4.35416978411913e-07  1.84066724881552e-06 -1.88422189767002e-17 -2.66463824231701e-18
-1.33964535611137e-18 -7.82718854583309e-16  2.57803655533448e-17    0.0380903107377162  1.24253765599476e-17 -6.88416579542575e-18 -1.90641984256089e-16  1.13178173786363e-16 -6.27258628208702e-08 -1.19068742532296e-16
