TOTAL ENERGY: -124.511157967731	 lambda: -5	 population of target: 3.92867255132905
1RDM: 
       1.999984444403  1.08353533346972e-05  -0.00185068651419717  0.000862471452620564  -0.00376136052408806  3.73326689851085e-18   8.0476504937726e-17  9.61067753457232e-17  4.44576834554394e-18   0.00354867033169667
 1.08353533346972e-05      1.99997038454619   0.00170193576917078  -0.00167767854762578   0.00188708787252169 -2.70825069660463e-18 -5.83806513081268e-17 -3.84608808974236e-17  -1.7791479384278e-18  -0.00233389225669614
 -0.00185068651419717   0.00170193576917078      1.77107338348917     0.125496267957629    -0.431890847286343  5.21979291674212e-16  1.12520936894064e-14    7.853180518376e-15  3.63277415397136e-16     0.419294662617427
 0.000862471452620564  -0.00167767854762578     0.125496267957629      1.89191660380953     0.167049609531736 -1.75653277392149e-16 -3.78648563367962e-15  -5.1838817435358e-15 -2.39799290594229e-16    -0.188839770006494
 -0.00376136052408806   0.00188708787252169    -0.431890847286343     0.167049609531736      1.06149604190306  1.74014755454273e-15  3.75116480046141e-14 -8.77589097799941e-15 -4.05960745404273e-16     0.863831625663642
 3.73326689851085e-18 -2.70825069660463e-18  5.21979291674212e-16 -1.75653277392149e-16  1.74014755454273e-15      1.54904254084879 -1.39927920313984e-15  0.000107629242831475     0.824056449723851 -4.97579562089182e-16
  8.0476504937726e-17 -5.83806513081268e-17  1.12520936894064e-14 -3.78648563367962e-15  3.75116480046141e-14 -1.39927920313984e-15      1.54904254084711     0.824056449724928 -0.000107629242829939 -1.07261187896203e-14
 9.61067753457232e-17 -3.84608808974236e-17    7.853180518376e-15  -5.1838817435358e-15 -8.77589097799941e-15  0.000107629242831475     0.824056449724928     0.494150333660113  1.38895752312829e-15  -3.6071525754418e-14
 4.44576834554394e-18  -1.7791479384278e-18  3.63277415397136e-16 -2.39799290594229e-16 -4.05960745404273e-16     0.824056449723851 -0.000107629242829939  1.38895752312829e-15     0.494150333658433 -1.66861959068302e-15
  0.00354867033169667  -0.00233389225669614     0.419294662617427    -0.188839770006494     0.863831625663642 -4.97579562089182e-16 -1.07261187896203e-14  -3.6071525754418e-14 -1.66861959068302e-15      1.18917339283466
TOTAL ENERGY: -124.513080030269	 lambda: -4.95	 population of target: 3.92905890672499
1RDM: 
     1.99998462809963  1.07499356591708e-05  -0.00183582652105979  0.000854019185678752  -0.00373794856459042  3.71238873276955e-18  8.00264429108203e-17  9.55520062742705e-17  4.42010548812134e-18   0.00353144847303899
 1.07499356591708e-05      1.99997039902385   0.00169691596753378  -0.00167505811132346   0.00188051188382984 -2.70445999142329e-18 -5.82989365806195e-17 -3.82937613143916e-17 -1.77141721806242e-18   -0.0023316029496062
 -0.00183582652105979   0.00169691596753378      1.77200485394552     0.124885101002516    -0.430805313790483  5.21309793506503e-16  1.12376615974024e-14   7.8236923203265e-15   3.6191333222372e-16     0.418855470016882
 0.000854019185678752  -0.00167505811132346     0.124885101002516      1.89225548424823     0.166145860383353 -1.75038004599496e-16 -3.77322244289833e-15 -5.15866485178609e-15 -2.38632791410731e-16    -0.188279249009632
 -0.00373794856459042   0.00188051188382984    -0.430805313790483     0.166145860383353      1.06201454201076  1.74027305429343e-15  3.75143533613657e-14 -8.80340175217998e-15 -4.07233355797474e-16     0.864506235959601
 3.71238873276955e-18 -2.70445999142329e-18  5.21309793506503e-16 -1.75038004599496e-16  1.74027305429343e-15      1.54949253619969 -1.39822980930846e-15  0.000107592280796595     0.823773452704556 -4.99450450861252e-16
 8.00264429108203e-17 -5.82989365806195e-17  1.12376615974024e-14 -3.77322244289833e-15  3.75143533613657e-14 -1.39822980930846e-15      1.54949253619801     0.823773452705636 -0.000107592280795056 -1.07664487619552e-14
 9.55520062742705e-17 -3.82937613143916e-17   7.8236923203265e-15 -5.15866485178609e-15 -8.80340175217998e-15  0.000107592280796595     0.823773452705636     0.493680998216023  1.38446475259058e-15 -3.60817662831336e-14
 4.42010548812134e-18 -1.77141721806242e-18   3.6191333222372e-16 -2.38632791410731e-16 -4.07233355797474e-16     0.823773452704556 -0.000107592280795056  1.38446475259058e-15     0.493680998214347 -1.66909330260943e-15
  0.00353144847303899   -0.0023316029496062     0.418855470016882    -0.188279249009632     0.864506235959601 -4.99450450861252e-16 -1.07664487619552e-14 -3.60817662831336e-14 -1.66909330260943e-15      1.18742302384395
TOTAL ENERGY: -124.51505020294	 lambda: -4.9	 population of target: 3.9294589536787
1RDM: 
      1.9999848112156  1.06646376305097e-05  -0.00182093085503769  0.000845594753306374  -0.00371440247806002    3.691466510241e-18  7.95754311333945e-17  9.49945383332435e-17  4.39431778160209e-18   0.00351422463647468
 1.06646376305097e-05      1.99997041350762   0.00169187287511415  -0.00167244519193904    0.0018738985725363 -2.70073221777839e-18 -5.82185784832749e-17 -3.81245348462232e-17 -1.76358903220158e-18   -0.0023293888518126
 -0.00182093085503769   0.00169187287511415      1.77294672846556     0.124272871558033    -0.429697893504339  5.20632977328451e-16  1.12230717490397e-14  7.79362197809657e-15  3.60522319265977e-16     0.418414893031833
 0.000845594753306374  -0.00167244519193904     0.124272871558033      1.89259284209834     0.165238660906369 -1.74420924786714e-16 -3.75992030700948e-15  -5.1335365825382e-15 -2.37470392033689e-16     -0.18772337357282
 -0.00371440247806002    0.0018738985725363    -0.429697893504339     0.165238660906369      1.06257422405449  1.74039082649106e-15  3.75168921281261e-14 -8.83249114665701e-15 -4.08578991556813e-16     0.865185980171748
   3.691466510241e-18 -2.70073221777839e-18  5.20632977328451e-16 -1.74420924786714e-16  1.74039082649106e-15      1.54995574020738 -1.39925985403911e-15  0.000107554173811795     0.823481689037196 -5.01369065509579e-16
 7.95754311333945e-17 -5.82185784832749e-17  1.12230717490397e-14 -3.75992030700948e-15  3.75168921281261e-14 -1.39925985403911e-15       1.5499557402057     0.823481689038277 -0.000107554173810251 -1.08078075517041e-14
 9.49945383332435e-17 -3.81245348462232e-17  7.79362197809657e-15  -5.1335365825382e-15 -8.83249114665701e-15  0.000107554173811795     0.823481689038277     0.493198212261549  1.38146293358529e-15 -3.60921346184255e-14
 4.39431778160209e-18 -1.76358903220158e-18  3.60522319265977e-16 -2.37470392033689e-16 -4.08578991556813e-16     0.823481689037196 -0.000107554173810251  1.38146293358529e-15     0.493198212259869 -1.66957292763324e-15
  0.00351422463647468   -0.0023293888518126     0.418414893031833     -0.18772337357282     0.865185980171748 -5.01369065509579e-16 -1.08078075517041e-14 -3.60921346184255e-14 -1.66957292763324e-15      1.18562307572388
TOTAL ENERGY: -124.517070773111	 lambda: -4.85	 population of target: 3.92987344228911
1RDM: 
     1.99998499373749  1.05794585415538e-05  -0.00180599927013103  0.000837198646705798  -0.00369072052593859  3.67048981631369e-18  7.91232451385982e-17  9.44348105833044e-17  4.36842553942623e-18   0.00349700149821353
 1.05794585415538e-05      1.99997042800895   0.00168680505318695  -0.00166983931579465   0.00186724563254067 -2.69706322883843e-18 -5.81394875841647e-17 -3.79538519324292e-17  -1.7556934731375e-18  -0.00232725219885229
 -0.00180599927013103   0.00168680505318695      1.77389931810586     0.123659543003422    -0.428567823636901   5.1994743475909e-16  1.12082937894911e-14  7.76300823207783e-15  3.59106169193732e-16     0.417972954536031
 0.000837198646705798  -0.00166983931579465     0.123659543003422      1.89292867194873     0.164327941290917 -1.73805585458861e-16 -3.74665569010756e-15 -5.10839284497133e-15 -2.36307277115647e-16    -0.187172379402387
 -0.00369072052593859   0.00186724563254067    -0.428567823636901     0.164327941290917      1.06317693739895  1.74049669707921e-15  3.75191743367525e-14 -8.86310923479021e-15 -4.09995342597957e-16     0.865870931612587
 3.67048981631369e-18 -2.69706322883843e-18   5.1994743475909e-16 -1.73805585458861e-16  1.74049669707921e-15      1.55043273751871 -1.39868431659322e-15  0.000107514868641011     0.823180751340076 -5.03341157858983e-16
 7.91232451385982e-17 -5.81394875841647e-17  1.12082937894911e-14 -3.74665569010756e-15  3.75191743367525e-14 -1.39868431659322e-15      1.55043273751704     0.823180751341154 -0.000107514868639462 -1.08503191383125e-14
 9.44348105833044e-17 -3.79538519324292e-17  7.76300823207783e-15 -5.10839284497133e-15 -8.86310923479021e-15  0.000107514868641011     0.823180751341154     0.492701388231345  1.37828770131708e-15 -3.61024802065592e-14
 4.36842553942623e-18  -1.7556934731375e-18  3.59106169193732e-16 -2.36307277115647e-16 -4.09995342597957e-16     0.823180751340076 -0.000107514868639462  1.37828770131708e-15     0.492701388229674 -1.67005150040145e-15
  0.00349700149821353  -0.00232725219885229     0.417972954536031    -0.187172379402387     0.865870931612587 -5.03341157858983e-16 -1.08503191383125e-14 -3.61024802065592e-14 -1.67005150040145e-15      1.18377139930332
TOTAL ENERGY: -124.519144171062	 lambda: -4.8	 population of target: 3.93030317559853
1RDM: 
     1.99998517565166  1.04943976137188e-05  -0.00179103149724256  0.000828831352797301   -0.0036669008729686  3.64945707959073e-18  7.86698510520584e-17  9.38729212510751e-17  4.34243330539261e-18   0.00347978187769433
 1.04943976137188e-05      1.99997044253999   0.00168171098486404  -0.00166723996859923   0.00186055061662377 -2.69346527840971e-18 -5.80619280311044e-17 -3.77812038083931e-17 -1.74770700559848e-18  -0.00232519533168193
 -0.00179103149724256   0.00168171098486404      1.77486294842223     0.123045074730284    -0.427414302488025  5.19251741552265e-16  1.11932970171638e-14  7.73187789815306e-15  3.57666122491918e-16     0.417529678793165
 0.000828831352797301  -0.00166723996859923     0.123045074730284      1.89326297034798     0.163413623935044  -1.7318959418252e-16 -3.73337702078767e-15 -5.08333401302451e-15  -2.3514808991076e-16    -0.186626511580024
  -0.0036669008729686   0.00186055061662377    -0.427414302488025     0.163413623935044      1.06382463741847  1.74059116357514e-15  3.75212107111575e-14 -8.89537105169711e-15 -4.11487730348601e-16     0.866561159215432
 3.64945707959073e-18 -2.69346527840971e-18  5.19251741552265e-16  -1.7318959418252e-16  1.74059116357514e-15      1.55092414646363 -1.39997926307778e-15  0.000107474308833547     0.822870207649706 -5.05368680613782e-16
 7.86698510520584e-17 -5.80619280311044e-17  1.11932970171638e-14 -3.73337702078767e-15  3.75212107111575e-14 -1.39997926307778e-15      1.55092414646194      0.82287020765079 -0.000107474308831994 -1.08940256159327e-14
 9.38729212510751e-17 -3.77812038083931e-17  7.73187789815306e-15 -5.08333401302451e-15 -8.89537105169711e-15  0.000107474308833547      0.82287020765079     0.492189904584865  1.37492030305741e-15 -3.61128129492716e-14
 4.34243330539261e-18 -1.74770700559848e-18  3.57666122491918e-16  -2.3514808991076e-16 -4.11487730348601e-16     0.822870207649706 -0.000107474308831994  1.37492030305741e-15     0.492189904583184 -1.67052947900232e-15
  0.00347978187769433  -0.00232519533168193     0.417529678793165    -0.186626511580024     0.866561159215432 -5.05368680613782e-16 -1.08940256159327e-14 -3.61128129492716e-14 -1.67052947900232e-15      1.18186572352613
TOTAL ENERGY: -124.521272981432	 lambda: -4.75	 population of target: 3.93074901420565
1RDM: 
     1.99998535694437  1.04094539869259e-05  -0.00177602724169753  0.000820493353060574  -0.00364294157787661  3.62837098493287e-18  7.82153067499662e-17  9.33087981539568e-17  4.31633774040869e-18    0.0034625687450452
 1.04094539869259e-05      1.99997045711364   0.00167658906980312   -0.0016646465917978   0.00185381092589913 -2.68993281910098e-18 -5.79857802419851e-17 -3.76067766908826e-17 -1.73963824382228e-18  -0.00232322070286296
 -0.00177602724169753   0.00167658906980312       1.7758379603124     0.122429421789873    -0.426236486937366  5.18546404876572e-16  1.11780923647608e-14  7.70017947705505e-15  3.56199796865007e-16     0.417085091505333
 0.000820493353060574   -0.0016646465917978     0.122429421789873       1.8935957360124     0.162495622651181 -1.72574737434815e-16 -3.72012280909977e-15 -5.05829517967128e-15 -2.33989827885226e-16    -0.186086024976733
 -0.00364294157787661   0.00185381092589913    -0.426236486937366     0.162495622651181      1.06451939297717  1.74067272603133e-15  3.75229689177207e-14 -8.92931970899012e-15 -4.13058149084094e-16     0.867256726537318
 3.62837098493287e-18 -2.68993281910098e-18  5.18546404876572e-16 -1.72574737434815e-16  1.74067272603133e-15      1.55143062243804  -1.3986181760586e-15  0.000107432434438543     0.822549598940777 -5.07454244654602e-16
 7.82153067499662e-17 -5.79857802419851e-17  1.11780923647608e-14 -3.72012280909977e-15  3.75229689177207e-14  -1.3986181760586e-15      1.55143062243637     0.822549598941856 -0.000107432434436986 -1.09389832662295e-14
 9.33087981539568e-17 -3.76067766908826e-17  7.70017947705505e-15 -5.05829517967128e-15 -8.92931970899012e-15  0.000107432434438543     0.822549598941856     0.491663102407617  1.37122853571023e-15 -3.61231204919819e-14
 4.31633774040869e-18 -1.73963824382228e-18  3.56199796865007e-16 -2.33989827885226e-16 -4.13058149084094e-16     0.822549598940777 -0.000107432434436986  1.37122853571023e-15     0.491663102405948 -1.67100629192732e-15
   0.0034625687450452  -0.00232322070286296     0.417085091505333    -0.186086024976733     0.867256726537318 -5.07454244654602e-16 -1.09389832662295e-14 -3.61231204919819e-14 -1.67100629192732e-15      1.17990364695208
TOTAL ENERGY: -124.523459955467	 lambda: -4.7	 population of target: 3.93121188129503
1RDM: 
     1.99998553760174  1.03246267105281e-05   -0.0017609861806156  0.000812185122036597  -0.00361884058304485  3.60723421274481e-18  7.77596700126158e-17  9.27423705476679e-17  4.29013557193072e-18   0.00344536522981236
 1.03246267105281e-05      1.99997047174369    0.0016714376186427  -0.00166205857852752   0.00184702379901664  -2.6864602414907e-18  -5.7910923297606e-17 -3.74307583804829e-17 -1.73149587535695e-18  -0.00232133088346741
  -0.0017609861806156    0.0016714376186427      1.77682471093259     0.121812534474973    -0.425033489680187   5.1783191996912e-16  1.11626905077814e-14  7.66786020620508e-15  3.54704751579154e-16     0.416639219891741
 0.000812185122036597  -0.00166205857852752     0.121812534474973      1.89392697007765     0.161573841736562  -1.7196282869055e-16 -3.70693214696928e-15 -5.03321029405366e-15 -2.32829435586711e-16     -0.18555118462177
 -0.00361884058304485   0.00184702379901664    -0.425033489680187     0.161573841736562      1.06526339481211   1.7407398100841e-15  3.75244150187536e-14 -8.96500186488245e-15  -4.1470875713478e-16      0.86795769064432
 3.60723421274481e-18  -2.6864602414907e-18   5.1783191996912e-16  -1.7196282869055e-16   1.7407398100841e-15      1.55195286066206  -1.3992901511968e-15  0.000107389181695665     0.822218437019592 -5.09600625912866e-16
 7.77596700126158e-17  -5.7910923297606e-17  1.11626905077814e-14 -3.70693214696928e-15  3.75244150187536e-14  -1.3992901511968e-15      1.55195286066038     0.822218437020677 -0.000107389181694103  -1.0985251928725e-14
 9.27423705476679e-17 -3.74307583804829e-17  7.66786020620508e-15 -5.03321029405366e-15 -8.96500186488245e-15  0.000107389181695665     0.822218437020677     0.491120282598583  1.36738429554054e-15  -3.6133388848207e-14
 4.29013557193072e-18 -1.73149587535695e-18  3.54704751579154e-16 -2.32829435586711e-16  -4.1470875713478e-16     0.822218437019592 -0.000107389181694103  1.36738429554054e-15     0.491120282596906 -1.67148129217173e-15
  0.00344536522981236  -0.00232133088346741     0.416639219891741     -0.18555118462177      0.86795769064432 -5.09600625912866e-16  -1.0985251928725e-14  -3.6133388848207e-14 -1.67148129217173e-15      1.17788262831431
TOTAL ENERGY: -124.525708024078	 lambda: -4.65	 population of target: 3.93169276810833
1RDM: 
     1.99998571760974  1.02399147305865e-05  -0.00174590795973808  0.000803907125664843  -0.00359459570327253  3.58607569629119e-18  7.73035645857385e-17  9.21724949918198e-17  4.26377390968294e-18   0.00342817462973299
 1.02399147305865e-05      1.99997048644478   0.00166625484612984  -0.00165947526834444   0.00184018630043089 -2.68287772971207e-18 -5.78336965341243e-17 -3.72602342309665e-17 -1.72360766896373e-18  -0.00231952856966857
 -0.00174590795973808   0.00166625484612984      1.77782357471816     0.121194357855963    -0.423804376264232  5.17124987144696e-16  1.11474514495577e-14  7.63422952536069e-15  3.53149042641429e-16     0.416192092704144
 0.000803907125664843  -0.00165947526834444     0.121194357855963      1.89425667634652     0.160648174931679 -1.71395332762743e-16 -3.69469885202948e-15 -5.00646552657699e-15 -2.31592258216154e-16    -0.185022266051952
 -0.00359459570327253   0.00184018630043089    -0.423804376264232     0.160648174931679      1.06605896430179  1.74076998065899e-15  3.75250654124686e-14 -9.00167399694714e-15 -4.16405158787935e-16     0.868664100936868
 3.58607569629119e-18 -2.68287772971207e-18  5.17124987144696e-16 -1.71395332762743e-16  1.74076998065899e-15        1.552491598668 -1.39848848718371e-15  0.000107344482740416     0.821876202518961 -5.11819340249092e-16
 7.73035645857385e-17 -5.78336965341243e-17  1.11474514495577e-14 -3.69469885202948e-15  3.75250654124686e-14 -1.39848848718371e-15      1.55249159866634     0.821876202520039  -0.00010734448273885 -1.10330798281084e-14
 9.21724949918198e-17 -3.72602342309665e-17  7.63422952536069e-15 -5.00646552657699e-15 -9.00167399694714e-15  0.000107344482740416     0.821876202520039      0.49056070344598  1.36427024119979e-15 -3.61432500697896e-14
 4.26377390968294e-18 -1.72360766896373e-18  3.53149042641429e-16 -2.31592258216154e-16 -4.16405158787935e-16     0.821876202518961  -0.00010734448273885  1.36427024119979e-15     0.490560703444312 -1.67193745732352e-15
  0.00342817462973299  -0.00231952856966857     0.416192092704144    -0.185022266051952     0.868664100936868 -5.11819340249092e-16 -1.10330798281084e-14 -3.61432500697896e-14 -1.67193745732352e-15       1.1757999763544
TOTAL ENERGY: -124.528020313369	 lambda: -4.6	 population of target: 3.93219274024516
1RDM: 
     1.99998589695423  1.01553168829245e-05  -0.00173079219181027  0.000795659819812455  -0.00357020461471565  3.56484027953848e-18  7.68458014137954e-17  9.16014665986437e-17  4.23735891560589e-18   0.00341100042176549
 1.01553168829245e-05      1.99997050123253   0.00166103886778265    -0.001656895945511   0.00183329530568671 -2.67952236452628e-18 -5.77613662833577e-17 -3.70811002174196e-17 -1.71532117264913e-18  -0.00231781659317183
 -0.00173079219181027   0.00166103886778265      1.77883494423268     0.120574831360802    -0.422548161950998  5.16391818690974e-16  1.11316468399064e-14  7.60057859410021e-15  3.51592396659595e-16     0.415743740451249
 0.000795659819812455    -0.001656895945511     0.120574831360802      1.89458486170064     0.159718504428413 -1.70791605002598e-16 -3.68168454378779e-15 -4.98121789218856e-15 -2.30424337414959e-16     -0.18449955591112
 -0.00357020461471565   0.00183329530568671    -0.422548161950998     0.159718504428413      1.06690856389061  1.74080416086076e-15  3.75258022201446e-14 -9.04102370814755e-15 -4.18225422854016e-16      0.86937599716343
 3.56484027953848e-18 -2.67952236452628e-18  5.16391818690974e-16 -1.70791605002598e-16  1.74080416086076e-15      1.55304762159103  -1.3996987197247e-15  0.000107298265250191     0.821522341186858  -5.1409657824946e-16
 7.68458014137954e-17 -5.77613662833577e-17  1.11316468399064e-14 -3.68168454378779e-15  3.75258022201446e-14  -1.3996987197247e-15      1.55304762158935     0.821522341187945  -0.00010729826524862 -1.10821693140194e-14
 9.16014665986437e-17 -3.70811002174196e-17  7.60057859410021e-15 -4.98121789218856e-15 -9.04102370814755e-15  0.000107298265250191     0.821522341187945     0.489983574858012  1.36044904851206e-15 -3.61533840521553e-14
 4.23735891560589e-18 -1.71532117264913e-18  3.51592396659595e-16 -2.30424337414959e-16 -4.18225422854016e-16     0.821522341186858  -0.00010729826524862  1.36044904851206e-15     0.489983574856333 -1.67240624146079e-15
  0.00341100042176549  -0.00231781659317183     0.415743740451249     -0.18449955591112      0.86937599716343  -5.1409657824946e-16 -1.10821693140194e-14 -3.61533840521553e-14 -1.67240624146079e-15      1.17365283909457
TOTAL ENERGY: -124.530400159294	 lambda: -4.55	 population of target: 3.93271294411869
1RDM: 
     1.99998607562095  1.00708318695628e-05  -0.00171563845073472  0.000787443647597739    -0.003545664838824  3.54355833098584e-18  7.63870351776244e-17  9.10280873491854e-17  4.21083517436483e-18   0.00339384626990587
 1.00708318695628e-05      1.99997051612366    0.0016557876880235  -0.00165431982886789   0.00182634748938531 -2.67622327413913e-18 -5.76902491226015e-17 -3.69004406369731e-17 -1.70696410591349e-18  -0.00231619792545851
 -0.00171563845073472    0.0016557876880235      1.77985923154807     0.119953888128624    -0.421263808188952  5.15649344520456e-16  1.11156416311043e-14  7.56620338339802e-15  3.50002246542164e-16     0.415294195245548
 0.000787443647597739  -0.00165431982886789     0.119953888128624      1.89491153626145     0.158784699395924 -1.70193380285319e-16 -3.66878886205224e-15 -4.95584202230397e-15 -2.29250484614151e-16    -0.183983352036375
   -0.003545664838824   0.00182634748938531    -0.421263808188952     0.158784699395924      1.06781480678426  1.74081988854288e-15  3.75261412551901e-14 -9.08232141564804e-15 -4.20135798525095e-16     0.870093408457853
 3.54355833098584e-18 -2.67622327413913e-18  5.15649344520456e-16 -1.70193380285319e-16  1.74081988854288e-15      1.55362176276528 -1.40001822625213e-15  0.000107250452108784     0.821156262858187  -5.1644387205685e-16
 7.63870351776244e-17 -5.76902491226015e-17  1.11156416311043e-14 -3.66878886205224e-15  3.75261412551901e-14 -1.40001822625213e-15       1.5536217627636     0.821156262859276 -0.000107250452107208 -1.11327689634226e-14
 9.10280873491854e-17 -3.69004406369731e-17  7.56620338339802e-15 -4.95584202230397e-15 -9.08232141564804e-15  0.000107250452108784     0.821156262859276     0.489388058358456  1.35723816887884e-15 -3.61634342527602e-14
 4.21083517436483e-18 -1.70696410591349e-18  3.50002246542164e-16 -2.29250484614151e-16 -4.20135798525095e-16     0.821156262858187 -0.000107250452107208  1.35723816887884e-15     0.489388058356777 -1.67287114989347e-15
  0.00339384626990587  -0.00231619792545851     0.415294195245548    -0.183983352036375     0.870093408457853  -5.1644387205685e-16 -1.11327689634226e-14 -3.61634342527602e-14 -1.67287114989347e-15       1.1714381914175
TOTAL ENERGY: -124.532851126115	 lambda: -4.5	 population of target: 3.93325461460633
1RDM: 
     1.99998625359556  9.98645824792267e-06  -0.00170044626936216   0.00077925903756629  -0.00352097372926263  3.52223075109569e-18  7.59272852922172e-17   9.0452363740187e-17  4.18420298685207e-18   0.00337671603763486
 9.98645824792267e-06      1.99997053113599   0.00165049919549928  -0.00165174606877535   0.00181933930786785 -2.67297814520826e-18  -5.7620295180855e-17 -3.67183446888623e-17 -1.69854059552572e-18  -0.00231467568929965
 -0.00170044626936216   0.00165049919549928      1.78089686927723     0.119331454478779    -0.419950218939914  5.14897500340015e-16  1.10994344376153e-14  7.53106637898339e-15  3.48376856984593e-16     0.414843490974495
  0.00077925903756629  -0.00165174606877535     0.119331454478779      1.89523671390039      0.15784661476786 -1.69601887397514e-16 -3.65603829429237e-15 -4.93029708133622e-15 -2.28068810780331e-16    -0.183473964087086
 -0.00352097372926263   0.00181933930786785    -0.419950218939914      0.15784661476786      1.06878046903117  1.74081533917083e-15  3.75260431883496e-14 -9.12563690914083e-15 -4.22139514084055e-16     0.870816350881864
 3.52223075109569e-18 -2.67297814520826e-18  5.14897500340015e-16 -1.69601887397514e-16  1.74081533917083e-15      1.55421490966384 -1.39960534933978e-15  0.000107200960991422     0.820777337218542 -5.18864961903472e-16
 7.59272852922172e-17  -5.7620295180855e-17  1.10994344376153e-14 -3.65603829429237e-15  3.75260431883496e-14 -1.39960534933978e-15      1.55421490966216      0.82077733721963 -0.000107200960989841 -1.11849594015252e-14
  9.0452363740187e-17 -3.67183446888623e-17  7.53106637898339e-15 -4.93029708133622e-15 -9.12563690914083e-15  0.000107200960991422      0.82077733721963     0.488773260647801  1.35355948928588e-15 -3.61733716427487e-14
 4.18420298685207e-18 -1.69854059552572e-18  3.48376856984593e-16 -2.28068810780331e-16 -4.22139514084055e-16     0.820777337218542 -0.000107200960989841  1.35355948928588e-15     0.488773260646126 -1.67333083965701e-15
  0.00337671603763486  -0.00231467568929965     0.414843490974495    -0.183473964087086     0.870816350881864 -5.18864961903472e-16 -1.11849594015252e-14 -3.61733716427487e-14 -1.67333083965701e-15      1.16915282243977
TOTAL ENERGY: -124.535377025559	 lambda: -4.45	 population of target: 3.933819083286
1RDM: 
      1.9999864308636  9.90219441033473e-06   -0.0016852151347648  0.000771106400897813  -0.00349612845440912   3.5008516194225e-18  7.54664241531768e-17  8.98745805925945e-17  4.15747553028938e-18   0.00335961379878697
 9.90219441033473e-06      1.99997054628862   0.00164517115395683  -0.00164917373970945   0.00181226698243936 -2.66979517202106e-18 -5.75516810790968e-17 -3.65346559411021e-17   -1.690043407028e-18  -0.00231325316758759
  -0.0016852151347648   0.00164517115395683      1.78194831189172     0.118707449234371    -0.418606236622049  5.14134499718857e-16  1.10829867526603e-14  7.49520095779999e-15  3.46717772268176e-16     0.414391663329661
 0.000771106400897813  -0.00164917373970945     0.118707449234371      1.89556041262702     0.156904089649427 -1.69016473221159e-16 -3.64341875861204e-15 -4.90462737545195e-15 -2.26881365424431e-16    -0.182971713884931
 -0.00349612845440912   0.00181226698243936    -0.418606236622049     0.156904089649427       1.0698085020216   1.7407885389413e-15   3.7525465477239e-14 -9.17105029951924e-15 -4.24240274979121e-16      0.87154482529658
  3.5008516194225e-18 -2.66979517202106e-18  5.14134499718857e-16 -1.69016473221159e-16   1.7407885389413e-15      1.55482800773962 -1.40034551918212e-15  0.000107149703925753     0.820384890706643 -5.21364855123601e-16
 7.54664241531768e-17 -5.75516810790968e-17  1.10829867526603e-14 -3.64341875861204e-15   3.7525465477239e-14 -1.40034551918212e-15      1.55482800773793     0.820384890707735 -0.000107149703924166 -1.12388485629022e-14
 8.98745805925945e-17 -3.65346559411021e-17  7.49520095779999e-15 -4.90462737545195e-15 -9.17105029951924e-15  0.000107149703925753     0.820384890707735     0.488138229797777  1.35009122281928e-15 -3.61831232155959e-14
 4.15747553028938e-18   -1.690043407028e-18  3.46717772268176e-16 -2.26881365424431e-16 -4.24240274979121e-16     0.820384890706643 -0.000107149703924166  1.35009122281928e-15     0.488138229796098 -1.67378193299262e-15
  0.00335961379878697  -0.00231325316758759     0.414391663329661    -0.182971713884931      0.87154482529658 -5.21364855123601e-16 -1.12388485629022e-14 -3.61831232155959e-14 -1.67378193299262e-15      1.16679332123608
TOTAL ENERGY: -124.537981938203	 lambda: -4.4	 population of target: 3.9344077876398
1RDM: 
     1.99998660741058  9.81803856275171e-06  -0.00166994448339988   0.00076298612832653  -0.00347112597816094  3.47935156810235e-18  7.50029566591715e-17  8.92976047233895e-17  4.13078544043828e-18   0.00334254384938247
 9.81803856275171e-06      1.99997056160202   0.00163980119326403  -0.00164660183299369   0.00180512648066288 -2.66670527610083e-18 -5.74850731593528e-17 -3.63505445598563e-17 -1.68152669403062e-18  -0.00231193381360486
 -0.00166994448339988   0.00163980119326403      1.78301403708503     0.118081782990779    -0.417230637723858  5.13348636996331e-16  1.10660462703936e-14  7.45909235738941e-15  3.45047442290403e-16      0.41393874987513
  0.00076298612832653  -0.00164660183299369     0.118081782990779      1.89588265506113     0.155956945584902 -1.68437871517465e-16 -3.63094603504493e-15 -4.87895667778942e-15 -2.25693873477614e-16    -0.182476935793333
 -0.00347112597816094   0.00180512648066288    -0.417230637723858     0.155956945584902      1.07090204635537  1.74072417420959e-15  3.75240780853194e-14 -9.21821454046419e-15  -4.2642202278496e-16     0.872278814765387
 3.47935156810235e-18 -2.66670527610083e-18  5.13348636996331e-16 -1.68437871517465e-16  1.74072417420959e-15       1.5554620652027 -1.39971706426044e-15  0.000107096586803789     0.819978202771606 -5.23966436669717e-16
 7.50029566591715e-17 -5.74850731593528e-17  1.10660462703936e-14 -3.63094603504493e-15  3.75240780853194e-14 -1.39971706426044e-15      1.55546206520103     0.819978202772699 -0.000107096586802198 -1.12949296923992e-14
 8.92976047233895e-17 -3.63505445598563e-17  7.45909235738941e-15 -4.87895667778942e-15 -9.21821454046419e-15  0.000107096586803789     0.819978202772699     0.487481950374168  1.34635734176307e-15 -3.61918999488069e-14
 4.13078544043828e-18 -1.68152669403062e-18  3.45047442290403e-16 -2.25693873477614e-16  -4.2642202278496e-16     0.819978202771606 -0.000107096586802198  1.34635734176307e-15     0.487481950372491 -1.67418792397031e-15
  0.00334254384938247  -0.00231193381360486      0.41393874987513    -0.182476935793333     0.872278814765387 -5.23966436669717e-16 -1.12949296923992e-14 -3.61918999488069e-14 -1.67418792397031e-15      1.16435606133557
TOTAL ENERGY: -124.540670236717	 lambda: -4.35	 population of target: 3.93502228120943
1RDM: 
     1.99998678322192   9.7339887011077e-06  -0.00165463369631792  0.000754898587128776  -0.00344596304174068  3.45791227201765e-18  7.45407985200627e-17  8.87141078274033e-17  4.10379366846703e-18   0.00332551072180656
  9.7339887011077e-06       1.9999705770981    0.0016343867982926   -0.0016440292472818   0.00179791349601261 -2.66362025637133e-18 -5.74185706609174e-17 -3.61632782892633e-17 -1.67286400856102e-18  -0.00231072126110763
 -0.00165463369631792    0.0016343867982926      1.78409454735235     0.117454357271301    -0.415822128057177    5.125697909594e-16   1.1049257003885e-14  7.42134012454838e-15  3.43301075272932e-16      0.41348478995521
 0.000754898587128776   -0.0016440292472818     0.117454357271301      1.89620346899304     0.155004984681589 -1.67868145954774e-16 -3.61866470309563e-15 -4.85283602358467e-15  -2.2448556813588e-16    -0.181989977079776
 -0.00344596304174068   0.00179791349601261    -0.415822128057177     0.155004984681589      1.07206444641239   1.7406537111832e-15  3.75225591367294e-14 -9.26829478505491e-15 -4.28738666920278e-16      0.87301828172771
 3.45791227201765e-18 -2.66362025637133e-18    5.125697909594e-16 -1.67868145954774e-16   1.7406537111832e-15      1.55611815790865  -1.3998485888772e-15  0.000107041508856355     0.819556501941654 -5.26626608993366e-16
 7.45407985200627e-17 -5.74185706609174e-17   1.1049257003885e-14 -3.61866470309563e-15  3.75225591367294e-14  -1.3998485888772e-15      1.55611815790698     0.819556501942748 -0.000107041508854759 -1.13522739421463e-14
 8.87141078274033e-17 -3.61632782892633e-17  7.42134012454838e-15 -4.85283602358467e-15 -9.26829478505491e-15  0.000107041508856355     0.819556501942748      0.48680333855623  1.34292723950415e-15 -3.62015920442972e-14
 4.10379366846703e-18 -1.67286400856102e-18  3.43301075272932e-16  -2.2448556813588e-16 -4.28738666920278e-16     0.819556501941654 -0.000107041508854759  1.34292723950415e-15     0.486803338554554 -1.67463626753594e-15
  0.00332551072180656  -0.00231072126110763      0.41348478995521    -0.181989977079776      0.87301828172771 -5.26626608993366e-16 -1.13522739421463e-14 -3.62015920442972e-14 -1.67463626753594e-15       1.1618371839958
TOTAL ENERGY: -124.54344661239	 lambda: -4.3	 population of target: 3.93566424509634
1RDM: 
     1.99998695828306  9.65004258213816e-06  -0.00163928209233262  0.000746844116569423  -0.00342063613555716  3.43640685630875e-18  7.40772151602172e-17  8.81292860824508e-17  4.07674061910069e-18   0.00330851919546883
 9.65004258213816e-06      1.99997059280049   0.00162892530013592  -0.00164145478157916   0.00179062342489915 -2.66060407777258e-18 -5.73535520560832e-17   -3.597464923054e-17 -1.66413829180351e-18   -0.0023096193372697
 -0.00163928209233262   0.00162892530013592      1.78519037140711     0.116825063690312    -0.414379337568126  5.11776164437779e-16  1.10321491313907e-14  7.38287567935716e-15  3.41521763640475e-16     0.413029824943402
 0.000746844116569423  -0.00164145478157916     0.116825063690312      1.89652288792667     0.154047987394283 -1.67306582724066e-16 -3.60655930873187e-15  -4.8265628696715e-15  -2.2327020814905e-16    -0.181511198278106
 -0.00342063613555716   0.00179062342489915    -0.414379337568126     0.154047987394283      1.07329926768371  1.74055200456012e-15  3.75203667129117e-14  -9.3206583443056e-15 -4.31160932181063e-16     0.873763164347869
 3.43640685630875e-18 -2.66060407777258e-18  5.11776164437779e-16 -1.67306582724066e-16  1.74055200456012e-15      1.55679743567867 -1.39830826441254e-15  0.000106984362039922     0.819118960942995 -5.29383134812809e-16
 7.40772151602172e-17 -5.73535520560832e-17  1.10321491313907e-14 -3.60655930873187e-15  3.75203667129117e-14 -1.39830826441254e-15        1.556797435677     0.819118960944082 -0.000106984362038322 -1.14116952132854e-14
 8.81292860824508e-17   -3.597464923054e-17  7.38287567935716e-15  -4.8265628696715e-15  -9.3206583443056e-15  0.000106984362039922     0.819118960944082     0.486101235529596  1.33956087636083e-15 -3.62108244603507e-14
 4.07674061910069e-18 -1.66413829180351e-18  3.41521763640475e-16  -2.2327020814905e-16 -4.31160932181063e-16     0.819118960942995 -0.000106984362038322  1.33956087636083e-15     0.486101235527937 -1.67506334416748e-15
  0.00330851919546883   -0.0023096193372697     0.413029824943402    -0.181511198278106     0.873763164347869 -5.29383134812809e-16 -1.14116952132854e-14 -3.62108244603507e-14 -1.67506334416748e-15      1.15923257948578
TOTAL ENERGY: -124.54631610337	 lambda: -4.25	 population of target: 3.93633550053907
1RDM: 
     1.99998713257943  9.56619769333597e-06  -0.00162388892236855  0.000738823024189954  -0.00339514147815548  3.41495162212269e-18  7.36147132485403e-17  8.75384237577541e-17  4.04940811432271e-18   0.00329157431361502
 9.56619769333597e-06      1.99997060873453   0.00162341386210217  -0.00163887712260719   0.00178325134248668 -2.65761340207983e-18 -5.72890834825082e-17 -3.57823622474338e-17 -1.65524333495509e-18  -0.00230863207374437
 -0.00162388892236855   0.00162341386210217      1.78630206607993     0.116193782884884    -0.412900814741571  5.10985298640701e-16  1.10151007363997e-14  7.34283570996866e-15   3.3966956611174e-16     0.412573898013146
 0.000738823024189954  -0.00163887712260719     0.116193782884884      1.89684095181393      0.15308571021345 -1.66753369797155e-16 -3.59463396225143e-15 -4.79989465434234e-15 -2.22036573688283e-16    -0.181040973475872
 -0.00339514147815548   0.00178325134248668    -0.412900814741571      0.15308571021345       1.0746103139306  1.74044151271537e-15  3.75179848137023e-14 -9.37623750802859e-15 -4.33731952986936e-16     0.874513372855155
 3.41495162212269e-18 -2.65761340207983e-18  5.10985298640701e-16 -1.66753369797155e-16  1.74044151271537e-15      1.55750112803963 -1.39882604692437e-15  0.000106925030398592     0.818664691986791 -5.32207957392532e-16
 7.36147132485403e-17 -5.72890834825082e-17  1.10151007363997e-14 -3.59463396225143e-15  3.75179848137023e-14 -1.39882604692437e-15      1.55750112803795      0.81866469198789 -0.000106925030396987 -1.14725888301454e-14
 8.75384237577541e-17 -3.57823622474338e-17  7.34283570996866e-15 -4.79989465434234e-15 -9.37623750802859e-15  0.000106925030398592      0.81866469198789     0.485374401800828  1.33479909204148e-15 -3.62208929964274e-14
 4.04940811432271e-18 -1.65524333495509e-18   3.3966956611174e-16 -2.22036573688283e-16 -4.33731952986936e-16     0.818664691986791 -0.000106925030396987  1.33479909204148e-15     0.485374401799155 -1.67552910746829e-15
  0.00329157431361502  -0.00230863207374437     0.412573898013146    -0.181040973475872     0.874513372855155 -5.32207957392532e-16 -1.14725888301454e-14 -3.62208929964274e-14 -1.67552910746829e-15      1.15653786718405
TOTAL ENERGY: -124.549284126878	 lambda: -4.2	 population of target: 3.93703802317087
1RDM: 
     1.99998730609647  9.48245121393153e-06  -0.00160845336121892  0.000730835580122123   -0.0033694749827747  3.39341406836792e-18  7.31504369623508e-17  8.69469873674657e-17  4.02204906784899e-18   0.00327468139538212
 9.48245121393153e-06      1.99997062492754   0.00161784946829929  -0.00163629483510637   0.00177579197487506 -2.65470371284452e-18 -5.72263605555885e-17  -3.5588732324256e-17 -1.64628627109088e-18   -0.0023077637207041
 -0.00160845336121892   0.00161784946829929      1.78743021800354     0.115560383457345    -0.411385020489177  5.10175642734258e-16  1.09976473091405e-14   7.3021471394653e-15  3.37787367460598e-16     0.412117054321117
 0.000730835580122123  -0.00163629483510637     0.115560383457345      1.89715770775328      0.15211788290545 -1.66208822715018e-16 -3.58289539751327e-15 -4.77310100577605e-15  -2.2079713647039e-16    -0.180579690572917
  -0.0033694749827747   0.00177579197487506    -0.411385020489177      0.15211788290545      1.07600164763393  1.74029272190833e-15  3.75147773689515e-14 -9.43425571570466e-15 -4.36415797553121e-16     0.875268784844085
 3.39341406836792e-18 -2.65470371284452e-18  5.10175642734258e-16 -1.66208822715018e-16  1.74029272190833e-15      1.55823055152335 -1.39845539898415e-15   0.00010686338932453     0.818192740997054   -5.351433671823e-16
 7.31504369623508e-17 -5.72263605555885e-17  1.09976473091405e-14 -3.58289539751327e-15  3.75147773689515e-14 -1.39845539898415e-15      1.55823055152168     0.818192740998152  -0.00010686338932292 -1.15358662785269e-14
 8.69469873674657e-17  -3.5588732324256e-17   7.3021471394653e-15 -4.77310100577605e-15 -9.43425571570466e-15   0.00010686338932453     0.818192740998152     0.484621509635801  1.33139200135538e-15 -3.62302621701871e-14
 4.02204906784899e-18 -1.64628627109088e-18  3.37787367460598e-16  -2.2079713647039e-16 -4.36415797553121e-16     0.818192740997054  -0.00010686338932292  1.33139200135538e-15     0.484621509634134 -1.67596251463246e-15
  0.00327468139538212   -0.0023077637207041     0.412117054321117    -0.180579690572917     0.875268784844085   -5.351433671823e-16 -1.15358662785269e-14 -3.62302621701871e-14 -1.67596251463246e-15      1.15374837327028
TOTAL ENERGY: -124.552356514335	 lambda: -4.15	 population of target: 3.93777395883263
1RDM: 
     1.99998747881975  9.39879997735142e-06   -0.0015929745001235  0.000722882012021589  -0.00334363222856345  3.37182063255748e-18  7.26849561184257e-17   8.6353949855197e-17   3.9946159618629e-18   0.00325784605370424
 9.39879997735142e-06      1.99997064140899   0.00161222890820764  -0.00163370634764551   0.00176823966968347 -2.65187040282824e-18  -5.7165284039759e-17 -3.53929475842709e-17 -1.63722953515168e-18  -0.00230701876032422
  -0.0015929745001235   0.00161222890820764       1.7885754457455     0.114924720699003    -0.409830321467871  5.09350431214094e-16  1.09798585638535e-14  7.26059563930006e-15  3.35865251861422e-16     0.411659340796296
 0.000722882012021589  -0.00163370634764551     0.114924720699003      1.89747321087952     0.151144205594408  -1.6567191361409e-16 -3.57132147191679e-15  -4.7461717047446e-15 -2.19551424075246e-16    -0.180127751487936
