TOTAL ENERGY: -124.23493701042	 lambda: -5	 population of target: 3.99338721658372
1RDM: 
     1.99999931944739    1.023459389632e-06 -0.000129747362749507  0.000143165522925363  0.000628996910059517  5.77551198820092e-17 -1.31137652931373e-16 -6.01893033613757e-17 -1.52850096790561e-17  0.000950652963389602
   1.023459389632e-06      1.99997319888103   0.00049461938501683  -0.00167765468127913 -0.000401535911182905  1.44133773700179e-18  1.22505183768784e-16 -9.85582941394003e-18 -2.86948347180364e-18 -0.000980520445682205
-0.000129747362749507   0.00049461938501683      1.97152920184138    0.0455495651413428     0.113101734587171  9.71052555104867e-16 -2.56672351743462e-14   5.4544426234317e-16 -9.91899836314601e-16     0.175612286501871
 0.000143165522925363  -0.00167765468127913    0.0455495651413428       1.8805859756962   -0.0989102823052121 -2.38608849566634e-15  2.39933903339234e-14  1.26023106735325e-15  5.91817738188143e-16    -0.172365904557344
 0.000628996910059517 -0.000401535911182905     0.113101734587171   -0.0989102823052121      1.40607416011747  -8.2735313837129e-15  1.32607274115167e-13  1.10394163989181e-15  4.82647013597378e-15    -0.889074017869804
 5.77551198820092e-17  1.44133773700179e-18  9.71052555104867e-16 -2.38608849566634e-15  -8.2735313837129e-15      1.19550819181977  9.77551488165091e-15      0.96404041666962   -0.0289015268329557 -3.89419899990666e-15
-1.31137652931373e-16  1.22505183768784e-16 -2.56672351743462e-14  2.39933903339234e-14  1.32607274115167e-13  9.77551488165091e-15      1.19550819181975    0.0289015268329522     0.964040416669627  8.44096186058725e-14
-6.01893033613757e-17 -9.85582941394003e-18   5.4544426234317e-16  1.26023106735325e-15  1.10394163989181e-15      0.96404041666962    0.0289015268329522     0.843730148287932 -9.16204955121836e-15 -4.43820035400928e-15
-1.52850096790561e-17 -2.86948347180364e-18 -9.91899836314601e-16  5.91817738188143e-16  4.82647013597378e-15   -0.0289015268329557     0.964040416669627 -9.16204955121836e-15     0.843730148287948  1.44753222194922e-13
 0.000950652963389602 -0.000980520445682205     0.175612286501871    -0.172365904557344    -0.889074017869804 -3.89419899990666e-15  8.44096186058725e-14 -4.43820035400928e-15  1.44753222194922e-13     0.663361463801193
TOTAL ENERGY: -124.235185478486	 lambda: -4.95	 population of target: 3.99343716178235
1RDM: 
      1.9999993237434  1.02061678847621e-06 -0.000129152127644865  0.000142628728853947  0.000626647565815692  5.83850660587529e-17 -1.30717877881907e-16 -6.09856973585118e-17 -1.51826409378918e-17  0.000947904892656377
 1.02061678847621e-06      1.99997319764447  0.000494313518350264  -0.00167763217609589 -0.000400930648397572  1.35257612734351e-18  1.22524906634456e-16 -9.74808380132388e-18  -2.9472084534599e-18 -0.000980976365641911
-0.000129152127644865  0.000494313518350264      1.97160262111018    0.0454877352844797      0.11285860595077  9.64532722280204e-16 -2.56284347290958e-14  5.50260279552939e-16 -9.84100898057794e-16      0.17539834137309
 0.000142628728853947  -0.00167763217609589    0.0454877352844797      1.88062119799788   -0.0987289802553533 -2.36437302897645e-15   2.3966983031947e-14  1.23659882964821e-15  5.89133727740586e-16    -0.172271139391724
 0.000626647565815692 -0.000400930648397572      0.11285860595077   -0.0987289802553533      1.40672049022168 -8.27496712619908e-15  1.32548530237549e-13  1.11258257861874e-15  4.77887513545073e-15    -0.888829923795193
 5.83850660587529e-17  1.35257612734351e-18  9.64532722280204e-16 -2.36437302897645e-15 -8.27496712619908e-15      1.19566421974231  9.94666983717402e-15     0.964014082264546   -0.0289007373367947 -3.89553423172188e-15
-1.30717877881907e-16  1.22524906634456e-16 -2.56284347290958e-14   2.3966983031947e-14  1.32548530237549e-13  9.94666983717402e-15      1.19566421974229    0.0289007373367911     0.964014082264552  8.44799883251007e-14
-6.09856973585118e-17 -9.74808380132388e-18  5.50260279552939e-16  1.23659882964821e-15  1.11258257861874e-15     0.964014082264546    0.0289007373367911     0.843569020574582 -9.15369234776103e-15 -4.43791578754368e-15
-1.51826409378918e-17  -2.9472084534599e-18 -9.84100898057794e-16  5.89133727740586e-16  4.77887513545073e-15   -0.0289007373367947     0.964014082264552 -9.15369234776103e-15     0.843569020574603  1.44717393117293e-13
 0.000947904892656377 -0.000980976365641911      0.17539834137309    -0.172271139391724    -0.888829923795193 -3.89553423172188e-15  8.44799883251007e-14 -4.43791578754368e-15  1.44717393117293e-13     0.662616688648703
TOTAL ENERGY: -124.235442784843	 lambda: -4.9	 population of target: 3.99348940873579
1RDM: 
     1.99999932801901  1.01777518895469e-06 -0.000128554811050623  0.000142093615431169  0.000624291540838268  5.90177144342048e-17 -1.30298823953333e-16 -6.17859550545214e-17 -1.50792843941055e-17  0.000945168046489487
 1.01777518895469e-06      1.99997319643878  0.000493999256430995   -0.0016776072082215 -0.000400302737684119  1.26393465090129e-18  1.22541837947352e-16 -9.64025500361414e-18 -3.02440422754583e-18 -0.000981439318109089
-0.000128554811050623  0.000493999256430995      1.97167747423299    0.0454250760880605     0.112609754622972  9.57987967304121e-16 -2.55889518131934e-14   5.5504668531612e-16  -9.7591804877985e-16     0.175180326041881
 0.000142093615431169   -0.0016776072082215    0.0454250760880605      1.88065642338964   -0.0985454488214993  -2.3426815319255e-15  2.39410391935824e-14  1.21299227417548e-15   5.8573123716605e-16    -0.172178406442431
 0.000624291540838268 -0.000400302737684119     0.112609754622972   -0.0985454488214993      1.40738866375177 -8.27633722398794e-15  1.32487574733762e-13  1.12138639132981e-15  4.72984357707869e-15    -0.888576374834278
 5.90177144342048e-17  1.26393465090129e-18  9.57987967304121e-16  -2.3426815319255e-15 -8.27633722398794e-15      1.19582545907557  9.81609317138937e-15     0.963986748528531   -0.0288999178839945 -3.89690255494885e-15
-1.30298823953333e-16  1.22541837947352e-16 -2.55889518131934e-14  2.39410391935824e-14  1.32487574733762e-13  9.81609317138937e-15      1.19582545907556    0.0288999178839909     0.963986748528535  8.45524780892484e-14
-6.17859550545214e-17 -9.64025500361414e-18   5.5504668531612e-16  1.21299227417548e-15  1.12138639132981e-15     0.963986748528531    0.0288999178839909      0.84340273087861 -9.45515926243611e-15 -4.43762180935389e-15
-1.50792843941055e-17 -3.02440422754583e-18  -9.7591804877985e-16   5.8573123716605e-16  4.72984357707869e-15   -0.0288999178839945     0.963986748528535 -9.45515926243611e-15     0.843402730878617  1.44680312296597e-13
 0.000945168046489487 -0.000981439318109089     0.175180326041881    -0.172178406442431    -0.888576374834278 -3.89690255494885e-15  8.45524780892484e-14 -4.43762180935389e-15  1.44680312296597e-13      0.66184853425953
TOTAL ENERGY: -124.235709418232	 lambda: -4.85	 population of target: 3.99354410492394
1RDM: 
     1.99999933227338  1.01493522619667e-06 -0.000127955393163415  0.000141560283980823  0.000621928788830455  5.96530658940315e-17 -1.29880441197596e-16 -6.25901118473817e-17  -1.4975078534599e-17  0.000942443402180196
 1.01493522619667e-06      1.99997319526587  0.000493676268294779  -0.00167757961285048 -0.000399651114208354  1.17526957256932e-18  1.22559125348098e-16 -9.53227988864313e-18 -3.10490489744235e-18 -0.000981909571457391
-0.000127955393163415  0.000493676268294779      1.97175381182592    0.0453615534210469     0.112354949929422  9.51408343297734e-16 -2.55485631420465e-14  5.59806033092606e-16 -9.67573980856934e-16     0.174958098360577
 0.000141560283980823  -0.00167757961285048    0.0453615534210469      1.88069166115031    -0.098359568761003 -2.32098063522075e-15  2.39148227145107e-14  1.18939846931607e-15  5.82487764963247e-16    -0.172087782052721
 0.000621928788830455 -0.000399651114208354     0.112354949929422    -0.098359568761003      1.40807974100738 -8.27764478030297e-15  1.32424433141333e-13    1.130363832126e-15  4.67914256035914e-15    -0.888312874667089
 5.96530658940315e-17  1.17526957256932e-18  9.51408343297734e-16 -2.32098063522075e-15 -8.27764478030297e-15      1.19599217070816  9.88651511913049e-15     0.963958364377303   -0.0288990669377554 -3.89830561702688e-15
-1.29880441197596e-16  1.22559125348098e-16 -2.55485631420465e-14  2.39148227145107e-14  1.32424433141333e-13  9.88651511913049e-15      1.19599217070815    0.0288990669377518     0.963958364377306   8.4627186540991e-14
-6.25901118473817e-17 -9.53227988864313e-18  5.59806033092606e-16  1.18939846931607e-15    1.130363832126e-15     0.963958364377303    0.0288990669377518     0.843231019878687 -9.39596215708183e-15 -4.43731757201076e-15
 -1.4975078534599e-17 -3.10490489744235e-18 -9.67573980856934e-16  5.82487764963247e-16  4.67914256035914e-15   -0.0288990669377554     0.963958364377306 -9.39596215708183e-15     0.843231019878701  1.44641919579571e-13
 0.000942443402180196 -0.000981909571457391     0.174958098360577    -0.172087782052721    -0.888312874667089 -3.89830561702688e-15   8.4627186540991e-14 -4.43731757201076e-15  1.44641919579571e-13     0.661055877303522
TOTAL ENERGY: -124.235985903972	 lambda: -4.8	 population of target: 3.99360140999317
1RDM: 
     1.99999933650555  1.01209718183712e-06 -0.000127353848352376  0.000141028815866772  0.000619559262155219  6.02911315474624e-17  -1.2946292347366e-16 -6.33982087969747e-17 -1.48698728203506e-17   0.00093973200320278
 1.01209718183712e-06      1.99997319412778   0.00049334421063445  -0.00167754921298066 -0.000398974645801874  1.08667830097718e-18  1.22574449192295e-16 -9.42418516620731e-18 -3.18610310568337e-18 -0.000982387417003636
-0.000127353848352376   0.00049334421063445      1.97183168671698    0.0452971314671385     0.112093948274613  9.44798427223748e-16 -2.55073751360337e-14  5.64535204359772e-16 -9.58891408813138e-16     0.174731510080674
 0.000141028815866772  -0.00167754921298066    0.0452971314671385       1.8807269215601    -0.098171211297874 -2.29929240827047e-15  2.38888569501382e-14  1.16582588613955e-15  5.78760540496187e-16     -0.17199934560447
 0.000619559262155219 -0.000398974645801874     0.112093948274613    -0.098171211297874      1.40879485352425 -8.27888277136896e-15  1.32358897498582e-13  1.13952241608293e-15  4.62680661873391e-15     -0.88803889171477
 6.02911315474624e-17  1.08667830097718e-18  9.44798427223748e-16 -2.29929240827047e-15 -8.27888277136896e-15      1.19616463216951  9.96256092779269e-15      0.96392887496992   -0.0288981828578284  -3.8997453021408e-15
 -1.2946292347366e-16  1.22574449192295e-16 -2.55073751360337e-14  2.38888569501382e-14  1.32358897498582e-13  9.96256092779269e-15      1.19616463216949    0.0288981828578248     0.963928874969925  8.47042214761589e-14
-6.33982087969747e-17 -9.42418516620731e-18  5.64535204359772e-16  1.16582588613955e-15  1.13952241608293e-15      0.96392887496992    0.0288981828578248     0.843053612641992 -9.33854134380167e-15 -4.43700209522343e-15
-1.48698728203506e-17 -3.18610310568337e-18 -9.58891408813138e-16  5.78760540496187e-16  4.62680661873391e-15   -0.0288981828578284     0.963928874969925 -9.33854134380167e-15     0.843053612642008  1.44602146895497e-13
  0.00093973200320278 -0.000982387417003636     0.174731510080674     -0.17199934560447     -0.88803889171477  -3.8997453021408e-15  8.47042214761589e-14 -4.43700209522343e-15  1.44602146895497e-13     0.660237517942384
TOTAL ENERGY: -124.23627280661	 lambda: -4.75	 population of target: 3.99366149682182
1RDM: 
      1.9999993407146  1.00926158418073e-06 -0.000126750152014889  0.000140499310513904  0.000617182894955207   6.0931915501526e-17 -1.29046330936844e-16 -6.42102859682176e-17 -1.47636788598494e-17  0.000937034945551759
 1.00926158418073e-06      1.99997319302674   0.00049300271817499  -0.00167751581637258 -0.000398272127207674  9.98123045767526e-19  1.22588671017106e-16 -9.31594952528129e-18 -3.26918455961941e-18 -0.000982873156781679
-0.000126750152014889   0.00049300271817499      1.97191115431684     0.045231772253094     0.111826492610132  9.38154478416874e-16 -2.54652986166579e-14  5.69233939885986e-16 -9.49925656680869e-16     0.174500406094805
 0.000140499310513904  -0.00167751581637258     0.045231772253094      1.88076221600952   -0.0979802388733866 -2.27760743396747e-15  2.38629254549722e-14  1.14227188930335e-15  5.74796121300071e-16    -0.171913180636463
 0.000617182894955207 -0.000398272127207674     0.111826492610132   -0.0979802388733866       1.4095352074749 -8.28004953040376e-15  1.32290883738809e-13  1.14887223442407e-15  4.57270592722896e-15    -0.887753856199569
  6.0931915501526e-17  9.98123045767526e-19  9.38154478416874e-16 -2.27760743396747e-15 -8.28004953040376e-15      1.19634314063839  9.92380596332078e-15     0.963898221747783   -0.0288972638871604 -3.90122352908322e-15
-1.29046330936844e-16  1.22588671017106e-16 -2.54652986166579e-14  2.38629254549722e-14  1.32290883738809e-13  9.92380596332078e-15      1.19634314063837    0.0288972638871568     0.963898221747786  8.47836959619057e-14
-6.42102859682176e-17 -9.31594952528129e-18  5.69233939885986e-16  1.14227188930335e-15  1.14887223442407e-15     0.963898221747783    0.0288972638871568     0.842870214125162 -9.40223509020793e-15 -4.43667430358308e-15
-1.47636788598494e-17 -3.26918455961941e-18 -9.49925656680869e-16  5.74796121300071e-16  4.57270592722896e-15   -0.0288972638871604     0.963898221747786 -9.40223509020793e-15     0.842870214125179  1.44560922364142e-13
 0.000937034945551759 -0.000982873156781679     0.174500406094805    -0.171913180636463    -0.887753856199569 -3.90122352908322e-15  8.47836959619057e-14 -4.43667430358308e-15  1.44560922364142e-13     0.659392178930398
TOTAL ENERGY: -124.236570734013	 lambda: -4.7	 population of target: 3.99372455294594
1RDM: 
     1.99999934489948  1.00642890650072e-06  -0.00012614427699376  0.000139971866524619  0.000614799609615881  6.15754227979896e-17 -1.28630770499222e-16 -6.50263855052404e-17 -1.46564567066756e-17  0.000934353391396435
 1.00642890650072e-06      1.99997319196511  0.000492651406440482  -0.00167747921458719 -0.000397542274586933  9.09607267320232e-19  1.22601683244939e-16 -9.20756631458783e-18  -3.3541791464395e-18 -0.000983367111322229
 -0.00012614427699376  0.000492651406440482      1.97199227264797    0.0451654356681552     0.111552311287656  9.31475221514976e-16 -2.54223018590922e-14  5.73901016798191e-16 -9.40660433188767e-16     0.174264624293411
 0.000139971866524619  -0.00167747921458719    0.0451654356681552      1.88079755712037   -0.0977865035570725  -2.2559260092815e-15   2.3837037904539e-14  1.11873739403601e-15  5.70568632395655e-16    -0.171829374594332
 0.000614799609615881 -0.000397542274586933     0.111552311287656   -0.0977865035570725      1.41030209120566 -8.28114147336167e-15  1.32220259391883e-13  1.15842342223421e-15  4.51675336291689e-15     -0.88745715659004
 6.15754227979896e-17  9.09607267320232e-19  9.31475221514976e-16  -2.2559260092815e-15 -8.28114147336167e-15      1.19652801391545  9.98947849324482e-15     0.963866341906386    -0.028896308142985 -3.90274236373413e-15
-1.28630770499222e-16  1.22601683244939e-16 -2.54223018590922e-14   2.3837037904539e-14  1.32220259391883e-13  9.98947849324482e-15      1.19652801391543    0.0288963081429814      0.96386634190639  8.48657309887375e-14
-6.50263855052404e-17 -9.20756631458783e-18  5.73901016798191e-16  1.11873739403601e-15  1.15842342223421e-15     0.963866341906386    0.0288963081429814     0.842680508951096 -9.28079031000861e-15 -4.43633305789244e-15
-1.46564567066756e-17  -3.3541791464395e-18 -9.40660433188767e-16  5.70568632395655e-16  4.51675336291689e-15    -0.028896308142985      0.96386634190639 -9.28079031000861e-15     0.842680508951116  1.44518169420003e-13
 0.000934353391396435 -0.000983367111322229     0.174264624293411    -0.171829374594332     -0.88745715659004 -3.90274236373413e-15  8.48657309887375e-14 -4.43633305789244e-15  1.44518169420003e-13     0.658518496428353
TOTAL ENERGY: -124.236880341469	 lambda: -4.65	 population of target: 3.99379078206322
1RDM: 
      1.9999993490592  1.00359964130748e-06 -0.000125536194201216   0.00013944658641121  0.000612409312410945  6.22216573633263e-17 -1.28216352328898e-16 -6.58465510497772e-17 -1.45481658238318e-17  0.000931688570823372
 1.00359964130748e-06      1.99997319094551  0.000492289869309113  -0.00167743918132456 -0.000396783718787892  8.21132801623874e-19  1.22613423814399e-16 -9.09902792323595e-18 -3.44118638991059e-18 -0.000983869619169344
-0.000125536194201216  0.000492289869309113      1.97207510252761    0.0450980792614822     0.111271117043956  9.24759190571112e-16 -2.53783481631737e-14  5.78535168216497e-16 -9.31082368513969e-16      0.17402399515342
  0.00013944658641121  -0.00167743918132456    0.0450980792614822      1.88083295888584   -0.0975898462848515 -2.23424795488844e-15  2.38111912360601e-14  1.09522328423872e-15  5.66065935904874e-16      -0.1717480191669
 0.000612409312410945 -0.000396783718787892     0.111271117043956   -0.0975898462848515      1.41109688203846  -8.2821548392339e-15   1.3214688472344e-13  1.16818684281212e-15  4.45885312011993e-15    -0.887148135742433
 6.22216573633263e-17  8.21132801623874e-19  9.24759190571112e-16 -2.23424795488844e-15  -8.2821548392339e-15      1.19671959241796  9.77146129321975e-15     0.963833168062759   -0.0288953136052132 -3.90430400553952e-15
-1.28216352328898e-16  1.22613423814399e-16 -2.53783481631737e-14  2.38111912360601e-14   1.3214688472344e-13  9.77146129321975e-15      1.19671959241794    0.0288953136052096     0.963833168062763  8.49504556509774e-14
-6.58465510497772e-17 -9.09902792323595e-18  5.78535168216497e-16  1.09522328423872e-15  1.16818684281212e-15     0.963833168062759    0.0288953136052096      0.84248415923505 -9.30384774264439e-15 -4.43597711411057e-15
-1.45481658238318e-17 -3.44118638991059e-18 -9.31082368513969e-16  5.66065935904874e-16  4.45885312011993e-15   -0.0288953136052132     0.963833168062763 -9.30384774264439e-15     0.842484159235061  1.44473805829794e-13
 0.000931688570823372 -0.000983869619169344      0.17402399515342      -0.1717480191669    -0.887148135742433 -3.90430400553952e-15  8.49504556509774e-14 -4.43597711411057e-15  1.44473805829794e-13     0.657615013237479
TOTAL ENERGY: -124.237202336353	 lambda: -4.6	 population of target: 3.99386040574227
1RDM: 
     1.99999935319262  1.00077429698233e-06 -0.000124925872375264  0.000138923576483976  0.000610011891119767  6.28706219720915e-17 -1.27803192115084e-16 -6.66708278806035e-17 -1.44387626132853e-17  0.000929041786604528
 1.00077429698233e-06      1.99997318997073   0.00049191767745812  -0.00167739547057451 -0.000395994997961733  7.32701766909143e-19  1.22623827316687e-16 -8.99032642693007e-18 -3.53031424641193e-18 -0.000984381038002371
-0.000124925872375264   0.00049191767745812      1.97215970772972    0.0450296580727735     0.110982605847568   9.1800484755072e-16  -2.5333398797502e-14  5.83135043896956e-16 -9.21177352634315e-16     0.173778341362023
 0.000138923576483976  -0.00167739547057451    0.0450296580727735      1.88086843681675   -0.0973900958125375 -2.21257310204552e-15  2.37853815581452e-14  1.07173056413725e-15  5.61275440770711e-16    -0.171669210529241
 0.000610011891119767 -0.000395994997961733     0.110982605847568   -0.0973900958125375      1.41192105410808 -8.28308559147611e-15  1.32070609920179e-13  1.17817412692684e-15  4.39890264012029e-15    -0.886826086573812
 6.28706219720915e-17  7.32701766909143e-19   9.1800484755072e-16 -2.21257310204552e-15 -8.28308559147611e-15      1.19691824120254   9.9092543251006e-15     0.963798627837797   -0.0288942781040197 -3.90591079867305e-15
-1.27803192115084e-16  1.22623827316687e-16  -2.5333398797502e-14  2.37853815581452e-14  1.32070609920179e-13   9.9092543251006e-15      1.19691824120252    0.0288942781040161     0.963798627837801  8.50380078365611e-14
-6.66708278806035e-17 -8.99032642693007e-18  5.83135043896956e-16  1.07173056413725e-15  1.17817412692684e-15     0.963798627837797    0.0288942781040161     0.842280802559767 -9.25420570059556e-15 -4.43560512099925e-15
-1.44387626132853e-17 -3.53031424641193e-18 -9.21177352634315e-16  5.61275440770711e-16  4.39890264012029e-15   -0.0288942781040197     0.963798627837801 -9.25420570059556e-15     0.842280802559784  1.44427743400191e-13
 0.000929041786604528 -0.000984381038002371     0.173778341362023    -0.171669210529241    -0.886826086573812 -3.90591079867305e-15  8.50380078365611e-14 -4.43560512099925e-15  1.44427743400191e-13     0.656680170657588
TOTAL ENERGY: -124.237537483369	 lambda: -4.55	 population of target: 3.99393366534826
1RDM: 
     1.99999935729862  9.97953406554593e-07 -0.000124313277876584  0.000138402947470487  0.000607607211492235  6.35223188100123e-17 -1.27391432842886e-16 -6.74992631293209e-17 -1.43281731916893e-17  0.000926414418421342
 9.97953406554593e-07      1.99997318904383  0.000491534375700048   -0.0016773478153334 -0.000395174549146493  6.44334858856007e-19  1.22632265262911e-16 -8.88145443353403e-18 -3.62104018495605e-18 -0.000984901745088417
-0.000124313277876584  0.000491534375700048      1.97224615518594    0.0449601244006098     0.110686455643353  9.11211650028988e-16 -2.52874464924632e-14  5.87699110194055e-16 -9.10889493759587e-16     0.173527477419545
 0.000138402947470487   -0.0016773478153334    0.0449601244006098      1.88090400803102   -0.0971870675847546 -2.19090521785642e-15  2.37597287524807e-14  1.04826065374967e-15  5.56032097487078e-16    -0.171593049637869
 0.000607607211492235 -0.000395174549146493     0.110686455643353   -0.0971870675847546      1.41277618717791 -8.28392862032554e-15  1.31991250385346e-13   1.1883976782801e-15  4.33682039130021e-15    -0.886490247111653
 6.35223188100123e-17  6.44334858856007e-19  9.11211650028988e-16 -2.19090521785642e-15 -8.28392862032554e-15      1.19712435200266   9.8392531332685e-15     0.963762643465794   -0.0288931993085012 -3.90756526211475e-15
-1.27391432842886e-16  1.22632265262911e-16 -2.52874464924632e-14  2.37597287524807e-14  1.31991250385346e-13   9.8392531332685e-15      1.19712435200264    0.0288931993084976     0.963762643465797  8.51285356522298e-14
-6.74992631293209e-17 -8.88145443353403e-18  5.87699110194055e-16  1.04826065374967e-15   1.1883976782801e-15     0.963762643465794    0.0288931993084976     0.842070049848956 -9.32834318895163e-15 -4.43521558488175e-15
-1.43281731916893e-17 -3.62104018495605e-18 -9.10889493759587e-16  5.56032097487078e-16  4.33682039130021e-15   -0.0288931993085012     0.963762643465797 -9.32834318895163e-15      0.84207004984897  1.44379885838618e-13
 0.000926414418421342 -0.000984901745088417     0.173527477419545    -0.171593049637869    -0.886490247111653 -3.90756526211475e-15  8.51285356522298e-14 -4.43521558488175e-15  1.44379885838618e-13     0.655712299559493
TOTAL ENERGY: -124.237886610202	 lambda: -4.5	 population of target: 3.99401082416842
1RDM: 
       1.999999361376  9.95137486783653e-07 -0.000123698374225289  0.000137884811810034   0.00060519511769409  6.41767463381165e-17 -1.26981153022205e-16 -6.83319056189198e-17 -1.42164076072844e-17  0.000923807931945547
 9.95137486783653e-07      1.99997318816815   0.00049113948443498  -0.00167729592060771 -0.000394320704233299  5.55992686478788e-19  1.22639938223594e-16 -8.77240037841413e-18 -3.71495474201038e-18 -0.000985432145335562
-0.000123698374225289   0.00049113948443498      1.97233451510175    0.0448894276461572     0.110382325078503  9.04375413417601e-16 -2.52403713181987e-14  5.92226086542888e-16 -9.00296276925789e-16     0.173271209196207
 0.000137884811810034  -0.00167729592060771    0.0448894276461572      1.88093969210107   -0.0969805623466846 -2.16923500813437e-15  2.37339418104357e-14  1.02481400000976e-15  5.50669176436798e-16    -0.171519642114441
  0.00060519511769409 -0.000394320704233299     0.110382325078503   -0.0969805623466846      1.41366397458268 -8.28468101515241e-15  1.31908686949157e-13  1.19887105198256e-15  4.27242395065159e-15    -0.886139796389884
 6.41767463381165e-17  5.55992686478788e-19  9.04375413417601e-16 -2.16923500813437e-15 -8.28468101515241e-15      1.19733834701489   9.7163975009775e-15     0.963725130799879    -0.028892074694016  -3.9092700358641e-15
-1.26981153022205e-16  1.22639938223594e-16 -2.52403713181987e-14  2.37339418104357e-14  1.31908686949157e-13   9.7163975009775e-15      1.19733834701488    0.0288920746940125     0.963725130799884  8.52221955519506e-14
-6.83319056189198e-17 -8.77240037841413e-18  5.92226086542888e-16  1.02481400000976e-15  1.19887105198256e-15     0.963725130799879    0.0288920746940125     0.841851482151681 -9.19699205042324e-15 -4.43480692085025e-15
-1.42164076072844e-17 -3.71495474201038e-18 -9.00296276925789e-16  5.50669176436798e-16  4.27242395065159e-15    -0.028892074694016     0.963725130799884 -9.19699205042324e-15     0.841851482151696  1.44330133863534e-13
 0.000923807931945547 -0.000985432145335562     0.173271209196207    -0.171519642114441    -0.886139796389884  -3.9092700358641e-15  8.52221955519506e-14 -4.43480692085025e-15  1.44330133863534e-13     0.654709610337215
TOTAL ENERGY: -124.238250614691	 lambda: -4.45	 population of target: 3.99409216999392
1RDM: 
     1.99999936542354  9.92327067712106e-07 -0.000123081121686262  0.000137369285743683  0.000602775423371148  6.48339039173629e-17 -1.26572513068529e-16   -6.916880654325e-17  -1.4103378708761e-17  0.000921223880494079
 9.92327067712106e-07      1.99997318734733  0.000490732495258663  -0.00167723947032306 -0.000393431671770394  4.67700448314179e-19  1.22646119713183e-16  -8.6631570565519e-18   -3.811458180546e-18 -0.000985972664551021
-0.000123081121686262  0.000490732495258663      1.97242486120569    0.0448175142005376      0.11006985163736  8.97495652672401e-16 -2.51921666094473e-14  5.96714156363791e-16 -8.89333442067427e-16     0.173009333519866
 0.000137369285743683  -0.00167723947032306    0.0448175142005376       1.8809755098773   -0.0967703644299094 -2.14756705538938e-15    2.370815798115e-14  1.00139259871581e-15  5.44996405449702e-16    -0.171449098905232
 0.000602775423371148 -0.000393431671770394      0.11006985163736   -0.0967703644299094      1.41458623718211 -8.28533687387485e-15  1.31822706854506e-13  1.20960853387309e-15  4.20561898808679e-15    -0.885773846341579
 6.48339039173629e-17  4.67700448314179e-19  8.97495652672401e-16 -2.14756705538938e-15 -8.28533687387485e-15      1.19756067965559  1.00687482273336e-14     0.963685999250871   -0.0288909015478247 -3.91102803236266e-15
-1.26572513068529e-16  1.22646119713183e-16 -2.51921666094473e-14    2.370815798115e-14  1.31822706854506e-13  1.00687482273336e-14      1.19756067965557     0.028890901547821     0.963685999250877  8.53191579806513e-14
  -6.916880654325e-17  -8.6631570565519e-18  5.96714156363791e-16  1.00139259871581e-15  1.20960853387309e-15     0.963685999250871     0.028890901547821     0.841624649531982  -9.2460587988401e-15 -4.43437735108013e-15
 -1.4103378708761e-17   -3.811458180546e-18 -8.89333442067427e-16  5.44996405449702e-16  4.20561898808679e-15   -0.0288909015478247     0.963685999250877  -9.2460587988401e-15     0.841624649532004  1.44278376221818e-13
 0.000921223880494079 -0.000985972664551021     0.173009333519866    -0.171449098905232    -0.885773846341579 -3.91102803236266e-15  8.53191579806513e-14 -4.43437735108013e-15  1.44278376221818e-13     0.653670180588958
TOTAL ENERGY: -124.238630471293	 lambda: -4.4	 population of target: 3.99417801769035
1RDM: 
      1.9999993694399  9.89522764579477e-07 -0.000122461478224202  0.000136856494381261  0.000600347908869422  6.54937884404817e-17 -1.26165663191311e-16 -7.00100192148539e-17 -1.39890148130631e-17  0.000918663910453851
 9.89522764579477e-07      1.99997318658532   0.00049031286313113  -0.00167717811369122 -0.000392505530982866   3.7947030705695e-19  1.22650412264902e-16 -8.55371473527459e-18 -3.91031033907593e-18 -0.000986523748326508
-0.000122461478224202   0.00049031286313113      1.97251727107902    0.0447443266989994     0.109748650674075  8.90571039749292e-16 -2.51428036107839e-14  6.01161621949032e-16 -8.77959810117309e-16     0.172741637740421
 0.000136856494381261  -0.00167717811369122    0.0447443266989994      1.88101148540273   -0.0965562413863976 -2.12590340463845e-15  2.36824440897214e-14  9.77997915867883e-16  5.38909388800551e-16    -0.171381537007518
 0.000600347908869422 -0.000392505530982866     0.109748650674075   -0.0965562413863976      1.41554493169488 -8.28589032533869e-15  1.31733094972389e-13  1.22062560513593e-15  4.13628617215319e-15    -0.885391436367091
 6.54937884404817e-17   3.7947030705695e-19  8.90571039749292e-16 -2.12590340463845e-15 -8.28589032533869e-15      1.19779183899056  9.88819912798864e-15     0.963645151439257   -0.0288896769471372 -3.91284227147467e-15
-1.26165663191311e-16  1.22650412264902e-16 -2.51428036107839e-14  2.36824440897214e-14  1.31733094972389e-13  9.88819912798864e-15      1.19779183899053    0.0288896769471336     0.963645151439264  8.54196040116902e-14
-7.00100192148539e-17 -8.55371473527459e-18  6.01161621949032e-16  9.77997915867883e-16  1.22062560513593e-15     0.963645151439257    0.0288896769471336      0.84138906532548 -9.20783735993865e-15 -4.43392497200076e-15
-1.39890148130631e-17 -3.91031033907593e-18 -8.77959810117309e-16  5.38909388800551e-16  4.13628617215319e-15   -0.0288896769471372     0.963645151439264 -9.20783735993865e-15     0.841389065325496  1.44224494145157e-13
 0.000918663910453851 -0.000986523748326508     0.172741637740421    -0.171381537007518    -0.885391436367091 -3.91284227147467e-15  8.54196040116902e-14 -4.43392497200076e-15  1.44224494145157e-13     0.652591947166169
TOTAL ENERGY: -124.239027240431	 lambda: -4.35	 population of target: 3.99426871257015
1RDM: 
     1.99999937342373  9.86725122619282e-07 -0.000121839397035787  0.000136346560992175  0.000597912318545711  6.61563943560478e-17  -1.2576074304628e-16 -7.08555995002385e-17 -1.38732613107602e-17  0.000916129773224149
 9.86725122619282e-07      1.99997318588646  0.000489880015401562  -0.00167711147013997 -0.000391540219245973  2.91298484748871e-19  1.22652971263824e-16 -8.44406245426351e-18 -4.01197223846685e-18 -0.000987085875974542
-0.000121839397035787  0.000489880015401562      1.97261182612625    0.0446698044601999     0.109418312900184  8.83599107947142e-16 -2.50922160919479e-14  6.05566648403327e-16 -8.66174575053881e-16     0.172467899294993
 0.000136346560992175  -0.00167711147013997    0.0446698044601999      1.88104764486456    -0.096337940431444 -2.10424204554335e-15  2.36567328613801e-14  9.54631578786992e-16  5.32461281975163e-16    -0.171317078737921
 0.000597912318545711 -0.000391540219245973     0.109418312900184    -0.096337940431444      1.41654216639413 -8.28633587763445e-15  1.31639645673256e-13  1.23193898904973e-15  4.06426598164751e-15    -0.884991525655674
 6.61563943560478e-17  2.91298484748871e-19  8.83599107947142e-16 -2.10424204554335e-15 -8.28633587763445e-15       1.1980323530543  9.75315451271373e-15     0.963602481491499   -0.0288883977196115 -3.91471605455928e-15
 -1.2576074304628e-16  1.22652971263824e-16 -2.50922160919479e-14  2.36567328613801e-14  1.31639645673256e-13  9.75315451271373e-15      1.19803235305429    0.0288883977196079     0.963602481491502  8.55237289100674e-14
-7.08555995002385e-17 -8.44406245426351e-18  6.05566648403327e-16  9.54631578786992e-16  1.23193898904973e-15     0.963602481491499    0.0288883977196079     0.841144205227416  -9.3702714585095e-15 -4.43344767037411e-15
-1.38732613107602e-17 -4.01197223846685e-18 -8.66174575053881e-16  5.32461281975163e-16  4.06426598164751e-15   -0.0288883977196115     0.963602481491502  -9.3702714585095e-15     0.841144205227426  1.44168359972955e-13
 0.000916129773224149 -0.000987085875974542     0.172467899294993    -0.171317078737921    -0.884991525655674 -3.91471605455928e-15  8.55237289100674e-14 -4.43344767037411e-15  1.44168359972955e-13     0.651472686741501
TOTAL ENERGY: -124.23944207737	 lambda: -4.3	 population of target: 3.99436463385465
1RDM: 
      1.9999993773736  9.83934718861913e-07 -0.000121214827428063  0.000135839613897665  0.000595468353379158  6.68217141145171e-17 -1.25357908752667e-16 -7.17056059776147e-17 -1.37560465199548e-17  0.000913623329234345
 9.83934718861913e-07      1.99997318525552   0.00048943334100158  -0.00167703912045868 -0.000390533519599305  2.03189716847937e-19  1.22653670813425e-16 -8.33418887022665e-18 -4.11658298007735e-18 -0.000987659555339622
-0.000121214827428063   0.00048943334100158      1.97270861202262    0.0445938826684333     0.109078402818139  8.76577791908491e-16 -2.50403518755077e-14  6.09927280439847e-16 -8.53955209903834e-16     0.172187885157655
 0.000135839613897665  -0.00167703912045868    0.0445938826684333      1.88108401774357    -0.096115187471004 -2.08258294023362e-15  2.36310203919366e-14  9.31295414932818e-16  5.25626657710882e-16    -0.171255852607337
 0.000595468353379158 -0.000390533519599305     0.109078402818139    -0.096115187471004      1.41758021422556 -8.28666717880617e-15  1.31542123495295e-13  1.24356672429555e-15  3.98940186472071e-15    -0.884572984848358
 6.68217141145171e-17  2.03189716847937e-19  8.76577791908491e-16 -2.08258294023362e-15 -8.28666717880617e-15      1.19828279282534  9.58793614273545e-15     0.963557874795449   -0.0288870604291148 -3.91665291406974e-15
-1.25357908752667e-16  1.22653670813425e-16 -2.50403518755077e-14  2.36310203919366e-14  1.31542123495295e-13  9.58793614273545e-15      1.19828279282532    0.0288870604291112     0.963557874795453  8.56317427116989e-14
-7.17056059776147e-17 -8.33418887022665e-18  6.09927280439847e-16  9.31295414932818e-16  1.24356672429555e-15     0.963557874795449    0.0288870604291112     0.840889501893136   -9.088377573115e-15 -4.43294312841338e-15
-1.37560465199548e-17 -4.11658298007735e-18 -8.53955209903834e-16  5.25626657710882e-16  3.98940186472071e-15   -0.0288870604291148     0.963557874795453   -9.088377573115e-15      0.84088950189315   1.4410983508285e-13
 0.000913623329234345 -0.000987659555339622     0.172187885157655    -0.171255852607337    -0.884572984848358 -3.91665291406974e-15  8.56317427116989e-14 -4.43294312841338e-15   1.4410983508285e-13     0.650310003942217
TOTAL ENERGY: -124.239876243147	 lambda: -4.25	 population of target: 3.99446619881737
1RDM: 
     1.99999938128803   9.8115213910484e-07 -0.000120587714087178  0.000135335784941859  0.000593015664510363   6.7489737588196e-17 -1.24957323208775e-16 -7.25601001126969e-17 -1.36372949003009e-17  0.000911146556711299
  9.8115213910484e-07      1.99997318469773  0.000488972189556717   -0.0016769606046415 -0.000389483044590577  1.15148329841388e-19  1.22652372032326e-16 -8.22408224255378e-18 -4.22425173017692e-18 -0.000988245325927584
-0.000120587714087178  0.000488972189556717      1.97280771891467    0.0445164921944666     0.108728456425502  8.69504931809567e-16 -2.49871569769098e-14   6.1424147948938e-16 -8.41276870059517e-16     0.171901351396371
 0.000135335784941859   -0.0016769606046415    0.0445164921944666      1.88112063689814   -0.0958876845613929 -2.06092630640322e-15  2.36053090944288e-14   9.0799138211414e-16  5.18371957082348e-16    -0.171197993571787
 0.000593015664510363 -0.000389483044590577     0.108728456425502   -0.0958876845613929      1.41866152990659 -8.28687740234809e-15  1.31440273611404e-13  1.25552834659382e-15  3.91152525501711e-15     -0.88413458621479
  6.7489737588196e-17  1.15148329841388e-19  8.69504931809567e-16 -2.06092630640322e-15 -8.28687740234809e-15      1.19854377650815  9.87864783250179e-15      0.96351120697952   -0.0288856613472183 -3.91865664023764e-15
-1.24957323208775e-16  1.22652372032326e-16 -2.49871569769098e-14  2.36053090944288e-14  1.31440273611404e-13  9.87864783250179e-15      1.19854377650814    0.0288856613472146     0.963511206979523  8.57438715304508e-14
-7.25601001126969e-17 -8.22408224255378e-18   6.1424147948938e-16   9.0799138211414e-16  1.25552834659382e-15      0.96351120697952    0.0288856613472146     0.840624340922514 -9.56591821943073e-15 -4.43240885980267e-15
-1.36372949003009e-17 -4.22425173017692e-18 -8.41276870059517e-16  5.18371957082348e-16  3.91152525501711e-15   -0.0288856613472183     0.963511206979523 -9.56591821943073e-15      0.84062434092252  1.44048771016963e-13
 0.000911146556711299 -0.000988245325927584     0.171901351396371    -0.171197993571787     -0.88413458621479 -3.91865664023764e-15  8.57438715304508e-14 -4.43240885980267e-15  1.44048771016963e-13     0.649101313433609
TOTAL ENERGY: -124.240331116888	 lambda: -4.2	 population of target: 3.99457386750254
1RDM: 
     1.99999938516545  9.78377977488142e-07 -0.000119957996504111  0.000134835209273243  0.000590553845120332  6.81604517959971e-17 -1.24559162235694e-16 -7.34191462333736e-17 -1.35169224439547e-17  0.000908701560181297
 9.78377977488142e-07      1.99997318421878  0.000488495869099623  -0.00167687542019792 -0.000388386219333456  2.71819194552284e-20   1.2264867340239e-16 -8.11372917141779e-18 -4.33468306610112e-18 -0.000988843762773285
-0.000119957996504111  0.000488495869099623       1.9729092416809     0.044437559288322     0.108367978752358  8.62378668685611e-16 -2.49325931483623e-14  6.18507334872992e-16 -8.28092413147088e-16     0.171608042709103
 0.000134835209273243  -0.00167687542019792     0.044437559288322      1.88115753873861   -0.0956551071746551 -2.03927444611129e-15   2.3579678783587e-14  8.84720992785404e-16  5.10574699254393e-16    -0.171143643311934
 0.000590553845120332 -0.000388386219333456     0.108367978752358   -0.0956551071746551       1.4197887687344  -8.2869590841962e-15  1.31333809836451e-13  1.26784521006608e-15  3.83046777743308e-15    -0.883674992690905
 6.81604517959971e-17  2.71819194552284e-20  8.62378668685611e-16 -2.03927444611129e-15  -8.2869590841962e-15      1.19881597432828  9.46197667504074e-15     0.963462342801501   -0.0288841964216137 -3.92073131435392e-15
-1.24559162235694e-16   1.2264867340239e-16 -2.49325931483623e-14   2.3579678783587e-14  1.31333809836451e-13  9.46197667504074e-15      1.19881597432827    0.0288841964216101     0.963462342801505  8.58603594772113e-14
-7.34191462333736e-17 -8.11372917141779e-18  6.18507334872992e-16  8.84720992785404e-16  1.26784521006608e-15     0.963462342801501    0.0288841964216101     0.840348056275211 -9.10274300710981e-15 -4.43184232804187e-15
-1.35169224439547e-17 -4.33468306610112e-18 -8.28092413147088e-16  5.10574699254393e-16  3.83046777743308e-15   -0.0288841964216137     0.963462342801505 -9.10274300710981e-15     0.840348056275216  1.43985011458855e-13
 0.000908701560181297 -0.000988843762773285     0.171608042709103    -0.171143643311934    -0.883674992690905 -3.92073131435392e-15  8.58603594772113e-14 -4.43184232804187e-15  1.43985011458855e-13     0.647843820254956
TOTAL ENERGY: -124.240808209208	 lambda: -4.15	 population of target: 3.99468814798118
1RDM: 
     1.99999938900422  9.75612806050828e-07 -0.000119325608201606  0.000134338023772669  0.000588082424274676  6.88338407546542e-17  -1.2416359563443e-16 -7.42828139158347e-17 -1.33948350766566e-17  0.000906290581016509
 9.75612806050828e-07      1.99997318382513  0.000488003637340613  -0.00167678300019965 -0.000387240264096172 -6.07089773517415e-20   1.2264296916472e-16 -8.00311427311158e-18 -4.44906116564554e-18 -0.000989455472054576
-0.000119325608201606  0.000488003637340613      1.97301328031909    0.0443570048524367     0.107996441505418  8.55195463813662e-16 -2.48765544843306e-14  6.22721918839285e-16 -8.14420299815474e-16     0.171307691779579
 0.000134338023772669  -0.00167678300019965    0.0443570048524367      1.88119476500135     -0.09541710199663 -2.01762169433203e-15  2.35539332157541e-14  8.61487727320942e-16  5.02407760272156e-16    -0.171092950663641
