TOTAL ENERGY: -123.953112967832	 lambda: -5	 population of target: 3.99963608321105
1RDM: 
     1.99999996362725  1.64447429617567e-07 -1.12310769979609e-05 -2.57179042518686e-05 -0.000160489279792442  3.07781125954485e-17 -3.63597631547709e-16  1.29496492925187e-16 -2.79898845760996e-17  0.000211083419093582
 1.64447429617567e-07      1.99997292662805  0.000193370183601983   0.00171427009647856   0.00023975168547677 -5.05310323793594e-17   4.7218368113857e-16 -5.86961456080033e-17  4.02307114636383e-17 -0.000447821428506819
-1.12310769979609e-05  0.000193370183601983      1.99572545473057   -0.0169866024377442    -0.046796307072705  8.27022424532751e-15 -7.53704563573947e-14 -5.08996542768621e-16 -7.32640900279906e-15    0.0622991506297628
-2.57179042518686e-05   0.00171427009647856   -0.0169866024377442      1.88036949852067    -0.082519276717188  5.34157118441026e-14 -1.14148484078396e-13 -2.65554693868246e-14 -6.07169640786901e-14     0.116950562484897
-0.000160489279792442   0.00023975168547677    -0.046796307072705    -0.082519276717188      1.28240161598744  4.57755157136708e-14 -9.44061771970067e-13 -2.65545760818234e-13 -1.32060036199461e-14     0.941250690207752
 3.07781125954485e-17 -5.05310323793594e-17  8.27022424532751e-15  5.34157118441026e-14  4.57755157136708e-14      1.22691115667005  3.21697597117833e-15  -0.00202391877870391     0.958545585340281  -6.8369837753714e-15
-3.63597631547709e-16   4.7218368113857e-16 -7.53704563573947e-14 -1.14148484078396e-13 -9.44061771970067e-13  3.21697597117833e-15      1.22691115666626     0.958545585341102   0.00202391877870432  7.32833779965412e-13
 1.29496492925187e-16 -5.86961456080033e-17 -5.08996542768621e-16 -2.65554693868246e-14 -2.65545760818234e-13  -0.00202391877870391     0.958545585341102     0.811503031873819  4.69278535890494e-15  9.75407407107811e-13
-2.79898845760996e-17  4.02307114636383e-17 -7.32640900279906e-15 -6.07169640786901e-14 -1.32060036199461e-14     0.958545585340281   0.00202391877870432  4.69278535890494e-15     0.811503031870034 -4.73625349262669e-14
 0.000211083419093582 -0.000447821428506819    0.0622991506297628     0.116950562484897     0.941250690207752  -6.8369837753714e-15  7.32833779965412e-13  9.75407407107811e-13 -4.73625349262669e-14     0.764702163425917
TOTAL ENERGY: -123.953140748121	 lambda: -4.95	 population of target: 3.99964166741918
1RDM: 
     1.99999996356485  1.64704371883401e-07 -1.12289866764575e-05 -2.57460295420111e-05 -0.000160594533061966  3.07002672851162e-17 -3.63463922795464e-16  1.29120787926222e-16 -2.78507784126662e-17  0.000211285418285772
 1.64704371883401e-07      1.99997292659792  0.000193300166755276   0.00171426990069352  0.000239586873763684 -5.06011986016023e-17  4.72057062325276e-16 -5.88409409030064e-17  4.01491045320186e-17 -0.000447927848880951
-1.12289866764575e-05  0.000193300166755276      1.99573325322085   -0.0169765339713242    -0.046732580467522  8.24343690295311e-15 -7.52917120480707e-14 -4.80429337889383e-16 -7.28560754539532e-15    0.0622348753983112
-2.57460295420111e-05   0.00171426990069352   -0.0169765339713242      1.88037088673621   -0.0824898750784372  5.34245069846507e-14 -1.14126390395335e-13 -2.65288165334594e-14 -6.07047686118563e-14     0.116958892138569
-0.000160594533061966  0.000239586873763684    -0.046732580467522   -0.0824898750784372      1.28266503660745  4.57669925417355e-14 -9.43827659171077e-13 -2.65337905675054e-13 -1.30442848330335e-14     0.941180694691478
 3.07002672851162e-17 -5.06011986016023e-17  8.24343690295311e-15  5.34245069846507e-14  4.57669925417355e-14      1.22695076099054  3.21061289201346e-15  -0.00202390087299708     0.958537105030492 -7.01479845669551e-15
-3.63463922795464e-16  4.72057062325276e-16 -7.52917120480707e-14 -1.14126390395335e-13 -9.43827659171077e-13  3.21061289201346e-15      1.22695076098676      0.95853710503131   0.00202390087299749  7.32871713654876e-13
 1.29120787926222e-16 -5.88409409030064e-17 -4.80429337889383e-16 -2.65288165334594e-14 -2.65337905675054e-13  -0.00202390087299708      0.95853710503131     0.811463173646876  4.68659456450282e-15  9.75285076147684e-13
-2.78507784126662e-17  4.01491045320186e-17 -7.28560754539532e-15 -6.07047686118563e-14 -1.30442848330335e-14     0.958537105030492   0.00202390087299749  4.68659456450282e-15     0.811463173643095 -4.73605159550006e-14
 0.000211285418285772 -0.000447927848880951    0.0622348753983112     0.116958892138569     0.941180694691478 -7.01479845669551e-15  7.32871713654876e-13  9.75285076147684e-13 -4.73605159550006e-14     0.764430064005502
TOTAL ENERGY: -123.953169649126	 lambda: -4.9	 population of target: 3.99964753589221
1RDM: 
     1.99999996349988  1.64967175873189e-07 -1.12269429762126e-05 -2.57750686793568e-05 -0.000160704201268015  3.06254399590847e-17 -3.63335394151683e-16  1.28742674053947e-16 -2.77137883186928e-17  0.000211495526699112
 1.64967175873189e-07      1.99997292657128   0.00019322833721259   0.00171426934502782  0.000239416160185197 -5.06733023394423e-17  4.71925908739716e-16 -5.89910640087424e-17  4.00646324856381e-17 -0.000448036621650198
-1.12269429762126e-05   0.00019322833721259      1.99574124373564   -0.0169662210762261   -0.0466671452760301  8.21598837451248e-15 -7.52108772917939e-14 -4.51076335965312e-16 -7.24371935342355e-15    0.0621689815776296
-2.57750686793568e-05   0.00171426934502782   -0.0169662210762261      1.88037229184826    -0.082459729652141  5.34336840281161e-14 -1.14103759830605e-13 -2.65014999910599e-14 -6.06922689664961e-14     0.116967798614429
-0.000160704201268015  0.000239416160185197   -0.0466671452760301    -0.082459729652141      1.28293763127689  4.57581173421297e-14 -9.43585367507063e-13 -2.65122838759346e-13  -1.2876929983568e-14     0.941108148890848
 3.06254399590847e-17 -5.06733023394423e-17  8.21598837451248e-15  5.34336840281161e-14  4.57581173421297e-14      1.22699176351501  3.20956374041811e-15  -0.00202388231762822     0.958528316973541 -7.19878836953052e-15
-3.63335394151683e-16  4.71925908739716e-16 -7.52108772917939e-14 -1.14103759830605e-13 -9.43585367507063e-13  3.20956374041811e-15      1.22699176351124     0.958528316974359   0.00202388231762862  7.32910841093192e-13
 1.28742674053947e-16 -5.89910640087424e-17 -4.51076335965312e-16 -2.65014999910599e-14 -2.65122838759346e-13  -0.00202388231762822     0.958528316974359     0.811421924473051  4.67409836593049e-15  9.75158444978977e-13
-2.77137883186928e-17  4.00646324856381e-17 -7.24371935342355e-15 -6.06922689664961e-14  -1.2876929983568e-14     0.958528316973541   0.00202388231762862  4.67409836593049e-15      0.81142192446928 -4.73584733538803e-14
 0.000211495526699112 -0.000448036621650198    0.0621689815776296     0.116967798614429     0.941108148890848 -7.19878836953052e-15  7.32910841093192e-13  9.75158444978977e-13 -4.73584733538803e-14     0.764148567099503
TOTAL ENERGY: -123.953199738806	 lambda: -4.85	 population of target: 3.99965370840323
1RDM: 
     1.99999996343224  1.65236043619175e-07 -1.12249471630978e-05  -2.5805056907431e-05  -0.00016081845549211  3.05537924271617e-17 -3.63212293265426e-16  1.28362115996968e-16 -2.75790285811956e-17  0.000211714097968127
 1.65236043619175e-07      1.99997292654839  0.000193154624667274    0.0017142684053635  0.000239239255581206 -5.07474103048352e-17  4.71790130404423e-16 -5.91469402692636e-17  3.99771236365906e-17 -0.000448147852898184
-1.12249471630978e-05  0.000193154624667274      1.99574943347969   -0.0169556540729915   -0.0465999308670941  8.18785515089146e-15 -7.51278643628967e-14 -4.20906830976894e-16 -7.20070101810934e-15    0.0621014075146744
 -2.5805056907431e-05    0.0017142684053635   -0.0169556540729915      1.88037371559367   -0.0824288000084341  5.34432665341942e-14 -1.14080528946318e-13 -2.64735255405509e-14 -6.06794549956885e-14     0.116977307991903
 -0.00016081845549211  0.000239239255581206   -0.0465999308670941   -0.0824288000084341      1.28321988599109  4.57488682034078e-14 -9.43334463585191e-13  -2.6490017569973e-13 -1.27036387896437e-14     0.941032912374864
 3.05537924271617e-17 -5.07474103048352e-17  8.18785515089146e-15  5.34432665341942e-14  4.57488682034078e-14      1.22703423928709  3.18981864299707e-15  -0.00202386307744112     0.958519204566366 -7.38928092427788e-15
-3.63212293265426e-16  4.71790130404423e-16 -7.51278643628967e-14 -1.14080528946318e-13 -9.43334463585191e-13  3.18981864299707e-15      1.22703423928333     0.958519204567181   0.00202386307744152  7.32951220177085e-13
 1.28362115996968e-16 -5.91469402692636e-17 -4.20906830976894e-16 -2.64735255405509e-14  -2.6490017569973e-13  -0.00202386307744112     0.958519204567181     0.811379209665352  4.67580675491871e-15  9.75027280574028e-13
-2.75790285811956e-17  3.99771236365906e-17 -7.20070101810934e-15 -6.06794549956885e-14 -1.27036387896437e-14     0.958519204566366   0.00202386307744152  4.67580675491871e-15     0.811379209661589 -4.73564084570975e-14
 0.000211714097968127 -0.000448147852898184    0.0621014075146744     0.116977307991903     0.941032912374864 -7.38928092427788e-15  7.32951220177085e-13  9.75027280574028e-13 -4.73564084570975e-14     0.763857177057622
TOTAL ENERGY: -123.953231090613	 lambda: -4.8	 population of target: 3.99966020647817
1RDM: 
      1.9999999633618  1.65511193187789e-07 -1.12230005525936e-05 -2.58360317158219e-05 -0.000160937475175451  3.04854917355751e-17 -3.63094895458578e-16  1.27979102908986e-16 -2.74466140855973e-17  0.000211941506282025
 1.65511193187789e-07      1.99997292652948  0.000193078954908809   0.00171426705342982  0.000239055851868042 -5.08236242553238e-17  4.71649431891877e-16 -5.93087977261843e-17  3.98864337747016e-17 -0.000448261655314666
-1.12230005525936e-05  0.000193078954908809      1.99575783003089   -0.0169448227284375    -0.046530862581152  8.15901243300133e-15 -7.50425818683658e-14 -3.89884663916865e-16 -7.15650659394691e-15     0.062032088355326
-2.58360317158219e-05   0.00171426705342982   -0.0169448227284375      1.88037516017297   -0.0823970428349236  5.34532718630813e-14 -1.14056672301795e-13 -2.64448423734351e-14 -6.06663061999151e-14     0.116987447974168
-0.000160937475175451  0.000239055851868042    -0.046530862581152   -0.0823970428349236      1.28351232115537  4.57392206859205e-14 -9.43074450017472e-13 -2.64669515838399e-13 -1.25240898954422e-14     0.940954834417775
 3.04854917355751e-17 -5.08236242553238e-17  8.15901243300133e-15  5.34532718630813e-14  4.57392206859205e-14       1.2270782690461  3.21555990846526e-15  -0.00202384311253981     0.958509749986606 -7.58662665735366e-15
-3.63094895458578e-16  4.71649431891877e-16 -7.50425818683658e-14 -1.14056672301795e-13 -9.43074450017472e-13  3.21555990846526e-15      1.22707826904232     0.958509749987425    0.0020238431125402  7.32992904006011e-13
 1.27979102908986e-16 -5.93087977261843e-17 -3.89884663916865e-16 -2.64448423734351e-14 -2.64669515838399e-13  -0.00202384311253981     0.958509749987425     0.811334948749925  4.69832172485424e-15  9.74891304164837e-13
-2.74466140855973e-17  3.98864337747016e-17 -7.15650659394691e-15 -6.06663061999151e-14 -1.25240898954422e-14     0.958509749986606    0.0020238431125402  4.69832172485424e-15      0.81133494874614 -4.73543215006078e-14
 0.000211941506282025 -0.000448261655314666     0.062032088355326     0.116987447974168     0.940954834417775 -7.58662665735366e-15  7.32992904006011e-13  9.74891304164837e-13 -4.73543215006078e-14     0.763555363165032
TOTAL ENERGY: -123.95326378418	 lambda: -4.75	 population of target: 3.99966705361381
1RDM: 
     1.99999996328844   1.6579283824979e-07  -1.1221104350905e-05 -2.58680314201755e-05 -0.000161061446936973  3.04207213026514e-17  -3.6298352102678e-16   1.2759365643046e-16 -2.73166728444387e-17  0.000212178146080695
  1.6579283824979e-07      1.99997292651484  0.000193001251460216   0.00171426525631428  0.000238865619784464 -5.09021329449081e-17  4.71503051621809e-16 -5.94763122852223e-17  3.97925062494558e-17 -0.000448378149703936
 -1.1221104350905e-05  0.000193001251460216        1.995766441298   -0.0169337163632143   -0.0464598616909811  8.12943098720664e-15 -7.49549429741517e-14 -3.57962593484097e-16 -7.11108332843006e-15    0.0619609563238432
-2.58680314201755e-05   0.00171426525631428   -0.0169337163632143      1.88037662831407   -0.0823644113849281  5.34637000185469e-14 -1.14032277674515e-13 -2.64152575808764e-14 -6.06527768608063e-14     0.116998247951245
-0.000161061446936973  0.000238865619784464   -0.0464598616909811   -0.0823644113849281       1.2838154965954  4.57291522920018e-14 -9.42804823070893e-13 -2.64430430646804e-13 -1.23379413106386e-14      0.94087375257302
 3.04207213026514e-17 -5.09021329449081e-17  8.12943098720664e-15  5.34637000185469e-14  4.57291522920018e-14      1.22712393879061  3.20712121587844e-15  -0.00202382238314505     0.958499934242391 -7.79120266385953e-15
 -3.6298352102678e-16  4.71503051621809e-16 -7.49549429741517e-14 -1.14032277674515e-13 -9.42804823070893e-13  3.20712121587844e-15      1.22712393878684     0.958499934243207   0.00202382238314544  7.33035960688552e-13
  1.2759365643046e-16 -5.94763122852223e-17 -3.57962593484097e-16 -2.64152575808764e-14 -2.64430430646804e-13  -0.00202382238314505     0.958499934243207     0.811289056007243  4.67888473030765e-15  9.74750255425056e-13
-2.73166728444387e-17  3.97925062494558e-17 -7.11108332843006e-15 -6.06527768608063e-14 -1.23379413106386e-14     0.958499934242391   0.00202382238314544  4.67888473030765e-15     0.811289056003472  -4.7352214367908e-14
 0.000212178146080695 -0.000448378149703936    0.0619609563238432     0.116998247951245      0.94087375257302 -7.79120266385953e-15  7.33035960688552e-13  9.74750255425056e-13  -4.7352214367908e-14      0.76324255440112
TOTAL ENERGY: -123.953297905933	 lambda: -4.7	 population of target: 3.99967427549122
1RDM: 
     1.99999996321202  1.66081258527293e-07 -1.12192600273877e-05 -2.59010996920934e-05 -0.000161190562948617   3.0359685654552e-17 -3.62878443019298e-16  1.27205708855239e-16 -2.71893509678625e-17  0.000212424431245057
 1.66081258527293e-07      1.99997292650479  0.000192921428156861   0.00171426297580596  0.000238668207481724 -5.09842206163453e-17  4.71343918975842e-16 -5.96414257521008e-17  3.96966178359517e-17 -0.000448497463580964
-1.12192600273877e-05  0.000192921428156861      1.99577527561031   -0.0169223233903041   -0.0463868453481944  8.09904753628635e-15 -7.48650502964281e-14  -3.2485554440114e-16 -7.06433405374849e-15    0.0618879407928695
-2.59010996920934e-05   0.00171426297580596   -0.0169223233903041      1.88037812319529   -0.0823308553739432  5.34742919749974e-14  -1.1400895404105e-13 -2.63826908382794e-14 -6.06384908650088e-14     0.117009739225623
-0.000161190562948617  0.000238668207481724   -0.0463868453481944   -0.0823308553739432      1.28413001509318  4.57186628828554e-14  -9.4252499982995e-13 -2.64182595743404e-13 -1.21448515460679e-14     0.940789491384345
  3.0359685654552e-17 -5.09842206163453e-17  8.09904753628635e-15  5.34742919749974e-14  4.57186628828554e-14      1.22717134029235  3.21099922169186e-15  -0.00202380085317271     0.958489737153648 -8.00341904298618e-15
-3.62878443019298e-16  4.71343918975842e-16 -7.48650502964281e-14  -1.1400895404105e-13  -9.4252499982995e-13  3.21099922169186e-15      1.22717134028858     0.958489737154465    0.0020238008531731  7.33080459238682e-13
 1.27205708855239e-16 -5.96414257521008e-17  -3.2485554440114e-16 -2.63826908382794e-14 -2.64182595743404e-13  -0.00202380085317271     0.958489737154465     0.811241439721182  4.68432187909715e-15  9.74603971643551e-13
-2.71893509678625e-17  3.96966178359517e-17 -7.06433405374849e-15 -6.06384908650088e-14 -1.21448515460679e-14     0.958489737153648    0.0020238008531731  4.68432187909715e-15     0.811241439717408 -4.73500888423735e-14
 0.000212424431245057 -0.000448497463580964    0.0618879407928695     0.117009739225623     0.940789491384345 -8.00341904298618e-15  7.33080459238682e-13  9.74603971643551e-13 -4.73500888423735e-14     0.762918136364863
TOTAL ENERGY: -123.953333549405	 lambda: -4.65	 population of target: 3.99968190013553
1RDM: 
     1.99999996313242  1.66376642385261e-07 -1.12174685996192e-05 -2.59352765382729e-05 -0.000161325033173897  3.03025758954987e-17 -3.62779887621584e-16  1.26815142174128e-16  -2.7064771674876e-17  0.000212680809983509
 1.66376642385261e-07      1.99997292649956  0.000192839407830841   0.00171426019754814  0.000238463234054165 -5.10710841669218e-17  4.71165634223565e-16 -5.97971443390992e-17  3.95999171853883e-17 -0.000448619730358315
-1.12174685996192e-05  0.000192839407830841      1.99578434171318   -0.0169106324801626    -0.046311724632657  8.06780420232343e-15 -7.47729816477494e-14 -2.90284110696352e-16 -7.01616765442932e-15    0.0618129656573393
-2.59352765382729e-05   0.00171426019754814   -0.0169106324801626       1.8803796453965   -0.0822963208606657  5.34848107396991e-14 -1.13988085101568e-13 -2.63453049482849e-14 -6.06230975890903e-14     0.117021955213248
-0.000161325033173897  0.000238463234054165    -0.046311724632657   -0.0822963208606657      1.28445652020796  4.57077380761958e-14 -9.42234188545773e-13 -2.63925680814037e-13 -1.19444452667753e-14     0.940701862474202
 3.03025758954987e-17 -5.10710841669218e-17  8.06780420232343e-15  5.34848107396991e-14  4.57077380761958e-14      1.22722057564486  3.20723189647965e-15  -0.00202377846840465      0.95847913591941 -8.22371304085223e-15
-3.62779887621584e-16  4.71165634223565e-16 -7.47729816477494e-14 -1.13988085101568e-13 -9.42234188545773e-13  3.20723189647965e-15      1.22722057564109     0.958479135920227   0.00202377846840504  7.33126422194368e-13
 1.26815142174128e-16 -5.97971443390992e-17 -2.90284110696352e-16 -2.63453049482849e-14 -2.63925680814037e-13  -0.00202377846840465     0.958479135920227     0.811191998727625  4.66650554450343e-15   9.7445208752251e-13
 -2.7064771674876e-17  3.95999171853883e-17 -7.01616765442932e-15 -6.06230975890903e-14 -1.19444452667753e-14      0.95847913591941   0.00202377846840504  4.66650554450343e-15     0.811191998723864 -4.73479399212793e-14
 0.000212680809983509 -0.000448619730358315    0.0618129656573393     0.117021955213248     0.940701862474202 -8.22371304085223e-15  7.33126422194368e-13   9.7445208752251e-13 -4.73479399212793e-14     0.762581454312987
TOTAL ENERGY: -123.953370816775	 lambda: -4.6	 population of target: 3.99968995835027
1RDM: 
     1.99999996304947  1.66679213043416e-07  -1.1215730918896e-05 -2.59706049312869e-05  -0.00016146506729895  3.02496214219574e-17 -3.62688256831153e-16  1.26422022354998e-16 -2.69430959102803e-17   0.00021294774566344
 1.66679213043416e-07      1.99997292649971  0.000192755090211055    0.0017142569041681  0.000238250293376751 -5.11569657245426e-17  4.71002010232099e-16 -5.99854119240694e-17  3.94949345162472e-17 -0.000448745091728887
 -1.1215730918896e-05  0.000192755090211055      1.99579364885119   -0.0168986307120012   -0.0462344067638054  8.03583682411335e-15 -7.46776452131982e-14 -2.55426605072003e-16  -6.9667352473776e-15    0.0617359530378023
-2.59706049312869e-05    0.0017142569041681   -0.0168986307120012       1.8803811944095   -0.0822607493183552  5.34966917045322e-14 -1.13961487354176e-13 -2.63131931128807e-14 -6.06083501466127e-14     0.117034931608162
 -0.00016146506729895  0.000238250293376751   -0.0462344067638054   -0.0822607493183552      1.28479571134904  4.56962373115638e-14 -9.41932488045556e-13 -2.63658277194177e-13 -1.17361533653081e-14     0.940610660997621
 3.02496214219574e-17 -5.11569657245426e-17  8.03583682411335e-15  5.34966917045322e-14  4.56962373115638e-14      1.22727175211196  3.22091756838074e-15  -0.00202375517967864     0.958468106143684 -8.45253835826713e-15
-3.62688256831153e-16  4.71002010232099e-16 -7.46776452131982e-14 -1.13961487354176e-13 -9.41932488045556e-13  3.22091756838074e-15      1.22727175210818     0.958468106144504   0.00202375517967903  7.33174081474215e-13
 1.26422022354998e-16 -5.99854119240694e-17 -2.55426605072003e-16 -2.63131931128807e-14 -2.63658277194177e-13  -0.00202375517967864     0.958468106144504     0.811140627784092  4.68213158448818e-15  9.74294134702779e-13
-2.69430959102803e-17  3.94949345162472e-17  -6.9667352473776e-15 -6.06083501466127e-14 -1.17361533653081e-14     0.958468106143684   0.00202375517967903  4.68213158448818e-15     0.811140627780319 -4.73457937477519e-14
  0.00021294774566344 -0.000448745091728887    0.0617359530378023     0.117034931608162     0.940610660997621 -8.45253835826713e-15  7.33174081474215e-13  9.74294134702779e-13 -4.73457937477519e-14       0.7622317960566
TOTAL ENERGY: -123.953409819177	 lambda: -4.55	 population of target: 3.99969848390737
1RDM: 
     1.99999996296301  1.66989285415717e-07 -1.12140484556155e-05 -2.60071352699936e-05 -0.000161610890256983  3.02010532339525e-17 -3.62603939150732e-16  1.26026382552338e-16 -2.68244763744389e-17  0.000213225736718058
 1.66989285415717e-07      1.99997292650557  0.000192668373112236   0.00171425298668316  0.000238028962931561 -5.12468636322195e-17    4.708255900442e-16 -6.01735273266911e-17  3.93874639750974e-17 -0.000448873711007306
-1.12140484556155e-05  0.000192668373112236       1.9958032068273   -0.0168863038355598   -0.0461547926852865  8.00297824960112e-15 -7.45797155061996e-14 -2.19247524882256e-16 -6.91580461717609e-15    0.0616568198700425
-2.60071352699936e-05   0.00171425298668316   -0.0168863038355598      1.88038278250814   -0.0822240778381932   5.3508811429672e-14 -1.13935713617548e-13 -2.62780800748258e-14 -6.05927714264234e-14     0.117048705706822
-0.000161610890256983  0.000238028962931561   -0.0461547926852865   -0.0822240778381932      1.28514833841518  4.56842387435865e-14 -9.41618838344169e-13 -2.63380279205759e-13 -1.15196528546606e-14     0.940515668007891
 3.02010532339525e-17 -5.12468636322195e-17  8.00297824960112e-15   5.3508811429672e-14  4.56842387435865e-14      1.22732498530495  3.21309077036286e-15  -0.00202373093468102      0.95845662336837 -8.69044272406044e-15
-3.62603939150732e-16    4.708255900442e-16 -7.45797155061996e-14 -1.13935713617548e-13 -9.41618838344169e-13  3.21309077036286e-15      1.22732498530118     0.958456623369187   0.00202373093468141  7.33223626767007e-13
 1.26026382552338e-16 -6.01735273266911e-17 -2.19247524882256e-16 -2.62780800748258e-14 -2.63380279205759e-13  -0.00202373093468102     0.958456623369187     0.811087208869034  4.66578827099926e-15  9.74129626369627e-13
-2.68244763744389e-17  3.93874639750974e-17 -6.91580461717609e-15 -6.05927714264234e-14 -1.15196528546606e-14      0.95845662336837   0.00202373093468141  4.66578827099926e-15     0.811087208865271 -4.73436041418365e-14
 0.000213225736718058 -0.000448873711007306    0.0616568198700425     0.117048705706822     0.940515668007891 -8.69044272406044e-15  7.33223626767007e-13  9.74129626369627e-13 -4.73436041418365e-14     0.761868394440387
TOTAL ENERGY: -123.95345067796	 lambda: -4.5	 population of target: 3.99970751395534
1RDM: 
     1.99999996287289  1.67307106558099e-07 -1.12124221346449e-05 -2.60449161100419e-05 -0.000161762736051198  3.01570967865677e-17 -3.62527136729232e-16  1.25628011537923e-16 -2.67090504249991e-17  0.000213515310177444
 1.67307106558099e-07      1.99997292651758  0.000192579164791913   0.00171424845797215  0.000237798760197468 -5.13368547902268e-17  4.70655763908945e-16 -6.03860978793945e-17  3.92722660832747e-17 -0.000449005738972109
-1.12124221346449e-05  0.000192579164791913      1.99581302572205   -0.0168736388257681   -0.0460727771714025  7.96930259421367e-15 -7.44784374803935e-14 -1.82475681821385e-16 -6.86344617998211e-15    0.0615754787825332
-2.60449161100419e-05   0.00171424845797215   -0.0168736388257681      1.88038440600166   -0.0821862384059005  5.35221209563607e-14 -1.13905599325632e-13 -2.62462666999336e-14 -6.05774956816276e-14     0.117063318981517
-0.000161762736051198  0.000237798760197468   -0.0460727771714025   -0.0821862384059005      1.28551521536785  4.56715597767747e-14 -9.41292386375984e-13 -2.63091163477684e-13 -1.12942664219188e-14     0.940416641494617
 3.01570967865677e-17 -5.13368547902268e-17  7.96930259421367e-15  5.35221209563607e-14  4.56715597767747e-14      1.22738040204506   3.2123292741347e-15  -0.00202370567279801     0.958444659187601 -8.93787690890221e-15
-3.62527136729232e-16  4.70655763908945e-16 -7.44784374803935e-14 -1.13905599325632e-13 -9.41292386375984e-13   3.2123292741347e-15      1.22738040204129     0.958444659188416   0.00202370567279839  7.33274556293763e-13
 1.25628011537923e-16 -6.03860978793945e-17 -1.82475681821385e-16 -2.62462666999336e-14 -2.63091163477684e-13  -0.00202370567279801     0.958444659188416     0.811031616404295   4.6910061088026e-15  9.73958855686724e-13
-2.67090504249991e-17  3.92722660832747e-17 -6.86344617998211e-15 -6.05774956816276e-14 -1.12942664219188e-14     0.958444659187601   0.00202370567279839   4.6910061088026e-15      0.81103161640052 -4.73414893671934e-14
 0.000213515310177444 -0.000449005738972109    0.0615754787825332     0.117063318981517     0.940416641494617 -8.93787690890221e-15  7.33274556293763e-13  9.73958855686724e-13 -4.73414893671934e-14     0.761490426626882
TOTAL ENERGY: -123.953493525943	 lambda: -4.45	 population of target: 3.99971708945166
1RDM: 
     1.99999996277892   1.6763297950223e-07 -1.12108530270679e-05 -2.60840004723143e-05 -0.000161920849468281  3.01180328003271e-17 -3.62458386059261e-16  1.25227077840493e-16 -2.65970092175161e-17  0.000213817026452515
  1.6763297950223e-07      1.99997292653619  0.000192487349035134   0.00171424323643802  0.000237559197067847 -5.14311220192812e-17   4.7047234954362e-16 -6.05994076655335e-17  3.91540586518694e-17  -0.00044914136536018
-1.12108530270679e-05  0.000192487349035134      1.99582311639562   -0.0168606199301687   -0.0459882488832699  7.93466807620718e-15 -7.43743061433586e-14 -1.44277029803172e-16 -6.80945568626384e-15    0.0614918382448847
-2.60840004723143e-05   0.00171424323643802   -0.0168606199301687       1.8803860729704   -0.0821471566038373  5.35357338525075e-14 -1.13876180388777e-13 -2.62113496957366e-14 -6.05613343964902e-14     0.117078813767239
-0.000161920849468281  0.000237559197067847   -0.0459882488832699   -0.0821471566038373      1.28589721947714  4.56583004674312e-14 -9.40952446110451e-13 -2.62790152652801e-13 -1.10596233106977e-14     0.940313324734493
 3.01180328003271e-17 -5.14311220192812e-17  7.93466807620718e-15  5.35357338525075e-14  4.56583004674312e-14      1.22743813904957  3.22081028702103e-15  -0.00202367932938235     0.958432182804148 -9.19552789362242e-15
-3.62458386059261e-16   4.7047234954362e-16 -7.43743061433586e-14 -1.13876180388777e-13 -9.40952446110451e-13  3.22081028702103e-15       1.2274381390458     0.958432182804967   0.00202367932938273  7.33327538456453e-13
 1.25227077840493e-16 -6.05994076655335e-17 -1.44277029803172e-16 -2.62113496957366e-14 -2.62790152652801e-13  -0.00202367932938235     0.958432182804967     0.810973715400989  4.69591768287296e-15  9.73780743381819e-13
-2.65970092175161e-17  3.91540586518694e-17 -6.80945568626384e-15 -6.05613343964902e-14 -1.10596233106977e-14     0.958432182804148   0.00202367932938273  4.69591768287296e-15      0.81097371539721 -4.73393438399498e-14
 0.000213817026452515  -0.00044914136536018    0.0614918382448847     0.117078813767239     0.940313324734493 -9.19552789362242e-15  7.33327538456453e-13  9.73780743381819e-13 -4.73393438399498e-14     0.761096992948217
TOTAL ENERGY: -123.953538508641	 lambda: -4.4	 population of target: 3.99972725561177
1RDM: 
     1.99999996268091  1.67967231143938e-07 -1.12093422309306e-05 -2.61244454924548e-05 -0.000162085485938494  3.00841348758601e-17 -3.62398034483457e-16  1.24823499617721e-16 -2.64885239490825e-17  0.000214131480730466
 1.67967231143938e-07      1.99997292656195  0.000192392812575464   0.00171423727897949  0.000237309725837314  -5.1528955575798e-17  4.70279260562486e-16 -6.08190005306905e-17  3.90314856970956e-17 -0.000449280771628414
-1.12093422309306e-05  0.000192392812575464      1.99583349016396   -0.0168472314810333   -0.0459010892605421  7.89906073295719e-15 -7.42670443808832e-14 -1.04763461726924e-16 -6.75378808918667e-15    0.0614058016694374
-2.61244454924548e-05   0.00171423727897949   -0.0168472314810333      1.88038778654752   -0.0821067524176541   5.3549880970697e-14 -1.13846302543774e-13 -2.61746371465406e-14 -6.05445017722627e-14     0.117095236945363
-0.000162085485938494  0.000237309725837314   -0.0459010892605421   -0.0821067524176541      1.28629530478837  4.56443813370923e-14 -9.40598119897681e-13 -2.62476546166807e-13 -1.08150934075482e-14     0.940205433753789
 3.00841348758601e-17  -5.1528955575798e-17  7.89906073295719e-15   5.3549880970697e-14  4.56443813370923e-14      1.22749834428745  3.19128571000505e-15  -0.00202365183569112     0.958419161752229 -9.46401334688387e-15
-3.62398034483457e-16  4.70279260562486e-16 -7.42670443808832e-14 -1.13846302543774e-13 -9.40598119897681e-13  3.19128571000505e-15       1.2274983442837     0.958419161753044    0.0020236518356915   7.3338252089688e-13
 1.24823499617721e-16 -6.08190005306905e-17 -1.04763461726924e-16 -2.61746371465406e-14 -2.62476546166807e-13  -0.00202365183569112     0.958419161753044     0.810913357563755   4.6759847898335e-15  9.73595020293141e-13
-2.64885239490825e-17  3.90314856970956e-17 -6.75378808918667e-15 -6.05445017722627e-14 -1.08150934075482e-14     0.958419161752229    0.0020236518356915   4.6759847898335e-15     0.810913357559999 -4.73372032717606e-14
 0.000214131480730466 -0.000449280771628414    0.0614058016694374     0.117095236945363     0.940205433753789 -9.46401334688387e-15   7.3338252089688e-13  9.73595020293141e-13 -4.73372032717606e-14     0.760687125562422
TOTAL ENERGY: -123.953585785892	 lambda: -4.35	 population of target: 3.99973806247592
1RDM: 
     1.99999996257867  1.68310147639107e-07  -1.1207890310149e-05  -2.6166307409082e-05 -0.000162256911403385  3.00557014609352e-17  -3.6234651070533e-16  1.24417273971591e-16 -2.63837820195821e-17  0.000214459304958104
 1.68310147639107e-07      1.99997292659549  0.000192295433579999   0.00171423052870168  0.000237049761240291 -5.16300977649871e-17  4.70078164134027e-16 -6.10482017202621e-17  3.89037295850316e-17 -0.000449424158848829
 -1.1207890310149e-05  0.000192295433579999       1.9958441589693   -0.0168334566959812   -0.0458111722970444  7.86245402415825e-15 -7.41564368820045e-14 -6.39530163926388e-17 -6.69638009545067e-15    0.0613172675397094
 -2.6166307409082e-05   0.00171423052870168   -0.0168334566959812      1.88038955113188   -0.0820649384528882  5.35646979803106e-14 -1.13815341307183e-13   -2.613673516529e-14  -6.0527086865412e-14     0.117112638251797
-0.000162256911403385  0.000237049761240291   -0.0458111722970444   -0.0820649384528882      1.28671050637516  4.56297424940723e-14 -9.40228514021897e-13 -2.62149498485972e-13 -1.05600242922833e-14     0.940092660780272
 3.00557014609352e-17 -5.16300977649871e-17  7.86245402415825e-15  5.35646979803106e-14  4.56297424940723e-14      1.22756117888406  3.21681783178738e-15  -0.00202362311662461     0.958405560121135 -9.74402761961108e-15
 -3.6234651070533e-16  4.70078164134027e-16 -7.41564368820045e-14 -1.13815341307183e-13 -9.40228514021897e-13  3.21681783178738e-15       1.2275611788803     0.958405560121953   0.00202362311662498  7.33439610509736e-13
 1.24417273971591e-16 -6.10482017202621e-17 -6.39530163926388e-17   -2.613673516529e-14 -2.62149498485972e-13  -0.00202362311662461     0.958405560121953     0.810850382747482  4.68269181460797e-15  9.73401207917559e-13
-2.63837820195821e-17  3.89037295850316e-17 -6.69638009545067e-15  -6.0527086865412e-14 -1.05600242922833e-14     0.958405560121135   0.00202362311662498  4.68269181460797e-15     0.810850382743713 -4.73350797178957e-14
 0.000214459304958104 -0.000449424158848829    0.0613172675397094     0.117112638251797     0.940092660780272 -9.74402761961108e-15  7.33439610509736e-13  9.73401207917559e-13 -4.73350797178957e-14        0.760259771094
TOTAL ENERGY: -123.953635533562	 lambda: -4.3	 population of target: 3.99974956552646
1RDM: 
     1.99999996247198   1.6866208055144e-07 -1.12064981491879e-05 -2.62096491478458e-05 -0.000162435405984907  3.00330477105106e-17 -3.62304263542909e-16  1.24008395522032e-16 -2.62829755873892e-17  0.000214801175603314
  1.6866208055144e-07      1.99997292663746  0.000192195079095774   0.00171422291952276  0.000236778672729326 -5.17346155671766e-17  4.69869237028299e-16 -6.12881612013985e-17  3.87703157314304e-17 -0.000449571743595825
-1.12064981491879e-05  0.000192195079095774      1.99585513548152   -0.0168192774690015   -0.0457183636776465  7.82481171170127e-15 -7.40423072403175e-14 -2.18011698642727e-17 -6.63715343109926e-15    0.0612261287027306
-2.62096491478458e-05   0.00171422291952276   -0.0168192774690015      1.88039137225573   -0.0820216196848033  5.35802534924789e-14 -1.13783102450969e-13 -2.60977284028323e-14 -6.05090860911295e-14     0.117131071094387
-0.000162435405984907  0.000236778672729326   -0.0457183636776465   -0.0820216196848033      1.28714394961049  4.56143261986893e-14 -9.39842627065407e-13 -2.61808112895631e-13 -1.02937168362203e-14     0.939974669960337
 3.00330477105106e-17 -5.17346155671766e-17  7.82481171170127e-15  5.35802534924789e-14  4.56143261986893e-14      1.22762681829807  3.20779794132345e-15  -0.00202359308927605     0.958391338962868 -1.00363293047616e-14
-3.62304263542909e-16  4.69869237028299e-16 -7.40423072403175e-14 -1.13783102450969e-13 -9.39842627065407e-13  3.20779794132345e-15      1.22762681829431     0.958391338963686   0.00202359308927642  7.33498926688256e-13
 1.24008395522032e-16 -6.12881612013985e-17 -2.18011698642727e-17 -2.60977284028323e-14 -2.61808112895631e-13  -0.00202359308927605     0.958391338963686     0.810784616112065  4.67993502118769e-15  9.73198763742709e-13
-2.62829755873892e-17  3.87703157314304e-17 -6.63715343109926e-15 -6.05090860911295e-14 -1.02937168362203e-14     0.958391338962868   0.00202359308927642  4.67993502118769e-15     0.810784616108306 -4.73329820163448e-14
 0.000214801175603314 -0.000449571743595825    0.0612261287027306     0.117131071094387     0.939974669960337 -1.00363293047616e-14  7.33498926688256e-13  9.73198763742709e-13 -4.73329820163448e-14     0.759813784730109
TOTAL ENERGY: -123.953687945608	 lambda: -4.25	 population of target: 3.99976182642479
1RDM: 
     1.99999996236061  1.69023358161002e-07 -1.12051661176913e-05 -2.62545341686593e-05 -0.000162621259636798  3.00165155617345e-17  -3.6227175054827e-16  1.23596852337324e-16 -2.61863125900285e-17  0.000215157810549197
 1.69023358161002e-07      1.99997292668856  0.000192091614307199   0.00171421437655403  0.000236495774885389 -5.18432427125033e-17  4.69649060585419e-16   -6.153638260488e-17  3.86315691308142e-17  -0.00044972375829273
-1.12051661176913e-05  0.000192091614307199      1.99586643297604   -0.0168046749646952    -0.045622520300008  7.78607601817092e-15 -7.39245674115462e-14  2.18681367409903e-17 -6.57599984176781e-15    0.0611322724374014
-2.62545341686593e-05   0.00171421437655403   -0.0168046749646952      1.88039325651969   -0.0819766922625507  5.35964593700576e-14 -1.13750118586053e-13  -2.6056737255525e-14 -6.04902923019074e-14     0.117150592877733
-0.000162621259636798  0.000236495774885389    -0.045622520300008   -0.0819766922625507      1.28759686062013  4.55980823337814e-14 -9.39439297930424e-13 -2.61451503097859e-13 -1.00154256948207e-14     0.939851094155965
 3.00165155617345e-17 -5.18432427125033e-17  7.78607601817092e-15  5.35964593700576e-14  4.55980823337814e-14      1.22769545396598   3.2148424272825e-15  -0.00202356166403149     0.958376455765389  -1.0341747724244e-14
 -3.6227175054827e-16  4.69649060585419e-16 -7.39245674115462e-14 -1.13750118586053e-13 -9.39439297930424e-13   3.2148424272825e-15      1.22769545396222     0.958376455766208   0.00202356166403186  7.33560599724572e-13
 1.23596852337324e-16   -6.153638260488e-17  2.18681367409903e-17  -2.6056737255525e-14 -2.61451503097859e-13  -0.00202356166403149     0.958376455766208     0.810715866871916   4.6791962951871e-15  9.72987095636458e-13
-2.61863125900285e-17  3.86315691308142e-17 -6.57599984176781e-15 -6.04902923019074e-14 -1.00154256948207e-14     0.958376455765389   0.00202356166403186   4.6791962951871e-15     0.810715866868155 -4.73309174516711e-14
 0.000215157810549197  -0.00044972375829273    0.0611322724374014     0.117150592877733     0.939851094155965  -1.0341747724244e-14  7.33560599724572e-13  9.72987095636458e-13 -4.73309174516711e-14      0.75934791916674
TOTAL ENERGY: -123.953743236464	 lambda: -4.2	 population of target: 3.99977491386936
1RDM: 
     1.99999996224432  1.69394344140066e-07 -1.12038945906165e-05  -2.6301030887791e-05 -0.000162814775590042  3.00064676233369e-17 -3.62249470904244e-16  1.23182651957562e-16 -2.60940067333512e-17  0.000215529977372369
 1.69394344140066e-07       1.9999729267496  0.000191984890332709   0.00171420481953068   0.00023620032535041 -5.19559064835039e-17  4.69418679900394e-16 -6.17953005613732e-17  3.84867488229404e-17 -0.000449880452297115
-1.12038945906165e-05  0.000191984890332709      1.99587806553957   -0.0167896288503843   -0.0455234894831255  7.74621151715168e-15 -7.38029924838601e-14  6.70745104408213e-17 -6.51283569475548e-15    0.0610355800002725
 -2.6301030887791e-05   0.00171420481953068   -0.0167896288503843      1.88039521063485   -0.0819300427137755  5.36134311552311e-14 -1.13715949640657e-13 -2.60141189555787e-14 -6.04707448131588e-14     0.117171265428108
-0.000162814775590042   0.00023620032535041   -0.0455234894831255   -0.0819300427137755       1.2880705784043  4.55809386094364e-14 -9.39017364399058e-13 -2.61078579161748e-13 -9.72431526868505e-15     0.939721530822057
 3.00064676233369e-17 -5.19559064835039e-17  7.74621151715168e-15  5.36134311552311e-14  4.55809386094364e-14      1.22776729502809  3.23192308791385e-15  -0.00202352874285284     0.958360864009728 -1.06611854802409e-14
-3.62249470904244e-16  4.69418679900394e-16 -7.38029924838601e-14 -1.13715949640657e-13 -9.39017364399058e-13  3.23192308791385e-15      1.22776729502431     0.958360864010551   0.00202352874285321  7.33624777084827e-13
 1.23182651957562e-16 -6.17953005613732e-17  6.70745104408213e-17 -2.60141189555787e-14 -2.61078579161748e-13  -0.00202352874285284     0.958360864010551     0.810643926707867  4.70094292819497e-15  9.72765563906198e-13
-2.60940067333512e-17  3.84867488229404e-17 -6.51283569475548e-15 -6.04707448131588e-14 -9.72431526868505e-15     0.958360864009728   0.00202352874285321  4.70094292819497e-15     0.810643926704087 -4.73288990423192e-14
 0.000215529977372369 -0.000449880452297115    0.0610355800002725     0.117171265428108     0.939721530822057 -1.06611854802409e-14  7.33624777084827e-13  9.72765563906198e-13 -4.73288990423192e-14     0.758860812962995
TOTAL ENERGY: -123.95380164372	 lambda: -4.15	 population of target: 3.99978890457342
1RDM: 
     1.99999996212287  1.69775431462145e-07 -1.12026838359304e-05 -2.63492122926869e-05 -0.000163016270001499  3.00032928629788e-17 -3.62237941190947e-16  1.22765800955227e-16 -2.60062826184837e-17  0.000215918496562703
 1.69775431462145e-07       1.9999729268215  0.000191874749777275   0.00171419415765328  0.000235891517706796  -5.2072978392078e-17  4.69176931923947e-16 -6.20650123609764e-17  3.83356144146899e-17 -0.000450042095064858
-1.12026838359304e-05  0.000191874749777275      1.99589004804746    -0.016774117516469   -0.0454211080943464  7.70516836824251e-15 -7.36774068578021e-14  1.13921808273788e-16 -6.44755555063369e-15    0.0609359262307227
-2.63492122926869e-05   0.00171419415765328    -0.016774117516469      1.88039724261038   -0.0818815467347986   5.3631184931966e-14 -1.13680618539383e-13  -2.5969617169631e-14 -6.04503488125858e-14      0.11719315538863
