Lodwin Orthonormalized
TOTAL ENERGY: -123.606608193435	 lambda: -5	 population of target: 4.00000013289014
1RDM: 
     1.99997470018981   0.00165480908697035 -6.32244459794972e-05  9.12524550900745e-19 -3.07604019288932e-18  2.58455014916031e-09  1.51498103534991e-07  4.08354668739607e-07  2.01015237864898e-20 -8.59594697792827e-20
  0.00165480908697035       1.8847936254892     0.065987489710415  3.02195132356597e-16 -9.22602050153364e-16 -3.93569958349146e-07 -2.13896527194644e-05 -5.84341235639963e-05  -1.0233438577579e-18  4.46766886978252e-18
-6.32244459794972e-05     0.065987489710415    0.0388263798489106   1.6580447517202e-17 -4.90769019685192e-17  6.88192770115987e-06   0.00035062759539663  0.000969212067119257 -1.07634646814008e-17  4.63140481147082e-17
 9.12524550900745e-19  3.02195132356597e-16   1.6580447517202e-17    0.0382029242123254 -1.15854693089563e-16 -9.22751341302255e-18   -5.392833449416e-17  4.34024300620441e-17 -7.33481228254205e-05 -2.23852206734119e-16
-3.07604019288932e-18 -9.22602050153364e-16 -4.90769019685192e-17 -1.15854693089563e-16     0.038202924212325  -5.1382563246311e-18 -8.67925195778039e-18  6.79323152877132e-18 -8.99133036969034e-17    7.334812282537e-05
 2.58455014916031e-09 -3.93569958349146e-07  6.88192770115987e-06 -9.22751341302255e-18  -5.1382563246311e-18      1.99999999997562 -1.24414880184645e-09 -3.43811945040069e-09 -3.09234042955276e-22  3.81906964212104e-23
 1.51498103534991e-07 -2.13896527194644e-05   0.00035062759539663   -5.392833449416e-17 -8.67925195778039e-18 -1.24414880184645e-09      1.99999993649439 -1.75487425724501e-07 -2.10416970240133e-22 -7.44647771389304e-21
 4.08354668739607e-07 -5.84341235639963e-05  0.000969212067119257  4.34024300620441e-17  6.79323152877132e-18 -3.43811945040069e-09 -1.75487425724501e-07      1.99999951506316  6.62276538275298e-21 -2.17711717609267e-20
 2.01015237864898e-20  -1.0233438577579e-18 -1.07634646814008e-17 -7.33481228254205e-05 -8.99133036969034e-17 -3.09234042955276e-22 -2.10416970240133e-22  6.62276538275298e-21      1.99999999725713 -5.00770539513198e-21
-8.59594697792827e-20  4.46766886978252e-18  4.63140481147082e-17 -2.23852206734119e-16    7.334812282537e-05  3.81906964212104e-23 -7.44647771389304e-21 -2.17711717609267e-20 -5.00770539513198e-21      1.99999999725713
TOTAL ENERGY: -123.60660829378	 lambda: -4.95	 population of target: 4.00000015306089
1RDM: 
     1.99997470018991   0.00165480907689129 -6.32243603177249e-05  8.77443374282514e-19 -3.05168855647574e-18  2.59576280829057e-09  1.53375112864118e-07  4.14715773447071e-07  2.01868388975193e-20 -8.63239313458935e-20
  0.00165480907689129      1.88479362573198    0.0659874929165897  3.00045799284446e-16 -8.92077117651964e-16 -3.95346982450667e-07 -2.16726207055465e-05  -5.9437448331836e-05 -1.02683415400346e-18  4.48250342168829e-18
-6.32243603177249e-05    0.0659874929165897    0.0388263991131489  1.65489543138815e-17 -4.68591653620596e-17  6.91396908356069e-06  0.000355535098381986  0.000987247359052713 -1.08358974478695e-17  4.66233119438591e-17
 8.77443374282514e-19  3.00045799284446e-16  1.65489543138815e-17    0.0382029245441313 -1.13577377218995e-16 -9.27806755788626e-18 -5.38868676279807e-17  4.36916537286677e-17 -7.47221538350707e-05 -2.25244918076258e-16
-3.05168855647574e-18 -8.92077117651964e-16 -4.68591653620596e-17 -1.13577377218995e-16    0.0382029245441328 -5.16685655442124e-18 -8.67634720776051e-18  6.82609252004644e-18 -9.05529975399963e-17  7.47221538344137e-05
 2.59576280829057e-09 -3.95346982450667e-07  6.91396908356069e-06 -9.27806755788626e-18 -5.16685655442124e-18      1.99999999997539 -1.26740787473132e-09  -3.5182689788338e-09 -3.17208641726501e-22  4.11059945463205e-23
 1.53375112864118e-07 -2.16726207055465e-05  0.000355535098381986 -5.38868676279807e-17 -8.67634720776051e-18 -1.26740787473132e-09      1.99999993470714  -1.8124357988344e-07 -2.08519975116595e-22 -7.60399694440775e-21
 4.14715773447071e-07  -5.9437448331836e-05  0.000987247359052713  4.36916537286677e-17  6.82609252004644e-18  -3.5182689788338e-09  -1.8124357988344e-07      1.99999949688734  6.79331665371573e-21 -2.23317397551693e-20
 2.01868388975193e-20 -1.02683415400346e-18 -1.08358974478695e-17 -7.47221538350707e-05 -9.05529975399963e-17 -3.17208641726501e-22 -2.08519975116595e-22  6.79331665371573e-21      1.99999999715341 -5.13019609959313e-21
-8.63239313458935e-20  4.48250342168829e-18  4.66233119438591e-17 -2.25244918076258e-16  7.47221538344137e-05  4.11059945463205e-23 -7.60399694440775e-21 -2.23317397551693e-20 -5.13019609959313e-21      1.99999999715341
TOTAL ENERGY: -123.606608398683	 lambda: -4.9	 population of target: 4.00000017436196
1RDM: 
     1.99997470019067   0.00165480904716334 -6.32244455290361e-05  8.71208705789175e-19 -2.81863270619443e-18  2.60717055658933e-09  1.55298740920965e-07  4.21280185585881e-07  2.02827453196806e-20 -8.67349527812062e-20
  0.00165480904716334      1.88479362608503    0.0659874965587954  2.90144073819625e-16 -9.17835783272905e-16 -3.97156748395044e-07 -2.19631327182882e-05 -6.04762260647879e-05 -1.03125210728528e-18  4.50198108593085e-18
-6.32244455290361e-05    0.0659874965587954    0.0388264195007167  1.58243111939363e-17 -4.96753363266407e-17  6.94662969572098e-06  0.000360580928747518   0.00100596694555739 -1.09092711853041e-17   4.6938250669755e-17
 8.71208705789175e-19  2.90144073819625e-16  1.58243111939363e-17    0.0382029248239731 -1.11300307162722e-16 -9.32846759784358e-18 -5.38435365443011e-17  4.39951965832403e-17 -7.61486532720514e-05 -2.26692540360295e-16
-2.81863270619443e-18 -9.17835783272905e-16 -4.96753363266407e-17 -1.11300307162722e-16    0.0382029248239784 -5.19490601551663e-18 -8.65703351229194e-18    6.907311001809e-18 -9.12151304470985e-17   7.6148653271409e-05
 2.60717055658933e-09 -3.97156748395044e-07  6.94662969572098e-06 -9.32846759784358e-18 -5.19490601551663e-18      1.99999999997516 -1.29143775109736e-09 -3.60177475130776e-09 -3.25489678435555e-22  4.41392282268348e-23
 1.55298740920965e-07 -2.19631327182882e-05  0.000360580928747518 -5.38435365443011e-17 -8.65703351229194e-18 -1.29143775109736e-09      1.99999993284373 -1.87289308816262e-07  -2.0673180865569e-22 -7.76738547988565e-21
 4.21280185585881e-07 -6.04762260647879e-05   0.00100596694555739  4.39951965832403e-17    6.907311001809e-18 -3.60177475130776e-09 -1.87289308816262e-07      1.99999947766937  6.97127767728984e-21 -2.29179097349909e-20
 2.02827453196806e-20 -1.03125210728528e-18 -1.09092711853041e-17 -7.61486532720514e-05 -9.12151304470985e-17 -3.25489678435555e-22  -2.0673180865569e-22  6.97127767728984e-21      1.99999999704369 -5.25861666141293e-21
-8.67349527812062e-20  4.50198108593085e-18   4.6938250669755e-17 -2.26692540360295e-16   7.6148653271409e-05  4.41392282268348e-23 -7.76738547988565e-21 -2.29179097349909e-20 -5.25861666141293e-21      1.99999999704369
TOTAL ENERGY: -123.606608508453	 lambda: -4.85	 population of target: 4.00000019687987
1RDM: 
     1.99997470019017   0.00165480905406558 -6.32241769078044e-05  8.99375587365078e-19 -2.60697045951177e-18  2.61874044033434e-09  1.57273189786306e-07  4.28056437244699e-07  2.03795813727079e-20  -8.7146518624481e-20
  0.00165480905406558      1.88479362630562    0.0659875006402886  2.70921296885729e-16 -9.37782745606935e-16 -3.98999728459502e-07 -2.22616444853499e-05 -6.15523195019875e-05 -1.03606373325087e-18  4.52158327196537e-18
-6.32241769078044e-05    0.0659875006402886    0.0388264409220573  1.42656714405234e-17 -5.19717833597687e-17  6.97998295472265e-06  0.000365770298653733   0.00102541071118362 -1.09808449554455e-17  4.72468302246067e-17
 8.99375587365078e-19  2.70921296885729e-16  1.42656714405234e-17    0.0382029252622086 -1.09022099325527e-16 -9.37980092507722e-18 -5.37957594116237e-17  4.43195511256473e-17 -7.76306530793676e-05 -2.28211027592772e-16
-2.60697045951177e-18 -9.37782745606935e-16 -5.19717833597687e-17 -1.09022099325527e-16    0.0382029252622104 -5.22429710218076e-18  -8.6365646022071e-18  6.99219703194207e-18 -9.18884732631738e-17  7.76306530787945e-05
 2.61874044033434e-09 -3.98999728459502e-07  6.97998295472265e-06 -9.37980092507722e-18 -5.22429710218076e-18      1.99999999997492 -1.31628274896903e-09 -3.68886993679066e-09 -3.34146600985066e-22  4.74105488842225e-23
 1.57273189786306e-07 -2.22616444853499e-05  0.000365770298653733 -5.37957594116237e-17  -8.6365646022071e-18 -1.31628274896903e-09          1.9999999309 -1.93644208659938e-07 -2.05444021320633e-22 -7.93422424932787e-21
 4.28056437244699e-07 -6.15523195019875e-05   0.00102541071118362  4.43195511256473e-17  6.99219703194207e-18 -3.68886993679066e-09 -1.93644208659938e-07      1.99999945732779  7.15603350778265e-21 -2.35236460183984e-20
 2.03795813727079e-20 -1.03606373325087e-18 -1.09808449554455e-17 -7.76306530793676e-05 -9.18884732631738e-17 -3.34146600985066e-22 -2.05444021320633e-22  7.15603350778265e-21      1.99999999692751 -5.39441149197658e-21
 -8.7146518624481e-20  4.52158327196537e-18  4.72468302246067e-17 -2.28211027592772e-16  7.76306530787945e-05  4.74105488842225e-23 -7.93422424932787e-21 -2.35236460183984e-20 -5.39441149197658e-21      1.99999999692751
TOTAL ENERGY: -123.606608623426	 lambda: -4.8	 population of target: 4.00000022070972
1RDM: 
     1.99997470019002   0.00165480904991689 -6.32240657600698e-05  8.41444865679983e-19 -2.67099377122803e-18  2.63053719368724e-09  1.59298157877691e-07   4.3505650748863e-07  2.04706874726825e-20 -8.75363147974465e-20
  0.00165480904991689      1.88479362665731    0.0659875052593601  2.74929395126086e-16 -8.83443998022896e-16 -4.00878246277684e-07 -2.25683350528826e-05 -6.26678720411968e-05 -1.03948824345251e-18  4.53624339081344e-18
-6.32240657600698e-05    0.0659875052593601    0.0388264635660832  1.47851527984392e-17 -4.76233148734858e-17  7.01397632485729e-06  0.000371109677699777   0.00104562143253616 -1.10623221533957e-17  4.75946118262026e-17
 8.41444865679983e-19  2.74929395126086e-16  1.47851527984392e-17    0.0382029256793517  -1.0674364607275e-16 -9.43101531048133e-18 -5.37532218082465e-17  4.46394660240575e-17 -7.91714795778771e-05 -2.29772927331261e-16
-2.67099377122803e-18 -8.83443998022896e-16 -4.76233148734858e-17  -1.0674364607275e-16    0.0382029256793405 -5.25333383073661e-18 -8.64094457020326e-18  7.00999656579941e-18 -9.26011468644738e-17  7.91714795771373e-05
 2.63053719368724e-09 -4.00878246277684e-07  7.01397632485729e-06 -9.43101531048133e-18 -5.25333383073661e-18      1.99999999997468 -1.34196920984358e-09 -3.77973911679808e-09 -3.43117469695635e-22  5.07027129763722e-23
 1.59298157877691e-07 -2.25683350528826e-05  0.000371109677699777 -5.37532218082465e-17 -8.64094457020326e-18 -1.34196920984358e-09      1.99999992887122 -2.00329967161117e-07  -2.0283827131693e-22 -8.11239372135735e-21
  4.3505650748863e-07 -6.26678720411968e-05   0.00104562143253616  4.46394660240575e-17  7.00999656579941e-18 -3.77973911679808e-09 -2.00329967161117e-07      1.99999943577332  7.35331111568204e-21 -2.41719856512135e-20
 2.04706874726825e-20 -1.03948824345251e-18 -1.10623221533957e-17 -7.91714795778771e-05 -9.26011468644738e-17 -3.43117469695635e-22  -2.0283827131693e-22  7.35331111568204e-21      1.99999999680434 -5.53575310036499e-21
-8.75363147974465e-20  4.53624339081344e-18  4.75946118262026e-17 -2.29772927331261e-16  7.91714795771373e-05  5.07027129763722e-23 -8.11239372135735e-21 -2.41719856512135e-20 -5.53575310036499e-21      1.99999999680434
TOTAL ENERGY: -123.606608743972	 lambda: -4.75	 population of target: 4.00000024595624
1RDM: 
     1.99997470019046   0.00165480902248924 -6.32239504665457e-05  8.16301335374261e-19 -2.59842482301035e-18  2.64253226653397e-09  1.61376187158753e-07  4.42291363263238e-07  2.05687153071742e-20 -8.79560248258864e-20
  0.00165480902248924      1.88479362704755    0.0659875103459364  2.70100405815299e-16 -8.65920837331551e-16 -4.02793694953298e-07 -2.28835929279338e-05 -6.38251003894019e-05 -1.04364907417093e-18  4.55403851062305e-18
-6.32239504665457e-05    0.0659875103459364    0.0388264876141902  1.45139388425821e-17 -4.65690812359379e-17  7.04870903021967e-06  0.000376605837958506   0.00106664546168974 -1.11437877475712e-17  4.79425905709614e-17
 8.16301335374261e-19  2.70100405815299e-16  1.45139388425821e-17    0.0382029260832032 -1.04466816869479e-16 -9.48244811762607e-18 -5.37062242237123e-17  4.49750043008698e-17 -8.07747021246573e-05 -2.31411643229966e-16
-2.59842482301035e-18 -8.65920837331551e-16 -4.65690812359379e-17 -1.04466816869479e-16    0.0382029260832023 -5.28242375460365e-18 -8.63265683247324e-18   7.0606308443366e-18 -9.33311601715887e-17  8.07747021245402e-05
 2.64253226653397e-09 -4.02793694953298e-07  7.04870903021967e-06 -9.48244811762607e-18 -5.28242375460365e-18      1.99999999997443 -1.36855378741298e-09 -3.87466367014123e-09 -3.52473272094954e-22  5.41836792527596e-23
 1.61376187158753e-07 -2.28835929279338e-05  0.000376605837958506 -5.37062242237123e-17 -8.63265683247324e-18 -1.36855378741298e-09      1.99999992675228 -2.07370253617666e-07 -2.00452713492628e-22 -8.29615998256528e-21
 4.42291363263238e-07 -6.38251003894019e-05   0.00106664546168974  4.49750043008698e-17   7.0606308443366e-18 -3.87466367014123e-09 -2.07370253617666e-07      1.99999941290746  7.55912141144381e-21  -2.4847634104661e-20
 2.05687153071742e-20 -1.04364907417093e-18 -1.11437877475712e-17 -8.07747021246573e-05 -9.33311601715887e-17 -3.52473272094954e-22 -2.00452713492628e-22  7.55912141144381e-21      1.99999999667362 -5.68526715573707e-21
-8.79560248258864e-20  4.55403851062305e-18  4.79425905709614e-17 -2.31411643229966e-16  8.07747021245402e-05  5.41836792527596e-23 -8.29615998256528e-21  -2.4847634104661e-20 -5.68526715573707e-21      1.99999999667362
TOTAL ENERGY: -123.606608870493	 lambda: -4.7	 population of target: 4.00000027273446
1RDM: 
     1.99997470019067   0.00165480900848356 -6.32238298960981e-05  8.00488523448009e-19 -2.47818078593424e-18  2.65473679320255e-09   1.6350982248783e-07  4.49772519218711e-07  2.06716065092732e-20 -8.83976694953155e-20
  0.00165480900848356      1.88479362747871    0.0659875160288416  2.62756888149942e-16 -8.61248981728927e-16 -4.04746072560601e-07  -2.3207788671645e-05 -6.50263723628851e-05 -1.04833994151969e-18  4.57398081163755e-18
-6.32238298960981e-05    0.0659875160288416    0.0388265130068813  1.40180529616726e-17 -4.66634372018653e-17  7.08415860619795e-06  0.000382265014896461   0.00108853295000815 -1.12215616300786e-17  4.82830400998542e-17
 8.00488523448009e-19  2.62756888149942e-16  1.40180529616726e-17    0.0382029265602818 -1.02189199609967e-16 -9.53407266685997e-18 -5.36575626534232e-17  4.53279343134086e-17 -8.24441788066559e-05 -2.33116446437324e-16
-2.47818078593424e-18 -8.61248981728927e-16 -4.66634372018653e-17 -1.02189199609967e-16    0.0382029265602858 -5.31162782904327e-18  -8.6201775517227e-18  7.12689260220848e-18  -9.4097669676158e-17  8.24441788055315e-05
 2.65473679320255e-09 -4.04746072560601e-07  7.08415860619795e-06 -9.53407266685997e-18 -5.31162782904327e-18      1.99999999997417 -1.39606955261863e-09 -3.97388078532208e-09 -3.62250253369537e-22  5.78968114741929e-23
  1.6350982248783e-07  -2.3207788671645e-05  0.000382265014896461 -5.36575626534232e-17  -8.6201775517227e-18 -1.39606955261863e-09      1.99999992453807 -2.14790377285214e-07 -1.99150438801603e-22  -8.4839375903104e-21
 4.49772519218711e-07 -6.50263723628851e-05   0.00108853295000815  4.53279343134086e-17  7.12689260220848e-18 -3.97388078532208e-09 -2.14790377285214e-07      1.99999938862154  7.77205769389486e-21 -2.55473985277436e-20
 2.06716065092732e-20 -1.04833994151969e-18 -1.12215616300786e-17 -8.24441788066559e-05  -9.4097669676158e-17 -3.62250253369537e-22 -1.99150438801603e-22  7.77205769389486e-21       1.9999999965347 -5.84220488063718e-21
-8.83976694953155e-20  4.57398081163755e-18  4.82830400998542e-17 -2.33116446437324e-16  8.24441788055315e-05  5.78968114741929e-23  -8.4839375903104e-21 -2.55473985277436e-20 -5.84220488063718e-21       1.9999999965347
TOTAL ENERGY: -123.60660900343	 lambda: -4.65	 population of target: 4.00000030117183
1RDM: 
     1.99997470019091   0.00165480898891919 -6.32237261764351e-05  7.81216481412044e-19 -2.47502428095155e-18  2.66716594027079e-09  1.65701043544177e-07  4.57513691834449e-07  2.07778888901583e-20 -8.88380203523492e-20
  0.00165480898891919       1.8847936279711    0.0659875222803899  2.56346067153427e-16 -8.25001197342779e-16 -4.06738667657085e-07 -2.35412986795283e-05 -6.62743325134185e-05 -1.05280046709768e-18  4.59113164546459e-18
-6.32237261764351e-05    0.0659875222803899    0.0388265399746199  1.36058051741036e-17 -4.39340928087153e-17  7.12039524672077e-06  0.000388094888643086   0.00111133815995407 -1.13131931703124e-17   4.8677586009438e-17
 7.81216481412044e-19  2.56346067153427e-16  1.36058051741036e-17    0.0382029270487789 -9.99079607825725e-17 -9.58602764567545e-18 -5.36088739790401e-17  4.56953991682863e-17 -8.41841151478425e-05 -2.34873774844364e-16
-2.47502428095155e-18 -8.25001197342779e-16 -4.39340928087153e-17 -9.99079607825725e-17    0.0382029270487736 -5.34125026138881e-18 -8.61854737758012e-18  7.17706682563491e-18  -9.4911292159982e-17  8.41841151472877e-05
 2.66716594027079e-09 -4.06738667657085e-07  7.12039524672077e-06 -9.58602764567545e-18 -5.34125026138881e-18      1.99999999997391 -1.42457372210075e-09 -4.07770005981046e-09 -3.72416561944993e-22  6.16425609485627e-23
 1.65701043544177e-07 -2.35412986795283e-05  0.000388094888643086 -5.36088739790401e-17 -8.61854737758012e-18 -1.42457372210075e-09      1.99999992222268 -2.22618560484658e-07 -1.95603536544448e-22 -8.68757074126405e-21
 4.57513691834449e-07 -6.62743325134185e-05   0.00111133815995407  4.56953991682863e-17  7.17706682563491e-18 -4.07770005981046e-09 -2.22618560484658e-07      1.99999936279546  8.00240279759507e-21 -2.63066692830469e-20
 2.07778888901583e-20 -1.05280046709768e-18 -1.13131931703124e-17 -8.41841151478425e-05  -9.4911292159982e-17 -3.72416561944993e-22 -1.95603536544448e-22  8.00240279759507e-21      1.99999999638691 -6.00599812706027e-21
-8.88380203523492e-20  4.59113164546459e-18   4.8677586009438e-17 -2.34873774844364e-16  8.41841151472877e-05  6.16425609485627e-23 -8.68757074126405e-21 -2.63066692830469e-20 -6.00599812706027e-21      1.99999999638691
TOTAL ENERGY: -123.606609143271	 lambda: -4.6	 population of target: 4.00000033140936
1RDM: 
     1.99997470019098   0.00165480897494427 -6.32235790831975e-05  7.51049423984217e-19 -2.31362069566789e-18  2.67981320028549e-09   1.6795237896507e-07  4.65528326985182e-07  2.08858640281651e-20 -8.93159068761206e-20
  0.00165480897494427      1.88479362851995    0.0659875291384935  2.52872183747529e-16 -8.31435592688609e-16 -4.08771851413818e-07 -2.38845424745748e-05 -6.75717640519669e-05 -1.05731611832895e-18  4.61226318146888e-18
-6.32235790831975e-05    0.0659875291384935    0.0388265686254683  1.34558813600829e-17 -4.50213813131742e-17  7.15744595015355e-06  0.000394103271161118   0.00113512021349814 -1.14038653330803e-17  4.90711674013299e-17
 7.51049423984217e-19  2.52872183747529e-16  1.34558813600829e-17    0.0382029275676465  -9.7634249265716e-17 -9.63822587735598e-18 -5.35590082685513e-17  4.60768164573202e-17 -8.59990581746386e-05 -2.36721176772363e-16
-2.31362069566789e-18 -8.31435592688609e-16 -4.50213813131742e-17  -9.7634249265716e-17    0.0382029275676516 -5.37054228904971e-18 -8.60158143901177e-18  7.24863475190816e-18   -9.574959508984e-17  8.59990581737945e-05
 2.67981320028549e-09 -4.08771851413818e-07  7.15744595015355e-06 -9.63822587735598e-18 -5.37054228904971e-18      1.99999999997362 -1.45411700235035e-09 -4.18643270097773e-09 -3.83050039039528e-22  6.56050600037349e-23
  1.6795237896507e-07 -2.38845424745748e-05  0.000394103271161118 -5.35590082685513e-17 -8.60158143901177e-18 -1.45411700235035e-09      1.99999991979985 -2.30885563376759e-07 -1.92655051214716e-22 -8.89767167412322e-21
 4.65528326985182e-07 -6.75717640519669e-05   0.00113512021349814  4.60768164573202e-17  7.24863475190816e-18 -4.18643270097773e-09 -2.30885563376759e-07      1.99999933529591  8.24271741535851e-21 -2.70985167940545e-20
 2.08858640281651e-20 -1.05731611832895e-18 -1.14038653330803e-17 -8.59990581746386e-05   -9.574959508984e-17 -3.83050039039528e-22 -1.92655051214716e-22  8.24271741535851e-21      1.99999999622944 -6.17972020028572e-21
-8.93159068761206e-20  4.61226318146888e-18  4.90711674013299e-17 -2.36721176772363e-16  8.59990581737945e-05  6.56050600037349e-23 -8.89767167412322e-21 -2.70985167940545e-20 -6.17972020028572e-21      1.99999999622944
TOTAL ENERGY: -123.606609290549	 lambda: -4.55	 population of target: 4.00000036360313
1RDM: 
     1.99997470019064   0.00165480898046505 -6.32234691287683e-05  7.18954632926388e-19  -2.2966740894856e-18  2.69270610362465e-09  1.70266354094336e-07  4.73831692246958e-07  2.09968662734977e-20 -8.97875502410968e-20
  0.00165480898046505      1.88479362913337    0.0659875366998232   2.4991915577811e-16 -7.98904910521093e-16 -4.10848166550555e-07 -2.42379536217159e-05 -6.89217206526925e-05 -1.06176217661267e-18  4.63097571959285e-18
-6.32234691287683e-05    0.0659875366998232    0.0388265989781133  1.33527257282039e-17 -4.26241908577133e-17   7.1953318619205e-06  0.000400298446589035   0.00115994301625143 -1.15025275192625e-17  4.94872403369622e-17
 7.18954632926388e-19   2.4991915577811e-16  1.33527257282039e-17    0.0382029281816695 -9.53564606890162e-17  -9.6906335872588e-18 -5.35076962207539e-17  4.64759855865657e-17 -8.78938460006528e-05 -2.38649247064933e-16
 -2.2966740894856e-18 -7.98904910521093e-16 -4.26241908577133e-17 -9.53564606890162e-17    0.0382029281816743 -5.40020884482126e-18 -8.59809810949822e-18  7.29489143937185e-18 -9.66179464022478e-17  8.78938460007805e-05
 2.69270610362465e-09 -4.10848166550555e-07   7.1953318619205e-06  -9.6906335872588e-18 -5.40020884482126e-18      1.99999999997335 -1.48475225926559e-09 -4.30041309440259e-09 -3.94146876923141e-22  6.97407760514299e-23
 1.70266354094336e-07 -2.42379536217159e-05  0.000400298446589035 -5.35076962207539e-17 -8.59809810949822e-18 -1.48475225926559e-09       1.9999999172629 -2.39625040258075e-07 -1.88537337634639e-22 -9.11827729204847e-21
 4.73831692246958e-07 -6.89217206526925e-05   0.00115994301625143  4.64759855865657e-17  7.29489143937185e-18 -4.30041309440259e-09 -2.39625040258075e-07      1.99999930597535  8.49909530879232e-21 -2.79375352927491e-20
 2.09968662734977e-20 -1.06176217661267e-18 -1.15025275192625e-17 -8.78938460006528e-05 -9.66179464022478e-17 -3.94146876923141e-22 -1.88537337634639e-22  8.49909530879232e-21      1.99999999606148 -6.36335542597813e-21
-8.97875502410968e-20  4.63097571959285e-18  4.94872403369622e-17 -2.38649247064933e-16  8.78938460007805e-05  6.97407760514299e-23 -9.11827729204847e-21 -2.79375352927491e-20 -6.36335542597813e-21      1.99999999606148
TOTAL ENERGY: -123.606609445855	 lambda: -4.5	 population of target: 4.00000039792709
1RDM: 
     1.99997470019188   0.00165480891885855 -6.32233196431951e-05  7.03484145690945e-19 -2.18206773650553e-18  2.70581583305551e-09  1.72645776695417e-07  4.82439363637546e-07  2.11135553397054e-20 -9.02883227924379e-20
  0.00165480891885855      1.88479362980296    0.0659875447667619  2.42481011042651e-16  -7.9272175538589e-16 -4.12966993566796e-07 -2.46019568179519e-05  -7.0327492303143e-05  -1.0669137397197e-18  4.65273728241644e-18
-6.32233196431951e-05    0.0659875447667619    0.0388266316817507  1.28485441625854e-17   -4.258328171258e-17  7.23409420882189e-06   0.00040668782269698   0.00118587712576594 -1.15959219259651e-17  4.98975652337318e-17
 7.03484145690945e-19  2.42481011042651e-16  1.28485441625854e-17    0.0382029286564091 -9.30789254152429e-17 -9.74309572106725e-18 -5.34517368143236e-17  4.68914734337701e-17 -8.98742315237472e-05 -2.40674815396109e-16
-2.18206773650553e-18  -7.9272175538589e-16   -4.258328171258e-17 -9.30789254152429e-17    0.0382029286564102 -5.43007697310797e-18 -8.58592651821541e-18  7.37401541457748e-18 -9.75252406637792e-17  8.98742315225067e-05
 2.70581583305551e-09 -4.12966993566796e-07  7.23409420882189e-06 -9.74309572106725e-18 -5.43007697310797e-18      1.99999999997306 -1.51653426072602e-09 -4.42001969974657e-09 -4.05783817856488e-22  7.41667731402079e-23
 1.72645776695417e-07 -2.46019568179519e-05   0.00040668782269698 -5.34517368143236e-17 -8.58592651821541e-18 -1.51653426072602e-09      1.99999991460511 -2.48873312549661e-07   -1.858668295344e-22  -9.3448054399481e-21
 4.82439363637546e-07  -7.0327492303143e-05   0.00118587712576594  4.68914734337701e-17  7.37401541457748e-18 -4.42001969974657e-09 -2.48873312549661e-07       1.9999992746684   8.7645183706147e-21 -2.88119838363299e-20
 2.11135553397054e-20  -1.0669137397197e-18 -1.15959219259651e-17 -8.98742315237472e-05 -9.75252406637792e-17 -4.05783817856488e-22   -1.858668295344e-22   8.7645183706147e-21        1.999999995882 -6.55796485955559e-21
-9.02883227924379e-20  4.65273728241644e-18  4.98975652337318e-17 -2.40674815396109e-16  8.98742315225067e-05  7.41667731402079e-23  -9.3448054399481e-21 -2.88119838363299e-20 -6.55796485955559e-21        1.999999995882
TOTAL ENERGY: -123.606609609842	 lambda: -4.45	 population of target: 4.00000043457443
1RDM: 
     1.99997470019172   0.00165480890525592 -6.32231697296682e-05  6.71670146657949e-19 -2.14018227759322e-18  2.71920694795657e-09  1.75093127267056e-07  4.91368761909313e-07  2.12335259580673e-20 -9.08000976114465e-20
  0.00165480890525592      1.88479363057126    0.0659875538593442  2.39454727382113e-16 -7.66908810059301e-16 -4.15134998877687e-07 -2.49770654573937e-05 -7.17926450505666e-05   -1.071638603337e-18  4.67295983153963e-18
-6.32231697296682e-05    0.0659875538593442     0.038826666106002  1.27389449333676e-17 -4.07868016934565e-17  7.27380633417634e-06  0.000413282302078457   0.00121299804050363  -1.1705553844289e-17  5.03602654279124e-17
 6.71670146657949e-19  2.39454727382113e-16  1.27389449333676e-17    0.0382029293838715 -9.08013474504511e-17 -9.79617073620828e-18 -5.33995752024813e-17  4.73287709236064e-17 -9.19457911434823e-05 -2.42778075804382e-16
-2.14018227759322e-18 -7.66908810059301e-16 -4.07868016934565e-17 -9.08013474504511e-17    0.0382029293838812 -5.45992485756073e-18 -8.57874862331004e-18  7.42951612581732e-18 -9.84799132698402e-17  9.19457911430846e-05
 2.71920694795657e-09 -4.15134998877687e-07  7.27380633417634e-06 -9.79617073620828e-18 -5.45992485756073e-18      1.99999999997276 -1.54953981616816e-09 -4.54568204257323e-09 -4.17941851822975e-22  7.86740099273245e-23
 1.75093127267056e-07 -2.49770654573937e-05  0.000413282302078457 -5.33995752024813e-17 -8.57874862331004e-18 -1.54953981616816e-09      1.99999991181806 -2.58671870510856e-07 -1.80595964455453e-22 -9.58926911017475e-21
 4.91368761909313e-07 -7.17926450505666e-05   0.00121299804050363  4.73287709236064e-17  7.42951612581732e-18 -4.54568204257323e-09 -2.58671870510856e-07      1.99999924119243  9.05317333045403e-21 -2.97578181633017e-20
 2.12335259580673e-20   -1.071638603337e-18  -1.1705553844289e-17 -9.19457911434823e-05 -9.84799132698402e-17 -4.17941851822975e-22 -1.80595964455453e-22  9.05317333045403e-21      1.99999999568999 -6.76295733676549e-21
-9.08000976114465e-20  4.67295983153963e-18  5.03602654279124e-17 -2.42778075804382e-16  9.19457911430846e-05  7.86740099273245e-23 -9.58926911017475e-21 -2.97578181633017e-20 -6.76295733676549e-21      1.99999999568999
TOTAL ENERGY: -123.606609783235	 lambda: -4.4	 population of target: 4.00000047376175
1RDM: 
     1.99997470019161   0.00165480889189377 -6.32229484907811e-05  1.06853434132453e-18 -2.09839258966589e-18  2.73283668258738e-09  1.77611402329861e-07  5.00638690501725e-07  2.14276823775962e-20 -9.13289610288542e-20
  0.00165480889189377      1.88479363141819    0.0659875636455021  1.20810921604489e-16 -7.41066953336293e-16 -4.17351351950095e-07 -2.53637766631151e-05 -7.33211120936393e-05 -1.08549638214969e-18  4.69391129640425e-18
-6.32229484907811e-05    0.0659875636455021    0.0388267030373506  2.29327125056646e-18 -3.89897492935962e-17   7.3145317614302e-06  0.000420091158225963   0.00124138975184916 -1.18180611193941e-17   5.0836222699194e-17
 1.06853434132453e-18  1.20810921604489e-16  2.29327125056646e-18    0.0382029300884397 -8.85252509541782e-17 -9.85155560780218e-18   -5.325506958476e-17  4.79787692032611e-17 -9.41150446049853e-05 -2.44979263737209e-16
-2.09839258966589e-18 -7.41066953336293e-16 -3.89897492935962e-17 -8.85252509541782e-17    0.0382029300884424 -5.48936354176936e-18 -8.58437347356933e-18  7.47315473720071e-18 -9.94818516967722e-17   9.4115044603517e-05
 2.73283668258738e-09 -4.17351351950095e-07   7.3145317614302e-06 -9.85155560780218e-18 -5.48936354176936e-18      1.99999999997246  -1.5838393326809e-09 -4.67786673034762e-09 -4.30799463731113e-22  8.34066937785365e-23
 1.77611402329861e-07 -2.53637766631151e-05  0.000420091158225963   -5.325506958476e-17 -8.58437347356933e-18  -1.5838393326809e-09      1.99999990889356 -2.69065358709618e-07 -1.71298795359301e-22 -9.84374755749254e-21
 5.00638690501725e-07 -7.33211120936393e-05   0.00124138975184916  4.79787692032611e-17  7.47315473720071e-18 -4.67786673034762e-09 -2.69065358709618e-07      1.99999920534146  9.36627695989058e-21  -3.0755842766997e-20
 2.14276823775962e-20 -1.08549638214969e-18 -1.18180611193941e-17 -9.41150446049853e-05 -9.94818516967722e-17 -4.30799463731113e-22 -1.71298795359301e-22  9.36627695989058e-21      1.99999999548424 -6.98004954028392e-21
-9.13289610288542e-20  4.69391129640425e-18   5.0836222699194e-17 -2.44979263737209e-16   9.4115044603517e-05  8.34066937785365e-23 -9.84374755749254e-21  -3.0755842766997e-20 -6.98004954028392e-21      1.99999999548424
TOTAL ENERGY: -123.606609966835	 lambda: -4.35	 population of target: 4.00000051573015
1RDM: 
     1.99997470019234   0.00165480884735647 -6.32228425412745e-05  6.28373754016949e-19 -1.97016229104236e-18    2.746796793696e-09  1.80204478220839e-07   5.1026873716231e-07  2.14885662149817e-20 -9.18904878186817e-20
  0.00165480884735647      1.88479363235265    0.0659875742351423  2.27913332990314e-16 -7.38568759524168e-16 -4.19619475609478e-07 -2.57626317093054e-05 -7.49171007794343e-05 -1.08208467418888e-18  4.71728333037145e-18
-6.32228425412745e-05    0.0659875742351423     0.038826742588258  1.20289391088296e-17 -3.92767465762647e-17  7.35618519368758e-06  0.000427123203224274   0.00127114358479446 -1.19319239661193e-17  5.13329975668683e-17
 6.28373754016949e-19  2.27913332990314e-16  1.20289391088296e-17    0.0382029308295889 -8.62463461706482e-17  -9.9026453783157e-18 -5.32829102565708e-17  4.82694713091912e-17 -9.63891508747728e-05 -2.47285723445761e-16
-1.97016229104236e-18 -7.38568759524168e-16 -3.92767465762647e-17 -8.62463461706482e-17    0.0382029308295847 -5.52016844839218e-18 -8.55675637639993e-18  7.58033675334834e-18 -1.00536584411445e-16  9.63891508739863e-05
   2.746796793696e-09 -4.19619475609478e-07  7.35618519368758e-06  -9.9026453783157e-18 -5.52016844839218e-18      1.99999999997214  -1.6194722117348e-09 -4.81698787877903e-09 -4.44070287490323e-22  8.84495466458076e-23
 1.80204478220839e-07 -2.57626317093054e-05  0.000427123203224274 -5.32829102565708e-17 -8.55675637639993e-18  -1.6194722117348e-09      1.99999990582322 -2.80102258075964e-07  -1.6989979785389e-22 -1.01124874525959e-20
  5.1026873716231e-07 -7.49171007794343e-05   0.00127114358479446  4.82694713091912e-17  7.58033675334834e-18 -4.81698787877903e-09 -2.80102258075964e-07      1.99999916688543  9.67994896043864e-21 -3.18181871023925e-20
 2.14885662149817e-20 -1.08208467418888e-18 -1.19319239661193e-17 -9.63891508747728e-05 -1.00536584411445e-16 -4.44070287490323e-22  -1.6989979785389e-22  9.67994896043864e-21      1.99999999526339 -7.21021302078256e-21
-9.18904878186817e-20  4.71728333037145e-18  5.13329975668683e-17 -2.47285723445761e-16  9.63891508739863e-05  8.84495466458076e-23 -1.01124874525959e-20 -3.18181871023925e-20 -7.21021302078256e-21      1.99999999526339
TOTAL ENERGY: -123.606610161541	 lambda: -4.3	 population of target: 4.00000056075215
1RDM: 
     1.99997470019267   0.00165480881558924 -6.32226568610055e-05  5.46294489137247e-19 -2.24740974351975e-18    2.760978540734e-09  1.82875211812929e-07  5.20280917763034e-07  2.16119135531799e-20 -9.23957489908258e-20
  0.00165480881558924      1.88479363339394    0.0659875857315253  2.38435976673369e-16 -6.26728649928492e-16 -4.21938001520282e-07 -2.61742256235225e-05 -7.65852907322162e-05 -1.08656496996451e-18   4.7354132700331e-18
-6.32226568610055e-05    0.0659875857315253    0.0388267849877167  1.31314726245591e-17 -2.97852571427672e-17  7.39895307429679e-06  0.000434391082662484   0.00130236011830746 -1.20402128820323e-17   5.1743617490598e-17
 5.46294489137247e-19  2.38435976673369e-16  1.31314726245591e-17    0.0382029316200387 -8.39688069268181e-17 -9.95622821849408e-18 -5.32293001376897e-17   4.8750465648766e-17 -9.87758287986486e-05  -2.4972252002811e-16
-2.24740974351975e-18 -6.26728649928492e-16 -2.97852571427672e-17 -8.39688069268181e-17    0.0382029316200391 -5.55080381275362e-18 -8.58541633526454e-18  7.55130316664979e-18 -1.01626423640887e-16  9.87758287994381e-05
   2.760978540734e-09 -4.21938001520282e-07  7.39895307429679e-06 -9.95622821849408e-18 -5.55080381275362e-18      1.99999999997182 -1.65655149571157e-09 -4.96367894367865e-09 -4.58171921806217e-22  9.41440300809223e-23
 1.82875211812929e-07 -2.61742256235225e-05  0.000434391082662484 -5.32293001376897e-17 -8.58541633526454e-18 -1.65655149571157e-09      1.99999990259656 -2.91838404721866e-07 -1.66935465008023e-22 -1.03686282275432e-20
 5.20280917763034e-07 -7.65852907322162e-05   0.00130236011830746   4.8750465648766e-17  7.55130316664979e-18 -4.96367894367865e-09 -2.91838404721866e-07      1.99999912556535  1.00139854517535e-20 -3.28701386907195e-20
 2.16119135531799e-20 -1.08656496996451e-18 -1.20402128820323e-17 -9.87758287986486e-05 -1.01626423640887e-16 -4.58171921806217e-22 -1.66935465008023e-22  1.00139854517535e-20      1.99999999502593 -7.45656836172186e-21
-9.23957489908258e-20   4.7354132700331e-18   5.1743617490598e-17  -2.4972252002811e-16  9.87758287994381e-05  9.41440300809223e-23 -1.03686282275432e-20 -3.28701386907195e-20 -7.45656836172186e-21      1.99999999502593
TOTAL ENERGY: -123.606610368357	 lambda: -4.25	 population of target: 4.00000060913347
1RDM: 
     1.99997470019319   0.00165480877888964 -6.32224858568375e-05  5.77697357949134e-19 -1.82624213959804e-18  2.77552616564982e-09  1.85626877424607e-07  5.30698408680866e-07  2.17616277209583e-20 -9.30602040241153e-20
  0.00165480877888964      1.88479363454688    0.0659875982177422  2.18363825822686e-16 -7.03186584586935e-16 -4.24317445781942e-07  -2.6599140394371e-05 -7.83307447653704e-05  -1.0930498241812e-18  4.76411753164682e-18
-6.32224858568375e-05    0.0659875982177422    0.0388268304718165  1.14973869064978e-17 -3.71365379883137e-17  7.44286021200773e-06  0.000441906228345313   0.00133514994928128 -1.21788837089335e-17  5.23908492618996e-17
 5.77697357949134e-19  2.18363825822686e-16  1.14973869064978e-17    0.0382029324919112 -8.16911372521079e-17 -1.00100497166389e-17 -5.31606276228555e-17  4.92968999765007e-17  -0.00010128367050316 -2.52279247095555e-16
-1.82624213959804e-18 -7.03186584586935e-16 -3.71365379883137e-17 -8.16911372521079e-17     0.038202932491911 -5.58102436221449e-18 -8.53486221869667e-18  7.74160668979361e-18 -1.02771478629526e-16  0.000101283670502458
 2.77552616564982e-09 -4.24317445781942e-07  7.44286021200773e-06 -1.00100497166389e-17 -5.58102436221449e-18      1.99999999997149 -1.69515539213367e-09 -5.11853090625303e-09 -4.72910552372164e-22  9.93086051909179e-23
 1.85626877424607e-07  -2.6599140394371e-05  0.000441906228345313 -5.31606276228555e-17 -8.53486221869667e-18 -1.69515539213367e-09      1.99999989920309 -3.04334400375178e-07 -1.57432487923138e-22 -1.06897451066668e-20
 5.30698408680866e-07 -7.83307447653704e-05   0.00133514994928128  4.92968999765007e-17  7.74160668979361e-18 -5.11853090625303e-09 -3.04334400375178e-07      1.99999908108938  1.03885652096654e-20 -3.41449420796921e-20
 2.17616277209583e-20  -1.0930498241812e-18 -1.21788837089335e-17  -0.00010128367050316 -1.02771478629526e-16 -4.72910552372164e-22 -1.57432487923138e-22  1.03885652096654e-20      1.99999999477017 -7.71877387018076e-21
-9.30602040241153e-20  4.76411753164682e-18  5.23908492618996e-17 -2.52279247095555e-16  0.000101283670502458  9.93086051909179e-23 -1.06897451066668e-20 -3.41449420796921e-20 -7.71877387018076e-21      1.99999999477017
TOTAL ENERGY: -123.606610588405	 lambda: -4.2	 population of target: 4.00000066121962
1RDM: 
     1.99997470019352   0.00165480875242711 -6.32222992131287e-05  5.52538264368871e-19 -1.75405264724238e-18  2.79034100982424e-09   1.8846402834411e-07  5.41546576625445e-07  2.19012291574924e-20 -9.36735890489241e-20
  0.00165480875242711      1.88479363582629    0.0659876115803864  2.13538070342934e-16 -6.85573279907902e-16 -4.26752604427592e-07  -2.7038080671328e-05 -8.01590434744957e-05 -1.09930905753043e-18  4.78903907206837e-18
-6.32222992131287e-05    0.0659876115803864    0.0388268796140291  1.12270625021911e-17 -3.60737588759873e-17  7.48795403729927e-06  0.000449681075703366    0.0013696352389508 -1.22846779037418e-17  5.29342141150474e-17
 5.52538264368871e-19  2.13538070342934e-16  1.12270625021911e-17    0.0382029333240028  -7.9413612054698e-17 -1.00643397208477e-17  -5.3096213756367e-17  4.98692070581345e-17 -0.000103922147582713 -2.55003800783928e-16
-1.75405264724238e-18 -6.85573279907902e-16 -3.60737588759873e-17  -7.9413612054698e-17    0.0382029333239953 -5.61133920571142e-18 -8.52598295070398e-18  7.79717146760854e-18 -1.04355571569996e-16  0.000103922147582656
 2.79034100982424e-09 -4.26752604427592e-07  7.48795403729927e-06 -1.00643397208477e-17 -5.61133920571142e-18      1.99999999997114 -1.73537191774229e-09 -5.28220734711128e-09 -4.88592902173694e-22  1.05261019787632e-22
  1.8846402834411e-07  -2.7038080671328e-05  0.000449681075703366  -5.3096213756367e-17 -8.52598295070398e-18 -1.73537191774229e-09      1.99999989563134 -3.17657866688269e-07 -1.56393434745904e-22 -1.09962649292571e-20
 5.41546576625445e-07 -8.01590434744957e-05    0.0013696352389508  4.98692070581345e-17  7.79717146760854e-18 -5.28220734711128e-09 -3.17657866688269e-07      1.99999903312737  1.07612940900341e-20 -3.54075240192875e-20
 2.19012291574924e-20 -1.09930905753043e-18 -1.22846779037418e-17 -0.000103922147582713 -1.04355571569996e-16 -4.88592902173694e-22 -1.56393434745904e-22  1.07612940900341e-20      1.99999999449416 -7.98026304486664e-21
-9.36735890489241e-20  4.78903907206837e-18  5.29342141150474e-17 -2.55003800783928e-16  0.000103922147582656  1.05261019787632e-22 -1.09962649292571e-20 -3.54075240192875e-20 -7.98026304486664e-21      1.99999999449416
TOTAL ENERGY: -123.606610822947	 lambda: -4.15	 population of target: 4.00000071740158
1RDM: 
      1.9999747001938   0.00165480870707838 -6.32220765142905e-05  5.28368967193884e-19 -1.67876726971055e-18  2.80546047499622e-09  1.91390867552602e-07  5.52854164663397e-07  2.20562526303768e-20 -9.43207604467972e-20
  0.00165480870707838      1.88479363727242    0.0659876262928895  2.08448912693659e-16 -6.68766783540707e-16 -4.29248079721005e-07 -2.74917149349964e-05 -8.20764102974727e-05 -1.10485828817699e-18  4.81402607777527e-18
-6.32220765142905e-05    0.0659876262928895    0.0388269322759143  1.09334488796914e-17 -3.50822711458399e-17  7.53429711215068e-06  0.000457727763805981   0.00140595116185455 -1.24465390873818e-17  5.35495974408074e-17
 5.28368967193884e-19  2.08448912693659e-16  1.09334488796914e-17    0.0382029343608143 -7.71362820191508e-17 -1.01184608126757e-17 -5.30304240774697e-17  5.04339194420838e-17 -0.000106701719434889 -2.57797130160217e-16
