Naturals in-correctTOTAL ENERGY: -126.71578449107	 lambda: -1	 population of target: 5.11082861435518
1RDM: 
     1.99999947677157 -1.64247334278498e-07  3.91405911492044e-05 -5.93284634423949e-05   1.0819921627014e-05 -2.00551702288637e-18  6.77810586773634e-17  1.60081860216882e-16  1.74469730993559e-17  0.000341099190606189
-1.64247334278498e-07      1.99999633852271 -5.51465638718137e-05   0.00012068907399542  7.81794167881611e-05  4.23336774423246e-19  8.67013395882919e-16  2.16488735080242e-15  1.30750143387045e-16 -0.000452491993350371
 3.91405911492044e-05 -5.51465638718137e-05      1.97918371834175    0.0246796053130336    0.0177068092773477  1.89466841948664e-16  7.58855351906962e-16  2.38879248694879e-15 -4.68473673320931e-16    -0.187983038781162
-5.93284634423949e-05   0.00012068907399542    0.0246796053130336      1.93715252647308   -0.0100121454947888  2.96344761524713e-16  1.20368739089257e-15  2.21670989927843e-15 -3.49106516762358e-16     0.176157403873851
  1.0819921627014e-05  7.81794167881611e-05    0.0177068092773477   -0.0100121454947888      1.92124165618255  3.94159342174272e-16  1.18078689440515e-15  3.32263324647633e-15 -8.94699752950679e-16     0.237235045779351
-2.00551702288637e-18  4.23336774423246e-19  1.89466841948664e-16  2.96344761524713e-16  3.94159342174272e-16      1.80527667878148 -1.67868992546838e-15   -0.0316331499978021     0.485947988004896  6.31036240377689e-18
 6.77810586773634e-17  8.67013395882919e-16  7.58855351906962e-16  1.20368739089257e-15  1.18078689440515e-15 -1.67868992546838e-15      1.80527667878146    -0.485947988004934   -0.0316331499977969  7.48980798670505e-17
 1.60081860216882e-16  2.16488735080242e-15  2.38879248694879e-15  2.21670989927843e-15  3.32263324647633e-15   -0.0316331499978021    -0.485947988004934     0.220436801110331  -6.2993133210591e-16  8.57097081549814e-16
 1.74469730993559e-17  1.30750143387045e-16 -4.68473673320931e-16 -3.49106516762358e-16 -8.94699752950679e-16     0.485947988004896   -0.0316331499977969  -6.2993133210591e-16      0.22043680111031 -2.06543539848971e-16
 0.000341099190606189 -0.000452491993350371    -0.187983038781162     0.176157403873851     0.237235045779351  6.31036240377689e-18  7.48980798670505e-17  8.57097081549814e-16 -2.06543539848971e-16     0.110999323924764
TOTAL ENERGY: -126.8405825962	 lambda: -0.9	 population of target: 5.24220155255476
1RDM: 
     1.99999945081852 -1.45724185848352e-07  3.52244921118927e-05 -5.28698259273115e-05  1.16063099778542e-05 -2.03537272835855e-18  6.20001180931737e-17  1.39273720301518e-16  1.58838779884022e-17  0.000344705430551294
-1.45724185848352e-07      1.99999645764097  -4.7359786004005e-05  0.000109242288014286  7.12597378961007e-05 -2.17987434803516e-19  8.00693258649376e-16  1.93003315863811e-15  1.13408484838974e-16 -0.000419648032263788
 3.52244921118927e-05  -4.7359786004005e-05      1.98243073024096    0.0208430564410914    0.0141349179635927  1.61987448225754e-16  6.60478279150634e-16  2.18714741573548e-15 -4.23298948013234e-16    -0.171492749782589
-5.28698259273115e-05  0.000109242288014286    0.0208430564410914      1.94262330975462  -0.00753501449524573  2.14590228996669e-16  9.04047343638215e-16  1.81106095073904e-15 -2.69198260617849e-16     0.159395798540064
 1.16063099778542e-05  7.12597378961007e-05    0.0141349179635927  -0.00753501449524573      1.92476703300726  3.26590244963035e-16  9.99770623812784e-16  2.97992081784308e-15 -7.87600944089285e-16      0.21659886609902
-2.03537272835855e-18 -2.17987434803516e-19  1.61987448225754e-16  2.14590228996669e-16  3.26590244963035e-16      1.81993358358994 -2.45287928842292e-15   -0.0281981854937952     0.433180113323441 -8.77438612431131e-19
 6.20001180931737e-17  8.00693258649376e-16  6.60478279150634e-16  9.04047343638215e-16  9.99770623812784e-16 -2.45287928842292e-15      1.81993358358993    -0.433180113323464    -0.028198185493786   2.4662566786927e-17
 1.39273720301518e-16  1.93003315863811e-15  2.18714741573548e-15  1.81106095073904e-15  2.97992081784308e-15   -0.0281981854937952    -0.433180113323464     0.204192554866566 -1.83909666128248e-15  6.85332257902158e-16
 1.58838779884022e-17  1.13408484838974e-16 -4.23298948013234e-16 -2.69198260617849e-16 -7.87600944089285e-16     0.433180113323441    -0.028198185493786 -1.83909666128248e-15     0.204192554866549 -1.63582097616869e-16
 0.000344705430551294 -0.000419648032263788    -0.171492749782589     0.159395798540064      0.21659886609902 -8.77438612431131e-19   2.4662566786927e-17  6.85332257902158e-16 -1.63582097616869e-16     0.101930741624741
TOTAL ENERGY: -126.952893175153	 lambda: -0.8	 population of target: 5.37433967523293
1RDM: 
      1.9999994331605 -1.23205631289003e-07  3.02864307178614e-05 -4.65685945923928e-05  1.05815810108286e-05 -2.01512936687966e-18  5.79883329870873e-17  1.19680084416289e-16  1.42444509954691e-17  0.000340352382324346
-1.23205631289003e-07      1.99999658456691 -4.02539730335055e-05  9.77564676531292e-05  6.24966684102938e-05 -8.94381058851166e-19  7.52144690868271e-16  1.70301332392745e-15  9.64474959061533e-17 -0.000385550450376654
 3.02864307178614e-05 -4.02539730335055e-05      1.98541536497981    0.0173054455041134    0.0108918837883564  1.40218496315904e-16  5.83167179077814e-16  2.01702284146046e-15 -3.84948876096607e-16    -0.154558227260718
-4.65685945923928e-05  9.77564676531292e-05    0.0173054455041134      1.94788923335673   -0.0051576444156567  1.61584531087622e-16  7.05385835549024e-16   1.5286824882969e-15 -2.15964115331059e-16     0.142372845732299
 1.05815810108286e-05  6.24966684102938e-05    0.0108918837883564   -0.0051576444156567      1.92841026305538   2.7602740566264e-16  8.73202034328982e-16  2.73744236567563e-15 -7.02279563655313e-16     0.194219795171401
-2.01512936687966e-18 -8.94381058851166e-19  1.40218496315904e-16  1.61584531087622e-16   2.7602740566264e-16      1.83066142741186  -1.4515324289482e-15   -0.0248647654593966      0.38197216286175 -2.94882631891854e-18
 5.79883329870873e-17  7.52144690868271e-16  5.83167179077814e-16  7.05385835549024e-16  8.73202034328982e-16  -1.4515324289482e-15      1.83066142741184    -0.381972162861823   -0.0248647654593959 -3.25939744626402e-18
 1.19680084416289e-16  1.70301332392745e-15  2.01702284146046e-15   1.5286824882969e-15  2.73744236567563e-15   -0.0248647654593966    -0.381972162861823     0.191910588758753  2.09279955491929e-16  5.74316188767638e-16
 1.42444509954691e-17  9.64474959061533e-17 -3.84948876096607e-16 -2.15964115331059e-16 -7.02279563655313e-16      0.38197216286175   -0.0248647654593959  2.09279955491929e-16     0.191910588758726 -1.33868447962364e-16
 0.000340352382324346 -0.000385550450376654    -0.154558227260718     0.142372845732299     0.194219795171401 -2.94882631891854e-18 -3.25939744626402e-18  5.74316188767638e-16 -1.33868447962364e-16    0.0931450885395119
TOTAL ENERGY: -127.052647117283	 lambda: -0.7	 population of target: 5.50735511110068
1RDM: 
      1.9999994179432 -9.92692888673976e-08  2.50681584996161e-05 -4.03501012156981e-05  9.05123003462588e-06 -2.00950217010608e-18    5.512773450527e-17  1.00734163225551e-16  1.26248705117651e-17  0.000332488903897444
-9.92692888673976e-08       1.9999967250673 -3.35769905174637e-05   8.5877682011586e-05  5.27851777450622e-05 -1.65410274887281e-18  7.16990852000486e-16   1.4827657194916e-15  7.99497909068853e-17 -0.000348588176307843
 2.50681584996161e-05 -3.35769905174637e-05      1.98809169197906    0.0140491109254417   0.00795070332501208  1.20834806266833e-16  5.13850284765898e-16  1.85189846808542e-15 -3.48099139233619e-16    -0.137264873558294
-4.03501012156981e-05   8.5877682011586e-05    0.0140491109254417      1.95292877997853  -0.00305002682739541  1.17260340528115e-16  5.33680513764863e-16  1.25669132270087e-15 -1.67270606807152e-16     0.124891222463579
 9.05123003462588e-06  5.27851777450622e-05   0.00795070332501208  -0.00305002682739541       1.9314991506971  2.27602479641043e-16  7.44933915080247e-16  2.47362016727812e-15 -6.14751287836719e-16     0.169947880051889
-2.00950217010608e-18 -1.65410274887281e-18  1.20834806266833e-16  1.17260340528115e-16  2.27602479641043e-16      1.83837720065441  -1.1842524684298e-15   -0.0216265214096156     0.332226309639157 -5.88885868718236e-18
   5.512773450527e-17  7.16990852000486e-16  5.13850284765898e-16  5.33680513764863e-16  7.44933915080247e-16  -1.1842524684298e-15       1.8383772006544    -0.332226309639188   -0.0216265214096123 -3.30208273889276e-17
 1.00734163225551e-16   1.4827657194916e-15  1.85189846808542e-15  1.25669132270087e-15  2.47362016727812e-15   -0.0216265214096156    -0.332226309639188     0.182660030329432 -7.07060129426389e-16  4.69438696817934e-16
 1.26248705117651e-17  7.99497909068853e-17 -3.48099139233619e-16 -1.67270606807152e-16 -6.14751287836719e-16     0.332226309639157   -0.0216265214096123 -7.07060129426389e-16     0.182660030329422  -1.0656200315985e-16
 0.000332488903897444 -0.000348588176307843    -0.137264873558294     0.124891222463579     0.169947880051889 -5.88885868718236e-18 -3.30208273889276e-17  4.69438696817934e-16  -1.0656200315985e-16    0.0854097723671617
TOTAL ENERGY: -127.139678116436	 lambda: -0.6	 population of target: 5.6412597441314
1RDM: 
      1.9999994013429  -7.7411129383514e-08  1.98288987558685e-05 -3.38768619906113e-05  8.38502875815734e-06 -2.08074785432022e-18  5.29399014975699e-17   8.1627356777741e-17  1.11073200811268e-17  0.000320391221020228
 -7.7411129383514e-08      1.99999688195072 -2.71291717930971e-05  7.34326142836971e-05  4.31542934496978e-05 -2.55465941012001e-18   6.9262475914965e-16  1.26660030500626e-15   6.3832451344272e-17 -0.000307305815413035
 1.98288987558685e-05 -2.71291717930971e-05      1.99044227643353     0.011067518211759   0.00534713039649473  1.00521988257192e-16  4.37822108180912e-16  1.66113956626238e-15 -3.07671790184567e-16    -0.119538474927972
-3.38768619906113e-05  7.34326142836971e-05     0.011067518211759       1.9577024394095  -0.00139834351688453  6.45919528561724e-17  3.17460288252108e-16  8.55051925035026e-16 -9.99095227704332e-17     0.106990968200022
 8.38502875815734e-06  4.31542934496978e-05   0.00534713039649473  -0.00139834351688453      1.93352129340101  1.61528927304463e-16  5.28754035775194e-16  1.96647873215036e-15  -4.8820849280039e-16     0.144625377605464
-2.08074785432022e-18 -2.55465941012001e-18  1.00521988257192e-16  6.45919528561724e-17  1.61528927304463e-16      1.84360289304084 -1.39725847624214e-15   -0.0184514183664487     0.283450416336616 -1.37225037211747e-17
 5.29399014975699e-17   6.9262475914965e-16  4.37822108180912e-16  3.17460288252108e-16  5.28754035775194e-16 -1.39725847624214e-15      1.84360289304083    -0.283450416336648   -0.0184514183664424 -8.36907272265385e-17
  8.1627356777741e-17  1.26660030500626e-15  1.66113956626238e-15  8.55051925035026e-16  1.96647873215036e-15   -0.0184514183664487    -0.283450416336648      0.17590205551176 -6.59343470976044e-16  3.02422004098471e-16
 1.11073200811268e-17   6.3832451344272e-17 -3.07671790184567e-16 -9.99095227704332e-17  -4.8820849280039e-16     0.283450416336616   -0.0184514183664424 -6.59343470976044e-16     0.175902055511743 -7.06934554460201e-17
 0.000320391221020228 -0.000307305815413035    -0.119538474927972     0.106990968200022     0.144625377605464 -1.37225037211747e-17 -8.36907272265385e-17  3.02422004098471e-16 -7.06934554460201e-17    0.0793278103572075
TOTAL ENERGY: -127.213742500559	 lambda: -0.5	 population of target: 5.77593284957687
1RDM: 
     1.99999938220487 -6.01892456125466e-08  1.46324325161378e-05 -2.69727154711204e-05  9.09094483823399e-06 -2.08419706927361e-18  5.20010478835726e-17  6.34374040958179e-17   9.4511459323266e-18  0.000300032167185831
-6.01892456125466e-08      1.99999705404698 -2.08661033197357e-05  6.04516437545123e-05  3.43855185065223e-05 -3.45315853068647e-18  6.79242634409965e-16  1.05332308211878e-15  4.76853757529564e-17  -0.00026105231560535
 1.46324325161378e-05 -2.08661033197357e-05      1.99245604794502   0.00836909531124854   0.00314236672784741  8.59473998285488e-17  3.82903650193916e-16  1.50779198089733e-15 -2.74473712004392e-16    -0.101229934996334
-2.69727154711204e-05  6.04516437545123e-05   0.00836909531124854      1.96218261812358 -0.000285313900438096  3.93736100313907e-17  2.03922181879951e-16  6.23507824156915e-16  -6.6632116464301e-17    0.0888829313019166
 9.09094483823399e-06  3.43855185065223e-05   0.00314236672784741 -0.000285313900438096      1.93441102650033  1.16943608914523e-16  3.83808046090764e-16   1.6086873414425e-15 -3.93750505326156e-16     0.119426185531573
-2.08419706927361e-18 -3.45315853068647e-18  8.59473998285488e-17  3.93736100313907e-17  1.16943608914523e-16      1.84642939777693  -7.3168531923603e-16   -0.0153032079904872     0.235087649328101 -1.41663911025889e-17
 5.20010478835726e-17  6.79242634409965e-16  3.82903650193916e-16  2.03922181879951e-16  3.83808046090764e-16  -7.3168531923603e-16      1.84642939777694    -0.235087649328187   -0.0153032079904843  -1.0249748353145e-16
 6.34374040958179e-17  1.05332308211878e-15  1.50779198089733e-15  6.23507824156915e-16   1.6086873414425e-15   -0.0153032079904872    -0.235087649328187     0.171533258436965 -9.21073802734683e-16  2.04025850469963e-16
  9.4511459323266e-18  4.76853757529564e-17 -2.74473712004392e-16  -6.6632116464301e-17 -3.93750505326156e-16     0.235087649328101   -0.0153032079904843 -9.21073802734683e-16     0.171533258436962 -4.95112236501373e-17
 0.000300032167185831  -0.00026105231560535    -0.101229934996334    0.0888829313019166     0.119426185531573 -1.41663911025889e-17  -1.0249748353145e-16  2.04025850469963e-16 -4.95112236501373e-17    0.0750285587514448
TOTAL ENERGY: -127.274637314041	 lambda: -0.4	 population of target: 5.9112664455165
1RDM: 
      1.9999993608064 -4.80148595013078e-08  9.62233020400593e-06 -1.98363416087533e-05  1.05548220207179e-05 -2.01627694051676e-18  5.24968918748056e-17  4.63779331470464e-17  7.61776553553758e-18  0.000266903512467701
-4.80148595013078e-08       1.9999972366301 -1.49231348290915e-05   4.7151968088531e-05  2.67664326283323e-05 -4.37676061785024e-18  6.77970062709096e-16  8.41260199276915e-16  3.14228283758606e-17   -0.0002102951440268
 9.62233020400593e-06 -1.49231348290915e-05      1.99411186906372   0.00597406871106554    0.0013980049218446  7.82383443289069e-17  3.56156573045543e-16  1.40196916778709e-15  -2.4897299298248e-16   -0.0822038704380243
-1.98363416087533e-05   4.7151968088531e-05   0.00597406871106554      1.96636790395424  0.000341093627505683   4.1314080143767e-17  2.06056412825167e-16  6.27668076954904e-16 -7.27249889849305e-17    0.0708095067726732
 1.05548220207179e-05  2.67664326283323e-05    0.0013980049218446  0.000341093627505683      1.93451927348319  1.06544815350768e-16  3.78572898549686e-16  1.60353085011739e-15 -3.58697205174813e-16     0.095185900762187
-2.01627694051676e-18 -4.37676061785024e-18  7.82383443289069e-17   4.1314080143767e-17  1.06544815350768e-16      1.84660536125688 -7.96625766356588e-16   -0.0121583338267957     0.186776130494043 -6.79756627253607e-18
 5.24968918748056e-17  6.77970062709096e-16  3.56156573045543e-16  2.06056412825167e-16  3.78572898549686e-16 -7.96625766356588e-16      1.84660536125687    -0.186776130494231   -0.0121583338267884 -8.02691679684133e-17
 4.63779331470464e-17  8.41260199276915e-16  1.40196916778709e-15  6.27668076954904e-16  1.60353085011739e-15   -0.0121583338267957    -0.186776130494231     0.169802737029277 -1.28771658598996e-16  2.15445283449118e-16
 7.61776553553758e-18  3.14228283758606e-17  -2.4897299298248e-16 -7.27249889849305e-17 -3.58697205174813e-16     0.186776130494043   -0.0121583338267884 -1.28771658598996e-16     0.169802737029263 -4.72515298951242e-17
 0.000266903512467701   -0.0002102951440268   -0.0822038704380243    0.0708095067726732     0.095185900762187 -6.79756627253607e-18 -8.02691679684133e-17  2.15445283449118e-16 -4.72515298951242e-17    0.0721881594901188
TOTAL ENERGY: -127.322219748514	 lambda: -0.3	 population of target: 6.04723099579167
1RDM: 
     1.99999933695114 -3.90216884636914e-08  5.15268540852815e-06  -1.2997940420513e-05  1.14352318167884e-05 -2.01986032131508e-18  5.39737078484042e-17  2.91550434071737e-17  5.81972473472065e-18  0.000218479630010199
-3.90216884636914e-08      1.99999742279056   -9.569467706347e-06  3.39118113042075e-05  2.00501722365196e-05 -5.49268855541347e-18  6.90156901776031e-16   6.2937744068422e-16  1.52264534616365e-17 -0.000156515451973342
 5.15268540852815e-06   -9.569467706347e-06      1.99537282632287   0.00390994956325427  0.000168193159298255  7.11785621026166e-17  3.29565700817583e-16  1.27934438141026e-15 -2.21458882746514e-16   -0.0624134841987214
 -1.2997940420513e-05  3.39118113042075e-05   0.00390994956325427      1.97027076835252  0.000612781813771209  3.82471409209888e-17  1.84320606092691e-16  5.69746446097674e-16  -7.0389181317059e-17    0.0529174087454262
 1.14352318167884e-05  2.00501722365196e-05  0.000168193159298255  0.000612781813771209      1.93434129563944  9.12017481918657e-17  3.40488776524849e-16  1.47762162097466e-15 -3.08970190292562e-16    0.0719941871500115
-2.01986032131508e-18 -5.49268855541347e-18  7.11785621026166e-17  3.82471409209888e-17  9.12017481918657e-17      1.84368858053404 -8.61736261766753e-16  -0.00901730007796083     0.138523717264329 -1.77193553920336e-18
 5.39737078484042e-17  6.90156901776031e-16  3.29565700817583e-16  1.84320606092691e-16  3.40488776524849e-16 -8.61736261766753e-16      1.84368858053402    -0.138523717264315  -0.00901730007796168 -6.00826551154954e-17
 2.91550434071737e-17   6.2937744068422e-16  1.27934438141026e-15  5.69746446097674e-16  1.47762162097466e-15  -0.00901730007796083    -0.138523717264315     0.171165583680313  1.40242857819872e-16   2.0137382097651e-16
 5.81972473472065e-18  1.52264534616365e-17 -2.21458882746514e-16  -7.0389181317059e-17 -3.08970190292562e-16     0.138523717264329  -0.00901730007796168  1.40242857819872e-16     0.171165583680296 -4.22839787550499e-17
 0.000218479630010199 -0.000156515451973342   -0.0624134841987214    0.0529174087454262    0.0719941871500115 -1.77193553920336e-18 -6.00826551154954e-17   2.0137382097651e-16 -4.22839787550499e-17     0.070310021514846
TOTAL ENERGY: -127.356341888672	 lambda: -0.2	 population of target: 6.18373330405132
1RDM: 
     1.99999930876702 -2.99638887209282e-08  1.74061155496533e-06 -7.10464198719148e-06  1.03738036669699e-05 -2.06067202270435e-18  5.67634163775885e-17  1.24057870235508e-17  4.01564953434695e-18  0.000155395357904773
-2.99638887209282e-08      1.99999760510101 -5.12465863728221e-06  2.12457303063168e-05  1.36506583655477e-05 -6.78412820883918e-18  7.17780748712462e-16  4.19862460697966e-16 -7.85773998840457e-19  -0.00010185550721726
 1.74061155496533e-06 -5.12465863728221e-06      1.99619192277789     0.002207742850746 -0.000499141550318289   6.7049434181313e-17  3.14519385076714e-16  1.16134998302499e-15 -1.95162746196964e-16   -0.0419479092354347
-7.10464198719148e-06  2.12457303063168e-05     0.002207742850746      1.97388680236494  0.000646532049301082  3.92067205318708e-17  1.83256522567988e-16  5.49413842616914e-16 -7.38258140530551e-17    0.0352096601141066
 1.03738036669699e-05  1.36506583655477e-05 -0.000499141550318289  0.000646532049301082      1.93419486523691   8.4589125001042e-17  3.40656797293116e-16   1.4242595933599e-15 -2.72713212019627e-16    0.0491660640514812
-2.06067202270435e-18 -6.78412820883918e-18   6.7049434181313e-17  3.92067205318708e-17   8.4589125001042e-17      1.83726743758309 -1.94055564221697e-16  -0.00590891187321587    0.0907726053525218  2.51696815566142e-18
 5.67634163775885e-17  7.17780748712462e-16  3.14519385076714e-16  1.83256522567988e-16  3.40656797293116e-16 -1.94055564221697e-16      1.83726743758308   -0.0907726053525934  -0.00590891187320891 -3.01922222467087e-17
 1.24057870235508e-17  4.19862460697966e-16  1.16134998302499e-15  5.49413842616914e-16   1.4242595933599e-15  -0.00590891187321587   -0.0907726053525934     0.176064151062624  2.42664901011948e-16   2.1283464827132e-16
 4.01564953434695e-18 -7.85773998840457e-19 -1.95162746196964e-16 -7.38258140530551e-17 -2.72713212019627e-16    0.0907726053525218  -0.00590891187320891  2.42664901011948e-16     0.176064151062615 -4.09096280129364e-17
 0.000155395357904773  -0.00010185550721726   -0.0419479092354347    0.0352096601141066    0.0491660640514812  2.51696815566142e-18 -3.01922222467087e-17   2.1283464827132e-16 -4.09096280129364e-17    0.0690663184608688
TOTAL ENERGY: -127.376838644907	 lambda: -0.1	 population of target: 6.32036646613888
1RDM: 
      1.9999992729394 -1.76187433984979e-08 -9.72577639903719e-08 -2.68328650014618e-06  6.58015470308705e-06 -2.15018600016693e-18  6.08331998989034e-17 -3.69500312430629e-18  2.25428702107238e-18  8.10454628124973e-05
-1.76187433984979e-08      1.99999777716029 -1.87330026688179e-06  9.75236689251172e-06  7.01390754852402e-06 -8.26090095020973e-18   7.6120160057226e-16  2.16049038419895e-16 -1.63273412527485e-17 -4.87907782896595e-05
-9.72577639903719e-08 -1.87330026688179e-06      1.99652540661608  0.000897351579495076 -0.000563358540102146  6.54804256838545e-17  3.09737295147098e-16  1.04499680255618e-15 -1.69880520096886e-16    -0.021036462894399
-2.68328650014618e-06  9.75236689251172e-06  0.000897351579495076       1.9771678030099  0.000468597111782028  4.14906488632179e-17  1.91096364144248e-16   5.3897926223452e-16 -7.91318315219441e-17    0.0175954234005654
 6.58015470308705e-06  7.01390754852402e-06 -0.000563358540102146  0.000468597111782028       1.9340425097006  8.23570759641707e-17   3.6388539382961e-16  1.40100778345299e-15 -2.43729208210567e-16    0.0255497233728416
-2.15018600016693e-18 -8.26090095020973e-18  6.54804256838545e-17  4.14906488632179e-17  8.23570759641707e-17      1.82724749571032 -6.24959693658524e-16  -0.00288426342383526    0.0443080005853453  4.00687349121481e-18
 6.08331998989034e-17   7.6120160057226e-16  3.09737295147098e-16  1.91096364144248e-16   3.6388539382961e-16 -6.24959693658524e-16      1.82724749571033   -0.0443080005853791  -0.00288426342382979  1.26397603777045e-19
-3.69500312430629e-18  2.16049038419895e-16  1.04499680255618e-15   5.3897926223452e-16  1.40100778345299e-15  -0.00288426342383526   -0.0443080005853791     0.184639526482577 -9.18738177570434e-16  2.36661909573747e-16
 2.25428702107238e-18 -1.63273412527485e-17 -1.69880520096886e-16 -7.91318315219441e-17 -2.43729208210567e-16    0.0443080005853453  -0.00288426342382979 -9.18738177570434e-16     0.184639526482582 -4.03189412128348e-17
 8.10454628124973e-05 -4.87907782896595e-05    -0.021036462894399    0.0175954234005654    0.0255497233728416  4.00687349121481e-18  1.26397603777045e-19  2.36661909573747e-16 -4.03189412128348e-17    0.0684931861878964
TOTAL ENERGY: -127.383645248431	 lambda: 0	 population of target: 6.45629237451676
1RDM: 
     1.99999922591814 -5.12674101248657e-14 -7.26983542582089e-13  1.00576504720427e-11   8.1243831967394e-12 -2.29645400458843e-18  6.59108423266225e-17 -1.90729586397012e-17  5.93325929426138e-19  1.09278671200513e-10
-5.12674101248657e-14      1.99999793486105  4.19192085030123e-12  1.18400835315523e-12  1.82749334198934e-11  -9.8968986650782e-18  8.18245578910456e-16  2.17335701836399e-17 -3.10990527357538e-17 -5.87493305563727e-12
-7.26983542582089e-13  4.19192085030123e-12      1.99634588202434 -1.80144252041085e-10  1.57255889782703e-10  6.54686108690559e-17  3.10368707872797e-16  9.23022066368869e-16 -1.44936889043533e-16  -5.8618276081313e-10
 1.00576504720427e-11  1.18400835315523e-12 -1.80144252041085e-10      1.98002021808023 -3.47690657142079e-10  4.24211738426123e-17  1.93603962935348e-16   5.0545272677919e-16 -8.25010129936555e-17  2.15398475666642e-10
  8.1243831967394e-12  1.82749334198934e-11  1.57255889782703e-10 -3.47690657142079e-10      1.93354933889805   7.8644993041391e-17  3.82540318912652e-16  1.32562132065261e-15 -2.11614585549658e-16 -2.95680089993523e-10
-2.29645400458843e-18  -9.8968986650782e-18  6.54686108690559e-17  4.24211738426123e-17   7.8644993041391e-17      1.81411154942096 -1.47533293962146e-15 -1.17343755216023e-10 -7.65379231402648e-10  1.17680023807887e-18
 6.59108423266225e-17  8.18245578910456e-16  3.10368707872797e-16  1.93603962935348e-16  3.82540318912652e-16 -1.47533293962146e-15      1.81411154942093    7.653629445528e-10 -1.17349775808245e-10   2.0215200647328e-17
-1.90729586397012e-17  2.17335701836399e-17  9.23022066368869e-16   5.0545272677919e-16  1.32562132065261e-15 -1.17343755216023e-10    7.653629445528e-10     0.196463599322088 -2.17278615521781e-16  2.52847483827502e-16
 5.93325929426138e-19 -3.10990527357538e-17 -1.44936889043533e-16 -8.25010129936555e-17 -2.11614585549658e-16 -7.65379231402648e-10 -1.17349775808245e-10 -2.17278615521781e-16     0.196463599322065 -3.74614163591189e-17
 1.09278671200513e-10 -5.87493305563727e-12  -5.8618276081313e-10  2.15398475666642e-10 -2.95680089993523e-10  1.17680023807887e-18   2.0215200647328e-17  2.52847483827502e-16 -3.74614163591189e-17    0.0689371027321684
TOTAL ENERGY: -127.376957179229	 lambda: 0.1	 population of target: 6.59043658161206
1RDM: 
     1.99999916490704  2.30516295834032e-08  2.20074237841338e-06   9.4592826023414e-07 -8.96036542838021e-06 -2.47394284670207e-18  7.16402164461983e-17  -3.3408289214844e-17 -9.63089281213999e-19 -8.38493332601899e-05
 2.30516295834032e-08      1.99999807716474   4.5185008364599e-07 -7.63915776342255e-06 -6.94755865884432e-06 -1.16107973791004e-17   8.8395936434689e-16 -1.60351986009798e-16 -4.49052642603036e-17  4.16179734420802e-05
 2.20074237841338e-06   4.5185008364599e-07      1.99564671603933  -0.00048137429465172   0.00118805448922142  6.71579085258025e-17  3.17894977993537e-16  8.04383015315716e-16 -1.21265842530207e-16     0.020838987525217
  9.4592826023414e-07 -7.63915776342255e-06  -0.00048137429465172      1.98233393936692 -0.000894876328058591  4.34323246962432e-17   1.9900569163966e-16  4.73995270791186e-16 -8.69029176018669e-17   -0.0175384175013381
-8.96036542838021e-06 -6.94755865884432e-06   0.00118805448922142 -0.000894876328058591      1.93231587317048  7.54839434021888e-17  4.11009127110989e-16  1.26255130456319e-15 -1.82653365309115e-16   -0.0282153206871145
-2.47394284670207e-18 -1.16107973791004e-17  6.71579085258025e-17  4.34323246962432e-17  7.54839434021888e-17      1.79899823333546 -1.89886954738385e-15   0.00270403389927744   -0.0415393441396673 -5.55903120544353e-18
 7.16402164461983e-17   8.8395936434689e-16  3.17894977993537e-16   1.9900569163966e-16  4.11009127110989e-16 -1.89886954738385e-15      1.79899823333548    0.0415393441396276    0.0027040338992693  2.76803616076284e-17
 -3.3408289214844e-17 -1.60351986009798e-16  8.04383015315716e-16  4.73995270791186e-16  1.26255130456319e-15   0.00270403389927744    0.0415393441396276     0.210448835242761 -2.90433552369956e-15  2.71003423112167e-16
-9.63089281213999e-19 -4.49052642603036e-17 -1.21265842530207e-16 -8.69029176018669e-17 -1.82653365309115e-16   -0.0415393441396673    0.0027040338992693 -2.90433552369956e-15     0.210448835242779 -3.30141368798347e-17
-8.38493332601899e-05  4.16179734420802e-05     0.020838987525217   -0.0175384175013381   -0.0282153206871145 -5.55903120544353e-18  2.76803616076284e-17  2.71003423112167e-16 -3.30141368798347e-17    0.0708120921950307
TOTAL ENERGY: -127.357254867882	 lambda: 0.2	 population of target: 6.72194528507447
1RDM: 
      1.9999990878863  4.99211337561916e-08  6.57773583702151e-06  3.32756088438926e-07  -1.9939516944852e-05 -2.66171368816062e-18  7.74573898383804e-17 -4.67144799644808e-17 -2.41560685164693e-18 -0.000168429563645852
 4.99211337561916e-08      1.99999820594515 -3.99638080033612e-07 -1.31303485633254e-05 -1.30067656386972e-05 -1.33081862803521e-17  9.51344074654068e-16 -3.29814564456736e-16 -5.77348611640673e-17  7.30249170178691e-05
 6.57773583702151e-06 -3.99638080033612e-07      1.99443452649463 -0.000568731425731817    0.0029694303684809  6.98824668652749e-17  3.29432566033832e-16  6.90947121984043e-16 -9.88260868918164e-17    0.0412490953279635
 3.32756088438926e-07 -1.31303485633254e-05 -0.000568731425731817      1.98402494904796  -0.00233151746355691  4.40321003761227e-17  2.04204090692888e-16  4.44648177487203e-16 -9.20247046222571e-17   -0.0348485885724489
 -1.9939516944852e-05 -1.30067656386972e-05    0.0029694303684809  -0.00233151746355691      1.93010950002796  7.15653895134026e-17  4.42679375828924e-16  1.21516995434449e-15 -1.55355563114588e-16   -0.0592504502582638
-2.66171368816062e-18 -1.33081862803521e-17  6.98824668652749e-17  4.40321003761227e-17  7.15653895134026e-17      1.78350227012846 -6.97123703485766e-16   0.00522251285420806   -0.0802281713325198 -1.55456879407087e-17
 7.74573898383804e-17  9.51344074654068e-16  3.29432566033832e-16  2.04204090692888e-16  4.42679375828924e-16 -6.97123703485766e-16      1.78350227012845    0.0802281713325423   0.00522251285421564  1.97943052428999e-17
-4.67144799644808e-17 -3.29814564456736e-16  6.90947121984043e-16  4.44648177487203e-16  1.21516995434449e-15   0.00522251285420806    0.0802281713325423     0.225037985161139  3.64873574572029e-16  2.86869083299651e-16
-2.41560685164693e-18 -5.77348611640673e-17 -9.88260868918164e-17 -9.20247046222571e-17 -1.55355563114588e-16   -0.0802281713325198   0.00522251285421564  3.64873574572029e-16     0.225037985161127 -2.65491994977241e-17
-0.000168429563645852  7.30249170178691e-05    0.0412490953279635   -0.0348485885724489   -0.0592504502582638 -1.55456879407087e-17  1.97943052428999e-17  2.86869083299651e-16 -2.65491994977241e-17    0.0743532200188532
TOTAL ENERGY: -127.325103917306	 lambda: 0.3	 population of target: 6.8506369710547
1RDM: 
      1.9999989929683  7.77175366254659e-08  1.32520066356827e-05 -1.59440270093353e-06 -3.30267906606514e-05 -2.83811541418806e-18  8.27945844130525e-17 -5.92103488948144e-17 -3.78869743694826e-18 -0.000253450037854742
 7.77175366254659e-08      1.99999832461031 -2.28156602452918e-06 -1.68086842984426e-05 -1.75074940426835e-05 -1.49060469468576e-17   1.0132275494037e-15 -4.88915289332964e-16 -6.98001353477305e-17  9.14673619816846e-05
 1.32520066356827e-05 -2.28156602452918e-06      1.99271477807901   -0.0003073081287281    0.0052985538092793  7.30397002159043e-17  3.41516233277544e-16  5.83604877906898e-16 -7.72253507623625e-17    0.0611408979258492
-1.59440270093353e-06 -1.68086842984426e-05   -0.0003073081287281      1.98506584292326  -0.00434848679531642  4.32515327524235e-17  2.06853293969954e-16  4.16280947096963e-16 -9.84389119291339e-17   -0.0516912056408506
-3.30267906606514e-05 -1.75074940426835e-05    0.0052985538092793  -0.00434848679531642      1.92693134212998  6.66396697213016e-17  4.70344952214703e-16  1.18593226221653e-15 -1.27204566988397e-16   -0.0927611516527772
-2.83811541418806e-18 -1.49060469468576e-17  7.30397002159043e-17  4.32515327524235e-17  6.66396697213016e-17      1.76925905248606 -5.68406524545241e-15   0.00758946514595364     -0.11658925795672  -2.7698021139659e-17
 8.27945844130525e-17   1.0132275494037e-15  3.41516233277544e-16  2.06853293969954e-16  4.70344952214703e-16 -5.68406524545241e-15      1.76925905248607     0.116589257956706   0.00758946514592485 -2.81294452066554e-18
-5.92103488948144e-17 -4.88915289332964e-16  5.83604877906898e-16  4.16280947096963e-16  1.18593226221653e-15   0.00758946514595364     0.116589257956706     0.238615646764642 -6.41796997917163e-15    2.964405660434e-16
-3.78869743694826e-18 -6.98001353477305e-17 -7.72253507623625e-17 -9.84389119291339e-17 -1.27204566988397e-16     -0.11658925795672   0.00758946514592485 -6.41796997917163e-15     0.238615646764653 -1.84690428105079e-17
-0.000253450037854742  9.14673619816846e-05    0.0611408979258492   -0.0516912056408506   -0.0927611516527772  -2.7698021139659e-17 -2.81294452066554e-18    2.964405660434e-16 -1.84690428105079e-17    0.0795413207877728
TOTAL ENERGY: -127.280831879489	 lambda: 0.4	 population of target: 6.97716662208869
1RDM: 
     1.99999887788491  1.03080829003083e-07  2.24778559865403e-05 -4.59744519624053e-06 -4.88167669013477e-05 -2.98689751490969e-18  8.72321323726091e-17 -7.12691780328812e-17 -5.12176891713016e-18 -0.000339508462413891
 1.03080829003083e-07      1.99999843593543 -4.81582921116436e-06 -1.92782368895353e-05 -2.04979934938872e-05 -1.63274358520699e-17  1.06421166486173e-15 -6.41983480636396e-16 -8.14369294980096e-17  9.52733253400143e-05
 2.24778559865403e-05 -4.81582921116436e-06      1.99047974657084  0.000244795791392873   0.00813607264020962  7.57993693457779e-17  3.50950357028173e-16  4.81912427348258e-16 -5.64419435983894e-17    0.0805572312188099
-4.59744519624053e-06 -1.92782368895353e-05  0.000244795791392873      1.98548867273212  -0.00689823087666087  4.22096208086915e-17  2.05873914018575e-16  3.86452529595326e-16 -1.03913395026848e-16   -0.0678601987893126
-4.88167669013477e-05 -2.04979934938872e-05   0.00813607264020962  -0.00689823087666087      1.92289788094927  5.90447097735629e-17  4.86783204644516e-16  1.17527161352615e-15 -9.94660591685982e-17     -0.12807904612976
-2.98689751490969e-18 -1.63274358520699e-17  7.57993693457779e-17  4.22096208086915e-17  5.90447097735629e-17      1.75749924953708  3.91793242290609e-15    0.0098695455795239    -0.151615842777163 -4.05134967098927e-17
 8.72321323726091e-17  1.06421166486173e-15  3.50950357028173e-16  2.05873914018575e-16  4.86783204644516e-16  3.91793242290609e-15      1.75749924953713     0.151615842777172   0.00986954557953187 -3.66301283054913e-17
-7.12691780328812e-17 -6.41983480636396e-16  4.81912427348258e-16  3.86452529595326e-16  1.17527161352615e-15    0.0098695455795239     0.151615842777172      0.24995646149446  1.76304042287556e-15  2.96066243886938e-16
-5.12176891713016e-18 -8.14369294980096e-17 -5.64419435983894e-17 -1.03913395026848e-16 -9.94660591685982e-17    -0.151615842777163   0.00986954557953187  1.76304042287556e-15     0.249956461494498 -8.70793055979437e-18
-0.000339508462413891  9.52733253400143e-05    0.0805572312188099   -0.0678601987893126     -0.12807904612976 -4.05134967098927e-17 -3.66301283054913e-17  2.96066243886938e-16 -8.70793055979437e-18    0.0862249638643089
TOTAL ENERGY: -127.224295196177	 lambda: 0.5	 population of target: 7.10280665574419
1RDM: 
     1.99999874005303  1.23233163331025e-07  3.46282910894225e-05 -8.46903534427711e-06 -6.80892195339095e-05 -3.10116676868294e-18  9.06014816611816e-17 -8.33245223180926e-17 -6.46135730289908e-18 -0.000427087437374318
 1.23233163331025e-07      1.99999854026593 -7.61741206679927e-06 -2.12276098517443e-05 -2.29724490714062e-05 -1.75731411728695e-17  1.10198293316905e-15 -7.94292584827064e-16 -9.30996863689867e-17  8.47437951671922e-05
 3.46282910894225e-05 -7.61741206679927e-06      1.98770533360221   0.00103122196670587    0.0114593295016465  7.80751986717446e-17  3.55728000769939e-16  3.84093557826295e-16 -3.56756680383866e-17    0.0996202470812389
-8.46903534427711e-06 -2.12276098517443e-05   0.00103122196670587      1.98536418903406  -0.00987849548565741  3.94031428345114e-17  2.00932104697894e-16  3.53633615470215e-16 -1.10096105946637e-16   -0.0832570262083697
-6.80892195339095e-05 -2.29724490714062e-05    0.0114593295016465  -0.00987849548565741      1.91806432348035  5.03765038352915e-17  4.86368604026072e-16  1.17948962656126e-15 -6.87863115757227e-17    -0.164325262710499
-3.10116676868294e-18 -1.75731411728695e-17  7.80751986717446e-17  3.94031428345114e-17  5.03765038352915e-17      1.74874691666386 -1.21529922923679e-15     0.012141502026276    -0.186517594836213 -5.30087300542234e-17
 9.06014816611816e-17  1.10198293316905e-15  3.55728000769939e-16  2.00932104697894e-16  4.86368604026072e-16 -1.21529922923679e-15       1.7487469166639     0.186517594836085    0.0121415020262687 -7.61413901871569e-17
-8.33245223180926e-17 -7.94292584827064e-16  3.84093557826295e-16  3.53633615470215e-16  1.17948962656126e-15     0.012141502026276     0.186517594836085     0.258533132878004 -4.02442338374777e-15  2.83330669289653e-16
-6.46135730289908e-18 -9.30996863689867e-17 -3.56756680383866e-17 -1.10096105946637e-16 -6.87863115757227e-17    -0.186517594836213    0.0121415020262687 -4.02442338374777e-15     0.258533132878048  1.27934492661003e-18
-0.000427087437374318  8.47437951671922e-05    0.0996202470812389   -0.0832570262083697    -0.164325262710499 -5.30087300542234e-17 -7.61413901871569e-17  2.83330669289653e-16  1.27934492661003e-18    0.0943087744806216
TOTAL ENERGY: -127.154897868625	 lambda: 0.6	 population of target: 7.22896624805322
1RDM: 
     1.99999857707468  1.37093316908315e-07   5.0112214480732e-05 -1.30325537355711e-05 -9.13110768531409e-05 -3.18414655804159e-18  9.30118143582365e-17 -9.58335458733359e-17 -7.85319804827456e-18 -0.000516056304502079
 1.37093316908315e-07      1.99999863525494 -1.04177388554095e-05 -2.32410755094644e-05 -2.65388751206769e-05 -1.86680420047984e-17   1.1272558725929e-15 -9.50388604817642e-16 -1.05150271268624e-16  6.26567428296931e-05
  5.0112214480732e-05 -1.04177388554095e-05      1.98435723894132   0.00201007915085126     0.015254465255221  7.97988863949345e-17  3.63931869439029e-16  2.76551660004365e-16 -1.54032070826466e-17     0.118470194871267
-1.30325537355711e-05 -2.32410755094644e-05   0.00201007915085126      1.98477368783078   -0.0131766305172275  3.51813007399201e-17  1.53936724024108e-16  3.58618237269522e-16 -1.13446709117457e-16   -0.0979030354671653
-9.13110768531409e-05 -2.65388751206769e-05     0.015254465255221   -0.0131766305172275      1.91234955970209  4.10000959186707e-17  5.33652259295102e-16  1.10290382904146e-15 -4.09691577288551e-17    -0.200430604173511
-3.18414655804159e-18 -1.86680420047984e-17  7.97988863949345e-17  3.51813007399201e-17  4.10000959186707e-17      1.74273404672322  -5.3562946426142e-16    0.0144806935664478    -0.222452193253109 -6.41883366852054e-17
 9.30118143582365e-17   1.1272558725929e-15  3.63931869439029e-16  1.53936724024108e-16  5.33652259295102e-16  -5.3562946426142e-16      1.74273404672326     0.222452193253075    0.0144806935664385 -1.34988023581364e-16
-9.58335458733359e-17 -9.50388604817642e-16  2.76551660004365e-16  3.58618237269522e-16  1.10290382904146e-15    0.0144806935664478     0.222452193253075     0.264607231112397 -2.85974101121476e-15  2.92406061271204e-16
-7.85319804827456e-18 -1.05150271268624e-16 -1.54032070826466e-17 -1.13446709117457e-16 -4.09691577288551e-17    -0.222452193253109    0.0144806935664385 -2.85974101121476e-15     0.264607231112436    1.290099173855e-17
-0.000516056304502079  6.26567428296931e-05     0.118470194871267   -0.0979030354671653    -0.200430604173511 -6.41883366852054e-17 -1.34988023581364e-16  2.92406061271204e-16    1.290099173855e-17     0.103839745524898
TOTAL ENERGY: -127.07186439204	 lambda: 0.7	 population of target: 7.35668596225531
1RDM: 
      1.9999983872369  1.46016664026674e-07  6.92799791834442e-05 -1.81518308743684e-05 -0.000118243418664565 -3.24702256969575e-18  9.48104579544404e-17 -1.08908386957199e-16 -9.31705934712741e-18 -0.000605850069245899
 1.46016664026674e-07       1.9999987174496 -1.31550019613151e-05 -2.56735915171984e-05 -3.26247222074972e-05 -1.96815542227639e-17  1.14550655655689e-15  -1.1158096344733e-15 -1.17994136588527e-16  3.38775826922965e-05
 6.92799791834442e-05 -1.31550019613151e-05      1.98040262020992   0.00316039695666419    0.0194958456589621  8.11142043137964e-17  3.48821331284257e-16  1.91463560375423e-16  6.50516560434764e-18     0.137223673461108
-1.81518308743684e-05 -2.56735915171984e-05   0.00316039695666419      1.98378889699929    -0.016700978700637    3.009291962372e-17  1.87617329708851e-16     2.70218792518e-16 -1.21635393133579e-16    -0.111893206259233
