Naturals in-correctTOTAL ENERGY: -126.699684566311	 lambda: -1	 population of target: 5.21314029596963
1RDM: 
     1.99999935498031  5.06986419382312e-07 -6.78206013244442e-05  8.58892817308815e-05  2.21928693258449e-06 -5.73272873091706e-15 -1.03188605757671e-14 -7.13620652971559e-15  4.25511259366891e-15  0.000709457528127057
 5.06986419382312e-07      1.99999610432355  0.000130145691554864 -0.000209481180945505  0.000248421640582171 -1.52380629875931e-14  -2.7075968459106e-14 -5.50676599277004e-14   3.2423105323034e-14  -0.00153648104444991
-6.78206013244442e-05  0.000130145691554864      1.98558043122993    0.0195741346023075   -0.0095768681138522  7.08617600009155e-13   1.2820704862013e-12  3.23236314043203e-12 -1.85999190368859e-12      0.14985329452902
 8.58892817308815e-05 -0.000209481180945505    0.0195741346023075      1.93648716850176    0.0103910323581504   3.2008510262443e-12     5.82742110297e-12  7.79315549124892e-12 -4.49520600516719e-12    -0.155154315090634
 2.21928693258449e-06  0.000248421640582171   -0.0095768681138522    0.0103910323581504      1.89992522369838 -2.41660749145596e-12  -4.3789598045577e-12 -9.64588481447558e-12  5.55423883005847e-12     0.219615799411825
-5.73272873091706e-15 -1.52380629875931e-14  7.08617600009155e-13   3.2008510262443e-12 -2.41660749145596e-12       1.7627455936386  2.07858458606381e-15   0.00911192828535161     0.474050600942564  -9.2502129363797e-13
-1.03188605757671e-14  -2.7075968459106e-14   1.2820704862013e-12     5.82742110297e-12  -4.3789598045577e-12  2.07858458606381e-15      1.76274559363851    -0.474050600942664   0.00911192828534939 -1.67062701889711e-12
-7.13620652971559e-15 -5.50676599277004e-14  3.23236314043203e-12  7.79315549124892e-12 -9.64588481447558e-12   0.00911192828535161    -0.474050600942664     0.262472323432805  2.87303160717304e-16 -3.73074190735883e-12
 4.25511259366891e-15   3.2423105323034e-14 -1.85999190368859e-12 -4.49520600516719e-12  5.55423883005847e-12     0.474050600942564   0.00911192828534939  2.87303160717304e-16     0.262472323432713  2.15237809725659e-12
 0.000709457528127057  -0.00153648104444991      0.14985329452902    -0.155154315090634     0.219615799411825  -9.2502129363797e-13 -1.67062701889711e-12 -3.73074190735883e-12  2.15237809725659e-12     0.127575883123493
TOTAL ENERGY: -126.817731590065	 lambda: -0.9	 population of target: 5.33742074183071
1RDM: 
     1.99999940268826  4.38995828580348e-07 -5.62510028786244e-05  7.44392848349945e-05  2.09828187101292e-06 -2.45532232672735e-14 -4.42841797562688e-14 -6.20399090510769e-14   3.6120596705061e-14   0.00065305149834031
 4.38995828580348e-07      1.99999638049369  0.000110209033874253 -0.000184057255154802  0.000213054536242416 -4.27381811617953e-14 -7.69802095389917e-14 -1.51715485548003e-13  8.82132113593648e-14  -0.00141369797770609
-5.62510028786244e-05  0.000110209033874253      1.98780198028545    0.0167300762439561  -0.00740438149734013    1.853034843644e-12  3.33707991992108e-12  7.80798283305657e-12 -4.51245749981879e-12     0.136443491353049
 7.44392848349945e-05 -0.000184057255154802    0.0167300762439561      1.94187156066209   0.00763752361720256  9.43236864129347e-12  1.71262972609447e-11  2.39915616050795e-11 -1.38714352381034e-11    -0.141078838474283
 2.09828187101292e-06  0.000213054536242416  -0.00740438149734013   0.00763752361720256      1.90503435476339 -7.83646075393867e-12 -1.41542746975956e-11 -3.03597014555551e-11  1.75397288342405e-11     0.198955756720124
-2.45532232672735e-14 -4.27381811617953e-14    1.853034843644e-12  9.43236864129347e-12 -7.83646075393867e-12      1.77130013075788  1.99072937449632e-15   0.00812853827412387     0.422889464176884 -3.10789949557284e-12
-4.42841797562688e-14 -7.69802095389917e-14  3.33707991992108e-12  1.71262972609447e-11 -1.41542746975956e-11  1.99072937449632e-15      1.77130013075778    -0.422889464177079   0.00812853827412253 -5.59896500420946e-12
-6.20399090510769e-14 -1.51715485548003e-13  7.80798283305657e-12  2.39915616050795e-11 -3.03597014555551e-11   0.00812853827412387    -0.422889464177079     0.252267751599749 -1.48003223005311e-17 -1.17371291290559e-11
  3.6120596705061e-14  8.82132113593648e-14 -4.51245749981879e-12 -1.38714352381034e-11  1.75397288342405e-11     0.422889464176884   0.00812853827412253 -1.48003223005311e-17     0.252267751599644  6.79234122670764e-12
  0.00065305149834031  -0.00141369797770609     0.136443491353049    -0.141078838474283     0.198955756720124 -3.10789949557284e-12 -5.59896500420946e-12 -1.17371291290559e-11  6.79234122670764e-12     0.118160556392114
TOTAL ENERGY: -126.925456139488	 lambda: -0.8	 population of target: 5.46417879930975
1RDM: 
     1.99999944244227  3.91880171958576e-07 -4.63217054974701e-05   6.4799725571597e-05  3.35032185737119e-07 -5.13016356799846e-15  -9.1349174412042e-15 -7.30995866673987e-15  4.42744170202137e-15  0.000611167095017927
 3.91880171958576e-07      1.99999666144795  9.23832035818164e-05 -0.000158897590507452  0.000174882994122598 -1.28267039285958e-14 -2.26183059083325e-14 -4.47002763192094e-14  2.64286317580406e-14   -0.0012831463242532
-4.63217054974701e-05  9.23832035818164e-05      1.98973720169502    0.0140823458745292  -0.00524832954578264  6.80531986878473e-13  1.22590415832332e-12  3.01562975712633e-12 -1.74306551778964e-12     0.123530879842461
  6.4799725571597e-05 -0.000158897590507452    0.0140823458745292      1.94720520950276   0.00496361623344156  2.74533605984725e-12  4.96621762874162e-12  7.44417758798779e-12 -4.31645903811672e-12    -0.125879860163013
 3.35032185737119e-07  0.000174882994122598  -0.00524832954578264   0.00496361623344156      1.90875244727364  -2.8639084750014e-12  -5.1604158152693e-12 -1.15205146388389e-11  6.66996412381706e-12     0.172522140889276
-5.13016356799846e-15 -1.28267039285958e-14  6.80531986878473e-13  2.74533605984725e-12  -2.8639084750014e-12       1.7768566086357  2.30365508373164e-15   0.00719501306684957     0.374322556835226 -9.10098761063052e-13
 -9.1349174412042e-15 -2.26183059083325e-14  1.22590415832332e-12  4.96621762874162e-12  -5.1604158152693e-12  2.30365508373164e-15      1.77685660863559    -0.374322556835484   0.00719501306684629  -1.6308348815254e-12
-7.30995866673987e-15 -4.47002763192094e-14  3.01562975712633e-12  7.44417758798779e-12 -1.15205146388389e-11   0.00719501306684957    -0.374322556835484     0.245097525171995   1.3127334497454e-16 -3.92787592023711e-12
 4.42744170202137e-15  2.64286317580406e-14 -1.74306551778964e-12 -4.31645903811672e-12  6.66996412381706e-12     0.374322556835226   0.00719501306684629   1.3127334497454e-16     0.245097525171879  2.28025793554584e-12
 0.000611167095017927   -0.0012831463242532     0.123530879842461    -0.125879860163013     0.172522140889276 -9.10098761063052e-13  -1.6308348815254e-12 -3.92787592023711e-12  2.28025793554584e-12     0.110400770023268
TOTAL ENERGY: -127.021778912828	 lambda: -0.7	 population of target: 5.59261850806087
1RDM: 
     1.99999946947867  3.51635863886816e-07 -3.79253221148733e-05  5.57095682265925e-05  1.35483723540457e-06  3.61662076863521e-15  6.58966840673452e-15  1.87318247761431e-14 -1.07433884550899e-14  0.000580147441802892
 3.51635863886816e-07      1.99999695340494  7.58808624656431e-05 -0.000134336986515727  0.000139314426497562   2.9410765243901e-16  1.11355957373003e-15 -4.49120885430764e-17  4.75646267746527e-16  -0.00114101552670386
-3.79253221148733e-05  7.58808624656431e-05      1.99141035219613    0.0115931517233422  -0.00312394046833356  8.96084331125466e-14  1.66990579289677e-13  7.06300569694862e-13 -4.00850118081513e-13     0.110792410070906
 5.57095682265925e-05 -0.000134336986515727    0.0115931517233422      1.95233837431337   0.00299185159767017 -2.07443735454193e-13 -3.70329860613185e-13 -4.82002649849568e-13  2.84664183873616e-13    -0.109657850794409
 1.35483723540457e-06  0.000139314426497562  -0.00312394046833356   0.00299185159767017      1.90912669924883  1.03096321484544e-13  1.74317938912382e-13 -1.27108467441999e-13  5.72096418617728e-14     0.143413499489974
 3.61662076863521e-15   2.9410765243901e-16  8.96084331125466e-14 -2.07443735454193e-13  1.03096321484544e-13      1.77976764641291   1.9140407912674e-15   0.00629300723838085     0.327395448774591  1.62835037618394e-13
 6.58966840673452e-15  1.11355957373003e-15  1.66990579289677e-13 -3.70329860613185e-13  1.74317938912382e-13   1.9140407912674e-15      1.77976764641282     -0.32739544877476   0.00629300723837594  2.92278494650408e-13
 1.87318247761431e-14 -4.49120885430764e-17  7.06300569694862e-13 -4.82002649849568e-13 -1.27108467441999e-13   0.00629300723838085     -0.32739544877476     0.240574324985033  1.78899621284275e-16  2.30621473293177e-13
-1.07433884550899e-14  4.75646267746527e-16 -4.00850118081513e-13  2.84664183873616e-13  5.72096418617728e-14     0.327395448774591   0.00629300723837594  1.78899621284275e-16     0.240574324984938 -1.37665794650543e-13
 0.000580147441802892  -0.00114101552670386     0.110792410070906    -0.109657850794409     0.143413499489974  1.62835037618394e-13  2.92278494650408e-13  2.30621473293177e-13 -1.37665794650543e-13     0.106444208562421
TOTAL ENERGY: -127.105203362945	 lambda: -0.6	 population of target: 5.7209512246688
1RDM: 
     1.99999948722763  3.04264082624987e-07  -3.0415334232474e-05  4.61394718136754e-05  7.08339236423576e-06  2.07339323494339e-15  3.83121883772541e-15  1.38070694943719e-14 -7.86369843569787e-15  0.000548322966784714
 3.04264082624987e-07      1.99999725265328  6.01916514641907e-05 -0.000110879438244177  0.000110427196661002 -1.59296834371453e-15 -2.27374321219515e-15 -5.78184929304757e-15  3.75789016274427e-15 -0.000987722316005984
 -3.0415334232474e-05  6.01916514641907e-05      1.99286779671326   0.00925724543022345  -0.00113915957439463  1.75021179346635e-13  3.18310733770418e-13  1.01557174685088e-12 -5.82904498786221e-13    0.0976998080008502
 4.61394718136754e-05 -0.000110879438244177   0.00925724543022345      1.95714190352331   0.00200850498808372  2.28441857699331e-13  4.10340051459504e-13  7.74637630222726e-13 -4.50471314884034e-13    -0.093027027584345
 7.08339236423576e-06  0.000110427196661002  -0.00113915957439463   0.00200850498808372      1.90607186202039 -4.48787609378477e-13 -8.08661304883827e-13 -2.31319364257395e-12  1.33711661625356e-12     0.115700998181336
 2.07339323494339e-15 -1.59296834371453e-15  1.75021179346635e-13  2.28441857699331e-13 -4.48787609378477e-13      1.78005337402852  1.56577211789649e-15   0.00540071785959624     0.280973835544619 -1.97783260197309e-14
 3.83121883772541e-15 -2.27374321219515e-15  3.18310733770418e-13  4.10340051459504e-13 -8.08661304883827e-13  1.56577211789649e-15      1.78005337402843    -0.280973835544814     0.005400717859591 -3.20120180865514e-14
 1.38070694943719e-14 -5.78184929304757e-15  1.01557174685088e-12  7.74637630222726e-13 -2.31319364257395e-12   0.00540071785959624    -0.280973835544814     0.238644556843736 -1.09989257879826e-16 -4.93970564602393e-13
-7.86369843569787e-15  3.75789016274427e-15 -5.82904498786221e-13 -4.50471314884034e-13  1.33711661625356e-12     0.280973835544619     0.005400717859591 -1.09989257879826e-16     0.238644556843648  2.87560782786417e-13
 0.000548322966784714 -0.000987722316005984    0.0976998080008502    -0.093027027584345     0.115700998181336 -1.97783260197309e-14 -3.20120180865514e-14 -4.93970564602393e-13  2.87560782786417e-13     0.106525836117847
TOTAL ENERGY: -127.175022623779	 lambda: -0.5	 population of target: 5.84787078370027
1RDM: 
     1.99999950290798  2.43130436163021e-07 -2.31887519130696e-05  3.58293331014199e-05  1.60579079027943e-05  2.74265172211863e-15   5.0014709484477e-15  1.57710798237747e-14 -9.04292774509315e-15  0.000502252504573652
 2.43130436163021e-07      1.99999754925768  4.52496137362369e-05 -8.87591203986937e-05  8.91413157509011e-05 -4.01320632533351e-16 -1.43985744878775e-16 -2.36956087368119e-15  1.67934078548277e-15 -0.000826869286511086
-2.31887519130696e-05  4.52496137362369e-05      1.99414333017534   0.00709222058306063  0.000553121437674619  1.04527628964918e-13   1.9348108721878e-13  7.46829329703916e-13 -4.24848467034566e-13    0.0837227726357488
 3.58293331014199e-05 -8.87591203986937e-05   0.00709222058306063       1.9615985996481   0.00182907712273312 -2.87807473274462e-14 -4.54799578101479e-14  7.37982544246233e-15   2.6512516618206e-15    -0.076722444928938
 1.60579079027943e-05  8.91413157509011e-05  0.000553121437674619   0.00182907712273312      1.90127678099335 -1.98160395057498e-14  -5.0622778986506e-14 -6.19519578333068e-13  3.37681410697087e-13    0.0924233783318923
 2.74265172211863e-15 -4.01320632533351e-16  1.04527628964918e-13 -2.87807473274462e-14 -1.98160395057498e-14      1.77754633441597  1.67931881594185e-15   0.00449792919939279     0.234006009937747  8.52468474238536e-14
  5.0014709484477e-15 -1.43985744878775e-16   1.9348108721878e-13 -4.54799578101479e-14  -5.0622778986506e-14  1.67931881594185e-15      1.77754633441588    -0.234006009937849   0.00449792919939217  1.51410294807239e-13
 1.57710798237747e-14 -2.36956087368119e-15  7.46829329703916e-13  7.37982544246233e-15 -6.19519578333068e-13   0.00449792919939279    -0.234006009937849      0.23944782675003  -1.2335861007303e-16  2.40264142404652e-14
-9.04292774509315e-15  1.67934078548277e-15 -4.24848467034566e-13   2.6512516618206e-15  3.37681410697087e-13     0.234006009937747   0.00449792919939217  -1.2335861007303e-16      0.23944782674994  -1.9175939046999e-14
 0.000502252504573652 -0.000826869286511086    0.0837227726357488    -0.076722444928938    0.0924233783318923  8.52468474238536e-14  1.51410294807239e-13  2.40264142404652e-14  -1.9175939046999e-14     0.108995914685738
TOTAL ENERGY: -127.23159871208	 lambda: -0.4	 population of target: 5.97358439077655
1RDM: 
     1.99999952176439  1.71638495934073e-07 -1.61108070852308e-05  2.53395829802454e-05  2.44443553782704e-05  1.86081967290618e-15  3.45941383607154e-15  1.25554707962072e-14 -7.13223803808902e-15  0.000432824534393657
 1.71638495934073e-07      1.99999783224328  3.14111552603525e-05  -6.7827120428196e-05  7.31668642900391e-05 -1.39203509415735e-15 -1.86209497620035e-15 -4.25655072923491e-15  2.74248388743389e-15 -0.000662726417978429
-1.61108070852308e-05  3.14111552603525e-05      1.99523660393777   0.00512622038538356   0.00179129051032192  1.55465320439921e-13  2.81249445215876e-13  8.91328100948365e-13 -5.13343019290113e-13    0.0685096446228427
 2.53395829802454e-05  -6.7827120428196e-05   0.00512622038538356      1.96581449691984   0.00194745646383931  1.89403462510193e-13  3.34306032329819e-13  6.94105967268391e-13 -4.09125569668049e-13   -0.0611759549305036
 2.44443553782704e-05  7.31668642900391e-05   0.00179129051032192   0.00194745646383931      1.89708371020444 -4.54165673965792e-13 -8.03481256362998e-13 -2.37724378180262e-12  1.39351685018437e-12    0.0742983242368618
 1.86081967290618e-15 -1.39203509415735e-15  1.55465320439921e-13  1.89403462510193e-13 -4.54165673965792e-13      1.77170789917901  1.29222258845909e-15   0.00357244427278019     0.185857322567713 -4.34514822845836e-14
 3.45941383607154e-15 -1.86209497620035e-15  2.81249445215876e-13  3.34306032329819e-13 -8.03481256362998e-13  1.29222258845909e-15      1.77170789917891    -0.185857322567652   0.00357244427277239 -7.19912284951682e-14
 1.25554707962072e-14 -4.25655072923491e-15  8.91328100948365e-13  6.94105967268391e-13 -2.37724378180262e-12   0.00357244427278019    -0.185857322567652     0.243508198409138 -5.32619028121232e-16  -4.9852260257876e-13
-7.13223803808902e-15  2.74248388743389e-15 -5.13343019290113e-13 -4.09125569668049e-13  1.39351685018437e-12     0.185857322567713   0.00357244427277239 -5.32619028121232e-16     0.243508198409052  2.95533299493046e-13
 0.000432824534393657 -0.000662726417978429    0.0685096446228427   -0.0611759549305036    0.0742983242368618 -4.34514822845836e-14 -7.19912284951682e-14  -4.9852260257876e-13  2.95533299493046e-13     0.111435639754219
TOTAL ENERGY: -127.27570420378	 lambda: -0.3	 population of target: 6.09963051836
1RDM: 
     1.99999954287741  1.00609002274135e-07 -9.61925285688578e-06  1.56856247928078e-05  2.81746210935237e-05  2.35396703467057e-15  4.29742462725639e-15   1.3741752474625e-14 -7.87956843687409e-15  0.000338837083432486
 1.00609002274135e-07      1.99999809243583  1.93051463724911e-05 -4.78728846088678e-05  5.85138463212401e-05 -5.64613824100046e-16 -3.90826541149775e-16 -2.52672680906002e-15  1.63310618269846e-15 -0.000497939941231984
-9.61925285688578e-06  1.93051463724911e-05      1.99611073891374   0.00339222512710909   0.00243010542738207  1.01023274535911e-13   1.8669892564815e-13  6.75127594652684e-13 -3.84385560347273e-13    0.0520237249286644
 1.56856247928078e-05 -4.78728846088678e-05   0.00339222512710909      1.96993972980521   0.00184885758966152  1.86058107684316e-14  3.94564901415318e-14  1.44591963732181e-13 -7.74847319715922e-14   -0.0462919233394312
 2.81746210935237e-05  5.85138463212401e-05   0.00243010542738207   0.00184885758966152      1.89508117743954 -5.30473903641243e-14 -1.11597110834107e-13  -6.8445890923288e-13  3.74242106266438e-13    0.0595175571457024
 2.35396703467057e-15 -5.64613824100046e-16  1.01023274535911e-13  1.86058107684316e-14 -5.30473903641243e-14      1.76146257181631  1.99102543702807e-15   0.00262801581286297     0.136723527593902  3.07018630333261e-14
 4.29742462725639e-15 -3.90826541149775e-16   1.8669892564815e-13  3.94564901415318e-14 -1.11597110834107e-13  1.99102543702807e-15       1.7614625718162    -0.136723527593938   0.00262801581286409  5.20198412229524e-14
  1.3741752474625e-14 -2.52672680906002e-15  6.75127594652684e-13  1.44591963732181e-13  -6.8445890923288e-13   0.00262801581286297    -0.136723527593938     0.251913368022992 -1.93023079788244e-16 -5.17055284848641e-14
-7.87956843687409e-15  1.63310618269846e-15 -3.84385560347273e-13 -7.74847319715922e-14  3.74242106266438e-13     0.136723527593902   0.00262801581286409 -1.93023079788244e-16     0.251913368022882  2.42956532087025e-14
 0.000338837083432486 -0.000497939941231984    0.0520237249286644   -0.0462919233394312    0.0595175571457024  3.07018630333261e-14  5.20198412229524e-14 -5.17055284848641e-14  2.42956532087025e-14      0.11211883884991
TOTAL ENERGY: -127.307686066239	 lambda: -0.2	 population of target: 6.22763941295384
1RDM: 
     1.99999955956703  4.28418312101685e-08 -4.46413996740697e-06  7.87430781476936e-06  2.48322595027332e-05  2.12165103925557e-15  3.89335404179633e-15  1.22631434261132e-14 -7.01416061304526e-15  0.000227251084748535
 4.28418312101685e-08      1.99999832195249  9.64808122141144e-06 -2.91499246160664e-05  4.16566352027947e-05 -7.94798109150197e-16 -7.46033239358508e-16 -2.52243675697127e-15  1.56664897287244e-15 -0.000332832157580422
-4.46413996740697e-06  9.64808122141144e-06      1.99671071519775   0.00192988400267428   0.00235829161526218  1.13131843811232e-13  2.07327007036511e-13   6.6380978384076e-13 -3.79612060416213e-13    0.0346170236146535
 7.87430781476936e-06 -2.91499246160664e-05   0.00192988400267428      1.97405003685357   0.00130335472525491  6.84169587568719e-14  1.25316639130169e-13  2.96880802688934e-13 -1.69784422510738e-13   -0.0315208506224083
 2.48322595027332e-05  4.16566352027947e-05   0.00235829161526218   0.00130335472525491      1.89516340578423 -1.79549158280568e-13 -3.29254838055477e-13 -1.14360758718978e-12  6.53998650407866e-13    0.0445258651247254
 2.12165103925557e-15 -7.94798109150197e-16  1.13131843811232e-13  6.84169587568719e-14 -1.79549158280568e-13      1.74547771445463  -1.2404983791076e-15   0.00168942642319317    0.0878929536556806 -1.91550362606244e-14
 3.89335404179633e-15 -7.46033239358508e-16  2.07327007036511e-13  1.25316639130169e-13 -3.29254838055477e-13  -1.2404983791076e-15      1.74547771445462   -0.0878929536558997   0.00168942642318558 -3.55070844404059e-14
 1.22631434261132e-14 -2.52243675697127e-15   6.6380978384076e-13  2.96880802688934e-13 -1.14360758718978e-12   0.00168942642319317   -0.0878929536558997     0.266047004392447 -1.52187534935805e-15 -2.10887596597303e-13
-7.01416061304526e-15  1.56664897287244e-15 -3.79612060416213e-13 -1.69784422510738e-13  6.53998650407866e-13    0.0878929536556806   0.00168942642318558 -1.52187534935805e-15     0.266047004392435  1.20438402390989e-13
 0.000227251084748535 -0.000332832157580422    0.0346170236146535   -0.0315208506224083    0.0445258651247254 -1.91550362606244e-14 -3.55070844404059e-14 -2.10887596597303e-13  1.20438402390989e-13     0.111028522950797
TOTAL ENERGY: -127.327196967968	 lambda: -0.1	 population of target: 6.35779667553683
1RDM: 
     1.99999956420507  8.02979829804836e-09 -1.23297931925201e-06  2.58034594949407e-06   1.4578632042023e-05  2.14177048698283e-15  3.92057617308723e-15  1.14090622923901e-14  -6.5395542009213e-15  0.000110271896712982
 8.02979829804836e-09      1.99999851280484  3.07667833522407e-06 -1.26822968415047e-05  2.14387968406588e-05  -7.8765659254283e-16 -6.82099667865583e-16 -2.18583874886927e-15  1.30211840010373e-15 -0.000166634730876016
-1.23297931925201e-06  3.07667833522407e-06      1.99699449320631  0.000785783510757856   0.00152776330481236  1.12835675286242e-13  2.07777814354781e-13  6.02441716115889e-13 -3.43557520040614e-13    0.0169929539221797
 2.58034594949407e-06 -1.26822968415047e-05  0.000785783510757856      1.97805993116235  0.000506728145766204   6.8978292894283e-14   1.2870467119912e-13  2.85692533824888e-13 -1.60941767127088e-13   -0.0161985605238874
  1.4578632042023e-05  2.14387968406588e-05   0.00152776330481236  0.000506728145766204      1.89550580092615 -1.78662716844098e-13 -3.35174889916221e-13 -1.05468154857801e-12  5.92961102311443e-13    0.0255027361062502
 2.14177048698283e-15  -7.8765659254283e-16  1.12835675286242e-13   6.8978292894283e-14 -1.78662716844098e-13      1.72300069956676  2.96119297814485e-15  0.000798642857538216    0.0415496897536471 -3.16895307013088e-14
 3.92057617308723e-15 -6.82099667865583e-16  2.07777814354781e-13   1.2870467119912e-13 -3.35174889916221e-13  2.96119297814485e-15      1.72300069956674    -0.041549689753801  0.000798642857584989 -6.02402949625721e-14
 1.14090622923901e-14 -2.18583874886927e-15  6.02441716115889e-13  2.85692533824888e-13 -1.05468154857801e-12  0.000798642857538216    -0.041549689753801     0.286750096186647  1.73002317465599e-15  -2.2532823149895e-13
 -6.5395542009213e-15  1.30211840010373e-15 -3.43557520040614e-13 -1.60941767127088e-13  5.92961102311443e-13    0.0415496897536471  0.000798642857584989  1.73002317465599e-15     0.286750096186621  1.25951125098482e-13
 0.000110271896712982 -0.000166634730876016    0.0169929539221797   -0.0161985605238874    0.0255027361062502 -3.16895307013088e-14 -6.02402949625721e-14  -2.2532823149895e-13  1.25951125098482e-13     0.109940106188525
TOTAL ENERGY: -127.333721248388	 lambda: 0	 population of target: 6.48800589717747
1RDM: 
     1.99999955318493 -4.35720529806253e-14  1.93382273098392e-12 -6.17295870659699e-13  1.83984799451124e-11  2.21101786645437e-15  4.05949653596388e-15  1.05895080347334e-14 -6.05901961881262e-15  7.05269500718047e-11
-4.35720529806253e-14      1.99999865798162 -2.76268392953739e-12 -5.89266282609304e-12 -8.15041043670192e-12 -8.12509459600156e-16 -6.37332289174413e-16  -1.8579993592267e-15  1.05225960498123e-15   7.6421374641119e-11
 1.93382273098392e-12 -2.76268392953739e-12      1.99695676521626   3.2315001576988e-11  1.01711476033398e-10  1.17375032884143e-13  2.15171719694706e-13  5.43877915034171e-13 -3.11109214393353e-13  -8.6125221855861e-11
-6.17295870659699e-13 -5.89266282609304e-12   3.2315001576988e-11      1.98172637730522 -2.00026429407859e-10  7.43150107759485e-14  1.36186204017168e-13  2.78591075962823e-13 -1.59335741198454e-13  7.47312093792068e-10
 1.83984799451124e-11 -8.15041043670192e-12  1.01711476033398e-10 -2.00026429407859e-10      1.89358976035718 -1.92244961762168e-13  -3.5286688479442e-13 -9.81780242761731e-13  5.61699229545186e-13 -1.38747067959544e-09
 2.21101786645437e-15 -8.12509459600156e-16  1.17375032884143e-13  7.43150107759485e-14 -1.92244961762168e-13      1.69486325742097 -1.81769884818648e-15 -8.29703269448159e-12  1.38864019056546e-09 -3.62835786133254e-14
 4.05949653596388e-15 -6.37332289174413e-16  2.15171719694706e-13  1.36186204017168e-13  -3.5286688479442e-13 -1.81769884818648e-15      1.69486325742092 -1.38877783820609e-09 -8.30678600315994e-12 -6.68889848620147e-14
 1.05895080347334e-14  -1.8579993592267e-15  5.43877915034171e-13  2.78591075962823e-13 -9.81780242761731e-13 -8.29703269448159e-12 -1.38877783820609e-09     0.313294750012699 -2.40718145230717e-15 -2.40414219952457e-13
-6.05901961881262e-15  1.05225960498123e-15 -3.11109214393353e-13 -1.59335741198454e-13  5.61699229545186e-13  1.38864019056546e-09 -8.30678600315994e-12 -2.40718145230717e-15     0.313294750012657  1.37224868427977e-13
 7.05269500718047e-11   7.6421374641119e-11  -8.6125221855861e-11  7.47312093792068e-10 -1.38747067959544e-09 -3.62835786133254e-14 -6.68889848620147e-14 -2.40414219952457e-13  1.37224868427977e-13      0.11141287108756
TOTAL ENERGY: -127.327440341246	 lambda: 0.1	 population of target: 6.61455817099043
1RDM: 
     1.99999952747249  1.67142406382173e-08 -3.97374144959053e-07 -1.36893134944004e-07 -1.52140167019855e-05  2.32511211752245e-15  4.26975427410494e-15  9.83200923929715e-15 -5.62657200655637e-15 -9.70141029739923e-05
 1.67142406382173e-08      1.99999875572612   4.7617888092726e-07  7.65284015580393e-06 -1.78116694089013e-05 -8.50094047425853e-16 -6.20171223626078e-16 -1.54727506935575e-15  8.20617045644176e-16  0.000162825159533022
-3.97374144959053e-07   4.7617888092726e-07      1.99662472668016 -0.000419921905829486  -0.00203758683928058  1.24467393091469e-13  2.28200866573266e-13   4.9176394498421e-13 -2.81336461440748e-13   -0.0156994745595789
-1.36893134944004e-07  7.65284015580393e-06 -0.000419921905829486      1.98475640228048  0.000389979643068595  7.97012889991148e-14  1.46069714851701e-13  2.77125805763619e-13 -1.58492915724702e-13    0.0167711884660648
-1.52140167019855e-05 -1.78116694089013e-05  -0.00203758683928058  0.000389979643068595      1.88781517877178 -2.05884217695786e-13 -3.77984185205754e-13 -9.36504857551982e-13  5.35847824074803e-13   -0.0322013716257876
 2.32511211752245e-15 -8.50094047425853e-16  1.24467393091469e-13  7.97012889991148e-14 -2.05884217695786e-13       1.6638821417254  1.43566344819239e-15 -0.000679541624839962    -0.035353356038489 -2.92299177339611e-14
 4.26975427410494e-15 -6.20171223626078e-16  2.28200866573266e-13  1.46069714851701e-13 -3.77984185205754e-13  1.43566344819239e-15      1.66388214172529     0.035353356038446 -0.000679541624843438 -5.39043594042745e-14
 9.83200923929715e-15 -1.54727506935575e-15   4.9176394498421e-13  2.77125805763619e-13 -9.36504857551982e-13 -0.000679541624839962     0.035353356038446     0.342949673318699  -7.9422207821492e-16 -2.52607189620967e-13
-5.62657200655637e-15  8.20617045644176e-16 -2.81336461440748e-13 -1.58492915724702e-13  5.35847824074803e-13    -0.035353356038489 -0.000679541624843438  -7.9422207821492e-16     0.342949673318585  1.44157229433137e-13
-9.70141029739923e-05  0.000162825159533022   -0.0156994745595789    0.0167711884660648   -0.0322013716257876 -2.92299177339611e-14 -5.39043594042745e-14 -2.52607189620967e-13  1.44157229433137e-13     0.117141778981026
TOTAL ENERGY: -127.309574379898	 lambda: 0.2	 population of target: 6.73411253494024
1RDM: 
     1.99999948902879  5.21871712919721e-08 -2.02628408035144e-06  1.60893598533646e-06 -2.83996289144714e-05  2.44943739047754e-15  4.49867595239535e-15   9.1730259472211e-15 -5.25023172630624e-15 -0.000181868863999418
 5.21871712919721e-08      1.99999881334226  4.16720720963642e-06  1.00778748702698e-05 -2.64780041699673e-05 -8.97263944214268e-16 -6.24159920697168e-16 -1.26927665627774e-15  6.16969998574076e-16  0.000313970883829965
-2.02628408035144e-06  4.16720720963642e-06       1.9960276760579 -0.000516615366722124  -0.00434129600467642  1.32442177268245e-13  2.42838208498496e-13  4.46190896081714e-13 -2.55303719653427e-13    -0.029888701939395
 1.60893598533646e-06  1.00778748702698e-05 -0.000516615366722124      1.98695306590224   0.00203459858257305   8.4028338141872e-14  1.54000980410153e-13   2.7758880547705e-13 -1.58756864801927e-13     0.033291519887535
-2.83996289144714e-05 -2.64780041699673e-05  -0.00434129600467642   0.00203459858257305      1.87855714569966 -2.16974885233417e-13 -3.98386058431436e-13 -9.06560595369805e-13    5.187692323103e-13   -0.0696396478019091
 2.44943739047754e-15 -8.97263944214268e-16  1.32442177268245e-13   8.4028338141872e-14 -2.16974885233417e-13      1.63414846121421  1.10593810576611e-15  -0.00124244917016494   -0.0646387515942329 -1.25515307793567e-14
 4.49867595239535e-15 -6.24159920697168e-16  2.42838208498496e-13  1.54000980410153e-13 -3.98386058431436e-13  1.10593810576611e-15       1.6341484612141    0.0646387515941881  -0.00124244917017063  -2.3263196886715e-14
  9.1730259472211e-15 -1.26927665627774e-15  4.46190896081714e-13   2.7758880547705e-13 -9.06560595369805e-13  -0.00124244917016494    0.0646387515941881     0.371666107548609 -1.18863257208004e-15 -2.55044379717422e-13
-5.25023172630624e-15  6.16969998574076e-16 -2.55303719653427e-13 -1.58756864801927e-13    5.187692323103e-13   -0.0646387515942329  -0.00124244917017063 -1.18863257208004e-15     0.371666107548504  1.45526226182546e-13
-0.000181868863999418  0.000313970883829965    -0.029888701939395     0.033291519887535   -0.0696396478019091 -1.25515307793567e-14  -2.3263196886715e-14 -2.55044379717422e-13  1.45526226182546e-13     0.126834672443787
TOTAL ENERGY: -127.28176782299	 lambda: 0.3	 population of target: 6.84559482793099
1RDM: 
     1.99999943748735  9.88801443496247e-08 -4.81267237126896e-06   4.6457607814508e-06 -3.95467432653108e-05  2.54995352556577e-15  4.68374003624399e-15  8.61021712756459e-15 -4.92881568093207e-15 -0.000260870293683271
 9.88801443496247e-08      1.99999884596674  1.04298789612844e-05  8.25148527307518e-06 -2.22695209565895e-05 -9.47896096080738e-16 -6.49045004358209e-16 -1.03548154342166e-15  4.45538570445986e-16  0.000444317716939781
-4.81267237126896e-06  1.04298789612844e-05      1.99516599121749 -0.000374042188487398  -0.00673472600928869   1.3925024216199e-13  2.55336152486456e-13  4.06985993842631e-13 -2.32906220805967e-13   -0.0428072774293764
  4.6457607814508e-06  8.25148527307518e-06 -0.000374042188487398      1.98829451994341   0.00490234676237149  8.62311189742985e-14  1.58037361038715e-13    2.784934050666e-13 -1.59267921633316e-13    0.0486390655123691
-3.95467432653108e-05 -2.22695209565895e-05  -0.00673472600928869   0.00490234676237149      1.86781237326023  -2.2273654308143e-13 -4.09011530059423e-13 -8.91108654739498e-13  5.09955318452327e-13    -0.110563861787739
 2.54995352556577e-15 -9.47896096080738e-16   1.3925024216199e-13  8.62311189742985e-14  -2.2273654308143e-13      1.60962520076003  -1.7627898652295e-15  -0.00171782647038473   -0.0893704102170822  1.05479010314991e-14
 4.68374003624399e-15 -6.49045004358209e-16  2.55336152486456e-13  1.58037361038715e-13 -4.09011530059423e-13  -1.7627898652295e-15      1.60962520076006    0.0893704102170037  -0.00171782647038521   1.9147155189411e-14
 8.61021712756459e-15 -1.03548154342166e-15  4.06985993842631e-13    2.784934050666e-13 -8.91108654739498e-13  -0.00171782647038473    0.0893704102170037     0.395479768363072 -1.40275927316807e-15 -2.46480502841919e-13
-4.92881568093207e-15  4.45538570445986e-16 -2.32906220805967e-13 -1.59267921633316e-13  5.09955318452327e-13   -0.0893704102170822  -0.00171782647038521 -1.40275927316807e-15     0.395479768363105   1.4060997620142e-13
-0.000260870293683271  0.000444317716939781   -0.0428072774293764    0.0486390655123691    -0.110563861787739  1.05479010314991e-14   1.9147155189411e-14 -2.46480502841919e-13   1.4060997620142e-13     0.138518893878494
TOTAL ENERGY: -127.245002964531	 lambda: 0.4	 population of target: 6.95074907662792
1RDM: 
     1.99999936965595  1.49493611009789e-07 -9.07475739360535e-06  8.52304945542004e-06 -5.13122560995397e-05  2.60129980370105e-15  4.77846942401207e-15  8.12473553180992e-15 -4.65158543379708e-15 -0.000341081380485863
 1.49493611009789e-07      1.99999887029855  1.85161698800286e-05  3.81154544287508e-06 -4.82129201558291e-06 -9.88715749548098e-16 -6.78000301352406e-16 -8.63273926266517e-16  3.12845293712987e-16   0.00054663761074605
-9.07475739360535e-06  1.85161698800286e-05      1.99399957574276 -8.99383774246299e-05  -0.00918857381104057  1.43450829560442e-13   2.6305250048543e-13  3.72591888057809e-13  -2.1325906088479e-13   -0.0549519893706059
 8.52304945542004e-06  3.81154544287508e-06 -8.99383774246299e-05      1.98890538137264   0.00865608316731755  8.52113794017041e-14  1.56169428937782e-13  2.79629563514283e-13 -1.59910821430798e-13    0.0621920199755021
-5.13122560995397e-05 -4.82129201558291e-06  -0.00918857381104057   0.00865608316731755      1.85784332244121 -2.22697531769071e-13 -4.08984340979972e-13 -8.86551750128047e-13  5.07379054279728e-13    -0.153950489232675
 2.60129980370105e-15 -9.88715749548098e-16  1.43450829560442e-13  8.52113794017041e-14 -2.22697531769071e-13      1.59301234019511 -9.51739858324715e-17  -0.00214896351600644    -0.111800410378712  3.73513200017525e-14
 4.77846942401207e-15 -6.78000301352406e-16   2.6305250048543e-13  1.56169428937782e-13 -4.08984340979972e-13 -9.51739858324715e-17      1.59301234019504     0.111800410378592  -0.00214896351598214  6.83441825320231e-14
 8.12473553180992e-15 -8.63273926266517e-16  3.72591888057809e-13  2.79629563514283e-13 -8.86551750128047e-13  -0.00214896351600644     0.111800410378592     0.411664295930365 -4.96249291613364e-16 -2.28113155571916e-13
-4.65158543379708e-15  3.12845293712987e-16  -2.1325906088479e-13 -1.59910821430798e-13  5.07379054279728e-13    -0.111800410378712  -0.00214896351598214 -4.96249291613364e-16     0.411664295930297  1.30094876777741e-13
-0.000341081380485863   0.00054663761074605   -0.0549519893706059    0.0621920199755021    -0.153950489232675  3.73513200017525e-14  6.83441825320231e-14 -2.28113155571916e-13  1.30094876777741e-13     0.149900208238074
TOTAL ENERGY: -127.198837659678	 lambda: 0.5	 population of target: 7.05334490132076
1RDM: 
     1.99999928087187  1.98098290604999e-07 -1.53970241365306e-05  1.29455413138845e-05 -6.76993707696933e-05  2.59138987218329e-15  4.76073782202257e-15  7.68811182681827e-15 -4.40232896212758e-15 -0.000427020365940396
 1.98098290604999e-07      1.99999889745005  2.77929232236994e-05 -1.62543931346298e-06  2.26660500785991e-05 -1.01853516907843e-15 -7.11652167853151e-16 -7.38409251648061e-16  2.07197341669411e-16  0.000617978989083721
-1.53970241365306e-05  2.77929232236994e-05      1.99245444386239  0.000250274141519797   -0.0118118407886767  1.44160202226636e-13  2.64367762128501e-13  3.41367564138457e-13 -1.95424782300016e-13   -0.0668456012705772
 1.29455413138845e-05 -1.62543931346298e-06  0.000250274141519797       1.9889712822481    0.0128366991256792  8.15419566090423e-14  1.49453638461067e-13  2.79079993888715e-13 -1.59592742014908e-13    0.0737925728236645
-6.76993707696933e-05  2.26660500785991e-05   -0.0118118407886767    0.0128366991256792      1.84989695500329  -2.1559204801502e-13 -3.95980484480411e-13 -8.92035325101192e-13  5.10545534645568e-13    -0.199548649540449
 2.59138987218329e-15 -1.01853516907843e-15  1.44160202226636e-13  8.15419566090423e-14  -2.1559204801502e-13      1.58534322588222  1.35611101795034e-15   -0.0025811583705939    -0.134285486427674  6.54781686698057e-14
 4.76073782202257e-15 -7.11652167853151e-16  2.64367762128501e-13  1.49453638461067e-13 -3.95980484480411e-13  1.35611101795034e-15      1.58534322588194     0.134285486427614  -0.00258115837059523   1.1995385875155e-13
 7.68811182681827e-15 -7.38409251648061e-16  3.41367564138457e-13  2.79079993888715e-13 -8.92035325101192e-13   -0.0025811583705939     0.134285486427614       0.4191562425073 -3.80556658985583e-15 -1.99783923739204e-13
-4.40232896212758e-15  2.07197341669411e-16 -1.95424782300016e-13 -1.59592742014908e-13  5.10545534645568e-13    -0.134285486427674  -0.00258115837059523 -3.80556658985583e-15     0.419156242507025  1.13895774116343e-13
-0.000427020365940396  0.000617978989083721   -0.0668456012705772    0.0737925728236645    -0.199548649540449  6.54781686698057e-14   1.1995385875155e-13 -1.99783923739204e-13  1.13895774116343e-13     0.159680203785846
TOTAL ENERGY: -127.141369430608	 lambda: 0.6	 population of target: 7.15777371385023
1RDM: 
     1.99999916668372  2.41325758921255e-07 -2.44707038138032e-05  1.77156712485182e-05 -9.23714716097825e-05   2.5204884958677e-15   4.6310296528178e-15  7.27886285140059e-15 -4.16892472883691e-15 -0.000519520398645834
 2.41325758921255e-07       1.9999989286464  3.79266244823813e-05 -6.93890920773385e-06  5.43575088018631e-05 -1.00649337662098e-15 -6.94266355042164e-16 -6.85306952822956e-16  1.40516667854816e-16  0.000661134008638487
-2.44707038138032e-05  3.79266244823813e-05       1.9904388996718  0.000589756984611392   -0.0147846824283827   1.4193927271869e-13   2.6026995082697e-13  3.10369626626575e-13 -1.77708486932878e-13    -0.078889954225858
 1.77156712485182e-05 -6.93890920773385e-06  0.000589756984611392      1.98866285993995    0.0170228391454125  7.30343543378615e-14  1.34100431878404e-13  2.79783843150732e-13  -1.6009166097175e-13    0.0837149650672371
-9.23714716097825e-05  5.43575088018631e-05   -0.0147846824283827    0.0170228391454125      1.84362917266161 -2.08648591630385e-13 -3.82602326535135e-13 -8.90271405257283e-13  5.09282860983175e-13    -0.247198278055005
  2.5204884958677e-15 -1.00649337662098e-15   1.4193927271869e-13  7.30343543378615e-14 -2.08648591630385e-13      1.58606817133206 -4.36733538915802e-16  -0.00305433585452492     -0.15890266320771  9.72614641507918e-14
  4.6310296528178e-15 -6.94266355042164e-16   2.6026995082697e-13  1.34100431878404e-13 -3.82602326535135e-13 -4.36733538915802e-16        1.586068171332     0.158902663207633  -0.00305433585452844  1.77916337241438e-13
 7.27886285140059e-15 -6.85306952822956e-16  3.10369626626575e-13  2.79783843150732e-13 -8.90271405257283e-13  -0.00305433585452492     0.158902663207633     0.418484660374126 -1.30791184897868e-15 -1.70447103267769e-13
-4.16892472883691e-15  1.40516667854816e-16 -1.77708486932878e-13  -1.6009166097175e-13  5.09282860983175e-13     -0.15890266320771  -0.00305433585452844 -1.30791184897868e-15     0.418484660374069  9.73237837303771e-14
-0.000519520398645834  0.000661134008638487    -0.078889954225858    0.0837149650672371    -0.247198278055005  9.72614641507918e-14  1.77916337241438e-13 -1.70447103267769e-13  9.73237837303771e-14     0.168165308984333
TOTAL ENERGY: -127.069952568002	 lambda: 0.7	 population of target: 7.26756198365587
1RDM: 
     1.99999902429401  2.80086884101917e-07 -3.69477565394692e-05   2.2712852656689e-05 -0.000127191639686494  2.39934568911537e-15  4.40917647060743e-15   6.8641743857262e-15 -3.93225000959189e-15 -0.000616261655196224
 2.80086884101917e-07       1.9999989552318  4.90229533208962e-05 -1.17058648552389e-05  8.36621818495333e-05 -9.81347514216953e-16 -6.69034770603301e-16 -6.32694265884637e-16  6.78072474622467e-17  0.000685380699730808
-3.69477565394692e-05  4.90229533208962e-05       1.9878666404011   0.00091013130361965   -0.0182728314460974  1.36840606742911e-13  2.50951926530317e-13  2.79005996154902e-13 -1.59813820216865e-13   -0.0913133642908638
  2.2712852656689e-05 -1.17058648552389e-05   0.00091013130361965      1.98809502173444    0.0209349949637767  6.36460937181927e-14  1.16952206764411e-13  2.76672591828297e-13 -1.58335889274025e-13    0.0925458465197332
