Naturals in-correctTOTAL ENERGY: -126.714417765049	 lambda: -1	 population of target: 5.0683681886513
1RDM: 
     1.99999947381704 -3.24368547962245e-07  1.72781833463721e-05 -4.07679361709826e-05   2.9810244707092e-05 -2.92940825049639e-17  -4.4361949484145e-18  1.24446846119407e-17 -8.00627544389213e-17  0.000124334702808566
-3.24368547962245e-07      1.99999603951191  -2.1513649154924e-06  7.26771816954062e-05 -4.60945450024865e-06  -2.2732361018557e-16 -9.14847798280889e-17  2.66144885379033e-16  -6.0231527446264e-16  8.46363000972058e-05
 1.72781833463721e-05  -2.1513649154924e-06      1.97608183116257    0.0273262787802884     0.019795124818136  1.04715967582233e-16 -2.30343314818476e-16  7.28441618675006e-16  3.70436844251373e-16    -0.203490130266087
-4.07679361709826e-05  7.26771816954062e-05    0.0273262787802884      1.93711034680878   -0.0100325869201133  1.13152558915793e-16 -2.74426572427941e-17  2.19866470276536e-16  3.15390351558439e-16     0.188764212094588
  2.9810244707092e-05 -4.60945450024865e-06     0.019795124818136   -0.0100325869201133      1.92813459872652 -3.07095627087058e-17 -8.78350608860377e-17  4.31833587740335e-16 -9.44102234583117e-17     0.235937228744385
-2.92940825049639e-17  -2.2732361018557e-16  1.04715967582233e-16  1.13152558915793e-16 -3.07095627087058e-17      1.81421413820894  6.24908445766548e-15    0.0190152723840826    -0.491193101715697 -5.51250460117157e-17
 -4.4361949484145e-18 -9.14847798280889e-17 -2.30343314818476e-16 -2.74426572427941e-17 -8.78350608860377e-17  6.24908445766548e-15      1.81421413820892     0.491193101715728    0.0190152723841029 -4.54620814393094e-17
 1.24446846119407e-17  2.66144885379033e-16  7.28441618675006e-16  2.19866470276536e-16  4.31833587740335e-16    0.0190152723840826     0.491193101715728     0.211344384397888  6.97690223134037e-15 -3.54464090054715e-17
-8.00627544389213e-17  -6.0231527446264e-16  3.70436844251373e-16  3.15390351558439e-16 -9.44102234583117e-17    -0.491193101715697    0.0190152723841029  6.97690223134037e-15     0.211344384397875 -2.70931502744942e-18
 0.000124334702808566  8.46363000972058e-05    -0.203490130266087     0.188764212094588     0.235937228744385 -5.51250460117157e-17 -4.54620814393094e-17 -3.54464090054715e-17 -2.70931502744942e-18     0.107560664759632
TOTAL ENERGY: -126.841498564035	 lambda: -0.9	 population of target: 5.20214913582436
1RDM: 
     1.99999943699967 -2.96685456566897e-07  1.84374905356152e-05 -3.86426622026952e-05  2.61051188567876e-05 -2.66847602855981e-17 -4.97359153761219e-18  1.17814019766695e-17 -7.28532670393742e-17  0.000160032517858909
-2.96685456566897e-07      1.99999615490087 -3.64278914937303e-06  6.97350941000968e-05  1.81504529423868e-06  -2.0684488673646e-16 -8.40790116709471e-17  2.39690324533545e-16 -5.42552865184854e-16  6.70285958646788e-05
 1.84374905356152e-05 -3.64278914937303e-06      1.97980807567411    0.0230217199075181    0.0158607970484365  8.78681348987585e-17 -2.29875151775446e-16  7.52059468686288e-16  3.43131227349139e-16    -0.185983833901249
-3.86426622026952e-05  6.97350941000968e-05    0.0230217199075181      1.94277062831974  -0.00745996881982957  5.97332923607838e-17 -1.98223538087275e-16  5.16465158869091e-16   2.3678957306856e-16     0.170722561589371
 2.61051188567876e-05  1.81504529423868e-06    0.0158607970484365  -0.00745996881982957      1.93170353607595 -4.46767331812209e-17 -2.06181762711795e-16  7.24415182901743e-16 -1.13139460232456e-16     0.214893924248167
-2.66847602855981e-17  -2.0684488673646e-16  8.78681348987585e-17  5.97332923607838e-17 -4.46767331812209e-17       1.8308680829296  4.57803269733905e-15     0.016975051760077    -0.438491131684126 -7.02438462380809e-17
-4.97359153761219e-18 -8.40790116709471e-17 -2.29875151775446e-16 -1.98223538087275e-16 -2.06181762711795e-16  4.57803269733905e-15      1.83086808292963     0.438491131684055    0.0169750517600883 -1.05920902326396e-16
 1.17814019766695e-17  2.39690324533545e-16  7.52059468686288e-16  5.16465158869091e-16  7.24415182901743e-16     0.016975051760077     0.438491131684055     0.193144783970269  3.13122954274244e-15  9.77665732147688e-17
-7.28532670393742e-17 -5.42552865184854e-16  3.43131227349139e-16   2.3678957306856e-16 -1.13139460232456e-16    -0.438491131684126    0.0169750517600883  3.13122954274244e-15     0.193144783970303 -2.14117752359981e-17
 0.000160032517858909  6.70285958646788e-05    -0.185983833901249     0.170722561589371     0.214893924248167 -7.02438462380809e-17 -1.05920902326396e-16  9.77665732147688e-17 -2.14117752359981e-17    0.0976964342298993
TOTAL ENERGY: -126.956175260958	 lambda: -0.8	 population of target: 5.33707291779976
1RDM: 
     1.99999940467834 -2.62264376482318e-07  1.75740626549068e-05  -3.5657284661319e-05   2.2082750025281e-05 -2.43532095756126e-17 -4.23183542571215e-18    8.491980457323e-18 -6.52593223516017e-17  0.000182717344607842
-2.62264376482318e-07      1.99999627840961  -4.9208668766535e-06   6.5945692764566e-05  5.76907639829171e-06 -1.90824463281709e-16 -7.72896635776283e-17  2.11033369278216e-16 -4.83429261682195e-16  5.06882220469176e-05
 1.75740626549068e-05  -4.9208668766535e-06      1.98327215616305    0.0190443865811403    0.0123083119213778  8.36498621322195e-17 -1.80494966393401e-16  6.51529960980774e-16  3.36241002948871e-16     -0.16776672758747
 -3.5657284661319e-05   6.5945692764566e-05    0.0190443865811403      1.94817649957299  -0.00508139572423488  7.96148323143814e-17 -4.36368593627234e-17  2.30556588474211e-16  2.61147333539234e-16     0.152491056200597
  2.2082750025281e-05  5.76907639829171e-06    0.0123083119213778  -0.00508139572423488      1.93526234636444 -6.72648619694204e-18 -8.04573073325295e-17    4.266767864287e-16 -2.75591515499095e-17     0.192983470144117
-2.43532095756126e-17 -1.90824463281709e-16  8.36498621322195e-17  7.96148323143814e-17 -6.72648619694204e-18      1.84344764045739  3.63301509747217e-15    0.0149747092574616    -0.386819272464473 -6.15900472343574e-17
-4.23183542571215e-18 -7.72896635776283e-17 -1.80494966393401e-16 -4.36368593627234e-17 -8.04573073325295e-17  3.63301509747217e-15       1.8434476404574     0.386819272464451    0.0149747092574731 -6.08457302785367e-17
   8.491980457323e-18  2.11033369278216e-16  6.51529960980774e-16  2.30556588474211e-16    4.266767864287e-16    0.0149747092574616     0.386819272464451     0.179047403030473  3.11440055974592e-15 -5.60471054166487e-18
-6.52593223516017e-17 -4.83429261682195e-16  3.36241002948871e-16  2.61147333539234e-16 -2.75591515499095e-17    -0.386819272464473    0.0149747092574731  3.11440055974592e-15     0.179047403030484   2.1039103035836e-18
 0.000182717344607842  5.06882220469176e-05     -0.16776672758747     0.152491056200597     0.192983470144117 -6.15900472343574e-17 -6.08457302785367e-17 -5.60471054166487e-18   2.1039103035836e-18    0.0883032278359025
TOTAL ENERGY: -127.05812191506	 lambda: -0.7	 population of target: 5.47301322021185
1RDM: 
     1.99999937422266 -2.24472971865177e-07  1.55414819352188e-05 -3.20713119080655e-05  1.80907511020275e-05 -2.27106166575074e-17 -4.70684776047498e-18  7.51157461808378e-18 -5.81251290685923e-17  0.000197089899664235
-2.24472971865177e-07      1.99999641453507 -5.77915292230946e-06  6.10131196672256e-05  7.90857550677471e-06  -1.7879797594927e-16 -7.31153102035779e-17  1.85097524909176e-16 -4.25950520004047e-16  3.63462755609817e-05
 1.55414819352188e-05 -5.77915292230946e-06      1.98641022980394    0.0153889274368649   0.00910942434054953  7.27579988975438e-17 -1.76239729911077e-16  6.47222003318271e-16  3.13839152445006e-16    -0.148967660762025
-3.20713119080655e-05  6.10131196672256e-05    0.0153889274368649      1.95331862061984  -0.00297623941347752  5.14001543750494e-17 -1.45058494234546e-16  4.25967708739074e-16  2.12223811759841e-16     0.133883205657394
 1.80907511020275e-05  7.90857550677471e-06   0.00910942434054953  -0.00297623941347752      1.93847150096197 -1.11300482847038e-17 -1.72901124793566e-16  6.60496958489259e-16 -2.12265584572384e-17     0.169755624306325
-2.27106166575074e-17  -1.7879797594927e-16  7.27579988975438e-17  5.14001543750494e-17 -1.11300482847038e-17      1.85278873661659  3.41570125259409e-15    0.0130202097652822    -0.336331609364912 -6.66148025323503e-17
-4.70684776047498e-18 -7.31153102035779e-17 -1.76239729911077e-16 -1.45058494234546e-16 -1.72901124793566e-16  3.41570125259409e-15      1.85278873661655     0.336331609365003    0.0130202097652977 -8.99046206218598e-17
 7.51157461808378e-18  1.85097524909176e-16  6.47222003318271e-16  4.25967708739074e-16  6.60496958489259e-16    0.0130202097652822     0.336331609365003     0.168208447330806   4.5172668922623e-15  8.72911412955914e-17
-5.81251290685923e-17 -4.25950520004047e-16  3.13839152445006e-16  2.12223811759841e-16 -2.12265584572384e-17    -0.336331609364912    0.0130202097652977   4.5172668922623e-15     0.168208447330774 -3.89284513339527e-18
 0.000197089899664235  3.63462755609817e-05    -0.148967660762025     0.133883205657394     0.169755624306325 -6.66148025323503e-17 -8.99046206218598e-17  8.72911412955914e-17 -3.89284513339527e-18    0.0798094919618259
TOTAL ENERGY: -127.147154996856	 lambda: -0.6	 population of target: 5.61000075359708
1RDM: 
     1.99999934273732 -1.86418843092019e-07  1.28040163929244e-05 -2.78133300977528e-05  1.48955114894435e-05 -2.13424916408274e-17 -4.55608249420982e-18  5.13124122313024e-18 -5.08984264064251e-17  0.000204108055076122
-1.86418843092019e-07       1.9999965658777 -6.06071197622308e-06  5.47412370067474e-05  8.85125834612751e-06   -1.697659995082e-16  -6.9592823821901e-17  1.58383034610768e-16 -3.69331314273997e-16  2.48959480079189e-05
 1.28040163929244e-05 -6.06071197622308e-06      1.98918467479655    0.0120565075802684   0.00629094447944633  6.75560993914542e-17 -1.47589016844208e-16  5.79687707377439e-16  2.98953480067272e-16    -0.129591840886337
-2.78133300977528e-05  5.47412370067474e-05    0.0120565075802684      1.95816679781796   -0.0012761045595889  5.20163575778403e-17  -8.7768001610736e-17  3.04370853447784e-16  2.05337202199435e-16     0.114885106109542
 1.48955114894435e-05  8.85125834612751e-06   0.00629094447944633   -0.0012761045595889      1.94097159752334  8.20457888305028e-18 -1.19115955126936e-16  5.23200563641145e-16  3.53856253304299e-17     0.145526303566306
-2.13424916408274e-17   -1.697659995082e-16  6.75560993914542e-17  5.20163575778403e-17  8.20457888305028e-18      1.85947111304027  3.02514416684124e-15    0.0111012548352132    -0.286762113378841 -6.23405955217086e-17
-4.55608249420982e-18  -6.9592823821901e-17 -1.47589016844208e-16  -8.7768001610736e-17 -1.19115955126936e-16  3.02514416684124e-15      1.85947111304026     0.286762113378826     0.011101254835225 -6.71118267795486e-17
 5.13124122313024e-18  1.58383034610768e-16  5.79687707377439e-16  3.04370853447784e-16  5.23200563641145e-16    0.0111012548352132     0.286762113378826     0.160036974325734  3.06397101881005e-15   5.0739021816598e-17
-5.08984264064251e-17 -3.69331314273997e-16  2.98953480067272e-16  2.05337202199435e-16  3.53856253304299e-17    -0.286762113378841     0.011101254835225  3.06397101881005e-15      0.16003697432573  6.98453733585545e-18
 0.000204108055076122  2.48959480079189e-05    -0.129591840886337     0.114885106109542     0.145526303566306 -6.23405955217086e-17 -6.71118267795486e-17   5.0739021816598e-17  6.98453733585545e-18    0.0726648465151528
TOTAL ENERGY: -127.22306180293	 lambda: -0.5	 population of target: 5.74802847455873
1RDM: 
     1.99999930862768 -1.50318585548516e-07  9.61844023270053e-06 -2.28385860375622e-05  1.29113831103483e-05 -2.03605051029783e-17 -4.56493338828603e-18  2.93913107524837e-18 -4.37622919525789e-17   0.00020188065592597
-1.50318585548516e-07      1.99999673213644 -5.72200575725089e-06  4.71095700763729e-05  9.06635572945833e-06 -1.63604894559143e-16 -6.73461869835554e-17   1.3215396322909e-16    -3.13336892005e-16  1.69615118287424e-05
 9.61844023270053e-06 -5.72200575725089e-06      1.99156735383018   0.00905980321947407   0.00390459948897551  6.24681094170419e-17 -1.24732776301629e-16   5.1888821485703e-16  2.81694234146693e-16    -0.109576850242617
-2.28385860375622e-05  4.71095700763729e-05   0.00905980321947407      1.96269184452042 -6.65063116028526e-05  4.81627421430826e-17 -5.22858767752327e-17  2.17339143607962e-16  1.89608126809787e-16    0.0956298018448751
 1.29113831103483e-05  9.06635572945833e-06   0.00390459948897551 -6.65063116028526e-05       1.9426187843311  2.14197845001508e-17 -7.86976912575666e-17  4.09665959683138e-16  8.30794180122899e-17     0.120994234180983
-2.03605051029783e-17 -1.63604894559143e-16  6.24681094170419e-17  4.81627421430826e-17  2.14197845001508e-17       1.8637064643766  1.82772467340343e-15   0.00920249273961975    -0.237714214885219 -5.82384978993504e-17
-4.56493338828603e-18 -6.73461869835554e-17 -1.24732776301629e-16 -5.22858767752327e-17 -7.86976912575666e-17  1.82772467340343e-15      1.86370646437659     0.237714214885176   0.00920249273962881 -4.89981953428408e-17
 2.93913107524837e-18   1.3215396322909e-16   5.1888821485703e-16  2.17339143607962e-16  4.09665959683138e-16   0.00920249273961975     0.237714214885176     0.154313500855524  2.12084153175184e-15  2.71095814034661e-17
-4.37622919525789e-17    -3.13336892005e-16  2.81694234146693e-16  1.89608126809787e-16  8.30794180122899e-17    -0.237714214885219   0.00920249273962881  2.12084153175184e-15      0.15431350085551  1.38488922925669e-17
  0.00020188065592597  1.69615118287424e-05    -0.109576850242617    0.0956298018448751     0.120994234180983 -5.82384978993504e-17 -4.89981953428408e-17  2.71095814034661e-17  1.38488922925669e-17    0.0670860460900028
TOTAL ENERGY: -127.285600413507	 lambda: -0.4	 population of target: 5.8870199750056
1RDM: 
     1.99999927149528 -1.17138438290038e-07  6.24829270131348e-06 -1.73470052815467e-05  1.18550436301216e-05 -1.97766796639453e-17 -4.89139911086583e-18  1.30880178271274e-18 -3.66712353795011e-17  0.000187564680976926
-1.17138438290038e-07      1.99999691012275 -4.85138791004567e-06  3.83018122100632e-05  8.79909394963799e-06   -1.604227596187e-16 -6.65289839498233e-17  1.06400279029715e-16 -2.57633037425643e-16  1.24806655709265e-05
 6.24829270131348e-06 -4.85138791004567e-06       1.9935258954599   0.00642114657228388   0.00200255804319331  5.73529094763989e-17 -1.14386557301007e-16  4.77989462995204e-16  2.62329722955861e-16   -0.0888570801861759
-1.73470052815467e-05  3.83018122100632e-05   0.00642114657228388      1.96687866988906  0.000656582666663943  4.00505360301713e-17 -6.78641761078458e-17   2.4480314084831e-16  1.66105162213932e-16    0.0763054673939856
 1.18550436301216e-05  8.79909394963799e-06   0.00200255804319331  0.000656582666663943      1.94353683385822  2.68024093921697e-17 -1.00197952218581e-16  4.65311874202337e-16   1.1907654745624e-16    0.0967720582761739
-1.97766796639453e-17   -1.604227596187e-16  5.73529094763989e-17  4.00505360301713e-17  2.68024093921697e-17      1.86538943132628  2.39033780155757e-15   0.00731296697204875    -0.188904833539493 -5.32591989119078e-17
-4.89139911086583e-18 -6.65289839498233e-17 -1.14386557301007e-16 -6.78641761078458e-17 -1.00197952218581e-16  2.39033780155757e-15      1.86538943132627     0.188904833539544    0.0073129669720649 -4.45354467391229e-17
 1.30880178271274e-18  1.06400279029715e-16  4.77989462995204e-16   2.4480314084831e-16  4.65311874202337e-16   0.00731296697204875     0.188904833539544     0.151144392657359  2.85235375434668e-15  5.07827640033447e-17
-3.66712353795011e-17 -2.57633037425643e-16  2.62329722955861e-16  1.66105162213932e-16   1.1907654745624e-16    -0.188904833539493    0.0073129669720649  2.85235375434668e-15     0.151144392657342  1.71516659155906e-17
 0.000187564680976926  1.24806655709265e-05   -0.0888570801861759    0.0763054673939856    0.0967720582761739 -5.32591989119078e-17 -4.45354467391229e-17  5.07827640033447e-17  1.71516659155906e-17    0.0629947712076174
TOTAL ENERGY: -127.334530213224	 lambda: -0.3	 population of target: 6.02683674621999
1RDM: 
     1.99999923104348 -8.66085633623905e-08  3.08745584109431e-06 -1.17952028771908e-05  1.08806759393681e-05 -1.95962211467666e-17 -5.17570353851215e-18 -6.26268553353075e-19 -2.95764458823374e-17  0.000159240110991475
-8.66085633623905e-08      1.99999709455858 -3.63764463053227e-06  2.86858194933858e-05  8.03044921685636e-06 -1.60503909576119e-16 -6.69784928020012e-17  8.06004070625437e-17 -2.02173574801771e-16  1.05146708243663e-05
 3.08745584109431e-06 -3.63764463053227e-06      1.99501799034736   0.00416840886032562  0.000627873626763026  5.35898688681966e-17 -1.01350652966935e-16  4.24248183857022e-16  2.42115925172738e-16   -0.0674193686464923
-1.17952028771908e-05  2.86858194933858e-05   0.00416840886032562      1.97072142870526  0.000966173498396109   3.4898645149523e-17 -5.63147910781339e-17  2.05225212466559e-16  1.43565255790336e-16    0.0570580694064346
 1.08806759393681e-05  8.03044921685636e-06  0.000627873626763026  0.000966173498396109      1.94399742485411   3.3383699288982e-17 -8.62464416915945e-17  4.12592292183265e-16  1.54816034491216e-16    0.0730473375155245
-1.95962211467666e-17 -1.60503909576119e-16  5.35898688681966e-17   3.4898645149523e-17   3.3383699288982e-17      1.86424188643603  2.17983904429048e-15   0.00543213771013526    -0.140320348873993 -4.46616726151078e-17
-5.17570353851215e-18 -6.69784928020012e-17 -1.01350652966935e-16 -5.63147910781339e-17 -8.62464416915945e-17  2.17983904429048e-15      1.86424188643601     0.140320348873997   0.00543213771015701 -3.22476394655245e-17
-6.26268553353075e-19  8.06004070625437e-17  4.24248183857022e-16  2.05225212466559e-16  4.12592292183265e-16   0.00543213771013526     0.140320348873997     0.150821308920348  2.60338105815728e-15  4.62595054826128e-17
-2.95764458823374e-17 -2.02173574801771e-16  2.42115925172738e-16  1.43565255790336e-16  1.54816034491216e-16    -0.140320348873993   0.00543213771015701  2.60338105815728e-15     0.150821308920335   2.0927418266204e-17
 0.000159240110991475  1.05146708243663e-05   -0.0674193686464923    0.0570580694064346    0.0730473375155245 -4.46616726151078e-17 -3.22476394655245e-17  4.62595054826128e-17   2.0927418266204e-17    0.0601404397784877
TOTAL ENERGY: -127.369624271337	 lambda: -0.2	 population of target: 6.16722590283672
1RDM: 
     1.99999918603521 -5.76387794644181e-08  6.51520486083665e-07 -6.75314114940957e-06  8.99861708633642e-06 -1.98644355519603e-17 -5.63488464600486e-18 -2.35456603882576e-18  -2.2512626242816e-17  0.000116988176067574
-5.76387794644181e-08      1.99999727928962 -2.30690695094134e-06  1.87550529797697e-05  6.51379876874467e-06 -1.64145194987637e-16 -6.89720420586373e-17  5.51455590126302e-17 -1.47303566542163e-16  9.33457698234258e-06
 6.51520486083665e-07 -2.30690695094134e-06      1.99599462560793   0.00233099251989969 -0.000183953562249623  5.09853201371818e-17 -9.46189145251796e-17   3.7610263864885e-16  2.20906943897723e-16   -0.0453390067539477
-6.75314114940957e-06  1.87550529797697e-05   0.00233099251989969       1.9742049971081  0.000945632268293351  3.11456259119783e-17 -5.90393185277279e-17  1.98299999464351e-16  1.21345556308755e-16    0.0379410418659196
 8.99861708633642e-06  6.51379876874467e-06 -0.000183953562249623  0.000945632268293351      1.94423032359851  4.01025078083417e-17 -9.39766059336424e-17  4.18508187777245e-16  1.89454142038305e-16     0.049488841659081
-1.98644355519603e-17 -1.64145194987637e-16  5.09853201371818e-17  3.11456259119783e-17  4.01025078083417e-17      1.86001080160598   1.4276334003997e-15   0.00357181945205243   -0.0922654541600632 -3.24798990211628e-17
-5.63488464600486e-18 -6.89720420586373e-17 -9.46189145251796e-17 -5.90393185277279e-17 -9.39766059336424e-17   1.4276334003997e-15      1.86001080160597    0.0922654541600667   0.00357181945206566 -2.35370741316894e-17
-2.35456603882576e-18  5.51455590126302e-17   3.7610263864885e-16  1.98299999464351e-16  4.18508187777245e-16   0.00357181945205243    0.0922654541600667     0.153624734290945  1.61142776067964e-15  5.59090789482795e-17
 -2.2512626242816e-17 -1.47303566542163e-16  2.20906943897723e-16  1.21345556308755e-16  1.89454142038305e-16   -0.0922654541600632   0.00357181945206566  1.61142776067964e-15     0.153624734290937  2.58673745403646e-17
 0.000116988176067574  9.33457698234258e-06   -0.0453390067539477    0.0379410418659196     0.049488841659081 -3.24798990211628e-17 -2.35370741316894e-17  5.59090789482795e-17  2.58673745403646e-17    0.0583025165668731
TOTAL ENERGY: -127.39070135383	 lambda: -0.1	 population of target: 6.30772909858501
1RDM: 
     1.99999913405288 -2.89994684968829e-08 -5.25044865850895e-07 -2.71956329218787e-06  5.47665174269734e-06 -2.05902502232495e-17  -6.1584351641974e-18 -4.12838292879775e-18 -1.55709527248276e-17  6.28660169258185e-05
-2.89994684968829e-08      1.99999745856984 -1.05563183045746e-06  9.04044722612551e-06  3.91369420560975e-06 -1.71362901375265e-16 -7.24415981853908e-17  3.02421028583193e-17 -9.36425190927708e-17  6.67453363713009e-06
-5.25044865850895e-07 -1.05563183045746e-06       1.9964095594886  0.000935516554871747 -0.000401654759493724  4.95244984096136e-17 -8.93783898913425e-17  3.24299391844261e-16  1.98133478976402e-16   -0.0227865104024781
-2.71956329218787e-06  9.04044722612551e-06  0.000935516554871747      1.97728745554184  0.000632943210227689   2.8598445805518e-17  -5.5939202724347e-17  1.72691924578769e-16  9.62590824913185e-17    0.0189324358145781
 5.47665174269734e-06  3.91369420560975e-06 -0.000401654759493724  0.000632943210227689      1.94428623837277  4.74402835955354e-17 -9.32857053722568e-17  3.86870866221519e-16  2.17023425026964e-16    0.0253972303708884
-2.05902502232495e-17 -1.71362901375265e-16  4.95244984096136e-17   2.8598445805518e-17  4.74402835955354e-17       1.8526848498075  5.17295408923319e-16   0.00175326856124077    -0.045289544009258 -1.71804196147973e-17
 -6.1584351641974e-18 -7.24415981853908e-17 -8.93783898913425e-17  -5.5939202724347e-17 -9.32857053722568e-17  5.17295408923319e-16       1.8526848498075    0.0452895440092985   0.00175326856126419 -1.26923494383041e-17
-4.12838292879775e-18  3.02421028583193e-17  3.24299391844261e-16  1.72691924578769e-16  3.86870866221519e-16   0.00175326856124077    0.0452895440092985     0.159605266083297  3.73799573049195e-16  5.78208466437059e-17
-1.55709527248276e-17 -9.36425190927708e-17  1.98133478976402e-16  9.62590824913185e-17  2.17023425026964e-16    -0.045289544009258   0.00175326856126419  3.73799573049195e-16     0.159605266083302  3.14428772939836e-17
 6.28660169258185e-05  6.67453363713009e-06   -0.0227865104024781    0.0189324358145781    0.0253972303708884 -1.71804196147973e-17 -1.26923494383041e-17  5.78208466437059e-17  3.14428772939836e-17    0.0574399221924926
TOTAL ENERGY: -127.397706097468	 lambda: 0	 population of target: 6.44766471795833
1RDM: 
     1.99999907205167 -2.20149516549996e-14 -3.75124346655308e-13  2.89645605230079e-13  -3.0693613863245e-12   -2.172021961418e-17 -6.77740286775752e-18 -5.80095599123693e-18 -8.82914397362847e-18  2.14651520906703e-11
-2.20149516549996e-14      1.99999762813129  4.61610103202861e-13  5.46914415194077e-12  6.87303446271714e-12 -1.81701612846112e-16 -7.72246640628098e-17  6.24986884296925e-18 -4.18697619112742e-17 -1.89543395130547e-11
-3.75124346655308e-13  4.61610103202861e-13      1.99622941122409  3.70273792838166e-13  2.24418654210759e-11  4.92968987963283e-17  -8.7574924997433e-17  2.73849361235327e-16   1.7458362196105e-16  3.65767376706293e-10
 2.89645605230079e-13  5.46914415194077e-12  3.70273792838166e-13      1.97989842498323  6.80816538480547e-11  2.77674656220965e-17 -5.55110453852623e-17  1.51100499491282e-16  7.03841101967879e-17  3.47752807815056e-10
 -3.0693613863245e-12  6.87303446271714e-12  2.24418654210759e-11  6.80816538480547e-11      1.94402553661718  5.69706612582829e-17 -9.76518142259952e-17  3.62398529925623e-16  2.42804556200102e-16 -1.29138578083993e-09
  -2.172021961418e-17 -1.81701612846112e-16  4.92968987963283e-17  2.77674656220965e-17  5.69706612582829e-17      1.84266348140621  4.88834000275332e-16  4.42276195173245e-10 -3.11216917156034e-10  2.73735342667297e-19
-6.77740286775752e-18 -7.72246640628098e-17  -8.7574924997433e-17 -5.55110453852623e-17 -9.76518142259952e-17  4.88834000275332e-16      1.84266348140622  3.11240050197821e-10  4.42295626980521e-10 -9.39925261748809e-19
-5.80095599123693e-18  6.24986884296925e-18  2.73849361235327e-16  1.51100499491282e-16  3.62398529925623e-16  4.42276195173245e-10  3.11240050197821e-10     0.168408521229694  1.29683008836615e-16  6.14064046718175e-17
-8.82914397362847e-18 -4.18697619112742e-17   1.7458362196105e-16  7.03841101967879e-17  2.42804556200102e-16 -3.11216917156034e-10  4.42295626980521e-10  1.29683008836615e-16       0.1684085212297  3.90904683091317e-17
 2.14651520906703e-11 -1.89543395130547e-11  3.65767376706293e-10  3.47752807815056e-10 -1.29138578083993e-09  2.73735342667297e-19 -9.39925261748809e-19  6.14064046718175e-17  3.90904683091317e-17    0.0577059217207479
TOTAL ENERGY: -127.390789556032	 lambda: 0.1	 population of target: 6.58627391890237
1RDM: 
     1.99999899708642  2.90771425081632e-08  2.53498494382832e-06  1.31178024966443e-06 -7.44963604686798e-06 -2.31399055501335e-17 -7.44976581140162e-18 -7.37671362763865e-18 -2.35949992953522e-18 -6.85975679474588e-05
 2.90771425081632e-08      1.99999778574914  8.53222292414144e-07 -8.09429638139245e-06  -5.2223414643652e-06 -1.94195530841844e-16 -8.29053190169526e-17 -1.65997606333198e-17   7.5329080963958e-18 -1.32820531090847e-05
 2.53498494382832e-06  8.53222292414144e-07       1.9954382625909 -0.000472859496319489   0.00103377933544983  5.00566272069743e-17 -8.83208218336903e-17  2.24783931668208e-16   1.5079642958174e-16      0.02276960841281
 1.31178024966443e-06 -8.09429638139245e-06 -0.000472859496319489      1.98195735762855  -0.00102615467345343  2.84274972448315e-17  -5.6109061213639e-17  1.30824506633086e-16  4.37166630594736e-17   -0.0188322201375185
-7.44963604686798e-06  -5.2223414643652e-06   0.00103377933544983  -0.00102615467345343      1.94321793355203  6.87097617740255e-17 -1.04432199237031e-16  3.40914205243983e-16  2.68735138406414e-16   -0.0272584621479502
-2.31399055501335e-17 -1.94195530841844e-16  5.00566272069743e-17  2.84274972448315e-17  6.87097617740255e-17      1.83079181369829 -2.20644467262004e-15  -0.00167148174671368    0.0431769181954628  1.83285265528291e-17
-7.44976581140162e-18 -8.29053190169526e-17 -8.83208218336903e-17  -5.6109061213639e-17 -1.04432199237031e-16 -2.20644467262004e-15      1.83079181369827   -0.0431769181954537   -0.0016714817466877  1.29345833518488e-17
-7.37671362763865e-18 -1.65997606333198e-17  2.24783931668208e-16  1.30824506633086e-16  3.40914205243983e-16  -0.00167148174671368   -0.0431769181954537      0.17923198611827 -1.74905060197532e-15  6.49242478789793e-17
-2.35949992953522e-18   7.5329080963958e-18   1.5079642958174e-16  4.37166630594736e-17  2.68735138406414e-16    0.0431769181954628   -0.0016714817466877 -1.74905060197532e-15     0.179231986118257   4.8704060865543e-17
-6.85975679474588e-05 -1.32820531090847e-05      0.02276960841281   -0.0188322201375185   -0.0272584621479502  1.83285265528291e-17  1.29345833518488e-17  6.49242478789793e-17   4.8704060865543e-17    0.0593420637599322
TOTAL ENERGY: -127.370297734503	 lambda: 0.2	 population of target: 6.72299901998166
1RDM: 
     1.99999890663086   5.6891288460262e-08  7.29979247106247e-06   1.2751530199451e-06 -1.68619974174348e-05 -2.46897200859433e-17 -8.12920178641538e-18 -8.85807264629741e-18  3.81582843208951e-18 -0.000140842157671742
  5.6891288460262e-08      1.99999793103082  1.61829439249515e-06 -1.52358990728177e-05 -1.15658863988196e-05 -2.07530489258785e-16 -8.89243595907255e-17 -3.82685211850231e-17  5.44959887107048e-17  -3.5607956291453e-05
 7.29979247106247e-06  1.61829439249515e-06      1.99403394773314 -0.000500216353509881   0.00269540098855666   5.1368734978645e-17 -9.08254704999902e-17  1.77686857362481e-16  1.27465178959027e-16    0.0453185938970786
  1.2751530199451e-06 -1.52358990728177e-05 -0.000500216353509881      1.98340177548168    -0.002519141079088  3.03383515797847e-17 -5.70389768887316e-17  1.11991332510147e-16  1.63659152988458e-17   -0.0374588208544537
-1.68619974174348e-05 -1.15658863988196e-05   0.00269540098855666    -0.002519141079088      1.94166734769465  8.18098676641889e-17 -1.12151673297511e-16  3.24025286354025e-16  2.97720659932453e-16   -0.0565520424010127
-2.46897200859433e-17 -2.07530489258785e-16   5.1368734978645e-17  3.03383515797847e-17  8.18098676641889e-17      1.81821489188591 -1.32899951293634e-15  -0.00325912668984259    0.0841881991867436  3.55027940881346e-17
-8.12920178641538e-18 -8.89243595907255e-17 -9.08254704999902e-17 -5.70389768887316e-17 -1.12151673297511e-16 -1.32899951293634e-15      1.81821489188591   -0.0841881991866655  -0.00325912668983119   2.9490154282919e-17
-8.85807264629741e-18 -3.82685211850231e-17  1.77686857362481e-16  1.11991332510147e-16  3.24025286354025e-16  -0.00325912668984259   -0.0841881991866655     0.190963589651075 -1.32176652442324e-15  6.76747472422628e-17
 3.81582843208951e-18  5.44959887107048e-17  1.27465178959027e-16  1.63659152988458e-17  2.97720659932453e-16    0.0841881991867436  -0.00325912668983119 -1.32176652442324e-15     0.190963589651074   5.9614981628593e-17
-0.000140842157671742  -3.5607956291453e-05    0.0453185938970786   -0.0374588208544537   -0.0565520424010127  3.55027940881346e-17   2.9490154282919e-17  6.76747472422628e-17   5.9614981628593e-17    0.0625431283549174
TOTAL ENERGY: -127.33662682076	 lambda: 0.3	 population of target: 6.85774432753904
1RDM: 
     1.99999879843817  8.12993052563011e-08  1.45104941329335e-05  2.47825970923603e-08 -2.84084567390669e-05 -2.62061671643289e-17 -8.76677104490482e-18  -1.0272656724741e-17  9.73410979691604e-18 -0.000215700312006114
 8.12993052563011e-08      1.99999806440429  2.52359344168761e-06 -2.16930489301404e-05  -1.8902880191691e-05 -2.20377214274887e-16 -9.47128056432454e-17 -5.89488469613347e-17  9.94508919339399e-17 -6.89196798553043e-05
 1.45104941329335e-05  2.52359344168761e-06      1.99201858939065 -0.000118042062423983   0.00496584225101775  5.27609281109539e-17 -9.41331455487543e-17  1.32524889743815e-16  1.04831255862012e-16    0.0675291310347987
 2.47825970923603e-08 -2.16930489301404e-05 -0.000118042062423983      1.98420884888785  -0.00451548453200415   3.2599994203233e-17 -5.74840701319913e-17  9.41744134636357e-17 -1.07935204594139e-17   -0.0557206486802841
-2.84084567390669e-05  -1.8902880191691e-05   0.00496584225101775  -0.00451548453200415      1.93927334548838  9.51670209211903e-17  -1.1889325485352e-16  3.12131807470974e-16  3.30688037655999e-16   -0.0876602605314851
-2.62061671643289e-17 -2.20377214274887e-16  5.27609281109539e-17   3.2599994203233e-17  9.51670209211903e-17      1.80609445544747 -3.14476840130153e-15  -0.00477776625662869     0.123416920195419   5.0766795532959e-17
-8.76677104490482e-18 -9.47128056432454e-17 -9.41331455487543e-17 -5.74840701319913e-17  -1.1889325485352e-16 -3.14476840130153e-15      1.80609445544744    -0.123416920195433  -0.00477776625660155  4.87384437047889e-17
 -1.0272656724741e-17 -5.89488469613347e-17  1.32524889743815e-16  9.41744134636357e-17  3.12131807470974e-16  -0.00477776625662869    -0.123416920195433     0.202461733723066  -2.1328373577054e-15  6.87621963704246e-17
 9.73410979691604e-18  9.94508919339399e-17  1.04831255862012e-16 -1.07935204594139e-17  3.30688037655999e-16     0.123416920195419  -0.00477776625660155  -2.1328373577054e-15     0.202461733723037  7.08187074486507e-17
-0.000215700312006114 -6.89196798553043e-05    0.0675291310347987   -0.0557206486802841   -0.0876602605314851   5.0766795532959e-17  4.87384437047889e-17  6.87621963704246e-17  7.08187074486507e-17    0.0673899750497084
TOTAL ENERGY: -127.290011229253	 lambda: 0.4	 population of target: 6.99095925414356
1RDM: 
     1.99999867029953  9.99153127131586e-08  2.44364764564481e-05 -2.28149231960021e-06 -4.24498194847254e-05 -2.75641319059566e-17 -9.32672893369238e-18 -1.16590095665946e-17   1.5485186347949e-17 -0.000292774732171983
 9.99153127131586e-08      1.99999818576147  3.87650445245751e-06 -2.79386784474526e-05 -2.74466019073328e-05 -2.31720752226279e-16 -9.98407091512594e-17  -7.9022791650796e-17  1.43194626097844e-16 -0.000114173141581259
 2.44364764564481e-05  3.87650445245751e-06      1.98938936641646  0.000626080807904072   0.00781833966539553  5.36070097090257e-17 -9.75430804700155e-17  8.91152271025097e-17  8.32957915376339e-17    0.0893726829455789
-2.28149231960021e-06 -2.79386784474526e-05  0.000626080807904072      1.98439950036298  -0.00700223352979517  3.56873826518222e-17 -5.69002591130903e-17  7.71805951837027e-17  -3.8942942953755e-17   -0.0734602272250562
-4.24498194847254e-05 -2.74466019073328e-05   0.00781833966539553  -0.00700223352979517      1.93600676945175  1.06276061873803e-16  -1.2303327638507e-16  3.04990757859689e-16  3.69788849628397e-16    -0.120045567301171
-2.75641319059566e-17 -2.31720752226279e-16  5.36070097090257e-17  3.56873826518222e-17  1.06276061873803e-16      1.79530175275325  3.85846405023106e-15  -0.00625592982023888     0.161600126067704  6.38913005982762e-17
-9.32672893369238e-18 -9.98407091512594e-17 -9.75430804700155e-17 -5.69002591130903e-17  -1.2303327638507e-16  3.85846405023106e-15      1.79530175275328    -0.161600126067633  -0.00625592982026077  7.01340407637313e-17
-1.16590095665946e-17  -7.9022791650796e-17  8.91152271025097e-17  7.71805951837027e-17  3.04990757859689e-16  -0.00625592982023888    -0.161600126067633     0.212863655574082  2.86489196102971e-15  6.74852903728716e-17
  1.5485186347949e-17  1.43194626097844e-16  8.32957915376339e-17  -3.8942942953755e-17  3.69788849628397e-16     0.161600126067704  -0.00625592982026077  2.86489196102971e-15     0.212863655574106  8.06871890601863e-17
-0.000292774732171983 -0.000114173141581259    0.0893726829455789   -0.0734602272250562    -0.120045567301171  6.38913005982762e-17  7.01340407637313e-17  6.74852903728716e-17  8.06871890601863e-17    0.0738766910531007
TOTAL ENERGY: -127.230375431952	 lambda: 0.5	 population of target: 7.12348708149512
1RDM: 
     1.99999852002128   1.1088170606983e-07  3.73976917883442e-05 -5.48088749687098e-06 -5.93395609799707e-05 -2.87087570750037e-17 -9.79358561384156e-18  -1.3065639690665e-17  2.11911004522887e-17 -0.000371782742366813
  1.1088170606983e-07      1.99999829357597  5.99508369134915e-06 -3.45244760338986e-05 -3.78454275346225e-05 -2.41093481027741e-16 -1.04092385238167e-16  -9.8923949346092e-17  1.86677974457058e-16 -0.000170856855460461
 3.73976917883442e-05  5.99508369134915e-06       1.9861346017094   0.00168344444736756    0.0112227320786823  5.28134539697813e-17 -1.01169135739638e-16  4.61243850213496e-17  6.37795426447665e-17     0.110884232131832
-5.48088749687098e-06 -3.45244760338986e-05   0.00168344444736756      1.98402646108696  -0.00992858642712882  4.32314030096262e-17 -5.24512280347366e-17  6.41833857370465e-17 -7.26029129803519e-17   -0.0905669006143683
-5.93395609799707e-05 -3.78454275346225e-05    0.0112227320786823  -0.00992858642712882      1.93185291852757  1.08070130787883e-16 -1.26879508321114e-16  2.95156579712785e-16  4.22055050643647e-16    -0.152941967863622
-2.87087570750037e-17 -2.41093481027741e-16  5.28134539697813e-17  4.32314030096262e-17  1.08070130787883e-16      1.78619980323369 -5.14121303058466e-15  -0.00772892791557743     0.199649902425097  7.64031144970922e-17
-9.79358561384156e-18 -1.04092385238167e-16 -1.01169135739638e-16 -5.24512280347366e-17 -1.26879508321114e-16 -5.14121303058466e-15       1.7861998032337    -0.199649902425086  -0.00772892791553152  9.33985092744887e-17
 -1.3065639690665e-17  -9.8923949346092e-17  4.61243850213496e-17  6.41833857370465e-17  2.95156579712785e-16  -0.00772892791557743    -0.199649902425086     0.221806752988849 -5.04078755417004e-15  6.50369077726334e-17
 2.11911004522887e-17  1.86677974457058e-16  6.37795426447665e-17 -7.26029129803519e-17  4.22055050643647e-16     0.199649902425097  -0.00772892791553152 -5.04078755417004e-15     0.221806752988855  8.56769822371948e-17
-0.000371782742366813 -0.000170856855460461     0.110884232131832   -0.0905669006143683    -0.152941967863622  7.64031144970922e-17  9.33985092744887e-17  6.50369077726334e-17  8.56769822371948e-17    0.0819760926337451
TOTAL ENERGY: -127.157347739233	 lambda: 0.6	 population of target: 7.25625480591274
1RDM: 
      1.9999983456439  1.13623588314712e-07  5.37159809053895e-05  -9.4110269186139e-06 -7.91494837006023e-05 -2.96678220294305e-17 -1.01783449610614e-17 -1.45349184319255e-17  2.69820715148776e-17 -0.000452300456686852
 1.13623588314712e-07      1.99999838515402  9.12532587926657e-06 -4.19440817220868e-05 -5.09540446640726e-05 -2.48709546609641e-16 -1.07626955024781e-16 -1.19221690541714e-16  2.30857642006158e-16 -0.000236847379617928
 5.37159809053895e-05  9.12532587926657e-06       1.9822365447987   0.00301356337891713     0.015142359142103  4.93977549988778e-17 -1.04059170171772e-16  4.54196371800066e-18  4.66323367700228e-17     0.132126163522444
 -9.4110269186139e-06 -4.19440817220868e-05   0.00301356337891713      1.98315638490547   -0.0132265978706419  5.74770412732733e-17 -4.94724806620463e-17  4.78655687205685e-17 -1.13237421391126e-16    -0.106987687554644
-7.91494837006023e-05 -5.09540446640726e-05     0.015142359142103   -0.0132265978706419      1.92679703519163  9.36952355508271e-17 -1.23086016612673e-16  2.91571908739919e-16  4.90161518332935e-16    -0.185430604890262
-2.96678220294305e-17 -2.48709546609641e-16  4.93977549988778e-17  5.74770412732733e-17  9.36952355508271e-17      1.77857409513774  -4.5415421462768e-15  -0.00923086974741675     0.238447290630775   9.1456785139182e-17
-1.01783449610614e-17 -1.07626955024781e-16 -1.04059170171772e-16 -4.94724806620463e-17 -1.23086016612673e-16  -4.5415421462768e-15      1.77857409513774    -0.238447290630738  -0.00923086974739469  1.16138358831537e-16
-1.45349184319255e-17 -1.19221690541714e-16  4.54196371800066e-18  4.78655687205685e-17  2.91571908739919e-16  -0.00923086974741675    -0.238447290630738     0.229501230013922 -4.82108349287953e-15  5.83232309525065e-17
 2.69820715148776e-17  2.30857642006158e-16  4.66323367700228e-17 -1.13237421391126e-16  4.90161518332935e-16     0.238447290630775  -0.00923086974739469 -4.82108349287953e-15     0.229501230013927  8.22830307700482e-17
-0.000452300456686852 -0.000236847379617928     0.132126163522444    -0.106987687554644    -0.185430604890262   9.1456785139182e-17  1.16138358831537e-16  5.83232309525065e-17  8.22830307700482e-17    0.0916626540029953
TOTAL ENERGY: -127.070432144077	 lambda: 0.7	 population of target: 7.38995628956705
1RDM: 
     1.99999814570894   1.0920055223305e-07  7.36562700153031e-05 -1.39272970006657e-05 -0.000101492436101709 -3.05387347868051e-17 -1.05120355806358e-17 -1.60985649025523e-17  3.29401861488679e-17 -0.000533877654498803
  1.0920055223305e-07      1.99999845795275  1.33914222441763e-05 -5.05368270019935e-05 -6.73654307233123e-05  -2.5555501588111e-16 -1.10754697764624e-16 -1.40248236666094e-16   2.7671000105499e-16 -0.000308928043476112
 7.36562700153031e-05  1.33914222441763e-05      1.97767879243403   0.00458886398360509    0.0195266415116266  4.63751678245713e-17 -1.06971525618709e-16 -3.68559297902049e-17  2.64791007127322e-17      0.15315913627778
-1.39272970006657e-05 -5.05368270019935e-05   0.00458886398360509      1.98185664078164   -0.0168266092908777  6.41556881714729e-17 -4.58663013283394e-17   3.0913953779852e-17 -1.42507381701295e-16     -0.12270450126289
