Naturals in-correctTOTAL ENERGY: -126.547195008705	 lambda: -1	 population of target: 4.72616355145102
1RDM: 
     1.99999692211307  5.38436634892804e-06 -0.000319635491860117  0.000289889317362149  0.000119324859824561 -3.00959575411544e-17 -1.56862050983974e-16 -4.78407471782519e-16  1.42782118801336e-16  -0.00192631469097678
 5.38436634892804e-06      1.99997290006174    0.0010229288463791 -0.000931174944776415 -0.000381366889386329 -9.82146716125864e-17 -5.63884652207677e-16 -1.72227325757814e-15  4.85941855861403e-16    0.0062567205515868
-0.000319635491860117    0.0010229288463791      1.94580889952436    0.0536341434064745   0.00723846611499368  4.01320014152828e-17  3.53520648203859e-17  2.90991780134861e-16 -6.56766723299931e-16    -0.314096337506198
 0.000289889317362149 -0.000931174944776415    0.0536341434064745       1.9362871136003 -0.000606314858969732 -2.39140891307554e-16 -1.05771458332923e-16 -5.45957085925535e-16  1.62464596871241e-15     0.301436960009713
 0.000119324859824561 -0.000381366889386329   0.00723846611499368 -0.000606314858969732      1.95955430391989  1.06566897935353e-15  4.96600567453656e-16  1.69423720377217e-15 -4.74531134752097e-15    0.0848200329672384
-3.00959575411544e-17 -9.82146716125864e-17  4.01320014152828e-17 -2.39140891307554e-16  1.06566897935353e-15      1.84120139003413 -2.43906990129258e-15    0.0489462150003551     0.500569430854783 -5.12006143003714e-16
-1.56862050983974e-16 -5.63884652207677e-16  3.53520648203859e-17 -1.05771458332923e-16  4.96600567453656e-16 -2.43906990129258e-15      1.84120139003415    -0.500569430854746    0.0489462150003596 -2.24424062784933e-16
-4.78407471782519e-16 -1.72227325757814e-15  2.90991780134861e-16 -5.45957085925535e-16  1.69423720377217e-15    0.0489462150003551    -0.500569430854746       0.1801055840833 -3.18021467046979e-16 -2.30461723807346e-17
 1.42782118801336e-16  4.85941855861403e-16 -6.56766723299931e-16  1.62464596871241e-15 -4.74531134752097e-15     0.500569430854783    0.0489462150003596 -3.18021467046979e-16     0.180105584083327  2.37492389169189e-17
 -0.00192631469097678    0.0062567205515868    -0.314096337506198     0.301436960009713    0.0848200329672384 -5.12006143003714e-16 -2.24424062784933e-16 -2.30461723807346e-17  2.37492389169189e-17     0.115765912545759
TOTAL ENERGY: -126.686999781342	 lambda: -0.9	 population of target: 4.87338799533932
1RDM: 
     1.99999739933439  3.97859920138792e-06 -0.000251992364287302  0.000223498681582223  9.69923689678455e-05  -2.6096031513011e-17 -1.34303727177525e-16 -4.26415220424181e-16  1.29540890230114e-16  -0.00165338110695762
 3.97859920138792e-06      1.99997696541363    0.0008461082960577 -0.000751990510463475 -0.000314391785682981 -8.50392950026153e-17 -4.82549925295578e-16 -1.53399874746469e-15  4.40576199311043e-16   0.00566057327490679
-0.000251992364287302    0.0008461082960577      1.95404376481725    0.0448969372243906   0.00538488840229493   1.6642358609173e-17  2.28095073631295e-17  2.53756028272574e-16 -5.43169975934977e-16    -0.289691745359785
 0.000223498681582223 -0.000751990510463475    0.0448969372243906      1.94459977103411  0.000578640907414113 -1.81433130584053e-16 -8.10334237821897e-17 -4.74037922942911e-16  1.41316551657208e-15     0.274080358095001
 9.69923689678455e-05 -0.000314391785682981   0.00538488840229493  0.000578640907414113      1.96152162797195   9.5430512263806e-16  4.44861042066122e-16  1.58943988318405e-15 -4.44173923809418e-15    0.0765784206873538
 -2.6096031513011e-17 -8.50392950026153e-17   1.6642358609173e-17 -1.81433130584053e-16   9.5430512263806e-16       1.8634782201172 -3.25654442039592e-15    0.0442027109874197     0.452057951706688 -4.66379757411769e-16
-1.34303727177525e-16 -4.82549925295578e-16  2.28095073631295e-17 -8.10334237821897e-17  4.44861042066122e-16 -3.25654442039592e-15      1.86347822011723    -0.452057951706617    0.0442027109874254 -2.04511252968923e-16
-4.26415220424181e-16 -1.53399874746469e-15  2.53756028272574e-16 -4.74037922942911e-16  1.58943988318405e-15    0.0442027109874197    -0.452057951706617     0.156725133818883  3.06396675503701e-16 -7.81850946147575e-18
 1.29540890230114e-16  4.40576199311043e-16 -5.43169975934977e-16  1.41316551657208e-15 -4.44173923809418e-15     0.452057951706688    0.0442027109874254  3.06396675503701e-16     0.156725133818924 -1.72800131293127e-17
 -0.00165338110695762   0.00566057327490679    -0.289691745359785     0.274080358095001    0.0765784206873538 -4.66379757411769e-16 -2.04511252968923e-16 -7.81850946147575e-18 -1.72800131293127e-17    0.0994537635564912
TOTAL ENERGY: -126.817541572674	 lambda: -0.8	 population of target: 5.02702378854341
1RDM: 
     1.99999775532566  2.82343379819462e-06 -0.000193741825297126   0.00016773927187077  7.80294163154903e-05 -2.22839299890525e-17 -1.15035453297806e-16 -3.72800220424746e-16  1.14900055468275e-16  -0.00139919575731888
 2.82343379819462e-06      1.99998065306632  0.000681526560473391 -0.000591021824647194 -0.000254667347189683  -7.3164496652733e-17 -4.13474628258514e-16 -1.34046657086135e-15  3.91499973504111e-16   0.00505475344663199
-0.000193741825297126  0.000681526560473391      1.96196440806381    0.0367018631583148   0.00377297587808542  2.80626507319278e-17  2.49799756096284e-17  2.45841257430604e-16 -5.26930791472941e-16    -0.263458921995646
  0.00016773927187077 -0.000591021824647194    0.0367018631583148      1.95220847491478   0.00145942134061433 -1.58805673067803e-16  -7.1521799129883e-17 -4.35587473508737e-16  1.30609185013091e-15     0.246137296696347
 7.80294163154903e-05 -0.000254667347189683   0.00377297587808542   0.00145942134061433       1.9634032609356  7.11164578968298e-16  3.36833254749379e-16  1.36967995701024e-15 -3.78208389084628e-15    0.0685398176101672
-2.22839299890525e-17  -7.3164496652733e-17  2.80626507319278e-17 -1.58805673067803e-16  7.11164578968298e-16      1.88259091054689 -2.57835753315801e-15     0.039332039077514     0.402245936633346 -4.34211723401889e-16
-1.15035453297806e-16 -4.13474628258514e-16  2.49799756096284e-17  -7.1521799129883e-17  3.36833254749379e-16 -2.57835753315801e-15      1.88259091054692    -0.402245936633276    0.0393320390775182 -1.90402963110984e-16
-3.72800220424746e-16 -1.34046657086135e-15  2.45841257430604e-16 -4.35587473508737e-16  1.36967995701024e-15     0.039332039077514    -0.402245936633276     0.136502688373377  5.69848297123505e-16 -1.68592037829003e-17
 1.14900055468275e-16  3.91499973504111e-16 -5.26930791472941e-16  1.30609185013091e-15 -3.78208389084628e-15     0.402245936633346    0.0393320390775182  5.69848297123505e-16     0.136502688373411   1.8171943648617e-17
 -0.00139919575731888   0.00505475344663199    -0.263458921995646     0.246137296696347    0.0685398176101672 -4.34211723401889e-16 -1.90402963110984e-16 -1.68592037829003e-17   1.8171943648617e-17    0.0842582498532488
TOTAL ENERGY: -126.936739984065	 lambda: -0.7	 population of target: 5.18600943199933
1RDM: 
     1.99999800795506  1.89642482298641e-06 -0.000144471161950718  0.000121532021293766  6.18210251343238e-05 -1.93295973805959e-17 -9.93402491757716e-17 -3.18763292089048e-16  1.00823388360008e-16  -0.00116342177481832
 1.89642482298641e-06      1.99998395198685  0.000531151555812172 -0.000448533328856851 -0.000201500797907827 -6.34608971040896e-17 -3.56991079684738e-16 -1.14526966443364e-15  3.43382034695963e-16   0.00444106040466869
-0.000144471161950718  0.000531151555812172      1.96941586023519    0.0291210600683674   0.00239109964309069  2.06846665014593e-17  1.92923410837949e-17  2.12577485464555e-16 -4.35297525972217e-16    -0.235474150522674
 0.000121532021293766 -0.000448533328856851    0.0291210600683674      1.95912003574114   0.00207979104499225 -1.26884391684187e-16 -5.87581310677361e-17 -3.71614029561729e-16  1.11554337483585e-15     0.217515314848119
 6.18210251343238e-05 -0.000201500797907827   0.00239109964309069   0.00207979104499225       1.9652099894031   6.1397732082667e-16  2.92149170085423e-16  1.22915087015243e-15 -3.37868582054039e-15    0.0605436415136015
-1.93295973805959e-17 -6.34608971040896e-17  2.06846665014593e-17 -1.26884391684187e-16   6.1397732082667e-16      1.89852593867806 -1.60320375283563e-15    0.0343927540305802     0.351732217640312 -3.84138042098106e-16
-9.93402491757716e-17 -3.56991079684738e-16  1.92923410837949e-17 -5.87581310677361e-17  2.92149170085423e-16 -1.60320375283563e-15      1.89852593867807    -0.351732217640297    0.0343927540305865 -1.68735579731126e-16
-3.18763292089048e-16 -1.14526966443364e-15  2.12577485464555e-16 -3.71614029561729e-16  1.22915087015243e-15    0.0343927540305802    -0.351732217640297     0.119461323211031 -9.09902008942072e-16 -8.81928835200115e-18
 1.00823388360008e-16  3.43382034695963e-16 -4.35297525972217e-16  1.11554337483585e-15 -3.37868582054039e-15     0.351732217640312    0.0343927540305865 -9.09902008942072e-16     0.119461323211038  -8.5405616803484e-19
 -0.00116342177481832   0.00444106040466869    -0.235474150522674     0.217515314848119    0.0605436415136015 -3.84138042098106e-16 -1.68735579731126e-16 -8.81928835200115e-18  -8.5405616803484e-19    0.0702976309004809
TOTAL ENERGY: -127.042994110796	 lambda: -0.6	 population of target: 5.34953118399014
1RDM: 
     1.99999817256436  1.17469384743139e-06 -0.000103661532149425  8.39763377941557e-05  4.79362528464644e-05 -1.67965732830353e-17 -8.68855765701154e-17 -2.64368873127141e-16  8.62416361522729e-17 -0.000945592420725587
 1.17469384743139e-06       1.9999868564183  0.000396723357567301 -0.000324854912058913 -0.000154410222462028 -5.53535495036803e-17 -3.12305775154351e-16 -9.49171937429059e-16  2.94077585008477e-16    0.0038207539761456
-0.000103661532149425  0.000396723357567301      1.97624496588669    0.0222321304192991   0.00123970430566123  2.74843931357794e-17   1.9828480382242e-17  1.89702252149174e-16 -3.81473264398348e-16    -0.205822309617913
 8.39763377941557e-05 -0.000324854912058913    0.0222321304192991      1.96531092411039   0.00245982440165818  -1.1249269162534e-16 -5.36625364881166e-17 -3.20740376628836e-16  9.64161886073068e-16     0.188158811997722
 4.79362528464644e-05 -0.000154410222462028   0.00123970430566123   0.00245982440165818      1.96694169163526   4.9408327979847e-16  2.38503452736575e-16  1.04718730396935e-15 -2.84864229294188e-15    0.0524659246959088
-1.67965732830353e-17 -5.53535495036803e-17  2.74843931357794e-17  -1.1249269162534e-16   4.9408327979847e-16      1.91141768096466 -1.27579165604913e-15    0.0294255724064644     0.300933208575414 -3.35682967983449e-16
-8.68855765701154e-17 -3.12305775154351e-16   1.9828480382242e-17 -5.36625364881166e-17  2.38503452736575e-16 -1.27579165604913e-15      1.91141768096466    -0.300933208575415    0.0294255724064726 -1.47748442089057e-16
-2.64368873127141e-16 -9.49171937429059e-16  1.89702252149174e-16 -3.20740376628836e-16  1.04718730396935e-15    0.0294255724064644    -0.300933208575415      0.10547480089277 -1.50703527211446e-15 -8.81863658198776e-18
 8.62416361522729e-17  2.94077585008477e-16 -3.81473264398348e-16  9.64161886073068e-16 -2.84864229294188e-15     0.300933208575414    0.0294255724064726 -1.50703527211446e-15     0.105474800892769  5.28356742730353e-18
-0.000945592420725587    0.0038207539761456    -0.205822309617913     0.188158811997722    0.0524659246959088 -3.35682967983449e-16 -1.47748442089057e-16 -8.81863658198776e-18  5.28356742730353e-18    0.0577324256702031
TOTAL ENERGY: -127.135059099719	 lambda: -0.5	 population of target: 5.51697755205198
1RDM: 
     1.99999826205813  6.36318510648222e-07  -7.0734858312426e-05  5.43193120487397e-05  3.60853507702437e-05 -1.48402797758116e-17 -7.75512753857491e-17 -2.10059492310893e-16  7.17915282978335e-17 -0.000745380625309071
 6.36318510648222e-07      1.99998936283164   0.00027978318557575 -0.000220414594676869 -0.000113190461433778 -4.89450827403079e-17 -2.78768145288661e-16 -7.53478508152811e-16  2.44953814301827e-16   0.00319476847899497
 -7.0734858312426e-05   0.00027978318557575      1.98230184479767    0.0161189846648506  0.000330169558426877  3.26809720971082e-17  2.00732058847387e-17  1.60955909223053e-16  -3.1343821096312e-16    -0.174599990392944
 5.43193120487397e-05 -0.000220414594676869    0.0161189846648506      1.97073486326616   0.00260408230925154 -1.02706665954712e-16 -5.07680579987546e-17 -2.66236004665917e-16  7.98274888758878e-16     0.158074363706226
 3.60853507702437e-05 -0.000113190461433778  0.000330169558426877   0.00260408230925154      1.96859067651534  4.19198512748011e-16    2.048844329254e-16  8.79290120515535e-16 -2.36794945146728e-15    0.0442366901204669
-1.48402797758116e-17 -4.89450827403079e-17  3.26809720971082e-17 -1.02706665954712e-16  4.19198512748011e-16      1.92144531612427 -8.35821148735555e-16    0.0244553364666983     0.250102969599786 -2.82599782424729e-16
-7.75512753857491e-17 -2.78768145288661e-16  2.00732058847387e-17 -5.07680579987546e-17    2.048844329254e-16 -8.35821148735555e-16      1.92144531612426      -0.2501029695998    0.0244553364667067 -1.24743864930118e-16
-2.10059492310893e-16 -7.53478508152811e-16  1.60955909223053e-16 -2.66236004665917e-16  8.79290120515535e-16    0.0244553364666983      -0.2501029695998    0.0943725569096653 -1.34972092354913e-15 -6.28838317700007e-18
 7.17915282978335e-17  2.44953814301827e-16  -3.1343821096312e-16  7.98274888758878e-16 -2.36794945146728e-15     0.250102969599786    0.0244553364667067 -1.34972092354913e-15    0.0943725569096616  2.79601655529119e-18
-0.000745380625309071   0.00319476847899497    -0.174599990392944     0.158074363706226    0.0442366901204669 -2.82599782424729e-16 -1.24743864930118e-16 -6.28838317700007e-18  2.79601655529119e-18    0.0467492444632741
TOTAL ENERGY: -127.211921674946	 lambda: -0.4	 population of target: 5.68784208728875
1RDM: 
     1.99999828746468  2.60547082524235e-07 -4.50590285148656e-05   3.1870090410832e-05  2.60480024191084e-05 -1.33815292707482e-17 -7.11425193302897e-17 -1.55939671369566e-16  5.73473705907925e-17  -0.00056262356612015
 2.60547082524235e-07      1.99999146798572  0.000181701743298772 -0.000135668455227426 -7.78673226602618e-05 -4.40937654026149e-17 -2.55718455247063e-16 -5.58655096469606e-16  1.95849178612993e-16   0.00256386737093705
-4.50590285148656e-05  0.000181701743298772      1.98744083846687    0.0108680840369665 -0.000320314003077969  4.00235373696945e-17  2.17058593578057e-17  1.31047269633954e-16 -2.46058592746962e-16    -0.141923170327099
  3.1870090410832e-05 -0.000135668455227426    0.0108680840369665      1.97533728530208   0.00251383928856091 -1.00200151104052e-16 -5.10292224306189e-17  -2.1323945936433e-16  6.34282151801936e-16     0.127328037755179
 2.60480024191084e-05 -7.78673226602618e-05 -0.000320314003077969   0.00251383928856091      1.97014681145008   3.6831358922509e-16  1.82350467945765e-16  7.10279090463422e-16  -1.8880895575354e-15    0.0358283270948297
-1.33815292707482e-17 -4.40937654026149e-17  4.00235373696945e-17 -1.00200151104052e-16   3.6831358922509e-16      1.92876591341768    1.657519346369e-16    0.0194968971786717     0.199393373359308 -2.27322976792344e-16
-7.11425193302897e-17 -2.55718455247063e-16  2.17058593578057e-17 -5.10292224306189e-17  1.82350467945765e-16    1.657519346369e-16      1.92876591341767    -0.199393373359358     0.019496897178671 -1.00673545045352e-16
-1.55939671369566e-16 -5.58655096469606e-16  1.31047269633954e-16  -2.1323945936433e-16  7.10279090463422e-16    0.0194968971786717    -0.199393373359358     0.086008333143371 -2.67241490196058e-16 -4.18426723292688e-18
 5.73473705907925e-17  1.95849178612993e-16 -2.46058592746962e-16  6.34282151801936e-16  -1.8880895575354e-15     0.199393373359308     0.019496897178671 -2.67241490196058e-16    0.0860083331433683  1.08790098866257e-18
 -0.00056262356612015   0.00256386737093705    -0.141923170327099     0.127328037755179    0.0358283270948297 -2.27322976792344e-16 -1.00673545045352e-16 -4.18426723292688e-18  1.08790098866257e-18    0.0375368162085159
TOTAL ENERGY: -127.272726008366	 lambda: -0.3	 population of target: 5.86163232145511
1RDM: 
     1.99999825842499  2.75383585223556e-08 -2.59365203082418e-05  1.59308446959283e-05  1.76200293378105e-05 -1.23924333918486e-17 -6.75256500457767e-17 -1.02118169463799e-16  4.29114784814803e-17 -0.000397173014865748
 2.75383585223556e-08      1.99999316808578  0.000103693266275275  -7.1009497340025e-05 -4.86119528985017e-05  -4.0736928001086e-17 -2.42674335143238e-16 -3.65109990391073e-16  1.46851681053272e-16   0.00192866739922634
-2.59365203082418e-05  0.000103693266275275       1.9915226202153   0.00656264048352894 -0.000693884044382315  4.96208835055565e-17  2.48627237531584e-17  1.00876743714407e-16 -1.81808179164196e-16    -0.107934831918907
 1.59308446959283e-05  -7.1009497340025e-05   0.00656264048352894      1.97906717741822   0.00219553537466381 -1.04438702224896e-16 -5.40895885318331e-17 -1.62222928460123e-16  4.73789730393769e-16    0.0960244842421884
 1.76200293378105e-05 -4.86119528985017e-05 -0.000693884044382315   0.00219553537466381       1.9716007108101  3.39262720677383e-16  1.70010701346866e-16    5.391059849241e-16  -1.4056928899031e-15    0.0272286812784019
-1.23924333918486e-17  -4.0736928001086e-17  4.96208835055565e-17 -1.04438702224896e-16  3.39262720677383e-16      1.93349827691641  -3.3085754763411e-16     0.014561245596174      0.14891681343008  -1.7045753143094e-16
-6.75256500457767e-17 -2.42674335143238e-16  2.48627237531584e-17 -5.40895885318331e-17  1.70010701346866e-16  -3.3085754763411e-16       1.9334982769164    -0.148916813430083    0.0145612455961797 -7.57206985372989e-17
-1.02118169463799e-16 -3.65109990391073e-16  1.00876743714407e-16 -1.62222928460123e-16    5.391059849241e-16     0.014561245596174    -0.148916813430083    0.0802772548849133 -7.07546343860127e-16 -2.67158780125293e-18
 4.29114784814803e-17  1.46851681053272e-16 -1.81808179164196e-16  4.73789730393769e-16  -1.4056928899031e-15      0.14891681343008    0.0145612455961797 -7.07546343860127e-16    0.0802772548849104  6.53063680182545e-19
-0.000397173014865748   0.00192866739922634    -0.107934831918907    0.0960244842421884    0.0272286812784019  -1.7045753143094e-16 -7.57206985372989e-17 -2.67158780125293e-18  6.53063680182545e-19    0.0302670014429729
TOTAL ENERGY: -127.316754973086	 lambda: -0.2	 population of target: 6.03781872268947
1RDM: 
     1.99999818337914 -8.17612589388323e-08 -1.26017382086747e-05  5.77954151728582e-06  1.05964868699635e-05 -1.18645288315296e-17  -6.6591627803753e-17 -4.87240552192774e-17  2.85510884891145e-17 -0.000248709597184681
-8.17612589388323e-08      1.99999445844401  4.68202819903171e-05  -2.6722626819264e-05 -2.56748365608964e-05 -3.88260215212363e-17 -2.39220187853805e-16 -1.73268016029256e-16  9.81094856037483e-17   0.00128957522830364
-1.26017382086747e-05  4.68202819903171e-05      1.99441808571269   0.00327728230257447 -0.000774532243289556  6.03776774521097e-17  2.91444448310069e-17  6.98060737072915e-17 -1.18222775693073e-16   -0.0728094005836885
 5.77954151728582e-06  -2.6722626819264e-05   0.00327728230257447      1.98188149306165   0.00166183725638753  -1.1429283270928e-16 -5.93574575561766e-17 -1.12543517835661e-16  3.14861471158061e-16    0.0642842205329436
 1.05964868699635e-05 -2.56748365608964e-05 -0.000774532243289556   0.00166183725638753      1.97294355642781  3.33198935561597e-16  1.68403487782199e-16  3.68454593596495e-16 -9.29192381046543e-16    0.0184171038928924
-1.18645288315296e-17 -3.88260215212363e-17  6.03776774521097e-17  -1.1429283270928e-16  3.33198935561597e-16      1.93574473645736 -4.04935728369585e-16   0.00965925971265883    0.0987845496860415 -1.12610405688451e-16
 -6.6591627803753e-17 -2.39220187853805e-16  2.91444448310069e-17 -5.93574575561766e-17  1.68403487782199e-16 -4.04935728369585e-16      1.93574473645736   -0.0987845496860898   0.00965925971266338 -5.00805605353584e-17
-4.87240552192774e-17 -1.73268016029256e-16  6.98060737072915e-17 -1.12543517835661e-16  3.68454593596495e-16   0.00965925971265883   -0.0987845496860898    0.0770939099570784 -4.25137602125428e-16 -1.36922367673003e-18
 2.85510884891145e-17  9.81094856037483e-17 -1.18222775693073e-16  3.14861471158061e-16 -9.29192381046543e-16    0.0987845496860415   0.00965925971266338 -4.25137602125428e-16      0.07709390995708  2.76558677549881e-19
-0.000248709597184681   0.00128957522830364   -0.0728094005836885    0.0642842205329436    0.0184171038928924 -1.12610405688451e-16 -5.00805605353584e-17 -1.36922367673003e-18  2.76558677549881e-19    0.0250869301458485
TOTAL ENERGY: -127.343443758366	 lambda: -0.1	 population of target: 6.21582889729709
1RDM: 
     1.99999806952767 -8.54015997393804e-08 -4.23661429769825e-06  6.95655303804707e-07  4.78092127294306e-06 -1.17786850436049e-17 -6.82088287280376e-17  4.11932525007679e-18  1.43030235747055e-17 -0.000116624177266104
-8.54015997393804e-08      1.99999533310101   1.1997836093455e-05 -3.00179221232844e-06 -9.35674007552974e-06 -3.82968187685859e-17 -2.44870107086103e-16  1.64424251033594e-17  4.97386900364434e-17  0.000646727329640253
-4.23661429769825e-06   1.1997836093455e-05      1.99601359340383   0.00107416473145814 -0.000547894030079688  7.18512147745023e-17  3.43934670580337e-17  3.78252446781916e-17 -5.49517165624183e-17   -0.0367530234979077
 6.95655303804707e-07 -3.00179221232844e-06   0.00107416473145814       1.9837435000821  0.000926857057445093 -1.29054964288669e-16 -6.64116505211548e-17 -6.43131090077867e-17   1.5803483007265e-16    0.0322320260030536
 4.78092127294306e-06 -9.35674007552974e-06 -0.000547894030079688  0.000926857057445093      1.97416485111875  3.48790712914847e-16   1.7699731106103e-16  1.98786363253159e-16 -4.59834343732743e-16   0.00935600934889802
-1.17786850436049e-17 -3.82968187685859e-17  7.18512147745023e-17 -1.29054964288669e-16  3.48790712914847e-16       1.9356253551205  1.08896976198964e-16   0.00480224686489337    0.0491122301357551 -5.47552385606903e-17
-6.82088287280376e-17 -2.44870107086103e-16  3.43934670580337e-17 -6.64116505211548e-17   1.7699731106103e-16  1.08896976198964e-16       1.9356253551205   -0.0491122301357814   0.00480224686489433  -2.4122521393326e-17
 4.11932525007679e-18  1.64424251033594e-17  3.78252446781916e-17 -6.43131090077867e-17  1.98786363253159e-16   0.00480224686489337   -0.0491122301357814    0.0763570753504111 -1.44666733386842e-16 -2.46687013205228e-19
 1.43030235747055e-17  4.97386900364434e-17 -5.49517165624183e-17   1.5803483007265e-16 -4.59834343732743e-16    0.0491122301357551   0.00480224686489433 -1.44666733386842e-16    0.0763570753504096 -8.09233163718646e-20
-0.000116624177266104  0.000646727329640253   -0.0367530234979077    0.0322320260030536   0.00935600934889802 -5.47552385606903e-17  -2.4122521393326e-17 -2.46687013205228e-19 -8.09233163718646e-20    0.0221197918248697
TOTAL ENERGY: -127.352398155368	 lambda: 0	 population of target: 6.39507433516252
1RDM: 
     1.99999792275497  6.02286974624333e-14 -5.70329723936182e-13  4.72948325875867e-12 -8.60026095260917e-12 -1.21036138413754e-17 -7.21996033967296e-17  5.63114365885964e-17  1.83857332436613e-19 -4.42909210069364e-12
 6.02286974624333e-14      1.99999578423776 -1.95691631893809e-12  6.94215652534706e-12 -1.18897274762704e-11 -3.90626050305188e-17 -2.58984504714026e-16  2.03659453106008e-16  1.83508671113248e-18 -1.90367389396115e-11
-5.70329723936182e-13 -1.95691631893809e-12       1.9962165677449 -8.67855928119104e-12 -1.12667040828474e-10  8.38633130456471e-17  4.05487782403869e-17  5.35975310848245e-18  7.18034881393991e-18  1.19447992256863e-10
 4.72948325875867e-12  6.94215652534706e-12 -8.67855928119104e-12      1.98462003162864  -5.0263716571696e-11  -1.4797021805469e-16 -7.48187708325408e-17 -1.76238907518911e-17  3.91320463296616e-18 -3.20816593899146e-10
-8.60026095260917e-12 -1.18897274762704e-11 -1.12667040828474e-10  -5.0263716571696e-11      1.97525071351011  3.84088960055563e-16  1.94948953316766e-16  3.00454592690022e-17  2.53742365636282e-18  -7.2471479718467e-11
-1.21036138413754e-17 -3.90626050305188e-17  8.38633130456471e-17  -1.4797021805469e-16  3.84088960055563e-16      1.93330086980575 -2.08971632255164e-16  5.06437825616625e-10  6.87742637371079e-10   1.9815811390338e-18
-7.21996033967296e-17 -2.58984504714026e-16  4.05487782403869e-17 -7.48187708325408e-17  1.94948953316766e-16 -2.08971632255164e-16      1.93330086980574 -6.87742343603929e-10  5.06439405062722e-10  1.69026093633937e-18
 5.63114365885964e-17  2.03659453106008e-16  5.35975310848245e-18 -1.76238907518911e-17  3.00454592690022e-17  5.06437825616625e-10 -6.87742343603929e-10    0.0779251280278941  -3.8354853767764e-16  6.89149529493874e-19
 1.83857332436613e-19  1.83508671113248e-18  7.18034881393991e-18  3.91320463296616e-18  2.53742365636282e-18  6.87742637371079e-10  5.06439405062722e-10  -3.8354853767764e-16    0.0779251280278928 -3.32971298381481e-19
-4.42909210069364e-12 -1.90367389396115e-11  1.19447992256863e-10 -3.20816593899146e-10  -7.2471479718467e-11   1.9815811390338e-18  1.69026093633937e-18  6.89149529493874e-19 -3.32971298381481e-19    0.0214669844563561
TOTAL ENERGY: -127.343398908935	 lambda: 0.1	 population of target: 6.57499143002117
1RDM: 
     1.99999774764943  1.59687838566978e-07  9.38852039463647e-07  3.08482755542486e-06 -3.88990060584656e-06 -1.28048109517382e-17 -7.83470410591343e-17  1.07794514758216e-16 -1.37842101831915e-17  0.000102333733015094
 1.59687838566978e-07      1.99999580150167  1.14655424144672e-05 -1.78684003675229e-05  2.02473601551015e-06 -4.10113569527247e-17 -2.80778743291477e-16  3.88200232257896e-16 -4.55473673478523e-17  -0.00065089831614234
 9.38852039463647e-07  1.14655424144672e-05      1.99496039321826   8.3068078512383e-05   0.00088305026123798  9.60352534960411e-17  4.74358956092223e-17 -2.76001883971843e-17  6.84538472809175e-17    0.0371939334978821
 3.08482755542486e-06 -1.78684003675229e-05   8.3068078512383e-05      1.98448215471462  -0.00111745391033313 -1.70241137368882e-16 -8.41825639440017e-17  2.77053081981441e-17 -1.47343472016401e-16   -0.0322602652857813
-3.88990060584656e-06  2.02473601551015e-06   0.00088305026123798  -0.00111745391033313      1.97618458762755  4.37107824710578e-16  2.21449125895231e-16 -1.37727843436659e-16  4.56950194783177e-16  -0.00968444644854076
-1.28048109517382e-17 -4.10113569527247e-17  9.60352534960411e-17 -1.70241137368882e-16  4.37107824710578e-16      1.92897118095734 -6.83635607561524e-16  -0.00474208003425591   -0.0484969165137956  5.65071435513601e-17
-7.83470410591343e-17 -2.80778743291477e-16  4.74358956092223e-17 -8.41825639440017e-17  2.21449125895231e-16 -6.83635607561524e-16      1.92897118095735    0.0484969165137842  -0.00474208003425522  2.68902408784932e-17
 1.07794514758216e-16  3.88200232257896e-16 -2.76001883971843e-17  2.77053081981441e-17 -1.37727843436659e-16  -0.00474208003425591    0.0484969165137842    0.0816157798639641 -2.35020257999374e-16  1.50714962683381e-18
-1.37842101831915e-17 -4.55473673478523e-17  6.84538472809175e-17 -1.47343472016401e-16  4.56950194783177e-16   -0.0484969165137956  -0.00474208003425522 -2.35020257999374e-16    0.0816157798639682 -5.68721229951053e-19
 0.000102333733015094  -0.00065089831614234    0.0371939334978821   -0.0322602652857813  -0.00968444644854076  5.65071435513601e-17  2.68902408784932e-17  1.50714962683381e-18 -5.68721229951053e-19    0.0232053936458552
TOTAL ENERGY: -127.31638607569	 lambda: 0.2	 population of target: 6.75507989508896
1RDM: 
     1.99999754764312  3.81071722616913e-07 -6.30833648850136e-07   9.4276368426141e-06  -7.0034997061937e-06 -1.38433273628282e-17 -8.64202602131567e-17  1.58581862737241e-16 -2.76067717637864e-17  0.000191728116255843
 3.81071722616913e-07      1.99999537148817  4.68989539537633e-05 -5.67561093923075e-05 -3.65062202358233e-06 -4.40242476642867e-17 -3.09423167163501e-16   5.7011816132875e-16 -9.24218600113798e-17  -0.00130628906270426
-6.30833648850136e-07  4.68989539537633e-05      1.99220776708516   0.00132993718325573   0.00211357913447958  1.08156046309435e-16  5.49000017653055e-17 -6.08195096685484e-17  1.28785145682493e-16    0.0745606664651488
  9.4276368426141e-06 -5.67561093923075e-05   0.00132993718325573      1.98331057346356   -0.0024314300909158 -1.95177371697801e-16 -9.40334404932092e-17  7.14366053389785e-17 -2.95742033899218e-16   -0.0643660960210854
 -7.0034997061937e-06 -3.65062202358233e-06   0.00211357913447958   -0.0024314300909158      1.97695044734389  5.05695733905451e-16  2.55251589703639e-16 -3.03660283458336e-16  9.03607823362143e-16   -0.0196994313402808
-1.38433273628282e-17 -4.40242476642867e-17  1.08156046309435e-16 -1.95177371697801e-16  5.05695733905451e-16      1.92284886923719  3.57922749059418e-16  -0.00942517690083345   -0.0963906130294288  1.07903241001773e-16
-8.64202602131567e-17 -3.09423167163501e-16  5.49000017653055e-17 -9.40334404932092e-17  2.55251589703639e-16  3.57922749059418e-16      1.92284886923719    0.0963906130294149  -0.00942517690083021  5.10398984016604e-17
 1.58581862737241e-16   5.7011816132875e-16 -6.08195096685484e-17  7.14366053389785e-17 -3.03660283458336e-16  -0.00942517690083345    0.0963906130294149    0.0872310602240676  3.10178630200709e-16  2.18918382210953e-18
-2.76067717637864e-17 -9.24218600113798e-17  1.28785145682493e-16 -2.95742033899218e-16  9.03607823362143e-16   -0.0963906130294288  -0.00942517690083021  3.10178630200709e-16    0.0872310602240678  -8.2689292541621e-19
 0.000191728116255843  -0.00130628906270426    0.0745606664651488   -0.0643660960210854   -0.0196994313402808  1.07903241001773e-16  5.10398984016604e-17  2.18918382210953e-18  -8.2689292541621e-19    0.0273784340536225
TOTAL ENERGY: -127.271428081137	 lambda: 0.3	 population of target: 6.93492589208164
1RDM: 
     1.99999732523313  6.53902146025648e-07 -3.98901341014979e-06  1.85953953980078e-05 -9.42705636005371e-06 -1.51904404747235e-17 -9.62285821789116e-17  2.08787093925266e-16 -4.13273730834579e-17  0.000269653240958527
 6.53902146025648e-07      1.99999447754657  0.000106666302777362 -0.000116768259019594 -1.73487688746682e-05 -4.80347224951724e-17  -3.4425849736402e-16  7.49883869439012e-16  -1.3899660529153e-16  -0.00196639386638627
-3.98901341014979e-06  0.000106666302777362      1.98795209153484   0.00372260253769289   0.00369944658967219  1.20509349314548e-16  6.33566783365514e-17 -9.57546267561535e-17  1.89807125220491e-16     0.111830129233136
 1.85953953980078e-05 -0.000116768259019594   0.00372260253769289      1.98110380127723    -0.003950781866481 -2.23586604108776e-16 -1.05756415981133e-16  1.17882546056975e-16 -4.45547233244183e-16   -0.0961008632683268
-9.42705636005371e-06 -1.73487688746682e-05   0.00369944658967219    -0.003950781866481        1.977537129884  5.90649850602951e-16  2.98851035701349e-16 -4.77330317244619e-16  1.35184206624471e-15   -0.0300052145838347
-1.51904404747235e-17 -4.80347224951724e-17  1.20509349314548e-16 -2.23586604108776e-16  5.90649850602951e-16      1.91511736967403 -1.28083201648011e-15     -0.01405744260735    -0.143764464934417   1.5563077423632e-16
-9.62285821789116e-17  -3.4425849736402e-16  6.33566783365514e-17 -1.05756415981133e-16  2.98851035701349e-16 -1.28083201648011e-15      1.91511736967404     0.143764464934409   -0.0140574426073568  7.39783845948968e-17
 2.08787093925266e-16  7.49883869439012e-16 -9.57546267561535e-17  1.17882546056975e-16 -4.77330317244619e-16     -0.01405744260735     0.143764464934409    0.0945981598295583 -5.48217827614041e-16  3.12298927283318e-18
-4.13273730834579e-17  -1.3899660529153e-16  1.89807125220491e-16 -4.45547233244183e-16  1.35184206624471e-15    -0.143764464934417   -0.0140574426073568 -5.48217827614041e-16    0.0945981598295664 -1.47703052886144e-18
 0.000269653240958527  -0.00196639386638627     0.111830129233136   -0.0961008632683268   -0.0300052145838347   1.5563077423632e-16  7.39783845948968e-17  3.12298927283318e-18 -1.47703052886144e-18    0.0339841155170341
TOTAL ENERGY: -127.208687070625	 lambda: 0.4	 population of target: 7.11420279426486
1RDM: 
     1.99999708224625  9.70346240399239e-07 -8.50975473984767e-06  3.02458687051892e-05 -1.12117635942966e-05 -1.67583456966725e-17 -1.07593219069334e-16  2.58380308063968e-16 -5.47519209831078e-17  0.000337651498137093
 9.70346240399239e-07      1.99999309993936   0.00019098948719136 -0.000197901528800952 -3.93069857994168e-05 -5.24156424130699e-17 -3.84361123980668e-16  9.26787427287755e-16 -1.83715702832913e-16  -0.00263125851565633
-8.50975473984767e-06   0.00019098948719136      1.98221693998874   0.00721724259554046   0.00564114818295606  1.25347999618954e-16  6.60410383897457e-17 -1.14037440408749e-16   2.2604987196333e-16     0.148740800326587
 3.02458687051892e-05 -0.000197901528800952   0.00721724259554046      1.97788564188948  -0.00568196896606285 -2.32985265496989e-16 -9.95777706994756e-17  1.23346423083225e-16  -5.3673213744369e-16    -0.127222973521903
-1.12117635942966e-05 -3.93069857994168e-05   0.00564114818295606  -0.00568196896606285      1.97794212003405  6.48452983880935e-16  3.14137667296444e-16 -5.71989578979517e-16  1.68403504192369e-15   -0.0405232224751047
-1.67583456966725e-17 -5.24156424130699e-17  1.25347999618954e-16 -2.32985265496989e-16  6.48452983880935e-16      1.90588858470043 -3.46226512661241e-16   -0.0186522491378477    -0.190755221494254  1.97984279684926e-16
-1.07593219069334e-16 -3.84361123980668e-16  6.60410383897457e-17 -9.95777706994756e-17  3.14137667296444e-16 -3.46226512661241e-16      1.90588858470043     0.190755221494274   -0.0186522491378502   9.4268907468104e-17
 2.58380308063968e-16  9.26787427287755e-16 -1.14037440408749e-16  1.23346423083225e-16 -5.71989578979517e-16   -0.0186522491378477     0.190755221494274     0.103611384169963 -3.65553785826694e-16  1.67075056429903e-18
-5.47519209831078e-17 -1.83715702832913e-16   2.2604987196333e-16  -5.3673213744369e-16  1.68403504192369e-15    -0.190755221494254   -0.0186522491378502 -3.65553785826694e-16     0.103611384169964  8.78265111755644e-19
 0.000337651498137093  -0.00263125851565633     0.148740800326587    -0.127222973521903   -0.0405232224751047  1.97984279684926e-16   9.4268907468104e-17  1.67075056429903e-18  8.78265111755644e-19    0.0429651781613478
TOTAL ENERGY: -127.128393886715	 lambda: 0.5	 population of target: 7.29264963939913
1RDM: 
     1.99999682013368  1.32495971012248e-06 -1.36823971993179e-05  4.41266241890879e-05 -1.23618351053477e-05 -1.87829229265925e-17 -1.20696425047399e-16  3.08045300536444e-16 -6.87013852044038e-17  0.000397288419102323
 1.32495971012248e-06      1.99999121621829  0.000299944927170512 -0.000299984665838569 -6.96586030865708e-05 -5.94008175649348e-17 -4.31455509057608e-16  1.10543600445019e-15 -2.32937076273058e-16  -0.00330075754902337
-1.36823971993179e-05  0.000299944927170512      1.97505399098306    0.0117455528886683    0.0079303823881065  1.56332445872079e-16  8.89000143563737e-17 -1.82769879033094e-16  3.43465145408433e-16     0.185048977553698
 4.41266241890879e-05 -0.000299984665838569    0.0117455528886683      1.97370896648371  -0.00762503033468485   -3.152826365985e-16 -1.47713963128539e-16  2.39105947329887e-16 -8.05108917701188e-16    -0.157484893076348
-1.23618351053477e-05 -6.96586030865708e-05    0.0079303823881065  -0.00762503033468485      1.97817352730575  8.45463679432623e-16  4.33047740917368e-16 -8.72705061753579e-16  2.33860036005829e-15   -0.0511519151681119
-1.87829229265925e-17 -5.94008175649348e-17  1.56332445872079e-16   -3.152826365985e-16  8.45463679432623e-16      1.89517435386915 -2.02090209055071e-15    -0.023224719140298    -0.237517546592523  2.40111142468069e-16
-1.20696425047399e-16 -4.31455509057608e-16  8.89000143563737e-17 -1.47713963128539e-16  4.33047740917368e-16 -2.02090209055071e-15      1.89517435386916     0.237517546592489   -0.0232247191403053   1.1613496093671e-16
 3.08045300536444e-16  1.10543600445019e-15 -1.82769879033094e-16  2.39105947329887e-16 -8.72705061753579e-16    -0.023224719140298     0.237517546592489     0.114260671407273 -5.10846270871951e-16  4.62114403891819e-18
-6.87013852044038e-17 -2.32937076273058e-16  3.43465145408433e-16 -8.05108917701188e-16  2.33860036005829e-15    -0.237517546592523   -0.0232247191403053 -5.10846270871951e-16     0.114260671407289 -3.33511575254724e-18
 0.000397288419102323  -0.00330075754902337     0.185048977553698    -0.157484893076348   -0.0511519151681119  2.40111142468069e-16   1.1613496093671e-16  4.62114403891819e-18 -3.33511575254724e-18    0.0542054283226639
TOTAL ENERGY: -127.030842074839	 lambda: 0.6	 population of target: 7.470034421866
1RDM: 
     1.99999654028996  1.71449808592082e-06  -1.9125615105724e-05  6.00659957408965e-05 -1.28251747809842e-05 -2.08464704020286e-17  -1.3532634722632e-16  3.57124285834497e-16 -8.18901592254202e-17  0.000450089311723368
 1.71449808592082e-06      1.99998880156343  0.000433472797633492  -0.00042265067503766 -0.000108451934716521 -6.41690749033936e-17 -4.82491879731303e-16   1.2792111312048e-15 -2.74381837673238e-16  -0.00397467716568177
 -1.9125615105724e-05  0.000433472797633492       1.9665399884657    0.0172189027758823    0.0105510922426568  1.30792736615323e-16  7.52735020558989e-17 -1.66011459361766e-16  2.98787178725696e-16      0.22053574091518
 6.00659957408965e-05  -0.00042265067503766    0.0172189027758823      1.96865425864239  -0.00977250420287465 -2.59054674431302e-16 -1.02494874396799e-16  1.79207603695347e-16 -7.45884805541955e-16    -0.186657192618045
-1.28251747809842e-05 -0.000108451934716521    0.0105510922426568  -0.00977250420287465      1.97824945794825  8.21441743842454e-16   4.0169859051254e-16 -8.79431067305694e-16  2.44620045848156e-15   -0.0617910447865653
-2.08464704020286e-17 -6.41690749033936e-17  1.30792736615323e-16 -2.59054674431302e-16  8.21441743842454e-16       1.8828814745277 -7.92489028302924e-16    -0.027787511232632    -0.284180901639295  2.69723361146639e-16
 -1.3532634722632e-16 -4.82491879731303e-16  7.52735020558989e-17 -1.02494874396799e-16   4.0169859051254e-16 -7.92489028302924e-16       1.8828814745277     0.284180901639289   -0.0277875112326332  1.30822569707551e-16
 3.57124285834497e-16   1.2792111312048e-15 -1.66011459361766e-16  1.79207603695347e-16 -8.79431067305694e-16    -0.027787511232632     0.284180901639289     0.126636795526916 -4.91862888345005e-16  5.51158826491124e-18
-8.18901592254202e-17 -2.74381837673238e-16  2.98787178725696e-16 -7.45884805541955e-16  2.44620045848156e-15    -0.284180901639295   -0.0277875112326332 -4.91862888345005e-16     0.126636795526919 -5.39006290444854e-18
 0.000450089311723368  -0.00397467716568177      0.22053574091518    -0.186657192618045   -0.0617910447865653  2.69723361146639e-16  1.30822569707551e-16  5.51158826491124e-18 -5.39006290444854e-18    0.0675344129810894
TOTAL ENERGY: -126.91640246556	 lambda: 0.7	 population of target: 7.6461138031775
1RDM: 
     1.99999624437592   2.1375092675192e-06 -2.45907983585908e-05  7.79509419594266e-05  -1.2496034529495e-05 -2.35209764228676e-17 -1.52023068756479e-16  4.06495483392957e-16 -9.58838078016507e-17    0.0004974635880421
  2.1375092675192e-06      1.99998582886122  0.000591398692021577 -0.000565356165950874 -0.000155714779247577 -7.57606874634716e-17 -5.43638947235491e-16  1.45826516681694e-15 -3.28192020360961e-16  -0.00465283609793663
-2.45907983585908e-05  0.000591398692021577      1.95677324186223    0.0235347288111642    0.0134830770448314  2.27862245170083e-16   1.3314847731786e-16 -2.93288371194098e-16  5.65311474580425e-16     0.255010966435712
 7.79509419594266e-05 -0.000565356165950874    0.0235347288111642      1.96282304925508   -0.0121119341924011 -4.79942801121286e-16 -2.18790383750212e-16  3.83330075596734e-16 -1.25604889903901e-15    -0.214551281704281
