Naturals in-correctTOTAL ENERGY: -126.70760357343	 lambda: -1	 population of target: 5.18286181800529
1RDM: 
     1.99999939901714  2.84000518114644e-07 -6.23892503657014e-05  7.95858688046014e-05 -9.50443943865222e-07  1.37980698210046e-15  1.13535076558354e-14  1.90360677466493e-14 -2.90431515808064e-15 -0.000623112569644085
 2.84000518114644e-07       1.9999962877838  0.000114774146024249 -0.000184587810676547  0.000202989654976546  1.94719074357453e-15  1.51938523784338e-14  3.02774694074586e-14 -4.85525668908501e-15   0.00124055372301093
-6.23892503657014e-05  0.000114774146024249      1.98382326667891    0.0209299938319809    -0.012454591941115  -6.5296888690959e-14 -5.18853548085503e-13 -1.18946552065038e-12  1.81859837177881e-13      -0.1614067628725
 7.95858688046014e-05 -0.000184587810676547    0.0209299938319809      1.93683603953229    0.0101417207242528 -3.99291096416604e-13 -3.35648288487862e-12 -4.70504628144665e-12   7.1289746600535e-13     0.159738643253571
-9.50443943865222e-07  0.000202989654976546    -0.012454591941115    0.0101417207242528      1.90693833419468   2.7194634345078e-13  2.21929909573127e-12  4.76414288600887e-12 -7.21404454738364e-13    -0.228160593829641
 1.37980698210046e-15  1.94719074357453e-15  -6.5296888690959e-14 -3.99291096416604e-13   2.7194634345078e-13      1.78004154785399   1.8496338696795e-15    0.0141649294982302     0.477658460839564  -1.3273260575826e-13
 1.13535076558354e-14  1.51938523784338e-14 -5.18853548085503e-13 -3.35648288487862e-12  2.21929909573127e-12   1.8496338696795e-15      1.78004154785399    -0.477658460839528    0.0141649294982223 -1.08005204980419e-12
 1.90360677466493e-14  3.02774694074586e-14 -1.18946552065038e-12 -4.70504628144665e-12  4.76414288600887e-12    0.0141649294982302    -0.477658460839528     0.245474145703076  2.10562342015086e-15 -2.10677074215358e-12
-2.90431515808064e-15 -4.85525668908501e-15  1.81859837177881e-13   7.1289746600535e-13 -7.21404454738364e-13     0.477658460839564    0.0141649294982223  2.10562342015086e-15     0.245474145703079  3.19914312415214e-13
-0.000623112569644085   0.00124055372301093      -0.1614067628725     0.159738643253571    -0.228160593829641  -1.3273260575826e-13 -1.08005204980419e-12 -2.10677074215358e-12  3.19914312415214e-13     0.121375285679118
TOTAL ENERGY: -126.827666538731	 lambda: -0.9	 population of target: 5.30925382313083
1RDM: 
     1.99999942103453  2.44463638673018e-07  -5.2401698896791e-05  6.88346787052365e-05  1.32799486134746e-06  3.11767543019228e-16  2.52963864313171e-15  4.94852875424366e-15 -7.56528822862254e-16 -0.000580141850500975
 2.44463638673018e-07      1.99999650291006  9.69683671032174e-05 -0.000162870560129336  0.000176268301721057  4.57179440336627e-16  2.69632928844141e-15  5.22872762609464e-15 -1.06338781216537e-15   0.00113976799038971
 -5.2401698896791e-05  9.69683671032174e-05      1.98633773433797    0.0178033939131796  -0.00979466718543435 -1.08713478935885e-14 -8.22875184681876e-14 -1.61465115747457e-13  2.60799896819711e-14    -0.146888337884565
 6.88346787052365e-05 -0.000162870560129336    0.0178033939131796      1.94216944352929   0.00761569831544485  -7.4546712879861e-14 -6.15008063986911e-13 -9.07156580742184e-13  1.39435756846359e-13     0.144980330894054
 1.32799486134746e-06  0.000176268301721057  -0.00979466718543435   0.00761569831544485      1.91115411982417  5.66762185313499e-14   4.5246844919435e-13  9.53088271483714e-13 -1.47354404761097e-13    -0.208220276932659
 3.11767543019228e-16  4.57179440336627e-16 -1.08713478935885e-14  -7.4546712879861e-14  5.66762185313499e-14       1.7904884169795 -1.00651102904628e-15    0.0126204022415036     0.425575146433645 -2.69658027784652e-14
 2.52963864313171e-15  2.69632928844141e-15 -8.22875184681876e-14 -6.15008063986911e-13   4.5246844919435e-13 -1.00651102904628e-15      1.79048841697955    -0.425575146433453    0.0126204022415062 -2.15811567801815e-13
 4.94852875424366e-15  5.22872762609464e-15 -1.61465115747457e-13 -9.07156580742184e-13  9.53088271483714e-13    0.0126204022415036    -0.425575146433453     0.233388828944054  3.99762770360481e-16 -4.12494511658112e-13
-7.56528822862254e-16 -1.06338781216537e-15  2.60799896819711e-14  1.39435756846359e-13 -1.47354404761097e-13     0.425575146433645    0.0126204022415062  3.99762770360481e-16     0.233388828944108  6.36958465041944e-14
-0.000580141850500975   0.00113976799038971    -0.146888337884565     0.144980330894054    -0.208220276932659 -2.69658027784652e-14 -2.15811567801815e-13 -4.12494511658112e-13  6.36958465041944e-14     0.112588286516813
TOTAL ENERGY: -126.936279928844	 lambda: -0.8	 population of target: 5.43704942513371
1RDM: 
       1.999999444159  2.18481101355682e-07 -4.32252071963354e-05  5.95900447420443e-05  8.36752857137588e-07  1.02783028081113e-16   8.2992098758983e-16  2.11561859180969e-15 -3.19006985833258e-16  -0.00054361015539913
 2.18481101355682e-07      1.99999672122491  8.09975525393774e-05  -0.00014157417692389  0.000147135215802957  1.76033758126797e-16  3.94549782075212e-16  6.10280151376101e-16 -3.30557615494365e-16   0.00103518394881418
-4.32252071963354e-05  8.09975525393774e-05      1.98857574925067    0.0149137734750421  -0.00728645448373154  -1.5151033328217e-17  3.46238238083187e-15  3.68366846814078e-14 -4.42231258549924e-15     -0.13254762252493
 5.95900447420443e-05  -0.00014157417692389    0.0149137734750421      1.94739937594381    0.0050942168057196 -1.26568554252742e-14 -1.00900948568431e-13 -1.51699874349777e-13  2.40662799923317e-14     0.129511273416597
 8.36752857137588e-07  0.000147135215802957  -0.00728645448373154    0.0050942168057196      1.91500677606457  9.29084175584597e-15  6.90344611808017e-14   1.1562320446773e-13 -1.96642507530623e-14    -0.183943662053444
 1.02783028081113e-16  1.76033758126797e-16  -1.5151033328217e-17 -1.26568554252742e-14  9.29084175584597e-15       1.7976223843116  1.49665880861095e-15    0.0111466146473734     0.375877252303855  -5.9793911450666e-15
  8.2992098758983e-16  3.94549782075212e-16  3.46238238083187e-15 -1.00900948568431e-13  6.90344611808017e-14  1.49665880861095e-15      1.79762238431157    -0.375877252303968    0.0111466146473696 -4.72385240501682e-14
 2.11561859180969e-15  6.10280151376101e-16  3.68366846814078e-14 -1.51699874349777e-13   1.1562320446773e-13    0.0111466146473734    -0.375877252303968     0.224654798518098   4.3984678377215e-16  -6.7988856113748e-14
-3.19006985833258e-16 -3.30557615494365e-16 -4.42231258549924e-15  2.40662799923317e-14 -1.96642507530623e-14     0.375877252303855    0.0111466146473696   4.3984678377215e-16      0.22465479851806  1.09179174090764e-14
 -0.00054361015539913   0.00103518394881418     -0.13254762252493     0.129511273416597    -0.183943662053444  -5.9793911450666e-15 -4.72385240501682e-14  -6.7988856113748e-14  1.09179174090764e-14     0.104467567697757
TOTAL ENERGY: -127.033109973793	 lambda: -0.7	 population of target: 5.56616713835906
1RDM: 
     1.99999946109076   1.9813438521932e-07 -3.51122052021645e-05  5.09912595537674e-05  1.11552565651217e-06  6.14538555045018e-17   4.9895769664575e-16  1.53422551101094e-15 -2.27582016225329e-16 -0.000513921700261344
  1.9813438521932e-07      1.99999695064027  6.63031322151084e-05 -0.000120593801444549  0.000118697246012006  1.24914718058113e-16 -5.86119185717499e-19 -1.70228008907349e-16  -1.7957155530396e-16  0.000923132699036017
-3.51122052021645e-05  6.63031322151084e-05      1.99053571951446    0.0122257883843005  -0.00492232120953691  1.91882245546793e-15  1.82537108859812e-14  7.00859591780326e-14 -9.68633113818858e-15     -0.11825163034048
 5.09912595537674e-05 -0.000120593801444549    0.0122257883843005      1.95244084985873   0.00302224873040518 -1.48853491270599e-15 -1.01316316917291e-14  -9.9566290442896e-15  2.08330061562447e-15     0.113242202508325
 1.11552565651217e-06  0.000118697246012006  -0.00492232120953691   0.00302224873040518      1.91693114707914 -5.54995081171515e-16 -8.98413577790708e-15 -5.86110789689943e-14  7.35179289235247e-15    -0.156865419121259
 6.14538555045018e-17  1.24914718058113e-16  1.91882245546793e-15 -1.48853491270599e-15 -5.54995081171515e-16       1.8021383532273  4.36469704985214e-16   0.00972340648755534     0.327884961178989 -1.93737464263748e-15
  4.9895769664575e-16 -5.86119185717499e-19  1.82537108859812e-14 -1.01316316917291e-14 -8.98413577790708e-15  4.36469704985214e-16       1.8021383532273    -0.327884961178907    0.0097234064875542 -1.54825409620712e-14
 1.53422551101094e-15 -1.70228008907349e-16  7.00859591780326e-14  -9.9566290442896e-15 -5.86110789689943e-14   0.00972340648755534    -0.327884961178907     0.218549518938194  5.05860534084229e-16  -1.4106283966647e-15
-2.27582016225329e-16  -1.7957155530396e-16 -9.68633113818858e-15  2.08330061562447e-15  7.35179289235247e-15     0.327884961178989    0.0097234064875542  5.05860534084229e-16     0.218549518938203  5.38986557917047e-16
-0.000513921700261344  0.000923132699036017     -0.11825163034048     0.113242202508325    -0.156865419121259 -1.93737464263748e-15 -1.54825409620712e-14  -1.4106283966647e-15  5.38986557917047e-16    0.0987201274856644
TOTAL ENERGY: -127.117360258042	 lambda: -0.6	 population of target: 5.69578312457526
1RDM: 
     1.99999947116982  1.74015836116977e-07 -2.77537114945988e-05  4.21965431198118e-05  4.31015257790989e-06  2.83845178352903e-17  2.49646457294618e-16  1.05725889969297e-15 -1.48951501012572e-16 -0.000483951868154831
 1.74015836116977e-07      1.99999719179331  5.24883316770443e-05 -0.000100085899501337   9.3808720513572e-05  8.80936772727377e-17  -2.7371897293758e-16 -6.52016948202179e-16 -7.11135984851431e-17  0.000802300922432503
-2.77537114945988e-05  5.24883316770443e-05      1.99224244210254   0.00972866142248754  -0.00277307982932618  3.58965208116583e-15  3.01801242504024e-14  9.48086527802623e-14 -1.38822237648069e-14    -0.103660356699157
 4.21965431198118e-05 -0.000100085899501337   0.00972866142248754      1.95720679427106   0.00168128208398572  6.88961424802472e-15  5.32403115929043e-14  1.01111956105299e-13 -1.60767969956976e-14    0.0965000367481422
 4.31015257790989e-06   9.3808720513572e-05  -0.00277307982932618   0.00168128208398572      1.91641716723515   -1.114266119321e-14 -8.71787074056037e-14  -2.4229045776056e-13  3.74892655318208e-14     -0.12970153921734
 2.83845178352903e-17  8.80936772727377e-17  3.58965208116583e-15  6.88961424802472e-15   -1.114266119321e-14      1.80424000865148  5.53625349951029e-16   0.00832299732621791     0.280661478036951  1.47166590381998e-15
 2.49646457294618e-16  -2.7371897293758e-16  3.01801242504024e-14  5.32403115929043e-14 -8.71787074056037e-14  5.53625349951029e-16      1.80424000865144    -0.280661478037223   0.00832299732622349  9.36947007627997e-15
 1.05725889969297e-15 -6.52016948202179e-16  9.48086527802623e-14  1.01111956105299e-13  -2.4229045776056e-13   0.00832299732621791    -0.280661478037223     0.214840959318019 -7.47878146721962e-16  5.82533265664027e-14
-1.48951501012572e-16 -7.11135984851431e-17 -1.38822237648069e-14 -1.60767969956976e-14  3.74892655318208e-14     0.280661478036951   0.00832299732622349 -7.47878146721962e-16     0.214840959317977 -9.32584935416193e-15
-0.000483951868154831  0.000802300922432503    -0.103660356699157    0.0965000367481422     -0.12970153921734  1.47166590381998e-15  9.36947007627997e-15  5.82533265664027e-14 -9.32584935416193e-15    0.0959749974892226
TOTAL ENERGY: -127.188489149444	 lambda: -0.5	 population of target: 5.82510081233772
1RDM: 
     1.99999947781357  1.40641286797856e-07 -2.07769827616864e-05  3.28977236942599e-05  1.01524960233052e-05  4.85722492636567e-17  3.91832275024967e-16  1.31222567625314e-15 -1.92242277671663e-16 -0.000443632154073616
 1.40641286797856e-07      1.99999743892389  3.94733314325116e-05 -8.02418365938635e-05  7.37667876614621e-05   1.1736609054486e-16 -5.47724659637489e-17 -2.64899369759476e-16 -1.04386633946237e-16  0.000673857834663185
-2.07769827616864e-05  3.94733314325116e-05      1.99371562500944   0.00743260040939637 -0.000942551564903779  1.96114762162491e-15  1.81251573897172e-14  6.77946178593158e-14 -9.47897659409183e-15    -0.088384661693087
 3.28977236942599e-05 -8.02418365938635e-05   0.00743260040939637      1.96167135978155   0.00104436655703356  4.28114303708231e-16  5.21443982951479e-15  1.56391495816221e-14  -1.9139075149712e-15    0.0797898895588156
 1.01524960233052e-05  7.37667876614621e-05 -0.000942551564903779   0.00104436655703356      1.91419145774714 -1.92919196592448e-15 -1.95665026642253e-14 -8.41397070181738e-14  1.13491657882218e-14    -0.104875213818831
 4.85722492636567e-17   1.1736609054486e-16  1.96114762162491e-15  4.28114303708231e-16 -1.92919196592448e-15       1.8037719581085  4.98780999974438e-16   0.00691939263871657     0.233330231638158 -9.71443578212173e-16
 3.91832275024967e-16 -5.47724659637489e-17  1.81251573897172e-14  5.21443982951479e-15 -1.95665026642253e-14  4.98780999974438e-16      1.80377195810848    -0.233330231638087   0.00691939263871488 -7.81982568397319e-15
 1.31222567625314e-15 -2.64899369759476e-16  6.77946178593158e-14  1.56391495816221e-14 -8.41397070181738e-14   0.00691939263871657    -0.233330231638087     0.213661869617098  4.57852442033537e-17  9.26236119354265e-15
-1.92242277671663e-16 -1.04386633946237e-16 -9.47897659409183e-15  -1.9139075149712e-15  1.13491657882218e-14     0.233330231638158   0.00691939263871488  4.57852442033537e-17      0.21366186961708 -1.13747295996957e-15
-0.000443632154073616  0.000673857834663185    -0.088384661693087    0.0797898895588156    -0.104875213818831 -9.71443578212173e-16 -7.81982568397319e-15  9.26236119354265e-15 -1.13747295996957e-15     0.095556985273237
TOTAL ENERGY: -127.246519624784	 lambda: -0.4	 population of target: 5.95405535310948
1RDM: 
     1.99999948443083   9.9107594124001e-08 -1.41226435570235e-05   2.3463083983553e-05  1.62970809237407e-05  4.46492524722364e-17  3.58986413289487e-16  1.22210538510334e-15 -1.77665878924347e-16 -0.000384964335800103
  9.9107594124001e-08      1.99999768286664  2.75034456757917e-05 -6.11753294194479e-05  5.79130489126256e-05  1.18682887402327e-16 -6.17429897129097e-17  -2.6363291691129e-16 -7.36723282982903e-17  0.000540417491512734
-1.41226435570235e-05  2.75034456757917e-05      1.99494974707881   0.00536063111614793  0.000458523626266452  1.92078547779386e-15  1.75693069915399e-14  6.44155788573475e-14 -9.04761786019938e-15   -0.0721339672249093
  2.3463083983553e-05 -6.11753294194479e-05   0.00536063111614793      1.96588659231984  0.000827369467905485  8.15645564424601e-16  7.96836121398816e-15  2.08779751539955e-14  -2.8079784912142e-15     0.063492339605958
 1.62970809237407e-05  5.79130489126256e-05  0.000458523626266452  0.000827369467905485      1.91166348306394 -2.32031541882825e-15 -2.20279068905656e-14 -8.96168401301748e-14  1.23847095215884e-14   -0.0834038448151357
 4.46492524722364e-17  1.18682887402327e-16  1.92078547779386e-15  8.15645564424601e-16 -2.32031541882825e-15      1.80023380937809  -5.5761257266119e-17   0.00549688098294417     0.185361381377252 -5.80792795690565e-16
 3.58986413289487e-16 -6.17429897129097e-17  1.75693069915399e-14  7.96836121398816e-15 -2.20279068905656e-14  -5.5761257266119e-17       1.8002338093781     -0.18536138137727    0.0054968809829471 -4.72467760119885e-15
 1.22210538510334e-15  -2.6363291691129e-16  6.44155788573475e-14  2.08779751539955e-14 -8.96168401301748e-14   0.00549688098294417     -0.18536138137727     0.215502547495815  1.48988605866076e-16  1.20348388089124e-14
-1.77665878924347e-16 -7.36723282982903e-17 -9.04761786019938e-15  -2.8079784912142e-15  1.23847095215884e-14     0.185361381377252    0.0054968809829471  1.48988605866076e-16     0.215502547495827 -1.61683259613719e-15
-0.000384964335800103  0.000540417491512734   -0.0721339672249093     0.063492339605958   -0.0834038448151357 -5.80792795690565e-16 -4.72467760119885e-15  1.20348388089124e-14 -1.61683259613719e-15    0.0960302964921374
TOTAL ENERGY: -127.291765003423	 lambda: -0.3	 population of target: 6.08334692205396
1RDM: 
     1.99999949093099  5.61887980176189e-08 -8.16148681807271e-06  1.47133992151183e-05  1.96983271624672e-05  3.83755460688155e-17  3.13712549821189e-16   1.0888632487015e-15 -1.54786432975969e-16 -0.000305483548948224
 5.61887980176189e-08      1.99999791391414  1.70508932418674e-05 -4.30269285967494e-05  4.42065454508416e-05   1.1923431616241e-16 -8.87474369935898e-17 -2.72277561973766e-16 -4.03903877709071e-17  0.000404632375259563
-8.16148681807271e-06  1.70508932418674e-05      1.99591023478943    0.0035434485270355    0.0013246426287907  2.13520032134273e-15  1.86489146117534e-14  6.32957614859655e-14 -9.08155839837936e-15   -0.0548349879130108
 1.47133992151183e-05 -4.30269285967494e-05    0.0035434485270355      1.96993764941999  0.000681659018308544  1.90505524180029e-15  1.48235502100691e-14  3.45365586357204e-14 -5.38083332854991e-15    0.0476634861584969
 1.96983271624672e-05  4.42065454508416e-05    0.0013246426287907  0.000681659018308544      1.91002877338393 -4.56503077174623e-15 -3.57925026787007e-14 -1.23179480311547e-13  1.88824659111516e-14   -0.0645114355478028
 3.83755460688155e-17   1.1923431616241e-16  2.13520032134273e-15  1.90505524180029e-15 -4.56503077174623e-15      1.79278971435991 -5.98428340777156e-16   0.00405850608844944     0.136857906671363  2.36602866061932e-16
 3.13712549821189e-16 -8.87474369935898e-17  1.86489146117534e-14  1.48235502100691e-14 -3.57925026787007e-14 -5.98428340777156e-16      1.79278971435993    -0.136857906671459   0.00405850608844379  9.78679602383339e-16
  1.0888632487015e-15 -2.72277561973766e-16  6.32957614859655e-14  3.45365586357204e-14 -1.23179480311547e-13   0.00405850608844944    -0.136857906671459     0.221210578228882  1.27360718116804e-16  2.24324503831956e-14
-1.54786432975969e-16 -4.03903877709071e-17 -9.08155839837936e-15 -5.38083332854991e-15  1.88824659111516e-14     0.136857906671363   0.00405850608844379  1.27360718116804e-16     0.221210578228905 -3.57981284108629e-15
-0.000305483548948224  0.000404632375259563   -0.0548349879130108    0.0476634861584969   -0.0645114355478028  2.36602866061932e-16  9.78679602383339e-16  2.24324503831956e-14 -3.57981284108629e-15    0.0961253523839113
TOTAL ENERGY: -127.324354935669	 lambda: -0.2	 population of target: 6.21374994259302
1RDM: 
     1.99999949309303  2.09491912526809e-08 -3.52175665788986e-06  7.53594198849261e-06  1.81340196805128e-05  4.13996774123051e-17  3.28008008965948e-16  1.06255694095473e-15 -1.52287831833136e-16 -0.000209097402736747
 2.09491912526809e-08      1.99999812320826  8.67313055972859e-06 -2.62021620234239e-05  3.04196159107931e-05  1.31821206400613e-16 -5.67133119755582e-17 -2.21329604980294e-16 -1.83836707284524e-17  0.000268356056649859
-3.52175665788986e-06  8.67313055972859e-06      1.99654674420483   0.00201827661071915   0.00156453388682335  1.80432227743758e-15  1.63969854850287e-14  5.47292738924881e-14 -7.71426439470046e-15   -0.0367006703511172
 7.53594198849261e-06 -2.62021620234239e-05   0.00201827661071915       1.9738643715661  0.000407329833032859  9.90699902137222e-16  9.08825856777512e-15  2.21393681907127e-14   -3.090349774169e-15    0.0320369094828485
 1.81340196805128e-05  3.04196159107931e-05   0.00156453388682335  0.000407329833032859      1.90955215170663 -2.45715006248324e-15 -2.25146939723154e-14 -8.35585261308942e-14  1.17396669430402e-14   -0.0460000917083025
 4.13996774123051e-17  1.31821206400613e-16  1.80432227743758e-15  9.90699902137222e-16 -2.45715006248324e-15      1.78051393983575  8.76467454619166e-16   0.00263115161175316    0.0887255274831634  5.09817916045386e-17
 3.28008008965948e-16 -5.67133119755582e-17  1.63969854850287e-14  9.08825856777512e-15 -2.25146939723154e-14  8.76467454619166e-16      1.78051393983579   -0.0887255274832789   0.00263115161176106  6.63310590401662e-16
 1.06255694095473e-15 -2.21329604980294e-16  5.47292738924881e-14  2.21393681907127e-14 -8.35585261308942e-14   0.00263115161175316   -0.0887255274832789      0.23175316191613  1.98774746328473e-15  1.42807776435245e-14
-1.52287831833136e-16 -1.83836707284524e-17 -7.71426439470046e-15   -3.090349774169e-15  1.17396669430402e-14    0.0887255274831634   0.00263115161176106  1.98774746328473e-15     0.231753161916175   -1.994649064553e-15
-0.000209097402736747  0.000268356056649859   -0.0367006703511172    0.0320369094828485   -0.0460000917083025  5.09817916045386e-17  6.63310590401662e-16  1.42807776435245e-14   -1.994649064553e-15    0.0955049127173216
TOTAL ENERGY: -127.344062930639	 lambda: -0.1	 population of target: 6.34516577662953
1RDM: 
     1.99999948518024   9.7871211310554e-10 -7.43072773649878e-07  2.55995860864446e-06  1.11321679126101e-05  4.14671225625639e-17  3.25777192981602e-16  9.82232956986817e-16 -1.39685357080594e-16 -0.000104224522652878
  9.7871211310554e-10      1.99999830325774   2.8761654857839e-06 -1.15116554640974e-05  1.54196393315759e-05  1.43299745297314e-16 -5.40448118215201e-17 -1.96563205537175e-16  7.25568211231945e-18   0.00013287207727561
-7.43072773649878e-07   2.8761654857839e-06      1.99681724836201  0.000826066319974345   0.00112040526979229  1.81229439455462e-15  1.64392169693487e-14  4.96441168090687e-14 -7.00836805993883e-15   -0.0182147354715481
 2.55995860864446e-06 -1.15116554640974e-05  0.000826066319974345      1.97759992892694  7.55864227046763e-05  1.06736368316099e-15  9.67667148315162e-15  2.21036600871483e-14  -3.1119002302917e-15    0.0162228684641971
 1.11321679126101e-05  1.54196393315759e-05   0.00112040526979229  7.55864227046763e-05      1.90940983343355 -2.61443724721366e-15 -2.37411152309204e-14 -7.97291485596079e-14  1.12711250481136e-14   -0.0251850712010739
 4.14671225625639e-17  1.43299745297314e-16  1.81229439455462e-15  1.06736368316099e-15 -2.61443724721366e-15      1.76295912025825 -5.48209327618601e-17   0.00126139722213526    0.0425357569206712  2.88158152135397e-16
 3.25777192981602e-16 -5.40448118215201e-17  1.64392169693487e-14  9.67667148315162e-15 -2.37411152309204e-14 -5.48209327618601e-17      1.76295912025821   -0.0425357569206752   0.00126139722212656  2.72961343887356e-15
 9.82232956986817e-16 -1.96563205537175e-16  4.96441168090687e-14  2.21036600871483e-14 -7.97291485596079e-14   0.00126139722213526   -0.0425357569206752     0.247647680887759 -1.08232936426558e-15  1.57569599317084e-14
-1.39685357080594e-16  7.25568211231945e-18 -7.00836805993883e-15  -3.1119002302917e-15  1.12711250481136e-14    0.0425357569206712   0.00126139722212656 -1.08232936426558e-15      0.24764768088772   -2.218289596198e-15
-0.000104224522652878   0.00013287207727561   -0.0182147354715481    0.0162228684641971   -0.0251850712010739  2.88158152135397e-16  2.72961343887356e-15  1.57569599317084e-14   -2.218289596198e-15    0.0949615985476458
TOTAL ENERGY: -127.35062361568	 lambda: 0	 population of target: 6.47611149584197
1RDM: 
     1.99999946337301 -3.06033476135934e-14  9.35289618382629e-13  6.98311481119147e-12 -2.76697272831957e-12  4.27469084657494e-17   3.3309603038711e-16  9.06806362651843e-16 -1.27981904638022e-16  2.82432257983313e-11
-3.06033476135934e-14      1.99999844911318  5.06352306367957e-12 -6.07415944539752e-12  3.41902197043091e-12  1.57708763160722e-16 -5.13209609506918e-17 -1.71527198633843e-16  3.04963162311061e-17  8.44610439001689e-11
 9.35289618382629e-13  5.06352306367957e-12      1.99670827078725  1.32337597569202e-10 -7.61062244385523e-11  1.86141242805759e-15  1.68882542176155e-14  4.45681964979887e-14 -6.29695082089677e-15 -1.14437286322115e-09
 6.98311481119147e-12 -6.07415944539752e-12  1.32337597569202e-10      1.98097061187602  5.46993671038577e-10  1.12783872540701e-15  1.02253759052819e-14  2.16746968318341e-14 -3.05632368319395e-15  2.20620530009399e-09
-2.76697272831957e-12  3.41902197043091e-12 -7.61062244385523e-11  5.46993671038577e-10      1.90820020142702 -2.75415202069567e-15 -2.50874567870209e-14 -7.49486630093945e-14  1.06011151589495e-14  2.62128920306091e-09
 4.27469084657494e-17  1.57708763160722e-16  1.86141242805759e-15  1.12783872540701e-15 -2.75415202069567e-15      1.74080918600793  1.57040158253922e-15  2.07360415833286e-10  9.88288193154904e-10  3.85563049735783e-16
  3.3309603038711e-16 -5.13209609506918e-17  1.68882542176155e-14  1.02253759052819e-14 -2.50874567870209e-14  1.57040158253922e-15      1.74080918600793 -9.88300957277073e-10  2.07359986096026e-10  3.60271694517944e-15
 9.06806362651843e-16 -1.71527198633843e-16  4.45681964979887e-14  2.16746968318341e-14 -7.49486630093945e-14  2.07360415833286e-10 -9.88300957277073e-10     0.268293778045958  1.28351260298831e-15  1.69140193389252e-14
-1.27981904638022e-16  3.04963162311061e-17 -6.29695082089677e-15 -3.05632368319395e-15  1.06011151589495e-14  9.88288193154904e-10  2.07359986096026e-10  1.28351260298831e-15     0.268293778045958 -2.37580154501952e-15
 2.82432257983313e-11  8.44610439001689e-11 -1.14437286322115e-09  2.20620530009399e-09  2.62128920306091e-09  3.85563049735783e-16  3.60271694517944e-15  1.69140193389252e-14 -2.37580154501952e-15    0.0959170753157731
TOTAL ENERGY: -127.344256473382	 lambda: 0.1	 population of target: 6.60414946783879
1RDM: 
     1.99999942685778  1.74404925087555e-08 -1.11288744748703e-06 -3.26206277218056e-07 -1.30431776889184e-05  4.47560187692995e-17  3.46511955366731e-16  8.36965342955986e-16 -1.17182279346728e-16   9.7678450028124e-05
 1.74404925087555e-08      1.99999856057011  1.30319366387533e-07  7.51802975497995e-06 -1.31818186980868e-05  1.73548723274332e-16 -4.98330613469864e-17 -1.47919920171561e-16  5.08953140460896e-17 -0.000126733339286843
-1.11288744748703e-06  1.30319366387533e-07      1.99623558352591 -0.000453440178788171  -0.00170419881619027  1.95081514316706e-15  1.77026378430723e-14  3.98261478315204e-14 -5.63277943243952e-15    0.0174019014664067
-3.26206277218056e-07  7.51802975497995e-06 -0.000453440178788171      1.98376538606519  0.000570849034143721   1.1944935186584e-15  1.08329791994864e-14  2.13868490927672e-14 -3.02043315369155e-15    -0.016479091121555
-1.30431776889184e-05 -1.31818186980868e-05  -0.00170419881619027  0.000570849034143721      1.90484951633571 -2.92061702599366e-15 -2.66993227921011e-14 -7.10765221279051e-14  1.00578646472062e-14    0.0302960807151619
 4.47560187692995e-17  1.73548723274332e-16  1.95081514316706e-15   1.1944935186584e-15 -2.92061702599366e-15      1.71614385745842 -5.73831856807409e-16  -0.00111947920581474   -0.0377502662433036  3.37395553460732e-16
 3.46511955366731e-16 -4.98330613469864e-17  1.77026378430723e-14  1.08329791994864e-14 -2.66993227921011e-14 -5.73831856807409e-16      1.71614385745848     0.037750266243286  -0.00111947920581946  3.15517624776425e-15
 8.36965342955986e-16 -1.47919920171561e-16  3.98261478315204e-14  2.13868490927672e-14 -7.10765221279051e-14  -0.00111947920581474     0.037750266243286     0.291685059031868  9.75845569668791e-16   1.7793436918807e-14
-1.17182279346728e-16  5.08953140460896e-17 -5.63277943243952e-15 -3.02043315369155e-15  1.00578646472062e-14   -0.0377502662433036  -0.00111947920581946  9.75845569668791e-16      0.29168505903193 -2.49173851503872e-15
  9.7678450028124e-05 -0.000126733339286843    0.0174019014664067    -0.016479091121555    0.0302960807151619  3.37395553460732e-16  3.15517624776425e-15   1.7793436918807e-14 -2.49173851503872e-15    0.0994936936646456
TOTAL ENERGY: -127.325859323923	 lambda: 0.2	 population of target: 6.72711690548799
1RDM: 
      1.9999993760088  4.94331995239644e-08 -3.82584389543123e-06  1.15333994670082e-06 -2.62630040679308e-05  4.69614311178937e-17  3.61765950952439e-16   7.7405160722009e-16 -1.07481919704339e-16  0.000188034131604214
 4.94331995239644e-08      1.99999864362991  3.05539431977933e-06  1.09092493428843e-05 -2.06778983734515e-05  1.88906159503784e-16 -4.96105966145011e-17 -1.26744825022071e-16  6.85727529697496e-17 -0.000241880283407831
-3.82584389543123e-06  3.05539431977933e-06       1.9954233742124 -0.000567937612166599  -0.00384361307737988  2.05676943458576e-15  1.86704641351525e-14   3.5536725466596e-14 -5.03122179922344e-15    0.0337258891416033
 1.15333994670082e-06  1.09092493428843e-05 -0.000567937612166599      1.98583304051949   0.00205173045757626  1.24946766877329e-15  1.13384500800006e-14  2.12500588643852e-14 -3.00475537742755e-15   -0.0327151972506406
-2.62630040679308e-05 -2.06778983734515e-05  -0.00384361307737988   0.00205173045757626      1.89929012705884 -3.06516997872227e-15 -2.81359879259835e-14 -6.83209879523296e-14  9.66504109713442e-15    0.0652081311301537
 4.69614311178937e-17  1.88906159503784e-16  2.05676943458576e-15  1.24946766877329e-15 -3.06516997872227e-15      1.69200160328803 -1.10243854192499e-15  -0.00209569608058396   -0.0706693949268803  1.54657117813263e-16
 3.61765950952439e-16 -4.96105966145011e-17  1.86704641351525e-14  1.13384500800006e-14 -2.81359879259835e-14 -1.10243854192499e-15        1.692001603288    0.0706693949269189  -0.00209569608059419  1.47591801770014e-15
  7.7405160722009e-16 -1.26744825022071e-16   3.5536725466596e-14  2.12500588643852e-14 -6.83209879523296e-14  -0.00209569608058396    0.0706693949269189     0.314827044190964 -2.00646674360806e-15  1.81426612300827e-14
-1.07481919704339e-16  6.85727529697496e-17 -5.03122179922344e-15 -3.00475537742755e-15  9.66504109713442e-15   -0.0706693949268803  -0.00209569608059419 -2.00646674360806e-15     0.314827044190934 -2.53050076808423e-15
 0.000188034131604214 -0.000241880283407831    0.0337258891416033   -0.0327151972506406    0.0652081311301537  1.54657117813263e-16  1.47591801770014e-15  1.81426612300827e-14 -2.53050076808423e-15     0.105798143612687
TOTAL ENERGY: -127.296596591186	 lambda: 0.3	 population of target: 6.84434919419971
1RDM: 
     1.99999931000226  9.03035905514444e-08 -8.10262448077787e-06  3.96008921774099e-06 -3.95360751284408e-05  4.87942634672331e-17  3.74386878991384e-16  7.18132747082946e-16 -9.88386364327857e-17  0.000274300052409937
 9.03035905514444e-08      1.99999870898618   8.3009572404885e-06  1.08265608081478e-05 -1.98794293915691e-05  2.01883925521625e-16 -5.01872354488494e-17 -1.09008368155775e-16   8.4310536341805e-17 -0.000339249964880205
-8.10262448077787e-06   8.3009572404885e-06      1.99427762201341 -0.000412991639000282  -0.00628473759518206  2.15157161289267e-15  1.95371284132841e-14  3.16826646473314e-14 -4.49154524427464e-15    0.0490371614643427
 3.96008921774099e-06  1.08265608081478e-05 -0.000412991639000282      1.98714175199879   0.00446462231905422  1.27653046154372e-15  1.15673710638915e-14  2.11975957714035e-14 -2.99945944985146e-15    -0.048099345362991
-3.95360751284408e-05 -1.98794293915691e-05  -0.00628473759518206   0.00446462231905422      1.89240535236206 -3.14581060557326e-15 -2.90076330267838e-14 -6.65311427354507e-14  9.40888942285278e-15     0.103688985362796
 4.87942634672331e-17  2.01883925521625e-16  2.15157161289267e-15  1.27653046154372e-15 -3.14581060557326e-15      1.67144815263724  1.30707251075163e-15  -0.00295985004294932   -0.0998096984260542 -1.28610167509207e-16
 3.74386878991384e-16 -5.01872354488494e-17  1.95371284132841e-14  1.15673710638915e-14 -2.90076330267838e-14  1.30707251075163e-15       1.6714481526372    0.0998096984260522  -0.00295985004294605 -1.14377998547962e-15
 7.18132747082946e-16 -1.09008368155775e-16  3.16826646473314e-14  2.11975957714035e-14 -6.65311427354507e-14  -0.00295985004294932    0.0998096984260522     0.334665070034635 -6.42416857170122e-18  1.78048959278391e-14
-9.88386364327857e-17   8.4310536341805e-17 -4.49154524427464e-15 -2.99945944985146e-15  9.40888942285278e-15   -0.0998096984260542  -0.00295985004294605 -6.42416857170122e-18     0.334665070034593  -2.4711550460773e-15
 0.000274300052409937 -0.000339249964880205    0.0490371614643427    -0.048099345362991     0.103688985362796 -1.28610167509207e-16 -1.14377998547962e-15  1.78048959278391e-14  -2.4711550460773e-15     0.113950809293654
TOTAL ENERGY: -127.257156625803	 lambda: 0.4	 population of target: 6.95711326330384
1RDM: 
     1.99999922599612  1.33975976826478e-07 -1.42339262866375e-05  7.69709221739873e-06 -5.45027634712268e-05  4.98148433060577e-17  3.80797710859149e-16  6.67689585267553e-16 -9.10052474566335e-17  0.000360877271993081
 1.33975976826478e-07      1.99999876757195   1.5252846338754e-05  8.42066645563629e-06 -1.03695857480472e-05  2.11167142168447e-16 -5.14427085083168e-17 -9.45355161605018e-17  9.92721520693503e-17 -0.000413953594790943
-1.42339262866375e-05   1.5252846338754e-05      1.99277143233433 -7.38636027257147e-05  -0.00897237611680798  2.21262166003085e-15  2.00912238488834e-14  2.81851116446102e-14 -4.00046574786077e-15    0.0636344120271397
 7.69709221739873e-06  8.42066645563629e-06 -7.38636027257147e-05      1.98777030533885   0.00761297469400341  1.26443906930265e-15  1.14701887656302e-14   2.1105793228919e-14 -2.99333258287145e-15   -0.0621837436319067
-5.45027634712268e-05 -1.03695857480472e-05  -0.00897237611680798   0.00761297469400341       1.8853399276884 -3.13843484730482e-15 -2.90363155894245e-14  -6.5588167379452e-14   9.2594431564418e-15     0.144778980946967
 4.98148433060577e-17  2.11167142168447e-16  2.21262166003085e-15  1.26443906930265e-15 -3.13843484730482e-15      1.65669999464718 -1.47271121081873e-15  -0.00376412514316501    -0.126930854544321 -4.72395826662915e-16
 3.80797710859149e-16 -5.14427085083168e-17  2.00912238488834e-14  1.14701887656302e-14 -2.90363155894245e-14 -1.47271121081873e-15      1.65669999464725       0.1269308545443  -0.00376412514316993 -4.32802869464181e-15
 6.67689585267553e-16 -9.45355161605018e-17  2.81851116446102e-14   2.1105793228919e-14  -6.5588167379452e-14  -0.00376412514316501       0.1269308545443     0.348971397102837  5.09985879797702e-16  1.67167819177627e-14
-9.10052474566335e-17  9.92721520693503e-17 -4.00046574786077e-15 -2.99333258287145e-15   9.2594431564418e-15    -0.126930854544321  -0.00376412514316993  5.09985879797702e-16     0.348971397102903 -2.30895237225597e-15
 0.000360877271993081 -0.000413953594790943    0.0636344120271397   -0.0621837436319067     0.144778980946967 -4.72395826662915e-16 -4.32802869464181e-15  1.67167819177627e-14 -2.30895237225597e-15     0.122777557570164
TOTAL ENERGY: -127.207206769954	 lambda: 0.5	 population of target: 7.06811613617923
1RDM: 
      1.9999991199309  1.75308811977141e-07 -2.27584496793401e-05  1.20784273495351e-05 -7.37511787663572e-05  4.97997269391811e-17  3.79131967068715e-16  6.20555426220481e-16 -8.36228816260478e-17  0.000450799049505363
 1.75308811977141e-07      1.99999882564894   2.3336558733424e-05  4.89185567270623e-06  5.64023752144715e-06  2.16270665411739e-16 -5.18727191876802e-17 -8.39512010817395e-17  1.14688078846143e-16 -0.000464434625588622
-2.27584496793401e-05   2.3336558733424e-05      1.99084742303015  0.000371852057250105   -0.0119433162813804  2.22746988107112e-15  2.02332059837952e-14  2.48820754065643e-14 -3.53726305426324e-15     0.077892454237043
 1.20784273495351e-05  4.89185567270623e-06  0.000371852057250105      1.98785407768881     0.011191903970149   1.2110186114114e-15  1.09535708445188e-14  2.09814538212951e-14 -2.97892642428037e-15   -0.0748351493784203
-7.37511787663572e-05  5.64023752144715e-06   -0.0119433162813804     0.011191903970149      1.87872599541228 -3.03246366171585e-15 -2.82174303368951e-14 -6.50501044233504e-14  9.17043810701489e-15     0.187749958438813
 4.97997269391811e-17  2.16270665411739e-16  2.22746988107112e-15   1.2110186114114e-15 -3.03246366171585e-15      1.64866741287225 -1.06331195965139e-15  -0.00456707803140607    -0.154007372597734   -8.400669777442e-16
 3.79131967068715e-16 -5.18727191876802e-17  2.02332059837952e-14  1.09535708445188e-14 -2.82174303368951e-14 -1.06331195965139e-15      1.64866741287229     0.154007372597614  -0.00456707803143338 -7.77883302734795e-15
 6.20555426220481e-16 -8.39512010817395e-17  2.48820754065643e-14  2.09814538212951e-14 -6.50501044233504e-14  -0.00456707803140607     0.154007372597614     0.356817170618323  1.27573273605679e-16  1.49671682914441e-14
-8.36228816260478e-17  1.14688078846143e-16 -3.53726305426324e-15 -2.97892642428037e-15  9.17043810701489e-15    -0.154007372597734  -0.00456707803143338  1.27573273605679e-16     0.356817170618362 -2.05104128189655e-15
 0.000450799049505363 -0.000464434625588622     0.077892454237043   -0.0748351493784203     0.187749958438813   -8.400669777442e-16 -7.77883302734795e-15  1.49671682914441e-14 -2.05104128189655e-15     0.131605391307734
TOTAL ENERGY: -127.145390797281	 lambda: 0.6	 population of target: 7.18046690558645
1RDM: 
      1.9999989879663  2.11599217777611e-07 -3.43053473456878e-05  1.69060400848008e-05 -9.95718057948531e-05  4.87645069260652e-17  3.69421663540814e-16  5.76488822954612e-16 -7.66327139661978e-17  0.000544618186131499
 2.11599217777611e-07      1.99999888217965  3.22074387801457e-05  1.12401332302533e-06  2.39765266834457e-05  2.19234083599623e-16 -3.83476672132584e-17 -8.77388180468421e-17  1.33452477203027e-16 -0.000493885033336009
-3.43053473456878e-05  3.22074387801457e-05      1.98843250104167  0.000872091368061297   -0.0152899014807648  2.23141872872389e-15  2.02429416077694e-14   2.1338845210146e-14 -3.03661169116933e-15    0.0921342413098993
 1.69060400848008e-05  1.12401332302533e-06  0.000872091368061297      1.98752736543781    0.0149082193414809   9.5903593201299e-16  8.83159440170041e-15  2.18091969150548e-14 -3.12012789632019e-15   -0.0862428777751596
-9.95718057948531e-05  2.39765266834457e-05   -0.0152899014807648    0.0149082193414809      1.87230147410264 -3.22291606309705e-15  -2.9624235443672e-14  -6.1245287246917e-14  8.57423178173505e-15     0.231779161741952
 4.87645069260652e-17  2.19234083599623e-16  2.23141872872389e-15   9.5903593201299e-16 -3.22291606309705e-15      1.64690364100173   1.7410270740983e-15  -0.00542211423489458    -0.182840225973518 -1.37513285922157e-15
 3.69421663540814e-16 -3.83476672132584e-17  2.02429416077694e-14  8.83159440170041e-15  -2.9624235443672e-14   1.7410270740983e-15      1.64690364100161     0.182840225973505  -0.00542211423489753 -1.25871922000838e-14
 5.76488822954612e-16 -8.77388180468421e-17   2.1338845210146e-14  2.18091969150548e-14  -6.1245287246917e-14  -0.00542211423489458     0.182840225973505     0.358634093923999 -1.32662247985659e-15  1.44950119180459e-14
-7.66327139661978e-17  1.33452477203027e-16 -3.03661169116933e-15 -3.12012789632019e-15  8.57423178173505e-15    -0.182840225973518  -0.00542211423489753 -1.32662247985659e-15     0.358634093923891 -1.99754864907217e-15
 0.000544618186131499 -0.000493885033336009    0.0921342413098993   -0.0862428777751596     0.231779161741952 -1.37513285922157e-15 -1.25871922000838e-14  1.44950119180459e-14 -1.99754864907217e-15     0.140665319420749
TOTAL ENERGY: -127.06990424163	 lambda: 0.7	 population of target: 7.29654282768362
1RDM: 
     1.99999882772923  2.44134961132933e-07 -4.94361524834986e-05  2.20628383414693e-05 -0.000132839780866646  4.68359864142712e-17  3.52440034188095e-16  5.21595070804509e-16 -6.80115743258555e-17  0.000640770692122603
 2.44134961132933e-07      1.99999892982388  4.19020539384821e-05 -2.50422156143689e-06  4.01329212156358e-05  2.13722211602776e-16 -6.73578938383965e-17 -5.30561973889019e-17  1.48022474668916e-16 -0.000510561671160583
-4.94361524834986e-05  4.19020539384821e-05      1.98545914952199   0.00141047475266851    -0.019096938562561  2.06140145682623e-15  1.87776085713181e-14  1.86529085830815e-14 -2.66303489974066e-15     0.106569355563644
 2.20628383414693e-05 -2.50422156143689e-06   0.00141047475266851      1.98688695336977    0.0185655981956751  1.22733976861473e-15  1.08105560061493e-14   1.8923462110912e-14 -2.67699433710359e-15   -0.0968228621199475
