Naturals in-correctTOTAL ENERGY: -126.618640188445	 lambda: -1	 population of target: 4.82293633426417
1RDM: 
     1.99999801927434   2.3528107290351e-06 -0.000210059705992737  0.000183381371915937  0.000138981145792574  6.66234136241521e-18 -1.00006020223207e-17  2.94877670562769e-17 -2.32386871172037e-17  -0.00139765408169409
  2.3528107290351e-06      1.99998441888367  0.000630759698976934 -0.000549690415333801 -0.000399397767829707  3.03703981840376e-17 -5.11430847341112e-17  1.54716850029436e-16 -1.06098294699636e-16   0.00428135577925769
-0.000210059705992737  0.000630759698976934      1.95472080372335    0.0471289840124298    0.0152184412796538  3.57948893330932e-17 -7.52505679254258e-17  3.73956963067999e-16 -1.71394593207494e-16    -0.286395267187103
 0.000183381371915937 -0.000549690415333801    0.0471289840124298      1.93530594954972  -0.00520177802479079 -2.75219577751511e-17  9.47614374806497e-17 -5.63978261368709e-16  1.84779037433142e-16     0.279728964531388
 0.000138981145792574 -0.000399397767829707    0.0152184412796538  -0.00520177802479079      1.95444027912519  1.28828720278028e-16 -3.21703191181533e-16  1.26908690861999e-15 -5.15335582268633e-16     0.143157585564715
 6.66234136241521e-18  3.03703981840376e-17  3.57948893330932e-17 -2.75219577751511e-17  1.28828720278028e-16      1.83696180435985 -5.86274799034669e-16   0.00801174381631035     0.502605061474885 -4.49754437757209e-17
-1.00006020223207e-17 -5.11430847341112e-17 -7.52505679254258e-17  9.47614374806497e-17 -3.21703191181533e-16 -5.86274799034669e-16      1.83696180435985     0.502605061474888  -0.00801174381630823  1.39578718601446e-16
 2.94877670562769e-17  1.54716850029436e-16  3.73956963067999e-16 -5.63978261368709e-16  1.26908690861999e-15   0.00801174381631035     0.502605061474888     0.185687423677146  6.09515315165822e-16 -2.36557051767391e-18
-2.32386871172037e-17 -1.06098294699636e-16 -1.71394593207494e-16  1.84779037433142e-16 -5.15335582268633e-16     0.502605061474885  -0.00801174381630823  6.09515315165822e-16     0.185687423677139 -4.36986419406287e-18
 -0.00139765408169409   0.00428135577925769    -0.286395267187103     0.279728964531388     0.143157585564715 -4.49754437757209e-17  1.39578718601446e-16 -2.36557051767391e-18 -4.36986419406287e-18     0.110252073369744
TOTAL ENERGY: -126.754978785346	 lambda: -0.9	 population of target: 4.96650115827251
1RDM: 
     1.99999827057088  1.63900133594727e-06 -0.000163156224510528  0.000137942444740082  0.000111744434959187  5.89778087175694e-18 -8.58436047331644e-18  2.60740758741487e-17 -2.25811515977477e-17   -0.0011807341203548
 1.63900133594727e-06      1.99998641617889  0.000520021474526751 -0.000438504639276036 -0.000327021762391722   2.6885706824656e-17 -4.41948745273662e-17  1.38375851190931e-16 -1.02710251527645e-16   0.00386640158659116
-0.000163156224510528  0.000520021474526751      1.96166615886548    0.0394650187135366    0.0120393746668469  2.94179741284267e-17 -6.04263565843838e-17  3.32673744319281e-16  -1.5331447270027e-16    -0.263639766606427
 0.000137942444740082 -0.000438504639276036    0.0394650187135366      1.94305371414952  -0.00307434664064903 -2.99401737770557e-17  1.00033466219282e-16 -5.60470872139436e-16  1.86519098283599e-16     0.253899892648815
 0.000111744434959187 -0.000327021762391722    0.0120393746668469  -0.00307434664064903      1.95706983767608  9.79143065441032e-17 -2.37193424328306e-16  1.07477579634493e-15 -4.42270425246071e-16     0.129567010532422
 5.89778087175694e-18   2.6885706824656e-17  2.94179741284267e-17 -2.99401737770557e-17  9.79143065441032e-17      1.85873445052754 -1.14319975240849e-16   0.00721849245273955     0.452841607845765 -4.01716396691691e-17
-8.58436047331644e-18 -4.41948745273662e-17 -6.04263565843838e-17  1.00033466219282e-16 -2.37193424328306e-16 -1.14319975240849e-16      1.85873445052756     0.452841607845739  -0.00721849245273859  1.38612823769239e-16
 2.60740758741487e-17  1.38375851190931e-16  3.32673744319281e-16 -5.60470872139436e-16  1.07477579634493e-15   0.00721849245273955     0.452841607845739     0.162688856836816  3.63482293386814e-16 -2.21516750243757e-17
-2.25811515977477e-17 -1.02710251527645e-16  -1.5331447270027e-16  1.86519098283599e-16 -4.42270425246071e-16     0.452841607845765  -0.00721849245273859  3.63482293386814e-16     0.162688856836828  3.30668690654362e-18
  -0.0011807341203548   0.00386640158659116    -0.263639766606427     0.253899892648815     0.129567010532422 -4.01716396691691e-17  1.38612823769239e-16 -2.21516750243757e-17  3.30668690654362e-18    0.0953789878304195
TOTAL ENERGY: -126.881334615205	 lambda: -0.8	 population of target: 5.11519972690033
1RDM: 
     1.99999844314245  1.07344451234013e-06 -0.000123713084150518  0.000100654599016408  8.88404227520065e-05  5.24023105368432e-18 -7.63940523506485e-18  2.31524110165261e-17  -2.2011757848834e-17 -0.000983077009318839
 1.07344451234013e-06      1.99998823296944  0.000417444513991719 -0.000339562974739553 -0.000262751775588624  2.36188547012943e-17 -3.83187515713368e-17  1.21255522221354e-16 -9.88842250114042e-17   0.00344679938190963
-0.000123713084150518  0.000417444513991719      1.96830537339173     0.032302929621948     0.009197128888401  2.46717373210258e-17 -5.08810800712372e-17  2.89742523218757e-16 -1.34762179094864e-16    -0.239302910096437
 0.000100654599016408 -0.000339562974739553     0.032302929621948      1.95019664440403  -0.00134347682965885  -2.1305555600309e-17  6.69952948757539e-17  -4.4823125583086e-16  1.55908702262834e-16     0.227636568365317
 8.88404227520065e-05 -0.000262751775588624     0.009197128888401  -0.00134347682965885      1.95948731785657  8.76383155453751e-17 -2.22509275921594e-16  1.01534999263949e-15 -4.09727836130457e-16     0.116140869428214
 5.24023105368432e-18  2.36188547012943e-17  2.46717373210258e-17  -2.1305555600309e-17  8.76383155453751e-17      1.87704719266111 -3.59169293245831e-16   0.00640987866536933     0.402114393735296   -3.126101466404e-17
-7.63940523506485e-18 -3.83187515713368e-17 -5.08810800712372e-17  6.69952948757539e-17 -2.22509275921594e-16 -3.59169293245831e-16      1.87704719266111     0.402114393735293  -0.00640987866536765  1.20834172992514e-16
 2.31524110165261e-17  1.21255522221354e-16  2.89742523218757e-16  -4.4823125583086e-16  1.01534999263949e-15   0.00640987866536933     0.402114393735293     0.143150155205574  4.08177147529442e-16  2.40606701511587e-18
 -2.2011757848834e-17 -9.88842250114042e-17 -1.34762179094864e-16  1.55908702262834e-16 -4.09727836130457e-16     0.402114393735296  -0.00640987866536765  4.08177147529442e-16     0.143150155205571 -2.79265103745812e-18
-0.000983077009318839   0.00344679938190963    -0.239302910096437     0.227636568365317     0.116140869428214   -3.126101466404e-17  1.20834172992514e-16  2.40606701511587e-18 -2.79265103745812e-18    0.0816292925024601
TOTAL ENERGY: -126.995907360162	 lambda: -0.7	 population of target: 5.26800454873777
1RDM: 
     1.99999855117632  6.38062413312544e-07 -9.11164088903314e-05  7.04487973636449e-05  6.94392603795175e-05  4.56436198542213e-18  -6.6889134775169e-18  1.97657983440417e-17 -2.12427901885227e-17 -0.000803470186180172
 6.38062413312544e-07      1.99998986737715  0.000324223144497086 -0.000252898662103812 -0.000205797618859644  2.06366399323799e-17 -3.36347973452509e-17  1.04603341415585e-16 -9.50005607727998e-17   0.00302377236610391
-9.11164088903314e-05  0.000324223144497086      1.97450761912984    0.0256954995513556   0.00668190509192697  2.06038232589365e-17 -4.31377343992176e-17   2.5150212361831e-16 -1.17748996839028e-16    -0.213486310792789
 7.04487973636449e-05 -0.000252898662103812    0.0256954995513556      1.95674388545771  4.06578885473514e-05 -2.42196016734068e-17  7.55152312461403e-17 -4.38429532375775e-16  1.56061439253309e-16     0.200826995367981
 6.94392603795175e-05 -0.000205797618859644   0.00668190509192697  4.06578885473514e-05      1.96172469480708  6.46530886297834e-17 -1.59962060504857e-16  8.21293486173618e-16 -3.37030646272315e-16     0.102621211860593
 4.56436198542213e-18  2.06366399323799e-17  2.06038232589365e-17 -2.42196016734068e-17  6.46530886297834e-17       1.8920241589183 -3.71183482909695e-16   0.00559555745620457     0.351029124841389 -2.64853870262489e-17
 -6.6889134775169e-18 -3.36347973452509e-17 -4.31377343992176e-17  7.55152312461403e-17 -1.59962060504857e-16 -3.71183482909695e-16       1.8920241589183     0.351029124841398  -0.00559555745620265  1.14684203419871e-16
 1.97657983440417e-17  1.04603341415585e-16   2.5150212361831e-16 -4.38429532375775e-16  8.21293486173618e-16   0.00559555745620457     0.351029124841398      0.12695517461921  3.68615036043118e-16 -1.42815964204428e-17
-2.12427901885227e-17 -9.50005607727998e-17 -1.17748996839028e-16  1.56061439253309e-16 -3.37030646272315e-16     0.351029124841389  -0.00559555745620265  3.68615036043118e-16     0.126955174619207  3.12070416096308e-18
-0.000803470186180172   0.00302377236610391    -0.213486310792789     0.200826995367981     0.102621211860593 -2.64853870262489e-17  1.14684203419871e-16 -1.42815964204428e-17  3.12070416096308e-18    0.0690767149768934
TOTAL ENERGY: -127.097422454034	 lambda: -0.6	 population of target: 5.42422202956679
1RDM: 
     1.99999860569205  3.15893146675921e-07 -6.47254364030222e-05  4.65155357554841e-05  5.30197248449037e-05  3.96963195848416e-18 -6.05228838710852e-18  1.66707128623084e-17 -2.05070879310501e-17 -0.000640844647836071
 3.15893146675921e-07      1.99999131982846  0.000241348625031084 -0.000178628012476028 -0.000155665119923764  1.78976339885622e-17 -2.99237006426645e-17   8.7652055125599e-17 -9.08329316331536e-17   0.00259802981436875
-6.47254364030222e-05  0.000241348625031084      1.98014983757662    0.0196998016361257   0.00450323414978643  1.74352985977366e-17 -3.79960490446304e-17  2.09368755325442e-16 -9.96400685659387e-17    -0.186283033626318
 4.65155357554841e-05 -0.000178628012476028    0.0196998016361257      1.96267140063924    0.0010865064258366 -2.07761526346721e-17  6.35432682456562e-17 -3.61886388619216e-16  1.34858627678871e-16     0.173412791883294
 5.30197248449037e-05 -0.000155665119923764   0.00450323414978643    0.0010865064258366      1.96378051077915  5.57220213400554e-17 -1.42395327277083e-16  7.20487208161022e-16  -2.9443980999376e-16    0.0888457233523433
 3.96963195848416e-18  1.78976339885622e-17  1.74352985977366e-17 -2.07761526346721e-17  5.57220213400554e-17      1.90391787782026 -2.85273790094586e-16     0.004781255891672     0.299944986540709 -2.00566115906756e-17
-6.05228838710852e-18 -2.99237006426645e-17 -3.79960490446304e-17  6.35432682456562e-17 -1.42395327277083e-16 -2.85273790094586e-16      1.90391787782024     0.299944986540749  -0.00478125589167104  9.97589538697675e-17
 1.66707128623084e-17   8.7652055125599e-17  2.09368755325442e-16 -3.61886388619216e-16  7.20487208161022e-16     0.004781255891672     0.299944986540749     0.113857339889002    1.445146440565e-16 -5.06718819332315e-18
-2.05070879310501e-17 -9.08329316331536e-17 -9.96400685659387e-17  1.34858627678871e-16  -2.9443980999376e-16     0.299944986540709  -0.00478125589167104    1.445146440565e-16      0.11385733988899  5.62352433127427e-19
-0.000640844647836071   0.00259802981436875    -0.186283033626318     0.173412791883294    0.0888457233523433 -2.00566115906756e-17  9.97589538697675e-17 -5.06718819332315e-18  5.62352433127427e-19    0.0578578900660333
TOTAL ENERGY: -127.184942298427	 lambda: -0.5	 population of target: 5.58339087494854
1RDM: 
     1.99999861518478  9.18601509414034e-08 -4.39112851940851e-05  2.82214139828025e-05  3.92549763018247e-05  3.41210893876587e-18 -5.56205370278124e-18  1.35360906435476e-17 -1.97035844701416e-17   -0.0004945957799122
 9.18601509414034e-08      1.99999259073571   0.00016964992079954 -0.000116938755719664 -0.000112186112320987  1.54104382437602e-17 -2.71644681863804e-17  7.08785052217021e-17 -8.65388511593698e-17   0.00217003425961404
-4.39112851940851e-05   0.00016964992079954      1.98511585768124    0.0143786474610418   0.00268585492578175   1.5039638478831e-17 -3.49684222652796e-17  1.68588365308857e-16 -8.20777165211174e-17    -0.157782453685635
 2.82214139828025e-05 -0.000116938755719664    0.0143786474610418      1.96793398077665   0.00178116444310357 -1.92438307352128e-17  5.89618143913401e-17 -2.97897123199714e-16  1.16797932843227e-16     0.145412208008203
 3.92549763018247e-05 -0.000112186112320987   0.00268585492578175   0.00178116444310357      1.96563753696722  4.76786909306968e-17  -1.2532986763452e-16  6.05427426973438e-16 -2.48733101252721e-16    0.0747612427694312
 3.41210893876587e-18  1.54104382437602e-17   1.5039638478831e-17 -1.92438307352128e-17  4.76786909306968e-17       1.9129755450564  -2.3774427845473e-16   0.00396966183822369     0.249030920568215 -1.47281266704571e-17
-5.56205370278124e-18 -2.71644681863804e-17 -3.49684222652796e-17  5.89618143913401e-17  -1.2532986763452e-16  -2.3774427845473e-16       1.9129755450564     0.249030920568229  -0.00396966183822281  8.52301736108582e-17
 1.35360906435476e-17  7.08785052217021e-17  1.68588365308857e-16 -2.97897123199714e-16  6.05427426973438e-16   0.00396966183822369     0.249030920568229     0.103616163113267  1.85601133215273e-16 -1.17724428299116e-18
-1.97035844701416e-17 -8.65388511593698e-17 -8.20777165211174e-17  1.16797932843227e-16 -2.48733101252721e-16     0.249030920568215  -0.00396966183822281  1.85601133215273e-16      0.10361616311326 -6.37425003875498e-19
  -0.0004945957799122   0.00217003425961404    -0.157782453685635     0.145412208008203    0.0747612427694312 -1.47281266704571e-17  8.52301736108582e-17 -1.17724428299116e-18 -6.37425003875498e-19    0.0481380023150799
TOTAL ENERGY: -127.257711224636	 lambda: -0.4	 population of target: 5.74514410902628
1RDM: 
      1.9999985865426 -4.75501104191104e-08 -2.80406847987855e-05  1.49839435208932e-05  2.78756281368567e-05  2.89604823595334e-18 -5.22030826379767e-18  1.03860126694605e-17 -1.88407529415719e-17 -0.000364518222294114
-4.75501104191104e-08      1.99999367937288  0.000109827869365324 -6.80024359926457e-05 -7.54251083782089e-05  1.31660357963348e-17 -2.52929095644012e-17  5.42910491428162e-17 -8.21288971711787e-17   0.00174012291990156
-2.80406847987855e-05  0.000109827869365324      1.98929468075192   0.00979730539358449   0.00126058583956856  1.34245679090881e-17 -3.40035457713956e-17   1.2989822682253e-16 -6.53303171377997e-17    -0.128081676729178
 1.49839435208932e-05 -6.80024359926457e-05   0.00979730539358449      1.97248195043867   0.00211315966590298 -1.90979929010439e-17  5.95111319372464e-17 -2.42230016176167e-16  1.00647761044322e-16     0.116906763392068
 2.78756281368567e-05 -7.54251083782089e-05   0.00126058583956856   0.00211315966590298      1.96728103734217  4.10019974584747e-17 -1.11113411525251e-16  4.80949109703275e-16  -2.0127921844859e-16    0.0603850474624556
 2.89604823595334e-18  1.31660357963348e-17  1.34245679090881e-17 -1.90979929010439e-17  4.10019974584747e-17      1.91936954854648 -3.78891478375641e-17   0.00316197998867989     0.198362170328127 -1.02523809031547e-17
-5.22030826379767e-18 -2.52929095644012e-17 -3.40035457713956e-17  5.95111319372464e-17 -1.11113411525251e-16 -3.78891478375641e-17      1.91936954854648     0.198362170328134  -0.00316197998868038   7.0141605204365e-17
 1.03860126694605e-17  5.42910491428162e-17   1.2989822682253e-16 -2.42230016176167e-16  4.80949109703275e-16   0.00316197998867989     0.198362170328134    0.0960691503229175  1.81348175319896e-17 -4.81637813693701e-19
-1.88407529415719e-17 -8.21288971711787e-17 -6.53303171377997e-17  1.00647761044322e-16  -2.0127921844859e-16     0.198362170328127  -0.00316197998868038  1.81348175319896e-17    0.0960691503229132 -9.63370601515517e-19
-0.000364518222294114   0.00174012291990156    -0.128081676729178     0.116906763392068    0.0603850474624556 -1.02523809031547e-17   7.0141605204365e-17 -4.81637813693701e-19 -9.63370601515517e-19    0.0400726678129849
TOTAL ENERGY: -127.315079574194	 lambda: -0.3	 population of target: 5.90910117391634
1RDM: 
     1.99999852564104 -1.14893682302061e-07 -1.64450221910073e-05  6.18956323666463e-06   1.8587347421305e-05  2.42723396118794e-18 -5.03458456130303e-18   7.2514907320182e-18 -1.79291641040777e-17   -0.0002505102369215
-1.14893682302061e-07      1.99999458366691  6.24773067967065e-05 -3.18955401010948e-05 -4.55662563387394e-05   1.1160424220419e-17 -2.42668065547306e-17  3.78639436742917e-17 -7.75996509893137e-17   0.00130846165152537
-1.64450221910073e-05  6.24773067967065e-05       1.9925802799993   0.00601839197755264  0.000256548659101928  1.25000541903527e-17 -3.47227469992436e-17  9.24489728041981e-17 -4.91605307738784e-17   -0.0972968940171896
 6.18956323666463e-06 -3.18955401010948e-05   0.00601839197755264      1.97627220295635    0.0020851675904725 -1.95480212918636e-17  6.22832432140279e-17 -1.86397738279925e-16  8.36108377978768e-17    0.0880079875873954
  1.8587347421305e-05 -4.55662563387394e-05  0.000256548659101928    0.0020851675904725      1.96870688400812   3.6785854577342e-17 -1.03756009094696e-16   3.5956820846301e-16 -1.56193818947173e-16    0.0457457823293625
 2.42723396118794e-18   1.1160424220419e-17  1.25000541903527e-17 -1.95480212918636e-17   3.6785854577342e-17      1.92319983961229 -1.33865533398366e-16   0.00235928584750555     0.148006429725753 -6.40508801142826e-18
-5.03458456130303e-18 -2.42668065547306e-17 -3.47227469992436e-17  6.22832432140279e-17 -1.03756009094696e-16 -1.33865533398366e-16      1.92319983961229     0.148006429725719  -0.00235928584750552  5.37376284127942e-17
  7.2514907320182e-18  3.78639436742917e-17  9.24489728041981e-17 -1.86397738279925e-16   3.5956820846301e-16   0.00235928584750555     0.148006429725719     0.091130740094218  1.61172916871904e-16  1.23747717497676e-19
-1.79291641040777e-17 -7.75996509893137e-17 -4.91605307738784e-17  8.36108377978768e-17 -1.56193818947173e-16     0.148006429725753  -0.00235928584750552  1.61172916871904e-16    0.0911307400942167  -1.2951004380596e-18
  -0.0002505102369215   0.00130846165152537   -0.0972968940171896    0.0880079875873954    0.0457457823293625 -6.40508801142826e-18  5.37376284127942e-17  1.23747717497676e-19  -1.2951004380596e-18    0.0337863643153198
TOTAL ENERGY: -127.356496098569	 lambda: -0.2	 population of target: 6.07481779763169
1RDM: 
     1.99999843747891  -1.2209473349001e-07 -8.40749103547277e-06   1.1849154287797e-06  1.10608846631631e-05  2.00802382875712e-18 -5.00085594569396e-18  4.13213447935288e-18  -1.6969944155299e-17 -0.000152266869075983
 -1.2209473349001e-07      1.99999530031501  2.81049006464635e-05 -8.58463183642964e-06 -2.28477902023696e-05  9.39437183974955e-18 -2.40575014690783e-17  2.16366220958696e-17 -7.29670378826323e-17  0.000874927626411936
-8.40749103547277e-06  2.81049006464635e-05      1.99487377656274   0.00309748086188345 -0.000301856826049608  1.22092237720102e-17 -3.68595523699822e-17  5.65539296077557e-17 -3.36917701853322e-17   -0.0655705809450955
  1.1849154287797e-06 -8.58463183642964e-06   0.00309748086188345       1.9792698072964    0.0017128159657927 -2.06835275454913e-17  6.72389774868121e-17 -1.30908217012008e-16  6.58211327434178e-17    0.0588266290490276
 1.10608846631631e-05 -2.28477902023696e-05 -0.000301856826049608    0.0017128159657927      1.96991748644142  3.47378057054353e-17 -1.02740010333249e-16  2.40872035499576e-16 -1.13363436253644e-16    0.0308384500990561
 2.00802382875712e-18  9.39437183974955e-18  1.22092237720102e-17 -2.06835275454913e-17  3.47378057054353e-17      1.92454307663193 -6.24044001889258e-17   0.00156325588948989    0.0980686549140171 -3.21438833446406e-18
-5.00085594569396e-18 -2.40575014690783e-17 -3.68595523699822e-17  6.72389774868121e-17 -1.02740010333249e-16 -6.24044001889258e-17      1.92454307663193    0.0980686549140258  -0.00156325588949128  3.61472330586175e-17
 4.13213447935288e-18  2.16366220958696e-17  5.65539296077557e-17 -1.30908217012008e-16  2.40872035499576e-16   0.00156325588948989    0.0980686549140258    0.0887430693379275  8.76225353339823e-17  5.40533324125565e-19
 -1.6969944155299e-17 -7.29670378826323e-17 -3.36917701853322e-17  6.58211327434178e-17 -1.13363436253644e-16    0.0980686549140171  -0.00156325588949128  8.76225353339823e-17    0.0887430693379282 -1.47599534650266e-18
-0.000152266869075983  0.000874927626411936   -0.0655705809450955    0.0588266290490276    0.0308384500990561 -3.21438833446406e-18  3.61472330586175e-17  5.40533324125565e-19 -1.47599534650266e-18     0.029372899965788
TOTAL ENERGY: -127.381533647037	 lambda: -0.1	 population of target: 6.24178991961696
1RDM: 
      1.9999983260594 -8.03791501663917e-08 -3.17722742998975e-06 -6.80220577453309e-07  4.96478849829426e-06  1.64049266456817e-18 -5.11380007187849e-18  1.03367278812397e-18 -1.59668323893037e-17 -6.91118165453029e-05
-8.03791501663917e-08      1.99999582480678   7.1489803606599e-06  2.02279364327844e-06 -7.54954290307725e-06  7.86593490075715e-18 -2.46239856909605e-17  5.65561773602776e-18 -6.82503824407541e-17   0.00043903926019969
-3.17722742998975e-06   7.1489803606599e-06      1.99608749339284   0.00108018810919724 -0.000393838397421199  1.24818447069176e-17 -4.01118580723533e-17  2.24699286369218e-17 -1.90302945229327e-17   -0.0330732406965992
-6.80220577453309e-07  2.02279364327844e-06   0.00108018810919724      1.98144345494367   0.00101439534288493 -2.25502672646358e-17  7.41854864660356e-17 -7.60224519334963e-17  4.73650370330867e-17     0.029459982206725
 4.96478849829426e-06 -7.54954290307725e-06 -0.000393838397421199   0.00101439534288493      1.97091141355003  3.45935630740867e-17 -1.07634481930786e-16  1.24933945221399e-16 -7.27785372406626e-17    0.0156135269118835
 1.64049266456817e-18  7.86593490075715e-18  1.24818447069176e-17 -2.25502672646358e-17  3.45935630740867e-17      1.92351209650138 -5.35938694700001e-17  0.000776107836087618    0.0486880832534555  -7.1421898229633e-19
-5.11380007187849e-18 -2.46239856909605e-17 -4.01118580723533e-17  7.41854864660356e-17 -1.07634481930786e-16 -5.35938694700001e-17      1.92351209650138    0.0486880832534706 -0.000776107836088348  1.75984419537767e-17
 1.03367278812397e-18  5.65561773602776e-18  2.24699286369218e-17 -7.60224519334963e-17  1.24933945221399e-16  0.000776107836087618    0.0486880832534706    0.0888151382645435  1.03122346139954e-16  8.16519227920729e-19
-1.59668323893037e-17 -6.82503824407541e-17 -1.90302945229327e-17  4.73650370330867e-17 -7.27785372406626e-17    0.0486880832534555 -0.000776107836088348  1.03122346139954e-16    0.0888151382645456 -1.39450334678793e-18
-6.91118165453029e-05   0.00043903926019969   -0.0330732406965992     0.029459982206725    0.0156135269118835  -7.1421898229633e-19  1.75984419537767e-17  8.16519227920729e-19 -1.39450334678793e-18    0.0269090177154716
TOTAL ENERGY: -127.389914884915	 lambda: 0	 population of target: 6.40949416358902
1RDM: 
     1.99999819428426  3.88811505262793e-14  8.57797863880302e-13 -3.90702463542389e-12  9.54817390978832e-12  1.32499472557541e-18 -5.36326509726128e-18 -2.03875044704534e-18  -1.4924286410777e-17  2.87230768467332e-12
 3.88811505262793e-14      1.99999615123309 -3.54288824814124e-12  -7.3254285375962e-12 -6.03683360111769e-12  6.56577246015524e-18 -2.59014777121949e-17 -1.00348204894566e-17 -6.34709992872289e-17   7.3337368521471e-11
 8.57797863880302e-13 -3.54288824814124e-12      1.99614962463513  7.78205239043739e-12 -1.72585616015781e-10  1.32246923910645e-17 -4.41137897771494e-17  -9.7026259176073e-18 -5.23387842728639e-18 -4.33227853593876e-10
-3.90702463542389e-12  -7.3254285375962e-12  7.78205239043739e-12      1.98276122243257  2.98587914710739e-11 -2.51540964009411e-17  8.28182980152216e-17 -2.18613250341854e-17  2.83158868281948e-17 -9.82909680227853e-10
 9.54817390978832e-12 -6.03683360111769e-12 -1.72585616015781e-10  2.98587914710739e-11      1.97167516071485  3.60770928207774e-17  -1.1791637758948e-16  1.21592233796354e-17 -3.44965922023385e-17 -6.39231607618249e-11
 1.32499472557541e-18  6.56577246015524e-18  1.32246923910645e-17 -2.51540964009411e-17  3.60770928207774e-17      1.92029437609764 -1.52774815396336e-16   -1.207680638167e-09  1.39993684197982e-09  1.06572273350115e-18
-5.36326509726128e-18 -2.59014777121949e-17 -4.41137897771494e-17  8.28182980152216e-17  -1.1791637758948e-16 -1.52774815396336e-16      1.92029437609764  1.39994532719884e-09  1.20767968716864e-09 -1.59083308135814e-18
-2.03875044704534e-18 -1.00348204894566e-17  -9.7026259176073e-18 -2.18613250341854e-17  1.21592233796354e-17   -1.207680638167e-09  1.39994532719884e-09    0.0911821533647902   2.0002873463971e-16  1.07493361540771e-18
 -1.4924286410777e-17 -6.34709992872289e-17 -5.23387842728639e-18  2.83158868281948e-17 -3.44965922023385e-17  1.39993684197982e-09  1.20767968716864e-09   2.0002873463971e-16    0.0911821533647943 -9.73075041407884e-19
 2.87230768467332e-12   7.3337368521471e-11 -4.33227853593876e-10 -9.82909680227853e-10 -6.39231607618249e-11  1.06572273350115e-18 -1.59083308135814e-18  1.07493361540771e-18 -9.73075041407884e-19    0.0264665877752778
TOTAL ENERGY: -127.381517120356	 lambda: 0.1	 population of target: 6.57744474479502
1RDM: 
      1.9999980440015  1.10025451404107e-07  1.84993115300846e-06  2.72112617792407e-06 -4.08609651858274e-06  1.05973767456856e-18  -5.7349011976581e-18 -5.07998738907662e-18 -1.38478037392376e-17  5.63716944481093e-05
 1.10025451404107e-07      1.99999627198391  7.01596346527582e-06 -1.46590724492391e-05 -5.68244815283466e-07   5.4751805347652e-18 -2.78012337069989e-17 -2.54084718838318e-17 -5.86469860910055e-17 -0.000443153843853241
 1.84993115300846e-06  7.01596346527582e-06      1.99500814018173 -0.000124124311392022  0.000898044421731872  1.43486104931126e-17 -4.85239715971255e-17 -3.97469885173289e-17  7.61165654022506e-18    0.0334368674068306
 2.72112617792407e-06 -1.46590724492391e-05 -0.000124124311392022       1.9831915241676  -0.00133331016566366 -2.84718885865175e-17  9.27873919046045e-17  3.13894743770078e-17  8.81071010499064e-18   -0.0294466556090026
-4.08609651858274e-06 -5.68244815283466e-07  0.000898044421731872  -0.00133331016566366      1.97218244272545  3.88701641554973e-17 -1.32831368853532e-16 -9.74260192904158e-17  1.58067232441568e-18   -0.0160534490121786
 1.05973767456856e-18   5.4751805347652e-18  1.43486104931126e-17 -2.84718885865175e-17  3.88701641554973e-17      1.91515215237378 -3.94914456269805e-16 -0.000763787038963804   -0.0479149808777793  2.11561006859297e-18
 -5.7349011976581e-18 -2.78012337069989e-17 -4.85239715971255e-17  9.27873919046045e-17 -1.32831368853532e-16 -3.94914456269805e-16      1.91515215237378   -0.0479149808777697  0.000763787038962383 -2.10664456479243e-17
-5.07998738907662e-18 -2.54084718838318e-17 -3.97469885173289e-17  3.13894743770078e-17 -9.74260192904158e-17 -0.000763787038963804   -0.0479149808777697    0.0956029907232874   4.3251049453123e-16  1.41975093253786e-18
-1.38478037392376e-17 -5.86469860910055e-17  7.61165654022506e-18  8.81071010499064e-18  1.58067232441568e-18   -0.0479149808777793  0.000763787038962383   4.3251049453123e-16    0.0956029907232895 -1.50265039586192e-19
 5.63716944481093e-05 -0.000443153843853241    0.0334368674068306   -0.0294466556090026   -0.0160534490121786  2.11561006859297e-18 -2.10664456479243e-17  1.41975093253786e-18 -1.50265039586192e-19    0.0281132907456933
TOTAL ENERGY: -127.356349335777	 lambda: 0.2	 population of target: 6.74524707081885
1RDM: 
     1.99999787619401  2.42070037424416e-07   3.0453422457124e-06   7.0780491596436e-06 -7.50275324146436e-06  8.40845120216871e-19 -6.21142655864583e-18 -8.09254346329891e-18 -1.27404766104533e-17  0.000101435823426786
 2.42070037424416e-07      1.99999617749087  2.85288925319281e-05 -4.20538549036001e-05 -9.62887734273432e-06  4.56853815591275e-18 -3.02241071234073e-17 -4.04692152305782e-17  -5.3788578198384e-17 -0.000891359516891368
  3.0453422457124e-06  2.85288925319281e-05      1.99263295557615   0.00070949762472521   0.00231518422009501  1.57554883787341e-17 -5.29811263488092e-17 -6.76951432314971e-17   1.9489427221128e-17    0.0670179621072957
  7.0780491596436e-06 -4.20538549036001e-05   0.00070949762472521      1.98270984486947    -0.002998633160964 -3.24433301728299e-17  1.03694246822611e-16  8.37681987283579e-17 -1.10750020798065e-17   -0.0587399013960454
-7.50275324146436e-06 -9.62887734273432e-06   0.00231518422009501    -0.002998633160964      1.97240093760934   4.2680055430942e-17 -1.51594157360599e-16 -2.03625780228245e-16  3.54681495870263e-17   -0.0325398326634748
 8.40845120216871e-19  4.56853815591275e-18  1.57554883787341e-17 -3.24433301728299e-17   4.2680055430942e-17      1.90838375198442 -1.34052405974885e-16  -0.00151546495394642   -0.0950703955397354  2.45465511935166e-18
-6.21142655864583e-18 -3.02241071234073e-17 -5.29811263488092e-17  1.03694246822611e-16 -1.51594157360599e-16 -1.34052405974885e-16      1.90838375198442   -0.0950703955397184   0.00151546495394635  -4.0512889080427e-17
-8.09254346329891e-18 -4.04692152305782e-17 -6.76951432314971e-17  8.37681987283579e-17 -2.03625780228245e-16  -0.00151546495394642   -0.0950703955397184     0.101796836728291  1.16588481159503e-16   1.9972682410147e-18
-1.27404766104533e-17  -5.3788578198384e-17   1.9489427221128e-17 -1.10750020798065e-17  3.54681495870263e-17   -0.0950703955397354   0.00151546495394635  1.16588481159503e-16     0.101796836728287  1.08992226981371e-18
 0.000101435823426786 -0.000891359516891368    0.0670179621072957   -0.0587399013960454   -0.0325398326634748  2.45465511935166e-18  -4.0512889080427e-17   1.9972682410147e-18  1.08992226981371e-18    0.0319010308347702
TOTAL ENERGY: -127.314507893065	 lambda: 0.3	 population of target: 6.91262998286051
1RDM: 
     1.99999769123088  3.89970820353009e-07  4.18837705077806e-06   1.2761714618534e-05 -1.04181147734885e-05  6.63886536075802e-19  -6.7779867509073e-18 -1.10864622700446e-17 -1.16024508693794e-17   0.00013666643874781
 3.89970820353009e-07      1.99999585614399  6.48420746373787e-05 -8.23441457598245e-05  -2.7509065303069e-05  3.82084912873059e-18  -3.3087338534967e-17 -5.52739152372749e-17 -4.88881023447915e-17  -0.00134534998150146
 4.18837705077806e-06  6.48420746373787e-05      1.98901611297437   0.00248299989787575   0.00425841635605473  1.73427359531416e-17 -5.71184113323715e-17 -9.33873230323755e-17  3.03165014053248e-17     0.100527282955233
  1.2761714618534e-05 -8.23441457598245e-05   0.00248299989787575      1.98130817937658  -0.00501120137035319  -3.6903944737139e-17  1.14871331577534e-16  1.34604671417737e-16 -3.10340729662737e-17   -0.0876989918766947
-1.04181147734885e-05  -2.7509065303069e-05   0.00425841635605473  -0.00501120137035319      1.97230264100616  4.70887684562094e-17 -1.72926863891784e-16 -3.05133156273976e-16  6.67697249593656e-17   -0.0493735556281691
 6.63886536075802e-19  3.82084912873059e-18  1.73427359531416e-17  -3.6903944737139e-17  4.70887684562094e-17      1.90026022263157 -4.07319224811269e-16  -0.00225693407420229    -0.141585355197536  2.12492660407948e-18
 -6.7779867509073e-18  -3.3087338534967e-17 -5.71184113323715e-17  1.14871331577534e-16 -1.72926863891784e-16 -4.07319224811269e-16      1.90026022263157    -0.141585355197548   0.00225693407420027 -5.96834307699255e-17
-1.10864622700446e-17 -5.52739152372749e-17 -9.33873230323755e-17  1.34604671417737e-16 -3.05133156273976e-16  -0.00225693407420229    -0.141585355197548     0.109505298473214  4.57479889339687e-16  2.83162548647726e-18
-1.16024508693794e-17 -4.88881023447915e-17  3.03165014053248e-17 -3.10340729662737e-17  6.67697249593656e-17    -0.141585355197536   0.00225693407420027  4.57479889339687e-16     0.109505298473216  2.77399255357572e-18
  0.00013666643874781  -0.00134534998150146     0.100527282955233   -0.0876989918766947   -0.0493735556281691  2.12492660407948e-18 -5.96834307699255e-17  2.83162548647726e-18  2.77399255357572e-18    0.0378484770584774
TOTAL ENERGY: -127.256127937835	 lambda: 0.4	 population of target: 7.07944439877855
1RDM: 
     1.99999748912803  5.49070741677151e-07  5.79505860180613e-06  1.95542597480904e-05 -1.29489870990887e-05  5.15599030298907e-19   -7.394195531172e-18 -1.39903167079126e-17 -1.04588792459264e-17  0.000163535071034801
 5.49070741677151e-07      1.99999529444654  0.000116221684700938 -0.000135685659593699 -5.44341868064243e-05  3.10615250233858e-18 -3.59988586055975e-17 -6.90577257129768e-17 -4.42072109337723e-17  -0.00180554823449464
 5.79505860180613e-06  0.000116221684700938      1.98417042994665   0.00515827869487907   0.00672258440641587  2.03827097887176e-17 -6.49664715919621e-17 -1.28316068376562e-16  4.38439212273686e-17      0.13376129707306
 1.95542597480904e-05 -0.000135685659593699   0.00515827869487907       1.9790030748637  -0.00737933232399884  -4.6957766130149e-17  1.42529916945172e-16  2.20257482926567e-16 -6.30232634923116e-17    -0.116109724882896
-1.29489870990887e-05 -5.44341868064243e-05   0.00672258440641587  -0.00737933232399884      1.97187364708352  5.99442130377538e-17 -2.21964624139502e-16 -4.64250612527037e-16  1.16001202844002e-16   -0.0663947870539295
 5.15599030298907e-19  3.10615250233858e-18  2.03827097887176e-17  -4.6957766130149e-17  5.99442130377538e-17      1.89095944812853 -5.91426458094553e-16  -0.00299142700557803     -0.18766271348757  1.25487236841743e-18
  -7.394195531172e-18 -3.59988586055975e-17 -6.49664715919621e-17  1.42529916945172e-16 -2.21964624139502e-16 -5.91426458094553e-16      1.89095944812853    -0.187662713487575    0.0029914270055753 -7.86610570172021e-17
-1.39903167079126e-17 -6.90577257129768e-17 -1.28316068376562e-16  2.20257482926567e-16 -4.64250612527037e-16  -0.00299142700557803    -0.187662713487575     0.118557846890131  5.31817116339799e-16  8.39343647432298e-18
-1.04588792459264e-17 -4.42072109337723e-17  4.38439212273686e-17 -6.30232634923116e-17  1.16001202844002e-16     -0.18766271348757    0.0029914270055753  5.31817116339799e-16     0.118557846890125  3.44814753250583e-18
 0.000163535071034801  -0.00180554823449464      0.13376129707306    -0.116109724882896   -0.0663947870539295  1.25487236841743e-18 -7.86610570172021e-17  8.39343647432298e-18  3.44814753250583e-18    0.0459254744942475
TOTAL ENERGY: -127.181350861653	 lambda: 0.5	 population of target: 7.24562767220534
1RDM: 
     1.99999726981184  7.16220455288093e-07  8.28012437869963e-06  2.73233877008863e-05 -1.51406249058421e-05  4.06842227878262e-19 -8.09881603688523e-18 -1.69478028325503e-17 -9.26332009703334e-18  0.000183479943435849
 7.16220455288093e-07      1.99999447734542  0.000182888629299548 -0.000202158761024827 -9.04889242336137e-05   2.4926495884616e-18 -3.92073529745279e-17 -8.27461078043015e-17 -3.94531028925037e-17  -0.00227207020023996
 8.28012437869963e-06  0.000182888629299548      1.97812745576673   0.00867853297359828   0.00968824463087517  2.44063332620262e-17 -7.48113685504354e-17 -1.66365990149509e-16  5.81451880188397e-17     0.166535229448525
 2.73233877008863e-05 -0.000202158761024827   0.00867853297359828       1.9758394646448   -0.0100978079171964 -5.93791225966642e-17  1.75533609691191e-16  3.09606940552039e-16 -9.71638818102101e-17    -0.143743157521865
-1.51406249058421e-05 -9.04889242336137e-05   0.00968824463087517   -0.0100978079171964      1.97112072168944  7.52835848805895e-17 -2.78670457120824e-16 -6.18811018209715e-16  1.63254964333608e-16   -0.0833966720335561
 4.06842227878262e-19   2.4926495884616e-18  2.44063332620262e-17 -5.93791225966642e-17  7.52835848805895e-17      1.88051967822709  -3.5062211952389e-16  -0.00372273711610376    -0.233540359130932 -3.02363996128424e-19
-8.09881603688523e-18 -3.92073529745279e-17 -7.48113685504354e-17  1.75533609691191e-16 -2.78670457120824e-16  -3.5062211952389e-16      1.88051967822711    -0.233540359130874   0.00372273711610127 -9.66787415791086e-17
-1.69478028325503e-17 -8.27461078043015e-17 -1.66365990149509e-16  3.09606940552039e-16 -6.18811018209715e-16  -0.00372273711610376    -0.233540359130874     0.128918421027152   6.6047140578675e-16  1.39085285489109e-17
-9.26332009703334e-18 -3.94531028925037e-17  5.81451880188397e-17 -9.71638818102101e-17  1.63254964333608e-16    -0.233540359130932   0.00372273711610127   6.6047140578675e-16     0.128918421027171  4.65687675748669e-18
 0.000183479943435849  -0.00227207020023996     0.166535229448525    -0.143743157521865   -0.0833966720335561 -3.02363996128424e-19 -9.66787415791086e-17  1.39085285489109e-17  4.65687675748669e-18    0.0560444122332944
TOTAL ENERGY: -127.090321874052	 lambda: 0.6	 population of target: 7.41114535123629
1RDM: 
     1.99999703340152  8.89663969081045e-07  1.19443326514131e-05  3.60095349765324e-05 -1.69517002869016e-05   3.6566418431309e-19 -8.97907647626455e-18 -2.01112066020743e-17 -7.96122181206613e-18  0.000197862756647101
 8.89663969081045e-07      1.99999338850733  0.000265019379506943  -0.00028171678417347 -0.000135613894327501  2.52710807885931e-18 -4.44078593669621e-17 -9.96436206619304e-17 -3.34872396185579e-17  -0.00274485191367831
 1.19443326514131e-05  0.000265019379506943      1.97093553051164    0.0129719619351142    0.0131230261779731  1.97906439926758e-17 -5.71175029918154e-17 -1.38179476824094e-16  4.93518600228803e-17     0.198686117760358
 3.60095349765324e-05  -0.00028171678417347    0.0129719619351142      1.97188938858494   -0.0131457973647754 -4.47135599621019e-17   1.2319197229948e-16  2.35786162248301e-16 -7.60980941309812e-17    -0.170380122119875
-1.69517002869016e-05 -0.000135613894327501    0.0131230261779731   -0.0131457973647754      1.97007310506956  5.06664927285857e-17 -2.12841273498012e-16 -5.21350613699094e-16  1.23279917394308e-16     -0.10016825766291
  3.6566418431309e-19  2.52710807885931e-18  1.97906439926758e-17 -4.47135599621019e-17  5.06664927285857e-17      1.86882721686095 -3.77290787974885e-16  -0.00445423689693646    -0.279429955776646 -2.13391338882367e-18
-8.97907647626455e-18 -4.44078593669621e-17 -5.71175029918154e-17   1.2319197229948e-16 -2.12841273498012e-16 -3.77290787974885e-16      1.86882721686095    -0.279429955776626   0.00445423689693476 -1.14742925516304e-16
-2.01112066020743e-17 -9.96436206619304e-17 -1.38179476824094e-16  2.35786162248301e-16 -5.21350613699094e-16  -0.00445423689693646    -0.279429955776626      0.14069811520363  5.24258068542313e-16  4.37602404260086e-18
-7.96122181206613e-18 -3.34872396185579e-17  4.93518600228803e-17 -7.60980941309812e-17  1.23279917394308e-16    -0.279429955776646   0.00445423689693476  5.24258068542313e-16     0.140698115203638   1.1578419427684e-17
 0.000197862756647101  -0.00274485191367831     0.198686117760358    -0.170380122119875     -0.10016825766291 -2.13391338882367e-18 -1.14742925516304e-16  4.37602404260086e-18   1.1578419427684e-17    0.0680608897958452
TOTAL ENERGY: -126.98321882483	 lambda: 0.7	 population of target: 7.57592940345279
1RDM: 
      1.9999967805005  1.06873179469913e-06  1.69677962660637e-05  4.55997353170456e-05  -1.8260193057329e-05   3.3771387679576e-19 -9.86518770836822e-18 -2.30990181249758e-17 -6.67914666948993e-18  0.000207912124569824
 1.06873179469913e-06        1.999992010228  0.000362762124773833 -0.000374176774991218 -0.000189659845614922   1.9722290825791e-18 -4.77970233957737e-17 -1.11996806528243e-16 -2.89531882594517e-17  -0.00322386246040225
 1.69677962660637e-05  0.000362762124773833      1.96265838635233    0.0179569888265366    0.0169868323185521  2.86874845740854e-17  -8.0114040469011e-17 -2.02691273374271e-16  7.17271247366272e-17      0.23007282472538
 4.55997353170456e-05 -0.000374176774991218    0.0179569888265366      1.96724606426272   -0.0164902470649627 -7.09559514086024e-17  1.95317794392243e-16   3.9006915759967e-16 -1.33465408899581e-16    -0.195835533131494
