Naturals in-correctTOTAL ENERGY: -126.664277940518	 lambda: -1	 population of target: 4.90092978324298
1RDM: 
     1.99999874944541  6.96900013351331e-07  -0.00012472075316797  9.46329959616515e-05  0.000123919723320933  1.45692181091614e-16 -3.59508535605116e-17 -7.54768865654509e-17  4.40543928972249e-16 -0.000916108762166408
 6.96900013351331e-07        1.999990523428  0.000368789336823765 -0.000280188896021413 -0.000324991810223975  7.16061423652016e-16 -1.94775214521735e-16 -4.22363524810602e-16  2.16470829568933e-15   0.00278198759384854
 -0.00012472075316797  0.000368789336823765      1.96185426459954    0.0405811987829394    0.0199098821439587 -1.03815023397208e-16 -1.21913580377578e-16 -6.46748264494842e-16  -4.4272730924828e-16    -0.261918468730703
 9.46329959616515e-05 -0.000280188896021413    0.0405811987829394      1.93577442668222  -0.00813960126574356  1.49957774604007e-16  3.28165119997271e-16  1.67965005426543e-15  6.70348450822214e-16     0.251654845289912
 0.000123919723320933 -0.000324991810223975    0.0199098821439587  -0.00813960126574356      1.94804017894442 -2.66212924597621e-16 -4.47372457691189e-16 -1.85409191184475e-15 -9.21571710748229e-16     0.186988385935024
 1.45692181091614e-16  7.16061423652016e-16 -1.03815023397208e-16  1.49957774604007e-16 -2.66212924597621e-16      1.83241092016873 -3.22868417592511e-15   -0.0365838294511963    -0.500018861144201  1.98672504665146e-16
-3.59508535605116e-17 -1.94775214521735e-16 -1.21913580377578e-16  3.28165119997271e-16 -4.47372457691189e-16 -3.22868417592511e-15      1.83241092016869    -0.500018861144277    0.0365838294511906  3.37477725140973e-16
-7.54768865654509e-17 -4.22363524810602e-16 -6.46748264494842e-16  1.67965005426543e-15 -1.85409191184475e-15   -0.0365838294511963    -0.500018861144277     0.191340385830582 -1.16008563209407e-16  3.78810769272766e-17
 4.40543928972249e-16  2.16470829568933e-15  -4.4272730924828e-16  6.70348450822214e-16 -9.21571710748229e-16    -0.500018861144201    0.0365838294511906 -1.16008563209407e-16     0.191340385830534  1.53958944756978e-17
-0.000916108762166408   0.00278198759384854    -0.261918468730703     0.251654845289912     0.186988385935024  1.98672504665146e-16  3.37477725140973e-16  3.78810769272766e-17  1.53958944756978e-17     0.106839244901866
TOTAL ENERGY: -126.797901009662	 lambda: -0.9	 population of target: 5.04162545655653
1RDM: 
     1.99999884983952  3.86283099944483e-07 -9.43422856799465e-05  6.72969758026653e-05  9.92426473446123e-05  1.27253849608989e-16 -3.14310099356937e-17 -6.78160846033958e-17  3.94205138744331e-16 -0.000752089168252061
 3.86283099944483e-07      1.99999145588694  0.000302806874645182 -0.000217989782764281 -0.000264293556447707  6.25936960555372e-16 -1.70274794004561e-16 -3.78459797535632e-16  1.93682789643821e-15   0.00250699822148681
-9.43422856799465e-05  0.000302806874645182      1.96774293560912    0.0340198633869296    0.0159464818274962 -8.81272164105048e-17  -1.0686031386517e-16 -5.74262029059923e-16 -3.98556094301303e-16    -0.240681563512969
 6.72969758026653e-05 -0.000217989782764281    0.0340198633869296      1.94277853013658  -0.00552255331843284  1.32496056241541e-16  2.79005989144045e-16  1.51372827303326e-15  6.11862102225481e-16     0.228091083900271
 9.92426473446123e-05 -0.000264293556447707    0.0159464818274962  -0.00552255331843284      1.95130349584741 -2.20194352719123e-16  -3.7082172990928e-16 -1.64862511768245e-15 -8.23565107368025e-16     0.169388667048437
 1.27253849608989e-16  6.25936960555372e-16 -8.81272164105048e-17  1.32496056241541e-16 -2.20194352719123e-16      1.85339235350298 -2.21781312106861e-15   -0.0328807398203968    -0.449405933033225  1.80451376056309e-16
-3.14310099356937e-17 -1.70274794004561e-16  -1.0686031386517e-16  2.79005989144045e-16  -3.7082172990928e-16 -2.21781312106861e-15      1.85339235350298    -0.449405933033235     0.032880739820389  3.07797109175062e-16
-6.78160846033958e-17 -3.78459797535632e-16 -5.74262029059923e-16  1.51372827303326e-15 -1.64862511768245e-15   -0.0328807398203968    -0.449405933033235     0.169027189525884  1.84047142340289e-15  3.24823792112568e-17
 3.94205138744331e-16  1.93682789643821e-15 -3.98556094301303e-16  6.11862102225481e-16 -8.23565107368025e-16    -0.449405933033225     0.032880739820389  1.84047142340289e-15     0.169027189525878  1.51132071557978e-17
-0.000752089168252061   0.00250699822148681    -0.240681563512969     0.228091083900271     0.169388667048437  1.80451376056309e-16  3.07797109175062e-16  3.24823792112568e-17  1.51132071557978e-17    0.0933456466227305
TOTAL ENERGY: -126.920810628082	 lambda: -0.8	 population of target: 5.18625833385966
1RDM: 
     1.99999890461314  1.57776341152224e-07  -6.9744916425508e-05  4.56968016412159e-05  7.86901429154163e-05  1.12108073811311e-16 -2.77573769537562e-17  -6.0164232265163e-17  3.47297103120114e-16 -0.000607295546515409
 1.57776341152224e-07      1.99999231281992   0.00024199605124719 -0.000163366563167791 -0.000210832584410714  5.52242395835514e-16 -1.50232517968547e-16  -3.3422031576906e-16  1.70681518380749e-15   0.00223059688595504
 -6.9744916425508e-05   0.00024199605124719      1.97333909357907    0.0279058232707919    0.0123819823751949 -7.69130819975326e-17 -9.77972068644511e-17 -5.04310234749283e-16 -3.55387730278936e-16    -0.218081019043178
 4.56968016412159e-05 -0.000163366563167791    0.0279058232707919      1.94929992747372  -0.00331708485312534  1.10115033557492e-16  2.33039727120585e-16  1.32401551821395e-15  5.30048090085338e-16     0.204211884769358
 7.86901429154163e-05 -0.000210832584410714    0.0123819823751949  -0.00331708485312534      1.95426904189914 -1.93670662284795e-16 -3.18553006893507e-16 -1.46846749544823e-15 -7.50028536005994e-16     0.151912607053582
 1.12108073811311e-16  5.52242395835514e-16 -7.69130819975326e-17  1.10115033557492e-16 -1.93670662284795e-16      1.87063928684404  7.70982281546549e-16   -0.0291378163891914    -0.398248566664409   1.5817626172531e-16
-2.77573769537562e-17 -1.50232517968547e-16 -9.77972068644511e-17  2.33039727120585e-16 -3.18553006893507e-16  7.70982281546549e-16      1.87063928684404    -0.398248566664404    0.0291378163891947  2.73201607669186e-16
 -6.0164232265163e-17  -3.3422031576906e-16 -5.04310234749283e-16  1.32401551821395e-15 -1.46846749544823e-15   -0.0291378163891914    -0.398248566664404     0.150455394236725 -6.05596624270412e-16  1.91647559041512e-17
 3.47297103120114e-16  1.70681518380749e-15 -3.55387730278936e-16  5.30048090085338e-16 -7.50028536005994e-16    -0.398248566664409    0.0291378163891947 -6.05596624270412e-16     0.150455394236727  5.77894549831976e-18
-0.000607295546515409   0.00223059688595504    -0.218081019043178     0.204211884769358     0.151912607053582   1.5817626172531e-16  2.73201607669186e-16  1.91647559041512e-17  5.77894549831976e-18    0.0809113574535284
TOTAL ENERGY: -127.031533812274	 lambda: -0.7	 population of target: 5.33391936869415
1RDM: 
     1.99999892388561 -2.29309185181119e-09 -5.01704214452041e-05  2.88828534775767e-05  6.13508634949089e-05   1.0010400555251e-16 -2.47775085355389e-17 -5.23936236493288e-17  3.00573710862798e-16 -0.000479513695929927
-2.29309185181119e-09      1.99999309619778  0.000187060861964382  -0.00011632431001226 -0.000163766391264939  4.93672999127934e-16  -1.3426642304942e-16 -2.90147266187315e-16   1.4771900332756e-15   0.00195346125510874
-5.01704214452041e-05  0.000187060861964382      1.97853127107987    0.0222751094172902   0.00920263263216866 -6.74903372614364e-17 -9.19394509124237e-17 -4.33932839070535e-16 -3.09738521533818e-16    -0.194239345320934
 2.88828534775767e-05  -0.00011632431001226    0.0222751094172902      1.95534411193543  -0.00147919623430685  1.01872081008144e-16  2.04725779110635e-16  1.15127308842931e-15  4.68331559830004e-16     0.179890536209437
 6.13508634949089e-05 -0.000163766391264939   0.00920263263216866  -0.00147919623430685       1.9569734069236  -1.6538875142596e-16 -2.72901524343814e-16 -1.27349149754107e-15  -6.5569914916457e-16     0.134186981316185
  1.0010400555251e-16  4.93672999127934e-16 -6.74903372614364e-17  1.01872081008144e-16  -1.6538875142596e-16      1.88444585310597  3.93938155255942e-17    -0.025396952924564    -0.347119351996413  1.38812969406029e-16
-2.47775085355389e-17  -1.3426642304942e-16 -9.19394509124237e-17  2.04725779110635e-16 -2.72901524343814e-16  3.93938155255942e-17      1.88444585310598    -0.347119351996404    0.0253969529245632  2.39993687903857e-16
-5.23936236493288e-17 -2.90147266187315e-16 -4.33932839070535e-16  1.15127308842931e-15 -1.27349149754107e-15    -0.025396952924564    -0.347119351996404     0.135336287568004  3.02944109868044e-16  1.32372876180884e-17
 3.00573710862798e-16   1.4771900332756e-15 -3.09738521533818e-16  4.68331559830004e-16  -6.5569914916457e-16    -0.347119351996413    0.0253969529245632  3.02944109868044e-16     0.135336287568008  4.25109404885537e-18
-0.000479513695929927   0.00195346125510874    -0.194239345320934     0.179890536209437     0.134186981316185  1.38812969406029e-16  2.39993687903857e-16  1.32372876180884e-17  4.25109404885537e-18    0.0695949086297772
TOTAL ENERGY: -127.129125992742	 lambda: -0.6	 population of target: 5.48409119072328
1RDM: 
     1.99999891437878 -1.05672543672424e-07 -3.49251285094155e-05   1.6220451369767e-05  4.67603984342264e-05  9.08821423409438e-17 -2.24059789968358e-17  -4.4512669052791e-17  2.54239187122816e-16 -0.000367154426567623
-1.05672543672424e-07      1.99999380836267  0.000138545282712348 -7.69377194756718e-05 -0.000122601424545288  4.48550336941356e-16 -1.21923323133953e-16  -2.4648775030242e-16  1.24908618412872e-15   0.00167591510967007
-3.49251285094155e-05  0.000138545282712348      1.98322100013535      0.01716692072518   0.00642251574660257   -6.015872760373e-17 -8.85274046516021e-17 -3.64218191117959e-16  -2.6341875050963e-16    -0.169249543940784
  1.6220451369767e-05 -7.69377194756718e-05      0.01716692072518      1.96088570094015 -2.16901043794293e-05  1.03921959726179e-16   1.9470897704406e-16  1.00460617161612e-15  4.22257737218409e-16     0.155072046618799
 4.67603984342264e-05 -0.000122601424545288   0.00642251574660257 -2.16901043794293e-05       1.9593879274577 -1.36386410950337e-16 -2.28378758678105e-16  -1.0507634497321e-15  -5.4315666787523e-16     0.116033172161864
 9.08821423409438e-17  4.48550336941356e-16   -6.015872760373e-17  1.03921959726179e-16 -1.36386410950337e-16      1.89518786616806 -6.52500850420911e-16   -0.0216772741283514    -0.296279688494792  1.21048489950544e-16
-2.24059789968358e-17 -1.21923323133953e-16 -8.85274046516021e-17   1.9470897704406e-16 -2.28378758678105e-16 -6.52500850420911e-16      1.89518786616807    -0.296279688494763    0.0216772741283461  2.08746272542624e-16
 -4.4512669052791e-17  -2.4648775030242e-16 -3.64218191117959e-16  1.00460617161612e-15  -1.0507634497321e-15   -0.0216772741283514    -0.296279688494763     0.123296853961861  1.12144596332303e-15  1.70104195879034e-17
 2.54239187122816e-16  1.24908618412872e-15  -2.6341875050963e-16  4.22257737218409e-16  -5.4315666787523e-16    -0.296279688494792    0.0216772741283461  1.12144596332303e-15     0.123296853961868  8.21012243146796e-18
-0.000367154426567623   0.00167591510967007    -0.169249543940784     0.155072046618799     0.116033172161864  1.21048489950544e-16  2.08746272542624e-16  1.70104195879034e-17  8.21012243146796e-18     0.059543208465545
TOTAL ENERGY: -127.212923128532	 lambda: -0.5	 population of target: 5.6364814799154
1RDM: 
     1.99999888064227  -1.6197749700523e-07 -2.33956293154296e-05  7.24648569870783e-06  3.46690799623324e-05  8.40820338233682e-17 -2.07056777569366e-17 -3.68456768546091e-17  2.08144858637775e-16 -0.000269559203978191
 -1.6197749700523e-07      1.99999445043935  9.68671993710042e-05 -4.52986320603857e-05 -8.71744306394481e-05  4.15539444533076e-16  -1.1286294866915e-16 -2.03211524331268e-16   1.0227850584397e-15    0.0013981731736112
-2.33956293154296e-05  9.68671993710042e-05      1.98731909204897    0.0126260960461459   0.00407487952595097 -5.62394542692458e-17 -8.90806075895111e-17 -2.98087122599036e-16 -2.18390526194603e-16    -0.143184786851822
 7.24648569870783e-06 -4.52986320603857e-05    0.0126260960461459      1.96588272114165   0.00102184271102496  9.96588597729421e-17  1.80540265092405e-16  8.22941376338507e-16  3.52187196550939e-16     0.129791170302376
 3.46690799623324e-05 -8.71744306394481e-05   0.00407487952595097   0.00102184271102496      1.96146749900011 -1.25477512822126e-16 -2.09551868911639e-16 -8.76550748260999e-16  -4.6200377090713e-16    0.0974561639249116
 8.40820338233682e-17  4.15539444533076e-16 -5.62394542692458e-17  9.96588597729421e-17 -1.25477512822126e-16      1.90316328449573 -4.73013725693063e-16    -0.017982840002451    -0.245785059946185  1.00468020015175e-16
-2.07056777569366e-17  -1.1286294866915e-16 -8.90806075895111e-17  1.80540265092405e-16 -2.09551868911639e-16 -4.73013725693063e-16      1.90316328449573    -0.245785059946217    0.0179828400024464  1.73655325133774e-16
-3.68456768546091e-17 -2.03211524331268e-16 -2.98087122599036e-16  8.22941376338507e-16 -8.76550748260999e-16    -0.017982840002451    -0.245785059946217     0.114043118343717    4.277978597606e-16  8.64373516402885e-18
 2.08144858637775e-16   1.0227850584397e-15 -2.18390526194603e-16  3.52187196550939e-16  -4.6200377090713e-16    -0.245785059946185    0.0179828400024464    4.277978597606e-16     0.114043118343716  3.67370111320434e-18
-0.000269559203978191    0.0013981731736112    -0.143184786851822     0.129791170302376    0.0974561639249116  1.00468020015175e-16  1.73655325133774e-16  8.64373516402885e-18  3.67370111320434e-18    0.0509245510487995
TOTAL ENERGY: -127.282375031124	 lambda: -0.4	 population of target: 5.79085333340034
1RDM: 
     1.99999882618711 -1.79337415217186e-07 -1.49986013224201e-05  1.51017835771011e-06  2.48241927633611e-05  7.96361450674731e-17 -1.95446224510504e-17 -2.91353825113455e-17  1.62453629041388e-16 -0.000186737664867579
-1.79337415217186e-07       1.9999950218046  6.23445647589133e-05 -2.14238206315777e-05 -5.75256062205075e-05  3.93946381991037e-16 -1.06871607710377e-16 -1.60369789759366e-16  7.98177492117199e-16   0.00112036041641452
-1.49986013224201e-05  6.23445647589133e-05      1.99074113279537   0.00870067158431601   0.00219843055030798 -5.42243828401748e-17 -9.14827131232523e-17 -2.33344205051491e-16 -1.73435310267449e-16    -0.116116761414414
 1.51017835771011e-06 -2.14238206315777e-05   0.00870067158431601      1.97029265581177   0.00163025583790884  1.02358031398952e-16  1.79110150585797e-16  6.56378198021753e-16   2.9128945266417e-16     0.104147072963584
 2.48241927633611e-05 -5.75256062205075e-05   0.00219843055030798   0.00163025583790884      1.96318995258174  -1.1589076325935e-16 -1.94563997932398e-16 -6.88052322210629e-16 -3.70669028210755e-16    0.0785534185725071
 7.96361450674731e-17  3.93946381991037e-16 -5.42243828401748e-17  1.02358031398952e-16  -1.1589076325935e-16      1.90853165353574 -2.06276806458919e-16   -0.0143127042405177    -0.195622517374231  8.05363659139773e-17
-1.95446224510504e-17 -1.06871607710377e-16 -9.14827131232523e-17  1.79110150585797e-16 -1.94563997932398e-16 -2.06276806458919e-16      1.90853165353574    -0.195622517374235     0.014312704240516  1.39311412757167e-16
-2.91353825113455e-17 -1.60369789759366e-16 -2.33344205051491e-16  6.56378198021753e-16 -6.88052322210629e-16   -0.0143127042405177    -0.195622517374235     0.107423910201507  3.98156234615478e-20  6.01757370025597e-18
 1.62453629041388e-16  7.98177492117199e-16 -1.73435310267449e-16   2.9128945266417e-16 -3.70669028210755e-16    -0.195622517374231     0.014312704240516  3.98156234615478e-20     0.107423910201504  2.55679428037236e-18
-0.000186737664867579   0.00112036041641452    -0.116116761414414     0.104147072963584    0.0785534185725071  8.05363659139773e-17  1.39311412757167e-16  6.01757370025597e-18  2.55679428037236e-18     0.043871283344951
TOTAL ENERGY: -127.336983743836	 lambda: -0.3	 population of target: 5.94691423843955
1RDM: 
     1.99999875399502 -1.65108025686934e-07 -9.12539943226577e-06 -1.51029507146271e-06  1.68699557636197e-05  7.74717060586909e-17 -1.89424921021385e-17 -2.14638133418294e-17  1.17145743665174e-16 -0.000118835339898089
-1.65108025686934e-07      1.99999552024455  3.52173868382633e-05  -5.1982681553666e-06 -3.37839300028718e-05  3.83527306072813e-16 -1.03881181178553e-16 -1.17961732874497e-16   5.7539200496925e-16  0.000842364900602023
-9.12539943226577e-06  3.52173868382633e-05      1.99340532956161   0.00543752316093092  0.000827426862383171 -5.43178381330557e-17 -9.59370059521853e-17 -1.70539561385468e-16 -1.29106010836498e-16   -0.0881333500426129
-1.51029507146271e-06  -5.1982681553666e-06   0.00543752316093092      1.97408055110333   0.00180874962009454  1.08141344720742e-16   1.8505855919288e-16  4.90309801921688e-16  2.30112875345454e-16    0.0782583210017837
 1.68699557636197e-05 -3.37839300028718e-05  0.000827426862383171   0.00180874962009454      1.96456640657953 -1.12115076651724e-16 -1.89363593714729e-16  -5.0392536549741e-16 -2.81104602565287e-16    0.0594057572555764
 7.74717060586909e-17  3.83527306072813e-16 -5.43178381330557e-17  1.08141344720742e-16 -1.12115076651724e-16      1.91134568296945   -5.460235506461e-16   -0.0106688326599976    -0.145818995105122  6.01746758218583e-17
-1.89424921021385e-17 -1.03881181178553e-16 -9.59370059521853e-17   1.8505855919288e-16 -1.89363593714729e-16   -5.460235506461e-16      1.91134568296945    -0.145818995105136    0.0106688326599929  1.04394205975134e-16
-2.14638133418294e-17 -1.17961732874497e-16 -1.70539561385468e-16  4.90309801921688e-16  -5.0392536549741e-16   -0.0106688326599976    -0.145818995105136     0.103401044621056  3.79163771088484e-16  3.95792719753636e-18
 1.17145743665174e-16   5.7539200496925e-16 -1.29106010836498e-16  2.30112875345454e-16 -2.81104602565287e-16    -0.145818995105122    0.0106688326599929  3.79163771088484e-16     0.103401044621052  1.59026051345469e-18
-0.000118835339898089  0.000842364900602023   -0.0881333500426129    0.0782583210017837    0.0594057572555764  6.01746758218583e-17  1.04394205975134e-16  3.95792719753636e-18  1.59026051345469e-18    0.0384599833349654
TOTAL ENERGY: -127.376314805747	 lambda: -0.2	 population of target: 6.10427428613193
1RDM: 
     1.99999866646421 -1.26227837699748e-07 -5.12110495998196e-06 -2.39705881505237e-06  1.03679484784602e-05  7.75525584307936e-17 -1.89000073191005e-17 -1.38679416858512e-17  7.23179500615924e-17 -6.56583007454328e-05
-1.26227837699748e-07      1.99999594232763  1.56732112938315e-05  3.60929316536803e-06 -1.61218715770536e-05  3.84138049359755e-16 -1.03846018614963e-16 -7.60724344760431e-17  3.54938721161605e-16  0.000563673915795415
-5.12110495998196e-06  1.56732112938315e-05      1.99523377115482   0.00287854068772222 -1.09436946793096e-05  -5.6398999062271e-17 -1.02269579062475e-16 -1.09687379189554e-16 -8.56312323681424e-17   -0.0593502568728157
-2.39705881505237e-06  3.60929316536803e-06   0.00287854068772222      1.97721723959061   0.00158180367258591  1.16307904945547e-16  1.97238055169927e-16  3.21846192068304e-16  1.66733141730504e-16    0.0522258041018225
 1.03679484784602e-05 -1.61218715770536e-05 -1.09436946793096e-05   0.00158180367258591      1.96562428537579 -1.14860601585002e-16 -1.94933320903266e-16 -3.29423025815202e-16  -1.9652566616997e-16    0.0400061200265216
 7.75525584307936e-17  3.84138049359755e-16  -5.6398999062271e-17  1.16307904945547e-16 -1.14860601585002e-16      1.91163534762423  5.81573897142541e-18  -0.00705960270189303   -0.0964889226847461  3.94066831957665e-17
-1.89000073191005e-17 -1.03846018614963e-16 -1.02269579062475e-16  1.97238055169927e-16 -1.94933320903266e-16  5.81573897142541e-18      1.91163534762423     -0.09648892268477     0.007059602701888  6.91482030885109e-17
-1.38679416858512e-17 -7.60724344760431e-17 -1.09687379189554e-16  3.21846192068304e-16 -3.29423025815202e-16  -0.00705960270189303     -0.09648892268477     0.101965227699997  -4.6170798760766e-17  1.59595468160096e-18
 7.23179500615924e-17  3.54938721161605e-16 -8.56312323681424e-17  1.66733141730504e-16  -1.9652566616997e-16   -0.0964889226847461     0.007059602701888  -4.6170798760766e-17     0.101965227699994    2.806054327974e-19
-6.56583007454328e-05  0.000563673915795415   -0.0593502568728157    0.0522258041018225    0.0400061200265216  3.94066831957665e-17  6.91482030885109e-17  1.59595468160096e-18    2.806054327974e-19    0.0347289444385101
TOTAL ENERGY: -127.400037830548	 lambda: -0.1	 population of target: 6.26245955006306
1RDM: 
     1.99999856515953 -6.92129332327485e-08 -2.30327267147533e-06 -1.72613908651101e-06  4.87380149643803e-06  7.97916561089493e-17 -1.93891886495847e-17 -6.35517266575914e-18  2.81537112038668e-17 -2.64591458099137e-05
-6.92129332327485e-08      1.99999628370039  3.87721697302534e-06   5.2700222074706e-06 -4.76356409051938e-06  3.95338973631183e-16 -1.06640104931905e-16 -3.48633647806886e-17  1.37631260733301e-16  0.000283323772817515
-2.30327267147533e-06  3.87721697302534e-06      1.99615637238051   0.00105793985313462 -0.000293935587506795 -6.01273650886875e-17 -1.10042464019381e-16 -5.09337960999151e-17 -4.33131686320713e-17   -0.0299145295017667
-1.72613908651101e-06   5.2700222074706e-06   0.00105793985313462      1.97967273511762  0.000975144501835882  1.27581134267869e-16  2.16488934186548e-16  1.56454425160668e-16  1.04163433636581e-16     0.026120956780866
 4.87380149643803e-06 -4.76356409051938e-06 -0.000293935587506795  0.000975144501835882      1.96637996188121  -1.2261705821205e-16 -2.09059442127494e-16 -1.58377617131828e-16 -1.13329328464027e-16    0.0202528580570186
 7.97916561089493e-17  3.95338973631183e-16 -6.01273650886875e-17  1.27581134267869e-16  -1.2261705821205e-16      1.90949799518852 -3.15203604505732e-16  -0.00349859312809484   -0.0478179001423962  1.86674777422187e-17
-1.93891886495847e-17 -1.06640104931905e-16 -1.10042464019381e-16  2.16488934186548e-16 -2.09059442127494e-16 -3.15203604505732e-16      1.90949799518851   -0.0478179001423889   0.00349859312809395  3.44872017804018e-17
-6.35517266575914e-18 -3.48633647806886e-17 -5.09337960999151e-17  1.56454425160668e-16 -1.58377617131828e-16  -0.00349859312809484   -0.0478179001423889      0.10304428701706 -3.78254605420381e-16  3.02854314182583e-19
 2.81537112038668e-17  1.37631260733301e-16 -4.33131686320713e-17  1.04163433636581e-16 -1.13329328464027e-16   -0.0478179001423962   0.00349859312809395 -3.78254605420381e-16      0.10304428701705 -5.35305978891606e-19
-2.64591458099137e-05  0.000283323772817515   -0.0299145295017667     0.026120956780866    0.0202528580570186  1.86674777422187e-17  3.44872017804018e-17  3.02854314182583e-19 -5.35305978891606e-19    0.0327115173496042
TOTAL ENERGY: -127.407962454392	 lambda: 0	 population of target: 6.42096411410552
1RDM: 
     1.99999845069521  5.38931103096989e-15  1.86537608079506e-13  1.90276216462742e-12  4.28709655950743e-12  8.39851623216894e-17 -2.03644830141482e-17   1.0366278286396e-18 -1.51745940638133e-17  4.22603274126743e-11
 5.38931103096989e-15      1.99999653921778 -3.22059478001756e-13 -1.20025595242956e-12 -3.81387867002431e-12  4.16144839384343e-16 -1.11993872017222e-16  5.50864557366432e-18 -7.56780996857508e-17  4.40673967852647e-11
 1.86537608079506e-13 -3.22059478001756e-13      1.99611568527834  8.24584815089487e-12 -4.32740620692587e-11 -6.51742325289109e-17 -1.18884722263041e-16  5.49421354687102e-18 -2.44497003240857e-18 -6.44586906311725e-10
 1.90276216462742e-12 -1.20025595242956e-12  8.24584815089487e-12      1.98141215928393  9.40770883391367e-11  1.41400493762542e-16  2.41715674673552e-16 -5.70997964379784e-18   4.2259394823822e-17 -1.08185466826094e-09
 4.28709655950743e-12 -3.81387867002431e-12 -4.32740620692587e-11  9.40770883391367e-11       1.9668200202431 -1.34998580774394e-16 -2.31093840169905e-16  7.88543615441794e-18 -3.23751571668644e-17 -1.28366925020672e-10
 8.39851623216894e-17  4.16144839384343e-16 -6.51742325289109e-17  1.41400493762542e-16 -1.34998580774394e-16      1.90515567967594  4.80402247355228e-17 -1.27530006162905e-09 -2.66400904754411e-10 -1.68535049506713e-18
-2.03644830141482e-17 -1.11993872017222e-16 -1.18884722263041e-16  2.41715674673552e-16 -2.31093840169905e-16  4.80402247355228e-17      1.90515567967595 -2.66415433442887e-10  1.27529760015227e-09  1.23900155759564e-18
  1.0366278286396e-18  5.50864557366432e-18  5.49421354687102e-18 -5.70997964379784e-18  7.88543615441794e-18 -1.27530006162905e-09 -2.66415433442887e-10     0.106442980123775  4.67179597288981e-16 -1.93608909588149e-19
-1.51745940638133e-17 -7.56780996857508e-17 -2.44497003240857e-18   4.2259394823822e-17 -3.23751571668644e-17 -2.66400904754411e-10  1.27529760015227e-09  4.67179597288981e-16     0.106442980123781  -1.0002459071829e-18
 4.22603274126743e-11  4.40673967852647e-11 -6.44586906311725e-10 -1.08185466826094e-09 -1.28366925020672e-10 -1.68535049506713e-18  1.23900155759564e-18 -1.93608909588149e-19  -1.0002459071829e-18    0.0324598256822306
TOTAL ENERGY: -127.400047259112	 lambda: 0.1	 population of target: 6.5793251975771
1RDM: 
     1.99999832285093  7.61765271607864e-08   2.4166514028097e-06  2.38757547310577e-06 -4.56741263874554e-06  8.98191588137045e-17 -2.17514686943307e-17  8.28292678977578e-18 -5.75601515735022e-17  1.52289559064783e-05
 7.61765271607864e-08      1.99999670292719   4.2363152701186e-06 -1.21113470421699e-05 -2.17821931434708e-06  4.45022137510455e-16 -1.19492671715241e-16  4.49448238235239e-17 -2.84455929175998e-16 -0.000287751600432146
  2.4166514028097e-06   4.2363152701186e-06      1.99507058545053 -0.000283465743089703  0.000891454714558875 -7.11315503240836e-17 -1.28305820077815e-16  5.96652001454745e-17  3.68528797254852e-17    0.0302037535716552
 2.38757547310577e-06 -1.21113470421699e-05 -0.000283465743089703      1.98239862951534  -0.00135186392017028  1.57059044309376e-16  2.71568590521303e-16 -1.64526798731775e-16 -1.92373664406108e-17   -0.0260687824560223
-4.56741263874554e-06 -2.17821931434708e-06  0.000891454714558875  -0.00135186392017028      1.96690071530666  -1.5129593137243e-16 -2.59827047333226e-16  1.68306208407286e-16  4.56289133081664e-17   -0.0208665189095079
 8.98191588137045e-17  4.45022137510455e-16 -7.11315503240836e-17  1.57059044309376e-16  -1.5129593137243e-16      1.89895682896138  -2.1054138923567e-16    0.0034271200631104    0.0468410576748986 -2.12691070355031e-17
-2.17514686943307e-17 -1.19492671715241e-16 -1.28305820077815e-16  2.71568590521303e-16 -2.59827047333226e-16  -2.1054138923567e-16      1.89895682896137    0.0468410576748906  -0.00342712006311266 -2.97619574806652e-17
 8.28292678977578e-18  4.49448238235239e-17  5.96652001454745e-17 -1.64526798731775e-16  1.68306208407286e-16    0.0034271200631104    0.0468410576748906     0.111838067229944 -2.91629579614758e-16 -9.83590965834165e-20
-5.75601515735022e-17 -2.84455929175998e-16  3.68528797254852e-17 -1.92373664406108e-17  4.56289133081664e-17    0.0468410576748986  -0.00342712006311266 -2.91629579614758e-16     0.111838067229937 -1.24345633878283e-18
 1.52289559064783e-05 -0.000287751600432146    0.0302037535716552   -0.0260687824560223   -0.0208665189095079 -2.12691070355031e-17 -2.97619574806652e-17 -9.83590965834165e-20 -1.24345633878283e-18    0.0340452515667306
TOTAL ENERGY: -127.376371095098	 lambda: 0.2	 population of target: 6.73719995744936
1RDM: 
      1.9999981808283  1.54832674505276e-07  5.51342907836126e-06  5.15300673418548e-06 -9.08396640905612e-06  9.69209929606357e-17 -2.34588598864406e-17  1.53817510016564e-17 -9.90151119617064e-17   2.0789650266797e-05
 1.54832674505276e-07      1.99999676795358  1.68117494158049e-05 -3.11257961846234e-05 -1.16647945958962e-05  4.80141377722372e-16 -1.28638007821966e-16  8.34430640026477e-17 -4.88777359818268e-16 -0.000581278644302916
 5.51342907836126e-06  1.68117494158049e-05      1.99299753003177   0.00020438255447122    0.0023965564065743 -7.76300519067372e-17 -1.37846298164517e-16  1.11748304446106e-16  7.46698771595388e-17    0.0605056963026401
 5.15300673418548e-06 -3.11257961846234e-05   0.00020438255447122      1.98260224124746  -0.00310186499461421  1.74236980267008e-16  3.04906438509989e-16 -3.20065346801296e-16 -8.09351351054599e-17   -0.0519817297172143
-9.08396640905612e-06 -1.16647945958962e-05    0.0023965564065743  -0.00310186499461421      1.96656262064321  -1.7082945823171e-16 -2.93733508890189e-16  3.24056120270816e-16   1.2217419796219e-16   -0.0423622086859227
 9.69209929606357e-17  4.80141377722372e-16 -7.76300519067372e-17  1.74236980267008e-16  -1.7082945823171e-16       1.8913205762622  3.98145967746726e-16    0.0067834001250918    0.0927138770991646 -3.97808687003662e-17
-2.34588598864406e-17 -1.28638007821966e-16 -1.37846298164517e-16  3.04906438509989e-16 -2.93733508890189e-16  3.98145967746726e-16       1.8913205762622    0.0927138770991632  -0.00678340012509662 -5.78905885703033e-17
 1.53817510016564e-17  8.34430640026477e-17  1.11748304446106e-16 -3.20065346801296e-16  3.24056120270816e-16    0.0067834001250918    0.0927138770991632     0.118831233300099 -8.63241921537887e-16  5.17370540135773e-19
-9.90151119617064e-17 -4.88777359818268e-16  7.46698771595388e-17 -8.09351351054599e-17   1.2217419796219e-16    0.0927138770991646  -0.00678340012509662 -8.63241921537887e-16     0.118831233300091  -1.3726401492759e-18
  2.0789650266797e-05 -0.000581278644302916    0.0605056963026401   -0.0519817297172143   -0.0423622086859227 -3.97808687003662e-17 -5.78905885703033e-17  5.17370540135773e-19  -1.3726401492759e-18    0.0375390401711091
TOTAL ENERGY: -127.33707277348	 lambda: 0.3	 population of target: 6.89441615281922
1RDM: 
     1.99999802351772   2.3227011496602e-07  9.79065896119135e-06  8.10940123595765e-06 -1.37585712371768e-05  1.04938603555915e-16 -2.54012671449255e-17  2.23581103506616e-17  -1.3968387216875e-16  1.81716278339034e-05
  2.3227011496602e-07       1.9999967263852   3.7978358525663e-05 -5.72328954151024e-05 -2.87991472193236e-05  5.19762700101924e-16 -1.38968865702392e-16  1.21158363538614e-16 -6.89345297405013e-16 -0.000881600444905384
 9.79065896119135e-06   3.7978358525663e-05      1.98988934421907   0.00144398510760183   0.00452145691114673 -8.42076143782626e-17 -1.47052960084682e-16  1.61877754138401e-16  1.10857208952544e-16    0.0907266691731346
 8.10940123595765e-06 -5.72328954151024e-05   0.00144398510760183      1.98201052802921  -0.00527239566892837  1.91708264742348e-16  3.40209874998468e-16 -4.71907315126227e-16 -1.41658953331717e-16   -0.0775915735908286
-1.37585712371768e-05 -2.87991472193236e-05   0.00452145691114673  -0.00527239566892837      1.96575068233797 -1.91917668318349e-16 -3.30870485797022e-16   4.7426000729743e-16  1.95378543385236e-16   -0.0643705309028288
 1.04938603555915e-16  5.19762700101924e-16 -8.42076143782626e-17  1.91708264742348e-16 -1.91917668318349e-16      1.88264321760637  9.60557104447277e-16    0.0100806782422418     0.137780273002259 -5.70249590523575e-17
-2.54012671449255e-17 -1.38968865702392e-16 -1.47052960084682e-16  3.40209874998468e-16 -3.30870485797022e-16  9.60557104447277e-16      1.88264321760637     0.137780273002238   -0.0100806782422496 -8.28731225917686e-17
 2.23581103506616e-17  1.21158363538614e-16  1.61877754138401e-16 -4.71907315126227e-16   4.7426000729743e-16    0.0100806782422418     0.137780273002238     0.127041026022424  -7.5161913706868e-16  1.73693755991571e-18
 -1.3968387216875e-16 -6.89345297405013e-16  1.10857208952544e-16 -1.41658953331717e-16  1.95378543385236e-16     0.137780273002259   -0.0100806782422496  -7.5161913706868e-16     0.127041026022426 -1.22591827914684e-18
 1.81716278339034e-05 -0.000881600444905384    0.0907266691731346   -0.0775915735908286   -0.0643705309028288 -5.70249590523575e-17 -8.28731225917686e-17  1.73693755991571e-18 -1.22591827914684e-18    0.0429862082532805
TOTAL ENERGY: -127.282282775507	 lambda: 0.4	 population of target: 7.05097361320941
1RDM: 
     1.99999784971994  3.05655811367647e-07  1.56783219804929e-05  1.11542195503783e-05 -1.87391722611825e-05  1.13611310509788e-16 -2.75356067519495e-17  2.92942102705407e-17 -1.79786935757833e-16  8.75998433019245e-06
 3.05655811367647e-07      1.99999656930147  6.80017681791835e-05 -9.06906097778649e-05 -5.38450671849129e-05  5.62424754759583e-16 -1.50397597058637e-16  1.58897733637119e-16 -8.86885831804877e-16  -0.00118926413028239
 1.56783219804929e-05  6.80017681791835e-05      1.98575262027236   0.00339993746497417   0.00725730864125721  -8.7264469947016e-17 -1.52744081405451e-16  2.02882611659005e-16   1.3810960491838e-16     0.120708351551912
 1.11542195503783e-05 -9.06906097778649e-05   0.00339993746497417      1.98063574037233  -0.00787490296206451  1.93012025143547e-16  3.62744355772737e-16 -5.91516419084282e-16 -1.72690313246008e-16    -0.102715332318452
-1.87391722611825e-05 -5.38450671849129e-05   0.00725730864125721  -0.00787490296206451      1.96443157444835 -1.91960535930936e-16 -3.51048856764135e-16  5.73274981921507e-16  2.19696716462854e-16   -0.0866488979897283
 1.13611310509788e-16  5.62424754759583e-16  -8.7264469947016e-17  1.93012025143547e-16 -1.91960535930936e-16      1.87319938074768  1.45551941278296e-15      0.01333998011264      0.18232762210655 -7.35359298292129e-17
-2.75356067519495e-17 -1.50397597058637e-16 -1.52744081405451e-16  3.62744355772737e-16 -3.51048856764135e-16  1.45551941278296e-15      1.87319938074768     0.182327622106558   -0.0133399801126479  -1.0533108478345e-16
 2.92942102705407e-17  1.58897733637119e-16  2.02882611659005e-16 -5.91516419084282e-16  5.73274981921507e-16      0.01333998011264     0.182327622106558     0.136201306956016 -1.33197597568122e-15  8.91946892565715e-18
-1.79786935757833e-16 -8.86885831804877e-16   1.3810960491838e-16 -1.72690313246008e-16  2.19696716462854e-16      0.18232762210655   -0.0133399801126479 -1.33197597568122e-15     0.136201306956017  4.52523131286878e-18
 8.75998433019245e-06  -0.00118926413028239     0.120708351551912    -0.102715332318452   -0.0866488979897283 -7.35359298292129e-17  -1.0533108478345e-16  8.91946892565715e-18  4.52523131286878e-18    0.0503842704781854
TOTAL ENERGY: -127.212078187924	 lambda: 0.5	 population of target: 7.20699231566083
1RDM: 
     1.99999765834423  3.73116436706416e-07  2.35270665387952e-05  1.42600814625029e-05 -2.40774892164521e-05  1.22879924187905e-16 -2.98429675614052e-17  3.62082920525971e-17 -2.19684758809049e-16 -6.16202272738339e-06
 3.73116436706416e-07      1.99999628702346  0.000107144811295715 -0.000131748767462742  -8.6939746624827e-05  6.07695660420378e-16  -1.6306602202227e-16  1.97258196889967e-16 -1.08298472761573e-15  -0.00150432832077771
 2.35270665387952e-05  0.000107144811295715      1.98060522975415   0.00602356411308463    0.0105777036829017 -8.37059450056035e-17 -1.49863363858703e-16  2.24891622542108e-16  1.52042576431171e-16     0.150316518322384
 1.42600814625029e-05 -0.000131748767462742   0.00602356411308463      1.97851692368987   -0.0109020687181579  1.71184600033754e-16  3.56293283371295e-16 -6.57991487355988e-16 -1.71868260673292e-16     -0.12715256142282
-2.40774892164521e-05  -8.6939746624827e-05    0.0105777036829017   -0.0109020687181579      1.96260560264382 -1.60169383517334e-16 -3.30767592923808e-16  5.90229538609675e-16  1.94083461376162e-16    -0.108868612384331
 1.22879924187905e-16  6.07695660420378e-16 -8.37059450056035e-17  1.71184600033754e-16 -1.60169383517334e-16      1.86307053518691  4.09371481394443e-16    0.0165866571796651     0.226702388156625 -9.13365091093262e-17
-2.98429675614052e-17  -1.6306602202227e-16 -1.49863363858703e-16  3.56293283371295e-16 -3.30767592923808e-16  4.09371481394443e-16      1.86307053518689     0.226702388156652   -0.0165866571796665 -1.28016731316971e-16
 3.62082920525971e-17  1.97258196889967e-16  2.24891622542108e-16 -6.57991487355988e-16  5.90229538609675e-16    0.0165866571796651     0.226702388156652     0.146233167293744 -1.44120173495165e-15  2.74705167646713e-17
-2.19684758809049e-16 -1.08298472761573e-15  1.52042576431171e-16 -1.71868260673292e-16  1.94083461376162e-16     0.226702388156625   -0.0165866571796665 -1.44120173495165e-15      0.14623316729373  1.75144002968011e-17
-6.16202272738339e-06  -0.00150432832077771     0.150316518322384     -0.12715256142282    -0.108868612384331 -9.13365091093262e-17 -1.28016731316971e-16  2.74705167646713e-17  1.75144002968011e-17    0.0596708935832301
TOTAL ENERGY: -127.126482434448	 lambda: 0.6	 population of target: 7.36262579099383
1RDM: 
     1.99999744862622   4.3373340417746e-07  3.35956295979814e-05  1.74598396143685e-05 -2.97002695369073e-05  1.32929601537368e-16 -3.22772180311692e-17  4.30268575475875e-17  -2.5974759932078e-16 -2.54306463153886e-05
  4.3373340417746e-07      1.99999586944836  0.000155658818964723  -0.00018057961566147 -0.000128052961367188  6.57469830938601e-16 -1.75719709912919e-16  2.33534084941952e-16 -1.28138393444299e-15  -0.00182652457569585
 3.35956295979814e-05  0.000155658818964723       1.9744750607456   0.00925677040998057    0.0144398861525843 -9.26142409823336e-17 -1.58670746355289e-16  2.76764163137707e-16  1.92156558030313e-16      0.17943946482762
 1.74598396143685e-05  -0.00018057961566147   0.00925677040998057      1.97571742514267   -0.0143254494735749  2.06565373412874e-16  4.07027373739242e-16 -8.35459813698284e-16 -2.68813443425032e-16    -0.150707106733028
-2.97002695369073e-05 -0.000128052961367188    0.0144398861525843   -0.0143254494735749      1.96031282202022 -2.07853971500528e-16 -3.88974267532599e-16  7.79836076218449e-16  3.20212567509575e-16    -0.130678827580101
 1.32929601537368e-16  6.57469830938601e-16 -9.26142409823336e-17  2.06565373412874e-16 -2.07853971500528e-16      1.85212229796499  -1.3080050964784e-16    0.0198441806224718     0.271225418645265 -1.05406219142776e-16
-3.22772180311692e-17 -1.75719709912919e-16 -1.58670746355289e-16  4.07027373739242e-16 -3.88974267532599e-16  -1.3080050964784e-16      1.85212229796498     0.271225418645297   -0.0198441806224715 -1.46353192786167e-16
 4.30268575475875e-17  2.33534084941952e-16  2.76764163137707e-16 -8.35459813698284e-16  7.79836076218449e-16    0.0198441806224718     0.271225418645297     0.157268263926077 -7.76686855906608e-16  2.56611610031163e-17
 -2.5974759932078e-16 -1.28138393444299e-15  1.92156558030313e-16 -2.68813443425032e-16  3.20212567509575e-16     0.271225418645265   -0.0198441806224715 -7.76686855906608e-16     0.157268263926063  1.20766660174475e-17
-2.54306463153886e-05  -0.00182652457569585      0.17943946482762    -0.150707106733028    -0.130678827580101 -1.05406219142776e-16 -1.46353192786167e-16  2.56611610031163e-17  1.20766660174475e-17    0.0707202502348296
TOTAL ENERGY: -127.025509947636	 lambda: 0.7	 population of target: 7.51797157953377
1RDM: 
     1.99999722037114  4.87316286181139e-07  4.60396453757666e-05   2.0818244767584e-05  -3.5415737551396e-05   1.4397077505326e-16 -3.49751315465194e-17  4.99291497842786e-17  -3.0003699721257e-16 -4.80448737880859e-05
 4.87316286181139e-07      1.99999530608302  0.000213795886109715 -0.000237243091370427 -0.000176996090445914  7.12095857358272e-16 -1.89702386666615e-16  2.70200440782913e-16 -1.48093494452886e-15  -0.00215558523787085
 4.60396453757666e-05  0.000213795886109715      1.96740031549341    0.0130362418531042    0.0187905011940648  -1.0082723539794e-16 -1.67240936842333e-16  3.27170663433453e-16  2.29050502627087e-16     0.207983262148051
  2.0818244767584e-05 -0.000237243091370427    0.0130362418531042       1.9723193934907   -0.0180990345544725  2.36926010397348e-16  4.57643944670933e-16 -1.00415083999456e-15 -3.53268121495161e-16    -0.173207916760851
