Naturals in-correctTOTAL ENERGY: -126.691969879686	 lambda: -1	 population of target: 4.96551969158562
1RDM: 
     1.99999917849614 -8.21427092328469e-08 -6.10218411237401e-05   3.0877190582292e-05  9.17470383983902e-05  1.41078772702285e-18  1.73630341354515e-18 -5.03949621945471e-18  -3.8986427536119e-18  0.000500277261881665
-8.21427092328469e-08      1.99999369255299  0.000193704841246278 -0.000106912192909464 -0.000214031206421043  9.07289149784686e-18  1.44726074430839e-17 -4.07649801641123e-17 -2.76798466252972e-17  -0.00164040307117316
-6.10218411237401e-05  0.000193704841246278        1.967611216042    0.0350563188333429    0.0215377531469644  8.40165908396358e-18  1.94293308631639e-17 -6.35993184671449e-17 -3.42032699888859e-17     0.240176885237685
  3.0877190582292e-05 -0.000106912192909464    0.0350563188333429      1.93644801364683  -0.00948294355052243 -2.08382649084642e-18   1.1887363279316e-17 -4.35233182829389e-17 -7.22807042635762e-18    -0.225911798893642
 9.17470383983902e-05 -0.000214031206421043    0.0215377531469644  -0.00948294355052243      1.94140859146699  7.33080526086421e-18 -9.45318529123297e-18  2.77262318747261e-17 -3.73008149975454e-17    -0.214065258420221
 1.41078772702285e-18  9.07289149784686e-18  8.40165908396358e-18 -2.08382649084642e-18  7.33080526086421e-18      1.82733174286694 -2.81508041835859e-15   -0.0333531123435097     0.497875836524801 -1.84224980377088e-17
 1.73630341354515e-18  1.44726074430839e-17  1.94293308631639e-17   1.1887363279316e-17 -9.45318529123297e-18 -2.81508041835859e-15       1.8273317428669     0.497875836524864     0.033353112343524 -4.50719416122078e-18
-5.03949621945471e-18 -4.07649801641123e-17 -6.35993184671449e-17 -4.35233182829389e-17  2.77262318747261e-17   -0.0333531123435097     0.497875836524864     0.197267210298677  5.54652762348133e-15 -7.66962951838684e-18
 -3.8986427536119e-18 -2.76798466252972e-17 -3.42032699888859e-17 -7.22807042635762e-18 -3.73008149975454e-17     0.497875836524801     0.033353112343524  5.54652762348133e-15     0.197267210298639 -6.33516639385858e-18
 0.000500277261881665  -0.00164040307117316     0.240176885237685    -0.225911798893642    -0.214065258420221 -1.84224980377088e-17 -4.50719416122078e-18 -7.66962951838684e-18 -6.33516639385858e-18     0.105341401463892
TOTAL ENERGY: -126.823313588023	 lambda: -0.9	 population of target: 5.10380562669851
1RDM: 
     1.99999919140529 -1.79189948699949e-07 -4.33344109938509e-05  1.70234185744552e-05  7.38203001005573e-05  1.25796022142078e-18   1.5610584062818e-18 -4.61496916560462e-18 -3.33897873413751e-18  0.000384312258982173
-1.79189948699949e-07      1.99999410691571    0.0001579795856643 -7.66718167953268e-05 -0.000172156057602902  7.99593135423514e-18  1.28278904147058e-17 -3.68973774032281e-17 -2.41738288372855e-17  -0.00147366819028844
-4.33344109938509e-05    0.0001579795856643      1.97263246154526    0.0294296960302624    0.0173013971028246  6.58102167573068e-18  1.66547712185938e-17 -6.07159488235889e-17 -3.31193439387629e-17     0.220319388718301
 1.70234185744552e-05 -7.66718167953268e-05    0.0294296960302624      1.94283641173939  -0.00674441284608678 -1.43978053105943e-18  9.95215408965048e-18  -3.9943220342299e-17 -9.18007384820482e-18    -0.204523909559414
 7.38203001005573e-05 -0.000172156057602902    0.0173013971028246  -0.00674441284608678      1.94500854251351  5.48345260216327e-18 -7.26388624916642e-18  2.28201152724988e-17 -3.39032348625588e-17    -0.194141948877611
 1.25796022142078e-18  7.99593135423514e-18  6.58102167573068e-18 -1.43978053105943e-18  5.48345260216327e-18      1.84719710585057  1.52893654057206e-16   -0.0299031272510073     0.446376468044738 -1.75951379988135e-17
  1.5610584062818e-18  1.28278904147058e-17  1.66547712185938e-17  9.95215408965048e-18 -7.26388624916642e-18  1.52893654057206e-16       1.8471971058505     0.446376468044893    0.0299031272510175 -4.30871542634761e-18
-4.61496916560462e-18 -3.68973774032281e-17 -6.07159488235889e-17  -3.9943220342299e-17  2.28201152724988e-17   -0.0299031272510073     0.446376468044893     0.175982012186019  5.15415753513311e-15 -6.41937528400366e-18
-3.33897873413751e-18 -2.41738288372855e-17 -3.31193439387629e-17 -9.18007384820482e-18 -3.39032348625588e-17     0.446376468044738    0.0299031272510175  5.15415753513311e-15     0.175982012185938 -5.41838692831489e-18
 0.000384312258982173  -0.00147366819028844     0.220319388718301    -0.204523909559414    -0.194141948877611 -1.75951379988135e-17 -4.30871542634761e-18 -6.41937528400366e-18 -5.41838692831489e-18    0.0931710498078643
TOTAL ENERGY: -126.943242143824	 lambda: -0.8	 population of target: 5.24492143419276
1RDM: 
     1.99999918279291 -2.34890533081843e-07 -2.99951159971403e-05  6.89979036844811e-06  5.88956260867517e-05  1.15559478227107e-18  1.42832843289367e-18 -4.17117518554542e-18 -2.82243808633621e-18  0.000286733332410282
-2.34890533081843e-07      1.99999449844221  0.000125247569087806 -5.07717865112331e-05 -0.000135801774410481  7.16506562741603e-18   1.1501985663801e-17 -3.29944460068055e-17 -2.07161313840491e-17  -0.00130735137362485
-2.99951159971403e-05  0.000125247569087806      1.97737515657489     0.024201200588879    0.0134868725238762   5.0293021702994e-18  1.41735755103255e-17 -5.75134583381845e-17 -3.18814117579805e-17     0.199304431436528
 6.89979036844811e-06 -5.07717865112331e-05     0.024201200588879      1.94884130907774  -0.00437234789536188   8.3916021391087e-19  8.90212999671701e-18 -3.74088712241656e-17 -1.47678079344414e-17    -0.182903686490939
 5.88956260867517e-05 -0.000135801774410481    0.0134868725238762  -0.00437234789536188      1.94832322129922  5.49361625632626e-18 -4.63883030263985e-18  1.65098653488688e-17 -3.44121017430324e-17    -0.174217438135356
 1.15559478227107e-18  7.16506562741603e-18   5.0293021702994e-18   8.3916021391087e-19  5.49361625632626e-18      1.86310930149865 -2.60730100916643e-16   -0.0264491757662989     0.394817890722885 -1.70394541718873e-17
 1.42832843289367e-18   1.1501985663801e-17  1.41735755103255e-17  8.90212999671701e-18 -4.63883030263985e-18 -2.60730100916643e-16      1.86310930149862     0.394817890722936    0.0264491757663044 -4.23175299479021e-18
-4.17117518554542e-18 -3.29944460068055e-17 -5.75134583381845e-17 -3.74088712241656e-17  1.65098653488688e-17   -0.0264491757662989     0.394817890722936     0.158664180300845  2.00435786274434e-15 -4.69647667005242e-18
-2.82243808633621e-18 -2.07161313840491e-17 -3.18814117579805e-17 -1.47678079344414e-17 -3.44121017430324e-17     0.394817890722885    0.0264491757663044  2.00435786274434e-15     0.158664180300818 -2.96295274588504e-18
 0.000286733332410282  -0.00130735137362485     0.199304431436528    -0.182903686490939    -0.174217438135356 -1.70394541718873e-17 -4.23175299479021e-18 -4.69647667005242e-18 -2.96295274588504e-18    0.0819196682141404
TOTAL ENERGY: -127.050658086334	 lambda: -0.7	 population of target: 5.38816404353609
1RDM: 
      1.9999991584729 -2.58730168946015e-07 -2.01542188763891e-05 -2.62509872608061e-07  4.62054905602744e-05  1.06097329447388e-18  1.32129122766506e-18  -3.6929913251277e-18  -2.2751345458559e-18  0.000204275397909989
-2.58730168946015e-07      1.99999487042328  9.59162617521159e-05 -2.92903536374653e-05 -0.000104174580480826  6.52877386904163e-18  1.04514507527178e-17 -2.90890666436662e-17 -1.73087097127228e-17  -0.00114176702807001
-2.01542188763891e-05  9.59162617521159e-05      1.98174424677972    0.0193922250126489    0.0100740695121129  2.91164459478312e-18  1.16848257559463e-17 -5.34385558375832e-17 -2.85197034271412e-17     0.177269819064187
-2.62509872608061e-07 -2.92903536374653e-05    0.0193922250126489      1.95446390655565  -0.00234388102567532 -1.69705539040708e-18  6.30712095137028e-18 -3.15308222136965e-17 -9.28535302019746e-18    -0.160907973409745
 4.62054905602744e-05 -0.000104174580480826    0.0100740695121129  -0.00234388102567532      1.95134835064161  1.22495985902476e-18 -3.86060215155467e-18  1.35743767824568e-17 -2.28383494291535e-17    -0.153812582477113
 1.06097329447388e-18  6.52877386904163e-18  2.91164459478312e-18 -1.69705539040708e-18  1.22495985902476e-18      1.87555464816183 -4.59994924164001e-16   -0.0230242349408815     0.343692369180507 -1.48139444294968e-17
 1.32129122766506e-18  1.04514507527178e-17  1.16848257559463e-17  6.30712095137028e-18 -3.86060215155467e-18 -4.59994924164001e-16      1.87555464816181     0.343692369180568    0.0230242349408878 -3.51799541870481e-18
 -3.6929913251277e-18 -2.90890666436662e-17 -5.34385558375832e-17 -3.15308222136965e-17  1.35743767824568e-17   -0.0230242349408815     0.343692369180568     0.144829269512549  1.94471764271892e-15 -4.18770458436059e-18
 -2.2751345458559e-18 -1.73087097127228e-17 -2.85197034271412e-17 -9.28535302019746e-18 -2.28383494291535e-17     0.343692369180507    0.0230242349408878  1.94471764271892e-15      0.14482926951253 -4.62176062060032e-18
 0.000204275397909989  -0.00114176702807001     0.177269819064187    -0.160907973409745    -0.153812582477113 -1.48139444294968e-17 -3.51799541870481e-18 -4.18770458436059e-18 -4.62176062060032e-18    0.0716816317781781
TOTAL ENERGY: -127.144934573469	 lambda: -0.6	 population of target: 5.53322711624191
1RDM: 
     1.99999912119675 -2.58207380724253e-07 -1.31300543367759e-05 -4.88432737618328e-06  3.55326868476569e-05  1.01457878824391e-18  1.25280549309043e-18 -3.21334399545383e-18 -1.80219168545905e-18  0.000135052388053434
-2.58207380724253e-07      1.99999522543415  7.02803956198713e-05 -1.23381069557926e-05 -7.68111798154229e-05  6.07988154709092e-18  9.64777923550022e-18 -2.52027970576072e-17 -1.39924241882786e-17 -0.000977122889424537
-1.31300543367759e-05  7.02803956198713e-05       1.9856625926762    0.0150269391894036   0.00707997088290549  1.56011043278125e-18  9.68146308474063e-18 -4.93182737663012e-17 -2.57565940951501e-17      0.15429760462492
-4.88432737618328e-06 -1.23381069557926e-05    0.0150269391894036      1.95967840967133 -0.000702349043751838 -2.17558008502422e-19   5.4397314478046e-18 -2.83395526799332e-17 -1.29456151608592e-17    -0.138487689541776
 3.55326868476569e-05 -7.68111798154229e-05   0.00707997088290549 -0.000702349043751838      1.95398796982257   1.2027842012334e-18 -1.77089552426315e-18  7.32016771223035e-18 -2.16349450060773e-17    -0.132789936525997
 1.01457878824391e-18  6.07988154709092e-18  1.56011043278125e-18 -2.17558008502422e-19   1.2027842012334e-18      1.88501998777062 -1.24542958579693e-15   -0.0196365219316366      0.29312255733767 -1.35610688347748e-17
 1.25280549309043e-18  9.64777923550022e-18  9.68146308474063e-18   5.4397314478046e-18 -1.77089552426315e-18 -1.24542958579693e-15       1.8850199877706     0.293122557337703    0.0196365219316499 -3.13030911372189e-18
-3.21334399545383e-18 -2.52027970576072e-17 -4.93182737663012e-17 -2.83395526799332e-17  7.32016771223035e-18   -0.0196365219316366     0.293122557337703     0.133989217709234  2.18308987823799e-15 -2.64896008318937e-18
-1.80219168545905e-18 -1.39924241882786e-17 -2.57565940951501e-17 -1.29456151608592e-17 -2.16349450060773e-17      0.29312255733767    0.0196365219316499  2.18308987823799e-15     0.133989217709224  -2.7597312693115e-18
 0.000135052388053434 -0.000977122889424537      0.15429760462492    -0.138487689541776    -0.132789936525997 -1.35610688347748e-17 -3.13030911372189e-18 -2.64896008318937e-18  -2.7597312693115e-18    0.0626582702393626
TOTAL ENERGY: -127.22563350532	 lambda: -0.5	 population of target: 5.67997715864349
1RDM: 
     1.99999907235991 -2.38958246700242e-07 -8.38190759062186e-06 -7.24916294687687e-06  2.68171600733433e-05  9.86225233386958e-19  1.21084660513072e-18 -2.71358726852421e-18 -1.34376130546196e-18  7.87074933973469e-05
-2.38958246700242e-07      1.99999556424612  4.85328850134561e-05  2.37684628281618e-08 -5.35278893608013e-05  5.78458525289092e-18   9.0616683306293e-18 -2.13241745372381e-17 -1.07430130604756e-17 -0.000813628677710079
-8.38190759062186e-06  4.85328850134561e-05      1.98906369606445    0.0111360297435109   0.00454380403269338  3.50040283416846e-19  7.93941646034217e-18 -4.47642318752927e-17 -2.21753953650455e-17     0.130432985392684
-7.24916294687687e-06  2.37684628281618e-08    0.0111360297435109      1.96444758366803  0.000497595887765048   5.1447971043833e-19  4.51598660483754e-18 -2.45836352538937e-17 -1.47508581338961e-17    -0.115698274947655
 2.68171600733433e-05 -5.35278893608013e-05   0.00454380403269338  0.000497595887765048      1.95615347979895  7.79641215602098e-19 -9.86319358907142e-20  1.35527466036296e-18 -1.86628873672845e-17    -0.111280831858924
 9.86225233386958e-19  5.78458525289092e-18  3.50040283416846e-19   5.1447971043833e-19  7.79641215602098e-19      1.89182177825473 -1.32660456295083e-15   -0.0162805810945282     0.243027024828373 -1.18522392953272e-17
 1.21084660513072e-18   9.0616683306293e-18  7.93941646034217e-18  4.51598660483754e-18 -9.86319358907142e-20 -1.32660456295083e-15      1.89182177825473     0.243027024828336    0.0162805810945394 -2.56909133572663e-18
-2.71358726852421e-18 -2.13241745372381e-17 -4.47642318752927e-17 -2.45836352538937e-17  1.35527466036296e-18   -0.0162805810945282     0.243027024828336     0.125828133973983  1.40683766365324e-15 -1.35374626961131e-18
-1.34376130546196e-18 -1.07430130604756e-17 -2.21753953650455e-17 -1.47508581338961e-17 -1.86628873672845e-17     0.243027024828373    0.0162805810945394  1.40683766365324e-15     0.125828133973986     -1.5729975142e-18
 7.87074933973469e-05 -0.000813628677710079     0.130432985392684    -0.115698274947655    -0.111280831858924 -1.18522392953272e-17 -2.56909133572663e-18 -1.35374626961131e-18     -1.5729975142e-18    0.0550407794051783
TOTAL ENERGY: -127.292356897828	 lambda: -0.4	 population of target: 5.82827835724555
1RDM: 
       1.999999013094 -2.05411048674924e-07 -5.41385068713321e-06 -7.69040039240801e-06  1.98602606053345e-05  9.72614869954148e-19   1.1953790641091e-18 -2.19016328220788e-18 -8.93301690605879e-19  3.58010650085972e-05
-2.05411048674924e-07      1.99999588560435  3.07759204125841e-05  7.86721145805911e-06 -3.42999975286451e-05  5.63383162979033e-18  8.68580818421576e-18 -1.74453104336486e-17 -7.55568616375526e-18 -0.000651353047859369
-5.41385068713321e-06  3.07759204125841e-05      1.99188419737794    0.0077550266792474   0.00250877140195009 -6.89758007549921e-19  6.47206010279195e-18 -3.98022159972597e-17 -1.78200786678336e-17     0.105713473606755
-7.69040039240801e-06  7.86721145805911e-06    0.0077550266792474      1.96873713430945   0.00123134192261662   3.6320966291983e-19  3.45335556155416e-18 -1.99453551893435e-17 -1.38889682705136e-17   -0.0926598459404475
 1.98602606053345e-05 -3.42999975286451e-05   0.00250877140195009   0.00123134192261662      1.95782546589165 -4.29611650388379e-19   9.7716805700801e-19 -3.70822888000741e-18 -1.23725750957364e-17   -0.0895082775244821
 9.72614869954148e-19  5.63383162979033e-18 -6.89758007549921e-19   3.6320966291983e-19 -4.29611650388379e-19      1.89606992944567 -1.65548852224773e-16   -0.0129493121886834     0.193299762482697 -9.70089098671471e-18
  1.1953790641091e-18  8.68580818421576e-18  6.47206010279195e-18  3.45335556155416e-18   9.7716805700801e-19 -1.65548852224773e-16      1.89606992944565     0.193299762482727    0.0129493121886864 -1.88665645800165e-18
-2.19016328220788e-18 -1.74453104336486e-17 -3.98022159972597e-17 -1.99453551893435e-17 -3.70822888000741e-18   -0.0129493121886834     0.193299762482727     0.120242447939598   1.1707646998358e-15 -4.26094332156758e-19
-8.93301690605879e-19 -7.55568616375526e-18 -1.78200786678336e-17 -1.38889682705136e-17 -1.23725750957364e-17     0.193299762482697    0.0129493121886864   1.1707646998358e-15     0.120242447939586 -1.31383407987475e-18
 3.58010650085972e-05 -0.000651353047859369     0.105713473606755   -0.0926598459404475   -0.0895082775244821 -9.70089098671471e-18 -1.88665645800165e-18 -4.26094332156758e-19 -1.31383407987475e-18    0.0489335489521645
TOTAL ENERGY: -127.344714576776	 lambda: -0.3	 population of target: 5.97789946074906
1RDM: 
     1.99999894445617  -1.6137755804245e-07 -3.69279937643329e-06  -6.6645534338556e-06  1.42394552622821e-05  9.78778360367472e-19  1.21131688434074e-18 -1.64766489138933e-18 -4.64675902128069e-19   6.9319770254326e-06
 -1.6137755804245e-07       1.9999961865626  1.70418192207431e-05  1.14270566905697e-05 -1.91801710445334e-05  5.62850519506789e-18  8.52573459984677e-18 -1.35669571347902e-17 -4.43303272630304e-18 -0.000489977227154601
-3.69279937643329e-06  1.70418192207431e-05      1.99406008416575   0.00492040877356642   0.00101100448551865 -1.35466093596631e-18  5.36400844960495e-18  -3.4550987770048e-17  -1.3039005370883e-17     0.080195904530383
 -6.6645534338556e-06  1.14270566905697e-05   0.00492040877356642      1.97252011672338   0.00151449421454297  4.47472891666624e-19  2.68505379371325e-18 -1.53299069643234e-17 -1.33515856997751e-17   -0.0694992906022146
 1.42394552622821e-05 -1.91801710445334e-05   0.00101100448551865   0.00151449421454297      1.95905371944681 -1.14624100875494e-18  1.96061258080722e-18 -8.96888133377327e-18  -6.6317545896376e-18   -0.0676105851823143
 9.78778360367472e-19  5.62850519506789e-18 -1.35466093596631e-18  4.47472891666624e-19 -1.14624100875494e-18      1.89773781075995 -1.48768216664439e-16   -0.0096425029425798     0.143937702561209  -7.3979572898005e-18
 1.21131688434074e-18  8.52573459984677e-18  5.36400844960495e-18  2.68505379371325e-18  1.96061258080722e-18 -1.48768216664439e-16      1.89773781075995     0.143937702561267   0.00964250294258272 -1.25724956232076e-18
-1.64766489138933e-18 -1.35669571347902e-17  -3.4550987770048e-17 -1.53299069643234e-17 -8.96888133377327e-18   -0.0096425029425798     0.143937702561267     0.117273181715864  6.93021078796537e-16  4.47342209454577e-19
-4.64675902128069e-19 -4.43303272630304e-18  -1.3039005370883e-17 -1.33515856997751e-17  -6.6317545896376e-18     0.143937702561209   0.00964250294258272  6.93021078796537e-16     0.117273181715858 -9.48602758782461e-19
  6.9319770254326e-06 -0.000489977227154601     0.080195904530383   -0.0694992906022146   -0.0676105851823143  -7.3979572898005e-18 -1.25724956232076e-18  4.47342209454577e-19 -9.48602758782461e-19    0.0443489636936986
TOTAL ENERGY: -127.382354493582	 lambda: -0.2	 population of target: 6.12848400839562
1RDM: 
     1.99999886706595 -1.10348011134369e-07 -2.62580557138416e-06 -4.70953495055415e-06  9.39851166215038e-06  1.00320331665647e-18  1.26140988015059e-18 -1.08863839002766e-18  -5.6439030898024e-20 -7.94052458057026e-06
-1.10348011134369e-07      1.99999646304155  7.32728429651829e-06   1.1059095769349e-05 -8.28370673217625e-06  5.76665004261194e-18  8.58714102998444e-18  -9.7014435321654e-18 -1.38310243685318e-18  -0.00032862864298254
-2.62580557138416e-06  7.32728429651829e-06      1.99552778106679    0.0026658955950921  7.81862565437307e-05 -1.61374110086312e-18  4.63514247066741e-18 -2.90432356285469e-17 -7.86847026481564e-18    0.0539743059601937
-4.70953495055415e-06   1.1059095769349e-05    0.0026658955950921      1.97577131081742     0.001385456114598  6.48831244728567e-19   2.1972979400997e-18 -1.06943103270024e-17 -1.28747397451413e-17   -0.0463078063705839
 9.39851166215038e-06 -8.28370673217625e-06  7.81862565437307e-05     0.001385456114598      1.95991091470252 -1.50911076979236e-18   2.8654439600578e-18 -1.43423122767829e-17 -1.16868968251868e-18   -0.0455453441513037
 1.00320331665647e-18  5.76665004261194e-18 -1.61374110086312e-18  6.48831244728567e-19 -1.50911076979236e-18      1.89678617703475 -3.77950705718642e-16  -0.00637001400171121    0.0950878878839654 -4.92404606925799e-18
 1.26140988015059e-18  8.58714102998444e-18  4.63514247066741e-18   2.1972979400997e-18   2.8654439600578e-18 -3.77950705718642e-16      1.89678617703474    0.0950878878839926   0.00637001400171104 -7.29524509146662e-19
-1.08863839002766e-18  -9.7014435321654e-18 -2.90432356285469e-17 -1.06943103270024e-17 -1.43423122767829e-17  -0.00637001400171121    0.0950878878839926     0.116982239555311  9.35603644726837e-16  1.25880295131696e-18
 -5.6439030898024e-20 -1.38310243685318e-18 -7.86847026481564e-18 -1.28747397451413e-17 -1.16868968251868e-18    0.0950878878839654   0.00637001400171104  9.35603644726837e-16     0.116982239555302 -6.22540230919489e-19
-7.94052458057026e-06  -0.00032862864298254    0.0539743059601937   -0.0463078063705839   -0.0455453441513037 -4.92404606925799e-18 -7.29524509146662e-19  1.25880295131696e-18 -6.22540230919489e-19    0.0412578301257019
TOTAL ENERGY: -127.405014440745	 lambda: -0.1	 population of target: 6.2795633610676
1RDM: 
     1.99999878073161  -5.5559006369098e-08 -1.59282271035542e-06  -2.3473153041293e-06  4.79569362037762e-06  1.04305493717069e-18  1.34609251743539e-18 -5.16399410435057e-19  3.33690735952095e-19 -9.72570514356425e-06
 -5.5559006369098e-08      1.99999671039553  1.63348919781016e-06  7.14733319525729e-06 -1.80239958397583e-06  6.04002101716492e-18  8.86609876077076e-18 -5.87166382697509e-18   1.5792564301776e-18 -0.000165894062848272
-1.59282271035542e-06  1.63348919781016e-06      1.99622895195734   0.00101940199818645 -0.000266331904218191  -1.4597837191672e-18  4.27989336339178e-18 -2.33064471149227e-17 -2.34604799282086e-18    0.0271852700045002
 -2.3473153041293e-06  7.14733319525729e-06   0.00101940199818645      1.97845859426487  0.000877669884299103  8.07183829902157e-19  1.91471933125843e-18 -5.78349170832932e-18 -1.19614076005251e-17   -0.0231325859920867
 4.79569362037762e-06 -1.80239958397583e-06 -0.000266331904218191  0.000877669884299103      1.96043768419049 -1.74336858734602e-18  3.62504902585588e-18 -1.94038727616947e-17  4.77774613365834e-18     -0.02310206441611
 1.04305493717069e-18  6.04002101716492e-18  -1.4597837191672e-18  8.07183829902157e-19 -1.74336858734602e-18       1.8932886606073 -4.96133889919261e-17  -0.00314948014293254    0.0470136006466673 -2.28467505928725e-18
 1.34609251743539e-18  8.86609876077076e-18  4.27989336339178e-18  1.91471933125843e-18  3.62504902585588e-18 -4.96133889919261e-17      1.89328866060729    0.0470136006467227   0.00314948014293787 -3.21474239939706e-19
-5.16399410435057e-19 -5.87166382697509e-18 -2.33064471149227e-17 -5.78349170832932e-18 -1.94038727616947e-17  -0.00314948014293254    0.0470136006467227     0.119324997966152  8.25437424383746e-16  1.95587346438613e-18
 3.33690735952095e-19   1.5792564301776e-18 -2.34604799282086e-18 -1.19614076005251e-17  4.77774613365834e-18    0.0470136006466673   0.00314948014293787  8.25437424383746e-16     0.119324997966141 -5.26703716103902e-19
-9.72570514356425e-06 -0.000165894062848272    0.0271852700045002   -0.0231325859920867     -0.02310206441611 -2.28467505928725e-18 -3.21474239939706e-19  1.95587346438613e-18 -5.26703716103902e-19    0.0396519613133102
TOTAL ENERGY: -127.412569250226	 lambda: 0	 population of target: 6.43061040520569
1RDM: 
     1.99999868439783    3.488948351179e-14   1.3405602761285e-12 -1.40983551534805e-13  7.47930356514496e-12  1.09571170083134e-18  1.46336768581503e-18   6.3026571510404e-20  7.03476770263063e-19 -7.21252044319489e-11
   3.488948351179e-14      1.99999692385593 -1.52737281914952e-12 -2.03116468318204e-11   1.2344652374624e-12  6.43092923195753e-18   9.3421254284471e-18 -2.10317109655785e-18  4.43898182700237e-18 -4.60233065614349e-11
  1.3405602761285e-12 -1.52737281914952e-12      1.99611633794427  4.33440141355377e-11 -1.61814006505536e-10 -8.58594212038013e-19  4.29935969260453e-18 -1.74132125972814e-17  3.40840450023997e-18  5.03506313102236e-10
-1.40983551534805e-13 -2.03116468318204e-11  4.33440141355377e-11      1.98053980514103 -1.88017918083368e-10  1.00865918671884e-18  1.89768714180623e-18 -7.51736342530814e-19 -1.09206012212655e-17  1.25720498797914e-09
 7.47930356514496e-12   1.2344652374624e-12 -1.61814006505536e-10 -1.88017918083368e-10      1.96061320000778 -1.74421988069507e-18  4.35497312883993e-18 -2.43980436249274e-17  1.07306368474441e-17  6.89392943578019e-10
 1.09571170083134e-18  6.43092923195753e-18 -8.58594212038013e-19  1.00865918671884e-18 -1.74421988069507e-18       1.8875130385205  5.26312133591966e-16 -3.74294769595912e-10  3.19085536268495e-10  4.57389567103864e-19
 1.46336768581503e-18   9.3421254284471e-18  4.29935969260453e-18  1.89768714180623e-18  4.35497312883993e-18  5.26312133591966e-16      1.88751303852048  3.19087664372585e-10   3.7430136080857e-10  -3.8553493652935e-20
  6.3026571510404e-20 -2.10317109655785e-18 -1.74132125972814e-17 -7.51736342530814e-19 -2.43980436249274e-17 -3.74294769595912e-10  3.19087664372585e-10     0.124065369391491  7.95018836039364e-16  2.61069402321301e-18
 7.03476770263063e-19  4.43898182700237e-18  3.40840450023997e-18 -1.09206012212655e-17  1.07306368474441e-17  3.19085536268495e-10   3.7430136080857e-10  7.95018836039364e-16     0.124065369391474 -5.87373356254033e-19
-7.21252044319489e-11 -4.60233065614349e-11  5.03506313102236e-10  1.25720498797914e-09  6.89392943578019e-10  4.57389567103864e-19  -3.8553493652935e-20  2.61069402321301e-18 -5.87373356254033e-19    0.0395782328292185
TOTAL ENERGY: -127.405049164388	 lambda: 0.1	 population of target: 6.58113405150199
1RDM: 
     1.99999857639758  5.35501215947064e-08  2.68339170737562e-06  2.04350882081532e-06 -5.30353337847905e-06  1.15675225403237e-18  1.60731094739291e-18  6.46061059926129e-19  1.05339647994368e-18  1.94000707912644e-05
 5.35501215947064e-08      1.99999709874596  2.52493621148541e-06 -1.02294541657072e-05 -3.18006094785777e-06  6.91196245274882e-18  9.97680687164684e-18  1.58547252915392e-18  7.18693305580991e-18  0.000170920151193581
 2.68339170737562e-06  2.52493621148541e-06      1.99515767375208 -0.000385378547031937  0.000898239745264405  1.85613820456201e-19  4.66428722163576e-18 -1.14349992168759e-17  9.29508301413972e-18   -0.0273943315229218
 2.04350882081532e-06 -1.02294541657072e-05 -0.000385378547031937      1.98196900765352   -0.0012653881010163  1.23877891064346e-18  2.14062887676318e-18  4.37338777169863e-18 -9.75208647468979e-18    0.0230489335900286
-5.30353337847905e-06 -3.18006094785777e-06  0.000898239745264405   -0.0012653881010163        1.960362579347 -1.53185290759209e-18   5.0690638848315e-18 -2.94178258078562e-17  1.66815913223063e-17    0.0239844086022648
 1.15675225403237e-18  6.91196245274882e-18  1.85613820456201e-19  1.23877891064346e-18 -1.53185290759209e-18      1.87992601816293  1.77857345256792e-16   0.00306564793210983   -0.0457622092573689  3.24975271686697e-18
 1.60731094739291e-18  9.97680687164684e-18  4.66428722163576e-18  2.14062887676318e-18   5.0690638848315e-18  1.77857345256792e-16      1.87992601816291   -0.0457622092573776  -0.00306564793210519  1.56789042696291e-19
 6.46061059926129e-19  1.58547252915392e-18 -1.14349992168759e-17  4.37338777169863e-18 -2.94178258078562e-17   0.00306564793210983   -0.0457622092573776     0.130766622515163  1.23483462886454e-15  3.23574959124897e-18
 1.05339647994368e-18  7.18693305580991e-18  9.29508301413972e-18 -9.75208647468979e-18  1.66815913223063e-17   -0.0457622092573689  -0.00306564793210519  1.23483462886454e-15     0.130766622515141 -8.09223156426274e-19
 1.94000707912644e-05  0.000170920151193581   -0.0273943315229218    0.0230489335900286    0.0239844086022648  3.24975271686697e-18  1.56789042696291e-19  3.23574959124897e-18 -8.09223156426274e-19    0.0411297827477432
TOTAL ENERGY: -127.382608470158	 lambda: 0.2	 population of target: 6.73079237849108
1RDM: 
     1.99999845478855  1.02483709651834e-07  6.91873929977658e-06  3.61540831142622e-06 -1.13637253100586e-05  1.22130151981115e-18  1.76946843053082e-18  1.23259783555655e-18  1.38548911424503e-18  4.67360902824348e-05
 1.02483709651834e-07      1.99999723039853   9.3709670338087e-06 -2.35760516515918e-05 -1.16530171355269e-05  7.45079224189057e-18  1.07202565533626e-17  5.19109070693211e-18  9.82457341524018e-18  0.000348544153887468
 6.91873929977658e-06   9.3709670338087e-06      1.99333592660735 -0.000144580390979649   0.00244344361841536  1.64625094267195e-18  5.32563491592992e-18 -5.43423985817767e-18  1.52267233886132e-17   -0.0548175164149581
 3.61540831142622e-06 -2.35760516515918e-05 -0.000144580390979649      1.98270923532648   -0.0029504111107061  1.48036841032669e-18  2.62319992699023e-18  9.56254665857422e-18  -8.4585640939521e-18    0.0459328494199031
-1.13637253100586e-05 -1.16530171355269e-05   0.00244344361841536   -0.0029504111107061      1.95958810368615 -1.11440516048605e-18  5.73206801605012e-18 -3.45769498271344e-17  2.26110908009593e-17    0.0489162497050111
 1.22130151981115e-18  7.45079224189057e-18  1.64625094267195e-18  1.48036841032669e-18 -1.11440516048605e-18      1.87111499203483   8.9687047125621e-17   0.00604720209274127   -0.0902691149196682  6.04116300259494e-18
 1.76946843053082e-18  1.07202565533626e-17  5.32563491592992e-18  2.62319992699023e-18  5.73206801605012e-18   8.9687047125621e-17       1.8711149920348   -0.0902691149196503  -0.00604720209274282   3.1868617372647e-19
 1.23259783555655e-18  5.19109070693211e-18 -5.43423985817767e-18  9.56254665857422e-18 -3.45769498271344e-17   0.00604720209274127   -0.0902691149196503     0.138865887295514  1.83967931570088e-15  3.81630790820544e-18
 1.38548911424503e-18  9.82457341524018e-18  1.52267233886132e-17  -8.4585640939521e-18  2.26110908009593e-17   -0.0902691149196682  -0.00604720209274282  1.83967931570088e-15     0.138865887295484 -1.17508643700109e-18
 4.67360902824348e-05  0.000348544153887468   -0.0548175164149581    0.0459328494199031    0.0489162497050111  6.04116300259494e-18   3.1868617372647e-19  3.81630790820544e-18 -1.17508643700109e-18    0.0444092905323488
TOTAL ENERGY: -127.345445019574	 lambda: 0.3	 population of target: 6.87947768672824
1RDM: 
     1.99999831759647    1.444123759534e-07  1.31113581095748e-05  4.64023600190844e-06 -1.84010743136957e-05  1.28511856999811e-18  1.94113716401792e-18  1.82657698646556e-18  1.70322659697145e-18   8.0527047859601e-05
   1.444123759534e-07      1.99999731385944  2.07588262534259e-05 -4.02488108809328e-05 -2.57252201183302e-05  8.01726332369351e-18  1.15227328023217e-17  8.72962492333546e-18  1.23650607011884e-17   0.00053410011380278
 1.31113581095748e-05  2.07588262534259e-05      1.99064620622368  0.000699262649921312   0.00463909675274576  3.48233287549742e-18  6.22689770651899e-18  5.39709075891451e-19  2.11349625330649e-17   -0.0821152838795473
 4.64023600190844e-06 -4.02488108809328e-05  0.000699262649921312      1.98274474960193  -0.00508361050339676  1.71377983733951e-18  3.32115574584452e-18  1.47849259770915e-17  -7.0436608928877e-18    0.0685256632546741
-1.84010743136957e-05 -2.57252201183302e-05   0.00463909675274576  -0.00508361050339676      1.95820209505227 -4.85107242894037e-19  6.26091268230388e-18 -3.99739077706041e-17  2.84910328260782e-17    0.0746574563730307
 1.28511856999811e-18  8.01726332369351e-18  3.48233287549742e-18  1.71377983733951e-18 -4.85107242894037e-19      1.86165236878232  5.37922635041466e-16   0.00895910925061966    -0.133736367319471  8.79013277716917e-18
 1.94113716401792e-18  1.15227328023217e-17  6.22689770651899e-18  3.32115574584452e-18  6.26091268230388e-18  5.37922635041466e-16      1.86165236878229    -0.133736367319464  -0.00895910925061432  4.94880568478396e-19
 1.82657698646556e-18  8.72962492333546e-18  5.39709075891451e-19  1.47849259770915e-17 -3.99739077706041e-17   0.00895910925061966    -0.133736367319464     0.147807788786758  1.48787227822562e-15  4.31001279784483e-18
 1.70322659697145e-18  1.23650607011884e-17  2.11349625330649e-17  -7.0436608928877e-18  2.84910328260782e-17    -0.133736367319471  -0.00895910925061432  1.48787227822562e-15     0.147807788786727 -1.65372881178526e-18
  8.0527047859601e-05   0.00053410011380278   -0.0821152838795473    0.0685256632546741    0.0746574563730307  8.79013277716917e-18  4.94880568478396e-19  4.31001279784483e-18 -1.65372881178526e-18    0.0494910025281552
TOTAL ENERGY: -127.293703107344	 lambda: 0.4	 population of target: 7.02732839081899
1RDM: 
     1.99999816294804  1.77350075481519e-07  2.16218282457906e-05  5.11293417440854e-06 -2.65905743732983e-05   1.3455681986952e-18  2.11590349059518e-18  2.43566616207218e-18  2.01122739405505e-18  0.000119532044459163
 1.77350075481519e-07      1.99999734363008  3.69485132357256e-05 -6.05751456508685e-05 -4.56941232654255e-05   8.5902229443773e-18  1.23474654308607e-17  1.22338726638379e-17  1.48298123683225e-17  0.000728160915760099
 2.16218282457906e-05  3.69485132357256e-05      1.98709143335173   0.00211006709616371   0.00747286070707867    5.649195824362e-18  7.31425995633229e-18  6.46406596635187e-18  2.69820959927949e-17    -0.109168475617837
 5.11293417440854e-06 -6.05751456508685e-05   0.00211006709616371      1.98208713480778  -0.00767676168521659  1.90078648997458e-18  4.21400245278672e-18  2.00244310119278e-17 -5.52778528626424e-18    0.0906702498813575
-2.65905743732983e-05 -4.56941232654255e-05   0.00747286070707867  -0.00767676168521659      1.95614844097859  3.94236224597698e-19  6.53598717794874e-18 -4.56336741513885e-17  3.43253047259947e-17     0.100878836716489
  1.3455681986952e-18   8.5902229443773e-18    5.649195824362e-18  1.90078648997458e-18  3.94236224597698e-19      1.85195049021123  2.14384313232477e-15    0.0118280378170315    -0.176562062196438   1.1471980725792e-17
 2.11590349059518e-18  1.23474654308607e-17  7.31425995633229e-18  4.21400245278672e-18  6.53598717794874e-18  2.14384313232477e-15      1.85195049021122    -0.176562062196451   -0.0118280378170153  7.05303146325077e-19
 2.43566616207218e-18  1.22338726638379e-17  6.46406596635187e-18  2.00244310119278e-17 -4.56336741513885e-17    0.0118280378170315    -0.176562062196451     0.157189352665782 -1.40745980585598e-15  4.65368854217077e-18
 2.01122739405505e-18  1.48298123683225e-17  2.69820959927949e-17 -5.52778528626424e-18  3.43253047259947e-17    -0.176562062196438   -0.0118280378170153 -1.40745980585598e-15     0.157189352665772 -2.20571844693604e-18
 0.000119532044459163  0.000728160915760099    -0.109168475617837    0.0906702498813575     0.100878836716489   1.1471980725792e-17  7.05303146325077e-19  4.65368854217077e-18 -2.20571844693604e-18    0.0563977985298117
TOTAL ENERGY: -127.227408852764	 lambda: 0.5	 population of target: 7.17465528602423
1RDM: 
     1.99999798917573  1.99973896079724e-07  3.27626474836701e-05  5.08703698922657e-06  -3.5997340822855e-05  1.40239522999926e-18  2.29175224014727e-18  3.06958664563757e-18  2.31436431919373e-18  0.000162675043620342
 1.99973896079724e-07      1.99999731373454  5.82110253884847e-05 -8.49187969663791e-05 -7.18080235520017e-05  9.16761354348561e-18  1.31798131052124e-17  1.57446414143569e-17  1.72534174654945e-17  0.000930566147322058
 3.27626474836701e-05  5.82110253884847e-05      1.98267918560864   0.00404321186146438    0.0109145047941086  8.03327599995211e-18   8.5570693147377e-18  1.23678210227228e-17  3.26092353712404e-17    -0.135891649440616
 5.08703698922657e-06 -8.49187969663791e-05   0.00404321186146438      1.98077418674287   -0.0107187458437767    2.365015205149e-18  5.25680683483819e-18  2.51715164750007e-17 -3.34452743890707e-18     0.112198668916866
 -3.5997340822855e-05 -7.18080235520017e-05    0.0109145047941086   -0.0107187458437767       1.9534147404387   1.1037627808614e-18  6.47978476231302e-18 -5.13179697455814e-17  3.92180637043539e-17     0.127113784748169
 1.40239522999926e-18  9.16761354348561e-18  8.03327599995211e-18    2.365015205149e-18   1.1037627808614e-18      1.84215582249742 -6.64195041351577e-16    0.0146867600715354    -0.219235399270917  1.40382528889398e-17
 2.29175224014727e-18  1.31798131052124e-17   8.5570693147377e-18  5.25680683483819e-18  6.47978476231302e-18 -6.64195041351577e-16      1.84215582249741    -0.219235399270869   -0.0146867600715329  9.31741334859459e-19
 3.06958664563757e-18  1.57446414143569e-17  1.23678210227228e-17  2.51715164750007e-17 -5.13179697455814e-17    0.0146867600715354    -0.219235399270869     0.166866791925197  1.01358034684423e-15  4.80975971870624e-18
 2.31436431919373e-18  1.72534174654945e-17  3.26092353712404e-17 -3.34452743890707e-18  3.92180637043539e-17    -0.219235399270917   -0.0146867600715329  1.01358034684423e-15      0.16686679192519 -2.95414097659428e-18
 0.000162675043620342  0.000930566147322058    -0.135891649440616     0.112198668916866     0.127113784748169  1.40382528889398e-17  9.31741334859459e-19  4.80975971870624e-18 -2.95414097659428e-18    0.0650913554543178
TOTAL ENERGY: -127.146472721792	 lambda: 0.6	 population of target: 7.32181205490771
1RDM: 
     1.99999779496394  2.11793643748078e-07  4.67822048552077e-05  4.66064615716327e-06 -4.65133166099869e-05  1.45677940620646e-18  2.47216419288122e-18  3.73792420660549e-18  2.61662857417681e-18  0.000209019553770346
 2.11793643748078e-07      1.99999721814227  8.48039522854695e-05 -0.000113595109260261 -0.000104175950821839  9.73564659556949e-18  1.40348769268828e-17  1.93115028890561e-17  1.96207945044291e-17   0.00114057554165079
 4.67822048552077e-05  8.48039522854695e-05      1.97742114101622   0.00645032399320697    0.0149164801936781  1.09364907501023e-17  9.89633583918842e-18  1.81577259127722e-17  3.86425505345272e-17    -0.162224729950681
 4.66064615716327e-06 -0.000113595109260261   0.00645032399320697      1.97886448513847   -0.0141753912308421  1.60534311605826e-18  6.63852765987392e-18  3.06502245899406e-17 -2.78608769198828e-18      0.13294936898793
-4.65133166099869e-05 -0.000104175950821839    0.0149164801936781   -0.0141753912308421      1.95004237606388  3.66870796057873e-18   5.7524039659952e-18 -5.74834537778545e-17  4.67076266074316e-17      0.15284060770915
 1.45677940620646e-18  9.73564659556949e-18  1.09364907501023e-17  1.60534311605826e-18  3.66870796057873e-18      1.83211296565783  1.74811064391784e-15    0.0175664253423245    -0.262221368388796  1.66904003008167e-17
 2.47216419288122e-18  1.40348769268828e-17  9.89633583918842e-18  6.63852765987392e-18   5.7524039659952e-18  1.74811064391784e-15      1.83211296565781    -0.262221368388774   -0.0175664253423098  1.07835090889784e-18
 3.73792420660549e-18  1.93115028890561e-17  1.81577259127722e-17  3.06502245899406e-17 -5.74834537778545e-17    0.0175664253423245    -0.262221368388774     0.176992623914621 -2.46277363809237e-16  4.61288425392158e-18
 2.61662857417681e-18  1.96207945044291e-17  3.86425505345272e-17 -2.78608769198828e-18  4.67076266074316e-17    -0.262221368388796   -0.0175664253423098 -2.46277363809237e-16     0.176992623914598 -3.22365845860417e-18
 0.000209019553770346   0.00114057554165079    -0.162224729950681      0.13294936898793      0.15284060770915  1.66904003008167e-17  1.07835090889784e-18  4.61288425392158e-18 -3.22365845860417e-18    0.0754658055303849
TOTAL ENERGY: -127.050757342658	 lambda: 0.7	 population of target: 7.46906420740488
1RDM: 
     1.99999757954423  2.13033590521889e-07  6.38456301655835e-05  3.94874595038139e-06 -5.78491231333558e-05   1.5131239258045e-18  2.66548594910523e-18    4.447995318787e-18  2.91998091993369e-18  0.000257812860235586
 2.13033590521889e-07       1.9999970511551  0.000116974001562177 -0.000146815735257134 -0.000142685043567584  1.03551318210772e-17  1.49442223731212e-17  2.29550458866642e-17  2.20148096857245e-17    0.0013573110690081
 6.38456301655835e-05  0.000116974001562177      1.97133512799074   0.00928289729775884    0.0194184328725218  1.36637272257665e-17  1.14151570283557e-17  2.41049765982194e-17  4.38333578222082e-17    -0.188122199860821
 3.94874595038139e-06 -0.000146815735257134   0.00928289729775884      1.97643122413571   -0.0179936594886673  2.46693619111948e-18   8.0674794803871e-18  3.56700479376714e-17  4.43511169417277e-19      0.15277891471799
