Naturals in-correctTOTAL ENERGY: -126.707366029691	 lambda: -1	 population of target: 5.02047895628132
1RDM: 
     1.99999939411796 -3.44585069050336e-07 -1.49846309794354e-05 -1.22624891360352e-05  5.77766344160891e-05  4.49916912227971e-18 -9.97439150783169e-17  2.75941845974173e-16  -3.3982008602066e-19  -0.00015424635615619
-3.44585069050336e-07      1.99999528680558  7.65155464073808e-05  2.20947218135959e-06 -0.000102822176792616  3.04784602282547e-17  -7.1768442355405e-16  1.98959270200686e-15 -1.29452997870558e-17   0.00076471256978215
-1.49846309794354e-05  7.65155464073808e-05      1.97228115837682    0.0307091376733646    0.0212245504466857  -3.7974457729258e-17 -6.03834093550411e-17  1.45109210265929e-16 -1.43315573496604e-16    -0.220800741150835
-1.22624891360352e-05  2.20947218135959e-06    0.0307091376733646      1.93689520472928  -0.00994575211947469 -7.45093315024637e-17  3.80495794113373e-17  -3.2635153770209e-17 -2.28557190148889e-16     0.205076348737313
 5.77766344160891e-05 -0.000102822176792616    0.0212245504466857  -0.00994575211947469      1.93481466989581  7.07850174443881e-17 -1.12656792077277e-17  1.63415661418887e-16  2.30506149885331e-16      0.22902414121566
 4.49916912227971e-18  3.04784602282547e-17  -3.7974457729258e-17 -7.45093315024637e-17  7.07850174443881e-17      1.82140392324286   2.1769332060471e-15   -0.0296449984889112    -0.494775554726817  1.56527035933097e-17
-9.97439150783169e-17  -7.1768442355405e-16 -6.03834093550411e-17  3.80495794113373e-17 -1.12656792077277e-17   2.1769332060471e-15      1.82140392324284     0.494775554726856   -0.0296449984889061 -1.81618916528271e-16
 2.75941845974173e-16  1.98959270200686e-15  1.45109210265929e-16  -3.2635153770209e-17  1.63415661418887e-16   -0.0296449984889112     0.494775554726856     0.203791684529704  9.84677979247154e-16 -5.31116782773998e-17
 -3.3982008602066e-19 -1.29452997870558e-17 -1.43315573496604e-16 -2.28557190148889e-16  2.30506149885331e-16    -0.494775554726817   -0.0296449984889061  9.84677979247154e-16     0.203791684529687  1.93439592304435e-17
 -0.00015424635615619   0.00076471256978215    -0.220800741150835     0.205076348737313      0.22902414121566  1.56527035933097e-17 -1.81618916528271e-16 -5.31116782773998e-17  1.93439592304435e-17     0.105623070529536
TOTAL ENERGY: -126.836595647678	 lambda: -0.9	 population of target: 5.15652985825027
1RDM: 
     1.99999936629722 -3.45034353952089e-07 -6.81527952170842e-06 -1.66388131080869e-05  4.74935320149121e-05  4.00705400357986e-18 -8.95727810645355e-17  2.46622752286912e-16  1.27858101456759e-18 -8.10656643295985e-05
-3.45034353952089e-07      1.99999547538183   6.1227846264173e-05   1.2206259827494e-05 -7.99561624229373e-05  2.72340268397187e-17 -6.43791761948966e-16  1.77775201460212e-15 -8.88129747649076e-19  0.000681923684020471
-6.81527952170842e-06   6.1227846264173e-05      1.97659077571686    0.0258217538191666    0.0170432874798708 -2.98834828980554e-17 -5.27239280544348e-17  1.38809429669498e-16 -1.27812246010642e-16    -0.202182529884777
-1.66388131080869e-05   1.2206259827494e-05    0.0258217538191666      1.94284867495889  -0.00726261049680034 -5.67484637256638e-17  1.75193262405121e-17 -7.23587044118903e-19 -1.97669031980826e-16     0.185518348526192
 4.74935320149121e-05 -7.99561624229373e-05    0.0170432874798708  -0.00726261049680034      1.93846820952092  6.27069710256118e-17 -1.63585243447792e-17    1.654936985326e-16  2.19726889428241e-16     0.208092709043292
 4.00705400357986e-18  2.72340268397187e-17 -2.98834828980554e-17 -5.67484637256638e-17  6.27069710256118e-17      1.83981776910917  3.32639327266307e-15   -0.0265169278009589    -0.442567998632198  1.79936963905487e-17
-8.95727810645355e-17 -6.43791761948966e-16 -5.27239280544348e-17  1.75193262405121e-17 -1.63585243447792e-17  3.32639327266307e-15      1.83981776910911     0.442567998632319   -0.0265169278009526 -1.88113584475038e-16
 2.46622752286912e-16  1.77775201460212e-15  1.38809429669498e-16 -7.23587044118903e-19    1.654936985326e-16   -0.0265169278009589     0.442567998632319     0.183887267462161 -9.62755009102708e-17 -3.44156821564819e-17
 1.27858101456759e-18 -8.88129747649076e-19 -1.27812246010642e-16 -1.97669031980826e-16  2.19726889428241e-16    -0.442567998632198   -0.0265169278009526 -9.62755009102708e-17     0.183887267462102  1.96958130715598e-17
-8.10656643295985e-05  0.000681923684020471    -0.202182529884777     0.185518348526192     0.208092709043292  1.79936963905487e-17 -1.88113584475038e-16 -3.44156821564819e-17  1.96958130715598e-17    0.0946874249817977
TOTAL ENERGY: -126.953813216656	 lambda: -0.8	 population of target: 5.29444825407441
1RDM: 
     1.99999933329581 -3.27484795457142e-07  -1.7605721006924e-06 -1.88810975318651e-05  3.86093824588748e-05   3.5058570745718e-18 -8.15739089590679e-17  2.17351318193347e-16  2.77538517310085e-18 -2.43076052994961e-05
-3.27484795457142e-07       1.9999956645558  4.73383507856998e-05  1.99951636096624e-05 -6.08630121302268e-05  2.41060394171533e-17 -5.86326128587349e-16  1.56767999338734e-15  1.08053372410537e-17  0.000600309861998418
 -1.7605721006924e-06  4.73383507856998e-05      1.98063263398738    0.0212933154946918    0.0132758034369075 -2.39341598157732e-17 -4.15433764823333e-17  1.22288974792959e-16 -1.14066627214819e-16    -0.182619215125504
-1.88810975318651e-05  1.99951636096624e-05    0.0212933154946918      1.94849139655584  -0.00486757695223692 -4.84265550652147e-17  2.27708059911461e-17 -1.79674642649431e-17 -1.78596926751977e-16     0.165773430971063
 3.86093824588748e-05 -6.08630121302268e-05    0.0132758034369075  -0.00486757695223692       1.9419471035022  4.95358781929113e-17 -3.90677982606388e-18  1.20635466874596e-16  1.95829006477599e-16     0.186857279147397
  3.5058570745718e-18  2.41060394171533e-17 -2.39341598157732e-17 -4.84265550652147e-17  4.95358781929113e-17      1.85415419217722  2.06193736287185e-15   -0.0234173648569955    -0.390836237261962  1.76766085109224e-17
-8.15739089590679e-17 -5.86326128587349e-16 -4.15433764823333e-17  2.27708059911461e-17 -3.90677982606388e-18  2.06193736287185e-15       1.8541541921772     0.390836237262025   -0.0234173648569905 -1.81330171503021e-16
 2.17351318193347e-16  1.56767999338734e-15  1.22288974792959e-16 -1.79674642649431e-17  1.20635466874596e-16   -0.0234173648569955     0.390836237262025     0.168081612161885  3.70824961443044e-16 -3.44203622808355e-17
 2.77538517310085e-18  1.08053372410537e-17 -1.14066627214819e-16 -1.78596926751977e-16  1.95829006477599e-16    -0.390836237261962   -0.0234173648569905  3.70824961443044e-16      0.16808161216185  1.52263456898113e-17
-2.43076052994961e-05  0.000600309861998418    -0.182619215125504     0.165773430971063     0.186857279147397  1.76766085109224e-17 -1.81330171503021e-16 -3.44203622808355e-17  1.52263456898113e-17    0.0844622594248714
TOTAL ENERGY: -127.058321693828	 lambda: -0.7	 population of target: 5.43380796798903
1RDM: 
     1.99999929655926 -2.97811810675604e-07  1.06459406186206e-06  -1.9529384973249e-05  3.07710695772785e-05   3.0776465778487e-18 -7.56293126794944e-17  1.88876347762571e-16  4.28106772472541e-18  2.02163261514958e-05
-2.97811810675604e-07      1.99999585811994  3.50989712184325e-05  2.53866108597256e-05 -4.48543538530988e-05   2.1155844018417e-17 -5.42734942444783e-16  1.36119037118981e-15  2.21845498489791e-17  0.000520166054927224
 1.06459406186206e-06  3.50989712184325e-05      1.98432697949681    0.0171315972933571   0.00989651818514886 -1.75611274673567e-17 -3.56810987179271e-17  1.15398225199228e-16 -9.76137158957655e-17     -0.16225350416651
 -1.9529384973249e-05  2.53866108597256e-05    0.0171315972933571      1.95382034716464  -0.00277736433210958 -3.25709129669424e-17 -1.26255397275037e-18  2.68240608634402e-17 -1.44885959848884e-16     0.145677206122881
 3.07710695772785e-05 -4.48543538530988e-05   0.00989651818514886  -0.00277736433210958      1.94513052589417  4.53772299775206e-17 -2.01801885467401e-17  1.47119749672277e-16   1.8684991799293e-16       0.1647891765171
  3.0776465778487e-18   2.1155844018417e-17 -1.75611274673567e-17 -3.25709129669424e-17  4.53772299775206e-17      1.86509155665104  3.00445040004236e-15   -0.0203674838098333    -0.339933668218996  1.97373810019564e-17
-7.56293126794944e-17 -5.42734942444783e-16 -3.56810987179271e-17 -1.26255397275037e-18 -2.01801885467401e-17  3.00445040004236e-15      1.86509155665102     0.339933668219047   -0.0203674838098197 -1.78241454536012e-16
 1.88876347762571e-16  1.36119037118981e-15  1.15398225199228e-16  2.68240608634402e-17  1.47119749672277e-16   -0.0203674838098333     0.339933668219047     0.155693766640372  1.96640057153683e-15 -1.01190769641361e-17
 4.28106772472541e-18  2.21845498489791e-17 -9.76137158957655e-17 -1.44885959848884e-16   1.8684991799293e-16    -0.339933668218996   -0.0203674838098197  1.96640057153683e-15     0.155693766640347  1.64439783159589e-17
 2.02163261514958e-05  0.000520166054927224     -0.16225350416651     0.145677206122881       0.1647891765171  1.97373810019564e-17 -1.78241454536012e-16 -1.01190769641361e-17  1.64439783159589e-17    0.0751563461824439
TOTAL ENERGY: -127.149764798831	 lambda: -0.6	 population of target: 5.57450671171919
1RDM: 
     1.99999925550889 -2.60530736597591e-07  2.26577129645896e-06  -1.8767495402698e-05  2.41872795886949e-05  2.64742033235178e-18 -7.11788456423455e-17  1.60649531248679e-16  5.68449773902591e-18   5.4261655876843e-05
-2.60530736597591e-07      1.99999605855746  2.46889885587743e-05  2.82164858571649e-05 -3.14621681128729e-05   1.8309172898449e-17 -5.10557373091428e-16  1.15770886124228e-15  3.32063058619638e-17  0.000441905530506603
 2.26577129645896e-06  2.46889885587743e-05      1.98761652822194    0.0133481328241733   0.00692624727184168 -1.30888744637462e-17 -2.74715197901151e-17  1.00305516562424e-16 -8.29105593530651e-17     -0.14114042898462
 -1.8767495402698e-05  2.82164858571649e-05    0.0133481328241733      1.95880894013654  -0.00107508623442453 -2.42232268875664e-17 -4.52273400907995e-18   2.9581220195052e-17 -1.21482259887842e-16     0.125191251899653
 2.41872795886949e-05 -3.14621681128729e-05   0.00692624727184168  -0.00107508623442453      1.94780922506035  3.68278437765974e-17 -2.00704777265725e-17  1.31452989363813e-16  1.65606165404798e-16     0.141896966745993
 2.64742033235178e-18   1.8309172898449e-17 -1.30888744637462e-17 -2.42232268875664e-17  3.68278437765974e-17      1.87319249020152  1.14108146261515e-15   -0.0173639258788014    -0.289804225997908  1.96254120747117e-17
-7.11788456423455e-17 -5.10557373091428e-16 -2.74715197901151e-17 -4.52273400907995e-18 -2.00704777265725e-17  1.14108146261515e-15      1.87319249020151     0.289804225997955   -0.0173639258787989 -1.64180380375903e-16
 1.60649531248679e-16  1.15770886124228e-15  1.00305516562424e-16   2.9581220195052e-17  1.31452989363813e-16   -0.0173639258788014     0.289804225997955     0.146155160460745  3.50432781083339e-17 -2.66052016977598e-18
 5.68449773902591e-18  3.32063058619638e-17 -8.29105593530651e-17 -1.21482259887842e-16  1.65606165404798e-16    -0.289804225997908   -0.0173639258787989  3.50432781083339e-17     0.146155160460726  1.38387088135224e-17
  5.4261655876843e-05  0.000441905530506603     -0.14114042898462     0.125191251899653     0.141896966745993  1.96254120747117e-17 -1.64180380375903e-16 -2.66052016977598e-18  1.38387088135224e-17    0.0670746911903501
TOTAL ENERGY: -127.227861641488	 lambda: -0.5	 population of target: 5.71652054510633
1RDM: 
     1.99999920942855 -2.18824611334515e-07  2.26198598166563e-06 -1.67068687210876e-05   1.9046732954213e-05  2.23337291743095e-18 -6.81306056530913e-17  1.32677033396817e-16   7.0311755396708e-18   7.7377989077026e-05
-2.18824611334515e-07      1.99999626611523  1.61915454207884e-05  2.84381892974806e-05 -2.04155227968977e-05  1.55632675199643e-17  -4.8867897037092e-16  9.56394352448936e-16  4.39619513242967e-17   0.00036592407813935
 2.26198598166563e-06  1.61915454207884e-05      1.99045481023495   0.00996299673401763   0.00440992398963576 -9.80632555690331e-18 -1.93999907627298e-17  8.26104136858832e-17 -6.89467838834687e-17    -0.119281381971679
-1.67068687210876e-05  2.84381892974806e-05   0.00996299673401763      1.96342458573783  0.000165777112284547 -1.87648828447252e-17  -2.0105321094346e-18  1.88443771418086e-17 -1.01898524213136e-16     0.104400751761012
  1.9046732954213e-05 -2.04155227968977e-05   0.00440992398963576  0.000165777112284547      1.94985067746294  2.73034637466419e-17 -1.45478980991639e-17  1.00228822810858e-16  1.38194025400398e-16     0.118535226330963
 2.23337291743095e-18  1.55632675199643e-17 -9.80632555690331e-18 -1.87648828447252e-17  2.73034637466419e-17      1.87874653006785  1.28542299058424e-15   -0.0143926048579624    -0.240212832764371  1.86232616991765e-17
-6.81306056530913e-17  -4.8867897037092e-16 -1.93999907627298e-17  -2.0105321094346e-18 -1.45478980991639e-17  1.28542299058424e-15      1.87874653006785     0.240212832764421   -0.0143926048579551 -1.44380519154043e-16
 1.32677033396817e-16  9.56394352448936e-16  8.26104136858832e-17  1.88443771418086e-17  1.00228822810858e-16   -0.0143926048579624     0.240212832764421     0.139172859595264   7.7735082689735e-16 -1.04187796576766e-18
  7.0311755396708e-18  4.39619513242967e-17 -6.89467838834687e-17 -1.01898524213136e-16  1.38194025400398e-16    -0.240212832764371   -0.0143926048579551   7.7735082689735e-16     0.139172859595255  1.01885375944253e-17
  7.7377989077026e-05   0.00036592407813935    -0.119281381971679     0.104400751761012     0.118535226330963  1.86232616991765e-17 -1.44380519154043e-16 -1.04187796576766e-18  1.01885375944253e-17    0.0604356716943332
TOTAL ENERGY: -127.292313741999	 lambda: -0.4	 population of target: 5.85976896507273
1RDM: 
     1.99999915815709 -1.74849711777178e-07  1.43818472987296e-06 -1.35945656541772e-05  1.51707174046252e-05  1.83994404705246e-18 -6.64943679301363e-17   1.0488981079375e-16  8.34049292282853e-18  8.80623667391707e-05
-1.74849711777178e-07      1.99999647869367  9.58807491618735e-06  2.61854283399967e-05 -1.15860125132394e-05  1.29126138200308e-17 -4.77037350272071e-16  7.56482553574887e-16  5.45034551781106e-17  0.000292280064588677
 1.43818472987296e-06  9.58807491618735e-06      1.99279553008709   0.00700341151970227   0.00239450107312012 -7.43696756954886e-18 -1.23226792648559e-17  6.41851519999588e-17 -5.55491270577426e-17   -0.0966685789676777
-1.35945656541772e-05  2.61854283399967e-05   0.00700341151970227       1.9676418715134  0.000926935642887616 -1.46971299498049e-17  1.71684345881326e-18   4.3235720010499e-18  -8.3912098578156e-17    0.0834540503788194
 1.51707174046252e-05 -1.15860125132394e-05   0.00239450107312012  0.000926935642887616      1.95127195232503  1.80728004593093e-17 -7.30369050648011e-18   6.2850189176935e-17  1.06962079170184e-16    0.0951019272583047
 1.83994404705246e-18  1.29126138200308e-17 -7.43696756954886e-18 -1.46971299498049e-17  1.80728004593093e-17      1.88177367938973  5.52177547925168e-16   -0.0114416910665491    -0.190961960194881   1.6936565552784e-17
-6.64943679301363e-17 -4.77037350272071e-16 -1.23226792648559e-17  1.71684345881326e-18 -7.30369050648011e-18  5.52177547925168e-16      1.88177367938971     0.190961960194914   -0.0114416910665537  -1.2067574157619e-16
  1.0488981079375e-16  7.56482553574887e-16  6.41851519999588e-17   4.3235720010499e-18   6.2850189176935e-17   -0.0114416910665491     0.190961960194914     0.134730728688487 -3.07789651243844e-16 -1.73923780166886e-18
 8.34049292282853e-18  5.45034551781106e-17 -5.55491270577426e-17  -8.3912098578156e-17  1.06962079170184e-16    -0.190961960194881   -0.0114416910665537 -3.07789651243844e-16     0.134730728688475  6.49302494594045e-18
 8.80623667391707e-05  0.000292280064588677   -0.0966685789676777    0.0834540503788194    0.0951019272583047   1.6936565552784e-17  -1.2067574157619e-16 -1.73923780166886e-18  6.49302494594045e-18    0.0552861930673472
TOTAL ENERGY: -127.342809134776	 lambda: -0.3	 population of target: 6.00406320890201
1RDM: 
     1.99999910172314 -1.30049355419531e-07  2.51442201158401e-07 -9.86341416030273e-06  1.19978467489129e-05  1.47402342234406e-18 -6.63689119264454e-17  7.73305232023341e-17  9.62852091423859e-18  8.50925662084315e-05
-1.30049355419531e-07      1.99999669233464  4.78160016264493e-06  2.17744168320939e-05 -4.96757205722968e-06  1.03642282581927e-17 -4.76204953716267e-16  5.57925918323946e-16  6.48329390963987e-17  0.000220409801914859
 2.51442201158401e-07  4.78160016264493e-06      1.99458753728972   0.00449990693534198  0.000918049248784253 -5.63145955534854e-18 -7.10185292972607e-18  4.67538485676481e-17 -4.25126922549432e-17   -0.0733247177312772
-9.86341416030273e-06  2.17744168320939e-05   0.00449990693534198      1.97144283364859   0.00124496090816185 -1.05774444182405e-17  2.57195099371202e-18 -2.45456433991733e-18 -6.44795835520521e-17     0.062488047848354
 1.19978467489129e-05 -4.96757205722968e-06  0.000918049248784253   0.00124496090816185      1.95220272354358  1.09582946510878e-17  -3.5820873076018e-18  3.63741926025286e-17  7.67706815589978e-17    0.0717820836789383
 1.47402342234406e-18  1.03642282581927e-17 -5.63145955534854e-18 -1.05774444182405e-17  1.09582946510878e-17      1.88213589790862  6.18347167084535e-16  -0.00851012613947961    -0.142034204811977  1.45893174858064e-17
-6.63689119264454e-17 -4.76204953716267e-16 -7.10185292972607e-18  2.57195099371202e-18  -3.5820873076018e-18  6.18347167084535e-16      1.88213589790861     0.142034204812043  -0.00851012613946918 -9.44117951999907e-17
 7.73305232023341e-17  5.57925918323946e-16  4.67538485676481e-17 -2.45456433991733e-18  3.63741926025286e-17  -0.00851012613947961     0.142034204812043     0.132980854294967 -1.76108920533555e-16 -7.25499541186069e-19
 9.62852091423859e-18  6.48329390963987e-17 -4.25126922549432e-17 -6.44795835520521e-17  7.67706815589978e-17    -0.142034204811977  -0.00851012613946918 -1.76108920533555e-16     0.132980854294951  3.88846608959628e-18
 8.50925662084315e-05  0.000220409801914859   -0.0733247177312772     0.062488047848354    0.0717820836789383  1.45893174858064e-17 -9.44117951999907e-17 -7.25499541186069e-19  3.88846608959628e-18    0.0515376070532044
TOTAL ENERGY: -127.379059140257	 lambda: -0.2	 population of target: 6.14908037235639
1RDM: 
     1.99999903961936 -8.54191155324821e-08 -7.55009403312895e-07 -6.04636344309683e-06  8.80084986459027e-06  1.13660800875753e-18 -6.78266313214457e-17  5.01160672052501e-17    1.089039104942e-17  6.84193393000434e-05
-8.54191155324821e-08      1.99999690203821  1.64340106929459e-06  1.56444784884667e-05 -6.78684943913185e-07  7.93059473478004e-18 -4.86711715505473e-16  3.61560685359504e-16  7.48946827705104e-17  0.000149037458094708
-7.55009403312895e-07  1.64340106929459e-06      1.99577654631973   0.00248245068238151  1.00458563545138e-05 -4.23406863847264e-18  -3.8153944332278e-18  3.03871727939169e-17   -3.001229635915e-17   -0.0493289964276384
-6.04636344309683e-06  1.56444784884667e-05   0.00248245068238151      1.97480620280553    0.0011774852976743 -6.55826506800165e-18  1.28955768160294e-18 -1.78366817800656e-18 -4.36062844634951e-17    0.0415808935995324
 8.80084986459027e-06 -6.78684943913185e-07  1.00458563545138e-05    0.0011774852976743      1.95278448662335  5.87476911140336e-18  -3.0788055114853e-18   2.2734004662118e-17  4.86116284952973e-17    0.0484389613363035
 1.13660800875753e-18  7.93059473478004e-18 -4.23406863847264e-18 -6.55826506800165e-18  5.87476911140336e-18      1.87970090389525  5.88409692149299e-16   -0.0056104205682912   -0.0936380205733021  1.11775362590216e-17
-6.78266313214457e-17 -4.86711715505473e-16  -3.8153944332278e-18  1.28955768160294e-18  -3.0788055114853e-18  5.88409692149299e-16      1.87970090389523      0.09363802057333  -0.00561042056828418 -6.55812866772064e-17
 5.01160672052501e-17  3.61560685359504e-16  3.03871727939169e-17 -1.78366817800656e-18   2.2734004662118e-17   -0.0056104205682912      0.09363802057333     0.134080375100935 -8.28614232833702e-17  1.40828939164622e-18
   1.089039104942e-17  7.48946827705104e-17   -3.001229635915e-17 -4.36062844634951e-17  4.86116284952973e-17   -0.0936380205733021  -0.00561042056828418 -8.28614232833702e-17     0.134080375100922  2.19322864202839e-18
 6.84193393000434e-05  0.000149037458094708   -0.0493289964276384    0.0415808935995324    0.0484389613363035  1.11775362590216e-17 -6.55812866772064e-17  1.40828939164622e-18  2.19322864202839e-18    0.0490742646014974
TOTAL ENERGY: -127.400849760752	 lambda: -0.1	 population of target: 6.29434970644407
1RDM: 
     1.99999897039747 -4.17694378406189e-08 -1.01164792205673e-06  -2.6395670837484e-06  4.94113054694976e-06  8.24502399328664e-19 -7.08294854332645e-17  2.34215329420082e-17  1.21068302937603e-17  3.93330107637521e-05
-4.17694378406189e-08      1.99999710266845  6.51889288940733e-08  8.25957613300826e-06  1.06096214689782e-06  5.62593100205868e-18 -5.08382204697421e-16  1.68918233089378e-16  8.46028953339059e-17   7.6299697514933e-05
-1.01164792205673e-06  6.51889288940733e-08      1.99631177261056  0.000976754429846375 -0.000303917521185932 -3.21679019384965e-18 -1.99037448214594e-18  1.42878535614265e-17 -1.84025756145574e-17   -0.0248238518237279
 -2.6395670837484e-06  8.25957613300826e-06  0.000976754429846375      1.97769555612493  0.000763162317491589 -3.49395169232034e-18  6.69946445066146e-19 -9.22018289312647e-19 -2.32055338266838e-17    0.0207519080162773
 4.94113054694976e-06  1.06096214689782e-06 -0.000303917521185932  0.000763162317491589      1.95307775578831  1.43451859816335e-18 -1.89468560375408e-18  1.00830248491523e-17  1.96023377045824e-17    0.0246736019952605
 8.24502399328664e-19  5.62593100205868e-18 -3.21679019384965e-18 -3.49395169232034e-18  1.43451859816335e-18      1.87450845591551 -2.75708032618903e-16  -0.00276536085722971   -0.0461539190293613  6.31534487836112e-18
-7.08294854332645e-17 -5.08382204697421e-16 -1.99037448214594e-18  6.69946445066146e-19 -1.89468560375408e-18 -2.75708032618903e-16      1.87450845591551    0.0461539190294103  -0.00276536085722536 -3.39407068808112e-17
 2.34215329420082e-17  1.68918233089378e-16  1.42878535614265e-17 -9.22018289312647e-19  1.00830248491523e-17  -0.00276536085722971    0.0461539190294103     0.138023111969287 -5.79728331749805e-16  1.60481279354738e-18
 1.21068302937603e-17  8.46028953339059e-17 -1.84025756145574e-17 -2.32055338266838e-17  1.96023377045824e-17   -0.0461539190293613  -0.00276536085722536 -5.79728331749805e-16     0.138023111969281  4.53207563140436e-19
 3.93330107637521e-05   7.6299697514933e-05   -0.0248238518237279    0.0207519080162773    0.0246736019952605  6.31534487836112e-18 -3.39407068808112e-17  1.60481279354738e-18  4.53207563140436e-19    0.0478557066407287
TOTAL ENERGY: -127.408101955309	 lambda: 0	 population of target: 6.43928732506346
1RDM: 
     1.99999889181971 -1.44022663339108e-15 -4.37875705458024e-13 -1.92292907076737e-12  1.08502454424063e-12  5.37777175466509e-19 -7.51919684244439e-17 -2.51937096266226e-18  1.32694176679505e-17  7.99357419265156e-12
-1.44022663339108e-15      1.99999728972378 -5.88821561017553e-13  8.97952839560589e-12 -7.79893821762668e-12  3.46189670245026e-18 -5.39885198356747e-16 -1.83089672216964e-17  9.38795359513015e-17 -1.13872219795665e-11
-4.37875705458024e-13 -5.88821561017553e-13       1.9961535615817  4.07219421273873e-11 -5.28785025746892e-11 -2.36993443835941e-18   -1.583083331851e-18 -1.45899701934954e-18 -7.75563636676706e-18 -4.89414905559986e-10
-1.92292907076737e-12  8.97952839560589e-12  4.07219421273873e-11      1.98005711127348  1.88350654874583e-10 -1.32539027613532e-18   7.8147197141642e-19   2.2738565338629e-19 -3.24317419642381e-18  -1.3230110862003e-10
 1.08502454424063e-12 -7.79893821762668e-12 -5.28785025746892e-11  1.88350654874583e-10      1.95303007162692 -2.56894556847371e-18  1.61147661889587e-19 -2.12647565453624e-18 -1.04013541556524e-17 -7.13733497941164e-10
 5.37777175466509e-19  3.46189670245026e-18 -2.36993443835941e-18 -1.32539027613532e-18 -2.56894556847371e-18      1.86688549826445  -1.2052439319048e-17 -3.98565956872369e-11 -3.68296023224331e-11  3.30959040192604e-20
-7.51919684244439e-17 -5.39885198356747e-16   -1.583083331851e-18   7.8147197141642e-19  1.61147661889587e-19  -1.2052439319048e-17      1.86688549826447    3.691713976388e-11 -3.98514559679918e-11 -7.35637956146144e-21
-2.51937096266226e-18 -1.83089672216964e-17 -1.45899701934954e-18   2.2738565338629e-19 -2.12647565453624e-18 -3.98565956872369e-11    3.691713976388e-11     0.144519740016648  9.14034245896183e-16 -2.94285954558795e-19
 1.32694176679505e-17  9.38795359513015e-17 -7.75563636676706e-18 -3.24317419642381e-18 -1.04013541556524e-17 -3.68296023224331e-11 -3.98514559679918e-11  9.14034245896183e-16     0.144519740016662 -1.56741977313386e-18
 7.99357419265156e-12 -1.13872219795665e-11 -4.89414905559986e-10  -1.3230110862003e-10 -7.13733497941164e-10  3.30959040192604e-20 -7.35637956146144e-21 -2.94285954558795e-19 -1.56741977313386e-18    0.0479525974122307
TOTAL ENERGY: -127.400910386693	 lambda: 0.1	 population of target: 6.58331255418784
1RDM: 
     1.99999880132182  3.86705421306983e-08   2.7067745874771e-06  1.68240522221831e-06 -6.25578950099582e-06  2.74391153857253e-19 -8.05615529643921e-17 -2.75394832084819e-17  1.43769100124603e-17 -4.72524711307875e-05
 3.86705421306983e-08      1.99999745973762  1.48503949963589e-06 -8.92699546594354e-06 -4.06982616243772e-06  1.43665700694989e-18 -5.78673171026819e-16 -1.98957953917719e-16  1.02688371992671e-16 -8.21067000544917e-05
  2.7067745874771e-06  1.48503949963589e-06      1.99527771028487 -0.000443831565636351  0.000941040043638542 -1.46683247013298e-18 -2.59417126658498e-18 -1.66348454670256e-17  1.93720319824775e-18    0.0249358714727405
 1.68240522221831e-06 -8.92699546594354e-06 -0.000443831565636351      1.98183092055034   -0.0011489590619036  8.19571227587513e-20  1.46571502982163e-18  2.38001113266501e-18  1.64576190291389e-17   -0.0206488884007965
-6.25578950099582e-06 -4.06982616243772e-06  0.000941040043638542   -0.0011489590619036       1.9525104930825 -6.15486718903968e-18  2.82204299021874e-18 -1.28851824877787e-17 -4.14808463093203e-17    -0.025957082033333
 2.74391153857253e-19  1.43665700694989e-18 -1.46683247013298e-18  8.19571227587513e-20 -6.15486718903968e-18      1.85745965872013 -7.27528791643364e-16   0.00266837974530871    0.0445353078131662 -7.41775896897524e-18
-8.05615529643921e-17 -5.78673171026819e-16 -2.59417126658498e-18  1.46571502982163e-18  2.82204299021874e-18 -7.27528791643364e-16      1.85745965872011   -0.0445353078131204   0.00266837974531447  3.56433616269974e-17
-2.75394832084819e-17 -1.98957953917719e-16 -1.66348454670256e-17  2.38001113266501e-18 -1.28851824877787e-17   0.00266837974530871   -0.0445353078131204     0.152978313028932 -1.62990708116889e-15 -4.05132410096671e-18
 1.43769100124603e-17  1.02688371992671e-16  1.93720319824775e-18  1.64576190291389e-17 -4.14808463093203e-17    0.0445353078131662   0.00266837974531447 -1.62990708116889e-15     0.152978313028913 -3.96783042275539e-18
-4.72524711307875e-05 -8.21067000544917e-05    0.0249358714727405   -0.0206488884007965    -0.025957082033333 -7.41775896897524e-18  3.56433616269974e-17 -4.05132410096671e-18 -3.96783042275539e-18    0.0495086715247946
TOTAL ENERGY: -127.379515872689	 lambda: 0.2	 population of target: 6.72602173778424
1RDM: 
     1.99999869639777  7.26079676601202e-08  7.45682882397195e-06  2.35244674098862e-06 -1.39999182078306e-05  2.88464786634754e-20 -8.64755057667399e-17 -5.16265860689098e-17  1.54351155763256e-17 -0.000100489684193791
 7.26079676601202e-08      1.99999761014273  4.64872560085492e-06 -1.85358407508493e-05 -1.13014784756974e-05 -4.68772690889858e-19 -6.21419835371454e-16 -3.72938213104769e-16  1.11060131689523e-16 -0.000172035003501154
 7.45682882397195e-06  4.64872560085492e-06      1.99367419055939 -0.000367221812062333   0.00252868865238193  -3.5092124258142e-19  -4.9030068497247e-18 -3.11701005189347e-17  1.06769028822013e-17    0.0497986022878449
 2.35244674098862e-06 -1.85358407508493e-05 -0.000367221812062333      1.98296967050766  -0.00273144627778804   7.7410267478752e-19    2.737243534383e-18  5.08009916371384e-18   3.5875418496498e-17   -0.0411154201491299
-1.39999182078306e-05 -1.13014784756974e-05   0.00252868865238193  -0.00273144627778804      1.95137356853772 -9.29976816181475e-18  6.24144622543449e-18  -2.2248107324833e-17 -7.42270759408437e-17   -0.0533247554819151
 2.88464786634754e-20 -4.68772690889858e-19  -3.5092124258142e-19   7.7410267478752e-19 -9.29976816181475e-18      1.84705180038349 -5.98642345783004e-16   0.00523829259706395    0.0874271964875996 -1.56477021550704e-17
-8.64755057667399e-17 -6.21419835371454e-16  -4.9030068497247e-18    2.737243534383e-18  6.24144622543449e-18 -5.98642345783004e-16      1.84705180038348   -0.0874271964875853   0.00523829259706851   7.2554874966486e-17
-5.16265860689098e-17 -3.72938213104769e-16 -3.11701005189347e-17  5.08009916371384e-18  -2.2248107324833e-17   0.00523829259706395   -0.0874271964875853     0.162606564189327 -1.12314982770961e-15 -9.60573129404453e-18
 1.54351155763256e-17  1.11060131689523e-16  1.06769028822013e-17   3.5875418496498e-17 -7.42270759408437e-17    0.0874271964875996   0.00523829259706851 -1.12314982770961e-15      0.16260656418932 -6.74967616589362e-18
-0.000100489684193791 -0.000172035003501154    0.0497986022878449   -0.0411154201491299   -0.0533247554819151 -1.56477021550704e-17   7.2554874966486e-17 -9.60573129404453e-18 -6.74967616589362e-18    0.0526695347091528
TOTAL ENERGY: -127.344198136585	 lambda: 0.3	 population of target: 6.86733650187634
1RDM: 
      1.9999985747314  9.98781511531944e-08  1.45615182748801e-05  2.03944169622933e-06 -2.34428736852951e-05 -2.06064047106361e-19  -9.2473023921808e-17 -7.49420859513037e-17  1.64583948493766e-17 -0.000158340232102261
 9.98781511531944e-08      1.99999773865529  9.70324605012539e-06 -2.90577153065693e-05 -2.18677101143936e-05 -2.28744915023421e-18 -6.64803429253905e-16 -5.41397070611555e-16  1.19093635692661e-16 -0.000271273550713627
 1.45615182748801e-05  9.70324605012539e-06      1.99134140178182  0.000201226638027684   0.00475916839896866  1.07449274124305e-18 -8.51705471689505e-18 -4.51789097662778e-17  1.84938116728326e-17    0.0744520990113442
 2.03944169622933e-06 -2.90577153065693e-05  0.000201226638027684      1.98345440052556  -0.00478065529507493  7.50252080523244e-19  5.20799191666851e-18  9.07803622753006e-18  5.49845061116014e-17   -0.0612732840628025
-2.34428736852951e-05 -2.18677101143936e-05   0.00475916839896866  -0.00478065529507493      1.94950697364567 -1.17429094707384e-17  9.90720351573141e-18 -3.11934132942332e-17 -1.09086168467925e-16   -0.0819382529401951
-2.06064047106361e-19 -2.28744915023421e-18  1.07449274124305e-18  7.50252080523244e-19 -1.17429094707384e-17      1.83648047052492  1.67804437006749e-15   0.00772687121443539     0.128961624441422 -2.42183417968844e-17
 -9.2473023921808e-17 -6.64803429253905e-16 -8.51705471689505e-18  5.20799191666851e-18  9.90720351573141e-18  1.67804437006749e-15      1.83648047052492    -0.128961624441421    0.0077268712144301  1.10436086261806e-16
-7.49420859513037e-17 -5.41397070611555e-16 -4.51789097662778e-17  9.07803622753006e-18 -3.11934132942332e-17   0.00772687121443539    -0.128961624441421      0.17260488834442  1.33805777714536e-15 -1.65850696659193e-17
 1.64583948493766e-17  1.19093635692661e-16  1.84938116728326e-17  5.49845061116014e-17 -1.09086168467925e-16     0.128961624441422    0.0077268712144301  1.33805777714536e-15     0.172604888344415 -9.72791697872408e-18
-0.000158340232102261 -0.000271273550713627    0.0744520990113442   -0.0612732840628025   -0.0819382529401951 -2.42183417968844e-17  1.10436086261806e-16 -1.65850696659193e-17 -9.72791697872408e-18    0.0575301929216037
TOTAL ENERGY: -127.295134281663	 lambda: 0.4	 population of target: 7.00753972405231
1RDM: 
     1.99999843417722  1.18594306203922e-07   2.4327069056343e-05  8.22353198121544e-07 -3.48188782713308e-05 -4.37648129334024e-19 -9.82145992925461e-17 -9.77950005156183e-17  1.74664831562296e-17    -0.000219848913398
 1.18594306203922e-07      1.99999784255662  1.69186620851445e-05 -4.08828955924599e-05  -3.6058408582708e-05   -4.057499372161e-18 -7.06380756683561e-16 -7.06544768813154e-16  1.26935901785278e-16 -0.000380474570230545
  2.4327069056343e-05  1.69186620851445e-05      1.98827960435305    0.0012213421780576   0.00761469767524635  2.83041691219589e-18   -1.337024717319e-17 -5.85122209818556e-17  2.54006532322958e-17    0.0988175192407553
 8.22353198121544e-07 -4.08828955924599e-05    0.0012213421780576      1.98329951968339  -0.00730170580998278 -1.40826967485604e-20  8.82370478644151e-18   1.3693668061044e-17  7.37397781157118e-17   -0.0809772085062173
-3.48188782713308e-05  -3.6058408582708e-05   0.00761469767524635  -0.00730170580998278      1.94684455280258 -1.30727423419541e-17  1.37999660047702e-17  -3.8880933267103e-17  -1.4623741934176e-16    -0.111371834003876
-4.37648129334024e-19   -4.057499372161e-18  2.83041691219589e-18 -1.40826967485604e-20 -1.30727423419541e-17      1.82635069287752 -1.35462439521545e-15    0.0101666776583434     0.169682036603211 -3.27481729786813e-17
-9.82145992925461e-17 -7.06380756683561e-16   -1.337024717319e-17  8.82370478644151e-18  1.37999660047702e-17 -1.35462439521545e-15      1.82635069287753    -0.169682036603146    0.0101666776583464  1.49213000171605e-16
-9.77950005156183e-17 -7.06544768813154e-16 -5.85122209818556e-17   1.3693668061044e-17  -3.8880933267103e-17    0.0101666776583434    -0.169682036603146     0.182377832324632 -7.96601879651495e-16  -2.4835144585754e-17
 1.74664831562296e-17  1.26935901785278e-16  2.54006532322958e-17  7.37397781157118e-17  -1.4623741934176e-16     0.169682036603211    0.0101666776583464 -7.96601879651495e-16      0.18237783232464 -1.25846900857409e-17
   -0.000219848913398 -0.000380474570230545    0.0988175192407553   -0.0809772085062173    -0.111371834003876 -3.27481729786813e-17  1.49213000171605e-16  -2.4835144585754e-17 -1.25846900857409e-17    0.0641229960228707
TOTAL ENERGY: -127.232302696678	 lambda: 0.5	 population of target: 7.14717037163676
1RDM: 
     1.99999827277314  1.27410668182947e-07  3.70542651376863e-05 -1.18464904671323e-06 -4.82704465419547e-05 -6.70725348786781e-19 -1.03557666849115e-16 -1.20575217750203e-16  1.84819913904564e-17 -0.000284246629781647
 1.27410668182947e-07      1.99999791840565  2.65776374286015e-05 -5.44652167549086e-05 -5.42854285592816e-05 -5.76974594782579e-18 -7.44790616568924e-16 -8.70457888372381e-16  1.34640255470075e-16 -0.000499233743264099
 3.70542651376863e-05  2.65776374286015e-05      1.98448716679865   0.00264844144077178    0.0110635460883173  4.23212642510496e-18 -2.56072878387134e-17    -8.18991448064e-17  3.32039492476696e-17     0.122863289825592
-1.18464904671323e-06 -5.44652167549086e-05   0.00264844144077178       1.9825471364091   -0.0102714537724756  1.59378938401981e-18  4.43565506112959e-17  6.26745008762342e-17  8.47512585981986e-17    -0.100090965076716
-4.82704465419547e-05 -5.42854285592816e-05    0.0110635460883173   -0.0102714537724756      1.94336218498273 -1.69850681400302e-17 -2.25880917783778e-17 -1.15007187740518e-16 -1.73941744591104e-16    -0.141008067845774
-6.70725348786781e-19 -5.76974594782579e-18  4.23212642510496e-18  1.59378938401981e-18 -1.69850681400302e-17      1.81690093362413  3.26447261987775e-15    0.0125981003415683     0.210262481958426 -4.03848169899779e-17
-1.03557666849115e-16 -7.44790616568924e-16 -2.56072878387134e-17  4.43565506112959e-17 -2.25880917783778e-17  3.26447261987775e-15      1.81690093362411    -0.210262481958451    0.0125981003415504  1.94538056335672e-16
-1.20575217750203e-16 -8.70457888372381e-16    -8.18991448064e-17  6.26745008762342e-17 -1.15007187740518e-16    0.0125981003415683    -0.210262481958451      0.19168908706862  2.01116833667748e-15 -1.81881875793047e-17
 1.84819913904564e-17  1.34640255470075e-16  3.32039492476696e-17  8.47512585981986e-17 -1.73941744591104e-16     0.210262481958426    0.0125981003415504  2.01116833667748e-15       0.1916890870686 -1.75816415179906e-17
-0.000284246629781647 -0.000499233743264099     0.122863289825592    -0.100090965076716    -0.141008067845774 -4.03848169899779e-17  1.94538056335672e-16 -1.81881875793047e-17 -1.75816415179906e-17    0.0724272792452872
TOTAL ENERGY: -127.155490377324	 lambda: 0.6	 population of target: 7.28682471437548
1RDM: 
     1.99999808886256   1.2594771881912e-07   5.3011680628789e-05 -3.84261204459547e-06  -6.3711010030532e-05 -9.09872715901458e-19 -1.08633274567812e-16 -1.43636128685368e-16   1.9528989159441e-17   -0.0003508443620161
  1.2594771881912e-07      1.99999796247519  3.89265393831513e-05  -7.0217532463512e-05 -7.69314198438553e-05 -7.41645780016986e-18 -7.81861982029276e-16 -1.03755698528587e-15  1.42424825602064e-16 -0.000626156328189657
  5.3011680628789e-05  3.89265393831513e-05       1.9799612051823   0.00443994513525451      0.01505933629903  4.41752259785877e-18 -2.89134636698128e-17 -8.55323497009349e-17   4.1211718170668e-17      0.14658598117419
-3.84261204459547e-06  -7.0217532463512e-05   0.00443994513525451      1.98125663860376   -0.0136451713633971  7.96229892616048e-18  2.85236999091127e-17  3.41763754469366e-17  9.27244761300913e-17    -0.118500219961303
 -6.3711010030532e-05 -7.69314198438553e-05      0.01505933629903   -0.0136451713633971      1.93908513216658 -2.77547353259455e-17  9.84592193828393e-18 -6.51438184971152e-17 -1.97272473177364e-16    -0.170128090946862
-9.09872715901458e-19 -7.41645780016986e-18  4.41752259785877e-18  7.96229892616048e-18 -2.77547353259455e-17       1.8079513100926  -5.6461008925206e-15    0.0150600592920098     0.251352654801263 -4.58249643867739e-17
-1.08633274567812e-16 -7.81861982029276e-16 -2.89134636698128e-17  2.85236999091127e-17  9.84592193828393e-18  -5.6461008925206e-15      1.80795131009259    -0.251352654801267    0.0150600592920594  2.31897770678842e-16
-1.43636128685368e-16 -1.03755698528587e-15 -8.55323497009349e-17  3.41763754469366e-17 -6.51438184971152e-17    0.0150600592920098    -0.251352654801267      0.20071525052597 -6.60836008639926e-15  -4.0631487847255e-17
  1.9528989159441e-17  1.42424825602064e-16   4.1211718170668e-17  9.27244761300913e-17 -1.97272473177364e-16     0.251352654801263    0.0150600592920594 -6.60836008639926e-15     0.200715250525964 -2.39885528824504e-17
  -0.0003508443620161 -0.000626156328189657      0.14658598117419    -0.118500219961303    -0.170128090946862 -4.58249643867739e-17  2.31897770678842e-16  -4.0631487847255e-17 -2.39885528824504e-17    0.0823678514725013
TOTAL ENERGY: -127.064399617379	 lambda: 0.7	 population of target: 7.42695631794909
1RDM: 
     1.99999788127643  1.14857461308339e-07  7.24018406502013e-05 -7.01153553883491e-06 -8.07654593888148e-05 -1.15775036190364e-18 -1.13725858194947e-16 -1.67283430232518e-16   2.0604659958513e-17 -0.000419100593755199
 1.14857461308339e-07      1.99999797161509  5.41577144525024e-05   -8.843754420028e-05 -0.000104114325808243 -9.22151490182306e-18 -8.18692598369985e-16 -1.20798164907047e-15  1.50600827053472e-16 -0.000759376890789727
 7.24018406502013e-05  5.41577144525024e-05      1.97470187110075   0.00655910836889795    0.0195415717329118  7.10426529214449e-18 -4.08991378313821e-17 -1.00094694532505e-16  4.50067796719074e-17     0.169991542918653
-7.01153553883491e-06   -8.843754420028e-05   0.00655910836889795      1.97949610638821   -0.0173638170590032  1.91426735456986e-18  4.59253788092589e-17  5.06384581479587e-17  1.12819253805236e-16    -0.136109592431696
