Naturals in-correctTOTAL ENERGY: -126.6897722814	 lambda: -1	 population of target: 5.23975011572414
1RDM: 
     1.99999931644302 -7.13089917727885e-07 -7.08456213698451e-05  9.16341524647845e-05  7.55450445450987e-06  1.68662449160275e-13  8.03079414553814e-14  2.36170356147472e-13  4.97557734730024e-13  0.000773098474601756
-7.13089917727885e-07      1.99999587764278 -0.000138970966323533  0.000232087803037316 -0.000284078660956762  4.31733016980764e-14  2.09578115875061e-14  6.42089829407675e-14  1.33821173492462e-13   0.00178362789379422
-7.08456213698451e-05 -0.000138970966323533      1.98709424526016    0.0184143858620075  -0.00672446953343477  1.04167849728434e-11  4.95892246552284e-12  1.51355005887719e-11  3.18911732798118e-11     0.139100881301774
 9.16341524647845e-05  0.000232087803037316    0.0184143858620075      1.93600915770421    0.0107694969671829  6.64848322953597e-12  3.16552800135341e-12  5.95530800218331e-12  1.25475220488295e-11    -0.152545799889592
 7.55450445450987e-06 -0.000284078660956762  -0.00672446953343477    0.0107694969671829      1.89339995287801 -1.89038532928623e-11  -8.9992447482465e-12 -2.57763327174586e-11 -5.43135169837773e-11     0.209814871656403
 1.68662449160275e-13  4.31733016980764e-14  1.04167849728434e-11  6.64848322953597e-12 -1.89038532928623e-11       1.7418457988866  6.24176159504588e-17  0.000567599194200432    -0.471360542559145  3.06111622171707e-12
 8.03079414553814e-14  2.09578115875061e-14  4.95892246552284e-12  3.16552800135341e-12  -8.9992447482465e-12  6.24176159504588e-17      1.74184579888667    -0.471360542558897 -0.000567599194200149  1.45869038107421e-12
 2.36170356147472e-13  6.42089829407675e-14  1.51355005887719e-11  5.95530800218331e-12 -2.57763327174586e-11  0.000567599194200432    -0.471360542558897     0.282974204745318 -1.36771089730457e-16 -4.58488294974357e-12
 4.97557734730024e-13  1.33821173492462e-13  3.18911732798118e-11  1.25475220488295e-11 -5.43135169837773e-11    -0.471360542559145 -0.000567599194200149 -1.36771089730457e-16     0.282974204745393 -9.66030486068875e-12
 0.000773098474601756   0.00178362789379422     0.139100881301774    -0.152545799889592     0.209814871656403  3.06111622171707e-12  1.45869038107421e-12 -4.58488294974357e-12 -9.66030486068875e-12     0.133861442807961
TOTAL ENERGY: -126.806503075947	 lambda: -0.9	 population of target: 5.3626617945596
1RDM: 
     1.99999938558841 -6.24049875351569e-07 -5.84542630208141e-05  8.00697531590233e-05  4.11379104247618e-06  1.41169384978197e-13  6.72204831770691e-14  2.16672826911059e-13  4.56468040199032e-13  0.000710409629456026
-6.24049875351569e-07      1.99999621597882 -0.000118336844549681  0.000203098900113771 -0.000239292466648055  6.54319759210802e-14  3.15469666900084e-14  8.43030631883192e-14  1.76338815924021e-13   0.00164380200545607
-5.84542630208141e-05 -0.000118336844549681      1.98904722848034    0.0158234858736315  -0.00500812594388569  1.07850343390254e-11  5.13391050745286e-12  1.56862334064057e-11  3.30520282592376e-11     0.126991483812509
 8.00697531590233e-05  0.000203098900113771    0.0158234858736315      1.94153910461274   0.00761379522525838  1.24385104178088e-11  5.92231628306665e-12  9.75930924523862e-12  2.05641545377475e-11    -0.138833384576481
 4.11379104247618e-06 -0.000239292466648055  -0.00500812594388569   0.00761379522525838      1.89965528519451 -2.30825483897217e-11 -1.09877606295437e-11 -3.02426290238528e-11 -6.37252294518103e-11     0.186988875442457
 1.41169384978197e-13  6.54319759210802e-14  1.07850343390254e-11  1.24385104178088e-11 -2.30825483897217e-11      1.74887226384592  2.21675743112273e-16  0.000507528086880148    -0.421474650806022  2.40448872389392e-13
 6.72204831770691e-14  3.15469666900084e-14  5.13391050745286e-12  5.92231628306665e-12 -1.09877606295437e-11  2.21675743112273e-16      1.74887226384589    -0.421474650805988 -0.000507528086878798   1.1628778450574e-13
 2.16672826911059e-13  8.43030631883192e-14  1.56862334064057e-11  9.75930924523862e-12 -3.02426290238528e-11  0.000507528086880148    -0.421474650805988       0.2742952327086 -1.99380703571204e-16 -6.43135529190578e-12
 4.56468040199032e-13  1.76338815924021e-13  3.30520282592376e-11  2.05641545377475e-11 -6.37252294518103e-11    -0.421474650806022 -0.000507528086878798 -1.99380703571204e-16     0.274295232708579 -1.35522009394232e-11
 0.000710409629456026   0.00164380200545607     0.126991483812509    -0.138833384576481     0.186988875442457  2.40448872389392e-13   1.1628778450574e-13 -6.43135529190578e-12 -1.35522009394232e-11     0.123427787036296
TOTAL ENERGY: -126.914338000051	 lambda: -0.8	 population of target: 5.4895591349752
1RDM: 
     1.99999943591394  -5.6149772483899e-07 -4.84422277774549e-05  7.03319215786805e-05  1.39823840600801e-06  1.43112813302319e-13  6.81444604237805e-14  2.17658260948869e-13  4.58552037707942e-13  0.000669536692447957
 -5.6149772483899e-07      1.99999656471024 -9.98501362814938e-05  0.000174130555431344 -0.000192280004001026  4.14084822656744e-14  2.01034754955472e-14  6.16160224005408e-14  1.28703347226916e-13   0.00148993364497309
-4.84422277774549e-05 -9.98501362814938e-05      1.99070519299608    0.0133777825890854  -0.00313232442034947  9.32676489759694e-12  4.43986567279343e-12  1.42452380435869e-11  3.00154573881086e-11     0.115659290560593
 7.03319215786805e-05  0.000174130555431344    0.0133777825890854      1.94706355261727   0.00476727466674408   7.6991348852463e-12  3.66537267452027e-12  6.99893502985078e-12  1.47475557167655e-11    -0.123468828620554
 1.39823840600801e-06 -0.000192280004001026  -0.00313232442034947   0.00476727466674408      1.90267559061637 -1.88615025760558e-11 -8.97840021403449e-12 -2.65798216129657e-11 -5.60072014957751e-11     0.157230239539568
 1.43112813302319e-13  4.14084822656744e-14  9.32676489759694e-12   7.6991348852463e-12 -1.88615025760558e-11      1.75304086248945  1.17430539042423e-16  0.000450613043271612    -0.374209651839488  1.53199879355643e-12
 6.81444604237805e-14  2.01034754955472e-14  4.43986567279343e-12  3.66537267452027e-12 -8.97840021403449e-12  1.17430539042423e-16       1.7530408624894    -0.374209651839668 -0.000450613043270517  7.30883570690117e-13
 2.17658260948869e-13  6.16160224005408e-14  1.42452380435869e-11  6.99893502985078e-12 -2.65798216129657e-11  0.000450613043271612    -0.374209651839668     0.268503211644018 -5.80410511035308e-17  -4.8768013445349e-12
 4.58552037707942e-13  1.28703347226916e-13  3.00154573881086e-11  1.47475557167655e-11 -5.60072014957751e-11    -0.374209651839488 -0.000450613043270517 -5.80410511035308e-17     0.268503211643963 -1.02765922338416e-11
 0.000669536692447957   0.00148993364497309     0.115659290560593    -0.123468828620554     0.157230239539568  1.53199879355643e-12  7.30883570690117e-13  -4.8768013445349e-12 -1.02765922338416e-11     0.116471514879348
TOTAL ENERGY: -127.010908295411	 lambda: -0.7	 population of target: 5.61832216374369
1RDM: 
     1.99999946732495 -5.03911385903899e-07  -4.0296248114074e-05  6.08069645969388e-05  4.24840283871472e-06  1.59318333006357e-13  7.58511797325866e-14  2.29966996090431e-13  4.84520070667327e-13   0.00064155722358672
-5.03911385903899e-07      1.99999692435673 -8.24685153469144e-05   0.00014625423366386 -0.000151522776066046 -2.52561370870162e-15 -8.09378702320368e-16  2.39678643776259e-14  4.95111396730646e-14   0.00131958144756491
 -4.0296248114074e-05 -8.24685153469144e-05      1.99211941175374    0.0110431767767757  -0.00114967215244498  6.76023672459334e-12  3.21882133878221e-12   1.1702742805393e-11  2.46557535972689e-11      0.10453220366371
 6.08069645969388e-05   0.00014625423366386    0.0110431767767757      1.95233603159308   0.00303833124745572 -1.65167061486247e-12 -7.85248420256239e-13  6.48849057954298e-13  1.36128409754752e-12    -0.106891259270845
 4.24840283871472e-06 -0.000151522776066046  -0.00114967215244498   0.00303833124745572      1.90035928519028 -6.62071188171798e-12 -3.15419291660874e-12 -1.49478372269236e-11  -3.1486929740448e-11     0.125751843973684
 1.59318333006357e-13 -2.52561370870162e-15  6.76023672459334e-12 -1.65167061486247e-12 -6.62071188171798e-12      1.75422868813478  1.16967204531677e-16  0.000395434464595756     -0.32838687925749  5.25780752095593e-12
 7.58511797325866e-14 -8.09378702320368e-16  3.21882133878221e-12 -7.85248420256239e-13 -3.15419291660874e-12  1.16967204531677e-16      1.75422868813473    -0.328386879257537 -0.000395434464594758  2.50285172126128e-12
 2.29966996090431e-13  2.39678643776259e-14   1.1702742805393e-11  6.48849057954298e-13 -1.49478372269236e-11  0.000395434464595756    -0.328386879257537     0.265680241424047 -6.19934888427934e-17 -7.36233413247565e-13
 4.84520070667327e-13  4.95111396730646e-14  2.46557535972689e-11  1.36128409754752e-12  -3.1486929740448e-11     -0.32838687925749 -0.000395434464594758 -6.19934888427934e-17     0.265680241423999 -1.54712992790221e-12
  0.00064155722358672   0.00131958144756491      0.10453220366371    -0.106891259270845     0.125751843973684  5.25780752095593e-12  2.50285172126128e-12 -7.36233413247565e-13 -1.54712992790221e-12     0.115371020663686
TOTAL ENERGY: -127.093771264854	 lambda: -0.6	 population of target: 5.74576950310993
1RDM: 
     1.99999948880967 -4.32845273713392e-07 -3.30091141896536e-05  5.03767465996593e-05  1.36476854732824e-05  1.21288551153693e-13  5.77597982891884e-14  1.98752500231852e-13  4.18700816911912e-13   0.00060976104069346
-4.32845273713392e-07      1.99999728368591 -6.55941947649547e-05  0.000120427099623814 -0.000122078231424409   4.1338436824565e-14  2.00690950370742e-14  5.56454435834057e-14  1.16466431759799e-13   0.00113670578533433
-3.30091141896536e-05 -6.55941947649547e-05      1.99335817351911   0.00882720064183388  0.000766046662362978  8.59401741817922e-12  4.09053058696498e-12  1.34059316653777e-11  2.82487421713953e-11    0.0928618591023173
 5.03767465996593e-05  0.000120427099623814   0.00882720064183388      1.95717494433596   0.00264277606189551  8.66040796833082e-12   4.1209571345943e-12  8.26101498778072e-12  1.74129529266685e-11   -0.0901325821178061
 1.36476854732824e-05 -0.000122078231424409  0.000766046662362978   0.00264277606189551      1.89359011526282  -2.0616584157528e-11 -9.81018855106671e-12 -2.95585892955406e-11 -6.22971974178897e-11    0.0981822192569154
 1.21288551153693e-13   4.1338436824565e-14  8.59401741817922e-12  8.66040796833082e-12  -2.0616584157528e-11      1.75236548345124  1.53705465047353e-17  0.000340407762702264    -0.282689794740365  3.45397097691709e-13
 5.77597982891884e-14  2.00690950370742e-14  4.09053058696498e-12   4.1209571345943e-12 -9.81018855106671e-12  1.53705465047353e-17      1.75236548345119     -0.28268979474046 -0.000340407762701013  1.67102026037092e-13
 1.98752500231852e-13  5.56454435834057e-14  1.34059316653777e-11  8.26101498778072e-12 -2.95585892955406e-11  0.000340407762702264     -0.28268979474046     0.265859165920953  2.95591097064334e-17  -5.4845292935242e-12
 4.18700816911912e-13  1.16466431759799e-13  2.82487421713953e-11  1.74129529266685e-11 -6.22971974178897e-11    -0.282689794740365 -0.000340407762701013  2.95591097064334e-17     0.265859165920906 -1.15628048472453e-11
  0.00060976104069346   0.00113670578533433    0.0928618591023173   -0.0901325821178061    0.0981822192569154  3.45397097691709e-13  1.67102026037092e-13  -5.4845292935242e-12 -1.15628048472453e-11     0.119430695642324
TOTAL ENERGY: -127.16217337491	 lambda: -0.5	 population of target: 5.87008842070021
1RDM: 
     1.99999951206309 -3.42075678430614e-07 -2.57405125207303e-05   3.8954713102688e-05  2.62246525587619e-05  8.72780556825734e-14  4.15992490658464e-14  1.67602377320271e-13  3.52956025775133e-13  0.000557757534060966
-3.42075678430614e-07      1.99999762801827 -4.92465973751316e-05   9.6785372394397e-05 -0.000103391186385063  8.09062693834303e-14  3.88826033384537e-14  7.34262848277819e-14  1.54198399419164e-13   0.00094850261524882
-2.57405125207303e-05 -4.92465973751316e-05       1.9944692823853   0.00676129830427839   0.00237755340540745  1.05170397472773e-11  5.00334134174428e-12  1.49161655309699e-11  3.14411936362563e-11    0.0799836087902709
  3.8954713102688e-05   9.6785372394397e-05   0.00676129830427839       1.9615903570613   0.00311910150647567  1.72712696781033e-11  8.21091022846489e-12  1.53901349967799e-11  3.24664293087473e-11    -0.074199965206659
 2.62246525587619e-05 -0.000103391186385063   0.00237755340540745   0.00311910150647567      1.88557922130427 -3.97085159916053e-11 -1.88772199960434e-11 -4.99384327269446e-11 -1.05327372711367e-10    0.0779493504220534
 8.72780556825734e-14  8.09062693834303e-14  1.05170397472773e-11  1.72712696781033e-11 -3.97085159916053e-11      1.74745118752304 -6.72800847778195e-17  0.000284020927777716    -0.235860931721613 -5.53683059021999e-12
 4.15992490658464e-14  3.88826033384537e-14  5.00334134174428e-12  8.21091022846489e-12 -1.88772199960434e-11 -6.72800847778195e-17      1.74745118752302    -0.235860931721822 -0.000284020927776819 -2.62592905169036e-12
 1.67602377320271e-13  7.34262848277819e-14  1.49161655309699e-11  1.53901349967799e-11 -4.99384327269446e-11  0.000284020927777716    -0.235860931721822     0.269007000737638  8.03523727859089e-17 -1.16070708648446e-11
 3.52956025775133e-13  1.54198399419164e-13  3.14411936362563e-11  3.24664293087473e-11 -1.05327372711367e-10    -0.235860931721613 -0.000284020927776819  8.03523727859089e-17     0.269007000737623 -2.44949797256233e-11
 0.000557757534060966   0.00094850261524882    0.0799836087902709    -0.074199965206659    0.0779493504220534 -5.53683059021999e-12 -2.62592905169036e-12 -1.16070708648446e-11 -2.44949797256233e-11     0.125447622646464
TOTAL ENERGY: -127.217095670945	 lambda: -0.4	 population of target: 5.99211785768547
1RDM: 
     1.99999954372388  -2.3914060223705e-07 -1.83046473493969e-05  2.73674808096034e-05  3.63889537212928e-05  1.45586732264719e-13  6.92852580859861e-14  2.14797580458734e-13  4.52665758092645e-13  0.000476390707905871
 -2.3914060223705e-07      1.99999794661275 -3.39725798411539e-05  7.46456139571818e-05  -9.0273083246304e-05 -2.62338126822005e-14 -1.20303659220357e-14  1.39149557990892e-14  2.87456707044263e-14  0.000760817945061527
-1.83046473493969e-05 -3.39725798411539e-05      1.99545623814694   0.00488187126858278   0.00345067998511685  4.02044218079526e-12  1.91676406092444e-12  8.76452475718473e-12  1.84548707050637e-11     0.065526072085461
 2.73674808096034e-05  7.46456139571818e-05   0.00488187126858278      1.96577420441733    0.0036462979252978 -5.05873832668093e-12 -2.39810781141556e-12 -2.57203206591571e-12 -5.45499043528377e-12   -0.0595132881043276
 3.63889537212928e-05  -9.0273083246304e-05   0.00345067998511685    0.0036462979252978      1.87986658355099  1.17276124037745e-11  5.55629358779831e-12  4.44073892439891e-12  9.46955073741501e-12    0.0649448888535589
 1.45586732264719e-13 -2.62338126822005e-14  4.02044218079526e-12 -5.05873832668093e-12  1.17276124037745e-11      1.73900270019899  -9.4273481976715e-17  0.000225366750925619    -0.187151613481874  6.46329265224614e-12
 6.92852580859861e-14 -1.20303659220357e-14  1.91676406092444e-12 -2.39810781141556e-12  5.55629358779831e-12  -9.4273481976715e-17      1.73900270019892    -0.187151613481892 -0.000225366750923896  3.06896013312085e-12
 2.14797580458734e-13  1.39149557990892e-14  8.76452475718473e-12 -2.57203206591571e-12  4.44073892439891e-12  0.000225366750925619    -0.187151613481892     0.275587963824565  1.58896928271374e-16  4.23965845615789e-12
 4.52665758092645e-13  2.87456707044263e-14  1.84548707050637e-11 -5.45499043528377e-12  9.46955073741501e-12    -0.187151613481874 -0.000225366750923896  1.58896928271374e-16     0.275587963824496  8.97153644346474e-12
 0.000476390707905871  0.000760817945061527     0.065526072085461   -0.0595132881043276    0.0649448888535589  6.46329265224614e-12  3.06896013312085e-12  4.23965845615789e-12  8.97153644346474e-12     0.129724155501171
TOTAL ENERGY: -127.259979888127	 lambda: -0.3	 population of target: 6.11469633756117
1RDM: 
      1.9999995807562  -1.3988271445785e-07 -1.12597688642273e-05  1.68097788188588e-05  3.93110234736091e-05  1.40659734234745e-13   6.7220179686349e-14  2.06149506799927e-13  4.33293705870993e-13  0.000366867548568376
 -1.3988271445785e-07      1.99999823371599 -2.06082366233812e-05  5.32239235688404e-05 -7.59961216787439e-05 -2.95233308751646e-14 -1.40378577105082e-14  1.55541457889393e-14  3.29907527096908e-14  0.000575145255200288
-1.12597688642273e-05 -2.06082366233812e-05      1.99627737523245   0.00322326400808934   0.00380208564785783  3.49045765889397e-12  1.63576302276022e-12  7.84104558648251e-12  1.66167483400125e-11    0.0495509520206844
 1.68097788188588e-05  5.32239235688404e-05   0.00322326400808934      1.96996631797648   0.00351712988115625 -4.97285079209506e-12 -2.44716829180684e-12 -2.94509001877052e-12 -5.89695767960162e-12   -0.0456940777767083
 3.93110234736091e-05 -7.59961216787439e-05   0.00380208564785783   0.00351712988115625      1.87830106250251  1.61769078690688e-11  7.94669096888901e-12  1.12350927896096e-11  2.24517321838303e-11    0.0557097559236114
 1.40659734234745e-13 -2.95233308751646e-14  3.49045765889397e-12 -4.97285079209506e-12  1.61769078690688e-11        1.725662978482 -1.07097729230175e-16  0.000164880039653768    -0.136925674577289  5.90439423633236e-12
  6.7220179686349e-14 -1.40378577105082e-14  1.63576302276022e-12 -2.44716829180684e-12  7.94669096888901e-12 -1.07097729230175e-16      1.72566297848192    -0.136925674577276 -0.000164880039652677   2.8697799350357e-12
 2.06149506799927e-13  1.55541457889393e-14  7.84104558648251e-12 -2.94509001877052e-12  1.12350927896096e-11  0.000164880039653768    -0.136925674577276     0.286974222770319  1.84742724028128e-16  5.45597857903274e-12
 4.33293705870993e-13  3.29907527096908e-14  1.66167483400125e-11 -5.89695767960162e-12  2.24517321838303e-11    -0.136925674577289 -0.000164880039652677  1.84742724028128e-16     0.286974222770245  1.11584693305909e-11
 0.000366867548568376  0.000575145255200288    0.0495509520206844   -0.0456940777767083    0.0557097559236114  5.90439423633236e-12   2.8697799350357e-12  5.45597857903274e-12  1.11584693305909e-11     0.130183027311958
TOTAL ENERGY: -127.291437460669	 lambda: -0.2	 population of target: 6.24066929706332
1RDM: 
     1.99999961274231  -6.0808620313517e-08 -5.53326811063857e-06  8.35242587989849e-06  3.28729366984046e-05  1.10015579821975e-13  5.23595546577311e-14  1.68458383986774e-13  3.55015562645719e-13  0.000240130196784437
 -6.0808620313517e-08      1.99999848416725 -1.00425554281374e-05  3.25694236119118e-05 -5.56906366800759e-05  1.43347671448449e-14  7.34643643691925e-15  2.46813367324647e-14  5.18432467490495e-14  0.000388666754381624
-5.53326811063857e-06 -1.00425554281374e-05      1.99687073308698   0.00182446955271936   0.00332013605297591  6.16673736719682e-12  2.93822894847726e-12  9.49368302137651e-12  1.99924321605298e-11    0.0326225274432137
 8.35242587989849e-06  3.25694236119118e-05   0.00182446955271936      1.97428538224263    0.0025125029804138   4.0107783574824e-12  1.91665595722271e-12  4.76142946981502e-12   1.0003250907944e-11   -0.0317613636339556
 3.28729366984046e-05 -5.56906366800759e-05   0.00332013605297591    0.0025125029804138      1.87993130672383 -1.13500603850181e-11  -5.4284453443459e-12 -1.83619858765089e-11 -3.85582780896177e-11    0.0448041022798472
 1.10015579821975e-13  1.43347671448449e-14  6.16673736719682e-12   4.0107783574824e-12 -1.13500603850181e-11      1.70557920016098 -3.37853118766453e-17  0.000104783376088241   -0.0870125760634795 -2.21186028482633e-12
 5.23595546577311e-14  7.34643643691925e-15  2.93822894847726e-12  1.91665595722271e-12  -5.4284453443459e-12 -3.37853118766453e-17      1.70557920016092   -0.0870125760633834 -0.000104783376087146 -1.05863713676224e-12
 1.68458383986774e-13  2.46813367324647e-14  9.49368302137651e-12  4.76142946981502e-12 -1.83619858765089e-11  0.000104783376088241   -0.0870125760633834     0.305084368123612  1.27494062512373e-16 -3.58533349926587e-12
 3.55015562645719e-13  5.18432467490495e-14  1.99924321605298e-11   1.0003250907944e-11 -3.85582780896177e-11   -0.0870125760634795 -0.000104783376087146  1.27494062512373e-16     0.305084368123556  -7.5192788227881e-12
 0.000240130196784437  0.000388666754381624    0.0326225274432137   -0.0317613636339556    0.0448041022798472 -2.21186028482633e-12 -1.05863713676224e-12 -3.58533349926587e-12  -7.5192788227881e-12     0.127587344467963
TOTAL ENERGY: -127.310901163254	 lambda: -0.1	 population of target: 6.37060056106895
1RDM: 
     1.99999962967517 -1.31356514064868e-08 -1.78786504827899e-06  2.68756446390022e-06  1.83403851473426e-05  1.11564554734681e-13  5.31222640973609e-14  1.57718526578281e-13   3.3228138592082e-13  0.000112802041528422
-1.31356514064868e-08      1.99999868904789  -3.0278791386904e-06  1.40671986365952e-05 -2.88345944851621e-05  1.10363805900169e-14  5.78381086003172e-15  2.00252103613421e-14  4.22171734984667e-14  0.000197226709855372
-1.78786504827899e-06  -3.0278791386904e-06      1.99719356467965  0.000735058893242021   0.00199898781900757  6.14558342672498e-12  2.92542460470122e-12  8.61237982883698e-12  1.81452874564821e-11    0.0157357793866804
 2.68756446390022e-06  1.40671986365952e-05  0.000735058893242021      1.97861338128076   0.00104647446986274  4.01211368428603e-12  1.90980213753586e-12  4.47182629260715e-12  9.42193853679013e-12   -0.0166704160809677
 1.83403851473426e-05 -2.88345944851621e-05   0.00199898781900757   0.00104647446986274      1.88125448842893 -1.11025566872477e-11 -5.28412662448999e-12  -1.6308318975448e-11 -3.43617257133097e-11    0.0270655714342005
 1.11564554734681e-13  1.10363805900169e-14  6.14558342672498e-12  4.01211368428603e-12 -1.11025566872477e-11      1.67761743155605 -2.86522196049518e-16  4.86241656761023e-05   -0.0403795777374606 -2.83966873499298e-12
 5.31222640973609e-14  5.78381086003172e-15  2.92542460470122e-12  1.90980213753586e-12 -5.28412662448999e-12 -2.86522196049518e-16      1.67761743155601   -0.0403795777375109 -4.86241656752026e-05 -1.35102502397014e-12
 1.57718526578281e-13  2.00252103613421e-14  8.61237982883698e-12  4.47182629260715e-12  -1.6308318975448e-11  4.86241656761023e-05   -0.0403795777375109      0.33116474262921  3.20922204439221e-16 -3.69853668671483e-12
  3.3228138592082e-13  4.22171734984667e-14  1.81452874564821e-11  9.42193853679013e-12 -3.43617257133097e-11   -0.0403795777374606 -4.86241656752026e-05  3.20922204439221e-16     0.331164742629172 -7.79426652319688e-12
 0.000112802041528422  0.000197226709855372    0.0157357793866804   -0.0166704160809677    0.0270655714342005 -2.83966873499298e-12 -1.35102502397014e-12 -3.69853668671483e-12 -7.79426652319688e-12     0.125375898517212
TOTAL ENERGY: -127.317458306463	 lambda: 0	 population of target: 6.50147420685654
1RDM: 
     1.99999962848953   -3.819381690146e-14 -5.20624097992056e-13 -7.12505085292016e-12  1.50608189694598e-11  1.15799900361597e-13    5.513845876649e-14  1.46644108758014e-13     3.08951570436e-13 -4.79853776508387e-11
  -3.819381690146e-14      1.99999883707641  1.83765319963904e-12 -1.43773613261108e-12  1.69240839718886e-11  9.34652766435916e-15  5.03934898396208e-15  1.54441353476575e-14  3.27008723963293e-14 -7.69945650837322e-11
-5.20624097992056e-13  1.83765319963904e-12      1.99724857034425  2.41757651927358e-11  4.87838191588806e-11  6.44782357316513e-12    3.069308829257e-12   7.8659024096965e-12  1.65720877550288e-11 -1.22635086382084e-09
-7.12505085292016e-12 -1.43773613261108e-12  2.41757651927358e-11      1.98260697526989 -2.54780932795443e-10  4.38737439800373e-12  2.08851472399974e-12  4.46855371181047e-12  9.41460683210038e-12  2.14740995106189e-09
 1.50608189694598e-11  1.69240839718886e-11  4.87838191588806e-11 -2.54780932795443e-10      1.87807359942757 -1.20954955994141e-11  -5.7570169309753e-12 -1.55833170120295e-11 -3.28313079518236e-11 -2.48102015647895e-10
 1.15799900361597e-13  9.34652766435916e-15  6.44782357316513e-12  4.38737439800373e-12 -1.20954955994141e-11      1.64282963504905 -3.98289840965632e-16 -1.04853159469161e-10 -1.07715735608168e-09 -2.94282080911504e-12
   5.513845876649e-14  5.03934898396208e-15    3.069308829257e-12  2.08851472399974e-12  -5.7570169309753e-12 -3.98289840965632e-16      1.64282963504907  -1.0772508187789e-09  1.04854642561592e-10  -1.4003518293831e-12
 1.46644108758014e-13  1.54441353476575e-14   7.8659024096965e-12  4.46855371181047e-12 -1.55833170120295e-11 -1.04853159469161e-10  -1.0772508187789e-09     0.364290158222276  3.47828003307176e-16 -4.05714274009838e-12
    3.08951570436e-13  3.27008723963293e-14  1.65720877550288e-11  9.41460683210038e-12 -3.28313079518236e-11 -1.07715735608168e-09  1.04854642561592e-10  3.47828003307176e-16       0.3642901582223 -8.54948153979053e-12
-4.79853776508387e-11 -7.69945650837322e-11 -1.22635086382084e-09  2.14740995106189e-09 -2.48102015647895e-10 -2.94282080911504e-12  -1.4003518293831e-12 -4.05714274009838e-12 -8.54948153979053e-12     0.127832802849683
TOTAL ENERGY: -127.311208693421	 lambda: 0.1	 population of target: 6.62772397851497
1RDM: 
     1.99999961231035  -1.7011560679032e-08  3.65912326760812e-07 -6.67535735673336e-08 -1.67092935798129e-05  1.22605107874446e-13  5.83784704895816e-14  1.36955640733652e-13  2.88540598139053e-13 -9.18925635428827e-05
 -1.7011560679032e-08      1.99999892269444 -9.15915743373753e-07 -7.76318062803946e-06  2.28181562773269e-05  8.01385507575047e-15  4.46887140157581e-15  1.09987235746475e-14  2.34428943475848e-14 -0.000197065785737323
 3.65912326760812e-07 -9.15915743373753e-07      1.99707141821415  -0.00037538380457949  -0.00234841540691182  6.89185205679182e-12  3.28065979654394e-12  7.19394597356521e-12  1.51560436213208e-11   -0.0138434727342207
-6.67535735673336e-08 -7.76318062803946e-06  -0.00037538380457949      1.98586198223258  0.000262314029477058  4.74282841972992e-12  2.25772017988666e-12  4.47590632198205e-12  9.43005731262543e-12    0.0176579218179256
-1.67092935798129e-05  2.28181562773269e-05  -0.00234841540691182  0.000262314029477058      1.86823862886412 -1.29381253457392e-11 -6.15804721362147e-12 -1.49296351212569e-11 -3.14532444796673e-11   -0.0353202694865234
 1.22605107874446e-13  8.01385507575047e-15  6.89185205679182e-12  4.74282841972992e-12 -1.29381253457392e-11      1.60499856424183 -2.29549665165555e-16 -3.91982308294035e-05    0.0325516325808082 -2.23525378614083e-12
 5.83784704895816e-14  4.46887140157581e-15  3.28065979654394e-12  2.25772017988666e-12 -6.15804721362147e-12 -2.29549665165555e-16      1.60499856424184    0.0325516325807116  3.91982308302073e-05 -1.06370887644034e-12
 1.36955640733652e-13  1.09987235746475e-14  7.19394597356521e-12  4.47590632198205e-12 -1.49296351212569e-11 -3.91982308294035e-05    0.0325516325807116     0.400772603228081  2.18793916542666e-16 -4.20553943861076e-12
 2.88540598139053e-13  2.34428943475848e-14  1.51560436213208e-11  9.43005731262543e-12 -3.14532444796673e-11    0.0325516325808082  3.91982308302073e-05  2.18793916542666e-16     0.400772603228095 -8.86224783183309e-12
-9.18925635428827e-05 -0.000197065785737323   -0.0138434727342207    0.0176579218179256   -0.0353202694865234 -2.23525378614083e-12 -1.06370887644034e-12 -4.20553943861076e-12 -8.86224783183309e-12     0.137287100744547
TOTAL ENERGY: -127.293801481377	 lambda: 0.2	 population of target: 6.74438973572294
1RDM: 
      1.9999995846209  -5.5382812947552e-08 -2.00916789156756e-07  1.78490343821189e-06  -2.8319440981095e-05  1.29831296783636e-13  6.18193385228982e-14  1.28808448344075e-13  2.71375027199643e-13 -0.000167107325797652
 -5.5382812947552e-08      1.99999895379342 -5.23093658840615e-06  -8.9808185806721e-06  3.17926320860053e-05  7.52259157010712e-15  4.29446918474013e-15  7.02464575884741e-15   1.5152587397487e-14 -0.000382204827537475
-2.00916789156756e-07 -5.23093658840615e-06      1.99669042580959 -0.000446266702829201  -0.00469595480430187  7.37187239735966e-12  3.50911067481762e-12  6.62741333112978e-12  1.39623223431842e-11   -0.0257308404165946
 1.78490343821189e-06  -8.9808185806721e-06 -0.000446266702829201      1.98813138326401   0.00225869780421057  5.01365266797787e-12  2.38659586537182e-12  4.50825747749301e-12  9.49838350242808e-12    0.0349894645268041
 -2.8319440981095e-05  3.17926320860053e-05  -0.00469595480430187   0.00225869780421057      1.85314642926442 -1.35365765361164e-11 -6.44266535234562e-12 -1.45010850338218e-11 -3.05506720194519e-11    -0.075778663635785
 1.29831296783636e-13  7.52259157010712e-15  7.37187239735966e-12  5.01365266797787e-12 -1.35365765361164e-11      1.56945972637692 -3.82092712907836e-16 -6.95867519065625e-05    0.0577879887488706 -9.60430188275351e-13
 6.18193385228982e-14  4.29446918474013e-15  3.50911067481762e-12  2.38659586537182e-12 -6.44266535234562e-12 -3.82092712907836e-16      1.56945972637698    0.0577879887488735  6.95867519073311e-05 -4.56995946943318e-13
 1.28808448344075e-13  7.02464575884741e-15  6.62741333112978e-12  4.50825747749301e-12 -1.45010850338218e-11 -6.95867519065625e-05    0.0577879887488735     0.435309915144178  3.19334395038287e-16 -4.15290397358923e-12
 2.71375027199643e-13   1.5152587397487e-14  1.39623223431842e-11  9.49838350242808e-12 -3.05506720194519e-11    0.0577879887488706  6.95867519073311e-05  3.19334395038287e-16     0.435309915144235 -8.75170330853711e-12
-0.000167107325797652 -0.000382204827537475   -0.0257308404165946    0.0349894645268041    -0.075778663635785 -9.60430188275351e-13 -4.56995946943318e-13 -4.15290397358923e-12 -8.75170330853711e-12     0.152493940205406
TOTAL ENERGY: -127.267498057533	 lambda: 0.3	 population of target: 6.84995432871001
1RDM: 
     1.99999954541839 -1.05637479002407e-07 -1.62119672518358e-06  4.86469416099401e-06 -3.54279251934998e-05  1.35533710525606e-13  6.45345056717242e-14  1.22093558156339e-13  2.57227674595204e-13 -0.000235775874698209
-1.05637479002407e-07      1.99999895060937 -1.21005287249483e-05 -5.12786799760869e-06  2.25976285681204e-05  8.63526553918515e-15  4.87079703682809e-15  3.48037082496568e-15  7.74912848088188e-15  -0.00054259710150181
-1.62119672518358e-06 -1.21005287249483e-05       1.9960962555586 -0.000310481749066268  -0.00685979058017387  7.75582583135338e-12  3.69186668550111e-12  6.16899493158649e-12  1.29963739641761e-11   -0.0361693692074637
 4.86469416099401e-06 -5.12786799760869e-06 -0.000310481749066268      1.98942368611378   0.00581891414070762  5.19955825445587e-12  2.47500747436603e-12  4.51581153674895e-12  9.51422206939707e-12    0.0506871254914637
-3.54279251934998e-05  2.25976285681204e-05  -0.00685979058017387   0.00581891414070762      1.83663440045977 -1.36945330362364e-11 -6.51784650744977e-12 -1.43531031629297e-11 -3.02391250484939e-11    -0.118728598649324
 1.35533710525606e-13  8.63526553918515e-15  7.75582583135338e-12  5.19955825445587e-12 -1.36945330362364e-11       1.5410264838799 -1.46707376128693e-15 -9.37334976737445e-05    0.0778405351692618  5.84166203371939e-13
 6.45345056717242e-14  4.87079703682809e-15  3.69186668550111e-12  2.47500747436603e-12 -6.51784650744977e-12 -1.46707376128693e-15      1.54102648387987    0.0778405351692718  9.37334976743559e-05  2.78133195119661e-13
 1.22093558156339e-13  3.48037082496568e-15  6.16899493158649e-12  4.51581153674895e-12 -1.43531031629297e-11 -9.37334976737445e-05    0.0778405351692718     0.463067459931935  1.38764657456627e-15  -3.8889696299178e-12
 2.57227674595204e-13  7.74912848088188e-15  1.29963739641761e-11  9.51422206939707e-12 -3.02391250484939e-11    0.0778405351692618  9.37334976743559e-05  1.38764657456627e-15     0.463067459931908  -8.1956544281538e-12
-0.000235775874698209  -0.00054259710150181   -0.0361693692074637    0.0506871254914637    -0.118728598649324  5.84166203371939e-13  2.78133195119661e-13  -3.8889696299178e-12  -8.1956544281538e-12     0.169659274216475
TOTAL ENERGY: -127.233639981795	 lambda: 0.4	 population of target: 6.94684570212938
1RDM: 
     1.99999949150371 -1.59815674954232e-07 -4.20710054876473e-06  8.71204697665963e-06 -4.21548708332687e-05  1.38366608558991e-13   6.5883353482987e-14   1.1660362193849e-13  2.45661435860141e-13 -0.000307542932673722
-1.59815674954232e-07      1.99999893661456 -2.06857507212693e-05  1.50532516751382e-06 -4.37500272142361e-06  9.73476268555276e-15  5.42517823505515e-15  1.22349510353017e-15  3.05342021243093e-15 -0.000668882440829639
-4.20710054876473e-06 -2.06857507212693e-05      1.99523776530502 -7.21720655823135e-05  -0.00889085514272907  7.98476798450341e-12  3.80082168773453e-12  5.77981126810515e-12   1.2176253071608e-11   -0.0458814830430528
 8.71204697665963e-06  1.50532516751382e-06 -7.21720655823135e-05       1.9899331046425    0.0103963403542401  5.12783051224276e-12  2.44089083428698e-12  4.54797320724768e-12   9.5820980557968e-12    0.0639834951601177
-4.21548708332687e-05 -4.37500272142361e-06  -0.00889085514272907    0.0103963403542401       1.8225307762355 -1.35728574400254e-11 -6.45982675469381e-12 -1.43615619266057e-11  -3.0256929786873e-11    -0.163328382777845
 1.38366608558991e-13  9.73476268555276e-15  7.98476798450341e-12  5.12783051224276e-12 -1.35728574400254e-11      1.52265472886069 -3.39465010556912e-16 -0.000114944091499091     0.095455016913068  2.28325040629694e-12
  6.5883353482987e-14  5.42517823505515e-15  3.80082168773453e-12  2.44089083428698e-12 -6.45982675469381e-12 -3.39465010556912e-16      1.52265472886062    0.0954550169129766  0.000114944091500016  1.08675678235523e-12
  1.1660362193849e-13  1.22349510353017e-15  5.77981126810515e-12  4.54797320724768e-12 -1.43615619266057e-11 -0.000114944091499091    0.0954550169129766     0.481043499851448  4.24772966187525e-16 -3.49449582748327e-12
 2.45661435860141e-13  3.05342021243093e-15   1.2176253071608e-11   9.5820980557968e-12  -3.0256929786873e-11     0.095455016913068  0.000114944091500016  4.24772966187525e-16     0.481043499851378 -7.36466018226656e-12
-0.000307542932673722 -0.000668882440829639   -0.0458814830430528    0.0639834951601177    -0.163328382777845  2.28325040629694e-12  1.08675678235523e-12 -3.49449582748327e-12 -7.36466018226656e-12      0.18490346827461
TOTAL ENERGY: -127.191682670445	 lambda: 0.5	 population of target: 7.04009719997965
1RDM: 
     1.99999941823878 -2.11974088428807e-07 -8.50393665904235e-06  1.30666356109719e-05 -5.40712517882942e-05   1.3779960309485e-13  6.56132908130571e-14  1.11989216380586e-13  2.35939739455231e-13 -0.000387989529110653
-2.11974088428807e-07       1.9999989288681 -3.03847371268489e-05  8.79524659768919e-06  -4.4631822220954e-05   1.0778887830626e-14  5.93524832727876e-15  3.22683229561633e-17  6.05636757022389e-16 -0.000757165113623127
-8.50393665904235e-06 -3.03847371268489e-05      1.99403105441383  0.000182964070670391      -0.0110077580401  8.02131901557536e-12  3.81819167446024e-12  5.43624079934585e-12  1.14522393820028e-11   -0.0555108159010847
 1.30666356109719e-05  8.79524659768919e-06  0.000182964070670391      1.98990800455172    0.0153571153995147  4.82583081056157e-12  2.29718667720641e-12  4.57829687957971e-12  9.64612984860392e-12    0.0747451533338766
-5.40712517882942e-05  -4.4631822220954e-05      -0.0110077580401    0.0153571153995147       1.8128501480213  -1.3260742106423e-11 -6.31109229850841e-12 -1.44853130202456e-11 -3.05175899276261e-11    -0.210226809343272
  1.3779960309485e-13   1.0778887830626e-14  8.02131901557536e-12  4.82583081056157e-12  -1.3260742106423e-11      1.51532158069484 -2.68790455389809e-16 -0.000136383609871034     0.113258980123146  4.11350579381592e-12
 6.56132908130571e-14  5.93524832727876e-15  3.81819167446024e-12  2.29718667720641e-12 -6.31109229850841e-12 -2.68790455389809e-16      1.51532158069488     0.113258980123218  0.000136383609871708  1.95777761173631e-12
 1.11989216380586e-13  3.22683229561633e-17  5.43624079934585e-12  4.57829687957971e-12 -1.44853130202456e-11 -0.000136383609871034     0.113258980123218     0.488218395700385  2.35093014736909e-16 -3.01525070773826e-12
 2.35939739455231e-13  6.05636757022389e-16  1.14522393820028e-11  9.64612984860392e-12 -3.05175899276261e-11     0.113258980123146  0.000136383609871708  2.35093014736909e-16     0.488218395700418  -6.3550961875301e-12
-0.000387989529110653 -0.000757165113623127   -0.0555108159010847    0.0747451533338766    -0.210226809343272  4.11350579381592e-12  1.95777761173631e-12 -3.01525070773826e-12  -6.3550961875301e-12     0.196132493115761
TOTAL ENERGY: -127.139129041792	 lambda: 0.6	 population of target: 7.135572902326
1RDM: 
     1.99999932103299 -2.58540457596221e-07 -1.51763913798621e-05  1.77534753910145e-05 -7.62254325902098e-05  1.34228600830024e-13  6.39122840531949e-14  1.09032034408993e-13  2.29708764492826e-13  -0.00047801104688817
-2.58540457596221e-07      1.99999893234674 -4.09632123912914e-05  1.53328718930176e-05 -9.08310313144892e-05  1.19835608506662e-15  1.38945998801269e-15  2.82077630956027e-15  6.58926510289387e-15 -0.000809679672033709
-1.51763913798621e-05 -4.09632123912914e-05      1.99237134737102  0.000397378533526077   -0.0134915906309439  8.15776379199483e-12  3.88294148730761e-12  5.03188906498471e-12  1.05999914189361e-11   -0.0654966648249005
 1.77534753910145e-05  1.53328718930176e-05  0.000397378533526077      1.98955777034204    0.0201582712033357  3.24053161067447e-12  1.54426473006503e-12  4.89702454595916e-12  1.03211740017141e-11    0.0833375690517099
-7.62254325902098e-05 -9.08310313144892e-05   -0.0134915906309439    0.0201582712033357      1.80718081872766  -1.7626134077128e-11 -8.38384919413474e-12 -1.26496099886264e-11 -2.66405669261582e-11    -0.260402618509942
 1.34228600830024e-13  1.19835608506662e-15  8.15776379199483e-12  3.24053161067447e-12  -1.7626134077128e-11      1.51839730970643  -2.8496672575679e-16 -0.000160735167470208     0.133481880714346   9.0769571325852e-12
 6.39122840531949e-14  1.38945998801269e-15  3.88294148730761e-12  1.54426473006503e-12 -8.38384919413474e-12  -2.8496672575679e-16       1.5183973097065     0.133481880714266  0.000160735167470963  4.31745379870847e-12
 1.09032034408993e-13  2.82077630956027e-15  5.03188906498471e-12  4.89702454595916e-12 -1.26496099886264e-11 -0.000160735167470208     0.133481880714266       0.4851965528186  2.05346524288949e-16 -4.05735315573528e-12
 2.29708764492826e-13  6.58926510289387e-15  1.05999914189361e-11  1.03211740017141e-11 -2.66405669261582e-11     0.133481880714346  0.000160735167470963  2.05346524288949e-16     0.485196552818673 -8.55696687679552e-12
 -0.00047801104688817 -0.000809679672033709   -0.0654966648249005    0.0833375690517099    -0.260402618509942   9.0769571325852e-12  4.31745379870847e-12 -4.05735315573528e-12 -8.55696687679552e-12     0.203704085129354
TOTAL ENERGY: -127.072295361471	 lambda: 0.7	 population of target: 7.23827760718251
1RDM: 
     1.99999919667411 -2.99887181930751e-07 -2.49217329969989e-05   2.2641399509635e-05 -0.000111604919787634  1.26475113914651e-13  6.02240651534405e-14  1.02890290271863e-13  2.16754246975496e-13 -0.000574603877850064
-2.99887181930751e-07      1.99999893872397 -5.26463610826243e-05  2.05991309211218e-05 -0.000134468890847538  1.82032290474711e-14  9.41286187404333e-15 -1.84736012107306e-15 -3.24119926135278e-15 -0.000835707664869699
-2.49217329969989e-05 -5.26463610826243e-05      1.99015260145942  0.000548600718626245   -0.0165903383216383  7.30484257336576e-12  3.47798781306542e-12  4.81874471255072e-12  1.01512271630409e-11   -0.0760556680111812
  2.2641399509635e-05  2.05991309211218e-05  0.000548600718626245      1.98901513317971    0.0244368695360622  4.39597705148405e-12  2.08930536028642e-12  4.44515473423156e-12  9.36171723024938e-12    0.0904808619538649
