Naturals in-correctTOTAL ENERGY: -126.607685653425	 lambda: -1	 population of target: 5.33608030957802
1RDM: 
     1.99999945724044 -1.11382681294944e-06 -4.69734423413005e-05    0.0001010985536663  9.76612210264008e-07  2.13454397074669e-17  3.69250905328995e-17  1.32484175402117e-17  8.80760005112093e-18 -0.000759318810965076
-1.11382681294944e-06       1.9999952667171 -0.000106655481423734  0.000291417809657358 -0.000367113953999882 -4.68518459748815e-17  -1.2495349176406e-16 -2.11800523571424e-16 -9.22593429448689e-17  -0.00242899414669477
-4.69734423413005e-05 -0.000106655481423734      1.99450953733868    0.0119033672655896  0.000999539003389468 -2.95680515776085e-15 -5.99729905256126e-15 -1.25483190021037e-14 -6.20694078154286e-15   -0.0805782590704133
   0.0001010985536663  0.000291417809657358    0.0119033672655896      1.93227804457246    0.0141759676083363 -1.80231264109885e-14 -3.64027003860639e-14 -2.69654363558546e-14 -1.32588257195856e-14     0.155762717700434
 9.76612210264008e-07 -0.000367113953999882  0.000999539003389468    0.0141759676083363      1.87215237342631  1.57545229855763e-14  3.19622936309549e-14  5.50508716712191e-14  2.72418908941805e-14    -0.203218613450508
 2.13454397074669e-17 -4.68518459748815e-17 -2.95680515776085e-15 -1.80231264109885e-14  1.57545229855763e-14       1.5559313329488  1.03198967860111e-14 -0.000840143585580061    -0.467507522349305 -7.20377865851365e-15
 3.69250905328995e-17  -1.2495349176406e-16 -5.99729905256126e-15 -3.64027003860639e-14  3.19622936309549e-14  1.03198967860111e-14      1.55593133294887    -0.467507522349311  0.000840143585622396 -1.42095641388539e-14
 1.32484175402117e-17 -2.11800523571424e-16 -1.25483190021037e-14 -2.69654363558546e-14  5.50508716712191e-14 -0.000840143585580061    -0.467507522349311     0.465616231496168  -1.0593323261948e-14 -2.11749082950495e-14
 8.80760005112093e-18 -9.22593429448689e-17 -6.20694078154286e-15 -1.32588257195856e-14  2.72418908941805e-14    -0.467507522349305  0.000840143585622396  -1.0593323261948e-14     0.465616231496239    -1.03381606883e-14
-0.000759318810965076  -0.00242899414669477   -0.0805782590704133     0.155762717700434    -0.203218613450508 -7.20377865851365e-15 -1.42095641388539e-14 -2.11749082950495e-14    -1.03381606883e-14     0.157970191814999
TOTAL ENERGY: -126.75487912659	 lambda: -0.9	 population of target: 5.49124014396177
1RDM: 
     1.99999947382536 -1.07150095133929e-06 -4.38628371931731e-05   9.1980239795052e-05  1.08770710770901e-05  1.16657466832902e-17   1.9538231676883e-17   3.3392236044454e-18  2.83184695553888e-18 -0.000784022701095351
-1.07150095133929e-06      1.99999596495439 -9.89001005347764e-05  0.000235887108069212  -0.00023672059107047 -2.16108631969921e-17 -7.95679178671526e-17 -1.22757490439877e-16 -4.58484321426506e-17  -0.00217570151436626
-4.38628371931731e-05 -9.89001005347764e-05      1.99480378053124    0.0103312211193888   0.00347684646747317 -2.10219381122187e-15 -4.52058192356416e-15 -9.02466750127998e-15 -4.22911628585937e-15   -0.0812600490022581
  9.1980239795052e-05  0.000235887108069212    0.0103312211193888      1.94111190284336   0.00726305655964005 -1.04379912763969e-14 -2.26223900743974e-14  -1.8401884256368e-14 -8.43434392101551e-15       0.1324642687714
 1.08770710770901e-05  -0.00023672059107047   0.00347684646747317   0.00726305655964005      1.86794347182386  1.31569523679786e-14  2.83327142415888e-14   4.7743037895953e-14  2.23066790088363e-14    -0.123178691326465
 1.16657466832902e-17 -2.16108631969921e-17 -2.10219381122187e-15 -1.04379912763969e-14  1.31569523679786e-14      1.56363483243679  8.21571864139353e-15 -0.000770197244315198    -0.428585134320362 -4.92587119573063e-15
  1.9538231676883e-17 -7.95679178671526e-17 -4.52058192356416e-15 -2.26223900743974e-14  2.83327142415888e-14  8.21571864139353e-15      1.56363483243678    -0.428585134320131  0.000770197244367281 -1.05074203543136e-14
  3.3392236044454e-18 -1.22757490439877e-16 -9.02466750127998e-15  -1.8401884256368e-14   4.7743037895953e-14 -0.000770197244315198    -0.428585134320131     0.456375409277831 -8.81468008741809e-15 -1.67726381232188e-14
 2.83184695553888e-18 -4.58484321426506e-17 -4.22911628585937e-15 -8.43434392101551e-15  2.23066790088363e-14    -0.428585134320362  0.000770197244367281 -8.81468008741809e-15     0.456375409277829 -7.69049863580643e-15
-0.000784022701095351  -0.00217570151436626   -0.0812600490022581       0.1324642687714    -0.123178691326465 -4.92587119573063e-15 -1.05074203543136e-14 -1.67726381232188e-14 -7.69049863580643e-15     0.156124922592649
TOTAL ENERGY: -126.893937954884	 lambda: -0.8	 population of target: 5.65474304991339
1RDM: 
     1.99999944677499 -9.98562136132736e-07 -4.42785046677537e-05  8.00182611116383e-05  4.59929728028237e-05  2.35119784495758e-16  5.08488156896098e-16  4.89758833116146e-16  2.23466319894885e-16 -0.000815385436711994
-9.98562136132736e-07      1.99999666462887 -8.69623335037144e-05  0.000190177954179427 -0.000173535987991885 -6.33883447402847e-16 -1.41953786799319e-15  -1.9243993448102e-15 -8.66387174832153e-16  -0.00186456902812338
-4.42785046677537e-05 -8.69623335037144e-05      1.99483567813463   0.00835053141064028   0.00810636394718096 -3.59311134339631e-14 -7.86280956628039e-14 -1.39458286659668e-13 -6.35823201941446e-14   -0.0807758130618432
 8.00182611116383e-05  0.000190177954179427   0.00835053141064028      1.94884779726906   0.00821528628757282 -1.85763725639067e-13 -4.05839175080638e-13 -3.62094705543992e-13 -1.64690341400779e-13      0.10658273913345
 4.59929728028237e-05 -0.000173535987991885   0.00810636394718096   0.00821528628757282      1.82700826649711  3.12839673620085e-13  6.84183321845285e-13  1.08605825882168e-12  4.94921275876149e-13   -0.0601197782149333
 2.35119784495758e-16 -6.33883447402847e-16 -3.59311134339631e-14 -1.85763725639067e-13  3.12839673620085e-13      1.55487904056032   7.2806347818228e-15 -0.000697201250357032    -0.387965631563605 -1.15576176155526e-13
 5.08488156896098e-16 -1.41953786799319e-15 -7.86280956628039e-14 -4.05839175080638e-13  6.84183321845285e-13   7.2806347818228e-15      1.55487904056033    -0.387965631563479   0.00069720125038261 -2.53284344105432e-13
 4.89758833116146e-16  -1.9243993448102e-15 -1.39458286659668e-13 -3.62094705543992e-13  1.08605825882168e-12 -0.000697201250357032    -0.387965631563479     0.463407395054777  -7.3382771706886e-15 -3.94921481757608e-13
 2.23466319894885e-16 -8.66387174832153e-16 -6.35823201941446e-14 -1.64690341400779e-13  4.94921275876149e-13    -0.387965631563605   0.00069720125038261  -7.3382771706886e-15      0.46340739505479 -1.79599538697695e-13
-0.000815385436711994  -0.00186456902812338   -0.0807758130618432      0.10658273913345   -0.0601197782149333 -1.15576176155526e-13 -2.53284344105432e-13 -3.94921481757608e-13 -1.79599538697695e-13     0.192739275465231
TOTAL ENERGY: -126.999171241107	 lambda: -0.7	 population of target: 5.79468179567973
1RDM: 
     1.99999942513479  -8.5650354070935e-07 -4.44264992721704e-05  6.52948349502904e-05  9.05241664602904e-05   -1.313960652329e-16 -2.90361781441742e-16 -3.50589944588456e-16 -1.60931459802687e-16 -0.000805605786346667
 -8.5650354070935e-07      1.99999723573563 -6.97805257125833e-05  0.000162705947872621 -0.000189065610560028  4.47340892844733e-16  9.27174401327321e-16  9.66109910125269e-16  4.52393105207601e-16  -0.00156550861127685
-4.44264992721704e-05 -6.97805257125833e-05      1.99489931210626   0.00625957011330872    0.0129973673749408  2.48118923351088e-14  5.36151063174573e-14  8.68321090392587e-14  3.99443402336203e-14   -0.0761513913192683
 6.52948349502904e-05  0.000162705947872621   0.00625957011330872      1.95403811395793    0.0155820853954596   1.1474511637951e-13  2.47643566466757e-13  2.50863130560347e-13  1.15529127802364e-13    0.0858972178309495
 9.05241664602904e-05 -0.000189065610560028    0.0129973673749408    0.0155820853954596      1.77095116298707 -2.95960139479275e-13  -6.3946441368959e-13 -9.99819373699773e-13  -4.6039322634838e-13   -0.0400808147867096
  -1.313960652329e-16  4.47340892844733e-16  2.48118923351088e-14   1.1474511637951e-13 -2.95960139479275e-13      1.53340181380727  7.38371077875004e-15  -0.00061850197326701    -0.344170515627614  1.01673899129334e-13
-2.90361781441742e-16  9.27174401327321e-16  5.36151063174573e-14  2.47643566466757e-13  -6.3946441368959e-13  7.38371077875004e-15      1.53340181380734    -0.344170515627717  0.000618501973276446  2.19396794703439e-13
-3.50589944588456e-16  9.66109910125269e-16  8.68321090392587e-14  2.50863130560347e-13 -9.99819373699773e-13  -0.00061850197326701    -0.344170515627717     0.482986998963926 -7.02117192707099e-15  3.62209317284114e-13
-1.60931459802687e-16  4.52393105207601e-16  3.99443402336203e-14  1.15529127802364e-13  -4.6039322634838e-13    -0.344170515627614  0.000618501973276446 -7.02117192707099e-15     0.482986998963993  1.66832987890629e-13
-0.000805605786346667  -0.00156550861127685   -0.0761513913192683    0.0858972178309495   -0.0400808147867096  1.01673899129334e-13  2.19396794703439e-13  3.62209317284114e-13  1.66832987890629e-13     0.247337124535832
TOTAL ENERGY: -127.068932794199	 lambda: -0.6	 population of target: 5.9016268374279
1RDM: 
     1.99999945302241 -6.68874098746241e-07  -4.0912497522129e-05  5.09851543401065e-05   0.00011886499141319  9.01190134864145e-16  1.99382248316645e-15  2.98328164922515e-15  1.33849020197691e-15 -0.000736870306923128
-6.68874098746241e-07      1.99999764866369 -5.04951742138312e-05  0.000148489743266715 -0.000243293408655937 -4.63146218848374e-15 -1.03043194286668e-14 -6.81987041570843e-15 -3.04340950770767e-15  -0.00132922232523645
 -4.0912497522129e-05 -5.04951742138312e-05      1.99524913216801   0.00446619993662494    0.0159155194667692 -2.66264983203185e-13 -5.90594600697767e-13 -8.87779238508171e-13 -3.98706919121087e-13   -0.0667990420317266
 5.09851543401065e-05  0.000148489743266715   0.00446619993662494      1.95723657032283    0.0237542342560628 -1.11089115082576e-12 -2.46484674751005e-12 -2.86952945682194e-12 -1.28689730847333e-12    0.0741590271154986
  0.00011886499141319 -0.000243293408655937    0.0159155194667692    0.0237542342560628      1.73000680869474  4.36700124932347e-12  9.69080375192167e-12  1.51804022308704e-11  6.81625469077127e-12   -0.0631354849117628
 9.01190134864145e-16 -4.63146218848374e-15 -2.66264983203185e-13 -1.11089115082576e-12  4.36700124932347e-12      1.50867902908226  3.60295870377402e-15 -0.000528268155109617    -0.293966541940501 -1.41671707716904e-12
 1.99382248316645e-15 -1.03043194286668e-14 -5.90594600697767e-13 -2.46484674751005e-12  9.69080375192167e-12  3.60295870377402e-15      1.50867902908243    -0.293966541940972  0.000528268155141365 -3.15031689874492e-12
 2.98328164922515e-15 -6.81987041570843e-15 -8.87779238508171e-13 -2.86952945682194e-12  1.51804022308704e-11 -0.000528268155109617    -0.293966541940972     0.505584870155659 -3.56484985367843e-15 -5.53900555239943e-12
 1.33849020197691e-15 -3.04340950770767e-15 -3.98706919121087e-13 -1.28689730847333e-12  6.81625469077127e-12    -0.293966541940501  0.000528268155141365 -3.56484985367843e-15     0.505584870155808 -2.48300757039884e-12
-0.000736870306923128  -0.00132922232523645   -0.0667990420317266    0.0741590271154986   -0.0631354849117628 -1.41671707716904e-12 -3.15031689874492e-12 -5.53900555239943e-12 -2.48300757039884e-12     0.288982588652235
TOTAL ENERGY: -127.115629680966	 lambda: -0.5	 population of target: 5.98631276174524
1RDM: 
     1.99999953573922 -4.76734265416086e-07 -3.33963188786665e-05  3.91391923162821e-05   0.00012173783805008  1.39142626811309e-16  3.04883871950592e-16   8.7687330141222e-16  3.89543175369929e-16 -0.000617430483401069
-4.76734265416086e-07      1.99999796059288 -3.26248494968755e-05   0.00013734019728185 -0.000288936728375979 -2.18625830975113e-15 -4.93716090106349e-15 -1.49452616941759e-15 -6.51733885698734e-16  -0.00115740078027642
-3.33963188786665e-05 -3.26248494968755e-05      1.99590803610423   0.00313431846074969    0.0161478213241793 -1.15866817566672e-13 -2.59381803181262e-13 -3.58117680463326e-13 -1.59365111989279e-13   -0.0537490784617607
 3.91391923162821e-05   0.00013734019728185   0.00313431846074969      1.95983666464175    0.0283284792854179 -4.69430650569208e-13 -1.05315381879061e-12 -1.38530270206396e-12 -6.15190745276616e-13    0.0699075701150626
  0.00012173783805008 -0.000288936728375979    0.0161478213241793    0.0283284792854179      1.71914872276836  2.65464733992343e-12  5.95102553313156e-12  9.36018484825235e-12  4.16244331680868e-12    -0.111458446385772
 1.39142626811309e-16 -2.18625830975113e-15 -1.15866817566672e-13 -4.69430650569208e-13  2.65464733992343e-12      1.48494368217169  6.39754753482427e-16 -0.000425025504137899      -0.2365247782141 -8.44601975788028e-13
 3.04883871950592e-16 -4.93716090106349e-15 -2.59381803181262e-13 -1.05315381879061e-12  5.95102553313156e-12  6.39754753482427e-16      1.48494368217133    -0.236524778213346  0.000425025504172685  -1.8979408772519e-12
  8.7687330141222e-16 -1.49452616941759e-15 -3.58117680463326e-13 -1.38530270206396e-12  9.36018484825235e-12 -0.000425025504137899    -0.236524778213346      0.52695422560467 -1.58027072489047e-15 -3.49402798683133e-12
 3.89543175369929e-16 -6.51733885698734e-16 -1.59365111989279e-13 -6.15190745276616e-13  4.16244331680868e-12      -0.2365247782141  0.000425025504172685 -1.58027072489047e-15     0.526954225604337 -1.55074632006836e-12
-0.000617430483401069  -0.00115740078027642   -0.0537490784617607    0.0699075701150626    -0.111458446385772 -8.44601975788028e-13  -1.8979408772519e-12 -3.49402798683133e-12 -1.55074632006836e-12     0.301313264601556
TOTAL ENERGY: -127.15100062017	 lambda: -0.4	 population of target: 6.0649581039202
1RDM: 
     1.99999964714583 -3.05286065903585e-07 -2.39353841297295e-05  2.93084151367652e-05  0.000106245917411473 -8.53831299562406e-16 -1.88479073530153e-15   1.5202432884494e-15   6.9630632317168e-16  -0.00046475769750061
-3.05286065903585e-07      1.99999824350241 -1.81184926424328e-05  0.000121241891644349 -0.000295713662066339 -1.31546183122359e-14 -2.89923815413375e-14 -3.20511708285494e-16 -7.23873877122932e-17   -0.0010200424898296
-2.39353841297295e-05 -1.81184926424328e-05      1.99671800719123   0.00218468777861049    0.0142608987693826 -6.07355413830915e-13 -1.33611490430541e-12 -1.68315363381919e-12  -7.6080336780918e-13   -0.0386607663223483
 2.93084151367652e-05  0.000121241891644349   0.00218468777861049      1.96297202214207    0.0275199689753967  -2.5453806882162e-12 -5.62463511806032e-12 -8.05965073623889e-12 -3.63717904577108e-12    0.0688821080588914
 0.000106245917411473 -0.000295713662066339    0.0142608987693826    0.0275199689753967      1.73799581321661  1.92354278258163e-11  4.24388574181536e-11  6.68855923604292e-11  3.02281554934208e-11    -0.160017166876676
-8.53831299562406e-16 -1.31546183122359e-14 -6.07355413830915e-13  -2.5453806882162e-12  1.92354278258163e-11      1.46208931290165  2.22992515877484e-15 -0.000315593191997978    -0.175611635819868  -6.1494767253142e-12
-1.88479073530153e-15 -2.89923815413375e-14 -1.33611490430541e-12 -5.62463511806032e-12  4.24388574181536e-11  2.22992515877484e-15      1.46208931290196    -0.175611635820253  0.000315593192023868 -1.35891985905408e-11
  1.5202432884494e-15 -3.20511708285494e-16 -1.68315363381919e-12 -8.05965073623889e-12  6.68855923604292e-11 -0.000315593191997978    -0.175611635820253     0.547337884399782 -1.93985330584949e-15 -2.56061310336406e-11
  6.9630632317168e-16 -7.23873877122932e-17  -7.6080336780918e-13 -3.63717904577108e-12  3.02281554934208e-11    -0.175611635819868  0.000315593192023868 -1.93985330584949e-15     0.547337884400068 -1.15523638607161e-11
 -0.00046475769750061   -0.0010200424898296   -0.0386607663223483    0.0688821080588914    -0.160017166876676  -6.1494767253142e-12 -1.35891985905408e-11 -2.56061310336406e-11 -1.15523638607161e-11     0.283461872198445
TOTAL ENERGY: -127.182269070399	 lambda: -0.3	 population of target: 6.15477877284521
1RDM: 
      1.9999997530505 -1.65052536717622e-07 -1.50245677324816e-05  2.01427549500512e-05  8.18392477082301e-05 -2.59338942458811e-17 -4.75467735647475e-17 -2.94498835392026e-17 -1.77676653817365e-17 -0.000300039025807994
-1.65052536717622e-07      1.99999854856976 -7.64641856558829e-06  9.59236462160984e-05 -0.000252557786906448 -1.31411302254869e-16 -2.31799537415616e-16  4.66595361694083e-17  3.09142898868325e-17 -0.000872973115208825
-1.50245677324816e-05 -7.64641856558829e-06      1.99749600313336   0.00145862868458541    0.0110226521569611 -6.37882323647537e-15  -9.7378524219796e-15 -1.17810213133704e-14 -7.74885637276061e-15   -0.0235278438285107
 2.01427549500512e-05  9.59236462160984e-05   0.00145862868458541      1.96739230392024    0.0214027118441448  -2.7597144116423e-14 -4.12993630254425e-14  -6.1720539879372e-14 -4.13487735057985e-14     0.065639896162859
 8.18392477082301e-05 -0.000252557786906448    0.0110226521569611    0.0214027118441448      1.77651647008697  2.58522251838641e-13   3.8580099154716e-13  6.04563069847834e-13  4.05656005658332e-13    -0.182963064693716
-2.59338942458811e-17 -1.31411302254869e-16 -6.37882323647537e-15  -2.7597144116423e-14  2.58522251838641e-13      1.43867649607504 -1.33504958520659e-15 -0.000210443228782689    -0.117102370799599 -8.50391128488607e-14
-4.75467735647475e-17 -2.31799537415616e-16  -9.7378524219796e-15 -4.12993630254425e-14   3.8580099154716e-13 -1.33504958520659e-15      1.43867649607498    -0.117102370799477  0.000210443228803431 -1.27829335812809e-13
-2.94498835392026e-17  4.66595361694083e-17 -1.17810213133704e-14  -6.1720539879372e-14  6.04563069847834e-13 -0.000210443228782689    -0.117102370799477     0.568388794769046   1.1368051646611e-15 -2.37784003718029e-13
-1.77676653817365e-17  3.09142898868325e-17 -7.74885637276061e-15 -4.13487735057985e-14  4.05656005658332e-13    -0.117102370799599  0.000210443228803431   1.1368051646611e-15     0.568388794768993 -1.58644627648998e-13
-0.000300039025807994 -0.000872973115208825   -0.0235278438285107     0.065639896162859    -0.182963064693716 -8.50391128488607e-14 -1.27829335812809e-13 -2.37784003718029e-13 -1.58644627648998e-13     0.244466339551158
TOTAL ENERGY: -127.211700566961	 lambda: -0.2	 population of target: 6.27374661890929
1RDM: 
     1.99999983043693 -6.35312361645767e-08  -8.0765546605824e-06  1.13457556044557e-05  5.16144795136294e-05 -6.15709287426035e-16 -8.06924983132037e-16 -4.82321115501385e-16 -3.64068753204206e-16 -0.000149580008679517
-6.35312361645767e-08      1.99999889207814 -1.38130784755915e-06  6.13393935874423e-05 -0.000166377562840111 -2.54461147372728e-15 -3.32186015132228e-15  1.05414792194502e-15  8.24853557737241e-16 -0.000667346526560957
 -8.0765546605824e-06 -1.38130784755915e-06      1.99815733846541  0.000859904530471201   0.00685446719924729 -9.68148008692782e-14 -1.25200578667864e-13 -1.38962980274226e-13 -1.06768172181374e-13   -0.0106496929403406
 1.13457556044557e-05  6.13393935874423e-05  0.000859904530471201      1.97352079576259    0.0116582021167356 -4.63268476033229e-13 -6.02001445848404e-13 -9.00011533609388e-13 -6.91748431457469e-13    0.0544676480058655
 5.16144795136294e-05 -0.000166377562840111   0.00685446719924729    0.0116582021167356      1.81524106827609  5.02019838527544e-12   6.5120621693681e-12  1.00203970618832e-11  7.71377381019947e-12    -0.160646932090498
-6.15709287426035e-16 -2.54461147372728e-15 -9.68148008692782e-14 -4.63268476033229e-13  5.02019838527544e-12      1.41058425113727   1.0911411750114e-14 -0.000118329489357371    -0.065845760541187  -1.7356603115697e-12
-8.06924983132037e-16 -3.32186015132228e-15 -1.25200578667864e-13 -6.02001445848404e-13   6.5120621693681e-12   1.0911411750114e-14      1.41058425113774   -0.0658457605413917  0.000118329489356152 -2.25156780110177e-12
-4.82321115501385e-16  1.05414792194502e-15 -1.38962980274226e-13 -9.00011533609388e-13  1.00203970618832e-11 -0.000118329489357371   -0.0658457605413917     0.594388301652138  -9.6945179746206e-15  -4.0447118955306e-12
-3.64068753204206e-16  8.24853557737241e-16 -1.06768172181374e-13 -6.91748431457469e-13  7.71377381019947e-12    -0.065845760541187  0.000118329489356152  -9.6945179746206e-15     0.594388301652588 -3.10831330395047e-12
-0.000149580008679517 -0.000667346526560957   -0.0106496929403406    0.0544676480058655    -0.160646932090498  -1.7356603115697e-12 -2.25156780110177e-12  -4.0447118955306e-12 -3.10831330395047e-12     0.203136969401122
TOTAL ENERGY: -127.235024202758	 lambda: -0.1	 population of target: 6.43118654304976
1RDM: 
     1.99999987460305 -9.49404352345194e-09 -3.15816000283102e-06  4.23977020471549e-06  1.90519687685409e-05  1.15910107772954e-18 -7.07575894663471e-18 -1.16094376394494e-17 -6.28938296501961e-18 -4.46350960213797e-05
-9.49404352345194e-09      1.99999923069414  7.75046086835545e-07   2.4521416696909e-05 -6.60445268537947e-05  2.96062708525071e-17  2.70145205946679e-18  2.49418587748011e-18 -3.73377869926913e-18 -0.000368028186835098
-3.15816000283102e-06  7.75046086835545e-07      1.99871406875552  0.000381299796081608   0.00252591553138823 -8.08841562954025e-17  -2.9908467988897e-16 -6.51122727137736e-16 -2.93370560794256e-16  -0.00250420819407709
 4.23977020471549e-06   2.4521416696909e-05  0.000381299796081608      1.98093512003242    0.0025273757303566  9.38019162586259e-16  1.57476245243114e-15  2.31208941075549e-15  1.30732690548956e-15    0.0314959051105712
 1.90519687685409e-05 -6.60445268537947e-05   0.00252591553138823    0.0025273757303566      1.82288700517927  -1.1997194927914e-14 -2.08954146414841e-14 -3.16513224534906e-14  -1.7655313545726e-14    -0.090512742376973
 1.15910107772954e-18  2.96062708525071e-17 -8.08841562954025e-17  9.38019162586259e-16  -1.1997194927914e-14       1.3702785869544 -5.73314273964998e-16 -4.63000273135377e-05   -0.0257624679174485  4.36271831667474e-15
-7.07575894663471e-18  2.70145205946679e-18  -2.9908467988897e-16  1.57476245243114e-15 -2.08954146414841e-14 -5.73314273964998e-16      1.37027858695462   -0.0257624679174671  4.63000273275975e-05  7.51014468824512e-15
-1.16094376394494e-17  2.49418587748011e-18 -6.51122727137736e-16  2.31208941075549e-15 -3.16513224534906e-14 -4.63000273135377e-05   -0.0257624679174671      0.63297285058746  9.47890009979058e-16  1.26865890815738e-14
-6.28938296501961e-18 -3.73377869926913e-18 -2.93370560794256e-16  1.30732690548956e-15  -1.7655313545726e-14   -0.0257624679174485  4.63000273275975e-05  9.47890009979058e-16     0.632972850587687  7.34640876983937e-15
-4.46350960213797e-05 -0.000368028186835098  -0.00250420819407709    0.0314959051105712    -0.090512742376973  4.36271831667474e-15  7.51014468824512e-15  1.26865890815738e-14  7.34640876983937e-15     0.190961825651501
TOTAL ENERGY: -127.243781474847	 lambda: 0	 population of target: 6.60535706127766
1RDM: 
      1.9999998924183  3.88785405956361e-15  2.74369361721923e-14  1.40969398267343e-12  4.18215697629719e-12 -6.22934351261673e-19 -1.05326410616556e-17 -1.23904299432994e-17 -6.46037824557723e-18 -3.36216851460024e-11
 3.88785405956361e-15      1.99999945592852 -9.74831870394439e-14  2.46654339289833e-12  -1.5096546212974e-11  2.66140922509529e-17 -8.27909725419322e-18  8.10535619474228e-18  -1.6761682409847e-18 -5.79222170472502e-11
 2.74369361721923e-14 -9.74831870394439e-14      1.99914406661361 -1.42477632570425e-11  2.56525422325285e-10 -3.69577545019444e-16 -7.84218500752092e-16 -1.09620136820815e-15 -5.05555410349113e-16 -1.37466959444009e-09
 1.40969398267343e-12  2.46654339289833e-12 -1.42477632570425e-11      1.98765396233152  9.61505602641056e-10  -2.4069384106117e-16 -4.99353013265002e-16 -7.33703871792612e-16 -3.47589045039881e-16  1.64944946264691e-09
 4.18215697629719e-12  -1.5096546212974e-11  2.56525422325285e-10  9.61505602641056e-10      1.77466683487894  1.44654988397128e-15  3.04895330573751e-15  4.01442596230129e-15   1.8669226651108e-15  1.65113633645195e-09
-6.22934351261673e-19  2.66140922509529e-17 -3.69577545019444e-16  -2.4069384106117e-16  1.44654988397128e-15      1.31609138236418 -3.62040532237814e-15 -1.83704990493286e-12 -1.05902184973338e-09 -3.97790531697334e-16
-1.05326410616556e-17 -8.27909725419322e-18 -7.84218500752092e-16 -4.99353013265002e-16  3.04895330573751e-15 -3.62040532237814e-15      1.31609138236442 -1.05905083125615e-09   1.8511424694477e-12 -8.07304598063763e-16
-1.23904299432994e-17  8.10535619474228e-18 -1.09620136820815e-15 -7.33703871792612e-16  4.01442596230129e-15 -1.83704990493286e-12 -1.05905083125615e-09     0.685911283452965  3.98839873909867e-15 -1.87932607131907e-15
-6.46037824557723e-18  -1.6761682409847e-18 -5.05555410349113e-16 -3.47589045039881e-16   1.8669226651108e-15 -1.05902184973338e-09   1.8511424694477e-12  3.98839873909867e-15       0.6859112834532 -8.68332277479311e-16
-3.36216851460024e-11 -5.79222170472502e-11 -1.37466959444009e-09  1.64944946264691e-09  1.65113633645195e-09 -3.97790531697334e-16 -8.07304598063763e-16 -1.87932607131907e-15 -8.68332277479311e-16     0.234530456194404
TOTAL ENERGY: -127.236818000664	 lambda: 0.1	 population of target: 6.75202619540789
1RDM: 
      1.9999998914039  -1.2755145110009e-08  1.40799229534571e-06 -2.06242882484447e-06  7.05233335541356e-06 -8.84494498659754e-19 -1.13303861725017e-17 -1.17972959570634e-17 -5.94497801184728e-18  9.75877106774995e-06
 -1.2755145110009e-08      1.99999949859186 -1.53515187951942e-06 -3.64409876896423e-06  2.26653480297027e-06  2.93855943246208e-17 -8.98005163428688e-18  9.28099796441632e-18 -1.34407394667713e-18  0.000349120476983873
 1.40799229534571e-06 -1.53515187951942e-06      1.99936347565919 -0.000355949074771816   0.00052603941879585 -4.09319034054424e-16 -8.30939104970097e-16 -1.04767417924871e-15 -4.57476236301013e-16  -0.00067531014576502
-2.06242882484447e-06 -3.64409876896423e-06 -0.000355949074771816      1.99165213791709   0.00573026561229583 -2.72533455167879e-16 -5.05153941150474e-16 -7.95594339644849e-16 -3.75068257096056e-16   -0.0298353025952247
 7.05233335541356e-06  2.26653480297027e-06   0.00052603941879585   0.00573026561229583      1.68826881263607  1.44760666741984e-15  2.79918163298924e-15  3.78447078889533e-15  1.66238999662284e-15     0.072622360404868
-8.84494498659754e-19  2.93855943246208e-17 -4.09319034054424e-16 -2.72533455167879e-16  1.44760666741984e-15      1.26104236920144  2.83994683015083e-15  2.28990026106502e-05    0.0127421763091307 -1.52838926477679e-16
-1.13303861725017e-17 -8.98005163428688e-18 -8.30939104970097e-16 -5.05153941150474e-16  2.79918163298924e-15  2.83994683015083e-15      1.26104236920117    0.0127421763091885 -2.28990026017824e-05 -2.46957410663071e-16
-1.17972959570634e-17  9.28099796441632e-18 -1.04767417924871e-15 -7.95594339644849e-16  3.78447078889533e-15  2.28990026106502e-05    0.0127421763091885     0.740200307529877 -3.00523476812207e-15 -1.43630024313426e-15
-5.94497801184728e-18 -1.34407394667713e-18 -4.57476236301013e-16 -3.75068257096056e-16  1.66238999662284e-15    0.0127421763091307 -2.28990026017824e-05 -3.00523476812207e-15     0.740200307529611 -7.70673337708356e-16
 9.75877106774995e-06  0.000349120476983873  -0.00067531014576502   -0.0298353025952247     0.072622360404868 -1.52838926477679e-16 -2.46957410663071e-16 -1.43630024313426e-15 -7.70673337708356e-16     0.318230830329847
TOTAL ENERGY: -127.222102201432	 lambda: 0.2	 population of target: 6.85255491601583
1RDM: 
     1.99999987894595 -2.92771392724828e-08  1.56294200305682e-06 -2.96144222489457e-06  3.09030144290895e-05  -1.0951564350946e-18 -1.19913450455984e-17 -1.14183179257829e-17   -5.635645864579e-18  1.97174374096954e-05
-2.92771392724828e-08      1.99999940338314 -2.66564902751491e-06  7.67059072938303e-06  -4.5035139712257e-05  3.14276923646467e-17 -9.81779041787233e-18  9.91110472261271e-18 -8.43169752845459e-19  0.000621737843139142
 1.56294200305682e-06 -2.66564902751491e-06      1.99937769275845 -0.000697992058667798   0.00297621424968157 -4.33745390659593e-16 -8.59521580243712e-16 -1.00566377377018e-15 -4.24427754984497e-16  -0.00142248418159302
-2.96144222489457e-06  7.67059072938303e-06 -0.000697992058667798      1.99301015451329    0.0156651551492206 -2.76088751767993e-16 -4.74592402820737e-16 -8.14605453357183e-16 -3.90576795483009e-16   -0.0517726527032532
 3.09030144290895e-05  -4.5035139712257e-05   0.00297621424968157    0.0156651551492206      1.60353104518711  1.36396450505719e-15  2.47826228204793e-15  3.45930983805842e-15  1.48453613467129e-15     0.116885584500459
 -1.0951564350946e-18  3.14276923646467e-17 -4.33745390659593e-16 -2.76088751767993e-16  1.36396450505719e-15      1.21845024462708 -1.32489606804257e-15  3.22389817243113e-05    0.0179397130032996  4.78590346667268e-17
-1.19913450455984e-17 -9.81779041787233e-18 -8.59521580243712e-16 -4.74592402820737e-16  2.47826228204793e-15 -1.32489606804257e-15      1.21845024462707    0.0179397130033009 -3.22389817160395e-05  1.30814298180525e-16
-1.14183179257829e-17  9.91110472261271e-18 -1.00566377377018e-15 -8.14605453357183e-16  3.45930983805842e-15  3.22389817243113e-05    0.0179397130033009     0.782389024868802  1.29317320159058e-15  -1.0475681622305e-15
  -5.635645864579e-18 -8.43169752845459e-19 -4.24427754984497e-16 -3.90576795483009e-16  1.48453613467129e-15    0.0179397130032996 -3.22389817160395e-05  1.29317320159058e-15     0.782389024868785 -6.60204253604221e-16
 1.97174374096954e-05  0.000621737843139142  -0.00142248418159302   -0.0517726527032532     0.116885584500459  4.78590346667268e-17  1.30814298180525e-16  -1.0475681622305e-15 -6.60204253604221e-16     0.402403286220368
TOTAL ENERGY: -127.206094403675	 lambda: 0.3	 population of target: 6.91749625786368
1RDM: 
     1.99999986073454 -4.64423950922708e-08  1.22231822031731e-06 -2.93593818106569e-06  5.70808227675239e-05 -1.26754126698234e-18 -1.24829810414783e-17 -1.12260033027782e-17 -5.48744981256179e-18  4.40814366914741e-05
-4.64423950922708e-08      1.99999924577626 -3.61207580928545e-06  2.47021967622938e-05 -0.000115410067162634  3.27145088288223e-17 -1.06171657364706e-17  1.02074807982438e-17 -3.54790737813384e-19  0.000819830109759468
 1.22231822031731e-06 -3.61207580928545e-06      1.99925909930682 -0.000992519166791723   0.00577812327941345  -4.4589344268943e-16 -8.73017248974174e-16 -9.72885356594779e-16 -4.02108376011108e-16  -0.00102986893822037
-2.93593818106569e-06  2.47021967622938e-05 -0.000992519166791723      1.99289145491467    0.0259618090010876  -2.6501676971874e-16 -4.31689789257892e-16 -8.13574079894055e-16 -3.97959038205486e-16   -0.0663276920527484
 5.70808227675239e-05 -0.000115410067162634   0.00577812327941345    0.0259618090010876      1.54060929435991  1.28414698671759e-15  2.22680696582359e-15  3.21623524645444e-15  1.37315417605483e-15     0.143549611315818
-1.26754126698234e-18  3.27145088288223e-17  -4.4589344268943e-16  -2.6501676971874e-16  1.28414698671759e-15      1.19082733909687  3.01882470035151e-17   3.6275928293436e-05    0.0201861836383519  1.89907288492049e-16
-1.24829810414783e-17 -1.06171657364706e-17 -8.73017248974174e-16 -4.31689789257892e-16  2.22680696582359e-15  3.01882470035151e-17      1.19082733909675    0.0201861836383512 -3.62759282870702e-05  3.59003896166455e-16
-1.12260033027782e-17  1.02074807982438e-17 -9.72885356594779e-16 -8.13574079894055e-16  3.21623524645444e-15   3.6275928293436e-05    0.0201861836383512     0.809809796333535 -2.66529282675639e-16 -7.71132597515542e-16
-5.48744981256179e-18 -3.54790737813384e-19 -4.02108376011108e-16 -3.97959038205486e-16  1.37315417605483e-15    0.0201861836383519 -3.62759282870702e-05 -2.66529282675639e-16     0.809809796333418 -5.77299114171101e-16
 4.40814366914741e-05  0.000819830109759468  -0.00102986893822037   -0.0663276920527484     0.143549611315818  1.89907288492049e-16  3.59003896166455e-16 -7.71132597515542e-16 -5.77299114171101e-16     0.465966774047288
TOTAL ENERGY: -127.190535773182	 lambda: 0.4	 population of target: 6.96227555985355
1RDM: 
     1.99999983830685 -6.67846230240675e-08   8.1812273459608e-07 -1.96234213650901e-06  7.80503883680269e-05 -1.42183081077811e-18 -1.28435058363208e-17 -1.11786216050093e-17 -5.44940526130484e-18  8.38218779278206e-05
-6.67846230240675e-08      1.99999907250822 -4.97168754012112e-06  4.21121849227759e-05 -0.000192939711877795  3.34206546673373e-17 -1.13099353768104e-17  1.03350993508027e-17  5.57069157880877e-20  0.000964004964357137
  8.1812273459608e-07 -4.97168754012112e-06      1.99904927415937  -0.00122449249233052   0.00814075242371003 -4.50125986570903e-16 -8.76347960091737e-16 -9.48153170325154e-16 -3.86414461623942e-16  0.000538944014155773
-1.96234213650901e-06  4.21121849227759e-05  -0.00122449249233052      1.99217106080622    0.0351001786914992 -2.47457116014012e-16 -3.86927642331747e-16 -8.05035197853741e-16 -4.00657895430719e-16   -0.0758894702610972
 7.80503883680269e-05 -0.000192939711877795   0.00814075242371003    0.0351001786914992      1.50145564621479  1.23200315471816e-15  2.05509455282309e-15  3.08143100387782e-15  1.32160554363405e-15     0.164112167453412
-1.42183081077811e-18  3.34206546673373e-17 -4.50125986570903e-16 -2.47457116014012e-16  1.23200315471816e-15      1.17551805289377 -1.46274095058637e-15  3.91301258106656e-05    0.0217743403361805  3.02049217077531e-16
-1.28435058363208e-17 -1.13099353768104e-17 -8.76347960091737e-16 -3.86927642331747e-16  2.05509455282309e-15 -1.46274095058637e-15      1.17551805289373    0.0217743403361885 -3.91301258047198e-05  5.14730496021874e-16
-1.11786216050093e-17  1.03350993508027e-17 -9.48153170325154e-16 -8.05035197853741e-16  3.08143100387782e-15  3.91301258106656e-05    0.0217743403361885      0.82502275203547   1.3368543796641e-15 -5.70123963173782e-16
-5.44940526130484e-18  5.57069157880877e-20 -3.86414461623942e-16 -4.00657895430719e-16  1.32160554363405e-15    0.0217743403361805 -3.91301258047198e-05   1.3368543796641e-15      0.82502275203543 -5.20746503005372e-16
 8.38218779278206e-05  0.000964004964357137  0.000538944014155773   -0.0758894702610972     0.164112167453412  3.02049217077531e-16  5.14730496021874e-16 -5.70123963173782e-16 -5.20746503005372e-16     0.506243498146163
TOTAL ENERGY: -127.174382561133	 lambda: 0.5	 population of target: 6.99825155805565
1RDM: 
     1.99999981013362 -9.20131893260197e-08  4.75239229277073e-07 -5.11306959047898e-08  9.06932651089908e-05 -1.56780944829016e-18  -1.3098446535547e-17 -1.12430389740614e-17 -5.48778195912685e-18  0.000137338409503505
-9.20131893260197e-08      1.99999890556482  -7.2987154479823e-06  5.76073732917403e-05 -0.000271461832140932  3.36858144391797e-17 -1.18681884365065e-17  1.03612164033451e-17  3.51173519256487e-19   0.00107055949048868
 4.75239229277073e-07  -7.2987154479823e-06      1.99873919430499  -0.00140305965918498   0.00978225890903703 -4.49446697414761e-16 -8.73017647961793e-16 -9.29905395705472e-16 -3.75068957835174e-16   0.00308570165016449
-5.11306959047898e-08  5.76073732917403e-05  -0.00140305965918498      1.99128750236169    0.0428143873895539 -2.26027963343085e-16 -3.41425657628191e-16 -7.98919143260196e-16 -4.02499026738984e-16   -0.0822840688034976
 9.06932651089908e-05 -0.000271461832140932   0.00978225890903703    0.0428143873895539      1.48289327282083  1.20800460543261e-15   1.9364892893164e-15  3.07626418652645e-15  1.33432194920399e-15     0.186226997664269
-1.56780944829016e-18  3.36858144391797e-17 -4.49446697414761e-16 -2.26027963343085e-16  1.20800460543261e-15      1.16996050978642 -5.61921717405083e-16  4.26878809016049e-05    0.0237540552676293  4.03197690226853e-16
 -1.3098446535547e-17 -1.18681884365065e-17 -8.73017647961793e-16 -3.41425657628191e-16   1.9364892893164e-15 -5.61921717405083e-16      1.16996050978647     0.023754055267641 -4.26878808950473e-05   6.2877226098168e-16
-1.12430389740614e-17  1.03612164033451e-17 -9.29905395705472e-16 -7.98919143260196e-16  3.07626418652645e-15  4.26878809016049e-05     0.023754055267641     0.830545074299595  6.38930539414522e-16 -3.89183217963697e-16
-5.48778195912685e-18  3.51173519256487e-19 -3.75068957835174e-16 -4.02499026738984e-16  1.33432194920399e-15    0.0237540552676293 -4.26878808950473e-05  6.38930539414522e-16     0.830545074299644 -4.77650362624213e-16
 0.000137338409503505   0.00107055949048868   0.00308570165016449   -0.0822840688034976     0.186226997664269  4.03197690226853e-16   6.2877226098168e-16 -3.89183217963697e-16 -4.77650362624213e-16     0.526070146641929
TOTAL ENERGY: -127.154792852383	 lambda: 0.6	 population of target: 7.03381645044966
1RDM: 
     1.99999977304705 -1.21888187221537e-07  1.75325961631499e-07  2.75994678901367e-06  9.23339732409214e-05 -1.71894221470246e-18 -1.32765868137208e-17 -1.13890245512112e-17  -5.5814573775755e-18   0.00020368241399922
-1.21888187221537e-07      1.99999875494704  -1.1208583626158e-05  7.01258723034902e-05 -0.000349559895106711  3.35260596593499e-17 -1.23789588247985e-17  1.04409556282286e-17  5.36912031079542e-19   0.00114842716936007
 1.75325961631499e-07  -1.1208583626158e-05      1.99827104355743  -0.00155121243182141    0.0105419973964675 -4.45192003534941e-16 -8.64106958673256e-16  -9.1972096582422e-16 -3.68072824431139e-16   0.00646815107474724
 2.75994678901367e-06  7.01258723034902e-05  -0.00155121243182141      1.99044044851267    0.0491945723015863 -2.05737298665411e-16 -3.06420204034725e-16 -7.84139300488608e-16 -3.99335513761394e-16   -0.0865849306977709
 9.23339732409214e-05 -0.000349559895106711    0.0105419973964675    0.0491945723015863      1.48205855252867   1.2415040442603e-15   1.9343065244679e-15  3.14562412723657e-15  1.39452751592099e-15      0.21575052096419
-1.71894221470246e-18  3.35260596593499e-17 -4.45192003534941e-16 -2.05737298665411e-16   1.2415040442603e-15      1.17302767578912 -3.61123967584926e-16  4.81773196203368e-05     0.026808811374981  5.48291200060152e-16
-1.32765868137208e-17 -1.23789588247985e-17 -8.64106958673256e-16 -3.06420204034725e-16   1.9343065244679e-15 -3.61123967584926e-16      1.17302767578923    0.0268088113750179  -4.8177319613236e-05  8.17947934555147e-16
-1.13890245512112e-17  1.04409556282286e-17  -9.1972096582422e-16 -7.84139300488608e-16  3.14562412723657e-15  4.81773196203368e-05    0.0268088113750179     0.827488042336037  5.65952986884726e-16 -2.73717226142957e-16
 -5.5814573775755e-18  5.36912031079542e-19 -3.68072824431139e-16 -3.99335513761394e-16  1.39452751592099e-15     0.026808811374981  -4.8177319613236e-05  5.65952986884726e-16     0.827488042336153 -4.70031094012576e-16
  0.00020368241399922   0.00114842716936007   0.00646815107474724   -0.0865849306977709      0.21575052096419  5.48291200060152e-16  8.17947934555147e-16 -2.73717226142957e-16 -4.70031094012576e-16     0.528199991156671
TOTAL ENERGY: -127.126450493019	 lambda: 0.7	 population of target: 7.07725788260646
1RDM: 
     1.99999972281739 -1.54589869804226e-07 -1.76288718346372e-07  6.45735897924614e-06  7.83105177883302e-05 -1.86580733770155e-18 -1.33306467900497e-17 -1.16379656317805e-17 -5.73760960207482e-18  0.000282528470715025
-1.54589869804226e-07      1.99999862430755 -1.77046160223399e-05  7.88442217802267e-05 -0.000427177311802813  3.29863867332021e-17 -1.26563855375695e-17  1.04186294985029e-17  4.71192079324093e-19   0.00120065075150729
-1.76288718346372e-07 -1.77046160223399e-05      1.99752032305308  -0.00170142265806868     0.010172384593275 -4.38689420610083e-16 -8.51651036131239e-16 -9.12346177648987e-16 -3.63585308987437e-16    0.0106225715028076
 6.45735897924614e-06  7.88442217802267e-05  -0.00170142265806868      1.98973103270997    0.0543092454082938 -1.77036572464361e-16 -2.58219295154918e-16 -7.88813500015841e-16 -4.01713439195973e-16   -0.0893789791237413
