Naturals in-correctTOTAL ENERGY: -126.585224977993	 lambda: -1	 population of target: 5.35828952463806
1RDM: 
     1.99999960983168 -9.53543278298359e-07 -3.31979103326032e-05  8.99051574572162e-05 -1.12509006266647e-05  -6.4125939723242e-14  5.97219079687348e-14 -1.10312593306083e-13  1.19452482251153e-13 -0.000644184027619795
-9.53543278298359e-07      1.99999551435838 -8.72267065864565e-05  0.000276955045613563 -0.000373950460363253 -7.22800040786604e-14  6.03623977373254e-14 -1.17373491662436e-13   1.4576752371322e-13  -0.00240863426665028
-3.31979103326032e-05 -8.72267065864565e-05      1.99620817734766    0.0102150542155745  9.83573385412093e-05  -6.6449386037412e-12  6.20220788620297e-12 -1.14212152716786e-11  1.23029761366688e-11   -0.0656556644516941
 8.99051574572162e-05  0.000276955045613563    0.0102150542155745      1.93205126584154    0.0151842817343815 -2.53348271333506e-12  2.28655216378467e-12 -1.03231083877285e-13 -8.96203426757986e-13     0.154629664546193
-1.12509006266647e-05 -0.000373950460363253  9.83573385412093e-05    0.0151842817343815      1.86737367767457  3.26832327359793e-11 -3.07173636753455e-11  5.12784383694512e-11 -5.41083452359842e-11    -0.224422759156506
 -6.4125939723242e-14 -7.22800040786604e-14  -6.6449386037412e-12 -2.53348271333506e-12  3.26832327359793e-11      1.48898910966086 -6.48242238171992e-15   0.00132569875417206      0.46611981642766 -1.00763357686097e-11
 5.97219079687348e-14  6.03623977373254e-14  6.20220788620297e-12  2.28655216378467e-12 -3.07173636753455e-11 -6.48242238171992e-15      1.48898910966073     0.466119816427138   -0.0013256987541548  1.04663114021105e-11
-1.10312593306083e-13 -1.17373491662436e-13 -1.14212152716786e-11 -1.03231083877285e-13  5.12784383694512e-11   0.00132569875417206     0.466119816427138     0.531589422379956  6.21618228044272e-15 -1.37730147100403e-11
 1.19452482251153e-13   1.4576752371322e-13  1.23029761366688e-11 -8.96203426757986e-13 -5.41083452359842e-11      0.46611981642766   -0.0013256987541548  6.21618228044272e-15     0.531589422379868  1.53046750285082e-11
-0.000644184027619795  -0.00240863426665028   -0.0656556644516941     0.154629664546193    -0.224422759156506 -1.00763357686097e-11  1.04663114021105e-11 -1.37730147100403e-11  1.53046750285082e-11     0.163214690864891
TOTAL ENERGY: -126.765312716723	 lambda: -0.9	 population of target: 5.54809827818933
1RDM: 
     1.99999957577531 -9.52957302187667e-07 -3.51263354379222e-05  8.10854083513599e-05  1.90442227821434e-05 -6.46422433687779e-14  5.96588994699734e-14 -1.11272985392448e-13  1.20804694526093e-13  -0.00071501844584516
-9.52957302187667e-07      1.99999631091807 -8.38213057291362e-05   0.00021457855669886 -0.000218236483452577 -5.01797248138533e-14  4.10739514556609e-14 -9.10381546822695e-14  1.14605760470979e-13  -0.00209408353481504
-3.51263354379222e-05 -8.38213057291362e-05      1.99601645630469    0.0086426378789176   0.00462884418179763 -5.80814990802559e-12  5.47565984399867e-12 -1.05874018666517e-11  1.12757497209235e-11   -0.0705898365526075
 8.10854083513599e-05   0.00021457855669886    0.0086426378789176      1.94270697326688   0.00859612436658722  7.55382705350676e-14  3.29161493552832e-13  3.21768968437299e-13 -1.63265924195612e-12      0.12412685435163
 1.90442227821434e-05 -0.000218236483452577   0.00462884418179763   0.00859612436658722      1.84118751315769  2.81830118470633e-11 -2.68947066706301e-11  4.90195987167771e-11 -5.11469915870797e-11    -0.113154868771986
-6.46422433687779e-14 -5.01797248138533e-14 -5.80814990802559e-12  7.55382705350676e-14  2.81830118470633e-11       1.4962620352553 -6.63400719651039e-15   0.00122046591295293     0.429120274509369  -3.3781112161039e-12
 5.96588994699734e-14  4.10739514556609e-14  5.47565984399867e-12  3.29161493552832e-13 -2.68947066706301e-11 -6.63400719651039e-15      1.49626203525517       0.4291202745106  -0.00122046591291408  4.27329265999089e-12
-1.11272985392448e-13 -9.10381546822695e-14 -1.05874018666517e-11  3.21768968437299e-13  4.90195987167771e-11   0.00122046591295293       0.4291202745106      0.52277224508218  6.62348333241371e-15 -9.16948895303044e-12
 1.20804694526093e-13  1.14605760470979e-13  1.12757497209235e-11 -1.63265924195612e-12 -5.11469915870797e-11     0.429120274509369  -0.00122046591291408  6.62348333241371e-15        0.522772245082  1.01645075521207e-11
 -0.00071501844584516  -0.00209408353481504   -0.0705898365526075      0.12412685435163    -0.113154868771986  -3.3781112161039e-12  4.27329265999089e-12 -9.16948895303044e-12  1.01645075521207e-11     0.182024609902745
TOTAL ENERGY: -126.920686767008	 lambda: -0.8	 population of target: 5.73049453540496
1RDM: 
     1.99999951335191 -8.77147096835025e-07 -3.94527656342266e-05  6.75358406194202e-05  7.89585700903315e-05 -6.16846926881762e-14  5.68069560261198e-14 -1.07717889214577e-13  1.16943399694577e-13 -0.000756795540702591
-8.77147096835025e-07      1.99999702994568 -7.21946840828409e-05  0.000173619750286709 -0.000185716483015694 -4.38244968921167e-14  3.50048387023332e-14 -7.74752058787433e-14  9.93777155766769e-14  -0.00173555267036003
-3.94527656342266e-05 -7.21946840828409e-05      1.99565540434454   0.00652425535999493    0.0117250331358109  -5.3360256208421e-12  5.01804357067149e-12 -1.00004941250753e-11  1.06557817018461e-11   -0.0711667177226712
 6.75358406194202e-05  0.000173619750286709   0.00652425535999493      1.95063944193159    0.0147701578335479  3.17217490136137e-13  8.83289945833756e-14 -8.90202031762517e-14 -1.12656063924421e-12    0.0949969389001241
 7.89585700903315e-05 -0.000185716483015694    0.0117250331358109    0.0147701578335479      1.76209889799914  2.35483522003365e-11 -2.24768836583761e-11  4.53224956787254e-11 -4.73928520715846e-11   -0.0522930496047414
-6.16846926881762e-14 -4.38244968921167e-14  -5.3360256208421e-12  3.17217490136137e-13  2.35483522003365e-11      1.47564473985094 -3.81657204079529e-15   0.00110187962518252      0.38742418720317 -6.69496456327939e-14
 5.68069560261198e-14  3.50048387023332e-14  5.01804357067149e-12  8.83289945833756e-14 -2.24768836583761e-11 -3.81657204079529e-15      1.47564473985113     0.387424187204502  -0.00110187962513834  1.02736024418968e-12
-1.07717889214577e-13 -7.74752058787433e-14 -1.00004941250753e-11 -8.90202031762517e-14  4.53224956787254e-11   0.00110187962518252     0.387424187204502     0.541546228360379  4.83432854358794e-15 -5.84962021393408e-12
 1.16943399694577e-13  9.93777155766769e-14  1.06557817018461e-11 -1.12656063924421e-12 -4.73928520715846e-11      0.38742418720317  -0.00110187962513834  4.83432854358794e-15     0.541546228360517  6.62931153028597e-12
-0.000756795540702591  -0.00173555267036003   -0.0711667177226712    0.0949969389001241   -0.0522930496047414 -6.69496456327939e-14  1.02736024418968e-12 -5.84962021393408e-12  6.62931153028597e-12     0.257227776004214
TOTAL ENERGY: -127.018675832074	 lambda: -0.7	 population of target: 5.86052995896246
1RDM: 
     1.99999949236553 -7.21759577062934e-07 -4.04401622055588e-05  5.31266355949993e-05  0.000126994304366689 -6.48643759379996e-14  5.98997375373558e-14 -1.06900181850622e-13  1.15637007948493e-13   -0.0007249457583562
-7.21759577062934e-07      1.99999751350079 -5.44671802231164e-05  0.000158259330126691 -0.000251502086574297 -2.38076954124643e-14  1.52182431989587e-14 -5.06355372800895e-14  7.05465747899607e-14  -0.00145188970063839
-4.04401622055588e-05 -5.44671802231164e-05      1.99559478292751   0.00455213271392015     0.017146008607636 -3.68099366855025e-12  3.38699961935091e-12 -7.22636866549627e-12  7.78437548037368e-12    -0.064904348976119
 5.31266355949993e-05  0.000158259330126691   0.00455213271392015      1.95466262701596    0.0267573034292379  6.87021243697634e-12  -6.3615394540365e-12  5.35727082949119e-12 -6.63173817185395e-12    0.0782660432043538
 0.000126994304366689 -0.000251502086574297     0.017146008607636    0.0267573034292379      1.68563027593227 -7.95560070470342e-13   1.3739979468148e-12  1.07350770700734e-11 -1.19233914229296e-11   -0.0655647611796695
-6.48643759379996e-14 -2.38076954124643e-14 -3.68099366855025e-12  6.87021243697634e-12 -7.95560070470342e-13      1.44322724380281 -4.83890428297434e-15  0.000962245097420544     0.338328275769593  6.11477885116169e-12
 5.98997375373558e-14  1.52182431989587e-14  3.38699961935091e-12  -6.3615394540365e-12   1.3739979468148e-12 -4.83890428297434e-15      1.44322724380293     0.338328275770438 -0.000962245097404899 -5.19731808362297e-12
-1.06900181850622e-13 -5.06355372800895e-14 -7.22636866549627e-12  5.35727082949119e-12  1.07350770700734e-11  0.000962245097420544     0.338328275770438     0.571844237704252  5.20229107482963e-15  6.43455020410886e-12
 1.15637007948493e-13  7.05465747899607e-14  7.78437548037368e-12 -6.63173817185395e-12 -1.19233914229296e-11     0.338328275769593 -0.000962245097404899  5.20229107482963e-15     0.571844237704346 -6.03262911716741e-12
  -0.0007249457583562  -0.00145188970063839    -0.064904348976119    0.0782660432043538   -0.0655647611796695  6.11477885116169e-12 -5.19731808362297e-12  6.43455020410886e-12 -6.03262911716741e-12     0.333972345243727
TOTAL ENERGY: -127.074110546664	 lambda: -0.6	 population of target: 5.94538355571192
1RDM: 
     1.99999954078566 -5.46287830934495e-07 -3.58280689382986e-05  4.23314982044596e-05  0.000137150751501129 -6.18040473063625e-14  5.67211850607432e-14 -9.75427375942629e-14  1.05419374201202e-13 -0.000631139545594096
-5.46287830934495e-07      1.99999780991735 -3.65521845389098e-05  0.000154361936692407 -0.000336377976688334 -3.40812769365371e-14  2.45125263463079e-14 -5.68082964222083e-14  7.59948416708437e-14  -0.00127494476252757
-3.58280689382986e-05 -3.65521845389098e-05      1.99601158471594   0.00317751266379962    0.0186270931668399  -3.7041189768103e-12  3.36791561233331e-12 -6.69094854377138e-12  7.22079151101934e-12   -0.0534904687709223
 4.23314982044596e-05  0.000154361936692407   0.00317751266379962      1.95669023559749    0.0359878176468077  5.00609780271622e-12  -4.7160738125916e-12  4.30834410263904e-12 -5.27699799567175e-12    0.0741533379876815
 0.000137150751501129 -0.000336377976688334    0.0186270931668399    0.0359878176468077      1.64945224175971  -1.0067663649907e-12  2.78125903747134e-12  5.31019414897182e-12 -7.88761777138794e-12    -0.130318480936226
-6.18040473063625e-14 -3.40812769365371e-14  -3.7041189768103e-12  5.00609780271622e-12  -1.0067663649907e-12      1.41222793501375   2.0813182063046e-15  0.000793385098531465     0.278958904114578 -2.07973039519864e-13
 5.67211850607432e-14  2.45125263463079e-14  3.36791561233331e-12  -4.7160738125916e-12  2.78125903747134e-12   2.0813182063046e-15      1.41222793501413     0.278958904116061 -0.000793385098482208  2.94588596548408e-13
-9.75427375942629e-14 -5.68082964222083e-14 -6.69094854377138e-12  4.30834410263904e-12  5.31019414897182e-12  0.000793385098531465     0.278958904116061     0.600388067927418 -3.71216424820571e-16  4.57704969454413e-12
 1.05419374201202e-13  7.59948416708437e-14  7.22079151101934e-12 -5.27699799567175e-12 -7.88761777138794e-12     0.278958904114578 -0.000793385098482208 -3.71216424820571e-16     0.600388067927743 -3.40188294578833e-12
-0.000631139545594096  -0.00127494476252757   -0.0534904687709223    0.0741533379876815    -0.130318480936226 -2.07973039519864e-13  2.94588596548408e-13  4.57704969454413e-12 -3.40188294578833e-12     0.372616581340884
TOTAL ENERGY: -127.108456650648	 lambda: -0.5	 population of target: 6.007643739004
1RDM: 
     1.99999963543477 -3.87251580102792e-07 -2.76542016944048e-05  3.49726837206113e-05  0.000119619134296501   -5.613767124023e-14  5.10690201628091e-14 -8.22952969006295e-14  8.89742776631842e-14 -0.000500459769821106
-3.87251580102792e-07      1.99999802901936 -2.16935471911506e-05   0.00014925816554467 -0.000386819865867933 -4.67410676834115e-14  3.72678519537925e-14 -6.30146006204308e-14  8.11631495864161e-14  -0.00116970234529859
-2.76542016944048e-05 -2.16935471911506e-05      1.99672757054112   0.00233959278308607    0.0170439670448891 -4.63171179798989e-12  4.25758379628963e-12 -7.20093892959745e-12  7.68783646314937e-12   -0.0394231366396007
 3.49726837206113e-05   0.00014925816554467   0.00233959278308607      1.95851397896137    0.0391428331642562  1.70761660784262e-12 -1.47561388556324e-12  1.62747345829567e-12 -2.52402826940657e-12    0.0772107485476699
 0.000119619134296501 -0.000386819865867933    0.0170439670448891    0.0391428331642562      1.65621735130975   1.0544181246802e-11 -8.43954712360744e-12  1.55176544098225e-11 -1.80944869560609e-11    -0.210741308497336
  -5.613767124023e-14 -4.67410676834115e-14 -4.63171179798989e-12  1.70761660784262e-12   1.0544181246802e-11      1.38468226629527  9.73455795366807e-15  0.000608310138346399     0.213877936781336  -1.1308035179288e-11
 5.10690201628091e-14  3.72678519537925e-14  4.25758379628963e-12 -1.47561388556324e-12 -8.43954712360744e-12  9.73455795366807e-15      1.38468226629498     0.213877936780967 -0.000608310138278802  1.08641526219933e-11
-8.22952969006295e-14 -6.30146006204308e-14 -7.20093892959745e-12  1.62747345829567e-12  1.55176544098225e-11  0.000608310138346399     0.213877936780967     0.625304650284776 -9.50784165333526e-15 -5.64125828903674e-12
 8.89742776631842e-14  8.11631495864161e-14  7.68783646314937e-12 -2.52402826940657e-12 -1.80944869560609e-11     0.213877936781336 -0.000608310138278802 -9.50784165333526e-15     0.625304650284505  7.22172988708647e-12
-0.000500459769821106  -0.00116970234529859   -0.0394231366396007    0.0772107485476699    -0.210741308497336  -1.1308035179288e-11  1.08641526219933e-11 -5.64125828903674e-12  7.22172988708647e-12     0.368569601574121
TOTAL ENERGY: -127.134928299491	 lambda: -0.4	 population of target: 6.06657569906031
1RDM: 
      1.9999997384466 -2.51741448696503e-07 -1.90770591829085e-05  2.84343351469182e-05  9.50064271846964e-05 -5.44966649095608e-14   4.9104875065694e-14 -7.18479196190699e-14  7.76755845222879e-14 -0.000353849333045639
-2.51741448696503e-07      1.99999825382286 -1.05999042579272e-05  0.000135935939226922 -0.000380517992901201 -4.28507295145449e-14  3.30588979300613e-14 -6.07473800900518e-14  7.75995742999624e-14  -0.00108392072231962
-1.90770591829085e-05 -1.05999042579272e-05      1.99747324063158   0.00177596273143551    0.0140970616586552 -4.54169423116894e-12  4.12859596310815e-12 -6.23045620558326e-12  6.65769372920169e-12   -0.0249667655321022
 2.84343351469182e-05  0.000135935939226922   0.00177596273143551        1.961132395877    0.0360091243746392  1.90745994197105e-12 -1.83182338538346e-12  2.73104483511005e-12 -3.43107818146023e-12    0.0810670070168037
 9.50064271846964e-05 -0.000380517992901201    0.0140970616586552    0.0360091243746392      1.69478041121605  5.76763559100719e-12 -1.88065628636871e-12 -6.53424880964635e-13 -3.87487782971027e-12    -0.271926021762379
-5.44966649095608e-14 -4.28507295145449e-14 -4.54169423116894e-12  1.90745994197105e-12  5.76763559100719e-12      1.36151721633012  1.44740726154932e-14  0.000432394589682748     0.152029104607705 -1.50374803703958e-11
  4.9104875065694e-14  3.30588979300613e-14  4.12859596310815e-12 -1.83182338538346e-12 -1.88065628636871e-12  1.44740726154932e-14      1.36151721632952      0.15202910460682 -0.000432394589623788  1.36477775240356e-11
-7.18479196190699e-14 -6.07473800900518e-14 -6.23045620558326e-12  2.73104483511005e-12 -6.53424880964635e-13  0.000432394589682748      0.15202910460682      0.64600095036065 -1.53217956414794e-14 -4.44849309105826e-12
 7.76755845222879e-14  7.75995742999624e-14  6.65769372920169e-12 -3.43107818146023e-12 -3.87487782971027e-12     0.152029104607705 -0.000432394589623788 -1.53217956414794e-14     0.646000950360092  7.29865710166628e-12
-0.000353849333045639  -0.00108392072231962   -0.0249667655321022    0.0810670070168037    -0.271926021762379 -1.50374803703958e-11  1.36477775240356e-11 -4.44849309105826e-12  7.29865710166628e-12       0.3315796266255
TOTAL ENERGY: -127.161012661036	 lambda: -0.3	 population of target: 6.14176412288628
1RDM: 
     1.99999982353812 -1.38030049029577e-07 -1.20298156199866e-05  2.07817174108479e-05   7.2186335552766e-05 -5.45678382247539e-14  4.93372215289536e-14 -6.35725415529983e-14  6.83819362076131e-14 -0.000207367493914395
-1.38030049029577e-07      1.99999853500661 -3.02964708204202e-06   0.00011076228104498 -0.000314738153509442 -4.29032029126124e-14  3.49924798189241e-14 -5.40156768908882e-14  7.00210227085384e-14 -0.000966012543235278
-1.20298156199866e-05 -3.02964708204202e-06      1.99809911011021   0.00128400192371025    0.0105583732111107 -4.80891224522386e-12  4.44486399750498e-12 -5.83169428421586e-12  6.11603866021956e-12   -0.0118590620116265
 2.07817174108479e-05   0.00011076228104498   0.00128400192371025      1.96530064442741    0.0272194985202539  2.50757426697274e-13  4.82405048436487e-14  7.57092785778094e-13 -1.80474428983648e-12    0.0798903942763046
  7.2186335552766e-05 -0.000314738153509442    0.0105583732111107    0.0272194985202539      1.75166403385436  1.98358299289746e-11 -1.86549003007674e-11  1.72352724227654e-11 -1.74773455300266e-11    -0.287446365539851
-5.45678382247539e-14 -4.29032029126124e-14 -4.80891224522386e-12  2.50757426697274e-13  1.98358299289746e-11       1.3434648586171 -6.47698601280647e-15  0.000280929767486785    0.0987752505425641  -2.2433892600514e-11
 4.93372215289536e-14  3.49924798189241e-14  4.44486399750498e-12  4.82405048436487e-14 -1.86549003007674e-11 -6.47698601280647e-15      1.34346485861712    0.0987752505426829  -0.00028092976748888  2.18705011218055e-11
-6.35725415529983e-14 -5.40156768908882e-14 -5.83169428421586e-12  7.57092785778094e-13  1.72352724227654e-11  0.000280929767486785    0.0987752505426829     0.661947144042885  6.27649818097488e-15 -1.64027491018501e-11
 6.83819362076131e-14  7.00210227085384e-14  6.11603866021956e-12 -1.80474428983648e-12 -1.74773455300266e-11    0.0987752505425641  -0.00028092976748888  6.27649818097488e-15     0.661947144042905  1.77365194171123e-11
-0.000207367493914395 -0.000966012543235278   -0.0118590620116265    0.0798903942763046    -0.287446365539851  -2.2433892600514e-11  2.18705011218055e-11 -1.64027491018501e-11  1.77365194171123e-11     0.274113847743348
TOTAL ENERGY: -127.189869785416	 lambda: -0.2	 population of target: 6.25908677135419
1RDM: 
     1.99999988175332 -5.14508993137929e-08 -6.76451039154214e-06  1.21707530146691e-05  4.57705586671848e-05 -5.45454562766577e-14  4.89509138209033e-14 -5.41131468008084e-14  5.77953534308819e-14 -8.09153017504646e-05
-5.14508993137929e-08      1.99999889639995  1.01243007392155e-06  7.24774423731892e-05 -0.000198871395684473 -3.27965033132051e-14  2.49884617314483e-14 -4.35854835231607e-14  5.78479977438695e-14 -0.000761036943246424
-6.76451039154214e-06  1.01243007392155e-06      1.99862110626204  0.000815023210945902   0.00619714750379353 -4.83910871789408e-12    4.452880998602e-12 -5.06298291319928e-12  5.26965994809064e-12  -0.00193366189226028
 1.21707530146691e-05  7.24774423731892e-05  0.000815023210945902      1.97185752228962    0.0141054312870007  5.01993650875168e-13 -1.48260079754068e-13  1.22399407780954e-12 -2.24356854903471e-12    0.0675719814153931
 4.57705586671848e-05 -0.000198871395684473   0.00619714750379353    0.0141054312870007      1.80610358829974  7.59940352275038e-12 -7.62125032660512e-12  2.81369037998212e-12  -2.5518079301448e-12    -0.238987053156083
-5.45454562766577e-14 -3.27965033132051e-14 -4.83910871789408e-12  5.01993650875168e-13  7.59940352275038e-12      1.32564481139404  4.59202535708968e-15  0.000155541306849794     0.054688285366283   -2.445567994089e-11
 4.89509138209033e-14  2.49884617314483e-14    4.452880998602e-12 -1.48260079754068e-13 -7.62125032660512e-12  4.59202535708968e-15      1.32564481139437    0.0546882853665927 -0.000155541306831929  2.25791456319134e-11
-5.41131468008084e-14 -4.35854835231607e-14 -5.06298291319928e-12  1.22399407780954e-12  2.81369037998212e-12  0.000155541306849794    0.0546882853665927     0.678020431338681  -3.6371175465247e-15 -6.38423810534196e-12
 5.77953534308819e-14  5.78479977438695e-14  5.26965994809064e-12 -2.24356854903471e-12  -2.5518079301448e-12     0.054688285366283 -0.000155541306831929  -3.6371175465247e-15     0.678020431338997  6.32361803705804e-12
-8.09153017504646e-05 -0.000761036943246424  -0.00193366189226028    0.0675719814153931    -0.238987053156083   -2.445567994089e-11  2.25791456319134e-11 -6.38423810534196e-12  6.32361803705804e-12     0.216088519529257
TOTAL ENERGY: -127.216411994548	 lambda: -0.1	 population of target: 6.43940954732758
1RDM: 
     1.99999991620071 -5.94411931488797e-09 -2.66945287264591e-06  4.70428872887729e-06  1.38020254766235e-05 -5.80555904604636e-14  5.24121798238976e-14 -5.21867638230323e-14  5.57295785052875e-14 -7.49726334847877e-06
-5.94411931488797e-09      1.99999929317614  1.43921338638203e-06  2.82673032682682e-05 -6.91742365749426e-05 -2.69317086335159e-14  1.98952414886177e-14 -2.80225604746793e-14  4.10746691734056e-14   -0.0004214787607823
-2.66945287264591e-06  1.43921338638203e-06      1.99911713461081  0.000405072819822627   0.00162117735230277 -5.41502514356928e-12  5.00278729265319e-12 -5.04388807457112e-12  5.24301011475432e-12    0.0021379246867562
 4.70428872887729e-06  2.82673032682682e-05  0.000405072819822627      1.98075687704239   0.00186897247378911 -2.61302990904442e-12  2.77341533053464e-12 -1.97208229907554e-12  1.15241233572633e-12    0.0388004134782623
 1.38020254766235e-05 -6.91742365749426e-05   0.00162117735230277   0.00186897247378911      1.81288057384924  3.91420052963922e-11 -3.72466444087705e-11  3.53231225018341e-11 -3.63825425056394e-11    -0.125965296908841
-5.80555904604636e-14 -2.69317086335159e-14 -5.41502514356928e-12 -2.61302990904442e-12  3.91420052963922e-11       1.2943245999917  2.26441615224807e-16  5.85968495117152e-05    0.0206021727201745 -2.05312237757229e-11
 5.24121798238976e-14  1.98952414886177e-14  5.00278729265319e-12  2.77341533053464e-12 -3.72466444087705e-11  2.26441615224807e-16      1.29432459999161    0.0206021727202551 -5.85968495036161e-05  2.00885547063465e-11
-5.21867638230323e-14 -2.80225604746793e-14 -5.04388807457112e-12 -1.97208229907554e-12  3.53231225018341e-11  5.85968495117152e-05    0.0206021727202551     0.707919745570416 -4.62027020579016e-16 -2.54866783639622e-11
 5.57295785052875e-14  4.10746691734056e-14  5.24301011475432e-12  1.15241233572633e-12 -3.63825425056394e-11    0.0206021727201745 -5.85968495036161e-05 -4.62027020579016e-16     0.707919745570333  2.74129043935696e-11
-7.49726334847877e-06   -0.0004214787607823    0.0021379246867562    0.0388004134782623    -0.125965296908841 -2.05312237757229e-11  2.00885547063465e-11 -2.54866783639622e-11  2.74129043935696e-11     0.202757513996675
TOTAL ENERGY: -127.226876722786	 lambda: 0	 population of target: 6.64576401899053
1RDM: 
     1.99999993044243 -6.27872275492996e-17  3.21055369725145e-13  2.27108013747928e-12 -8.05660460945358e-12 -5.86995273802951e-14  5.27486139843762e-14 -4.64105332654156e-14  4.94729249302592e-14  1.73314100096874e-11
-6.27872275492996e-17      1.99999955988864  1.73237271116824e-14  1.05597839037337e-11  1.78473491548551e-14 -7.23638926342744e-15  3.53427102584662e-16 -1.56436004766645e-14  2.65392132544451e-14  4.87887066757885e-11
 3.21055369725145e-13  1.73237271116824e-14      1.99949655782223  1.42004302061786e-11  -2.1734746508857e-10 -5.16955820114279e-12  4.73355249822383e-12 -4.03336487699982e-12  4.20149103595852e-12   2.6663846380314e-11
 2.27108013747928e-12  1.05597839037337e-11  1.42004302061786e-11      1.98886932542749 -2.49788330257407e-10 -1.95954964782319e-13  4.44139329923426e-13  8.23080913031113e-13 -1.62623358440223e-12 -1.11920805137198e-09
-8.05660460945358e-12  1.78473491548551e-14  -2.1734746508857e-10 -2.49788330257407e-10      1.73188455749128 -1.04509987149251e-11  1.09080107269783e-11  -2.4634248255782e-11  2.51146215818926e-11  4.10583932879001e-09
-5.86995273802951e-14 -7.23638926342744e-15 -5.16955820114279e-12 -1.95954964782319e-13 -1.04509987149251e-11      1.24272042127649  2.65667833824824e-15   1.3338106537829e-09  1.39780043200786e-09  6.70003110896779e-12
 5.27486139843762e-14  3.53427102584662e-16  4.73355249822383e-12  4.44139329923426e-13  1.09080107269783e-11  2.65667833824824e-15      1.24272042127639   1.3978613181415e-09 -1.33380159276327e-09 -6.46032131377555e-12
-4.64105332654156e-14 -1.56436004766645e-14 -4.03336487699982e-12  8.23080913031113e-13  -2.4634248255782e-11   1.3338106537829e-09   1.3978613181415e-09     0.758525581229273 -2.85101747001033e-15   8.3881784980525e-12
 4.94729249302592e-14  2.65392132544451e-14  4.20149103595852e-12 -1.62623358440223e-12  2.51146215818926e-11  1.39780043200786e-09 -1.33380159276327e-09 -2.85101747001033e-15     0.758525581229178 -7.65709872785153e-12
 1.73314100096874e-11  4.87887066757885e-11   2.6663846380314e-11 -1.11920805137198e-09  4.10583932879001e-09  6.70003110896779e-12 -6.46032131377555e-12   8.3881784980525e-12 -7.65709872785153e-12      0.27725806391662
TOTAL ENERGY: -127.219754501756	 lambda: 0.1	 population of target: 6.80034378697599
1RDM: 
     1.99999992689871 -6.41484227291322e-09   6.4708738390948e-07 -2.74597069145385e-06  1.78964885314494e-05 -6.40697019269823e-14  5.77015576929718e-14 -4.53645441175498e-14  4.83689214378077e-14 -1.37695693659207e-05
-6.41484227291322e-09      1.99999960047209 -5.99191718039228e-07 -1.43771430064387e-06 -2.08740416472801e-05 -1.55478961308913e-14  8.05390736149702e-15 -1.27472882771683e-15  1.06951442855002e-14  0.000355027182696849
  6.4708738390948e-07 -5.99191718039228e-07      1.99960687507142 -0.000457673910926376   0.00241559134442966 -5.98005980805537e-12  5.51427676820361e-12 -4.49791692196731e-12  4.67714132508257e-12  -0.00360700618378428
-2.74597069145385e-06 -1.43771430064387e-06 -0.000457673910926376      1.99299010951866   0.00900740508154474 -2.56935012950012e-12  2.78294837741864e-12 -2.94960595432881e-12  2.36520360175307e-12    -0.031703893784676
 1.78964885314494e-05 -2.08740416472801e-05   0.00241559134442966   0.00900740508154474      1.60945025982798  2.44477101964414e-11  -2.3214075874574e-11  2.05029759737799e-11 -2.13962063615619e-11    0.0781821539326013
-6.40697019269823e-14 -1.55478961308913e-14 -5.98005980805537e-12 -2.56935012950012e-12  2.44477101964414e-11      1.19062694719586  2.45914962961475e-15 -2.40166131676074e-05  -0.00844473099023409 -3.19914997516154e-12
 5.77015576929718e-14  8.05390736149702e-15  5.51427676820361e-12  2.78294837741864e-12  -2.3214075874574e-11  2.45914962961475e-15      1.19062694719603  -0.00844473099016753  2.40166131725243e-05  3.34176869112712e-12
-4.53645441175498e-14 -1.27472882771683e-15 -4.49791692196731e-12 -2.94960595432881e-12  2.05029759737799e-11 -2.40166131676074e-05  -0.00844473099016753     0.810079870176483 -1.97306274950829e-15 -1.15500303570419e-11
 4.83689214378077e-14  1.06951442855002e-14  4.67714132508257e-12  2.36520360175307e-12 -2.13962063615619e-11  -0.00844473099023409  2.40166131725243e-05 -1.97306274950829e-15     0.810079870176655  1.27787290944302e-11
-1.37695693659207e-05  0.000355027182696849  -0.00360700618378428    -0.031703893784676    0.0781821539326013 -3.19914997516154e-12  3.34176869112712e-12 -1.15500303570419e-11  1.27787290944302e-11     0.396539593466183
TOTAL ENERGY: -127.206774516324	 lambda: 0.2	 population of target: 6.88981040818752
1RDM: 
      1.9999999149201 -1.11508492243341e-08  2.12729956840055e-07 -4.31267358406763e-06  4.77316607721137e-05  -6.5188464582361e-14  5.86226385938995e-14 -4.30347938186826e-14  4.58966332403857e-14 -1.24954809468504e-05
-1.11508492243341e-08      1.99999950280705  -1.0609022110785e-07  1.16375607319074e-05 -8.85094232887817e-05 -1.79437268304733e-14  9.95327546164435e-15  5.32345437076712e-15  3.05598757973703e-15  0.000595933568502828
 2.12729956840055e-07  -1.0609022110785e-07        1.999531503742 -0.000883643028297102   0.00619258017619868 -6.04570248121943e-12  5.56976113954777e-12 -4.31253340951647e-12  4.48739429863626e-12  -0.00541735014926755
-4.31267358406763e-06  1.16375607319074e-05 -0.000883643028297102      1.99399267935213    0.0209269219177308 -2.19746852517335e-12   2.4525838120221e-12 -3.22939674989386e-12  2.71594035439801e-12    -0.051250153521956
 4.77316607721137e-05 -8.85094232887817e-05   0.00619258017619868    0.0209269219177308      1.50881719785612  2.09812446694944e-11 -1.99350506620567e-11  1.82848552722969e-11 -1.91666837970069e-11     0.112763505344574
 -6.5188464582361e-14 -1.79437268304733e-14 -6.04570248121943e-12 -2.19746852517335e-12  2.09812446694944e-11      1.15403124274968  2.73987366751357e-15  -3.1459072178338e-05   -0.0110614255460545  5.66984706748298e-14
 5.86226385938995e-14  9.95327546164435e-15  5.56976113954777e-12   2.4525838120221e-12 -1.99350506620567e-11  2.73987366751357e-15      1.15403124274978   -0.0110614255460127  3.14590721836849e-05  1.86480658868726e-13
-4.30347938186826e-14  5.32345437076712e-15 -4.31253340951647e-12 -3.22939674989386e-12  1.82848552722969e-11  -3.1459072178338e-05   -0.0110614255460127     0.846428253737194 -2.45557996405549e-15 -8.67090584714139e-12
 4.58966332403857e-14  3.05598757973703e-15  4.48739429863626e-12  2.71594035439801e-12 -1.91666837970069e-11   -0.0110614255460545  3.14590721836849e-05 -2.45557996405549e-15     0.846428253737291  9.68452115497473e-12
-1.24954809468504e-05  0.000595933568502828  -0.00541735014926755    -0.051250153521956     0.112763505344574  5.66984706748298e-14  1.86480658868726e-13 -8.67090584714139e-12  9.68452115497473e-12     0.496740208348742
TOTAL ENERGY: -127.194380508962	 lambda: 0.3	 population of target: 6.9402771219222
1RDM: 
     1.99999990076741 -1.64770312557601e-08 -3.59512660460525e-07 -4.85605867687987e-06  7.47463314609008e-05 -6.51888259200173e-14  5.85307964875175e-14  -4.0871569926082e-14  4.35884814348111e-14  7.01566950979655e-06
-1.64770312557601e-08      1.99999935771884  5.36810150453078e-07  2.80627194681925e-05 -0.000166190347141536 -2.13866041064111e-14  1.29857855410852e-14   8.9588296423697e-15 -1.22445332421474e-15  0.000757789239671035
-3.59512660460525e-07  5.36810150453078e-07      1.99938716711523  -0.00121925730112224   0.00956764859170426 -6.01300075139699e-12   5.5342488291766e-12   -4.144501703212e-12  4.31290489491001e-12  -0.00540474701442042
-4.85605867687987e-06  2.80627194681925e-05  -0.00121925730112224      1.99366974438147    0.0315016092607333 -1.77332190166453e-12  2.06367116970704e-12 -3.31153469123533e-12  2.83747110681077e-12   -0.0627589195364063
 7.47463314609008e-05 -0.000166190347141536   0.00956764859170426    0.0315016092607333      1.44296644087651  1.85373823891376e-11 -1.76192506168251e-11  1.66901647469915e-11 -1.75495174770175e-11     0.128548649848305
-6.51888259200173e-14 -2.13866041064111e-14 -6.01300075139699e-12 -1.77332190166453e-12  1.85373823891376e-11      1.13207394709897  2.76668353532027e-15 -3.38728823646445e-05   -0.0119101569519859  1.80822276120456e-12
 5.85307964875175e-14  1.29857855410852e-14   5.5342488291766e-12  2.06367116970704e-12 -1.76192506168251e-11  2.76668353532027e-15        1.132073947099   -0.0119101569519481   3.3872882368795e-05 -1.51742942948596e-12
 -4.0871569926082e-14   8.9588296423697e-15   -4.144501703212e-12 -3.31153469123533e-12  1.66901647469915e-11 -3.38728823646445e-05   -0.0119101569519481     0.868273821480088 -2.66186562081942e-15 -6.85090719109252e-12
 4.35884814348111e-14 -1.22445332421474e-15  4.31290489491001e-12  2.83747110681077e-12 -1.75495174770175e-11   -0.0119101569519859   3.3872882368795e-05 -2.66186562081942e-15     0.868273821480124  7.72002790404718e-12
 7.01566950979655e-06  0.000757789239671035  -0.00540474701442042   -0.0627589195364063     0.128548649848305  1.80822276120456e-12 -1.51742942948596e-12 -6.85090719109252e-12  7.72002790404718e-12     0.563281851982357
TOTAL ENERGY: -127.183379926235	 lambda: 0.4	 population of target: 6.9719943665119
1RDM: 
     1.99999988499999 -2.58125625421551e-08 -7.71772424955074e-07 -4.49694721702074e-06  9.55088712476234e-05 -6.46135326940939e-14   5.7926003441031e-14 -3.88208551808138e-14  4.13834665094897e-14   4.0254319793688e-05
-2.58125625421551e-08      1.99999920409068  6.65425542407909e-07  4.36346776160829e-05 -0.000240838909541923 -2.48600002257718e-14  1.61466507107104e-14  1.10928447685478e-14 -3.77336120808806e-15  0.000874215267146034
-7.71772424955074e-07  6.65425542407909e-07      1.99921070499743  -0.00146703687917551    0.0121655754644683 -5.93753525688038e-12  5.45971983957089e-12 -3.99501017680133e-12  4.15543946836564e-12  -0.00417028128367132
-4.49694721702074e-06  4.36346776160829e-05  -0.00146703687917551      1.99293155084245    0.0400594922440238  -1.3874903743952e-12   1.7050004465179e-12 -3.31882592417866e-12  2.86685415223218e-12   -0.0699156848497967
 9.55088712476234e-05 -0.000240838909541923    0.0121655754644683    0.0400594922440238      1.40476780102766  1.70697287884631e-11 -1.62283310788616e-11  1.58386057569032e-11  -1.6692813019131e-11     0.139689326085951
-6.46135326940939e-14 -2.48600002257718e-14 -5.93753525688038e-12  -1.3874903743952e-12  1.70697287884631e-11      1.12026425604906  4.35610127181597e-15 -3.55224385991883e-05   -0.0124901261926195  2.92386252716716e-12
  5.7926003441031e-14  1.61466507107104e-14  5.45971983957089e-12   1.7050004465179e-12 -1.62283310788616e-11  4.35610127181597e-15      1.12026425604915   -0.0124901261925954  3.55224386023298e-05 -2.60072400352358e-12
-3.88208551808138e-14  1.10928447685478e-14 -3.99501017680133e-12 -3.31882592417866e-12  1.58386057569032e-11 -3.55224385991883e-05   -0.0124901261925954     0.880032878346401 -4.06540504979676e-15 -5.70418101916337e-12
 4.13834665094897e-14 -3.77336120808806e-15  4.15543946836564e-12  2.86685415223218e-12  -1.6692813019131e-11   -0.0124901261926195  3.55224386023298e-05 -4.06540504979676e-15     0.880032878346497  6.48354740852926e-12
  4.0254319793688e-05  0.000874215267146034  -0.00417028128367132   -0.0699156848497967     0.139689326085951  2.92386252716716e-12 -2.60072400352358e-12 -5.70418101916337e-12  6.48354740852926e-12     0.602496585250691
TOTAL ENERGY: -127.172645490511	 lambda: 0.5	 population of target: 6.99592389482907
1RDM: 
     1.99999986572883 -4.05411705591677e-08 -1.00789450762587e-06 -3.35951871316085e-06  0.000109874331547735 -6.37479731271192e-14  5.70713528532106e-14 -3.67932883667696e-14  3.91889462291536e-14  8.44681382833392e-05
-4.05411705591677e-08      1.99999905510129 -1.26052147794382e-07  5.71753243375093e-05 -0.000310082896271512 -2.83737576564808e-14  1.94386352310106e-14  1.27152377135047e-14 -5.66455119010485e-15  0.000963845001773696
-1.00789450762587e-06 -1.26052147794382e-07      1.99898995852982  -0.00164937011303449    0.0140188672105196 -5.83931554294232e-12  5.36456612723872e-12 -3.86536488291422e-12  4.01667805913969e-12  -0.00209464828460805
-3.35951871316085e-06  5.71753243375093e-05  -0.00164937011303449       1.9921242425121     0.046908406986082 -1.08603146990321e-12   1.4246059459186e-12 -3.26224969404129e-12  2.82296292038188e-12   -0.0746772368928103
 0.000109874331547735 -0.000310082896271512    0.0140188672105196     0.046908406986082      1.38711643316715  1.65324464973945e-11 -1.57268768692544e-11   1.5570698910785e-11 -1.64451007742937e-11     0.152820907057812
-6.37479731271192e-14 -2.83737576564808e-14 -5.83931554294232e-12 -1.08603146990321e-12  1.65324464973945e-11      1.11568410589449   2.8211671485506e-15 -3.79535786801561e-05   -0.0133448792887321  4.03158797479194e-12
 5.70713528532106e-14  1.94386352310106e-14  5.36456612723872e-12   1.4246059459186e-12 -1.57268768692544e-11   2.8211671485506e-15      1.11568410589469   -0.0133448792887261  3.79535786841296e-05 -3.67129867402208e-12
-3.67932883667696e-14  1.27152377135047e-14 -3.86536488291422e-12 -3.26224969404129e-12   1.5570698910785e-11 -3.79535786801561e-05   -0.0133448792887261     0.884594078283823 -2.25421880572588e-15 -5.10947907358769e-12
 3.91889462291536e-14 -5.66455119010485e-15  4.01667805913969e-12  2.82296292038188e-12 -1.64451007742937e-11   -0.0133448792887321  3.79535786841296e-05 -2.25421880572588e-15     0.884594078284016  5.83968513309688e-12
 8.44681382833392e-05  0.000963845001773696  -0.00209464828460805   -0.0746772368928103     0.152820907057812  4.03158797479194e-12 -3.67129867402208e-12 -5.10947907358769e-12  5.83968513309688e-12     0.621214076603801
TOTAL ENERGY: -127.160096188388	 lambda: 0.6	 population of target: 7.01871488185397
1RDM: 
     1.99999984006342 -6.06523639748039e-08 -1.10857209319143e-06 -1.51794576636331e-06  0.000117181067495451 -6.26293111120508e-14  5.59984079546303e-14 -3.48183663297747e-14  3.70355200605146e-14  0.000139053015711868
-6.06523639748039e-08      1.99999891462575 -2.26547728545592e-06  6.83219714577865e-05 -0.000375118585974816 -3.12680954519259e-14   2.2207107544697e-14  1.34263862045678e-14 -6.52232636826681e-15   0.00103588504685134
-1.10857209319143e-06 -2.26547728545592e-06      1.99868100733077  -0.00179159781190126    0.0151529157748111 -5.72776387397303e-12  5.25730506690174e-12  -3.7446612228227e-12  3.88512204921143e-12  0.000655779386485374
-1.51794576636331e-06  6.83219714577865e-05  -0.00179159781190126      1.99137524257429    0.0524220316972683 -7.78695985176508e-13  1.13590454886021e-12 -3.25070464847921e-12  2.82071493163469e-12   -0.0780052975459894
 0.000117181067495451 -0.000375118585974816    0.0151529157748111    0.0524220316972683      1.38619236066791  1.64361681504055e-11 -1.56493329399635e-11  1.61769885391645e-11 -1.71201397920827e-11     0.172312964305172
-6.26293111120508e-14 -3.12680954519259e-14 -5.72776387397303e-12 -7.78695985176508e-13  1.64361681504055e-11      1.11716748818146  1.85428553724842e-15  -4.2093861765181e-05    -0.014800551465858  5.00459099254567e-12
 5.59984079546303e-14   2.2207107544697e-14  5.25730506690174e-12  1.13590454886021e-12 -1.56493329399635e-11  1.85428553724842e-15      1.11716748818152   -0.0148005514658446  4.20938617684621e-05 -4.60895073822495e-12
-3.48183663297747e-14  1.34263862045678e-14  -3.7446612228227e-12 -3.25070464847921e-12  1.61769885391645e-11  -4.2093861765181e-05   -0.0148005514658446     0.883113639367092 -1.66982360647824e-15 -4.49399659778105e-12
 3.70355200605146e-14 -6.52232636826681e-15  3.88512204921143e-12  2.82071493163469e-12 -1.71201397920827e-11    -0.014800551465858  4.20938617684621e-05 -1.66982360647824e-15     0.883113639367151  5.18458116294997e-12
 0.000139053015711868   0.00103588504685134  0.000655779386485374   -0.0780052975459894     0.172312964305172  5.00459099254567e-12 -4.60895073822495e-12 -4.49399659778105e-12  5.18458116294997e-12     0.623190379640665
TOTAL ENERGY: -127.142018881455	 lambda: 0.7	 population of target: 7.04641769922499
1RDM: 
     1.99999980415813 -8.52103559516397e-08 -1.09968659332805e-06   1.0333317352541e-06  0.000114580137460814 -6.14101239442264e-14  5.48383039988056e-14 -3.29028808118374e-14  3.49136351767678e-14  0.000204861031719305
-8.52103559516397e-08      1.99999878224351 -6.52514115625123e-06   7.6718165485631e-05  -0.00043830300769233 -3.39664789665621e-14  2.47857442876258e-14   1.3629775368397e-14 -6.84492990061358e-15   0.00109414573499124
-1.09968659332805e-06 -6.52514115625123e-06      1.99819432596428  -0.00192116904222567    0.0154466980626472 -5.60776537624082e-12  5.14404216451369e-12 -3.63461742921374e-12  3.76478207614212e-12   0.00404599163234472
  1.0333317352541e-06   7.6718165485631e-05  -0.00192116904222567      1.99074047297966    0.0568344549859112 -4.96786889285995e-13  8.58727496423648e-13 -3.25084172347182e-12  2.81652032687031e-12   -0.0803767917512985
