Naturals in-correctTOTAL ENERGY: -126.636266649293	 lambda: -1	 population of target: 5.31299307583843
1RDM: 
     1.99999932061963 -1.17843936956127e-06  -6.1716163727971e-05  0.000106652782238209  1.21509236046236e-05 -1.49069875648326e-15  4.05716083095208e-18 -8.58376935566385e-18  2.21675559392944e-15 -0.000843992095072921
-1.17843936956127e-06      1.99999521205394  -0.00012736696151747  0.000290678328774741 -0.000353520937488407  3.22632233512096e-15  7.01678552870603e-18 -3.29911372304567e-17 -5.60729601083228e-15  -0.00235670754297841
 -6.1716163727971e-05  -0.00012736696151747      1.99225779541007    0.0140413803379087   0.00074918882015392  1.01633249265803e-13 -9.58204240702161e-17   2.1151901447146e-16 -1.66819224194344e-13   -0.0990019421286718
 0.000106652782238209  0.000290678328774741    0.0140413803379087      1.93329398577896    0.0130230145182107  8.09302231334292e-13 -7.97918523907639e-16  6.84692538390702e-16  -6.9614307547409e-13     0.153997988742516
 1.21509236046236e-05 -0.000353520937488407   0.00074918882015392    0.0130230145182107      1.87619278669481 -2.84133454881039e-13   3.1996646391662e-16 -4.12338985743422e-16  2.39403711902062e-13    -0.189760151056664
-1.49069875648326e-15  3.22632233512096e-15  1.01633249265803e-13  8.09302231334292e-13 -2.84133454881039e-13      1.62497540981842 -1.71120636278393e-15  8.25340320800381e-08     0.468227850598235  2.33795121755003e-13
 4.05716083095208e-18  7.01678552870603e-18 -9.58204240702161e-17 -7.97918523907639e-16   3.1996646391662e-16 -1.71120636278393e-15      1.62497540648705     0.468227854945041 -8.25340105910868e-08 -2.76627733280708e-16
-8.58376935566385e-18 -3.29911372304567e-17   2.1151901447146e-16  6.84692538390702e-16 -4.12338985743422e-16  8.25340320800381e-08     0.468227854945041     0.397689510447765  1.54195133657742e-15  3.06617642389711e-16
 2.21675559392944e-15 -5.60729601083228e-15 -1.66819224194344e-13  -6.9614307547409e-13  2.39403711902062e-13     0.468227850598235 -8.25340105910868e-08  1.54195133657742e-15     0.397689507117321 -2.95656850301731e-13
-0.000843992095072921  -0.00235670754297841   -0.0990019421286718     0.153997988742516    -0.189760151056664  2.33795121755003e-13 -2.76627733280708e-16  3.06617642389711e-16 -2.95656850301731e-13     0.152931065572115
TOTAL ENERGY: -126.763362223471	 lambda: -0.9	 population of target: 5.44693100333641
1RDM: 
     1.99999938557183 -1.09559179933399e-06 -5.34412583518623e-05  9.67023004766205e-05  8.64688111036008e-06  3.43840597801499e-16  1.93608750267171e-18 -6.47621777146208e-18  4.19917612583728e-16 -0.000822842711612565
-1.09559179933399e-06      1.99999579785794 -0.000113891341685309  0.000244260252852938 -0.000254124483041461 -9.41610564479246e-16  1.02394881219568e-17 -4.08628506088839e-17  1.64809631635569e-15  -0.00215202291204022
-5.34412583518623e-05 -0.000113891341685309      1.99311842227511    0.0122604089392556    0.0020638474995279 -7.81105830654499e-14  8.50849490252577e-17 -1.63675666066392e-16  2.11092364782299e-13   -0.0947956401247391
 9.67023004766205e-05  0.000244260252852938    0.0122604089392556      1.94058993617791    0.0070688349773587 -3.16365773256269e-13  3.36101654702961e-16 -3.69308203457482e-16  3.55566975003311e-13     0.136310970834203
 8.64688111036008e-06 -0.000254124483041461    0.0020638474995279    0.0070688349773587      1.88195400260849  6.25360199986706e-13 -5.93648960951862e-16  1.24943259770638e-15 -1.42190773216926e-12    -0.136891079830858
 3.43840597801499e-16 -9.41610564479246e-16 -7.81105830654499e-14 -3.16365773256269e-13  6.25360199986706e-13      1.63117251077792 -9.04108767106488e-16  7.35960341313005e-08     0.425776762919425 -1.79255086632058e-13
 1.93608750267171e-18  1.02394881219568e-17  8.50849490252577e-17  3.36101654702961e-16 -5.93648960951862e-16 -9.04108767106488e-16      1.63117250775473     0.425776767149776 -7.35960101829045e-08  1.41443151131194e-16
-6.47621777146208e-18 -4.08628506088839e-17 -1.63675666066392e-16 -3.69308203457482e-16  1.24943259770638e-15  7.35960341313005e-08     0.425776767149776     0.389911701110189  8.47724331432413e-16 -3.31907521994621e-16
 4.19917612583728e-16  1.64809631635569e-15  2.11092364782299e-13  3.55566975003311e-13 -1.42190773216926e-12     0.425776762919425 -7.35960101829045e-08  8.47724331432413e-16     0.389911698094679  3.39112562731923e-13
-0.000822842711612565  -0.00215202291204022   -0.0947956401247391     0.136310970834203    -0.136891079830858 -1.79255086632058e-13  1.41443151131194e-16 -3.31907521994621e-16  3.39112562731923e-13     0.142174037771268
TOTAL ENERGY: -126.886130848162	 lambda: -0.8	 population of target: 5.59138721840281
1RDM: 
     1.99999940318374 -1.01703487343411e-06 -4.89668236227092e-05  8.59951858658099e-05  2.21378637911823e-05  1.12388422811815e-14 -9.23716083670024e-18   6.6168774488931e-18 -1.23387934776405e-14  -0.00082690346751768
-1.01703487343411e-06      1.99999641506556 -9.95985961980956e-05  0.000200726486240387 -0.000182898224942013 -2.66638525916825e-14  3.50633236918162e-17 -7.94374186336084e-17  3.97209710743914e-14  -0.00189770983076662
-4.89668236227092e-05 -9.95985961980956e-05      1.99368648010846    0.0102875137936248     0.004727974299344 -1.43426979642922e-12    1.447236946618e-15 -2.71578878356767e-15  2.75897588731399e-12   -0.0911055842080347
 8.59951858658099e-05  0.000200726486240387    0.0102875137936248      1.94759528352877   0.00507910832411917 -6.99555970711045e-12  7.04028170857878e-15 -7.41645800803366e-15  7.38409112615845e-12     0.115132483239353
 2.21378637911823e-05 -0.000182898224942013     0.004727974299344   0.00507910832411917      1.86652954676804   1.0162512444304e-11 -1.01671774368097e-14  1.78267562797597e-14 -1.79545090350103e-11   -0.0838799498999599
 1.12388422811815e-14 -2.66638525916825e-14 -1.43426979642922e-12 -6.99555970711045e-12   1.0162512444304e-11      1.62934349353855  1.48374775195131e-16   7.0476193372546e-08     0.383875824648425 -3.59969000361771e-12
-9.23716083670024e-18  3.50633236918162e-17    1.447236946618e-15  7.04028170857878e-15 -1.01671774368097e-14  1.48374775195131e-16      1.62934349080241     0.383875828982715 -7.04761673681644e-08  3.58564135089656e-15
  6.6168774488931e-18 -7.94374186336084e-17 -2.71578878356767e-15 -7.41645800803366e-15  1.78267562797597e-14   7.0476193372546e-08     0.383875828982715     0.390077254109139 -1.46275512450063e-16  -6.1671079614954e-15
-1.23387934776405e-14  3.97209710743914e-14  2.75897588731399e-12  7.38409112615845e-12 -1.79545090350103e-11     0.383875824648425 -7.04761673681644e-08 -1.46275512450063e-16     0.390077251376149  6.14935128595067e-12
 -0.00082690346751768  -0.00189770983076662   -0.0911055842080347     0.115132483239353   -0.0838799498999599 -3.59969000361771e-12  3.58564135089656e-15  -6.1671079614954e-15  6.14935128595067e-12     0.153351381519255
TOTAL ENERGY: -126.989732793985	 lambda: -0.7	 population of target: 5.72936410742685
1RDM: 
     1.99999940323843 -8.98147076001094e-07 -4.59689297633871e-05   7.2915007112717e-05  5.05276962555037e-05  1.84195963704464e-14 -1.67653603889422e-17  1.79965853797201e-17 -2.32276440236396e-14 -0.000820357972638989
-8.98147076001094e-07      1.99999698874111 -8.26498639416923e-05  0.000166802346151273 -0.000159553986697494 -4.75531078200378e-14  5.52528569457471e-17 -9.85108536359634e-17  5.82479973266747e-14  -0.00162426926106856
-4.59689297633871e-05 -8.26498639416923e-05      1.99413494113529   0.00820694341422147   0.00807896855079042 -2.71537054626411e-12  2.75110343168071e-15 -4.84722625011471e-15  4.86087407001531e-12   -0.0857696618905943
  7.2915007112717e-05  0.000166802346151273   0.00820694341422147      1.95328346111025    0.0077487324873763 -1.18480658449813e-11  1.19802365283234e-14 -1.37446545726488e-14  1.36192298404072e-11     0.094646667884376
 5.05276962555037e-05 -0.000159553986697494   0.00807896855079042    0.0077487324873763       1.8351073668844  2.42424030647647e-11 -2.44501282940673e-14   4.2316264757616e-14  -4.2133620040851e-11   -0.0495011080645584
 1.84195963704464e-14 -4.75531078200378e-14 -2.71537054626411e-12 -1.18480658449813e-11  2.42424030647647e-11      1.61860012205965   1.4164893129698e-15  6.36004638940359e-08      0.34119489512469 -7.81702876129406e-12
-1.67653603889422e-17  5.52528569457471e-17  2.75110343168071e-15  1.19802365283234e-14 -2.44501282940673e-14   1.4164893129698e-15      1.61860011962077     0.341194899391795  -6.3600437368527e-08  7.88414206619382e-15
 1.79965853797201e-17 -9.85108536359634e-17 -4.84722625011471e-15 -1.37446545726488e-14   4.2316264757616e-14  6.36004638940359e-08     0.341194899391795     0.399049767860861 -1.35714941104301e-15 -1.42636420575169e-14
-2.32276440236396e-14  5.82479973266747e-14  4.86087407001531e-12  1.36192298404072e-11  -4.2133620040851e-11      0.34119489512469  -6.3600437368527e-08 -1.35714941104301e-15     0.399049765425017  1.41247830235396e-11
-0.000820357972638989  -0.00162426926106856   -0.0857696618905943     0.094646667884376   -0.0495011080645584 -7.81702876129406e-12  7.88414206619382e-15 -1.42636420575169e-14  1.41247830235396e-11     0.182178063924249
TOTAL ENERGY: -127.068093355554	 lambda: -0.6	 population of target: 5.84967355149591
1RDM: 
     1.99999942355485 -7.30303028636582e-07 -4.16839221536348e-05  5.82169457110877e-05  8.00197917495719e-05  2.65655349935483e-15 -1.05694035311031e-18 -1.99395877933999e-18 -3.08672470438476e-15 -0.000773942679141947
-7.30303028636582e-07      1.99999746842859 -6.36288529512426e-05  0.000143078576244387 -0.000174418936813776 -8.14297977113861e-15  1.42888572230332e-17 -4.67958972469654e-17  7.01223651051915e-15  -0.00136929803551413
-4.16839221536348e-05 -6.36288529512426e-05      1.99465340942591   0.00622687678512328    0.0109004699052982 -4.96973769404339e-13  5.14953191181551e-16 -8.32663070399057e-16  8.91326174349545e-13    -0.077368238112522
 5.82169457110877e-05  0.000143078576244387   0.00622687678512328      1.95750806850447    0.0128007396051735 -1.94381743364351e-12  1.98107713537403e-15 -2.53205925952333e-15  2.52218617310271e-12    0.0785459457145957
 8.00197917495719e-05 -0.000174418936813776    0.0109004699052982    0.0128007396051735      1.80327033649387   5.8500780049033e-12 -5.89971241381264e-15  1.03678277851475e-14  -1.0509807532653e-11   -0.0424991043637522
 2.65655349935483e-15 -8.14297977113861e-15 -4.96973769404339e-13 -1.94381743364351e-12   5.8500780049033e-12      1.60264993939667  2.67223861925121e-15  4.98190012464973e-08     0.295377973793262 -1.74916128279526e-12
-1.05694035311031e-18  1.42888572230332e-17  5.14953191181551e-16  1.98107713537403e-15 -5.89971241381264e-15  2.67223861925121e-15      1.60264993728876     0.295377978007324 -4.98189757697646e-08   1.7854398343437e-15
-1.99395877933999e-18 -4.67958972469654e-17 -8.32663070399057e-16 -2.53205925952333e-15  1.03678277851475e-14  4.98190012464973e-08     0.295377978007324     0.413081365451068  -2.5356432583075e-15 -3.37156138020092e-15
-3.08672470438476e-15  7.01223651051915e-15  8.91326174349545e-13  2.52218617310271e-12  -1.0509807532653e-11     0.295377973793262 -4.98189757697646e-08  -2.5356432583075e-15     0.413081363344011  3.32283724688998e-12
-0.000773942679141947  -0.00136929803551413    -0.077368238112522    0.0785459457145957   -0.0424991043637522 -1.74916128279526e-12   1.7854398343437e-15 -3.37156138020092e-15  3.32283724688998e-12     0.213108688111865
TOTAL ENERGY: -127.125398195141	 lambda: -0.5	 population of target: 5.95367650738045
1RDM: 
     1.99999948511514 -5.37234484803532e-07  -3.4694527348122e-05  4.38362107742683e-05  9.68636536854123e-05  3.71363265711069e-15 -2.34212334835885e-18  1.02748170547254e-18 -5.72736565762592e-15 -0.000677900612598384
-5.37234484803532e-07      1.99999785843324 -4.46323606809508e-05  0.000124559265184906 -0.000199916864018858 -1.61170063291735e-14  2.10391563660904e-17 -4.80566868887929e-17  8.27778311929525e-15  -0.00115139477033318
 -3.4694527348122e-05 -4.46323606809508e-05      1.99533669028842    0.0045192611819956    0.0122400975273571 -9.19221904650426e-13  9.47433255191384e-16 -1.42523438017099e-15  1.48418853524757e-12   -0.0656239266842241
 4.38362107742683e-05  0.000124559265184906    0.0045192611819956      1.96096194335104    0.0169791634185025 -3.43331976493747e-12  3.49345949206282e-15  -4.8606500880192e-15  4.83063258955736e-12    0.0678109950251341
 9.68636536854123e-05 -0.000199916864018858    0.0122400975273571    0.0169791634185025       1.7852950978896  1.40442843049762e-11 -1.42280466820309e-14  2.49298015553782e-14 -2.49109404250688e-11   -0.0587067406148221
 3.71363265711069e-15 -1.61170063291735e-14 -9.19221904650426e-13 -3.43331976493747e-12  1.40442843049762e-11      1.58480101276933  3.21668185202186e-15  4.09956045179876e-08     0.244303692563375 -4.13739634333133e-12
-2.34212334835885e-18  2.10391563660904e-17  9.47433255191384e-16  3.49345949206282e-15 -1.42280466820309e-14  3.21668185202186e-15      1.58480101102778     0.244303696673307 -4.09955816395727e-08  4.23448647326309e-15
 1.02748170547254e-18 -4.80566868887929e-17 -1.42523438017099e-15  -4.8606500880192e-15  2.49298015553782e-14  4.09956045179876e-08     0.244303696673307     0.428815086105948 -3.07465095919906e-15  -8.2812745682295e-15
-5.72736565762592e-15  8.27778311929525e-15  1.48418853524757e-12  4.83063258955736e-12 -2.49109404250688e-11     0.244303692563375 -4.09955816395727e-08 -3.07465095919906e-15     0.428815084364633  8.16091824418333e-12
-0.000677900612598384  -0.00115139477033318   -0.0656239266842241    0.0678109950251341   -0.0587067406148221 -4.13739634333133e-12  4.23448647326309e-15  -8.2812745682295e-15  8.16091824418333e-12      0.23117673065499
TOTAL ENERGY: -127.169221355168	 lambda: -0.4	 population of target: 6.05105128958535
1RDM: 
     1.99999958076645 -3.49664125542462e-07 -2.56113427654545e-05  3.09787891951231e-05  9.62769589177209e-05 -4.26744477126316e-16  1.57883532213486e-18  -6.4295854757154e-18  2.02509263286074e-15 -0.000538853748131892
-3.49664125542462e-07      1.99999819620635  -2.7721868687869e-05  0.000105055476080723 -0.000209282659708641  4.13881187773596e-15 -7.05052542952237e-19 -3.82395369186971e-17 -1.42792446786434e-15 -0.000964097509647121
-2.56113427654545e-05  -2.7721868687869e-05      1.99614412760838   0.00313036768492925    0.0118351761477481  1.97166624334547e-13 -1.64600397955329e-16   2.7616951492949e-16 -2.10007325269024e-13   -0.0511524929479609
 3.09787891951231e-05  0.000105055476080723   0.00313036768492925      1.96455021210959    0.0179721549211849  7.38026848255872e-13 -6.75373577018781e-16  9.89496131156328e-16 -1.01266611406652e-12    0.0607386567864233
 9.62769589177209e-05 -0.000209282659708641    0.0118351761477481    0.0179721549211849      1.78713112045374 -3.74798374055511e-12  3.48865614590777e-15  -6.1471045606965e-15  6.23137838204469e-12   -0.0849507323710688
-4.26744477126316e-16  4.13881187773596e-15  1.97166624334547e-13  7.38026848255872e-13 -3.74798374055511e-12      1.56515235921749  4.13474239488648e-15  3.17129152958765e-08      0.18824433104739  1.02954393927481e-12
 1.57883532213486e-18 -7.05052542952237e-19 -1.64600397955329e-16 -6.75373577018781e-16  3.48865614590777e-15  4.13474239488648e-15      1.56515235787651     0.188244335030264 -3.17128970792872e-08 -9.08391840099234e-16
 -6.4295854757154e-18 -3.82395369186971e-17   2.7616951492949e-16  9.89496131156328e-16  -6.1471045606965e-15  3.17129152958765e-08     0.188244335030264     0.446165899771946 -4.00907243796227e-15  2.06631380459017e-15
 2.02509263286074e-15 -1.42792446786434e-15 -2.10007325269024e-13 -1.01266611406652e-12  6.23137838204469e-12      0.18824433104739 -3.17128970792872e-08 -4.00907243796227e-15     0.446165898431016 -2.22763927542935e-12
-0.000538853748131892 -0.000964097509647121   -0.0511524929479609    0.0607386567864233   -0.0849507323710688  1.02954393927481e-12 -9.08391840099234e-16  2.06631380459017e-15 -2.22763927542935e-12     0.229540247558505
TOTAL ENERGY: -127.205253153184	 lambda: -0.3	 population of target: 6.15428918456454
1RDM: 
     1.99999968365198 -1.90937305982601e-07 -1.63365185051573e-05  1.98225593060887e-05  8.06768797153166e-05 -4.94443541187841e-16  1.39354899107069e-18 -8.08317508828859e-18  3.95258161038217e-15 -0.000374599586282661
-1.90937305982601e-07      1.99999851859996 -1.42856902723194e-05  8.05018663959211e-05 -0.000186676754484227  1.47821936620619e-14 -1.26292294212514e-17 -3.93398605702396e-17 -1.09375480005286e-16 -0.000782655544485597
-1.63365185051573e-05 -1.42856902723194e-05      1.99695197810878   0.00201426223005878   0.00989647217116895  6.99654101134008e-13 -6.50613452421153e-16  9.18187877892205e-16  -8.6731752655255e-13   -0.0352999825030621
 1.98225593060887e-05  8.05018663959211e-05   0.00201426223005878      1.96895877238463    0.0150197662072148  2.57046920883055e-12  -2.4556249311781e-15   3.8114237355032e-15 -3.90767203891888e-12    0.0538215755285303
 8.06768797153166e-05 -0.000186676754484227   0.00989647217116895    0.0150197662072148       1.8055156338756 -1.68296470017989e-11   1.6171016607097e-14 -2.86089841098174e-14     2.93636527338e-11    -0.103412471008628
-4.94443541187841e-16  1.47821936620619e-14  6.99654101134008e-13  2.57046920883055e-12 -1.68296470017989e-11      1.54129540929381  4.35357401607977e-15  2.19531504384225e-08     0.130537876954075  4.95939266133666e-12
 1.39354899107069e-18 -1.26292294212514e-17 -6.50613452421153e-16  -2.4556249311781e-15   1.6171016607097e-14  4.35357401607977e-15      1.54129540836428     0.130537880776611 -2.19531372472567e-08 -4.72761995010574e-15
-8.08317508828859e-18 -3.93398605702396e-17  9.18187877892205e-16   3.8114237355032e-15 -2.86089841098174e-14  2.19531504384225e-08     0.130537880776611     0.467656751986511 -4.25249318226381e-15  9.79130701035807e-15
 3.95258161038217e-15 -1.09375480005286e-16  -8.6731752655255e-13 -3.90767203891888e-12     2.93636527338e-11     0.130537876954075 -2.19531372472567e-08 -4.25249318226381e-15     0.467656751056981 -1.01899330041892e-11
-0.000374599586282661 -0.000782655544485597   -0.0352999825030621    0.0538215755285303    -0.103412471008628  4.95939266133666e-12 -4.72761995010574e-15  9.79130701035807e-15 -1.01899330041892e-11     0.210671092677521
TOTAL ENERGY: -127.235209943604	 lambda: -0.2	 population of target: 6.27483398749016
1RDM: 
     1.99999976570769 -7.61703663994027e-08 -8.69331371788704e-06  1.04731274071605e-05  5.43980964249964e-05 -2.01664616116239e-16  7.76041177996395e-19  -5.4973419215815e-20 -5.05591612229845e-15 -0.000211835267619436
-7.61703663994027e-08      1.99999883759986 -5.10956164923121e-06  5.07795072168364e-05 -0.000131286809004192 -3.36533309554348e-14  2.79110275511742e-17 -3.25348942560036e-17   -7.781477105333e-15 -0.000573679765083817
-8.69331371788704e-06 -5.10956164923121e-06      1.99764854190795   0.00111945022225505   0.00678344634351922 -1.60168967659574e-12  1.34975947146262e-15 -1.70420895202709e-15  2.14285715918203e-12   -0.0200820029691195
 1.04731274071605e-05  5.07795072168364e-05   0.00111945022225505      1.97444913487092   0.00905265680823565 -5.79939905031033e-12  4.82111299922988e-15   -7.588326183718e-15  9.21310326303608e-12    0.0428058209367016
 5.43980964249964e-05 -0.000131286809004192   0.00678344634351922   0.00905265680823565      1.82816978357049  4.51618741255428e-11 -3.74501142258757e-14  6.53178606186401e-14 -7.91841149105775e-11   -0.0972855779450092
-2.01664616116239e-16 -3.36533309554348e-14 -1.60168967659574e-12 -5.79939905031033e-12  4.51618741255428e-11      1.50943240695818  4.14545494622467e-15  1.29267995534596e-08    0.0764810762117894 -1.45132719848887e-11
 7.76041177996395e-19  2.79110275511742e-17  1.34975947146262e-15  4.82111299922988e-15 -3.74501142258757e-14  4.14545494622467e-15      1.50943240641353    0.0764810798154078 -1.29267907716314e-08    1.206250669728e-14
 -5.4973419215815e-20 -3.25348942560036e-17 -1.70420895202709e-15   -7.588326183718e-15  6.53178606186401e-14  1.29267995534596e-08    0.0764810798154078     0.497264641649848 -4.06406592458475e-15 -2.31508693085698e-14
-5.05591612229845e-15   -7.781477105333e-15  2.14285715918203e-12  9.21310326303608e-12 -7.91841149105775e-11    0.0764810762117894 -1.29267907716314e-08 -4.06406592458475e-15     0.497264641105197  2.79210354931145e-11
-0.000211835267619436 -0.000573679765083817   -0.0200820029691195    0.0428058209367016   -0.0972855779450092 -1.45132719848887e-11    1.206250669728e-14 -2.31508693085698e-14  2.79210354931145e-11     0.186339840216353
TOTAL ENERGY: -127.256328752137	 lambda: -0.1	 population of target: 6.41666516063163
1RDM: 
     1.99999981417318 -1.35894935269598e-08 -3.36875133417714e-06  3.65981675306328e-06  2.36104117463077e-05  3.13635416863476e-16    1.557113342985e-19 -4.13376171775712e-18  4.30527083290307e-15 -8.09159875055877e-05
-1.35894935269598e-08      1.99999912419302 -4.99659764521718e-07  2.09628142035531e-05 -5.93056763414454e-05  1.81524167683483e-14  1.32925939402729e-18 -3.66961620578326e-17  4.85594612667255e-15 -0.000311009296109752
-3.36875133417714e-06 -4.99659764521718e-07      1.99819736133457   0.00044480820931995   0.00310075640013651  9.27858935164961e-13  1.71574137242174e-16 -1.93733010736897e-16 -1.17093141529474e-12  -0.00782122609663228
 3.65981675306328e-06  2.09628142035531e-05   0.00044480820931995      1.98060938974751    0.0028152936076959  3.05841372891665e-12  5.28726618126774e-16 -8.38406393056961e-16 -4.62330698119052e-12    0.0245865303984819
 2.36104117463077e-05 -5.93056763414454e-05   0.00310075640013651    0.0028152936076959      1.83565518707902 -2.62727822267312e-11  -4.6101879644819e-15  7.79085008203548e-15  4.43046025477337e-11   -0.0594939526698625
 3.13635416863476e-16  1.81524167683483e-14  9.27858935164961e-13  3.05841372891665e-12 -2.62727822267312e-11      1.46595327859323  3.74293815464685e-15  5.34072398500604e-09    0.0316672379563174  8.93578995764425e-12
   1.557113342985e-19  1.32925939402729e-18  1.71574137242174e-16  5.28726618126774e-16  -4.6101879644819e-15  3.74293815464685e-15      1.46595327836827    0.0316672412576514 -5.34071863097766e-09  1.66587202770455e-15
-4.13376171775712e-18 -3.66961620578326e-17 -1.93733010736897e-16 -8.38406393056961e-16  7.79085008203548e-15  5.34072398500604e-09    0.0316672412576514     0.538785714629751 -3.67213032548553e-15 -2.92533740910069e-15
 4.30527083290307e-15  4.85594612667255e-15 -1.17093141529474e-12 -4.62330698119052e-12  4.43046025477337e-11    0.0316672379563174 -5.34071863097766e-09 -3.67213032548553e-15     0.538785714404768 -1.62321339427823e-11
-8.09159875055877e-05 -0.000311009296109752  -0.00782122609663228    0.0245865303984819   -0.0594939526698625  8.93578995764425e-12  1.66587202770455e-15 -2.92533740910069e-15 -1.62321339427823e-11     0.176061137476742
TOTAL ENERGY: -127.263903601425	 lambda: 0	 population of target: 6.56783145691642
1RDM: 
     1.99999983372831 -1.75242222612479e-14  5.31574002712454e-13 -6.41440897738179e-12  3.33885366050381e-12  2.29657230581484e-16 -2.07527057852993e-19 -4.67303836054113e-18  6.23956795527744e-16  3.55081027610545e-12
-1.75242222612479e-14      1.99999931534601  2.93542006943232e-12 -7.04743387335806e-12  2.31046754643997e-11  4.97027095882101e-16 -2.67110031990202e-18 -3.64795325568648e-17 -8.91618562170806e-16  1.15098946363351e-10
 5.31574002712454e-13  2.93542006943232e-12      1.99860670687987 -5.69282159850067e-11 -3.29431972027659e-10  3.84933836679355e-15  1.41869092401997e-17 -1.69856344491287e-18   5.5511370993972e-14  1.63429271751786e-09
-6.41440897738179e-12 -7.04743387335806e-12 -5.69282159850067e-11      1.98624258576785 -1.04841432009489e-09 -6.64627521171917e-15  2.21342206080645e-17 -7.03562987461203e-17  1.16081272458846e-13 -2.11990881202469e-09
 3.33885366050381e-12  2.31046754643997e-11 -3.29431972027659e-10 -1.04841432009489e-09      1.81186103151741  2.09755501311813e-13 -2.56577461971059e-16  4.47626677186697e-16 -6.02129565223721e-13 -2.18844928442311e-09
 2.29657230581484e-16  4.97027095882101e-16  3.84933836679355e-15 -6.64627521171917e-15  2.09755501311813e-13      1.41202282365361  3.23332154930479e-15 -2.14590387458113e-10 -2.24858415450024e-09  -1.5013341422068e-13
-2.07527057852993e-19 -2.67110031990202e-18  1.41869092401997e-17  2.21342206080645e-17 -2.56577461971059e-16  3.23332154930479e-15      1.41202282365379  6.73925273597968e-10  2.14593426192251e-10  1.17991226550188e-16
-4.67303836054113e-18 -3.64795325568648e-17 -1.69856344491287e-18 -7.03562987461203e-17  4.47626677186697e-16 -2.14590387458113e-10  6.73925273597968e-10     0.591201424428901 -3.16644325442414e-15 -2.03947949184204e-16
 6.23956795527744e-16 -8.91618562170806e-16   5.5511370993972e-14  1.16081272458846e-13 -6.02129565223721e-13 -2.24858415450024e-09  2.14593426192251e-10 -3.16644325442414e-15     0.591201424429082  1.86157589292117e-13
 3.55081027610545e-12  1.15098946363351e-10  1.63429271751786e-09 -2.11990881202469e-09 -2.18844928442311e-09  -1.5013341422068e-13  1.17991226550188e-16 -2.03947949184204e-16  1.86157589292117e-13      0.19684203059525
TOTAL ENERGY: -127.25726598633	 lambda: 0.1	 population of target: 6.70476164103675
1RDM: 
     1.99999983426772 -1.81789284050583e-08   1.9342365586375e-06 -1.09531155686517e-06 -5.38773000048064e-06   2.6253169764605e-16  -5.4794732333775e-19 -4.58246642985972e-18  5.89603579334627e-16   4.0666465024235e-05
-1.81789284050583e-08      1.99999936701483 -2.19953438509837e-06 -5.97657513472481e-06  2.15794214806629e-05  5.82014045645207e-16 -3.40779457342899e-18 -3.52534677353768e-17 -1.00227133086912e-15   0.00031635769698725
  1.9342365586375e-06 -2.19953438509837e-06      1.99886346163412  -0.00026645429941589  -0.00141798668338976  4.58726292920141e-15  7.10849400408914e-18 -1.11884849455632e-17  5.24494110993213e-14   0.00399330781085181
-1.09531155686517e-06 -5.97657513472481e-06  -0.00026645429941589      1.99010154010936   0.00255586809744427 -7.78950857442655e-15   1.5312987015737e-17 -7.47259322846157e-17  1.22813117631217e-13   -0.0258350252460565
-5.38773000048064e-06  2.15794214806629e-05  -0.00141798668338976   0.00255586809744427      1.75993298767005  2.11705362984976e-13 -2.36758652963039e-16   4.5575299255013e-16 -5.70494785630976e-13    0.0607171376381219
  2.6253169764605e-16  5.82014045645207e-16  4.58726292920141e-15 -7.78950857442655e-15  2.11705362984976e-13      1.35668048637697  2.74872464862094e-15 -3.14785033392153e-09   -0.0187135813237585 -1.13806948856017e-13
 -5.4794732333775e-19 -3.40779457342899e-18  7.10849400408914e-18   1.5312987015737e-17 -2.36758652963039e-16  2.74872464862094e-15      1.35668048651026   -0.0187135787917323  3.14785196637209e-09  6.42291633116854e-17
-4.58246642985972e-18 -3.52534677353768e-17 -1.11884849455632e-17 -7.47259322846157e-17   4.5575299255013e-16 -3.14785033392153e-09   -0.0187135787917323     0.645516376849015  -2.6869929867246e-15 -1.64734227074205e-16
 5.89603579334627e-16 -1.00227133086912e-15  5.24494110993213e-14  1.22813117631217e-13 -5.70494785630976e-13   -0.0187135813237585  3.14785196637209e-09  -2.6869929867246e-15     0.645516376982305  1.60269645454163e-13
  4.0666465024235e-05   0.00031635769698725   0.00399330781085181   -0.0258350252460565    0.0607171376381219 -1.13806948856017e-13  6.42291633116854e-17 -1.64734227074205e-16  1.60269645454163e-13     0.246709082585323
TOTAL ENERGY: -127.241402285189	 lambda: 0.2	 population of target: 6.81225654429101
1RDM: 
     1.99999982227741 -4.89531748220968e-08  2.79392222273107e-06 -7.55753603976283e-07  6.33395195910323e-06  2.93710546022538e-16 -8.71289880487467e-19 -4.43188234898344e-18  5.56089697683976e-16  6.75274906694703e-05
-4.89531748220968e-08       1.9999992977064 -5.57407044169027e-06  1.22974941665197e-06  1.22090069266199e-06  6.39528855817131e-16 -3.84377456137384e-18 -3.42339543787178e-17 -1.08440054966846e-15  0.000592734698295339
 2.79392222273107e-06 -5.57407044169027e-06      1.99894760769766 -0.000436293847957656  -0.00114152092376652  5.82468514248626e-15 -7.93560192503675e-19 -1.65437190296534e-17   4.9312537436352e-14   0.00618920467808306
-7.55753603976283e-07  1.22974941665197e-06 -0.000436293847957656      1.99191909826178   0.00926891772982294 -6.51672470718436e-15  6.96330819286504e-18 -7.38289706348847e-17  1.25850025156551e-13   -0.0479052335319926
 6.33395195910323e-06  1.22090069266199e-06  -0.00114152092376652   0.00926891772982294      1.69959155355971  2.03333674730825e-13 -2.08665795701049e-16  4.38560968291517e-16 -5.32529752550743e-13     0.109682835905829
 2.93710546022538e-16  6.39528855817131e-16  5.82468514248626e-15 -6.51672470718436e-15  2.03333674730825e-13       1.3104484048444  2.36272735923271e-15   -4.792198578743e-09   -0.0284889989134755 -7.88684833934748e-14
-8.71289880487467e-19 -3.84377456137384e-18 -7.93560192503675e-19  6.96330819286504e-18 -2.08665795701049e-16  2.36272735923271e-15      1.31044840504738   -0.0284889967084478  4.79219942614508e-09  2.25909403977917e-17
-4.43188234898344e-18 -3.42339543787178e-17 -1.65437190296534e-17 -7.38289706348847e-17  4.38560968291517e-16   -4.792198578743e-09   -0.0284889967084478     0.691127051339714 -2.30356350502892e-15 -1.20408328543969e-16
 5.56089697683976e-16 -1.08440054966846e-15   4.9312537436352e-14  1.25850025156551e-13 -5.32529752550743e-13   -0.0284889989134755  4.79219942614508e-09 -2.30356350502892e-15     0.691127051542692  1.27656843038172e-13
 6.75274906694703e-05  0.000592734698295339   0.00618920467808306   -0.0479052335319926     0.109682835905829 -7.88684833934748e-14  2.25909403977917e-17 -1.20408328543969e-16  1.27656843038172e-13     0.306391707722871
TOTAL ENERGY: -127.221744356108	 lambda: 0.3	 population of target: 6.89168384178108
1RDM: 
     1.99999980114681 -8.30359457403344e-08  2.93748218897076e-06  4.59388321660682e-07  2.51527402953754e-05  3.22272523114443e-16 -1.17267144300637e-18  -4.2251757538615e-18   5.1911235677761e-16  0.000100419870766535
-8.30359457403344e-08       1.9999991609662 -9.40697256094027e-06  1.55254999066964e-05 -4.98661027918943e-05  6.61211857400045e-16 -4.07668149883267e-18 -3.35572683313042e-17 -1.13798633574019e-15  0.000811270534094856
 2.93748218897076e-06 -9.40697256094027e-06        1.998863481149 -0.000557861988197872  1.35088767949408e-05  7.17080697852063e-15 -8.42372763027787e-18 -1.82293274519381e-17   4.6567433944808e-14   0.00826094864384437
 4.59388321660682e-07  1.55254999066964e-05 -0.000557861988197872      1.99227278534477    0.0177248309886579 -4.33490661446791e-15 -2.03802740490692e-19 -7.04363048274631e-17  1.26688731217136e-13   -0.0645263946089928
 2.51527402953754e-05 -4.98661027918943e-05  1.35088767949408e-05    0.0177248309886579      1.64827306289173  1.94510320971415e-13 -1.84919171528989e-16  4.22134757963697e-16 -5.06441631354752e-13     0.147142631546147
 3.22272523114443e-16  6.61211857400045e-16  7.17080697852063e-15 -4.33490661446791e-15  1.94510320971415e-13      1.27808909473395  2.09702233132639e-15 -5.69420737124369e-09   -0.0338583410276508   -5.185175858753e-14
-1.17267144300637e-18 -4.07668149883267e-18 -8.42372763027787e-18 -2.03802740490692e-19 -1.84919171528989e-16  2.09702233132639e-15      1.27808909497508   -0.0338583390517914  5.69420778533373e-09 -4.19425646557593e-18
 -4.2251757538615e-18 -3.35572683313042e-17 -1.82293274519381e-17 -7.04363048274631e-17  4.22134757963697e-16 -5.69420737124369e-09   -0.0338583390517914     0.723139702502245 -2.03905577763282e-15  -8.3262250177067e-17
  5.1911235677761e-16 -1.13798633574019e-15   4.6567433944808e-14  1.26688731217136e-13 -5.06441631354752e-13   -0.0338583410276508  5.69420778533373e-09 -2.03905577763282e-15     0.723139702743374  9.86645625741716e-14
 0.000100419870766535  0.000811270534094856   0.00826094864384437   -0.0645263946089928     0.147142631546147   -5.185175858753e-14 -4.19425646557593e-18  -8.3262250177067e-17  9.86645625741716e-14     0.358134113546824
TOTAL ENERGY: -127.200558313347	 lambda: 0.4	 population of target: 6.95253215261186
1RDM: 
     1.99999977184535 -1.18946723574285e-07  2.65010426685217e-06  2.49999988973728e-06  4.15710157255936e-05  3.46513397083585e-16 -1.45100240001435e-18 -3.98934605494279e-18  4.84508484210569e-16  0.000147141492906985
-1.18946723574285e-07      1.99999900371024 -1.37264960228777e-05  3.16655746187639e-05 -0.000119027262642207   6.6859423030488e-16 -4.22402598531534e-18 -3.32420051189849e-17  -1.1603967078571e-15  0.000974886486710515
 2.65010426685217e-06 -1.37264960228777e-05      1.99861567060491 -0.000650217974862584   0.00123975079723617  8.10824540477187e-15 -1.49922512702667e-17 -1.63267643111469e-17  4.37279755297436e-14    0.0109735874088351
 2.49999988973728e-06  3.16655746187639e-05 -0.000650217974862584      1.99184887289429    0.0262252360925444 -5.17800206130827e-17 -8.32994463777854e-18 -6.69064475401822e-17  1.26846694820933e-13   -0.0763146478235198
 4.15710157255936e-05 -0.000119027262642207   0.00123975079723617    0.0262252360925444      1.61339809588213  1.94593324612581e-13 -1.76123884733157e-16  4.00178248645025e-16 -4.86654556325946e-13     0.179294332878143
 3.46513397083585e-16   6.6859423030488e-16  8.10824540477187e-15 -5.17800206130827e-17  1.94593324612581e-13      1.25946841082042  1.93409089442204e-15 -6.37169691888145e-09   -0.0378950834157111 -2.47670298611642e-14
-1.45100240001435e-18 -4.22402598531534e-18 -1.49922512702667e-17 -8.32994463777854e-18 -1.76123884733157e-16  1.93409089442204e-15      1.25946841109056   -0.0378950815718843  6.37169708366683e-09 -3.04560070973584e-17
-3.98934605494279e-18 -3.32420051189849e-17 -1.63267643111469e-17 -6.69064475401822e-17  4.00178248645025e-16 -6.37169691888145e-09   -0.0378950815718843     0.741584511542764 -1.87523565563738e-15 -6.14363307531438e-17
 4.84508484210569e-16  -1.1603967078571e-15  4.37279755297436e-14  1.26846694820933e-13 -4.86654556325946e-13   -0.0378950834157111  6.37169708366683e-09 -1.87523565563738e-15       0.7415845118129  7.99520588762931e-14
 0.000147141492906985  0.000974886486710515    0.0109735874088351   -0.0763146478235198     0.179294332878143 -2.47670298611642e-14 -3.04560070973584e-17 -6.14363307531438e-17  7.99520588762931e-14     0.394032739796446
TOTAL ENERGY: -127.176981926934	 lambda: 0.5	 population of target: 7.00499123879125
1RDM: 
     1.99999973301649 -1.56859803540266e-07  2.03906547882319e-06  5.41671768739163e-06  4.91232585404867e-05  3.62805506544877e-16 -1.70250766766071e-18 -3.73553510207134e-18  4.48707081657415e-16   0.00020908356389402
-1.56859803540266e-07      1.99999885522556 -1.89167902745293e-05  4.64857652756525e-05 -0.000197804623657825  6.33693811030128e-16 -4.30253579763959e-18 -3.32448390854868e-17 -1.16675703122348e-15   0.00109171071830056
 2.03906547882319e-06 -1.89167902745293e-05       1.9981770194982 -0.000729403149914505   0.00200438951901894  9.63651404763835e-15 -2.22420142982141e-17 -1.26547225172394e-17  4.15730470386285e-14     0.014554698096222
 5.41671768739163e-06  4.64857652756525e-05 -0.000729403149914505      1.99111522935385    0.0339801279580219  2.24104852382606e-15 -1.18517285362166e-17 -6.39650885187606e-17  1.26595215354507e-13   -0.0844131638749451
 4.91232585404867e-05 -0.000197804623657825   0.00200438951901894    0.0339801279580219      1.59596232548537  1.74682800198262e-13 -1.30595492407221e-16  4.18569544668876e-16 -5.01106145100612e-13     0.212798310429085
 3.62805506544877e-16  6.33693811030128e-16  9.63651404763835e-15  2.24104852382606e-15  1.74682800198262e-13      1.25313066797567   1.8494799256311e-15  -7.2462435895294e-09   -0.0424141975743615 -1.99383887428983e-14
-1.70250766766071e-18 -4.30253579763959e-18 -2.22420142982141e-17 -1.18517285362166e-17 -1.30595492407221e-16   1.8494799256311e-15      1.25313066827783    -0.042414195775399  7.24624360142965e-09 -1.74823987536527e-17
-3.73553510207134e-18 -3.32448390854868e-17 -1.26547225172394e-17 -6.39650885187606e-17  4.18569544668876e-16  -7.2462435895294e-09    -0.042414195775399     0.747858455487231 -1.78631335283344e-15 -7.58854416598175e-18
 4.48707081657415e-16 -1.16675703122348e-15  4.15730470386285e-14  1.26595215354507e-13 -5.01106145100612e-13   -0.0424141975743615  7.24624360142965e-09 -1.78631335283344e-15      0.74785845578939  4.35412934183807e-14
  0.00020908356389402   0.00109171071830056     0.014554698096222   -0.0844131638749451     0.212798310429085 -1.99383887428983e-14 -1.74823987536527e-17 -7.58854416598175e-18  4.35412934183807e-14     0.412768589890366
TOTAL ENERGY: -127.147564410059	 lambda: 0.6	 population of target: 7.05839375990877
1RDM: 
      1.9999996815607 -1.95678262774863e-07  1.02267767818607e-06  9.19905951148753e-06  4.26179865452018e-05  3.69983375683813e-16 -1.92133323382125e-18 -3.49534485088809e-18  4.22138468867125e-16  0.000285443832831669
-1.95678262774863e-07      1.99999873121798 -2.55934059092195e-05   5.8196312509989e-05 -0.000280954670984525  5.96841492090266e-16 -4.42131517265916e-18 -3.35409022813124e-17 -1.15692752359416e-15   0.00116775031289225
 1.02267767818607e-06 -2.55934059092195e-05      1.99746897941733 -0.000820520968527991   0.00193517272013105  1.01396609011627e-14 -2.75197400866596e-17 -6.88083934952649e-18   3.9543754668319e-14    0.0190423356677939
 9.19905951148753e-06   5.8196312509989e-05 -0.000820520968527991      1.99033670036904    0.0406682999363114  6.35207636060568e-15 -1.68531970232667e-17 -6.06957015022758e-17  1.26205063479495e-13   -0.0897632121972729
 4.26179865452018e-05 -0.000280954670984525   0.00193517272013105    0.0406682999363114       1.5943945264174  1.78378942783007e-13 -1.30503191190063e-16  4.06137901033534e-16 -5.13883521733956e-13     0.253764675807821
 3.69983375683813e-16  5.96841492090266e-16  1.01396609011627e-14  6.35207636060568e-15  1.78378942783007e-13      1.25816040425564  1.82125086558494e-15 -8.14976392767223e-09    -0.048711545093501  2.54056521639733e-15
-1.92133323382125e-18 -4.42131517265916e-18 -2.75197400866596e-17 -1.68531970232667e-17 -1.30503191190063e-16  1.82125086558494e-15      1.25816040460257   -0.0487115432588358  8.14976384543921e-09 -3.97349780546116e-17
-3.49534485088809e-18 -3.35409022813124e-17 -6.88083934952649e-18 -6.06957015022758e-17  4.06137901033534e-16 -8.14976392767223e-09   -0.0487115432588358     0.742854176500243 -1.75236203725862e-15  7.78828750953693e-18
 4.22138468867125e-16 -1.15692752359416e-15   3.9543754668319e-14  1.26205063479495e-13 -5.13883521733956e-13    -0.048711545093501  8.14976384543921e-09 -1.75236203725862e-15     0.742854176847178  2.46508457575823e-14
 0.000285443832831669   0.00116775031289225    0.0190423356677939   -0.0897632121972729     0.253764675807821  2.54056521639733e-15 -3.97349780546116e-17  7.78828750953693e-18  2.46508457575823e-14     0.415772218811921
TOTAL ENERGY: -127.105947597318	 lambda: 0.7	 population of target: 7.12222126943662
1RDM: 
     1.99999961340573 -2.33249137386199e-07 -6.96981645911146e-07  1.37746429894461e-05  1.63983409594544e-05 -1.12530115937717e-14  1.23940026984576e-17  2.59654875341485e-18 -4.31066758683525e-15  0.000374110779078872
-2.33249137386199e-07       1.9999986364282 -3.47616611882637e-05  6.56738462500457e-05  -0.00036356029592715 -3.90483325196305e-14   4.4811238997785e-17  1.83882226902875e-17 -4.32197208226222e-14   0.00120613412256563
-6.96981645911146e-07 -3.47616611882637e-05      1.99634249197296 -0.000958328266374284  0.000683835601496821  7.02039685941869e-13 -8.95239193613717e-16 -2.23646661694242e-15  1.83118127987578e-12    0.0244160493411012
 1.37746429894461e-05  6.56738462500457e-05 -0.000958328266374284      1.98965733225699    0.0460880158426906 -5.09509031240539e-12  6.35145151867173e-15  6.66262249234031e-15  -5.2610767064268e-12   -0.0930540513375645
