Naturals in-correctTOTAL ENERGY: -126.678138950071	 lambda: -1	 population of target: 5.26278029582772
1RDM: 
     1.99999928704933 -8.94959821022678e-07 -7.18888668186748e-05  9.72717155358113e-05  1.24142690492224e-05  8.16774344766977e-15  9.35393884363766e-16  3.53030495629401e-16   3.2869537002738e-15  0.000819790776009691
-8.94959821022678e-07      1.99999564470456 -0.000142357409669023   0.00025241912325025 -0.000310871089661179 -3.29551832922196e-14 -3.78565537772434e-15  7.26678387762126e-15  6.55269547041829e-14   0.00198728801750528
-7.18888668186748e-05 -0.000142357409669023      1.98845780818504    0.0173446943182792  -0.00408362574761289 -1.80561253864851e-12 -2.04810377291216e-13    4.964402861661e-13   4.5090786755245e-12       0.1288501159192
 9.72717155358113e-05   0.00025241912325025    0.0173446943182792      1.93541051921446    0.0112545776151874 -7.68931152581354e-12  -8.8036043904481e-13  1.02515609483553e-12  9.29523503679828e-12    -0.151551104923713
 1.24142690492224e-05 -0.000310871089661179  -0.00408362574761289    0.0112545776151874      1.88764151867239  6.37809344308345e-12  7.25922332771888e-13 -1.51672958838838e-12  -1.3754095185177e-11     0.200287513038518
 8.16774344766977e-15 -3.29551832922196e-14 -1.80561253864851e-12 -7.68931152581354e-12  6.37809344308345e-12       1.7172481691196  9.65976349086576e-16  -0.00171069467793697     0.469609997866921  2.27946070230135e-12
 9.35393884363766e-16 -3.78565537772434e-15 -2.04810377291216e-13  -8.8036043904481e-13  7.25922332771888e-13  9.65976349086576e-16      1.71724816911956     0.469609997866972    0.0017106946779327  2.59443768580908e-13
 3.53030495629401e-16  7.26678387762126e-15    4.964402861661e-13  1.02515609483553e-12 -1.51672958838838e-12  -0.00171069467793697     0.469609997866972     0.307095824034141 -8.94505521985556e-16 -5.44072980704863e-13
  3.2869537002738e-15  6.55269547041829e-14   4.5090786755245e-12  9.29523503679828e-12  -1.3754095185177e-11     0.469609997866921    0.0017106946779327 -8.94505521985556e-16     0.307095824034102 -4.93551496745449e-12
 0.000819790776009691   0.00198728801750528       0.1288501159192    -0.151551104923713     0.200287513038518  2.27946070230135e-12  2.59443768580908e-13 -5.44072980704863e-13 -4.93551496745449e-12      0.13980723586685
TOTAL ENERGY: -126.794680964757	 lambda: -0.9	 population of target: 5.38551586219281
1RDM: 
     1.99999937021702 -7.94171911172542e-07 -5.94113193399821e-05   8.5946443224162e-05  6.00553580175769e-06   1.6727702482285e-14  1.91302536940994e-15    -1.09203617015e-15 -9.79844455825844e-15  0.000758062752759498
-7.94171911172542e-07      1.99999604532317 -0.000122246684158078  0.000219634514407033  -0.00025500230063182 -4.64092510959653e-14  -5.3327541789351e-15  9.84704935874099e-15  8.87896906159109e-14   0.00183287205827977
-5.94113193399821e-05 -0.000122246684158078      1.99014998373422     0.014986346167857  -0.00273774597768515 -2.48341701708091e-12 -2.82058712910176e-13  6.51439899952001e-13  5.90933482215772e-12     0.118300783407782
  8.5946443224162e-05  0.000219634514407033     0.014986346167857      1.94119688841555     0.007521958319822 -1.09173032820051e-11 -1.25119927015891e-12  1.52510523223526e-12  1.38076945986335e-11    -0.137757666700316
 6.00553580175769e-06  -0.00025500230063182  -0.00273774597768515     0.007521958319822      1.89499876356416  1.03634861983743e-11  1.18116840815852e-12 -2.39660039349852e-12 -2.17002345047067e-11     0.173363758757901
  1.6727702482285e-14 -4.64092510959653e-14 -2.48341701708091e-12 -1.09173032820051e-11  1.03634861983743e-11      1.72324471774892  3.60459969531256e-16  -0.00153477800728106     0.421318419699876  3.69375676707794e-12
 1.91302536940994e-15  -5.3327541789351e-15 -2.82058712910176e-13 -1.25119927015891e-12  1.18116840815852e-12  3.60459969531256e-16      1.72324471774893     0.421318419699639   0.00153477800728029  4.20529000609139e-13
   -1.09203617015e-15  9.84704935874099e-15  6.51439899952001e-13  1.52510523223526e-12 -2.39660039349852e-12  -0.00153477800728106     0.421318419699639     0.299453588458782 -4.24128898625779e-16 -8.49119500436487e-13
-9.79844455825844e-15  8.87896906159109e-14  5.90933482215772e-12  1.38076945986335e-11 -2.17002345047067e-11     0.421318419699876   0.00153477800728029 -4.24128898625779e-16     0.299453588458802 -7.69537097187023e-12
 0.000758062752759498   0.00183287205827977     0.118300783407782    -0.137757666700316     0.173363758757901  3.69375676707794e-12  4.20529000609139e-13 -8.49119500436487e-13 -7.69537097187023e-12     0.128262336330511
TOTAL ENERGY: -126.90389367937	 lambda: -0.8	 population of target: 5.51404258346301
1RDM: 
     1.99999942368268 -7.21631302977784e-07 -4.99246652087169e-05  7.61594704192994e-05  3.75847754757783e-06  -5.1412784594441e-14 -5.86433650502547e-15  9.83873030796552e-15  8.93584414224462e-14  0.000723521582085139
-7.21631302977784e-07      1.99999646477802 -0.000104036061794937  0.000186744882282159 -0.000199480582168087  7.57856549472722e-14  8.68287354110122e-15 -1.44635386933674e-14 -1.30749880317818e-13    0.0016561051322765
-4.99246652087169e-05 -0.000104036061794937       1.9915414978297      0.01270923618942  -0.00100978819501595  3.15515390733015e-12  3.59157787817525e-13 -6.66737815234323e-13 -6.01718321533124e-12      0.10872277645184
 7.61594704192994e-05  0.000186744882282159      0.01270923618942      1.94700016341471   0.00454793586524632  1.76070709980149e-11  2.01991353276447e-12 -2.52621033119527e-12 -2.28268443232409e-11    -0.121715026170024
 3.75847754757783e-06 -0.000199480582168087  -0.00100978819501595   0.00454793586524632      1.89629309429924 -1.86621681237221e-11 -2.13066419487628e-12  3.98649530213865e-12  3.59865088430566e-11     0.139029695240247
 -5.1412784594441e-14  7.57856549472722e-14  3.15515390733015e-12  1.76070709980149e-11 -1.86621681237221e-11      1.72616373391147  7.87439135354831e-16  -0.00136774615461093     0.375465764658801 -7.32087514486991e-12
-5.86433650502547e-15  8.68287354110122e-15  3.59157787817525e-13  2.01991353276447e-12 -2.13066419487628e-12  7.87439135354831e-16      1.72616373391143     0.375465764658822   0.00136774615460497 -8.33179099339205e-13
 9.83873030796552e-15 -1.44635386933674e-14 -6.66737815234323e-13 -2.52621033119527e-12  3.98649530213865e-12  -0.00136774615461093     0.375465764658822     0.294903768655284 -7.26470454632766e-16  1.50878681616321e-12
 8.93584414224462e-14 -1.30749880317818e-13 -6.01718321533124e-12 -2.28268443232409e-11  3.59865088430566e-11     0.375465764658801   0.00136774615460497 -7.26470454632766e-16     0.294903768655242  1.36576723612463e-11
 0.000723521582085139    0.0016561051322765      0.10872277645184    -0.121715026170024     0.139029695240247 -7.32087514486991e-12 -8.33179099339205e-13  1.50878681616321e-12  1.36576723612463e-11      0.12303435086226
TOTAL ENERGY: -127.001482235798	 lambda: -0.7	 population of target: 5.64414777657015
1RDM: 
     1.99999945370274 -6.47974767907085e-07 -4.24902885912195e-05  6.60402445978097e-05  1.02487273069512e-05  3.29743639419817e-15  3.80370751249542e-16  8.15300914503958e-16  7.55416130378822e-15  0.000701095923831167
-6.47974767907085e-07      1.99999689262584 -8.64201641767046e-05   0.00015589145626918 -0.000156353298098453 -1.97787652248022e-14 -2.28589806116897e-15  3.76886294214106e-15  3.38449010275702e-14   0.00145811923626112
-4.24902885912195e-05 -8.64201641767046e-05      1.99271087489692    0.0104904210550576  0.000987494376717937 -1.44108715398518e-12 -1.63998161343917e-13  3.87614666455579e-13  3.51783078041767e-12    0.0992341402884603
 6.60402445978097e-05   0.00015589145626918    0.0104904210550576      1.95243836833134   0.00330492042966574 -4.66111884538788e-12 -5.34230445388407e-13  7.51159663315137e-13  6.79147054958469e-12     -0.10439706419427
 1.02487273069512e-05 -0.000156353298098453  0.000987494376717937   0.00330492042966574      1.88972468136822   7.2724794980172e-12  8.30078592053277e-13 -1.75169106839571e-12 -1.58441665946345e-11     0.105168391042756
 3.29743639419817e-15 -1.97787652248022e-14 -1.44108715398518e-12 -4.66111884538788e-12   7.2724794980172e-12      1.72534252862449  5.60222071386872e-16  -0.00120476047818491     0.330723894602223  1.89524982897764e-12
 3.80370751249542e-16 -2.28589806116897e-15 -1.63998161343917e-13 -5.34230445388407e-13  8.30078592053277e-13  5.60222071386872e-16      1.72534252862449     0.330723894602197   0.00120476047817945  2.15623566161287e-13
 8.15300914503958e-16  3.76886294214106e-15  3.87614666455579e-13  7.51159663315137e-13 -1.75169106839571e-12  -0.00120476047818491     0.330723894602197     0.294064559051175  -6.4813648320474e-16 -5.20476498280264e-13
 7.55416130378822e-15  3.38449010275702e-14  3.51783078041767e-12  6.79147054958469e-12 -1.58441665946345e-11     0.330723894602223   0.00120476047817945  -6.4813648320474e-16     0.294064559051178 -4.71432733556517e-12
 0.000701095923831167   0.00145811923626112    0.0992341402884603     -0.10439706419427     0.105168391042756  1.89524982897764e-12  2.15623566161287e-13 -5.20476498280264e-13 -4.71432733556517e-12     0.126315553723611
TOTAL ENERGY: -127.083870839119	 lambda: -0.6	 population of target: 5.77083212389419
1RDM: 
     1.99999947601778 -5.51776553100322e-07 -3.57151629153841e-05  5.45425319523009e-05  2.45555420450154e-05  3.94455137288994e-15  4.52592608675421e-16  5.96094958479631e-16  5.57262999046349e-15  0.000669052813491429
-5.51776553100322e-07      1.99999730711741 -6.87850019341587e-05  0.000128503485066156 -0.000130755248592014 -2.03619670868739e-14 -2.35365276220369e-15  3.31756875345342e-15  2.98039343714064e-14    0.0012485932911266
-3.57151629153841e-05 -6.87850019341587e-05      1.99374969792796   0.00836043702895367   0.00296473827671339 -1.51536470220047e-12 -1.72584410866705e-13  3.93353857563527e-13  3.56974000335217e-12    0.0888468990242549
 5.45425319523009e-05  0.000128503485066156   0.00836043702895367      1.95727591048686   0.00380296376496797  -4.6670718676839e-12 -5.34265185480657e-13  7.98708446116865e-13  7.22103531762934e-12   -0.0873962148644948
 2.45555420450154e-05 -0.000130755248592014   0.00296473827671339   0.00380296376496797      1.87794846162095  9.14212055522895e-12  1.04337972258006e-12 -2.20363727179125e-12  -1.9921583034198e-11    0.0790150337341407
 3.94455137288994e-15 -2.03619670868739e-14 -1.51536470220047e-12  -4.6670718676839e-12  9.14212055522895e-12      1.72084919870419  5.95685479144551e-16  -0.00104036010084628     0.285593665883896  2.28842083924215e-12
 4.52592608675421e-16 -2.35365276220369e-15 -1.72584410866705e-13 -5.34265185480657e-13  1.04337972258006e-12  5.95685479144551e-16      1.72084919870416     0.285593665883681    0.0010403601008415  2.59853075151321e-13
 5.96094958479631e-16  3.31756875345342e-15  3.93353857563527e-13  7.98708446116865e-13 -2.20363727179125e-12  -0.00104036010084628     0.285593665883681     0.296828186473481 -5.61567182189582e-16 -6.37468326505647e-13
 5.57262999046349e-15  2.98039343714064e-14  3.56974000335217e-12  7.22103531762934e-12  -1.9921583034198e-11     0.285593665883896    0.0010403601008415 -5.61567182189582e-16      0.29682818647346 -5.77662111064761e-12
 0.000669052813491429    0.0012485932911266    0.0888468990242549   -0.0873962148644948    0.0790150337341407  2.28842083924215e-12  2.59853075151321e-13 -6.37468326505647e-13 -5.77662111064761e-12     0.135674376473811
TOTAL ENERGY: -127.150535650924	 lambda: -0.5	 population of target: 5.89196121878598
1RDM: 
     1.99999950696722 -4.29866031449054e-07 -2.85172957653048e-05  4.19156282826709e-05  4.07000510112399e-05 -5.31988820704761e-15 -6.03205212600183e-16  2.24390781423764e-15  2.05245016757064e-14  0.000609188845630537
-4.29866031449054e-07      1.99999768997955 -5.13652569041305e-05  0.000104317125144904 -0.000118894682572716 -2.92513236062391e-15 -3.53412358360001e-16  5.80132685024207e-16  5.08852000063434e-15   0.00103915611859674
-2.85172957653048e-05 -5.13652569041305e-05      1.99472053667954   0.00637362561732275   0.00455132268604208 -5.33378131218858e-13 -6.08066019163725e-14  1.81720099796912e-13  1.65358445820164e-12    0.0768006590466587
 4.19156282826709e-05  0.000104317125144904   0.00637362561732275      1.96158685487126   0.00513855416289445 -7.66333491693218e-13 -8.79701368722732e-14  1.65702700277164e-13  1.49637094444268e-12   -0.0719897019306265
 4.07000510112399e-05 -0.000118894682572716   0.00455132268604208   0.00513855416289445      1.86635385344687  2.09081541109515e-12  2.39617199688638e-13 -6.24360864837255e-13 -5.64213565733136e-12    0.0638764832618173
-5.31988820704761e-15 -2.92513236062391e-15 -5.33378131218858e-13 -7.66333491693218e-13  2.09081541109515e-12      1.71311495932357   6.5520109485417e-16 -0.000869065064423936     0.238570502677453  2.79810407617939e-13
-6.03205212600183e-16 -3.53412358360001e-16 -6.08066019163725e-14 -8.79701368722732e-14  2.39617199688638e-13   6.5520109485417e-16       1.7131149593235     0.238570502677454  0.000869065064422995  3.21749013185977e-14
 2.24390781423764e-15  5.80132685024207e-16  1.81720099796912e-13  1.65702700277164e-13 -6.24360864837255e-13 -0.000869065064423936     0.238570502677454     0.302725228360551 -4.36001129887447e-16  -1.3329492938412e-13
 2.05245016757064e-14  5.08852000063434e-15  1.65358445820164e-12  1.49637094444268e-12 -5.64213565733136e-12     0.238570502677453  0.000869065064422995 -4.36001129887447e-16     0.302725228360489  -1.2021288648281e-12
 0.000609188845630537   0.00103915611859674    0.0768006590466587   -0.0719897019306265    0.0638764832618173  2.79810407617939e-13  3.21749013185977e-14  -1.3329492938412e-13  -1.2021288648281e-12     0.145661182687503
TOTAL ENERGY: -127.203458111822	 lambda: -0.4	 population of target: 6.00953946761491
1RDM: 
     1.99999955338208 -2.95789075245907e-07 -2.07062073552485e-05  2.92914585717759e-05  5.14553587851796e-05 -6.67947099890896e-15 -7.65138894295521e-16  2.48620962754718e-15  2.26106089814521e-14   0.00051385466662686
-2.95789075245907e-07      1.99999803465651 -3.50064303808191e-05  8.17380631579407e-05 -0.000111209098682693  5.56669352792272e-16  5.94333015049988e-17  1.52043179231395e-16  1.33090877819453e-15  0.000836372211944103
-2.07062073552485e-05 -3.50064303808191e-05      1.99562877568062    0.0045776227721469    0.0054270080491294 -3.10029076605701e-13 -3.45668171004836e-14  1.31888731201098e-13  1.21500300077622e-12    0.0627804960595365
 2.92914585717759e-05  8.17380631579407e-05    0.0045776227721469      1.96569132514428   0.00608579139968149 -4.28518182427612e-14 -2.68045313639328e-15   3.4555006018274e-14  3.51179558118546e-13   -0.0584544486296754
 5.14553587851796e-05 -0.000111209098682693    0.0054270080491294   0.00608579139968149      1.85981461854055  1.93886809098102e-13  1.55797498169863e-14 -1.64658031859583e-13 -1.64200661471037e-12    0.0580335656957624
-6.67947099890896e-15  5.56669352792272e-16 -3.10029076605701e-13 -4.28518182427612e-14  1.93886809098102e-13      1.70180759740807  1.51475035712323e-15 -0.000687845955211996     0.188821331643004 -1.20099250212428e-13
-7.65138894295521e-16  5.94333015049988e-17 -3.45668171004836e-14 -2.68045313639328e-15  1.55797498169863e-14  1.51475035712323e-15      1.70180759740808     0.188821331643119  0.000687845955218853 -1.50188729249078e-14
 2.48620962754718e-15  1.52043179231395e-16  1.31888731201098e-13   3.4555006018274e-14 -1.64658031859583e-13 -0.000687845955211996     0.188821331643119     0.312066087950685 -1.41345006496419e-15 -7.79670772070692e-16
 2.26106089814521e-14  1.33090877819453e-15  1.21500300077622e-12  3.51179558118546e-13 -1.64200661471037e-12     0.188821331643004  0.000687845955218853 -1.41345006496419e-15     0.312066087950689 -4.51284023319353e-14
  0.00051385466662686  0.000836372211944103    0.0627804960595365   -0.0584544486296754    0.0580335656957624 -1.20099250212428e-13 -1.50188729249078e-14 -7.79670772070692e-16 -4.51284023319353e-14      0.15112032187849
TOTAL ENERGY: -127.244969795128	 lambda: -0.3	 population of target: 6.12823174912981
1RDM: 
     1.99999960832085 -1.70531111751065e-07 -1.30365381196788e-05  1.79519925399209e-05  5.19560741526903e-05  -6.1187264891764e-15 -7.00098000477439e-16  2.31169752412657e-15  2.10544279352907e-14  0.000387817565098522
-1.70531111751065e-07      1.99999834258759 -2.07886423097725e-05  5.91837976942451e-05   -9.770658647044e-05  2.33239284321819e-16   1.8511602834058e-17  1.57563702526103e-16  1.35956081808839e-15  0.000638721041242045
-1.30365381196788e-05 -2.07886423097725e-05      1.99642407735961   0.00300460210595513   0.00539410196339016 -3.13653739098618e-13  -3.5179456160904e-14  1.27336777013412e-13  1.17054756513274e-12    0.0470326679570217
 1.79519925399209e-05  5.91837976942451e-05   0.00300460210595513      1.96994208892786   0.00575418834798332 -1.26206091496418e-13 -1.29274775472109e-14  5.00793871219255e-14  4.81779305350093e-13   -0.0459452114141361
 5.19560741526903e-05   -9.770658647044e-05   0.00539410196339016   0.00575418834798332      1.86008182964761  3.75063200537704e-13  3.75812512823553e-14 -1.95778186431067e-13 -1.90167397303093e-12    0.0556001088792588
 -6.1187264891764e-15  2.33239284321819e-16 -3.13653739098618e-13 -1.26206091496418e-13  3.75063200537704e-13      1.68524419889749  2.65783070784371e-15 -0.000499143537107823      0.13702474341497  4.42733443984822e-14
-7.00098000477439e-16   1.8511602834058e-17  -3.5179456160904e-14 -1.29274775472109e-14  3.75812512823553e-14  2.65783070784371e-15      1.68524419889747     0.137024743414901  0.000499143537125768  4.03139382113712e-15
 2.31169752412657e-15  1.57563702526103e-16  1.27336777013412e-13  5.00793871219255e-14 -1.95778186431067e-13 -0.000499143537107823     0.137024743414901     0.326556921334196 -2.34879121188084e-15 -2.10286734757407e-14
 2.10544279352907e-14  1.35956081808839e-15  1.17054756513274e-12  4.81779305350093e-13 -1.90167397303093e-12      0.13702474341497  0.000499143537125768 -2.34879121188084e-15     0.326556921334177 -2.21902879042907e-13
 0.000387817565098522  0.000638721041242045    0.0470326679570217   -0.0459452114141361    0.0556001088792588  4.42733443984822e-14  4.03139382113712e-15 -2.10286734757407e-14 -2.21902879042907e-13     0.149951812693198
TOTAL ENERGY: -127.275974209097	 lambda: -0.2	 population of target: 6.2524819128893
1RDM: 
     1.99999965640154 -7.33469287708122e-08 -6.67147178866929e-06  8.92070284135613e-06  4.11017509759053e-05 -5.99772209090267e-15 -6.82372318566912e-16  2.18169225509787e-15  1.99519056981426e-14  0.000246610761630634
-7.33469287708122e-08      1.99999861292669 -9.74796632439634e-06  3.64982395170421e-05 -7.26124826762162e-05   5.2184962077358e-16  4.10424255884635e-17  1.20572302928724e-16  1.00856230509757e-15  0.000438232295602371
-6.67147178866929e-06 -9.74796632439634e-06      1.99703445346466   0.00168640532836079    0.0043819107611761 -2.91894086202465e-13 -3.32921107835186e-14  1.16125670872225e-13  1.05995616042952e-12    0.0304175630065418
 8.92070284135613e-06  3.64982395170421e-05   0.00168640532836079      1.97450208909753   0.00401860540408459 -1.07767461323726e-13 -1.26629479292195e-14   4.7349376211019e-14  4.29341568844829e-13   -0.0328721165261075
 4.11017509759053e-05 -7.26124826762162e-05    0.0043819107611761   0.00401860540408459      1.86465409142627  2.31873193679268e-13  2.82883536787894e-14  -1.5438454777497e-13 -1.39562389250598e-12    0.0486864813432709
-5.99772209090267e-15   5.2184962077358e-16 -2.91894086202465e-13 -1.07767461323726e-13  2.31873193679268e-13      1.66097552033541  3.18963411047398e-16 -0.000312364899045558    0.0857486642883387  9.40607550685972e-14
-6.82372318566912e-16  4.10424255884635e-17 -3.32921107835186e-14 -1.26629479292195e-14  2.82883536787894e-14  3.18963411047398e-16      1.66097552033544     0.085748664288462  0.000312364899045477  1.15562907558182e-14
 2.18169225509787e-15  1.20572302928724e-16  1.16125670872225e-13   4.7349376211019e-14  -1.5438454777497e-13 -0.000312364899045558     0.085748664288462     0.348734692202212  -4.2873661504246e-16 -2.14475712730238e-14
 1.99519056981426e-14  1.00856230509757e-15  1.05995616042952e-12  4.29341568844829e-13 -1.39562389250598e-12    0.0857486642883387  0.000312364899045477  -4.2873661504246e-16     0.348734692202244 -1.85945882355975e-13
 0.000246610761630634  0.000438232295602371    0.0304175630065418   -0.0328721165261075    0.0486864813432709  9.40607550685972e-14  1.15562907558182e-14 -2.14475712730238e-14 -1.85945882355975e-13     0.144390671608031
TOTAL ENERGY: -127.295557273461	 lambda: -0.1	 population of target: 6.3833389131712
1RDM: 
      1.9999996851285 -1.59544605906823e-08 -2.36475009634578e-06  2.87149680339951e-06  2.16938624610646e-05 -5.71262254317349e-15 -6.51403602879827e-16  1.97655158803584e-15  1.80744153790936e-14  0.000111457293569018
-1.59544605906823e-08      1.99999883465762  -2.6924699301675e-06  1.56450535732603e-05 -3.72174423834407e-05  5.23844065994585e-17 -1.27845317339033e-17  7.37445246464781e-17  6.12202151395687e-16  0.000226011712433718
-2.36475009634578e-06  -2.6924699301675e-06      1.99741556296433   0.00066984838744079   0.00247656034050607 -3.35231950832187e-13 -3.81570326046607e-14  1.13205537590589e-13  1.03483403787304e-12    0.0142847384436868
 2.87149680339951e-06  1.56450535732603e-05   0.00066984838744079      1.97920062437991    0.0016464000828343 -2.37734627470976e-13 -2.70733167224667e-14  6.82112118440174e-14  6.23612678077874e-13   -0.0177071669440948
 2.16938624610646e-05 -3.72174423834407e-05   0.00247656034050607    0.0016464000828343      1.86746421419231   7.6592062002163e-13  8.75484806070944e-14 -2.53606189875614e-13  -2.3190859036383e-12    0.0307495925960256
-5.71262254317349e-15  5.23844065994585e-17 -3.35231950832187e-13 -2.37734627470976e-13   7.6592062002163e-13      1.62744291948914  6.41527828330743e-16 -0.000141602588006991    0.0388724939841651  2.74475042228079e-13
-6.51403602879827e-16 -1.27845317339033e-17 -3.81570326046607e-14 -2.70733167224667e-14  8.75484806070944e-14  6.41527828330743e-16      1.62744291948932    0.0388724939843994  0.000141602588006968   3.1553266835259e-14
 1.97655158803584e-15  7.37445246464781e-17  1.13205537590589e-13  6.82112118440174e-14 -2.53606189875614e-13 -0.000141602588006991    0.0388724939843994     0.380299156957752 -1.26607142093422e-15 -6.20968228384946e-14
 1.80744153790936e-14  6.12202151395687e-16  1.03483403787304e-12  6.23612678077874e-13  -2.3190859036383e-12    0.0388724939841651  0.000141602588006968 -1.26607142093422e-15     0.380299156957926 -5.63996936995466e-13
 0.000111457293569018  0.000226011712433718    0.0142847384436868   -0.0177071669440948    0.0307495925960256  2.74475042228079e-13   3.1553266835259e-14 -6.20968228384946e-14 -5.63996936995466e-13     0.140436925783223
TOTAL ENERGY: -127.302226040042	 lambda: 0	 population of target: 6.51646238099552
1RDM: 
     1.99999969251064  6.00663509278887e-16  1.57094919403997e-12  7.47222157592345e-12  8.16369221755057e-13 -5.93205394218765e-15 -6.76741870560177e-16   1.8440523747261e-15  1.68699427872009e-14 -6.00052176311214e-11
 6.00663509278887e-16      1.99999898910066 -6.37921162239623e-13  1.12072574828885e-11  7.88970477092677e-12  2.28558071487451e-16  5.25171284040771e-18  1.23030717541995e-17  6.97221688223834e-17   1.5210756173054e-11
 1.57094919403997e-12 -6.37921162239623e-13      1.99757652841072  1.34161194851625e-10 -8.78190199135947e-11  -3.5252817839967e-13 -4.01520621170366e-14  1.03982804048473e-13  9.50732632405168e-13 -1.36014405610992e-09
 7.47222157592345e-12  1.12072574828885e-11  1.34161194851625e-10      1.98355415702724 -4.99971419919207e-10 -2.61458405133807e-13 -2.98010787356569e-14  6.87043881014111e-14  6.27823775883727e-13 -5.01105188606027e-10
 8.16369221755057e-13  7.88970477092677e-12 -8.78190199135947e-11 -4.99971419919207e-10      1.86201395514295  8.30901005271695e-13  9.51223736720945e-14 -2.42842794925488e-13 -2.21889260947474e-12  4.08825810823334e-09
-5.93205394218765e-15  2.28558071487451e-16  -3.5252817839967e-13 -2.61458405133807e-13  8.30901005271695e-13      1.58599238275885  8.51328407042979e-16  6.46280241335943e-10 -9.84879822661705e-10  2.62265468430901e-13
-6.76741870560177e-16  5.25171284040771e-18 -4.01520621170366e-14 -2.98010787356569e-14  9.51223736720945e-14  8.51328407042979e-16      1.58599238275887 -9.84764278008851e-10 -6.46285288846835e-10  3.01535621854871e-14
  1.8440523747261e-15  1.23030717541995e-17  1.03982804048473e-13  6.87043881014111e-14 -2.42842794925488e-13  6.46280241335943e-10 -9.84764278008851e-10     0.420052749494806 -8.37688717595437e-16 -6.70839361739336e-14
 1.68699427872009e-14  6.97221688223834e-17  9.50732632405168e-13  6.27823775883727e-13 -2.21889260947474e-12 -9.84879822661705e-10 -6.46285288846835e-10 -8.37688717595437e-16     0.420052749494834 -6.08464851040917e-13
-6.00052176311214e-11   1.5210756173054e-11 -1.36014405610992e-09 -5.01105188606027e-10  4.08825810823334e-09  2.62265468430901e-13  3.01535621854871e-14 -6.70839361739336e-14 -6.08464851040917e-13     0.144766413300468
TOTAL ENERGY: -127.29595119178	 lambda: 0.1	 population of target: 6.64365544086375
1RDM: 
     1.99999968401366  -1.7989847927322e-08  1.07727919715748e-06 -1.30556710355348e-07 -1.67367714061496e-05 -6.29066889932465e-15 -7.17970683183177e-16  1.73015736251395e-15  1.58307114349732e-14 -8.29118674022536e-05
 -1.7989847927322e-08      1.99999906421954 -1.42029225498753e-06 -7.73032810990208e-06  2.69778094532719e-05  3.82686564500392e-16  2.07833669188131e-17 -4.83641101585018e-17 -4.70762286442312e-16 -0.000230191617100196
 1.07727919715748e-06 -1.42029225498753e-06      1.99755515024232 -0.000325586697707728  -0.00253356887916123  -3.7824642335431e-13 -4.30807556557988e-14   9.5939998111805e-14  8.77630839009775e-13    -0.011724711581426
-1.30556710355348e-07 -7.73032810990208e-06 -0.000325586697707728      1.98701248212523   0.00029969223629717 -2.83584569659539e-13 -3.23064473632712e-14  6.94047573873795e-14  6.34423271358167e-13    0.0191346707317836
-1.67367714061496e-05  2.69778094532719e-05  -0.00253356887916123   0.00029969223629717      1.84584727286027  8.80672028307422e-13  1.00774548866519e-13 -2.33043052893418e-13 -2.13037501287449e-12   -0.0400040861780725
-6.29066889932465e-15  3.82686564500392e-16  -3.7824642335431e-13 -2.83584569659539e-13  8.80672028307422e-13      1.54158240087452  5.57114802081648e-16  0.000106884533076629   -0.0293411206664051  1.93481143458786e-13
-7.17970683183177e-16  2.07833669188131e-17 -4.30807556557988e-14 -3.23064473632712e-14  1.00774548866519e-13  5.57114802081648e-16      1.54158240087452   -0.0293411206663555  -0.00010688453307694  2.22469878357338e-14
 1.73015736251395e-15 -4.83641101585018e-17   9.5939998111805e-14  6.94047573873795e-14 -2.33043052893418e-13  0.000106884533076629   -0.0293411206663555     0.463133592044685 -4.63937542707785e-16 -6.75977684701072e-14
 1.58307114349732e-14 -4.70762286442312e-16  8.77630839009775e-13  6.34423271358167e-13 -2.13037501287449e-12   -0.0293411206664051  -0.00010688453307694 -4.63937542707785e-16     0.463133592044681 -6.13251622938768e-13
-8.29118674022536e-05 -0.000230191617100196    -0.011724711581426    0.0191346707317836   -0.0400040861780725  1.93481143458786e-13  2.22469878357338e-14 -6.75977684701072e-14 -6.13251622938768e-13      0.16015436070056
TOTAL ENERGY: -127.278943644862	 lambda: 0.2	 population of target: 6.75787229361446
1RDM: 
     1.99999966436744 -5.78930137186099e-08   1.3760601418089e-06  1.63001965568367e-06 -2.47479267473465e-05 -6.66552987947734e-15 -7.60551138567498e-16  1.63646149745167e-15  1.49821398650544e-14 -0.000146033913143229
-5.78930137186099e-08      1.99999906814256 -6.12363591382931e-06 -7.35218075182881e-06  3.39560949100364e-05  4.70423794005322e-16  2.87461113478877e-17 -1.02349811643947e-16 -9.52841908455133e-16 -0.000446885198466594
  1.3760601418089e-06 -6.12363591382931e-06      1.99737094425398 -0.000377574561373356  -0.00468945287759749 -4.04908467264859e-13 -4.61534523261139e-14  8.94335416629071e-14  8.17807775037477e-13    -0.021133817281194
 1.63001965568367e-06 -7.35218075182881e-06 -0.000377574561373356      1.98928190447807   0.00294178918304855 -2.98636065652599e-13 -3.40433546482611e-14  7.03054168691568e-14   6.4220893530013e-13    0.0376841398487341
-2.47479267473465e-05  3.39560949100364e-05  -0.00468945287759749   0.00294178918304855      1.82238582793999  9.07588480894778e-13  1.04012716097266e-13 -2.26234479865062e-13 -2.06532834395989e-12   -0.0837440472455603
-6.66552987947734e-15  4.70423794005322e-16 -4.04908467264859e-13 -2.98636065652599e-13  9.07588480894778e-13      1.50088623174881  5.19973380100338e-15  0.000183282278324328   -0.0503133931091291  9.21440912618212e-14
-7.60551138567498e-16  2.87461113478877e-17 -4.61534523261139e-14 -3.40433546482611e-14  1.04012716097266e-13  5.19973380100338e-15      1.50088623174886   -0.0503133931090092 -0.000183282278327692  1.06994355431974e-14
 1.63646149745167e-15 -1.02349811643947e-16  8.94335416629071e-14  7.03054168691568e-14 -2.26234479865062e-13  0.000183282278324328   -0.0503133931090092     0.502882708161966 -5.05026011999278e-15 -6.44884554459002e-14
 1.49821398650544e-14 -9.52841908455133e-16  8.17807775037477e-13   6.4220893530013e-13 -2.06532834395989e-12   -0.0503133931091291 -0.000183282278327692 -5.05026011999278e-15      0.50288270816202 -5.83926883671373e-13
-0.000146033913143229 -0.000446885198466594    -0.021133817281194    0.0376841398487341   -0.0837440472455603  9.21440912618212e-14  1.06994355431974e-14 -6.44884554459002e-14 -5.83926883671373e-13     0.183424710996343
TOTAL ENERGY: -127.254203938201	 lambda: 0.3	 population of target: 6.85729302449767
1RDM: 
     1.99999963398661 -1.08629919567877e-07    9.706958687515e-07  4.52558324761734e-06 -2.60129563330586e-05 -6.94716888868412e-15 -7.92916290515836e-16  1.56243929766938e-15  1.43046363814976e-14 -0.000203551764425071
-1.08629919567877e-07      1.99999902714324 -1.30813962691197e-05 -1.07179919119937e-06  1.73367107956042e-05  4.74202120294693e-16  2.76817432138555e-17 -1.44797135435297e-16 -1.33349780235813e-15 -0.000633275356506773
   9.706958687515e-07 -1.30813962691197e-05      1.99700402850307  -0.00026255273924661  -0.00635900629318026 -4.26047261522554e-13 -4.85448660957001e-14  8.42435812719071e-14  7.70824535792613e-13   -0.0290864647309696
 4.52558324761734e-06 -1.07179919119937e-06  -0.00026255273924661      1.99043469044174   0.00747000868484074 -3.03360212198362e-13 -3.45617625286883e-14  7.10495325624346e-14  6.49216851431957e-13     0.053940646414173
-2.60129563330586e-05  1.73367107956042e-05  -0.00635900629318026   0.00747000868484074       1.7981755035978  9.12756940329678e-13  1.04543779743352e-13 -2.22377115891478e-13 -2.03069116656361e-12    -0.127772158286231
-6.94716888868412e-15  4.74202120294693e-16 -4.26047261522554e-13 -3.03360212198362e-13  9.12756940329678e-13      1.46932154698452  1.61831528456358e-15  0.000239599263340457   -0.0657733026634593 -2.02999940258078e-14
-7.92916290515836e-16  2.76817432138555e-17 -4.85448660957001e-14 -3.45617625286883e-14  1.04543779743352e-13  1.61831528456358e-15      1.46932154698458    -0.065773302663392 -0.000239599263344437 -2.16881932753322e-15
 1.56243929766938e-15 -1.44797135435297e-16  8.42435812719071e-14  7.10495325624346e-14 -2.22377115891478e-13  0.000239599263340457    -0.065773302663392     0.533833995436016  -1.6388616294098e-15 -5.86882716372306e-14
 1.43046363814976e-14 -1.33349780235813e-15  7.70824535792613e-13  6.49216851431957e-13 -2.03069116656361e-12   -0.0657733026634593 -0.000239599263344437  -1.6388616294098e-15     0.533833995436077 -5.31411454903148e-13
-0.000203551764425071 -0.000633275356506773   -0.0290864647309696     0.053940646414173    -0.127772158286231 -2.02999940258078e-14 -2.16881932753322e-15 -5.86882716372306e-14 -5.31411454903148e-13     0.208076031486332
TOTAL ENERGY: -127.223453236995	 lambda: 0.4	 population of target: 6.94535396623882
1RDM: 
     1.99999959027167 -1.62501707785728e-07 -3.77118281673376e-07   8.1438782279099e-06 -2.64663330636866e-05 -7.08642762057615e-15 -8.08840305362998e-16  1.50172670994491e-15    1.375256686399e-14 -0.000266865968407133
-1.62501707785728e-07      1.99999897193299 -2.14687422001418e-05  8.03319994638981e-06 -2.06007562943931e-05   2.6048035317707e-16  2.87200707319586e-18 -1.85343249830998e-16 -1.70044117250281e-15 -0.000779113643557567
-3.77118281673376e-07 -2.14687422001418e-05      1.99640034480228 -7.99352534833273e-05  -0.00774521879314639  -4.3441243554519e-13 -4.95052535264404e-14  8.04799813839221e-14  7.36577100436202e-13   -0.0365069290700374
  8.1438782279099e-06  8.03319994638981e-06 -7.99352534833273e-05      1.99076250236849    0.0130505600767345 -3.11764943541905e-13 -3.54734199746715e-14   7.0388926073737e-14  6.42930571752045e-13    0.0671122889637027
-2.64663330636866e-05 -2.06007562943931e-05  -0.00774521879314639    0.0130505600767345      1.77884959996461  8.62976925138257e-13  9.89601903888827e-14 -2.26248317140043e-13 -2.06599932753323e-12     -0.17192969347863
-7.08642762057615e-15   2.6048035317707e-16  -4.3441243554519e-13 -3.11764943541905e-13  8.62976925138257e-13      1.44968690249774  4.15055643417551e-16  0.000287272810389384    -0.078860314510924 -1.13550962642912e-13
-8.08840305362998e-16  2.87200707319586e-18 -4.95052535264404e-14 -3.54734199746715e-14  9.89601903888827e-14  4.15055643417551e-16      1.44968690249782   -0.0788603145109412 -0.000287272810390587 -1.28556025403781e-14
 1.50172670994491e-15 -1.85343249830998e-16  8.04799813839221e-14   7.0388926073737e-14 -2.26248317140043e-13  0.000287272810389384   -0.0788603145109412     0.553121776953659 -6.57140763318672e-16 -4.84116064283533e-14
   1.375256686399e-14 -1.70044117250281e-15  7.36577100436202e-13  6.42930571752045e-13 -2.06599932753323e-12    -0.078860314510924 -0.000287272810390587 -6.57140763318672e-16     0.553121776953739 -4.37527965919188e-13
-0.000266865968407133 -0.000779113643557567   -0.0365069290700374    0.0671122889637027     -0.17192969347863 -1.13550962642912e-13 -1.28556025403781e-14 -4.84116064283533e-14 -4.37527965919188e-13      0.22837163175708
TOTAL ENERGY: -127.186060999998	 lambda: 0.5	 population of target: 7.02847193865447
1RDM: 
     1.99999952933696 -2.14483641125541e-07 -3.07352057169215e-06  1.23056513462566e-05  -3.3038287998897e-05 -7.04453608200512e-15 -8.04117675215086e-16  1.45744839738015e-15  1.33515470428073e-14 -0.000341724036469791
-2.14483641125541e-07      1.99999892563003 -3.08409827440233e-05  1.73160883002808e-05 -7.38565444365406e-05  2.65207836899695e-16  2.69004331575605e-18 -1.89525162066867e-16  -1.7288947331024e-15 -0.000880916497015032
-3.07352057169215e-06 -3.08409827440233e-05      1.99547781247198  9.48720145586236e-05  -0.00920161595678665 -4.37766464308677e-13 -4.98848483190262e-14  7.67558718938898e-14   7.0273068282652e-13   -0.0440849334209226
 1.23056513462566e-05  1.73160883002808e-05  9.48720145586236e-05      1.99058443758662    0.0188853687422808 -2.80292643696775e-13 -3.19273659460391e-14  7.17316283305232e-14   6.5549620934879e-13    0.0771997473167115
 -3.3038287998897e-05 -7.38565444365406e-05  -0.00920161595678665    0.0188853687422808      1.76709370847214  8.71319818216259e-13  9.98123800754555e-14 -2.25513357593749e-13 -2.05885863903026e-12    -0.218213371333543
-7.04453608200512e-15  2.65207836899695e-16 -4.37766464308677e-13 -2.80292643696775e-13  8.71319818216259e-13      1.44263387455307   8.3184419411323e-16  0.000336139413698337   -0.0922748332051431  -2.4806532462927e-13
-8.04117675215086e-16  2.69004331575605e-18 -4.98848483190262e-14 -3.19273659460391e-14  9.98123800754555e-14   8.3184419411323e-16      1.44263387455319   -0.0922748332051201 -0.000336139413700244 -2.81554778460666e-14
 1.45744839738015e-15 -1.89525162066867e-16  7.67558718938898e-14  7.17316283305232e-14 -2.25513357593749e-13  0.000336139413698337   -0.0922748332051201      0.56004112218899 -1.40320784595032e-15 -4.22426430331328e-14
 1.33515470428073e-14  -1.7288947331024e-15   7.0273068282652e-13   6.5549620934879e-13 -2.05885863903026e-12   -0.0922748332051431 -0.000336139413700244 -1.40320784595032e-15     0.560041122189114 -3.81672716384811e-13
-0.000341724036469791 -0.000880916497015032   -0.0440849334209226    0.0771997473167115    -0.218213371333543  -2.4806532462927e-13 -2.81554778460666e-14 -4.22426430331328e-14 -3.81672716384811e-13     0.241495593017996
TOTAL ENERGY: -127.138992211716	 lambda: 0.6	 population of target: 7.11396120111596
1RDM: 
      1.9999994469538 -2.61331661576636e-07 -7.66053904197734e-06  1.68828798738448e-05 -5.18074120631004e-05 -6.87539417814493e-15 -7.84843226324562e-16  1.43234899021082e-15  1.31238189030396e-14 -0.000428766112025462
-2.61331661576636e-07       1.9999988978825 -4.11634318425292e-05  2.50730823104667e-05  -0.00013421410336786  5.21969448886873e-16  2.93327204506017e-17 -1.76171714967814e-16 -1.57349115155795e-15 -0.000940702557231769
-7.66053904197734e-06 -4.11634318425292e-05      1.99412758160676  0.000209420475786243   -0.0111016695633788 -4.41257441913456e-13 -5.02739594130798e-14  7.33112196871846e-14  6.71508124364011e-13   -0.0522323042607936
 1.68828798738448e-05  2.50730823104667e-05  0.000209420475786243      1.99014534944387    0.0243581414766305 -2.09473278793348e-13 -2.41343799406912e-14  7.32406135694252e-14  6.71724839450956e-13    0.0846813755994656
-5.18074120631004e-05  -0.00013421410336786   -0.0111016695633788    0.0243581414766305      1.76240739313233  1.14062618651617e-12  1.29652663794198e-13 -2.04822820813115e-13 -1.86554394573503e-12    -0.269116944771458
-6.87539417814493e-15  5.21969448886873e-16 -4.41257441913456e-13 -2.09473278793348e-13  1.14062618651617e-12      1.44748271324361  3.92060972728558e-16  0.000394217545641551    -0.108218097240315 -5.86968753564739e-13
-7.84843226324562e-16  2.93327204506017e-17 -5.02739594130798e-14 -2.41343799406912e-14  1.29652663794198e-13  3.92060972728558e-16      1.44748271324366    -0.108218097240308 -0.000394217545642616 -6.62825488066177e-14
 1.43234899021082e-15 -1.76171714967814e-16  7.33112196871846e-14  7.32406135694252e-14 -2.04822820813115e-13  0.000394217545641551    -0.108218097240308     0.555243926578167 -5.72611842776019e-16 -5.68947585821345e-14
 1.31238189030396e-14 -1.57349115155795e-15  6.71508124364011e-13  6.71724839450956e-13 -1.86554394573503e-12    -0.108218097240315 -0.000394217545642616 -5.72611842776019e-16     0.555243926578219 -5.18132458505876e-13
-0.000428766112025462 -0.000940702557231769   -0.0522323042607936    0.0846813755994656    -0.269116944771458 -5.86968753564739e-13 -6.62825488066177e-14 -5.68947585821345e-14 -5.18132458505876e-13      0.24786805133714
TOTAL ENERGY: -127.077462660525	 lambda: 0.7	 population of target: 7.20847140386513
1RDM: 
     1.99999933957349 -3.02751687884859e-07 -1.48137932112445e-05   2.1737573242643e-05 -8.68386886240667e-05 -6.54476429244784e-15 -7.47301762469013e-16  1.39388914851817e-15  1.27792664540949e-14 -0.000524599296510417
-3.02751687884859e-07      1.99999888283382 -5.28459245043179e-05  3.06208196345444e-05 -0.000192114302129497  6.38795766295775e-18 -2.74955949199863e-17 -1.97510052585324e-16 -1.76594859002186e-15 -0.000966595704193751
-1.48137932112445e-05 -5.28459245043179e-05      1.99222415381082  0.000236307029785985     -0.01376027736759 -4.12761886218603e-13 -4.70429997794439e-14  7.14007835886194e-14  6.54372109119564e-13   -0.0611224827201353
  2.1737573242643e-05  3.06208196345444e-05  0.000236307029785985      1.98959220277338    0.0290542323415284 -2.16549547585847e-13 -2.48708362797256e-14  7.04924357256648e-14  6.45884012134423e-13    0.0903446180563959
