Naturals in-correctTOTAL ENERGY: -126.595275843193	 lambda: -1	 population of target: 5.34682825481942
1RDM: 
     1.99999953587624 -1.03838467405368e-06 -3.96644332896863e-05   9.5850693992608e-05 -5.45860753510132e-06  1.07262835063936e-14  7.81391017650259e-15 -1.57872304376751e-14  2.12964206192275e-14  0.000702319254840289
-1.03838467405368e-06      1.99999537470231 -9.64400391894697e-05  0.000285547416220977 -0.000371492879916181  6.46635167026834e-15  5.04536778751575e-15 -1.07314220701807e-14  1.27791921414678e-14   0.00242757306823516
-3.96644332896863e-05 -9.64400391894697e-05      1.99543810389516     0.010993313073686  0.000605070129912973   8.7606598400477e-13  6.37844039113633e-13 -1.31783545690026e-12   1.7921559480745e-12    0.0725852185570106
  9.5850693992608e-05  0.000285547416220977     0.010993313073686      1.93205252985372    0.0147004628406609 -2.15056669838639e-13 -1.41153924381072e-13  8.86256828935225e-14 -1.31518832018721e-13    -0.155648456891132
-5.45860753510132e-06 -0.000371492879916181  0.000605070129912973    0.0147004628406609      1.87010413458564 -3.30282373470884e-12 -2.40559530372714e-12  4.93315764435298e-12 -6.70851984479749e-12     0.213578708019947
 1.07262835063936e-14  6.46635167026834e-15   8.7606598400477e-13 -2.15056669838639e-13 -3.30282373470884e-12      1.52183677688259  5.98756823406756e-16   0.00193161673318939    -0.466864762184288 -1.08003109300733e-12
 7.81391017650259e-15  5.04536778751575e-15  6.37844039113633e-13 -1.41153924381072e-13 -2.40559530372714e-12  5.98756823406756e-16      1.52183677688259      0.46686476218492   0.00193161673319827 -7.87614659838286e-13
-1.57872304376751e-14 -1.07314220701807e-14 -1.31783545690026e-12  8.86256828935225e-14  4.93315764435298e-12   0.00193161673318939      0.46686476218492     0.499203388325098   8.0778963795519e-16   9.6716934183246e-13
 2.12964206192275e-14  1.27791921414678e-14   1.7921559480745e-12 -1.31518832018721e-13 -6.70851984479749e-12    -0.466864762184288   0.00193161673319827   8.0778963795519e-16     0.499203388325088 -1.31043804997004e-12
 0.000702319254840289   0.00242757306823516    0.0725852185570106    -0.155648456891132     0.213578708019947 -1.08003109300733e-12 -7.87614659838286e-13   9.6716934183246e-13 -1.31043804997004e-12     0.160329990671565
TOTAL ENERGY: -126.75727450176	 lambda: -0.9	 population of target: 5.51759475347556
1RDM: 
     1.99999952630954 -1.01790894385548e-06 -3.91702864855388e-05   8.6980962696375e-05  1.38418731919689e-05  1.01299912225764e-14  7.38282317166736e-15 -1.55859260049911e-14  2.10128688669516e-14  0.000750861537020146
-1.01790894385548e-06      1.99999612381636 -9.11114425065936e-05  0.000226215359494698 -0.000227365000231861  5.45840721506434e-15  4.26354523671524e-15 -9.91693005120006e-15  1.16865299323439e-14   0.00214513542065186
-3.91702864855388e-05 -9.11114425065936e-05      1.99547536515087   0.00944856537828593   0.00400598063418615  8.30450084775469e-13  6.04232064920684e-13 -1.30885598784362e-12   1.7817070057492e-12     0.075537767202841
  8.6980962696375e-05  0.000226215359494698   0.00944856537828593      1.94177035523806   0.00774334669003214 -5.80147062244096e-14 -3.35025522027401e-14 -2.50592439584779e-14  2.82414380393062e-14    -0.128890239289484
 1.38418731919689e-05 -0.000227365000231861   0.00400598063418615   0.00774334669003214      1.85673984087363 -3.15434422139004e-12 -2.29652883354137e-12  5.02879656158695e-12 -6.84352707690807e-12     0.118145417582961
 1.01299912225764e-14  5.45840721506434e-15  8.30450084775469e-13 -5.80147062244096e-14 -3.15434422139004e-12      1.52978297886798  3.15078139617173e-16   0.00177564722977527    -0.429167493609131 -6.66003406819746e-13
 7.38282317166736e-15  4.26354523671524e-15  6.04232064920684e-13 -3.35025522027401e-14 -2.29652883354137e-12  3.15078139617173e-16      1.52978297886807     0.429167493608561   0.00177564722976296  -4.8689237112697e-13
-1.55859260049911e-14 -9.91693005120006e-15 -1.30885598784362e-12 -2.50592439584779e-14  5.02879656158695e-12   0.00177564722977527     0.429167493608561     0.489725290287174 -3.19371582807054e-16   6.9717393822128e-13
 2.10128688669516e-14  1.16865299323439e-14   1.7817070057492e-12  2.82414380393062e-14 -6.84352707690807e-12    -0.429167493609131   0.00177564722976296 -3.19371582807054e-16     0.489725290287281  -9.4443031785198e-13
 0.000750861537020146   0.00214513542065186     0.075537767202841    -0.128890239289484     0.118145417582961 -6.66003406819746e-13  -4.8689237112697e-13   6.9717393822128e-13  -9.4443031785198e-13     0.167002250301071
TOTAL ENERGY: -126.905096373138	 lambda: -0.8	 population of target: 5.6912842772616
1RDM: 
     1.99999947901302   -9.453308093684e-07 -4.17890490945802e-05  7.42340653888342e-05  6.15488422989106e-05  1.46570830382385e-14  1.01120146593027e-14 -1.79696175379245e-14  2.49467193404609e-14  0.000790560350462861
  -9.453308093684e-07      1.99999684190855 -7.96052961168137e-05   0.00018195229558391 -0.000176464367707689 -9.19414240985782e-15 -4.85181727310243e-15  2.48289458078812e-15 -7.99460115621781e-15   0.00180792150360082
-4.17890490945802e-05 -7.96052961168137e-05      1.99528380493099   0.00740603199442949    0.0098755584635103 -1.45737178480439e-14  7.72572352558666e-14 -4.14298209044898e-13  3.52235155474285e-13    0.0759273685818009
 7.42340653888342e-05   0.00018195229558391   0.00740603199442949        1.949699524026    0.0110462508461842 -4.27086108452207e-12  -2.6175096124201e-12  2.07651194523983e-12  -3.3595641349133e-12    -0.101026695047015
 6.15488422989106e-05 -0.000176464367707689    0.0098755584635103    0.0110462508461842      1.79806219993726  4.94041070216123e-12  2.73325917685749e-12 -2.48181410465218e-12  5.19295904256711e-12    0.0539336017583103
 1.46570830382385e-14 -9.19414240985782e-15 -1.45737178480439e-14 -4.27086108452207e-12  4.94041070216123e-12      1.51568416929929  1.27438321337843e-15   0.00160693890632112    -0.388391295141245  2.62287500761705e-12
 1.01120146593027e-14 -4.85181727310243e-15  7.72572352558666e-14  -2.6175096124201e-12  2.73325917685749e-12  1.27438321337843e-15      1.51568416929937     0.388391295141487   0.00160693890629531  1.57978930625944e-12
-1.79696175379245e-14  2.48289458078812e-15 -4.14298209044898e-13  2.07651194523983e-12 -2.48181410465218e-12   0.00160693890632112     0.388391295141487     0.502049753567274  4.70762475477032e-16 -2.31436524863045e-12
 2.49467193404609e-14 -7.99460115621781e-15  3.52235155474285e-13  -3.3595641349133e-12  5.19295904256711e-12    -0.388391295141245   0.00160693890629531  4.70762475477032e-16     0.502049753567344  3.82777662796026e-12
 0.000790560350462861   0.00180792150360082    0.0759273685818009    -0.101026695047015    0.0539336017583103  2.62287500761705e-12  1.57978930625944e-12 -2.31436524863045e-12  3.82777662796026e-12     0.221490304450969
TOTAL ENERGY: -127.008144229378	 lambda: -0.7	 population of target: 5.82818131566065
1RDM: 
     1.99999945401947 -7.94899546019391e-07 -4.27414445513981e-05  5.93251468037304e-05  0.000110327681280166  5.33026622728797e-15  3.96026630198561e-15  -1.1357458652289e-14  1.51340542501766e-14   0.00077197455423157
-7.94899546019391e-07      1.99999737820163 -6.20910507851363e-05  0.000160113655644212 -0.000216691342966114  1.83270674322547e-14  1.32281937551823e-14 -1.77251548288218e-14  2.26878489410047e-14   0.00151059780691172
-4.27414445513981e-05 -6.20910507851363e-05      1.99524485002212   0.00534312820493712    0.0152632934347768   1.5490928623979e-12  1.11120048957313e-12  -2.1050688472259e-12  2.90453376804202e-12    0.0707489901294806
 5.93251468037304e-05  0.000160113655644212   0.00534312820493712      1.95437724580647    0.0208927099211004  3.76149543346089e-12  2.66246257488099e-12 -2.65834670955423e-12  3.71182028861964e-12   -0.0817162454660166
 0.000110327681280166 -0.000216691342966114    0.0152632934347768    0.0208927099211004       1.7303145848294 -1.31906600512231e-11 -9.39182210687673e-12  1.59262303302954e-11 -2.21486569926387e-11    0.0480131849283069
 5.33026622728797e-15  1.83270674322547e-14   1.5490928623979e-12  3.76149543346089e-12 -1.31906600512231e-11      1.48843557882227   7.2802393666713e-16    0.0014175919544387    -0.342626883248989 -4.21252143208763e-12
 3.96026630198561e-15  1.32281937551823e-14  1.11120048957313e-12  2.66246257488099e-12 -9.39182210687673e-12   7.2802393666713e-16      1.48843557882231      0.34262688324896   0.00141759195443273 -3.00169141695177e-12
 -1.1357458652289e-14 -1.77251548288218e-14  -2.1050688472259e-12 -2.65834670955423e-12  1.59262303302954e-11    0.0014175919544387      0.34262688324896     0.527307098975574  4.97505425590794e-16  4.71636841814368e-12
 1.51340542501766e-14  2.26878489410047e-14  2.90453376804202e-12  3.71182028861964e-12 -2.21486569926387e-11    -0.342626883248989   0.00141759195443273  4.97505425590794e-16     0.527307098975609 -6.57693565509032e-12
  0.00077197455423157   0.00151059780691172    0.0707489901294806   -0.0817162454660166    0.0480131849283069 -4.21252143208763e-12 -3.00169141695177e-12  4.71636841814368e-12 -6.57693565509032e-12     0.288581131525267
TOTAL ENERGY: -127.071309702066	 lambda: -0.6	 population of target: 5.92493846216499
1RDM: 
     1.99999949095455 -6.09637841754733e-07 -3.88827154968933e-05  4.64209950744162e-05  0.000131700983715594  7.64768043042179e-15  5.59457953985601e-15 -1.23661446525463e-14   1.6550853552634e-14  0.000690302767940205
-6.09637841754733e-07      1.99999773546045 -4.32440487075405e-05  0.000151282070627066  -0.00028813392969175  1.13645948597092e-14  8.18948582666453e-15 -1.05983090709786e-14  1.28000008884847e-14   0.00129993445636071
-3.88827154968933e-05 -4.32440487075405e-05      1.99560218376847   0.00372915247164035     0.017675023929401   1.0747898480234e-12   7.7032463523606e-13 -1.49261631441493e-12  2.05632604689764e-12    0.0604084661856541
 4.64209950744162e-05  0.000151282070627066   0.00372915247164035      1.95698008614521    0.0299264265764391   1.5501734709299e-12  1.08419925718052e-12 -1.31493636832062e-12  1.85976473705658e-12   -0.0734870800590764
 0.000131700983715594  -0.00028813392969175     0.017675023929401    0.0299264265764391      1.68963665344899 -8.96988817441671e-12 -6.32590696321279e-12  1.11195334387842e-11 -1.55802586951982e-11    0.0908755125395735
 7.64768043042179e-15  1.13645948597092e-14   1.0747898480234e-12   1.5501734709299e-12 -8.96988817441671e-12      1.46015366153757  2.54017801917819e-15   0.00119353803311521    -0.288474597263848  -3.1039676081444e-12
 5.59457953985601e-15  8.18948582666453e-15   7.7032463523606e-13  1.08419925718052e-12 -6.32590696321279e-12  2.54017801917819e-15      1.46015366153766     0.288474597263907   0.00119353803309836 -2.19493337924749e-12
-1.23661446525463e-14 -1.05983090709786e-14 -1.49261631441493e-12 -1.31493636832062e-12  1.11195334387842e-11   0.00119353803311521     0.288474597263907     0.553317695906892  1.85463821777786e-15  3.29008048213812e-12
  1.6550853552634e-14  1.28000008884847e-14  2.05632604689764e-12  1.85976473705658e-12 -1.55802586951982e-11    -0.288474597263848   0.00119353803309836  1.85463821777786e-15     0.553317695906981  -4.6361882000349e-12
 0.000690302767940205   0.00129993445636071    0.0604084661856541   -0.0734870800590764    0.0908755125395735  -3.1039676081444e-12 -2.19493337924749e-12  3.29008048213812e-12  -4.6361882000349e-12     0.330841135333323
TOTAL ENERGY: -127.111871099421	 lambda: -0.5	 population of target: 5.9984777625843
1RDM: 
     1.99999958146133 -4.31563518906056e-07 -3.09708458149671e-05  3.67409105685815e-05  0.000124422102356228   8.2753166680409e-15  6.01437222321151e-15  -1.2426120326907e-14  1.66867060173465e-14  0.000563247273815636
-4.31563518906056e-07      1.99999799995769 -2.67095880802546e-05  0.000143466651424542 -0.000338077705586849  5.65173477491695e-15  4.14548553544667e-15 -7.74209057303994e-15  8.80774055112464e-15   0.00116079667065614
-3.09708458149671e-05 -2.67095880802546e-05      1.99628967581261   0.00264130846811777    0.0170276673268809  6.96776789409673e-13  5.05258187028871e-13 -1.05085122674248e-12  1.43337134613919e-12    0.0467156402819492
 3.67409105685815e-05  0.000143466651424542   0.00264130846811777      1.95917296847879    0.0339671513171435  7.61221749229563e-14  5.33035731433974e-14 -1.49806878184745e-13  2.09479744346047e-13   -0.0729681822876737
 0.000124422102356228 -0.000338077705586849    0.0170276673268809    0.0339671513171435      1.68661628866269 -2.41684404259946e-12 -1.74282907984093e-12  3.91034090261794e-12 -5.35261156271465e-12     0.155929450738849
  8.2753166680409e-15  5.65173477491695e-15  6.96776789409673e-13  7.61221749229563e-14 -2.41684404259946e-12       1.4342710948177  5.09800713503635e-15  0.000939746381000783    -0.227139108292271 -1.50460708636476e-12
 6.01437222321151e-15  4.14548553544667e-15  5.05258187028871e-13  5.33035731433974e-14 -1.74282907984093e-12  5.09800713503635e-15      1.43427109481775     0.227139108292217   0.00093974638097747 -1.08660244220665e-12
 -1.2426120326907e-14 -7.74209057303994e-15 -1.05085122674248e-12 -1.49806878184745e-13  3.91034090261794e-12  0.000939746381000783     0.227139108292217     0.576697649521273  4.47804179771773e-15  9.86067322842617e-13
 1.66867060173465e-14  8.80774055112464e-15  1.43337134613919e-12  2.09479744346047e-13 -5.35261156271465e-12    -0.227139108292271   0.00093974638097747  4.47804179771773e-15     0.576697649521325 -1.35355422327536e-12
 0.000563247273815636   0.00116079667065614    0.0467156402819492   -0.0729681822876737     0.155929450738849 -1.50460708636476e-12 -1.08660244220665e-12  9.86067322842617e-13 -1.35355422327536e-12     0.335985996948871
TOTAL ENERGY: -127.142748326144	 lambda: -0.4	 population of target: 6.06716931429592
1RDM: 
     1.99999969162603 -2.77436930232502e-07 -2.17579005037141e-05  2.86848849002935e-05  0.000102977408827555  8.58954966792852e-15   6.0932736746318e-15  -1.1541009480935e-14  1.55095263097932e-14  0.000411193786781446
-2.77436930232502e-07      1.99999825267656 -1.38998747508773e-05  0.000128853610070816 -0.000339049638597581  1.03637740248293e-14  6.42765086854963e-15 -7.16191444277595e-15   7.8856553337828e-15   0.00105078871148402
-2.17579005037141e-05 -1.38998747508773e-05      1.99708303932183   0.00190481906217267    0.0144866495508827  8.86456902418377e-13  5.94511459307739e-13 -1.09411059715715e-12  1.57087224008458e-12    0.0317331375922477
 2.86848849002935e-05  0.000128853610070816   0.00190481906217267      1.96206120345544    0.0319580660991315  1.04231362740436e-12  5.47427668409349e-13 -8.25721923044795e-13   1.5372037255593e-12    -0.074677094517397
 0.000102977408827555 -0.000339049638597581    0.0144866495508827    0.0319580660991315      1.71560897750936 -1.10720869644584e-11 -6.16595100337262e-12  1.01730353583377e-11  -1.7762637257456e-11     0.212517520897394
 8.58954966792852e-15  1.03637740248293e-14  8.86456902418377e-13  1.04231362740436e-12 -1.10720869644584e-11      1.41089148022539   8.8267548347473e-15  0.000682641574352585    -0.164986054628327 -4.99439448664287e-12
  6.0932736746318e-15  6.42765086854963e-15  5.94511459307739e-13  5.47427668409349e-13 -6.16595100337262e-12   8.8267548347473e-15      1.41089148022613      0.16498605462924  0.000682641574331341 -2.99767170577093e-12
 -1.1541009480935e-14 -7.16191444277595e-15 -1.09411059715715e-12 -8.25721923044795e-13  1.01730353583377e-11  0.000682641574352585      0.16498605462924     0.597576820816526  5.31508764355664e-15  4.06943144388662e-12
 1.55095263097932e-14   7.8856553337828e-15  1.57087224008458e-12   1.5372037255593e-12  -1.7762637257456e-11    -0.164986054628327  0.000682641574331341  5.31508764355664e-15     0.597576820817228 -7.13014445047691e-12
 0.000411193786781446   0.00105078871148402    0.0317331375922477    -0.074677094517397     0.212517520897394 -4.99439448664287e-12 -2.99767170577093e-12  4.06943144388662e-12 -7.13014445047691e-12      0.30831223332555
TOTAL ENERGY: -127.171445207665	 lambda: -0.3	 population of target: 6.14973799704652
1RDM: 
     1.99999978928291 -1.50778764980753e-07 -1.36249410295965e-05  2.04145324388787e-05  7.78964796748562e-05  4.45743361248648e-15  3.50560762136161e-15 -9.21859678022912e-15  1.20972986043723e-14  0.000253833260046936
-1.50778764980753e-07      1.99999854609845  -4.9929990847413e-06   0.00010345413807452 -0.000284120611163368 -8.44280841577939e-15 -4.97626718943331e-15 -8.51965104699771e-15  1.04709812227711e-14  0.000919802035588226
-1.36249410295965e-05  -4.9929990847413e-06      1.99780032929951   0.00132308349201016    0.0109376098425224  1.29994115765659e-13  1.42160407677317e-13 -5.15809356655177e-13  6.31898108244957e-13    0.0174697590783887
 2.04145324388787e-05   0.00010345413807452   0.00132308349201016      1.96639525666948    0.0243512325855389 -2.42394250751735e-12 -1.55058369154875e-12  2.25687887183431e-12 -3.52108811883808e-12   -0.0727002912097306
 7.78964796748562e-05 -0.000284120611163368    0.0109376098425224    0.0243512325855389      1.76399838429814  2.49793681844776e-11  1.57522219312484e-11 -2.29444985851398e-11  3.63829219467536e-11     0.233118394794994
 4.45743361248648e-15 -8.44280841577939e-15  1.29994115765659e-13 -2.42394250751735e-12  2.49793681844776e-11      1.38964184700514 -5.90137065708805e-15   0.00044802658600941    -0.108286236785597  6.98753468312607e-12
 3.50560762136161e-15 -4.97626718943331e-15  1.42160407677317e-13 -1.55058369154875e-12  1.57522219312484e-11 -5.90137065708805e-15      1.38964184700526     0.108286236785659  0.000448026586023276  4.26712350674632e-12
-9.21859678022912e-15 -8.51965104699771e-15 -5.15809356655177e-13  2.25687887183431e-12 -2.29444985851398e-11   0.00044802658600941     0.108286236785659     0.616560967243129 -6.17022774576544e-15 -9.42356988697423e-12
 1.20972986043723e-14  1.04709812227711e-14  6.31898108244957e-13 -3.52108811883808e-12  3.63829219467536e-11    -0.108286236785597  0.000448026586023276 -6.17022774576544e-15     0.616560967243243  1.49309148472993e-11
 0.000253833260046936  0.000919802035588226    0.0174697590783887   -0.0727002912097306     0.233118394794994  6.98753468312607e-12  4.26712350674632e-12 -9.42356988697423e-12  1.49309148472993e-11     0.259402065854771
TOTAL ENERGY: -127.200617436693	 lambda: -0.2	 population of target: 6.26798361914348
1RDM: 
     1.99999985803207 -5.71846024365831e-08  -7.4462007828076e-06  1.17734856615984e-05  4.87177788244337e-05  7.58481678160224e-15  5.48291026429181e-15 -9.84421345930761e-15   1.3156473279424e-14  0.000114732356686372
-5.71846024365831e-08      1.99999889950117  3.52341303791816e-09  6.68120564249479e-05  -0.00018251902635738  4.33248572225247e-15  3.01600045575243e-15 -5.57576262449722e-15  5.85192704360887e-15  0.000714741111362729
 -7.4462007828076e-06  3.52341303791816e-09       1.9984016683521  0.000812864661244064   0.00656111901900914  6.55726075879056e-13  4.74984722506865e-13 -8.25235477866036e-13   1.1242742271754e-12   0.00606374169132989
 1.17734856615984e-05  6.68120564249479e-05  0.000812864661244064      1.97277384913885    0.0128277991834562  2.72141181977291e-13  1.96531158844877e-13 -2.42403086570313e-13  3.33184465043849e-13   -0.0609995404885372
 4.87177788244337e-05  -0.00018251902635738   0.00656111901900914    0.0128277991834562      1.81067753650753 -4.07554193373395e-12 -2.94840588646694e-12  4.35821267534537e-12 -5.95086551177102e-12     0.198432944303314
 7.58481678160224e-15  4.33248572225247e-15  6.55726075879056e-13  2.72141181977291e-13 -4.07554193373395e-12       1.3661022651407  1.42710721050364e-15   0.00024894239067852   -0.0601684922961161 -2.58481857519855e-12
 5.48291026429181e-15  3.01600045575243e-15  4.74984722506865e-13  1.96531158844877e-13 -2.94840588646694e-12  1.42710721050364e-15      1.36610226514094    0.0601684922962041  0.000248942390681594 -1.87338884158133e-12
-9.84421345930761e-15 -5.57576262449722e-15 -8.25235477866036e-13 -2.42403086570313e-13  4.35821267534537e-12   0.00024894239067852    0.0601684922962041     0.638164443514811  5.18930412249395e-16  2.40505452095533e-12
  1.3156473279424e-14  5.85192704360887e-15   1.1242742271754e-12  3.33184465043849e-13 -5.95086551177102e-12   -0.0601684922961161  0.000248942390681594  5.18930412249395e-16     0.638164443515046 -3.29074530499016e-12
 0.000114732356686372  0.000714741111362729   0.00606374169132989   -0.0609995404885372     0.198432944303314 -2.58481857519855e-12 -1.87338884158133e-12  2.40505452095533e-12 -3.29074530499016e-12     0.209614771156729
TOTAL ENERGY: -127.225430365469	 lambda: -0.1	 population of target: 6.43598677855259
1RDM: 
     1.99999989750653 -7.66630321856295e-09 -2.92296505963909e-06   4.4955472000598e-06  1.63420108570503e-05  1.31227083336534e-14  9.47967090255777e-15 -1.21194530762827e-14    1.618986133593e-14  2.56045427222286e-05
-7.66630321856295e-09      1.99999926640683  1.17293783788908e-06  2.63418678265497e-05  -6.7743407521119e-05   1.9977038554599e-14  1.41276874385335e-14 -1.41494690168227e-16 -1.99894600914205e-15  0.000395419299322596
-2.92296505963909e-06  1.17293783788908e-06      1.99893287846923  0.000384911559492598   0.00207975660152781  1.33056808113923e-12   9.5411119963488e-13 -1.28829319716135e-12   1.7668290645583e-12  3.96698153821834e-05
  4.4955472000598e-06  2.63418678265497e-05  0.000384911559492598      1.98090118216673   0.00219856572806792   3.7334165608443e-12  2.71093607762218e-12  -3.7756095488281e-12   5.1793261448284e-12   -0.0351651239407791
 1.63420108570503e-05  -6.7743407521119e-05   0.00207975660152781   0.00219856572806792      1.81776316469862  -5.0127168637154e-11 -3.62683658092533e-11  5.08669458767543e-11 -7.00691253842651e-11     0.107843439164278
 1.31227083336534e-14   1.9977038554599e-14  1.33056808113923e-12   3.7334165608443e-12  -5.0127168637154e-11      1.32979423735043  -1.2496747024023e-15  9.53138331479827e-05    -0.023036456122856 -1.98253011655511e-11
 9.47967090255777e-15  1.41276874385335e-14   9.5411119963488e-13  2.71093607762218e-12 -3.62683658092533e-11  -1.2496747024023e-15      1.32979423735078    0.0230364561229541  9.53138331499469e-05 -1.42864370420157e-11
-1.21194530762827e-14 -1.41494690168227e-16 -1.28829319716135e-12  -3.7756095488281e-12  5.08669458767543e-11  9.53138331479827e-05    0.0230364561229541     0.672900296616507 -2.62025134150455e-15  2.32044005558272e-11
   1.618986133593e-14 -1.99894600914205e-15   1.7668290645583e-12   5.1793261448284e-12 -7.00691253842651e-11    -0.023036456122856  9.53138331499469e-05 -2.62025134150455e-15     0.672900296616852 -3.18377946722532e-11
 2.56045427222286e-05  0.000395419299322596  3.96698153821834e-05   -0.0351651239407791     0.107843439164278 -1.98253011655511e-11 -1.42864370420157e-11  2.32044005558272e-11 -3.18377946722532e-11     0.197014542817522
TOTAL ENERGY: -127.234974496623	 lambda: 0	 population of target: 6.62513938107868
1RDM: 
     1.99999991352955 -5.61166704124879e-16  1.72308934057481e-13 -3.29900235767244e-12 -2.65024731514487e-12  8.08406609905209e-15  5.83067319276666e-15 -8.47701160876391e-15  1.13045899183226e-14  3.38661545683041e-11
-5.61166704124879e-16      1.99999951135335  -4.4407526698864e-13 -8.56824172056215e-12   -8.994700079266e-12  2.05293262375897e-15  1.28680980093476e-15   -2.933628151817e-15  2.34152799693096e-15  2.74537959474041e-11
 1.72308934057481e-13  -4.4407526698864e-13      1.99934188193477 -2.06648279029517e-11  4.83570373978902e-10  7.11451644060458e-13  5.15277546056614e-13 -7.18859655467651e-13   9.7884295569003e-13  8.54960954163101e-10
-3.29900235767244e-12 -8.56824172056215e-12 -2.06648279029517e-11      1.98827291912446  8.20994173241283e-11  3.31381633456003e-13  2.38775406216917e-13 -2.92455724726365e-13  4.01550530709258e-13  6.25338890277333e-10
-2.65024731514487e-12   -8.994700079266e-12  4.83570373978902e-10  8.20994173241283e-11      1.75406596016663 -2.83586310391312e-12 -2.04843853398569e-12   2.8682786311244e-12 -3.90848211884068e-12 -1.99228912705343e-09
 8.08406609905209e-15  2.05293262375897e-15  7.11451644060458e-13  3.31381633456003e-13 -2.83586310391312e-12      1.27676195435207  1.33178853798806e-15  5.37850294725377e-10 -1.17545510712535e-09 -1.25144752391857e-12
 5.83067319276666e-15  1.28680980093476e-15  5.15277546056614e-13  2.38775406216917e-13 -2.04843853398569e-12  1.33178853798806e-15      1.27676195435246  1.17549318326805e-09  5.37852254598682e-10 -9.07705061250944e-13
-8.47701160876391e-15   -2.933628151817e-15 -7.18859655467651e-13 -2.92455724726365e-13   2.8682786311244e-12  5.37850294725377e-10  1.17549318326805e-09     0.724815087533376    -1.71687658228e-16  1.26392483249552e-12
 1.13045899183226e-14  2.34152799693096e-15   9.7884295569003e-13  4.01550530709258e-13 -3.90848211884068e-12 -1.17545510712535e-09  5.37852254598682e-10    -1.71687658228e-16     0.724815087533753 -1.72962423335212e-12
 3.38661545683041e-11  2.74537959474041e-11  8.54960954163101e-10  6.25338890277333e-10 -1.99228912705343e-09 -1.25144752391857e-12 -9.07705061250944e-13  1.26392483249552e-12 -1.72962423335212e-12     0.255165730119709
TOTAL ENERGY: -127.227897278022	 lambda: 0.1	 population of target: 6.77627729109888
1RDM: 
     1.99999991119529 -9.42681515700522e-09  1.02165289494018e-06 -2.46640916515875e-06  1.28905507973711e-05   8.5171315340121e-15  6.14110776283046e-15 -8.01313309544778e-15  1.06821929373832e-14   3.3072624378663e-06
-9.42681515700522e-09      1.99999955212251 -1.04838459134022e-06 -2.46554402125839e-06 -9.34406282466069e-06   1.7950264021506e-15  1.07470304611206e-15 -1.87739759875151e-15  9.62534608592063e-16 -0.000355426815277888
 1.02165289494018e-06 -1.04838459134022e-06      1.99950825321133 -0.000412026006750188   0.00153107912921695  7.49189353148501e-13  5.42616526535728e-13 -6.82622767716503e-13  9.29494350381578e-13   0.00238363990595057
-2.46640916515875e-06 -2.46554402125839e-06 -0.000412026006750188      1.99233357174504   0.00742728239646691  3.44769170525292e-13  2.48493061050681e-13 -3.35881614837778e-13  4.61058023005341e-13    0.0310779784480296
 1.28905507973711e-05 -9.34406282466069e-06   0.00153107912921695   0.00742728239646691      1.64945204176779 -2.53682134437772e-12 -1.83208679260087e-12  2.53741587465742e-12 -3.45832298837921e-12   -0.0762796605874598
  8.5171315340121e-15   1.7950264021506e-15  7.49189353148501e-13  3.44769170525292e-13 -2.53682134437772e-12      1.22300282793832  1.82581089292869e-15 -4.29957152581004e-05    0.0103919298252229 -6.08902515985868e-13
 6.14110776283046e-15  1.07470304611206e-15  5.42616526535728e-13  2.48493061050681e-13 -1.83208679260087e-12  1.82581089292869e-15      1.22300282793855   -0.0103919298252226 -4.29957152574481e-05 -4.43176025116257e-13
-8.01313309544778e-15 -1.87739759875151e-15 -6.82622767716503e-13 -3.35881614837778e-13  2.53741587465742e-12 -4.29957152581004e-05   -0.0103919298252226     0.777932167945345  8.59574630591001e-16  9.05787843526832e-13
 1.06821929373832e-14  9.62534608592063e-16  9.29494350381578e-13  4.61058023005341e-13 -3.45832298837921e-12    0.0103919298252229 -4.29957152574481e-05  8.59574630591001e-16     0.777932167945567 -1.24102360440123e-12
  3.3072624378663e-06 -0.000355426815277888   0.00238363990595057    0.0310779784480296   -0.0762796605874598 -6.08902515985868e-13 -4.43176025116257e-13  9.05787843526832e-13 -1.24102360440123e-12     0.356836678190255
TOTAL ENERGY: -127.213974653376	 lambda: 0.2	 population of target: 6.87180988397809
1RDM: 
     1.99999989875631 -1.93582554809552e-08   8.3445969399651e-07 -3.79547536767319e-06   4.0595687378754e-05  8.76078031279578e-15  6.31617361373222e-15 -7.63097882253243e-15  1.01685936693627e-14 -1.30045671287578e-06
-1.93582554809552e-08      1.99999945307782 -1.22888309276941e-06  1.00654478938667e-05 -6.81310211005901e-05   1.9381855254341e-15  1.16290980823234e-15 -1.25683825625166e-15   1.6288345748325e-16 -0.000614713406413014
  8.3445969399651e-07 -1.22888309276941e-06      1.99947215863917 -0.000812691965021835   0.00478833177446711  7.68255207568384e-13  5.56463247224763e-13 -6.52932088310023e-13   8.8907426452632e-13   0.00386209693458784
-3.79547536767319e-06  1.00654478938667e-05 -0.000812691965021835      1.99349525767905    0.0185616080251185  3.23075331464603e-13  2.32893563406059e-13  -3.5142226811533e-13  4.82427209710347e-13    0.0520422988356264
  4.0595687378754e-05 -6.81310211005901e-05   0.00478833177446711    0.0185616080251185      1.55546466513093 -2.25398640713243e-12 -1.62810745756135e-12  2.26951010422303e-12 -3.09374269749028e-12    -0.116090951311575
 8.76078031279578e-15   1.9381855254341e-15  7.68255207568384e-13  3.23075331464603e-13 -2.25398640713243e-12      1.18326092054631  4.67613606859517e-15  -5.8338642013926e-05    0.0141004051648563 -2.29564133861817e-13
 6.31617361373222e-15  1.16290980823234e-15  5.56463247224763e-13  2.32893563406059e-13 -1.62810745756135e-12  4.67613606859517e-15       1.1832609205465   -0.0141004051648669 -5.83386420146628e-05 -1.68691187361957e-13
-7.63097882253243e-15 -1.25683825625166e-15 -6.52932088310023e-13  -3.5142226811533e-13  2.26951010422303e-12  -5.8338642013926e-05   -0.0141004051648669     0.817356672635384  3.88080738494304e-15  6.52516961769645e-13
 1.01685936693627e-14   1.6288345748325e-16   8.8907426452632e-13  4.82427209710347e-13 -3.09374269749028e-12    0.0141004051648563 -5.83386420146628e-05  3.88080738494304e-15     0.817356672635581 -8.94777549380743e-13
-1.30045671287578e-06 -0.000614713406413014   0.00386209693458784    0.0520422988356264    -0.116090951311575 -2.29564133861817e-13 -1.68691187361957e-13  6.52516961769645e-13 -8.94777549380743e-13     0.450333380352952
TOTAL ENERGY: -127.199798963096	 lambda: 0.3	 population of target: 6.92942904787694
1RDM: 
     1.99999988246894 -2.97053953485215e-08  3.32241040761278e-07 -4.14068749331794e-06  6.78999158856155e-05  8.83891232941165e-15  6.37222173911574e-15  -7.3235187341564e-15  9.75376683727622e-15 -2.28974716033935e-05
-2.97053953485215e-08      1.99999929858712 -1.18963396357837e-06  2.71643142212154e-05 -0.000143715872919337  2.23777422952828e-15  1.37063991864493e-15 -9.29934452557533e-16  -2.5378178218312e-16 -0.000795497125141268
 3.32241040761278e-07 -1.18963396357837e-06      1.99933446856535  -0.00114536654850088   0.00801210146043796  7.72274422119102e-13  5.59415105893242e-13 -6.28779967572646e-13  8.56169955935152e-13   0.00376586885393762
-4.14068749331794e-06  2.71643142212154e-05  -0.00114536654850088      1.99324132220888    0.0291882650178887  2.87198198962084e-13  2.07016557700151e-13 -3.50527240314415e-13   4.8133404253149e-13    0.0651157991411228
 6.78999158856155e-05 -0.000143715872919337   0.00801210146043796    0.0291882650178887      1.49007279539554 -2.02822183126188e-12 -1.46511415994743e-12  2.06757776276015e-12  -2.8188439173528e-12     -0.13709448912076
 8.83891232941165e-15  2.23777422952828e-15  7.72274422119102e-13  2.87198198962084e-13 -2.02822183126188e-12      1.15847733268934 -1.84236458192666e-15 -6.41329838436428e-05    0.0155007151395846   4.1104230556151e-15
 6.37222173911574e-15  1.37063991864493e-15  5.59415105893242e-13  2.07016557700151e-13 -1.46511415994743e-12 -1.84236458192666e-15      1.15847733268943   -0.0155007151395932 -6.41329838426673e-05  4.09120063719373e-16
 -7.3235187341564e-15 -9.29934452557533e-16 -6.28779967572646e-13 -3.50527240314415e-13  2.06757776276015e-12 -6.41329838436428e-05   -0.0155007151395932      0.84198940283216 -2.17189846272742e-15  4.83186825300232e-13
 9.75376683727622e-15  -2.5378178218312e-16  8.56169955935152e-13   4.8133404253149e-13  -2.8188439173528e-12    0.0155007151395846 -6.41329838426673e-05 -2.17189846272742e-15     0.841989402832245  -6.6334897899694e-13
-2.28974716033935e-05 -0.000795497125141268   0.00376586885393762    0.0651157991411228     -0.13709448912076   4.1104230556151e-15  4.09120063719373e-16  4.83186825300232e-13  -6.6334897899694e-13        0.516418761731
TOTAL ENERGY: -127.186661225074	 lambda: 0.4	 population of target: 6.96727635838404
1RDM: 
      1.9999998634797 -4.38074551605427e-08 -9.69799428694531e-08 -3.53517468501998e-06  8.92242573051197e-05  8.81258274835926e-15  6.35297138214805e-15 -7.07132083864737e-15  9.41179580175477e-15 -5.93522435024413e-05
-4.38074551605427e-08      1.99999913209047 -1.61841748359703e-06  4.39515755797392e-05 -0.000220956741481926  2.57643717665051e-15  1.61024023170707e-15 -7.66963654571186e-16 -4.60753325752756e-16 -0.000925979471987623
-9.69799428694531e-08 -1.61841748359703e-06      1.99913874974711  -0.00139917243096405    0.0105898704621968  7.67800958445919e-13  5.56207492041556e-13 -6.09686700248034e-13  8.30131460826936e-13   0.00241859022508184
-3.53517468501998e-06  4.39515755797392e-05  -0.00139917243096405      1.99248307132923    0.0381581378579396  2.50092262800421e-13  1.80239651153807e-13 -3.44207280795226e-13  4.72802427674235e-13    0.0734453652969748
 8.92242573051197e-05 -0.000220956741481926    0.0105898704621968    0.0381581378579396      1.45088156427432 -1.88660605383264e-12  -1.3628875178323e-12  1.95602156001658e-12 -2.66702949440617e-12    -0.152547082327904
 8.81258274835926e-15  2.57643717665051e-15  7.67800958445919e-13  2.50092262800421e-13 -1.88660605383264e-12       1.1449601287366  1.39319161611893e-15 -6.81449752302666e-05    0.0164703310737306  1.59003923892441e-13
 6.35297138214805e-15  1.61024023170707e-15  5.56207492041556e-13  1.80239651153807e-13  -1.3628875178323e-12  1.39319161611893e-15      1.14496012873657   -0.0164703310737307 -6.81449752298437e-05   1.1248501700292e-13
-7.07132083864737e-15 -7.66963654571186e-16 -6.09686700248034e-13 -3.44207280795226e-13  1.95602156001658e-12 -6.81449752302666e-05   -0.0164703310737307     0.855436615613617  1.50388441486294e-15  3.69556580796566e-13
 9.41179580175477e-15 -4.60753325752756e-16  8.30131460826936e-13  4.72802427674235e-13 -2.66702949440617e-12    0.0164703310737306 -6.81449752298437e-05  1.50388441486294e-15     0.855436615613589 -5.08055314241556e-13
-5.93522435024413e-05 -0.000925979471987623   0.00241859022508184    0.0734453652969748    -0.152547082327904  1.59003923892441e-13   1.1248501700292e-13  3.69556580796566e-13 -5.08055314241556e-13     0.556704130378832
TOTAL ENERGY: -127.173456476019	 lambda: 0.5	 population of target: 6.99669957032429
1RDM: 
      1.9999998400303 -6.33442192786802e-08  -3.8134653379992e-07 -2.05083042743832e-06  0.000103093947001238  8.61527327564943e-15  6.20507789939696e-15 -6.91588835855605e-15  9.19539342232054e-15 -0.000108262149803434
-6.33442192786802e-08      1.99999897098969 -3.01451839943368e-06   5.8708902497329e-05 -0.000295562891249962  2.29764081393695e-15   1.3921182147216e-15  -1.2229849202133e-15  1.46204123426131e-16  -0.00102436131488645
 -3.8134653379992e-07 -3.01451839943368e-06      1.99887553400744  -0.00158947152075139    0.0124062038347117  7.60593793464438e-13  5.51012362360722e-13 -5.85689397584678e-13  7.98029396750466e-13   0.00014295031873117
-2.05083042743832e-06   5.8708902497329e-05  -0.00158947152075139      1.99161619916541    0.0455093255934162  1.37578422678902e-13  9.67611128024657e-14 -4.06703113272634e-13  5.54686080019354e-13     0.078989645822354
 0.000103093947001238 -0.000295562891249962    0.0124062038347117    0.0455093255934162      1.43258438511444 -1.40051433535297e-12 -9.83487877013909e-13  2.19141409301483e-12 -2.95832390742673e-12    -0.169776821974544
 8.61527327564943e-15  2.29764081393695e-15  7.60593793464438e-13  1.37578422678902e-13 -1.40051433535297e-12      1.13988224196891  2.06954231117471e-15 -7.35293237102965e-05    0.0177717807571582 -1.74559045958897e-13
 6.20507789939696e-15   1.3921182147216e-15  5.51012362360722e-13  9.67611128024657e-14 -9.83487877013909e-13  2.06954231117471e-15      1.13988224196905   -0.0177717807571827 -7.35293237098123e-05 -1.58423191843603e-13
-6.91588835855605e-15  -1.2229849202133e-15 -5.85689397584678e-13 -4.06703113272634e-13  2.19141409301483e-12 -7.35293237102965e-05   -0.0177717807571827      0.86048863548141  1.49950726359047e-15 -6.92889498043606e-14
 9.19539342232054e-15  1.46204123426131e-16  7.98029396750466e-13  5.54686080019354e-13 -2.95832390742673e-12    0.0177717807571582 -7.35293237098123e-05  1.49950726359047e-15     0.860488635481547  5.36165466353276e-14
-0.000108262149803434  -0.00102436131488645   0.00014295031873117     0.078989645822354    -0.169776821974544 -1.74559045958897e-13 -1.58423191843603e-13 -6.92889498043606e-14  5.36165466353276e-14     0.576183315791855
TOTAL ENERGY: -127.157727232808	 lambda: 0.6	 population of target: 7.02526013850881
1RDM: 
     1.99999980902407  -8.8244922151055e-08 -5.49043085643634e-07   2.5285810911889e-07  0.000107963380499265  8.58072514821791e-15  6.18490419226652e-15 -6.68095826394025e-15  8.87773045452911e-15   -0.0001688224649039
 -8.8244922151055e-08      1.99999882195606 -5.90496428569386e-06  7.07575284961694e-05 -0.000367623582457716  3.26832835551691e-15  2.10486864618181e-15 -6.77587405503326e-16 -5.83900140248316e-16  -0.00110002309457299
-5.49043085643634e-07 -5.90496428569386e-06      1.99849435693504  -0.00174082958793724    0.0134047504371922  7.43844933076917e-13  5.38886921852903e-13 -5.84026384639899e-13  7.95062759864902e-13  -0.00289175337414707
  2.5285810911889e-07  7.07575284961694e-05  -0.00174082958793724      1.99080235115781    0.0514974197999902  1.86676867053202e-13  1.34417881142817e-13 -3.26961583836798e-13  4.49298569286738e-13     0.082789265624539
 0.000107963380499265 -0.000367623582457716    0.0134047504371922    0.0514974197999902      1.43176373114737 -1.83401909139096e-12 -1.32531888091712e-12  1.97861384788293e-12 -2.69864861755684e-12    -0.193962005683785
 8.58072514821791e-15  3.26832835551691e-15  7.43844933076917e-13  1.86676867053202e-13 -1.83401909139096e-12      1.14207233916931  1.59799097612542e-15 -8.22551799056887e-05    0.0198807493058546  4.34540420164468e-13
 6.18490419226652e-15  2.10486864618181e-15  5.38886921852903e-13  1.34417881142817e-13 -1.32531888091712e-12  1.59799097612542e-15      1.14207233916947   -0.0198807493058851 -8.22551799055618e-05  3.11895020904719e-13
-6.68095826394025e-15 -6.77587405503326e-16 -5.84026384639899e-13 -3.26961583836798e-13  1.97861384788293e-12 -8.22551799056887e-05   -0.0198807493058851      0.85830425088806  9.38687730978072e-16  2.22038330744507e-13
 8.87773045452911e-15 -5.83900140248316e-16  7.95062759864902e-13  4.49298569286738e-13 -2.69864861755684e-12    0.0198807493058546 -8.22551799055618e-05  9.38687730978072e-16     0.858304250888215  -3.0641272505867e-13
  -0.0001688224649039  -0.00110002309457299  -0.00289175337414707     0.082789265624539    -0.193962005683785  4.34540420164468e-13  3.11895020904719e-13  2.22038330744507e-13  -3.0641272505867e-13     0.578187749664665
TOTAL ENERGY: -127.134957802338	 lambda: 0.7	 population of target: 7.06015488576026
1RDM: 
     1.99999976634215 -1.17146076788927e-07 -6.48696122426184e-07  3.37621283699921e-06  0.000100061965041944  8.39440599757607e-15  6.04971365151872e-15 -6.55136920662435e-15  8.69741952567227e-15 -0.000241404935251974
-1.17146076788927e-07      1.99999868657161 -1.11887458903714e-05   7.9517062548099e-05 -0.000438609086138305   3.5481842109059e-15   2.3067949782051e-15 -7.60730483320206e-16 -4.84476575295091e-16   -0.0011564335852958
-6.48696122426184e-07 -1.11887458903714e-05      1.99788814757077   -0.0018835189037781    0.0134029342823863  7.26832968635808e-13  5.26553535922757e-13 -5.76122034940906e-13  7.84195405709106e-13  -0.00663128942222466
 3.37621283699921e-06   7.9517062548099e-05   -0.0018835189037781      1.99011853858128    0.0562904167005565  1.51454521132415e-13  1.09053903548123e-13 -3.24460209595472e-13  4.46041047084436e-13    0.0853781463459047
