Naturals in-correctTOTAL ENERGY: -126.578441666525	 lambda: -1	 population of target: 5.37147108923362
1RDM: 
     1.99999967478095  -8.6868898831167e-07 -2.77911656846023e-05  8.37411517652718e-05 -1.57348491346986e-05 -1.85065550070866e-18 -5.35316520492143e-19  4.79472967108178e-18  2.98087885323651e-17  0.000589059737263022
 -8.6868898831167e-07      1.99999567155294 -7.92792825305199e-05  0.000266697590747134 -0.000374079368494844 -1.91772192786763e-17  8.77850575393451e-18  1.33030238616118e-17  2.47332173656796e-16   0.00237680580076396
-2.77911656846023e-05 -7.92792825305199e-05      1.99682281270315   0.00956211650369097 -0.000385915072431408   7.9303720704084e-17  3.11999064849876e-18  3.29348095143204e-17 -1.36269847782441e-16    0.0598412465961349
 8.37411517652718e-05  0.000266697590747134   0.00956211650369097      1.93229369634482    0.0156205237003729  4.68807826695735e-18  5.33673841423017e-17 -1.76915007190631e-17  3.72448598244955e-17    -0.152626753771347
-1.57348491346986e-05 -0.000374079368494844 -0.000385915072431408    0.0156205237003729        1.863457581721  -2.1407301227659e-16 -1.32584644951856e-16 -1.96208622939001e-16  2.71213630602446e-16      0.23441422882866
-1.85065550070866e-18 -1.91772192786763e-17   7.9303720704084e-17  4.68807826695735e-18  -2.1407301227659e-16       1.4578818432153  4.14903502613854e-15   0.00304773740372004     0.465322200720755  9.05546085662539e-17
-5.35316520492143e-19  8.77850575393451e-18  3.11999064849876e-18  5.33673841423017e-17 -1.32584644951856e-16  4.14903502613854e-15      1.45788184321533     0.465322200721097  -0.00304773740366522  1.48329301059771e-16
 4.79472967108178e-18  1.33030238616118e-17  3.29348095143204e-17 -1.76915007190631e-17 -1.96208622939001e-16   0.00304773740372004     0.465322200721097      0.56228280143959 -2.79990876936495e-15  1.41638440853719e-16
 2.98087885323651e-17  2.47332173656796e-16 -1.36269847782441e-16  3.72448598244955e-17  2.71213630602446e-16     0.465322200720755  -0.00304773740366522 -2.79990876936495e-15     0.562282801439606  1.43063840706894e-16
 0.000589059737263022   0.00237680580076396    0.0598412465961349    -0.152626753771347      0.23441422882866  9.05546085662539e-17  1.48329301059771e-16  1.41638440853719e-16  1.43063840706894e-16     0.167101273587373
TOTAL ENERGY: -126.779655448162	 lambda: -0.9	 population of target: 5.58347755392384
1RDM: 
     1.99999961923523 -8.84232997850525e-07 -3.18529673579175e-05  7.47154357460078e-05  2.70592209590002e-05 -9.88607814610652e-19 -5.29300184629191e-19  4.79254372966258e-18  3.07117435004895e-17  0.000678944521477869
-8.84232997850525e-07      1.99999651205438 -7.72112281001186e-05   0.00020220308426075 -0.000209806131545301 -1.16167104199813e-17  9.38979122081934e-18  1.48147166376025e-17  2.54622352557563e-16   0.00202749192201449
-3.18529673579175e-05 -7.72112281001186e-05      1.99643473331386   0.00790861027651756   0.00546098600738794  7.53305867553424e-17 -4.82844458614714e-18  3.13180834173761e-17 -1.29675990005864e-16    0.0663401193675109
 7.47154357460078e-05   0.00020220308426075   0.00790861027651756      1.94391148545265   0.00992271024998603 -4.74498018663388e-18   4.8067272060417e-17  -1.8887476897156e-17  3.71241457861427e-17    -0.118236079695716
 2.70592209590002e-05 -0.000209806131545301   0.00546098600738794   0.00992271024998603      1.81996320397329 -1.67486771291215e-16 -7.00448822547351e-17 -1.90762265279989e-16  2.12643669027035e-16     0.107726872888038
-9.88607814610652e-19 -1.16167104199813e-17  7.53305867553424e-17 -4.74498018663388e-18 -1.67486771291215e-16      1.46311768181891  2.90284932157413e-15   0.00280582656888203     0.428387629735078  3.88529039895735e-18
-5.29300184629191e-19  9.38979122081934e-18 -4.82844458614714e-18   4.8067272060417e-17 -7.00448822547351e-17  2.90284932157413e-15      1.46311768181879     0.428387629733721   -0.0028058265689138  2.29573971648767e-16
 4.79254372966258e-18  1.48147166376025e-17  3.13180834173761e-17  -1.8887476897156e-17 -1.90762265279989e-16   0.00280582656888203     0.428387629733721     0.555468386820562 -3.92935594753461e-15  1.44633329099469e-16
 3.07117435004895e-17  2.54622352557563e-16 -1.29675990005864e-16  3.71241457861427e-17  2.12643669027035e-16     0.428387629735078   -0.0028058265689138 -3.92935594753461e-15     0.555468386820499  8.07991451478629e-17
 0.000678944521477869   0.00202749192201449    0.0663401193675109    -0.118236079695716     0.107726872888038  3.88529039895735e-18  2.29573971648767e-16  1.44633329099469e-16  8.07991451478629e-17     0.202522308691928
TOTAL ENERGY: -126.939675336173	 lambda: -0.8	 population of target: 5.77110915490475
1RDM: 
     1.99999954914338  -8.0162534426079e-07 -3.71748543009586e-05  6.05308816772923e-05   9.6831092392989e-05  2.49233917413494e-16  2.41577532335513e-16 -1.90000346955483e-16 -1.65361779726386e-16  0.000715238594926481
 -8.0162534426079e-07       1.9999972131344 -6.50283085041795e-05  0.000166299618435915 -0.000201523702313088 -6.17820553164161e-16 -5.87780843092329e-16   8.1890648668491e-16  1.06601436032748e-15   0.00165559697859116
-3.71748543009586e-05 -6.50283085041795e-05       1.9959752781859   0.00573221867530718      0.01355867374647 -3.94515133139457e-14 -3.86240464736964e-14   6.4630544459727e-14  6.56189124797026e-14    0.0663457823934533
 6.05308816772923e-05  0.000166299618435915   0.00573221867530718      1.95160571580414     0.019298219530417 -2.20455216608002e-13 -2.13249366574754e-13   1.4511147431346e-13  1.46419150472677e-13   -0.0889456011316516
  9.6831092392989e-05 -0.000201523702313088      0.01355867374647     0.019298219530417      1.71934641331048   4.4083110508852e-13  4.28436030248274e-13 -6.13137523596017e-13 -6.24685288397982e-13    0.0562671182947452
 2.49233917413494e-16 -6.17820553164161e-16 -3.94515133139457e-14 -2.20455216608002e-13   4.4083110508852e-13      1.43528475259115  2.06175446274938e-15   0.00252001290700155     0.384750157343766  1.85099835636677e-13
 2.41577532335513e-16 -5.87780843092329e-16 -3.86240464736964e-14 -2.13249366574754e-13  4.28436030248274e-13  2.06175446274938e-15      1.43528475259108      0.38475015734299  -0.00252001290701718  1.80925735727212e-13
-1.90000346955483e-16   8.1890648668491e-16   6.4630544459727e-14   1.4511147431346e-13 -6.13137523596017e-13   0.00252001290700155      0.38475015734299     0.581363667110683 -2.60071553274723e-15 -2.51462867007566e-13
-1.65361779726386e-16  1.06601436032748e-15  6.56189124797026e-14  1.46419150472677e-13 -6.24685288397982e-13     0.384750157343766  -0.00252001290701718 -2.60071553274723e-15     0.581363667110644 -2.55018230007737e-13
 0.000715238594926481   0.00165559697859116    0.0663457823934533   -0.0889456011316516    0.0562671182947452  1.85099835636677e-13  1.80925735727212e-13 -2.51462867007566e-13 -2.55018230007737e-13     0.299778991018263
TOTAL ENERGY: -127.029656431466	 lambda: -0.7	 population of target: 5.89038674295025
1RDM: 
      1.9999995392706 -6.45997178133476e-07 -3.74344268898181e-05  4.74307173956162e-05  0.000137834806603342  6.14329828702279e-16  4.00552592860479e-16 -4.03864161321748e-16 -5.82346022526921e-16  0.000667341318876902
-6.45997178133476e-07      1.99999763167892 -4.74099532994914e-05  0.000157534715146255 -0.000291624478866329 -2.02144800833218e-15 -1.31973451921105e-15  1.26132897285967e-15  2.10184948557885e-15    0.0013974662840545
-3.74344268898181e-05 -4.74099532994914e-05      1.99597242271837   0.00393174036736436    0.0184042539945481 -1.38475422498557e-13 -9.09696057555176e-14  1.37428926114547e-13  2.07389325009754e-13    0.0586511646520927
 4.74307173956162e-05  0.000157534715146255   0.00393174036736436      1.95489016516913    0.0327819608921403 -6.39468351733673e-13 -4.18421522803922e-13  3.57996535392816e-13  5.34792759566412e-13   -0.0759542093282577
 0.000137834806603342 -0.000291624478866329    0.0184042539945481    0.0327819608921403      1.63910970197253  2.23870556933836e-12  1.46949277734557e-12 -2.06987684751962e-12 -3.12170748546212e-12    0.0935623543095603
 6.14329828702279e-16 -2.02144800833218e-15 -1.38475422498557e-13 -6.39468351733673e-13  2.23870556933836e-12      1.39887492617092      2.7304872806e-16   0.00216521454360541     0.330580226805983  8.87385262183446e-13
 4.00552592860479e-16 -1.31973451921105e-15 -9.09696057555176e-14 -4.18421522803922e-13  1.46949277734557e-12      2.7304872806e-16      1.39887492617113     0.330580226806679  -0.00216521454363519   5.8619973680164e-13
-4.03864161321748e-16  1.26132897285967e-15  1.37428926114547e-13  3.57996535392816e-13 -2.06987684751962e-12   0.00216521454360541     0.330580226806679     0.615474029563947  5.81424374662008e-16 -8.76022364421419e-13
-5.82346022526921e-16  2.10184948557885e-15  2.07389325009754e-13  5.34792759566412e-13 -3.12170748546212e-12     0.330580226805983  -0.00216521454363519  5.81424374662008e-16     0.615474029564128  -1.3138876670906e-12
 0.000667341318876902    0.0013974662840545    0.0586511646520927   -0.0759542093282577    0.0935623543095603  8.87385262183446e-13   5.8619973680164e-13 -8.76022364421419e-13  -1.3138876670906e-12     0.381332627720463
The Davidson algorithm did not converge.lambda: -0.6
TOTAL ENERGY: -127.105200181755	 lambda: -0.5	 population of target: 6.01397737961088
1RDM: 
     1.99999969328155 -3.47625065582882e-07 -2.37742478874379e-05  3.39457311018114e-05  0.000107807984427913  3.04752361374611e-16  1.75524048798982e-16  1.70420517502285e-16  3.35663544704967e-16  0.000434008928223664
-3.47625065582882e-07      1.99999804761672 -1.78038126409202e-05   0.00015467717564324 -0.000433733417865791  7.29953837593025e-15  4.27561935376356e-15 -6.49849494705403e-16 -6.46387795592782e-16   0.00118471365134692
-2.37742478874379e-05 -1.78038126409202e-05      1.99719787965877   0.00222380967305226    0.0162359827281392   4.0912604502513e-13   2.3984987821177e-13 -3.02467857892332e-13 -5.07395293565443e-13    0.0322547757044526
 3.39457311018114e-05   0.00015467717564324   0.00222380967305226      1.95789479239616    0.0436976524106196  1.69776501047018e-12  1.01296953281489e-12 -1.25615079962195e-12 -2.08629654724066e-12   -0.0823207377359015
 0.000107807984427913 -0.000433733417865791    0.0162359827281392    0.0436976524106196      1.62868754501154 -1.50384395956278e-11 -8.90034301265079e-12  1.23850852520566e-11  2.07562570106684e-11     0.274046929893262
 3.04752361374611e-16  7.29953837593025e-15   4.0912604502513e-13  1.69776501047018e-12 -1.50384395956278e-11       1.3370271593278  5.10196477058156e-15   0.00129001643537431     0.196952147489308 -5.67374052393075e-12
 1.75524048798982e-16  4.27561935376356e-15   2.3984987821177e-13  1.01296953281489e-12 -8.90034301265079e-12  5.10196477058156e-15      1.33702715932796     0.196952147489623  -0.00129001643536804 -3.37560157050268e-12
 1.70420517502285e-16 -6.49849494705403e-16 -3.02467857892332e-13 -1.25615079962195e-12  1.23850852520566e-11   0.00129001643537431     0.196952147489623      0.67192444801457 -3.81823063935114e-15   5.6661737185215e-12
 3.35663544704967e-16 -6.46387795592782e-16 -5.07395293565443e-13 -2.08629654724066e-12  2.07562570106684e-11     0.196952147489308  -0.00129001643536804 -3.81823063935114e-15     0.671924448014725   9.4422235777183e-12
 0.000434008928223664   0.00118471365134692    0.0322547757044526   -0.0823207377359015     0.274046929893262 -5.67374052393075e-12 -3.37560157050268e-12   5.6661737185215e-12   9.4422235777183e-12     0.398318827350236
TOTAL ENERGY: -127.12751865739	 lambda: -0.4	 population of target: 6.06370603955898
1RDM: 
     1.99999978427269 -2.29545613747946e-07 -1.62010714949332e-05  2.84860375094024e-05  8.35420592828075e-05 -1.81802305480533e-16  1.49064171628363e-17 -4.98921277198957e-19  1.52295322900471e-16  0.000297030617806248
-2.29545613747946e-07      1.99999824840785 -8.27177431609201e-06  0.000142463125492268 -0.000419815262081051 -8.87901444995843e-16  8.68841857295024e-17   4.4364686922904e-17  1.57520028016953e-16   0.00111772971205311
-1.62010714949332e-05 -8.27177431609201e-06      1.99786143972758   0.00177866678789171    0.0132217025809467 -4.62970815359495e-14  3.26102471706993e-15  -3.1236748113919e-15  5.31110167108712e-14    0.0187506260358941
 2.84860375094024e-05  0.000142463125492268   0.00177866678789171      1.96022055287795    0.0396859979805136 -2.11238902943573e-13   1.2083255172118e-14 -1.58304487136808e-14  2.84753186179768e-13   -0.0875566622110253
 8.35420592828075e-05 -0.000419815262081051    0.0132217025809467    0.0396859979805136      1.67504297149226  2.51558477864278e-12  -1.5753496538082e-13  2.04965624355306e-13   -3.448637728605e-12     0.335757796762661
-1.81802305480533e-16 -8.87901444995843e-16 -4.62970815359495e-14 -2.11238902943573e-13  2.51558477864278e-12      1.31483672354892   1.3620982505705e-14  0.000899817746706195     0.137381453174118  9.31899910528287e-13
 1.49064171628363e-17  8.68841857295024e-17  3.26102471706993e-15   1.2083255172118e-14  -1.5753496538082e-13   1.3620982505705e-14      1.31483672354857     0.137381453173522 -0.000899817746662467 -5.72676813607005e-14
-4.98921277198957e-19   4.4364686922904e-17  -3.1236748113919e-15 -1.58304487136808e-14  2.04965624355306e-13  0.000899817746706195     0.137381453173522     0.691753314862964 -1.49297209881366e-14  9.27221490123096e-14
 1.52295322900471e-16  1.57520028016953e-16  5.31110167108712e-14  2.84753186179768e-13   -3.448637728605e-12     0.137381453174118 -0.000899817746662467 -1.49297209881366e-14     0.691753314862642 -1.62075963558643e-12
 0.000297030617806248   0.00111772971205311    0.0187506260358941   -0.0875566622110253     0.335757796762661  9.31899910528287e-13 -5.72676813607005e-14  9.27221490123096e-14 -1.62075963558643e-12     0.353696926398604
TOTAL ENERGY: -127.151004596886	 lambda: -0.3	 population of target: 6.13153580757388
1RDM: 
     1.99999985452371 -1.27096503642884e-07 -1.04133596423172e-05  2.11744844491982e-05  6.55441578064408e-05  3.08632029572074e-16  1.80744233352055e-16 -1.13688559182137e-16  7.22977519842865e-17  0.000163631471872463
-1.27096503642884e-07      1.99999851732062 -1.73397367427664e-06    0.0001178368802641  -0.00034497703577541  9.76027298920034e-16   5.6882625734926e-16  1.91504662502843e-16  7.61208615078114e-16   0.00100957335234305
-1.04133596423172e-05 -1.73397367427664e-06      1.99837585999662   0.00132539650939992    0.0100014773109253   2.3784904567512e-14  2.13065746922416e-14 -2.12066004090196e-14 -9.97851213468388e-15   0.00697602246535524
 2.11744844491982e-05    0.0001178368802641   0.00132539650939992      1.96414779531327    0.0301098158599718  4.05552221613163e-14  1.04259478074268e-13 -1.53225108085847e-13  -1.4349360803897e-13   -0.0867709770572426
 6.55441578064408e-05  -0.00034497703577541    0.0100014773109253    0.0301098158599718      1.73848914232123 -8.60793271718255e-13 -1.53581844765204e-12  2.14427315449174e-12  1.88466658532429e-12     0.344185670116851
 3.08632029572074e-16  9.76027298920034e-16   2.3784904567512e-14  4.05552221613163e-14 -8.60793271718255e-13      1.30067948099928  2.86653806234137e-15  0.000583148622071632    0.0890332578011145 -1.25119323378111e-12
 1.80744233352055e-16   5.6882625734926e-16  2.13065746922416e-14  1.04259478074268e-13 -1.53581844765204e-12  2.86653806234137e-15      1.30067948099959    0.0890332578013707 -0.000583148622081198 -6.58956326366886e-13
-1.13688559182137e-16  1.91504662502843e-16 -2.12066004090196e-14 -1.53225108085847e-13  2.14427315449174e-12  0.000583148622071632    0.0890332578013707     0.704016925720633 -8.10833455926886e-16  9.67069225616421e-13
 7.22977519842865e-17  7.61208615078114e-16 -9.97851213468388e-15  -1.4349360803897e-13  1.88466658532429e-12    0.0890332578011145 -0.000583148622081198 -8.10833455926886e-16     0.704016925720932  2.17891305769381e-13
 0.000163631471872463   0.00100957335234305   0.00697602246535524   -0.0867709770572426     0.344185670116851 -1.25119323378111e-12 -6.58956326366886e-13  9.67069225616421e-13  2.17891305769381e-13     0.289596017084152
TOTAL ENERGY: -127.179427097793	 lambda: -0.2	 population of target: 6.24746554370706
1RDM: 
     1.99999990172045 -4.63630829645605e-08 -6.10257693086254e-06  1.25138223088806e-05  4.31918392543168e-05  -1.6473429601291e-15 -1.01626938152491e-15  9.57222601345561e-16  1.51580669829447e-15  4.98777131633809e-05
-4.63630829645605e-08      1.99999888441177  1.68395269597852e-06  7.83992444806518e-05 -0.000216415940190513 -4.30169916908558e-15 -2.61889202913926e-15 -7.53339793295489e-16 -1.21812022917529e-15  0.000805117079327529
-6.10257693086254e-06  1.68395269597852e-06      1.99880959486273   0.00085776167837519   0.00584846866799712 -1.71969419274171e-13 -1.02336916496564e-13  1.08842934685575e-13  1.76674691057429e-13  -0.00158766608352391
 1.25138223088806e-05  7.83992444806518e-05   0.00085776167837519      1.97079759087994    0.0156313781120173 -9.87689688430709e-13 -6.17368381037807e-13  8.39373491562009e-13  1.34283360375095e-12   -0.0739359333078551
 4.31918392543168e-05 -0.000216415940190513   0.00584846866799712    0.0156313781120173      1.80058376120652  1.61815037956927e-11  9.98061445341965e-12 -1.30443170846485e-11 -2.10739390396519e-11     0.281753042366082
 -1.6473429601291e-15 -4.30169916908558e-15 -1.71969419274171e-13 -9.87689688430709e-13  1.61815037956927e-11       1.2891908603996  1.34114071139206e-14  0.000324745024025024    0.0495805970123427  5.95157441538996e-12
-1.01626938152491e-15 -2.61889202913926e-15 -1.02336916496564e-13 -6.17368381037807e-13  9.98061445341965e-12  1.34114071139206e-14      1.28919086040014    0.0495805970125995  -0.00032474502401204  3.65004365897535e-12
 9.57222601345561e-16 -7.53339793295489e-16  1.08842934685575e-13  8.39373491562009e-13 -1.30443170846485e-11  0.000324745024025024    0.0495805970125995     0.713966780792896 -9.59557743392174e-15 -6.58010602144557e-12
 1.51580669829447e-15 -1.21812022917529e-15  1.76674691057429e-13  1.34283360375095e-12 -2.10739390396519e-11    0.0495805970123427  -0.00032474502401204 -9.59557743392174e-15     0.713966780793429  -1.0555606744774e-11
 4.98777131633809e-05  0.000805117079327529  -0.00158766608352391   -0.0739359333078551     0.281753042366082  5.95157441538996e-12  3.65004365897535e-12 -6.58010602144557e-12  -1.0555606744774e-11     0.223494984532552
TOTAL ENERGY: -127.207906296443	 lambda: -0.1	 population of target: 6.44168695700379
1RDM: 
     1.99999993134611 -4.26155755994967e-09 -2.42536145235246e-06  4.85667798685845e-06  1.16250174503012e-05  4.31442613762722e-17  3.89943833549956e-17  -3.1377752484882e-17  1.34034346242104e-18  -8.9282551571505e-06
-4.26155755994967e-09       1.9999993126393  1.61031142758922e-06  3.03565994156193e-05 -7.08962149930249e-05  2.00612603217168e-16  1.28972159672124e-16  5.21721829201149e-17  3.03813655669396e-16  0.000445945904429637
-2.42536145235246e-06  1.61031142758922e-06      1.99926716127299   0.00043680588911443    0.0011993628805148  4.19795574506228e-15  4.49591001697008e-15 -4.98946768808535e-15 -4.72240307576203e-15  -0.00397619732977191
 4.85667798685845e-06  3.03565994156193e-05   0.00043680588911443      1.98052359414624   0.00161397276947671  2.35603196296252e-14   2.5879128783228e-14 -3.38642315805833e-14 -2.97302225292426e-14   -0.0423202869702588
 1.16250174503012e-05 -7.08962149930249e-05    0.0011993628805148   0.00161397276947671      1.80792429651524 -4.09671451999386e-13 -4.43743162233658e-13  5.50878329173861e-13   4.8750864467752e-13     0.144791114122578
 4.31442613762722e-17  2.00612603217168e-16  4.19795574506228e-15  2.35603196296252e-14 -4.09671451999386e-13      1.26346966910666  6.55740819605467e-15  0.000121077993116375    0.0184851219374641 -1.29908969232934e-13
 3.89943833549956e-17  1.28972159672124e-16  4.49591001697008e-15   2.5879128783228e-14 -4.43743162233658e-13  6.55740819605467e-15      1.26346966910709    0.0184851219375943 -0.000121077993117789 -1.65720537202139e-13
 -3.1377752484882e-17  5.21721829201149e-17 -4.98946768808535e-15 -3.38642315805833e-14  5.50878329173861e-13  0.000121077993116375    0.0184851219375943     0.738412838988382 -3.65679149637972e-15  2.93752150308447e-13
 1.34034346242104e-18  3.03813655669396e-16 -4.72240307576203e-15 -2.97302225292426e-14   4.8750864467752e-13    0.0184851219374641 -0.000121077993117789 -3.65679149637972e-15      0.73841283898881  2.77932596565607e-13
 -8.9282551571505e-06  0.000445945904429637  -0.00397619732977191   -0.0423202869702588     0.144791114122578 -1.29908969232934e-13 -1.65720537202139e-13  2.93752150308447e-13  2.77932596565607e-13     0.208520687889225
TOTAL ENERGY: -127.219425747786	 lambda: 0	 population of target: 6.66731154220877
1RDM: 
     1.99999994399664 -1.13381038145615e-15  3.83061008625559e-13 -3.09008288724888e-12 -1.51877293489796e-11  1.56244309074592e-17  3.52533055561294e-18  3.31877492070345e-18  3.23050347892614e-17 -5.74157007190421e-11
-1.13381038145615e-15      1.99999960332608  1.09831260699741e-13 -5.27097192553198e-12  2.13033544770436e-11  1.22119736121008e-16  2.87970045184352e-17  2.52971286191357e-17   2.6973694172218e-16 -6.20487482625497e-11
 3.83061008625559e-13  1.09831260699741e-13      1.99961494376363  2.72987860880754e-11 -9.64127904415789e-10  5.51323627496527e-17 -2.64420870011335e-18  1.70691304170585e-17 -9.34833035793586e-17  -3.2717366777786e-09
-3.09008288724888e-12 -5.27097192553198e-12  2.72987860880754e-11      1.98946762090522 -1.21360853774427e-09   -1.879078923574e-17  5.39041559780244e-18 -2.25761697631998e-17  9.09998985874016e-18  1.79273024838992e-09
-1.51877293489796e-11  2.13033544770436e-11 -9.64127904415789e-10 -1.21360853774427e-09      1.70801654985332 -1.69133944395496e-16 -9.76713876160014e-17 -5.66851674896423e-17  3.37007209055407e-16  8.02853043573018e-09
 1.56244309074592e-17  1.22119736121008e-16  5.51323627496527e-17   -1.879078923574e-17 -1.69133944395496e-16      1.21329662614209  5.54098383272468e-15  4.75112496591269e-09 -3.44974381958562e-09 -7.76230427557965e-17
 3.52533055561294e-18  2.87970045184352e-17 -2.64420870011335e-18  5.39041559780244e-18 -9.76713876160014e-17  5.54098383272468e-15      1.21329662614215  -3.4497222002975e-09 -4.75112771126188e-09  9.55934653182343e-17
 3.31877492070345e-18  2.52971286191357e-17  1.70691304170585e-17 -2.25761697631998e-17 -5.66851674896423e-17  4.75112496591269e-09  -3.4497222002975e-09     0.787692105515949  -5.0682038238897e-15  2.61072580295025e-17
 3.23050347892614e-17   2.6973694172218e-16 -9.34833035793586e-17  9.09998985874016e-18  3.37007209055407e-16 -3.44974381958562e-09 -4.75112771126188e-09  -5.0682038238897e-15      0.78769210551601  1.58004187814761e-16
-5.74157007190421e-11 -6.20487482625497e-11  -3.2717366777786e-09  1.79273024838992e-09  8.02853043573018e-09 -7.76230427557965e-17  9.55934653182343e-17  2.61072580295025e-17  1.58004187814761e-16     0.300923874838975
TOTAL ENERGY: -127.212348423619	 lambda: 0.1	 population of target: 6.82378097617268
1RDM: 
     1.99999993954717 -4.06526561688287e-09  3.27654594825206e-07 -2.87345036712054e-06  2.17809667812178e-05  1.67135185553302e-17  3.94790409082171e-18  3.12282019719927e-18  3.09562261334959e-17  2.12967834375638e-05
-4.06526561688287e-09      1.99999964505404  -2.5293718338855e-07 -6.31437504303767e-07 -3.15670856808162e-05  1.31435663119943e-16  3.12183423157961e-17  2.45113895239992e-17  2.59640618818798e-16 -0.000348441575259548
 3.27654594825206e-07  -2.5293718338855e-07      1.99967563086101 -0.000484895048396317   0.00311486860262951  4.79334188075969e-17  -6.4930958296079e-18  1.23716178756619e-17 -1.01431188580974e-16   0.00436807881644352
-2.87345036712054e-06 -6.31437504303767e-07 -0.000484895048396317      1.99363804724964    0.0103700216463603 -3.97946536334282e-17 -1.07145927529945e-17 -1.44642875717969e-17  6.26847216383761e-18    0.0317092272643265
 2.17809667812178e-05 -3.15670856808162e-05   0.00311486860262951    0.0103700216463603      1.56887148463045 -7.21246169520956e-17 -8.15058023808862e-18 -9.22068615811092e-17  3.29477311835634e-16    -0.078353306170945
 1.67135185553302e-17  1.31435663119943e-16  4.79334188075969e-17 -3.97946536334282e-17 -7.21246169520956e-17      1.16310728499522  4.78929800294273e-15  -4.4847042605516e-05  -0.00684776686671318 -2.79266598676186e-17
 3.94790409082171e-18  3.12183423157961e-17  -6.4930958296079e-18 -1.07145927529945e-17 -8.15058023808862e-18  4.78929800294273e-15      1.16310728499517   -0.0068477668667084  4.48470426049039e-05  1.58205839135408e-16
 3.12282019719927e-18  2.45113895239992e-17  1.23716178756619e-17 -1.44642875717969e-17 -9.22068615811092e-17  -4.4847042605516e-05   -0.0068477668667084     0.837430410002226 -5.04505228830887e-15 -4.74578759167041e-17
 3.09562261334959e-17  2.59640618818798e-16 -1.01431188580974e-16  6.26847216383761e-18  3.29477311835634e-16  -0.00684776686671318  4.48470426049039e-05 -5.04505228830887e-15     0.837430410002179  3.98969769915473e-17
 2.12967834375638e-05 -0.000348441575259548   0.00436807881644352    0.0317092272643265    -0.078353306170945 -2.79266598676186e-17  1.58205839135408e-16 -4.74578759167041e-17  3.98969769915473e-17     0.436739862662957
TOTAL ENERGY: -127.200436171364	 lambda: 0.2	 population of target: 6.90625389732526
1RDM: 
     1.99999992847552 -5.24568865633837e-09 -2.42739085063342e-07   -4.488791620838e-06  5.20980497970458e-05  1.74068274290757e-17  4.38517400607916e-18  2.80545944871845e-18  3.00195045833429e-17  2.16599458503909e-05
-5.24568865633837e-09      1.99999955270716  6.22178327516162e-07  1.23638102084545e-05 -0.000105071122551855  1.36977205783604e-16  3.28572949889747e-17  2.37379006335817e-17   2.5251967080173e-16 -0.000567985376306874
-2.42739085063342e-07  6.22178327516162e-07      1.99957740228521 -0.000903415268193669   0.00712305948514512   4.4054950925409e-17 -9.91503434476697e-18  1.14182540254654e-17 -1.01976747009787e-16   0.00621937241841908
  -4.488791620838e-06  1.23638102084545e-05 -0.000903415268193669      1.99451684127915    0.0226441776467419 -5.18719636331782e-17 -2.07402083932852e-17 -8.91930328930774e-18  1.04666049432327e-17    0.0495532346607029
 5.20980497970458e-05 -0.000105071122551855   0.00712305948514512    0.0226441776467419      1.46429587373511 -2.69673392807813e-17  3.27746660333709e-17  -1.0600909998937e-16  2.96504864716955e-16    -0.107399023051756
 1.74068274290757e-17  1.36977205783604e-16   4.4054950925409e-17 -5.18719636331782e-17 -2.69673392807813e-17      1.12976998101748   1.6843373440363e-15 -5.68118807486228e-05  -0.00867437301348858 -2.53358482857159e-17
 4.38517400607916e-18  3.28572949889747e-17 -9.91503434476697e-18 -2.07402083932852e-17  3.27746660333709e-17   1.6843373440363e-15      1.12976998101748  -0.00867437301347992  5.68118807460328e-05  1.62293350183305e-16
 2.80545944871845e-18  2.37379006335817e-17  1.14182540254654e-17 -8.91930328930774e-18  -1.0600909998937e-16 -5.68118807486228e-05  -0.00867437301347992     0.870576357178497 -1.74167617016843e-15 -7.10417312973522e-17
 3.00195045833429e-17   2.5251967080173e-16 -1.01976747009787e-16  1.04666049432327e-17  2.96504864716955e-16  -0.00867437301348858  5.68118807460328e-05 -1.74167617016843e-15     0.870576357178491 -1.97149169998906e-17
 2.16599458503909e-05 -0.000567985376306874   0.00621937241841908    0.0495532346607029    -0.107399023051756 -2.53358482857159e-17  1.62293350183305e-16 -7.10417312973522e-17 -1.97149169998906e-17     0.540917725125942
TOTAL ENERGY: -127.189732101341	 lambda: 0.3	 population of target: 6.94990921872998
1RDM: 
     1.99999991651446 -7.30147738712574e-09 -8.06629127842891e-07 -5.08529642766926e-06  7.77464166764269e-05   1.7819998338587e-17  4.79974357448029e-18  2.43055890937789e-18  2.94519346178584e-17  3.78745572837504e-06
-7.30147738712574e-09      1.99999942093676  1.54271616998855e-06  2.75758290979972e-05 -0.000182138908189433  1.40014790794334e-16  3.38955896199668e-17  2.31405261358177e-17  2.48349862174383e-16 -0.000710992330914138
-8.06629127842891e-07  1.54271616998855e-06      1.99943890391038  -0.00121475771171082    0.0104315774137978  4.14153404878291e-17 -1.29081242325322e-17  1.22558205658629e-17 -1.00194893573628e-16   0.00617354523730823
-5.08529642766926e-06  2.75758290979972e-05  -0.00121475771171082      1.99417708192102    0.0328553241195556 -5.87422738399028e-17 -2.72149536644619e-17 -5.17328976675661e-18  1.54545763422188e-17    0.0595386609921406
 7.77464166764269e-05 -0.000182138908189433    0.0104315774137978    0.0328553241195556       1.3996224564405 -4.32509722118377e-18  5.70271879173695e-17 -1.17841030317611e-16  2.69628971276688e-16    -0.118653962732642
  1.7819998338587e-17  1.40014790794334e-16  4.14153404878291e-17 -5.87422738399028e-17 -4.32509722118377e-18      1.11049289676453  1.04944767463113e-15 -6.00515067046554e-05  -0.00916900511685946 -3.24517610492588e-17
 4.79974357448029e-18  3.38955896199668e-17 -1.29081242325322e-17 -2.72149536644619e-17  5.70271879173695e-17  1.04944767463113e-15      1.11049289676484  -0.00916900511687314  6.00515067028845e-05  1.57314879536971e-16
 2.43055890937789e-18  2.31405261358177e-17  1.22558205658629e-17 -5.17328976675661e-18 -1.17841030317611e-16 -6.00515067046554e-05  -0.00916900511687314      0.88977102599223   9.3067140718577e-16 -8.03484438356209e-17
 2.94519346178584e-17  2.48349862174383e-16 -1.00194893573628e-16  1.54545763422188e-17  2.69628971276688e-16  -0.00916900511685946  6.00515067028845e-05   9.3067140718577e-16     0.889771025992532 -5.11897839297337e-17
 3.78745572837504e-06 -0.000710992330914138   0.00617354523730823    0.0595386609921406    -0.118653962732642 -3.24517610492588e-17  1.57314879536971e-16 -8.03484438356209e-17 -5.11897839297337e-17     0.606234374762765
TOTAL ENERGY: -127.180589297765	 lambda: 0.4	 population of target: 6.97628948675644
1RDM: 
     1.99999990363152 -1.32689665905178e-08 -1.17028400014262e-06 -4.87064924849003e-06  9.73115387452752e-05  1.80638330032121e-17  5.18656810935404e-18  2.03385029724939e-18  2.91289109426045e-17 -2.63075722877491e-05
-1.32689665905178e-08      1.99999928352147  1.93699576318013e-06  4.15720528517934e-05 -0.000252544245516627  1.41601876265189e-16  3.45602715821009e-17  2.27025694109939e-17  2.46186332680362e-16 -0.000814025831214574
-1.17028400014262e-06  1.93699576318013e-06      1.99928600524559  -0.00143772173706489    0.0129103742124215  3.91592327384511e-17 -1.56610160921355e-17  1.40434365394982e-17 -9.77688835005185e-17   0.00500376907039093
-4.87064924849003e-06  4.15720528517934e-05  -0.00143772173706489      1.99349792210452    0.0408365330361667 -6.28464444177833e-17 -3.17118568025186e-17 -2.54786502239369e-18  1.98438749197767e-17    0.0656394034223163
 9.73115387452752e-05 -0.000252544245516627    0.0129103742124215    0.0408365330361667      1.36313084587116  9.33773657637159e-18  7.49653806145028e-17 -1.30712740372668e-16  2.54391512361789e-16    -0.126317783604972
 1.80638330032121e-17  1.41601876265189e-16  3.91592327384511e-17 -6.28464444177833e-17  9.33773657637159e-18      1.10024546119926  1.94843354791251e-15 -6.22553643281266e-05  -0.00950539181202124 -4.27684589096126e-17
 5.18656810935404e-18  3.45602715821009e-17 -1.56610160921355e-17 -3.17118568025186e-17  7.49653806145028e-17  1.94843354791251e-15      1.10024546119953   -0.0095053918120397  6.22553643262758e-05   1.5433189170762e-16
 2.03385029724939e-18  2.27025694109939e-17  1.40434365394982e-17 -2.54786502239369e-18 -1.30712740372668e-16 -6.22553643281266e-05   -0.0095053918120397     0.899981852925032 -2.15533656172892e-16 -8.57334515475847e-17
 2.91289109426045e-17  2.46186332680362e-16 -9.77688835005185e-17  1.98438749197767e-17  2.54391512361789e-16  -0.00950539181202124  6.22553643262758e-05 -2.15533656172892e-16     0.899981852925297 -7.26621949113951e-17
-2.63075722877491e-05 -0.000814025831214574   0.00500376907039093    0.0656394034223163    -0.126317783604972 -4.27684589096126e-17   1.5433189170762e-16 -8.57334515475847e-17 -7.26621949113951e-17     0.643631411376685
TOTAL ENERGY: -127.171900208388	 lambda: 0.5	 population of target: 6.99566748995132
1RDM: 
     1.99999988794637 -2.41599655889957e-08 -1.36010155412187e-06 -4.00032903722923e-06  0.000111592763699267  1.81959106993115e-17   5.5444304508068e-18  1.63209955317035e-18  2.89773938931246e-17  -6.5875935055922e-05
-2.41599655889957e-08      1.99999915009678  1.49671049100818e-06  5.36262240988097e-05 -0.000315640230266685   1.4227596502769e-16  3.49735133964749e-17  2.24000968974166e-17  2.45441993581007e-16 -0.000895026616940079
-1.36010155412187e-06  1.49671049100818e-06      1.99910407929292  -0.00159965311665684    0.0147032038744112  3.69222795776907e-17  -1.8362510596935e-17  1.65265807862993e-17 -9.51781749830464e-17   0.00309631822312988
-4.00032903722923e-06  5.36262240988097e-05  -0.00159965311665684      1.99277597492172    0.0471057752694508  -6.5157834187291e-17 -3.50626508814644e-17 -6.52448420524728e-19  2.37508228722239e-17    0.0697102188229171
 0.000111592763699267 -0.000315640230266685    0.0147032038744112    0.0471057752694508      1.34637430114067  1.95128434853355e-17  9.23634450862421e-17 -1.47804788671716e-16  2.49009117284685e-16    -0.136130458997299
 1.81959106993115e-17   1.4227596502769e-16  3.69222795776907e-17  -6.5157834187291e-17  1.95128434853355e-17      1.09615427263198  1.97780494847532e-15 -6.59267671359875e-05   -0.0100659185581394 -5.52214305182718e-17
  5.5444304508068e-18  3.49735133964749e-17  -1.8362510596935e-17 -3.50626508814644e-17  9.23634450862421e-17  1.97780494847532e-15      1.09615427263212   -0.0100659185581473  6.59267671330968e-05  1.56103157169683e-16
 1.63209955317035e-18  2.24000968974166e-17  1.65265807862993e-17 -6.52448420524728e-19 -1.47804788671716e-16 -6.59267671359875e-05   -0.0100659185581473     0.904059156331679 -1.09746796637924e-15 -9.08033077316895e-17
 2.89773938931246e-17  2.45441993581007e-16 -9.51781749830464e-17  2.37508228722239e-17  2.49009117284685e-16   -0.0100659185581394  6.59267671330968e-05 -1.09746796637924e-15     0.904059156331821 -9.22021884914604e-17
 -6.5875935055922e-05 -0.000895026616940079   0.00309631822312988    0.0697102188229171    -0.136130458997299 -5.52214305182718e-17  1.56103157169683e-16 -9.08033077316895e-17 -9.22021884914604e-17     0.661319748673935
TOTAL ENERGY: -127.161929693232	 lambda: 0.6	 population of target: 7.01377908819284
1RDM: 
      1.9999998668801 -3.99697414909352e-08  -1.4237347931187e-06 -2.55307042475094e-06  0.000120550488317795  1.83059486550459e-17  5.85227183788025e-18  1.22204983104594e-18  2.90287708108941e-17 -0.000114523150779612
-3.99697414909352e-08      1.99999902244503 -1.16405659260228e-07  6.36077509771753e-05 -0.000373355979894646  1.42727025803436e-16  3.50614704819539e-17    2.212630342599e-17  2.46317897377473e-16 -0.000962603610224296
 -1.4237347931187e-06 -1.16405659260228e-07      1.99885547266303  -0.00172514386149701    0.0158906067093233   2.8287799901034e-17 -1.96126229282043e-17  2.19849059059763e-17 -1.02331588192478e-16  0.000597437449739686
-2.55307042475094e-06  6.36077509771753e-05  -0.00172514386149701      1.99211040072094    0.0521081287055538 -5.93759742206689e-18 -5.29155307638634e-17 -1.33717198472593e-17  8.34814074118524e-17     0.072608893718755
 0.000120550488317795 -0.000373355979894646    0.0158906067093233    0.0521081287055538      1.34529687686654 -1.19677271537188e-16  1.44441173060932e-16 -1.51004358572407e-16  1.37596028171644e-16    -0.151647543347508
 1.83059486550459e-17  1.42727025803436e-16   2.8287799901034e-17 -5.93759742206689e-18 -1.19677271537188e-16      1.09709888370043 -7.07519837991849e-16 -7.25171589150142e-05   -0.0110721281178273  1.17722345484162e-16
 5.85227183788025e-18  3.50614704819539e-17 -1.96126229282043e-17 -5.29155307638634e-17  1.44441173060932e-16 -7.07519837991849e-16      1.09709888370062   -0.0110721281178389  7.25171589133753e-05  1.23882207264704e-16
 1.22204983104594e-18    2.212630342599e-17  2.19849059059763e-17 -1.33717198472593e-17 -1.51004358572407e-16 -7.25171589150142e-05   -0.0110721281178389     0.903115854301069  1.90816824810581e-15 -1.33697526031576e-16
 2.90287708108941e-17  2.46317897377473e-16 -1.02331588192478e-16  8.34814074118524e-17  1.37596028171644e-16   -0.0110721281178273  7.25171589133753e-05  1.90816824810581e-15     0.903115854301254  6.41488438007109e-17
-0.000114523150779612 -0.000962603610224296  0.000597437449739686     0.072608893718755    -0.151647543347508  1.17722345484162e-16  1.23882207264704e-16 -1.33697526031576e-16  6.41488438007109e-17     0.663308884421007
TOTAL ENERGY: -127.14769359398	 lambda: 0.7	 population of target: 7.03559617004764
1RDM: 
      1.9999998369856 -6.00879323743769e-08 -1.37602472580568e-06 -5.22545360306268e-07  0.000122164867947764  1.81908301171172e-17  6.14622741644218e-18  8.54942340955752e-19  2.91136273397842e-17 -0.000173379457775094
-6.00879323743769e-08      1.99999889860457 -3.54950237477937e-06  7.13358651634291e-05 -0.000428442228665851  1.41587426286882e-16  3.51818818124798e-17  2.22388135790057e-17  2.47615753759923e-16  -0.00102071729714968
-1.37602472580568e-06 -3.54950237477937e-06      1.99846697401929  -0.00183830709343268    0.0164033103355705  3.19574340936732e-17  -2.4070311796443e-17  2.35414834141561e-17 -8.98030456233632e-17  -0.00247928486159947
-5.22545360306268e-07  7.13358651634291e-05  -0.00183830709343268      1.99154050605542    0.0561137026194735 -6.70534310133629e-17 -3.91109268992164e-17  1.26863887998766e-18  2.93599715777172e-17    0.0747534896744609
 0.000122164867947764 -0.000428442228665851    0.0164033103355705    0.0561137026194735      1.35902895864879  4.61540094743142e-17  1.42022180043314e-16 -2.12345209628174e-16   2.6545057082546e-16     -0.17715957786129
 1.81908301171172e-17  1.41587426286882e-16  3.19574340936732e-17 -6.70534310133629e-17  4.61540094743142e-17      1.10325271678021  4.32567736690791e-16 -8.39144944657205e-05   -0.0128122792476491 -1.00553802402464e-16
 6.14622741644218e-18  3.51818818124798e-17  -2.4070311796443e-17 -3.91109268992164e-17  1.42022180043314e-16  4.32567736690791e-16      1.10325271678035   -0.0128122792476575  8.39144944636846e-05   1.8045531621157e-16
 8.54942340955752e-19  2.22388135790057e-17  2.35414834141561e-17  1.26863887998766e-18 -2.12345209628174e-16 -8.39144944657205e-05   -0.0128122792476575     0.896978924819625  5.33512851932556e-16 -1.03040949547512e-16
 2.91136273397842e-17  2.47615753759923e-16 -8.98030456233632e-17  2.93599715777172e-17   2.6545057082546e-16   -0.0128122792476491  8.39144944636846e-05  5.33512851932556e-16     0.896978924819766 -1.53376502819037e-16
-0.000173379457775094  -0.00102071729714968  -0.00247928486159947    0.0747534896744609     -0.17715957786129 -1.00553802402464e-16   1.8045531621157e-16 -1.03040949547512e-16 -1.53376502819037e-16     0.650501542486355
TOTAL ENERGY: -127.122916810417	 lambda: 0.8	 population of target: 7.06844978140701
1RDM: 
     1.99999979319659 -8.33596040106681e-08 -1.18103608488589e-06  2.21848124507474e-06  0.000110766371738809  1.80614953184079e-17  6.34363106474937e-18  4.99632680717833e-19  2.94800922955035e-17 -0.000244704627244664
-8.33596040106681e-08      1.99999877122634 -1.03001434002723e-05  7.62453768574512e-05 -0.000484111992647786  1.40323553468968e-16  3.48525719398841e-17  2.24511695132396e-17  2.51159930852825e-16  -0.00107019598202155
-1.18103608488589e-06 -1.03001434002723e-05      1.99778226600715  -0.00196887664942761    0.0159272634104511  2.48777722626033e-17 -2.57948739421896e-17  3.00782991752739e-17 -9.24577375426307e-17    -0.006207070117116
