Naturals in-correctTOTAL ENERGY: -126.650955978112	 lambda: -1	 population of target: 5.29898502671545
1RDM: 
     1.99999928311674 -1.13812308460864e-06 -6.73556519808194e-05  0.000105718991038815  1.49955439122844e-05 -4.17050624243968e-15  9.19542954800196e-14  1.90102209883605e-13 -9.60552543094527e-15   0.00085821586535555
-1.13812308460864e-06      1.99999529028129 -0.000135689139023034  0.000282675802622198 -0.000343666936181515  4.08910059355668e-15 -9.49553063063874e-14 -1.64414730453468e-13  7.69509986859383e-15   0.00227206088543738
-6.73556519808194e-05 -0.000135689139023034      1.99101665990427    0.0151737877955661 -0.000224293803457327  6.53555872638505e-15 -4.20444234344783e-13  2.45845933113999e-12 -1.63969588478459e-13      0.10886068257873
 0.000105718991038815  0.000282675802622198    0.0151737877955661      1.93399013729962    0.0124147256277831  9.52088788789381e-13 -2.26370862004761e-11 -2.00339146800877e-11  9.29982024463108e-13     -0.15273152274658
 1.49955439122844e-05 -0.000343666936181515 -0.000224293803457327    0.0124147256277831       1.8790488252251  1.84513890685297e-14  1.12302010240879e-12 -1.08314128865222e-11  7.05362585164488e-13     0.189046576429457
-4.17050624243968e-15  4.08910059355668e-15  6.53555872638505e-15  9.52088788789381e-13  1.84513890685297e-14      1.65814555220903 -1.04042149060098e-15  -0.00187722255113198    -0.468392372313896 -3.34448330107262e-13
 9.19542954800196e-14 -9.49553063063874e-14 -4.20444234344783e-13 -2.26370862004761e-11  1.12302010240879e-12 -1.04042149060098e-15      1.65814555220892    -0.468392372314099   0.00187722255113132  7.72947296720298e-12
 1.90102209883605e-13 -1.64414730453468e-13  2.45845933113999e-12 -2.00339146800877e-11 -1.08314128865222e-11  -0.00187722255113198    -0.468392372314099     0.365098957569283  5.52256676001488e-16  5.72728789501606e-12
-9.60552543094527e-15  7.69509986859383e-15 -1.63969588478459e-13  9.29982024463108e-13  7.05362585164488e-13    -0.468392372313896   0.00187722255113132  5.52256676001488e-16     0.365098957569173 -2.38104170503177e-13
  0.00085821586535555   0.00227206088543738      0.10886068257873     -0.15273152274658     0.189046576429457 -3.34448330107262e-13  7.72947296720298e-12  5.72728789501606e-12 -2.38104170503177e-13     0.149460784616663
TOTAL ENERGY: -126.772267337469	 lambda: -0.9	 population of target: 5.42680019965448
1RDM: 
     1.99999936402088 -1.04156208068069e-06  -5.6999035255321e-05  9.52860215502947e-05  8.07432382707986e-06  -7.4529433568221e-16  1.17996917237075e-14    1.000900413542e-13 -5.35894105009759e-15  0.000818293126209252
-1.04156208068069e-06      1.99999581541245 -0.000119431397885339  0.000241069634216429 -0.000259989497772354 -2.74868975233451e-15  6.87317464461808e-14  1.25435114771572e-13 -5.71286804938471e-15   0.00208669662966684
 -5.6999035255321e-05 -0.000119431397885339      1.99216489378704    0.0132259306623888  0.000875846961181179 -2.91773309491826e-13  6.50032365637277e-12  1.73041517352368e-11 -8.51218645245095e-13     0.102302762535102
 9.52860215502947e-05  0.000241069634216429    0.0132259306623888      1.94066254171084   0.00719529897561275 -8.04837358551739e-13  1.94429336284066e-11  2.33920041653818e-11 -1.09324313710077e-12    -0.136995465732252
 8.07432382707986e-06 -0.000259989497772354  0.000875846961181179   0.00719529897561275      1.88665568849303  1.46256831467934e-12 -3.28579788470257e-11 -7.50547573352868e-11  3.67591548936766e-12     0.147082398024456
 -7.4529433568221e-16 -2.74868975233451e-15 -2.91773309491826e-13 -8.04837358551739e-13  1.46256831467934e-12      1.66378752971819 -1.08878393497467e-15  -0.00169901397187863    -0.423926924317267  3.14987021703296e-13
 1.17996917237075e-14  6.87317464461808e-14  6.50032365637277e-12  1.94429336284066e-11 -3.28579788470257e-11 -1.08878393497467e-15      1.66378752971791    -0.423926924318133   0.00169901397188552  -7.4382377109703e-12
   1.000900413542e-13  1.25435114771572e-13  1.73041517352368e-11  2.33920041653818e-11 -7.50547573352868e-11  -0.00169901397187863    -0.423926924318133      0.35784979062857 -2.88216969931152e-16 -1.90014952186049e-11
-5.35894105009759e-15 -5.71286804938471e-15 -8.51218645245095e-13 -1.09324313710077e-12  3.67591548936766e-12    -0.423926924317267   0.00169901397188552 -2.88216969931152e-16     0.357849790628255  9.10363826319313e-13
 0.000818293126209252   0.00208669662966684     0.102302762535102    -0.136995465732252     0.147082398024456  3.14987021703296e-13  -7.4382377109703e-12 -1.90014952186049e-11  9.10363826319313e-13     0.137247055882913
TOTAL ENERGY: -126.888864591898	 lambda: -0.8	 population of target: 5.56401477575887
1RDM: 
       1.999999400142 -9.61767388461436e-07 -5.03494638555962e-05  8.50311659172554e-05   1.3796865497899e-05 -2.20266228081838e-15  4.79421663442081e-14   1.4430209590644e-13 -7.34739333267633e-15  0.000807522327190742
-9.61767388461436e-07      1.99999637308647 -0.000103598289628626  0.000200532328235067 -0.000191330600228259  6.83717073698036e-16 -1.65482952534139e-14  -2.3126523872286e-14  9.49040979051954e-16   0.00185998653749722
-5.03494638555962e-05 -0.000103598289628626      1.99301372415696    0.0111893828946925   0.00295479902116414 -1.16925114534626e-13  2.31499017003035e-12  9.00100814948767e-12 -4.78364407400672e-13    0.0966380804677221
 8.50311659172554e-05  0.000200532328235067    0.0111893828946925      1.94723639718058   0.00452501977769617  3.44210372930418e-14  -1.5344113944202e-12  1.36468992369944e-12 -1.11300441608575e-13    -0.117972770083249
  1.3796865497899e-05 -0.000191330600228259   0.00295479902116414   0.00452501977769617      1.87925496096829   5.4657820419074e-13 -1.05394877583799e-11 -3.57736760514156e-11  1.92963933977441e-12      0.10063440975792
-2.20266228081838e-15  6.83717073698036e-16 -1.16925114534626e-13  3.44210372930418e-14   5.4657820419074e-13      1.66397457039362 -9.04799226882265e-16  -0.00152641122952524    -0.380860180008036 -5.63868883197845e-14
 4.79421663442081e-14 -1.65482952534139e-14  2.31499017003035e-12  -1.5344113944202e-12 -1.05394877583799e-11 -9.04799226882265e-16      1.66397457039354    -0.380860180007867   0.00152641122952147  1.51484941219595e-12
  1.4430209590644e-13  -2.3126523872286e-14  9.00100814948767e-12  1.36468992369944e-12 -3.57736760514156e-11  -0.00152641122952524    -0.380860180007867     0.356014830192581  6.32198030914071e-16  -3.3975146115702e-12
-7.34739333267633e-15  9.49040979051954e-16 -4.78364407400672e-13 -1.11300441608575e-13  1.92963933977441e-12    -0.380860180008036   0.00152641122952147  6.32198030914071e-16     0.356014830192512  2.04276715722922e-13
 0.000807522327190742   0.00185998653749722    0.0966380804677221    -0.117972770083249      0.10063440975792 -5.63868883197845e-14  1.51484941219595e-12  -3.3975146115702e-12  2.04276715722922e-13     0.140520343293539
TOTAL ENERGY: -126.990301915534	 lambda: -0.7	 population of target: 5.69917567447655
1RDM: 
     1.99999941299651 -8.57025201273661e-07 -4.55917142752364e-05  7.30365152359457e-05  3.35287075891323e-05 -1.40348263227525e-15  2.10788609015774e-14  1.09005847051268e-13 -6.17806168077031e-15  0.000797164219066267
-8.57025201273661e-07      1.99999691430423 -8.64317635504042e-05  0.000166185892278466 -0.000156160941143656 -6.54977494723121e-16  3.53042954135227e-14  4.50597858710165e-14 -1.07457065658057e-15   0.00160904604994319
-4.55917142752364e-05 -8.64317635504042e-05       1.9936991117741   0.00909500186123679   0.00563507646614738  -1.8274273211634e-13  4.91763744522093e-12  1.39735940195872e-11 -6.23966483939254e-13    0.0901803745800429
 7.30365152359457e-05  0.000166185892278466   0.00909500186123679      1.95293222709014   0.00541531666056534 -3.04982619460159e-13  1.12464654794003e-11  1.70986633059848e-11  -6.0598227527588e-13   -0.0984736029996533
 3.35287075891323e-05 -0.000156160941143656   0.00563507646614738   0.00541531666056534      1.85820729641816  1.04742010222503e-12 -3.04648916186486e-11 -7.31905074911057e-11  3.03428059410106e-12     0.064460615318426
-1.40348263227525e-15 -6.54977494723121e-16  -1.8274273211634e-13 -3.04982619460159e-13  1.04742010222503e-12      1.65738568866915 -1.22408605713225e-15  -0.00135389042674377    -0.337813976362756  1.26048590274899e-13
 2.10788609015774e-14  3.53042954135227e-14  4.91763744522093e-12  1.12464654794003e-11 -3.04648916186486e-11 -1.22408605713225e-15      1.65738568866899    -0.337813976362276   0.00135389042674799   -5.280901256406e-12
 1.09005847051268e-13  4.50597858710165e-14  1.39735940195872e-11  1.70986633059848e-11 -7.31905074911057e-11  -0.00135389042674377    -0.337813976362276     0.360877503158499  4.79323589850085e-16 -1.54464584856171e-11
-6.17806168077031e-15 -1.07457065658057e-15 -6.23966483939254e-13  -6.0598227527588e-13  3.03428059410106e-12    -0.337813976362756   0.00135389042674799  4.79323589850085e-16     0.360877503158355  5.53950582553759e-13
 0.000797164219066267   0.00160904604994319    0.0901803745800429   -0.0984736029996533     0.064460615318426  1.26048590274899e-13   -5.280901256406e-12 -1.54464584856171e-11  5.53950582553759e-13      0.15863865376194
TOTAL ENERGY: -127.070828813881	 lambda: -0.6	 population of target: 5.82288854907829
1RDM: 
      1.9999994334737 -7.09792803042521e-07 -4.04482881584017e-05  5.91507134905736e-05  5.89739409898823e-05 -1.24801927157955e-14   6.7383529409119e-15  8.53701878202098e-14 -2.29031106184268e-14  0.000758298125267839
-7.09792803042521e-07      1.99999739437912 -6.78074378425198e-05  0.000139606958454556 -0.000153292288970864  2.75376915923474e-14  6.76903839945374e-14  6.18998701005724e-14  2.87348837045136e-14   0.00136117105271824
-4.04482881584017e-05 -6.78074378425198e-05      1.99437189983868   0.00706922892262758   0.00812919680553362  1.44686451921624e-12   6.6072324304868e-12  1.66737383755454e-11  2.20723587382289e-12    0.0815368308997472
 5.91507134905736e-05  0.000139606958454556   0.00706922892262758      1.95749268988658   0.00871715804313876  6.09314559653312e-12   1.7905685723011e-11  2.73245092570468e-11  7.77685688264523e-12   -0.0815254591908744
 5.89739409898823e-05 -0.000153292288970864   0.00812919680553362   0.00871715804313876      1.83329085305527 -1.47426100067506e-11  -5.2497602849192e-11 -1.14428043822051e-10 -2.56118839932502e-11    0.0479031088381726
-1.24801927157955e-14  2.75376915923474e-14  1.44686451921624e-12  6.09314559653312e-12 -1.47426100067506e-11      1.64579541442366  4.20219073266536e-15   -0.0011734878546196    -0.292801114974452 -4.51801001551269e-12
  6.7383529409119e-15  6.76903839945374e-14   6.6072324304868e-12   1.7905685723011e-11  -5.2497602849192e-11  4.20219073266536e-15      1.64579541442359    -0.292801114974578   0.00117348785456994 -1.22805172717128e-11
 8.53701878202098e-14  6.18998701005724e-14  1.66737383755454e-11  2.73245092570468e-11 -1.14428043822051e-10   -0.0011734878546196    -0.292801114974578     0.370623540052893 -3.39418644935396e-15 -2.86161037602601e-11
-2.29031106184268e-14  2.87348837045136e-14  2.20723587382289e-12  7.77685688264523e-12 -2.56118839932502e-11    -0.292801114974452   0.00117348785456994 -3.39418644935396e-15     0.370623540052815 -8.77700100511528e-12
 0.000758298125267839   0.00136117105271824    0.0815368308997472   -0.0815254591908744    0.0479031088381726 -4.51801001551269e-12 -1.22805172717128e-11 -2.86161037602601e-11 -8.77700100511528e-12     0.182009820413721
TOTAL ENERGY: -127.132128102921	 lambda: -0.5	 population of target: 5.9341876724996
1RDM: 
     1.99999948382325 -5.32669584299051e-07 -3.34670291054285e-05  4.47375446423523e-05  7.82023809140635e-05 -1.07288532059506e-15  1.93556027173869e-14  1.01763791030609e-13 -5.53311043785052e-15   0.00067553530773598
-5.32669584299051e-07      1.99999780214167 -4.90056017806211e-05  0.000118050733426013  -0.00016524451447435 -1.03534197555475e-15  3.49097890895705e-14  9.62185708088808e-15 -1.92144108071997e-16   0.00113533560350007
-3.34670291054285e-05 -4.90056017806211e-05      1.99512349388732   0.00524298542840716   0.00966356823627195 -1.80227324570447e-13  4.42627217768585e-12  1.25160446573286e-11 -5.95324829033788e-13    0.0700812601149924
 4.47375446423523e-05  0.000118050733426013   0.00524298542840716      1.96132042259073    0.0120702486950996 -3.43154656644824e-13  9.49466651581663e-12  1.73608972304158e-11 -7.37144704446998e-13   -0.0685402811445006
 7.82023809140635e-05  -0.00016524451447435   0.00966356823627195    0.0120702486950996      1.81587511716803   1.4407347211339e-12 -3.79611990022101e-11 -8.82522764852208e-11   3.8440354022181e-12    0.0508903331974061
-1.07288532059506e-15 -1.03534197555475e-15 -1.80227324570447e-13 -3.43154656644824e-13   1.4407347211339e-12      1.63140633422972 -1.77397522908076e-15 -0.000977059426902403    -0.243789421918938  3.44233713828832e-13
 1.93556027173869e-14  3.49097890895705e-14  4.42627217768585e-12  9.49466651581663e-12 -3.79611990022101e-11 -1.77397522908076e-15      1.63140633422969    -0.243789421919065  0.000977059426911417 -9.22600073939329e-12
 1.01763791030609e-13  9.62185708088808e-15  1.25160446573286e-11  1.73608972304158e-11 -8.82522764852208e-11 -0.000977059426902403    -0.243789421919065     0.383002731976259   1.4488808812084e-15 -2.08089440120549e-11
-5.53311043785052e-15 -1.92144108071997e-16 -5.95324829033788e-13 -7.37144704446998e-13   3.8440354022181e-12    -0.243789421918938  0.000977059426911417   1.4488808812084e-15     0.383002731976234  8.59540911921639e-13
  0.00067553530773598   0.00113533560350007    0.0700812601149924   -0.0685402811445006    0.0508903331974061  3.44233713828832e-13 -9.22600073939329e-12 -2.08089440120549e-11  8.59540911921639e-13      0.19886554797715
TOTAL ENERGY: -127.179544337755	 lambda: -0.4	 population of target: 6.03953263924685
1RDM: 
     1.99999956431893 -3.52649815184987e-07   -2.479536653469e-05  3.12563868295865e-05   8.3707367778212e-05  -8.7353868467789e-16  1.90009839605419e-14  9.72801763004346e-14 -5.00142078000769e-15  0.000549511821183753
-3.52649815184987e-07      1.99999815603259 -3.17268126578968e-05  9.69684299881534e-05 -0.000170646942875425 -1.64460373034136e-15  3.61952313625081e-14 -6.40365106951908e-15  2.15045632422361e-16  0.000932751880219693
  -2.479536653469e-05 -3.17268126578968e-05      1.99594342276699   0.00367881727569051   0.00984242253588081 -1.99098373046999e-13  4.16519617689521e-12  1.16176761798748e-11 -6.01087827250832e-13    0.0559823728343505
 3.12563868295865e-05  9.69684299881534e-05   0.00367881727569051      1.96511535612579    0.0133879772417952 -4.31901006678266e-13  8.82664255957928e-12  1.73573882489639e-11 -9.05725414189635e-13   -0.0587848664670449
  8.3707367778212e-05 -0.000170646942875425   0.00984242253588081    0.0133879772417952      1.81255804664178   2.0954107143761e-12 -4.31043027958666e-11 -9.74554638875657e-11   5.0554104272618e-12    0.0652204429019852
 -8.7353868467789e-16 -1.64460373034136e-15 -1.99098373046999e-13 -4.31901006678266e-13   2.0954107143761e-12      1.61426913130666 -2.15398598245879e-15 -0.000762619114984652    -0.190284969789222  6.24284696452049e-13
 1.90009839605419e-14  3.61952313625081e-14  4.16519617689521e-12  8.82664255957928e-12 -4.31043027958666e-11 -2.15398598245879e-15      1.61426913130646    -0.190284969789146  0.000762619114990476 -1.26322573144031e-11
 9.72801763004346e-14 -6.40365106951908e-15  1.16176761798748e-11  1.73573882489639e-11 -9.74554638875657e-11 -0.000762619114984652    -0.190284969789146     0.397953354558871   1.2721758434685e-15 -2.55036652688828e-11
-5.00142078000769e-15  2.15045632422361e-16 -6.01087827250832e-13 -9.05725414189635e-13   5.0554104272618e-12    -0.190284969789222  0.000762619114990476   1.2721758434685e-15     0.397953354558684  1.34445094171992e-12
 0.000549511821183753  0.000932751880219693    0.0559823728343505   -0.0587848664670449    0.0652204429019852  6.24284696452049e-13 -1.26322573144031e-11 -2.55036652688828e-11  1.34445094171992e-12     0.201940482383347
TOTAL ENERGY: -127.217650296291	 lambda: -0.3	 population of target: 6.14861367602961
1RDM: 
     1.99999965513433 -1.95569682039824e-07 -1.58832628706229e-05  1.95173532280694e-05  7.42823070620147e-05 -1.62451051447925e-15  3.38741671517534e-14  1.26836535792446e-13 -6.55921951161855e-15  0.000394000078384597
-1.95569682039824e-07      1.99999848087897 -1.74135402927488e-05  7.29431905711781e-05 -0.000154139238014466  2.36340683025425e-15  -4.7392313323788e-14 -2.89624608854431e-14  1.54341489276724e-15  0.000738505321497167
-1.58832628706229e-05 -1.74135402927488e-05      1.99674144404881   0.00237354694406614   0.00864367013088589  2.66861496419827e-14 -5.11652194274532e-13  4.23558628868522e-12 -2.13034627530705e-13    0.0401550956351561
 1.95173532280694e-05  7.29431905711781e-05   0.00237354694406614       1.9694741447157    0.0116949840757974  3.40418028084898e-13 -6.64700453987856e-12 -6.72616501658666e-12  3.71430814340652e-13   -0.0498129955988324
 7.42823070620147e-05 -0.000154139238014466   0.00864367013088589    0.0116949840757974      1.82270274822131 -1.70674267603012e-12  3.35462968834321e-11  4.84885511308929e-11 -2.61049730444386e-12    0.0776402944461887
-1.62451051447925e-15  2.36340683025425e-15  2.66861496419827e-14  3.40418028084898e-13 -1.70674267603012e-12      1.59206896304869 -1.71201470861263e-15 -0.000538690435666441    -0.134410036819506 -3.86918481340258e-13
 3.38741671517534e-14  -4.7392313323788e-14 -5.11652194274532e-13 -6.64700453987856e-12  3.35462968834321e-11 -1.71201470861263e-15      1.59206896304859    -0.134410036819594  0.000538690435669037  7.19260321569259e-12
 1.26836535792446e-13 -2.89624608854431e-14  4.23558628868522e-12 -6.72616501658666e-12  4.84885511308929e-11 -0.000538690435666441    -0.134410036819594     0.417860687456732  1.16967551966533e-15  1.96038958602747e-11
-6.55921951161855e-15  1.54341489276724e-15 -2.13034627530705e-13  3.71430814340652e-13 -2.61049730444386e-12    -0.134410036819506  0.000538690435669037  1.16967551966533e-15     0.417860687456632 -1.07716256216148e-12
 0.000394000078384597  0.000738505321497167    0.0401550956351561   -0.0498129955988324    0.0776402944461887 -3.86918481340258e-13  7.19260321569259e-12  1.96038958602747e-11 -1.07716256216148e-12     0.191224225990358
TOTAL ENERGY: -127.247913863143	 lambda: -0.2	 population of target: 6.27018449568349
1RDM: 
     1.99999973065667  -7.9981028314485e-08 -8.41969887220624e-06  1.00115362477053e-05  5.26213524760696e-05 -1.94535854079621e-15  3.95653630349373e-14  1.43173468600355e-13 -7.47856772292114e-15  0.000233108870039472
 -7.9981028314485e-08      1.99999878539053 -7.08311048712186e-06  4.57131912184433e-05 -0.000111754927860586  5.78070232622298e-15 -1.14409891024337e-13  -1.7463671053685e-14  1.13609944923621e-15  0.000528598788248033
-8.41969887220624e-06 -7.08311048712186e-06      1.99741671757772   0.00131217852827318   0.00625463951077493  2.09570732317377e-13 -4.10332143646292e-12 -1.28989762537828e-12  9.39339474895432e-14    0.0242430031945472
 1.00115362477053e-05  4.57131912184433e-05   0.00131217852827318         1.97462771118   0.00745337467971676  9.28370998677016e-13  -1.7369131099584e-11 -2.42183219353341e-11  1.37167029061095e-12   -0.0383241679339872
 5.26213524760696e-05 -0.000111754927860586   0.00625463951077493   0.00745337467971676      1.83801405036516 -5.81373204150502e-12  1.09970973836075e-10  1.93814625383511e-10 -1.07372864159279e-11    0.0741986111341122
-1.94535854079621e-15  5.78070232622298e-15  2.09570732317377e-13  9.28370998677016e-13 -5.81373204150502e-12      1.56130122657484 -2.20766239595296e-15 -0.000323260320615387   -0.0806577808023903 -1.62152081637212e-12
 3.95653630349373e-14 -1.14409891024337e-13 -4.10332143646292e-12  -1.7369131099584e-11  1.09970973836075e-10 -2.20766239595296e-15      1.56130122657457   -0.0806577808023115  0.000323260320617628  2.99690570667264e-11
 1.43173468600355e-13  -1.7463671053685e-14 -1.28989762537828e-12 -2.42183219353341e-11  1.93814625383511e-10 -0.000323260320615387   -0.0806577808023115     0.446380525221934  1.08483314596683e-15  6.63084324436686e-11
-7.47856772292114e-15  1.13609944923621e-15  9.39339474895432e-14  1.37167029061095e-12 -1.07372864159279e-11   -0.0806577808023903  0.000323260320617628  1.08483314596683e-15     0.446380525221671 -3.76167312901186e-12
 0.000233108870039472  0.000528598788248033    0.0242430031945472   -0.0383241679339872    0.0741986111341122 -1.62152081637212e-12  2.99690570667264e-11  6.63084324436686e-11 -3.76167312901186e-12     0.174579501236971
TOTAL ENERGY: -127.268304425426	 lambda: -0.1	 population of target: 6.40684615652955
1RDM: 
     1.99999977632355 -1.54910182490667e-08 -3.22397254036005e-06  3.37393741661686e-06  2.45049104245993e-05 -1.10795388480874e-15   2.3591783012801e-14  9.28393468487298e-14 -4.79017753036001e-15  9.53669084070163e-05
-1.54910182490667e-08      1.99999904831681 -1.30919046250145e-06  1.91601073604696e-05 -5.33431403303857e-05  4.15373419689996e-16 -6.59443688809844e-15 -3.54902228224549e-14  1.75598862983602e-15  0.000282397707018451
-3.22397254036005e-06 -1.30919046250145e-06      1.99792429974293  0.000512465096867539   0.00309741118340601 -8.37308356237443e-14  1.75865021807733e-12  6.38018252342109e-12   -3.290148750422e-13    0.0103240812257596
 3.37393741661686e-06  1.91601073604696e-05  0.000512465096867539      1.98024312317117   0.00262782497178844 -7.63674065726558e-14  1.59855722800607e-12  6.32871313333757e-12  -3.2687460501652e-13   -0.0216902941296022
 2.45049104245993e-05 -5.33431403303857e-05   0.00309741118340601   0.00262782497178844      1.84432012355406  5.30708696798732e-13 -1.11052799216024e-11 -3.01465748412924e-11  1.55999732794417e-12    0.0469662657943302
-1.10795388480874e-15  4.15373419689996e-16 -8.37308356237443e-14 -7.63674065726558e-14  5.30708696798732e-13      1.51933322283593  1.82506893045306e-16  -0.00013816653620091   -0.0344740073113786  3.20894597278665e-13
  2.3591783012801e-14 -6.59443688809844e-15  1.75865021807733e-12  1.59855722800607e-12 -1.11052799216024e-11  1.82506893045306e-16      1.51933322283595   -0.0344740073114987  0.000138166536197416 -6.73390712791712e-12
 9.28393468487298e-14 -3.54902228224549e-14  6.38018252342109e-12  6.32871313333757e-12 -3.01465748412924e-11  -0.00013816653620091   -0.0344740073114987     0.486333795077208 -2.15526410102467e-16 -9.33564564119767e-12
-4.79017753036001e-15  1.75598862983602e-15   -3.290148750422e-13  -3.2687460501652e-13  1.55999732794417e-12   -0.0344740073113786  0.000138166536197416 -2.15526410102467e-16     0.486333795077228  4.83033986928861e-13
 9.53669084070163e-05  0.000282397707018451    0.0103240812257596   -0.0216902941296022    0.0469662657943302  3.20894597278665e-13 -6.73390712791712e-12 -9.33564564119767e-12  4.83033986928861e-13     0.166179593065216
TOTAL ENERGY: -127.275471483333	 lambda: 0	 population of target: 6.54993784702747
1RDM: 
     1.99999979434276 -3.39182686888766e-14 -2.33770656986645e-12  6.24704650580977e-13 -2.95630334707824e-12 -1.13882833952727e-15   2.4258638938275e-14  8.62538678258348e-14 -4.45334595694059e-15  2.74587979302428e-11
-3.39182686888766e-14      1.99999922494402 -1.73126427391821e-12  1.06607109362871e-11  6.97085774651364e-12  5.66815438003727e-16 -9.43475789822049e-15 -4.22862595198506e-14  2.10035465800908e-15 -4.43515076405375e-11
-2.33770656986645e-12 -1.73126427391821e-12      1.99827684437171  1.85644662415066e-11 -5.61389459619607e-10 -8.87690287269396e-14  1.86859042441494e-12  5.86923796403917e-12 -3.02407281849939e-13 -1.23187236925067e-09
 6.24704650580977e-13  1.06607109362871e-11  1.85644662415066e-11      1.98541388518843 -8.43171983269117e-10 -8.83286085750004e-14  1.85928039842492e-12  6.68455388786123e-12 -3.44431822385151e-13 -2.86193642925401e-10
-2.95630334707824e-12  6.97085774651364e-12 -5.61389459619607e-10 -8.43171983269117e-10      1.82901787300174  5.69748219791376e-13 -1.19940829083717e-11 -2.92268215941528e-11   1.5058100303316e-12  1.01511671676226e-08
-1.13882833952727e-15  5.66815438003727e-16 -8.87690287269396e-14 -8.83286085750004e-14  5.69748219791376e-13      1.46780191183288   3.2177250899786e-15  2.91103567290056e-10  6.36740451933529e-09  2.77120743470224e-13
  2.4258638938275e-14 -9.43475789822049e-15  1.86859042441494e-12  1.85928039842492e-12 -1.19940829083717e-11   3.2177250899786e-15      1.46780191183254   6.3674362087576e-09 -2.91097520544136e-10 -5.83396562515989e-12
 8.62538678258348e-14 -4.22862595198506e-14  5.86923796403917e-12  6.68455388786123e-12 -2.92268215941528e-11  2.91103567290056e-10   6.3674362087576e-09     0.536245270639235 -4.06172824700831e-15 -9.49813101861623e-12
-4.45334595694059e-15  2.10035465800908e-15 -3.02407281849939e-13 -3.44431822385151e-13   1.5058100303316e-12  6.36740451933529e-09 -2.91097520544136e-10 -4.06172824700831e-15     0.536245270638907  4.89359075418286e-13
 2.74587979302428e-11 -4.43515076405375e-11 -1.23187236925067e-09 -2.86193642925401e-10  1.01511671676226e-08  2.77120743470224e-13 -5.83396562515989e-12 -9.49813101861623e-12  4.89359075418286e-13     0.179198013207829
TOTAL ENERGY: -127.26899185305	 lambda: 0.1	 population of target: 6.68262749506937
1RDM: 
     1.99999979401469 -1.92277767736024e-08   1.9105556726644e-06 -6.61537534225352e-07 -1.08048113625043e-05 -1.20672786742053e-15  2.54528842112691e-14  8.08222523201069e-14 -4.19877563242953e-15 -5.63885869790318e-05
-1.92277767736024e-08      1.99999928325255 -2.17663255997821e-06  -6.8663730389034e-06  2.70552453913115e-05  7.12690605148113e-16 -1.19438168268038e-14  -4.8807318606514e-14  2.42629435675836e-15 -0.000291198599558779
  1.9105556726644e-06 -2.17663255997821e-06      1.99848783830843 -0.000259231984591389  -0.00210499848216313 -9.36452243419265e-14  2.01440468081371e-12  5.46216891737843e-12 -2.78081973983048e-13  -0.00667146047077743
-6.61537534225352e-07  -6.8663730389034e-06 -0.000259231984591389      1.98917502817092   0.00138862921304682 -9.35939221288494e-14  2.03180699811046e-12  6.98701973082727e-12 -3.55646252974516e-13    0.0234390099821607
-1.08048113625043e-05  2.70552453913115e-05  -0.00210499848216313   0.00138862921304682      1.79173264050546  5.63883435122074e-13 -1.23545978247489e-11 -2.80183541617789e-11  1.40530772636695e-12   -0.0533991290175759
-1.20672786742053e-15  7.12690605148113e-16 -9.36452243419265e-14 -9.35939221288494e-14  5.63883435122074e-13      1.41430967796912 -4.83879251761237e-16  8.90130007589073e-05    0.0222101271837001  1.91760805939024e-13
 2.54528842112691e-14 -1.19438168268038e-14  2.01440468081371e-12  2.03180699811046e-12 -1.23545978247489e-11 -4.83879251761237e-16      1.41430967796883    0.0222101271836443 -8.90130007612097e-05 -4.21748423985871e-12
 8.08222523201069e-14  -4.8807318606514e-14  5.46216891737843e-12  6.98701973082727e-12 -2.80183541617789e-11  8.90130007589073e-05    0.0222101271836443     0.588580315067703  -6.6679844646587e-16 -8.80474082771269e-12
-4.19877563242953e-15  2.42629435675836e-15 -2.78081973983048e-13 -3.55646252974516e-13  1.40530772636695e-12    0.0222101271837001 -8.90130007612097e-05  -6.6679844646587e-16      0.58858031506742  4.39278219565048e-13
-5.63885869790318e-05 -0.000291198599558779  -0.00667146047077743    0.0234390099821607   -0.0533991290175759  1.91760805939024e-13 -4.21748423985871e-12 -8.80474082771269e-12  4.39278219565048e-13     0.214825429674921
TOTAL ENERGY: -127.252715128547	 lambda: 0.2	 population of target: 6.7925390016653
1RDM: 
     1.99999978149136 -5.54512185491188e-08  2.90937369979022e-06  3.01468065719557e-07 -6.32942447349544e-06 -1.24416230992473e-15  2.65212498409117e-14  7.65330599190509e-14  -3.9535526796008e-15 -9.43485338708592e-05
-5.54512185491188e-08      1.99999923526504 -6.43037763575201e-06 -2.11635636491125e-06  1.90639917464495e-05  7.77416563296186e-16 -1.33648085867734e-14 -5.40865343990272e-14  2.70713115129067e-15 -0.000555721415079284
 2.90937369979022e-06 -6.43037763575201e-06      1.99854601070511 -0.000356252501899766   -0.0029021006150966 -1.00944897547017e-13  2.12441006485756e-12   5.1239595964759e-12 -2.63993402768426e-13   -0.0110438802622727
 3.01468065719557e-07 -2.11635636491125e-06 -0.000356252501899766      1.99120458901424   0.00645293560208722 -9.80076932438011e-14  2.06237186213427e-12  7.17427258038909e-12 -3.69674972033172e-13    0.0446522215266791
-6.32942447349544e-06  1.90639917464495e-05   -0.0029021006150966   0.00645293560208722      1.74478245646432  5.77827794080946e-13 -1.21603347985317e-11  -2.6639667684195e-11  1.37258781800567e-12    -0.102050888080369
-1.24416230992473e-15  7.77416563296186e-16 -1.00944897547017e-13 -9.80076932438011e-14  5.77827794080946e-13      1.36811002585812  7.53328498971544e-16  0.000141107055638426    0.0352081238161822  1.15887393761533e-13
 2.65212498409117e-14 -1.33648085867734e-14  2.12441006485756e-12  2.06237186213427e-12 -1.21603347985317e-11  7.53328498971544e-16      1.36811002585819    0.0352081238161031 -0.000141107055639437  -2.4383113836591e-12
 7.65330599190509e-14 -5.40865343990272e-14   5.1239595964759e-12  7.17427258038909e-12  -2.6639667684195e-11  0.000141107055638426    0.0352081238161031     0.634037090289248 -4.90876929133163e-16 -7.60949888032646e-12
 -3.9535526796008e-15  2.70713115129067e-15 -2.63993402768426e-13 -3.69674972033172e-13  1.37258781800567e-12    0.0352081238161822 -0.000141107055639437 -4.90876929133163e-16     0.634037090289324  3.92200434019714e-13
-9.43485338708592e-05 -0.000555721415079284   -0.0110438802622727    0.0446522215266791    -0.102050888080369  1.15887393761533e-13  -2.4383113836591e-12 -7.60949888032646e-12  3.92200434019714e-13     0.261173694765075
TOTAL ENERGY: -127.231299185462	 lambda: 0.3	 population of target: 6.87889871050634
1RDM: 
      1.9999997588954 -9.74580056097798e-08  3.19064693946117e-06   2.1927302875336e-06  6.39133541096829e-06 -1.26642423076215e-15  2.70003088954014e-14  7.28808873876471e-14 -3.76590648101661e-15 -0.000133576758583496
-9.74580056097798e-08      1.99999912385376 -1.17456261015424e-05  9.71096319669073e-06 -1.96947672094561e-05   7.8032803085536e-16 -1.32740873036347e-14 -5.79424831296762e-14   2.9070794400343e-15 -0.000772725909168324
 3.19064693946117e-06 -1.17456261015424e-05      1.99843374824618 -0.000375037296870288    -0.002798217660964 -1.03939812417423e-13    2.187481099392e-12  4.86696997143726e-12 -2.50755024202748e-13   -0.0146604523306519
  2.1927302875336e-06  9.71096319669073e-06 -0.000375037296870288       1.9918534004908    0.0135765563841763 -9.52250404978616e-14  2.00228055684566e-12  7.27645410798751e-12 -3.74882980558603e-13    0.0615891410851967
 6.39133541096829e-06 -1.96947672094561e-05    -0.002798217660964    0.0135765563841763      1.70207271271094  5.60773956433784e-13 -1.18031939614985e-11 -2.57635735414101e-11  1.32755925971634e-12    -0.143426755769141
-1.26642423076215e-15   7.8032803085536e-16 -1.03939812417423e-13 -9.52250404978616e-14  5.60773956433784e-13      1.33459113996599  6.97317025039305e-16  0.000172971989229531    0.0431588451006311  4.30109500100845e-14
 2.70003088954014e-14 -1.32740873036347e-14    2.187481099392e-12  2.00228055684566e-12 -1.18031939614985e-11  6.97317025039305e-16      1.33459113996596    0.0431588451005739 -0.000172971989230291 -9.02986294999832e-13
 7.28808873876471e-14 -5.79424831296762e-14  4.86696997143726e-12  7.27645410798751e-12 -2.57635735414101e-11  0.000172971989229531    0.0431588451005739     0.667119208036631 -8.12953908564077e-16 -6.35570281851994e-12
-3.76590648101661e-15   2.9070794400343e-15 -2.50755024202748e-13 -3.74882980558603e-13  1.32755925971634e-12    0.0431588451006311 -0.000172971989230291 -8.12953908564077e-16     0.667119208036604  3.27569872491035e-13
-0.000133576758583496 -0.000772725909168324   -0.0146604523306519    0.0615891410851967    -0.143426755769141  4.30109500100845e-14 -9.02986294999832e-13 -6.35570281851994e-12  3.27569872491035e-13     0.304220559797824
TOTAL ENERGY: -127.206993282098	 lambda: 0.4	 population of target: 6.94863346911641
1RDM: 
     1.99999972611991 -1.41150647979468e-07   2.8598093449779e-06  4.83936450867748e-06  1.82975955532605e-05 -1.25950777313513e-15  2.68532132777322e-14  6.99717055171712e-14 -3.61642375406055e-15 -0.000184478570408139
-1.41150647979468e-07      1.99999899229874 -1.77735565498376e-05  2.39272378474668e-05 -8.00946209649974e-05  7.72912431859164e-16 -1.29611295977128e-14 -5.97971441171308e-14  2.99889452137665e-15 -0.000937925833499771
  2.8598093449779e-06 -1.77735565498376e-05      1.99812852592921 -0.000366674771032335  -0.00243305479033901 -1.05587245451344e-13  2.22241842122905e-12  4.63737312881779e-12   -2.389702330031e-13   -0.0185021801211391
 4.83936450867748e-06  2.39272378474668e-05 -0.000366674771032335      1.99167348096009    0.0212666169104416 -8.33510786096588e-14  1.75649823739879e-12  7.36853217622451e-12 -3.79999268397147e-13    0.0741324191557525
 1.82975955532605e-05 -8.00946209649974e-05  -0.00243305479033901    0.0212666169104416      1.67157558619055  5.60588748716626e-13 -1.18018230753599e-11 -2.50593658996419e-11  1.29173253258788e-12    -0.180987930244249
-1.25950777313513e-15  7.72912431859164e-16 -1.05587245451344e-13 -8.33510786096588e-14  5.60588748716626e-13      1.31487553204666  1.15086527856341e-15  0.000197860890108872    0.0493691469878059    -3.27096107461e-14
 2.68532132777322e-14 -1.29611295977128e-14  2.22241842122905e-12  1.75649823739879e-12 -1.18018230753599e-11  1.15086527856341e-15      1.31487553204676    0.0493691469877295 -0.000197860890109702  6.99167026921806e-13
 6.99717055171712e-14 -5.97971441171308e-14  4.63737312881779e-12  7.36853217622451e-12 -2.50593658996419e-11  0.000197860890108872    0.0493691469877295      0.68660534056223 -7.81019070412891e-16  -5.4587260455281e-12
-3.61642375406055e-15  2.99889452137665e-15   -2.389702330031e-13 -3.79999268397147e-13  1.29173253258788e-12    0.0493691469878059 -0.000197860890109702 -7.81019070412891e-16     0.686605340562331  2.80928727558439e-13
-0.000184478570408139 -0.000937925833499771   -0.0185021801211391    0.0741324191557525    -0.180987930244249    -3.27096107461e-14  6.99167026921806e-13  -5.4587260455281e-12  2.80928727558439e-13      0.33566194328353
TOTAL ENERGY: -127.179020545471	 lambda: 0.5	 population of target: 7.01084900295552
1RDM: 
     1.99999968133836 -1.85054136622072e-07  1.90131317969096e-06  8.25170109463562e-06  2.19031206858215e-05 -1.23824711318898e-15  2.64059916595783e-14  6.73798289558042e-14 -3.48414719037782e-15 -0.000250314575341236
-1.85054136622072e-07        1.999998870601 -2.46444650804824e-05  3.72750196534939e-05 -0.000153776912583951  6.54634773810956e-16 -1.04222013951914e-14 -6.12336260104932e-14  3.07311563228003e-15  -0.00105441350122163
 1.90131317969096e-06 -2.46444650804824e-05      1.99758333168443 -0.000364686444265463  -0.00235492427968258 -1.03695731814158e-13  2.18155390884624e-12   4.4762528794982e-12 -2.30620548177324e-13   -0.0230274928530375
 8.25170109463562e-06  3.72750196534939e-05 -0.000364686444265463      1.99110565308746    0.0286127784217925 -7.58843757758635e-14   1.6013769905919e-12  7.34499996724787e-12 -3.78731575068793e-13    0.0829715668729031
 2.19031206858215e-05 -0.000153776912583951  -0.00235492427968258    0.0286127784217925      1.65564096721498  5.39854088951843e-13  -1.1345843179136e-11 -2.54845753395638e-11  1.31269463030482e-12    -0.220051032529436
-1.23824711318898e-15  6.54634773810956e-16 -1.03695731814158e-13 -7.58843757758635e-14  5.39854088951843e-13      1.30826873509517    7.093627522403e-16  0.000224686824715909    0.0560624328277784 -8.81920683760152e-14
 2.64059916595783e-14 -1.04222013951914e-14  2.18155390884624e-12   1.6013769905919e-12  -1.1345843179136e-11    7.093627522403e-16        1.308268735095    0.0560624328276723 -0.000224686824717729  1.84973002305355e-12
 6.73798289558042e-14 -6.12336260104932e-14   4.4762528794982e-12  7.34499996724787e-12 -2.54845753395638e-11  0.000224686824715909    0.0560624328276723     0.693128169677579 -1.33556054902676e-15 -4.18812799131775e-12
-3.48414719037782e-15  3.07311563228003e-15 -2.30620548177324e-13 -3.78731575068793e-13  1.31269463030482e-12    0.0560624328277784 -0.000224686824717729 -1.33556054902676e-15     0.693128169677407  2.16349151209752e-13
-0.000250314575341236  -0.00105441350122163   -0.0230274928530375    0.0829715668729031    -0.220051032529436 -8.81920683760152e-14  1.84973002305355e-12 -4.18812799131775e-12  2.16349151209752e-13     0.352877686528673
TOTAL ENERGY: -127.143840276671	 lambda: 0.6	 population of target: 7.07471878751611
1RDM: 
      1.9999996213074 -2.27379782812435e-07  1.18889476956354e-07  1.24016222812532e-05   1.1092860826327e-05 -1.20142233260063e-15  2.56229518723705e-14  6.53945849715784e-14 -3.38312903124107e-15 -0.000330674208015701
-2.27379782812435e-07      1.99999877481738 -3.28222466505387e-05  4.77967822148045e-05 -0.000233734561994817  5.15893255582198e-16 -7.57108572602317e-15 -6.13544038633496e-14   3.0802848846295e-15  -0.00112627635461516
 1.18889476956354e-07 -3.28222466505387e-05      1.99670635121548 -0.000401426581384496  -0.00299384413241054 -1.00457188478685e-13  2.11360581805564e-12  4.33725440082953e-12 -2.23472665231221e-13   -0.0284156151250645
 1.24016222812532e-05  4.77967822148045e-05 -0.000401426581384496      1.99042703229434    0.0351156481892465 -6.49070400961337e-14  1.36543996842943e-12  7.34649011784238e-12  -3.7855268122295e-13    0.0888961555498564
  1.1092860826327e-05 -0.000233734561994817  -0.00299384413241054    0.0351156481892465      1.65323011834132  5.17406266910653e-13 -1.08851603880828e-11 -2.66066461710195e-11  1.37108370795209e-12    -0.265994643495525
-1.20142233260063e-15  5.15893255582198e-16 -1.00457188478685e-13 -6.49070400961337e-14  5.17406266910653e-13      1.31396767839085  1.05671674770143e-15  0.000260111034973323    0.0649012653019928 -1.42011579241233e-13
 2.56229518723705e-14 -7.57108572602317e-15  2.11360581805564e-12  1.36543996842943e-12 -1.08851603880828e-11  1.05671674770143e-15      1.31396767839093    0.0649012653019894 -0.000260111034973715   2.9897297184102e-12
 6.53945849715784e-14 -6.13544038633496e-14  4.33725440082953e-12  7.34649011784238e-12 -2.66066461710195e-11  0.000260111034973323    0.0649012653019894     0.687464849413474 -7.61643191820331e-16 -2.78024925864223e-12
-3.38312903124107e-15   3.0802848846295e-15 -2.23472665231221e-13  -3.7855268122295e-13  1.37108370795209e-12    0.0649012653019928 -0.000260111034973715 -7.61643191820331e-16     0.687464849413558  1.43500021984564e-13
-0.000330674208015701  -0.00112627635461516   -0.0284156151250645    0.0888961555498564    -0.265994643495525 -1.42011579241233e-13   2.9897297184102e-12 -2.78024925864223e-12  1.43500021984564e-13      0.35677304641529
TOTAL ENERGY: -127.095166358845	 lambda: 0.7	 population of target: 7.14940472921848
1RDM: 
      1.9999995420928 -2.66379420733451e-07 -2.93258469556276e-06  1.71825643071954e-05 -1.96424235985419e-05 -2.51794176543375e-15  3.68598406717981e-14  6.30516207228259e-14 -3.13487854871034e-15 -0.000422665769307474
-2.66379420733451e-07      1.99999870722544 -4.31651241715553e-05  5.44241284945173e-05 -0.000312481001847726 -2.55033415834002e-15  2.67916745362588e-14 -1.01254096449799e-13   7.1460472234454e-15  -0.00115782728572069
-2.93258469556276e-06 -4.31651241715553e-05      1.99534752660523 -0.000511049518839038  -0.00471571685620951 -6.16448736295735e-14  1.71222244795832e-12  6.02932362243623e-12  -4.2226062340116e-13   -0.0347040064207523
 1.71825643071954e-05  5.44241284945173e-05 -0.000511049518839038      1.98979206446549    0.0404475192732265 -4.46845615528222e-13  5.14630880022174e-12  2.23385604090216e-12  1.53406525979906e-13    0.0926500740559057
