Naturals in-correctTOTAL ENERGY: -126.588099151032	 lambda: -1	 population of target: 5.43248292028438
1RDM: 
     1.99999980976514 -6.49874099081725e-07 -1.74841687646767e-05  6.56640429200082e-05 -1.74634191800535e-05 -4.15530136916913e-16 -2.02642608533815e-16 -3.49853924283573e-16 -6.91776767831792e-16 -0.000456454155764451
-6.49874099081725e-07      1.99999617816681  -6.2851260695137e-05  0.000232656269667362 -0.000355549350196852 -5.38587482614678e-16 -1.28971294500179e-16 -2.09954860219789e-16 -7.67982700096827e-16  -0.00222835586384814
-1.74841687646767e-05  -6.2851260695137e-05      1.99790215718417    0.0081709814156918 -0.000918344968875718 -4.72639678707335e-14 -2.41341366900478e-14   -4.130194930998e-14 -7.80157234928851e-14    -0.048532373291308
 6.56640429200082e-05  0.000232656269667362    0.0081709814156918      1.93473333037382    0.0165367133128019 -6.99027594884051e-15 -2.73351610451219e-15  6.72505737169162e-15  8.28551411501441e-15     0.140443689112083
-1.74634191800535e-05 -0.000355549350196852 -0.000918344968875718    0.0165367133128019      1.83900771328685  2.54505359250277e-13  1.33940797290885e-13  2.25486679518195e-13  4.45758503980004e-13    -0.248489925932646
-4.15530136916913e-16 -5.38587482614678e-16 -4.72639678707335e-14 -6.99027594884051e-15  2.54505359250277e-13      1.37716289727067 -3.14592695399288e-15  -0.00150264073033536    -0.462672645979147 -1.41229198952223e-13
-2.02642608533815e-16 -1.28971294500179e-16 -2.41341366900478e-14 -2.73351610451219e-15  1.33940797290885e-13 -3.14592695399288e-15      1.37716289727067    -0.462672645980759    0.0015026407304312 -5.74160811683929e-14
-3.49853924283573e-16 -2.09954860219789e-16   -4.130194930998e-14  6.72505737169162e-15  2.25486679518195e-13  -0.00150264073033536    -0.462672645980759     0.642005959579282  1.17931621147714e-15 -7.04038949985027e-14
-6.91776767831792e-16 -7.67982700096827e-16 -7.80157234928851e-14  8.28551411501441e-15  4.45758503980004e-13    -0.462672645979147    0.0015026407304312  1.17931621147714e-15     0.642005959579217 -1.19550212037012e-13
-0.000456454155764451  -0.00222835586384814    -0.048532373291308     0.140443689112083    -0.248489925932646 -1.41229198952223e-13 -5.74160811683929e-14 -7.04038949985027e-14 -1.19550212037012e-13     0.190023097523381
The Davidson algorithm did not converge.lambda: -0.9
The Davidson algorithm did not converge.lambda: -0.8
The Davidson algorithm did not converge.lambda: -0.7
The Davidson algorithm did not converge.lambda: -0.6
The Davidson algorithm did not converge.lambda: -0.5
The Davidson algorithm did not converge.lambda: -0.4
The Davidson algorithm did not converge.lambda: -0.3
TOTAL ENERGY: -127.150034592892	 lambda: -0.2	 population of target: 6.20074432171545
1RDM: 
     1.99999994388385 -3.40628900044381e-08 -4.43869904542433e-06  1.30703356983676e-05  3.86751590268413e-05 -1.52430482287591e-16 -7.63627143719086e-17 -2.04885643355784e-16 -4.17941239770977e-16   1.7739891271795e-05
-3.40628900044381e-08      1.99999880651152  2.15373906936522e-06  9.80659433375724e-05 -0.000283797615561139  1.48005152908157e-16  1.61252223502419e-16 -1.84389196435385e-16 -6.46445969572188e-16 -0.000917884169640334
-4.43869904542433e-06  2.15373906936522e-06      1.99919961015095   0.00118214708224274   0.00521977102413657 -1.88114908699539e-14 -1.03501987902142e-14 -1.88395389084448e-14 -3.55302260273289e-14   0.00809026530553868
 1.30703356983676e-05  9.80659433375724e-05   0.00118214708224274      1.96709380059259    0.0224891227625833  8.41685731455971e-15  5.22181999814418e-15  3.52056916513657e-14  6.95034476103916e-14    0.0901216731940526
 3.86751590268413e-05 -0.000283797615561139   0.00521977102413657    0.0224891227625833       1.7704759249208 -1.50338912582608e-13 -7.45486678169054e-14 -4.70006883081169e-13  -9.5776903463087e-13    -0.420400206275124
-1.52430482287591e-16  1.48005152908157e-16 -1.88114908699539e-14  8.41685731455971e-15 -1.50338912582608e-13      1.20060362174599 -1.20782443891753e-15 -0.000119708097336373   -0.0368588564840998  8.36702982034591e-13
-7.63627143719086e-17  1.61252223502419e-16 -1.03501987902142e-14  5.22181999814418e-15 -7.45486678169054e-14 -1.20782443891753e-15      1.20060362174499   -0.0368588564835254  0.000119708097332319  3.96294177813424e-13
-2.04885643355784e-16 -1.84389196435385e-16 -1.88395389084448e-14  3.52056916513657e-14 -4.70006883081169e-13 -0.000119708097336373   -0.0368588564835254     0.801458314931268 -1.98573626431635e-15 -1.89884244863872e-13
-4.17941239770977e-16 -6.46445969572188e-16 -3.55302260273289e-14  6.95034476103916e-14  -9.5776903463087e-13   -0.0368588564840998  0.000119708097332319 -1.98573626431635e-15     0.801458314930283 -3.92517718591856e-13
  1.7739891271795e-05 -0.000917884169640334   0.00809026530553868    0.0901216731940526    -0.420400206275124  8.36702982034591e-13  3.96294177813424e-13 -1.89884244863872e-13 -3.92517718591856e-13     0.259108040587758
TOTAL ENERGY: -127.185095115525	 lambda: -0.1	 population of target: 6.44345638256941
1RDM: 
     1.99999996169607  7.47423173536426e-10  -1.8194513182436e-06  4.97553509230524e-06  8.01105164053095e-06 -2.73828851805741e-15 -1.52222162076413e-15   1.0430603281981e-15  1.78243411672759e-15  4.39462607507429e-05
 7.47423173536426e-10      1.99999933819442  1.79031055801999e-06  3.80173861658686e-05 -8.12453188885195e-05 -4.68623177244488e-15  -2.4951148886956e-15  2.50721635669608e-15  4.19496538939565e-15 -0.000510486403487228
 -1.8194513182436e-06  1.79031055801999e-06       1.9995530739864  0.000584119594087724  0.000363125119237374  1.27419036143611e-14  7.68579248105364e-15   7.4431041541908e-14  1.30739848428701e-13   0.00739242046702102
 4.97553509230524e-06  3.80173861658686e-05  0.000584119594087724      1.97949551187742   0.00173054757187946  8.64618784624916e-13  4.80543399183605e-13  1.82493716907237e-14  2.49465078803041e-14    0.0517602161155393
 8.01105164053095e-06 -8.12453188885195e-05  0.000363125119237374   0.00173054757187946      1.79067826769054 -2.15517528065569e-11  -1.1965249173459e-11  1.59783468610139e-12    2.810553992135e-12    -0.205699128008221
-2.73828851805741e-15 -4.68623177244488e-15  1.27419036143611e-14  8.64618784624916e-13 -2.15517528065569e-11      1.19313756800538 -2.92714015602059e-15 -4.49034971436723e-05   -0.0138259563648502 -2.20646225894644e-11
-1.52222162076413e-15  -2.4951148886956e-15  7.68579248105364e-15  4.80543399183605e-13  -1.1965249173459e-11 -2.92714015602059e-15      1.19313756800487   -0.0138259563647417  4.49034971433556e-05 -1.22940708044899e-11
  1.0430603281981e-15  2.50721635669608e-15   7.4431041541908e-14  1.82493716907237e-14  1.59783468610139e-12 -4.49034971436723e-05   -0.0138259563647417     0.808028063157992  1.29265214188704e-15  1.46883398709448e-11
 1.78243411672759e-15  4.19496538939565e-15  1.30739848428701e-13  2.49465078803041e-14    2.810553992135e-12   -0.0138259563648502  4.49034971433556e-05  1.29265214188704e-15     0.808028063157487   2.6318732957222e-11
 4.39462607507429e-05 -0.000510486403487228   0.00739242046702102    0.0517602161155393    -0.205699128008221 -2.20646225894644e-11 -1.22940708044899e-11  1.46883398709448e-11   2.6318732957222e-11     0.227942584229445
TOTAL ENERGY: -127.200583678247	 lambda: 0	 population of target: 6.73718088789427
1RDM: 
      1.9999999707058 -1.76606720718119e-14  1.64763910731334e-13   -7.387275829229e-14  -6.9154693945837e-12 -4.01176895951533e-16 -1.98843606980657e-16 -1.42339389160543e-16 -2.95913149052063e-16 -3.05266324926861e-11
-1.76606720718119e-14       1.9999997147613 -7.48610929411768e-13  1.92390787089297e-12  8.77099465865456e-12 -7.66073322840067e-17  4.73663430652308e-17   1.1890836402792e-16 -3.26490559564526e-17 -1.51326104827264e-11
 1.64763910731334e-13 -7.48610929411768e-13      1.99982105154874  9.94422320848922e-11 -2.77071120316215e-10 -2.88225590483655e-14 -1.64933888426542e-14 -1.97222688912776e-14 -3.42884780209916e-14  -1.1512136465306e-09
  -7.387275829229e-14  1.92390787089297e-12  9.94422320848922e-11       1.9914218556986 -6.17937429570712e-10  3.39934137105963e-15 -2.37934145533551e-15 -1.04369580626793e-14 -9.87316452833014e-15 -2.00543193381818e-09
 -6.9154693945837e-12  8.77099465865456e-12 -2.77071120316215e-10 -6.17937429570712e-10      1.62581946386432 -6.03365967743796e-13  -1.9656814230124e-13  3.79067854547669e-13  5.17626780087083e-13 -1.14009504500594e-10
-4.01176895951533e-16 -7.66073322840067e-17 -2.88225590483655e-14  3.39934137105963e-15 -6.03365967743796e-13      1.14612919868692  -1.4499150871278e-15  4.24865349695224e-11  4.46151834007191e-09 -1.03061189803704e-12
-1.98843606980657e-16  4.73663430652308e-17 -1.64933888426542e-14 -2.37934145533551e-15  -1.9656814230124e-13  -1.4499150871278e-15      1.14612919868641   4.4615680403288e-09 -4.24865706589101e-11 -5.69355153223457e-13
-1.42339389160543e-16   1.1890836402792e-16 -1.97222688912776e-14 -1.04369580626793e-14  3.79067854547669e-13  4.24865349695224e-11   4.4615680403288e-09     0.854376139150922 -1.90771990560847e-16  3.75006003908409e-13
-2.95913149052063e-16 -3.26490559564526e-17 -3.42884780209916e-14 -9.87316452833014e-15  5.17626780087083e-13  4.46151834007191e-09 -4.24865706589101e-11 -1.90771990560847e-16     0.854376139150421  8.88721018738025e-13
-3.05266324926861e-11 -1.51326104827264e-11  -1.1512136465306e-09 -2.00543193381818e-09 -1.14009504500594e-10 -1.03061189803704e-12 -5.69355153223457e-13  3.75006003908409e-13  8.88721018738025e-13     0.381927267746592
TOTAL ENERGY: -127.194264398282	 lambda: 0.1	 population of target: 6.886555297958
1RDM: 
     1.99999996589474  -1.5359635746744e-09 -1.72986913286379e-07 -2.39435240238594e-06  2.55169408564599e-05 -3.17400327182779e-16  -1.5645344820883e-16 -1.68827799462144e-16 -3.41457696899941e-16 -2.75164592374686e-05
 -1.5359635746744e-09      1.99999976134929  6.08131449921932e-08  4.29279365824133e-07 -5.53234082492218e-05 -9.75286622496517e-17   4.9733608724438e-17  1.56523622260954e-16  4.23492563828946e-17   0.00030106333377502
-1.72986913286379e-07  6.08131449921932e-08       1.9998001880863 -0.000447096479009024   0.00392473262542464 -3.24947479520315e-14 -1.69813077389268e-14 -1.94649546441741e-14 -3.66925261561042e-14  -0.00452141400539753
-2.39435240238594e-06  4.29279365824133e-07 -0.000447096479009024      1.99554288257822    0.0126688441799349 -9.49556681504228e-15 -4.03152930578538e-15 -1.02570954821233e-14 -1.90374637930276e-14   -0.0285352779236151
 2.55169408564599e-05 -5.53234082492218e-05   0.00392473262542464    0.0126688441799349      1.44909176355442  1.17640816606455e-13    6.201778084895e-14  8.74130159497827e-14  1.71509016833073e-13    0.0699025071665718
-3.17400327182779e-16 -9.75286622496517e-17 -3.24947479520315e-14 -9.49556681504228e-15  1.17640816606455e-13      1.10263859577644 -3.04302027398187e-15  1.17114943684972e-05   0.00360612233370473 -5.34712629247757e-14
 -1.5645344820883e-16   4.9733608724438e-17 -1.69813077389268e-14 -4.03152930578538e-15    6.201778084895e-14 -3.04302027398187e-15      1.10263859577623   0.00360612233370345 -1.17114943688418e-05 -2.19045548915444e-14
-1.68827799462144e-16  1.56523622260954e-16 -1.94649546441741e-14 -1.02570954821233e-14  8.74130159497827e-14  1.17114943684972e-05   0.00360612233370345     0.897608314596432  2.36128178474422e-15 -3.47584124163537e-14
-3.41457696899941e-16  4.23492563828946e-17 -3.66925261561042e-14 -1.90374637930276e-14  1.71509016833073e-13   0.00360612233370473 -1.17114943688418e-05  2.36128178474422e-15     0.897608314596224 -5.89381029321567e-14
-2.75164592374686e-05   0.00030106333377502  -0.00452141400539753   -0.0285352779236151    0.0699025071665718 -5.34712629247757e-14 -2.19045548915444e-14 -3.47584124163537e-14 -5.89381029321567e-14     0.555071617791702
TOTAL ENERGY: -127.185891099034	 lambda: 0.2	 population of target: 6.9452228809862
1RDM: 
     1.99999995906066  2.38350793347764e-10 -6.65961511811111e-07 -3.43523447039116e-06   5.0070848530666e-05 -3.18183878209469e-16  -1.5669248167313e-16 -1.61549742493665e-16 -3.26749355160014e-16 -2.71192664660036e-05
 2.38350793347764e-10      1.99999969497165  8.78954650121093e-07  1.07584152677878e-05 -0.000130991708622356 -1.03423326596581e-16  4.72924006512132e-17  1.63715938221201e-16  5.70376724042347e-17  0.000454884358005902
-6.65961511811111e-07  8.78954650121093e-07      1.99971045878705 -0.000724853389267946   0.00736690190442658 -3.24353298095247e-14 -1.69297590614625e-14 -1.86884950933782e-14 -3.51595263953914e-14  -0.00570074378489051
-3.43523447039116e-06  1.07584152677878e-05 -0.000724853389267946       1.9961840690766    0.0239131469380186 -7.89052767093351e-15 -3.01035050154694e-15 -1.00935544881121e-14 -1.83271302371826e-14   -0.0409369307603802
  5.0070848530666e-05 -0.000130991708622356   0.00736690190442658    0.0239131469380186      1.34683331669029  9.45373291516726e-14  4.95009122611634e-14  7.09060170716425e-14  1.38461000366046e-13    0.0839778389367488
-3.18183878209469e-16 -1.03423326596581e-16 -3.24353298095247e-14 -7.89052767093351e-15  9.45373291516726e-14      1.07866698643558   -1.213276017615e-15  1.35753128595194e-05   0.00417994710932887  -3.1707010608605e-14
 -1.5669248167313e-16  4.72924006512132e-17 -1.69297590614625e-14 -3.01035050154694e-15  4.95009122611634e-14   -1.213276017615e-15      1.07866698643533   0.00417994710932801 -1.35753128599593e-05 -1.17857761032814e-14
-1.61549742493665e-16  1.63715938221201e-16 -1.86884950933782e-14 -1.00935544881121e-14  7.09060170716425e-14  1.35753128595194e-05   0.00417994710932801     0.921493907960792  4.14061655470317e-16 -2.24748226061189e-14
-3.26749355160014e-16  5.70376724042347e-17 -3.51595263953914e-14 -1.83271302371826e-14  1.38461000366046e-13   0.00417994710932887 -1.35753128599593e-05  4.14061655470317e-16     0.921493907960545 -3.69074329948087e-14
-2.71192664660036e-05  0.000454884358005902  -0.00570074378489051   -0.0409369307603802    0.0839778389367488  -3.1707010608605e-14 -1.17857761032814e-14 -2.24748226061189e-14 -3.69074329948087e-14     0.656950712621523
TOTAL ENERGY: -127.179432030113	 lambda: 0.3	 population of target: 6.97166309948112
1RDM: 
     1.99999995280457  1.07566406681569e-09 -9.87413471148185e-07  -3.7524776967078e-06  6.84363060419526e-05  -3.1517040369859e-16 -1.55241794783425e-16 -1.55348444182446e-16 -3.14499406645278e-16 -1.32606615140786e-05
 1.07566406681569e-09      1.99999960834799  1.58026224509378e-06  2.10871383068045e-05 -0.000196261288674919 -1.12217785451042e-16  4.28005456024767e-17  1.65831194508807e-16  6.10822296561029e-17  0.000550238774239633
-9.87413471148185e-07  1.58026224509378e-06      1.99962518187161 -0.000898909614004559   0.00979898057745332 -3.20870520949418e-14 -1.67466440295573e-14 -1.80757873913528e-14 -3.39694392725841e-14  -0.00540594344557656
 -3.7524776967078e-06  2.10871383068045e-05 -0.000898909614004559      1.99595040221175    0.0319940408742949 -6.32068372355368e-15 -2.08741819942558e-15 -9.65674903282347e-15 -1.72652349890954e-14   -0.0472017637442011
 6.84363060419526e-05 -0.000196261288674919   0.00979898057745332    0.0319940408742949      1.29156354708834  8.11486299280367e-14  4.23022234988431e-14  6.13324347236006e-14    1.194569924153e-13    0.0862929611171988
 -3.1517040369859e-16 -1.12217785451042e-16 -3.20870520949418e-14 -6.32068372355368e-15  8.11486299280367e-14      1.06603713478799 -1.95635633737536e-15  1.37265831819563e-05   0.00422653296053411 -2.15746314239646e-14
-1.55241794783425e-16  4.28005456024767e-17 -1.67466440295573e-14 -2.08741819942558e-15  4.23022234988431e-14 -1.95635633737536e-15      1.06603713478795   0.00422653296053476 -1.37265831825225e-05 -7.20043984452704e-15
-1.55348444182446e-16  1.65831194508807e-16 -1.80757873913528e-14 -9.65674903282347e-15  6.13324347236006e-14  1.37265831819563e-05   0.00422653296053476     0.934090864535349  1.82719217346232e-15 -1.64129280382381e-14
-3.14499406645278e-16  6.10822296561029e-17 -3.39694392725841e-14 -1.72652349890954e-14    1.194569924153e-13   0.00422653296053411 -1.37265831825225e-05  1.82719217346232e-15     0.934090864535309 -2.62001353024518e-14
-1.32606615140786e-05  0.000550238774239633  -0.00540594344557656   -0.0472017637442011    0.0862929611171988 -2.15746314239646e-14 -7.20043984452704e-15 -1.64129280382381e-14 -2.62001353024518e-14     0.712605309029138
TOTAL ENERGY: -127.174375287711	 lambda: 0.4	 population of target: 6.98627765739339
1RDM: 
     1.99999994623626 -4.29933071147539e-10 -1.15162245948106e-06 -3.63617827891713e-06   8.2764586695381e-05 -3.10234153605203e-16 -1.52951598445214e-16 -1.49748631584874e-16 -3.03620231877718e-16  7.94134951522133e-06
-4.29933071147539e-10       1.9999995211606  1.90865174881095e-06  2.99846343987556e-05 -0.000249788572852818 -1.19764864271351e-16  3.85841902237876e-17  1.67024817222199e-16  6.27840126253955e-17  0.000620808845330425
-1.15162245948106e-06  1.90865174881095e-06      1.99954346803119  -0.00101488612684268    0.0115652827576707 -3.16297810328154e-14 -1.65167669807999e-14 -1.75760961577126e-14 -3.30112425858233e-14  -0.00440515645822903
-3.63617827891713e-06  2.99846343987556e-05  -0.00101488612684268      1.99552751837253    0.0378875939242599 -5.03468453565253e-15 -1.34998945189113e-15 -9.25102150538003e-15 -1.63416969155675e-14   -0.0509635214982081
  8.2764586695381e-05 -0.000249788572852818    0.0115652827576707    0.0378875939242599      1.26207831197632  7.39898628224782e-14  3.84449711129442e-14  5.62566004455499e-14  1.09400357066769e-13    0.0877552029462899
-3.10234153605203e-16 -1.19764864271351e-16 -3.16297810328154e-14 -5.03468453565253e-15  7.39898628224782e-14      1.05946960703833 -2.48767373032094e-15  1.38446828334023e-05   0.00426285716231706 -1.61025598529584e-14
-1.52951598445214e-16  3.85841902237876e-17 -1.65167669807999e-14 -1.34998945189113e-15  3.84449711129442e-14 -2.48767373032094e-15      1.05946960703827   0.00426285716231601 -1.38446828339071e-05 -4.71103561412363e-15
-1.49748631584874e-16  1.67024817222199e-16 -1.75760961577126e-14 -9.25102150538003e-15  5.62566004455499e-14  1.38446828334023e-05   0.00426285716231601     0.940644374968674  2.31405961235492e-15 -1.31147839192355e-14
-3.03620231877718e-16  6.27840126253955e-17 -3.30112425858233e-14 -1.63416969155675e-14  1.09400357066769e-13   0.00426285716231706 -1.38446828339071e-05  2.31405961235492e-15     0.940644374968621 -2.03725079930644e-14
 7.94134951522133e-06  0.000620808845330425  -0.00440515645822903   -0.0509635214982081    0.0877552029462899 -1.61025598529584e-14 -4.71103561412363e-15 -1.31147839192355e-14 -2.03725079930644e-14     0.742623270209233
TOTAL ENERGY: -127.169854887743	 lambda: 0.5	 population of target: 6.99636908885713
1RDM: 
      1.9999999380799 -4.55251838754313e-09 -1.21561755749597e-06 -3.21660704777664e-06  9.47314452322779e-05 -3.03890553839087e-16 -1.50043168982062e-16 -1.44344544714751e-16 -2.93266403547749e-16  3.47315587061193e-05
-4.55251838754313e-09      1.99999943658243  1.74271443358705e-06  3.74719851844117e-05 -0.000294112529853045 -1.25456225537082e-16  3.50571314182962e-17  1.68406359830537e-16  6.44263336244126e-17  0.000679534321327535
-1.21561755749597e-06  1.74271443358705e-06      1.99945136862121  -0.00109795947280001    0.0129175374670167 -3.10986417411381e-14 -1.62548739766285e-14 -1.71423232990482e-14 -3.21888268115368e-14  -0.00295729259145983
-3.21660704777664e-06  3.74719851844117e-05  -0.00109795947280001      1.99509174283979    0.0423640231158246 -3.99066039904486e-15 -7.59045341911035e-16 -8.91868442754375e-15 -1.56001339964489e-14   -0.0535252950351988
 9.47314452322779e-05 -0.000294112529853045    0.0129175374670167    0.0423640231158246      1.24857045882454  7.09858146658839e-14   3.6779830588225e-14  5.42882588509171e-14   1.0545003077033e-13    0.0913835627365581
-3.03890553839087e-16 -1.25456225537082e-16 -3.10986417411381e-14 -3.99066039904486e-15  7.09858146658839e-14      1.05665358111779 -1.51526859228471e-15  1.43388339348824e-05   0.00441509674404656 -1.27096521291562e-14
-1.50043168982062e-16  3.50571314182962e-17 -1.62548739766285e-14 -7.59045341911035e-16   3.6779830588225e-14 -1.51526859228471e-15      1.05665358111791   0.00441509674406037 -1.43388339354915e-05 -3.09067771399944e-15
-1.44344544714751e-16  1.68406359830537e-16 -1.71423232990482e-14 -8.91868442754375e-15  5.42882588509171e-14  1.43388339348824e-05   0.00441509674406037     0.943454871501205  1.89059599774781e-15 -1.11332581192761e-14
-2.93266403547749e-16  6.44263336244126e-17 -3.21888268115368e-14 -1.56001339964489e-14   1.0545003077033e-13   0.00441509674404656 -1.43388339354915e-05  1.89059599774781e-15     0.943454871501319 -1.67938987477556e-14
 3.47315587061193e-05  0.000679534321327535  -0.00295729259145983   -0.0535252950351988    0.0913835627365581 -1.27096521291562e-14 -3.09067771399944e-15 -1.11332581192761e-14 -1.67938987477556e-14     0.756670149813872
TOTAL ENERGY: -127.164925299946	 lambda: 0.6	 population of target: 7.00532999139115
1RDM: 
     1.99999992685518 -1.12491601264774e-08 -1.21213998569143e-06 -2.54333493755038e-06  0.000104979198675842 -2.96948417288978e-16 -1.46928395841488e-16 -1.38507471215708e-16 -2.82228510120228e-16  6.71698457369873e-05
-1.12491601264774e-08      1.99999935354853  9.14351744948333e-07  4.37102865599778e-05 -0.000331815648870996 -1.37800681083188e-16  2.78656953205049e-17  1.74195472694324e-16  7.41817403258066e-17  0.000732416346671312
-1.21213998569143e-06  9.14351744948333e-07      1.99932809082168  -0.00116404233133339    0.0139785474168147 -3.04058940978712e-14 -1.59144741468374e-14 -1.68140041238399e-14  -3.1576079001391e-14  -0.00112917217168488
-2.54333493755038e-06  4.37102865599778e-05  -0.00116404233133339      1.99469068310811    0.0458848471874599  -4.2038987473462e-15 -8.30469414764261e-16  -8.1482757021181e-15 -1.40382831683091e-14   -0.0554272767081617
 0.000104979198675842 -0.000331815648870996    0.0139785474168147    0.0458848471874599       1.2470710639176  7.31618450098472e-14  3.78695053471445e-14  5.40839070668886e-14  1.05083861547835e-13    0.0988143852523616
-2.96948417288978e-16 -1.37800681083188e-16 -3.04058940978712e-14  -4.2038987473462e-15  7.31618450098472e-14      1.05672294127274  -2.3637078117421e-15  1.54277156645305e-05   0.00475032804960811 -7.83999620083258e-15
-1.46928395841488e-16  2.78656953205049e-17 -1.59144741468374e-14 -8.30469414764261e-16  3.78695053471445e-14  -2.3637078117421e-15      1.05672294127273    0.0047503280496102 -1.54277156652504e-05 -4.54387388374155e-16
-1.38507471215708e-16  1.74195472694324e-16 -1.68140041238399e-14  -8.1482757021181e-15  5.40839070668886e-14  1.54277156645305e-05    0.0047503280496102     0.943385213302416  2.32567086797659e-15 -1.11035134579044e-14
-2.82228510120228e-16  7.41817403258066e-17  -3.1576079001391e-14 -1.40382831683091e-14  1.05083861547835e-13   0.00475032804960811 -1.54277156652504e-05  2.32567086797659e-15     0.943385213302404 -1.65840370132854e-14
 6.71698457369873e-05  0.000732416346671312  -0.00112917217168488   -0.0554272767081617    0.0988143852523616 -7.83999620083258e-15 -4.54387388374155e-16 -1.11035134579044e-14 -1.65840370132854e-14     0.758694572598627
TOTAL ENERGY: -127.158151424596	 lambda: 0.7	 population of target: 7.01571493329507
1RDM: 
     1.99999991050859 -2.02934175844163e-08 -1.13788482608353e-06 -1.61006772567648e-06  0.000113055550157865 -2.87052005362694e-16 -1.42393741915644e-16 -1.33310244520233e-16 -2.72571956866136e-16  0.000106436838379649
-2.02934175844163e-08      1.99999926852292 -9.34122387747158e-07  4.87596418227969e-05 -0.000365338753992451 -1.30865740509852e-16  3.02345157400162e-17  1.72422156604528e-16  6.87158573936049e-17  0.000782930617194672
-1.13788482608353e-06 -9.34122387747158e-07      1.99913729563626  -0.00122668195091822    0.0147640709198889 -2.98178143324477e-14  -1.5633192731827e-14 -1.63736538121379e-14 -3.07562762946818e-14   0.00110838818921393
-1.61006772567648e-06  4.87596418227969e-05  -0.00122668195091822      1.99433751292078    0.0487138335044269 -2.24220698901738e-15  2.08559346935911e-16 -8.52917218912359e-15 -1.47118788665738e-14   -0.0569298220164196
 0.000113055550157865 -0.000365338753992451    0.0147640709198889    0.0487138335044269      1.25694485554168  7.49731254539815e-14  3.86103910153358e-14  5.84412743968516e-14  1.13230371897612e-13     0.112237474033294
-2.87052005362694e-16 -1.30865740509852e-16 -2.98178143324477e-14 -2.24220698901738e-15  7.49731254539815e-14      1.05966455924902 -1.90405272406929e-16  1.74224646592834e-05   0.00536446717048425 -8.17369340754251e-15
-1.42393741915644e-16  3.02345157400162e-17  -1.5633192731827e-14  2.08559346935911e-16  3.86103910153358e-14 -1.90405272406929e-16      1.05966455924899   0.00536446717048359 -1.74224646592948e-05 -5.08326334258237e-16
-1.33310244520233e-16  1.72422156604528e-16 -1.63736538121379e-14 -8.52917218912359e-15  5.84412743968516e-14  1.74224646592834e-05   0.00536446717048359     0.940448304378603  8.23879953646877e-17 -8.65926948224039e-15
-2.72571956866136e-16  6.87158573936049e-17 -3.07562762946818e-14 -1.47118788665738e-14  1.13230371897612e-13   0.00536446717048425 -1.74224646592948e-05  8.23879953646877e-17     0.940448304378569 -1.18285598000927e-14
 0.000106436838379649  0.000782930617194672   0.00110838818921393   -0.0569298220164196     0.112237474033294 -8.17369340754251e-15 -5.08326334258237e-16 -8.65926948224039e-15 -1.18285598000927e-14     0.749355429614612
TOTAL ENERGY: -127.14652295248	 lambda: 0.8	 population of target: 7.03113365045663
1RDM: 
     1.99999988564479 -3.10743171802282e-08  -9.2752555772714e-07 -3.42213415503596e-07  0.000116718628954452 -2.76787381423286e-16 -1.37825642745553e-16 -1.27526407495277e-16 -2.62052144789015e-16  0.000154960318241504
-3.10743171802282e-08      1.99999917336177 -4.66436357333291e-06  5.24636784913215e-05 -0.000397503694676109 -1.33637616043999e-16  2.71810714541256e-17  1.76270648272717e-16  7.33529913689528e-17  0.000833632914983737
 -9.2752555772714e-07 -4.66436357333291e-06      1.99880076842276  -0.00130303253180613    0.0151526525976868 -2.89995440413369e-14 -1.52397466078745e-14 -1.60663582807342e-14 -3.02040016824544e-14   0.00386847221692415
-3.42213415503596e-07  5.24636784913215e-05  -0.00130303253180613      1.99403932955697    0.0509730966574008 -1.76248500890599e-15  4.78911478290109e-16 -8.34166720457291e-15 -1.42923483826739e-14   -0.0581785918280633
 0.000116718628954452 -0.000397503694676109    0.0151526525976868    0.0509730966574008       1.2803505805973  8.34054395231517e-14  4.28041721191827e-14  6.55095426899189e-14  1.26728044416746e-13     0.136014946447058
-2.76787381423286e-16 -1.33637616043999e-16 -2.89995440413369e-14 -1.76248500890599e-15  8.34054395231517e-14      1.06629372385781 -2.84713415731183e-15  2.09601844208694e-05   0.00645380653695402 -4.77093907552637e-15
-1.37825642745553e-16  2.71810714541256e-17 -1.52397466078745e-14  4.78911478290109e-16  4.28041721191827e-14 -2.84713415731183e-15      1.06629372385773     0.006453806536949 -2.09601844219977e-05  1.70860190271241e-15
-1.27526407495277e-16  1.76270648272717e-16 -1.60663582807342e-14 -8.34166720457291e-15  6.55095426899189e-14  2.09601844208694e-05     0.006453806536949     0.933831381071199   2.6036625001256e-15 -7.63047549434386e-15
-2.62052144789015e-16  7.33529913689528e-17 -3.02040016824544e-14 -1.42923483826739e-14  1.26728044416746e-13   0.00645380653695402 -2.09601844219977e-05   2.6036625001256e-15     0.933831381071124  -9.2942116101725e-15
 0.000154960318241504  0.000833632914983737   0.00386847221692415   -0.0581785918280633     0.136014946447058 -4.77093907552637e-15  1.70860190271241e-15 -7.63047549434386e-15  -9.2942116101725e-15     0.726560052558565
TOTAL ENERGY: -127.122134976148	 lambda: 0.9	 population of target: 7.05962853876164
1RDM: 
     1.99999984569685 -4.20185652340846e-08 -3.77088742156353e-07  1.47822922848156e-06  0.000109493468265822  -3.0101326588049e-16 -1.52087907704544e-16 -1.02370353633891e-16 -2.16427086790107e-16  0.000217183024262543
-4.20185652340846e-08      1.99999904606403 -1.26269569455566e-05  5.41901013986729e-05 -0.000432629033603291 -4.55554674819255e-16 -1.36892490251492e-16  3.14846310009335e-16   3.4266603651947e-16  0.000886760427380027
-3.77088742156353e-07 -1.26269569455566e-05      1.99811641809694  -0.00142381704729141     0.014733570675375 -1.99296157312599e-14 -1.04874990533834e-14 -2.06880654475793e-14 -3.89949633191748e-14   0.00739091777788839
 1.47822922848156e-06  5.41901013986729e-05  -0.00142381704729141      1.99381389150809    0.0526165015409452 -4.14728939159907e-14  -1.9758993987074e-14  7.89986358004283e-15  1.73702047052647e-14   -0.0592672865741944
 0.000109493468265822 -0.000432629033603291     0.014733570675375    0.0526165015409452      1.32278402989616  4.67748118654514e-14  3.12525695499215e-14  9.77971119494524e-14  2.03128395382439e-13     0.180222268959953
 -3.0101326588049e-16 -4.55554674819255e-16 -1.99296157312599e-14 -4.14728939159907e-14  4.67748118654514e-14      1.07873370783371 -1.69236912456455e-15  2.75141331597366e-05   0.00847181332172022 -3.51102245828438e-14
-1.52087907704544e-16 -1.36892490251492e-16 -1.04874990533834e-14  -1.9758993987074e-14  3.12525695499215e-14 -1.69236912456455e-15      1.07873370783368   0.00847181332172057 -2.75141331602232e-05 -3.19946678476009e-15
-1.02370353633891e-16  3.14846310009335e-16 -2.06880654475793e-14  7.89986358004283e-15  9.77971119494524e-14  2.75141331597366e-05   0.00847181332172057     0.921419315214024  1.59929311799933e-15  8.66663802148236e-15
-2.16427086790107e-16   3.4266603651947e-16 -3.89949633191748e-14  1.73702047052647e-14  2.03128395382439e-13   0.00847181332172022 -2.75141331602232e-05  1.59929311799933e-15     0.921419315213993  4.11509174846877e-14
 0.000217183024262543  0.000886760427380027   0.00739091777788839   -0.0592672865741944     0.180222268959953 -3.51102245828438e-14 -3.19946678476009e-15  8.66663802148236e-15  4.11509174846877e-14     0.684980722642573
TOTAL ENERGY: -127.060537906976	 lambda: 1	 population of target: 7.12396740889875
1RDM: 
     1.99999977610329 -4.98813977159478e-08  1.02810216181359e-06  4.46943637317079e-06  7.30995060846127e-05 -2.37849014777206e-16 -1.18501039681371e-16 -1.34638717419068e-16 -2.75445020502486e-16  0.000300503236413828
-4.98813977159478e-08      1.99999881516213 -3.21804826777207e-05   5.2054159203317e-05 -0.000478896537606024  1.83266981177797e-16  1.82225224229819e-16  4.55775658086751e-17 -1.91803466365339e-16  0.000943507713464438
 1.02810216181359e-06 -3.21804826777207e-05      1.99647273792689  -0.00165518475520801    0.0123149959824312 -3.47959245237018e-14 -1.86205947849124e-14 -1.14054348720357e-14 -2.19008870297033e-14    0.0121396950770718
 4.46943637317079e-06   5.2054159203317e-05  -0.00165518475520801       1.9937232086752     0.053241603805231  3.52864523439084e-14  1.97723619326777e-14 -2.23840285630216e-14 -4.09367194682117e-14   -0.0602462640273322
 7.30995060846127e-05 -0.000478896537606024    0.0123149959824312     0.053241603805231      1.39182122916318  3.21358135446243e-13  1.55179944135802e-13  1.87844103897278e-14  1.79739951421449e-14     0.270369263165008
-2.37849014777206e-16  1.83266981177797e-16 -3.47959245237018e-14  3.52864523439084e-14  3.21358135446243e-13      1.10138605253932  2.33032106862357e-15   4.0744884407967e-05    0.0125456485219284  2.24556927953366e-13
-1.18501039681371e-16  1.82225224229819e-16 -1.86205947849124e-14  1.97723619326777e-14  1.55179944135802e-13  2.33032106862357e-15      1.10138605253926    0.0125456485219233 -4.07448844078082e-05  1.09529794290626e-13
-1.34638717419068e-16  4.55775658086751e-17 -1.14054348720357e-14 -2.23840285630216e-14  1.87844103897278e-14   4.0744884407967e-05    0.0125456485219233     0.898835065183465 -2.54260070274729e-15 -9.77286132802574e-14
-2.75445020502486e-16 -1.91803466365339e-16 -2.19008870297033e-14 -4.09367194682117e-14  1.79739951421449e-14    0.0125456485219284 -4.07448844078082e-05 -2.54260070274729e-15     0.898835065183405 -2.02961618699634e-13
 0.000300503236413828  0.000943507713464438    0.0121396950770718   -0.0602462640273322     0.270369263165008  2.24556927953366e-13  1.09529794290626e-13 -9.77286132802574e-14 -2.02961618699634e-13     0.617541997523892
-------------------general-----------------------
mullikenoperator: 
  0.00877397245162754    0.0932582109800847 -0.000985479787608985 -0.000775610450954269 -0.000365250091681456  1.59607652267464e-16  6.35870294724757e-17  6.95183822922317e-17  1.78876732386489e-16 -0.000279326513150408
   0.0932582109800847     0.991082382467093    -0.011729135708138  -0.00129527213141547  -0.00106767148970465  2.83522658380934e-16  1.36453807850518e-16  2.76363730512038e-16  5.12744009192817e-16   0.00108832032354635
-0.000985479787608984    -0.011729135708138    0.0162677415171417    -0.126917785797725   0.00118413337221695  3.86924704591127e-14  1.98221383019074e-14  2.36827103532542e-14   4.4537235152689e-14    0.0275341900944346
-0.000775610450954275  -0.00129527213141548    -0.126917785797725     0.974137000027564    0.0841644611588627  2.54300676639531e-14  1.45003574238972e-14  6.22993560534849e-15  1.44465584228461e-14    -0.055477967695774
-0.000365250091681457  -0.00106767148970465   0.00118413337221694    0.0841644611588627     0.323465479960501 -1.22495243480888e-13 -6.61867485157358e-14 -5.58019673263168e-14 -1.13513623018037e-13     0.462176124040467
 1.59607652267893e-16  2.83522658380916e-16  3.86924704591142e-14  2.54300676639583e-14 -1.22495243480884e-13     0.459743049939482  8.49779211813255e-16   0.00161872066048991     0.498414537954446  6.15047473721095e-14
 6.35870294726967e-17  1.36453807850493e-16  1.98221383019077e-14  1.45003574239031e-14 -6.61867485157679e-14  8.00551062994206e-16     0.459743049939466     0.498414537954445  -0.00161872066049009  2.66368916600967e-14
 6.95183822925117e-17  2.76363730511947e-16   2.3682710353255e-14  6.22993560535025e-15 -5.58019673263289e-14   0.00161872066048993     0.498414537954445     0.540256950060534 -1.18380487464399e-15   5.4636711475854e-14
 1.78876732386987e-16  5.12744009192974e-16   4.4537235152691e-14  1.44465584228487e-14 -1.13513623018029e-13     0.498414537954446  -0.00161872066049003 -1.18636413509478e-15     0.540256950060518   9.6603032136559e-14
-0.000279326513150408   0.00108832032354636    0.0275341900944346    -0.055477967695774     0.462176124040467  6.15047473721334e-14  2.66368916601594e-14  5.46367114758848e-14  9.66030321365772e-14     0.686273423576074
selected BF: 
0 1 2 3 4
selected lambdas: 
  -1 -0.9 -0.8 -0.7 -0.6 -0.5 -0.4 -0.3 -0.2 -0.1    0  0.1  0.2  0.3  0.4  0.5  0.6  0.7  0.8  0.9    1
RHF C: 
 9.49449839338894e-05     0.995165028773443   -0.0250161610689086    -0.257805534103482    0.0348769633714363  2.85079835593024e-12  4.54675681583107e-12  6.63562618784798e-12 -4.08077377022112e-12  0.000917093790198045
-0.000480717867183437    0.0197899014544746    0.0966402063665792      1.01611689044529    -0.141691665728407 -1.15845809066137e-11 -1.84235977227667e-11 -2.70234164977561e-11  1.66262324407367e-11  -0.00430411646491318
 1.45728639934165e-15  1.90153608175372e-14  1.26083709868019e-12  6.21277339063008e-13  4.57655439361975e-12     0.723023534358658     -0.27878014950541     0.232300293415701     0.587976484564322  8.44647908140122e-11
 8.51936610073522e-16  9.99155929803912e-14  6.63806069964153e-12  3.43833544344355e-12  3.34658835806012e-11     0.278780149506475     0.723023534356037    -0.587976484567545     0.232300293414422  6.03273782771302e-10
-0.000687831048450498  0.000148463345407019    0.0237808634289202    0.0150377508216054     0.113978256796167  2.46198271875661e-10  4.37656878858888e-10 -2.96656955143374e-10  1.64289056327745e-10     -0.99736997076603
    0.995230076878503  0.000128036803207594    -0.259911049872019    0.0338770413342776   0.00843068281602211  4.74971131639988e-12  8.20933210552529e-12 -5.83793898552936e-12  3.22022878353159e-12   -0.0167658286564325
   0.0194112030187351 -0.000542828254331971      1.01866413226582    -0.137460441268573   -0.0341656650321593 -2.12290740303469e-11 -3.68179434175673e-11  2.56404047432331e-11 -1.41508127508769e-11    0.0758458184821506
 1.36382146096852e-14  1.05658940650295e-14 -7.50880397647475e-13   4.8730069350272e-13 -4.61172354468742e-11      0.58064736226844     -0.22388338797024    -0.287662691704401     -0.72810453974648  5.43521312544267e-12
 1.05625664510382e-13  7.70998498825444e-14 -3.98585028054387e-12  9.14916682176951e-12 -2.04211845451732e-10     0.223883387968921     0.580647362271684     0.728104539743892    -0.287662691705428  2.28139029426984e-11
-0.000216596814782357   0.00072079453462596   -0.0360503673570341   -0.0839293137855551    -0.981786616253642 -1.40866630792352e-11 -3.49298069479186e-12 -2.08877859837194e-10  1.33121247808174e-10    -0.188807540588321
RDM (no constraint): 
     1.99999989366364  6.83010030411312e-08 -1.10696417608564e-05  6.93602148273153e-06 -0.000125909243928557 -3.97857422282296e-14 -6.79978794069033e-14 -9.22546379342486e-14  5.20046481453345e-14   2.1352904968389e-05
 6.83010030411312e-08        1.999997836159 -6.02852673364556e-06  -0.00014026075402116 -0.000115858919113465  1.30876637468169e-14  3.23168430025145e-14 -1.11535039438702e-13  5.99726029106038e-14 -0.000318231949293957
-1.10696417608564e-05 -6.02852673364556e-06      1.99763723743896 -0.000713585399012676   -0.0351561912157451  7.14246736758802e-13  2.30891086170183e-12 -3.77660819323748e-12  2.17764746412102e-12   -0.0176706386751265
 6.93602148273153e-06  -0.00014026075402116 -0.000713585399012676        1.987534691424   -0.0228434786182204  1.30274316831626e-11  2.31370249977819e-11 -3.13833739499934e-11   1.7102328356547e-11   -0.0731715763521825
-0.000125909243928557 -0.000115858919113465   -0.0351561912157451   -0.0228434786182204      1.40397880889174  1.26365141662046e-10  2.21212521959369e-10 -7.10749237920798e-11  3.15454284042626e-11    -0.477205325479296
-3.97857422282296e-14  1.30876637468169e-14  7.14246736758802e-13  1.30274316831626e-11  1.26365141662046e-10      1.13980931294406 -8.04143566292863e-15 -0.000350462652405291   -0.0424710546682533  9.10448967033223e-11
-6.79978794069033e-14  3.23168430025145e-14  2.30891086170183e-12  2.31370249977819e-11  2.21212521959369e-10 -8.04143566292863e-15      1.13980931294477    0.0424710546670997 -0.000350462652414545  1.73095387950276e-10
-9.22546379342486e-14 -1.11535039438702e-13 -3.77660819323748e-12 -3.13833739499934e-11 -7.10749237920798e-11 -0.000350462652405291    0.0424710546670997     0.860696025133225 -2.19358871970323e-15 -1.33340608677808e-10
 5.20046481453345e-14  5.99726029106038e-14  2.17764746412102e-12   1.7102328356547e-11  3.15454284042626e-11   -0.0424710546682533 -0.000350462652414545 -2.19358871970323e-15     0.860696025133933  8.23599536949301e-11
  2.1352904968389e-05 -0.000318231949293957   -0.0176706386751265   -0.0731715763521825    -0.477205325479296  9.10448967033223e-11  1.73095387950276e-10 -1.33340608677808e-10  8.23599536949301e-11     0.609840856266699
RDM Eigenvectors: 
    0.995501934118605   -0.0938429026404328   -0.0129981976561884 -0.000588181693327761 -0.000330529657915056 -6.87961402371381e-14 -3.94573426614117e-14  3.40167473565628e-14  6.23943427565944e-14  2.09825235572549e-05
   0.0936624997231987     0.995405057816682   -0.0137693679240212    0.0143686579080292  8.99787741294625e-05 -1.08263608501286e-13 -6.55973730096566e-14 -1.39280747084337e-14 -1.67420466525124e-14  0.000212365924645988
   -0.014215607056525   -0.0123644917269004    -0.997487779449353  -0.00652976580655166    -0.065225693577094 -1.33866328484916e-12  -8.6351827859488e-13 -4.13607197085955e-12 -6.43089731041285e-12    0.0191347005580887
