Naturals in-correctThe Davidson algorithm did not converge.lambda: -1
The Davidson algorithm did not converge.lambda: -0.9
The Davidson algorithm did not converge.lambda: -0.8
The Davidson algorithm did not converge.lambda: -0.7
The Davidson algorithm did not converge.lambda: -0.6
The Davidson algorithm did not converge.lambda: -0.5
The Davidson algorithm did not converge.lambda: -0.4
The Davidson algorithm did not converge.lambda: -0.3
The Davidson algorithm did not converge.lambda: -0.2
TOTAL ENERGY: -127.171920373675	 lambda: -0.1	 population of target: 6.44144400473715
1RDM: 
     1.99999997410393  4.04916772136076e-09 -1.49107959565908e-06  4.78339553180905e-06  7.88557589026431e-06  7.36272875554765e-16 -2.20896490626318e-15  1.63373905944223e-15  5.39473582270613e-16 -5.41781737355441e-05
 4.04916772136076e-09      1.99999933292801  1.69772479690647e-06  4.43909769017785e-05 -9.36734049286417e-05  2.13557245366503e-15 -5.87469115332419e-15  5.32905383192585e-15  1.90884977923727e-15  0.000551082072584725
-1.49107959565908e-06  1.69772479690647e-06      1.99965412778663  0.000736625756392433  0.000158748003450881 -5.36995027793929e-15  1.40998734587962e-14  1.22872069949863e-13  4.12035556634973e-14  -0.00807459416258774
 4.78339553180905e-06  4.43909769017785e-05  0.000736625756392433      1.97869549545714   0.00268680497000297 -2.33633573630815e-13  6.94945632500421e-13 -2.48998252134897e-13  -8.0666507316906e-14   -0.0568876021062895
 7.88557589026431e-06 -9.36734049286417e-05  0.000158748003450881   0.00268680497000297       1.7760894103361  7.21359538558748e-12 -2.15237867670782e-11  1.06590934506374e-11  3.40326767274612e-12     0.250204286395135
 7.36272875554765e-16  2.13557245366503e-15 -5.36995027793929e-15 -2.33633573630815e-13  7.21359538558748e-12       1.1598189362902   1.6349750719003e-14  2.06276834920278e-05    0.0117537598602189 -8.94689030672858e-12
-2.20896490626318e-15 -5.87469115332419e-15  1.40998734587962e-14  6.94945632500421e-13 -2.15237867670782e-11   1.6349750719003e-14      1.15981893629031   -0.0117537598602696  2.06276835054932e-05  2.72338590741321e-11
 1.63373905944223e-15  5.32905383192585e-15  1.22872069949863e-13 -2.48998252134897e-13  1.06590934506374e-11  2.06276834920278e-05   -0.0117537598602696     0.841060802240112  1.63366645896748e-14 -2.84283479058253e-11
 5.39473582270613e-16  1.90884977923727e-15  4.12035556634973e-14  -8.0666507316906e-14  3.40326767274612e-12    0.0117537598602189  2.06276835054932e-05  1.63366645896748e-14     0.841060802240229 -9.43848306776923e-12
-5.41781737355441e-05  0.000551082072584725  -0.00807459416258774   -0.0568876021062895     0.250204286395135 -8.94689030672858e-12  2.72338590741321e-11 -2.84283479058253e-11 -9.43848306776923e-12     0.243802182327384
TOTAL ENERGY: -127.190724933254	 lambda: 0	 population of target: 6.78637234953628
1RDM: 
     1.99999998104916 -7.65030598569009e-15  5.80162621239354e-14  6.37409785233157e-13 -2.15783000721635e-11   1.7006396664601e-17 -5.40614921669539e-18  4.39107153938727e-18   1.2366559945976e-17  -1.0610224157929e-11
-7.65030598569009e-15      1.99999977886686  1.40773503760373e-13  3.85780743651419e-12  1.94818193170053e-13  2.26504639713498e-16 -6.50886460522691e-17   5.5089910107754e-17  1.65071781453169e-16  1.83164043038148e-11
 5.80162621239354e-14  1.40773503760373e-13      1.99988606044428  2.55509862901345e-11 -6.83511573206074e-10 -9.01582644816729e-18  2.37405841590413e-17  2.76684899670263e-17  6.14412893977725e-18 -6.12717211701771e-10
 6.37409785233157e-13  3.85780743651419e-12  2.55509862901345e-11      1.99288444159048  4.40863500078138e-11 -1.86362682645453e-17  7.60369384250354e-17  4.91106174808397e-17  7.60315801923875e-18  4.85546493692981e-10
-2.15783000721635e-11  1.94818193170053e-13 -6.83511573206074e-10  4.40863500078138e-11      1.56245702289403  1.96725988489467e-15 -6.02440126387545e-15  2.62040763688648e-15  1.07149215492671e-15  2.24487840630007e-09
  1.7006396664601e-17  2.26504639713498e-16 -9.01582644816729e-18 -1.86362682645453e-17  1.96725988489467e-15      1.11377319252692 -1.42516555651553e-14 -3.10111576723789e-10 -7.00958583714857e-10 -2.42460740144548e-15
-5.40614921669539e-18 -6.50886460522691e-17  2.37405841590413e-17  7.60369384250354e-17 -6.02440126387545e-15 -1.42516555651553e-14      1.11377319252645  7.00965909413541e-10 -3.10113687341744e-10  6.68820784022512e-15
 4.39107153938727e-18   5.5089910107754e-17  2.76684899670263e-17  4.91106174808397e-17  2.62040763688648e-15 -3.10111576723789e-10  7.00965909413541e-10      0.88655256979117 -1.49870416503629e-14 -7.71998824363872e-15
  1.2366559945976e-17  1.65071781453169e-16  6.14412893977725e-18  7.60315801923875e-18  1.07149215492671e-15 -7.00958583714857e-10 -3.10113687341744e-10 -1.49870416503629e-14      0.88655256979071 -2.59310253404343e-15
 -1.0610224157929e-11  1.83164043038148e-11 -6.12717211701771e-10  4.85546493692981e-10  2.24487840630007e-09 -2.42460740144548e-15  6.68820784022512e-15 -7.71998824363872e-15 -2.59310253404343e-15     0.444121190519999
TOTAL ENERGY: -127.185358787986	 lambda: 0.1	 population of target: 6.91974831352327
1RDM: 
     1.99999997738881  -2.0213798745505e-09 -2.11991036007438e-07 -1.65936381138082e-06  2.22682211024898e-05  1.76070231135523e-17 -4.77975272937033e-18  4.37644939130134e-18   1.1997590356541e-17  2.25726096162685e-05
 -2.0213798745505e-09      1.99999982391379 -8.90956213693796e-08  4.69423048777015e-07  -6.4930187750474e-05  2.36868464466296e-16 -6.84880953199968e-17  5.38540163974687e-17  1.59679851994745e-16 -0.000258076382182196
-2.11991036007438e-07 -8.90956213693796e-08      1.99985505900946 -0.000358613822267473    0.0035700325213181  1.93629944843523e-18 -2.85894263878014e-18   3.6472875569486e-18 -1.46319852487753e-18   0.00360616624084834
-1.65936381138082e-06  4.69423048777015e-07 -0.000358613822267473      1.99669854126452    0.0126868049450371 -1.46510347427356e-17 -1.31865358568106e-17 -8.19611868571681e-18  2.22038285875732e-17    0.0246274657388565
 2.22682211024898e-05  -6.4930187750474e-05    0.0035700325213181    0.0126868049450371      1.37505515922163 -1.86210686047416e-17  9.19628775500417e-17  3.72051808494149e-17   5.7187098600892e-17   -0.0590427798232962
 1.76070231135523e-17  2.36868464466296e-16  1.93629944843523e-18 -1.46510347427356e-17 -1.86210686047416e-17      1.07544351220538  2.22426275934524e-15 -4.04608788780259e-06  -0.00230541319188423 -5.29412510347723e-17
-4.77975272937033e-18 -6.84880953199968e-17 -2.85894263878014e-18 -1.31865358568106e-17  9.19628775500417e-17  2.22426275934524e-15      1.07544351220545   0.00230541319187349  -4.0460878873866e-06   6.1714776919155e-17
 4.37644939130134e-18  5.38540163974687e-17   3.6472875569486e-18 -8.19611868571681e-18  3.72051808494149e-17 -4.04608788780259e-06   0.00230541319187349     0.924708634629765  2.33190240273365e-15   1.0180002972363e-16
  1.1997590356541e-17  1.59679851994745e-16 -1.46319852487753e-18  2.22038285875732e-17   5.7187098600892e-17  -0.00230541319188423  -4.0460878873866e-06  2.33190240273365e-15     0.924708634629831  2.00004272408655e-17
 2.25726096162685e-05 -0.000258076382182196   0.00360616624084834    0.0246274657388565   -0.0590427798232962 -5.29412510347723e-17   6.1714776919155e-17   1.0180002972363e-16  2.00004272408655e-17     0.628087145531406
TOTAL ENERGY: -127.179208422957	 lambda: 0.2	 population of target: 6.96310943765895
1RDM: 
     1.99999997323625   -1.045454080978e-09 -5.14060365786314e-07 -2.19438891902587e-06  4.03980848700906e-05  1.78413224272561e-17 -4.05092774036474e-18  5.16229498797708e-18  1.19659370608916e-17  2.06320669695175e-05
  -1.045454080978e-09      1.99999977381714  3.45378769331897e-07  8.36856367372991e-06  -0.00013460750884377  2.41666336314194e-16 -6.99866203550931e-17  5.30015037926373e-17  1.56900729223122e-16 -0.000375815095838134
-5.14060365786314e-07  3.45378769331897e-07      1.99979428281693 -0.000525699916710478   0.00616806896272827  3.24829417060654e-18 -2.30909152513485e-18  5.41044275911671e-18 -8.94665421284981e-19   0.00425512047024612
-2.19438891902587e-06  8.36856367372991e-06 -0.000525699916710478       1.9972236353003    0.0222463552973483 -1.89664200034819e-17 -1.84202817125653e-17 -1.30909354264134e-17  3.15210277434015e-17    0.0339400347619103
 4.03980848700906e-05  -0.00013460750884377   0.00616806896272827    0.0222463552973483      1.28240664520699 -3.90725306503706e-17  1.13151032577161e-16  5.24877153871686e-17  8.45056473698744e-17   -0.0662501792984547
 1.78413224272561e-17  2.41666336314194e-16  3.24829417060654e-18 -1.89664200034819e-17 -3.90725306503706e-17      1.05680990738683 -4.03611932919659e-15 -4.46713329566662e-06  -0.00254533822495444 -7.43985936113836e-17
-4.05092774036474e-18 -6.99866203550931e-17 -2.30909152513485e-18 -1.84202817125653e-17  1.13151032577161e-16 -4.03611932919659e-15      1.05680990738681   0.00254533822494697 -4.46713329548222e-06  5.69342253516147e-17
 5.16229498797708e-18  5.30015037926373e-17  5.41044275911671e-18 -1.30909354264134e-17  5.24877153871686e-17 -4.46713329566662e-06   0.00254533822494697      0.94329283552205  -4.0775239511408e-15   1.1669108897518e-16
 1.19659370608916e-17  1.56900729223122e-16 -8.94665421284981e-19  3.15210277434015e-17  8.45056473698744e-17  -0.00254533822495444 -4.46713329548222e-06  -4.0775239511408e-15     0.943292835522025  3.15200299196913e-17
 2.06320669695175e-05 -0.000375815095838134   0.00425512047024612    0.0339400347619103   -0.0662501792984547 -7.43985936113836e-17  5.69342253516147e-17   1.1669108897518e-16  3.15200299196913e-17     0.720370203804706
TOTAL ENERGY: -127.17480508744	 lambda: 0.3	 population of target: 6.98116435819174
1RDM: 
     1.99999996950381 -4.92180542444121e-10 -6.76722260295992e-07   -2.294143743563e-06  5.36566846667201e-05  1.78518310543436e-17   -3.127888552287e-18  6.14714908349707e-18  1.20554023134262e-17  9.48900098536665e-06
-4.92180542444121e-10      1.99999971195427  7.00631912426108e-07  1.57035438814706e-05 -0.000189426659322144  2.44019419407695e-16 -7.07608093769469e-17  5.24947118988153e-17  1.55508055834836e-16  -0.00044850957132535
-6.76722260295992e-07  7.00631912426108e-07      1.99974263387339 -0.000618855058919904   0.00790921818250833  3.26526065985629e-18 -6.40407513876175e-19  7.32010473172269e-18  7.26965720725356e-23   0.00387027447709179
  -2.294143743563e-06  1.57035438814706e-05 -0.000618855058919904      1.99708448157229    0.0286834167149881 -2.02154277602619e-17 -2.08389022258439e-17 -1.57653470414626e-17  3.58605467445637e-17    0.0385240823099424
 5.36566846667201e-05 -0.000189426659322144   0.00790921818250833    0.0286834167149881      1.23528834604029  -5.5357466346159e-17  1.20468992837594e-16  5.91602260326847e-17  1.04852598641728e-16   -0.0658470752405751
 1.78518310543436e-17  2.44019419407695e-16  3.26526065985629e-18 -2.02154277602619e-17  -5.5357466346159e-17      1.04741935136195 -1.70654076327566e-15 -4.41719933416881e-06  -0.00251683184268665 -8.83707782915596e-17
  -3.127888552287e-18 -7.07608093769469e-17 -6.40407513876175e-19 -2.08389022258439e-17  1.20468992837594e-16 -1.70654076327566e-15      1.04741935136189   0.00251683184267665 -4.41719933387025e-06  4.83844023634233e-17
 6.14714908349707e-18  5.24947118988153e-17  7.32010473172269e-18 -1.57653470414626e-17  5.91602260326847e-17 -4.41719933416881e-06   0.00251683184267665     0.952665553943662 -1.80726641321878e-15  1.19678609077952e-16
 1.20554023134262e-17  1.55508055834836e-16  7.26965720725356e-23  3.58605467445637e-17  1.04852598641728e-16  -0.00251683184268665 -4.41719933387025e-06 -1.80726641321878e-15     0.952665553943604  3.94075291201742e-17
 9.48900098536665e-06  -0.00044850957132535   0.00387027447709179    0.0385240823099424   -0.0658470752405751 -8.83707782915596e-17  4.83844023634233e-17  1.19678609077952e-16  3.94075291201742e-17     0.767715046444834
TOTAL ENERGY: -127.171488485243	 lambda: 0.4	 population of target: 6.99075672670468
1RDM: 
     1.99999996543968 -1.16149001305308e-09 -7.43032551264237e-07 -2.16929108035392e-06  6.44771377258569e-05  1.77590949326246e-17 -2.13142276942988e-18  7.22659867542185e-18  1.22090840938299e-17 -6.43359171234677e-06
-1.16149001305308e-09      1.99999965112799    8.307387778575e-07  2.18303040909389e-05 -0.000232160346094468  2.45200903014632e-16 -7.11897864696465e-17  5.21846373360332e-17  1.54824025338834e-16 -0.000503549760414793
-7.43032551264237e-07    8.307387778575e-07      1.99969414259946 -0.000678673832230603   0.00918915795710441  2.69317104254477e-18   1.5069907483353e-18  9.57515278800128e-18  1.15598981439933e-18   0.00301568297433014
-2.16929108035392e-06  2.18303040909389e-05 -0.000678673832230603      1.99681276395093     0.033260480399909 -2.05481566528851e-17 -2.23278102836179e-17 -1.75269953419455e-17  3.83164448762905e-17    0.0413025578614106
 6.44771377258569e-05 -0.000232160346094468   0.00918915795710441     0.033260480399909      1.21064219937224 -7.04236771435943e-17  1.26906197120147e-16  6.43914346325883e-17  1.24478541762129e-16   -0.0656019208818311
 1.77590949326246e-17  2.45200903014632e-16  2.69317104254477e-18 -2.05481566528851e-17 -7.04236771435943e-17      1.04256523766113  1.16247374151545e-15 -4.39299206121785e-06  -0.00250315345827846 -1.01255112691321e-16
-2.13142276942988e-18 -7.11897864696465e-17   1.5069907483353e-18 -2.23278102836179e-17  1.26906197120147e-16  1.16247374151545e-15      1.04256523766105   0.00250315345826626 -4.39299206108812e-06  4.17189165178406e-17
 7.22659867542185e-18  5.21846373360332e-17  9.57515278800128e-18 -1.75269953419455e-17  6.43914346325883e-17 -4.39299206121785e-06   0.00250315345826626     0.957512185034001  1.01570778581899e-15  1.23075066078992e-16
 1.22090840938299e-17  1.54824025338834e-16  1.15598981439933e-18  3.83164448762905e-17  1.24478541762129e-16  -0.00250315345827846 -4.39299206108812e-06  1.01570778581899e-15     0.957512185033918  4.62241389938547e-17
-6.43359171234677e-06 -0.000503549760414793   0.00301568297433014    0.0413025578614106   -0.0656019208818311 -1.01255112691321e-16  4.17189165178406e-17  1.23075066078992e-16  4.62241389938547e-17     0.792696432119673
TOTAL ENERGY: -127.168607713061	 lambda: 0.5	 population of target: 6.99719111868891
1RDM: 
     1.99999996025462 -3.16971962544046e-09 -7.50567314742704e-07 -1.89478694407501e-06  7.42300700282437e-05  1.76073007494781e-17 -1.09994136766279e-18   8.3654347632985e-18  1.24044775932325e-17 -2.60967061621188e-05
-3.16971962544046e-09      1.99999959257345  6.62041221712017e-07  2.69179942201686e-05 -0.000266106529837477  2.45698931720511e-16 -7.14180373195896e-17  5.20048126846703e-17  1.54572284815226e-16 -0.000550553594594157
-7.50567314742704e-07  6.62041221712017e-07      1.99963899443918  -0.00072204138214616    0.0102199441143613  1.77648752463574e-18  3.98225047067122e-18  1.22046656399791e-17  2.55568041705388e-18   0.00185407297376437
-1.89478694407501e-06  2.69179942201686e-05  -0.00072204138214616       1.9965308229255    0.0367016733839036 -2.05595326883188e-17 -2.33959731181509e-17 -1.88454947586635e-17  3.99437075554982e-17    0.0432253621036648
 7.42300700282437e-05 -0.000266106529837477    0.0102199441143613    0.0367016733839036      1.19926704646994 -8.63662401133604e-17  1.36229142419751e-16  7.10457776564462e-17  1.46484577687377e-16    -0.067234744371639
 1.76073007494781e-17  2.45698931720511e-16  1.77648752463574e-18 -2.05595326883188e-17 -8.63662401133604e-17      1.04040455252984  1.76551454610688e-15 -4.49661808492516e-06  -0.00256210826034575 -1.15591079806558e-16
-1.09994136766279e-18 -7.14180373195896e-17  3.98225047067122e-18 -2.33959731181509e-17  1.36229142419751e-16  1.76551454610688e-15      1.04040455252989   0.00256210826034371 -4.49661808504128e-06  3.68868922077441e-17
  8.3654347632985e-18  5.20048126846703e-17  1.22046656399791e-17 -1.88454947586635e-17  7.10457776564462e-17 -4.49661808492516e-06   0.00256210826034371     0.959669849074011  1.85512854794359e-15  1.29664726438079e-16
 1.24044775932325e-17  1.54572284815226e-16  2.55568041705388e-18  3.99437075554982e-17  1.46484577687377e-16  -0.00256210826034575 -4.49661808504128e-06  1.85512854794359e-15     0.959669849074062   5.2956830759264e-17
-2.60967061621188e-05 -0.000550553594594157   0.00185407297376437    0.0432253621036648    -0.067234744371639 -1.15591079806558e-16  3.68868922077441e-17  1.29664726438079e-16   5.2956830759264e-17      0.80441478012953
TOTAL ENERGY: -127.165554377946	 lambda: 0.6	 population of target: 7.00274382152568
1RDM: 
     1.99999995303999 -6.45251876838846e-09 -7.13645120984785e-07 -1.49385916471615e-06   8.3502624269027e-05  1.74132320750802e-17 -5.03199639304377e-20  9.55203116178689e-18  1.26340548651078e-17 -4.96741601059136e-05
-6.45251876838846e-09      1.99999953493274  8.53916614991708e-08  3.11443113382408e-05 -0.000293673379320807  2.45695832010443e-16 -7.14993965982878e-17  5.19324008513061e-17  1.54650759927211e-16 -0.000594001211801498
-7.13645120984785e-07  8.53916614991708e-08      1.99956448463089 -0.000758485417945538    0.0111023891792019  6.16088160593881e-19  6.76060392368842e-18  1.52560535016604e-17  4.21384782737234e-18  0.000416054838038165
-1.49385916471615e-06  3.11443113382408e-05 -0.000758485417945538      1.99626950121519    0.0393999472003478 -2.04788752488017e-17 -2.41303482436872e-17 -1.99285556165507e-17  4.11797101751043e-17    0.0446748379251776
  8.3502624269027e-05 -0.000293673379320807    0.0111023891792019    0.0393999472003478      1.19762118601482 -1.05060309189388e-16  1.50671930760191e-16  8.12163333919741e-17  1.73638368042143e-16   -0.0716252064271756
 1.74132320750802e-17  2.45695832010443e-16  6.16088160593881e-19 -2.04788752488017e-17 -1.05060309189388e-16      1.04025372884961 -1.47112360219117e-16 -4.77890507157584e-06  -0.00272297995249195 -1.33241543349184e-16
-5.03199639304377e-20 -7.14993965982878e-17  6.76060392368842e-18 -2.41303482436872e-17  1.50671930760191e-16 -1.47112360219117e-16      1.04025372884969    0.0027229799524931 -4.77890507151975e-06  3.34366554921869e-17
 9.55203116178689e-18  5.19324008513061e-17  1.52560535016604e-17 -1.99285556165507e-17  8.12163333919741e-17 -4.77890507157584e-06    0.0027229799524931     0.959820291278592 -9.01940780237719e-18  1.40864778739825e-16
 1.26340548651078e-17  1.54650759927211e-16  4.21384782737234e-18  4.11797101751043e-17  1.73638368042143e-16  -0.00272297995249195 -4.77890507151975e-06 -9.01940780237719e-18     0.959820291278671  6.00557591682921e-17
-4.96741601059136e-05 -0.000594001211801498  0.000416054838038165    0.0446748379251776   -0.0716252064271756 -1.33241543349184e-16  3.34366554921869e-17  1.40864778739825e-16  6.00557591682921e-17     0.806397299909809
TOTAL ENERGY: -127.161475566803	 lambda: 0.7	 population of target: 7.00899911698995
1RDM: 
     1.99999994247931  -1.0788196358253e-08 -6.19052001493378e-07 -9.58114247012686e-07  9.22595363894459e-05    1.718108242576e-17  1.00475444186875e-18  1.07856856185169e-17  1.28990404226485e-17 -7.80980010979539e-05
 -1.0788196358253e-08      1.99999947518585 -1.12928583584897e-06  3.45947556817699e-05 -0.000316755732087183  2.45217646643247e-16 -7.14437120946627e-17  5.19750710926989e-17  1.55056163509487e-16 -0.000636730351495745
-6.19052001493378e-07 -1.12928583584897e-06      1.99944910646302 -0.000796095210181598    0.0118671031519434 -7.35611556870935e-19  9.86769877474935e-18  1.87893502276976e-17  6.16089070919327e-18  -0.00133476092387943
-9.58114247012686e-07  3.45947556817699e-05 -0.000796095210181598      1.99603596863825    0.0415746553738529 -2.03522544652549e-17 -2.46634770995733e-17 -2.06771028556627e-17  4.23611358141506e-17    0.0458359936417008
 9.22595363894459e-05 -0.000316755732087183    0.0118671031519434    0.0415746553738529      1.20510512596177 -1.29037453512631e-16  1.73568753628808e-16  9.76116839875295e-17  2.09600351723148e-16   -0.0800722777480074
   1.718108242576e-17  2.45217646643247e-16 -7.35611556870935e-19 -2.03522544652549e-17 -1.29037453512631e-16      1.04204837701112 -4.55477618836257e-16 -5.31956679415376e-06  -0.00303100089796269 -1.56313949519944e-16
 1.00475444186875e-18 -7.14437120946627e-17  9.86769877474935e-18 -2.46634770995733e-17  1.73568753628808e-16 -4.55477618836257e-16      1.04204837701101   0.00303100089794762 -5.31956679402336e-06  3.05366455451521e-17
 1.07856856185169e-17  5.19750710926989e-17  1.87893502276976e-17 -2.06771028556627e-17  9.76116839875295e-17 -5.31956679415376e-06   0.00303100089794762     0.958027669632733 -6.47404728853739e-16   1.5902809811208e-16
 1.28990404226485e-17  1.55056163509487e-16  6.16089070919327e-18  4.23611358141506e-17  2.09600351723148e-16  -0.00303100089796269 -5.31956679402336e-06 -6.47404728853739e-16     0.958027669632625   6.7790370048022e-17
-7.80980010979539e-05 -0.000636730351495745  -0.00133476092387943    0.0458359936417008   -0.0800722777480074 -1.56313949519944e-16  3.05366455451521e-17   1.5902809811208e-16   6.7790370048022e-17     0.799258287984327
TOTAL ENERGY: -127.154635389479	 lambda: 0.8	 population of target: 7.01807073139788
1RDM: 
     1.99999992628508  -1.5544647131112e-08 -4.01922239320738e-07 -2.40889873582096e-07  9.95552451011946e-05  1.69060689175427e-17  2.04708902406653e-18  1.20734527926529e-17   1.3209344973576e-17 -0.000113235219522823
 -1.5544647131112e-08      1.99999940690327 -3.52805968511464e-06  3.72176526367693e-05 -0.000337283211458601  2.44153671797185e-16 -7.12210342363737e-17  5.21716332857771e-17  1.55879013927105e-16 -0.000681295704992685
-4.01922239320738e-07 -3.52805968511464e-06      1.99924693418586 -0.000845757408175817    0.0124684508419668 -2.20034805225838e-18  1.33027421128683e-17  2.29287491911162e-17  8.46615283609334e-18  -0.00350143268802049
-2.40889873582096e-07  3.72176526367693e-05 -0.000845757408175817      1.99583192630533     0.043338991530518 -2.03776812331066e-17 -2.47243679418343e-17 -2.11498824912778e-17  4.37373133746146e-17    0.0468162386580482
 9.95552451011946e-05 -0.000337283211458601    0.0124684508419668     0.043338991530518      1.22358929957712  -1.6224076555726e-16  2.10784773609558e-16  1.26309013456543e-16  2.60822303256451e-16   -0.0953072537745552
 1.69060689175427e-17  2.44153671797185e-16 -2.20034805225838e-18 -2.03776812331066e-17  -1.6224076555726e-16      1.04628965143799  2.24620828116024e-15 -6.28682249229339e-06  -0.00358215272710776 -1.88474904401138e-16
 2.04708902406653e-18 -7.12210342363737e-17  1.33027421128683e-17 -2.47243679418343e-17  2.10784773609558e-16  2.24620828116024e-15      1.04628965143794   0.00358215272709654 -6.28682249259554e-06  2.75626186991876e-17
 1.20734527926529e-17  5.21716332857771e-17  2.29287491911162e-17 -2.11498824912778e-17  1.26309013456543e-16 -6.28682249229339e-06   0.00358215272709654      0.95379191170855  2.15431673532274e-15  1.87847961943334e-16
  1.3209344973576e-17  1.55879013927105e-16  8.46615283609334e-18  4.37373133746146e-17  2.60822303256451e-16  -0.00358215272710776 -6.28682249259554e-06  2.15431673532274e-15       0.9537919117085  7.55286810851844e-17
-0.000113235219522823 -0.000681295704992685  -0.00350143268802049    0.0468162386580482   -0.0953072537745552 -1.88474904401138e-16  2.75626186991876e-17  1.87847961943334e-16  7.55286810851844e-17     0.781169380450342
TOTAL ENERGY: -127.140448519594	 lambda: 0.9	 population of target: 7.03464693968473
1RDM: 
     1.99999989974419 -1.88265596901582e-08   1.3849862178333e-07  7.87539413385375e-07  0.000102234986028141  1.65693701258013e-17   3.0069614467819e-18  1.34614337643809e-17  1.35857071942916e-17 -0.000158727520815273
-1.88265596901582e-08      1.99999931324074  -8.6047538227073e-06  3.86837461092109e-05 -0.000358183107798972  2.42145944354128e-16 -7.10556234202202e-17  5.28862453875961e-17  1.57336056807649e-16 -0.000730975955142914
  1.3849862178333e-07  -8.6047538227073e-06      1.99883806202764 -0.000928703823350536    0.0127014250380389 -2.59078591571647e-18  2.45521499772716e-17  1.95046153211466e-17  1.23154032230679e-17  -0.00630622913236478
 7.87539413385375e-07  3.86837461092109e-05 -0.000928703823350536      1.99566187408495    0.0447017866282777 -2.58863194608341e-17  -6.2312638131026e-17  1.01416656124945e-17  4.18239932338873e-17    0.0476930726589994
 0.000102234986028141 -0.000358183107798972    0.0127014250380389    0.0447017866282777       1.2584701267027 -2.15003707573815e-16  2.27421202386385e-16  2.28425023519814e-16  3.37306516300617e-16     -0.12388973914747
 1.65693701258013e-17  2.42145944354128e-16 -2.59078591571647e-18 -2.58863194608341e-17 -2.15003707573815e-16      1.05439546016687 -5.62260437337883e-16 -8.08056731597887e-06  -0.00460421456046152  -2.3621101209214e-16
  3.0069614467819e-18 -7.10556234202202e-17  2.45521499772716e-17  -6.2312638131026e-17  2.27421202386385e-16 -5.62260437337883e-16      1.05439546016682   0.00460421456045276 -8.08056731570932e-06  6.21397810679741e-17
 1.34614337643809e-17  5.28862453875961e-17  1.95046153211466e-17  1.01416656124945e-17  2.28425023519814e-16 -8.08056731597887e-06   0.00460421456045276     0.945698808811883 -6.37139066752007e-16  1.89744456535776e-16
 1.35857071942916e-17  1.57336056807649e-16  1.23154032230679e-17  4.18239932338873e-17  3.37306516300617e-16  -0.00460421456046152 -8.08056731570932e-06 -6.37139066752007e-16      0.94569880881184  8.13944519794411e-17
-0.000158727520815273 -0.000730975955142914  -0.00630622913236478    0.0476930726589994     -0.12388973914747  -2.3621101209214e-16  6.21397810679741e-17  1.89744456535776e-16  8.13944519794411e-17     0.746842186242387
TOTAL ENERGY: -127.103687040872	 lambda: 1	 population of target: 7.07302647373671
1RDM: 
     1.99999985100665 -1.45616234196037e-08  1.63653400913389e-06  2.51217147374763e-06    9.003114485624e-05  1.61596938683349e-17  3.84364131088426e-18  1.48803928866616e-17  1.41052297295578e-17 -0.000222280934274338
-1.45616234196037e-08      1.99999913770237 -2.13386448000977e-05  3.78600233987664e-05 -0.000386098809824533  2.38676302209951e-16 -6.98461626764337e-17  5.35793663348369e-17  1.60246378675506e-16 -0.000791208280750748
 1.63653400913389e-06 -2.13386448000977e-05      1.99783348462753   -0.0010985521980914    0.0118621802237705 -6.96629753607219e-18   2.0443750241193e-17  3.35035118585635e-17  1.17358965169065e-17   -0.0102616371240196
 2.51217147374763e-06  3.78600233987664e-05   -0.0010985521980914      1.99554818956085    0.0454508022437284 -9.84249185812151e-18 -2.12410858200307e-17 -1.93278212609761e-17  6.13167122550869e-17    0.0485288298854017
   9.003114485624e-05 -0.000386098809824533    0.0118621802237705    0.0454508022437284       1.3213759099576 -2.17609069003906e-16  4.10694069784255e-16   3.0834524973879e-16  5.43292122266199e-16    -0.184168343435616
 1.61596938683349e-17  2.38676302209951e-16 -6.96629753607219e-18 -9.84249185812151e-18 -2.17609069003906e-16      1.06979650723143   4.1827710005605e-15 -1.17834396141169e-05  -0.00671407284863697 -4.00119393345482e-16
 3.84364131088426e-18 -6.98461626764337e-17   2.0443750241193e-17 -2.12410858200307e-17  4.10694069784255e-16   4.1827710005605e-15      1.06979650723147   0.00671407284863459 -1.17834396146588e-05 -1.97630089509264e-18
 1.48803928866616e-17  5.35793663348369e-17  3.35035118585635e-17 -1.93278212609761e-17   3.0834524973879e-16 -1.17834396141169e-05   0.00671407284863459       0.9303296944744  4.26811182755264e-15   3.2205165847931e-16
 1.41052297295578e-17  1.60246378675506e-16  1.17358965169065e-17  6.13167122550869e-17  5.43292122266199e-16  -0.00671407284863697 -1.17834396146588e-05  4.26811182755264e-15     0.930329694474443 -2.08446334488921e-17
-0.000222280934274338 -0.000791208280750748   -0.0102616371240196    0.0485288298854017    -0.184168343435616 -4.00119393345482e-16 -1.97630089509264e-18   3.2205165847931e-16 -2.08446334488921e-17     0.684991023733312
-------------------general-----------------------
mullikenoperator: 
  0.00547476463184969    0.0737856873226579 -0.000845224614948142 -0.000742533901087595 -0.000219209698363158 -2.17833876953997e-17  2.11632539032428e-16  2.35293756129543e-16  5.41743183355694e-17  0.000103594293163917
   0.0737856873226579     0.994358972491427   -0.0127019935788558  -0.00140207325856032  -0.00095314096486217  2.02795846589993e-16 -8.47132144325004e-17  3.34451182895531e-17  2.05761917621322e-16 -0.000963226705659803
-0.000845224614948142   -0.0127019935788558    0.0148901545795054    -0.120957971003831   0.00143555513480559 -2.45520864127526e-17  3.48361565865138e-17  3.31604568118464e-17  1.82160723955805e-17   -0.0212873459251025
-0.000742533901087596  -0.00140207325856039    -0.120957971003831     0.978660911476472     0.068600864570572  1.47910183197864e-17 -1.18928826983737e-17 -3.32151076085165e-18   9.0810551582909e-18    0.0464881233811501
-0.000219209698363157 -0.000953140964862172   0.00143555513480559     0.068600864570572     0.334517057586004 -2.83847790059227e-17  1.13578008666229e-16  8.87757846225915e-17  5.56573468227035e-17    -0.468014124501743
-2.17833876953977e-17  2.02795846589993e-16 -2.45520864127677e-17  1.47910183197799e-17  -2.8384779005566e-17     0.467170817224638  7.43802003641094e-16 -0.000875647651160499    -0.498941277312364 -6.12017516497544e-17
 2.11632539032427e-16 -8.47132144325003e-17  3.48361565865034e-17 -1.18928826984432e-17  1.13578008666763e-16  7.16533315330078e-16     0.467170817224702     0.498941277312368 -0.000875647651160807 -5.16056976820315e-17
 2.35293756129542e-16  3.34451182895524e-17  3.31604568118331e-17 -3.32151076090753e-18   8.8775784623179e-17 -0.000875647651160546     0.498941277312368     0.532829182775298  6.55680820637777e-16 -8.14937741143442e-18
 5.41743183355672e-17  2.05761917621321e-16  1.82160723955949e-17  9.08105515831684e-18  5.56573468222409e-17    -0.498941277312364 -0.000875647651160756  6.94161278782179e-16     0.532829182775362  3.13791268233833e-17
 0.000103594293163916 -0.000963226705659804   -0.0212873459251025    0.0464881233811502    -0.468014124501743 -6.12017516494763e-17  -5.1605697681055e-17 -8.14937741036657e-18  3.13791268229612e-17      0.67209813923474
selected BF: 
0 1 2 3 4
selected lambdas: 
  -1 -0.9 -0.8 -0.7 -0.6 -0.5 -0.4 -0.3 -0.2 -0.1    0  0.1  0.2  0.3  0.4  0.5  0.6  0.7  0.8  0.9    1
RHF C: 
 7.24017731784584e-05     0.995324253500588    -0.242857983817043   -0.0936281087378938  -0.00477269131329304  2.25243317279144e-14  3.07406002747053e-14  4.95513636092453e-15 -3.33598509876819e-15    0.0119741942354543
-0.000396868551629679    0.0191586477435419      0.95909447770875     0.370904302676711    0.0191704930676239 -9.22359809643628e-14 -1.25846580595078e-13 -1.98807123425336e-14  1.33886904202316e-14   -0.0498854844750231
-2.46186747385788e-17  1.33447736022743e-16  5.86523155967187e-14 -7.12801165974733e-14  -3.1414350640688e-12    -0.173271424313497   -0.0496062589885131    -0.263310245293016     0.947769818118127   1.9529256308111e-13
-1.09277320890132e-16  -1.1050648970242e-16 -4.66941265252224e-14  5.76655817919579e-14  2.50878194697553e-12   -0.0496062589882859     0.173271424314307      0.94776981811798     0.263310245293059 -1.57359190610394e-13
-0.000594601153652745  0.000123265588237038    0.0363747370325361   -0.0475565678907769    -0.995378738659927  2.50028902769522e-13  3.65192441815451e-13  3.21483596373178e-12 -2.32571442960029e-12    -0.103785119149177
    0.995078019658141   0.00010879838416738   -0.0882862829495672     0.246701122964947   -0.0248211578749594  1.87291528426546e-14    2.605252081491e-14  5.37553043823755e-14 -3.90310013660624e-14   0.00330171198672809
   0.0200023721189217 -0.000409048196483157     0.342684206060335    -0.966023720767101      0.10361736956565 -7.59547323692999e-14 -1.05769529225046e-13 -2.31975896749001e-13  1.68138338287869e-13   -0.0121423930583356
-4.49978115483785e-16 -7.32594573178984e-17 -5.55838333340595e-14  3.01737458218304e-14  8.84026586199447e-14    -0.944049921453112    -0.270274138318054    0.0506516511929394     -0.18231765416063  1.54785473723878e-12
 3.57330234625046e-16   5.9941107705942e-17  4.37175049830942e-14 -2.37711917437616e-14 -6.58553883591009e-14    -0.270274138318097     0.944049921452956    -0.182317654161437   -0.0506516511927065 -1.18429398791369e-12
-5.82184585045075e-05  0.000528694640254289   -0.0181293690679195    0.0145523363192468    0.0445741555157924 -1.18773208743329e-12 -1.60226575519233e-12 -6.55414528145123e-14  3.72232472074428e-14     -1.00112281937854
RDM (no constraint): 
     1.99999994758237   5.6230302842455e-08  6.54813684907051e-06   9.1083058782165e-06   1.8716909452446e-05 -3.77965632604064e-16  -5.1127444656983e-16 -1.63750952142455e-16   5.0653137330136e-17 -6.79234200926008e-05
  5.6230302842455e-08        1.999998399371 -8.74880905931573e-05  -4.7858154467822e-05 -0.000200828917025006 -1.85854996820794e-16 -2.48821787106129e-16  8.24238445065757e-16 -5.94162777629127e-16  -0.00018773122593182
 6.54813684907051e-06 -8.74880905931573e-05      1.99348302533092  -0.00483150688936416   -0.0180964790248981 -1.86255726123914e-14 -2.58445635947561e-14  1.35224015464841e-13 -9.80296566938082e-14   0.00901154901990027
  9.1083058782165e-06  -4.7858154467822e-05  -0.00483150688936416      1.99351075967077   -0.0561067684542961   4.7239658653042e-14  6.57816451857988e-14  9.55519096536795e-14 -6.95892594137483e-14   0.00748946640482337
  1.8716909452446e-05 -0.000200828917025006   -0.0180964790248981   -0.0561067684542961     0.893204756518082 -3.48254722880935e-13 -4.51841777771883e-13  2.90945311570671e-13 -2.15846700303116e-13    -0.549548348626415
-3.77965632604064e-16 -1.85854996820794e-16 -1.86255726123914e-14   4.7239658653042e-14 -3.48254722880935e-13      1.04827431107633  2.34059502616807e-15 -0.000807609882467402    -0.102917169057766  2.96078730063426e-13
 -5.1127444656983e-16 -2.48821787106129e-16 -2.58445635947561e-14  6.57816451857988e-14 -4.51841777771883e-13  2.34059502616807e-15      1.04827431107641     0.102917169057524  -0.00080760988247591  4.13164901836733e-13
-1.63750952142455e-16  8.24238445065757e-16  1.35224015464841e-13  9.55519096536795e-14  2.90945311570671e-13 -0.000807609882467402     0.102917169057524     0.952051451288181  2.99655378298888e-15  1.59178554069426e-12
  5.0653137330136e-17 -5.94162777629127e-16 -9.80296566938082e-14 -6.95892594137483e-14 -2.15846700303116e-13    -0.102917169057766  -0.00080760988247591  2.99655378298888e-15     0.952051451288267  -1.1457435242787e-12
-6.79234200926008e-05  -0.00018773122593182   0.00901154901990027   0.00748946640482337    -0.549548348626415  2.96078730063426e-13  4.13164901836733e-13  1.59178554069426e-12  -1.1457435242787e-12      1.11915158679765
RDM Eigenvectors: 
    0.997163695616392   -0.0741762440306069   -0.0127245995760822 -0.000714761419256624 -0.000149406353896636  2.97482113208989e-16 -4.31865748588038e-16  1.03532200397329e-16   1.3548628309108e-16 -1.80458918913609e-05
   0.0739932205297188     0.997061085793554   -0.0145053879224354    0.0135556687160948 -2.54061595644536e-05  2.28722120557778e-16 -3.10422342244563e-17  2.01668620873066e-16  2.61025421946848e-16 -0.000177294178502796
 -0.00653311709564477   -0.0182320600705828    -0.456105748046929      0.88863408830355    0.0434976341965481  4.73966960669219e-16 -9.19724777573786e-17  8.15913310379255e-14  6.22686877671842e-14  -0.00546533524781697
   0.0120943845531226   0.00587851545790246     0.887107719664928     0.450710480544263    0.0953508142831945  2.06964114098101e-14  -2.8014872623893e-14 -7.42012967233017e-14 -5.59784022841246e-14   -0.0250469074393512
-0.000687757553861669 -1.68130740761798e-05   -0.0564289058158433   -0.0643607486334752     0.625617429791275  1.62032577425955e-12 -2.13625263241326e-12 -2.38824674542529e-12 -1.81174918935227e-12    -0.775419777199415
 7.17060564089623e-16 -5.87333342715007e-17  9.13979884650925e-14  6.33748949902377e-14 -1.14009078178993e-12     0.843232372061213     0.026419289501917   -0.0158715093304078     0.536664963493807 -4.47528865786181e-13
 1.01550848153473e-15  3.78449786071223e-16   1.2536858136071e-13  8.63701728614824e-14 -1.55419358460007e-12    0.0264192895019307    -0.843232372061638     0.536664963493139    0.0158715093303878  -5.8193516849237e-13
 6.35710086115929e-16 -1.49839839890172e-15  7.64641103137303e-14   2.2916782476681e-13 -1.95372068493751e-12    0.0126018648964223    -0.536751693849819    -0.843447174707246   -0.0183214526948116  2.54476847776744e-12
-5.23223538959558e-16  1.10883961918568e-15 -5.53360034567272e-14 -1.65723029921218e-13  1.40624475010163e-12    -0.536751693850486   -0.0126018648964489   -0.0183214526947952     0.843447174706821 -1.84879277197683e-12
  0.00037241528208398 -0.000332831196514855    0.0380906443200723    0.0535065120297509    -0.773058203894417 -9.91063052015933e-13  1.25762361655042e-12 -8.94558455197608e-13 -7.12387917887892e-13    -0.630925447186497
Total C: 
   0.0741814305288168     0.996267212343641    0.0139976411720698    -0.243570947468823    -0.031759190295179  2.32735563306596e-16 -7.49393731953915e-17    4.133420137774e-17  1.66573916470303e-16  -0.00035805624788097
-0.000789912891946654   0.00384216001634989    -0.111671227859395      1.01581146967855     0.127641718209154  9.92570235221985e-17  1.37350412454425e-17  2.71557197001818e-17 -7.07353218429736e-17   0.00207367398934431
 1.35423283415732e-16  7.11972844412811e-17  8.48369639190693e-17 -4.49672187590952e-17  1.31945831000642e-15    -0.659453891643918     0.166640448482821     0.180851900434243     0.710441972761223 -1.70141217837962e-15
-2.93568269399065e-16  3.87560338718375e-17 -1.69777832577389e-17 -8.28869237682843e-18  5.12376515252453e-16     -0.16664044848281    -0.659453891643964    -0.710441972761181     0.180851900434253 -8.50168172332667e-16
-0.000750673620351971 -0.000724461506722939  -0.00655785605879347    0.0694018247262765    -0.545446607110851 -1.62270943318565e-15 -4.09780457131782e-16 -3.67717018643649e-16  1.69916462324898e-15     0.838309366168711
    0.995842509273885   -0.0706434757944136     0.247981199366228     0.033800983975912   0.00145327024365175 -2.18504114870855e-17  8.74541190604255e-18 -2.08586227120653e-17   4.3649193228672e-18    0.0114491201798548
  0.00591732845700666   -0.0138158720390733     -1.01982545135725    -0.138214578798293  -0.00299656524296946  8.91133705157819e-17 -2.43305920538953e-17  6.20881891558012e-17 -3.60515789717055e-17   -0.0503632786431027
-3.42227994843313e-17  3.09562105825642e-16 -1.09809207369938e-16 -1.48161093735561e-17  2.02358267870574e-16    -0.704696290361539     0.178072957453585    -0.169444831253696    -0.665631497273247  1.53837583835957e-16
  6.7374561433866e-17  8.19067682816863e-17   8.6586610788027e-17  2.85233075024402e-17  -1.6726920434153e-16    -0.178072957453595    -0.704696290361496     0.665631497273293    -0.169444831253685 -1.08952733494556e-16
-0.000127980320886566   0.00127999663579317    -0.019477212843048   -0.0659796926330339     0.802411564955336  2.27280591355417e-17  -2.4964445228572e-16  1.19877071805419e-16  2.39316373432368e-16       0.5968046801412
Basis set used: STO-3G
Naturals: 
 1.99999998104915  1.99999977886685   1.9998860604306  1.99288444156616  1.56245702096354  1.11377320468785  1.11377320468766 0.886552557676933  0.88655255767675 0.444121192394498
Naturals: 
 1.99999998104916  1.99999977886686  1.99988606044428  1.99288444159048  1.56245702289403  1.11377319252692  1.11377319252645  0.88655256979117  0.88655256979071 0.444121190519999
Version: Tmhuysen's fci hack
