Naturals in-correctThe Davidson algorithm did not converge.lambda: -1
The Davidson algorithm did not converge.lambda: -0.9
The Davidson algorithm did not converge.lambda: -0.8
The Davidson algorithm did not converge.lambda: -0.7
The Davidson algorithm did not converge.lambda: -0.6
The Davidson algorithm did not converge.lambda: -0.5
The Davidson algorithm did not converge.lambda: -0.4
The Davidson algorithm did not converge.lambda: -0.3
The Davidson algorithm did not converge.lambda: -0.2
TOTAL ENERGY: -127.165894213405	 lambda: -0.1	 population of target: 6.43958822049814
1RDM: 
     1.99999997888278  5.74010119120079e-09 -1.33832990675847e-06  4.58932004915288e-06  8.29160004459529e-06 -2.07617645108787e-16 -4.31680815591207e-17 -3.13811160502055e-17 -1.95832489978977e-16 -5.58287502417883e-05
 5.74010119120079e-09      1.99999932391577  1.56811617863929e-06  4.78716180649108e-05 -0.000101516621003424 -5.65924260282133e-16 -1.50810552082312e-16 -1.17776551487536e-16 -1.17089111724308e-15  0.000572675839068974
-1.33832990675847e-06  1.56811617863929e-06      1.99968837702628  0.000836384928417954  0.000128101710933394 -8.37201304436817e-16 -7.99142053435782e-17 -1.97394393442326e-15   -1.038254223762e-14  -0.00800179330100741
 4.58932004915288e-06  4.78716180649108e-05  0.000836384928417954      1.97829312635735   0.00341293782898733  6.74644041407247e-14  1.21005950017799e-14  7.18457975096299e-15  4.06929373369656e-14   -0.0590489435261677
 8.29160004459529e-06 -0.000101516621003424  0.000128101710933394   0.00341293782898733      1.76770276146798 -2.33143107795967e-12 -4.27339635533767e-13 -3.16593905448314e-13 -1.67736011205855e-12      0.27351679545623
-2.07617645108787e-16 -5.65924260282133e-16 -8.37201304436817e-16  6.74644041407247e-14 -2.33143107795967e-12      1.14607651413195  2.86976604752203e-14   3.6488106200602e-05    0.0109222703953143  3.34240070095291e-12
-4.31680815591207e-17 -1.50810552082312e-16 -7.99142053435782e-17  1.21005950017799e-14 -4.27339635533767e-13  2.86976604752203e-14      1.14607651413291    0.0109222703955405 -3.64881061843724e-05  6.19480228326431e-13
-3.13811160502055e-17 -1.17776551487536e-16 -1.97394393442326e-15  7.18457975096299e-15 -3.16593905448314e-13   3.6488106200602e-05    0.0109222703955405     0.854695438946785 -2.51457325469658e-14  5.93846141595829e-13
-1.95832489978977e-16 -1.17089111724308e-15   -1.038254223762e-14  4.06929373369656e-14 -1.67736011205855e-12    0.0109222703953143 -3.64881061843724e-05 -2.51457325469658e-14     0.854695438947744  3.19778777865797e-12
-5.58287502417883e-05  0.000572675839068974  -0.00800179330100741   -0.0590489435261677      0.27351679545623  3.34240070095291e-12  6.19480228326431e-13  5.93846141595829e-13  3.19778777865797e-12     0.252772526190482
TOTAL ENERGY: -127.186553895526	 lambda: 0	 population of target: 6.81083258987822
1RDM: 
     1.99999998480527 -1.26827648570067e-14  2.66875766832745e-13  -6.0414327440601e-12 -7.13684462626237e-12  6.44939716815658e-18 -1.84966949614989e-18 -3.19082629455361e-19  -3.5673588815161e-17   7.0569975140381e-12
-1.26827648570067e-14      1.99999980820241  8.39312363667051e-14 -1.93502816786318e-12  3.10162200498341e-11  1.33076059482552e-16 -2.60298028602729e-17 -4.00074029435852e-18 -5.29169793171557e-16  9.58457027407698e-11
 2.66875766832745e-13  8.39312363667051e-14      1.99990700475363  7.03149717914737e-12 -5.53065511529805e-10  4.45556290304264e-18  1.41812868876428e-17  6.04061368805323e-18 -6.60933531918116e-17 -5.77445988092346e-10
 -6.0414327440601e-12 -1.93502816786318e-12  7.03149717914737e-12      1.99364110444656 -4.88766088738647e-10  9.24445196419465e-17  2.19121876908232e-17 -1.58678956637767e-17  2.13533320858544e-17 -3.40240379649632e-09
-7.13684462626237e-12  3.10162200498341e-11 -5.53065511529805e-10 -4.88766088738647e-10      1.52859766329748 -2.03781990543604e-14   -3.193567430331e-15 -2.78247668337634e-15 -1.66959318602751e-14  6.41524467295807e-09
 6.44939716815658e-18  1.33076059482552e-16  4.45556290304264e-18  9.24445196419465e-17 -2.03781990543604e-14      1.10023211149718 -7.15297848868039e-15   -2.930626459974e-10 -2.22750619407819e-11  2.99573651486104e-14
-1.84966949614989e-18 -2.60298028602729e-17  1.41812868876428e-17  2.19121876908232e-17   -3.193567430331e-15 -7.15297848868039e-15      1.10023211149691 -2.22750008262177e-11  2.93061049415931e-10  4.75528137939924e-15
-3.19082629455361e-19 -4.00074029435852e-18  6.04061368805323e-18 -1.58678956637767e-17 -2.78247668337634e-15   -2.930626459974e-10 -2.22750008262177e-11     0.900029207855671  6.22746303909857e-15   4.5164043117675e-15
 -3.5673588815161e-17 -5.29169793171557e-16 -6.60933531918116e-17  2.13533320858544e-17 -1.66959318602751e-14 -2.22750619407819e-11  2.93061049415931e-10  6.22746303909857e-15     0.900029207855409  2.84907863383995e-14
  7.0569975140381e-12  9.58457027407698e-11 -5.77445988092346e-10 -3.40240379649632e-09  6.41524467295807e-09  2.99573651486104e-14  4.75528137939924e-15   4.5164043117675e-15  2.84907863383995e-14     0.477331795789526
TOTAL ENERGY: -127.181741941745	 lambda: 0.1	 population of target: 6.93349272944015
1RDM: 
     1.99999998183229  -2.3132141728778e-09 -1.90421091713302e-07 -1.28204667415758e-06  1.96844004889116e-05  9.28363949950278e-18 -1.61581932522423e-18 -1.55529294187588e-19 -3.38273082915765e-17  1.90792314639932e-05
 -2.3132141728778e-09      1.99999985043272 -1.81900728520951e-07  4.43085338068578e-07 -6.84506805551485e-05  1.37606697261199e-16 -2.73435332212052e-17 -3.64832136725392e-18 -5.12446389495263e-16 -0.000236135398831552
-1.90421091713302e-07 -1.81900728520951e-07      1.99987727872864 -0.000309378276543047   0.00322913474311531 -2.73035556309228e-17  7.72211371679592e-18  1.22730814124211e-17 -2.83556162755435e-17   0.00304281096057604
-1.28204667415758e-06  4.43085338068578e-07 -0.000309378276543047       1.9972124633104    0.0123233505810295 -2.55647370070063e-17  1.46213945235743e-17 -2.78192024222523e-17  5.44774024497118e-17    0.0224232954517814
 1.96844004889116e-05 -6.84506805551485e-05   0.00322913474311531    0.0123233505810295      1.34062758973261  1.34059008920902e-16  2.12387650540809e-18 -8.02390256221204e-17  6.75019767020148e-17     -0.05284559860323
 9.28363949950278e-18  1.37606697261199e-16 -2.73035556309228e-17 -2.55647370070063e-17  1.34059008920902e-16      1.06464414293652  1.83201124791461e-15   -6.098440337278e-06  -0.00182548931397879 -2.86171492250209e-17
-1.61581932522423e-18 -2.73435332212052e-17  7.72211371679592e-18  1.46213945235743e-17  2.12387650540809e-18  1.83201124791461e-15      1.06464414293658  -0.00182548931397384  6.09844033754873e-06  7.56985008041466e-17
-1.55529294187588e-19 -3.64832136725392e-18  1.22730814124211e-17 -2.78192024222523e-17 -8.02390256221204e-17   -6.098440337278e-06  -0.00182548931397384     0.935476523199446 -1.63788722320613e-15 -5.59419323404253e-18
-3.38273082915765e-17 -5.12446389495263e-16 -2.83556162755435e-17  5.44774024497118e-17  6.75019767020148e-17  -0.00182548931397879  6.09844033754873e-06 -1.63788722320613e-15     0.935476523199504  -1.3969655313139e-16
 1.90792314639932e-05 -0.000236135398831552   0.00304281096057604    0.0224232954517814     -0.05284559860323 -2.86171492250209e-17  7.56985008041466e-17 -5.59419323404253e-18  -1.3969655313139e-16      0.66204150369129
TOTAL ENERGY: -127.176573332908	 lambda: 0.2	 population of target: 6.97002483961724
1RDM: 
     1.99999997871378 -1.76682836419767e-09 -4.09359367276647e-07  -1.6214272894545e-06  3.47283432634613e-05  1.08707270207145e-17 -1.55862000412744e-18 -2.51428921228123e-19 -3.46354435402313e-17  1.66482823776982e-05
-1.76682836419767e-09      1.99999980714512  8.07182886737228e-08  7.19627952807438e-06 -0.000134326875256373  1.40306546660154e-16 -2.80623617065861e-17 -3.28612229910606e-18 -5.04861414580675e-16 -0.000338969270084409
-4.09359367276647e-07  8.07182886737228e-08      1.99982962171496 -0.000430884528440725   0.00539997392662732 -2.37234781938526e-17  8.74909601378316e-18  1.08229420313606e-17 -3.07663178618586e-17   0.00347615949153506
 -1.6214272894545e-06  7.19627952807438e-06 -0.000430884528440725      1.99768210522809    0.0209457148388664 -2.89316001326838e-17  1.61113550922703e-17 -3.27922209785067e-17  6.96067016317232e-17    0.0304464055620153
 3.47283432634613e-05 -0.000134326875256373   0.00539997392662732    0.0209457148388664      1.25403683200565  1.20518549112917e-16  2.17336977004341e-17 -8.73400617340378e-17  3.39224714688551e-17   -0.0576470078780728
 1.08707270207145e-17  1.40306546660154e-16 -2.37234781938526e-17 -2.89316001326838e-17  1.20518549112917e-16      1.04833830038077  6.65645051728209e-16 -6.59329276891396e-06  -0.00197361589058643 -2.03044917751638e-17
-1.55862000412744e-18 -2.80623617065861e-17  8.74909601378316e-18  1.61113550922703e-17  2.17336977004341e-17  6.65645051728209e-16      1.04833830038082  -0.00197361589058194  6.59329276911594e-06  8.08139815415957e-17
-2.51428921228123e-19 -3.28612229910606e-18  1.08229420313606e-17 -3.27922209785067e-17 -8.73400617340378e-17 -6.59329276891396e-06  -0.00197361589058194     0.951745170131299  -5.1226736160725e-16 -1.58050967990064e-17
-3.46354435402313e-17 -5.04861414580675e-16 -3.07663178618586e-17  6.96067016317232e-17  3.39224714688551e-17  -0.00197361589058643  6.59329276911594e-06  -5.1226736160725e-16     0.951745170131345 -1.30222710040839e-16
 1.66482823776982e-05 -0.000338969270084409   0.00347615949153506    0.0304464055620153   -0.0576470078780728 -2.03044917751638e-17  8.08139815415957e-17 -1.58050967990064e-17 -1.30222710040839e-16     0.748284714168179
TOTAL ENERGY: -127.172981147635	 lambda: 0.3	 population of target: 6.98476316257725
1RDM: 
     1.99999997586343 -1.40358035891085e-09 -5.15809176370345e-07 -1.65012774248596e-06  4.57822434273843e-05   1.2532985220298e-17 -1.46474741146781e-18 -3.71021683034079e-19 -3.59770450027744e-17  6.88036653929451e-06
-1.40358035891085e-09      1.99999975530796  2.97273447761149e-07    1.327540703295e-05  -0.00018418213132858  1.41784786221255e-16 -2.85576535269876e-17 -2.96533443554572e-18 -5.01283934601109e-16 -0.000402596867770571
-5.15809176370345e-07  2.97273447761149e-07      1.99979048129973 -0.000494148943005797   0.00683527226615786 -1.92581698587687e-17  1.06494173772523e-17   8.6540330223889e-18 -3.45104108022664e-17   0.00307517698932959
-1.65012774248596e-06    1.327540703295e-05 -0.000494148943005797      1.99758209310039    0.0266091933574556 -3.00978596676365e-17  1.68658253683858e-17 -3.53584921600504e-17  7.80020117842565e-17    0.0343855634924684
 4.57822434273843e-05  -0.00018418213132858   0.00683527226615786    0.0266091933574556      1.21099490523966   1.0734186917454e-16  3.34496258703257e-17 -9.47497076052772e-17  2.26943739965983e-17    -0.056551314938608
  1.2532985220298e-17  1.41784786221255e-16 -1.92581698587687e-17 -3.00978596676365e-17   1.0734186917454e-16      1.04026123396251  1.24388112621358e-15 -6.45852908096156e-06   -0.0019332924690863 -2.13555732635606e-17
-1.46474741146781e-18 -2.85576535269876e-17  1.06494173772523e-17  1.68658253683858e-17  3.34496258703257e-17  1.24388112621358e-15      1.04026123396258  -0.00193329246908389  6.45852908083886e-06  8.50116502319074e-17
-3.71021683034079e-19 -2.96533443554572e-18   8.6540330223889e-18 -3.53584921600504e-17 -9.47497076052772e-17 -6.45852908096156e-06  -0.00193329246908389      0.95980910963106 -1.00309554388623e-15  -2.0902820417423e-17
-3.59770450027744e-17 -5.01283934601109e-16 -3.45104108022664e-17  7.80020117842565e-17  2.26943739965983e-17   -0.0019332924690863  6.45852908083886e-06 -1.00309554388623e-15     0.959809109631133 -1.17090203139241e-16
 6.88036653929451e-06 -0.000402596867770571   0.00307517698932959    0.0343855634924684    -0.056551314938608 -2.13555732635606e-17  8.50116502319074e-17  -2.0902820417423e-17 -1.17090203139241e-16     0.791492102001529
TOTAL ENERGY: -127.170315557087	 lambda: 0.4	 population of target: 6.99247486490708
1RDM: 
     1.99999997267341 -1.84728755255611e-09 -5.50255998331172e-07 -1.52812857760602e-06  5.50622711986325e-05  1.42084502513586e-17  -1.3534048703319e-18 -5.04269406445307e-19 -3.75610040232631e-17 -6.67895363609544e-06
-1.84728755255611e-09      1.99999970502967  3.52079872089232e-07  1.82869472353042e-05 -0.000222224179769268   1.4264809240586e-16 -2.89410211564931e-17 -2.66594633042736e-18 -4.99588080576303e-16 -0.000451206064370564
-5.50255998331172e-07  3.52079872089232e-07      1.99975369300919 -0.000534023084982405   0.00790560403344977 -1.43004265696416e-17  1.30313622477272e-17  6.00314326437907e-18 -3.92744505856215e-17   0.00229745375005654
-1.52812857760602e-06  1.82869472353042e-05 -0.000534023084982405      1.99737052551926    0.0306021198139185 -3.08455008259036e-17  1.74653403764298e-17 -3.70674731169764e-17  8.37099106253086e-17    0.0367921300245614
 5.50622711986325e-05 -0.000222224179769268   0.00790560403344977    0.0306021198139185       1.1886170481753  9.85446749320739e-17  4.32026438441624e-17 -1.04005769756165e-16  1.90930862947098e-17   -0.0558883194976295
 1.42084502513586e-17   1.4264809240586e-16 -1.43004265696416e-17 -3.08455008259036e-17  9.85446749320739e-17      1.03609095335626  6.21898710284245e-16 -6.38520289738585e-06  -0.00191134398882776 -2.46136566510195e-17
 -1.3534048703319e-18 -2.89410211564931e-17  1.30313622477272e-17  1.74653403764298e-17  4.32026438441624e-17  6.21898710284245e-16      1.03609095335632  -0.00191134398882523  6.38520289751903e-06  9.06479893617725e-17
-5.04269406445307e-19 -2.66594633042736e-18  6.00314326437907e-18 -3.70674731169764e-17 -1.04005769756165e-16 -6.38520289738585e-06  -0.00191134398882523     0.963973913043455 -4.20258075862914e-16 -2.49095826117517e-17
-3.75610040232631e-17 -4.99588080576303e-16 -3.92744505856215e-17  8.37099106253086e-17  1.90930862947098e-17  -0.00191134398882776  6.38520289751903e-06 -4.20258075862914e-16     0.963973913043514 -1.08417503946004e-16
-6.67895363609544e-06 -0.000451206064370564   0.00229745375005654    0.0367921300245614   -0.0558883194976295 -2.46136566510195e-17  9.06479893617725e-17 -2.49095826117517e-17 -1.08417503946004e-16     0.814129322793657
TOTAL ENERGY: -127.168027182932	 lambda: 0.5	 population of target: 6.99758721015136
1RDM: 
     1.99999996854847 -3.17774948135801e-09 -5.39797739894219e-07 -1.30634182971829e-06  6.37142025823506e-05  1.58849099752652e-17 -1.23028967993072e-18 -6.48469954801421e-19 -3.92890373161971e-17   -2.326490103057e-05
-3.17774948135801e-09      1.99999965697731  1.84888719445895e-07  2.24218223925856e-05 -0.000251895174861252  1.43137414798846e-16 -2.92549955095969e-17 -2.37982781977101e-18 -4.98983642702003e-16 -0.000493048049918217
-5.39797739894219e-07  1.84888719445895e-07      1.99971144491414 -0.000563390461462032   0.00879252384364318 -8.86026867298391e-18  1.58060663750058e-17  2.91405170065333e-18 -4.49472151674816e-17   0.00126717409197152
-1.30634182971829e-06  2.24218223925856e-05 -0.000563390461462032      1.99714885838395    0.0335957384717785 -3.15069153004675e-17  1.80477938307304e-17 -3.84429599931039e-17  8.81000329137607e-17    0.0384697350432263
 6.37142025823506e-05 -0.000251895174861252   0.00879252384364318    0.0335957384717785      1.17823282734158  9.41588919371077e-17  5.31604920298783e-17 -1.16217014492654e-16   1.8131298750796e-17   -0.0569132773424836
 1.58849099752652e-17  1.43137414798846e-16 -8.86026867298391e-18 -3.15069153004675e-17  9.41588919371077e-17       1.0342040650874  2.06458445963321e-15 -6.50213035353545e-06  -0.00194635454337652 -2.87859963893551e-17
-1.23028967993072e-18 -2.92549955095969e-17  1.58060663750058e-17  1.80477938307304e-17  5.31604920298783e-17  2.06458445963321e-15      1.03420406508741  -0.00194635454337235  6.50213035335358e-06  9.86600930164692e-17
-6.48469954801421e-19 -2.37982781977101e-18  2.91405170065333e-18 -3.84429599931039e-17 -1.16217014492654e-16 -6.50213035353545e-06  -0.00194635454337235     0.965858566481146 -2.03491061078758e-15 -2.87390213111258e-17
-3.92890373161971e-17 -4.98983642702003e-16 -4.49472151674816e-17  8.81000329137607e-17   1.8131298750796e-17  -0.00194635454337652  6.50213035335358e-06 -2.03491061078758e-15     0.965858566481156 -1.04569299984973e-16
  -2.326490103057e-05 -0.000493048049918217   0.00126717409197152    0.0384697350432263   -0.0569132773424836 -2.87859963893551e-17  9.86600930164692e-17 -2.87390213111258e-17 -1.04569299984973e-16     0.824781980697487
TOTAL ENERGY: -127.165632288158	 lambda: 0.6	 population of target: 7.00194337449553
1RDM: 
     1.99999996278961 -5.32170682523372e-09 -4.91565342579311e-07 -9.98128880909928e-07  7.22503120118048e-05  1.75553210989679e-17 -1.09705694123323e-18 -8.03434990416177e-19 -4.11263767042015e-17 -4.30657681893965e-05
-5.32170682523372e-09      1.99999960985609 -2.91825093566657e-07  2.58467508119342e-05  -0.00027546465792276  1.43339396517189e-16 -2.95143975869777e-17 -2.10354571439248e-18 -4.99177211294636e-16 -0.000531984584010254
-4.91565342579311e-07 -2.91825093566657e-07      1.99965400233691 -0.000589233407845794   0.00958214021809482 -2.86553748166833e-18  1.89711895521063e-17 -6.39737746633982e-19 -5.15679747619681e-17  2.96258261344838e-06
-9.98128880909928e-07  2.58467508119342e-05 -0.000589233407845794       1.9969422883017     0.035942434426327 -3.20993150619287e-17   1.8662565961639e-17 -3.97209501553808e-17  9.17183698461538e-17    0.0397400111988886
 7.22503120118048e-05  -0.00027546465792276   0.00958214021809482     0.035942434426327      1.17655493368428  9.42881548955866e-17  6.48304244350761e-17 -1.32785663469494e-16  1.77079216299314e-17   -0.0602530764975975
 1.75553210989679e-17  1.43339396517189e-16 -2.86553748166833e-18 -3.20993150619287e-17  9.42881548955866e-17      1.03399983979449 -1.44458116888148e-16 -6.87336370433141e-06  -0.00205741241308336 -3.38345282017937e-17
-1.09705694123323e-18 -2.95143975869777e-17  1.89711895521063e-17   1.8662565961639e-17  6.48304244350761e-17 -1.44458116888148e-16      1.03399983979456  -0.00205741241308397  6.87336370438382e-06  1.09931613173865e-16
-8.03434990416177e-19 -2.10354571439248e-18 -6.39737746633982e-19 -3.97209501553808e-17 -1.32785663469494e-16 -6.87336370433141e-06  -0.00205741241308397      0.96606244266681  3.83966813234171e-16 -3.27968651023411e-17
-4.11263767042015e-17 -4.99177211294636e-16 -5.15679747619681e-17  9.17183698461538e-17  1.77079216299314e-17  -0.00205741241308336  6.87336370438382e-06  3.83966813234171e-16     0.966062442666882 -1.05636842753542e-16
-4.30657681893965e-05 -0.000531984584010254  2.96258261344838e-06    0.0397400111988886   -0.0602530764975975 -3.38345282017937e-17  1.09931613173865e-16 -3.27968651023411e-17 -1.05636842753542e-16     0.826724638108749
TOTAL ENERGY: -127.162477027427	 lambda: 0.7	 population of target: 7.00678315501364
1RDM: 
     1.99999995435728 -8.04767062361264e-09 -3.89119065410895e-07 -5.94339681650464e-07  8.07329385580011e-05  1.92070966590109e-17 -9.53861154165707e-19 -9.70242080518558e-19  -4.3066603486279e-17 -6.68742467672334e-05
-8.04767062361264e-09      1.99999956108702 -1.25834419821343e-06  2.86448580640182e-05 -0.000294578591574534  1.43253072552597e-16 -2.97189064948984e-17 -1.83565965505001e-18 -5.00125448310453e-16 -0.000570529745543462
-3.89119065410895e-07 -1.25834419821343e-06      1.99956502484973 -0.000617608532527033    0.0103060770578821   3.7744366286827e-18   2.2554694906039e-17 -4.72157641034966e-18 -5.92824359923103e-17  -0.00153121648731628
-5.94339681650464e-07  2.86448580640182e-05 -0.000617608532527033      1.99675643742678    0.0378372845693302 -3.25701793351484e-17  1.93366584878569e-17 -4.10669041607904e-17  9.47937021572093e-17    0.0407590347784244
 8.07329385580011e-05 -0.000294578591574534    0.0103060770578821    0.0378372845693302      1.18299813310953  1.00056832282045e-16  7.99937192953451e-17 -1.56064794319081e-16  1.61817785343063e-17    -0.066892792147578
 1.92070966590109e-17  1.43253072552597e-16   3.7744366286827e-18 -3.25701793351484e-17  1.00056832282045e-16      1.03540279740441  1.77394387467322e-16 -7.60159359114287e-06  -0.00227544487069573 -4.01722215255355e-17
-9.53861154165707e-19 -2.97189064948984e-17   2.2554694906039e-17  1.93366584878569e-17  7.99937192953451e-17  1.77394387467322e-16      1.03540279740452  -0.00227544487069955  7.60159359118153e-06  1.25886670841493e-16
-9.70242080518558e-19 -1.83565965505001e-18 -4.72157641034966e-18 -4.10669041607904e-17 -1.56064794319081e-16 -7.60159359114287e-06  -0.00227544487069955     0.964660817358415  2.05261785320012e-16 -3.73033744830754e-17
 -4.3066603486279e-17 -5.00125448310453e-16 -5.92824359923103e-17  9.47937021572093e-17  1.61817785343063e-17  -0.00227544487069573  7.60159359118153e-06  2.05261785320012e-16      0.96466081735853 -1.12668820172798e-16
-6.68742467672334e-05 -0.000570529745543462  -0.00153121648731628    0.0407590347784244    -0.066892792147578 -4.01722215255355e-17  1.25886670841493e-16 -3.73033744830754e-17 -1.12668820172798e-16     0.820553659643814
TOTAL ENERGY: -127.15725528	 lambda: 0.8	 population of target: 7.01370930121785
1RDM: 
     1.99999994140718 -1.07087801922582e-08 -1.69683856971477e-07 -5.77801414997544e-08  8.86058709624852e-05  2.08119287947659e-17 -8.00366663262689e-19 -1.15090442194928e-18 -4.51232633148397e-17 -9.62520391182777e-05
-1.07087801922582e-08       1.9999995053653 -3.13675715047821e-06  3.07900453308363e-05 -0.000310769711516848  1.42790473894981e-16 -2.98534559003526e-17 -1.57507663966918e-18 -5.01998593958738e-16 -0.000611054068751768
-1.69683856971477e-07 -3.13675715047821e-06      1.99940980195365 -0.000657027770787547    0.0109416684306192  1.11185084056628e-17  2.65794765194862e-17 -9.42527691567895e-18 -6.83636501370352e-17  -0.00342868902155265
-5.77801414997544e-08  3.07900453308363e-05 -0.000657027770787547      1.99659197897618     0.039384193164451 -3.27525537407548e-17  2.01482388886489e-17   -4.264793513052e-17  9.74875137377356e-17    0.0416178821128802
 8.86058709624852e-05 -0.000310769711516848    0.0109416684306192     0.039384193164451      1.19922204329061  1.14656711010116e-16  1.01579001839649e-16 -1.90543117628787e-16  1.06136426789238e-17   -0.0789548147882965
 2.08119287947659e-17  1.42790473894981e-16  1.11185084056628e-17 -3.27525537407548e-17  1.14656711010116e-16       1.0388019250663 -1.02444328876478e-17 -8.91033830309835e-06  -0.00266720481542036 -4.85515103766487e-17
-8.00366663262689e-19 -2.98534559003526e-17  2.65794765194862e-17  2.01482388886489e-17  1.01579001839649e-16 -1.02444328876478e-17      1.03880192506634  -0.00266720481542067  8.91033830274243e-06  1.49197705886076e-16
-1.15090442194928e-18 -1.57507663966918e-18 -9.42527691567895e-18   -4.264793513052e-17 -1.90543117628787e-16 -8.91033830309835e-06  -0.00266720481542067     0.961265408537764  1.34372336571633e-16 -4.21519588569631e-17
-4.51232633148397e-17 -5.01998593958738e-16 -6.83636501370352e-17  9.74875137377356e-17  1.06136426789238e-17  -0.00266720481542036  8.91033830274243e-06  1.34372336571633e-16       0.9612654085378 -1.28511861833059e-16
-9.62520391182777e-05 -0.000611054068751768  -0.00342868902155265    0.0416178821128802   -0.0789548147882965 -4.85515103766487e-17  1.49197705886076e-16 -4.21519588569631e-17 -1.28511861833059e-16     0.804642061798876
TOTAL ENERGY: -127.146540123613	 lambda: 0.9	 population of target: 7.02623011403724
1RDM: 
     1.99999992005875 -1.13636978403223e-08  3.56176552179496e-07  7.11015158408194e-07  9.38115743508842e-05  2.22999941507692e-17 -6.37131486827746e-19 -1.34820817820733e-18 -4.73334177336256e-17 -0.000134272838155772
-1.13636978403223e-08      1.99999942902539 -7.07386045708558e-06   3.2046504717838e-05 -0.000326233209651542  1.41708042173524e-16 -2.98788463867105e-17 -1.31958643782561e-18 -5.05300463461747e-16 -0.000656802882956495
 3.56176552179496e-07 -7.07386045708558e-06      1.99909800227934 -0.000724656965682798    0.0113552296663013    1.908991672786e-17  3.10034507238161e-17 -1.48481116052274e-17 -7.92600100301569e-17  -0.00588974891371029
 7.11015158408194e-07   3.2046504717838e-05 -0.000724656965682798      1.99645043171315    0.0406050835532332 -3.24931340989646e-17  2.12399348929146e-17 -4.48500576455165e-17  9.98312636663188e-17    0.0423831067047334
 9.38115743508842e-05 -0.000326233209651542    0.0113552296663013    0.0406050835532332      1.23019852145832  1.46983357680778e-16  1.35735241727456e-16 -2.45575253732914e-16 -7.03298324051196e-18    -0.101579428365042
 2.22999941507692e-17  1.41708042173524e-16    1.908991672786e-17 -3.24931340989646e-17  1.46983357680778e-16       1.0453336650381 -2.70468550303277e-15  -1.1331340223081e-05  -0.00339189996365802 -6.08914816925963e-17
-6.37131486827746e-19 -2.98788463867105e-17  3.10034507238161e-17  2.12399348929146e-17  1.35735241727456e-16 -2.70468550303277e-15      1.04533366503816  -0.00339189996366016  1.13313402232106e-05  1.85004369880817e-16
-1.34820817820733e-18 -1.31958643782561e-18 -1.48481116052274e-17 -4.48500576455165e-17 -2.45575253732914e-16  -1.1331340223081e-05  -0.00339189996366016     0.954742245309296    2.928026585962e-15 -4.62489155203156e-17
-4.73334177336256e-17 -5.05300463461747e-16 -7.92600100301569e-17  9.98312636663188e-17 -7.03298324051196e-18  -0.00339189996365802  1.13313402232106e-05    2.928026585962e-15     0.954742245309363 -1.60479614587294e-16
-0.000134272838155772 -0.000656802882956495  -0.00588974891371029    0.0423831067047334    -0.101579428365042 -6.08914816925963e-17  1.85004369880817e-16 -4.62489155203156e-17 -1.60479614587294e-16     0.774101874770168
TOTAL ENERGY: -127.118826255413	 lambda: 1	 population of target: 7.05516224575042
1RDM: 
     1.99999988020346 -3.45955907674267e-09  1.80941384174003e-06  2.00719012696503e-06   8.9273750530601e-05  2.34726822236433e-17 -4.70993678888665e-19 -1.56373190252218e-18 -4.97642810179669e-17 -0.000187756571031162
-3.45955907674267e-09      1.99999928617257 -1.69260390948577e-05  3.15667743195197e-05 -0.000346074583189423  1.39381233066846e-16 -2.96993822900357e-17 -1.05887408448038e-18  -5.1127181883381e-16  -0.00071380157330577
 1.80941384174003e-06 -1.69260390948577e-05      1.99833338405816 -0.000865666759382993     0.011052007599037  2.68998042526935e-17  3.54552268517051e-17 -2.09748255094318e-17 -9.28143417399694e-17  -0.00939183632332814
 2.00719012696503e-06  3.15667743195197e-05 -0.000865666759382993      1.99634304741818    0.0413576740502622 -3.11784409777179e-17   2.3154027558751e-17 -4.88129372033615e-17  1.02001702883775e-16    0.0431129415773992
  8.9273750530601e-05 -0.000346074583189423     0.011052007599037    0.0413576740502622      1.28763104008874  2.26155670581026e-16  1.97241607853705e-16 -3.43680692181434e-16 -6.57921916659361e-17    -0.149441243273597
 2.34726822236433e-17  1.39381233066846e-16  2.68998042526935e-17 -3.11784409777179e-17  2.26155670581026e-16      1.05785606052873 -1.62744297258682e-15 -1.63310525154854e-05  -0.00488850330518957  -8.4553533602583e-17
-4.70993678888665e-19 -2.96993822900357e-17  3.54552268517051e-17   2.3154027558751e-17  1.97241607853705e-16 -1.62744297258682e-15      1.05785606052879  -0.00488850330518585  1.63310525159079e-05  2.44475036699401e-16
-1.56373190252218e-18 -1.05887408448038e-18 -2.09748255094318e-17 -4.88129372033615e-17 -3.43680692181434e-16 -1.63310525154854e-05  -0.00488850330518585      0.94224146476165  1.84347465551719e-15  -4.2720361860617e-17
-4.97642810179669e-17  -5.1127181883381e-16 -9.28143417399694e-17  1.02001702883775e-16 -6.57921916659361e-17  -0.00488850330518957  1.63310525159079e-05  1.84347465551719e-15     0.942241464761714 -2.28772863733829e-16
-0.000187756571031162  -0.00071380157330577  -0.00939183632332814    0.0431129415773992    -0.149441243273597  -8.4553533602583e-17  2.44475036699401e-16  -4.2720361860617e-17 -2.28772863733829e-16     0.717498311478038
-------------------general-----------------------
mullikenoperator: 
  0.00412219714836138    0.0640679269250181  -0.00074943566003597 -0.000702723496189121 -0.000161539780999547  3.24425968829723e-16  1.77028525062389e-17  -2.2234622996281e-17 -3.65546464954591e-16  5.05641404413788e-05
   0.0640679269250181     0.995703965007247   -0.0130149748249251  -0.00144921176039363 -0.000879739661147408 -1.47700731161477e-16 -6.01418731398968e-17  2.82403951418095e-17 -1.76460854548248e-16 -0.000891677468703691
 -0.00074943566003597   -0.0130149748249251    0.0145869626220037    -0.119539954729718   0.00144293467893946  7.02703470194667e-17  4.59748940606451e-17 -4.64205534751699e-17 -7.97915812301874e-17   -0.0186851912986407
-0.000702723496189123  -0.00144921176039364    -0.119539954729718     0.980236615061103    0.0612923258533219  3.40039588787252e-17 -8.14636632579387e-18 -1.30842313278437e-17  4.53452727295271e-17    0.0422556667933732
-0.000161539780999548 -0.000879739661147411   0.00144293467893946    0.0612923258533219     0.341901787918464  1.13164183670037e-16  2.50226648135316e-17 -4.93130114408103e-17 -8.29689322321337e-17     -0.47129607173271
 3.24425968829678e-16 -1.47700731161521e-16  7.02703470199137e-17   3.4003958878824e-17  1.13164183663128e-16     0.470508025711111  6.51243598200431e-16  -0.00166748615983476    -0.499141672563038 -8.01051889557878e-17
 1.77028525062528e-17  -6.0141873139891e-17  4.59748940608092e-17 -8.14636632536717e-18  2.50226648110985e-17  6.54121274878354e-16     0.470508025711166    -0.499141672563041   0.00166748615983452  3.17492694764233e-17
-2.22346229962954e-17   2.8240395141811e-17 -4.64205534753237e-17 -1.30842313285054e-17 -4.93130114386905e-17  -0.00166748615983476    -0.499141672563041     0.529491974288834 -2.91704047906138e-16 -4.69302926108618e-18
-3.65546464954542e-16 -1.76460854548237e-16 -7.97915812305926e-17  4.53452727287546e-17 -8.29689322235277e-17    -0.499141672563038   0.00166748615983453 -2.91378963820686e-16     0.529491974288889  4.26601709668218e-17
 5.05641404413798e-05 -0.000891677468703691   -0.0186851912986407    0.0422556667933732     -0.47129607173271 -8.01051889683015e-17  3.17492694709867e-17 -4.69302925594058e-18  4.26601709821033e-17     0.663448472242821
selected BF: 
0 1 2 3 4
selected lambdas: 
  -1 -0.9 -0.8 -0.7 -0.6 -0.5 -0.4 -0.3 -0.2 -0.1    0  0.1  0.2  0.3  0.4  0.5  0.6  0.7  0.8  0.9    1
RHF C: 
 6.29805706896559e-05     0.995329780503214    -0.249466700511678   -0.0742432793351302  -0.00439276262295812  6.75147390198841e-13 -2.46150900042457e-13  4.53678613576728e-14  1.32257085269371e-13    0.0104753038665161
 -0.00034363969293726    0.0191360233590183     0.985414364319953     0.294116293599545    0.0176307687498498 -2.75134881941642e-12  1.00327684142112e-12 -1.81253815155461e-13 -5.28296033751943e-13   -0.0433625537768754
 3.46279150559031e-16 -1.18520481189329e-15 -4.27103771528025e-13  6.16917523390566e-13  2.75803700220513e-11  -0.00672079038619286    -0.172851749499607     0.984220814214226   -0.0380310126778398 -1.53166175814606e-12
 -1.4942460719224e-15  3.86632784901947e-15  1.35428442627742e-12 -1.97756851324303e-12 -8.78705607458753e-11    -0.172851749497302   0.00672079038628451   -0.0380310126778236    -0.984220814214631  4.91015774687534e-12
-0.000524747438020348  0.000103649272063568    0.0300481291988359   -0.0457403165999295    -0.996335493487243  1.03516572743277e-11 -3.62518170693772e-12  3.05620296810189e-11  8.56078805692136e-11   -0.0909379760820244
    0.995075275640344  9.48115883713535e-05   -0.0694810902995498     0.252829045331237   -0.0223451493513142  6.38362745940283e-13 -2.29928838475653e-13  4.56144473094641e-13  1.27727485846202e-12   0.00365598173883758
    0.020011415619872 -0.000351643678755678     0.269645761591481     -0.98964032740469    0.0926563617334809 -2.59124212321961e-12  9.32731043801742e-13  -1.9447376405121e-12 -5.44488316768079e-12   -0.0137482875874868
  3.6018309722909e-15  6.52567630848668e-16  4.11182378834142e-13  -2.8074551331224e-13 -5.95923742063312e-13   -0.0382147937463765    -0.982844810833264    -0.180463145362697   0.00697322802965429 -1.24480597811793e-11
-1.13580711149567e-14 -2.11044151070787e-15 -1.29504274561435e-12  8.85237237524895e-13  1.79201476813142e-12    -0.982844810833687    0.0382147937463597    0.0069732280297462     0.180463145360395  3.83200215425526e-11
-4.12020908081855e-05  0.000464431563311815   -0.0153582622093813     0.016024111761689    0.0387025653548409 -3.86600889786859e-11  1.42227830552069e-11 -4.86706401034068e-13 -1.59629254532959e-12     -1.00084350312058
RDM (no constraint): 
     1.99999995950153  5.18797515841742e-08  6.43066041438639e-06  7.13330554732531e-06  1.89560834920726e-05 -1.33328841916366e-14  4.80223595342411e-15  1.11463037850291e-16  5.09577396362436e-16 -5.72923824539861e-05
 5.18797515841742e-08      1.99999859811069 -8.11732079012343e-05  -3.6023625780867e-05 -0.000182256938955291 -5.62874398534335e-15  2.08053767419961e-15  7.21495988266662e-15  2.02650673098838e-14 -0.000171752085807537
 6.43066041438639e-06 -8.11732079012343e-05      1.99329782233078  -0.00449373784393909   -0.0259059571713916 -4.42182701289569e-13  1.59787427539802e-13  1.39221277886435e-12  3.89348810067954e-12   0.00812304489304923
 7.13330554732531e-06  -3.6023625780867e-05  -0.00449373784393909      1.99487898148582   -0.0515175685042021  1.72742405927493e-12 -6.21976697700076e-13  7.86909520247672e-13  2.19820815793375e-12   0.00868638786867167
 1.89560834920726e-05 -0.000182256938955291   -0.0259059571713916   -0.0515175685042021     0.899462373850082 -9.88144257114299e-12  3.74868315114215e-12  2.69016884204854e-12  7.42664163948792e-12    -0.516586004986599
-1.33328841916366e-14 -5.62874398534335e-15 -4.42182701289569e-13  1.72742405927493e-12 -9.88144257114299e-12      1.04044078992038 -4.59882396298365e-16 -2.20567652054679e-05    0.0916263783904847  1.00721958471979e-11
 4.80223595342411e-15  2.08053767419961e-15  1.59787427539802e-13 -6.21976697700076e-13  3.74868315114215e-12 -4.59882396298365e-16      1.04044078992075   -0.0916263783901834 -2.20567652063155e-05 -3.61715479124941e-12
 1.11463037850291e-16  7.21495988266662e-15  1.39221277886435e-12  7.86909520247672e-13  2.69016884204854e-12 -2.20567652054679e-05   -0.0916263783901834     0.959820529430059 -5.46054396464812e-16  1.43915955258383e-11
 5.09577396362436e-16  2.02650673098838e-14  3.89348810067954e-12  2.19820815793375e-12  7.42664163948792e-12    0.0916263783904847 -2.20567652063155e-05 -5.46054396464812e-16     0.959820529430427  4.04633446186257e-11
-5.72923824539861e-05 -0.000171752085807537   0.00812304489304923   0.00868638786867167    -0.516586004986599  1.00721958471979e-11 -3.61715479124941e-12  1.43915955258383e-11  4.04633446186257e-11      1.11183962601951
RDM Eigenvectors: 
    0.997849608504717   -0.0643836988786698    -0.012261807135079 -0.000728932798887582 -0.000121137208808876  8.90226157940829e-15 -3.21034181276259e-15 -2.39132262630133e-15  6.97204309606545e-15 -1.39362055688789e-05
   0.0642046414944842     0.997736785938281   -0.0147776551129635    0.0134410954947886  -2.4805140031908e-05 -9.66835743565888e-16  3.51933847604805e-16 -1.44970530861672e-15  3.71712631038588e-15 -0.000165051750825822
 -0.00520833353458743   -0.0177860791536406    -0.385687695432446     0.921074183829166    0.0492453478966048  1.28560603981687e-14 -6.60115106747069e-15 -6.50825576651557e-13  1.84634018808555e-12  -0.00993850271017754
   0.0120963977388795   0.00772104075919911     0.920400319088286     0.380882558351946    0.0840745273531337  7.07296345648019e-13 -2.45432265281316e-13  7.05017292596471e-13 -2.01663723813238e-12   -0.0227434805415176
-0.000597293634632955  2.80985187305208e-05   -0.0503192714813352   -0.0629222797893854     0.626232120540524  5.85108796665271e-11 -2.06692496002283e-11  2.25005869294886e-11 -6.42354422014703e-11    -0.775462269409544
 2.14747259170283e-14  1.01646201387429e-14  2.88501746202054e-12  2.00357866391113e-12 -3.82081475599372e-11     0.837460342549002    0.0025612217650103     0.003496981951327     0.546480910845029 -1.32509428803511e-11
-7.82222948244253e-15 -3.45762319954239e-15 -1.04810851524549e-12 -7.31297201203762e-13  1.39467453926583e-11  -0.00256122176501615     0.837460342550251     0.546480910843114  -0.00349698195131198  5.02139733554488e-12
 6.60203610620657e-15  -1.4658145682376e-14  6.22929957104023e-13  2.11488183622702e-12 -1.86187262869523e-11   0.00153978616271895    -0.546489930243239     0.837448378938153  -0.00515730696895095  2.41609822873866e-11
 1.86803960365515e-14 -4.16072293252332e-14  1.74791757880064e-12  5.92617953139964e-12 -5.23460012205268e-11     0.546489930245153   0.00153978616272837  -0.00515730696894081    -0.837448378936904  6.75468272454637e-11
 0.000341293711746332 -0.000292288654646717    0.0347490162007795    0.0490959972064272    -0.773524198376942 -3.09845308945617e-11   1.1262258023417e-11  8.12332109362075e-12 -2.23660167155611e-11    -0.630905857908008
Total C: 
   0.0643750653340514     0.996933695078891    0.0137583334604649    -0.243886332891827   -0.0294055300769453  1.08933429894148e-16 -1.26128745378303e-17 -1.66907051865614e-17 -4.74710788976455e-16  0.000801085357225116
-0.000714228336832183   0.00387223502526862    -0.112030010175149      1.01668266133305     0.117837266871112  1.31847585870195e-16 -6.00138981584418e-17   3.6074504817721e-17 -3.22277692000753e-17  -0.00280023193050381
-4.47225928144555e-17    6.243948186813e-17 -9.14957894017395e-17  1.69456821671895e-17 -7.71699189390289e-16   -0.0244537596307598    -0.682699022511918     0.729946578997562    0.0237047568486598   9.7906911309994e-16
 -4.5871660666196e-16  4.21224427781325e-16 -7.05435145916213e-17   -2.408963532661e-17  1.12699148931185e-15    -0.682699022511878    0.0244537596307603    -0.023704756848659     0.729946578997601 -1.68973576059237e-15
-0.000662689713668301 -0.000751816793385963  -0.00670882205871107    0.0684836530020029    -0.555960367733114 -1.47505507572687e-15  9.12905330499154e-16 -9.31410219621855e-16  1.55043473310313e-15     0.830735535481912
    0.996376357338426   -0.0607858268307064     0.248550546788856    0.0331623682467159  0.000893078424187211 -1.04926076777987e-17  1.09040180006937e-17 -2.52687686148078e-19  2.15391640822394e-17   0.00994768223983819
  0.00651028274513533   -0.0140696289801932     -1.02024464523573    -0.135097438829001   -0.0012681358171002  4.58053866393634e-17 -4.48067160259357e-17  9.25352280045349e-18 -7.42906955793558e-17   -0.0433498678166594
 1.21199565577197e-17 -7.51097512855482e-17  3.89616360739821e-17  3.20951869223666e-18 -6.28579477394522e-17   -0.0259531664947414    -0.724559399514885    -0.688404095505179   -0.0223556794020237 -5.10468465930827e-17
 3.98540596908247e-18 -3.89022089120785e-16  3.61618568529727e-17 -2.58006894090103e-17  7.00670970881171e-16    -0.724559399514924     0.025953166494741    0.0223556794020245    -0.688404095505139  4.77066150503477e-16
-0.000102168236769249   0.00115654197143174   -0.0160600796589231   -0.0596091851229852     0.799004348152485  4.96834333034702e-16 -2.00067317147926e-17 -1.23563722054085e-16   7.2140706684916e-16     0.601213767781414
Basis set used: STO-3G
Naturals: 
 1.99999998480526  1.99999980820243  1.99990700475224  1.99364110495595  1.52859764431288  1.10023210973395  1.10023210973383 0.900029209616983 0.900029209616855 0.477331814269638
Naturals: 
 1.99999998480527  1.99999980820241  1.99990700475363  1.99364110444656  1.52859766329748  1.10023211149718  1.10023211149691 0.900029207855671 0.900029207855409 0.477331795789526
Version: Tmhuysen's fci hack
