Naturals in-correctThe Davidson algorithm did not converge.lambda: -1
The Davidson algorithm did not converge.lambda: -0.9
The Davidson algorithm did not converge.lambda: -0.8
The Davidson algorithm did not converge.lambda: -0.7
The Davidson algorithm did not converge.lambda: -0.6
The Davidson algorithm did not converge.lambda: -0.5
The Davidson algorithm did not converge.lambda: -0.4
The Davidson algorithm did not converge.lambda: -0.3
The Davidson algorithm did not converge.lambda: -0.2
TOTAL ENERGY: -127.160222013096	 lambda: -0.1	 population of target: 6.43714706475206
1RDM: 
     1.99999998292806   7.5223110019271e-09  1.19180937780393e-06 -4.31126625779434e-06 -8.88162833983874e-06 -1.16797620354682e-15  1.50569052942445e-15   -1.084896507855e-15 -9.72282051078559e-16  5.57427062180818e-05
  7.5223110019271e-09      1.99999931076787 -1.36081011566371e-06 -5.14506297695899e-05  0.000110382763679493 -4.85621895278585e-15  6.13491581629375e-15 -5.00511371877797e-15 -4.21840850957826e-15  -0.00059556753994206
 1.19180937780393e-06 -1.36081011566371e-06      1.99971428530317  0.000955385152406102   0.00012400704186675   3.8320182433658e-14 -1.39223778960954e-14  6.89592196692675e-14  2.97421227430842e-14  -0.00768389659413315
-4.31126625779434e-06 -5.14506297695899e-05  0.000955385152406102      1.97789742246196   0.00428045736812963 -3.38338063404988e-13  4.90264247848624e-13 -3.57031561677774e-13 -3.86419577631887e-13   -0.0609214164630197
-8.88162833983874e-06  0.000110382763679493   0.00012400704186675   0.00428045736812963      1.75858613462412   1.3278056305767e-11 -1.89639949783588e-11  1.57681766215411e-11  1.58796186125634e-11     0.297391956988975
-1.16797620354682e-15 -4.85621895278585e-15   3.8320182433658e-14 -3.38338063404988e-13   1.3278056305767e-11      1.13390478321776 -2.22393920007225e-14  7.99775247538352e-06    0.0101910317072258  -2.4922378294026e-11
 1.50569052942445e-15  6.13491581629375e-15 -1.39223778960954e-14  4.90264247848624e-13 -1.89639949783588e-11 -2.22393920007225e-14      1.13390478321794   -0.0101910317072765  7.99775246547703e-06  2.80240075920089e-11
  -1.084896507855e-15 -5.00511371877797e-15  6.89592196692675e-14 -3.57031561677774e-13  1.57681766215411e-11  7.99775247538352e-06   -0.0101910317072765     0.866776636901432 -2.18949466933612e-14 -2.60765033445749e-11
-9.72282051078559e-16 -4.21840850957826e-15  2.97421227430842e-14 -3.86419577631887e-13  1.58796186125634e-11    0.0101910317072258  7.99775246547703e-06 -2.18949466933612e-14     0.866776636901602 -1.98910358926881e-11
 5.57427062180818e-05  -0.00059556753994206  -0.00768389659413315   -0.0609214164630197     0.297391956988975  -2.4922378294026e-11  2.80240075920089e-11 -2.60765033445749e-11 -1.98910358926881e-11     0.262440023676133
TOTAL ENERGY: -127.182862872198	 lambda: 0	 population of target: 6.83466797671279
1RDM: 
     1.99999998785602  1.82174575010614e-16 -2.37696748101718e-14  4.27253599350008e-13  3.51838982708381e-12  1.78255894658087e-16 -8.12729020654915e-17   6.6258867092771e-17  8.03734241395234e-17  1.43450187259401e-12
 1.82174575010614e-16      1.99999983554311  1.76222848118056e-13  5.76533762195901e-13 -1.18507401677014e-11 -7.44025372406133e-17  6.15048592376296e-16 -6.88018363282152e-17 -9.66660927150025e-17 -2.28595277656093e-11
-2.37696748101718e-14  1.76222848118056e-13      1.99992292479215  8.59642669473908e-12 -4.08264460901067e-10  7.66735277947741e-15 -3.02135842124189e-15 -3.38305211230909e-15 -8.43092534384488e-15 -5.87892109513279e-11
 4.27253599350008e-13  5.76533762195901e-13  8.59642669473908e-12      1.99439530019136  -3.2506064865516e-10  1.86395941401107e-14 -7.61299743546381e-15 -2.38422894225466e-15  -1.1664112303671e-14 -3.69538571563441e-10
 3.51838982708381e-12 -1.18507401677014e-11 -4.08264460901067e-10  -3.2506064865516e-10      1.49363912921301 -2.59404491744298e-12  1.60608684443198e-12 -1.24484988743905e-12 -1.55874977870845e-12  2.21590372668758e-09
 1.78255894658087e-16 -7.44025372406133e-17  7.66735277947741e-15  1.86395941401107e-14 -2.59404491744298e-12      1.08812941668695  1.20218113068464e-14 -2.13700071424993e-11 -5.13776171128231e-10  3.00257935550737e-12
-8.12729020654915e-17  6.15048592376296e-16 -3.02135842124189e-15 -7.61299743546381e-15  1.60608684443198e-12  1.20218113068464e-14      1.08812941668681  5.13770358611403e-10 -2.13684382156425e-11 -2.15995867605484e-12
  6.6258867092771e-17 -6.88018363282152e-17 -3.38305211230909e-15 -2.38422894225466e-15 -1.24484988743905e-12 -2.13700071424993e-11  5.13770358611403e-10     0.912079851208266  1.18716677432435e-14  2.15669570776502e-12
 8.03734241395234e-17 -9.66660927150025e-17 -8.43092534384488e-15  -1.1664112303671e-14 -1.55874977870845e-12 -5.13776171128231e-10 -2.13684382156425e-11  1.18716677432435e-14     0.912079851208126  3.32807355239295e-12
 1.43450187259401e-12 -2.28595277656093e-11 -5.87892109513279e-11 -3.69538571563441e-10  2.21590372668758e-09  3.00257935550737e-12 -2.15995867605484e-12  2.15669570776502e-12  3.32807355239295e-12     0.511624286614241
TOTAL ENERGY: -127.178624543296	 lambda: 0.1	 population of target: 6.94539673951839
1RDM: 
     1.99999998553295 -2.48443132369061e-09  1.58945904697626e-07  9.38737239135736e-07  -1.6894101872593e-05  4.53560942086676e-19  3.18023388869672e-17 -1.81619029377626e-18 -2.63141854023978e-18 -1.55569100553044e-05
-2.48443132369061e-09      1.99999987392485  2.62730677150172e-07 -4.18218730795825e-07  7.11523305456147e-05   6.3431778171208e-18  5.88523236507969e-16 -3.29741894099162e-17 -4.65190889752384e-17  0.000214625042827066
 1.58945904697626e-07  2.62730677150172e-07      1.99989624536748 -0.000261610111724403    0.0028295483531946  2.16034479513176e-18  1.12763611092034e-17 -3.28719473183236e-18 -2.90041229606487e-18   0.00247293880115974
 9.38737239135736e-07 -4.18218730795825e-07 -0.000261610111724403      1.99767484670266    0.0117682405662209 -2.00215842287139e-17 -3.68607940938968e-18  2.24752782169325e-18  3.04177503586477e-17     0.020169029396396
 -1.6894101872593e-05  7.11523305456147e-05    0.0028295483531946    0.0117682405662209      1.30813656483473 -1.13164620273345e-17  4.03181964001778e-17  4.41981708414806e-17  4.45770621838048e-17   -0.0464945213513145
 4.53560942086676e-19   6.3431778171208e-18  2.16034479513176e-18 -2.00215842287139e-17 -1.13164620273345e-17      1.05535152711829  2.94956408835489e-15  -1.1255510827998e-06  -0.00143401770971935 -4.99130869838257e-17
 3.18023388869672e-17  5.88523236507969e-16  1.12763611092034e-17 -3.68607940938968e-18  4.03181964001778e-17  2.94956408835489e-15       1.0553515271183   0.00143401770971446 -1.12555108313062e-06  5.66572852519444e-17
-1.81619029377626e-18 -3.29741894099162e-17 -3.28719473183236e-18  2.24752782169325e-18  4.41981708414806e-17  -1.1255510827998e-06   0.00143401770971446     0.944744851752453  2.94715590284978e-15  3.78417300963768e-17
-2.63141854023978e-18 -4.65190889752384e-17 -2.90041229606487e-18  3.04177503586477e-17  4.45770621838048e-17  -0.00143401770971935 -1.12555108313062e-06  2.94715590284978e-15     0.944744851752462  9.66079110589435e-18
-1.55569100553044e-05  0.000214625042827066   0.00247293880115974     0.020169029396396   -0.0464945213513145 -4.99130869838257e-17  5.66572852519444e-17  3.78417300963768e-17  9.66079110589435e-18     0.694099725895814
TOTAL ENERGY: -127.174332705754	 lambda: 0.2	 population of target: 6.97579784110179
1RDM: 
     1.99999998322641 -2.25692140406126e-09  3.11016383727937e-07   1.1325783003785e-06 -2.91835285008227e-05   6.3371326486642e-19  3.18865025753174e-17 -2.11016789661217e-18 -2.76103913061894e-18 -1.28808307576333e-05
-2.25692140406126e-09      1.99999983667474  1.41127792791873e-07 -6.11629588872527e-06  0.000132983252136431  6.25004089222442e-18  5.97255457527337e-16 -3.26618058241564e-17 -4.56763817808861e-17  0.000304465044804751
 3.11016383727937e-07  1.41127792791873e-07      1.99985952447546 -0.000345965807581788   0.00460282268891336  3.25003562517632e-18  1.42382538939014e-17 -2.00137614742784e-18 -4.11501652186635e-18   0.00272911630089945
  1.1325783003785e-06 -6.11629588872527e-06 -0.000345965807581788      1.99809024712406    0.0194540902246002 -2.23880650041776e-17 -3.89614989660963e-18  3.72262923634257e-18  3.91259401803691e-17     0.027069207887941
-2.91835285008227e-05  0.000132983252136431   0.00460282268891336    0.0194540902246002      1.22801154468128 -5.27496945735532e-17  6.51570127495779e-17  4.61317011409387e-17   6.9020317921165e-17    -0.049492417936706
  6.3371326486642e-19  6.25004089222442e-18  3.25003562517632e-18 -2.23880650041776e-17 -5.27496945735532e-17      1.04114388176874 -2.08860342602594e-15 -1.19421852486147e-06  -0.00152160393270495 -5.77513742267037e-17
 3.18865025753174e-17  5.97255457527337e-16  1.42382538939014e-17 -3.89614989660963e-18  6.51570127495779e-17 -2.08860342602594e-15       1.0411438817685   0.00152160393269339 -1.19421852486788e-06  4.16286776595141e-17
-2.11016789661217e-18 -3.26618058241564e-17 -2.00137614742784e-18  3.72262923634257e-18  4.61317011409387e-17 -1.19421852486147e-06   0.00152160393269339     0.958924621970905 -2.27349772964989e-15  6.22582964043055e-17
-2.76103913061894e-18 -4.56763817808861e-17 -4.11501652186635e-18  3.91259401803691e-17   6.9020317921165e-17  -0.00152160393270495 -1.19421852486788e-06 -2.27349772964989e-15     0.958924621970665  4.58150242630053e-17
-1.28808307576333e-05  0.000304465044804751   0.00272911630089945     0.027069207887941    -0.049492417936706 -5.77513742267037e-17  4.16286776595141e-17  6.22582964043055e-17  4.58150242630053e-17      0.77390185633927
TOTAL ENERGY: -127.171424046726	 lambda: 0.3	 population of target: 6.98773804616735
1RDM: 
     1.99999998105218 -2.03161335682556e-09  3.76411847404808e-07  1.11676947045399e-06 -3.83391575990193e-05  8.28215387757194e-19  3.17049196648934e-17 -2.49299455706953e-18 -2.93581369107155e-18 -4.45363496694934e-06
-2.03161335682556e-09      1.99999979348371  3.28642062364167e-08 -1.11048131859446e-05  0.000178185696788404  6.16694268581419e-18  6.01445096082277e-16 -3.25291466284143e-17 -4.51829130630495e-17    0.0003602189357917
 3.76411847404808e-07  3.28642062364167e-08      1.99983009409185 -0.000386247801787142   0.00576893495253991   3.7797355090822e-18  1.76237356128564e-17  6.10617974295031e-19 -4.70771436776396e-18   0.00232589810215879
 1.11676947045399e-06 -1.11048131859446e-05 -0.000386247801787142       1.9980223091591    0.0243995226650902 -2.24701469047317e-17 -4.18800235902768e-18  4.44072216229905e-18  4.34374067194778e-17    0.0304660598087408
-3.83391575990193e-05  0.000178185696788404   0.00576893495253991    0.0243995226650902      1.18891596823931 -7.00403301840232e-17  7.22121322301109e-17  5.34978331515679e-17  8.67671002594842e-17   -0.0480161373270679
 8.28215387757194e-19  6.16694268581419e-18   3.7797355090822e-18 -2.24701469047317e-17 -7.00403301840232e-17      1.03420606774008 -5.71082632206115e-17 -1.16005743743692e-06   -0.0014781989371275  -6.8305500258233e-17
 3.17049196648934e-17  6.01445096082277e-16  1.76237356128564e-17 -4.18800235902768e-18  7.22121322301109e-17 -5.71082632206115e-17      1.03420606774006   0.00147819893712281 -1.16005743746633e-06  4.17088172658548e-17
-2.49299455706953e-18 -3.25291466284143e-17  6.10617974295031e-19  4.44072216229905e-18  5.34978331515679e-17 -1.16005743743692e-06   0.00147819893712281     0.965852786566504 -6.75144617174093e-17  6.59168993500221e-17
-2.93581369107155e-18 -4.51829130630495e-17 -4.70771436776396e-18  4.34374067194778e-17  8.67671002594842e-17   -0.0014781989371275 -1.16005743746633e-06 -6.75144617174093e-17     0.965852786566491  5.72794499363301e-17
-4.45363496694934e-06    0.0003602189357917   0.00232589810215879    0.0304660598087408   -0.0480161373270679  -6.8305500258233e-17  4.17088172658548e-17  6.59168993500221e-17  5.72794499363301e-17     0.813114145360743
TOTAL ENERGY: -127.169292558298	 lambda: 0.4	 population of target: 6.99390606883197
1RDM: 
     1.99999997854593  -2.3046750402271e-09  3.88841471777259e-07  1.00435622982174e-06 -4.62594908406293e-05   1.0275043584794e-18  3.13998426881022e-17 -2.91738811031941e-18 -3.13067285274762e-18  6.95972296532181e-06
 -2.3046750402271e-09      1.99999975221041   3.3301965677941e-08 -1.51686148441195e-05  0.000212034143795179  6.07510170181825e-18  6.03540335196042e-16 -3.25286119224281e-17 -4.48506227589608e-17  0.000403087074693714
 3.88841471777259e-07   3.3301965677941e-08      1.99980230110757 -0.000411072915935974    0.0066556253322201  4.14159679947758e-18  2.13532394165031e-17   4.0025117602116e-18 -5.15199284799985e-18   0.00162346448473067
 1.00435622982174e-06 -1.51686148441195e-05 -0.000411072915935974      1.99786048067194    0.0278640367430696 -2.19519271690158e-17  -4.4294867447277e-18  4.88775404738769e-18  4.59711611187043e-17      0.03255980645854
-4.62594908406293e-05  0.000212034143795179    0.0066556253322201    0.0278640367430696       1.1686734388921 -8.62441252601004e-17  7.89981771191714e-17  6.02735523227313e-17  1.03907866094633e-16   -0.0471284059352795
  1.0275043584794e-18  6.07510170181825e-18  4.14159679947758e-18 -2.19519271690158e-17 -8.62441252601004e-17      1.03062500345449 -9.35210906971519e-16 -1.14066228809472e-06  -0.00145362813962699 -7.80770847795673e-17
 3.13998426881022e-17  6.03540335196042e-16  2.13532394165031e-17  -4.4294867447277e-18  7.89981771191714e-17 -9.35210906971519e-16       1.0306250034546   0.00145362813962824 -1.14066228805399e-06  4.25051978662696e-17
-2.91738811031941e-18 -3.25286119224281e-17   4.0025117602116e-18  4.88775404738769e-18  6.02735523227313e-17 -1.14066228809472e-06   0.00145362813962824     0.969429840991344 -8.51035721746912e-16  6.98770581917656e-17
-3.13067285274762e-18 -4.48506227589608e-17 -5.15199284799985e-18  4.59711611187043e-17  1.03907866094633e-16  -0.00145362813962699 -1.14066228805399e-06 -8.51035721746912e-16     0.969429840991449  6.77634766127112e-17
 6.95972296532181e-06  0.000403087074693714   0.00162346448473067      0.03255980645854   -0.0471284059352795 -7.80770847795673e-17  4.25051978662696e-17  6.98770581917656e-17  6.77634766127112e-17     0.833554359680241
TOTAL ENERGY: -127.167481392579	 lambda: 0.5	 population of target: 6.99795310035561
1RDM: 
     1.99999997526613 -3.13188266222793e-09  3.66562109767497e-07  8.27263258278361e-07 -5.38694480635674e-05  1.22862027529566e-18  3.10212165697214e-17 -3.36907827307422e-18 -3.33732051215203e-18  2.08077393126342e-05
-3.13188266222793e-09      1.99999971313526  1.92835542600357e-07 -1.85006658989187e-05  0.000238009776415876  5.97318718357269e-18  6.04427214451532e-16 -3.26261042013152e-17 -4.46108982489684e-17  0.000440153948415414
 3.66562109767497e-07  1.92835542600357e-07      1.99977006068465 -0.000429871146911519   0.00741304966433973  4.41890714399617e-18  2.54675150596057e-17  8.03226163859029e-18 -5.53500989858615e-18  0.000714360992204474
 8.27263258278361e-07 -1.85006658989187e-05 -0.000429871146911519       1.9976885777988    0.0304571980946974  -2.1283102636801e-17 -4.59250485405039e-18   5.2408978571395e-18  4.76717244910709e-17     0.034028828194621
-5.38694480635674e-05  0.000238009776415876   0.00741304966433973    0.0304571980946974       1.1592215455968 -1.03529615045923e-16  8.75946856056919e-17  6.84069813457844e-17  1.22953056246629e-16   -0.0477265310974376
 1.22862027529566e-18  5.97318718357269e-18  4.41890714399617e-18  -2.1283102636801e-17 -1.03529615045923e-16      1.02898022557953 -4.65379837441538e-16 -1.15631023617427e-06  -0.00147339519301175 -8.88908977364549e-17
 3.10212165697214e-17  6.04427214451532e-16  2.54675150596057e-17 -4.59250485405039e-18  8.75946856056919e-17 -4.65379837441538e-16      1.02898022557934   0.00147339519299907 -1.15631023615758e-06  4.44907419404903e-17
-3.36907827307422e-18 -3.26261042013152e-17  8.03226163859029e-18   5.2408978571395e-18  6.84069813457844e-17 -1.15631023617427e-06   0.00147339519299907     0.971072966624499 -6.12879166363383e-16  7.54996828853483e-17
-3.33732051215203e-18 -4.46108982489684e-17 -5.53500989858615e-18  4.76717244910709e-17  1.22953056246629e-16  -0.00147339519301175 -1.15631023615758e-06 -6.12879166363383e-16     0.971072966624311  7.86636381551523e-17
 2.08077393126342e-05  0.000440153948415414  0.000714360992204474     0.034028828194621   -0.0477265310974376 -8.88908977364549e-17  4.44907419404903e-17  7.54996828853483e-17  7.86636381551523e-17     0.843213743110655
TOTAL ENERGY: -127.165608049508	 lambda: 0.6	 population of target: 7.00136124832424
1RDM: 
     1.99999997067787 -4.43474255214956e-09  3.11405397890097e-07  5.91684289264567e-07 -6.16005132435076e-05  1.43022217161544e-18  3.05872924700401e-17 -3.84370881600968e-18 -3.55282003950882e-18  3.72749442279935e-05
-4.43474255214956e-09      1.99999967509483  5.81009145023213e-07 -2.12512880569287e-05   0.00025823369490874  5.86096784786227e-18  6.04433021005917e-16 -3.28110921584728e-17 -4.44379493724746e-17  0.000474750231322976
 3.11405397890097e-07  5.81009145023213e-07      1.99972598251519 -0.000447581803432052   0.00811268277524362  4.64769693950066e-18  3.00410943743948e-17   1.2705483239472e-17 -5.89172609091343e-18 -0.000391585771942647
 5.91684289264567e-07 -2.12512880569287e-05 -0.000447581803432052      1.99752731004955    0.0324908047474258 -2.05954105272487e-17 -4.64739735256438e-18  5.59484903367192e-18  4.89280063600021e-17      0.03514430475337
-6.16005132435076e-05   0.00025823369490874   0.00811268277524362    0.0324908047474258      1.15753545385154 -1.23827829064235e-16  9.92908272793941e-17  7.91918063215279e-17   1.4617148827084e-16   -0.0502487149020195
 1.43022217161544e-18  5.86096784786227e-18  4.64769693950066e-18 -2.05954105272487e-17 -1.23827829064235e-16      1.02874653396067 -2.51061138679067e-15 -1.21630397031076e-06  -0.00154980654217288 -1.02029238030692e-16
 3.05872924700401e-17  6.04433021005917e-16  3.00410943743948e-17 -4.64739735256438e-18  9.92908272793941e-17 -2.51061138679067e-15       1.0287465339607   0.00154980654217079 -1.21630397011768e-06  4.78232863882396e-17
-3.84370881600968e-18 -3.28110921584728e-17   1.2705483239472e-17  5.59484903367192e-18  7.91918063215279e-17 -1.21630397031076e-06   0.00154980654217079     0.971306356350249 -2.48395127886813e-15  8.35147833487724e-17
-3.55282003950882e-18 -4.44379493724746e-17 -5.89172609091343e-18  4.89280063600021e-17   1.4617148827084e-16  -0.00154980654217288 -1.21630397011768e-06 -2.48395127886813e-15     0.971306356350283  9.09769170204807e-17
 3.72749442279935e-05  0.000474750231322976 -0.000391585771942647      0.03514430475337   -0.0502487149020195 -1.02029238030692e-16  4.78232863882396e-17  8.35147833487724e-17  9.09769170204807e-17     0.845105827189173
TOTAL ENERGY: -127.163172894694	 lambda: 0.7	 population of target: 7.0050971269944
1RDM: 
     1.99999996396307 -5.97933012389128e-09  2.05183500352052e-07  2.88221768037216e-07 -6.95676969519334e-05  1.63103901235961e-18  3.01015495008365e-17 -4.34115092691691e-18 -3.77658015917609e-18  5.70198977232813e-05
-5.97933012389128e-09      1.99999963598179  1.33640592005875e-06 -2.34968734753947e-05  0.000274134223086877  5.73668186119036e-18  6.03608135422501e-16 -3.30934435070851e-17 -4.43267955573197e-17  0.000509080062217009
 2.05183500352052e-07  1.33640592005875e-06      1.99965773531461 -0.000468656424931119   0.00878484751859596  4.84073988630252e-18  3.51614214908963e-17  1.80958186298035e-17 -6.23984099180111e-18   -0.0017285782013382
 2.88221768037216e-07 -2.34968734753947e-05 -0.000468656424931119      1.99738124793396    0.0341363565922553 -1.99479269708476e-17 -4.53930645485291e-18  6.01217646493001e-18  4.99523429808709e-17    0.0360382211180081
-6.95676969519334e-05  0.000274134223086877   0.00878484751859596    0.0341363565922553      1.16304623042888 -1.49584601938234e-16  1.15904119977445e-16  9.44828853512504e-17  1.76671848350667e-16   -0.0554352884374665
 1.63103901235961e-18  5.73668186119036e-18  4.84073988630252e-18 -1.99479269708476e-17 -1.49584601938234e-16      1.02984363935877 -2.49365255527222e-15 -1.33723392784578e-06  -0.00170394411271039 -1.19027537693198e-16
 3.01015495008365e-17  6.03608135422501e-16  3.51614214908963e-17 -4.53930645485291e-18  1.15904119977445e-16 -2.49365255527222e-15      1.02984363935875   0.00170394411270531 -1.33723392755809e-06  5.28320720833547e-17
-4.34115092691691e-18 -3.30934435070851e-17  1.80958186298035e-17  6.01217646493001e-18  9.44828853512504e-17 -1.33723392784578e-06   0.00170394411270531     0.970210127179705 -2.50706859239537e-15  9.49546366972388e-17
-3.77658015917609e-18 -4.43267955573197e-17 -6.23984099180111e-18  4.99523429808709e-17  1.76671848350667e-16  -0.00170394411271039 -1.33723392755809e-06 -2.50706859239537e-15     0.970210127179687  1.05670931681341e-16
 5.70198977232813e-05  0.000509080062217009   -0.0017285782013382    0.0360382211180081   -0.0554352884374665 -1.19027537693198e-16  5.28320720833547e-17  9.49546366972388e-17  1.05670931681341e-16     0.839807653300811
TOTAL ENERGY: -127.159197451878	 lambda: 0.8	 population of target: 7.01037093111445
1RDM: 
     1.99999995364261 -7.13025693421168e-09 -1.13429112572169e-08 -1.13090078924276e-07  -7.7478683410062e-05  1.82893570611446e-18  2.95563291886646e-17 -4.86394264591747e-18 -4.00969466847363e-18  8.13187528615948e-05
-7.13025693421168e-09      1.99999959161711  2.77816218321252e-06 -2.52269740809366e-05  0.000286912674667526  5.59475823385177e-18  6.01767458768267e-16  -3.3510675799725e-17 -4.42896056044454e-17  0.000545270899190751
-1.13429112572169e-08  2.77816218321252e-06      1.99953928100274 -0.000499687278585738   0.00942243594050597  4.99175271434425e-18  4.09276820072176e-17  2.43155714362613e-17 -6.59479573265251e-18  -0.00337913592475002
-1.13090078924276e-07 -2.52269740809366e-05 -0.000499687278585738      1.99725059116296    0.0354874015653924 -1.94068370760703e-17 -4.22489098124084e-18  6.62123909041198e-18  5.09499508891175e-17    0.0367874711766918
 -7.7478683410062e-05  0.000286912674667526   0.00942243594050597    0.0354874015653924      1.17719666972885 -1.84755606483574e-16  1.40849824817317e-16  1.17701856904621e-16  2.19800954637555e-16     -0.06491977808887
 1.82893570611446e-18  5.59475823385177e-18  4.99175271434425e-18 -1.94068370760703e-17 -1.84755606483574e-16      1.03257239313166  8.60957371840149e-16 -1.55553503593569e-06  -0.00198210815405573  -1.4228717810794e-16
 2.95563291886646e-17  6.01767458768267e-16  4.09276820072176e-17 -4.22489098124084e-18  1.40849824817317e-16  8.60957371840149e-16      1.03257239313178   0.00198210815405881 -1.55553503597849e-06  6.00252511408128e-17
-4.86394264591747e-18  -3.3510675799725e-17  2.43155714362613e-17  6.62123909041198e-18  1.17701856904621e-16 -1.55553503593569e-06   0.00198210815405881     0.967483886308167  9.51980484605358e-16  1.11735403151085e-16
-4.00969466847363e-18 -4.42896056044454e-17 -6.59479573265251e-18  5.09499508891175e-17  2.19800954637555e-16  -0.00198210815405573 -1.55553503597849e-06  9.51980484605358e-16     0.967483886308283  1.23807184337506e-16
 8.13187528615948e-05  0.000545270899190751  -0.00337913592475002    0.0367874711766918     -0.06491977808887  -1.4228717810794e-16  6.00252511408128e-17  1.11735403151085e-16  1.23807184337506e-16      0.82590135396588
TOTAL ENERGY: -127.15114149987	 lambda: 0.9	 population of target: 7.01978545941409
1RDM: 
     1.99999993655154 -6.00660072657497e-09 -5.12065325294502e-07 -6.89122722159648e-07 -8.40572341994706e-05  2.01908695016604e-18  2.89287823325963e-17 -5.41670020951351e-18 -4.25527980572418e-18  0.000112684380780679
-6.00660072657497e-09      1.99999953144489  5.76473498129261e-06  -2.6273233132149e-05  0.000298133947383522  5.42006546077254e-18  5.98353844672301e-16  -3.4155859830086e-17 -4.43641300021758e-17  0.000586322578880938
-5.12065325294502e-07  5.76473498129261e-06      1.99930330051031 -0.000554374494929762    0.0099441297779848  5.07224571531305e-18  4.74089388132528e-17  3.15055874912572e-17 -6.98388667389838e-18  -0.00551857616165231
-6.89122722159648e-07  -2.6273233132149e-05 -0.000554374494929762      1.99713528492729    0.0365728833411214 -1.92074872946766e-17 -3.48612451439276e-18  7.59512026393355e-18  5.22826614182513e-17    0.0374476690729544
-8.40572341994706e-05  0.000298133947383522    0.0099441297779848    0.0365728833411214       1.2044410634948 -2.36781430182012e-16  1.81343738403865e-16  1.56605004320561e-16  2.86307225384989e-16   -0.0826748694313902
 2.01908695016604e-18  5.42006546077254e-18  5.07224571531305e-18 -1.92074872946766e-17 -2.36781430182012e-16      1.03783799197352  1.29278011033346e-16  -1.9579934332142e-06  -0.00249492865362201 -1.76212140486128e-16
 2.89287823325963e-17  5.98353844672301e-16  4.74089388132528e-17 -3.48612451439276e-18  1.81343738403865e-16  1.29278011033346e-16      1.03783799197342   0.00249492865360772 -1.95799343335389e-06  7.02547442925903e-17
-5.41670020951351e-18  -3.4155859830086e-17  3.15055874912572e-17  7.59512026393355e-18  1.56605004320561e-16  -1.9579934332142e-06   0.00249492865360772     0.962224083952177  4.20844739149258e-17  1.37388903855297e-16
-4.25527980572418e-18 -4.43641300021758e-17 -6.98388667389838e-18  5.22826614182513e-17  2.86307225384989e-16  -0.00249492865362201 -1.95799343335389e-06  4.20844739149258e-17     0.962224083952071  1.45996102116853e-16
 0.000112684380780679  0.000586322578880938  -0.00551857616165231    0.0374476690729544   -0.0826748694313902 -1.76212140486128e-16  7.02547442925903e-17  1.37388903855297e-16  1.45996102116853e-16      0.79899673122005
TOTAL ENERGY: -127.130473565514	 lambda: 1	 population of target: 7.04136252965248
1RDM: 
     1.99999990424178  3.85196374499917e-09 -1.87483293612765e-06 -1.66599794682094e-06 -8.46518847509631e-05  2.18728783844062e-18  2.81654267489338e-17 -6.00275223434697e-18 -4.51946084372267e-18  0.000156826557522583
 3.85196374499917e-09      1.99999942022508  1.31814145569143e-05  -2.6010702956229e-05  0.000311398863860834  5.15832952771265e-18  5.91935520940954e-16 -3.52720661975859e-17  -4.4651966523299e-17  0.000638115731364701
-1.87483293612765e-06  1.31814145569143e-05      1.99872886336182 -0.000669690390094012    0.0100205599434703  4.85958084207786e-18  5.44103544311058e-17  3.97771239924735e-17 -7.68011496375357e-18  -0.00857082888529117
-1.66599794682094e-06  -2.6010702956229e-05 -0.000669690390094012        1.997039877314    0.0373020581683562 -1.95058465399989e-17 -1.31107501976932e-18  9.21726164056078e-18  5.57285989486015e-17    0.0380684159828543
-8.46518847509631e-05  0.000311398863860834    0.0100205599434703    0.0373020581683562        1.255841708443 -3.16648909179067e-16  2.58569420721894e-16  2.29529043679949e-16  4.05042009798175e-16     -0.12013682688515
 2.18728783844062e-18  5.15832952771265e-18  4.85958084207786e-18 -1.95058465399989e-17 -3.16648909179067e-16      1.04797192192024 -3.43699483681761e-15  -2.7857834191765e-06   -0.0035497062249158 -2.35092749275631e-16
 2.81654267489338e-17  5.91935520940954e-16  5.44103544311058e-17 -1.31107501976932e-18  2.58569420721894e-16 -3.43699483681761e-15      1.04797192192017   0.00354970622490305 -2.78578341882149e-06   8.0250737355417e-17
-6.00275223434697e-18 -3.52720661975859e-17  3.97771239924735e-17  9.21726164056078e-18  2.29529043679949e-16  -2.7857834191765e-06   0.00354970622490305     0.952104727797596 -3.48595093013085e-15  1.82112178683426e-16
-4.51946084372267e-18  -4.4651966523299e-17 -7.68011496375357e-18  5.57285989486015e-17  4.05042009798175e-16   -0.0035497062249158 -2.78578341882149e-06 -3.48595093013085e-15     0.952104727797532  1.62690321900539e-16
 0.000156826557522583  0.000638115731364701  -0.00857082888529117    0.0380684159828543     -0.12013682688515 -2.35092749275631e-16   8.0250737355417e-17  1.82112178683426e-16  1.62690321900539e-16     0.748236926978771
-------------------general-----------------------
mullikenoperator: 
  0.00297045929377471    0.0544167201523414  0.000638783923390553  0.000650891597181873  0.000113460293829132  4.20165445919786e-17 -5.97860564172518e-17 -1.00593669193892e-16 -4.60374913117606e-17 -1.41009706328306e-05
   0.0544167201523414      0.99685248299173    0.0131542439717516   0.00148539785794661  0.000802056548836231 -3.63870180037252e-17  3.31866760426489e-16 -3.37669776352555e-16  5.06246756166295e-18   0.00081690076189399
 0.000638783923390553    0.0131542439717516    0.0145108458691376    -0.119095204679537   0.00139150545553119  7.54993646916264e-19  6.41280114561571e-17  5.58285132160867e-17 -7.13657008696223e-18   -0.0163815544347476
 0.000650891597181871   0.00148539785794654    -0.119095204679537     0.981390412788491    0.0544048372859516  2.66325225667617e-17 -7.03492711799435e-18  9.96044982345594e-18  1.71787445623488e-17    0.0382187916242973
 0.000113460293829132  0.000802056548836224   0.00139150545553118    0.0544048372859516      0.35028738535852 -3.43748304301858e-17  5.40212000967986e-17  4.56828150276369e-17  4.32484827810998e-17    -0.474653652177126
 4.20165445919786e-17 -3.63870180037251e-17   7.5499364691628e-19  2.66325225667684e-17 -3.43748304302394e-17     0.473623020045455 -4.59696719643028e-16 -0.000391851562754471    -0.499314287030656 -5.09848469896993e-17
-5.97860564172513e-17  3.31866760426489e-16  6.41280114561603e-17 -7.03492711798621e-18  5.40212000966865e-17 -4.33463692544844e-16     0.473623020045526      0.49931428703066  -0.00039185156275441 -5.60395226452288e-18
-1.00593669193892e-16 -3.37669776352555e-16  5.58285132160897e-17  9.96044982346888e-18   4.5682815027516e-17 -0.000391851562754408      0.49931428703066     0.526376979954474 -4.27714609551205e-16  9.93379135255978e-18
-4.60374913117606e-17  5.06246756166276e-18 -7.13657008696208e-18  1.71787445623402e-17  4.32484827811614e-17    -0.499314287030656  -0.00039185156275438  -3.6485724557991e-16     0.526376979954545  4.80394161435483e-17
-1.41009706328305e-05  0.000816900761893991   -0.0163815544347476    0.0382187916242973    -0.474653652177126 -5.09848469897908e-17 -5.60395226474876e-18  9.93379135231683e-18  4.80394161436526e-17     0.653988413698348
selected BF: 
0 1 2 3 4
selected lambdas: 
  -1 -0.9 -0.8 -0.7 -0.6 -0.5 -0.4 -0.3 -0.2 -0.1    0  0.1  0.2  0.3  0.4  0.5  0.6  0.7  0.8  0.9    1
RHF C: 
 5.45752196588618e-05     0.995334635588632    -0.253543706167541   -0.0588218650537402  -0.00404934969875061  1.13311027420514e-15  1.83934744139724e-14  2.16102239882953e-15 -3.17065413428827e-16   0.00914332210046395
-0.000296481635687693    0.0191162861424358      1.00166841113738     0.233020687972382    0.0162425424584036 -4.62116668461647e-15 -7.49782813169134e-14  -8.5278096198566e-15   1.2518623813812e-15   -0.0376355915169404
 2.44794309025732e-17  4.48268116534497e-18 -1.00826035495027e-14   8.6262101606252e-15  5.84087117787553e-13    -0.139119050848261    0.0910543973871098    -0.592345962456366    -0.788367852323774 -1.91594050912036e-14
-1.22897524857489e-16 -9.80502850823264e-18  1.74365739443918e-14 -1.44610336487778e-14 -9.99488642110984e-13   -0.0910543973870606    -0.139119050848319     0.788367852323764    -0.592345962456374   3.3175889279283e-14
-0.000461497061048747  8.76983932692583e-05    0.0251123249531725   -0.0431102281460043    -0.997091968799681 -3.27436468906017e-15 -9.28949975192011e-15 -1.16247856119768e-12  1.35357967533172e-13   -0.0796101053341486
    0.995072597388956  8.21872741852813e-05   -0.0546342414233444     0.256604355147989   -0.0200546833220733  7.63698563123382e-16  1.31140732200355e-14 -1.56209001716097e-14  1.87075486390637e-15    0.0039096805498629
   0.0200206629452332 -0.000301179436803642     0.212010571071815      -1.0041805284816    0.0826461914844824 -3.03927735762135e-15 -5.23375029953133e-14  6.67406207052471e-14 -7.86129021813681e-15   -0.0148957708200652
 1.16349423371831e-16  3.68916783060334e-18  1.22391624991647e-14  -9.7814791909205e-15 -4.42213638560467e-14    -0.824161932789186     0.539419782422991     0.103741188336989     0.138071706452716 -7.46258348623217e-13
-2.02011346612444e-16 -5.56202591581984e-18 -2.13136604374166e-14  1.70366596960216e-14  7.82605418523266e-14    -0.539419782422999    -0.824161932789176    -0.138071706452777     0.103741188336944   1.3148752466018e-12
-2.79488921735508e-05   0.00040624705450094   -0.0129984488832026    0.0168646946635061    0.0336803239705896 -9.48229018075693e-14 -1.49858587580925e-12  -1.7261320692469e-13   2.3211204207227e-14     -1.00061422940154
RDM (no constraint): 
     1.99999996863354  4.73504212378689e-08  6.01497190662566e-06  5.56357085686071e-06  1.89252476371322e-05  -2.4835766969496e-17 -3.55860033416782e-16  1.72717447053511e-16  1.07260422266884e-17 -4.74411050211992e-05
 4.73504212378689e-08      1.99999878629671 -7.33062719836243e-05  -2.7021733466722e-05 -0.000164769054004739 -1.42392972189112e-17 -2.22099609606289e-16 -2.12265741388625e-16  2.35559547698847e-17 -0.000156681457193376
 6.01497190662566e-06 -7.33062719836243e-05      1.99337233956527  -0.00405343169040831   -0.0318238327672242 -4.48093099173853e-16 -7.32033456235054e-15  -6.1131407302233e-14  7.19424180051057e-15   0.00737816898253217
 5.56357085686071e-06  -2.7021733466722e-05  -0.00405343169040831      1.99595483664943   -0.0467142325233618  2.17006317093388e-15  3.74269219332381e-14 -2.96671452583437e-14  3.61868092928668e-15   0.00986195451237887
 1.89252476371322e-05 -0.000164769054004739   -0.0318238327672242   -0.0467142325233618     0.907849768353366 -4.04040871716017e-14 -6.14061012999826e-13 -1.78722102879022e-13  2.17450519702564e-14    -0.482929005190445
 -2.4835766969496e-17 -1.42392972189112e-17 -4.48093099173853e-16  2.17006317093388e-15 -4.04040871716017e-14      1.03384612250931 -4.84524260631845e-16   0.00526723571787661    0.0811303403665632   9.3797142894912e-15
-3.55860033416782e-16 -2.22099609606289e-16 -7.32033456235054e-15  3.74269219332381e-14 -6.14061012999826e-13 -4.84524260631845e-16      1.03384612250925   -0.0811303403664135   0.00526723571786854  1.73605983425618e-13
 1.72717447053511e-16 -2.12265741388625e-16  -6.1131407302233e-14 -2.96671452583437e-14 -1.78722102879022e-13   0.00526723571787661   -0.0811303403664135     0.966363145414022 -4.43081599873913e-15 -4.05005349669025e-13
 1.07260422266884e-17  2.35559547698847e-17  7.19424180051057e-15  3.61868092928668e-15  2.17450519702564e-14    0.0811303403665632   0.00526723571786854 -4.43081599873913e-15     0.966363145413962  4.37562296716153e-14
-4.74411050211992e-05 -0.000156681457193376   0.00737816898253217   0.00986195451237887    -0.482929005190445   9.3797142894912e-15  1.73605983425618e-13 -4.05005349669025e-13  4.37562296716153e-14       1.1024057646551
RDM Eigenvectors: 
    0.998434640346553   -0.0546736171379467    0.0117683369773162  0.000749144407047857  9.73081167923404e-05  6.18800405500814e-18  3.55318527890045e-16 -2.19487718265341e-17  2.75033687933933e-17  1.01823013325454e-05
   0.0545014096562828     0.998313439182074    0.0148960093081869   -0.0133401033288215  2.31681381068991e-05  1.05480875235082e-17  6.37369629883456e-16 -2.66780816930406e-17 -4.54262104898657e-17  0.000153320062948015
 -0.00412456359480408   -0.0172910728951171      0.33000163011727    -0.942281126902037   -0.0520192956567248  2.23241454341684e-16   3.9597134459651e-15 -3.13675838663203e-14  1.96829911248085e-15    0.0135352006574936
    0.011852878728905    0.0090564827796903    -0.942197306520814    -0.325813837127047   -0.0740198174068801 -5.07456934710381e-16 -2.54878826746954e-15  2.57073345870883e-14 -1.24903306706603e-15    0.0202023547643543
-0.000515380441152678  7.81219300116335e-05    0.0447008416515305    0.0614626591014975    -0.628290886205941  3.66741506635688e-14  7.33573690073459e-13  8.98111969698786e-13 -4.81120928330654e-14     0.774257364758215
 2.72769398720868e-17 -2.91827779279689e-17 -4.52876641571137e-15 -3.65019141197334e-15  7.50049098677437e-14     0.831655248845661   -0.0029249472299242   0.00238870672069658      0.55527946642332  5.65283473719276e-14
 4.64665317108675e-16 -4.28053832004565e-16 -7.46515633627544e-14 -5.94310623298498e-14  1.22481471431878e-12   0.00292494722991967     0.831655248845664    -0.555279466423315   0.00238870672070343  8.59095574581677e-13
 6.21780540318878e-18  9.62392700563386e-16  1.80551141660592e-14  7.70222364817471e-14 -5.58069866914407e-13    0.0340260231302816    -0.554241122167145      -0.8301372870537   -0.0503099681173012  1.02329385163468e-12
  2.7227639740724e-17 -1.53492402148996e-16 -2.13931856999084e-15 -8.93512546538232e-15  6.07702625670251e-14      0.55424112216715     0.034026023130288     0.050309968117297    -0.830137287053697  -1.1828671935977e-13
 0.000311328635242305 -0.000256031782590142    -0.031695577167672   -0.0446703859708471     0.772700208240785 -7.45918013337755e-14 -1.12444641466888e-12  1.00705257713743e-12 -6.78417023066165e-14     0.632403488851919
Total C: 
   0.0546551127498005     0.997501625540301   -0.0138916894779128     0.244139281198411    0.0271754304865797  4.71813422910017e-17  6.13906660694547e-16  -3.5326877040059e-17 -6.86516858354871e-17  -0.00182046983016366
-0.000643720225962544   0.00390158622725281     0.113200948335251     -1.01735033279756    -0.108639890763844 -1.50305112367041e-16   4.5280161492066e-17  2.16171213037605e-17  9.61319442594034e-17   0.00704330617469672
-1.25108170520522e-16 -1.77842930287861e-16  8.63220135139728e-17 -3.78211596258458e-17  1.85615766356743e-15    -0.572533820117077     0.377610251564527     0.401172756947281     0.607222006540646 -2.37519609738237e-15
 8.05290837051424e-17  3.89739257536751e-16 -5.27530266938101e-17 -1.68208051692789e-17  5.82024363137631e-16    -0.377610251564498     -0.57253382011712    -0.607222006540606     0.401172756947308 -8.02114974952196e-16
-0.000581455860279599 -0.000769375913763378   0.00685376234401626   -0.0673461862766232     0.566833694619979  2.11435636875322e-15 -5.30897304581948e-16 -5.90646990516429e-16 -2.24548954255118e-15    -0.822882527564545
    0.996797825908182   -0.0510561196921927    -0.249110127891623   -0.0327873394178385 -0.000433756479593864  1.54515558709872e-17  9.93317178092027e-19 -4.12393743810717e-18 -1.27509091129149e-17  -0.00860031911364367
  0.00714879588355435    -0.014145237172171      1.02049763116031     0.133166421985755 -0.000133254125844503 -6.77379217330684e-17  6.67985013108889e-18  1.45155613527629e-17  6.19568139870465e-17    0.0371522370070278
-2.70188404189909e-17 -2.43483715577983e-16 -2.56055417756607e-17 -2.13183415373747e-17   6.0617850850883e-16    -0.603785905306745      0.39822232198414    -0.380670455602073    -0.576189370317254  4.43259346304016e-16
 6.11620461151608e-17  4.17509083148111e-16 -1.22684434325751e-17 -5.00789875986622e-18  1.34886718090645e-16    -0.398222321984167    -0.603785905306704     0.576189370317297    -0.380670455602044  9.56761511810556e-17
 -8.1134037936982e-05   0.00104340212188497    0.0130469276918686    0.0535159079718303    -0.794908008794197 -3.90626409780086e-16  1.79541584548929e-16 -2.13294622647357e-16 -6.00940444696101e-16    -0.606549858854784
Basis set used: STO-3G
Naturals: 
 1.99999998785601  1.99999983554309  1.99992292479054  1.99439530018865  1.49363912262392  1.08812942563713  1.08812942563697 0.912079842286298 0.912079842286137 0.511624293151201
Naturals: 
 1.99999998785602  1.99999983554311  1.99992292479215  1.99439530019136  1.49363912921301  1.08812941668695  1.08812941668681 0.912079851208266 0.912079851208126 0.511624286614241
Version: Tmhuysen's fci hack
