Naturals in-correctTOTAL ENERGY: -126.578729463585	 lambda: -1	 population of target: 5.40736458636888
1RDM: 
     1.99999977390719 -7.15960038764815e-07 -2.00654650984218e-05   7.1593996739234e-05  -1.9103582774828e-05 -6.94547892767565e-18 -5.43371426842227e-18   3.4501512846078e-18 -1.90507573506292e-17 -0.000495010416628082
-7.15960038764815e-07       1.9999960056691 -6.72139958329222e-05  0.000244180347776593 -0.000365450984273134 -6.12455490320492e-17  -4.3751076308303e-17  1.99721333563681e-18 -1.70372591628097e-16   -0.0022858187759387
-2.00654650984218e-05 -6.72139958329222e-05      1.99764966966017   0.00856094166720967 -0.000946810158848884   6.9202274738648e-18 -9.05494622949036e-18  2.95077561523057e-17 -2.52432541825402e-17   -0.0513779957241838
  7.1593996739234e-05  0.000244180347776593   0.00856094166720967      1.93360388583367    0.0163045845773306  4.68251687021522e-17 -1.20369994305129e-17  4.24702382150873e-17   6.4422706849774e-17     0.145550138931222
 -1.9103582774828e-05 -0.000365450984273134 -0.000946810158848884    0.0163045845773306      1.84993986057671  4.03448280665465e-17  2.88248817121088e-17  4.65930938149125e-17  2.63419326805165e-16    -0.247385532735559
-6.94547892767565e-18 -6.12455490320492e-17   6.9202274738648e-18  4.68251687021522e-17  4.03448280665465e-17      1.40192497712265  1.87441169391239e-15  -0.00054125561874073    -0.463664170184826  6.07612851529409e-17
-5.43371426842227e-18  -4.3751076308303e-17 -9.05494622949036e-18 -1.20369994305129e-17  2.88248817121088e-17  1.87441169391239e-15       1.4019249771226     0.463664170186543 -0.000541255618787699 -2.50494944572372e-16
  3.4501512846078e-18  1.99721333563681e-18  2.95077561523057e-17  4.24702382150873e-17  4.65930938149125e-17  -0.00054125561874073     0.463664170186543     0.617541863571551  8.53694188764805e-16  1.79109739925228e-17
-1.90507573506292e-17 -1.70372591628097e-16 -2.52432541825402e-17   6.4422706849774e-17  2.63419326805165e-16    -0.463664170184826 -0.000541255618787699  8.53694188764805e-16     0.617541863571441 -6.87564490059013e-18
-0.000495010416628082   -0.0022858187759387   -0.0513779957241838     0.145550138931222    -0.247385532735559  6.07612851529409e-17 -2.50494944572372e-16  1.79109739925228e-17 -6.87564490059013e-18     0.179877122965021
TOTAL ENERGY: -126.82750310068	 lambda: -0.9	 population of target: 5.66909517698552
1RDM: 
     1.99999968876262 -7.46737873367497e-07  -2.7200942292991e-05  6.13657704755588e-05  5.16026608943858e-05 -6.56613469729705e-18 -5.67538780284379e-18  2.81563332289381e-18 -1.90419649050892e-17 -0.000605799266493312
-7.46737873367497e-07      1.99999691880293 -6.58593976898511e-05  0.000179090903810709 -0.000198583375918957 -5.64019292181837e-17 -4.50409548083794e-17 -7.87912433745432e-19 -1.69470026054187e-16  -0.00186196235050419
 -2.7200942292991e-05 -6.58593976898511e-05      1.99698533626636   0.00661577215457803   0.00791054105538816  2.59417056936428e-18 -7.22240994477717e-18  1.46923961081981e-17  -3.3256529990462e-17   -0.0592096867934633
 6.13657704755588e-05  0.000179090903810709   0.00661577215457803      1.94697872303612    0.0144067588976914  2.74528232482551e-17 -3.62760106349807e-18  2.21963084502593e-17  3.60689352993354e-17     0.103869751137557
 5.16026608943858e-05 -0.000198583375918957   0.00791054105538816    0.0144067588976914      1.75558173489686  1.00265141398075e-16 -1.69190893482693e-17  2.08859063018481e-16  4.01402435125689e-16   -0.0968800418877445
-6.56613469729705e-18 -5.64019292181837e-17  2.59417056936428e-18  2.74528232482551e-17  1.00265141398075e-16      1.39763106273672 -6.37506617768869e-16 -0.000495499919197626    -0.424467761391582  1.00634012750065e-16
-5.67538780284379e-18 -4.50409548083794e-17 -7.22240994477717e-18 -3.62760106349807e-18 -1.69190893482693e-17 -6.37506617768869e-16       1.3976310627372     0.424467761396134 -0.000495499919161198 -2.83320205355366e-16
 2.81563332289381e-18 -7.87912433745432e-19  1.46923961081981e-17  2.21963084502593e-17  2.08859063018481e-16 -0.000495499919197626     0.424467761396134     0.620106846918565  5.16284829177624e-16 -2.34967223420791e-17
-1.90419649050892e-17 -1.69470026054187e-16  -3.3256529990462e-17  3.60689352993354e-17  4.01402435125689e-16    -0.424467761391582 -0.000495499919161198  5.16284829177624e-16     0.620106846918877 -1.02011561353546e-17
-0.000605799266493312  -0.00186196235050419   -0.0592096867934633     0.103869751137557   -0.0968800418877445  1.00634012750065e-16 -2.83320205355366e-16 -2.34967223420791e-17 -1.02011561353546e-17     0.264981778923787
The Davidson algorithm did not converge.lambda: -0.8
The Davidson algorithm did not converge.lambda: -0.7
The Davidson algorithm did not converge.lambda: -0.6
The Davidson algorithm did not converge.lambda: -0.5
The Davidson algorithm did not converge.lambda: -0.4
TOTAL ENERGY: -127.132543192479	 lambda: -0.3	 population of target: 6.10721533666346
1RDM: 
     1.99999990494244 -1.09088425351217e-07 -7.51644449802665e-06  2.16790861225019e-05  5.17384974327658e-05  -1.4778620333406e-15  1.79088782056324e-15  2.80101633387948e-15  2.79764468896609e-15 -9.09872924042249e-05
-1.09088425351217e-07      1.99999846872657  -7.2770145320891e-07   0.00013130706334908 -0.000407124100916757 -6.77431277928273e-15  7.75125706955936e-15  7.26662462537427e-15  6.51235434847274e-15  -0.00108185973391651
-7.51644449802665e-06  -7.2770145320891e-07      1.99882946703261   0.00157952475827802   0.00867877381768404  5.26910979862007e-14 -2.00381212278961e-14  2.50242009560224e-13  2.70701952739494e-13  0.000126445896351807
 2.16790861225019e-05   0.00013130706334908   0.00157952475827802       1.9618380867644    0.0362361811003812  1.50024093937593e-12 -1.42852593787005e-12  1.62750126752398e-13  3.56328505579229e-13    0.0983176794319704
 5.17384974327658e-05 -0.000407124100916757   0.00867877381768404    0.0362361811003812      1.70602406185087 -2.09067124238976e-11  1.89928290988702e-11 -8.12742444770199e-12 -1.13838180264257e-11    -0.459525469213324
 -1.4778620333406e-15 -6.77431277928273e-15  5.26910979862007e-14  1.50024093937593e-12 -2.09067124238976e-11      1.22601043695061  4.86328344915299e-15 -8.18758385926401e-05   -0.0701385198971239 -9.36270768250192e-12
 1.79088782056324e-15  7.75125706955936e-15 -2.00381212278961e-14 -1.42852593787005e-12  1.89928290988702e-11  4.86328344915299e-15      1.22601043695087    0.0701385198974261 -8.18758385981948e-05   1.1214895904704e-11
 2.80101633387948e-15  7.26662462537427e-15  2.50242009560224e-13  1.62750126752398e-13 -8.12742444770199e-12 -8.18758385926401e-05    0.0701385198974261     0.777470770985953  5.01359390512262e-15  1.95636938178618e-11
 2.79764468896609e-15  6.51235434847274e-15  2.70701952739494e-13  3.56328505579229e-13 -1.13838180264257e-11   -0.0701385198971239 -8.18758385981948e-05  5.01359390512262e-15     0.777470770986207  2.04564790451268e-11
-9.09872924042249e-05  -0.00108185973391651  0.000126445896351807    0.0983176794319704    -0.459525469213324 -9.36270768250192e-12   1.1214895904704e-11  1.95636938178618e-11  2.04564790451268e-11     0.326347594809542
TOTAL ENERGY: -127.15948047025	 lambda: -0.2	 population of target: 6.21784592202909
1RDM: 
     1.99999993223167 -3.77882134212277e-08 -4.94004875966807e-06  1.29760819282977e-05  3.97037152807719e-05 -9.95093728176821e-16  1.21660735945419e-15  7.91926609269546e-16  5.93403333819412e-16 -1.11232706005929e-07
-3.77882134212277e-08      1.99999883867358  2.21642210885239e-06  9.11885355228379e-05 -0.000258302665837439 -3.17236284462616e-15   3.8227803438653e-15  2.94424036725813e-15  2.24025856263883e-15 -0.000883710024987611
-4.94004875966807e-06  2.21642210885239e-06      1.99909521446886   0.00104296753989323   0.00535820753803214 -4.02805725753063e-14  4.63609895646433e-14  3.13674203325798e-14  2.13601517200993e-14   0.00659177300533889
 1.29760819282977e-05  9.11885355228379e-05   0.00104296753989323      1.96837922396256    0.0197891203051674  1.76341490928783e-13 -2.41633189485471e-13 -3.13260835063696e-13 -2.70441109843657e-13    0.0853351060220744
 3.97037152807719e-05 -0.000258302665837439   0.00535820753803214    0.0197891203051674      1.78345220824886  -1.6279518519969e-12  2.47776762188964e-12  4.87129572096933e-12  4.28793030834448e-12    -0.372702166627412
-9.95093728176821e-16 -3.17236284462616e-15 -4.02805725753063e-14  1.76341490928783e-13  -1.6279518519969e-12      1.22707076977115   1.3756085964391e-15 -4.75009173076458e-05   -0.0406913626153838 -6.92012356335799e-12
 1.21660735945419e-15   3.8227803438653e-15  4.63609895646433e-14 -2.41633189485471e-13  2.47776762188964e-12   1.3756085964391e-15      1.22707076977162    0.0406913626156745 -4.75009172841475e-05  8.52489971245154e-12
 7.91926609269546e-16  2.94424036725813e-15  3.13674203325798e-14 -3.13260835063696e-13  4.87129572096933e-12 -4.75009173076458e-05    0.0406913626156745     0.775298419579105  2.31316164740949e-15   5.1430856156862e-12
 5.93403333819412e-16  2.24025856263883e-15  2.13601517200993e-14 -2.70441109843657e-13  4.28793030834448e-12   -0.0406913626153838 -4.75009172841475e-05  2.31316164740949e-15     0.775298419579563  3.85518968236576e-12
-1.11232706005929e-07 -0.000883710024987611   0.00659177300533889    0.0853351060220744    -0.372702166627412 -6.92012356335799e-12  8.52489971245154e-12   5.1430856156862e-12  3.85518968236576e-12     0.244336203713122
TOTAL ENERGY: -127.192274135815	 lambda: -0.1	 population of target: 6.4435753960356
1RDM: 
     1.99999995354706 -9.13418418486105e-10 -2.00161535128019e-06  4.98959709239955e-06  8.71364514806779e-06 -5.72466033913619e-17  3.62775056818198e-17 -1.86828133819358e-17  -2.5963251885395e-17  3.48896847250468e-05
-9.13418418486105e-10      1.99999933440969  1.77291041289213e-06  3.52061540942394e-05 -7.67317758178426e-05 -1.73745288046632e-16  6.35905451671024e-17  9.86479867993429e-18 -8.55329323341308e-17 -0.000490118849436489
-2.00161535128019e-06  1.77291041289213e-06      1.99948010714061  0.000526099760706424  0.000564243911751437 -7.67358680738334e-15  6.73507661169003e-15 -6.69766378895992e-15 -7.23483007869188e-15   0.00659266358499277
 4.98959709239955e-06  3.52061540942394e-05  0.000526099760706424      1.97987470756884   0.00152020034884241 -3.04870509171117e-14  2.87558285736218e-14 -4.11291667626044e-14 -4.67648674631113e-14    0.0488277160685144
 8.71364514806779e-06 -7.67317758178426e-05  0.000564243911751437   0.00152020034884241      1.79696094451814  6.42933713548461e-13 -6.08075220656187e-13   8.2669865054265e-13  9.50082584076093e-13    -0.184619592019579
-5.72466033913619e-17 -1.73745288046632e-16 -7.67358680738334e-15 -3.04870509171117e-14  6.42933713548461e-13      1.21341656050543  1.08813358582557e-14 -1.76661811436868e-05   -0.0151336319478309 -5.20262778217048e-13
 3.62775056818198e-17  6.35905451671024e-17  6.73507661169003e-15  2.87558285736218e-14 -6.08075220656187e-13  1.08813358582557e-14      1.21341656050497    0.0151336319477939 -1.76661811520474e-05  4.04962312441458e-13
-1.86828133819358e-17  9.86479867993429e-18 -6.69766378895992e-15 -4.11291667626044e-14   8.2669865054265e-13 -1.76661811436868e-05    0.0151336319477939     0.787940085291857  1.01008323986471e-14 -3.56342775272031e-13
 -2.5963251885395e-17 -8.55329323341308e-17 -7.23483007869188e-15 -4.67648674631113e-14  9.50082584076093e-13   -0.0151336319478309 -1.76661811520474e-05  1.01008323986471e-14     0.787940085291406 -3.41860545673801e-13
 3.48896847250468e-05 -0.000490118849436489   0.00659266358499277    0.0488277160685144    -0.184619592019579 -5.20262778217048e-13  4.04962312441458e-13 -3.56342775272031e-13 -3.41860545673801e-13     0.220971661221978
TOTAL ENERGY: -127.206305384122	 lambda: 0	 population of target: 6.71313299008408
1RDM: 
     1.99999996363878  2.05236781532462e-14  4.43486851783132e-13 -9.70019873645852e-13  2.54401765427388e-12 -1.44301116381955e-18 -6.92424164062279e-18 -2.62745115468929e-18 -1.40087688652936e-17 -8.66494440374136e-12
 2.05236781532462e-14        1.999999679977  4.58853653436548e-13 -2.79145269643346e-12 -4.33593809287296e-12 -6.65969334628089e-18 -7.43523510854806e-17   -3.034490430402e-17 -1.39133796509943e-16  3.88663969218459e-11
 4.43486851783132e-13  4.58853653436548e-13      1.99977117600995   3.9352515975119e-11  9.48390759183163e-11  8.63767716699048e-17 -6.49940049723349e-17  8.63911333508992e-17  1.08693027620581e-16 -7.94248848071506e-10
-9.70019873645852e-13 -2.79145269643346e-12   3.9352515975119e-11      1.99073624140491 -1.00323784645396e-09  3.47643969871417e-16 -2.89243662673425e-16  2.85516378804063e-16  3.61997537465284e-16 -2.87508973795113e-09
 2.54401765427388e-12 -4.33593809287296e-12  9.48390759183163e-11 -1.00323784645396e-09      1.65499493643415 -1.01021863665488e-14  8.90682191512193e-15  -2.5883889368248e-15 -4.55773911433012e-15  2.13464786936154e-09
-1.44301116381955e-18 -6.65969334628089e-18  8.63767716699048e-17  3.47643969871417e-16 -1.01021863665488e-14      1.16558767167151  6.34127964864201e-15  3.60889280841755e-10  1.12574190156991e-09 -3.24277571923763e-15
-6.92424164062279e-18 -7.43523510854806e-17 -6.49940049723349e-17 -2.89243662673425e-16  8.90682191512193e-15  6.34127964864201e-15      1.16558767167145 -1.12571348652445e-09  3.60886371347743e-10  4.55403596534543e-15
-2.62745115468929e-18   -3.034490430402e-17  8.63911333508992e-17  2.85516378804063e-16  -2.5883889368248e-15  3.60889280841755e-10 -1.12571348652445e-09     0.835042561161731  6.23117699632921e-15  9.31261282527816e-15
-1.40087688652936e-17 -1.39133796509943e-16  1.08693027620581e-16  3.61997537465284e-16 -4.55773911433012e-15  1.12574190156991e-09  3.60886371347743e-10  6.23117699632921e-15     0.835042561161671  9.81346130038199e-15
-8.66494440374136e-12  3.88663969218459e-11 -7.94248848071506e-10 -2.87508973795113e-09  2.13464786936154e-09 -3.24277571923763e-15  4.55403596534543e-15  9.31261282527816e-15  9.81346130038199e-15     0.353237536868858
TOTAL ENERGY: -127.19963049985	 lambda: 0.1	 population of target: 6.86719059850701
1RDM: 
     1.99999995857877 -1.73086859431389e-09 -7.95186342041542e-08 -2.67465072508901e-06    2.559099911515e-05 -7.66276942436653e-19 -8.04739868363223e-18 -3.16158174101204e-18 -1.38020425916161e-17 -2.78100208209018e-05
-1.73086859431389e-09      1.99999972541845  6.05172162591692e-08   2.6724509134013e-07 -4.88472100244075e-05 -7.45858751985691e-18  -7.6885308794987e-17 -2.86660702839617e-17 -1.33170303908567e-16  0.000320309301021508
-7.95186342041542e-08  6.05172162591692e-08      1.99976647941789 -0.000477053761048396   0.00386250274090518 -3.40445510068677e-18  2.30967355680103e-18  7.45194633898194e-19   6.5516630329155e-18   -0.0047486720829111
-2.67465072508901e-06   2.6724509134013e-07 -0.000477053761048396      1.99492043946293    0.0122192455347363 -1.91744116494378e-17  4.07642639274325e-18  1.96734387335672e-18 -1.70224146033942e-17   -0.0300466559219718
   2.559099911515e-05 -4.88472100244075e-05   0.00386250274090518    0.0122192455347363      1.48821554341392  9.06664614598048e-17  -9.7895739321802e-17  3.19235798091532e-17  3.48949728969933e-17    0.0740155580580693
-7.66276942436653e-19 -7.45858751985691e-18 -3.40445510068677e-18 -1.91744116494378e-17  9.06664614598048e-17      1.11971541499128 -2.38217143626616e-15  5.22753764901452e-06   0.00447800747301077 -8.51039456770385e-17
-8.04739868363223e-18  -7.6885308794987e-17  2.30967355680103e-18  4.07642639274325e-18  -9.7895739321802e-17 -2.38217143626616e-15      1.11971541499135  -0.00447800747297759   5.2275376497319e-06  7.90437000411304e-17
-3.16158174101204e-18 -2.86660702839617e-17  7.45194633898194e-19  1.96734387335672e-18  3.19235798091532e-17  5.22753764901452e-06  -0.00447800747297759     0.880602376500027 -2.28709101997616e-15 -1.11165969524187e-16
-1.38020425916161e-17 -1.33170303908567e-16   6.5516630329155e-18 -1.70224146033942e-17  3.48949728969933e-17   0.00447800747301077   5.2275376497319e-06 -2.28709101997616e-15     0.880602376500101 -1.08625741099743e-16
-2.78100208209018e-05  0.000320309301021508   -0.0047486720829111   -0.0300466559219718    0.0740155580580693 -8.51039456770385e-17  7.90437000411304e-17 -1.11165969524187e-16 -1.08625741099743e-16     0.516462270725312
TOTAL ENERGY: -127.190066627294	 lambda: 0.2	 population of target: 6.93395463073711
1RDM: 
     1.99999995023121 -2.84878757348325e-11  -6.5113661707015e-07  -3.9754379460762e-06  5.29278971760037e-05 -6.75569438764756e-19 -8.11559393004263e-18  -3.3323256834523e-18 -1.33449669797564e-17 -2.81749983794608e-05
-2.84878757348325e-11      1.99999964990889  1.02595183717879e-06  1.17383664517156e-05  -0.00012586317107293 -7.56277862003145e-18  -7.8801022130953e-17 -2.79028429414906e-17 -1.29814970740684e-16  0.000495090582929202
 -6.5113661707015e-07  1.02595183717879e-06      1.99966537216016  -0.00081224909166892   0.00764249877154208 -4.90244600600101e-18  3.20925809590595e-18 -1.22548513077811e-18  7.17543110717814e-18  -0.00620992635844618
 -3.9754379460762e-06  1.17383664517156e-05  -0.00081224909166892      1.99562683741123    0.0240833098437943 -2.73648378500006e-17  9.56659391321347e-18 -5.29913482321898e-18 -2.87443762984385e-17   -0.0442118480100065
 5.29278971760037e-05  -0.00012586317107293   0.00764249877154208    0.0240833098437943       1.3831664178681  1.20364856219695e-16 -1.30535294222476e-16  6.38641974455315e-17   6.3303573981016e-17     0.092562560717531
-6.75569438764756e-19 -7.56277862003145e-18 -4.90244600600101e-18 -2.73648378500006e-17  1.20364856219695e-16      1.09276382515217  4.62583691148057e-15  6.22856432592195e-06    0.0053356621700694 -9.33457795368281e-17
-8.11559393004263e-18  -7.8801022130953e-17  3.20925809590595e-18  9.56659391321347e-18 -1.30535294222476e-16  4.62583691148057e-15      1.09276382515224   -0.0053356621700544  6.22856432607898e-06  8.93355107122179e-17
 -3.3323256834523e-18 -2.79028429414906e-17 -1.22548513077811e-18 -5.29913482321898e-18  6.38641974455315e-17  6.22856432592195e-06   -0.0053356621700544     0.907441184393197  4.71342616912428e-15 -1.36784253319826e-16
-1.33449669797564e-17 -1.29814970740684e-16  7.17543110717814e-18 -2.87443762984385e-17   6.3303573981016e-17    0.0053356621700694  6.22856432607898e-06  4.71342616912428e-15     0.907441184393273 -1.31168684075303e-16
-2.81749983794608e-05  0.000495090582929202  -0.00620992635844618   -0.0442118480100065     0.092562560717531 -9.33457795368281e-17  8.93355107122179e-17 -1.36784253319826e-16 -1.31168684075303e-16     0.621131753329567
TOTAL ENERGY: -127.182346063978	 lambda: 0.3	 population of target: 6.96552542508839
1RDM: 
     1.99999994230227  5.89871258619076e-10 -1.06629702075516e-06 -4.41805546654648e-06  7.39678397935551e-05 -5.53495068216897e-19 -8.00495129361276e-18 -3.58675754120647e-18 -1.30142828595081e-17 -1.30082249699851e-05
 5.89871258619076e-10      1.99999954870058  1.89189884120081e-06  2.37369229901014e-05 -0.000196078202756236 -7.68059068444594e-18 -7.97427995023478e-17 -2.76227271320778e-17 -1.28002781367235e-16  0.000604470497848671
-1.06629702075516e-06  1.89189884120081e-06      1.99956041231089  -0.00103446952171619    0.0104238202109533 -5.73052236034648e-18  4.56304692937666e-18 -3.55134516906119e-18  6.92797127666084e-18  -0.00599188139584504
-4.41805546654648e-06  2.37369229901014e-05  -0.00103446952171619       1.9953450208637    0.0329720273934001 -3.09477763896148e-17  1.20751050304142e-17 -1.04075439909438e-17 -3.62037608401919e-17    -0.051550771785237
 7.39678397935551e-05 -0.000196078202756236    0.0104238202109533    0.0329720273934001      1.32413502805332  1.33030408876441e-16 -1.46307035930936e-16  8.60342180078658e-17  8.16099008740136e-17    0.0971167527687688
-5.53495068216897e-19 -7.68059068444594e-18 -5.73052236034648e-18 -3.09477763896148e-17  1.33030408876441e-16      1.07816677648353  6.52369534250382e-16  6.38140461165827e-06   0.00546671753241258 -9.00238866620588e-17
-8.00495129361276e-18 -7.97427995023478e-17  4.56304692937666e-18  1.20751050304142e-17 -1.46307035930936e-16  6.52369534250382e-16      1.07816677648342  -0.00546671753238581  6.38140461202889e-06  8.82362605874403e-17
-3.58675754120647e-18 -2.76227271320778e-17 -3.55134516906119e-18 -1.04075439909438e-17  8.60342180078658e-17  6.38140461165827e-06  -0.00546671753238581     0.921993555286694  5.25601274178484e-16 -1.44106390009513e-16
-1.30142828595081e-17 -1.28002781367235e-16  6.92797127666084e-18 -3.62037608401919e-17  8.16099008740136e-17   0.00546671753241258  6.38140461202889e-06  5.25601274178484e-16     0.921993555286586 -1.35315411791013e-16
-1.30082249699851e-05  0.000604470497848671  -0.00599188139584504    -0.051550771785237    0.0971167527687688 -9.00238866620588e-17  8.82362605874403e-17 -1.44106390009513e-16 -1.35315411791013e-16     0.680639384229048
TOTAL ENERGY: -127.176150631924	 lambda: 0.4	 population of target: 6.9834226075865
1RDM: 
     1.99999993400877 -1.75918022189888e-09 -1.29503407701967e-06 -4.29961305586344e-06  9.01488753540151e-05 -4.16108556501983e-19 -7.80434681784122e-18 -3.89003282812152e-18 -1.27551256558936e-17  1.10529216091004e-05
-1.75918022189888e-09      1.99999944572123    2.313324936679e-06  3.42674603338046e-05 -0.000255443201314082 -7.75558730587838e-18  -8.0128448296739e-17 -2.76084462813128e-17 -1.27054383357895e-16  0.000684503487213523
-1.29503407701967e-06    2.313324936679e-06      1.99945699735586  -0.00118568958403544    0.0124500508991208 -6.35332701248442e-18  6.21270098402384e-18 -6.00146224063805e-18  6.53546760658435e-18  -0.00492814123402161
-4.29961305586344e-06  3.42674603338046e-05  -0.00118568958403544      1.99483490126259    0.0395733898464421 -3.27924386875072e-17  1.35075648342263e-17 -1.41977219323813e-17 -4.13813627685441e-17   -0.0559600609862326
 9.01488753540151e-05 -0.000255443201314082    0.0124500508991208    0.0395733898464421      1.29217872251651  1.42501770546627e-16 -1.59020751694704e-16  1.04735785084354e-16  9.64032154371151e-17      0.10005120332379
-4.16108556501983e-19 -7.75558730587838e-18 -6.35332701248442e-18 -3.27924386875072e-17  1.42501770546627e-16      1.07053571053223 -1.18353983793656e-16  6.48942377785929e-06   0.00555896975042597 -8.70354050915859e-17
-7.80434681784122e-18  -8.0128448296739e-17  6.21270098402384e-18  1.35075648342263e-17 -1.59020751694704e-16 -1.18353983793656e-16      1.07053571053231  -0.00555896975041349  6.48942377815608e-06   8.7162503081206e-17
-3.89003282812152e-18 -2.76084462813128e-17 -6.00146224063805e-18 -1.41977219323813e-17  1.04735785084354e-16  6.48942377785929e-06  -0.00555896975041349      0.92960537119505 -2.96461467614765e-17 -1.48851639443924e-16
-1.27551256558936e-17 -1.27054383357895e-16  6.53546760658435e-18 -4.13813627685441e-17  9.64032154371151e-17   0.00555896975042597  6.48942377815608e-06 -2.96461467614765e-17     0.929605371195127  -1.3715013024059e-16
 1.10529216091004e-05  0.000684503487213523  -0.00492814123402161   -0.0559600609862326      0.10005120332379 -8.70354050915859e-17   8.7162503081206e-17 -1.48851639443924e-16  -1.3715013024059e-16      0.71324783568036
TOTAL ENERGY: -127.170513584637	 lambda: 0.5	 population of target: 6.99600306072329
1RDM: 
     1.99999992382027 -7.51084127654761e-09 -1.39690579369786e-06 -3.77302987567562e-06  0.000103109180786084 -2.70447979435047e-19 -7.55229533578102e-18 -4.22783286511854e-18 -1.25421365857768e-17  4.18547847197073e-05
-7.51084127654761e-09      1.99999934570075  2.12612502957458e-06   4.3191753921041e-05 -0.000305765794399256 -7.77861001678156e-18 -8.01576175902929e-17 -2.77572227487839e-17 -1.26654994341655e-16  0.000749967480515698
-1.39690579369786e-06  2.12612502957458e-06      1.99933974631304  -0.00129408209993949    0.0139680704511094 -6.97968744105237e-18  8.13919745183821e-18 -8.65634061561845e-18  6.11524359009076e-18     -0.00332994377499
-3.77302987567562e-06   4.3191753921041e-05  -0.00129408209993949      1.99430728162163    0.0446287094000541 -3.34971660908976e-17  1.41883544322847e-17 -1.75221543837468e-17 -4.56657087286167e-17    -0.058939080606265
 0.000103109180786084 -0.000305765794399256    0.0139680704511094    0.0446287094000541      1.27755970635681  1.54011380498664e-16 -1.74218330868141e-16  1.25733825224584e-16  1.13625999921959e-16     0.105219110671391
-2.70447979435047e-19 -7.77861001678156e-18 -6.97968744105237e-18 -3.34971660908976e-17  1.54011380498664e-16      1.06733322695031  3.58943813394717e-16  6.76665473723267e-06   0.00579648481274616 -8.74018423865585e-17
-7.55229533578102e-18 -8.01576175902929e-17  8.13919745183821e-18  1.41883544322847e-17 -1.74218330868141e-16  3.58943813394717e-16      1.06733322695036   -0.0057964848127361  6.76665473754924e-06  8.87474298386376e-17
-4.22783286511854e-18 -2.77572227487839e-17 -8.65634061561845e-18 -1.75221543837468e-17  1.25733825224584e-16  6.76665473723267e-06   -0.0057964848127361     0.932800356617497  4.18177967996083e-16 -1.55454125078932e-16
-1.25421365857768e-17 -1.26654994341655e-16  6.11524359009076e-18 -4.56657087286167e-17  1.13625999921959e-16   0.00579648481274616  6.76665473754924e-06  4.18177967996083e-16     0.932800356617548 -1.40656623485822e-16
 4.18547847197073e-05  0.000749967480515698     -0.00332994377499    -0.058939080606265     0.105219110671391 -8.74018423865585e-17  8.87474298386376e-17 -1.55454125078932e-16 -1.40656623485822e-16     0.728526829051777
TOTAL ENERGY: -127.164267680244	 lambda: 0.6	 population of target: 7.00735412813079
1RDM: 
     1.99999990990239 -1.66343418733567e-08 -1.41349843534985e-06 -2.90162126766848e-06  0.000113410031297367 -1.20890973525914e-19 -7.26504884069134e-18 -4.59526125992082e-18 -1.23651534470372e-17  7.93449355390171e-05
-1.66343418733567e-08      1.99999924808585  1.12001636378497e-06  5.06242389616571e-05 -0.000349592461574221 -7.75494992184349e-18  -7.9894738747416e-17 -2.80174827734934e-17  -1.2667503706423e-16  0.000807744055620444
-1.41349843534985e-06  1.12001636378497e-06       1.9991827522046  -0.00137899747705645    0.0151015427923635 -7.63730388202498e-18  1.02845440835767e-17 -1.17243438837197e-17  5.55816182891779e-18  -0.00128874434378905
-2.90162126766848e-06  5.06242389616571e-05  -0.00137899747705645      1.99382239316217    0.0486175491826294 -3.45370830841181e-17  1.51923086604243e-17 -1.96880722710365e-17 -4.82976150311686e-17   -0.0611259463419027
 0.000113410031297367 -0.000349592461574221    0.0151015427923635    0.0486175491826294      1.27617776303168  1.73995186884776e-16 -1.97994788109088e-16  1.51687455479581e-16   1.3528188464093e-16     0.114787912496802
-1.20890973525914e-19 -7.75494992184349e-18 -7.63730388202498e-18 -3.45370830841181e-17  1.73995186884776e-16      1.06759944020485 -2.43191795795423e-16  7.33056134595447e-06   0.00627970351479756 -8.80510631540117e-17
-7.26504884069134e-18  -7.9894738747416e-17  1.02845440835767e-17  1.51923086604243e-17 -1.97994788109088e-16 -2.43191795795423e-16      1.06759944020507  -0.00627970351480451  7.33056134622267e-06  9.05471651890432e-17
-4.59526125992082e-18 -2.80174827734934e-17 -1.17243438837197e-17 -1.96880722710365e-17  1.51687455479581e-16  7.33056134595447e-06  -0.00627970351480451     0.932534066166471  1.45265471795222e-17 -1.68818708744598e-16
-1.23651534470372e-17  -1.2667503706423e-16  5.55816182891779e-18 -4.82976150311686e-17   1.3528188464093e-16   0.00627970351479756  7.33056134622267e-06  1.45265471795222e-17     0.932534066166691 -1.51156630772023e-16
 7.93449355390171e-05  0.000807744055620444  -0.00128874434378905   -0.0611259463419027     0.114787912496802 -8.80510631540117e-17  9.05471651890432e-17 -1.68818708744598e-16 -1.51156630772023e-16     0.730550920870263
TOTAL ENERGY: -127.155565349918	 lambda: 0.7	 population of target: 7.02069352977082
1RDM: 
     1.99999988975159 -2.88506895343285e-08  -1.3471984441914e-06 -1.67967092577567e-06  0.000120227018912653  3.11838257404444e-20 -6.95110506492824e-18  -4.9948505211417e-18 -1.22260103613449e-17  0.000124774848406323
-2.88506895343285e-08      1.99999914944378 -1.14398004826256e-06  5.65826113083525e-05 -0.000389600482628237 -7.65940108077668e-18 -7.93374363947537e-17 -2.83866372412839e-17 -1.27127284352717e-16  0.000861575641790606
 -1.3471984441914e-06 -1.14398004826256e-06      1.99893949718617  -0.00145733949922737    0.0158484439549901  -8.4543439516061e-18  1.26742551575551e-17  -1.5268019179936e-17  4.96193444746071e-18   0.00121514729006742
-1.67967092577567e-06  5.65826113083525e-05  -0.00145733949922737      1.99339900453402    0.0518184071533623 -3.44951947110079e-17  1.53598861496646e-17 -2.17081576604996e-17 -5.06784397049182e-17   -0.0628282361609432
 0.000120227018912653 -0.000389600482628237    0.0158484439549901    0.0518184071533623      1.28736087369168  2.04375991103304e-16 -2.33192565968084e-16  1.90896998666129e-16  1.69988386558973e-16     0.131547701804297
 3.11838257404444e-20 -7.65940108077668e-18  -8.4543439516061e-18 -3.44951947110079e-17  2.04375991103304e-16       1.0713672921243  1.53884184343622e-15  8.34378317095967e-06   0.00714767130084791 -9.27572991893652e-17
-6.95110506492824e-18 -7.93374363947537e-17  1.26742551575551e-17  1.53598861496646e-17 -2.33192565968084e-16  1.53884184343622e-15      1.07136729212435  -0.00714767130083553  8.34378317152052e-06  9.52120234135162e-17
 -4.9948505211417e-18 -2.83866372412839e-17  -1.5268019179936e-17 -2.17081576604996e-17  1.90896998666129e-16  8.34378317095967e-06  -0.00714767130083553     0.928773415222785  1.59125610845002e-15 -1.88441848656948e-16
-1.22260103613449e-17 -1.27127284352717e-16  4.96193444746071e-18 -5.06784397049182e-17  1.69988386558973e-16   0.00714767130084791  8.34378317152052e-06  1.59125610845002e-15      0.92877341522283 -1.67044614109532e-16
 0.000124774848406323  0.000861575641790606   0.00121514729006742   -0.0628282361609432     0.131547701804297 -9.27572991893652e-17  9.52120234135162e-17 -1.88441848656948e-16 -1.67044614109532e-16     0.720020170698508
TOTAL ENERGY: -127.140497081932	 lambda: 0.8	 population of target: 7.04067215954319
1RDM: 
     1.99999985935661 -4.34825803788548e-08 -1.13497996763012e-06 -1.41270760948328e-08  0.000120355973173387  1.82926946104686e-19 -6.61491229352475e-18 -5.43423266844103e-18 -1.21363989461878e-17  0.000180731622244217
-4.34825803788548e-08       1.9999990413312 -5.72073207528326e-06  6.08147079888868e-05 -0.000428991111113891 -7.46223570382568e-18 -7.83817313038301e-17 -2.88781877286187e-17 -1.28131819484637e-16  0.000913718507743903
-1.13497996763012e-06 -5.72073207528326e-06      1.99850970559013  -0.00155013359375826    0.0160319050195985  -9.4843464434518e-18  1.51962077768156e-17 -1.96003621006204e-17  4.19427226795648e-18   0.00429095667902197
-1.41270760948328e-08  6.08147079888868e-05  -0.00155013359375826      1.99304977218268     0.054348065881479 -3.36432279591138e-17  1.47761513866107e-17 -2.28160504668554e-17  -5.1962265177158e-17   -0.0642124584808682
 0.000120355973173387 -0.000428991111113891    0.0160319050195985     0.054348065881479      1.31324348109778  2.55960433444985e-16 -2.90535131525526e-16  2.54852744800135e-16  2.28905573838535e-16     0.160876593327521
 1.82926946104686e-19 -7.46223570382568e-18  -9.4843464434518e-18 -3.36432279591138e-17  2.55960433444985e-16      1.07965729933307  1.31481386985644e-16  1.01310874329891e-05   0.00867873469571522   -9.918831298598e-17
-6.61491229352475e-18 -7.83817313038301e-17  1.51962077768156e-17  1.47761513866107e-17 -2.90535131525526e-16  1.31481386985644e-16      1.07965729933297  -0.00867873469568058  1.01310874331802e-05  9.98842271759855e-17
-5.43423266844103e-18 -2.88781877286187e-17 -1.96003621006204e-17 -2.28160504668554e-17  2.54852744800135e-16  1.01310874329891e-05  -0.00867873469568058     0.920501712791663 -3.14769834551974e-18 -2.19175830621663e-16
-1.21363989461878e-17 -1.28131819484637e-16  4.19427226795648e-18  -5.1962265177158e-17  2.28905573838535e-16   0.00867873469571522  1.01310874331802e-05 -3.14769834551974e-18     0.920501712791557   -1.930817268696e-16
 0.000180731622244217  0.000913718507743903   0.00429095667902197   -0.0642124584808682     0.160876593327521   -9.918831298598e-17  9.98842271759855e-17 -2.19175830621663e-16   -1.930817268696e-16     0.694880116192361
TOTAL ENERGY: -127.10898267576	 lambda: 0.9	 population of target: 7.077497460765
1RDM: 
     1.99999981133355 -5.91547996924282e-08 -5.90305464937332e-07  2.36791950756672e-06  0.000105162550050723  3.49120043649865e-19 -6.28566582005805e-18 -5.94988248610224e-18 -1.21468383183897e-17  0.000251600001217225
-5.91547996924282e-08      1.99999890046856 -1.54448051102024e-05  6.24640539222714e-05 -0.000472381798779283 -6.92244705824891e-18  -7.6940251555035e-17 -2.96772977623591e-17 -1.30135060953136e-16  0.000965135253221774
-5.90305464937332e-07 -1.54448051102024e-05      1.99763912905352  -0.00169294923204698    0.0151145626795361 -1.52342647900275e-17  2.18986572367058e-17 -2.03725011342151e-17  7.92692061064298e-18   0.00816278189932742
 2.36791950756672e-06  6.24640539222714e-05  -0.00169294923204698      1.99280417652374    0.0561140194275178  -1.0269167849227e-17 -8.27453365014459e-18 -3.79666904025685e-17 -6.72359282977774e-17   -0.0653752058346004
 0.000105162550050723 -0.000472381798779283    0.0151145626795361    0.0561140194275178      1.35864152952789   3.7473050088466e-16 -4.13474532713131e-16    3.489888839209e-16   3.1619109819487e-16     0.214735405907641
 3.49120043649865e-19 -6.92244705824891e-18 -1.52342647900275e-17  -1.0269167849227e-17   3.7473050088466e-16      1.09497388485031  5.20034589309147e-16  1.34227406726371e-05    0.0114985256993578 -8.84286681776798e-17
-6.28566582005805e-18  -7.6940251555035e-17  2.18986572367058e-17 -8.27453365014459e-18 -4.13474532713131e-16  5.20034589309147e-16      1.09497388485039   -0.0114985256993482  1.34227406733071e-05  8.57362624017218e-17
-5.94988248610224e-18 -2.96772977623591e-17 -2.03725011342151e-17 -3.79666904025685e-17    3.489888839209e-16  1.34227406726371e-05   -0.0114985256993482     0.905226408156814  6.06716965420105e-16 -2.83432227412797e-16
-1.21468383183897e-17 -1.30135060953136e-16  7.92692061064298e-18 -6.72359282977774e-17   3.1619109819487e-16    0.0114985256993578  1.34227406733071e-05  6.06716965420105e-16     0.905226408156891 -2.53293848023199e-16
 0.000251600001217225  0.000965135253221774   0.00816278189932742   -0.0653752058346004     0.214735405907641 -8.84286681776798e-17  8.57362624017218e-17 -2.83432227412797e-16 -2.53293848023199e-16     0.650515867078339
TOTAL ENERGY: -127.031999466383	 lambda: 1	 population of target: 7.15794614999087
1RDM: 
     1.99999973096949 -7.49205145695127e-08  6.28220762015932e-07   6.1969582052771e-06  5.27338972517572e-05  7.53464911904679e-19 -6.46696882860362e-18 -7.20599424658184e-18 -1.26621825573317e-17  0.000342755594272189
-7.49205145695127e-08      1.99999865365255  -3.8631994206247e-05    5.925808466238e-05 -0.000526892914396985 -1.75969834697076e-18 -8.17334358378382e-17 -3.68678209563845e-17 -1.37138644022064e-16   0.00101359652793467
 6.28220762015932e-07  -3.8631994206247e-05      1.99561072510554  -0.00195235484885127    0.0117106804372664 -1.28935220205259e-16  2.16555910494814e-16  1.76263936186503e-16  1.23567347921164e-16    0.0131816908931989
  6.1969582052771e-06    5.925808466238e-05  -0.00195235484885127      1.99275044076581    0.0566193796666206  5.04328533032031e-16  -8.8158501710477e-16 -6.48884817184591e-16 -4.21162387415112e-16    -0.066360243565451
 5.27338972517572e-05 -0.000526892914396985    0.0117106804372664    0.0566193796666206      1.42636393549196  3.22939087268498e-15 -4.96846070909333e-15 -3.39881399737636e-15 -1.87430484814733e-15     0.320639330153842
 7.53464911904679e-19 -1.75969834697076e-18 -1.28935220205259e-16  5.04328533032031e-16  3.22939087268498e-15      1.12180508956717  2.52324339492987e-15  1.98947933436676e-05    0.0170427951988613  2.65356375704398e-15
-6.46696882860362e-18 -8.17334358378382e-17  2.16555910494814e-16  -8.8158501710477e-16 -4.96846070909333e-15  2.52324339492987e-15      1.12180508956707   -0.0170427951988109  1.98947933453786e-05 -4.35514696214079e-15
-7.20599424658184e-18 -3.68678209563845e-17  1.76263936186503e-16 -6.48884817184591e-16 -3.39881399737636e-15  1.98947933436676e-05   -0.0170427951988109     0.878492697832144  2.38527326024607e-15 -4.95053718726961e-15
-1.26621825573317e-17 -1.37138644022064e-16  1.23567347921164e-16 -4.21162387415112e-16 -1.87430484814733e-15    0.0170427951988613  1.98947933453786e-05  2.38527326024607e-15     0.878492697832043 -3.12871688208952e-15
 0.000342755594272189   0.00101359652793467    0.0131816908931989    -0.066360243565451     0.320639330153842  2.65356375704398e-15 -4.35514696214079e-15 -4.95053718726961e-15 -3.12871688208952e-15     0.584680939216308
-------------------general-----------------------
mullikenoperator: 
   0.0107031551408277     0.102904576281555  -0.00103210140557659 -0.000764194306170325 -0.000453723653276882  4.01538599477064e-17  4.91407634310111e-17 -6.73597589275076e-17  3.26144396061861e-17 -0.000414002099898444
    0.102904576281555     0.989165267368919   -0.0111709856609963  -0.00124888520423981   -0.0010957370044909  4.84951674284094e-17 -2.82010887412934e-17 -1.00870598734059e-16 -5.60441284197707e-17   0.00113721494707819
  -0.0010321014055766   -0.0111709856609963    0.0174331631576439    -0.131655438593873  0.000912097420420907 -1.27196798183376e-17  3.60786358576647e-17 -3.62700385609595e-17 -8.53603520263401e-18     0.031277305604505
-0.000764194306170316  -0.00124888520423978    -0.131655438593873     0.971116974968102     0.092196128654449 -4.08206551976571e-18  1.29544615766647e-17 -3.15121200914667e-17 -3.53846920630986e-17   -0.0601889893619093
-0.000453723653276882  -0.00109573700449089  0.000912097420420921     0.092196128654449      0.32010831579515   1.4558290143399e-16 -1.40446487649965e-16  1.22438066716659e-16  1.34208539872893e-16     0.459887717770869
 4.01538599477033e-17   4.8495167428409e-17 -1.27196798183336e-17 -4.08206551977194e-18  1.45582901434044e-16     0.455579778928148 -1.06824330672783e-15  0.000581428780114579     0.498078335759141  4.02174222595125e-17
 4.91407634310107e-17 -2.82010887412936e-17  3.60786358576711e-17  1.29544615766819e-17 -1.40446487650062e-16 -1.13551857345816e-15     0.455579778928251     -0.49807833575915  0.000581428780114491 -2.96585212038927e-17
-6.73597589275072e-17 -1.00870598734059e-16 -3.62700385609665e-17 -3.15121200914872e-17  1.22438066716797e-16  0.000581428780114607    -0.498078335759151     0.544420221071749  -1.0913309699444e-15 -1.26743674908844e-17
 3.26144396061828e-17 -5.60441284197694e-17 -8.53603520262917e-18 -3.53846920631069e-17  1.34208539872887e-16     0.498078335759141  0.000581428780114522  -1.0884311416386e-15     0.544420221071852   1.0734070969854e-17
-0.000414002099898446   0.00113721494707819     0.031277305604505   -0.0601889893619092     0.459887717770869  4.02174222593646e-17 -2.96585212036835e-17 -1.26743674911656e-17  1.07340709697961e-17     0.691473123569358
selected BF: 
0 1 2 3 4
selected lambdas: 
  -1 -0.9 -0.8 -0.7 -0.6 -0.5 -0.4 -0.3 -0.2 -0.1    0  0.1  0.2  0.3  0.4  0.5  0.6  0.7  0.8  0.9    1
RHF C: 
 -0.00010742564187014    -0.995302612854096     0.200897775868421     0.165459945647275   -0.0062219117237443  1.62135997733359e-15  1.50276518564445e-14  1.90007540665124e-14  2.27308369652714e-15    0.0176563519552177
 0.000598925718560626   -0.0192490089636592    -0.792002773367808    -0.655431952085249    0.0250939682504287  -7.0285601130899e-15 -6.06554609884264e-14 -7.73848379410074e-14 -9.24838869084563e-15    -0.075356841653336
