Naturals in-correctThe Davidson algorithm did not converge.lambda: -1
The Davidson algorithm did not converge.lambda: -0.9
The Davidson algorithm did not converge.lambda: -0.8
The Davidson algorithm did not converge.lambda: -0.7
The Davidson algorithm did not converge.lambda: -0.6
The Davidson algorithm did not converge.lambda: -0.5
The Davidson algorithm did not converge.lambda: -0.4
The Davidson algorithm did not converge.lambda: -0.3
The Davidson algorithm did not converge.lambda: -0.2
The Davidson algorithm did not converge.lambda: -0.1
TOTAL ENERGY: -127.174417562947	 lambda: 0	 population of target: 6.89840949119435
1RDM: 
     1.99999999397453 -1.82619578641724e-15 -2.95390768759499e-14 -6.20805767423614e-13  1.60193999331696e-12  -2.3334262169556e-16   1.1080644314453e-15  1.39561636364087e-15   2.9941190906038e-16  8.41966297033252e-12
-1.82619578641724e-15      1.99999990375513  5.76313989251019e-14 -1.35896051046747e-13 -1.16676531408055e-12 -3.45303169276434e-17  1.78874361655077e-15  2.60155876105352e-15  3.95909411619306e-16 -2.25491940681379e-11
-2.95390768759499e-14  5.76313989251019e-14      1.99995238125079  4.41603695147727e-11  -4.7341886356809e-10  5.97681592241326e-14 -2.66106688431998e-13 -2.68855873358235e-13 -5.92605113227902e-14 -8.62412100838273e-10
-6.20805767423614e-13 -1.35896051046747e-13  4.41603695147727e-11      1.99648091107039 -8.01401516974483e-10  2.14716002802514e-14 -8.40560354088423e-14 -6.79530521546515e-14 -2.08635949730098e-14 -1.95880729849741e-09
 1.60193999331696e-12 -1.16676531408055e-12  -4.7341886356809e-10 -8.01401516974483e-10      1.38614390788667 -2.02039886661974e-12  8.68842769960213e-12 -1.75040390836241e-12 -4.58707728287969e-13  6.06807680704116e-09
 -2.3334262169556e-16 -3.45303169276434e-17  5.97681592241326e-14  2.14716002802514e-14 -2.02039886661974e-12      1.05887719894073 -2.51095470047851e-15  5.12697799542086e-11 -2.09032553248217e-10  1.18244744164417e-12
  1.1080644314453e-15  1.78874361655077e-15 -2.66106688431998e-13 -8.40560354088423e-14  8.68842769960213e-12 -2.51095470047851e-15      1.05887719894058  2.09030681709996e-10  5.12704587098843e-11  -4.8816513095696e-12
 1.39561636364087e-15  2.60155876105352e-15 -2.68855873358235e-13 -6.79530521546515e-14 -1.75040390836241e-12  5.12697799542086e-11  2.09030681709996e-10     0.941228973315889 -2.13955389679385e-15  9.52891582632187e-12
  2.9941190906038e-16  3.95909411619306e-16 -5.92605113227902e-14 -2.08635949730098e-14 -4.58707728287969e-13 -2.09032553248217e-10  5.12704587098843e-11 -2.13955389679385e-15     0.941228973315744  2.23953752401512e-12
 8.41966297033252e-12 -2.25491940681379e-11 -8.62412100838273e-10 -1.95880729849741e-09  6.06807680704116e-09  1.18244744164417e-12  -4.8816513095696e-12  9.52891582632187e-12  2.23953752401512e-12     0.617210557549549
TOTAL ENERGY: -127.17180243681	 lambda: 0.1	 population of target: 6.97132056042351
1RDM: 
     1.99999999304138 -2.15102137494469e-09  7.01402666991376e-08  2.38842131807727e-07 -9.68658237637051e-06 -2.60760108865364e-16  1.23523263707063e-15  1.27161144422214e-15  2.72245585018349e-16 -7.47875095079813e-06
-2.15102137494469e-09      1.99999992839903  3.83020603615864e-07 -3.60068564555972e-07  7.27584040183725e-05  -3.6137947130057e-16   3.0561019884326e-15  2.69933422597948e-16 -1.85444504114691e-16  0.000154642835918057
 7.01402666991376e-08  3.83020603615864e-07      1.99993600861613 -0.000145213531101333   0.00157834806753626  5.08260077580624e-14  -2.2927091032285e-13 -2.80783158618577e-13 -6.27361886602759e-14   0.00100340628191948
 2.38842131807727e-07 -3.60068564555972e-07 -0.000145213531101333      1.99873548358682   0.00939554134100696 -2.74673762119108e-14  1.11582135474666e-13 -2.96008056082668e-13 -7.82300204159032e-14    0.0137713375506741
-9.68658237637051e-06  7.27584040183725e-05   0.00157834806753626   0.00939554134100696      1.22294919320055  4.84817396061063e-13 -2.38281987384326e-12  6.59297637944663e-12    1.475348294071e-12   -0.0287116382425863
-2.60760108865364e-16  -3.6137947130057e-16  5.08260077580624e-14 -2.74673762119108e-14  4.84817396061063e-13      1.03453448438398 -5.44879728761787e-16  1.65676640668179e-06  -0.00065823797436597  -1.4300012508628e-12
 1.23523263707063e-15   3.0561019884326e-15  -2.2927091032285e-13  1.11582135474666e-13 -2.38281987384326e-12 -5.44879728761787e-16      1.03453448438416  0.000658237974364061  1.65676640707086e-06  6.63856881892216e-12
 1.27161144422214e-15  2.69933422597948e-16 -2.80783158618577e-13 -2.96008056082668e-13  6.59297637944663e-12  1.65676640668179e-06  0.000658237974364061     0.965516942207871 -1.01354585617183e-15 -4.01776406306598e-12
 2.72245585018349e-16 -1.85444504114691e-16 -6.27361886602759e-14 -7.82300204159032e-14    1.475348294071e-12  -0.00065823797436597  1.65676640707086e-06 -1.01354585617183e-15     0.965516942208057 -8.45546457105311e-13
-7.47875095079813e-06  0.000154642835918057   0.00100340628191948    0.0137713375506741   -0.0287116382425863  -1.4300012508628e-12  6.63856881892216e-12 -4.01776406306598e-12 -8.45546457105311e-13     0.778276539971999
TOTAL ENERGY: -127.169497852063	 lambda: 0.2	 population of target: 6.98772124374338
1RDM: 
     1.99999999212943 -2.21038613294904e-09  1.10346376333199e-07  2.41661181589903e-07 -1.62513731219173e-05 -1.86455291657403e-16  9.18789730925571e-16  1.34680578024961e-15  2.94158761306213e-16 -5.21375554884404e-06
-2.21038613294904e-09      1.99999990601374  5.01053169606197e-07 -3.51594931705677e-06  0.000121536210817645 -7.64718433851527e-16   4.7148056618293e-15 -1.33852359538845e-15 -5.80862311525614e-16  0.000214553908691714
 1.10346376333199e-07  5.01053169606197e-07      1.99991929363963 -0.000163845645647766   0.00242819721128957  4.98848591997203e-14 -2.26150952654561e-13 -2.73245461442844e-13  -6.1071677138021e-14  0.000925455962163006
 2.41661181589903e-07 -3.51594931705677e-06 -0.000163845645647766      1.99900251906427    0.0145483168036633 -5.95274526558606e-14  2.40502148715796e-13 -3.91643236422235e-13  -1.0247666426138e-13    0.0181468992619525
-1.62513731219173e-05  0.000121536210817645   0.00242819721128957    0.0145483168036633      1.16244056383498 -5.94806455259173e-13   2.5034543862326e-12  8.89821802269516e-13  1.80409791322126e-13   -0.0289646008298724
-1.86455291657403e-16 -7.64718433851527e-16  4.98848591997203e-14 -5.95274526558606e-14 -5.94806455259173e-13      1.02534074737196 -2.21827075698807e-15  1.68352455051427e-06 -0.000668836397320561  2.96178312044013e-13
 9.18789730925571e-16   4.7148056618293e-15 -2.26150952654561e-13  2.40502148715796e-13   2.5034543862326e-12 -2.21827075698807e-15        1.025340747372  0.000668836397319131  1.68352455088237e-06 -1.07942383223872e-12
 1.34680578024961e-15 -1.33852359538845e-15 -2.73245461442844e-13 -3.91643236422235e-13  8.89821802269516e-13  1.68352455051427e-06  0.000668836397319131     0.974699280860104  -2.3142011712337e-15  2.56710347440751e-12
 2.94158761306213e-16 -5.80862311525614e-16  -6.1071677138021e-14  -1.0247666426138e-13  1.80409791322126e-13 -0.000668836397320561  1.68352455088237e-06  -2.3142011712337e-15     0.974699280860143  6.32072864972823e-13
-5.21375554884404e-06  0.000214553908691714  0.000925455962163006    0.0181468992619525   -0.0289646008298724  2.96178312044013e-13 -1.07942383223872e-12  2.56710347440751e-12  6.32072864972823e-13     0.838557668853805
TOTAL ENERGY: -127.168016941491	 lambda: 0.3	 population of target: 6.99380714750976
1RDM: 
     1.99999999114483 -2.08588177378788e-09  1.16869593309735e-07   2.0005064827156e-07 -2.15076917340107e-05  -1.6927606508088e-16  8.39102821110659e-16  1.23639456485282e-15  2.69516297349597e-16 -2.83361622536322e-07
-2.08588177378788e-09       1.9999998823026  5.65137897104983e-07 -6.10367155567757e-06   0.00015450254370816 -9.48096870324941e-16  5.45526701431393e-15  -2.0101072685998e-15   -7.501215154233e-16  0.000252014783186258
 1.16869593309735e-07  5.65137897104983e-07      1.99990650803869 -0.000167218810989713   0.00300617260492904  4.78583828622894e-14 -2.17521137016843e-13 -2.64065288424134e-13  -5.8960781295591e-14  0.000561461739190564
  2.0005064827156e-07 -6.10367155567757e-06 -0.000167218810989713      1.99899224075691    0.0177277017366724 -7.58210547040855e-14  3.06621523928865e-13 -4.28122394638413e-13 -1.11986041710965e-13     0.020358994254971
-2.15076917340107e-05   0.00015450254370816   0.00300617260492904    0.0177277017366724      1.13394735635693 -4.86621775254139e-13  2.05125776928642e-12  8.00396212540307e-13  1.65009515881741e-13   -0.0274413092909186
 -1.6927606508088e-16 -9.48096870324941e-16  4.78583828622894e-14 -7.58210547040855e-14 -4.86621775254139e-13       1.0209782840894 -3.58199403087508e-16  1.60437504669322e-06 -0.000637423693332588  2.59869928437303e-13
 8.39102821110659e-16  5.45526701431393e-15 -2.17521137016843e-13  3.06621523928865e-13  2.05125776928642e-12 -3.58199403087508e-16      1.02097828408939  0.000637423693330422  1.60437504701579e-06 -9.55416780058817e-13
 1.23639456485282e-15  -2.0101072685998e-15 -2.64065288424134e-13 -4.28122394638413e-13  8.00396212540307e-13  1.60437504669322e-06  0.000637423693330422     0.979057955974114  -3.5069621939512e-16  2.10392773643905e-12
 2.69516297349597e-16   -7.501215154233e-16  -5.8960781295591e-14 -1.11986041710965e-13  1.65009515881741e-13 -0.000637423693332588  1.60437504701579e-06  -3.5069621939512e-16     0.979057955974112  5.18695643212517e-13
-2.83361622536322e-07  0.000252014783186258  0.000561461739190564     0.020358994254971   -0.0274413092909186  2.59869928437303e-13 -9.55416780058817e-13  2.10392773643905e-12  5.18695643212517e-13     0.867081541273083
TOTAL ENERGY: -127.166960382386	 lambda: 0.4	 population of target: 6.99686624496595
1RDM: 
     1.99999998991908 -2.03444584655107e-09  1.02782484485048e-07  1.37789784642254e-07 -2.64316622381794e-05 -1.54326066672407e-16  7.67186925657263e-16  1.10125093210382e-15  2.38719613435832e-16  6.09694648295959e-06
-2.03444584655107e-09      1.99999986065228  6.38880379245317e-07 -8.15297979159556e-06  0.000178228041181596 -1.08188495077922e-15  5.99241027767993e-15 -2.52919514263747e-15 -8.80827541495638e-16  0.000280945618492633
 1.02782484485048e-07  6.38880379245317e-07      1.99989436231553 -0.000168502927780272   0.00348678485567821  4.62644019415024e-14 -2.10544216935149e-13 -2.52902398593382e-13 -5.63325882693108e-14  5.77171479841809e-05
 1.37789784642254e-07 -8.15297979159556e-06 -0.000168502927780272      1.99892705355835    0.0199330293688754 -8.70230129575094e-14  3.52169569669748e-13 -4.50890827271436e-13 -1.17965597053917e-13    0.0217591870396989
-2.64316622381794e-05  0.000178228041181596   0.00348678485567821    0.0199330293688754      1.11925581374029 -4.31073563371979e-13  1.81891281553441e-12  7.51561732803408e-13  1.56383791003873e-13    -0.026532356514934
-1.54326066672407e-16 -1.08188495077922e-15  4.62644019415024e-14 -8.70230129575094e-14 -4.31073563371979e-13      1.01872054905568 -5.32155196525898e-16  1.55780677819869e-06 -0.000618910976684769  2.40653499574377e-13
 7.67186925657263e-16  5.99241027767993e-15 -2.10544216935149e-13  3.52169569669748e-13  1.81891281553441e-12 -5.32155196525898e-16      1.01872054905567  0.000618910976682376  1.55780677851581e-06 -8.89353349710706e-13
 1.10125093210382e-15 -2.52919514263747e-15 -2.52902398593382e-13 -4.50890827271436e-13  7.51561732803408e-13  1.55780677819869e-06  0.000618910976682376     0.981314127507207 -5.03157540853793e-16  1.86481655154059e-12
 2.38719613435832e-16 -8.80827541495638e-16 -5.63325882693108e-14 -1.17965597053917e-13  1.56383791003873e-13 -0.000618910976684769  1.55780677851581e-06 -5.03157540853793e-16     0.981314127507195  4.60158557894191e-13
 6.09694648295959e-06  0.000280945618492633  5.77171479841809e-05    0.0217591870396989    -0.026532356514934  2.40653499574377e-13 -8.89353349710706e-13  1.86481655154059e-12  4.60158557894191e-13      0.88185356668872
TOTAL ENERGY: -127.166084058972	 lambda: 0.5	 population of target: 6.99882533461015
1RDM: 
     1.99999998827742 -2.07367896080737e-09  7.14493113689223e-08  5.82446351899031e-08  -3.1462541798369e-05 -1.39683348191083e-16  6.95364842256622e-16  9.43315017078778e-16  2.02343571956218e-16  1.37246068928826e-05
-2.07367896080737e-09      1.99999984087373  7.54129290355943e-07 -9.80675321772415e-06  0.000195863929929176 -1.18441512488563e-15  6.40055064099012e-15 -2.97955273849808e-15 -9.93833968308995e-16  0.000305879866456011
 7.14493113689223e-08  7.54129290355943e-07       1.9998801238225 -0.000170557742208426   0.00394112960292756  4.48089917015971e-14 -2.04038116059282e-13 -2.39992667556624e-13 -5.32644605394856e-14 -0.000554361023165534
 5.82446351899031e-08 -9.80675321772415e-06 -0.000170557742208426      1.99885282898669    0.0215838214214316 -9.53775747458296e-14  3.86172241527999e-13 -4.66978248850033e-13 -1.22209862597877e-13    0.0227558051382888
 -3.1462541798369e-05  0.000195863929929176   0.00394112960292756    0.0215838214214316      1.11224550927784 -4.04115972325083e-13  1.70654492275028e-12  7.36399755802674e-13  1.54256995030093e-13   -0.0265308622734116
-1.39683348191083e-16 -1.18441512488563e-15  4.48089917015971e-14 -9.53775747458296e-14 -4.04115972325083e-13      1.01764316376723 -4.88563416063647e-15  1.56130661771525e-06 -0.000620264732072303  2.33293666227878e-13
 6.95364842256622e-16  6.40055064099012e-15 -2.04038116059282e-13  3.86172241527999e-13  1.70654492275028e-12 -4.88563416063647e-15      1.01764316376718   0.00062026473206881  1.56130661836542e-06 -8.65433854007562e-13
 9.43315017078778e-16 -2.97955273849808e-15 -2.39992667556624e-13 -4.66978248850033e-13  7.36399755802674e-13  1.56130661771525e-06   0.00062026473206881     0.982390852016132 -4.77590211862361e-15  1.74883858543495e-12
 2.02343571956218e-16 -9.93833968308995e-16 -5.32644605394856e-14 -1.22209862597877e-13  1.54256995030093e-13 -0.000620264732072303  1.56130661836542e-06 -4.77590211862361e-15     0.982390852016088  4.31837957048748e-13
 1.37246068928826e-05  0.000305879866456011 -0.000554361023165534    0.0227558051382888   -0.0265308622734116  2.33293666227878e-13 -8.65433854007562e-13  1.74883858543495e-12  4.31837957048748e-13     0.888953677195225
TOTAL ENERGY: -127.165204839607	 lambda: 0.6	 population of target: 7.00042571180615
1RDM: 
     1.99999998597848 -2.13771895712872e-09  1.82057297999236e-08 -4.11668316416062e-08 -3.68359428037645e-05 -1.24472220847318e-16  6.19961060422624e-16  7.59380836419341e-16  1.59657292990779e-16  2.27212169971103e-05
-2.13771895712872e-09      1.99999982229999  9.43984217553857e-07 -1.11583727208133e-05  0.000209068539542749 -1.26514188236589e-15  6.71792138555195e-15 -3.40035884644988e-15 -1.09895640393939e-15  0.000328961877406003
 1.82057297999236e-08  9.43984217553857e-07       1.9998606497445 -0.000174741173999715   0.00440469969209768   4.3356453909152e-14 -1.97440768304218e-13 -2.25104138824554e-13  -4.9708587348092e-14  -0.00127884041422649
-4.11668316416062e-08 -1.11583727208133e-05 -0.000174741173999715      1.99878115617046    0.0228842004418436 -1.01950556829891e-13  4.12937719000494e-13 -4.79175389878057e-13 -1.25438856018651e-13    0.0235142626297259
-3.68359428037645e-05  0.000209068539542749   0.00440469969209768    0.0228842004418436      1.11065008088511 -3.96977035720263e-13  1.67764754439831e-12  7.52375891981136e-13  1.58508370401621e-13   -0.0275688104277477
-1.24472220847318e-16 -1.26514188236589e-15   4.3356453909152e-14 -1.01950556829891e-13 -3.96977035720263e-13      1.01740318679532   1.2150232984018e-15  1.62238618139423e-06 -0.000644531685828549  2.36132249464989e-13
 6.19961060422624e-16  6.71792138555195e-15 -1.97440768304218e-13  4.12937719000494e-13  1.67764754439831e-12   1.2150232984018e-15       1.0174031867953   0.00064453168582645  1.62238618157546e-06 -8.78836858799242e-13
 7.59380836419341e-16 -3.40035884644988e-15 -2.25104138824554e-13 -4.79175389878057e-13  7.52375891981136e-13  1.62238618139423e-06   0.00064453168582645     0.982630666435165  1.25953299076618e-15  1.71912384529888e-12
 1.59657292990779e-16 -1.09895640393939e-15  -4.9708587348092e-14 -1.25438856018651e-13  1.58508370401621e-13 -0.000644531685828549  1.62238618157546e-06  1.25953299076618e-15     0.982630666435147  4.24772522998228e-13
 2.27212169971103e-05  0.000328961877406003  -0.00127884041422649    0.0235142626297259   -0.0275688104277477  2.36132249464989e-13 -8.78836858799242e-13  1.71912384529888e-12  4.24772522998228e-13     0.890640598460526
TOTAL ENERGY: -127.164103902092	 lambda: 0.7	 population of target: 7.00211555486917
1RDM: 
     1.99999998262381 -2.05175151073451e-09 -7.31460833902876e-08 -1.68001019976391e-07 -4.26902967740536e-05 -1.08381109568495e-16  5.39434517621722e-16  5.42576727409171e-16  1.09007771271077e-16  3.34250453921554e-05
-2.05175151073451e-09      1.99999980400413  1.26449182400004e-06 -1.22565018518835e-05  0.000218792797078276 -1.32963899519401e-15  6.96671893809051e-15 -3.81737901674237e-15 -1.20265506498944e-15  0.000351608607642158
-7.31460833902876e-08  1.26449182400004e-06      1.99983080712599 -0.000182651212189384    0.0048984008776619  4.18385208035026e-14 -1.90448662568223e-13 -2.07686429885537e-13 -4.55349638767225e-14  -0.00214114047458588
-1.68001019976391e-07 -1.22565018518835e-05 -0.000182651212189384      1.99871479728378    0.0239452732737775 -1.07316932678107e-13  4.34795912214882e-13 -4.88837707700332e-13 -1.28004904685172e-13    0.0241158146029059
-4.26902967740536e-05  0.000218792797078276    0.0048984008776619    0.0239452732737775      1.11396820003095 -4.07445059886069e-13  1.72324550197982e-12  8.04065158726394e-13  1.70366654064341e-13   -0.0299456308173641
-1.08381109568495e-16 -1.32963899519401e-15  4.18385208035026e-14 -1.07316932678107e-13 -4.07445059886069e-13       1.0179266761949 -2.95430072301127e-15   1.7575753464321e-06 -0.000698260147161916  2.49978567679672e-13
 5.39434517621722e-16  6.96671893809051e-15 -1.90448662568223e-13  4.34795912214882e-13  1.72324550197982e-12 -2.95430072301127e-15      1.01792667619489  0.000698260147160381  1.75757534697769e-06 -9.33415387191034e-13
 5.42576727409171e-16 -3.81737901674237e-15 -2.07686429885537e-13 -4.88837707700332e-13  8.04065158726394e-13   1.7575753464321e-06  0.000698260147160381     0.982107424501594 -2.94518886639118e-15  1.76681481879473e-12
 1.09007771271077e-16 -1.20265506498944e-15 -4.55349638767225e-14 -1.28004904685172e-13  1.70366654064341e-13 -0.000698260147161916  1.75757534697769e-06 -2.94518886639118e-15      0.98210742450159  4.36856917935091e-13
 3.34250453921554e-05  0.000351608607642158  -0.00214114047458588    0.0241158146029059   -0.0299456308173641  2.49978567679672e-13 -9.33415387191034e-13  1.76681481879473e-12  4.36856917935091e-13     0.887418207538397
TOTAL ENERGY: -127.162378224427	 lambda: 0.8	 population of target: 7.00440585831116
1RDM: 
      1.9999999774596 -1.37557346396518e-09  -2.4440869475013e-07 -3.38601362875515e-07 -4.90698819451497e-05 -9.17241331209986e-17  4.54593306054997e-16  2.80895867894649e-16  4.74627360989241e-17  4.64635429407555e-05
-1.37557346396518e-09      1.99999978439518   1.8360248087853e-06 -1.31077542415098e-05  0.000225626557216349 -1.38174650236381e-15  7.16160427718382e-15 -4.25502677550641e-15 -1.31103317473886e-15  0.000375161157862739
 -2.4440869475013e-07   1.8360248087853e-06      1.99978001265002 -0.000197230577200226   0.00543406321636035   4.0237837739653e-14 -1.82944735359175e-13 -1.86742727103255e-13 -4.05016006632985e-14  -0.00319319752710776
-3.38601362875515e-07 -1.31077542415098e-05 -0.000197230577200226      1.99865379255347    0.0248306722522197 -1.11812157305488e-13  4.53105390824806e-13 -4.96749836235743e-13 -1.30112532411888e-13    0.0246065243440721
-4.90698819451497e-05  0.000225626557216349   0.00543406321636035    0.0248306722522197      1.12307098687952 -4.38208584202923e-13  1.85512615261435e-12  9.06712426018267e-13   1.9335386287706e-13   -0.0343709829496752
-9.17241331209986e-17 -1.38174650236381e-15   4.0237837739653e-14 -1.11812157305488e-13 -4.38208584202923e-13      1.01935103621447 -3.27356998313939e-15  2.00532869897633e-06 -0.000796673954917637  2.78873934043118e-13
 4.54593306054997e-16  7.16160427718382e-15 -1.82944735359175e-13  4.53105390824806e-13  1.85512615261435e-12 -3.27356998313939e-15      1.01935103621441  0.000796673954913519  2.00532869941541e-06 -1.04518133139274e-12
 2.80895867894649e-16 -4.25502677550641e-15 -1.86742727103255e-13 -4.96749836235743e-13  9.06712426018267e-13  2.00532869897633e-06  0.000796673954913519     0.980683846396343 -3.13797924940774e-15  1.90453635970448e-12
 4.74627360989241e-17 -1.31103317473886e-15 -4.05016006632985e-14 -1.30112532411888e-13   1.9335386287706e-13 -0.000796673954917637  2.00532869941541e-06 -3.13797924940774e-15     0.980683846396291  4.71308627359608e-13
 4.64635429407555e-05  0.000375161157862739  -0.00319319752710776    0.0246065243440721   -0.0343709829496752  2.78873934043118e-13 -1.04518133139274e-12  1.90453635970448e-12  4.71308627359608e-13     0.878425680840721
TOTAL ENERGY: -127.159026107939	 lambda: 0.9	 population of target: 7.00832488507322
1RDM: 
     1.99999996881971  1.12300898533452e-09 -6.09575329507753e-07 -5.90962262400409e-07 -5.57984490950442e-05 -7.62434462327512e-17  3.71701451385277e-16 -4.80565167077263e-17  -3.0500324124234e-17  6.30432278495587e-05
 1.12300898533452e-09      1.99999975977048  2.96940432844319e-06 -1.36533422862799e-05  0.000230020338777713 -1.42515779444512e-15  7.31562392505265e-15 -4.74725987039134e-15 -1.43256334013599e-15  0.000401467354344932
-6.09575329507753e-07  2.96940432844319e-06      1.99968172302794 -0.000225101976660317   0.00600819391786041  3.86306844131789e-14 -1.75151541761724e-13 -1.60358678679938e-13  -3.4137650369033e-14  -0.00453993884749898
-5.90962262400409e-07 -1.36533422862799e-05 -0.000225101976660317      1.99859712129031    0.0255717358089959 -1.15610711261297e-13  4.68565957476843e-13 -5.03429451453069e-13 -1.31895748833324e-13     0.025016045196635
-5.57984490950442e-05  0.000230020338777713   0.00600819391786041    0.0255717358089959      1.14085402443474 -4.98785779464009e-13  2.11438676520181e-12  1.09904606919797e-12  2.36270379061243e-13   -0.0425696529935978
-7.62434462327512e-17 -1.42515779444512e-15  3.86306844131789e-14 -1.15610711261297e-13 -4.98785779464009e-13      1.02212742425895  1.60007451920931e-15  2.45680444019792e-06  -0.00097603009046225  3.33435416741065e-13
 3.71701451385277e-16  7.31562392505265e-15 -1.75151541761724e-13  4.68565957476843e-13  2.11438676520181e-12  1.60007451920931e-15      1.02212742425889  0.000976030090456832  2.45680444039001e-06 -1.25564976139842e-12
-4.80565167077263e-17 -4.74725987039134e-15 -1.60358678679938e-13 -5.03429451453069e-13  1.09904606919797e-12  2.45680444019792e-06  0.000976030090456832       0.9779092595916  1.74251194572721e-15  2.17562368285049e-12
 -3.0500324124234e-17 -1.43256334013599e-15  -3.4137650369033e-14 -1.31895748833324e-13  2.36270379061243e-13  -0.00097603009046225  2.45680444039001e-06  1.74251194572721e-15     0.977909259591543  5.39033164561911e-13
 6.30432278495587e-05  0.000401467354344932  -0.00453993884749898     0.025016045196635   -0.0425696529935978  3.33435416741065e-13 -1.25564976139842e-12  2.17562368285049e-12  5.39033164561911e-13     0.860794034955857
TOTAL ENERGY: -127.150794361997	 lambda: 1	 population of target: 7.01692175860521
1RDM: 
      1.9999999521093  9.58859993770377e-09 -1.53962002584583e-06 -1.03196253809661e-06 -6.18903348799418e-05 -6.84076009153232e-17  3.15559929359651e-16 -4.93374201615854e-16   -1.370806903856e-16  8.59001550253017e-05
 9.58859993770377e-09      1.99999971831242  5.67797645237315e-06 -1.36592467698359e-05  0.000232696981016781 -1.46366156041297e-15  7.43665079451561e-15 -5.34788783491523e-15 -1.58137266621757e-15  0.000434188160973877
-1.53962002584583e-06  5.67797645237315e-06       1.9994514426869 -0.000284548175436392   0.00655969930728757  3.75000745191122e-14 -1.68846695130259e-13  -1.2380187361263e-13 -2.52701228621681e-14  -0.00643065230154333
-1.03196253809661e-06 -1.36592467698359e-05 -0.000284548175436392      1.99854303938696    0.0261557090297796 -1.19004838175353e-13  4.82525987329437e-13 -5.10599685087072e-13 -1.33740890054024e-13    0.0253649631706989
-6.18903348799418e-05  0.000232696981016781   0.00655969930728757    0.0261557090297796      1.17497406816884 -6.15213663121865e-13  2.61887453039107e-12  1.48020736598949e-12  3.22820686129134e-13   -0.0594375991350823
-6.84076009153232e-17 -1.46366156041297e-15  3.75000745191122e-14 -1.19004838175353e-13 -6.15213663121865e-13      1.02744697915928   4.4394130388615e-15  3.36248442617335e-06  -0.00133581980798504  4.44517918228856e-13
 3.15559929359651e-16  7.43665079451561e-15 -1.68846695130259e-13  4.82525987329437e-13  2.61887453039107e-12   4.4394130388615e-15      1.02744697915911   0.00133581980797085   3.3624844260406e-06 -1.69251964951671e-12
-4.93374201615854e-16 -5.34788783491523e-15  -1.2380187361263e-13 -5.10599685087072e-13  1.48020736598949e-12  3.36248442617335e-06   0.00133581980797085     0.972594132156059  4.86255743226814e-15  2.70536766640578e-12
  -1.370806903856e-16 -1.58137266621757e-15 -2.52701228621681e-14 -1.33740890054024e-13  3.22820686129134e-13  -0.00133581980798504   3.3624844260406e-06  4.86255743226814e-15     0.972594132155889  6.70035994520269e-13
 8.59001550253017e-05  0.000434188160973877  -0.00643065230154333    0.0253649631706989   -0.0594375991350823  4.44517918228856e-13 -1.69251964951671e-12  2.70536766640578e-12  6.70035994520269e-13     0.826949556705302
-------------------general-----------------------
mullikenoperator: 
 0.000693126517554495    0.0263151019667606  0.000271691275894738  0.000450318664285374  1.83933650576716e-05  -6.9454723831804e-17  -9.3026128380971e-16  -1.9837245813899e-15 -1.83683034309279e-16  3.27553791595987e-05
   0.0263151019667606     0.999149353438285    0.0124298103262533   0.00151365862485232  0.000573286958169424 -2.17956581283462e-15  8.69160535744178e-15 -1.32673556798898e-14 -3.14283277319935e-15  0.000593175119620621
 0.000271691275894738    0.0124298103262533    0.0156585204398115    -0.123569581224953   0.00101836752843127  -5.5025330382411e-14  2.56693535473337e-13  4.90242895339745e-13  1.14796687806897e-13   -0.0109830888347527
 0.000450318664285374    0.0015136586248523    -0.123569581224953     0.982459399329174    0.0366971821336037   -1.971508670234e-13  7.96668733262438e-13 -4.15403652540505e-13 -1.10278558719665e-13    0.0273935915591513
 1.83933650576717e-05  0.000573286958169421   0.00101836752843127    0.0366971821336037     0.379325276263376  1.02366482170206e-12 -4.26656189818885e-12  -3.6491795621128e-13  -4.7214655995745e-14    -0.484132427690587
-6.94547238318003e-17 -2.17956581283463e-15  -5.5025330382411e-14 -1.97150867023399e-13  1.02366482170205e-12     0.481705856644375  4.28756632603141e-15   0.00125784180034121    -0.499667368660878 -2.58357784083186e-13
-9.30261283809702e-16  8.69160535744174e-15  2.56693535473337e-13  7.96668733262438e-13 -4.26656189818884e-12  4.28703813835895e-15     0.481705856644425      0.49966736866088   0.00125784180034113  8.97563649196321e-13
 -1.9837245813899e-15 -1.32673556798899e-14  4.90242895339745e-13 -4.15403652540505e-13 -3.64917956211267e-13    0.0012578418003412      0.49966736866088     0.518294143355575  4.42030309657068e-15 -4.35487696464206e-12
-1.83683034309283e-16 -3.14283277319934e-15  1.14796687806897e-13 -1.10278558719666e-13 -4.72146559957426e-14    -0.499667368660878   0.00125784180034116  4.41311324910348e-15     0.518294143355624 -1.06584912952524e-12
 3.27553791595985e-05  0.000593175119620621   -0.0109830888347527    0.0273935915591513    -0.484132427690587 -2.58357784083185e-13  8.97563649196322e-13 -4.35487696464204e-12 -1.06584912952524e-12     0.622714324011801
selected BF: 
0 1 2 3 4
selected lambdas: 
  -1 -0.9 -0.8 -0.7 -0.6 -0.5 -0.4 -0.3 -0.2 -0.1    0  0.1  0.2  0.3  0.4  0.5  0.6  0.7  0.8  0.9    1
RHF C: 
 3.83036342508878e-05    -0.995239750723107   -0.0284156833812478     0.258800647055801   -0.0129596952020897  3.46203843857505e-13  1.61115598313367e-13 -2.37824447562877e-13 -4.75648800488165e-13   0.00656178406691467
-0.000147428270220006   -0.0194899397352499      0.11165406442621     -1.02112281593765     0.052338889859976  -1.4280915494927e-12 -6.64791029401498e-13  9.50977974899386e-13  1.90240122206057e-12    -0.025981881370903
-4.37736927947061e-15  8.97199762249693e-15 -1.17799316133892e-12 -8.24950014614588e-15    1.190488189893e-11    -0.472207630817548    -0.413862943066595    -0.527503450819336    -0.572269583093504 -5.42818140955215e-12
-8.36991589203042e-16  2.46415915624453e-15 -3.22015857916151e-13  -2.9658565359132e-16  3.10236217927663e-12    -0.413862943063756     0.472207630820712     0.572269583090895    -0.527503450821561 -2.13678202278252e-12
-0.000225785433091211 -0.000187075946872515    0.0296829891211963  -0.00806645791731517    -0.602124204640826  2.76603254565638e-11  1.23768095587532e-11 -1.28772145274003e-11 -2.49164267195443e-11     -0.79862520746634
    0.995184380391752  -2.9236758700363e-05    -0.260423977115535   -0.0316301575730045   -0.0108934336584933  6.70914271696282e-13  3.12686554952545e-13 -1.42287608524291e-13 -2.79616654720365e-13  -0.00702074887328931
   0.0195807251163653  0.000149475006810121      1.02034420795945     0.124920292482068    0.0445801880927401 -2.70949462380395e-12 -1.26154309849488e-12  5.88171979748874e-13  1.15568815909655e-12    0.0290475557649848
 6.65551877995833e-15 -5.68991346703294e-15  3.08024975685752e-13 -1.56257964376309e-12 -7.47682719056924e-11    -0.583482396142051     -0.51138890169809     0.427605843758845     0.463894250451571  6.89674483064151e-12
  1.7999958266827e-15 -1.52501245353448e-15  8.70001816285253e-14 -4.25913887566668e-13 -2.13647712520414e-11    -0.511388901700391     0.583482396139486    -0.463894250454795     0.427605843756095  1.58520832612198e-12
-0.000172375411144575 -0.000188499726092525   -0.0213680175744265    0.0354019009987983     0.779325677930527 -3.81373252336415e-11  -1.8305454469363e-11  2.30410802789429e-11  4.56641176266585e-11     -0.62622739197901
RDM (no constraint): 
      1.9999999541715   -8.929542665469e-09 -5.50929578391882e-06 -5.41541558280473e-06  0.000138366962531998 -4.40260824597133e-15 -2.02359374992516e-15  5.57860658416376e-16  1.17559569699298e-15 -5.22278841986228e-05
  -8.929542665469e-09      1.99999923285163  3.16662143938238e-06 -4.90696412681432e-05 -8.09770465487084e-05  5.02477652563716e-15   2.4082067840153e-15   2.6105317008859e-15    4.884656598707e-15  0.000104499196059253
-5.50929578391882e-06  3.16662143938238e-06      1.99912755678704 -0.000889610766622045    0.0224507030052574 -1.48384853398355e-12 -7.06734482201262e-13  1.58074065826673e-13  3.04385170097698e-13   0.00134100873977849
-5.41541558280473e-06 -4.90696412681432e-05 -0.000889610766622045       1.9932885534421    0.0219803437879541 -2.24054490470745e-12 -1.04683046434031e-12  1.00679707967708e-12  1.88500501403472e-12    0.0574839559231051
 0.000138366962531998 -8.09770465487084e-05    0.0224507030052574    0.0219803437879541      1.38775751134702  -1.0813443440844e-11 -4.65770214527967e-12  1.26331764639934e-11  2.48942879255158e-11 -0.000157110660040424
-4.40260824597133e-15  5.02477652563716e-15 -1.48384853398355e-12 -2.24054490470745e-12  -1.0813443440844e-11      1.05800283412146 -2.14897180077019e-14  0.000253289132064874    0.0101014574524863  1.02404571708688e-12
-2.02359374992516e-15   2.4082067840153e-15 -7.06734482201262e-13 -1.04683046434031e-12 -4.65770214527967e-12 -2.14897180077019e-14      1.05800283412165    0.0101014574518613 -0.000253289132062139  3.76361650527064e-13
 5.57860658416376e-16   2.6105317008859e-15  1.58074065826673e-13  1.00679707967708e-12  1.26331764639934e-11  0.000253289132064874    0.0101014574518613     0.942103338148168  2.60958013029821e-14 -1.88372457977451e-12
 1.17559569699298e-15    4.884656598707e-15  3.04385170097698e-13  1.88500501403472e-12  2.48942879255158e-11    0.0101014574524863 -0.000253289132062139  2.60958013029821e-14     0.942103338148353 -2.81384716644174e-12
-5.22278841986228e-05  0.000104499196059253   0.00134100873977849    0.0574839559231051 -0.000157110660040424  1.02404571708688e-12  3.76361650527064e-13 -1.88372457977451e-12 -2.81384716644174e-12     0.619614846861081
RDM Eigenvectors: 
    0.999602400099421   -0.0264455485281155   0.00975070674051735  0.000738862003724994  0.000226006107195703  -2.9610372708471e-16  9.61452087115274e-16  6.19455787343577e-15  1.13433138477745e-15  3.74267753984616e-05
  -0.0263122093007059    -0.999460045662981   -0.0143041032498373    0.0135149803917759 -0.000129562573106236  4.85593612877264e-16 -3.90751461862406e-15 -9.13434832516315e-15 -1.63270687230241e-15 -7.69014568932056e-05
  -0.0101285376384603   -0.0139477036322537     0.999157761439301   0.00666264944779517    0.0366225560000815 -2.21466048127457e-13  1.01335207031493e-12  9.11778011458117e-13  1.68698984366654e-13  -0.00101957768519928
-0.000307825217679769    0.0136187946784933  -0.00782982634778942     0.998357824630278    0.0359280875135611 -3.28925515789401e-13  1.62185564650903e-12 -2.89292416538851e-13 -2.97136101550976e-14    -0.041760675540755
-0.000153054471373058   0.00010356833907631    0.0363643997342829    0.0362829621770006    -0.998678683703563 -3.81716443632546e-12  2.79157766390061e-11 -6.34896553122361e-11   -1.189052126313e-11   0.00142465844201729
 1.35028654158759e-14 -1.60411176082703e-14 -1.96018330488463e-12 -2.73921890145433e-12  3.07894574735599e-11     0.256710827388878     0.962635693357704   -0.0833540883437487    0.0220038390157856 -2.70859330517346e-12
 6.44090038937875e-15 -6.89933418340389e-15 -9.14798960362042e-13 -1.26862922273797e-12  1.31655379393815e-11    -0.962635693358162     0.256710827389003   -0.0220038390143403   -0.0833540883384538 -1.06901515291923e-12
-2.99985475890115e-15  8.56506058984797e-15  5.65753699844602e-13  1.30178271095042e-12 -2.80139160783755e-11   -0.0827154374981408     0.024294636724909      0.27835292903388      0.95660209801367  5.90278147928137e-12
-5.79570902061229e-15  1.60856383972166e-14  1.10904944842756e-12  2.50631273455639e-12 -5.51372547690229e-11    0.0242946367262347    0.0827154375034671     0.956602098013209    -0.278352929033766   8.8707486268607e-12
-6.24536894983677e-05  0.000478910105077353  0.000639026770594798    0.0416846392025404    0.0029630677580513 -6.95922427354514e-14  2.03543450074507e-12 -1.03078271767331e-11 -3.19383994853589e-12     0.999126102888645
Total C: 
    0.026434962714946     0.998624040438526   -0.0166488074630093     0.244539019325822    0.0213485261763196 -8.84089943433292e-14  3.75914213605988e-13  1.09873649634316e-13  2.13646641882166e-14  -0.00416459443078178
-0.000457499356884585   0.00401251277385748     0.121719257171497     -1.01814959178124    -0.084942160525814  3.54060929980887e-13 -1.49962591115424e-12 -4.39563682238097e-13 -8.59877582076882e-14    0.0166458210595386
 1.69643575378113e-15  2.80661423548821e-15 -3.76559695865493e-13 -1.12756614749371e-13  1.43943906406821e-11     0.306908026633217    -0.620958052285421    -0.645799404278435    -0.321211205486368 -1.18736856738709e-11
 8.12401846881619e-16  1.14182847001718e-15 -9.23272483644713e-14 -2.14301612618261e-14  3.41143346260139e-12    -0.620958052285391    -0.306908026633238    -0.321211205486347     0.645799404278463 -2.81533333534357e-12
-0.000376900600153068 -0.000775749701126496   0.00731539415952223   -0.0629953925538845     0.599759455248262  -2.0037800345829e-12  9.01294030648508e-12  1.64926920042477e-11    3.909664568988e-12    -0.798478509981261
    0.997439020839477   -0.0230919145463933    -0.250653429729685   -0.0332663236085911  0.000409355813168056 -1.39411239430394e-14  6.68978846583525e-14  1.71963713974678e-13  4.05057320198768e-14  -0.00540646486925216
  0.00918732114946258   -0.0131788838504067       1.0203352122731     0.134358172994069   -0.0025750475948154   5.9017740454087e-14 -2.82021522522389e-13 -7.12629755799411e-13 -1.67920895697692e-13    0.0228293280913206
 3.27960103691107e-17  -4.9410722899168e-16 -2.63978268834418e-14 -1.69965197832292e-14  1.23904711925435e-11     0.318395499132174    -0.644200304527674     0.622675714582248     0.309709826861692   1.5615391685267e-11
 2.65734843453349e-17  9.17991087886994e-17 -5.16995314772748e-15  -5.3446577852866e-15  2.68407824884956e-12    -0.644200304527703    -0.318395499132153     0.309709826861713    -0.622675714582219  3.38739404224407e-12
-4.19869266406193e-05  0.000753929344384043   0.00631333860170171    0.0373709035292262    -0.779662139764812  4.09661362161372e-12 -1.65580560046073e-11  1.06238364853214e-11  2.74589669431658e-12    -0.626026473666756
Basis set used: STO-3G
Naturals: 
 1.99999999397453  1.99999990375515  1.99995238124751  1.99648091145752  1.38614388916465  1.05887720440084  1.05887720440075 0.941228967869071 0.941228967868982 0.617210575861018
Naturals: 
 1.99999999397453  1.99999990375513  1.99995238125079  1.99648091107039  1.38614390788667  1.05887719894073  1.05887719894058 0.941228973315889 0.941228973315744 0.617210557549549
Version: Tmhuysen's fci hack
