Naturals in-correctTOTAL ENERGY: -126.605318346671	 lambda: -1	 population of target: 5.46411140449027
1RDM: 
     1.99999983847716  -5.8941554890003e-07 -1.55447041174612e-05  5.97439395157967e-05  -1.3363888660883e-05  1.92580397500068e-18 -8.18499715222631e-19  2.89146137659136e-18  2.63103880047243e-18  0.000422543342705311
 -5.8941554890003e-07      1.99999635770938 -5.93515631025948e-05  0.000221002587191536 -0.000341167665081625  7.83044432840532e-18 -7.63099870534907e-17  8.35313410476247e-17  9.46377558703131e-18   0.00216150581047039
-1.55447041174612e-05 -5.93515631025948e-05      1.99807288228904    0.0078272372414318 -0.000631042489641363 -9.81545343475618e-17 -1.75873845113932e-16  3.96239700686777e-16 -1.85878307147116e-16    0.0464399082853474
 5.97439395157967e-05  0.000221002587191536    0.0078272372414318        1.936226087483    0.0167140759579934 -9.73029289593848e-16 -1.56704540862944e-15  2.22381726913916e-16 -1.98353281835291e-16    -0.134262769143285
 -1.3363888660883e-05 -0.000341167665081625 -0.000631042489641363    0.0167140759579934      1.82401245370861  5.63572553356536e-16  1.07768176506028e-15  -1.8902660081646e-15  1.05443708109055e-15     0.244965171227284
 1.92580397500068e-18  7.83044432840532e-18 -9.81545343475618e-17 -9.73029289593848e-16  5.63572553356536e-16       1.3543434603854 -6.90695057989974e-16 -0.000133468266607201    -0.461424627638047  8.15694728285962e-16
-8.18499715222631e-19 -7.63099870534907e-17 -1.75873845113932e-16 -1.56704540862944e-15  1.07768176506028e-15 -6.90695057989974e-16      1.35434346038514     0.461424627635446 -0.000133468266707754  7.96057822315827e-16
 2.89146137659136e-18  8.35313410476247e-17  3.96239700686777e-16  2.22381726913916e-16  -1.8902660081646e-15 -0.000133468266607201     0.461424627635446     0.664548628563107 -2.62935103072681e-15 -6.14662823038564e-16
 2.63103880047243e-18  9.46377558703131e-18 -1.85878307147116e-16 -1.98353281835291e-16  1.05443708109055e-15    -0.461424627638047 -0.000133468266707754 -2.62935103072681e-15     0.664548628562965  3.08004968406662e-16
 0.000422543342705311   0.00216150581047039    0.0464399082853474    -0.134262769143285     0.244965171227284  8.15694728285962e-16  7.96057822315827e-16 -6.14662823038564e-16  3.08004968406662e-16     0.203908202436246
The Davidson algorithm did not converge.lambda: -0.9
The Davidson algorithm did not converge.lambda: -0.8
The Davidson algorithm did not converge.lambda: -0.7
The Davidson algorithm did not converge.lambda: -0.6
The Davidson algorithm did not converge.lambda: -0.5
The Davidson algorithm did not converge.lambda: -0.4
The Davidson algorithm did not converge.lambda: -0.3
TOTAL ENERGY: -127.140999220162	 lambda: -0.2	 population of target: 6.18270347389862
1RDM: 
     1.99999995378956  -3.0498614285742e-08 -3.97787819027553e-06  1.30462341712211e-05  3.78942619732293e-05 -7.19060321484089e-16  -1.2149992968272e-15 -1.83331821791025e-15  8.09124473818252e-16 -3.08987978366106e-05
 -3.0498614285742e-08      1.99999876881393  1.90009308665877e-06  0.000105191512236517 -0.000312821182015841 -3.45440180241776e-15 -6.31595365033201e-15 -6.01275998065269e-15  3.12120965885738e-15  0.000949098965522082
-3.97787819027553e-06  1.90009308665877e-06      1.99928407494159    0.0013535080513308    0.0051198004920505  9.36704648718316e-15  7.99466874839263e-14 -2.17685362648421e-13  7.65430385681137e-14  -0.00897302258783406
 1.30462341712211e-05  0.000105191512236517    0.0013535080513308      1.96580722939887    0.0255795519937417  4.62687027008557e-13   1.1793467508819e-12 -1.77590889807502e-13 -6.48639106625534e-14   -0.0941766519569625
 3.78942619732293e-05 -0.000312821182015841    0.0051198004920505    0.0255795519937417      1.75383615315222 -8.39766034093985e-12 -2.36739544523296e-11  8.96291171346449e-12 -6.68662516300525e-13     0.469149881795157
-7.19060321484089e-16 -3.45440180241776e-15  9.36704648718316e-15  4.62687027008557e-13 -8.39766034093985e-12      1.17668955597244 -1.30890004737644e-14  -9.6465609478693e-06   -0.0333598055699257  6.52264063271882e-12
 -1.2149992968272e-15 -6.31595365033201e-15  7.99466874839263e-14   1.1793467508819e-12 -2.36739544523296e-11 -1.30890004737644e-14      1.17668955597257    0.0333598055701034  -9.6465609429057e-06  1.01435905437579e-11
-1.83331821791025e-15 -6.01275998065269e-15 -2.17685362648421e-13 -1.77590889807502e-13  8.96291171346449e-12  -9.6465609478693e-06    0.0333598055701034     0.825108374010359 -1.28592395371013e-14  2.38580129075085e-11
 8.09124473818252e-16  3.12120965885738e-15  7.65430385681137e-14 -6.48639106625534e-14 -6.68662516300525e-13   -0.0333598055699257  -9.6465609429057e-06 -1.28592395371013e-14     0.825108374010485 -9.48150303073295e-12
-3.08987978366106e-05  0.000949098965522082  -0.00897302258783406   -0.0941766519569625     0.469149881795157  6.52264063271882e-12  1.01435905437579e-11  2.38580129075085e-11 -9.48150303073295e-12      0.27747795993801
TOTAL ENERGY: -127.178315721268	 lambda: -0.1	 population of target: 6.4427347668166
1RDM: 
     1.99999996844692  2.39634264268231e-09 -1.65067688249329e-06  4.90855580446454e-06  7.76059186744734e-06  1.00445306656742e-15 -1.50132088679597e-15 -5.47948796980189e-16 -7.09880664329498e-16  -5.0324257966295e-05
 2.39634264268231e-09      1.99999933768526  1.76752460459256e-06  4.10882104133149e-05 -8.69007988802014e-05  2.79991455539115e-15  -7.6693629029968e-15 -2.70374326115258e-15 -2.02467813997109e-15   0.00053055404258546
-1.65067688249329e-06  1.76752460459256e-06       1.9996098888785  0.000653443635693155  0.000232083943049815  5.13788558083501e-14 -4.58794796936929e-13  4.44172207243824e-13  9.28264177541553e-15  -0.00787903363427246
 4.90855580446454e-06  4.10882104133149e-05  0.000653443635693155      1.97909892657604    0.0021214550143402 -7.04339427132346e-14 -1.46334557408025e-12  2.24695975978818e-12  3.39395232585938e-13   -0.0544525312441171
 7.76059186744734e-06 -8.69007988802014e-05  0.000232083943049815    0.0021214550143402      1.78373941360985  2.30367262589635e-12  3.79678021360731e-11 -5.50488365373924e-11 -9.55350913590269e-12     0.227572304588586
 1.00445306656742e-15  2.79991455539115e-15  5.13788558083501e-14 -7.04339427132346e-14  2.30367262589635e-12      1.17539925722401 -5.33685418244849e-15 -3.67392623625013e-06   -0.0127113496575764 -1.28048590050169e-11
-1.50132088679597e-15  -7.6693629029968e-15 -4.58794796936929e-13 -1.46334557408025e-12  3.79678021360731e-11 -5.33685418244849e-15      1.17539925722422    0.0127113496576543  -3.6739262373843e-06   3.3587541847179e-11
-5.47948796980189e-16 -2.70374326115258e-15  4.44172207243824e-13  2.24695975978818e-12 -5.50488365373924e-11 -3.67392623625013e-06    0.0127113496576543     0.825609837628806 -5.20243345160875e-15 -2.10078075270609e-11
-7.09880664329498e-16 -2.02467813997109e-15  9.28264177541553e-15  3.39395232585938e-13 -9.55350913590269e-12   -0.0127113496575764  -3.6739262373843e-06 -5.20243345160875e-15      0.82560983762901  6.57461361450062e-12
 -5.0324257966295e-05   0.00053055404258546  -0.00787903363427246   -0.0544525312441171     0.227572304588586 -1.28048590050169e-11   3.3587541847179e-11 -2.10078075270609e-11  6.57461361450062e-12     0.235534275097394
TOTAL ENERGY: -127.195395732938	 lambda: 0	 population of target: 6.76169778751985
1RDM: 
     1.99999997641994  7.70132077351381e-15 -4.76435705395068e-14  1.22832017537451e-12  1.73742629070206e-11  1.23905571225546e-18 -6.98984466790343e-18  2.93730048879565e-18  1.53895437573502e-19 -7.61310442428764e-12
 7.70132077351381e-15      1.99999974769642 -9.93064269648789e-14 -2.63739434778157e-12 -5.58696688488094e-12    9.978936051802e-18 -8.62151886208615e-17  2.74732094150327e-17  6.21196412758303e-18 -1.75291031117209e-11
-4.76435705395068e-14 -9.93064269648789e-14      1.99985824088668  5.23928445170658e-11 -3.06518019270243e-10 -1.72890755637175e-17 -2.53823282318813e-18  9.37757163932125e-18 -2.33476523669832e-17  -3.0394432461893e-10
 1.22832017537451e-12 -2.63739434778157e-12  5.23928445170658e-11       1.9921405813522 -4.36592304381427e-10 -5.00233140296932e-17  4.19814088557044e-17 -8.96052192153905e-17 -2.34887048243068e-17 -1.39721248198898e-09
 1.73742629070206e-11 -5.58696688488094e-12 -3.06518019270243e-10 -4.36592304381427e-10       1.5949316980375  3.87622664132034e-15  2.24871147720978e-15  4.78850284161849e-15 -2.21070820190645e-15  2.84237060688464e-09
 1.23905571225546e-18    9.978936051802e-18 -1.72890755637175e-17 -5.00233140296932e-17  3.87622664132034e-15      1.12897719309359  3.08687337075854e-15  2.03451908477528e-09  1.71992743707668e-09 -5.20713042191352e-15
-6.98984466790343e-18 -8.62151886208615e-17 -2.53823282318813e-18  4.19814088557044e-17  2.24871147720978e-15  3.08687337075854e-15      1.12897719309377 -1.71988241158728e-09  2.03451460749096e-09 -7.00467867268108e-15
 2.93730048879565e-18  2.74732094150327e-17  9.37757163932125e-18 -8.96052192153905e-17  4.78850284161849e-15  2.03451908477528e-09 -1.71988241158728e-09      0.87142852230795  3.12689273370807e-15 -4.53316198023548e-15
 1.53895437573502e-19  6.21196412758303e-18 -2.33476523669832e-17 -2.34887048243068e-17 -2.21070820190645e-15  1.71992743707668e-09  2.03451460749096e-09  3.12689273370807e-15     0.871428522308126  5.29604160984685e-15
-7.61310442428764e-12 -1.75291031117209e-11  -3.0394432461893e-10 -1.39721248198898e-09  2.84237060688464e-09 -5.20713042191352e-15 -7.00467867268108e-15 -4.53316198023548e-15  5.29604160984685e-15      0.41225832480382
TOTAL ENERGY: -127.189519322001	 lambda: 0.1	 population of target: 6.9041016602608
1RDM: 
      1.9999999721126 -1.70628979721645e-09 -2.11407052499125e-07 -2.04236729217201e-06  2.43197848603652e-05  9.55234384127172e-19 -8.33070676049332e-18  2.36942689228336e-18  2.93702362411236e-19  2.55716463395925e-05
-1.70628979721645e-09      1.99999979422387  1.00557472712097e-10  4.77916736089807e-07 -6.06029162887354e-05  1.06450860030314e-17 -9.04214805289449e-17  2.61548648386368e-17  5.81814955642952e-18 -0.000279973673867053
-2.11407052499125e-07  1.00557472712097e-10      1.99982945094137 -0.000405963224610265   0.00381491222990157  3.82093309517242e-19 -1.96778625093046e-17  2.21779778679654e-17 -1.44757855537216e-17   0.00411800086839411
-2.04236729217201e-06  4.77916736089807e-07 -0.000405963224610265      1.99613910685809    0.0128148906265345  9.98683782863756e-19 -8.10567861892984e-18  3.55985441389301e-18 -1.02924890658575e-17    0.0266961408376246
 2.43197848603652e-05 -6.06029162887354e-05   0.00381491222990157    0.0128148906265345      1.41127837984862 -9.43722648592262e-18  1.18362393854714e-16 -1.96989610143269e-16  4.38029781679672e-17   -0.0648206776146299
 9.55234384127172e-19  1.06450860030314e-17  3.82093309517242e-19  9.98683782863756e-19 -9.43722648592262e-18      1.08800562986435 -1.86301950646852e-15  8.37987005602087e-07   0.00289149223402958  -2.0695042147302e-17
-8.33070676049332e-18 -9.04214805289449e-17 -1.96778625093046e-17 -8.10567861892984e-18  1.18362393854714e-16 -1.86301950646852e-15      1.08800562986452  -0.00289149223400668  8.37987003627454e-07  1.87344521553063e-16
 2.36942689228336e-18  2.61548648386368e-17  2.21779778679654e-17  3.55985441389301e-18 -1.96989610143269e-16  8.37987005602087e-07  -0.00289149223400668     0.912187532847981 -1.81577415288405e-15  -7.1394120266787e-17
 2.93702362411236e-19  5.81814955642952e-18 -1.44757855537216e-17 -1.02924890658575e-17  4.38029781679672e-17   0.00289149223402958  8.37987003627454e-07 -1.81577415288405e-15     0.912187532848158 -1.74877198645367e-17
 2.55716463395925e-05 -0.000279973673867053   0.00411800086839411    0.0266961408376246   -0.0648206776146299  -2.0695042147302e-17  1.87344521553063e-16  -7.1394120266787e-17 -1.74877198645367e-17     0.592366970590441
TOTAL ENERGY: -127.182293872813	 lambda: 0.2	 population of target: 6.95489405397818
1RDM: 
     1.99999996670707 -2.65731999839741e-10 -6.08409525087595e-07 -2.81729192559364e-06  4.57011456710402e-05  9.55169939725897e-19 -9.20108905567003e-18  2.80047340481534e-18  1.86532495211519e-19  2.43415249712415e-05
-2.65731999839741e-10      1.99999973642088  6.27488379261455e-07  9.58684716277817e-06  -0.00013365729042815  1.09380795386152e-17 -9.27873821291026e-17  2.57625194108611e-17  5.68311225223021e-18 -0.000414701829148806
-6.08409525087595e-07  6.27488379261455e-07      1.99975410244185 -0.000626044482585057   0.00684784899820839  5.64862521828691e-19 -1.95240609729916e-17  2.12018210873632e-17 -1.74368266542798e-17   0.00501897645567365
-2.81729192559364e-06  9.58684716277817e-06 -0.000626044482585057      1.99672093531387     0.023267678883578  2.48611702954354e-18 -1.23759651794885e-17  7.11426180946512e-18 -8.70075356947663e-18    0.0374707891840578
 4.57011456710402e-05  -0.00013365729042815   0.00684784899820839     0.023267678883578      1.31328707417011 -2.73170240799175e-17  1.27971338526677e-16  -1.8852208482547e-16  2.78733512817565e-17   -0.0751082035992426
 9.55169939725897e-19  1.09380795386152e-17  5.64862521828691e-19  2.48611702954354e-18 -2.73170240799175e-17      1.06681386437553 -1.82309562195618e-15   9.4630496748799e-07   0.00326743613996735 -2.16598384442266e-17
-9.20108905567003e-18 -9.27873821291026e-17 -1.95240609729916e-17 -1.23759651794885e-17  1.27971338526677e-16 -1.82309562195618e-15      1.06681386437547  -0.00326743613994741  9.46304966122039e-07  1.67724666598443e-16
 2.80047340481534e-18  2.57625194108611e-17  2.12018210873632e-17  7.11426180946512e-18  -1.8852208482547e-16   9.4630496748799e-07  -0.00326743613994741     0.933313970235745 -1.84184395078893e-15 -7.31383910270391e-17
 1.86532495211519e-19  5.68311225223021e-18 -1.74368266542798e-17 -8.70075356947663e-18  2.78733512817565e-17   0.00326743613996735  9.46304966122039e-07 -1.84184395078893e-15     0.933313970235683  -3.3809747820166e-17
 2.43415249712415e-05 -0.000414701829148806   0.00501897645567365    0.0374707891840578   -0.0751082035992426 -2.16598384442266e-17  1.67724666598443e-16 -7.31383910270391e-17  -3.3809747820166e-17     0.689982515723776
TOTAL ENERGY: -127.176938487152	 lambda: 0.3	 population of target: 6.97683602995588
1RDM: 
     1.99999996184819  4.82703763849077e-10 -8.43417828782968e-07  -3.0152200377177e-06    6.142641876111e-05  8.98937280496732e-19 -1.00163888569506e-17  3.44169404154113e-18  7.85400142343982e-20  1.18257086182864e-05
 4.82703763849077e-10       1.9999996629793  1.14874484128044e-06  1.83443958103001e-05 -0.000193679232393134  1.11071188843495e-17 -9.41665171263656e-17  2.57660119447011e-17  5.61941380622067e-18 -0.000497891793659629
-8.43417828782968e-07  1.14874484128044e-06      1.99968697157644  -0.00075634177173483   0.00892558599809734 -1.37156680303277e-18 -1.88935183850973e-17  2.02358294187443e-17 -2.04920927110496e-17   0.00466846343470724
 -3.0152200377177e-06  1.83443958103001e-05  -0.00075634177173483      1.99653641757379    0.0305188286619987  2.34868775183864e-18 -1.39506119316398e-17  8.77314956231801e-18 -7.12116362394618e-18    0.0428231056001648
   6.142641876111e-05 -0.000193679232393134   0.00892558599809734    0.0305188286619987      1.26204966269552 -3.40906293004877e-17  1.29536924844484e-16 -1.83562547392829e-16  1.63686307446054e-17   -0.0758067515694237
 8.98937280496732e-19  1.11071188843495e-17 -1.37156680303277e-18  2.34868775183864e-18 -3.40906293004877e-17      1.05591311589657 -8.13408951051469e-16  9.45543247170552e-07   0.00326508813615957 -2.13793059383801e-17
-1.00163888569506e-17 -9.41665171263656e-17 -1.88935183850973e-17 -1.39506119316398e-17  1.29536924844484e-16 -8.13408951051469e-16      1.05591311589658  -0.00326508813614589  9.45543246182674e-07  1.53871335131612e-16
 3.44169404154113e-18  2.57660119447011e-17  2.02358294187443e-17  8.77314956231801e-18 -1.83562547392829e-16  9.45543247170552e-07  -0.00326508813614589     0.944190494113903  -8.1141823732753e-16 -6.95423994747552e-17
 7.85400142343982e-20  5.61941380622067e-18 -2.04920927110496e-17 -7.12116362394618e-18  1.63686307446054e-17   0.00326508813615957  9.45543246182674e-07  -8.1141823732753e-16     0.944190494113909 -3.88783851392299e-17
 1.18257086182864e-05 -0.000497891793659629   0.00466846343470724    0.0428231056001648   -0.0758067515694237 -2.13793059383801e-17  1.53871335131612e-16 -6.95423994747552e-17 -3.88783851392299e-17     0.741520103305785
TOTAL ENERGY: -127.172832746298	 lambda: 0.4	 population of target: 6.9887067761361
1RDM: 
       1.999999956674 -5.11731747996723e-10 -9.52890867282658e-07 -2.89367097294186e-06  7.39445006780206e-05  8.17342671951514e-19 -1.07934518648626e-17  4.16902110816768e-18 -3.71604357023113e-20 -6.65388085831473e-06
-5.11731747996723e-10      1.99999958988016  1.37294669571759e-06  2.57664367992933e-05  -0.00024160130158246  1.12089419964416e-17 -9.50284433311248e-17  2.59364808042629e-17  5.58800440348767e-18 -0.000560193533617267
-9.52890867282658e-07  1.37294669571759e-06      1.99962360100738  -0.00084152881323933    0.0104393540835135 -4.22868809652604e-18 -1.80408351225443e-17  1.92372989504447e-17 -2.40544383557278e-17   0.00373838051651703
-2.89367097294186e-06  2.57664367992933e-05  -0.00084152881323933      1.99619394088396     0.035732285327881  1.72751705442311e-18  -1.4723643784047e-17  9.81438656739068e-18  -5.9375497783271e-18    0.0460475196346439
 7.39445006780206e-05  -0.00024160130158246    0.0104393540835135     0.035732285327881      1.23502205922346 -3.87378553467609e-17  1.32337175623684e-16 -1.84754046064908e-16  7.98251258512422e-18   -0.0762420220501185
 8.17342671951514e-19  1.12089419964416e-17 -4.22868809652604e-18  1.72751705442311e-18 -3.87378553467609e-17      1.05026547120998 -9.62597788302447e-16  9.46394920647755e-07   0.00326897467626469 -2.15263640897057e-17
-1.07934518648626e-17 -9.50284433311248e-17 -1.80408351225443e-17  -1.4723643784047e-17  1.32337175623684e-16 -9.62597788302447e-16      1.05026547120996  -0.00326897467625045  9.46394919737279e-07  1.47697437679863e-16
 4.16902110816768e-18  2.59364808042629e-17  1.92372989504447e-17  9.81438656739068e-18 -1.84754046064908e-16  9.46394920647755e-07  -0.00326897467625045     0.949827906562154 -9.65796506979089e-16 -6.69916187879466e-17
-3.71604357023113e-20  5.58800440348767e-18 -2.40544383557278e-17  -5.9375497783271e-18  7.98251258512422e-18   0.00326897467626469  9.46394919737279e-07 -9.65796506979089e-16     0.949827906562138 -4.19408533104794e-17
-6.65388085831473e-06 -0.000560193533617267   0.00373838051651703    0.0460475196346439   -0.0762420220501185 -2.15263640897057e-17  1.47697437679863e-16 -6.69916187879466e-17 -4.19408533104794e-17     0.768974096786851
TOTAL ENERGY: -127.16921846001	 lambda: 0.5	 population of target: 6.99677756380166
1RDM: 
     1.99999995016413 -3.42448279315475e-09 -9.85219218994127e-07 -2.55515371130949e-06  8.48196132806984e-05  7.20118456281471e-19 -1.15413282301702e-17   4.9394578915246e-18 -1.63081795757399e-19 -2.97238751094799e-05
-3.42448279315475e-09      1.99999951916687  1.20723667038393e-06   3.1970324162393e-05 -0.000280437814503227  1.12675292739958e-17  -9.5570806652915e-17  2.61921190839694e-17  5.57297553278242e-18 -0.000612797716729632
-9.85219218994127e-07  1.20723667038393e-06      1.99955203878195 -0.000902760535698137    0.0116266200133901 -7.68105141702641e-18 -1.70344060302726e-17  1.81971285101457e-17 -2.82127654878984e-17   0.00243684556947906
-2.55515371130949e-06   3.1970324162393e-05 -0.000902760535698137      1.99584057328596    0.0396685166377094  9.11819032952223e-19 -1.52169220835115e-17  1.06063698363725e-17 -5.13276303127414e-18    0.0482613701997746
 8.48196132806984e-05 -0.000280437814503227    0.0116266200133901    0.0396685166377094      1.22260213743449  -4.4030175471984e-17  1.39056419697026e-16 -1.92971439212267e-16  1.07461896164651e-18   -0.0787197111443505
 7.20118456281471e-19  1.12675292739958e-17 -7.68105141702641e-18  9.11819032952223e-19  -4.4030175471984e-17      1.04779604941216 -1.00361855621558e-15  9.74172019591054e-07     0.003364879536201 -2.19173816864495e-17
-1.15413282301702e-17  -9.5570806652915e-17 -1.70344060302726e-17 -1.52169220835115e-17  1.39056419697026e-16 -1.00361855621558e-15      1.04779604941209   -0.0033648795361826  9.74172018676138e-07  1.48075143760245e-16
  4.9394578915246e-18  2.61921190839694e-17  1.81971285101457e-17  1.06063698363725e-17 -1.92971439212267e-16  9.74172019591054e-07   -0.0033648795361826     0.952293243392793 -1.02479412890661e-15 -6.63127078647364e-17
-1.63081795757399e-19  5.57297553278242e-18 -2.82127654878984e-17 -5.13276303127414e-18  1.07461896164651e-18     0.003364879536201  9.74172018676138e-07 -1.02479412890661e-15     0.952293243392717 -4.57489779494931e-17
-2.97238751094799e-05 -0.000612797716729632   0.00243684556947906    0.0482613701997746   -0.0787197111443505 -2.19173816864495e-17  1.48075143760245e-16 -6.63127078647364e-17 -4.57489779494931e-17     0.781827195556851
TOTAL ENERGY: -127.165334847396	 lambda: 0.6	 population of target: 7.00383868271782
1RDM: 
     1.99999994114953 -8.20166986997761e-09 -9.63539166191814e-07 -2.03528166015985e-06  9.46909550953409e-05  6.10710308934151e-19 -1.22603290871258e-17  5.73479170290068e-18 -3.01599319321083e-19 -5.75176813023876e-05
-8.20166986997761e-09      1.99999944953645  5.16226502382285e-07  3.71344229298198e-05 -0.000312710227494217   1.1291545488927e-17 -9.58679360153632e-17  2.64994924516141e-17  5.56761158626005e-18 -0.000660898006899854
-9.63539166191814e-07  5.16226502382285e-07      1.99945590549932 -0.000952584918477938    0.0126013065983765 -1.16318132757956e-17 -1.58649741731303e-17  1.71210916467897e-17 -3.30537949336803e-17  0.000810368504052756
-2.03528166015985e-06  3.71344229298198e-05 -0.000952584918477938      1.99551441401159    0.0427582297614322 -8.76931840376482e-20 -1.57397805816506e-17  1.10764342313599e-17 -4.63076049144342e-18    0.0499195174479612
 9.46909550953409e-05 -0.000312710227494217    0.0126013065983765    0.0427582297614322      1.22101500839586 -5.14907981569586e-17  1.51883341123603e-16 -2.09651745507452e-16 -5.62371510141568e-18   -0.0844510427354888
 6.10710308934151e-19   1.1291545488927e-17 -1.16318132757956e-17 -8.76931840376482e-20 -5.14907981569586e-17      1.04773212138867 -9.18212096392246e-16  1.04146400754619e-06   0.00359730157838674 -2.21969538158391e-17
-1.22603290871258e-17 -9.58679360153632e-17 -1.58649741731303e-17 -1.57397805816506e-17  1.51883341123603e-16 -9.18212096392246e-16      1.04773212138864  -0.00359730157837192  1.04146400662114e-06  1.54391091769582e-16
 5.73479170290068e-18  2.64994924516141e-17  1.71210916467897e-17  1.10764342313599e-17 -2.09651745507452e-16  1.04146400754619e-06  -0.00359730157837192     0.952356794102281 -9.26736956513055e-16 -6.79183299992947e-17
-3.01599319321083e-19  5.56761158626005e-18 -3.30537949336803e-17 -4.63076049144342e-18 -5.62371510141568e-18   0.00359730157838674  1.04146400662114e-06 -9.26736956513055e-16     0.952356794102251 -5.17336389632526e-17
-5.75176813023876e-05 -0.000660898006899854  0.000810368504052756    0.0499195174479612   -0.0844510427354888 -2.21969538158391e-17  1.54391091769582e-16 -6.79183299992947e-17 -5.17336389632526e-17       0.7838374504254
TOTAL ENERGY: -127.160073230785	 lambda: 0.7	 population of target: 7.01190654049473
1RDM: 
     1.99999992797561 -1.46287093581118e-08 -8.79160809630314e-07 -1.32672499554364e-06  0.000103359982729211  4.90913769753828e-19 -1.29414557207421e-17  6.54515735967585e-18 -4.56161075126081e-19 -9.11018735109836e-05
-1.46287093581118e-08      1.99999937762269 -9.88839967094022e-07  4.13385523646482e-05 -0.000340585629456298  1.12828484049179e-17 -9.59167356881767e-17  2.68503289724213e-17   5.5680346098705e-18 -0.000707658824404482
-8.79160809630314e-07 -9.88839967094022e-07      1.99930711679096  -0.00100158879779074    0.0133893285179506 -1.60530643367641e-17 -1.45474077228852e-17  1.59470557391165e-17 -3.86862625295208e-17  -0.00117548211577005
-1.32672499554364e-06  4.13385523646482e-05  -0.00100158879779074      1.99522499224986    0.0452443994850127 -1.15925158726285e-18 -1.57727829893788e-17  1.16552193091902e-17 -4.56394774765206e-18    0.0512415241181429
 0.000103359982729211 -0.000340585629456298    0.0133893285179506    0.0452443994850127      1.22964627273873 -6.33336798605673e-17  1.73131962149344e-16 -2.39284406072625e-16 -1.31312325024853e-17   -0.0951320488682531
 4.90913769753828e-19  1.12828484049179e-17 -1.60530643367641e-17 -1.15925158726285e-18 -6.33336798605673e-17      1.05002911000364 -8.28942305175856e-16  1.16723096283245e-06   0.00403220211786775 -2.11385815608905e-17
-1.29414557207421e-17 -9.59167356881767e-17 -1.45474077228852e-17 -1.57727829893788e-17  1.73131962149344e-16 -8.28942305175856e-16      1.05002911000375  -0.00403220211786502  1.16723096196065e-06  1.68723021574657e-16
 6.54515735967585e-18  2.68503289724213e-17  1.59470557391165e-17  1.16552193091902e-17 -2.39284406072625e-16  1.16723096283245e-06  -0.00403220211786502     0.950062891733458 -7.98070772656266e-16 -7.08305974492076e-17
-4.56161075126081e-19   5.5680346098705e-18 -3.86862625295208e-17 -4.56394774765206e-18 -1.31312325024853e-17   0.00403220211786775  1.16723096196065e-06 -7.98070772656266e-16     0.950062891733567 -6.21277531024418e-17
-9.11018735109836e-05 -0.000707658824404482  -0.00117548211577005    0.0512415241181429   -0.0951320488682531 -2.11385815608905e-17  1.68723021574657e-16 -7.08305974492076e-17 -6.21277531024418e-17     0.775638309147745
TOTAL ENERGY: -127.151139231935	 lambda: 0.8	 population of target: 7.02375362964338
1RDM: 
      1.9999999078333 -2.20959323160319e-08 -6.66399791989809e-07 -3.70486482857343e-07  0.000109330576893448  3.63255062121562e-19 -1.35624812107693e-17   7.3602328272331e-18 -6.32019553517729e-19 -0.000132644931635278
-2.20959323160319e-08      1.99999929600159 -4.00017926983869e-06  4.44901458600975e-05 -0.000366437306809064  1.12341349485512e-17  -9.5651859507793e-17  2.72405202914091e-17  5.57546543961217e-18 -0.000755715126359499
-6.66399791989809e-07 -4.00017926983869e-06      1.99904543045035  -0.00106353479743648    0.0139127054048693 -2.08492645703602e-17 -1.30120609622201e-17  1.47407712782449e-17 -4.53090218533369e-17  -0.00363098341614047
-3.70486482857343e-07  4.44901458600975e-05  -0.00106353479743648      1.99497597277509    0.0472469934870572 -2.54528802347287e-18 -1.56939237067753e-17  1.17292330413329e-17 -4.87274652292068e-18     0.052353135706445
 0.000109330576893448 -0.000366437306809064    0.0139127054048693    0.0472469934870572      1.25054619702344 -8.30580688143488e-17  2.10066413942484e-16 -2.89724242636786e-16 -2.36392584085729e-17    -0.114238364816562
 3.63255062121562e-19  1.12341349485512e-17 -2.08492645703602e-17 -2.54528802347287e-18 -8.30580688143488e-17      1.05532908072302 -1.27116839384395e-15   1.3915042952156e-06   0.00480714108673087 -1.66193334417666e-17
-1.35624812107693e-17  -9.5651859507793e-17 -1.30120609622201e-17 -1.56939237067753e-17  2.10066413942484e-16 -1.27116839384395e-15      1.05532908072296  -0.00480714108671062  1.39150429403107e-06  1.92896207159159e-16
  7.3602328272331e-18  2.72405202914091e-17  1.47407712782449e-17  1.17292330413329e-17 -2.89724242636786e-16   1.3915042952156e-06  -0.00480714108671062     0.944771126882395 -1.28641137704369e-15 -7.59233176164182e-17
-6.32019553517729e-19  5.57546543961217e-18 -4.53090218533369e-17 -4.87274652292068e-18 -2.36392584085729e-17   0.00480714108673087  1.39150429403107e-06 -1.28641137704369e-15     0.944771126882339  -8.0479777269594e-17
-0.000132644931635278 -0.000755715126359499  -0.00363098341614047     0.052353135706445    -0.114238364816562 -1.66193334417666e-17  1.92896207159159e-16 -7.59233176164182e-17  -8.0479777269594e-17     0.755232780705515
TOTAL ENERGY: -127.132465667521	 lambda: 0.9	 population of target: 7.04557132525354
1RDM: 
     1.99999987508925 -2.88433397453691e-08 -1.18735247509219e-07  1.00262969296807e-06  0.000107979861172448  1.62548822233298e-18  -1.2050201733513e-17  1.02971377399666e-17 -2.30879274833756e-18 -0.000186285490448757
-2.88433397453691e-08      1.99999918492636 -1.04154707375731e-05  4.61310343395297e-05 -0.000393947539006409  2.46217909845349e-17 -7.51387768474355e-17  4.43180542543075e-17 -5.77905394623188e-18 -0.000808049191326034
-1.18735247509219e-07 -1.04154707375731e-05      1.99851382290703   -0.0011642430305665    0.0138738203985208 -3.67711507488994e-16  -5.0970466415153e-16 -5.39533301858485e-16  3.26304122058084e-16  -0.00679335130260144
 1.00262969296807e-06  4.61310343395297e-05   -0.0011642430305665      1.99477699006152    0.0487530709694727  1.69104733908635e-15  2.46351244676362e-15  1.99150689425468e-15 -1.36143275164448e-15    0.0533414256728123
 0.000107979861172448 -0.000393947539006409    0.0138738203985208    0.0487530709694727      1.28933697712034  1.93971802565384e-15  3.36923714278626e-15  2.60199418858471e-15 -2.02937955162757e-15    -0.149994592126441
 1.62548822233298e-18  2.46217909845349e-17 -3.67711507488994e-16  1.69104733908635e-15  1.93971802565384e-15      1.06538239051115 -8.77000480481963e-16  1.80772244153257e-06    0.0062453705553516 -1.52387095983923e-15
 -1.2050201733513e-17 -7.51387768474355e-17  -5.0970466415153e-16  2.46351244676362e-15  3.36923714278626e-15 -8.77000480481963e-16      1.06538239051123  -0.00624537055534521  1.80772244011247e-06 -2.10068191276848e-15
 1.02971377399666e-17  4.43180542543075e-17 -5.39533301858485e-16  1.99150689425468e-15  2.60199418858471e-15  1.80772244153257e-06  -0.00624537055534521     0.934736654199967 -8.49363088955324e-16 -2.85521981805594e-15
-2.30879274833756e-18 -5.77905394623188e-18  3.26304122058084e-16 -1.36143275164448e-15 -2.02937955162757e-15    0.0062453705553516  1.80772244011247e-06 -8.49363088955324e-16     0.934736654200054  1.71314391866257e-15
-0.000186285490448757 -0.000808049191326034  -0.00679335130260144    0.0533414256728123    -0.149994592126441 -1.52387095983923e-15 -2.10068191276848e-15 -2.85521981805594e-15  1.71314391866257e-15     0.717135060473118
TOTAL ENERGY: -127.084412542466	 lambda: 1	 population of target: 7.09574782737884
1RDM: 
     1.99999981628882 -2.99052866806059e-08  1.36855095059503e-06  3.28816984142127e-06  8.51753694456952e-05 -4.05223982768954e-19 -1.61286430144988e-17   6.4404618810271e-18 -3.47734710868806e-19 -0.000260062323744647
-2.99052866806059e-08      1.99999897886065 -2.64214256782123e-05  4.47765577218195e-05 -0.000430958360189345  1.32912172320132e-18 -1.25261167072882e-16  5.21493221079492e-19  1.39561191260184e-17 -0.000868516698700191
 1.36855095059503e-06 -2.64214256782123e-05      1.99721548502812  -0.00136488802076713    0.0123264748321027  1.99508642071655e-16   7.4357748518661e-16  8.02701573895164e-16 -3.02325461709686e-16    -0.011176203323469
 3.28816984142127e-06  4.47765577218195e-05  -0.00136488802076713       1.9946672694689    0.0494614982244318 -1.08200531999708e-15 -3.57946879649138e-15  -2.6728737761687e-15  8.00129978413598e-16    0.0542658640089297
 8.51753694456952e-05 -0.000430958360189345    0.0123264748321027    0.0494614982244318      1.35642530688096 -6.14472889608481e-15 -1.96668466889295e-14 -1.89005070823239e-14  5.34566044446161e-15    -0.224556172823124
-4.05223982768954e-19  1.32912172320132e-18  1.99508642071655e-16 -1.08200531999708e-15 -6.14472889608481e-15      1.08417467596101 -9.92214564994719e-15  2.66102458978493e-06   0.00919413906019344  6.51550408983479e-15
-1.61286430144988e-17 -1.25261167072882e-16   7.4357748518661e-16 -3.57946879649138e-15 -1.96668466889295e-14 -9.92214564994719e-15      1.08417467596099  -0.00919413906016523   2.6610245859552e-06  2.21703675095193e-14
  6.4404618810271e-18  5.21493221079492e-19  8.02701573895164e-16  -2.6728737761687e-15 -1.89005070823239e-14  2.66102458978493e-06  -0.00919413906016523      0.91599123692675 -9.92005873965555e-15  2.21440436330669e-14
-3.47734710868806e-19  1.39561191260184e-17 -3.02325461709686e-16  8.00129978413598e-16  5.34566044446161e-15   0.00919413906019344   2.6610245859552e-06 -9.92005873965555e-15     0.915991236926726 -6.77205339699208e-15
-0.000260062323744647 -0.000868516698700191    -0.011176203323469    0.0542658640089297    -0.224556172823124  6.51550408983479e-15  2.21703675095193e-14  2.21440436330669e-14 -6.77205339699208e-15      0.65136131769713
-------------------general-----------------------
mullikenoperator: 
  0.00702688395527661    0.0835297963363365 -0.000923821305702985 -0.000767647728492289 -0.000287029177940443 -9.78425176916054e-18 -1.60720339552871e-16   1.6613256768455e-16 -1.11860967014732e-17  0.000177991315471972
   0.0835297963363365     0.992817445001087   -0.0122561640047315  -0.00134865825494657    -0.001017722019808  1.24726454627333e-17 -8.57571701920038e-17  1.22529788406603e-17  6.17431422611153e-18   -0.0010294844833108
-0.000923821305702984   -0.0122561640047315    0.0154387187085723    -0.123391361862337    0.0013542963809852 -5.13530166948187e-17  3.53466057687833e-17 -3.55336367850969e-17 -5.63196261619898e-17   -0.0242226816656228
-0.000767647728492294  -0.00134865825494662    -0.123391361862337      0.97663840909157    0.0762574262707768 -6.49313896200026e-18  5.16237388707621e-19 -5.08867350616879e-19  1.07651872817646e-17    0.0509019278615821
-0.000287029177940444    -0.001017722019808    0.0013542963809852    0.0762574262707768     0.328317213995209 -9.67827763788409e-17  4.69399330415816e-17 -4.35095092634028e-18 -5.11866854002521e-17    -0.464930640063534
-9.78425176916011e-18  1.24726454627323e-17 -5.13530166948173e-17 -6.49313896199311e-18 -9.67827763789107e-17     0.463592529845255  3.92408749028283e-15  0.000144256731829508     0.498701893360151  1.17778341436075e-17
-1.60720339552871e-16 -8.57571701920038e-17  3.53466057687838e-17  5.16237388711311e-19  4.69399330415445e-17  3.92437416261004e-15     0.463592529845378     -0.49870189336016  0.000144256731830029  -1.0429954147772e-16
 1.66132567684552e-16  1.22529788406621e-17 -3.55336367850924e-17  -5.0886735066831e-19  -4.3509509262289e-18  0.000144256731829513     -0.49870189336016     0.536407470154622  4.02401309436896e-15  4.50714764619065e-17
-1.11860967014726e-17  6.17431422611085e-18 -5.63196261619858e-17  1.07651872817482e-17 -5.11866854002543e-17     0.498701893360151  0.000144256731830028  4.01941395875712e-15     0.536407470154745  -6.3187731433481e-17
 0.000177991315471973   -0.0010294844833108   -0.0242226816656228    0.0509019278615821    -0.464930640063534   1.1777834143551e-17 -1.04299541477926e-16  4.50714764622516e-17  -6.3187731433423e-17      0.67976132924829
selected BF: 
0 1 2 3 4
selected lambdas: 
  -1 -0.9 -0.8 -0.7 -0.6 -0.5 -0.4 -0.3 -0.2 -0.1    0  0.1  0.2  0.3  0.4  0.5  0.6  0.7  0.8  0.9    1
RHF C: 
 8.33011703585343e-05     0.995162549293606   -0.0218570273723508    -0.258471363285777    0.0313553677138184  3.56853750942343e-14 -7.63750494953925e-15 -1.33268206266072e-14 -3.81483582408527e-14 -0.000200757942398502
-0.000416394557089948     0.019798028139379    0.0846412504415005      1.01869193720407    -0.126841764704598 -1.46069371323225e-13  3.10970654204626e-14   5.4055622668147e-14  1.54852068782156e-13  0.000329695479165254
 2.72053294127046e-17  1.95316301891046e-16  1.25033968543037e-14  6.30643395895952e-15  3.93498986800491e-14    0.0660290043166135     -0.77535686501691     0.627867175763735   -0.0190032785293931  7.98588820639734e-13
  5.1872849864368e-16  6.34112372578117e-16  4.05977261242097e-14  1.99329164798265e-14  9.00293249992722e-14     0.775356865017038    0.0660290043166398    0.0190032785294074     0.627867175763575  1.86152354133903e-12
-0.000609288057051582  0.000109919755686843    0.0209079411023787    0.0152904984401858    0.0995759954638143  1.74625119473989e-12 -5.40392879871982e-13  4.36775712329478e-13  8.30181911550934e-13    -0.998023624086318
    0.995233663626098  0.000111846947075824    -0.260471910144157    0.0296069498386566   0.00791506399045008  3.72422953244066e-14 -9.98113078244442e-15  7.34958984263382e-15  1.31816885088383e-14   -0.0148566030448671
   0.0193942596238655 -0.000468714277946436      1.02107644837558     -0.11980630536772   -0.0319310409470163 -1.61763103535568e-13  4.38011657605815e-14 -3.22297922473213e-14 -5.86116135894279e-14    0.0664758352794308
 1.08644490855142e-16  9.44882621976557e-17 -7.40339733150648e-15  2.58331586392809e-15 -5.01342687638934e-13     0.052584940274449    -0.617487645969883    -0.784535795965154    0.0237450735209997    5.265343280182e-14
 2.13527662400151e-16  2.13208951527741e-16 -2.42982945976963e-14 -2.26414758092412e-14  -1.8635941963179e-12     0.617487645969725    0.0525849402744161   -0.0237450735209882    -0.784535795965281  2.02186554443931e-13
-0.000186363450705435   0.00064010561827873   -0.0334190242105062   -0.0761092126001568    -0.985713868832361 -8.31099765344723e-13  9.94404616180648e-14  5.34333078958188e-13  1.63827592461968e-12    -0.166185306622294
RDM (no constraint): 
     1.99999991519736  6.33967116836982e-08 -9.32777032132912e-06   6.4165488671461e-06 -0.000119331340880733 -4.52069509636517e-16  8.13220516007996e-17  7.95959103454101e-17  5.46048634678978e-17  2.16073945480737e-05
 6.33967116836982e-08       1.9999980484157 -3.87786400361117e-06 -0.000128461036695808 -0.000117021094701023  -2.0248927953409e-16  2.16807129378935e-19   1.3353217248853e-16  2.04386615250832e-16 -0.000307952266851854
-9.32777032132912e-06 -3.87786400361117e-06      1.99793448821299  -0.00051741990985432    -0.034174573121453 -2.95088232496182e-14  2.00374785011738e-15  6.43583675011228e-15  1.66519730319004e-14   -0.0154363415942858
  6.4165488671461e-06 -0.000128461036695808  -0.00051741990985432      1.98841382171075   -0.0224742202631386  8.75811718137176e-14 -2.70770309536864e-14  4.11459032688772e-14  6.95903414271787e-14   -0.0705608038248948
-0.000119331340880733 -0.000117021094701023    -0.034174573121453   -0.0224742202631386      1.35971269860176  9.81961193152477e-13 -2.81514600432122e-13  1.95579745499418e-14 -2.13132223149604e-13    -0.472820524977308
-4.52069509636517e-16  -2.0248927953409e-16 -2.95088232496182e-14  8.75811718137176e-14  9.81961193152477e-13      1.12336957739931 -2.31468467058237e-14  -0.00432090333483428   -0.0373379680148384  2.02320009576513e-13
 8.13220516007996e-17  2.16807129378935e-19  2.00374785011738e-15 -2.70770309536864e-14 -2.81514600432122e-13 -2.31468467058237e-14      1.12336957739959    0.0373379680149024  -0.00432090333483557 -1.42981638799216e-13
 7.95959103454101e-17   1.3353217248853e-16  6.43583675011228e-15  4.11459032688772e-14  1.95579745499418e-14  -0.00432090333483428    0.0373379680149024     0.877036138119885  9.10846918153418e-15  2.99333995643221e-13
 5.46048634678978e-17  2.04386615250832e-16  1.66519730319004e-14  6.95903414271787e-14 -2.13132223149604e-13   -0.0373379680148384  -0.00432090333483557  9.10846918153418e-15     0.877036138120164  8.69470899013397e-13
 2.16073945480737e-05 -0.000307952266851854   -0.0154363415942858   -0.0705608038248948    -0.472820524977308  2.02320009576513e-13 -1.42981638799216e-13  2.99333995643221e-13  8.69470899013397e-13     0.653129596822462
RDM Eigenvectors: 
    0.996386291155146   -0.0839979927232013   -0.0125803101846878 -0.000590019533359085 -0.000288498743497727  8.63136527857578e-17 -2.98977742038735e-16  1.25143871673673e-16  -2.4659952653834e-17 -2.13927247621847e-05
   0.0838179060905902     0.996277654811379   -0.0142085678786549     0.014263851613349  9.05191389509914e-05  2.12266845582688e-16 -6.86386566877131e-16  3.39385393250029e-16  8.20198179596197e-17 -0.000209962863309619
  -0.0137058230303517   -0.0128070273447052    -0.997765654125923   -0.0187346626962638   -0.0585160077325352  3.06220447710043e-15 -9.90593912483349e-15  4.60810783632851e-14  1.38392594562614e-14   -0.0183499091285223
