Naturals in-correctThe Davidson algorithm did not converge.lambda: -1
The Davidson algorithm did not converge.lambda: -0.9
The Davidson algorithm did not converge.lambda: -0.8
The Davidson algorithm did not converge.lambda: -0.7
The Davidson algorithm did not converge.lambda: -0.6
The Davidson algorithm did not converge.lambda: -0.5
The Davidson algorithm did not converge.lambda: -0.4
The Davidson algorithm did not converge.lambda: -0.3
The Davidson algorithm did not converge.lambda: -0.2
The Davidson algorithm did not converge.lambda: -0.1
TOTAL ENERGY: -127.170657938387	 lambda: 0	 population of target: 6.93147170387875
1RDM: 
     1.99999999634363  2.43265474199783e-17  2.69009891428016e-14  2.98121502414472e-13   1.3580614008504e-12 -3.32512813656027e-17 -1.40528475901986e-16 -1.09448267300335e-16 -1.51746111935863e-17 -6.30044195925764e-12
 2.43265474199783e-17      1.99999993666123  3.10586704165379e-13  3.05304936958498e-12  3.73747097395513e-12  1.31241917576475e-16  1.79314388117458e-16  6.20830220912848e-16  1.77036091979608e-16 -1.11697265112136e-11
 2.69009891428016e-14  3.10586704165379e-13      1.99996364362949 -2.23425049973786e-11  1.11089614586497e-10 -4.21957285078927e-15 -2.12134580993222e-14 -2.16726403987738e-14 -4.20984964798503e-15  4.96787714742925e-10
 2.98121502414472e-13  3.05304936958498e-12 -2.23425049973786e-11      1.99759486334035  4.21618233220321e-10 -6.46325188335544e-15 -3.20104266439748e-14 -3.35430499522349e-14  -6.4985714846129e-15  2.61263373016615e-10
  1.3580614008504e-12  3.73747097395513e-12  1.11089614586497e-10  4.21618233220321e-10      1.31696296286125  7.51059317865423e-13   2.3629603024854e-12  1.02683011534058e-12 -8.71749447743341e-14 -2.92126376740175e-09
-3.32512813656027e-17  1.31241917576475e-16 -4.21957285078927e-15 -6.46325188335544e-15  7.51059317865423e-13       1.0441933751491 -9.08330017536175e-15 -7.81532872417747e-11  2.31902830650116e-11 -3.00749947048939e-13
-1.40528475901986e-16  1.79314388117458e-16 -2.12134580993222e-14 -3.20104266439748e-14   2.3629603024854e-12 -9.08330017536175e-15      1.04419337515019  -1.0721918696009e-10  7.81539805939517e-11  3.86378443260052e-13
-1.09448267300335e-16  6.20830220912848e-16 -2.16726403987738e-14 -3.35430499522349e-14  1.02683011534058e-12 -7.81532872417747e-11  -1.0721918696009e-10     0.955873858939231  9.06207509082151e-15  2.21648406152221e-12
-1.51746111935863e-17  1.77036091979608e-16 -4.20984964798503e-15  -6.4985714846129e-15 -8.71749447743341e-14  2.31902830650116e-11  7.81539805939517e-11  9.06207509082151e-15     0.955873858940318  7.93251138355407e-13
-6.30044195925764e-12 -1.11697265112136e-11  4.96787714742925e-10  2.61263373016615e-10 -2.92126376740175e-09 -3.00749947048939e-13  3.86378443260052e-13  2.21648406152221e-12  7.93251138355407e-13     0.685344128985215
TOTAL ENERGY: -127.168902360689	 lambda: 0.1	 population of target: 6.9820548471902
1RDM: 
     1.99999999588292 -1.55200239197395e-09  3.41423074883613e-08   3.0282234155067e-08 -6.80163688024217e-06  7.26326941073342e-20   1.5094918907543e-20  5.26045696588264e-18  1.82537572559624e-18 -4.74532516848171e-06
-1.55200239197395e-09      1.99999995331985  3.72260688356586e-07 -3.05505812219774e-07  6.74896745708018e-05    1.187489562474e-16  1.31562324251353e-16  5.95211279068385e-16  1.72406737126071e-16  0.000119569952039081
 3.41423074883613e-08  3.72260688356586e-07      1.99995187570456 -9.42920453923351e-05  0.000890103136776851  -4.6502100411988e-17 -1.75483150106863e-16  1.19989502299866e-17  6.07887708939891e-17  0.000340368376956822
  3.0282234155067e-08 -3.05505812219774e-07 -9.42920453923351e-05      1.99919331067012   0.00761236187013927 -2.48380731876611e-16 -2.16454974229853e-16  -3.5749025845933e-16 -3.44656974696546e-16    0.0102271948876289
-6.80163688024217e-06  6.74896745708018e-05  0.000890103136776851   0.00761236187013927      1.17644065782372  3.81467356688521e-14  4.76145638733058e-14 -3.55924175793865e-14 -3.15180015341914e-14   -0.0193264600307996
 7.26326941073342e-20    1.187489562474e-16  -4.6502100411988e-17 -2.48380731876611e-16  3.81467356688521e-14      1.02504888973937 -1.27047734763418e-15 -3.76713518792115e-11  0.000373552419057905 -4.21663828209608e-14
  1.5094918907543e-20  1.31562324251353e-16 -1.75483150106863e-16 -2.16454974229853e-16  4.76145638733058e-14 -1.27047734763418e-15      1.02504888974127   0.00037355234515434  3.76713683711728e-11  -4.8925238640425e-14
 5.26045696588264e-18  5.95211279068385e-16  1.19989502299866e-17  -3.5749025845933e-16 -3.55924175793865e-14 -3.76713518792115e-11   0.00037355234515434     0.974986400818833   1.2692810383048e-15  5.67058355509406e-14
 1.82537572559624e-18  1.72406737126071e-16  6.07887708939891e-17 -3.44656974696546e-16 -3.15180015341914e-14  0.000373552419057905  3.76713683711728e-11   1.2692810383048e-15     0.974986400820726  4.64261365169121e-14
-4.74532516848171e-06  0.000119569952039081  0.000340368376956822    0.0102271948876289   -0.0193264600307996 -4.21663828209608e-14  -4.8925238640425e-14  5.67058355509406e-14  4.64261365169121e-14     0.824343625478642
TOTAL ENERGY: -127.167449005032	 lambda: 0.2	 population of target: 6.99241725534325
1RDM: 
     1.99999999538064 -1.52077754903767e-09  4.60022058261742e-08  1.62571700858334e-08 -1.13614711241513e-05  3.76314344215673e-19  1.28856140126604e-18  4.85922782982893e-18  7.54101076114178e-19 -3.20382224027749e-06
-1.52077754903767e-09      1.99999993861195  5.35472363992363e-07 -2.28756380152834e-06  0.000107244523147335  1.16479122827696e-16  1.28887572221453e-16  5.91480286564217e-16  1.71557317556598e-16  0.000164993809837118
 4.60022058261742e-08  5.35472363992363e-07      1.99994119245394 -9.57939283206799e-05   0.00135059613028761  1.01385732461255e-17 -6.55588514165352e-17  5.17793620722225e-17  5.56321790611861e-17  0.000157074686089225
 1.62571700858334e-08 -2.28756380152834e-06 -9.57939283206799e-05      1.99938065318853    0.0114284780849597 -2.95896794980019e-16 -2.11294178105146e-16 -2.68080255602339e-16 -3.10256553360632e-16    0.0134503549795475
-1.13614711241513e-05  0.000107244523147335   0.00135059613028761    0.0114284780849597      1.12781050590797  2.75792409625138e-15  2.62506035621356e-15  9.90688455181228e-16  1.78902148026455e-15   -0.0190623608876085
 3.76314344215673e-19  1.16479122827696e-16  1.01385732461255e-17 -2.95896794980019e-16  2.75792409625138e-15       1.0182775876853 -5.98531810334483e-16 -8.24916427817467e-11  0.000372260001291042  1.61031985335897e-15
 1.28856140126604e-18  1.28887572221453e-16 -6.55588514165352e-17 -2.11294178105146e-16  2.62506035621356e-15 -5.98531810334483e-16      1.01827758768693  0.000372259947375668  8.24916454270012e-11  9.13363543776094e-16
 4.85922782982893e-18  5.91480286564217e-16  5.17793620722225e-17 -2.68080255602339e-16  9.90688455181228e-16 -8.24916427817467e-11  0.000372259947375668     0.981751575035301  5.98016962061459e-16  2.53072694288274e-15
 7.54101076114178e-19  1.71557317556598e-16  5.56321790611861e-17 -3.10256553360632e-16  1.78902148026455e-15  0.000372260001291042  8.24916454270012e-11  5.98016962061459e-16     0.981751575036931  2.69228581580728e-15
-3.20382224027749e-06  0.000164993809837118  0.000157074686089225    0.0134503549795475   -0.0190623608876085  1.61031985335897e-15  9.13363543776094e-16  2.53072694288274e-15  2.69228581580728e-15     0.872809389012568
TOTAL ENERGY: -127.166534921621	 lambda: 0.3	 population of target: 6.99617541481291
1RDM: 
     1.99999999479001 -1.35404858562767e-09  4.14782126004776e-08 -7.67579963415438e-09 -1.51648370464605e-05 -1.78993857372328e-19  1.25862542399717e-18  4.83233143985379e-18  2.07786263153087e-19 -4.08409463283832e-09
-1.35404858562767e-09      1.99999992367656  6.30199649329997e-07 -3.86522583751405e-06  0.000133254543608579  1.15935893445254e-16  1.28201041850681e-16  5.87634663295453e-16  1.69416942588253e-16  0.000193483709358919
 4.14782126004776e-08  6.30199649329997e-07       1.9999333074289 -9.11531389215127e-05   0.00168818522588882  2.34842143210994e-17  -5.6931402185188e-17  5.94220445531723e-17  6.78507642194944e-17 -0.000166254835674973
-7.67579963415438e-09 -3.86522583751405e-06 -9.11531389215127e-05      1.99938562862391     0.013745828272978 -2.70120908080768e-16 -1.78850194152267e-16 -3.01528754206246e-16 -3.31905653661542e-16    0.0151181234200694
-1.51648370464605e-05  0.000133254543608579   0.00168818522588882     0.013745828272978      1.10518296697334  2.28978626653171e-15  2.16185891930591e-15   8.8250656889907e-16  1.55383975690143e-15     -0.01788150729974
-1.78993857372328e-19  1.15935893445254e-16  2.34842143210994e-17 -2.70120908080768e-16  2.28978626653171e-15      1.01509805135925   -5.270396912279e-16 -6.12815054910861e-11  0.000351664336995301  1.30427401602923e-15
 1.25862542399717e-18  1.28201041850681e-16  -5.6931402185188e-17 -1.78850194152267e-16  2.16185891930591e-15   -5.270396912279e-16      1.01509805136058  0.000351664292463328  6.12815006742711e-11  7.23937543919941e-16
 4.83233143985379e-18  5.87634663295453e-16  5.94220445531723e-17 -3.01528754206246e-16   8.8250656889907e-16 -6.12815054910861e-11  0.000351664292463328     0.984929108029303  5.26707266577186e-16  2.05083385773218e-15
 2.07786263153087e-19  1.69416942588253e-16  6.78507642194944e-17 -3.31905653661542e-16  1.55383975690143e-15  0.000351664336995301  6.12815006742711e-11  5.26707266577186e-16     0.984929108030639  2.17871143367767e-15
-4.08409463283832e-09  0.000193483709358919 -0.000166254835674973    0.0151181234200694     -0.01788150729974  1.30427401602923e-15  7.23937543919941e-16  2.05083385773218e-15  2.17871143367767e-15      0.89544385972753
TOTAL ENERGY: -127.165890201816	 lambda: 0.4	 population of target: 6.99804256846273
1RDM: 
      1.9999999940316 -1.20843278294287e-09  2.61030039299016e-08 -3.95361646210785e-08 -1.88272260410954e-05 -7.51531624239008e-19   1.2231067957657e-18   4.7960466108468e-18 -3.73861004753956e-19  4.12500956005082e-06
-1.20843278294287e-09      1.99999991036349  7.07706573862579e-07 -5.09914096880582e-06  0.000151735281464721  1.15135886928087e-16  1.27191786063405e-16  5.84802644384318e-16  1.67613066602886e-16   0.00021537663192302
 2.61030039299016e-08  7.07706573862579e-07      1.99992601846544 -8.75377578070884e-05   0.00199553513472621  3.73239041691816e-17 -4.83086209445629e-17  6.84565252790076e-17  8.20678521564418e-17 -0.000566149788858438
-3.95361646210785e-08 -5.09914096880582e-06 -8.75377578070884e-05      1.99935329060421    0.0153510173110411 -2.51083662063075e-16 -1.55910071947831e-16 -3.23365422950748e-16 -3.45027326873891e-16    0.0161895289256337
-1.88272260410954e-05  0.000151735281464721   0.00199553513472621    0.0153510173110411      1.09349888114282  2.06101110065097e-15  1.92937740462106e-15  8.16378545739337e-16  1.41993389053826e-15   -0.0171752538178432
-7.51531624239008e-19  1.15135886928087e-16  3.73239041691816e-17 -2.51083662063075e-16  2.06101110065097e-15      1.01344690939468 -4.97166769565002e-16 -3.31634443532149e-11  0.000339355667058659  1.13303912386366e-15
  1.2231067957657e-18  1.27191786063405e-16 -4.83086209445629e-17 -1.55910071947831e-16  1.92937740462106e-15 -4.97166769565002e-16      1.01344690939595  0.000339355627401619  3.31634351920731e-11   6.1707165757885e-16
  4.7960466108468e-18  5.84802644384318e-16  6.84565252790076e-17 -3.23365422950748e-16  8.16378545739337e-16 -3.31634443532149e-11  0.000339355627401619     0.986579424518686  4.96958835896454e-16  1.81206085252158e-15
-3.73861004753956e-19  1.67613066602886e-16  8.20678521564418e-17 -3.45027326873891e-16  1.41993389053826e-15  0.000339355667058659  3.31634351920731e-11  4.96958835896454e-16     0.986579424519959  1.93031338839956e-15
 4.12500956005082e-06   0.00021537663192302 -0.000566149788858438    0.0161895289256337   -0.0171752538178432  1.13303912386366e-15   6.1707165757885e-16  1.81206085252158e-15  1.93031338839956e-15     0.907169237563108
TOTAL ENERGY: -127.16536190503	 lambda: 0.5	 population of target: 6.99922392448612
1RDM: 
     1.99999999300962 -1.08948224179185e-09 -5.92456258573662e-11 -8.05271710984793e-08 -2.26231844551143e-05 -1.34405277909174e-18  1.17910833392545e-18  4.74866730221464e-18 -9.86746667392793e-19  9.06376288100206e-06
-1.08948224179185e-09      1.99999989847141  7.91992246100542e-07 -6.08788860085727e-06  0.000165378569250694  1.14172138199163e-16  1.25986611004036e-16  5.82518079805092e-16  1.65979934071072e-16   0.00023404634768496
-5.92456258573662e-11  7.91992246100542e-07      1.99991768914234 -8.58940050465163e-05   0.00230930892372331  5.24024626607505e-17 -3.90017662798845e-17  7.88795056211683e-17  9.82918676066167e-17  -0.00103259350133167
-8.05271710984793e-08 -6.08788860085727e-06 -8.58940050465163e-05      1.99931343774397    0.0165561628581669 -2.36281864006889e-16 -1.38673726650328e-16 -3.39410412686933e-16 -3.54089380568442e-16    0.0169568355119768
-2.26231844551143e-05  0.000165378569250694   0.00230930892372331    0.0165561628581669      1.08783629203729  1.95722140026955e-15  1.81808149214534e-15  7.86941360024053e-16  1.36295775132934e-15   -0.0170722615013171
-1.34405277909174e-18  1.14172138199163e-16  5.24024626607505e-17 -2.36281864006889e-16  1.95722140026955e-15      1.01264235325245 -4.90455704970706e-16  7.79026455507354e-12   0.00033816405146209  1.04486823622951e-15
 1.17910833392545e-18  1.25986611004036e-16 -3.90017662798845e-17 -1.38673726650328e-16  1.81808149214534e-15 -4.90455704970706e-16      1.01264235325365  0.000338164014178466 -7.79027709275315e-12  5.56855044710516e-16
 4.74866730221464e-18  5.82518079805092e-16  7.88795056211683e-17 -3.39410412686933e-16  7.86941360024053e-16  7.79026455507354e-12  0.000338164014178466     0.987383626893307   4.9038954694232e-16  1.69466871411619e-15
-9.86746667392793e-19  1.65979934071072e-16  9.82918676066167e-17 -3.54089380568442e-16  1.36295775132934e-15   0.00033816405146209 -7.79027709275315e-12   4.9038954694232e-16     0.987383626894505  1.81061668582871e-15
 9.06376288100206e-06   0.00023404634768496  -0.00103259350133167    0.0169568355119768   -0.0170722615013171  1.04486823622951e-15  5.56855044710516e-16  1.69466871411619e-15  1.81061668582871e-15     0.912880729301393
TOTAL ENERGY: -127.164840822994	 lambda: 0.6	 population of target: 7.00017269500777
1RDM: 
     1.99999999158066 -9.52097951630359e-10 -4.16033696509726e-08 -1.33523487048556e-07 -2.67128956469466e-05 -1.96074540621986e-18  1.12248370378897e-18  4.68605474303078e-18 -1.63311599622925e-18   1.4885685989605e-05
-9.52097951630359e-10      1.99999988759911  9.02875908670511e-07 -6.89242360380371e-06  0.000175532226615867  1.13082965777531e-16  1.24637642360573e-16  5.80599191880503e-16  1.64449290581733e-16   0.00025108757169648
-4.16033696509726e-08  9.02875908670511e-07      1.99990654278136 -8.66107877115604e-05   0.00264925954425352  6.93069473147624e-17 -2.86543674321138e-17   9.0840201876585e-17  1.16906090604446e-16  -0.00157314835028764
-1.33523487048556e-07 -6.89242360380371e-06 -8.66107877115604e-05      1.99927382702665    0.0175102778821124 -2.24183164050263e-16 -1.25117253848354e-16 -3.52037616011417e-16 -3.60768293862337e-16    0.0175402553841235
-2.67128956469466e-05  0.000175532226615867   0.00264925954425352    0.0175102778821124      1.08637179913959  1.94392643668897e-15  1.79533445557656e-15  7.92967706633944e-16  1.36631527514235e-15   -0.0176248263440984
-1.96074540621986e-18  1.13082965777531e-16  6.93069473147624e-17 -2.24183164050263e-16  1.94392643668897e-15       1.0124301425766 -5.10332923773814e-16 -7.97287974438022e-11  0.000349197854696178  1.01018954878523e-15
 1.12248370378897e-18  1.24637642360573e-16 -2.86543674321138e-17 -1.25117253848354e-16  1.79533445557656e-15 -5.10332923773814e-16      1.01243014257787   0.00034919781804068  7.97287808967646e-11  5.28168778499214e-16
 4.68605474303078e-18  5.80599191880503e-16   9.0840201876585e-17 -3.52037616011417e-16  7.92967706633944e-16 -7.97287974438022e-11   0.00034919781804068     0.987595739216511  5.10006331723443e-16  1.66210066193461e-15
-1.63311599622925e-18  1.64449290581733e-16  1.16906090604446e-16 -3.60768293862337e-16  1.36631527514235e-15  0.000349197854696178  7.97287808967646e-11  5.10006331723443e-16      0.98759573921778  1.77857578583022e-15
  1.4885685989605e-05   0.00025108757169648  -0.00157314835028764    0.0175402553841235   -0.0176248263440984  1.01018954878523e-15  5.28168778499214e-16  1.66210066193461e-15  1.77857578583022e-15     0.914396188283942
TOTAL ENERGY: -127.164202768002	 lambda: 0.7	 population of target: 7.00115235495437
1RDM: 
     1.99999998949932 -6.84907199506083e-10 -1.10542463476104e-07 -2.03995897685351e-07   -3.121272452373e-05 -2.60695589342316e-18  1.04996494739925e-18  4.60386027192027e-18 -2.31929633999627e-18  2.17925395338632e-05
-6.84907199506083e-10      1.99999987727651  1.06865781408483e-06 -7.54486762613877e-06   0.00018292959910154  1.11878274395093e-16  1.23162373110268e-16  5.78986013527511e-16  1.62991607561784e-16   0.00026752821636283
-1.10542463476104e-07  1.06865781408483e-06      1.99988977263807 -9.04323798605881e-05    0.0030297084688575  8.86611942972981e-17 -1.67267153277706e-17  1.04917179282881e-16  1.38565897763315e-16  -0.00220756868916957
-2.03995897685351e-07 -7.54486762613877e-06 -9.04323798605881e-05      1.99923646103039    0.0182943459775428 -2.13837697322266e-16 -1.14032100033309e-16 -3.62320806991369e-16 -3.65835523029694e-16    0.0179992127671127
  -3.121272452373e-05   0.00018292959910154    0.0030297084688575    0.0182943459775428      1.08866197857499   2.0165197533507e-15  1.85071114565814e-15  8.33855746610788e-16  1.43062695221239e-15   -0.0189909792559609
-2.60695589342316e-18  1.11878274395093e-16  8.86611942972981e-17 -2.13837697322266e-16   2.0165197533507e-15      1.01274764535057 -5.48921218475641e-16 -3.89748297613839e-11  0.000375411382560612  1.01892223592202e-15
 1.04996494739925e-18  1.23162373110268e-16 -1.67267153277706e-17 -1.14032100033309e-16  1.85071114565814e-15 -5.48921218475641e-16      1.01274764535204  0.000375411344972758  3.89748084098046e-11  5.21458976296777e-16
 4.60386027192027e-18  5.78986013527511e-16  1.04917179282881e-16 -3.62320806991369e-16  8.33855746610788e-16 -3.89748297613839e-11  0.000375411344972758      0.98727834137449  5.48691139137515e-16  1.70175515090247e-15
-2.31929633999627e-18  1.62991607561784e-16  1.38565897763315e-16 -3.65835523029694e-16  1.43062695221239e-15  0.000375411382560612  3.89748084098046e-11  5.48691139137515e-16     0.987278341375959  1.82445210397582e-15
 2.17925395338632e-05   0.00026752821636283  -0.00220756868916957    0.0179992127671127   -0.0189909792559609  1.01892223592202e-15  5.21458976296777e-16  1.70175515090247e-15  1.82445210397582e-15     0.912159947527732
TOTAL ENERGY: -127.163227939038	 lambda: 0.8	 population of target: 7.00244651441545
1RDM: 
     1.99999998629323 -1.83228273433724e-11 -2.35725970992459e-07 -3.02887933188765e-07  -3.6211091756779e-05 -3.28927405177694e-18  9.56147880912606e-19  4.49383867859941e-18 -3.05599042636185e-18  3.01530669371447e-05
-1.83228273433724e-11       1.9999998667999  1.34583934070028e-06 -8.05267899960483e-06  0.000187970286353429  1.10545693971125e-16  1.21551019178876e-16  5.77700775094446e-16  1.61600105514363e-16  0.000284289275393551
-2.35725970992459e-07  1.34583934070028e-06      1.99986172708381 -9.90428517920247e-05   0.00346354188497199  1.11336996531443e-16  -2.6658738071397e-18  1.21968557987808e-16  1.64385221028676e-16  -0.00297231200010652
-3.02887933188765e-07 -8.05267899960483e-06 -9.90428517920247e-05      1.99920146812545    0.0189558888327088 -2.04625810759705e-16 -1.04589211388682e-16 -3.70941765614284e-16 -3.69657298642765e-16    0.0183666730440342
 -3.6211091756779e-05  0.000187970286353429   0.00346354188497199    0.0189558888327088      1.09529780752751  2.19313575783281e-15  2.00087704660963e-15  9.22650829731915e-16  1.57305323499515e-15   -0.0215638340687867
-3.28927405177694e-18  1.10545693971125e-16  1.11336996531443e-16 -2.04625810759705e-16  2.19313575783281e-15      1.01367563347239 -6.13962818500866e-16 -4.12592196929828e-11  0.000423968320196303  1.07230229419218e-15
 9.56147880912606e-19  1.21551019178876e-16  -2.6658738071397e-18 -1.04589211388682e-16  2.00087704660963e-15 -6.13962818500866e-16      1.01367563347397  0.000423968279868295  4.12591914997303e-11  5.35200021941744e-16
 4.49383867859941e-18  5.77700775094446e-16  1.21968557987808e-16 -3.70941765614284e-16  9.22650829731915e-16 -4.12592196929828e-11  0.000423968279868295     0.986350712797707  6.13698229904428e-16   1.8255755520296e-15
-3.05599042636185e-18  1.61600105514363e-16  1.64385221028676e-16 -3.69657298642765e-16  1.57305323499515e-15  0.000423968320196303  4.12591914997303e-11  6.13698229904428e-16     0.986350712799288   1.9587463551947e-15
 3.01530669371447e-05  0.000284289275393551  -0.00297231200010652    0.0183666730440342   -0.0215638340687867  1.07230229419218e-15  5.35200021941744e-16   1.8255755520296e-15   1.9587463551947e-15     0.905586451626725
TOTAL ENERGY: -127.1613874487	 lambda: 0.9	 population of target: 7.0045988872447
1RDM: 
     1.99999998090947  1.77880394804005e-09 -4.92852455159058e-07 -4.54852332400695e-07 -4.17351462816852e-05 -4.01655031013345e-18  8.33527028874393e-19  4.34159159964397e-18 -3.86194421251818e-18  4.06607002813123e-05
 1.77880394804005e-09       1.9999998546603  1.87539918517816e-06 -8.38837178025891e-06  0.000190842052329322  1.09041628193297e-16  1.19760268800169e-16  5.76869589761164e-16  1.60292843545094e-16  0.000302558316734338
-4.92852455159058e-07  1.87539918517816e-06      1.99980857579449 -0.000116419302321904   0.00396232323777269  1.38670132235732e-16  1.44246146346984e-17  1.43697427528061e-16  1.96387888354948e-16  -0.00393779325294455
-4.54852332400695e-07 -8.38837178025891e-06 -0.000116419302321904      1.99916808129442    0.0195218594402217  -1.9605218519591e-16 -9.63147896729148e-17 -3.78196896284795e-16 -3.72457736995947e-16    0.0186618039676724
-4.17351462816852e-05  0.000190842052329322   0.00396232323777269    0.0195218594402217      1.10834669552869  2.53020577187012e-15   2.2959738545866e-15  1.09143738595206e-15  1.84133353823951e-15   -0.0262944367182362
-4.01655031013345e-18  1.09041628193297e-16  1.38670132235732e-16  -1.9605218519591e-16  2.53020577187012e-15      1.01549738691825 -7.25804919572887e-16 -5.03236615507126e-11  0.000511854740355842  1.18310324693206e-15
 8.33527028874393e-19  1.19760268800169e-16  1.44246146346984e-17 -9.63147896729148e-17   2.2959738545866e-15 -7.25804919572887e-16      1.01549738692012  0.000511854694653318  5.03236216960836e-11  5.70729912443542e-16
 4.34159159964397e-18  5.76869589761164e-16  1.43697427528061e-16 -3.78196896284795e-16  1.09143738595206e-15 -5.03236615507126e-11  0.000511854694653318     0.984529787782862   7.2543943574884e-16  2.07339538366486e-15
-3.86194421251818e-18  1.60292843545094e-16  1.96387888354948e-16 -3.72457736995947e-16  1.84133353823951e-15  0.000511854740355842  5.03236216960836e-11   7.2543943574884e-16     0.984529787784727  2.22127425886799e-15
 4.06607002813123e-05  0.000302558316734338  -0.00393779325294455    0.0186618039676724   -0.0262944367182362  1.18310324693206e-15  5.70729912443542e-16  2.07339538366486e-15  2.22127425886799e-15     0.892622462406645
TOTAL ENERGY: -127.15702190483	 lambda: 1	 population of target: 7.00915954026955
1RDM: 
     1.99999997044469  7.09651456983516e-09 -1.12059429556137e-06 -7.27193637389538e-07 -4.75592819584695e-05 -4.80160497990131e-18  6.68991338216325e-19  4.11830330617893e-18  -4.7720297281594e-18  5.48438573136737e-05
 7.09651456983516e-09      1.99999983624701   3.1039903960816e-06 -8.43689625599712e-06  0.000191615063490203  1.07033410011537e-16  1.17436377295563e-16  5.77075585032927e-16  1.59353085161503e-16  0.000324562827797108
-1.12059429556137e-06   3.1039903960816e-06      1.99968764711775 -0.000153483955548605   0.00452593383371273  1.68405176728895e-16  3.10955227851271e-17  1.79110176059718e-16  2.43637247389477e-16  -0.00526533659390998
-7.27193637389538e-07 -8.43689625599712e-06 -0.000153483955548605      1.99913446298842    0.0199970419647553 -1.65147680998675e-16 -6.47060371146653e-17 -4.06142172706021e-16 -3.94789079334501e-16    0.0188934046929563
-4.75592819584695e-05  0.000191615063490203   0.00452593383371273    0.0199970419647553      1.13331393125004     3.34562663947e-15  3.04994612211415e-15   1.2498828077273e-15  2.19777370358165e-15   -0.0358209595341868
-4.80160497990131e-18  1.07033410011537e-16  1.68405176728895e-16 -1.65147680998675e-16     3.34562663947e-15      1.01896065408733 -9.22393385294333e-16 -5.32491131924962e-11  0.000684752975663229  1.18699073815286e-15
 6.68991338216325e-19  1.17436377295563e-16  3.10955227851271e-17 -6.47060371146653e-17  3.04994612211415e-15 -9.22393385294333e-16       1.0189606540897  0.000684752919739639  5.32490505120596e-11  4.20004082465805e-16
 4.11830330617893e-18  5.77075585032927e-16  1.79110176059718e-16 -4.06142172706021e-16   1.2498828077273e-15 -5.32491131924962e-11  0.000684752919739639     0.981068518187726  9.21839869874459e-16  2.75287597660302e-15
 -4.7720297281594e-18  1.59353085161503e-16  2.43637247389477e-16 -3.94789079334501e-16  2.19777370358165e-15  0.000684752975663229  5.32490505120596e-11  9.21839869874459e-16     0.981068518190095  2.90442070574873e-15
 5.48438573136737e-05  0.000324562827797108  -0.00526533659390998    0.0188934046929563   -0.0358209595341868  1.18699073815286e-15  4.20004082465805e-16  2.75287597660302e-15  2.90442070574873e-15     0.867805807397335
-------------------general-----------------------
mullikenoperator: 
 7.51572377317778e-05   0.00866646459964542  5.61541408598377e-05  0.000301513617799225 -1.36258557690148e-05 -8.82860343404184e-17  1.06967725886895e-17  1.48725648069665e-17 -9.05035046299957e-17  3.69508424934182e-05
  0.00866646459964542     0.999796910927233    0.0111966481145929   0.00147712475698015  0.000441067142302609 -1.80219196593565e-16 -4.34228207400207e-16  4.19165565545532e-18 -1.48521500932849e-16  0.000460199262835963
 5.61541408598373e-05    0.0111966481145929    0.0177735929362378    -0.131648621714892  0.000693810035516251  1.88621447268364e-16  1.24937861080432e-16  1.94391099219188e-16   2.3731832937932e-16  -0.00840498529777221
 0.000301513617799228   0.00147712475698019    -0.131648621714892     0.981171761160061    0.0274930709158803   1.6021109404627e-16  2.42364155664854e-16 -2.41225186079286e-16 -1.47473600626141e-16    0.0213399314858582
-1.36258557690144e-05   0.00044106714230261   0.00069381003551625    0.0274930709158803     0.399670145215857  4.93420830812819e-16  7.58081726588331e-16  8.41914100671333e-17   4.3038897249461e-16    -0.489226168187529
-8.82860343407855e-17 -1.80219196593505e-16  1.88621447264645e-16  1.60211094069173e-16  4.93420830865614e-16     0.486052863252904 -4.18344857928359e-16 -4.87553157425736e-08     0.499807254746109  2.87946202336526e-16
 1.06967725887636e-17 -4.34228207399963e-16  1.24937861080505e-16  2.42364155666264e-16  7.58081726617143e-16 -4.30098120920723e-16     0.486052864728596     0.499807254787288  4.87553156503772e-08  -2.0913544077249e-16
 1.48725648070938e-17  4.19165565522799e-18  1.94391099217032e-16 -2.41225186060639e-16  8.41914099728907e-17 -4.87553157542437e-08     0.499807254787288     0.513947135271405  2.06440052582539e-16  6.17707523801518e-16
-9.05035046305695e-17 -1.48521500932022e-16  2.37318329377719e-16 -1.47473600619814e-16  4.30388973052581e-16     0.499807254746109  4.87553156736306e-08  2.21968966999369e-16     0.513947136747098  3.77567908589853e-16
 3.69508424934179e-05  0.000460199262835962  -0.00840498529777221    0.0213399314858582    -0.489226168187529  2.87946202097439e-16 -2.09135440741491e-16  6.17707523676746e-16   3.7756790897644e-16     0.601512432522884
selected BF: 
0 1 2 3 4
selected lambdas: 
  -1 -0.9 -0.8 -0.7 -0.6 -0.5 -0.4 -0.3 -0.2 -0.1    0  0.1  0.2  0.3  0.4  0.5  0.6  0.7  0.8  0.9    1
RHF C: 
-2.51950144588877e-05    -0.995347881811754     0.259390371372731     0.021386328082337   0.00285577147174014  2.27139071820936e-11  7.90068654823211e-12  2.27902799986225e-12  3.32872083512906e-12   0.00448989937794861
 0.000134023245806744   -0.0190628736965776     -1.02505179543379   -0.0846779999110128   -0.0114347104631714 -9.12348407629316e-11 -3.17826236968473e-11 -8.93423337578626e-12 -1.30312399398594e-11   -0.0181315150461569
-3.18111606480313e-14  1.24925941812626e-14  2.32260364188335e-11  -1.4524181735507e-11   -1.493080695854e-09    0.0730310963408711   -0.0483670063965035     0.246956357857055    -0.965063162209922 -1.44199208160565e-11
-4.14825142817036e-14 -2.42923949443226e-14  1.42039933424148e-11 -2.21576935670459e-12 -8.84901719892321e-10     0.018989166338662     0.186016354898052     -0.94977806028451    -0.250930710666399 -7.84455113178428e-12
 0.000229847238470816 -4.39652479011332e-05   -0.0130540938940863    0.0267461863221601     0.999100155534627 -1.63554203204878e-10 -2.64012224956235e-12 -4.89802913156754e-10 -1.68343650861225e-09   -0.0404287028912796
   -0.995064325569715 -3.73557564296572e-05     0.019441312524198    -0.262105277408972    0.0109927851816868  2.78042940008499e-11  9.67652464558748e-12 -3.72076577444754e-12 -1.19581576494691e-11   0.00422293838514916
  -0.0200505025439455   0.00013151551446609   -0.0755649688908435        1.025334986499   -0.0442678387284956 -1.10111084448771e-10 -3.84141166313065e-11  1.51967830813572e-11  4.89657249017413e-11   -0.0164180189581036
-3.93733295770812e-13  1.75384445790722e-14 -2.07757365204146e-11  3.84358526475667e-11  1.16509890148407e-10     0.964862908764977    -0.246825157856061   -0.0490321493571561    0.0756307817590054 -3.53103256235616e-09
-2.66574005879345e-13  8.21338914555073e-16 -1.52370052352745e-11  2.35547963092773e-11  7.40978355293961e-11     0.250878642288424     0.949273471794486     0.188574451098591    0.0196651230550143 -2.32873511709055e-09
-3.84401584134404e-06 -0.000195760353688943   0.00609354159962408   -0.0167553006607876   -0.0174426517800661 -3.99251336885627e-09 -1.34121435003493e-09 -2.50074239781099e-10 -2.56580185667381e-10      -1.0000273558815
RDM (no constraint): 
     1.99999999062648   2.5704506701711e-08  3.11039819324472e-06  1.60178649564193e-06  1.52670955185677e-05  4.93642465973182e-13  1.76025456250902e-13  1.35449293198951e-15 -9.74456903064431e-15  1.19010563227295e-05
  2.5704506701711e-08      1.99999951044104 -3.35023572126316e-05 -6.91466297554853e-06 -9.80572291543976e-05  3.52642863517611e-13  1.26584400229969e-13  4.51355522022612e-14  1.93672332114803e-13  9.27244129747819e-05
 3.11039819324472e-06 -3.35023572126316e-05      1.99553796114443  -0.00201426452577511   -0.0433147928791049  5.39336797521154e-12 -8.73500109312244e-14  2.96682111742467e-11  1.00052676601701e-10  -0.00438065972213069
 1.60178649564193e-06 -6.91466297554853e-06  -0.00201426452577511      1.99864729859124   -0.0260906074520365 -9.84204308674346e-11  -3.3186096956334e-11  7.26966054446688e-12  1.97970363619725e-11   -0.0140615603754735
 1.52670955185677e-05 -9.80572291543976e-05   -0.0433147928791049   -0.0260906074520365     0.957397679784335  1.17922998063998e-09    3.976822677364e-10   9.4604264856405e-11  1.46914127740564e-10     0.313451165141607
 4.93642465973182e-13  3.52642863517611e-13  5.39336797521154e-12 -9.84204308674346e-11  1.17922998063998e-09      1.00801136124334    2.395626228705e-12 -2.04560034472327e-11   -0.0434331645357725  1.73518784958664e-10
 1.76025456250902e-13  1.26584400229969e-13 -8.73500109312244e-14  -3.3186096956334e-11    3.976822677364e-10    2.395626228705e-12      1.01793534523722   -0.0403684541642545  2.04402187409619e-11  6.75833921531332e-11
 1.35449293198951e-15  4.51355522022612e-14  2.96682111742467e-11  7.26966054446688e-12   9.4604264856405e-11 -2.04560034472327e-11   -0.0403684541642545     0.982131888843684  2.44740056423315e-12 -7.91433258465647e-11
-9.74456903064431e-15  1.93672332114803e-13  1.00052676601701e-10  1.97970363619725e-11  1.46914127740564e-10   -0.0434331645357725  2.04402187409619e-11  2.44740056423315e-12     0.992055872864428 -3.34605407214233e-10
 1.19010563227295e-05  9.27244129747819e-05  -0.00438065972213069   -0.0140615603754735     0.313451165141607  1.73518784958664e-10  6.75833921531332e-11 -7.91433258465647e-11 -3.34605407214233e-10      1.04828309122383
RDM Eigenvectors: 
    0.999919028920475  -0.00877773897275626   0.00916562821141165  0.000936678088464248  2.80402947534962e-05 -3.50367228694984e-13  1.36508861009262e-13 -8.76487833947696e-14  2.82550110470363e-13 -2.94143696922472e-06
  0.00866878310988358     0.999792285123832    0.0130928740807512   -0.0129924891027466  6.55622865083783e-06  1.66397116700029e-14  2.13454660037971e-14  1.71666704041558e-14 -7.50212955742829e-15  0.000103143098981263
 -0.00113207730178072    -0.015414661723793     0.208682321742608    -0.976484984973647   -0.0465583934352832  1.00147188949615e-12  1.31493208890542e-12 -1.22853259178789e-11  3.53202810987963e-11    0.0228513745490481
  0.00924211191689648     0.010029822598896    -0.977384926409422    -0.206916004343945   -0.0406594245212872  2.07541287041898e-11 -1.04767762601424e-11  8.05549378631131e-12 -4.04888880536541e-11   0.00807898493219342
-0.000228521819759824  0.000334391366116932    0.0220225939733113    0.0534523997054895    -0.650982672266721 -1.06999375169865e-09  3.05137656747005e-10  3.73652474800078e-10 -1.28553045436948e-09     0.756887866654686
-7.33315878349508e-13  -2.5843081100725e-13  1.28262833158108e-10  8.80069582585144e-11 -3.02004482869046e-09     0.768328195193893  6.28260216697929e-08  1.01333202183887e-08    -0.640056079160328 -2.60835339211801e-09
-2.39271213788676e-13 -5.35456728989082e-14  4.34491167051019e-11  3.16974471095598e-11 -1.04791183064131e-09  6.85802654526446e-08    -0.838267733669742     0.545258843750552  8.67487592979065e-09 -8.36020571990041e-10
 3.79935667188144e-14 -3.11201035695563e-13 -2.18607332661729e-12 -2.82570892081585e-11  1.16230420240937e-10 -4.48871430927533e-08     0.545258843750551     0.838267733669745  1.29095277359859e-08 -5.31620619502956e-10
  1.2359817600552e-13 -1.12383436384278e-12 -7.68061003989765e-12 -1.05621683940438e-10  8.71699317606962e-10    -0.640056079160325 -5.26402801487302e-08  1.17993847712581e-08    -0.768328195193895 -1.45238007186149e-09
-0.000193256837664874  0.000130193643203158    0.0207356572658517    0.0252190422925222    -0.756571666650001 -2.88494177962555e-09  9.82764186672967e-10 -9.47627132241591e-10  2.77581996985523e-09    -0.653095162550949
Total C: 
 -0.00875116330465137     -0.99892328634521    0.0203513073358391    -0.244518074737856   -0.0182088695904448  -5.1489199086154e-16 -5.42113026486217e-16 -8.31695722967524e-16 -4.60891162522556e-16   0.00522671037482209
 0.000352711915060116  -0.00411475339280806    -0.132023338131154      1.01764824801523    0.0723291912381098  1.51322928759191e-15  1.59908646025987e-15  9.03747073821736e-16  1.11150696204784e-15   -0.0209231102350095
-1.19129007065489e-16 -6.43477988003465e-16  1.57519228730403e-17  2.77467820956522e-16 -2.53433723082576e-14     0.673806379788573      0.17519969436782     0.180642997785631     0.694741243256657  3.26429047162402e-14
-4.62337093824027e-17  6.87156957858689e-16  2.64070245366098e-17 -7.38887083267862e-17  1.33219772148151e-14     0.175199694101145    -0.673806380814193    -0.694741242261943     0.180642998044271 -1.70508162981279e-14
 0.000270913930632309  0.000752337196545713  -0.00769948557224783    0.0595984268770743    -0.620289378732873  -2.4043195668131e-14 -2.23120765647775e-14 -2.21613777929032e-14  -2.4820009458557e-14     0.782528348419998
   -0.997431821545468   0.00577274191538363     0.251443581806037    0.0350121465538928 -0.000627076881300414 -8.69050960067617e-17 -8.46746553037078e-17 -9.14742000733324e-17 -9.25061688667543e-17   0.00389196428705415
  -0.0104726438085269    0.0117392824222186     -1.01941341806307    -0.141170919513078   0.00306709561637024  3.60985727101334e-16  3.57427055926686e-16  3.87827238843043e-16  3.96065779486553e-16    -0.016226286214746
-3.62675567910203e-17  1.17030766461091e-16  5.03983379949228e-17  2.56374439800648e-16 -1.21960666307949e-14     0.692923420938004     0.180170409260862    -0.175685658230062      -0.6756756351355 -9.69099486311143e-15
-6.75781499937766e-19 -5.73200778130378e-16 -3.41749240736418e-17 -1.96790962076977e-16  1.07944600956617e-14      0.18017040952022     -0.69292341994053     0.675675636158436    -0.175685657964083  7.89785274401171e-15
 2.99547182267269e-05 -0.000593698402183058  -0.00347496253252941   -0.0286328559759033     0.768344781386165  7.62299432336969e-15  1.13538880177815e-14 -1.24664131947685e-14 -8.98633324868772e-15     0.639914756850036
Basis set used: STO-3G
Naturals: 
 1.99999999634363  1.99999993666125  1.99996364363147  1.99759486313066  1.31696297139415   1.0441933745707  1.04419337206742 0.955873862013476 0.955873859537068 0.685344120650202
Naturals: 
 1.99999999634363  1.99999993666123  1.99996364362949  1.99759486334035  1.31696296286125   1.0441933751491  1.04419337515019 0.955873858939231 0.955873858940318 0.685344128985215
Version: Tmhuysen's fci hack
