Naturals in-correctThe Davidson algorithm did not converge.lambda: -1
The Davidson algorithm did not converge.lambda: -0.9
The Davidson algorithm did not converge.lambda: -0.8
The Davidson algorithm did not converge.lambda: -0.7
The Davidson algorithm did not converge.lambda: -0.6
The Davidson algorithm did not converge.lambda: -0.5
The Davidson algorithm did not converge.lambda: -0.4
The Davidson algorithm did not converge.lambda: -0.3
The Davidson algorithm did not converge.lambda: -0.2
The Davidson algorithm did not converge.lambda: -0.1
TOTAL ENERGY: -127.164419970525	 lambda: 0	 population of target: 6.9908262603958
1RDM: 
     1.99999999964948 -9.64990482838315e-16  4.48126702465228e-14  4.28304194968635e-13 -8.87948953395185e-13 -3.67445976382188e-18 -8.26977865846268e-20 -3.53839412426708e-18  6.41476655921879e-18 -7.08974399107569e-13
-9.64990482838315e-16      1.99999999108976  2.24585392217918e-13  1.58179732449339e-12  1.79437599887625e-12  -3.0703761642667e-17 -6.95914114608979e-17 -1.54571892323493e-16  2.38612081075369e-17 -3.98887841071367e-12
 4.48126702465228e-14  2.24585392217918e-13      1.99998494772566 -1.42894281723784e-11   1.6932281622114e-10  1.41119125547311e-15 -1.24251786267081e-15  1.48362634415287e-15  1.82879242353557e-15 -1.88251609904571e-10
 4.28304194968635e-13  1.58179732449339e-12 -1.42894281723784e-11      1.99964520088213 -3.06848415768737e-10   4.6692401213112e-16  -3.2854359426771e-17  3.61026386589278e-16   6.9526152843974e-16  2.73940619283384e-10
-8.87948953395185e-13  1.79437599887625e-12   1.6932281622114e-10 -3.06848415768737e-10      1.11608754114592    1.415788774582e-12 -1.25482815427468e-12  1.41962558920102e-12  1.59693747401013e-12   1.1587652174769e-09
-3.67445976382188e-18  -3.0703761642667e-17  1.41119125547311e-15   4.6692401213112e-16    1.415788774582e-12      1.01214393540468  2.28762586004871e-14  3.04893502590532e-11  1.00435120488012e-11  1.75424561726574e-12
-8.26977865846268e-20 -6.95914114608979e-17 -1.24251786267081e-15  -3.2854359426771e-17 -1.25482815427468e-12  2.28762586004871e-14      1.01214393540443 -1.00445162437734e-11  3.04899293482077e-11 -1.55386263914635e-12
-3.53839412426708e-18 -1.54571892323493e-16  1.48362634415287e-15  3.61026386589278e-16  1.41962558920102e-12  3.04893502590532e-11 -1.00445162437734e-11     0.987869539437958  2.24555211203176e-14   1.3586762948075e-12
 6.41476655921879e-18  2.38612081075369e-17  1.82879242353557e-15   6.9526152843974e-16  1.59693747401013e-12  1.00435120488012e-11  3.04899293482077e-11  2.24555211203176e-14     0.987869539437714  1.52699436794177e-12
-7.08974399107569e-13 -3.98887841071367e-12 -1.88251609904571e-10  2.73940619283384e-10   1.1587652174769e-09  1.75424561726574e-12 -1.55386263914635e-12   1.3586762948075e-12  1.52699436794177e-12     0.884255369822274
TOTAL ENERGY: -127.164188827441	 lambda: 0.1	 population of target: 6.99786916145096
1RDM: 
     1.99999999962902   1.5667265442949e-10  4.29044674510698e-09  4.37307128739866e-08 -2.88999070882185e-06  5.48076357235642e-18  -8.9059437234677e-18  1.67015007984903e-18  1.15977379322643e-17  1.96318865904346e-06
  1.5667265442949e-10      1.99999999383492  1.29203771587722e-07 -1.44128225806918e-07 -2.67103707158214e-05 -2.34686898048219e-17  -7.7934260760269e-17 -1.33484829795083e-16  4.20618906710236e-17   3.1708032949566e-05
 4.29044674510698e-09  1.29203771587722e-07      1.99998025899424  -1.6470071310847e-05  0.000225580270017747   1.3034017468598e-15 -1.12891829702183e-15  1.36465010383008e-15  1.74049221530136e-15 -0.000415020660062447
 4.37307128739866e-08 -1.44128225806918e-07  -1.6470071310847e-05      1.99988071484612  -0.00237153304914081  2.04438148881863e-16  9.98301445628302e-19  7.71420018901383e-16  1.03766226349595e-15   0.00255792567801922
-2.88999070882185e-06 -2.67103707158214e-05  0.000225580270017747  -0.00237153304914081      1.06095016645449 -3.64371817159989e-14  3.10981812750843e-14  4.92571129758083e-14  5.87283772799354e-14   0.00257363441608243
 5.48076357235642e-18 -2.34686898048219e-17   1.3034017468598e-15  2.04438148881863e-16 -3.64371817159989e-14      1.00647353612407 -1.25538139153263e-15 -4.70929393818694e-08 -2.82453699200497e-05  5.86168772302406e-14
 -8.9059437234677e-18  -7.7934260760269e-17 -1.12891829702183e-15  9.98301445628302e-19  3.10981812750843e-14 -1.25538139153263e-15      1.00647353612422  2.82453699187127e-05 -4.70929392963118e-08 -4.90086480506664e-14
 1.67015007984903e-18 -1.33484829795083e-16  1.36465010383008e-15  7.71420018901383e-16  4.92571129758083e-14 -4.70929393818694e-08  2.82453699187127e-05     0.993537395796449 -1.00382704335355e-15 -3.12360356211664e-14
 1.15977379322643e-17  4.20618906710236e-17  1.74049221530136e-15  1.03766226349595e-15  5.87283772799354e-14 -2.82453699200497e-05 -4.70929392963118e-08 -1.00382704335355e-15       0.9935373957966 -3.65255485968719e-14
 1.96318865904346e-06   3.1708032949566e-05 -0.000415020660062447   0.00255792567801922   0.00257363441608243  5.86168772302406e-14 -4.90086480506664e-14 -3.12360356211664e-14 -3.65255485968719e-14     0.939167002399881
TOTAL ENERGY: -127.164015008037	 lambda: 0.2	 population of target: 6.99911180258904
1RDM: 
     1.99999999957431  7.50061711314953e-11  9.82293649728269e-09  4.27482933928286e-08 -4.56702801167064e-06  6.11752554397827e-18 -9.71963775333806e-18  6.51208570078595e-19   1.0671195078401e-17  2.14223381273625e-06
 7.50061711314953e-11      1.99999999269744  1.90605573858078e-07 -3.40236468529441e-07  -3.9154286265896e-05 -2.60877986478428e-17 -7.45075210673417e-17 -1.32460120882951e-16  4.10383206058253e-17  4.44360872018351e-05
 9.82293649728269e-09  1.90605573858078e-07        1.999976816378 -1.29436262828097e-05  0.000289149188911336  1.45412001766173e-15 -1.24656710566439e-15  1.27384790037325e-15  1.62492703113828e-15 -0.000627179060751794
 4.27482933928286e-08 -3.40236468529441e-07 -1.29436262828097e-05        1.999912128103    -0.003362210804663  9.59834236047793e-17  8.87704383521581e-17  6.47537074535003e-16  8.76066409680466e-16    0.0034398549193226
-4.56702801167064e-06  -3.9154286265896e-05  0.000289149188911336    -0.003362210804663      1.04375553302512   -2.777617530458e-14  2.36137351859545e-14  3.48579730032373e-14  4.14878196438136e-14   0.00245378041154893
 6.11752554397827e-18 -2.60877986478428e-17  1.45412001766173e-15  9.59834236047793e-17   -2.777617530458e-14      1.00467266513655  1.20374091074852e-14 -4.64900671256221e-08 -2.72289667556916e-05  4.04556295164996e-14
-9.71963775333806e-18 -7.45075210673417e-17 -1.24656710566439e-15  8.87704383521581e-17  2.36137351859545e-14  1.20374091074852e-14      1.00467266513638  2.72289667539738e-05 -4.64900671078852e-08 -3.38805174196571e-14
 6.51208570078595e-19 -1.32460120882951e-16  1.27384790037325e-15  6.47537074535003e-16  3.48579730032373e-14 -4.64900671256221e-08  2.72289667539738e-05     0.995337842396743  1.17530763111299e-14 -2.29331822582865e-14
  1.0671195078401e-17  4.10383206058253e-17  1.62492703113828e-15  8.76066409680466e-16  4.14878196438136e-14 -2.72289667556916e-05 -4.64900671078852e-08  1.17530763111299e-14     0.995337842396574 -2.69123005670806e-14
 2.14223381273625e-06  4.44360872018351e-05 -0.000627179060751794    0.0034398549193226   0.00245378041154893  4.04556295164996e-14 -3.38805174196571e-14 -2.29331822582865e-14 -2.69123005670806e-14     0.956334515155906
TOTAL ENERGY: -127.163909078152	 lambda: 0.3	 population of target: 6.99954763648673
1RDM: 
     1.99999999950547  3.53372125252923e-12  1.42819190098195e-08  4.06354625834907e-08 -5.92886647923279e-06  6.95332890983876e-18 -1.06886523098466e-17 -4.57153206176609e-19  9.65061022577362e-18  1.83956851488809e-06
 3.53372125252923e-12      1.99999999145459  2.25056845786161e-07  -4.8409788242958e-07 -4.70713418042748e-05 -2.76720337502511e-17 -7.18216628502875e-17 -1.31398967052239e-16  4.02934935210251e-17  5.25242911704121e-05
 1.42819190098195e-08  2.25056845786161e-07       1.9999747066085 -9.72788548955406e-06  0.000296576290013329  1.60529104338042e-15 -1.36412023721247e-15  1.17321769376289e-15  1.49592143111045e-15 -0.000797006119349702
 4.06354625834907e-08  -4.8409788242958e-07 -9.72788548955406e-06      1.99991831296251  -0.00395568983339584  6.58235395286092e-17  1.14115088685292e-16  5.48911121841647e-16   7.4861585389496e-16   0.00392919579912768
-5.92886647923279e-06 -4.70713418042748e-05  0.000296576290013329  -0.00395568983339584      1.03582561664584 -2.29487530601757e-14  1.95013319116647e-14   2.8703104886147e-14  3.41635675576151e-14   0.00226403303544804
 6.95332890983876e-18 -2.76720337502511e-17  1.60529104338042e-15  6.58235395286092e-17 -2.29487530601757e-14      1.00383570980195  2.37370394868614e-17 -4.21893052487988e-08 -2.52866141472316e-05  3.29594943508188e-14
-1.06886523098466e-17 -7.18216628502875e-17 -1.36412023721247e-15  1.14115088685292e-16  1.95013319116647e-14  2.37370394868614e-17      1.00383570980199  2.52866141464605e-05 -4.21893051932805e-08 -2.75975579418783e-14
-4.57153206176609e-19 -1.31398967052239e-16  1.17321769376289e-15  5.48911121841647e-16   2.8703104886147e-14 -4.21893052487988e-08  2.52866141464605e-05     0.996174662396758   8.9832913963761e-17 -1.85783467111845e-14
 9.65061022577362e-18  4.02934935210251e-17  1.49592143111045e-15   7.4861585389496e-16  3.41635675576151e-14 -2.52866141472316e-05 -4.21893051932805e-08   8.9832913963761e-17     0.996174662396797 -2.18052086803098e-14
 1.83956851488809e-06  5.25242911704121e-05 -0.000797006119349702   0.00392919579912768   0.00226403303544804  3.29594943508188e-14 -2.75975579418783e-14 -1.85783467111845e-14 -2.18052086803098e-14     0.964260628425687
TOTAL ENERGY: -127.163835986052	 lambda: 0.4	 population of target: 6.99975943804128
1RDM: 
     1.99999999941787 -4.73805745039107e-11  1.84618738773197e-08   4.0388502861534e-08 -7.19412267629422e-06   7.9562897049015e-18 -1.17891386639458e-17 -1.66177689823826e-18  8.51561073951372e-18   1.2740457092742e-06
-4.73805745039107e-11      1.99999999034179  2.46893360026446e-07 -5.94239870420979e-07 -5.27730277128234e-05  -2.8950690701774e-17 -6.93418779717155e-17 -1.30145003823932e-16  3.98778536382661e-17  5.85849899733891e-05
 1.84618738773197e-08  2.46893360026446e-07      1.99997322030312 -7.51176840796206e-06  0.000271579019798683  1.76784365117646e-15 -1.49047489370454e-15  1.05870763146248e-15   1.3490029254792e-15 -0.000954950941483312
  4.0388502861534e-08 -5.94239870420979e-07 -7.51176840796206e-06      1.99991840477702  -0.00437306584334269  6.25390261794956e-17   1.1845165066492e-16  4.67986741820753e-16  6.43674533437424e-16   0.00425413053995522
-7.19412267629422e-06 -5.27730277128234e-05  0.000271579019798683  -0.00437306584334269      1.03166543140136 -2.04009455416878e-14  1.73323045828621e-14   2.5457767164388e-14   3.0308733535276e-14   0.00214642221213145
  7.9562897049015e-18  -2.8950690701774e-17  1.76784365117646e-15  6.25390261794956e-17 -2.04009455416878e-14      1.00339406837565   1.7230393406372e-15 -4.01471102999559e-08 -2.40700809177583e-05  2.90367371542188e-14
-1.17891386639458e-17 -6.93418779717155e-17 -1.49047489370454e-15   1.1845165066492e-16  1.73323045828621e-14   1.7230393406372e-15      1.00339406837553  2.40700809162278e-05 -4.01471102710193e-08  -2.4303796908038e-14
-1.66177689823826e-18 -1.30145003823932e-16  1.05870763146248e-15  4.67986741820753e-16   2.5457767164388e-14 -4.01471102999559e-08  2.40700809162278e-05     0.996616247984568  1.53249064008777e-15 -1.63056805672447e-14
 8.51561073951372e-18  3.98778536382661e-17   1.3490029254792e-15  6.43674533437424e-16   3.0308733535276e-14 -2.40700809177583e-05 -4.01471102710193e-08  1.53249064008777e-15     0.996616247984454 -1.91381631751606e-14
  1.2740457092742e-06  5.85849899733891e-05 -0.000954950941483312   0.00425413053995522   0.00214642221213145  2.90367371542188e-14  -2.4303796908038e-14 -1.63056805672447e-14 -1.91381631751606e-14     0.968422321038626
TOTAL ENERGY: -127.163777942917	 lambda: 0.5	 population of target: 6.99988932700121
1RDM: 
      1.9999999993026 -7.91821248659305e-11  2.30676966416878e-08  4.25107196178084e-08 -8.45282750516866e-06  9.13739940275195e-18  -1.3030260955151e-17 -2.98770394483145e-18   7.2316235503402e-18  5.03828791940003e-07
-7.91821248659305e-11      1.99999998936628  2.61589099064186e-07 -6.82258896771235e-07 -5.71275323723936e-05 -3.01362679915885e-17 -6.69153657760875e-17 -1.28705868199779e-16  3.97397975836099e-17  6.35161915327074e-05
 2.30676966416878e-08  2.61589099064186e-07      1.99997199578655 -6.13004053379708e-06  0.000221737553070537  1.94758547089288e-15 -1.63026863134509e-15  9.27714647763588e-16  1.18101937820082e-15  -0.00111303357829247
 4.25107196178084e-08 -6.82258896771235e-07 -6.13004053379708e-06      1.99991658016978  -0.00469389964925483  7.40185147708572e-17  1.11390106759622e-16  3.96871662545075e-16  5.50995539725953e-16   0.00448902765354746
-8.45282750516866e-06 -5.71275323723936e-05  0.000221737553070537  -0.00469389964925483      1.02953268056883  -1.9110785119112e-14  1.62323449658343e-14  2.38027694419308e-14  2.83465224312332e-14   0.00210476767606079
 9.13739940275195e-18 -3.01362679915885e-17  1.94758547089288e-15  7.40185147708572e-17  -1.9110785119112e-14      1.00316578517544  4.86247203848319e-17 -3.94678552742184e-08 -2.36554710706902e-05  2.70121809823425e-14
 -1.3030260955151e-17 -6.69153657760875e-17 -1.63026863134509e-15  1.11390106759622e-16  1.62323449658343e-14  4.86247203848319e-17      1.00316578517546  2.36554710700073e-05 -3.94678552376533e-08 -2.26006744848998e-14
-2.98770394483145e-18 -1.28705868199779e-16  9.27714647763588e-16  3.96871662545075e-16  2.38027694419308e-14 -3.94678552742184e-08  2.36554710700073e-05     0.996844506317698  7.00250557675326e-17 -1.51252206589212e-14
  7.2316235503402e-18  3.97397975836099e-17  1.18101937820082e-15  5.50995539725953e-16  2.83465224312332e-14 -2.36554710706902e-05 -3.94678552376533e-08  7.00250557675326e-17      0.99684450631771 -1.77539195913757e-14
 5.03828791940003e-07  6.35161915327074e-05  -0.00111303357829247   0.00448902765354746   0.00210476767606079  2.70121809823425e-14 -2.26006744848998e-14 -1.51252206589212e-14 -1.77539195913757e-14     0.970558171819597
TOTAL ENERGY: -127.163723528152	 lambda: 0.6	 population of target: 6.99998849570503
1RDM: 
     1.99999999914502 -9.35287061797347e-11  2.89715149333646e-08  4.74653112137101e-08 -9.75850645213678e-06  1.05257707323513e-17 -1.44351787549221e-17 -4.46530741865608e-18  5.75915403142313e-18 -4.61732786902056e-07
-9.35287061797347e-11      1.99999998851197  2.71607231321388e-07 -7.54547774903545e-07 -6.05495557116593e-05 -3.13265440695327e-17 -6.44712922829422e-17 -1.27090417367387e-16  3.98524653732547e-17  6.77422515730591e-05
 2.89715149333646e-08  2.71607231321388e-07         1.99997079435 -5.46920875129057e-06    0.0001491294261564  2.15001248877885e-15 -1.78788196863423e-15  7.76821820901848e-16  9.87738766692056e-16  -0.00127886275113187
 4.74653112137101e-08 -7.54547774903545e-07 -5.46920875129057e-06      1.99991407019859  -0.00495518617880506  9.66918143719905e-17  9.56924653103009e-17  3.30423631643178e-16  4.64059337121109e-16    0.0046661075448291
-9.75850645213678e-06 -6.05495557116593e-05    0.0001491294261564  -0.00495518617880506      1.02876673948494  -1.8688050382061e-14  1.58694268732814e-14  2.32342438157269e-14  2.76776398883091e-14   0.00213781444416384
 1.05257707323513e-17 -3.13265440695327e-17  2.15001248877885e-15  9.66918143719905e-17  -1.8688050382061e-14      1.00308131240304 -3.85827392600714e-15 -4.01097339685751e-08 -2.40403795477155e-05  2.62526731387665e-14
-1.44351787549221e-17 -6.44712922829422e-17 -1.78788196863423e-15  9.56924653103009e-17  1.58694268732814e-14 -3.85827392600714e-15      1.00308131240305  2.40403795470527e-05 -4.01097338699231e-08 -2.19569726230897e-14
-4.46530741865608e-18 -1.27090417367387e-16  7.76821820901848e-16  3.30423631643178e-16  2.32342438157269e-14 -4.01097339685751e-08  2.40403795470527e-05     0.996928970167336 -3.85106831110198e-15 -1.46647683743827e-14
 5.75915403142313e-18  3.98524653732547e-17  9.87738766692056e-16  4.64059337121109e-16  2.76776398883091e-14 -2.40403795477155e-05 -4.01097338699231e-08 -3.85106831110198e-15      0.99692897016734 -1.72151033474136e-14
-4.61732786902056e-07  6.77422515730591e-05  -0.00127886275113187    0.0046661075448291   0.00213781444416384  2.62526731387665e-14 -2.19569726230897e-14 -1.46647683743827e-14 -1.72151033474136e-14     0.971327843168728
TOTAL ENERGY: -127.163661492934	 lambda: 0.7	 population of target: 7.00008383972688
1RDM: 
     1.99999999891952 -9.18032061483351e-11  3.76520042317531e-08  5.61614931299956e-08 -1.11538066554447e-05  1.21656346881668e-17 -1.60388771030532e-17 -6.13326605399183e-18  4.04903039948187e-18 -1.63868086610807e-06
-9.18032061483351e-11      1.99999998776416  2.78196531156873e-07 -8.14693906797863e-07 -6.32644142288018e-05  -3.2590022826817e-17 -6.19576463864898e-17 -1.25294446548108e-16  4.02154883937581e-17  7.15110791016034e-05
 3.76520042317531e-08  2.78196531156873e-07      1.99996937295805 -5.53829698663126e-06  5.28799651930674e-05  2.38200018790407e-15 -1.96882536115567e-15  6.01071267376847e-16  7.63016788755052e-16  -0.00145941562250393
 5.61614931299956e-08 -8.14693906797863e-07 -5.53829698663126e-06      1.99991126961675  -0.00517730287717773  1.29876402984164e-16  7.18335506575903e-17  2.64911421251393e-16  3.78185067141808e-16   0.00480165525466152
-1.11538066554447e-05 -6.32644142288018e-05  5.28799651930674e-05  -0.00517730287717773      1.02916012881843 -1.90190438215569e-14  1.61465366001025e-14  2.35997348329041e-14  2.81211700928906e-14   0.00225544649864947
 1.21656346881668e-17  -3.2590022826817e-17  2.38200018790407e-15  1.29876402984164e-16 -1.90190438215569e-14      1.00311824935543  -1.7572425880082e-15 -4.22494381348661e-08 -2.53332608920645e-05  2.65523494396935e-14
-1.60388771030532e-17 -6.19576463864898e-17 -1.96882536115567e-15  7.18335506575903e-17  1.61465366001025e-14  -1.7572425880082e-15      1.00311824935537  2.53332608907417e-05  -4.2249438069182e-08   -2.219948520248e-14
-6.13326605399183e-18 -1.25294446548108e-16  6.01071267376847e-16  2.64911421251393e-16  2.35997348329041e-14 -4.22494381348661e-08  2.53332608907417e-05     0.996892035777503 -1.86466599731787e-15 -1.48002391596975e-14
 4.04903039948187e-18  4.02154883937581e-17  7.63016788755052e-16  3.78185067141808e-16  2.81211700928906e-14 -2.53332608920645e-05  -4.2249438069182e-08 -1.86466599731787e-15     0.996892035777438 -1.73759196145107e-14
-1.63868086610807e-06  7.15110791016034e-05  -0.00145941562250393   0.00480165525466152   0.00225544649864947  2.65523494396935e-14   -2.219948520248e-14 -1.48002391596975e-14 -1.73759196145107e-14     0.970938671657366
TOTAL ENERGY: -127.16357447476	 lambda: 0.8	 population of target: 7.00019947664382
1RDM: 
     1.99999999857712 -7.66674023533623e-11  5.21294528895434e-08  7.04551459645665e-08 -1.26815373534163e-05   1.4121874636523e-17 -1.78927861347481e-17   -8.044611876178e-18  2.03475588650279e-18 -3.06620910220704e-06
-7.66674023533623e-11      1.99999998711334  2.82151891943058e-07 -8.64509875999693e-07 -6.53990842987197e-05 -3.39958618198423e-17 -5.93186641982319e-17 -1.23296535802809e-16  4.08557993913654e-17  7.49970159786652e-05
 5.21294528895434e-08  2.82151891943058e-07      1.99996735090669 -6.51036918511877e-06 -7.04529439142339e-05  2.65343237964142e-15 -2.18108456431067e-15  3.92864150412579e-16  4.97491197864347e-16  -0.00166316894397698
 7.04551459645665e-08 -8.64509875999693e-07 -6.51036918511877e-06      1.99990825196323  -0.00537308557408824  1.74515064222707e-16  3.89950561616496e-17  1.97025754539853e-16  2.89255556093013e-16    0.0049043612250961
-1.26815373534163e-05 -6.53990842987197e-05 -7.04529439142339e-05  -0.00537308557408824      1.03080456751529 -2.01835132562294e-14  1.71309308516222e-14  2.49863985680609e-14  2.97815204500656e-14   0.00248763101815725
  1.4121874636523e-17 -3.39958618198423e-17  2.65343237964142e-15  1.74515064222707e-16 -2.01835132562294e-14      1.00328498004722 -5.93350666037862e-16  -4.6468195060561e-08  -2.7850762858816e-05  2.79790514978779e-14
-1.78927861347481e-17 -5.93186641982319e-17 -2.18108456431067e-15  3.89950561616496e-17  1.71309308516222e-14 -5.93350666037862e-16      1.00328498004713  2.78507628571083e-05 -4.64681949945912e-08 -2.33840911437119e-14
  -8.044611876178e-18 -1.23296535802809e-16  3.92864150412579e-16  1.97025754539853e-16  2.49863985680609e-14  -4.6468195060561e-08  2.78507628571083e-05     0.996725320263307 -7.47330421066685e-16 -1.55627142266821e-14
 2.03475588650279e-18  4.08557993913654e-17  4.97491197864347e-16  2.89255556093013e-16  2.97815204500656e-14  -2.7850762858816e-05 -4.64681949945912e-08 -7.47330421066685e-16     0.996725320263214    -1.82727650131e-14
-3.06620910220704e-06  7.49970159786652e-05  -0.00166316894397698    0.0049043612250961   0.00248763101815725  2.79790514978779e-14 -2.33840911437119e-14 -1.55627142266821e-14    -1.82727650131e-14     0.969299243303493
TOTAL ENERGY: -127.163425375788	 lambda: 0.9	 population of target: 7.00037401472388
1RDM: 
     1.99999999801164 -5.72830759671743e-11  7.95403670136842e-08   9.4361358813275e-08 -1.43926570697353e-05  1.64947410237623e-17 -2.00768649256453e-17 -1.02787890890122e-17 -3.81999173829156e-19 -4.81729462696429e-06
-5.72830759671743e-11      1.99999998655605  2.84532649703074e-07 -9.04149245392214e-07  -6.7015317087566e-05 -3.56374634001788e-17 -5.64751460019199e-17 -1.21048529190344e-16  4.18394287583242e-17  7.83529436186555e-05
 7.95403670136842e-08  2.84532649703074e-07      1.99996391485308 -8.86111636917808e-06 -0.000227798319891482  2.98030014196194e-15 -2.43770357416149e-15  1.39542377384541e-16  1.75701821011424e-16  -0.00190295916220286
  9.4361358813275e-08 -9.04149245392214e-07 -8.86111636917808e-06      1.99990488412759  -0.00555180801037952  2.33259877082542e-16 -5.03171558174835e-18  1.22989297645729e-16  1.92618177441056e-16   0.00497823181544378
-1.43926570697353e-05  -6.7015317087566e-05 -0.000227798319891482  -0.00555180801037952      1.03415378569804   -2.251013589473e-14  1.91010645694394e-14  2.77812035284401e-14  3.31201651835312e-14   0.00290576598585186
 1.64947410237623e-17 -3.56374634001788e-17  2.98030014196194e-15  2.33259877082542e-16   -2.251013589473e-14      1.00362623284536  4.26357403297474e-16 -5.39301913959279e-08 -3.23361574177944e-05    3.091989419178e-14
-2.00768649256453e-17 -5.64751460019199e-17 -2.43770357416149e-15 -5.03171558174835e-18  1.91010645694394e-14  4.26357403297474e-16      1.00362623284531  3.23361574163517e-05 -5.39301913563643e-08 -2.58335598489273e-14
-1.02787890890122e-17 -1.21048529190344e-16  1.39542377384541e-16  1.22989297645729e-16  2.77812035284401e-14 -5.39301913959279e-08  3.23361574163517e-05     0.996384103162423  3.40963115982997e-16 -1.71594544424365e-14
-3.81999173829156e-19  4.18394287583242e-17  1.75701821011424e-16  1.92618177441056e-16  3.31201651835312e-14 -3.23361574177944e-05 -5.39301913563643e-08  3.40963115982997e-16     0.996384103162372 -2.01486911506304e-14
-4.81729462696429e-06  7.83529436186555e-05  -0.00190295916220286   0.00497823181544378   0.00290576598585186    3.091989419178e-14 -2.58335598489273e-14 -1.71594544424365e-14 -2.01486911506304e-14     0.965956758738144
TOTAL ENERGY: -127.163112438102	 lambda: 1	 population of target: 7.00070132500704
1RDM: 
      1.9999999969493 -7.01495778352481e-11  1.39942353294914e-07  1.37805764206332e-07 -1.63571190709797e-05  1.94583622657015e-17 -2.27313391583237e-17 -1.29712580644681e-17 -3.36636090358538e-18 -7.03440984784412e-06
-7.01495778352481e-11      1.99999998609391  2.88844274310434e-07 -9.30884410775482e-07 -6.81112638624515e-05 -3.76768990648002e-17 -5.32846351206779e-17 -1.18447297115193e-16   4.3311020020317e-17  8.17631544896975e-05
 1.39942353294914e-07  2.88844274310434e-07       1.9999568366565 -1.38351542571718e-05 -0.000432721248040554  3.39269157593925e-15  -2.7634829687476e-15 -1.83026991872898e-16 -2.31521494428702e-16   -0.0022028320288761
 1.37805764206332e-07 -9.30884410775482e-07 -1.38351542571718e-05      1.99990072513627  -0.00572156338246968  3.11866585258045e-16 -6.50318984240308e-17  3.70605348249067e-17   8.1288856545001e-17    0.0050227492006667
-1.63571190709797e-05 -6.81112638624515e-05 -0.000432721248040554  -0.00572156338246968      1.04039930099541 -2.68570158755643e-14   2.2784423896101e-14  3.29961315074349e-14  3.93426725033772e-14   0.00369045029741108
 1.94583622657015e-17 -3.76768990648002e-17  3.39269157593925e-15  3.11866585258045e-16 -2.68570158755643e-14      1.00425881360844 -1.42108229257002e-16 -6.78276704351977e-08 -4.06343760118731e-05  3.63944638868804e-14
-2.27313391583237e-17 -5.32846351206779e-17  -2.7634829687476e-15 -6.50318984240308e-17   2.2784423896101e-14 -1.42108229257002e-16      1.00425881360845  4.06343760109157e-05 -6.78276703794722e-08  -3.0399147895942e-14
-1.29712580644681e-17 -1.18447297115193e-16 -1.83026991872898e-16  3.70605348249067e-17  3.29961315074349e-14 -6.78276704351977e-08  4.06343760109157e-05     0.995751603308383 -1.32679564933362e-16 -2.01405236818797e-14
-3.36636090358538e-18   4.3311020020317e-17 -2.31521494428702e-16   8.1288856545001e-17  3.93426725033772e-14 -4.06343760118731e-05 -6.78276703794722e-08 -1.32679564933362e-16     0.995751603308388 -2.36484253906081e-14
-7.03440984784412e-06  8.17631544896975e-05   -0.0022028320288761    0.0050227492006667   0.00369045029741108  3.63944638868804e-14  -3.0399147895942e-14 -2.01405236818797e-14 -2.36484253906081e-14     0.959722320334947
-------------------general-----------------------
mullikenoperator: 
  0.00214546811032239     0.046268704311434  0.000157491845566983  0.000218963987278741 -2.82599884122672e-05 -4.99901249203039e-17 -3.30884188258479e-17 -3.67006890969682e-17  5.02708179504644e-17 -1.52856432221768e-05
    0.046268704311434     0.997835644452003   0.00423892754041723   0.00093655576191308 -0.000125200214148753  2.58035244769464e-17  2.34508711940112e-16  1.70796679018002e-16 -1.99302946070277e-17   0.00013011940164923
 0.000157491845566983   0.00423892754041724    0.0475481108828158    -0.212755073427087   0.00026691706970291  2.80721290733802e-15 -2.14460274726493e-15 -1.99105664301926e-15  -2.6670556926669e-15  -0.00297263683796277
  0.00021896398727874  0.000936555761913072    -0.212755073427088     0.952372055264265  -0.00755286717908785  1.51755939595762e-16  1.93574204594828e-17 -8.27267480634686e-16 -9.46010768889162e-16   0.00640534678696577
-2.82599884122672e-05 -0.000125200214148753  0.000266917069702908  -0.00755286717908785     0.462390483235446 -9.38550584415793e-16  1.07877871836339e-15  5.90580531165849e-15  7.43782128495646e-15     0.498538916706486
-4.99901249202426e-17  2.58035244762547e-17  2.80721290735418e-15  1.51755939544542e-16 -9.38550584842428e-16     0.496069891218801  3.29081905956672e-15 -0.000834296702723848    -0.499983940913434  7.63391862801512e-15
-3.30884188258669e-17  2.34508711940015e-16 -2.14460274726514e-15  1.93574204554327e-17  1.07877871825755e-15    3.320591175492e-15     0.496069891218922     0.499983940913436 -0.000834296702724076 -5.80162743109779e-15
-3.67006890969853e-17  1.70796679018051e-16 -1.99105664302013e-15 -8.27267480635985e-16  5.90580531160265e-15 -0.000834296702723855     0.499983940913436     0.503930108781079  3.35521227702977e-15  -6.7567436143069e-16
  5.0270817950386e-17 -1.99302946068111e-17  -2.6670556926874e-15 -9.46010768818564e-16  7.43782128536147e-15    -0.499983940913434 -0.000834296702724035  3.36578668450664e-15     0.503930108781199 -6.90027803909714e-16
-1.52856432221768e-05  0.000130119401649231  -0.00297263683796277   0.00640534678696578     0.498538916706486  7.63391862895323e-15 -5.80162743103154e-15 -6.75674361419935e-16 -6.90027804828543e-16     0.537708238055153
selected BF: 
0 1 2 3 4
selected lambdas: 
  -1 -0.9 -0.8 -0.7 -0.6 -0.5 -0.4 -0.3 -0.2 -0.1    0  0.1  0.2  0.3  0.4  0.5  0.6  0.7  0.8  0.9    1
RHF C: 
-5.40270748195907e-06    -0.995372984493555     0.260183568765904   0.00275810707679928  -0.00135417984215962  2.01010847696831e-12 -1.89515186705762e-12 -5.34126566686982e-13  2.42953068262348e-12  -0.00121590774374813
 3.53517795799287e-05   -0.0189634631278975     -1.02857009206597   -0.0109111490497968   0.00541914628842299 -7.84332539981976e-12  7.53311289142037e-12  2.10757011638116e-12 -9.51969929788422e-12   0.00485600626068843
 1.69945320095972e-14  3.31875290494703e-14  9.12011098415487e-12 -1.59125064932908e-11  1.66429486416598e-09   -0.0258344073128803    0.0864544387915193     0.954216297729642     0.285183804709462  7.93010042387426e-12
 2.16281422437367e-14  1.00519994527821e-13  1.75409792080103e-11 -3.88130777510404e-11  4.91947890512644e-09   -0.0864544376468541   -0.0258344076550474    -0.285183804678466     0.954216297833351  3.34803944189179e-11
 6.35609071400024e-05 -1.70256619769059e-05  -0.00535221546866458    0.0106572132933329    -0.999884850598303 -5.21244630929456e-10  4.35937926183118e-11  1.82780076125022e-10  5.16361925204842e-09    0.0119112870436368
   -0.995041574527916 -1.13913197632531e-05   0.00227926703122286    -0.263084299055798  -0.00380633077319216  2.28531744851819e-11 -7.49153641189139e-12  2.91610867733242e-13  1.09916611296737e-11  -0.00380841951212099
   -0.020139016304792  3.39453216673941e-05  -0.00887399566455779      1.02880615242233    0.0150278760913746 -9.04671097635215e-11  2.96876932056137e-11 -1.16307104107043e-12 -4.37273414784541e-11    0.0148441457076695
-2.09486369888267e-13  2.54347087479028e-14  9.86143974635435e-13   2.1864765809753e-11 -1.51899956652868e-11     0.285158365399756    -0.954277983251767    0.0859035949726091    0.0256737532054756  2.22905944720126e-09
-2.91960032406597e-13    6.526067229861e-14  7.07638985512932e-12  3.80347054750377e-11 -1.14783500652702e-11     0.954277983354816     0.285158365368952   -0.0256737535476121    0.0859035938278701  2.87591973025603e-09
-1.15057021351332e-05 -5.08282773686777e-05   0.00160465094343827   -0.0145224620874457   0.00542986853888773 -3.37320813479186e-09  1.30672944053066e-09 -1.17461368253217e-10 -3.69045659448628e-10     0.999903908912285
RDM (no constraint): 
     1.99999999796054  6.48559210154294e-09  7.10865874050227e-07  1.81794398497984e-07 -4.88369014285005e-06  3.17360938482547e-13 -1.09272391969089e-13 -7.56001202457206e-16  2.42698763344142e-14   6.3649185724879e-06
 6.48559210154294e-09       1.9999999337109 -6.40681081816334e-06 -1.01025875407915e-06   5.7300338315202e-05  7.54861863423943e-14 -3.75427918495746e-14 -1.03099867168696e-14 -3.96021602038295e-13 -3.15963286635712e-05
 7.10865874050227e-07 -6.40681081816334e-06      1.99796032277169 -0.000555188646474653    0.0408454784490233  9.01113681054697e-12 -4.33913212081609e-13  -1.1319889475101e-11 -2.31495007974118e-10   0.00165562894258985
 1.81794398497984e-07 -1.01025875407915e-06 -0.000555188646474653      1.99963196806457   0.00930514920805593 -9.14556806993719e-11  2.92038519604984e-11 -7.90306215272156e-14 -1.48431581920304e-11    0.0145496475401223
-4.88369014285005e-06   5.7300338315202e-05    0.0408454784490233   0.00930514920805593      0.99517172819154 -3.31984642078639e-10  1.49565348928326e-10 -1.26735777726711e-11 -9.96237876858987e-12      0.11603911766858
 3.17360938482547e-13  7.54861863423943e-14  9.01113681054697e-12 -9.14556806993719e-11 -3.31984642078639e-10     0.997926152663253  -1.3114494088225e-15 -5.04700759515998e-07     0.011957537991772  2.78298174950095e-11
-1.09272391969089e-13 -3.75427918495746e-14 -4.33913212081609e-13  2.92038519604984e-11  1.49565348928326e-10  -1.3114494088225e-15     0.997926152634614   -0.0119575379864784 -5.04700760178636e-07   7.6373197650843e-12
-7.56001202457206e-16 -1.03099867168696e-14  -1.1319889475101e-11 -7.90306215272156e-14 -1.26735777726711e-11 -5.04700759515998e-07   -0.0119575379864784      1.00208732221347 -1.02550815712066e-16 -6.44579222828888e-12
 2.42698763344142e-14 -3.96021602038295e-13 -2.31495007974118e-10 -1.48431581920304e-11 -9.96237876858987e-12     0.011957537991772 -5.04700760178636e-07 -1.02550815712066e-16      1.00208732218484 -5.60690377932997e-10
  6.3649185724879e-06 -3.15963286635712e-05   0.00165562894258985    0.0145496475401223      0.11603911766858  2.78298174950095e-11   7.6373197650843e-12 -6.44579222828888e-12 -5.60690377932997e-10      1.00720909960462
RDM Eigenvectors: 
     0.99890554688209   -0.0462860901549129  -0.00652438280763965  -0.00165488451056899 -1.42019657491394e-06  2.23360405488266e-13 -7.56753544366126e-14  8.96640396064383e-14  2.57223872000846e-13  7.11221362562732e-06
   -0.046309025540277    -0.998827146133672  -0.00715919733910726    0.0121880517397298 -1.86884902013924e-05 -1.24050229406863e-13  6.02934470414658e-15 -1.75953738474697e-15  2.58380251852493e-14 -5.69118924432704e-05
 0.000753365819416087    0.0134658025097848    -0.226982054292011     0.972904398337354   -0.0331173006887072 -1.86534200056157e-11  1.78578377613113e-12  3.36184088565264e-12  8.76136926181115e-12   -0.0256423033874442
  0.00652626352891732  -0.00451606205430577     0.973748277627868     0.226658045983579   -0.0192141900155534 -9.07427612364652e-13  4.21977899926532e-12 -1.00404719401772e-11 -5.97016674887955e-11   0.00287227742150094
 9.69730143601969e-05  0.000453528929698258   0.00141374075750414    0.0428117592013528     0.685277327896953  -3.6468782382892e-09  1.18796334647123e-10  1.41801764403479e-10   3.6951266043366e-09     0.727021267494502
-3.08453166169936e-13  2.62245839685645e-13 -9.06454174072978e-11 -2.86646070458847e-11  -2.1252468664757e-09    -0.643652120368344 -0.000925962449008558 -0.000176053221473661    -0.765317620040295  2.66635706038062e-09
 9.81924349818582e-14 -2.51019201717288e-14  2.87717871385319e-11  1.27954703381082e-11  9.31221013908119e-10  0.000925962447779039    -0.643652119450173     0.765317620812502 -0.000176053221727868 -9.17119778499862e-10
 -1.2479442930229e-14 -1.47337693364291e-13  2.04430664059599e-12 -1.18197828047271e-11   -2.116698723503e-10  -0.00106868787778896     0.765316894905023     0.643652761644566 -0.000175232643819172 -5.48567691690469e-11
-2.99074849079629e-13 -2.68574768567089e-12  2.91757248679791e-11 -2.35515714340254e-10  -3.7900328373378e-09    -0.765316894132816  -0.00106868787672239  0.000175232644082795     0.643652762562737 -3.52400618796744e-09
 0.000116113009327635  4.07729583242618e-05    0.0140576849320871     0.009951276946654     0.727275080568746  -2.4352498215227e-09  9.26871346073967e-10 -9.25926253514318e-10 -2.36491035121834e-09    -0.686129940769633
Total C: 
   0.0463030972060394      0.99769626854515   -0.0492641993518316     0.241557162437601   -0.0104632583946235  1.28714996321613e-14 -1.10077531399506e-14 -1.15435257392744e-14 -1.33423402473193e-14   -0.0067573822732944
 6.84833591491101e-05   0.00514099489351028     0.223053697886519     -1.00312432581605    0.0415187386902769 -5.12609513338063e-14  4.33954928799578e-14  4.53214963329983e-14  5.32215032551509e-14    0.0269526293222762
 3.15822591196945e-17  3.96556849403043e-16 -4.91175368637404e-16 -1.58112346784269e-16 -1.14752952932182e-12    -0.202567318458238     0.674350420498513     0.680403582387324     0.203148440432134 -1.25043103778245e-12
 1.11337904779087e-16 -2.16167604093839e-16 -6.45653450201919e-16  -1.9553161380094e-16  -7.4513840912409e-13    -0.674350420498432    -0.202567318458267    -0.203148440432105     0.680403582387404 -8.12420701284866e-13
 3.42205981742535e-05  -0.00055912785326743    0.0103458742994642   -0.0454802604619586    -0.676563154942624  1.08172040690027e-12 -9.17217434836445e-13 -9.32800549396691e-13 -1.09757603456468e-12    -0.734942387077287
   -0.995668072315809    0.0472848776040028    -0.250262040821643   -0.0559669785360177 -0.000397278880795937  7.93463246952282e-16 -6.70154022652847e-16 -1.30114009542512e-15 -1.56752272222007e-15 -0.000975385817739842
  -0.0134077914676363  -0.00385997626743954      1.00417352817478     0.225378472282038    0.0016202738852788  -3.2238417381086e-15  2.71715640154043e-15  5.22246366793606e-15  6.28656697919194e-15   0.00392299391543707
-5.83042702892608e-17 -5.00023269341211e-17  2.14801318728557e-15  1.26075315912473e-15  1.14052728462502e-13     -0.20416677330211     0.679675035863071     -0.67507937376588    -0.201558788766949 -9.59899565281257e-14
-9.30964176966894e-18  7.04687578781572e-17  1.40339089495214e-15  1.01067691086589e-15  7.98296109193299e-14    -0.679675035863151    -0.204166773302081     0.201558788766978    -0.675079373765799 -6.68087390186158e-14
 1.39205754348417e-05  0.000181725112736248 -0.000440999914543693   0.00845172156599996     0.731152058322838  1.10322677343408e-13 -8.75698591197342e-14   7.1818419829636e-14  9.09096967633084e-14    -0.682199236565218
Basis set used: STO-3G
Naturals: 
 1.99999999964949  1.99999999108977  1.99998494772433  1.99964520072686  1.11608755499313  1.01214393430085  1.01214393430054 0.987869540547548 0.987869540547243 0.884255356120293
Naturals: 
 1.99999999964948  1.99999999108976  1.99998494772566  1.99964520088213  1.11608754114592  1.01214393540468  1.01214393540443 0.987869539437958 0.987869539437714 0.884255369822274
Version: Tmhuysen's fci hack
