Naturals in-correctThe Davidson algorithm did not converge.lambda: -1
The Davidson algorithm did not converge.lambda: -0.9
The Davidson algorithm did not converge.lambda: -0.8
The Davidson algorithm did not converge.lambda: -0.7
The Davidson algorithm did not converge.lambda: -0.6
The Davidson algorithm did not converge.lambda: -0.5
The Davidson algorithm did not converge.lambda: -0.4
The Davidson algorithm did not converge.lambda: -0.3
The Davidson algorithm did not converge.lambda: -0.2
The Davidson algorithm did not converge.lambda: -0.1
TOTAL ENERGY: -127.165669398502	 lambda: 0	 population of target: 6.97914990810857
1RDM: 
     1.99999999909514  1.27047427545536e-15   7.7760555456265e-14 -5.57366226339214e-13 -1.03133893164542e-12  1.06354681488845e-18 -9.70386928978418e-18  3.48694494672211e-18  3.98350162741728e-19  2.75051281966827e-12
 1.27047427545536e-15      1.99999998091044   3.1786454107298e-13  2.49329503676182e-12 -2.06975603873333e-11  1.78811045185452e-17 -3.04259031192525e-16  1.29016516283308e-16  1.72868416276073e-17   1.8314649444816e-11
  7.7760555456265e-14   3.1786454107298e-13      1.99997962321395 -2.17970062243936e-11  2.07234444738902e-11  2.26966198667593e-17 -4.87709746607302e-18 -5.93467403249986e-18  9.85651566696288e-18 -1.83900510940372e-10
-5.57366226339214e-13  2.49329503676182e-12 -2.17970062243936e-11      1.99923469281759  1.53570528641718e-09  5.84426495011085e-18  1.76930062161932e-17  1.39410393512824e-17  2.73970946351237e-17 -1.59354347189199e-09
-1.03133893164542e-12 -2.06975603873333e-11  2.07234444738902e-11  1.53570528641718e-09       1.1748860668909 -4.21367217726654e-14  5.79846419598948e-14  5.87535697306388e-14  3.84491803166996e-14   4.4106949245446e-09
 1.06354681488845e-18  1.78811045185452e-17  2.26966198667593e-17  5.84426495011085e-18 -4.21367217726654e-14       1.0202010276791 -1.09107604061537e-14  1.22076029132508e-11 -1.01187079586507e-10 -4.46612620839243e-14
-9.70386928978418e-18 -3.04259031192525e-16 -4.87709746607302e-18  1.76930062161932e-17  5.79846419598948e-14 -1.09107604061537e-14        1.020201027679  1.01190662581598e-10   1.2207468368212e-11  6.78895339692285e-14
 3.48694494672211e-18  1.29016516283308e-16 -5.93467403249986e-18  1.39410393512824e-17  5.87535697306388e-14  1.22076029132508e-11  1.01190662581598e-10     0.979821981502801 -1.09010321938601e-14  6.53134945034908e-14
 3.98350162741728e-19  1.72868416276073e-17  9.85651566696288e-18  2.73970946351237e-17  3.84491803166996e-14 -1.01187079586507e-10   1.2207468368212e-11 -1.09010321938601e-14     0.979821981502708  4.72450297986835e-14
 2.75051281966827e-12   1.8314649444816e-11 -1.83900510940372e-10 -1.59354347189199e-09   4.4106949245446e-09 -4.46612620839243e-14  6.78895339692285e-14  6.53134945034908e-14  4.72450297986835e-14     0.825853618708394
TOTAL ENERGY: -127.16514198423	 lambda: 0.1	 population of target: 6.99505475530365
1RDM: 
     1.99999999902919  4.15699540260868e-10 -7.89627259789127e-10 -6.63177359318155e-08 -3.89251184357736e-06  9.20877069501101e-20 -8.76934745288941e-18  3.43435211086596e-18  7.64683083722091e-19  2.62411836336197e-06
 4.15699540260868e-10      1.99999998628774 -2.17079651963817e-07  1.82890845776905e-07 -4.17603086574981e-05  1.33462408914291e-17  -3.0657130886501e-16  1.28185360991135e-16  2.15470749581373e-17  5.49498599227097e-05
-7.89627259789127e-10 -2.17079651963817e-07      1.99997329654899 -3.15696745247285e-05 -5.01311651267134e-05 -2.35136012336149e-17  8.40694035639795e-18 -1.18968495346361e-17  1.13561141020976e-17  0.000361349997874856
-6.63177359318155e-08  1.82890845776905e-07 -3.15696745247285e-05      1.99975666214114   0.00385261678576392  3.46059986998551e-16  3.46474702695242e-17  2.63274279113919e-17 -3.15107551220881e-16  -0.00441324104353564
-3.89251184357736e-06 -4.17603086574981e-05 -5.01311651267134e-05   0.00385261678576392      1.09280014362868  3.99484930587631e-15  -1.4901326718914e-16   1.1334969050728e-16 -5.45058684334983e-15   0.00585115214064158
 9.20877069501101e-20  1.33462408914291e-17 -2.35136012336149e-17  3.46059986998551e-16  3.99484930587631e-15      1.01090401569756  1.28895328529791e-14 -4.45812820841403e-10  7.82497232850713e-05  6.73751815936741e-15
-8.76934745288941e-18  -3.0657130886501e-16  8.40694035639795e-18  3.46474702695242e-17  -1.4901326718914e-16  1.28895328529791e-14      1.01090401569744 -7.82497232822671e-05 -4.45813023177889e-10  1.41622755097287e-16
 3.43435211086596e-18  1.28185360991135e-16 -1.18968495346361e-17  2.63274279113919e-17   1.1334969050728e-16 -4.45812820841403e-10 -7.82497232822671e-05     0.989112024159421   1.2885430758158e-14 -8.75685847936397e-17
 7.64683083722091e-19  2.15470749581373e-17  1.13561141020976e-17 -3.15107551220881e-16 -5.45058684334983e-15  7.82497232850713e-05 -4.45813023177889e-10   1.2885430758158e-14     0.989112024159305 -5.06940198421159e-15
 2.62411836336197e-06  5.49498599227097e-05  0.000361349997874856  -0.00441324104353564   0.00585115214064158  6.73751815936741e-15  1.41622755097287e-16 -8.75685847936397e-17 -5.06940198421159e-15     0.907437832650562
TOTAL ENERGY: -127.164738648002	 lambda: 0.2	 population of target: 6.99793692439006
1RDM: 
     1.99999999890354   2.7124488003359e-10 -6.79904105942836e-09 -6.61326004205133e-08 -6.29044265043752e-06 -1.82123554913734e-19  -8.3383409292228e-18  2.94912118707893e-18   6.6332673002933e-19  2.52349431712087e-06
  2.7124488003359e-10      1.99999998268817 -3.26865692023885e-07  6.81742781392387e-07 -6.21275885319288e-05  1.16598547554564e-17 -3.07556441269923e-16  1.27459992886562e-16  2.31178667343889e-17  7.62937058961417e-05
-6.79904105942836e-09 -3.26865692023885e-07      1.99996835700038 -2.61944669191604e-05 -3.56391291185147e-05 -4.33262770224483e-17  6.63087576081668e-18 -1.29937106696968e-17  1.32095224336507e-17  0.000602031170576466
-6.61326004205133e-08  6.81742781392387e-07 -2.61944669191604e-05      1.99982155368082   0.00552922828938542   4.6833797076884e-16   4.7481939723893e-17  3.92208584866079e-17 -4.41143517153606e-16  -0.00587470098945155
-6.29044265043752e-06 -6.21275885319288e-05 -3.56391291185147e-05   0.00552922828938542      1.06675125006518  3.68547831855535e-15  2.93453454070365e-16  4.47276496730717e-16 -4.72119065774128e-15    0.0056133779521435
-1.82123554913734e-19  1.16598547554564e-17 -4.33262770224483e-17   4.6833797076884e-16  3.68547831855535e-15      1.00789198426789 -4.31067445016075e-16 -4.46019624382516e-10  7.59623001685548e-05   5.8856130126921e-15
 -8.3383409292228e-18 -3.07556441269923e-16  6.63087576081668e-18   4.7481939723893e-17  2.93453454070365e-16 -4.31067445016075e-16      1.00789198426777 -7.59623001657878e-05 -4.46019769107529e-10  5.38210853333718e-16
 2.94912118707893e-18  1.27459992886562e-16 -1.29937106696968e-17  3.92208584866079e-17  4.47276496730717e-16 -4.46019624382516e-10 -7.59623001657878e-05     0.992122860296426 -4.30192667525711e-16  3.99401007570189e-16
  6.6332673002933e-19  2.31178667343889e-17  1.32095224336507e-17 -4.41143517153606e-16 -4.72119065774128e-15  7.59623001685548e-05 -4.46019769107529e-10 -4.30192667525711e-16     0.992122860296309 -4.68920010051779e-15
 2.52349431712087e-06  7.62937058961417e-05  0.000602031170576466  -0.00587470098945155    0.0056133779521435   5.8856130126921e-15  5.38210853333718e-16  3.99401007570189e-16 -4.68920010051779e-15     0.933429168533588
TOTAL ENERGY: -127.16449143118	 lambda: 0.3	 population of target: 6.99895390865425
1RDM: 
     1.99999999874236  1.25681093330112e-10  -1.3552489303693e-08 -6.41874380357903e-08 -8.28348270010923e-06 -3.80778059655738e-19 -7.87687298573909e-18  2.46402609827396e-18  5.06027243411854e-19  1.70501202758654e-06
 1.25681093330112e-10      1.99999997908791 -3.89955532205761e-07  1.06051601150076e-06 -7.50424634440166e-05  1.06628309434594e-17 -3.07958820847955e-16  1.27010835465019e-16  2.40048200541777e-17  8.97792042453998e-05
 -1.3552489303693e-08 -3.89955532205761e-07      1.99996513995407 -2.09045970679514e-05  1.62322053019553e-05 -5.90745976518281e-17  5.73249789866716e-18 -1.35792806838842e-17  9.71590049942262e-18  0.000824113511788185
-6.41874380357903e-08  1.06051601150076e-06 -2.09045970679514e-05      1.99983092417373   0.00653211097079449  5.33212574255179e-16  5.41638783601992e-17  4.67096819760538e-17 -5.11474302815923e-16   -0.0066693773420779
-8.28348270010923e-06 -7.50424634440166e-05  1.62322053019553e-05   0.00653211097079449      1.05474431163672   1.4101071114526e-15  1.04768384494528e-16  1.99189642525743e-16 -2.22798276772376e-15   0.00519777580242955
-3.80778059655738e-19  1.06628309434594e-17 -5.90745976518281e-17  5.33212574255179e-16   1.4101071114526e-15      1.00649144876555 -9.04364537126934e-16 -4.17882528162941e-10  7.08381749535822e-05  2.97146624558176e-15
-7.87687298573909e-18 -3.07958820847955e-16  5.73249789866716e-18  5.41638783601992e-17  1.04768384494528e-16 -9.04364537126934e-16      1.00649144876551 -7.08381749515483e-05 -4.17882673394391e-10  2.55068632341301e-16
 2.46402609827396e-18  1.27010835465019e-16 -1.35792806838842e-17  4.67096819760538e-17  1.99189642525743e-16 -4.17882528162941e-10 -7.08381749515483e-05      0.99352301277564 -9.03992266059247e-16  1.76604573807086e-16
 5.06027243411854e-19  2.40048200541777e-17  9.71590049942262e-18 -5.11474302815923e-16 -2.22798276772376e-15  7.08381749535822e-05 -4.17882673394391e-10 -9.03992266059247e-16     0.993523012775592 -2.07615121475329e-15
 1.70501202758654e-06  8.97792042453998e-05  0.000824113511788185   -0.0066693773420779   0.00519777580242955  2.97146624558176e-15  2.55068632341301e-16  1.76604573807086e-16 -2.07615121475329e-15     0.945430723322888
TOTAL ENERGY: -127.164319913158	 lambda: 0.4	 population of target: 6.99945084167845
1RDM: 
     1.99999999853316  1.02545102834652e-11 -2.14683624337338e-08 -6.54220194821749e-08 -1.01728826359893e-05 -5.70137755110798e-19 -7.40500314985886e-18  1.97398292056359e-18  3.49694117590621e-19  4.87484716350803e-07
 1.02545102834652e-11      1.99999997594306 -4.31878736553365e-07  1.35221628237181e-06 -8.42215263310483e-05   9.8490209270997e-18 -3.08133241266037e-16  1.26665038112258e-16  2.46958326984092e-17  9.99647677812301e-05
-2.14683624337338e-08 -4.31878736553365e-07      1.99996263025138 -1.72430248387772e-05  9.76273407727214e-05 -7.66129774582991e-17  4.81523542027179e-18 -1.41569943692096e-17  5.22421374484894e-18   0.00104828976576489
-6.54220194821749e-08  1.35221628237181e-06 -1.72430248387772e-05      1.99982771810263    0.0072315327585652  5.77945374535223e-16  5.88227972351628e-17  5.22741328437707e-17  -5.6212316116872e-16  -0.00719276079151295
-1.01728826359893e-05 -8.42215263310483e-05  9.76273407727214e-05    0.0072315327585652      1.04848606537087  1.24165229814193e-15  9.80647301694986e-17  1.55024598001199e-16 -1.94907223624191e-15   0.00494419491225659
-5.70137755110798e-19   9.8490209270997e-18 -7.66129774582991e-17  5.77945374535223e-16  1.24165229814193e-15      1.00575675341604 -8.23366337290251e-16  -3.9705025444927e-10  6.76822637358492e-05  2.63166927510079e-15
-7.40500314985886e-18 -3.08133241266037e-16  4.81523542027179e-18  5.88227972351628e-17  9.80647301694986e-17 -8.23366337290251e-16      1.00575675341607 -6.76822637347445e-05 -3.97050387052221e-10  2.06935217153448e-16
 1.97398292056359e-18  1.26665038112258e-16 -1.41569943692096e-17  5.22741328437707e-17  1.55024598001199e-16  -3.9705025444927e-10 -6.76822637347445e-05     0.994257550263416 -8.23463022779232e-16  1.62465317141903e-16
 3.49694117590621e-19  2.46958326984092e-17  5.22421374484894e-18  -5.6212316116872e-16 -1.94907223624191e-15  6.76822637358492e-05 -3.97050387052221e-10 -8.23463022779232e-16     0.994257550263445 -1.85832684158675e-15
 4.87484716350803e-07  9.99647677812301e-05   0.00104828976576489  -0.00719276079151295   0.00494419491225659  2.63166927510079e-15  2.06935217153448e-16  1.62465317141903e-16 -1.85832684158675e-15     0.951695004439926
TOTAL ENERGY: -127.164182406919	 lambda: 0.5	 population of target: 6.99975848200309
1RDM: 
     1.99999999825373 -7.83280583453625e-11 -3.15890057796633e-08 -7.08390505651599e-08 -1.20872499830884e-05  -7.3641013433677e-19  -6.9245025330602e-18  1.47999643897303e-18  1.90691309313664e-19 -1.05573457231644e-06
-7.83280583453625e-11      1.99999997321176  -4.6308935436146e-07  1.58463731519972e-06 -9.10973850946219e-05  9.17940255200886e-18  -3.0817891212612e-16  1.26381061274536e-16  2.52253841195686e-17  0.000108384641360522
-3.15890057796633e-08  -4.6308935436146e-07      1.99996024576177 -1.50184533460416e-05  0.000206807314576528 -9.48607572339274e-17  3.95860366529957e-18 -1.46676548562938e-17 -1.07635238496176e-18   0.00128491274376084
-7.08390505651599e-08  1.58463731519972e-06 -1.50184533460416e-05      1.99982102567962   0.00776363480713991  6.10175916423052e-16  6.22442932632954e-17  5.66099384462026e-17  -6.0077164586868e-16  -0.00757071096708938
-1.20872499830884e-05 -9.10973850946219e-05  0.000206807314576528   0.00776363480713991      1.04533853705574  1.15842673729398e-15  9.69446387942421e-17  1.25619920031796e-16 -1.80445304545877e-15   0.00486689569528673
 -7.3641013433677e-19  9.17940255200886e-18 -9.48607572339274e-17  6.10175916423052e-16  1.15842673729398e-15      1.00538392811704 -8.81141524156732e-16 -3.55493583455915e-10  6.67842731448754e-05  2.46032350649069e-15
 -6.9245025330602e-18  -3.0817891212612e-16  3.95860366529957e-18  6.22442932632954e-17  9.69446387942421e-17 -8.81141524156732e-16      1.00538392811703 -6.67842731433598e-05 -3.55493712329434e-10  1.76128952944569e-16
 1.47999643897303e-18  1.26381061274536e-16 -1.46676548562938e-17  5.66099384462026e-17  1.25619920031796e-16 -3.55493583455915e-10 -6.67842731433598e-05     0.994630306073666 -8.81032876588989e-16  1.57035653110702e-16
 1.90691309313664e-19  2.52253841195686e-17 -1.07635238496176e-18  -6.0077164586868e-16 -1.80445304545877e-15  6.67842731448754e-05 -3.55493712329434e-10 -8.81032876588989e-16     0.994630306073656 -1.75400834166439e-15
-1.05573457231644e-06  0.000108384641360522   0.00128491274376084  -0.00757071096708938   0.00486689569528673  2.46032350649069e-15  1.76128952944569e-16  1.57035653110702e-16 -1.75400834166439e-15     0.954851751656028
TOTAL ENERGY: -127.164051363284	 lambda: 0.6	 population of target: 6.99999723099195
1RDM: 
     1.99999999786741   -1.491659452291e-10 -4.57936474897318e-08 -8.14222428475783e-08 -1.41050129901262e-05 -8.80064552824723e-19 -6.43670153299591e-18  9.81864534569151e-19  3.41389331740214e-20 -2.92668122992813e-06
  -1.491659452291e-10       1.9999999708197 -4.89115281461065e-07   1.7738046249666e-06 -9.63551672605763e-05  8.59822657132049e-18 -3.08137187485476e-16   1.2613933615368e-16  2.56449952753327e-17  0.000115762481555205
-4.57936474897318e-08 -4.89115281461065e-07      1.99995751384408 -1.40867286490151e-05   0.00034503993129855  -1.1438709243224e-16  3.11990169772806e-18 -1.51443854555703e-17 -9.07788274338113e-18   0.00154279117905607
-8.14222428475783e-08   1.7738046249666e-06 -1.40867286490151e-05      1.99981341125756   0.00819197145737575   6.3446690824106e-16  6.48829039354578e-17  6.01472279377707e-17 -6.32028808028263e-16  -0.00785691082341375
-1.41050129901262e-05 -9.63551672605763e-05   0.00034503993129855   0.00819197145737575      1.04431136679058  1.13066407514326e-15  9.99849444655635e-17  1.04302992600857e-16 -1.74706594138542e-15   0.00496727548422837
-8.80064552824723e-19  8.59822657132049e-18  -1.1438709243224e-16   6.3446690824106e-16  1.13066407514326e-15      1.00525784001654 -7.77017470060235e-16  -3.5159963560216e-10  6.81950724632371e-05  2.40360659658638e-15
-6.43670153299591e-18 -3.08137187485476e-16  3.11990169772806e-18  6.48829039354578e-17  9.99849444655635e-17 -7.77017470060235e-16      1.00525784001648 -6.81950724609265e-05 -3.51599760981755e-10  1.55553935523206e-16
 9.81864534569151e-19   1.2613933615368e-16 -1.51443854555703e-17  6.01472279377707e-17  1.04302992600857e-16  -3.5159963560216e-10 -6.81950724609265e-05     0.994756370888291  -7.7659701026458e-16  1.58168866554029e-16
 3.41389331740214e-20  2.56449952753327e-17 -9.07788274338113e-18 -6.32028808028263e-16 -1.74706594138542e-15  6.81950724632371e-05 -3.51599760981755e-10  -7.7659701026458e-16     0.994756370888223 -1.72909748325576e-15
-2.92668122992813e-06  0.000115762481555205   0.00154279117905607  -0.00785691082341375   0.00496727548422837  2.40360659658638e-15  1.55553935523206e-16  1.58168866554029e-16 -1.72909748325576e-15     0.955889317611125
TOTAL ENERGY: -127.163898375991	 lambda: 0.7	 population of target: 7.00023228265144
1RDM: 
      1.9999999973098 -2.18607565507104e-10 -6.77568920587928e-08 -9.90093978640941e-08 -1.62900582901349e-05 -9.98606992416085e-19  -5.9421170666837e-18  4.79467093490051e-19 -1.16573886304096e-19 -5.17017690828847e-06
-2.18607565507104e-10      1.99999996870323 -5.14266706493731e-07  1.92845508275017e-06 -0.000100360197615978  8.07199208448871e-18 -3.08022122317186e-16  1.25932437451158e-16  2.59834971785048e-17  0.000122533772987798
-6.77568920587928e-08 -5.14266706493731e-07      1.99995383108941 -1.45239014076079e-05  0.000516037025512137  -1.3577951377638e-16  2.26723701258754e-18 -1.56224123852728e-17  -1.8769137705581e-17   0.00183215959597043
-9.90093978640941e-08  1.92845508275017e-06 -1.45239014076079e-05      1.99980565024904   0.00855129357248534  6.53180849783677e-16  6.69804127935434e-17   6.3117211466852e-17 -6.58349903199981e-16  -0.00807830609782589
-1.62900582901349e-05 -0.000100360197615978  0.000516037025512137   0.00855129357248534      1.04511613284522  1.14952289184121e-15   1.0716022522996e-16  8.77591045208039e-17 -1.76190869567698e-15   0.00527429052975245
-9.98606992416085e-19  8.07199208448871e-18  -1.3577951377638e-16  6.53180849783677e-16  1.14952289184121e-15      1.00534395449921 -7.35986230672506e-16 -3.93513196807817e-10  7.22978726885074e-05  2.44675906767213e-15
 -5.9421170666837e-18 -3.08022122317186e-16  2.26723701258754e-18  6.69804127935434e-17   1.0716022522996e-16 -7.35986230672506e-16      1.00534395449921 -7.22978726871356e-05 -3.93513324457996e-10  1.42014619179405e-16
 4.79467093490051e-19  1.25932437451158e-16 -1.56224123852728e-17   6.3117211466852e-17  8.77591045208039e-17 -3.93513196807817e-10 -7.22978726871356e-05     0.994670267489642 -7.35939195482227e-16  1.65645835308528e-16
-1.16573886304096e-19  2.59834971785048e-17  -1.8769137705581e-17 -6.58349903199981e-16 -1.76190869567698e-15  7.22978726885074e-05 -3.93513324457996e-10 -7.35939195482227e-16     0.994670267489639 -1.77586151028609e-15
-5.17017690828847e-06  0.000122533772987798   0.00183215959597043  -0.00807830609782589   0.00527429052975245  2.44675906767213e-15  1.42014619179405e-16  1.65645835308528e-16 -1.77586151028609e-15     0.955095975825632
TOTAL ENERGY: -127.163677494185	 lambda: 0.8	 population of target: 7.00052571056981
1RDM: 
     1.99999999645603 -3.22425519408441e-10 -1.05409251926423e-07 -1.27332507639997e-07 -1.87066522017508e-05 -1.08681128697012e-18 -5.44086933945554e-18 -2.71767564083955e-20 -2.59172804830929e-19 -7.87617834197335e-06
-3.22425519408441e-10      1.99999996680452 -5.44293266024705e-07  2.05206013503123e-06 -0.000103305711130963  7.57630304704797e-18 -3.07829708794573e-16  1.25760748280123e-16  2.62594065672451e-17  0.000129030341632032
-1.05409251926423e-07 -5.44293266024705e-07      1.99994811284484 -1.67371714642913e-05  0.000726467367786993  -1.5977033488356e-16  1.36849812026163e-18  -1.6152166347468e-17 -3.01573213459179e-17   0.00216751679694785
-1.27332507639997e-07  2.05206013503123e-06 -1.67371714642913e-05      1.99979787154933   0.00886299096189418  6.67651909765884e-16  6.86839953345633e-17  6.56503851032628e-17 -6.81191376134512e-16  -0.00824939601105439
-1.87066522017508e-05 -0.000103305711130963  0.000726467367786993   0.00886299096189418      1.04794798715868   1.2184260610252e-15  1.19543265278855e-16  7.40394990392112e-17 -1.85310514078239e-15   0.00586931896355683
-1.08681128697012e-18  7.57630304704797e-18  -1.5977033488356e-16  6.67651909765884e-16   1.2184260610252e-15      1.00566262449003 -4.00505873163047e-16 -4.41792841903584e-10  8.01329129238442e-05  2.60127647422495e-15
-5.44086933945554e-18 -3.07829708794573e-16  1.36849812026163e-18  6.86839953345633e-17  1.19543265278855e-16 -4.00505873163047e-16      1.00566262449002 -8.01329129223288e-05  -4.4179296611976e-10  1.34288788560253e-16
-2.71767564083955e-20  1.25760748280123e-16  -1.6152166347468e-17  6.56503851032628e-17  7.40394990392112e-17 -4.41792841903584e-10 -8.01329129223288e-05     0.994351648023923 -4.00450292203595e-16  1.80843963449585e-16
-2.59172804830929e-19  2.62594065672451e-17 -3.01573213459179e-17 -6.81191376134512e-16 -1.85310514078239e-15  8.01329129238442e-05  -4.4179296611976e-10 -4.00450292203595e-16     0.994351648023913 -1.90520348247019e-15
-7.87617834197335e-06  0.000129030341632032   0.00216751679694785  -0.00824939601105439   0.00586931896355683  2.60127647422495e-15  1.34288788560253e-16  1.80843963449585e-16 -1.90520348247019e-15     0.952277520158685
TOTAL ENERGY: -127.163286398448	 lambda: 0.9	 population of target: 7.00098338077241
1RDM: 
     1.99999999503103 -5.54512627694577e-10 -1.78108569472098e-07 -1.74598327477054e-07 -2.14286635336354e-05  -1.1354491740723e-18 -4.93280990205589e-18  -5.3776437636717e-19 -3.93085792982496e-19  -1.1209499342733e-05
-5.54512627694577e-10      1.99999996504697 -5.91521458267432e-07  2.14208555654025e-06 -0.000105263038090728  7.08890951618138e-18 -3.07534263577262e-16  1.25633693301505e-16  2.64870838863509e-17  0.000135590234389104
-1.78108569472098e-07 -5.91521458267432e-07      1.99993789102632 -2.17933974700501e-05  0.000987678016614917 -1.87440202768621e-16  3.78894530085066e-19 -1.68260834782734e-17 -4.31377330617233e-17    0.0025731306337889
-1.74598327477054e-07  2.14208555654025e-06 -2.17933974700501e-05      1.99978982509817   0.00914164207663759  6.78642986473132e-16  7.00984616402354e-17  6.78073939578539e-17  -7.0146535187793e-16  -0.00837723447643164
-2.14286635336354e-05 -0.000105263038090728  0.000987678016614917   0.00914164207663759      1.05362435599719  1.35549711256093e-15  1.39920355929393e-16  6.17353298970193e-17 -2.04694673434622e-15   0.00694699668631443
 -1.1354491740723e-18  7.08890951618138e-18 -1.87440202768621e-16  6.78642986473132e-16  1.35549711256093e-15      1.00630311167328 -1.29744953372516e-15 -5.22626845691511e-10  9.41465239075222e-05  2.91344449844783e-15
-4.93280990205589e-18 -3.07534263577262e-16  3.78894530085066e-19  7.00984616402354e-17  1.39920355929393e-16 -1.29744953372516e-15      1.00630311167328 -9.41465239058578e-05 -5.22627017715642e-10  1.32832745966175e-16
 -5.3776437636717e-19  1.25633693301505e-16 -1.68260834782734e-17  6.78073939578539e-17  6.17353298970193e-17 -5.22626845691511e-10 -9.41465239058578e-05      0.99371127832806 -1.29732255651168e-15  2.07623484205477e-16
-3.93085792982496e-19  2.64870838863509e-17 -4.31377330617233e-17  -7.0146535187793e-16 -2.04694673434622e-15  9.41465239075222e-05 -5.22627017715642e-10 -1.29732255651168e-15     0.993711278328063 -2.15467940867593e-15
 -1.1209499342733e-05  0.000135590234389104    0.0025731306337889  -0.00837723447643164   0.00694699668631443  2.91344449844783e-15  1.32832745966175e-16  2.07623484205477e-16 -2.15467940867593e-15     0.946619187797665
TOTAL ENERGY: -127.162431137433	 lambda: 1	 population of target: 7.00187756648112
1RDM: 
     1.99999999230361 -1.21216713380252e-09  -3.4227052174394e-07 -2.61828948627484e-07 -2.45454816584093e-05 -1.12689789267084e-18 -4.41753653443327e-18 -1.05115280845777e-18 -5.22752393396483e-19 -1.55042979307114e-05
-1.21216713380252e-09      1.99999996323923 -6.92987191052826e-07  2.18348211575324e-06 -0.000106169705871902  6.58118418588328e-18 -3.07065874381057e-16  1.25578773563645e-16  2.66835557842804e-17  0.000142711013953367
 -3.4227052174394e-07 -6.92987191052826e-07      1.99991612333724 -3.25365637847495e-05    0.0013200940535767 -2.20750788624424e-16 -7.92636567666007e-19 -1.78563818421401e-17 -5.70727567348511e-17   0.00309828684497043
-2.61828948627484e-07  2.18348211575324e-06 -3.25365637847495e-05      1.99978071838366   0.00939810508142465  6.86469790762688e-16  7.13279858444191e-17  6.95551564444809e-17 -7.19638024165431e-16  -0.00846184613719268
-2.45454816584093e-05 -0.000106169705871902    0.0013200940535767   0.00939810508142465      1.06430213702651  1.60787860564854e-15  1.74996112677448e-16  4.93818474371097e-17 -2.41366812248811e-15    0.0090151468057851
-1.12689789267084e-18  6.58118418588328e-18 -2.20750788624424e-16  6.86469790762688e-16  1.60787860564854e-15       1.0074988985602 -1.32780156737336e-15 -6.71984570424341e-10  0.000120576154327154  3.50581107141047e-15
-4.41753653443327e-18 -3.07065874381057e-16 -7.92636567666007e-19  7.13279858444191e-17  1.74996112677448e-16 -1.32780156737336e-15      1.00749889856025  -0.00012057615432593 -6.71984772612662e-10  1.41052898633264e-16
-1.05115280845777e-18  1.25578773563645e-16 -1.78563818421401e-17  6.95551564444809e-17  4.93818474371097e-17 -6.71984570424341e-10  -0.00012057615432593     0.992515762902605 -1.32788563764885e-15  2.55575271415657e-16
-5.22752393396483e-19  2.66835557842804e-17 -5.70727567348511e-17 -7.19638024165431e-16 -2.41366812248811e-15  0.000120576154327154 -6.71984772612662e-10 -1.32788563764885e-15     0.992515762902655 -2.62220012239008e-15
-1.55042979307114e-05  0.000142711013953367   0.00309828684497043  -0.00846184613719268    0.0090151468057851  3.50581107141047e-15  1.41052898633264e-16  2.55575271415657e-16 -2.62220012239008e-15     0.935971742784088
-------------------general-----------------------
mullikenoperator: 
 0.000899402703879346    0.0299758643823814  -0.00020832141056955  -5.0663380991314e-05 -3.39457245469289e-05  -5.8184036523587e-17  9.63019258172842e-17 -1.03346230397139e-16 -5.84500722168372e-17 -2.34500814064063e-05
   0.0299758643823814     0.999049794252308  -0.00700857601413843   -0.0012410459239964 -0.000207818334501302 -1.61287738826009e-17 -7.61445932443645e-17 -1.17233014288395e-16  1.70317338417423e-17   0.00021845533736928
-0.000208321410569549  -0.00700857601413843    0.0307039818803552    -0.172354175714635 -1.22610576564151e-05 -3.71211148413854e-16 -3.01428742542525e-17 -6.89135959837083e-18 -4.14193354087532e-18   0.00435984568173663
-5.06633809913166e-05  -0.00124104592399644    -0.172354175714635     0.969084459227812    0.0125051178791896  8.65349687352921e-16  8.85988563427758e-17   1.0047264984609e-16 -9.34358386428013e-16     -0.01041908205299
-3.39457245469289e-05 -0.000207818334501304 -1.22610576564132e-05    0.0125051178791896     0.443651453857991 -4.55051179941993e-15 -3.05526110019065e-16 -6.23901449875672e-16  4.86346333712718e-15      0.49669217184227
-5.81840365155833e-17 -1.61287739052111e-17 -3.71211148433928e-16  8.65349687248737e-16 -4.55051180180272e-15     0.493497446908825  5.08880927418989e-15 -2.78049303093839e-06     0.499957988876228 -5.38684310386979e-15
 9.63019258177035e-17 -7.61445932438461e-17 -3.01428742362043e-17  8.85988563243676e-17 -3.05526111105578e-16  5.12710579331041e-15     0.493497446908955    -0.499957988876229 -2.78049303055243e-06 -6.42369730627921e-16
-1.03346230397501e-16 -1.17233014289285e-16 -6.89135961214146e-18  1.00472649838229e-16 -6.23901449220983e-16 -2.78049303100084e-06    -0.499957988876229     0.506502553091045  4.82822397289807e-15 -3.98957787883807e-16
-5.84500722092823e-17  1.70317338204401e-17 -4.14193356832374e-18 -9.34358386487022e-16  4.86346333833605e-15     0.499957988876228 -2.78049303054455e-06  4.82778198259131e-15     0.506502553091175  5.19452284640205e-15
-2.34500814064062e-05  0.000218455337369279   0.00435984568173663     -0.01041908205299      0.49669217184227 -5.38684310279123e-15 -6.42369731057404e-16 -3.98957786942977e-16  5.19452284339473e-15     0.556610908077658
selected BF: 
0 1 2 3 4
selected lambdas: 
  -1 -0.9 -0.8 -0.7 -0.6 -0.5 -0.4 -0.3 -0.2 -0.1    0  0.1  0.2  0.3  0.4  0.5  0.6  0.7  0.8  0.9    1
RHF C: 
 1.14808004268439e-05    -0.995142239434551  -0.00450789196174419     0.260963956603922  -0.00586363539159547  1.03986109484169e-11  2.25681716666164e-10 -1.30244169917425e-10   9.2385668037264e-12   0.00323494015877736
-4.09373713269129e-05   -0.0198741286244314    0.0176560593588819     -1.02815980904414    0.0232048581208726 -4.18044535219176e-11 -9.06590064662612e-10  5.12212120195768e-10 -3.62795571731164e-11   -0.0126664957615378
 -9.2563338789516e-13  1.87079222430975e-12 -2.11752160216049e-10  7.06963144564905e-11  1.83177846938313e-10    -0.720442142279812    -0.330388999611627    -0.254196813064298     0.554248413776031  8.45712632342599e-09
-1.63771839820653e-12   3.6199870543127e-12 -3.79319666541466e-10  1.34411676930693e-10  3.57135279981089e-10     0.330388999889676    -0.720442141673579    -0.554248414564045    -0.254196812702907  1.79990405366061e-08
-9.14513436075293e-05   1.7749022878843e-05   0.00411287819562075   -0.0127290329780022    -0.017815964383987  2.31278848220077e-10  1.68158463585583e-08  1.07316110255424e-08 -5.18544842560997e-13     0.999826204994388
     0.99525045037222 -7.60754459174046e-06    -0.262257586021315  -0.00544815109929275  -0.00431590246500465  1.39314383427228e-11  1.98903384040936e-10  2.35193120437188e-12  3.02870660463871e-12   0.00251087094310064
   0.0193209938954257  4.05679882587752e-05      1.02867511601276    0.0215481458262471     0.017153672362712 -5.55410929612827e-11 -7.97219294768555e-10  -1.0968455374112e-11 -1.19225167738411e-11   -0.0102174448365715
 1.25773646203517e-13  6.14555634802995e-13  1.13842859087034e-10 -2.75444018730202e-11 -2.03832674590034e-08    -0.553502779444998    -0.253831944663245     0.330679484344311    -0.721010534618813  4.83432667453809e-10
 1.32175718251216e-13  1.30220663919611e-12  2.07567996327092e-10  2.34122746767467e-12 -3.61456319358182e-08     0.253831944301537    -0.553502780233633     0.721010534013395     0.330679484621961  8.66836051889048e-10
-5.78033005928248e-05 -9.06563450085273e-05   -0.0168066939143248    0.0162529826198058     0.999390892324704 -2.08923019492671e-09 -2.44099854508263e-08  3.33311613746242e-08 -2.75319504126722e-09    0.0284842531169965
RDM (no constraint): 
     1.99999999305778 -1.03342681218015e-08 -1.44839517353606e-06 -1.11116073638004e-06  6.02694808643495e-05 -2.16753512560536e-13 -3.01098613099805e-12  5.77077364833729e-13 -1.87276761889128e-14 -9.08585603446945e-06
-1.03342681218015e-08      1.99999981778823 -9.84479490672383e-07 -1.61864228220643e-05 -4.33664938712735e-05  2.20427970657224e-13  2.61107680178211e-12 -1.77685075474078e-12  2.04267297214315e-14 -0.000152710273455187
-1.44839517353606e-06 -9.84479490672383e-07      1.99961496547824 -6.23860212310657e-05    0.0181593465105816 -5.47195746138631e-11  -6.4073164704029e-10  1.45587054190097e-10 -1.49181758198735e-11   0.00057504480908261
-1.11116073638004e-06 -1.61864228220643e-05 -6.23860212310657e-05      1.99768547967055  -0.00828255352039534  6.05656830528656e-13 -3.37165340216926e-10 -6.25008462503655e-10 -1.21526610960741e-12   -0.0400565643372196
 6.02694808643495e-05 -4.33664938712735e-05    0.0181593465105816  -0.00828255352039534      1.02874913557464 -3.80822410547519e-11 -2.87428344376192e-09 -5.02676380802954e-10 -1.11740830630012e-10    -0.172077435716403
-2.16753512560536e-13  2.20427970657224e-13 -5.47195746138631e-11  6.05656830528656e-13 -3.80822410547519e-11      1.01945151263785 -1.82089134088365e-15 -1.86265775963884e-07   0.00545001413337414   3.5250760791472e-10
-3.01098613099805e-12  2.61107680178211e-12  -6.4073164704029e-10 -3.37165340216926e-10 -2.87428344376192e-09 -1.82089134088365e-15      1.01945151265021  -0.00545001409097509 -1.86265777805157e-07  3.59525502453515e-09
 5.77077364833729e-13 -1.77685075474078e-12  1.45587054190097e-10 -6.25008462503655e-10 -5.02676380802954e-10 -1.86265775963884e-07  -0.00545001409097509     0.980571496517706 -2.24638970143958e-15 -5.67239937774618e-09
-1.87276761889128e-14  2.04267297214315e-14 -1.49181758198735e-11 -1.21526610960741e-12 -1.11740830630012e-10   0.00545001413337414 -1.86265777805157e-07 -2.24638970143958e-15     0.980571496530063  4.73959695788991e-10
-9.08585603446945e-06 -0.000152710273455187   0.00057504480908261   -0.0400565643372196    -0.172077435716403   3.5250760791472e-10  3.59525502453515e-09 -5.67239937774618e-09  4.73959695788991e-10     0.973904590094783
RDM Eigenvectors: 
     0.99952990480582   -0.0299452921620642   0.00647255513601213   0.00116198627951349  6.28210644056478e-05  1.19433762846728e-12  7.52664241161987e-14 -1.61682955910783e-13  1.45379819702597e-12 -2.73424413156297e-05
   0.0299884503316476     0.999413736493711  -0.00961389018876059    0.0134323346497959  8.02737639914853e-05 -3.88534934677529e-12 -1.65683340388383e-13  1.34740410608156e-13 -1.88368609506811e-12  0.000123336141334157
 -0.00634983974573825   0.00759597115820915     0.987546212572994     0.155820750804838       0.0163201768761  1.36184931159742e-10   1.2760029254037e-11 -3.87265959479066e-11  4.73647929447573e-10   -0.0103925086217725
-0.000581756019842735    -0.014750471758941    -0.155686610896175     0.986933999235018    0.0238511285861875 -9.99902553881357e-11  1.22347250505593e-11  2.46950085342928e-11  -1.1431422222007e-10    0.0305968813708837
-5.57670441451852e-05  0.000149293642520772    0.0191879147154757   0.00135383125634522     -0.76161911738675  2.91506019650079e-08  2.59818264722815e-09  2.58967992475573e-09 -2.93068155255631e-08     0.647739365564788
 1.47924093416451e-13 -6.03960043717474e-14 -5.48124276423342e-11 -2.21859193341232e-11  1.72151818386602e-09  -0.00497488771259273     0.990663128112714    -0.136240038052588 -0.000684924528082576   -1.210262545281e-09
 1.57960793082624e-12  3.88140832077474e-12 -6.36730047415661e-10 -5.85433973367999e-10  2.95637888812665e-08     0.990663128261715   0.00497488771334967 -0.000684924522572384      0.13624003696913 -3.65495839269212e-09
-1.02090056952416e-13  6.01268495480751e-12  2.11451577937195e-10 -3.65338709608325e-10 -1.78216436805694e-08    -0.136240017313508 -0.000688823174944689   -0.0050142548589171     0.990662929786544  3.00160251839228e-08
 8.98194013923533e-14  9.92993535678854e-14 -1.50751694119181e-11 -2.17316657738284e-11  2.06387167586531e-09 -0.000688823180412421     0.136240018396967     0.990662929637542   0.00501425485816431 -1.82209414239351e-09
 1.51904253761546e-05  0.000406572834241105   0.00341471737065429   -0.0386983731862441     0.647380170481428 -1.46806664094278e-08 -2.58972205052901e-10  1.43992673681157e-10 -1.34501092591652e-08     0.761176408563242
Total C: 
  -0.0299541150402871    -0.998442311105937   -0.0356145476104583     0.243351582699208    0.0126309251222473  7.83713797251228e-17  2.64831607926642e-16 -3.54372512984783e-17 -2.94253840214434e-16   0.00657304687408133
-0.000152373911008137  -0.00456297963720208     0.178099693734873     -1.01172010704014   -0.0501095214904401 -3.73229489826718e-16  1.93447371061009e-16 -3.61325366143083e-16  1.09131920825656e-15   -0.0262551622113707
-1.02363411402823e-16 -3.00005034129787e-16  8.70565098507735e-17  4.10905775156541e-17  -7.6746783924974e-15    -0.289470082079448    -0.639673203724765     0.648727321350064    -0.293562977798244 -8.02002086973613e-15
 1.38102514362156e-16  1.61822438076293e-16  2.10859775636216e-16  5.63526592420829e-17 -4.18528815468154e-15    -0.639673203724678      0.28947008207948    -0.293562977798212     -0.64872732135015 -4.46083588624416e-15
 -9.3405683925182e-05  0.000643320063784402   0.00911490743282525   -0.0506374789210592     0.660600154887588 -1.44992982385736e-14 -6.04633466470191e-15  4.63849303392813e-15  2.24399582806243e-16     0.749071811293532
    0.996451101744381    -0.031722030340783    -0.251775634315107    -0.045188783954475  0.000565049223888764 -6.03248715589806e-17 -1.43060225127322e-17  7.10023781233848e-18  3.52185276705668e-17   0.00164724007797073
   0.0127675580425518   0.00695631939232425      1.01292837668977     0.181997143971468  -0.00237581152480083  2.43201759702293e-16   5.7857242037833e-17  -2.9692115864912e-17 -1.39875254646395e-16  -0.00669790134226507
-8.74572755654864e-18   -1.930302703014e-16 -1.50734494138207e-17 -3.24228008112816e-17  2.76361767064162e-14    -0.293263464079222    -0.648055848519993    -0.640353424278809     0.289773610309976 -3.13230008743567e-14
 5.77191844537666e-18   9.5121008944173e-17 -3.40289194216663e-18   1.4671096334399e-17  4.44262804790085e-14    -0.648055848520079     0.293263464079192     0.289773610310008     0.640353424278723 -5.13743027556465e-14
-1.85306163955786e-05 -0.000295490953009459   0.00014623160635696    0.0136712169494615    -0.742601715845382 -5.57835691483782e-14   -7.024497236956e-15 -7.11911225118169e-15  5.52517471620839e-14     0.669698308725662
Basis set used: STO-3G
Naturals: 
 1.99999999909514  1.99999998091043  1.99997962321387  1.99923469263449  1.17488609737914   1.0202010208546  1.02020102085415  0.97982198831377 0.979821988313318 0.825853588431152
Naturals: 
 1.99999999909514  1.99999998091044  1.99997962321395  1.99923469281759   1.1748860668909   1.0202010276791    1.020201027679 0.979821981502801 0.979821981502708 0.825853618708394
Version: Tmhuysen's fci hack
