Naturals in-correctThe Davidson algorithm did not converge.lambda: -1
The Davidson algorithm did not converge.lambda: -0.9
The Davidson algorithm did not converge.lambda: -0.8
The Davidson algorithm did not converge.lambda: -0.7
The Davidson algorithm did not converge.lambda: -0.6
The Davidson algorithm did not converge.lambda: -0.5
The Davidson algorithm did not converge.lambda: -0.4
The Davidson algorithm did not converge.lambda: -0.3
The Davidson algorithm did not converge.lambda: -0.2
The Davidson algorithm did not converge.lambda: -0.1
TOTAL ENERGY: -127.168051214938	 lambda: 0	 population of target: 6.95604830377741
1RDM: 
     1.99999999785136  1.57203773028738e-15 -4.91645642179986e-14  1.65005551599662e-13  7.71542738314273e-13    1.968348529815e-17 -1.31032241803267e-18  2.99352199633102e-18 -3.08378487746046e-17  2.48982325127709e-12
 1.57203773028738e-15      1.99999995999653 -2.11526082105074e-13 -3.41887829103526e-12  8.40314179293953e-12 -3.13964527484279e-17  7.22117126456823e-17 -2.55810113165365e-17  9.49077008824011e-17   1.1517666431803e-11
-4.91645642179986e-14 -2.11526082105074e-13      1.99997152279302 -4.22707245435062e-11  2.67680065769275e-10  3.95769526073987e-15 -3.87653763483399e-16  3.96732698242315e-16  -3.9866856137745e-15 -2.00386594934629e-11
 1.65005551599662e-13 -3.41887829103526e-12 -4.22707245435062e-11      1.99843494551429  3.50664688550702e-10  5.47237108329538e-15 -5.34919233588523e-16  5.43462238526703e-16 -5.59683080654584e-15 -1.43786022236078e-09
 7.71542738314273e-13  8.40314179293953e-12  2.67680065769275e-10  3.50664688550702e-10      1.25381482903712 -9.66809113799352e-15 -6.49381480634311e-15 -7.56920840477831e-14  6.89767289367594e-13  5.09706645662732e-09
   1.968348529815e-17 -3.13964527484279e-17  3.95769526073987e-15  5.47237108329538e-15 -9.66809113799352e-15      1.03266370859716 -4.06187561115307e-16  2.68171484320701e-11  1.61834233123193e-10  7.00517715013869e-13
-1.31032241803267e-18  7.22117126456823e-17 -3.87653763483399e-16 -5.34919233588523e-16 -6.49381480634311e-15 -4.06187561115307e-16      1.03266370859684  1.61840093536802e-10 -2.68173237004201e-11  -7.8566999073899e-14
 2.99352199633102e-18 -2.55810113165365e-17  3.96732698242315e-16  5.43462238526703e-16 -7.56920840477831e-14  2.68171484320701e-11  1.61840093536802e-10      0.96737924799041   3.9587956860174e-16 -1.94052424479933e-14
-3.08378487746046e-17  9.49077008824011e-17  -3.9866856137745e-15 -5.59683080654584e-15  6.89767289367594e-13  1.61834233123193e-10 -2.68173237004201e-11   3.9587956860174e-16     0.967379247990087  1.06700695588557e-13
 2.48982325127709e-12   1.1517666431803e-11 -2.00386594934629e-11 -1.43786022236078e-09  5.09706645662732e-09  7.00517715013869e-13  -7.8566999073899e-14 -1.94052424479933e-14  1.06700695588557e-13     0.747692831633171
TOTAL ENERGY: -127.166931769168	 lambda: 0.1	 population of target: 6.98908195573018
1RDM: 
     1.99999999763526  9.81350171416934e-10  1.33739779172255e-08 -5.15448648670435e-08 -5.18603649601433e-06 -1.99807320049347e-17  2.61138472689298e-18   1.1765467931775e-18 -9.70781731438471e-18  3.45591025262672e-06
 9.81350171416934e-10      1.99999997074252 -3.19626764974836e-07  2.46865426549281e-07 -5.83016322854418e-05 -7.95825384298855e-17  7.86673962618381e-17 -2.06693804962354e-17  5.63853340558165e-17  8.95500262640226e-05
 1.33739779172255e-08 -3.19626764974836e-07      1.99996262789034 -6.07378832875725e-05  0.000387597108348565 -1.42794443937082e-15  1.64104098027594e-16  -2.5093525626925e-17  3.16645884446794e-16  7.54057063278035e-05
-5.15448648670435e-08  2.46865426549281e-07 -6.07378832875725e-05      1.99949695358435   0.00593278418075925  1.42765199375879e-15 -1.67256384357592e-16 -2.63775260716675e-16  2.31765119500688e-15  -0.00740520035194209
-5.18603649601433e-06 -5.83016322854418e-05  0.000387597108348565   0.00593278418075925      1.13773973535544  1.02361764983829e-12 -1.19867132551086e-13 -1.12867296104429e-13  9.54545238925311e-13    0.0123630830503705
-1.99807320049347e-17 -7.95825384298855e-17 -1.42794443937082e-15  1.42765199375879e-15  1.02361764983829e-12      1.01805447539918 -9.72067893752561e-18 -6.46869418630071e-09 -0.000204575148920197  1.19937030760026e-12
 2.61138472689298e-18  7.86673962618381e-17  1.64104098027594e-16 -1.67256384357592e-16 -1.19867132551086e-13 -9.72067893752561e-18        1.018054475399 -0.000204575148912871  6.46869410924182e-09 -1.41591606549255e-13
  1.1765467931775e-18 -2.06693804962354e-17  -2.5093525626925e-17 -2.63775260716675e-16 -1.12867296104429e-13 -6.46869418630071e-09 -0.000204575148912871     0.981970621332533  4.54847423163599e-18 -1.41309158606068e-13
-9.70781731438471e-18  5.63853340558165e-17  3.16645884446794e-16  2.31765119500688e-15  9.54545238925311e-13 -0.000204575148920197  6.46869410924182e-09  4.54847423163599e-18     0.981970621332354  1.20553175701357e-12
 3.45591025262672e-06  8.95500262640226e-05  7.54057063278035e-05  -0.00740520035194209    0.0123630830503705  1.19937030760026e-12 -1.41591606549255e-13 -1.41309158606068e-13  1.20553175701357e-12     0.862750521329028
TOTAL ENERGY: -127.166043645557	 lambda: 0.2	 population of target: 6.99542195634183
1RDM: 
     1.99999999735082  8.57575328189829e-10  1.29740947028908e-08 -5.96871797818994e-08 -8.59244670481709e-06 -3.89360108715099e-19  1.35367144848774e-19  3.20323574105215e-19 -9.83169111388211e-19   2.6239991389873e-06
 8.57575328189829e-10      1.99999996181295 -4.76632753926231e-07  1.42671601914187e-06 -8.94958275850699e-05 -3.65628751484854e-17  7.37784509505977e-17 -2.54182128903037e-17   9.8451519667688e-17  0.000123572985888097
 1.29740947028908e-08 -4.76632753926231e-07      1.99995514808226 -5.60797070037309e-05  0.000599562361290258 -6.18316760126559e-17  1.45024256658441e-17 -2.34834908065673e-17    2.091002462441e-16  0.000306854525510405
-5.96871797818994e-08  1.42671601914187e-06 -5.60797070037309e-05      1.99962289276947   0.00870663779895029  3.18164633706392e-16 -2.88968141841033e-17 -4.41304962952183e-17  4.08352412453113e-16  -0.00976854945879931
-8.59244670481709e-06 -8.94958275850699e-05  0.000599562361290258   0.00870663779895029      1.09940726368565   1.7669388325993e-15 -1.19862885905432e-16 -1.30256848222742e-16  9.01182455406947e-16    0.0120138030005652
-3.89360108715099e-19 -3.65628751484854e-17 -6.18316760126559e-17  3.18164633706392e-16   1.7669388325993e-15      1.01312101734874  -7.3415331170921e-16 -6.34590953957398e-09 -0.000201119309707385  1.99437766839353e-15
 1.35367144848774e-19  7.37784509505977e-17  1.45024256658441e-17 -2.88968141841033e-17 -1.19862885905432e-16  -7.3415331170921e-16      1.01312101734867 -0.000201119309701881  6.34590946137027e-09  -2.3869647696111e-16
 3.20323574105215e-19 -2.54182128903037e-17 -2.34834908065673e-17 -4.41304962952183e-17 -1.30256848222742e-16 -6.34590953957398e-09 -0.000201119309701881     0.986900847695879   7.3160483663145e-16 -1.70602935246007e-16
-9.83169111388211e-19   9.8451519667688e-17    2.091002462441e-16  4.08352412453113e-16  9.01182455406947e-16 -0.000201119309707385  6.34590946137027e-09   7.3160483663145e-16     0.986900847695807  2.28039328972866e-15
  2.6239991389873e-06  0.000123572985888097  0.000306854525510405  -0.00976854945879931    0.0120138030005652  1.99437766839353e-15  -2.3869647696111e-16 -1.70602935246007e-16  2.28039328972866e-15     0.900971006209772
TOTAL ENERGY: -127.165492790193	 lambda: 0.3	 population of target: 6.9976874138743
1RDM: 
     1.99999999699628  6.69685311414773e-10   5.5096659640519e-09 -6.77394052196673e-08 -1.14736087711496e-05 -3.01977738307727e-19 -1.05514507637869e-19  5.62752385321064e-19 -1.08891844461577e-18  6.72262047421009e-07
 6.69685311414773e-10      1.99999995294884 -5.68081493507574e-07  2.34597331002951e-06 -0.000109508813424248 -3.77406908794182e-17  7.38874615309444e-17 -2.51726150148907e-17  9.77115274690148e-17  0.000144970453904247
  5.5096659640519e-09 -5.68081493507574e-07      1.99994988765732 -4.95074368099847e-05  0.000781737757368352 -6.13673404433581e-17  1.82107078922492e-17  -2.6520450293691e-17  2.02457902947919e-16  0.000588266046252847
-6.77394052196673e-08  2.34597331002951e-06 -4.95074368099847e-05       1.9996329713499    0.0103752184927919  3.78608514402905e-16 -3.52854079365272e-17 -4.78502180055666e-17  4.58070765973524e-16   -0.0110187392873405
-1.14736087711496e-05 -0.000109508813424248  0.000781737757368352    0.0103752184927919       1.0816822511728  1.40571360350449e-15 -8.42134702497824e-17 -1.14703274119607e-16  7.36024698249958e-16    0.0111939216789055
-3.01977738307727e-19 -3.77406908794182e-17 -6.13673404433581e-17  3.78608514402905e-16  1.40571360350449e-15      1.01081829654465 -5.89936167620626e-16 -5.95190124875074e-09 -0.000188775899219759  1.69278086230496e-15
-1.05514507637869e-19  7.38874615309444e-17  1.82107078922492e-17 -3.52854079365272e-17 -8.42134702497824e-17 -5.89936167620626e-16      1.01081829654454  -0.00018877589921428   5.9519012051573e-09 -2.06961835788411e-16
 5.62752385321064e-19 -2.51726150148907e-17  -2.6520450293691e-17 -4.78502180055666e-17 -1.14703274119607e-16 -5.95190124875074e-09  -0.00018877589921428     0.989202523251733  5.86155604323177e-16 -1.30916862581946e-16
-1.08891844461577e-18  9.77115274690148e-17  2.02457902947919e-16  4.58070765973524e-16  7.36024698249958e-16 -0.000188775899219759   5.9519012051573e-09  5.86155604323177e-16     0.989202523251618  1.86259915641577e-15
 6.72262047421009e-07  0.000144970453904247  0.000588266046252847   -0.0110187392873405    0.0111939216789055  1.69278086230496e-15 -2.06961835788411e-16 -1.30916862581946e-16  1.86259915641577e-15     0.918693300282275
TOTAL ENERGY: -127.165107423901	 lambda: 0.4	 population of target: 6.99880367815546
1RDM: 
     1.99999999653441  5.05233888588234e-10 -7.27401699081248e-09 -8.04205201341234e-08 -1.42583589233122e-05 -2.01834153521145e-19 -3.54234125116892e-19  8.13487630976331e-19 -1.17953258863329e-18 -1.91314304495862e-06
 5.05233888588234e-10      1.99999994516883 -6.34263853957726e-07  3.05907277742154e-06 -0.000123667700455905 -3.86687861432129e-17  7.38933564463836e-17 -2.49773349850123e-17  9.72861418382842e-17  0.000161297812222055
-7.27401699081248e-09 -6.34263853957726e-07      1.99994529596039 -4.48389834579769e-05  0.000970924489875219 -6.11721647332602e-17  2.23173533283501e-17 -2.99683905762216e-17  1.95179833536704e-16  0.000905458498102195
-8.04205201341234e-08  3.05907277742154e-06 -4.48389834579769e-05      1.99961839564144    0.0115325615760969    4.204900867752e-16 -3.97543705174638e-17  -5.0109928733261e-17  4.90473767572517e-16   -0.0118314880270331
-1.42583589233122e-05 -0.000123667700455905  0.000970924489875219    0.0115325615760969      1.07250053239219  1.21140050288786e-15 -6.45268992622213e-17 -1.07662769163082e-16  6.56313858832388e-16    0.0107004784772426
-2.01834153521145e-19 -3.86687861432129e-17 -6.11721647332602e-17    4.204900867752e-16  1.21140050288786e-15      1.00961775202357 -6.16335142433993e-16 -5.74960646231059e-09 -0.000181307397319155  1.53636505148454e-15
-3.54234125116892e-19  7.38933564463836e-17  2.23173533283501e-17 -3.97543705174638e-17 -6.45268992622213e-17 -6.16335142433993e-16      1.00961775202338 -0.000181307397312346  5.74960642938796e-09 -1.90577800234698e-16
 8.13487630976331e-19 -2.49773349850123e-17 -2.99683905762216e-17  -5.0109928733261e-17 -1.07662769163082e-16 -5.74960646231059e-09 -0.000181307397312346     0.990402637239807  6.09913365993061e-16 -1.09211085487575e-16
-1.17953258863329e-18  9.72861418382842e-17  1.95179833536704e-16  4.90473767572517e-16  6.56313858832388e-16 -0.000181307397319155  5.74960642938796e-09  6.09913365993061e-16     0.990402637239607  1.63759318129344e-15
-1.91314304495862e-06  0.000161297812222055  0.000905458498102195   -0.0118314880270331    0.0107004784772426  1.53636505148454e-15 -1.90577800234698e-16 -1.09211085487575e-16  1.63759318129344e-15     0.927895055776386
TOTAL ENERGY: -127.164794761891	 lambda: 0.5	 population of target: 6.99950299575005
1RDM: 
     1.99999999591184  3.63286666178644e-10 -2.63429819824429e-08 -9.94602940008191e-08 -1.71364078307351e-05 -9.53038852949036e-20 -6.10463467835412e-19  1.07194494143004e-18 -1.25833725408935e-18 -5.04331950461671e-06
 3.63286666178644e-10      1.99999993833463 -6.92934356437972e-07  3.62814084372072e-06 -0.000134139154073501 -3.94493876810999e-17  7.38451084371062e-17 -2.48109667497779e-17  9.70325410107019e-17  0.000175045974539291
-2.63429819824429e-08 -6.92934356437972e-07      1.99994033825536 -4.21994500042138e-05   0.00118200820482747 -6.09350035044146e-17  2.68655640262319e-17 -3.38603369211717e-17  1.87227749954768e-16   0.00126063035186786
-9.94602940008191e-08  3.62814084372072e-06 -4.21994500042138e-05      1.99959803902705    0.0124054049649331  4.52219899272243e-16 -4.31658687812517e-17 -5.16329890527748e-17  5.13680731623796e-16   -0.0124160783025104
-1.71364078307351e-05 -0.000134139154073501   0.00118200820482747    0.0124054049649331      1.06798161954189  1.10526213193305e-15 -5.20612666608341e-17 -1.06159700238226e-16  6.21961473459208e-16    0.0105875954343619
-9.53038852949036e-20 -3.94493876810999e-17 -6.09350035044146e-17  4.52219899272243e-16  1.10526213193305e-15      1.00902214367003  1.54802263815846e-15  -5.7212179921108e-09 -0.000179848702430529  1.46796163088472e-15
-6.10463467835412e-19  7.38451084371062e-17  2.68655640262319e-17 -4.31658687812517e-17 -5.20612666608341e-17  1.54802263815846e-15      1.00902214366994 -0.000179848702425247  5.72121787903105e-09 -1.84184045989174e-16
 1.07194494143004e-18 -2.48109667497779e-17 -3.38603369211717e-17 -5.16329890527748e-17 -1.06159700238226e-16  -5.7212179921108e-09 -0.000179848702425247      0.99099805886437 -1.55060863720576e-15 -9.65744417843255e-17
-1.25833725408935e-18  9.70325410107019e-17  1.87227749954768e-16  5.13680731623796e-16  6.21961473459208e-16 -0.000179848702430529  5.72121787903105e-09 -1.55060863720576e-15     0.990998058864277  1.52073830834533e-15
-5.04331950461671e-06  0.000175045974539291   0.00126063035186786   -0.0124160783025104    0.0105875954343619  1.46796163088472e-15 -1.84184045989174e-16 -9.65744417843255e-17  1.52073830834533e-15     0.932439663860618
TOTAL ENERGY: -127.164490959826	 lambda: 0.6	 population of target: 7.0000562980911
1RDM: 
     1.99999999504398  2.17308268122444e-10 -5.51995890224343e-08 -1.26923923395435e-07 -2.02236749484048e-05  1.51592127381561e-20 -8.74729643304956e-19  1.33856006327158e-18 -1.32523078775621e-18 -8.75384905452997e-06
 2.17308268122444e-10      1.99999993222557 -7.55996773514694e-07  4.09030968634454e-06 -0.000141978209742156  -4.0130335186446e-17  7.37624026681291e-17 -2.46651307769519e-17  9.68884145787524e-17  0.000187390625235172
-5.51995890224343e-08 -7.55996773514694e-07      1.99993399221814 -4.15803352730165e-05   0.00142452064111145 -6.05658799394923e-17  3.19375397036311e-17 -3.82573474759623e-17  1.78418718068602e-16   0.00166266597465219
-1.26923923395435e-07  4.09030968634454e-06 -4.15803352730165e-05      1.99957697835566    0.0131006836348095  4.77615242959771e-16 -4.58843732683913e-17 -5.27457842249552e-17  5.31197807838276e-16   -0.0128599490241339
-2.02236749484048e-05 -0.000141978209742156   0.00142452064111145    0.0131006836348095      1.06668199970535  1.05554394772432e-15 -4.31567606183509e-17 -1.09145969969279e-16  6.17457288227675e-16    0.0108730529530618
 1.51592127381561e-20  -4.0130335186446e-17 -6.05658799394923e-17  4.77615242959771e-16  1.05554394772432e-15       1.0088449204835 -7.59230637966734e-16 -5.84799378271151e-09 -0.000184768677304053  1.46479042294545e-15
-8.74729643304956e-19  7.37624026681291e-17  3.19375397036311e-17 -4.58843732683913e-17 -4.31567606183509e-17 -7.59230637966734e-16      1.00884492048336 -0.000184768677297598  5.84799376725447e-09 -1.85617548584842e-16
 1.33856006327158e-18 -2.46651307769519e-17 -3.82573474759623e-17 -5.27457842249552e-17 -1.09145969969279e-16 -5.84799378271151e-09 -0.000184768677297598     0.991175225257811  7.54611215855239e-16 -8.93372735266292e-17
-1.32523078775621e-18  9.68884145787524e-17  1.78418718068602e-16  5.31197807838276e-16  6.17457288227675e-16 -0.000184768677304053  5.84799376725447e-09  7.54611215855239e-16     0.991175225257665  1.47790642623053e-15
-8.75384905452997e-06  0.000187390625235172   0.00166266597465219   -0.0128599490241339    0.0108730529530618  1.46479042294545e-15 -1.85617548584842e-16 -8.93372735266292e-17  1.47790642623053e-15     0.933766810969027
TOTAL ENERGY: -127.164126475086	 lambda: 0.7	 population of target: 7.00061608163283
1RDM: 
     1.99999999378308  7.71273536925452e-12 -1.01793032050615e-07 -1.66458992331841e-07 -2.36127493941616e-05  1.28880885206809e-19 -1.14798771459301e-18  1.61428076061171e-18 -1.37810867130749e-18 -1.31593392623314e-05
 7.71273536925452e-12       1.9999999266197 -8.37127027297715e-07  4.46538561550983e-06  -0.00014774693103518 -4.07370768874487e-17  7.36527426886435e-17 -2.45366245005942e-17  9.68228606838168e-17  0.000199067664121277
-1.01793032050615e-07 -8.37127027297715e-07      1.99992473719809 -4.33044939164349e-05   0.00170747925651317  -6.0085472715931e-17   3.7649966150366e-17 -4.32453537852896e-17  1.68442107727005e-16   0.00212673600126134
-1.66458992331841e-07  4.46538561550983e-06 -4.33044939164349e-05      1.99955662354188    0.0136765856114362  4.98696371165168e-16 -4.80830871844725e-17 -5.36317988286888e-17  5.44828098084986e-16    -0.013206600503476
-2.36127493941616e-05  -0.00014774693103518   0.00170747925651317    0.0136765856114362      1.06822083965461  1.05098673887069e-15 -3.59132574637941e-17 -1.16872543608987e-16  6.38481299575881e-16    0.0116382586191884
 1.28880885206809e-19 -4.07370768874487e-17  -6.0085472715931e-17  4.98696371165168e-16  1.05098673887069e-15      1.00903552683876 -8.99888303730436e-16  -6.2282937863144e-09  -0.00019738395148809  1.52368305012361e-15
-1.14798771459301e-18  7.36527426886435e-17   3.7649966150366e-17 -4.80830871844725e-17 -3.59132574637941e-17 -8.99888303730436e-16      1.00903552683871 -0.000197383951483546  6.22829377602671e-09 -1.94860127756322e-16
 1.61428076061171e-18 -2.45366245005942e-17 -4.32453537852896e-17 -5.36317988286888e-17 -1.16872543608987e-16  -6.2282937863144e-09 -0.000197383951483546     0.990984662521092  8.98068435262764e-16 -8.59832768892972e-17
-1.37810867130749e-18  9.68228606838168e-17  1.68442107727005e-16  5.44828098084986e-16  6.38481299575881e-16  -0.00019738395148809  6.22829377602671e-09  8.98068435262764e-16     0.990984662521038  1.49951232409261e-15
-1.31593392623314e-05  0.000199067664121277   0.00212673600126134    -0.013206600503476    0.0116382586191884  1.52368305012361e-15 -1.94860127756322e-16 -8.59832768892972e-17  1.49951232409261e-15     0.932257500483079
TOTAL ENERGY: -127.16358278404	 lambda: 0.8	 population of target: 7.00133807047725
1RDM: 
     1.99999999184252 -4.04481341881537e-10 -1.84300935810862e-07 -2.25282022534567e-07  -2.7390492297357e-05  2.46796900701397e-19 -1.43155635660139e-18  1.90048525884834e-18 -1.41258442134882e-18  -1.8471007408034e-05
-4.04481341881537e-10      1.99999992123765 -9.60790412441539e-07  4.75937453318618e-06 -0.000151736696357268 -4.12834411240356e-17  7.35157645501454e-17   -2.442514808971e-17  9.68215532535024e-17  0.000210694459886665
-1.84300935810862e-07 -9.60790412441539e-07      1.99990961264433 -4.83281519210752e-05   0.00204170954960847 -5.96274649164403e-17  4.41666032064545e-17 -4.89394469893483e-17  1.56788922629399e-16   0.00267806438934349
-2.25282022534567e-07  4.75937453318618e-06 -4.83281519210752e-05      1.99953713617099    0.0141679783459971  5.16637565354653e-16 -4.98404150728146e-17 -5.44177298229553e-17  5.55598156927989e-16    -0.013479771622243
 -2.7390492297357e-05 -0.000151736696357268   0.00204170954960847    0.0141679783459971      1.07298608527734  1.09205339737877e-15 -2.87892453737963e-17 -1.30925896147753e-16  6.87495013053147e-16    0.0130958138994167
 2.46796900701397e-19 -4.12834411240356e-17 -5.96274649164403e-17  5.16637565354653e-16  1.09205339737877e-15       1.0096409960688 -2.04953869147583e-15 -6.98398405436727e-09 -0.000221031138666043  1.65787727900931e-15
-1.43155635660139e-18  7.35157645501454e-17  4.41666032064545e-17 -4.98404150728146e-17 -2.87892453737963e-17 -2.04953869147583e-15      1.00964099606863 -0.000221031138657777  6.98398410816711e-09 -2.13944490421803e-16
 1.90048525884834e-18   -2.442514808971e-17 -4.89394469893483e-17 -5.44177298229553e-17 -1.30925896147753e-16 -6.98398405436727e-09 -0.000221031138657777     0.990379358082606  2.04358020810773e-15 -8.60150133127673e-17
-1.41258442134882e-18  9.68215532535024e-17  1.56788922629399e-16  5.55598156927989e-16  6.87495013053147e-16 -0.000221031138666043  6.98398410816711e-09  2.04358020810773e-15      0.99037935808243   1.5929943866261e-15
 -1.8471007408034e-05  0.000210694459886665   0.00267806438934349    -0.013479771622243    0.0130958138994167  1.65787727900931e-15 -2.13944490421803e-16 -8.60150133127673e-17   1.5929943866261e-15     0.927526544524765
TOTAL ENERGY: -127.162583703481	 lambda: 0.9	 population of target: 7.00250677476918
1RDM: 
     1.99999998858356 -1.38736637860854e-09   -3.489085286512e-07   -3.194306526799e-07 -3.16369641928547e-05  3.72724056334245e-19 -1.72714932546119e-18  2.19903728627925e-18 -1.42025532869626e-18 -2.50788975835332e-05
-1.38736637860854e-09      1.99999991554885 -1.18545792130459e-06  4.96032945466377e-06 -0.000154046662147653 -4.17745727177296e-17  7.33416380422882e-17 -2.43328134390123e-17  9.68825957903713e-17   0.00022300044436278
  -3.489085286512e-07 -1.18545792130459e-06      1.99988156450574 -5.90128770761239e-05   0.00244176355756732 -5.96216121504006e-17  5.17360378306173e-17 -5.54920491748004e-17  1.42504047809163e-16   0.00336287779916346
  -3.194306526799e-07  4.96032945466377e-06 -5.90128770761239e-05      1.99951801698069    0.0145965642427979  5.32064193041988e-16 -5.11572142761415e-17 -5.52190231378633e-17  5.64167676067906e-16   -0.0136920914180831
-3.16369641928547e-05 -0.000154046662147653   0.00244176355756732    0.0145965642427979      1.08241997220782  1.19478756699882e-15 -1.97341861847902e-17 -1.55257513834943e-16  7.74712698046564e-16    0.0157574622299053
 3.72724056334245e-19 -4.17745727177296e-17 -5.96216121504006e-17  5.32064193041988e-16  1.19478756699882e-15      1.01083957333984 -1.05021397023719e-15 -8.32422034107878e-09 -0.000263590008030772  1.90702023921557e-15
-1.72714932546119e-18  7.33416380422882e-17  5.17360378306173e-17 -5.11572142761415e-17 -1.97341861847902e-17 -1.05021397023719e-15      1.01083957333983 -0.000263590008026412  8.32422033884518e-09 -2.48329692816879e-16
 2.19903728627925e-18 -2.43328134390123e-17 -5.54920491748004e-17 -5.52190231378633e-17 -1.55257513834943e-16 -8.32422034107878e-09 -0.000263590008026412     0.989181161311998  1.04985217212475e-15 -8.99160281062985e-17
-1.42025532869626e-18  9.68825957903713e-17  1.42504047809163e-16  5.64167676067906e-16  7.74712698046564e-16 -0.000263590008030772  8.32422033884518e-09  1.04985217212475e-15     0.989181161311993  1.79212776873268e-15
-2.50788975835332e-05   0.00022300044436278   0.00336287779916346   -0.0136920914180831    0.0157574622299053  1.90702023921557e-15 -2.48329692816879e-16 -8.99160281062985e-17  1.79212776873268e-15      0.91813907286973
TOTAL ENERGY: -127.160293545942	 lambda: 1	 population of target: 7.0049000698584
1RDM: 
     1.99999998226375 -4.11504202075974e-09 -7.36472488914477e-07 -4.91529491907419e-07 -3.63773695379239e-05  5.18557201174183e-19  -2.0368896660695e-18  2.51226592474754e-18 -1.38218306280312e-18 -3.38135208827421e-05
-4.11504202075974e-09      1.99999990801807 -1.69140901540783e-06   5.0143558641529e-06  -0.00015458157605158 -4.22052924916314e-17  7.31006868342154e-17 -2.42651257546334e-17   9.7023384609088e-17  0.000237245833370347
-7.36472488914477e-07 -1.69140901540783e-06      1.99981952296554 -8.17749049906699e-05   0.00292720065934737 -6.12432690315638e-17  6.07875310700441e-17 -6.31027993927525e-17   1.2347062825759e-16   0.00428243121054786
-4.91529491907419e-07   5.0143558641529e-06 -8.17749049906699e-05      1.99949787416977     0.014973063695841  5.45129039436852e-16 -5.19355926821848e-17 -5.61964513055742e-17  5.70954796017135e-16    -0.013846528072333
-3.63773695379239e-05  -0.00015458157605158   0.00292720065934737     0.014973063695841      1.10035502219829  1.39864424869996e-15 -3.17187275527979e-18 -2.00286205488703e-16  9.24569215718601e-16    0.0210073466201236
 5.18557201174183e-19 -4.22052924916314e-17 -6.12432690315638e-17  5.45129039436852e-16  1.39864424869996e-15      1.01310000051948 -1.39731158606613e-15 -1.09313248584347e-08 -0.000345790884697316  2.37380468410591e-15
 -2.0368896660695e-18  7.31006868342154e-17  6.07875310700441e-17 -5.19355926821848e-17 -3.17187275527979e-18 -1.39731158606613e-15      1.01310000051933 -0.000345790884687508  1.09313248728159e-08 -3.12077484193268e-16
 2.51226592474754e-18 -2.42651257546334e-17 -6.31027993927525e-17 -5.61964513055742e-17 -2.00286205488703e-16 -1.09313248584347e-08 -0.000345790884687508     0.986921634787713  1.39215145947173e-15 -9.91188518934061e-17
-1.38218306280312e-18   9.7023384609088e-17   1.2347062825759e-16  5.70954796017135e-16  9.24569215718601e-16 -0.000345790884697316  1.09313248728159e-08  1.39215145947173e-15     0.986921634787563  2.18399352407575e-15
-3.38135208827421e-05  0.000237245833370347   0.00428243121054786    -0.013846528072333    0.0210073466201236  2.37380468410591e-15 -3.12077484193268e-16 -9.91188518934061e-17  2.18399352407575e-15       0.9002844197705
-------------------general-----------------------
mullikenoperator: 
 6.23301347145507e-05   0.00789384601787503 -0.000101607895935888  0.000154148713275681 -2.91284765914429e-05   2.8130398386288e-17 -4.36134633339883e-17  4.48498760526312e-17 -2.78540504899133e-17 -3.30843292026765e-05
  0.00789384601787503     0.999842536283145  -0.00963911345079079  -0.00140979900095623 -0.000331301529112424 -1.99723183254655e-17 -2.39846373899781e-18  5.01145564882409e-17  5.76907593343839e-17  0.000347724523798657
-0.000101607895935888  -0.00963911345079079     0.021350015640868    -0.144207689651261  0.000377736166821417  6.97390068101268e-17  5.62780370407153e-17 -3.29700943113692e-17 -3.30134118213316e-16   0.00644590805797322
 0.000154148713275681  -0.00140979900095625    -0.144207689651261     0.978083323015004    0.0202547746039128  7.67715788465954e-16 -7.16187549446455e-17 -6.08674126909324e-17  6.15371323642835e-16   -0.0162643061350123
-2.91284765914429e-05 -0.000331301529112425  0.000377736166821418    0.0202547746039128     0.418935861499494 -3.94652518037625e-15  4.92765568082593e-16  9.94600875926416e-17 -1.98149081722773e-15     0.493059951851449
 2.81303983862564e-17 -1.99723183249013e-17   6.9739006810554e-17   7.6771578846532e-16 -3.94652518035905e-15       0.4895842593771 -1.64016797489055e-15 -1.58118768700689e-05    -0.499892364701357 -2.80440107614726e-15
-4.36134633339729e-17  -2.3984637390447e-18  5.62780370404658e-17 -7.16187549427865e-17  4.92765568072453e-16 -1.59178916302342e-15     0.489584259377287     -0.49989236470136   1.5811876870235e-05  3.35797218554019e-16
 4.48498760526186e-17  5.01145564882368e-17 -3.29700943113246e-17 -6.08674126913844e-17  9.94600875913842e-17  -1.5811876870115e-05     -0.49989236470136     0.510415740622712  1.53869559516809e-15  3.72161887801924e-16
-2.78540504898868e-17  5.76907593341804e-17 -3.30134118213482e-16  6.15371323641614e-16 -1.98149081721566e-15    -0.499892364701357  1.58118768703165e-05  1.46618862865767e-15       0.5104157406229 -4.27140474932115e-15
-3.30843292026764e-05  0.000347724523798657   0.00644590805797322   -0.0162643061350123     0.493059951851449 -2.80440107616929e-15  3.35797218571579e-16  3.72161887797966e-16 -4.27140474933425e-15     0.581725933426774
selected BF: 
0 1 2 3 4
selected lambdas: 
  -1 -0.9 -0.8 -0.7 -0.6 -0.5 -0.4 -0.3 -0.2 -0.1    0  0.1  0.2  0.3  0.4  0.5  0.6  0.7  0.8  0.9    1
RHF C: 
 -1.8831079859287e-05     0.995145209481402  -0.00631568184824409    -0.260835108017152   -0.0089483575053921   3.5130931810019e-12 -3.78753486769946e-13 -1.89342199843842e-13 -1.80241698809197e-12   0.00332197570667122
 7.71962838619208e-05    0.0198624973242382    0.0247269685437494       1.0277005094661    0.0354728371819594 -1.41226381534055e-11  1.52253886211426e-12  7.47457758421608e-13  7.11479613771458e-12   -0.0130078801301437
-1.19786309364005e-14   5.1393083819038e-14  3.33552962562148e-12  1.73434279953908e-12 -5.86457751442201e-12     0.594379599033639    -0.522413420328666      0.40346406972623     0.459366206539919 -3.04575716063423e-10
  8.5857874921166e-15 -3.61922404838251e-14 -2.36633748432011e-12 -1.22324811826318e-12  4.11803991739045e-12    -0.522413420344591    -0.594379599015507      0.45936620656338     -0.40346406970561  2.13362745499189e-10
 0.000149981977681745 -1.40749720295891e-05   0.00600329796871549     0.013656873213578   -0.0269185557718757  3.04476693296537e-10 -3.35357177181863e-11   2.3212648730223e-11  2.09919154414622e-10     0.999721590154499
    -0.99524870512633   1.8076308021349e-05    -0.262182809307243    0.0079339585306277  -0.00488734251324006  2.46758229772497e-12 -2.62410074416075e-13  9.19777187155656e-14  8.10364204160435e-13   0.00391705224232877
  -0.0193279783942194  -8.0555121999642e-05      1.02835072384543   -0.0314698303393863    0.0194356430728433 -1.00355646889615e-11  1.06807569133764e-12 -3.73123936761674e-13 -3.28979291662975e-12     -0.01616331015971
-8.32422470185897e-15  2.41525429747216e-14 -2.05732548878196e-12  2.58407099498392e-12  2.53344343485514e-10     0.458119978710607    -0.402651817658466    -0.522955909103305    -0.595414286639375  -9.0678152040864e-12
 5.77820981376158e-15 -1.69206788761185e-14  1.45617490194795e-12  -1.7750409682273e-12 -1.80203165410001e-10    -0.402651817637824    -0.458119978734109    -0.595414286621292     0.522955909119198  6.44387608366013e-12
 6.83935699882352e-05  0.000151957318398093    -0.019148208247102   -0.0239874687809204     0.998743583156002 -1.69896235289142e-10  1.73941266913592e-11  2.66545709040164e-11  2.58355629408281e-10     0.044001218958738
RDM (no constraint): 
     1.99999998875466 -1.74861840007445e-08  2.07173462724169e-06 -1.88168095464522e-06  -6.9725373331184e-05  3.36113477288975e-14 -3.56925450703689e-15 -1.48435617666397e-15 -1.36046802183346e-14  1.18840439687245e-05
-1.74861840007445e-08      1.99999963409393  1.41563540455004e-06 -2.89387206881932e-05  6.18746017796794e-05 -2.36545523619135e-14  2.41324178169761e-15  4.15224400752075e-15  3.77422612381307e-14  0.000177041748068644
 2.07173462724169e-06  1.41563540455004e-06      1.99945997409671  8.79772928491884e-05    0.0211310358469081 -5.04072524761613e-12  5.15971575688933e-13  9.99021777823005e-14  1.01641018671773e-12   0.00171021969228455
-1.88168095464522e-06 -2.89387206881932e-05  8.79772928491884e-05      1.99648340791068    0.0113960633129698  8.14196497950077e-12 -9.00867535479591e-13  1.54022231217478e-12  1.39019287585702e-11    0.0456240579508657
 -6.9725373331184e-05  6.18746017796794e-05    0.0211310358469081    0.0113960633129698      1.06079421759973 -7.68748622669601e-11  8.45227105702802e-12 -3.68958123156768e-12 -3.20146202768822e-11    -0.245714154145394
 3.36113477288975e-14 -2.36545523619135e-14 -5.04072524761613e-12  8.14196497950077e-12 -7.68748622669601e-11      1.03141175643659 -9.18795643173911e-16  3.11372343325573e-06  -0.00895350208821266   2.0408717739201e-11
-3.56925450703689e-15  2.41324178169761e-15  5.15971575688933e-13 -9.00867535479591e-13  8.45227105702802e-12 -9.18795643173911e-16       1.0314117564368    0.0089535020855817  3.11372343387384e-06  -1.9211662945131e-12
-1.48435617666397e-15  4.15224400752075e-15  9.99021777823005e-14  1.54022231217478e-12 -3.68958123156768e-12  3.11372343325573e-06    0.0089535020855817     0.968631200152197 -9.91693086036987e-16 -6.60556780394088e-12
-1.36046802183346e-14  3.77422612381307e-14  1.01641018671773e-12  1.39019287585702e-11 -3.20146202768822e-11  -0.00895350208821266  3.11372343387384e-06 -9.91693086036987e-16     0.968631200152411 -6.39954551899809e-11
 1.18840439687245e-05  0.000177041748068644   0.00171021969228455    0.0456240579508657    -0.245714154145394   2.0408717739201e-11  -1.9211662945131e-12 -6.60556780394088e-12 -6.39954551899809e-11     0.943176864366321
RDM Eigenvectors: 
    0.999940414639436  -0.00782117533901625   0.00755723888443037  0.000936402871463396  8.33758794869225e-05 -1.74978922933508e-14  1.86450841456986e-15 -2.61620427379731e-16   3.4657187703733e-15 -2.69369163361546e-05
  0.00789680834315121     0.999805591876866   -0.0118383527894108    0.0136471687440065  8.24688544426997e-05  6.47133737927335e-14 -6.82988088014416e-15  2.47193266163723e-15 -2.40309610787546e-14   0.00014232756290935
  0.00753484900023417   -0.0102042327616426     -0.99266185704345    -0.117874386968518   -0.0208511356685939  1.05594382313704e-12 -1.06026384159738e-13  4.78186326934331e-13 -4.65733216112453e-12    0.0115063588273895
-0.000156848517158815   -0.0149410326885158    -0.117788858229909     0.991994706698263      0.02589770232712  3.70493376735946e-12 -4.17249593325526e-13 -9.76307954588272e-14  6.69131700669871e-13    0.0343269094799077
 9.49791205004999e-05 -0.000229087149817008   -0.0234396556849409  -0.00190500932867531     0.785658802689712  2.16228570829363e-10 -2.18210270535142e-11  -2.2392168103088e-11   2.2133821129714e-10    -0.618212857950271
-1.35552039360353e-14 -8.69651622447142e-14  6.02752599465857e-12  9.93048608742208e-12 -3.29329846666444e-10     0.990363089043409   0.00204206961612904 -0.000289916103184507    -0.138479954364278  -1.2203766955584e-10
 1.31996320505876e-15  9.66730486508192e-15  -6.2311712096153e-13 -1.07827739972479e-12  3.52589956919116e-11  -0.00204206961613879     0.990363089048901    -0.138479954325001   0.00028991610311415   1.4284628177541e-11
-1.21287340414743e-15  -1.5412515874062e-14 -1.85693735336589e-13  1.19303149375973e-12  5.38044271602842e-12 -0.000237378789841151     0.138480054349033     0.990363685149144  -0.00172896981073859 -3.46206087534082e-11
-1.01661789283444e-14 -1.39520205614272e-13 -1.81411187227603e-12  1.05674544799941e-11  6.19574321740348e-11     -0.13848005438831 -0.000237378789923891  -0.00172896981072695    -0.990363685143652 -3.24168176287943e-10
-4.09352540556873e-06 -0.000440866295599234  -0.00124359679630868    0.0431437093191664    -0.617765951764117 -2.66854232728736e-10  2.88533107145359e-11 -2.77950180924247e-11  2.56176070301775e-10    -0.785176482247347
Total C: 
  0.00783210142021476     0.998914070419575    0.0254173988746128    -0.244261323324051   -0.0156238332573556 -3.65100041737081e-16  9.68069022000377e-17 -2.58970847260316e-17  1.36972913706829e-16  -0.00596104407612067
 0.000262585118861936   0.00424841384405413    -0.146647038517502      1.01620114405734    0.0620065132109296  1.32192293899067e-15 -9.30224836605905e-17 -1.44905905218779e-17 -1.69405105683418e-16     0.023848842143301
 7.25300714338613e-17  9.81413999664888e-17  9.56281519041269e-17  8.31778731163462e-17 -1.04295259962148e-14     0.526009589257638    -0.460402521688336     0.470953398984881    -0.538098302147881 -1.00910794920327e-14
 2.04598542559446e-17  6.01800638878984e-17 -1.76196880989834e-16 -5.85463968226714e-17  7.89373018988155e-15    -0.460402521688246    -0.526009589257738     0.538098302147783      0.47095339898497   7.8399392784881e-15
 0.000186304690499933 -0.000715128968866109   -0.0081788612265983    0.0560228370156836    -0.638514242537866 -7.73063130785818e-15  2.17859734115752e-16 -1.20515091699857e-15  1.77406740260377e-14     -0.76777861578076
   -0.997166492666508    0.0103583130321339     0.251912482639564    0.0380216823278579 -0.000670302796104122 -7.48634434704495e-18  1.27903085484828e-18 -9.31349651111151e-18  1.29940140165205e-16  -0.00277176901962225
  -0.0115721472931304  -0.00995003693378088     -1.01767832049085    -0.153187684639615    0.0029960318638884   3.4342650386541e-17  -7.6021920676531e-18  3.58033794598341e-17 -5.25467542123538e-16    0.0114285061449959
 5.56912259056249e-18 -4.31939833416589e-17 -3.54572037969741e-17 -2.17828016533757e-17 -1.99342065006018e-14     0.537104501749302    -0.470113609050234     -0.46126069902439      0.52702369309144  2.39284004812309e-14
 1.18251711063386e-17 -5.76311622391102e-17  5.35979230632684e-17   1.5865828421596e-17  1.44800983507151e-14    -0.470113609050322    -0.537104501749204     -0.52702369309154      -0.4612606990243 -1.72873840766439e-14
 2.37526807201561e-05  0.000456985212382982  -0.00163305502229594   -0.0215404609604108     0.757267292623573  2.79940508952001e-14 -2.63245644561932e-15 -2.31525330177421e-15  2.54505573788836e-14    -0.653028569258069
Basis set used: STO-3G
Naturals: 
 1.99999999785136  1.99999995999654  1.99997152278947  1.99843494506216  1.25381485560163  1.03266370204192   1.0326637020414 0.967379254547596  0.96737925454708 0.747692805520879
Naturals: 
 1.99999999785136  1.99999995999653  1.99997152279302  1.99843494551429  1.25381482903712  1.03266370859716  1.03266370859684  0.96737924799041 0.967379247990087 0.747692831633171
Version: Tmhuysen's fci hack
