Naturals in-correctThe Davidson algorithm did not converge.lambda: -1
The Davidson algorithm did not converge.lambda: -0.9
The Davidson algorithm did not converge.lambda: -0.8
The Davidson algorithm did not converge.lambda: -0.7
The Davidson algorithm did not converge.lambda: -0.6
The Davidson algorithm did not converge.lambda: -0.5
The Davidson algorithm did not converge.lambda: -0.4
The Davidson algorithm did not converge.lambda: -0.3
The Davidson algorithm did not converge.lambda: -0.2
The Davidson algorithm did not converge.lambda: -0.1
TOTAL ENERGY: -127.16630319031	 lambda: 0	 population of target: 6.97301354906621
1RDM: 
      1.9999999987815  -5.1482381145344e-16 -1.67400526494681e-15 -9.91505667918995e-14  2.94919662795243e-12  6.82785894026584e-18 -5.72539440859823e-18 -4.03728321024427e-18 -5.56145013296199e-18  4.63782115581601e-12
 -5.1482381145344e-16      1.99999997546157 -6.90305463874953e-14   1.0332130904902e-12 -1.07060655796526e-11  8.02568617990794e-17 -7.79711135044113e-17 -1.51394140384797e-17  -5.9676741367878e-17  1.52385293683472e-11
-1.67400526494681e-15 -6.90305463874953e-14      1.99997730014456 -1.92316302293685e-11  5.46698958162961e-11  3.82096339049697e-16 -2.73512653882641e-16  1.87602711808261e-16  3.00181884109507e-16  1.85723628396749e-11
-9.91505667918995e-14   1.0332130904902e-12 -1.92316302293685e-11      1.99902109021772  1.05428350983143e-09  6.03072332215361e-17   1.3881086822351e-16  1.83249323537027e-16  1.67148858706959e-16  -1.4848304445508e-09
 2.94919662795243e-12 -1.07060655796526e-11  5.46698958162961e-11  1.05428350983143e-09      1.19892731934654 -5.01086449352704e-13  3.48388427285032e-13  3.49716253288579e-13  4.88467769016638e-13  4.81206012858555e-09
 6.82785894026584e-18  8.02568617990794e-17  3.82096339049697e-16  6.03072332215361e-17 -5.01086449352704e-13      1.02379067231401    2.759887269069e-14  4.18273736450757e-11  2.05395307477907e-10 -5.81493276252624e-13
-5.72539440859823e-18 -7.79711135044113e-17 -2.73512653882641e-16   1.3881086822351e-16  3.48388427285032e-13    2.759887269069e-14      1.02379067231388 -2.05396731067013e-10  4.18270897172762e-11  4.09563865468607e-13
-4.03728321024427e-18 -1.51394140384797e-17  1.87602711808261e-16  1.83249323537027e-16  3.49716253288579e-13  4.18273736450757e-11 -2.05396731067013e-10     0.976237417971916    2.670486446816e-14  4.01831119703891e-13
-5.56145013296199e-18  -5.9676741367878e-17  3.00181884109507e-16  1.67148858706959e-16  4.88467769016638e-13  2.05395307477907e-10  4.18270897172762e-11    2.670486446816e-14     0.976237417971786  5.69246986628179e-13
 4.63782115581601e-12  1.52385293683472e-11  1.85723628396749e-11  -1.4848304445508e-09  4.81206012858555e-09 -5.81493276252624e-13  4.09563865468607e-13  4.01831119703891e-13  5.69246986628179e-13     0.802018135476493
TOTAL ENERGY: -127.165619224178	 lambda: 0.1	 population of target: 6.99352300901383
1RDM: 
     1.99999999868329  5.63323308274696e-10  2.31975304026565e-09 -6.90318983923025e-08 -4.25180617434753e-06  8.45853815536241e-19 -1.64883879375635e-18 -2.30999572384658e-19 -1.57659521794934e-18  2.84316773224714e-06
 5.63323308274696e-10      1.99999998224005 -2.51244286850343e-07  2.00435850439669e-07 -4.73164245804579e-05  7.14165167597723e-17  -7.2492906324339e-17 -7.50049069150946e-18 -4.92444422222748e-17  6.51130787792047e-05
 2.31975304026565e-09 -2.51244286850343e-07      1.99997026340656 -3.92206726107715e-05   5.9703735126173e-05   2.0892802229908e-16 -1.47689731375373e-16  1.57670611701692e-16  2.22549233607026e-16  0.000300557412909379
-6.90318983923025e-08  2.00435850439669e-07 -3.92206726107715e-05      1.99968987300505   0.00447889599482608  3.70938261490156e-16 -8.74525273784105e-17 -1.10795197290909e-17 -2.04897604765627e-16  -0.00526311779197437
-4.25180617434753e-06 -4.73164245804579e-05   5.9703735126173e-05   0.00447889599482608      1.10617167366262  1.21286373458398e-15  6.64594364059223e-16 -1.58367779637961e-15  -4.0739613221383e-15   0.00757716253003124
 8.45853815536241e-19  7.14165167597723e-17   2.0892802229908e-16  3.70938261490156e-16  1.21286373458398e-15      1.01292355211863  3.13181441009732e-15  7.22058739512084e-07  0.000108553360814683  4.67642900883959e-15
-1.64883879375635e-18  -7.2492906324339e-17 -1.47689731375373e-16 -8.74525273784105e-17  6.64594364059223e-16  3.13181441009732e-15      1.01292355211876 -0.000108553360814345  7.22058739951456e-07 -1.41189247981081e-15
-2.30999572384658e-19 -7.50049069150946e-18  1.57670611701692e-16 -1.10795197290909e-17 -1.58367779637961e-15  7.22058739512084e-07 -0.000108553360814345     0.987094921835119  3.97979779531053e-15  2.51666981134466e-16
-1.57659521794934e-18 -4.92444422222748e-17  2.22549233607026e-16 -2.04897604765627e-16  -4.0739613221383e-15  0.000108553360814683  7.22058739951456e-07  3.97979779531053e-15     0.987094921835247 -2.38544165292199e-15
 2.84316773224714e-06  6.51130787792047e-05  0.000300557412909379  -0.00526311779197437   0.00757716253003124  4.67642900883959e-15 -1.41189247981081e-15  2.51666981134466e-16 -2.38544165292199e-15     0.894131261094699
TOTAL ENERGY: -127.165091225663	 lambda: 0.2	 population of target: 6.99729503553965
1RDM: 
     1.99999999851871  4.11002389887251e-10  -2.8327976566482e-09 -7.06163076844005e-08 -6.93365627689422e-06  8.43863709505537e-19 -2.17919517255774e-18  2.98200826912234e-19 -1.45713653072146e-18  2.55207077062745e-06
 4.11002389887251e-10      1.99999997725484 -3.78592748411953e-07  8.71455140721752e-07 -7.09748460903743e-05  7.05173775041455e-17 -7.33618777716583e-17 -6.50995544022485e-18 -4.74053245720299e-17  9.01716179926168e-05
 -2.8327976566482e-09 -3.78592748411953e-07      1.99996464917711 -3.35250822552859e-05  0.000122511213281104  2.04359833140122e-16  -1.3720423975185e-16  1.48687802307896e-16  2.28232405339317e-16  0.000544062073813222
-7.06163076844005e-08  8.71455140721752e-07 -3.35250822552859e-05       1.9997714636538    0.0064674104851471  4.72047732073278e-16 -9.56498670039658e-17 -3.33723183041984e-17 -3.17538469230126e-16  -0.00698270789806645
-6.93365627689422e-06 -7.09748460903743e-05  0.000122511213281104    0.0064674104851471      1.07643856040751  7.81155920796928e-16  5.04715526765081e-16 -1.16598434406511e-15 -2.92689994278643e-15   0.00729337593162946
 8.43863709505537e-19  7.05173775041455e-17  2.04359833140122e-16  4.72047732073278e-16  7.81155920796928e-16      1.00936462636462  6.11554825036688e-15  7.03355203391758e-07  0.000105739617696157  3.43139093947964e-15
-2.17919517255774e-18 -7.33618777716583e-17  -1.3720423975185e-16 -9.56498670039658e-17  5.04715526765081e-16  6.11554825036688e-15      1.00936462636446 -0.000105739617694589  7.03355203785629e-07 -1.02510942923163e-15
 2.98200826912234e-19 -6.50995544022485e-18  1.48687802307896e-16 -3.33723183041984e-17 -1.16598434406511e-15  7.03355203391758e-07 -0.000105739617694589     0.990652174777704    5.039807118182e-15  1.59823927301156e-16
-1.45713653072146e-18 -4.74053245720299e-17  2.28232405339317e-16 -3.17538469230126e-16 -2.92689994278643e-15  0.000105739617696157  7.03355203785629e-07    5.039807118182e-15     0.990652174777542 -1.76178215235229e-15
 2.55207077062745e-06  9.01716179926168e-05  0.000544062073813222  -0.00698270789806645   0.00729337593162946  3.43139093947964e-15 -1.02510942923163e-15  1.59823927301156e-16 -1.76178215235229e-15     0.923791748703732
TOTAL ENERGY: -127.164766608103	 lambda: 0.3	 population of target: 6.99863032805616
1RDM: 
      1.9999999983081  2.43896916761539e-10 -1.01474881192814e-08 -7.03945183404365e-08 -9.18182187012991e-06  8.75262743546221e-19 -2.72772196059064e-18  8.48984195193751e-19 -1.37836325238949e-18  1.43930118008314e-06
 2.43896916761539e-10      1.99999997231273 -4.52192877652694e-07  1.38534787388192e-06 -8.60058591686378e-05  6.99737821086396e-17 -7.41667977130768e-17 -5.62978537112092e-18 -4.61940251206651e-17   0.00010597819750471
-1.01474881192814e-08 -4.52192877652694e-07      1.99996090198851 -2.75758078061004e-05  0.000207544826301908  2.00042671750199e-16 -1.25635255756605e-16  1.38469307163272e-16  2.33762184746383e-16  0.000785237640097021
-7.03945183404365e-08  1.38534787388192e-06 -2.75758078061004e-05      1.99978163281442   0.00765798302161009  5.29239057531888e-16 -9.85573601746334e-17 -4.75851854306169e-17 -3.81871635250277e-16  -0.00790997358830408
-9.18182187012991e-06 -8.60058591686378e-05  0.000207544826301908   0.00765798302161009      1.06272680873587  5.87894791687631e-16  4.32707394028857e-16 -9.67775186575968e-16 -2.40237968964137e-15   0.00676482062773951
 8.75262743546221e-19  6.99737821086396e-17  2.00042671750199e-16  5.29239057531888e-16  5.87894791687631e-16      1.00770852073151 -1.76654783662526e-15  6.57106142587747e-07  9.87883571154017e-05  2.84245144625605e-15
-2.72772196059064e-18 -7.41667977130768e-17 -1.25635255756605e-16 -9.85573601746334e-17  4.32707394028857e-16 -1.76654783662526e-15      1.00770852073143 -9.87883571142198e-05  6.57106142835792e-07 -8.43079819500574e-16
 8.48984195193751e-19 -5.62978537112092e-18  1.38469307163272e-16 -4.75851854306169e-17 -9.67775186575968e-16  6.57106142587747e-07 -9.87883571142198e-05      0.99230774306461 -2.31151945131664e-15  1.29543856529501e-16
-1.37836325238949e-18 -4.61940251206651e-17  2.33762184746383e-16 -3.81871635250277e-16 -2.40237968964137e-15  9.87883571154017e-05  6.57106142835792e-07 -2.31151945131664e-15     0.992307743064528 -1.45018783528454e-15
 1.43930118008314e-06   0.00010597819750471  0.000785237640097021  -0.00790997358830408   0.00676482062773951  2.84245144625605e-15 -8.43079819500574e-16  1.29543856529501e-16 -1.45018783528454e-15     0.937498158248325
TOTAL ENERGY: -127.164540856226	 lambda: 0.4	 population of target: 6.99928434826262
1RDM: 
     1.99999999803362  1.06791680642966e-10  -1.9613795887394e-08 -7.37654502227103e-08 -1.13300330540533e-05  9.21840121335386e-19 -3.29301274052197e-18  1.41792918169348e-18 -1.31854516921181e-18 -1.33881003163048e-07
 1.06791680642966e-10      1.99999996800037 -5.02178329521805e-07  1.78189677256809e-06  -9.6660192107691e-05  6.95935939436764e-17 -7.49318873465633e-17 -4.80802215719696e-18 -4.52699360779983e-17  0.000117955154147815
 -1.9613795887394e-08 -5.02178329521805e-07      1.99995786507018 -2.34395358408054e-05  0.000317679792174502  1.95865022856762e-16 -1.12828883419552e-16  1.26940168597361e-16  2.39150972536708e-16   0.00103692506677336
-7.37654502227103e-08  1.78189677256809e-06 -2.34395358408054e-05      1.99977596021651   0.00848647844946116  5.68046845686546e-16 -9.94727614532188e-17 -5.81629281343544e-17 -4.25315455221231e-16  -0.00851839285248146
-1.13300330540533e-05  -9.6660192107691e-05  0.000317679792174502   0.00848647844946116      1.05559534463024  4.84672477837725e-16  3.96628264919323e-16 -8.66477461747351e-16 -2.13459352445987e-15    0.0064439114117795
 9.21840121335386e-19  6.95935939436764e-17  1.95865022856762e-16  5.68046845686546e-16  4.84672477837725e-16      1.00684153215426  3.34089275442331e-15  6.28810464794051e-07  9.45320365878303e-05  2.53788038166236e-15
-3.29301274052197e-18 -7.49318873465633e-17 -1.12828883419552e-16 -9.94727614532188e-17  3.96628264919323e-16  3.34089275442331e-15      1.00684153215424  -9.4532036587355e-05  6.28810465115204e-07 -7.50040659280553e-16
 1.41792918169348e-18 -4.80802215719696e-18  1.26940168597361e-16 -5.81629281343544e-17 -8.66477461747351e-16  6.28810464794051e-07  -9.4532036587355e-05      0.99317451023951  3.24111954227979e-15  1.15993829335964e-16
-1.31854516921181e-18 -4.52699360779983e-17  2.39150972536708e-16 -4.25315455221231e-16 -2.13459352445987e-15  9.45320365878303e-05  6.28810465115204e-07  3.24111954227979e-15     0.993174510239495 -1.28245465532734e-15
-1.33881003163048e-07  0.000117955154147815   0.00103692506677336  -0.00851839285248146    0.0064439114117795  2.53788038166236e-15 -7.50040659280553e-16  1.15993829335964e-16 -1.28245465532734e-15     0.944638779261586
TOTAL ENERGY: -127.164359206415	 lambda: 0.5	 population of target: 6.99969071480866
1RDM: 
     1.99999999766546 -3.54299339018675e-12 -3.23368269597239e-08 -8.19886219406552e-08 -1.35227643332128e-05  9.78149174101214e-19 -3.87687562253034e-18  2.00618057499001e-18 -1.27073987596171e-18 -2.09013556800717e-06
-3.54299339018675e-12      1.99999996424838 -5.41172298964472e-07  2.09785050942021e-06 -0.000104599400369382  6.93074665881365e-17 -7.56664412812394e-17   -4.025800741067e-18 -4.45111224285526e-17  0.000127914477472727
-3.23368269597239e-08 -5.41172298964472e-07      1.99995484275492 -2.09645082026005e-05  0.000455120073429499  1.91676600417924e-16 -9.85539143904075e-17  1.13917780764557e-16  2.44493558979085e-16   0.00130773219841881
-8.19886219406552e-08  2.09785050942021e-06 -2.09645082026005e-05      1.99976610920421   0.00911481967548865  5.96960959286389e-16 -9.92726990677112e-17 -6.68283913265397e-17  -4.5735740877653e-16  -0.00895730736820553
-1.35227643332128e-05 -0.000104599400369382  0.000455120073429499   0.00911481967548865      1.05203354267967  4.23927121569967e-16   3.8225004543294e-16 -8.18642955155265e-16 -2.00441788480102e-15   0.00635291781737372
 9.78149174101214e-19  6.93074665881365e-17  1.91676600417924e-16  5.96960959286389e-16  4.23927121569967e-16      1.00640464965031  4.33401439018935e-15  6.21542877263121e-07  9.34262104223458e-05  2.39039697750998e-15
-3.87687562253034e-18 -7.56664412812394e-17 -9.85539143904075e-17 -9.92726990677112e-17   3.8225004543294e-16  4.33401439018935e-15      1.00640464965034 -9.34262104226158e-05  6.21542877629678e-07 -7.04996856177289e-16
 2.00618057499001e-18   -4.025800741067e-18  1.13917780764557e-16 -6.68283913265397e-17 -8.18642955155265e-16  6.21542877263121e-07 -9.34262104226158e-05      0.99361129572962  4.49191028789308e-15  1.10772933675765e-16
-1.27073987596171e-18 -4.45111224285526e-17  2.44493558979085e-16  -4.5735740877653e-16 -2.00441788480102e-15  9.34262104223458e-05  6.21542877629678e-07  4.49191028789308e-15     0.993611295729644 -1.19511440359246e-15
-2.09013556800717e-06  0.000127914477472727   0.00130773219841881  -0.00895730736820553   0.00635291781737372  2.39039697750998e-15 -7.04996856177289e-16  1.10772933675765e-16 -1.19511440359246e-15     0.948213652687459
TOTAL ENERGY: -127.164185035134	 lambda: 0.6	 population of target: 7.00000800268066
1RDM: 
     1.99999999715485 -1.00684301474302e-10 -5.06755562129707e-08 -9.63380454028712e-08 -1.58487116596429e-05  1.04258695669744e-18 -4.48202556545563e-18    2.616301136726e-18 -1.23251464482522e-18 -4.43972986434562e-06
-1.00684301474302e-10      1.99999996094652 -5.76329245020543e-07  2.35464341562524e-06 -0.000110621213939427  6.90799541401389e-17 -7.63719081197104e-17 -3.27515220505423e-18 -4.38610101701725e-17  0.000136710897394661
-5.06755562129707e-08 -5.76329245020543e-07       1.9999512293075 -2.00192920645651e-05  0.000623172112118264  1.87279929679458e-16  -8.2505248853534e-17  9.91466545932784e-17  2.49914921319381e-16   0.00160667414492589
-9.63380454028712e-08  2.35464341562524e-06 -2.00192920645651e-05      1.99975531971281   0.00961878759340918  6.19712881715439e-16  -9.8264668554153e-17 -7.44232259521518e-17 -4.82261391832071e-16   -0.0092900097892695
-1.58487116596429e-05 -0.000110621213939427  0.000623172112118264   0.00961878759340918      1.05091482250785  3.87562409768676e-16  3.84428134142994e-16 -8.08359611236503e-16 -1.96812896369174e-15   0.00649615922154625
 1.04258695669744e-18  6.90799541401389e-17  1.87279929679458e-16  6.19712881715439e-16  3.87562409768676e-16      1.00626232361895  2.38472696839016e-16  6.35747608407456e-07  9.55767307873937e-05  2.35283154768363e-15
-4.48202556545563e-18 -7.63719081197104e-17  -8.2505248853534e-17  -9.8264668554153e-17  3.84428134142994e-16  2.38472696839016e-16       1.0062623236189 -9.55767307861555e-05  6.35747608606525e-07 -6.92889027580495e-16
   2.616301136726e-18 -3.27515220505423e-18  9.91466545932784e-17 -7.44232259521518e-17 -8.08359611236503e-16  6.35747608407456e-07 -9.55767307861555e-05     0.993753590160807 -1.44413961525659e-16  1.10937354076327e-16
-1.23251464482522e-18 -4.38610101701725e-17  2.49914921319381e-16 -4.82261391832071e-16 -1.96812896369174e-15  9.55767307873937e-05  6.35747608606525e-07 -1.44413961525659e-16     0.993753590160749 -1.16395927704502e-15
-4.43972986434562e-06  0.000136710897394661   0.00160667414492589   -0.0092900097892695   0.00649615922154625  2.35283154768363e-15 -6.92889027580495e-16  1.10937354076327e-16 -1.16395927704502e-15     0.949346842811064
TOTAL ENERGY: -127.16397992621	 lambda: 0.7	 population of target: 7.00032309595163
1RDM: 
     1.99999999641592 -2.11290471123949e-10 -7.94646316007184e-08 -1.19136444422424e-07 -1.83803430883712e-05  1.11552547499283e-18 -5.11194977060658e-18  3.25189106591058e-18 -1.20354147014732e-18 -7.24468832427916e-06
-2.11290471123949e-10      1.99999995799658 -6.14034070314732e-07  2.56386561260549e-06 -0.000115149393284692  6.88874208844585e-17 -7.70447023138625e-17 -2.55294276615359e-18 -4.32893438667588e-17  0.000144864856618921
-7.94646316007184e-08 -6.14034070314732e-07      1.99994620390323 -2.07314614508272e-05  0.000826995516479352  1.82389988007146e-16 -6.42760680783323e-17  8.22816149912836e-17  2.55566142175465e-16   0.00194540546740784
-1.19136444422424e-07  2.56386561260549e-06 -2.07314614508272e-05      1.99974454714356    0.0100397400879958  6.38232527675624e-16 -9.65544213487395e-17 -8.14389089920074e-17 -5.02276084336286e-16  -0.00954818227031167
-1.83803430883712e-05 -0.000115149393284692  0.000826995516479352    0.0100397400879958      1.05192081083698   3.6760418201922e-16  4.02790717019854e-16 -8.31774494289216e-16 -2.01347184882428e-15   0.00691469943240992
 1.11552547499283e-18  6.88874208844585e-17  1.82389988007146e-16  6.38232527675624e-16   3.6760418201922e-16      1.00637508253422 -7.24125984801301e-16  6.75556442390577e-07   0.00010156354164033  2.41312614943795e-15
-5.11194977060658e-18 -7.70447023138625e-17 -6.42760680783323e-17 -9.65544213487395e-17  4.02790717019854e-16 -7.24125984801301e-16      1.00637508253423 -0.000101563541640158  6.75556442574566e-07   -7.095607262945e-16
 3.25189106591058e-18 -2.55294276615359e-18  8.22816149912836e-17 -8.14389089920074e-17 -8.31774494289216e-16  6.75556442390577e-07 -0.000101563541640158     0.993640848894563  -6.3734804628829e-16  1.15639084464257e-16
-1.20354147014732e-18 -4.32893438667588e-17  2.55566142175465e-16 -5.02276084336286e-16 -2.01347184882428e-15   0.00010156354164033  6.75556442574566e-07  -6.3734804628829e-16     0.993640848894576 -1.18239322694503e-15
-7.24468832427916e-06  0.000144864856618921   0.00194540546740784  -0.00954818227031167   0.00691469943240992  2.41312614943795e-15   -7.095607262945e-16  1.15639084464257e-16 -1.18239322694503e-15     0.948356620846152
TOTAL ENERGY: -127.163680682921	 lambda: 0.8	 population of target: 7.00072057438844
1RDM: 
     1.99999999528206 -3.95067361415899e-10 -1.29331623893741e-07  -1.5505502214771e-07  -2.1189995928929e-05  1.19931827000283e-18 -5.77110699276215e-18  3.91778957660332e-18 -1.18512306033259e-18 -1.06246501844371e-05
-3.95067361415899e-10      1.99999995529824 -6.63918225009842e-07  2.72975739741809e-06 -0.000118404950875408   6.8708912327197e-17 -7.76759100599537e-17 -1.85872815062225e-18 -4.27792054225649e-17  0.000152785351546518
-1.29331623893741e-07 -6.63918225009842e-07      1.99993824374409 -2.36423078450596e-05   0.00107459944908942  1.76535141404249e-16 -4.32998955586779e-17  6.28493862211458e-17  2.61652391308584e-16   0.00234134376189479
 -1.5505502214771e-07  2.72975739741809e-06 -2.36423078450596e-05      1.99973393735351    0.0104029220133129  6.53607139916826e-16 -9.41449286779335e-17 -8.82142523662807e-17 -5.18716271721418e-16  -0.00974893271429118
 -2.1189995928929e-05 -0.000118404950875408   0.00107459944908942    0.0104029220133129       1.0552986721604  3.60588080568796e-16  4.41247476430122e-16 -8.93963723578999e-16 -2.14987764402685e-15   0.00772113969499495
 1.19931827000283e-18   6.8708912327197e-17  1.76535141404249e-16  6.53607139916826e-16  3.60588080568796e-16      1.00676995056585   7.5480211873038e-15  7.51119093163965e-07    0.0001129247238569  2.58500895417731e-15
-5.77110699276215e-18 -7.76759100599537e-17 -4.32998955586779e-17 -9.41449286779335e-17  4.41247476430122e-16   7.5480211873038e-15       1.0067699505657 -0.000112924723854128  7.51119093668133e-07 -7.58434000974439e-16
 3.91778957660332e-18 -1.85872815062225e-18  6.28493862211458e-17 -8.82142523662807e-17 -8.93963723578999e-16  7.51119093163965e-07 -0.000112924723854128     0.993246055940316  6.59872192550733e-15  1.25219901184794e-16
-1.18512306033259e-18 -4.27792054225649e-17  2.61652391308584e-16 -5.18716271721418e-16 -2.14987764402685e-15    0.0001129247238569  7.51119093668133e-07  6.59872192550733e-15     0.993246055940173 -1.25707999771585e-15
-1.06246501844371e-05  0.000152785351546518   0.00234134376189479  -0.00974893271429118   0.00772113969499495  2.58500895417731e-15 -7.58434000974439e-16  1.25219901184794e-16 -1.25707999771585e-15     0.944997183149692
TOTAL ENERGY: -127.163144501679	 lambda: 0.9	 population of target: 7.00134795079901
1RDM: 
     1.99999999338433 -8.08316822991101e-10 -2.26542771321682e-07 -2.14400444477837e-07 -2.43579113941333e-05  1.29978573543295e-18 -6.46530328114123e-18  4.62063551634542e-18 -1.18087581699085e-18 -1.47985405876823e-05
-8.08316822991101e-10      1.99999995269553 -7.47612692617226e-07  2.84777232868792e-06 -0.000120463457984874  6.85184356336267e-17 -7.82477303718841e-17 -1.19384083003521e-18 -4.23227187593761e-17  0.000160910711621352
-2.26542771321682e-07 -7.47612692617226e-07      1.99992382616831 -3.01441623859962e-05   0.00137880024317637  1.68803917759158e-16 -1.87274710721834e-17   4.0172930274376e-17  2.68514689655865e-16   0.00282457583633449
-2.14400444477837e-07  2.84777232868792e-06 -3.01441623859962e-05      1.99972317638012    0.0107251018978527  6.66423992929988e-16 -9.09551697903836e-17 -9.50295559569368e-17 -5.32395397400867e-16  -0.00990078961250188
-2.43579113941333e-05 -0.000120463457984874   0.00137880024317637    0.0107251018978527      1.06203896738602   3.6538168691901e-16   5.1065556278146e-16 -1.01239932426327e-15 -2.41473856057989e-15   0.00918530211488322
 1.29978573543295e-18  6.85184356336267e-17  1.68803917759158e-16  6.66423992929988e-16   3.6538168691901e-16      1.00755929951886  5.82279189585865e-15  8.86527954778819e-07  0.000133281427454063   2.9175528121365e-15
-6.46530328114123e-18 -7.82477303718841e-17 -1.87274710721834e-17 -9.09551697903836e-17   5.1065556278146e-16  5.82279189585865e-15       1.0075592995187  -0.00013328142745081  8.86527955245076e-07 -8.52750495440528e-16
 4.62063551634542e-18 -1.19384083003521e-18   4.0172930274376e-17 -9.50295559569368e-17 -1.01239932426327e-15  8.86527954778819e-07  -0.00013328142745081     0.992456881066855  4.79457216011971e-15  1.41195862708034e-16
-1.18087581699085e-18 -4.23227187593761e-17  2.68514689655865e-16 -5.32395397400867e-16 -2.41473856057989e-15  0.000133281427454063  8.86527955245076e-07  4.79457216011971e-15       0.9924568810667 -1.41339213161952e-15
-1.47985405876823e-05  0.000160910711621352   0.00282457583633449  -0.00990078961250188   0.00918530211488322   2.9175528121365e-15 -8.52750495440528e-16  1.41195862708034e-16 -1.41339213161952e-15     0.938281722814592
TOTAL ENERGY: -127.16195419566	 lambda: 1	 population of target: 7.00259224850722
1RDM: 
     1.99999998973289 -1.94379490568967e-09  -4.4874859436478e-07 -3.23896839855672e-07 -2.79699959301443e-05   1.4315323332275e-18 -7.20224900623405e-18  5.36995062390769e-18 -1.19980376818305e-18 -2.02172163155756e-05
-1.94379490568967e-09      1.99999994977218 -9.30446033257288e-07  2.89428658674984e-06 -0.000121239542120412  6.82696666226921e-17 -7.87215990161209e-17 -5.60348028967894e-19 -4.19217212634608e-17  0.000169924229348894
 -4.4874859436478e-07 -9.30446033257288e-07      1.99989275094737 -4.39725329154985e-05   0.00176148377444945     1.57065492766e-16  1.08878769544043e-17  1.32049350226047e-17  2.76910961909549e-16   0.00345781349391039
-3.23896839855672e-07  2.89428658674984e-06 -4.39725329154985e-05      1.99971130123317    0.0110176909242231  6.76784584198327e-16 -8.67793691127779e-17 -1.02176784955271e-16 -5.43797611827842e-16   -0.0100043170791243
-2.79699959301443e-05 -0.000121239542120412   0.00176148377444945    0.0110176909242231      1.07476156172973  3.81023212407435e-16  6.38918927189741e-16 -1.23246506440253e-15 -2.90536623641415e-15    0.0120193397297597
  1.4315323332275e-18  6.82696666226921e-17     1.57065492766e-16  6.76784584198327e-16  3.81023212407435e-16      1.00903750767169 -2.35885519476747e-15  1.14369791262327e-06  0.000171959830126417  3.53887483223921e-15
-7.20224900623405e-18 -7.87215990161209e-17  1.08878769544043e-17 -8.67793691127779e-17  6.38918927189741e-16 -2.35885519476747e-15      1.00903750767169 -0.000171959830126127  1.14369791280328e-06 -1.02672187039184e-15
 5.36995062390769e-18 -5.60348028967894e-19  1.32049350226047e-17 -1.02176784955271e-16 -1.23246506440253e-15  1.14369791262327e-06 -0.000171959830126127     0.990979078166081 -2.35359189350188e-15  1.66804740314171e-16
-1.19980376818305e-18 -4.19217212634608e-17  2.76910961909549e-16 -5.43797611827842e-16 -2.90536623641415e-15  0.000171959830126417  1.14369791280328e-06 -2.35359189350188e-15     0.990979078166082 -1.72034116691286e-15
-2.02172163155756e-05  0.000169924229348894   0.00345781349391039   -0.0100043170791243    0.0120193397297597  3.53887483223921e-15 -1.02672187039184e-15  1.66804740314171e-16 -1.72034116691286e-15     0.925601274909186
-------------------general-----------------------
mullikenoperator: 
 0.000533166829650552    0.0230836264803478 -0.000190756050315544  1.45651208932432e-05 -3.40376059241739e-05  1.41588875447402e-17 -9.26320196183752e-17  9.19003276967829e-17   1.0970967511733e-17 -2.66942741470197e-05
   0.0230836264803478     0.999402369120108  -0.00791094434466181  -0.00130884306251559 -0.000243882032788895  7.49286742479017e-17 -1.63504736350358e-16  7.32687056536556e-17 -2.21542064978274e-17  0.000256552287199681
-0.000190756050315544  -0.00791094434466183    0.0269285423567949    -0.161661541496931  0.000103572341204066 -3.56173853739722e-16  3.76343688176237e-16 -3.34763187669642e-16 -4.90378110771679e-17   0.00496173841122017
 1.45651208932446e-05  -0.00130884306251549    -0.161661541496931     0.972776475666778    0.0147259155628902  7.03973687552634e-16 -2.36609175269874e-17 -2.12814584986406e-16 -8.49672016202018e-16   -0.0121444077017076
-3.40376059241738e-05 -0.000243882032788889  0.000103572341204065    0.0147259155628902     0.436062737677476 -2.14309218194803e-15 -6.38128854941534e-16  2.07083941754942e-15  5.73579904273184e-15     0.495724791067001
 1.41588875447114e-17   7.4928674247773e-17    -3.56173853744e-16  7.03973687570059e-16 -2.14309218189054e-15     0.492361392906476   -8.748718983686e-15   0.00332494994264474     0.499930995283687 -6.19489231845992e-15
-9.26320196178625e-17 -1.63504736350128e-16  3.76343688177728e-16 -2.36609175326564e-17 -6.38128854795045e-16 -8.70504236458156e-15     0.492361392906499    -0.499930995283687   0.00332494994264405  1.98575890581919e-15
 9.19003276962019e-17  7.32687056522979e-17 -3.34763187667981e-16 -2.12814584999751e-16  2.07083941755996e-15   0.00332494994264465    -0.499930995283687     0.507638607093501 -8.19210622886488e-15 -4.16575288877742e-16
 1.09709675117237e-17 -2.21542064987633e-17 -4.90378110831041e-17 -8.49672016174848e-16  5.73579904262007e-15     0.499930995283687   0.00332494994264403  -8.1402888029304e-15     0.507638607093524  2.76987132098244e-15
-2.66942741470198e-05  0.000256552287199684   0.00496173841122017   -0.0121444077017076     0.495724791067001 -6.19489231831959e-15  1.98575890554074e-15 -4.16575288777548e-16   2.7698713213207e-15     0.564296708349195
selected BF: 
0 1 2 3 4
selected lambdas: 
  -1 -0.9 -0.8 -0.7 -0.6 -0.5 -0.4 -0.3 -0.2 -0.1    0  0.1  0.2  0.3  0.4  0.5  0.6  0.7  0.8  0.9    1
RHF C: 
-1.04330104436927e-05    -0.995139987392083  0.000502283464336525    -0.261011253365492  -0.00583501190722505  2.21139643562631e-11 -2.94782177133575e-11 -1.08667873361196e-11  8.59310312027969e-12    0.0034215290623086
 7.98439261233181e-05   -0.0198830190567325  -0.00201235226150537        1.028312052966    0.0230847697628951 -8.88178943858377e-11  1.18385234228133e-10  4.28753852487302e-11 -3.38984350850195e-11   -0.0133977627889546
 7.97310607356469e-14   6.6464508341345e-13  2.46064444208754e-11 -1.14734326042549e-11  9.14541011174167e-11    -0.568742788418894      0.55305689406001    -0.422285292052698     0.438561807837066   5.4685477365549e-09
 7.79221689802677e-15  1.03084604610468e-13  2.90374358400517e-12  -2.1549430302007e-12   1.3456568579743e-11     0.553056894062261     0.568742788416529    -0.438561807840134    -0.422285292049749   8.8130377097601e-10
  0.00011611770597463  1.80428752803115e-05   -0.0031440815014259     0.013569122911991   -0.0194322208631316  2.68971969609893e-09 -3.61101963220183e-09  2.58100430930957e-09 -1.93532742376807e-09     0.999817384918465
   -0.995248851186736 -3.09567794376115e-05     0.262310403735683   0.00166119593997859  -0.00466799706295627  1.38632329551609e-11  -1.7923565268816e-11  3.10881577270314e-12 -2.18722255437577e-12   0.00258572726807828
  -0.0193273037137855   9.0930952404299e-05     -1.02886236569692  -0.00662790984891241    0.0185553750562192 -5.61085249273116e-11  7.25860951704065e-11 -1.28565173367461e-11   9.0741024317116e-12   -0.0105913164293796
-1.20091578611722e-13 -3.93847177944716e-13 -3.26673519365869e-13  7.60118773299104e-11  2.25133879417742e-09     0.437199744528316    -0.425141808069801    -0.549713014870429     0.570901079277952  -1.4475832894738e-10
-2.14649321787721e-14 -6.37862832217405e-14 -5.67508644779602e-13  1.31998473843595e-11  2.59351340012249e-10     -0.42514180806687    -0.437199744531395    -0.570901079275594    -0.549713014872696 -2.07460012637276e-11
  6.2989160166846e-05 -0.000117564936338803     0.017910314141889   -0.0152442082542898     0.999311765686664 -7.41460865812077e-10  8.94332048076119e-10  1.51335067710838e-09 -1.23964581033106e-09    0.0318920417373549
RDM (no constraint): 
     1.99999999163145  1.22889307516965e-08 -1.73552311817826e-06 -1.27826904894853e-06 -6.66697959012024e-05  1.49624411066591e-13 -1.89590528312842e-13 -1.28711027067732e-13  9.77638033881632e-14  2.97690297071394e-06
 1.22889307516965e-08      1.99999976883172  1.42113473866972e-06  1.93757419290539e-05 -4.02060730379824e-05  8.18150112665447e-14  -1.0119104255547e-13 -4.04971234678671e-13  3.04852144198966e-13 -0.000159565156045515
-1.73552311817826e-06  1.42113473866972e-06      1.99954015527277 -0.000120631019197879   -0.0198006990051088  2.46016152460084e-11  -3.0162203374289e-11 -2.17176301814361e-11  1.70756170521899e-11  -0.00160712360755702
-1.27826904894853e-06  1.93757419290539e-05 -0.000120631019197879      1.99744983661929    0.0060823590189119  6.96888539018088e-11 -9.28060101292153e-11  1.57238012280348e-10  -1.1801030159572e-10    0.0405625094235356
-6.66697959012024e-05 -4.02060730379824e-05   -0.0198006990051088    0.0060823590189119      1.03676103349319 -5.78559395035757e-10  7.70285137043615e-10 -4.83545760920739e-10  3.61122119752378e-10    -0.195105212337426
 1.49624411066591e-13  8.18150112665447e-14  2.46016152460084e-11  6.96888539018088e-11 -5.78559395035757e-10     0.976948048134517  2.37876360673112e-14  -2.8405552138194e-05  -0.00576953686856456  1.20219218898213e-10
-1.89590528312842e-13  -1.0119104255547e-13  -3.0162203374289e-11 -9.28060101292153e-11  7.70285137043615e-10  2.37876360673112e-14     0.976948048134483  -0.00576953686831128  2.84055521507783e-05 -1.41553569435303e-10
-1.28711027067732e-13 -4.04971234678671e-13 -2.17176301814361e-11  1.57238012280348e-10 -4.83545760920739e-10  -2.8405552138194e-05  -0.00576953686831128      1.02308004216476 -2.39797122687877e-14 -4.46625552784095e-10
 9.77638033881632e-14  3.04852144198966e-13  1.70756170521899e-11  -1.1801030159572e-10  3.61122119752378e-10  -0.00576953686856456  2.84055521507783e-05 -2.39797122687877e-14      1.02308004216473  3.55547804311936e-10
 2.97690297071394e-06 -0.000159565156045515  -0.00160712360755702    0.0405625094235356    -0.195105212337426  1.20219218898213e-10 -1.41553569435303e-10 -4.46625552784095e-10  3.55547804311936e-10     0.966193033553068
RDM Eigenvectors: 
    0.999711154595903   -0.0230271134873474    0.0067917370660748   0.00110733292579831  6.63884475894499e-05 -2.64052912825952e-14  1.67934468308944e-14  5.48345995322998e-14  1.31473909378621e-13 -3.36891602001849e-05
   -0.023079474093577    -0.999588624545211    0.0103296714984818   -0.0135349180404004 -8.94924935590298e-05  1.73816579452496e-13 -7.09267411053198e-14  3.00282346168924e-13  6.96795502666425e-13 -0.000124204853621156
 -0.00669420194955588   0.00819794813345421     0.986962153146225     0.159201102442779    0.0177186779003869  1.61460272800632e-11 -5.70234108799887e-12  6.78966525790168e-12  1.65835983735976e-11   -0.0116080574643244
-0.000357798016438155   -0.0149977177261265     -0.15911391493524     0.986351574367753    0.0266335846969642  4.28622597914045e-11 -1.88048989051391e-11 -2.56954448981971e-11 -5.68766310537926e-11     0.029307446596597
 6.91944555224364e-05 -0.000134511757630143   -0.0205025712811696  -0.00503822124077981     0.768167862851167  1.57296468789319e-09 -5.91720287563021e-10 -5.42197797663878e-10 -1.42365490971386e-09    -0.639900283246518
-8.15496150372267e-14 -8.89234640671561e-13  2.38795834560633e-11  7.91614549497463e-11 -2.34703282666668e-09    -0.105628448508084   -0.0615366625016333     0.493893146217687    -0.860886421168977 -1.52480542324458e-09
 1.00706917376552e-13  1.19022085284896e-12   -2.936246993508e-11 -1.04314944010548e-10  3.07461084785244e-09    0.0615366624990057    -0.105628448503484     0.860886421169545     0.493893146218007  2.11335743603012e-09
-6.10695984023345e-14 -1.92626958432389e-12 -3.54484526445474e-11  1.40438029341477e-10 -5.67080047517558e-10    -0.495379419122886     0.860032034952596     0.106333580595756    0.0603100290370988 -2.91798652623704e-09
 4.13895377206762e-14  1.44295660199178e-12  2.73327480040964e-11 -1.04453355098661e-10  3.45958676447977e-10     0.860032034952031     0.495379419122559    0.0603100290397184     -0.10633358060036   2.2567208810436e-09
-1.02497388092028e-05 -0.000421592518389475  -0.00390961585961315    0.0394433373007214    -0.639448842899876  3.48002601104003e-09 -1.48847931612861e-09  1.61265351190388e-09  3.71138881174309e-09    -0.767811134013511
Total C: 
   0.0230464656631064     0.998648884651066    0.0318529729948296    -0.243735415382412   -0.0135238700844964  2.05115209402789e-17 -1.92366404350777e-16  1.42510087007443e-16   2.1501035805904e-16  -0.00642506467370269
 0.000185988228039465   0.00443671325495315     -0.16623063185141      1.01358128847884    0.0536539267837231  1.98469807242121e-16  4.74606901109536e-16 -6.56629194220462e-16 -1.06117620171443e-15    0.0256780276854988
 4.80398521552669e-17  5.61608690707751e-17 -3.43712576154206e-16 -1.37982704755473e-16  1.24861267148951e-14     0.680477340500926    -0.169344394071512     0.176767573299116     0.690672067564944  8.05014110727552e-15
 1.20959195455867e-16  1.22292636678726e-16 -3.74026475342865e-16 -9.83506717197559e-17  8.72649813331768e-15    -0.169344394071495    -0.680477340500939     0.690672067564931    -0.176767573299131  7.47391758116737e-15
  0.00012026738809548 -0.000668891867833254  -0.00877164211057303    0.0524173070583282     -0.65395358595708  1.41346311534546e-14 -1.12532679720062e-14  9.25610513465398e-15  1.68358444620586e-15    -0.754802069615316
   -0.996717566355181    0.0250736830031212     0.251951929930393    0.0424224839776097 -0.000613278736591361  1.18617605529416e-16 -6.90487304664941e-17  5.30239104632352e-17  2.54471798520161e-17  -0.00196099342896082
  -0.0124326433549234  -0.00797902901538455     -1.01486297465466    -0.170867347648956   0.00261835072962501 -4.72454049430446e-16   2.7543688084193e-16 -2.15942356796691e-16 -1.05444247868496e-16   0.00800802710062977
  1.8604737633331e-17 -1.39582099577107e-16  2.08192099624626e-18 -2.61620858323892e-18 -3.79389754312005e-14     0.690967192298466    -0.171954901334248    -0.174090744789303     -0.68021311239652   4.4698029447985e-14
 1.32016840316093e-18 -3.21187879317716e-16 -6.43191720834288e-18 -1.01270439498092e-17  4.20554013890513e-15    -0.171954901334264    -0.690967192298453    -0.680213112396533     0.174090744789286 -4.51368848478766e-15
 2.00633389956851e-05  0.000343657644999589 -0.000511565077200231   -0.0159599712779632     0.747157208061513  3.86935764590588e-14 -3.98399788399859e-15  -7.7477569897979e-15 -4.30904770356223e-14    -0.664601606941838
Basis set used: STO-3G
Naturals: 
  1.9999999987815  1.99999997546156  1.99997730014576  1.99902108996854  1.19892735193144  1.02379068454325  1.02379068454319  0.97623740575605 0.976237405755993 0.802018103112695
Naturals: 
  1.9999999987815  1.99999997546157  1.99997730014456  1.99902109021772  1.19892731934654  1.02379067231401  1.02379067231388 0.976237417971916 0.976237417971786 0.802018135476493
Version: Tmhuysen's fci hack
