Naturals in-correctThe Davidson algorithm did not converge.lambda: -1
The Davidson algorithm did not converge.lambda: -0.9
The Davidson algorithm did not converge.lambda: -0.8
The Davidson algorithm did not converge.lambda: -0.7
The Davidson algorithm did not converge.lambda: -0.6
The Davidson algorithm did not converge.lambda: -0.5
The Davidson algorithm did not converge.lambda: -0.4
The Davidson algorithm did not converge.lambda: -0.3
The Davidson algorithm did not converge.lambda: -0.2
The Davidson algorithm did not converge.lambda: -0.1
TOTAL ENERGY: -127.165158979242	 lambda: 0	 population of target: 6.98402405953322
1RDM: 
     1.99999999933431  8.84786865455887e-16  3.89676385164731e-14  1.19040249502042e-13 -3.36666335932256e-12 -1.31470369837577e-18 -5.91745617346624e-18  6.84760491626785e-18 -7.40870304232965e-18  2.29589614111648e-12
 8.84786865455887e-16      1.99999998518389  1.83160224203755e-13  1.87548177651748e-12 -2.93178806041233e-11 -4.10377120290007e-17 -1.72029034470415e-16  1.82561423578592e-16 -2.08918412380492e-16 -7.04231996547296e-13
 3.89676385164731e-14  1.83160224203755e-13      1.99998164534861 -8.83009398789625e-12  -1.0291595872424e-10  2.47914261322748e-18  2.18035797599099e-17 -1.17440036544296e-17 -1.59818685465402e-18 -2.02455895127447e-10
 1.19040249502042e-13  1.87548177651748e-12 -8.83009398789625e-12      1.99940521641716  1.90376646810092e-09 -3.75350054440669e-18 -4.13038870478465e-17 -1.49796102685754e-17 -2.04559468354406e-17 -5.84724175106642e-11
-3.36666335932256e-12 -2.93178806041233e-11  -1.0291595872424e-10  1.90376646810092e-09      1.15311894889836 -1.80125353785486e-14  -4.0746983849184e-14 -4.20093782485752e-14  -1.8757193705141e-14  1.86940189131154e-09
-1.31470369837577e-18 -4.10377120290007e-17  2.47914261322748e-18 -3.75350054440669e-18 -1.80125353785486e-14       1.0170992253894 -8.90170461448515e-16 -1.68418445505224e-10 -2.95399953594478e-11  -2.1055568933492e-14
-5.91745617346624e-18 -1.72029034470415e-16  2.18035797599099e-17 -4.13038870478465e-17  -4.0746983849184e-14 -8.90170461448515e-16      1.01709922538914 -2.95422780139477e-11  1.68418472883961e-10 -4.77061664929088e-14
 6.84760491626785e-18  1.82561423578592e-16 -1.17440036544296e-17 -1.49796102685754e-17 -4.20093782485752e-14 -1.68418445505224e-10 -2.95422780139477e-11     0.982919815002225  1.93662186942896e-15 -4.51010138188883e-14
-7.40870304232965e-18 -2.08918412380492e-16 -1.59818685465402e-18 -2.04559468354406e-17  -1.8757193705141e-14 -2.95399953594478e-11  1.68418472883961e-10  1.93662186942896e-15     0.982919815001961 -2.01722894499961e-14
 2.29589614111648e-12 -7.04231996547296e-13 -2.02455895127447e-10 -5.84724175106642e-11  1.86940189131154e-09  -2.1055568933492e-14 -4.77061664929088e-14 -4.51010138188883e-14 -2.01722894499961e-14     0.847456124034927
TOTAL ENERGY: -127.164755507323	 lambda: 0.1	 population of target: 6.9962450328285
1RDM: 
     1.99999999928995  3.02882735692131e-10 -2.75288948730455e-09  -6.0046839862279e-08 -3.55650094347888e-06 -1.43573627690903e-18 -6.33459265740234e-18  6.60033954293212e-18 -7.54304038945874e-18   2.4138457740463e-06
 3.02882735692131e-10      1.99999998946053  -1.8488687948694e-07  1.68266408017251e-07 -3.64009346650727e-05 -4.19904225865384e-17 -1.73690739813189e-16   1.8056529935867e-16 -2.07414209453215e-16  4.60616415648517e-05
-2.75288948730455e-09  -1.8488687948694e-07      1.99997593329431 -2.54266217064607e-05 -0.000130980714707482  2.70647224707069e-18  1.12216154710994e-17 -7.23614831495435e-18 -6.64853906953426e-18  0.000396971844735001
 -6.0046839862279e-08  1.68266408017251e-07 -2.54266217064607e-05      1.99980878321471    0.0032944899027714  5.05705017916183e-18 -3.78557250627534e-17 -1.71408748679645e-17 -8.74347417468826e-18   -0.0036894882402446
-3.55650094347888e-06 -3.64009346650727e-05 -0.000130980714707482    0.0032944899027714      1.08088426097615   2.7085136297272e-17  2.27095728685975e-16 -4.96087434672221e-16 -8.30655545247321e-17    0.0044820264040048
-1.43573627690903e-18 -4.19904225865384e-17  2.70647224707069e-18  5.05705017916183e-18   2.7085136297272e-17      1.00918256096456  3.25598765727097e-15  2.22838433113636e-07 -5.60447512456657e-05  -8.1046850210973e-17
-6.33459265740234e-18 -1.73690739813189e-16  1.12216154710994e-17 -3.78557250627534e-17  2.27095728685975e-16  3.25598765727097e-15      1.00918256096449 -5.60447512452813e-05  -2.2283843307481e-07 -4.94469724209819e-16
 6.60033954293212e-18   1.8056529935867e-16 -7.23614831495435e-18 -1.71408748679645e-17 -4.96087434672221e-16  2.22838433113636e-07 -5.60447512452813e-05     0.990831465773126 -2.98699864164639e-15   2.1246608639787e-16
-7.54304038945874e-18 -2.07414209453215e-16 -6.64853906953426e-18 -8.74347417468826e-18 -8.30655545247321e-17 -5.60447512456657e-05  -2.2283843307481e-07 -2.98699864164639e-15     0.990831465773059  2.52573107216704e-17
  2.4138457740463e-06  4.60616415648517e-05  0.000396971844735001   -0.0036894882402446    0.0044820264040048  -8.1046850210973e-17 -4.94469724209819e-16   2.1246608639787e-16  2.52573107216704e-17     0.919302980289129
TOTAL ENERGY: -127.164449177316	 lambda: 0.2	 population of target: 6.99843443691012
1RDM: 
     1.99999999919413  1.75630788302088e-10 -8.98954653515344e-09 -5.90170680010792e-08  -5.6980127564056e-06 -1.38012274195481e-18 -6.37228967984083e-18  6.61192091967786e-18 -7.58143922252946e-18  2.45152466330383e-06
 1.75630788302088e-10      1.99999998692798 -2.77301247084652e-07   5.3613683046523e-07 -5.38077959196291e-05 -4.23788293849771e-17  -1.7390103927715e-16   1.7998067733649e-16 -2.06577242631666e-16  6.41393459154869e-05
-8.98954653515344e-09 -2.77301247084652e-07      1.99997156356102 -2.06042326587676e-05 -0.000151923093405355  8.02940162401421e-18  1.16125971481443e-17  -6.9907270937142e-18 -1.18288565514746e-17  0.000630795875804939
-5.90170680010792e-08   5.3613683046523e-07 -2.06042326587676e-05      1.99986003693031   0.00470465023920177   5.8603543178884e-18 -4.08649677711676e-17  -2.1089279344914e-17 -8.76602655302543e-18  -0.00492817532378925
 -5.6980127564056e-06 -5.38077959196291e-05 -0.000151923093405355   0.00470465023920177      1.05813597599302 -1.55996033350514e-18  1.79537340805909e-16  -3.9539292190813e-16 -4.35457467353368e-17   0.00428873820925873
-1.38012274195481e-18 -4.23788293849771e-17  8.02940162401421e-18   5.8603543178884e-18 -1.55996033350514e-18      1.00663926865778  2.77412441489958e-15  2.15431649776154e-07 -5.42547445687909e-05 -4.24811544459099e-17
-6.37228967984083e-18  -1.7390103927715e-16  1.16125971481443e-17 -4.08649677711676e-17  1.79537340805909e-16  2.77412441489958e-15      1.00663926865767 -5.42547445681303e-05 -2.15431649778139e-07 -3.87235546099528e-16
 6.61192091967786e-18   1.7998067733649e-16  -6.9907270937142e-18  -2.1089279344914e-17  -3.9539292190813e-16  2.15431649776154e-07 -5.42547445681303e-05     0.993373907846438 -2.34606939969823e-15  1.55805179919232e-16
-7.58143922252946e-18 -2.06577242631666e-16 -1.18288565514746e-17 -8.76602655302543e-18 -4.35457467353368e-17 -5.42547445687909e-05 -2.15431649778139e-07 -2.34606939969823e-15      0.99337390784633 -4.23472681197817e-18
 2.45152466330383e-06  6.41393459154869e-05  0.000630795875804939  -0.00492817532378925   0.00428873820925873 -4.24811544459099e-17 -3.87235546099528e-16  1.55805179919232e-16 -4.23472681197817e-18     0.942006084385288
TOTAL ENERGY: -127.164261868126	 lambda: 0.3	 population of target: 6.99920502365742
1RDM: 
     1.99999999907165  5.49649621578235e-11 -1.50316606485638e-08 -5.64250492960769e-08 -7.46210587594918e-06 -1.32685441008542e-18 -6.40261315906105e-18  6.63130010884995e-18 -7.62579299419152e-18   1.8589606312815e-06
 5.49649621578235e-11      1.99999998435137 -3.30051768240832e-07  8.12815635161386e-07 -6.48421271574791e-05 -4.27025890929604e-17   -1.738791535662e-16  1.79616677234947e-16 -2.06005605765974e-16  7.55813760338611e-05
-1.50316606485638e-08 -3.30051768240832e-07      1.99996878090711  -1.6031498643389e-05 -0.000125550936711908  1.37966955650451e-17  1.20077125755165e-17 -7.00758795273081e-18 -1.75677313242625e-17  0.000834586485064314
-5.64250492960769e-08  8.12815635161386e-07  -1.6031498643389e-05      1.99986838410475   0.00554801625770883  7.00070552484573e-18 -4.28916370862625e-17 -2.28033788708623e-17 -9.42423203145997e-18  -0.00560680101053202
-7.46210587594918e-06 -6.48421271574791e-05 -0.000125550936711908   0.00554801625770883      1.04765134122807 -1.75066033437835e-17  1.64287556031784e-16  -3.5542474985428e-16 -2.16060712078278e-17   0.00396564588443701
-1.32685441008542e-18 -4.27025890929604e-17  1.37966955650451e-17  7.00070552484573e-18 -1.75066033437835e-17      1.00545717991371  9.92049546954825e-17  2.00914848159402e-07 -5.05147837996194e-05 -2.18518361761087e-17
-6.40261315906105e-18   -1.738791535662e-16  1.20077125755165e-17 -4.28916370862625e-17  1.64287556031784e-16  9.92049546954825e-17      1.00545717991367 -5.05147837989452e-05 -2.00914848147818e-07 -3.44588845255957e-16
 6.63130010884995e-18  1.79616677234947e-16 -7.00758795273081e-18 -2.28033788708623e-17  -3.5542474985428e-16  2.00914848159402e-07 -5.05147837989452e-05     0.994555724673014  7.11591362055697e-17  1.37765175778467e-16
-7.62579299419152e-18 -2.06005605765974e-16 -1.75677313242625e-17 -9.42423203145997e-18 -2.16060712078278e-17 -5.05147837996194e-05 -2.00914848147818e-07  7.11591362055697e-17     0.994555724672971 -1.94707572450079e-17
  1.8589606312815e-06  7.55813760338611e-05  0.000834586485064314  -0.00560680101053202   0.00396564588443701 -2.18518361761087e-17 -3.44588845255957e-16  1.37765175778467e-16 -1.94707572450079e-17     0.952485701163719
TOTAL ENERGY: -127.164132181442	 lambda: 0.4	 population of target: 6.99958078245682
1RDM: 
      1.9999999989136 -3.75430489346408e-11 -2.15409581912964e-08 -5.65782160824332e-08 -9.12141083634542e-06 -1.27779133117445e-18 -6.43018107005865e-18  6.65406640865597e-18 -7.66937584869232e-18  9.18833774534307e-07
-3.75430489346408e-11      1.99999998209118 -3.64480653693358e-07  1.02549942216802e-06 -7.27131570008734e-05  -4.2997508193904e-17 -1.73762347689603e-16  1.79342181971904e-16 -2.05548324822907e-16  8.41981884892699e-05
-2.15409581912964e-08 -3.64480653693358e-07      1.99996668821657 -1.28742515386627e-05 -6.73107721416416e-05  2.01276644456563e-17   1.2424920052477e-17 -7.15197358222813e-18 -2.39306547652795e-17   0.00103419391527191
-5.65782160824332e-08  1.02549942216802e-06 -1.28742515386627e-05      1.99986680444633   0.00613766824787032  8.27849337348636e-18 -4.44805132002433e-17 -2.36053649217237e-17 -1.03622825879729e-17  -0.00605519615811301
-9.12141083634542e-06 -7.27131570008734e-05 -6.73107721416416e-05   0.00613766824787032      1.04217462326944 -2.96689429532079e-17  1.61109786672591e-16 -3.42508079832742e-16 -6.83461061416718e-18   0.00376749109997837
-1.27779133117445e-18  -4.2997508193904e-17  2.01276644456563e-17  8.27849337348636e-18 -2.96689429532079e-17      1.00483583025605  2.06572772182833e-15  1.91673274626131e-07  -4.8198130164646e-05 -8.38234242269477e-18
-6.43018107005865e-18 -1.73762347689603e-16   1.2424920052477e-17 -4.44805132002433e-17  1.61109786672591e-16  2.06572772182833e-15      1.00483583025593 -4.81981301634038e-05 -1.91673274639961e-07 -3.29738595478887e-16
 6.65406640865597e-18  1.79342181971904e-16 -7.15197358222813e-18 -2.36053649217237e-17 -3.42508079832742e-16  1.91673274626131e-07 -4.81981301634038e-05     0.995176962224465 -1.57898669069893e-15  1.32442034033876e-16
-7.66937584869232e-18 -2.05548324822907e-16 -2.39306547652795e-17 -1.03622825879729e-17 -6.83461061416718e-18  -4.8198130164646e-05 -1.91673274639961e-07 -1.57898669069893e-15     0.995176962224342 -3.07763476743274e-17
 9.18833774534307e-07  8.41981884892699e-05   0.00103419391527191  -0.00605519615811301   0.00376749109997837 -8.38234242269477e-18 -3.29738595478887e-16  1.32442034033876e-16 -3.07763476743274e-17     0.957966318102135
TOTAL ENERGY: -127.164028563961	 lambda: 0.5	 population of target: 6.99981262303373
1RDM: 
     1.99999999870348 -1.04732222071165e-10 -2.94600907483938e-08  -6.0270314197473e-08 -1.07907479065358e-05 -1.23427654523631e-18 -6.45654913713728e-18  6.67888022478485e-18 -7.70927892556227e-18   -2.998624100046e-07
-1.04732222071165e-10      1.99999998012736 -3.89130500192124e-07  1.19505197300153e-06 -7.86443444527527e-05 -4.32744536691936e-17 -1.73594116636756e-16  1.79115584831634e-16 -2.05156568271145e-16  9.12813942366769e-05
-2.94600907483938e-08 -3.89130500192124e-07      1.99996479296013 -1.09346505086991e-05  1.82763435922189e-05   2.7133247167102e-17  1.28875835532647e-17 -7.39468833207366e-18 -3.10080450743532e-17   0.00124102066077102
 -6.0270314197473e-08  1.19505197300153e-06 -1.09346505086991e-05      1.99986234543932   0.00658774064611152  9.68039513822935e-18 -4.58253721748315e-17 -2.39446280834667e-17 -1.15073711551213e-17   -0.0063792196585886
-1.07907479065358e-05 -7.86443444527527e-05  1.82763435922189e-05   0.00658774064611152      1.03940168660305 -4.07212178208661e-17  1.65292164045932e-16 -3.45922333383643e-16  4.91726201296162e-18   0.00370342352769212
-1.23427654523631e-18 -4.32744536691936e-17   2.7133247167102e-17  9.68039513822935e-18 -4.07212178208661e-17      1.00451844554854  4.01522660614871e-15  1.88875478859236e-07 -4.74896100613746e-05  2.04022101003585e-18
-6.45654913713728e-18 -1.73594116636756e-16  1.28875835532647e-17 -4.58253721748315e-17  1.65292164045932e-16  4.01522660614871e-15      1.00451844554848 -4.74896100604275e-05 -1.88875478914672e-07  -3.3116798738335e-16
 6.67888022478485e-18  1.79115584831634e-16 -7.39468833207366e-18 -2.39446280834667e-17 -3.45922333383643e-16  1.88875478859236e-07 -4.74896100604275e-05     0.995494297375119 -3.74376711743395e-15  1.33985961593752e-16
-7.70927892556227e-18 -2.05156568271145e-16 -3.10080450743532e-17 -1.15073711551213e-17  4.91726201296162e-18 -4.74896100613746e-05 -1.88875478914672e-07 -3.74376711743395e-15     0.995494297375051 -4.09556796112951e-17
  -2.998624100046e-07  9.12813942366769e-05   0.00124102066077102   -0.0063792196585886   0.00370342352769212  2.04022101003585e-18  -3.3116798738335e-16  1.33985961593752e-16 -4.09556796112951e-17     0.960745710319489
TOTAL ENERGY: -127.163930384379	 lambda: 0.6	 population of target: 6.99999151592738
1RDM: 
     1.99999999841407 -1.52386199946329e-10 -4.02632754725917e-08 -6.82577076628667e-08 -1.25394981429249e-05 -1.19767490130317e-18  -6.4824043999778e-18  6.70531576744184e-18 -7.74354550586645e-18 -1.79335246928206e-06
-1.52386199946329e-10      1.99999997841189 -4.08255270565401e-07  1.33335022498236e-06 -8.32197581829988e-05 -4.35369450372806e-17 -1.73390602931587e-16   1.7892119917156e-16 -2.04812357233387e-16  9.74405934253114e-05
-4.02632754725917e-08 -4.08255270565401e-07       1.9999627226157 -1.00718059255503e-05  0.000130972866511215  3.49373671465018e-17  1.34267721350411e-17 -7.74153963804603e-18 -3.89169769011507e-17   0.00146355043829124
-6.82577076628667e-08  1.33335022498236e-06 -1.00718059255503e-05      1.99985702519319   0.00695140827054138  1.12251685532182e-17 -4.70111081257684e-17 -2.40198451819724e-17 -1.28505613002553e-17  -0.00662428679382837
-1.25394981429249e-05 -8.32197581829988e-05  0.000130972866511215   0.00695140827054138      1.03846464337256 -5.21649712879629e-17  1.75686498467015e-16 -3.62651805604061e-16  1.56519323858333e-17   0.00377325848968427
-1.19767490130317e-18 -4.35369450372806e-17  3.49373671465018e-17  1.12251685532182e-17 -5.21649712879629e-17      1.00440747612215 -9.46976680144807e-16  1.92547166763688e-07 -4.84100751663227e-05  1.12956461024817e-17
 -6.4824043999778e-18 -1.73390602931587e-16  1.34267721350411e-17 -4.70111081257684e-17  1.75686498467015e-16 -9.46976680144807e-16      1.00440747612205 -4.84100751650193e-05 -1.92547166738923e-07 -3.45480522702201e-16
 6.70531576744184e-18   1.7892119917156e-16 -7.74153963804603e-18 -2.40198451819724e-17 -3.62651805604061e-16  1.92547166763688e-07 -4.84100751650193e-05     0.995605249769261  1.34963988181901e-15  1.40692906414173e-16
-7.74354550586645e-18 -2.04812357233387e-16 -3.89169769011507e-17 -1.28505613002553e-17  1.56519323858333e-17 -4.84100751663227e-05 -1.92547166738923e-07  1.34963988181901e-15      0.99560524976916 -5.14752481882893e-17
-1.79335246928206e-06  9.74405934253114e-05   0.00146355043829124  -0.00662428679382837   0.00377325848968427  1.12956461024817e-17 -3.45480522702201e-16  1.40692906414173e-16 -5.14752481882893e-17     0.961690180210053
TOTAL ENERGY: -127.163816710292	 lambda: 0.7	 population of target: 7.00016618685327
1RDM: 
     1.99999999799748  -1.8965903930417e-10 -5.67017213040519e-08 -8.19939340152421e-08 -1.44237927822227e-05 -1.16956236056248e-18 -6.50813428890826e-18  6.73338123224443e-18 -7.77042825372276e-18 -3.59369269872294e-06
 -1.8965903930417e-10      1.99999997690441 -4.24738997094196e-07  1.44692539865822e-06 -8.67522301718731e-05 -4.37852631972904e-17 -1.73156290766222e-16  1.78754221957077e-16 -2.04511254248064e-16  0.000103038421028949
-5.67017213040519e-08 -4.24738997094196e-07      1.99996003291802 -1.03284929034892e-05  0.000273318916351498  4.36868069438738e-17  1.40896958043311e-17 -8.22380384443442e-18 -4.78050869122201e-17   0.00171078209508844
-8.19939340152421e-08  1.44692539865822e-06 -1.03284929034892e-05      1.99985146759215   0.00725781385724878  1.29412263448075e-17 -4.80757463271171e-17  -2.3938389173363e-17  -1.4405806900371e-17  -0.00681325269755784
-1.44237927822227e-05 -8.67522301718731e-05  0.000273318916351498   0.00725781385724878       1.0391036840297 -6.53038364241509e-17  1.92916015803788e-16 -3.93491870465358e-16  2.67484698032387e-17   0.00399732144427602
-1.16956236056248e-18 -4.37852631972904e-17  4.36868069438738e-17  1.29412263448075e-17 -6.53038364241509e-17      1.00447286874233  2.86047649352014e-15  2.03733763321356e-07  -5.1211850189693e-05  2.05783988858966e-17
-6.50813428890826e-18 -1.73156290766222e-16  1.40896958043311e-17 -4.80757463271171e-17  1.92916015803788e-16  2.86047649352014e-15       1.0044728687423 -5.12118501891708e-05 -2.03733763339834e-07  -3.7308421111773e-16
 6.73338123224443e-18  1.78754221957077e-16 -8.22380384443442e-18  -2.3938389173363e-17 -3.93491870465358e-16  2.03733763321356e-07 -5.12118501891708e-05     0.995539864037944 -2.73840073530806e-15  1.52543803784763e-16
-7.77042825372276e-18 -2.04511254248064e-16 -4.78050869122201e-17  -1.4405806900371e-17  2.67484698032387e-17  -5.1211850189693e-05 -2.03733763339834e-07 -2.73840073530806e-15     0.995539864037913 -6.35469977641052e-17
-3.59369269872294e-06  0.000103038421028949   0.00171078209508844  -0.00681325269755784   0.00399732144427602  2.05783988858966e-17  -3.7308421111773e-16  1.52543803784763e-16 -6.35469977641052e-17      0.96105937499775
TOTAL ENERGY: -127.163654225019	 lambda: 0.8	 population of target: 7.00038206356889
1RDM: 
     1.99999999736132 -2.36078177417882e-10  -8.4605534689115e-08 -1.04447381546883e-07  -1.6500161134803e-05 -1.15184120837292e-18 -6.53404323274598e-18  6.76346259407669e-18 -7.78814841678795e-18 -5.76870982972749e-06
-2.36078177417882e-10      1.99999997557254  -4.4184801038258e-07  1.53859352398312e-06  -8.9410641982211e-05 -4.40173710564724e-17 -1.72887648798064e-16  1.78617097363961e-16 -2.04258397594861e-16  0.000108343530192844
 -8.4605534689115e-08  -4.4184801038258e-07      1.99995595490779 -1.20110097001758e-05   0.00045076082434484  5.35583532324698e-17  1.49566812631019e-17 -8.90790161769506e-18 -5.78568944849768e-17   0.00199480999972084
-1.04447381546883e-07  1.53859352398312e-06 -1.20110097001758e-05      1.99984578254789   0.00752504022779217  1.48613739083533e-17 -4.90276129845561e-17 -2.37739418178335e-17 -1.61984744265337e-17  -0.00695837750486562
 -1.6500161134803e-05  -8.9410641982211e-05   0.00045076082434484   0.00752504022779217      1.04147174577714 -8.18081765203115e-17  2.19321786943704e-16  -4.4277763205009e-16  3.96391754140272e-17   0.00443417483650561
-1.15184120837292e-18 -4.40173710564724e-17  5.35583532324698e-17  1.48613739083533e-17 -8.18081765203115e-17       1.0047298742759 -1.01193122572288e-15  2.25087367861828e-07 -5.65966735969884e-05   3.1004111406423e-17
-6.53404323274598e-18 -1.72887648798064e-16  1.49566812631019e-17 -4.90276129845561e-17  2.19321786943704e-16 -1.01193122572288e-15      1.00472987427582 -5.65966735958317e-05 -2.25087367814504e-07 -4.17690839056541e-16
 6.76346259407669e-18  1.78617097363961e-16 -8.90790161769506e-18 -2.37739418178335e-17  -4.4277763205009e-16  2.25087367861828e-07 -5.65966735958317e-05     0.995282892429515  1.30681964778734e-15  1.70753198717108e-16
-7.78814841678795e-18 -2.04258397594861e-16 -5.78568944849768e-17 -1.61984744265337e-17  3.96391754140272e-17 -5.65966735969884e-05 -2.25087367814504e-07  1.30681964778734e-15      0.99528289242944 -7.86765703965495e-17
-5.76870982972749e-06  0.000108343530192844   0.00199480999972084  -0.00695837750486562   0.00443417483650561   3.1004111406423e-17 -4.17690839056541e-16  1.70753198717108e-16 -7.86765703965495e-17     0.958701010422688
TOTAL ENERGY: -127.163369791033	 lambda: 0.9	 population of target: 7.00071495439778
1RDM: 
     1.99999999630293 -3.43712304827103e-10 -1.38041309415736e-07 -1.42118326738793e-07 -1.88348638581962e-05 -1.14683073301003e-18 -6.56050827746377e-18  6.79653383551322e-18 -7.79489692616195e-18 -8.44308250652123e-06
-3.43712304827103e-10      1.99999997438214 -4.66122162402705e-07  1.60714503084695e-06 -9.12633712782865e-05 -4.42283483901763e-17  -1.7257107193151e-16  1.78521171691813e-16 -2.04071207720995e-16  0.000113616128133086
-1.38041309415736e-07 -4.66122162402705e-07      1.99994877054644 -1.59357180654292e-05  0.000673102743031779  6.47620603013879e-17  1.61799915868573e-17 -9.92784546660909e-18 -6.93008160707549e-17   0.00233522716629443
-1.42118326738793e-07  1.60714503084695e-06 -1.59357180654292e-05      1.99983976938016   0.00776568334058171  1.70170667524424e-17 -4.98398291017483e-17 -2.36014048903827e-17  -1.8257808442166e-17  -0.00706550748587925
-1.88348638581962e-05 -9.12633712782865e-05  0.000673102743031779   0.00776568334058171      1.04624186569608 -1.04494753801247e-16  2.60122212575342e-16  -5.2059637171663e-16  5.64945035483121e-17   0.00522366171648107
-1.14683073301003e-18 -4.42283483901763e-17  6.47620603013879e-17  1.70170667524424e-17 -1.04494753801247e-16      1.00524939804855  2.73569144920785e-15  2.63337755762501e-07 -6.62131421522632e-05  4.40948402303308e-17
-6.56050827746377e-18  -1.7257107193151e-16  1.61799915868573e-17 -4.98398291017483e-17  2.60122212575342e-16  2.73569144920785e-15      1.00524939804848 -6.62131421509886e-05 -2.63337755828218e-07 -4.88126371205765e-16
 6.79653383551322e-18  1.78521171691813e-16 -9.92784546660909e-18 -2.36014048903827e-17  -5.2059637171663e-16  2.63337755762501e-07 -6.62131421509886e-05     0.994763447807028 -2.46188349360985e-15  1.98162735273051e-16
-7.79489692616195e-18 -2.04071207720995e-16 -6.93008160707549e-17  -1.8257808442166e-17  5.64945035483121e-17 -6.62131421522632e-05 -2.63337755828218e-07 -2.46188349360985e-15     0.994763447806959 -9.93441116532985e-17
-8.44308250652123e-06  0.000113616128133086   0.00233522716629443  -0.00706550748587925   0.00522366171648107  4.40948402303308e-17 -4.88126371205765e-16  1.98162735273051e-16 -9.93441116532985e-17     0.953943931981268
TOTAL ENERGY: -127.162756647236	 lambda: 1	 population of target: 7.00135609290427
1RDM: 
     1.99999999428907 -6.80496609194655e-10 -2.57465103587538e-07 -2.11462488138517e-07 -2.15134720246451e-05 -1.15726664577568e-18  -6.5882456455785e-18  6.83489049177883e-18 -7.78928226219688e-18 -1.18661981303895e-05
-6.80496609194655e-10      1.99999997325826 -5.17234918961988e-07   1.6433724039929e-06 -9.22714000580122e-05 -4.44076460155039e-17 -1.72172236837996e-16  1.78496229522327e-16 -2.03992850259856e-16  0.000119215998796101
-2.57465103587538e-07 -5.17234918961988e-07      1.99993364630122 -2.42650953952444e-05  0.000958632560816117  7.75282631737651e-17   1.8088223797687e-17 -1.15755192323538e-17 -8.24098544829918e-17   0.00277078469380385
-2.11462488138517e-07   1.6433724039929e-06 -2.42650953952444e-05      1.99983277677632   0.00798977580412577  1.94162535760974e-17 -5.04058361222312e-17 -2.35518118279992e-17 -2.05959443942351e-17  -0.00713436584282899
-2.15134720246451e-05 -9.22714000580122e-05  0.000958632560816117   0.00798977580412577      1.05518632798026 -1.39202839483698e-16  3.27184488187053e-16 -6.50225353037313e-16  8.17290430490712e-17    0.0067266756960492
-1.15726664577568e-18 -4.44076460155039e-17  7.75282631737651e-17  1.94162535760974e-17 -1.39202839483698e-16      1.00621672591719 -2.88607683946633e-15   3.3502980400383e-07 -8.42251705657233e-05  6.26499617051222e-17
 -6.5882456455785e-18 -1.72172236837996e-16   1.8088223797687e-17 -5.04058361222312e-17  3.27184488187053e-16 -2.88607683946633e-15      1.00621672591703   -8.422517056292e-05 -3.35029803852231e-07 -6.04586312771799e-16
 6.83489049177883e-18  1.78496229522327e-16 -1.15755192323538e-17 -2.35518118279992e-17 -6.50225353037313e-16   3.3502980400383e-07   -8.422517056292e-05     0.993796301555234  3.52979726610301e-15  2.40657623010332e-16
-7.78928226219688e-18 -2.03992850259856e-16 -8.24098544829918e-17 -2.05959443942351e-17  8.17290430490712e-17 -8.42251705657233e-05 -3.35029803852231e-07  3.52979726610301e-15     0.993796301555072 -1.30547927403532e-16
-1.18661981303895e-05  0.000119215998796101   0.00277078469380385  -0.00713436584282899    0.0067266756960492  6.26499617051222e-17 -6.04586312771799e-16  2.40657623010332e-16 -1.30547927403532e-16     0.945021226450341
-------------------general-----------------------
mullikenoperator: 
  0.00131506918434303    0.0362392968097602 -0.000207956853057449 -0.000111879829737543 -3.27365975804812e-05  1.88554270891204e-17 -5.43894243414097e-18  5.86880680605356e-18  -2.7699390515581e-17 -2.04175266046326e-05
   0.0362392968097602     0.998646381623732  -0.00609042042866142  -0.00115819302225241 -0.000176308348259316 -1.69394062949937e-16  3.05495848418619e-17 -2.35761214546848e-17 -6.73780978954816e-17  0.000184925931878993
-0.000207956853057449  -0.00609042042866144    0.0352985552809171    -0.184417272276996 -0.000112663910573698  1.03778562412519e-16  2.44923319795567e-18   1.3482283482314e-17 -1.03704775595267e-16   0.00383457787452203
-0.000111879829737541  -0.00115819302225233    -0.184417272276996     0.964549589479723    0.0105939169302947  1.99725767506505e-17 -4.48170453153897e-17 -3.51066595568545e-17 -1.84552722064018e-17   -0.0088983287310282
 -3.2736597580481e-05 -0.000176308348259313 -0.000112663910573702    0.0105939169302947     0.450561013529015 -3.76852738626727e-17 -4.64170492224903e-17  8.93128560419048e-17  4.84413402142577e-17     0.497462012830697
 1.88554270891183e-17  -1.6939406294994e-16  1.03778562412509e-16  1.99725767503764e-17 -3.76852738612602e-17     0.494484272743946  7.79992323797815e-16   0.00198837811262212    -0.499965806795742  3.07760774374177e-17
-5.43894243415215e-18  3.05495848418642e-17  2.44923319789185e-18 -4.48170453166398e-17 -4.64170492049447e-17  7.23144555830496e-16     0.494484272743967    -0.499965806795742  -0.00198837811262189  -9.4399737800104e-17
 5.86880680606337e-18 -2.35761214547016e-17  1.34822834824273e-17 -3.51066595558351e-17   8.9312856030995e-17   0.00198837811262215    -0.499965806795742     0.505515727256032 -1.08293291751554e-15  1.44235203501662e-16
-2.76993905155794e-17 -6.73780978954911e-17 -1.03704775595235e-16 -1.84552722062298e-17  4.84413402128579e-17    -0.499965806795742  -0.00198837811262191  -1.0879622765345e-15     0.505515727256053  -1.9596988644518e-17
-2.04175266046325e-05  0.000184925931878995   0.00383457787452203  -0.00889832873102819     0.497462012830697  3.07760774339311e-17 -9.43997378219562e-17  1.44235203516135e-16 -1.95969886410163e-17     0.549629390902274
selected BF: 
0 1 2 3 4
selected lambdas: 
  -1 -0.9 -0.8 -0.7 -0.6 -0.5 -0.4 -0.3 -0.2 -0.1    0  0.1  0.2  0.3  0.4  0.5  0.6  0.7  0.8  0.9    1
RHF C: 
 8.07085390814217e-06     0.995374722522481    -0.260158531184896   0.00404496749646568   -0.0014716960835634  2.17355160107504e-13  6.45760864730076e-14 -4.38513917740636e-14 -1.13449906963804e-13   0.00169101442333213
-5.08599197226358e-05    0.0189566035961892      1.02849813688638   -0.0160091539134831    0.0058904517588478 -8.67913473418916e-13 -2.57862614309363e-13  1.72554146432111e-13  4.46425554557571e-13  -0.00676474828709489
-3.13151302266378e-16  7.14792000968711e-16 -2.13642062487034e-14  2.03424991975587e-13 -3.08527720287015e-11    -0.008407277338747   -0.0845821299973237     0.996175158604935     0.020272488492901  4.58072384569406e-13
-4.76553723396121e-16  1.73644036980928e-15 -5.41206864639405e-14  4.92388355142668e-13 -7.49370767362518e-11   -0.0845821299972819   0.00840727733874423   -0.0202724884929008     0.996175158604938  1.11399071659256e-12
-8.99584262100763e-05  1.91251540697196e-05   0.00589950183680018    0.0143446950112188    -0.999803323479396  3.99436109800458e-12  1.20698218508492e-12 -2.92886595372998e-11 -7.54659447500532e-11   -0.0161049412843926
    0.995039790036005   1.6008614422003e-05  -0.00334495280807761    -0.263054341330715  -0.00520201441105853  4.12754901296023e-13   1.2202509284032e-13 -9.04243876515595e-14 -2.33345999828116e-13   0.00403317882755365
   0.0201460210095088 -4.89269965832676e-05    0.0130037267017542      1.02866234781126    0.0205947846086201 -1.63800985494023e-12  -4.8428043287925e-13  3.61291401849459e-13  9.31524768050799e-13   -0.0157181392151751
 2.70156548105777e-15  2.49556849813391e-16  1.13082702049878e-13  1.16778604572191e-13 -4.89928233000068e-13    0.0985596611457745     0.991567868563482     0.084124692225608   0.00171196484945497 -3.16929327637305e-11
 6.63689680475679e-15  6.03282466439607e-16  2.75828228101177e-13  2.89463521681451e-13 -1.19903832437293e-12     0.991567868563486   -0.0985596611457749  -0.00171196484945534    0.0841246922255665 -7.77438131882786e-11
 1.14696686061297e-05  7.27940476097068e-05  -0.00211486958194687    -0.015453219757317    0.0070375420609295 -8.03280679065905e-11 -2.37982124185748e-11 -1.91606870651324e-12 -5.00351848125208e-12    -0.999903842352186
RDM (no constraint): 
      1.9999999971638  9.44801246551549e-09  1.04707086271631e-06 -3.14890260642088e-07   6.4268502311871e-06 -6.57642818394122e-15 -1.95119640227065e-15  2.89425665599213e-16  5.47201113947673e-16  4.47252937304455e-06
 9.44801246551549e-09      1.99999988633061 -9.72274690571891e-06  1.55296941799571e-06 -6.37768601617374e-05 -3.53581840985461e-15 -1.04884976999148e-15 -2.64929919578856e-15 -6.82937348088738e-15 -4.27596088829405e-05
 1.04707086271631e-06 -9.72274690571891e-06      1.99750752382475  0.000806403638104911   -0.0431071290002642   1.1420207248529e-13  3.43103317748857e-14 -1.24387380484369e-12 -3.20255142036299e-12   0.00219378764431166
-3.14890260642088e-07  1.55296941799571e-06  0.000806403638104911      1.99950230413488    0.0126259115884135 -1.52201484400413e-12 -4.49672918114211e-13  1.37503629556728e-13  3.54922443173507e-13   -0.0150419192192653
  6.4268502311871e-06 -6.37768601617374e-05   -0.0431071290002642    0.0126259115884135     0.990624681756933 -1.35365400962396e-11 -4.01507672424449e-12 -6.47324035801737e-13 -1.67866042577317e-12    -0.152847345825007
-6.57642818394122e-15 -3.53581840985461e-15   1.1420207248529e-13 -1.52201484400413e-12 -1.35365400962396e-11     0.997315308164843  4.29388287979642e-15   0.00132718880335443    0.0168237308153975  1.92184151830502e-12
-1.95119640227065e-15 -1.04884976999148e-15  3.43103317748857e-14 -4.49672918114211e-13 -4.01507672424449e-12  4.29388287979642e-15     0.997315308164835    0.0168237308154348  -0.00132718880341792  5.72907425682995e-13
 2.89425665599213e-16 -2.64929919578856e-15 -1.24387380484369e-12  1.37503629556728e-13 -6.47324035801737e-13   0.00132718880335443    0.0168237308154348      1.00270373222249 -4.86772819429598e-15 -4.95378725759081e-12
 5.47201113947673e-16 -6.82937348088738e-15 -3.20255142036299e-12  3.54922443173507e-13 -1.67866042577317e-12    0.0168237308153975  -0.00132718880341792 -4.86772819429598e-15      1.00270373222248 -1.27805515388402e-11
 4.47252937304455e-06 -4.27596088829405e-05   0.00219378764431166   -0.0150419192192653    -0.152847345825007  1.92184151830502e-12  5.72907425682995e-13 -4.95378725759081e-12 -1.27805515388402e-11      1.01232752601438
RDM Eigenvectors: 
    0.999318619711183    -0.036215549696741   0.00697896228782394   0.00142277783559282  1.32862477571113e-06   9.6196973088466e-16  4.60108668639923e-15  5.33109369742625e-15  1.02363587374741e-15  6.74897734438909e-06
  -0.0362550871870264    -0.999227268697619   0.00867502789805626   -0.0124568642936561 -1.45187858408792e-05  3.72437775553455e-16  1.92785699806734e-15 -1.04233248875195e-15  3.29745112013719e-17 -6.60022747513142e-05
 0.000493490697919987     0.013928051950123      0.20111573496507    -0.978435404677688   -0.0365601414701076  3.19756593887134e-14  1.68239994400926e-13  2.45831127465245e-13  4.97855821078451e-14   -0.0261866743623585
 -0.00689857413172542   0.00625247910707369     0.979364860107488     0.200547705649185    0.0231891415806022  1.14507220291346e-13  5.85558294977328e-13 -1.56682768312482e-13 -2.88427052427073e-14 -0.000817580704023644
-0.000118488617093174 -0.000461308145758134   0.00599261628401975    0.0461976296559982    -0.678386121407958 -1.10123309084142e-11 -5.68746299230246e-11  5.56059812430527e-11  1.09915755312046e-11    -0.733227052829169
 5.86636166861681e-15   1.4256079406604e-15 -1.57658306142288e-12 -1.00712382733352e-12  6.24927396613954e-11     0.301180250809196     0.574860752876005     0.672506094647301     0.355754302837756 -5.06749063035857e-11
 1.72890187988405e-15  4.38650114331519e-16 -4.65870309523429e-13 -2.98619092853378e-13  1.85303955654268e-11    -0.574860752875994     0.301180250809171     0.355754302837778     -0.67250609464731 -1.49969145362843e-11
-1.70373113968402e-15 -1.34917572672316e-14 -5.31981227030225e-14  1.27394295544786e-12 -1.82877754763697e-11    -0.644061127272299     0.404982512785561    -0.347638743943029     0.548016178943962 -2.28894402858019e-11
 -4.6157809353767e-15  -3.5386624560279e-14 -1.36097175105679e-13  3.27974680685462e-12 -4.70880600086124e-11      0.40498251278554     0.644061127272288    -0.548016178943975    -0.347638743943053 -5.90404684941936e-11
 0.000130590674498256  5.01990512543032e-05   -0.0153967029758151   -0.0123837749262566     0.733428858061194 -1.13847234745534e-11 -5.77590856284557e-11 -5.86923070143573e-11 -1.18060173291846e-11    -0.679478972629201
Total C: 
  -0.0362352271075386    -0.998203304277339   -0.0397603707239997     0.242871360321672    0.0118293973825244  1.08805352236352e-16  1.19466038672844e-16 -1.48234878394973e-16   1.2914701536949e-16   0.00667376134885297
-0.000121685347010337   -0.0047182916317857     0.191471904079992     -1.00940990403316    -0.046931013550736 -2.96237936928651e-16   2.1918934920644e-16 -1.39550127685862e-16  2.94651680521365e-16   -0.0266436429065819
-2.35582623244602e-17  3.20464063511973e-16 -1.01604987136629e-16 -2.30764052811304e-17  6.40026471777976e-15    -0.587296851248875     0.386182759790576    -0.393163134505662     0.592763674374342  6.94958585559401e-15
 1.67565164475663e-17  1.37359509459656e-16  7.00241188312289e-17   1.8319725331257e-17 -4.93311476980187e-16     0.386182759790569     0.587296851248887    -0.592763674374329    -0.393163134505669 -5.40647596492759e-16
-7.02749490738192e-05  0.000616414956812451   0.00949123628586291   -0.0488849557235237     0.666557824235213  5.82160975295308e-15  -3.3132449803973e-15  3.44630539206842e-15  -5.8634221498456e-15     0.743859595093001
    0.996175401389058   -0.0377406374666523    -0.251447688128447   -0.0483568699329395   0.00051063350713191  2.27568807102632e-18  1.05699395933026e-17  2.22790971552197e-17 -1.20896848165031e-17   0.00138317327713829
   0.0130396886257471   0.00592180680549433      1.01055660845517     0.194747920063121  -0.00212094673626843 -1.03951086801906e-17 -4.09761504946205e-17  -8.8424462421328e-17  4.82901730551357e-17  -0.00560190778548979
 1.40809325232959e-18 -2.70842164016012e-17  1.25520367366873e-16  4.29096598581468e-17  7.64196758720904e-16    -0.593817356266222     0.390470379613357      0.38885332182886    -0.586265864248169 -7.49207444803408e-16
  3.0231808287652e-19 -1.24537827554098e-16  9.72280242866601e-17   6.9139859526781e-17 -3.44461224382356e-17     0.390470379613364     0.593817356266209     0.586265864248182     0.388853321828853 -9.93704543872836e-17
-1.70277733717778e-05  -0.00025267082450907 -0.000121566665158489    0.0116769669346559    -0.738413532141687 -5.49534415951541e-16  3.18425118348257e-16  5.71161387077543e-16 -6.56471994064533e-16     0.674321530233143
Basis set used: STO-3G
Naturals: 
 1.99999999933431  1.99999998518388  1.99998164534846  1.99940521634538  1.15311896503738  1.01709922841607  1.01709922841599 0.982919811971331 0.982919811971258 0.847456107975919
Naturals: 
 1.99999999933431  1.99999998518389  1.99998164534861  1.99940521641716  1.15311894889836   1.0170992253894  1.01709922538914 0.982919815002225 0.982919815001961 0.847456124034927
Version: Tmhuysen's fci hack
