Naturals in-correctThe Davidson algorithm did not converge.lambda: -1
The Davidson algorithm did not converge.lambda: -0.9
The Davidson algorithm did not converge.lambda: -0.8
The Davidson algorithm did not converge.lambda: -0.7
The Davidson algorithm did not converge.lambda: -0.6
The Davidson algorithm did not converge.lambda: -0.5
The Davidson algorithm did not converge.lambda: -0.4
The Davidson algorithm did not converge.lambda: -0.3
The Davidson algorithm did not converge.lambda: -0.2
The Davidson algorithm did not converge.lambda: -0.1
TOTAL ENERGY: -127.164748969569	 lambda: 0	 population of target: 6.98785138324813
1RDM: 
      1.9999999995148  8.77361059092183e-16 -2.18515147775813e-14  1.01211694738398e-13 -1.06576076455331e-12  6.81385791197783e-18  6.55881010756537e-18 -4.22277622788735e-18  8.94726334799773e-18  1.29718915270422e-11
 8.77361059092183e-16      1.99999998851133 -1.34788048889775e-13 -1.53903037787629e-12 -6.42068771903235e-12   1.5783924886128e-16  1.48526575922818e-16 -1.13327003121842e-16  2.11671720614831e-16  3.84448514840968e-12
-2.18515147775813e-14 -1.34788048889775e-13      1.99998340869497   3.2831357629955e-12  2.60148741365836e-10 -2.92739283581302e-17 -8.69568450373244e-17 -1.01796797794735e-16 -3.64990427271114e-17  8.87589284014062e-12
 1.01211694738398e-13 -1.53903037787629e-12   3.2831357629955e-12      1.99953986573337  4.62793723304676e-10 -7.98572877699029e-17 -2.09770796304701e-16  2.72184912365615e-16  8.26000341498067e-17  5.67489561113818e-10
-1.06576076455331e-12 -6.42068771903235e-12  2.60148741365836e-10  4.62793723304676e-10         1.13355619689  1.97667456694766e-14  2.41663188695545e-14 -2.67994968730821e-14 -2.01176771217049e-14 -7.22534586078578e-10
 6.81385791197783e-18   1.5783924886128e-16 -2.92739283581302e-17 -7.98572877699029e-17  1.97667456694766e-14       1.0144306411342    1.980708748879e-14 -5.04144077860824e-10  6.25544111490408e-11 -2.25778053315494e-14
 6.55881010756537e-18  1.48526575922818e-16 -8.69568450373244e-17 -2.09770796304701e-16  2.41663188695545e-14    1.980708748879e-14       1.0144306411334  6.25608726966251e-11  5.04144461761396e-10 -2.92840412570233e-14
-4.22277622788735e-18 -1.13327003121842e-16 -1.01796797794735e-16  2.72184912365615e-16 -2.67994968730821e-14 -5.04144077860824e-10  6.25608726966251e-11     0.985585287631419 -2.68541880982876e-14  2.58124665966091e-14
 8.94726334799773e-18  2.11671720614831e-16 -3.64990427271114e-17  8.26000341498067e-17 -2.01176771217049e-14  6.25544111490408e-11  5.04144461761396e-10 -2.68541880982876e-14     0.985585287630615  2.11303321429298e-14
 1.29718915270422e-11  3.84448514840968e-12  8.87589284014062e-12  5.67489561113818e-10 -7.22534586078578e-10 -2.25778053315494e-14 -2.92840412570233e-14  2.58124665966091e-14  2.11303321429298e-14     0.866888683125964
TOTAL ENERGY: -127.164442554591	 lambda: 0.1	 population of target: 6.99716399404892
1RDM: 
     1.99999999948478  2.18596658604842e-10  3.84331796002897e-09  5.21052801618254e-08  3.22491641695453e-06  7.34845436972911e-18  6.12559698711625e-18 -4.55168422330684e-18  9.44778470811137e-18  2.19533672246144e-06
 2.18596658604842e-10      1.99999999192783  1.55464445226186e-07 -1.55631867216229e-07  3.13581280886395e-05  1.58888900465222e-16  1.50850513967218e-16 -1.13249143079976e-16  2.09764318767571e-16  3.83501809192318e-05
 3.84331796002897e-09  1.55464445226186e-07      1.99997823786968  -2.0475584886527e-05 -0.000187932424651526 -1.94098508883261e-17 -8.93361636602456e-17  -8.4845787321383e-17 -2.46390225262527e-17 -0.000413252544136891
 5.21052801618254e-08 -1.55631867216229e-07  -2.0475584886527e-05      1.99984929961267   0.00280212141701273 -3.89786626816192e-17 -9.37914629991277e-17  1.85578233091856e-16  5.32264415509723e-17   0.00307600713677141
 3.22491641695453e-06  3.13581280886395e-05 -0.000187932424651526   0.00280212141701273      1.07030646525055  1.28469774334658e-16  2.65080337770358e-16 -2.60100166944796e-15 -8.98652669382659e-16  -0.00340797255988705
 7.34845436972911e-18  1.58888900465222e-16 -1.94098508883261e-17 -3.89786626816192e-17  1.28469774334658e-16      1.00771774210307 -5.40020845883331e-15  3.49523665276606e-07  3.98993974024224e-05 -9.20198638617504e-16
 6.12559698711625e-18  1.50850513967218e-16 -8.93361636602456e-17 -9.37914629991277e-17  2.65080337770358e-16 -5.40020845883331e-15      1.00771774210274  3.98993974016674e-05 -3.49523665317348e-07 -2.58979747711119e-15
-4.55168422330684e-18 -1.13249143079976e-16  -8.4845787321383e-17  1.85578233091856e-16 -2.60100166944796e-15  3.49523665276606e-07  3.98993974016674e-05     0.992294604565356  2.51666231615305e-15  1.77161347663964e-16
 9.44778470811137e-18  2.09764318767571e-16 -2.46390225262527e-17  5.32264415509723e-17 -8.98652669382659e-16  3.98993974024224e-05 -3.49523665317348e-07  2.51666231615305e-15     0.992294604565027  9.66895986165148e-17
 2.19533672246144e-06  3.83501809192318e-05 -0.000413252544136891   0.00307600713677141  -0.00340797255988705 -9.20198638617504e-16 -2.58979747711119e-15  1.77161347663964e-16  9.66895986165148e-17     0.929841312518328
TOTAL ENERGY: -127.164211185234	 lambda: 0.2	 population of target: 6.99881788115476
1RDM: 
     1.99999999941207  1.13510342277784e-10  9.87087173709841e-09  5.08975013583183e-08  5.12774228118144e-06  7.98579178943823e-18  5.81783326168432e-18 -4.93705105175855e-18  1.00215490349462e-17  2.32395086130556e-06
 1.13510342277784e-10      1.99999999019893  2.31580265266242e-07  -4.2501686383676e-07  4.61287698228289e-05  1.59081804941039e-16  1.51984672264671e-16 -1.13358333218361e-16  2.08874171417863e-16   5.3568722118143e-05
 9.87087173709841e-09  2.31580265266242e-07      1.99997436117561 -1.62979241275017e-05 -0.000234157487740237 -1.52798310155318e-17 -1.00469787379286e-16 -8.53420852067813e-17 -1.84087392230707e-17 -0.000637275080966568
 5.08975013583183e-08  -4.2501686383676e-07 -1.62979241275017e-05      1.99988953318402   0.00398541939573333 -2.41863377579209e-17 -5.29111585303291e-17  1.41264388500516e-16  4.24888587894292e-17   0.00412281834672124
 5.12774228118144e-06  4.61287698228289e-05 -0.000234157487740237   0.00398541939573333      1.05050048852778  6.11794831242887e-17  1.27461206835518e-16 -1.85652035672686e-15 -6.81484259158146e-16  -0.00325439880496651
 7.98579178943823e-18  1.59081804941039e-16 -1.52798310155318e-17 -2.41863377579209e-17  6.11794831242887e-17      1.00557516396421 -3.20797005883868e-16  3.37805505283526e-07  3.85365494339301e-05    -6.98322419211e-16
 5.81783326168432e-18  1.51984672264671e-16 -1.00469787379286e-16 -5.29111585303291e-17  1.27461206835518e-16 -3.20797005883868e-16      1.00557516396393  3.85365494322602e-05 -3.37805505288788e-07 -1.85103195441937e-15
-4.93705105175855e-18 -1.13358333218361e-16 -8.53420852067813e-17  1.41264388500516e-16 -1.85652035672686e-15  3.37805505283526e-07  3.85365494322602e-05     0.994436580649131 -2.13552329556716e-15  1.16192604953951e-16
 1.00215490349462e-17  2.08874171417863e-16 -1.84087392230707e-17  4.24888587894292e-17 -6.81484259158146e-16  3.85365494339301e-05 -3.37805505288788e-07 -2.13552329556716e-15     0.994436580648851  5.82277593880589e-17
 2.32395086130556e-06   5.3568722118143e-05 -0.000637275080966568   0.00412281834672124  -0.00325439880496651    -6.98322419211e-16 -1.85103195441937e-15  1.16192604953951e-16  5.82277593880589e-17     0.949612138275504
TOTAL ENERGY: -127.164069976539	 lambda: 0.3	 population of target: 6.99939884047363
1RDM: 
     1.99999999931977  1.82653824664947e-11  1.51294288002911e-08  4.83527383864777e-08  6.68266379637388e-06  8.61989663968657e-18  5.47626928061264e-18 -5.32453250295541e-18  1.06299622025479e-17  1.89987370835932e-06
 1.82653824664947e-11      1.99999998839011   2.7468657999589e-07  -6.2536764530396e-07  5.55028784971272e-05  1.59021660765517e-16  1.52730337066053e-16 -1.13393834724585e-16  2.08277554735845e-16  6.32194320555333e-05
 1.51294288002911e-08   2.7468657999589e-07      1.99997194199585 -1.24297483534045e-05 -0.000227141171758411 -1.02486009343778e-17 -1.10222328228426e-16 -8.83414756963514e-17 -1.19365212152753e-17 -0.000823633885767065
 4.83527383864777e-08  -6.2536764530396e-07 -1.24297483534045e-05      1.99989678623719   0.00469348232433304 -1.50334555868143e-17 -3.03213499849567e-17  1.14352713354023e-16  3.75693593938167e-17   0.00470019117853911
 6.68266379637388e-06  5.55028784971272e-05 -0.000227141171758411   0.00469348232433304      1.04137008647523  3.65911143482891e-17   7.6061679898372e-17 -1.52707783004042e-15 -5.90758489888592e-16  -0.00300570688712811
 8.61989663968657e-18  1.59021660765517e-16 -1.02486009343778e-17 -1.50334555868143e-17  3.65911143482891e-17        1.004579463226 -1.15316759925205e-16  3.13881044219021e-07   3.5830745079588e-05 -6.05103129752573e-16
 5.47626928061264e-18  1.52730337066053e-16 -1.10222328228426e-16 -3.03213499849567e-17   7.6061679898372e-17 -1.15316759925205e-16      1.00457946322576  3.58307450778432e-05 -3.13881044216878e-07 -1.52316095357588e-15
-5.32453250295541e-18 -1.13393834724585e-16 -8.83414756963514e-17  1.14352713354023e-16 -1.52707783004042e-15  3.13881044219021e-07  3.58307450778432e-05      0.99543208914665 -1.95005903803715e-15  8.98774458468793e-17
 1.06299622025479e-17  2.08277554735845e-16 -1.19365212152753e-17  3.75693593938167e-17 -5.90758489888592e-16   3.5830745079588e-05 -3.13881044216878e-07 -1.95005903803715e-15     0.995432089146415  4.44983915977653e-17
 1.89987370835932e-06  6.32194320555333e-05 -0.000823633885767065   0.00470019117853911  -0.00300570688712811 -6.05103129752573e-16 -1.52316095357588e-15  8.98774458468793e-17  4.44983915977653e-17     0.958738092837056
TOTAL ENERGY: -127.163972385205	 lambda: 0.4	 population of target: 6.99968162032125
1RDM: 
     1.99999999920149 -5.22419499738753e-11   2.0392591657239e-08  4.81079896118734e-08  8.13514825528107e-06  9.25922963834057e-18  5.11462770831852e-18 -5.71811667496018e-18   1.1259679751448e-17  1.17295513982571e-06
-5.22419499738753e-11      1.99999998679081  3.02389616840162e-07 -7.79089316653227e-07  6.22193680378797e-05  1.58853764357129e-16   1.5330962505338e-16 -1.13382629273467e-16  2.07801179884461e-16  7.04679620760711e-05
  2.0392591657239e-08  3.02389616840162e-07      1.99997018378794 -9.76246564252548e-06 -0.000187434128619792 -4.43648764816878e-18 -1.19787607268215e-16 -9.29589404076151e-17 -5.01321886251897e-18  -0.00100126572056495
 4.81079896118734e-08 -7.79089316653227e-07 -9.76246564252548e-06      1.99989624445676   0.00518992214485126 -8.12381400362544e-18 -1.55506465434024e-17  9.50786734480017e-17  3.52061401763556e-17   0.00508272404547588
 8.13514825528107e-06  6.22193680378797e-05 -0.000187434128619792   0.00518992214485126      1.03659036760788  2.23774925615952e-17  4.55258188078487e-17 -1.35679505741571e-15 -5.49926365604629e-16  -0.00285237582360727
 9.25922963834057e-18  1.58853764357129e-16 -4.43648764816878e-18 -8.12381400362544e-18  2.23774925615952e-17       1.0040550546058  1.36090166499088e-15  2.99139284521456e-07   3.4145245419367e-05 -5.62651294586554e-16
 5.11462770831852e-18   1.5330962505338e-16 -1.19787607268215e-16 -1.55506465434024e-17  4.55258188078487e-17  1.36090166499088e-15       1.0040550546058  3.41452454191643e-05 -2.99139284527475e-07 -1.35275785759913e-15
-5.71811667496018e-18 -1.13382629273467e-16 -9.29589404076151e-17  9.50786734480017e-17 -1.35679505741571e-15  2.99139284521456e-07  3.41452454191643e-05     0.995956418477473 -1.30341619707057e-15  7.11918646154915e-17
  1.1259679751448e-17  2.07801179884461e-16 -5.01321886251897e-18  3.52061401763556e-17 -5.49926365604629e-16   3.4145245419367e-05 -2.99139284527475e-07 -1.30341619707057e-15     0.995956418477479  3.63545278407392e-17
 1.17295513982571e-06  7.04679620760711e-05  -0.00100126572056495   0.00508272404547588  -0.00285237582360727 -5.62651294586554e-16 -1.35275785759913e-15  7.11918646154915e-17  3.63545278407392e-17      0.96352027198857
TOTAL ENERGY: -127.163894657665	 lambda: 0.5	 population of target: 6.99985554642414
1RDM: 
     1.99999999904507 -1.00191889907938e-10  2.64863642756272e-08  5.07917706545745e-08  9.58733693379335e-06  9.90747008714838e-18  4.73639510313846e-18 -6.12047844429236e-18  1.19074122806692e-17  2.07163384695456e-07
-1.00191889907938e-10      1.99999998539709  3.21577764487151e-07 -9.01758840369589e-07  6.73135474897011e-05  1.58625078640812e-16  1.53797775922371e-16 -1.13338402834482e-16  2.07387906594538e-16  7.63950366382265e-05
 2.64863642756272e-08  3.21577764487151e-07      1.99996866601123 -8.11012055167607e-06 -0.000121433521292093  2.16864527231811e-18 -1.29690678491919e-16 -9.89648399080304e-17  2.51440527585993e-18  -0.00118208499606639
 5.07917706545745e-08 -9.01758840369589e-07 -8.11012055167607e-06      1.99989334512906     0.005570156889567  -2.3161835879906e-18 -5.12356913828367e-18  7.99446829763829e-17  3.42849601057627e-17   0.00535925533342514
 9.58733693379335e-06  6.73135474897011e-05 -0.000121433521292093     0.005570156889567      1.03415485046095  1.24541105471683e-17  2.36702969097477e-17 -1.27245424738518e-15 -5.38137385243771e-16   -0.0028003018237436
 9.90747008714838e-18  1.58625078640812e-16  2.16864527231811e-18  -2.3161835879906e-18  1.24541105471683e-17      1.00378554358258 -1.31030487419027e-15  2.94325153354376e-07  3.35984798162246e-05 -5.49855770117234e-16
 4.73639510313846e-18  1.53797775922371e-16 -1.29690678491919e-16 -5.12356913828367e-18  2.36702969097477e-17 -1.31030487419027e-15      1.00378554358239  3.35984798144021e-05 -2.94325153375284e-07 -1.26764472050359e-15
-6.12047844429236e-18 -1.13338402834482e-16 -9.89648399080304e-17  7.99446829763829e-17 -1.27245424738518e-15  2.94325153354376e-07  3.35984798144021e-05     0.996225894317039 -3.49384134425156e-16  5.73181307635832e-17
 1.19074122806692e-17  2.07387906594538e-16  2.51440527585993e-18  3.42849601057627e-17 -5.38137385243771e-16  3.35984798162246e-05 -2.94325153375284e-07 -3.49384134425156e-16     0.996225894316849  3.11827396638045e-17
 2.07163384695456e-07  7.63950366382265e-05  -0.00118208499606639   0.00535925533342514   -0.0028003018237436 -5.49855770117234e-16 -1.26764472050359e-15  5.73181307635832e-17  3.11827396638045e-17     0.965960278157781
TOTAL ENERGY: -127.163821410627	 lambda: 0.6	 population of target: 6.99998902329876
1RDM: 
     1.99999999883042 -1.28943098603965e-10  3.45515752924908e-08   5.6991392988297e-08  1.11003565825609e-05   1.0566860225006e-17  4.34194846375965e-18 -6.53398193709746e-18  1.25728399410821e-17 -9.90074378464678e-07
-1.28943098603965e-10      1.99999998417973   3.3550228666106e-07 -1.00211511893136e-06  7.12794454832406e-05  1.58354041006039e-16  1.54227854752927e-16 -1.13269587667961e-16  2.07014516492854e-16  8.15108741217785e-05
 3.45515752924908e-08   3.3550228666106e-07      1.99996709201594 -7.34352455414157e-06 -3.04635910134607e-05  9.63143255055763e-18 -1.40300440869058e-16 -1.06360781225845e-16  1.07881926627842e-17  -0.00137416725451867
  5.6991392988297e-08 -1.00211511893136e-06 -7.34352455414157e-06      1.99988966819576   0.00587858743780444  2.90225651305651e-18  2.48052555855604e-18  6.73266079129828e-17  3.43241701318613e-17   0.00556809605248304
 1.11003565825609e-05  7.12794454832406e-05 -3.04635910134607e-05   0.00587858743780444      1.03330521273403  4.34516859249258e-18  5.43644918980373e-18 -1.24666017151058e-15 -5.48370033362128e-16  -0.00284852612149196
  1.0566860225006e-17  1.58354041006039e-16  9.63143255055763e-18  2.90225651305651e-18  4.34516859249258e-18      1.00368845436788   2.9749171966287e-15  2.99589448816624e-07  3.41954797409336e-05 -5.59536993756317e-16
 4.34194846375965e-18  1.54227854752927e-16 -1.40300440869058e-16  2.48052555855604e-18  5.43644918980373e-18   2.9749171966287e-15      1.00368845436782  3.41954797401202e-05 -2.99589448767787e-07 -1.24066987917536e-15
-6.53398193709746e-18 -1.13269587667961e-16 -1.06360781225845e-16  6.73266079129828e-17 -1.24666017151058e-15  2.99589448816624e-07  3.41954797401202e-05     0.996322971158314 -3.53717351387055e-15  4.65563862355158e-17
 1.25728399410821e-17  2.07014516492854e-16  1.07881926627842e-17  3.43241701318613e-17 -5.48370033362128e-16  3.41954797409336e-05 -2.99589448767787e-07 -3.53717351387055e-15      0.99632297115825  2.79097672752868e-17
-9.90074378464678e-07  8.15108741217785e-05  -0.00137416725451867   0.00556809605248304  -0.00284852612149196 -5.59536993756317e-16 -1.24066987917536e-15  4.65563862355158e-17  2.79097672752868e-17     0.966815192991884
TOTAL ENERGY: -127.163737272263	 lambda: 0.7	 population of target: 7.0001183244099
1RDM: 
     1.99999999852237 -1.42868799557803e-10  4.66190983370537e-08  6.78563249488468e-08  1.27232984495794e-05  1.12390838778374e-17  3.93009209646206e-18 -6.96118013826408e-18  1.32570360770276e-17 -2.44147505214857e-06
-1.42868799557803e-10      1.99999998311393  3.46072500054553e-07 -1.08501183791863e-06  7.43835244425187e-05  1.58047263196505e-16  1.54616148446136e-16 -1.13182469101811e-16  2.06671758241222e-16  8.61162038226325e-05
 4.66190983370537e-08  3.46072500054553e-07      1.99996513381984  -7.4845673956877e-06   8.7083254878444e-05   1.8044598032136e-17 -1.51977667009298e-16  -1.1528402570544e-16  1.99550568808639e-17  -0.00158543311551942
 6.78563249488468e-08 -1.08501183791863e-06  -7.4845673956877e-06      1.99988571163534   0.00613960549815776  7.80996820088388e-18  8.03558022241096e-18   5.6327722601645e-17  3.50874387042432e-17   0.00572857046493749
 1.27232984495794e-05  7.43835244425187e-05   8.7083254878444e-05   0.00613960549815776      1.03380870763371 -3.36772193500021e-18 -1.21262328842868e-17 -1.27134565489716e-15 -5.80130110040175e-16  -0.00301125559730486
 1.12390838778374e-17  1.58047263196505e-16   1.8044598032136e-17  7.80996820088388e-18 -3.36772193500021e-18      1.00373779068651 -1.51138382115788e-15  3.16218798099041e-07  3.61020809114304e-05 -5.91131829165509e-16
 3.93009209646206e-18  1.54616148446136e-16 -1.51977667009298e-16  8.03558022241096e-18 -1.21262328842868e-17 -1.51138382115788e-15      1.00373779068635  3.61020809095245e-05 -3.16218798125716e-07 -1.26375001207887e-15
-6.96118013826408e-18 -1.13182469101811e-16  -1.1528402570544e-16   5.6327722601645e-17 -1.27134565489716e-15  3.16218798099041e-07  3.61020809095245e-05     0.996273639074128  4.37529873186348e-17  3.79695299340146e-17
 1.32570360770276e-17  2.06671758241222e-16  1.99550568808639e-17  3.50874387042432e-17 -5.80130110040175e-16  3.61020809114304e-05 -3.16218798125716e-07  4.37529873186348e-17      0.99627363907396  2.61236771895341e-17
-2.44147505214857e-06  8.61162038226325e-05  -0.00158543311551942   0.00572857046493749  -0.00301125559730486 -5.91131829165509e-16 -1.26375001207887e-15  3.79695299340146e-17  2.61236771895341e-17     0.966317605753879
TOTAL ENERGY: -127.16361815615	 lambda: 0.8	 population of target: 7.00027659879418
1RDM: 
     1.99999999805326 -1.51011092892364e-10  6.69144886199403e-08   8.5738273716186e-08  1.45055410085638e-05  1.19254245714994e-17  3.49828561089258e-18 -7.40519610006106e-18  1.39621230091442e-17 -4.19842110039598e-06
-1.51011092892364e-10      1.99999998218195   3.5501132779923e-07 -1.15271238492748e-06  7.67724731532007e-05  1.57704088506429e-16   1.5496989846934e-16 -1.13083019931986e-16  2.06359005111256e-16  9.04276984761377e-05
 6.69144886199403e-08   3.5501132779923e-07        1.999962248977 -8.76353889979913e-06  0.000235576079459582  2.75115667294912e-17 -1.65165327153061e-16 -1.26002126134053e-16  3.01698297079443e-17  -0.00182599455454221
  8.5738273716186e-08 -1.15271238492748e-06 -8.76353889979913e-06      1.99988156651094   0.00636846189572318  1.25782447853553e-17  1.19591080211002e-17  4.63804855869607e-17  3.64507928176353e-17   0.00585101821446983
 1.45055410085638e-05  7.67724731532007e-05  0.000235576079459582   0.00636846189572318      1.03578425459946   -1.195308090619e-17 -3.16498483134938e-17 -1.35150685841326e-15 -6.38362093525116e-16   -0.0033304626667922
 1.19254245714994e-17  1.57704088506429e-16  2.75115667294912e-17  1.25782447853553e-17   -1.195308090619e-17      1.00394489365197  3.20738309382929e-16  3.48535134452661e-07  3.97902093393994e-05 -6.49586698715991e-16
 3.49828561089258e-18   1.5496989846934e-16 -1.65165327153061e-16  1.19591080211002e-17 -3.16498483134938e-17  3.20738309382929e-16      1.00394489365173  3.97902093365817e-05 -3.48535134430414e-07 -1.34169166097535e-15
-7.40519610006106e-18 -1.13083019931986e-16 -1.26002126134053e-16  4.63804855869607e-17 -1.35150685841326e-15  3.48535134452661e-07  3.97902093365817e-05     0.996066558832302  -2.4173964294967e-15  3.12043902639945e-17
 1.39621230091442e-17  2.06359005111256e-16  3.01698297079443e-17  3.64507928176353e-17 -6.38362093525116e-16  3.97902093393994e-05 -3.48535134430414e-07  -2.4173964294967e-15     0.996066558832062  2.58632052242811e-17
-4.19842110039598e-06  9.04276984761377e-05  -0.00182599455454221   0.00585101821446983   -0.0033304626667922 -6.49586698715991e-16 -1.34169166097535e-15  3.12043902639945e-17  2.58632052242811e-17      0.96434904470931
TOTAL ENERGY: -127.163411909359	 lambda: 0.9	 population of target: 7.00051800931467
1RDM: 
     1.99999999727561 -1.78681202052623e-10  1.05522294665171e-07  1.15758752848976e-07  1.65055132558582e-05  1.26263826927025e-17   3.0421690166371e-18 -7.87024647318816e-18  1.46914138392743e-17  -6.3558984819819e-06
-1.78681202052623e-10       1.9999999813709  3.65376015869615e-07 -1.20485654505363e-06  7.85118799847938e-05  1.57316116159648e-16  1.55288617081082e-16 -1.12979165530925e-16     2.06085178958e-16  9.46452899968123e-05
 1.05522294665171e-07  3.65376015869615e-07      1.99995725031076 -1.18041801332516e-05   0.00042332223970325  3.81093244676986e-17 -1.80512768490795e-16 -1.38963391851559e-16  4.15793763570072e-17  -0.00211169605849074
 1.15758752848976e-07 -1.20485654505363e-06 -1.18041801332516e-05      1.99987707018058   0.00657598843086489   1.7312658272771e-17  1.44522922140167e-17  3.70744736428123e-17  3.83419076842133e-17   0.00594028362127341
 1.65055132558582e-05  7.85118799847938e-05   0.00042332223970325   0.00657598843086489      1.03978493262023 -2.32795694407036e-17 -5.68740875886536e-17 -1.50843086278991e-15 -7.36201694634165e-16  -0.00390624792425878
 1.26263826927025e-17  1.57316116159648e-16  3.81093244676986e-17   1.7312658272771e-17 -2.32795694407036e-17      1.00436608942702  8.32971192925428e-16  4.06202003052369e-07  4.63682147545293e-05 -7.48115985830728e-16
  3.0421690166371e-18  1.55288617081082e-16 -1.80512768490795e-16  1.44522922140167e-17 -5.68740875886536e-17  8.32971192925428e-16      1.00436608942678  4.63682147513033e-05 -4.06202003016566e-07 -1.49532657110894e-15
-7.87024647318816e-18 -1.12979165530925e-16 -1.38963391851559e-16  3.70744736428123e-17 -1.50843086278991e-15  4.06202003052369e-07  4.63682147513033e-05     0.995645416270444 -2.98954657202881e-15  2.67084911661463e-17
 1.46914138392743e-17     2.06085178958e-16  4.15793763570072e-17  3.83419076842133e-17 -7.36201694634165e-16  4.63682147545293e-05 -4.06202003016566e-07 -2.98954657202881e-15     0.995645416270198  2.77753011877162e-17
 -6.3558984819819e-06  9.46452899968123e-05  -0.00211169605849074   0.00594028362127341  -0.00390624792425878 -7.48115985830728e-16 -1.49532657110894e-15  2.67084911661463e-17  2.77753011877162e-17     0.960357756847456
TOTAL ENERGY: -127.16297335151	 lambda: 1	 population of target: 7.00097665147664
1RDM: 
     1.99999999580517  -3.1180248086337e-10  1.91097946755268e-07  1.70731682226084e-07   1.8801589957461e-05  1.33399783091305e-17  2.55391897703049e-18 -8.36264928508852e-18  1.54500335502258e-17 -9.10153934212842e-06
 -3.1180248086337e-10      1.99999998066057  3.86530024054166e-07 -1.23614925848281e-06  7.95832411049995e-05  1.56860559811386e-16  1.55559547894617e-16  -1.1288595049405e-16  2.05877574796178e-16  9.90272810139858e-05
 1.91097946755268e-07  3.86530024054166e-07      1.99994684276127 -1.82484664398406e-05  0.000666237515471162  4.97677053667341e-17 -1.99170414871307e-16 -1.54943851465102e-16  5.42507386613162e-17  -0.00247303878888954
 1.70731682226084e-07 -1.23614925848281e-06 -1.82484664398406e-05      1.99987168710993   0.00677126301394808  2.20370274541636e-17  1.55158638806261e-17  2.80582540608001e-17  4.06864223907444e-17   0.00599592933445354
  1.8801589957461e-05  7.95832411049995e-05  0.000666237515471162   0.00677126301394808      1.04726479175114 -4.14877362827896e-17 -9.56086017142947e-17 -1.79720255668685e-15 -9.05282002362119e-16  -0.00499428623988197
 1.33399783091305e-17  1.56860559811386e-16  4.97677053667341e-17  2.20370274541636e-17 -4.14877362827896e-17      1.00514847125011  -1.3464535311302e-15  5.13591881478588e-07  5.86104087703299e-05 -9.18544859301571e-16
 2.55391897703049e-18  1.55559547894617e-16 -1.99170414871307e-16  1.55158638806261e-17 -9.56086017142947e-17  -1.3464535311302e-15      1.00514847124993  5.86104087676564e-05 -5.13591881527745e-07  -1.7786281755903e-15
-8.36264928508852e-18  -1.1288595049405e-16 -1.54943851465102e-16  2.80582540608001e-17 -1.79720255668685e-15  5.13591881478588e-07  5.86104087676564e-05     0.994863155775473 -2.22981670050587e-16  2.71143086136323e-17
 1.54500335502258e-17  2.05877574796178e-16  5.42507386613162e-17  4.06864223907444e-17 -9.05282002362119e-16  5.86104087703299e-05 -5.13591881527745e-07 -2.22981670050587e-16     0.994863155775294  3.40267010913546e-17
-9.10153934212842e-06  9.90272810139858e-05  -0.00247303878888954   0.00599592933445354  -0.00499428623988197 -9.18544859301571e-16  -1.7786281755903e-15  2.71143086136323e-17  3.40267010913546e-17     0.952893447861105
-------------------general-----------------------
mullikenoperator: 
  0.00174393162773332     0.041723220577896    0.0001904617421283  0.000168261710690601  3.07495555106377e-05  1.17992831574585e-16 -6.11143382275467e-17 -7.22973483303023e-17  1.21672304193838e-16 -1.76844151610289e-05
    0.041723220577896     0.998228200889311   0.00516412748075817   0.00105752016806533  0.000148913376120782 -6.76028365201547e-17  1.67968402156868e-16 -1.08068042649797e-16 -2.04086697519078e-17  0.000155603534944388
   0.0001904617421283   0.00516412748075818    0.0408582095521635     -0.19788115295877 -0.000197459372429853  1.32315785304396e-16 -5.71277712740914e-17 -2.85479451274732e-17  1.36650284237387e-16  -0.00337526102575373
 0.000168261710690601   0.00105752016806527     -0.19788115295877     0.959032210631078   0.00895475817198079  4.49267785210614e-17  7.39054778720364e-17 -8.05643577321358e-17  2.75294791224393e-17   0.00756603802685323
  3.0749555510638e-05  0.000148913376120779 -0.000197459372429851   0.00895475817198078     0.456799201179165 -7.82651102956639e-17  7.74146593115841e-18 -8.94456399841718e-16 -4.44196011314014e-16     -0.49806753143576
 1.17992831566954e-16 -6.76028365132594e-17  1.32315785234584e-16  4.49267789941767e-17 -7.82651162028221e-17     0.495336844666749  1.00708166812474e-15   0.00438013509356297     0.499959191898936  -3.1138545676732e-16
  -6.111433824095e-17  1.67968402195386e-16 -5.71277714730385e-17  7.39054795146417e-17  7.74143288613497e-18  9.73691254051313e-16     0.495336844666778     0.499959191898937   -0.0043801350935632 -9.87055127483944e-16
-7.22973483438421e-17 -1.08068042621347e-16 -2.85479452650258e-17 -8.05643563736639e-17 -8.94456428768761e-16   0.00438013509356297     0.499959191898937     0.504663155333222 -9.78660980956494e-16 -1.71186537248626e-17
 1.21672304186289e-16 -2.04086697432382e-17  1.36650284174814e-16  2.75294795550954e-17 -4.44196017342473e-16     0.499959191898936  -0.00438013509356315 -9.42946892670924e-16     0.504663155333251  9.26489134336407e-17
-1.76844151610293e-05   0.00015560353494439  -0.00337526102575373   0.00756603802685324     -0.49806753143576 -3.11385463231083e-16 -9.87055157820817e-16 -1.71186794707956e-17  9.26489067847167e-17     0.543338246120552
selected BF: 
0 1 2 3 4
selected lambdas: 
  -1 -0.9 -0.8 -0.7 -0.6 -0.5 -0.4 -0.3 -0.2 -0.1    0  0.1  0.2  0.3  0.4  0.5  0.6  0.7  0.8  0.9    1
RHF C: 
  7.4811674370567e-06     0.995363284168683    -0.260173584996408   0.00555365258738056  -0.00164856347665429  7.75176479347935e-11 -3.63634406398456e-11 -2.27916577634586e-11 -8.01202331550237e-11   0.00149540370578976
-3.69765365650486e-05    0.0190018124167514      1.02838270138739   -0.0219895264851891   0.00659660408673455 -3.11491867816746e-10  1.45837098087823e-10  8.96882761533579e-11  3.14830341725303e-10  -0.00597853370996379
   1.263803158211e-13 -2.14077580284339e-12 -2.47973014484041e-10 -6.19072692218585e-10  8.96547676246121e-08     0.100182664875463   -0.0568315417217818     -0.49011037398978    -0.864017318977413 -9.18615685635498e-10
-3.10946161126181e-14 -4.60837722848362e-13 -3.12537371516052e-11   -1.285419006507e-10  1.63969098458955e-08    0.0568315399473103     0.100182668003263     0.864017318614749    -0.490110374195542 -1.77412355225901e-10
-7.41362627588726e-05  2.09608840366443e-05   0.00662903415911135    0.0121249855578617    -0.999840570103996  9.91745672606615e-09 -3.31828847147712e-09 -2.97829598847904e-08 -8.54814233881718e-08    -0.014277518586875
    0.995050870064147  9.60982812598536e-06  -0.00500459763188543    -0.263002954055484  -0.00440366383007302  1.22141306160022e-10 -7.21797812677192e-11 -7.38125122785627e-11 -2.10185578271487e-10   0.00380356677838118
   0.0201026730746771 -3.43163386754348e-05    0.0194976924082544      1.02862688953274    0.0174189518725054 -4.86976293926751e-10  2.87095308359061e-10  2.94385600306844e-10  8.38293811435181e-10   -0.0148260791368846
  2.2266157475929e-12  1.33248349082932e-12  2.69995348432168e-10  3.60291165166209e-10 -3.66229844849261e-11     0.863934193360675    -0.490091898135632    0.0571744161931189     0.100792974548722  -5.7207891371728e-09
-4.12452125237637e-14   2.5630895135574e-13   4.1034389002509e-11  2.97962865143932e-11  5.11408527631948e-11     0.490091898342635     0.863934192995798    -0.100792977676221    0.0571744144187143  4.04453421731482e-09
 1.12561745792598e-05  5.96378193243338e-05  -0.00220415154324608   -0.0145247462620308   0.00660522403814971 -3.12449568281224e-09  6.35296436782454e-09 -2.33379926695772e-10  1.11174885538616e-09    -0.999906092855494
RDM (no constraint): 
     1.99999999761681  7.87375725719814e-09  9.08636455479537e-07 -2.63951685369634e-07   6.9793235295971e-06 -1.96233199312136e-12  1.12245982319006e-12  1.52443872592428e-13  4.39486366923212e-13  5.58743947897367e-06
 7.87375725719814e-09      1.99999991260567 -7.78861018560315e-06   1.3004779463894e-06 -5.93754696577163e-05 -5.84278595156143e-13  3.99360737696641e-13 -2.49226960886368e-12  -7.3003556732011e-12 -3.76018848673496e-05
 9.08636455479537e-07 -7.78861018560315e-06      1.99783896222857  0.000662355786149528   -0.0410049082456045  1.84673987156517e-10 -6.34837840982186e-11 -1.32756543158685e-09 -3.76939632485454e-09   0.00166372299125292
-2.63951685369634e-07   1.3004779463894e-06  0.000662355786149528      1.99958043342447    0.0110593275102225 -4.18647571649294e-10  2.60020832930794e-10  1.10747150134629e-10  3.11948247552247e-10   -0.0144303777902173
  6.9793235295971e-06 -5.93754696577163e-05   -0.0410049082456045    0.0110593275102225     0.993217430832674  8.97218554010361e-10  3.90772894331751e-10 -2.03323837938937e-10 -3.50704368703465e-10    -0.133408709341014
-1.96233199312136e-12 -5.84278595156143e-13  1.84673987156517e-10 -4.18647571649294e-10  8.97218554010361e-10      1.00344892504009 -1.75158251303759e-15  3.51734631669795e-07   -0.0140061963666081   1.3435490462796e-09
 1.12245982319006e-12  3.99360737696641e-13 -6.34837840982186e-11  2.60020832930794e-10  3.90772894331751e-10 -1.75158251303759e-15      1.00344892514153    0.0140061963417995  3.51734630939894e-07 -5.00141917526365e-10
 1.52443872592428e-13 -2.49226960886368e-12 -1.32756543158685e-09  1.10747150134629e-10 -2.03323837938937e-10  3.51734631669795e-07    0.0140061963417995     0.996567003626519 -4.30829910834881e-15 -3.87559623055337e-09
 4.39486366923212e-13  -7.3003556732011e-12 -3.76939632485454e-09  3.11948247552247e-10 -3.50704368703465e-10   -0.0140061963666081  3.51734630939894e-07 -4.30829910834881e-15     0.996567003727956 -1.13607654758222e-08
 5.58743947897367e-06 -3.76018848673496e-05   0.00166372299125292   -0.0144303777902173    -0.133408709341014   1.3435490462796e-09 -5.00141917526365e-10 -3.87559623055337e-09 -1.13607654758222e-08      1.00933140575574
RDM Eigenvectors: 
    0.999105637646834   -0.0417224054330154  -0.00669731757666223  -0.00152038864296447 -8.31240645949009e-07  -8.8031030589557e-13 -1.42162085684474e-12  1.28192270588042e-12  7.33249846333056e-13  7.88394007088599e-06
  -0.0417531331594026    -0.999019880124442  -0.00792729558014909    0.0123737222873467  1.54185917221067e-05  1.56824092966578e-13  5.56208360168517e-13  2.38908815555659e-12  7.68520081809823e-13 -6.10845795667992e-05
 0.000575343819795426    0.0138004002592643    -0.221330675617531     0.974182782327275    0.0337951329433844 -2.44732905550392e-12 -1.85476052195939e-11  3.43726218126332e-10  1.35847166800691e-10   -0.0254508461409212
 -0.00665168748183973    0.0052785601628876    -0.975031898976249    -0.220910215238778   -0.0209024872621822  2.99002574457618e-11   1.9038732123499e-10  6.58504689605441e-10  2.43685829455793e-10  -0.00156545981488125
-0.000102871448473572  -0.00045139018287028  -0.00359259517073288   -0.0435452918873775     0.682364716669085 -2.15274821413692e-08 -6.04295762097646e-08 -6.11502267752529e-08 -2.12679076514416e-08    -0.729704789571687
 1.09347205697911e-12  1.27072706544173e-12  3.79590075837919e-10   3.0269483880233e-10 -9.03957031801959e-09  -0.00608448241290449    -0.786926225298868     0.617016767950359 -0.000634884820083018   5.1864262886483e-09
-7.87377777324428e-13 -3.63462765148823e-13 -2.47126297437857e-10 -1.61183996952128e-10  6.95072861950619e-09     0.786926227532537  -0.00608448243010293 -0.000634884817059671    -0.617016765101433  1.83561924391696e-09
-1.68934386076028e-12  -1.5287503086404e-11  1.27222370652891e-10 -1.34873748331415e-09  2.00041097505722e-08      0.61699852893388   -0.0047861036757941  0.000789975933265204     0.786949353162614 -2.20224621484947e-08
-4.81361943712445e-12 -4.33169021384324e-11  3.62252384156669e-10 -3.84045051265649e-09  5.87343526012105e-08   0.00478610369765553     0.616998531782721     0.786949350928879 -0.000789975930840431 -6.20101735796309e-08
 0.000118929743757656   4.4757366323856e-05     0.014315208397323       0.0107224246241    -0.729931070870588  4.73746760481971e-09  2.70550739852029e-09 -1.47153784702429e-09 -4.24715025347998e-09    -0.683286704135922
Total C: 
  -0.0417383442568161    -0.997948394207601    0.0443061474864463    -0.242279326497956   -0.0111098021299109 -1.59195023044672e-16 -2.15876015641185e-17  3.36215635041597e-16 -1.93796906307073e-16    0.0067333177683214
-9.37772082681116e-05  -0.00490887097808448    -0.206431816548942      1.00657425630466    0.0440794663110182 -7.98567444594726e-18  -5.2073042918911e-16  -8.6783015837151e-16 -6.95598331684553e-17   -0.0268684681989296
 3.53246920356856e-18  1.47098832738864e-16  -1.0206760282346e-16  4.48403257314232e-17 -1.23605866678716e-14    -0.351864446646618    -0.609242273975162    -0.618474578191605    -0.350007079327989  1.49493171650972e-14
 1.84612398784352e-16 -2.91095650477205e-16  1.68486106279355e-16  6.03829282353417e-17 -6.28167584503595e-15     0.609242273975143    -0.351864446646628     -0.35000707932798     0.618474578191623  7.05219769617047e-15
-5.06257554146277e-05  0.000588317787474695   -0.0099014892020064    0.0471649897011551    -0.671863735782455  9.08133420110501e-16   1.4494884837931e-14  1.57506979191769e-14  1.28826398406963e-15     0.739156393860478
    0.995907972247403   -0.0429807005948359     0.250949962274935    0.0519444434956381  -0.00045378851717988 -2.38547048578867e-18 -6.50025435344587e-18  5.90625335365496e-18 -6.83835958953532e-18   0.00116138411501695
   0.0132516849129754   0.00488576938904302     -1.00766864647774    -0.209188344684195   0.00186614339211424  1.46818460683828e-17  1.98955559520582e-17 -1.69079680728603e-17  2.41383604283213e-17  -0.00468657610717217
   -1.05205600219e-17  1.30246292624359e-16 -2.20476988217879e-17 -3.64973161495207e-16   2.8804324388736e-14     -0.35516382463755    -0.614955043517526     0.612737167926393     0.346760164701887  2.50552839514599e-14
-2.49085045097796e-17  1.93388139787409e-16  -2.3773052192553e-17 -1.24971244883457e-16  9.84318742918957e-15     0.614955043517544     -0.35516382463754     0.346760164701896    -0.612737167926374  8.70773922245759e-15
  -1.549609478068e-05 -0.000214871618889246  0.000311795134488316  -0.00994690495252655     0.734598811596837  5.63129519290031e-15   2.8835499618226e-14 -2.73227080655905e-14 -4.99298106224925e-15     0.678481506890011
Basis set used: STO-3G
Naturals: 
 1.99999999951479  1.99999998851132   1.9999834086989  1.99953986575298  1.13355620426899  1.01443064607029  1.01443064607018 0.985585282697864 0.985585282697755 0.866888675716935
Naturals: 
  1.9999999995148  1.99999998851133  1.99998340869497  1.99953986573337     1.13355619689   1.0144306411342   1.0144306411334 0.985585287631419 0.985585287630615 0.866888683125964
Version: Tmhuysen's fci hack
