Naturals in-correctThe Davidson algorithm did not converge.lambda: -1
The Davidson algorithm did not converge.lambda: -0.9
The Davidson algorithm did not converge.lambda: -0.8
The Davidson algorithm did not converge.lambda: -0.7
The Davidson algorithm did not converge.lambda: -0.6
The Davidson algorithm did not converge.lambda: -0.5
The Davidson algorithm did not converge.lambda: -0.4
The Davidson algorithm did not converge.lambda: -0.3
The Davidson algorithm did not converge.lambda: -0.2
The Davidson algorithm did not converge.lambda: -0.1
TOTAL ENERGY: -127.169229441899	 lambda: 0	 population of target: 6.94479372838715
1RDM: 
     1.99999999718511 -1.46206564311234e-15  1.51567879957623e-14 -8.20755456124412e-13 -8.49682684473366e-12 -9.53679376666832e-18  1.78468477848139e-17 -1.22254579119446e-17  7.07135689903548e-18  7.90110561031831e-12
-1.46206564311234e-15      1.99999994943804 -5.39504175013082e-13 -3.10490058063671e-12 -1.59147930247017e-11  1.12958396609341e-15 -4.63918758580488e-16  -2.4806203018324e-16  4.10299203426465e-18  4.24940053892808e-11
 1.51567879957623e-14 -5.39504175013082e-13       1.9999679059456   1.3595249033039e-11  6.00357981434657e-10 -2.45056097960798e-16  4.25187232559897e-16  2.61795656746886e-16 -1.47600460490488e-16 -9.66965016017149e-10
-8.20755456124412e-13 -3.10490058063671e-12   1.3595249033039e-11      1.99804898987667  3.88000395960043e-10  7.04833297824999e-17   6.4882190892775e-17  9.02463420655291e-17 -1.01297717808163e-16  2.56265639220978e-10
-8.49682684473366e-12 -1.59147930247017e-11  6.00357981434657e-10  3.88000395960043e-10      1.28446212956863  4.60656334920508e-13 -8.59099413388961e-13   8.3695704671546e-13 -4.53316356156813e-13 -1.78304632990878e-10
-9.53679376666832e-18  1.12958396609341e-15 -2.45056097960798e-16  7.04833297824999e-17  4.60656334920508e-13      1.03806613372542  2.23671173012911e-15  8.48617194983673e-11  1.69961964115476e-10  5.78085573347486e-13
 1.78468477848139e-17 -4.63918758580488e-16  4.25187232559897e-16   6.4882190892775e-17 -8.59099413388961e-13  2.23671173012911e-15      1.03806613372531   1.6996182914131e-10 -8.48614462470762e-11 -1.07429190796398e-12
-1.22254579119446e-17  -2.4806203018324e-16  2.61795656746886e-16  9.02463420655291e-17   8.3695704671546e-13  8.48617194983673e-11   1.6996182914131e-10     0.961987500932237 -2.48821607787506e-15  1.03711923097367e-12
 7.07135689903548e-18  4.10299203426465e-18 -1.47600460490488e-16 -1.01297717808163e-16 -4.53316356156813e-13  1.69961964115476e-10 -8.48614462470762e-11 -2.48821607787506e-15     0.961987500932129 -5.59391201735256e-13
 7.90110561031831e-12  4.24940053892808e-11 -9.66965016017149e-10  2.56265639220978e-10 -1.78304632990878e-10  5.78085573347486e-13 -1.07429190796398e-12  1.03711923097367e-12 -5.59391201735256e-13     0.717413758670908
TOTAL ENERGY: -127.167819303454	 lambda: 0.1	 population of target: 6.98595606818349
1RDM: 
     1.99999999686791 -1.25174547859177e-09  2.22388160725912e-08   -2.200153415446e-08 -5.87258300842909e-06  1.02048864814484e-18  7.42813411836111e-20  8.95124575447233e-20  5.77654041302443e-19  3.97265759024121e-06
-1.25174547859177e-09       1.9999999628754  3.49394293785057e-07 -2.75389042409749e-07  6.32576547058183e-05  1.14044485106774e-15 -4.56691123270594e-16  -2.5898246543835e-16     1.26528707826e-17 -0.000103878066499011
 2.22388160725912e-08  3.49394293785057e-07       1.9999577433231 -7.56867180731736e-05  0.000615362184931264 -1.36955428752873e-17   1.8959941407116e-19  7.58125443313023e-19 -1.59276716944498e-17  -0.00010467507227006
  -2.200153415446e-08 -2.75389042409749e-07 -7.56867180731736e-05        1.999361603521   0.00674989363448899   1.1927568077744e-17 -2.21376774122964e-17 -3.67015030493948e-17  1.04975459730275e-17  -0.00872614373629154
-5.87258300842909e-06  6.32576547058183e-05  0.000615362184931264   0.00674989363448899      1.15615120056538 -1.29400082889729e-16  5.35787164344232e-17 -4.55825048633674e-17  2.54994497963838e-16    0.0155482849529196
 1.02048864814484e-18  1.14044485106774e-15 -1.36955428752873e-17   1.1927568077744e-17 -1.29400082889729e-16      1.02128370409839 -2.79384425956235e-15  6.60876203878984e-07  0.000277608267443657 -3.10233583830187e-16
 7.42813411836111e-20 -4.56691123270594e-16   1.8959941407116e-19 -2.21376774122964e-17  5.35787164344232e-17 -2.79384425956235e-15       1.0212837040985  0.000277608267442864 -6.60876203697201e-07  5.68060779946544e-17
 8.95124575447233e-20  -2.5898246543835e-16  7.58125443313023e-19 -3.67015030493948e-17 -4.55825048633674e-17  6.60876203878984e-07  0.000277608267442864     0.978745924168028  3.06371349301244e-15 -6.32291690422981e-17
 5.77654041302443e-19     1.26528707826e-17 -1.59276716944498e-17  1.04975459730275e-17  2.54994497963838e-16  0.000277608267443657 -6.60876203697201e-07  3.06371349301244e-15     0.978745924168142  1.72813032960433e-16
 3.97265759024121e-06 -0.000103878066499011  -0.00010467507227006  -0.00872614373629154    0.0155482849529196 -3.10233583830187e-16  5.68060779946544e-17 -6.32291690422981e-17  1.72813032960433e-16     0.844470236314206
TOTAL ENERGY: -127.166679012774	 lambda: 0.2	 population of target: 6.99409182993103
1RDM: 
     1.99999999649117 -1.16786511109928e-09  2.66512168649307e-08 -3.39613673528651e-08 -9.77994031321925e-06  1.67638732746148e-18   2.5905742098678e-19  2.69162283221667e-19  1.21165936982385e-18  2.80057371887744e-06
-1.16786511109928e-09      1.99999995129796  5.13970238956455e-07 -1.81420558790248e-06  9.86329889158836e-05  1.14780019212892e-15 -4.59803022454703e-16 -2.57987031046589e-16  1.31313350882449e-17 -0.000143262624886335
 2.66512168649307e-08  5.13970238956455e-07      1.99994889938684 -7.31737391853255e-05  0.000936685172314684 -1.91565945732637e-17  3.91539917301334e-18  4.12310708885669e-18 -1.99881263110351e-17  0.000108336863266282
-3.39613673528651e-08 -1.81420558790248e-06 -7.31737391853255e-05      1.99951597474173    0.0100098899396505  1.10641570734957e-17 -2.29505500026014e-17 -4.27612838568207e-17   7.2397411035684e-18   -0.0114882832254873
-9.77994031321925e-06  9.86329889158836e-05  0.000936685172314684    0.0100098899396505      1.11288101094222  6.20320240284185e-17 -1.85165365208189e-17 -3.18795817358566e-17  4.57983315986688e-17    0.0152097645660219
 1.67638732746148e-18  1.14780019212892e-15 -1.91565945732637e-17  1.10641570734957e-17  6.20320240284185e-17      1.01549646919504 -4.42950746188404e-16   6.5373841424936e-07  0.000274602249098264 -4.13432108558163e-17
  2.5905742098678e-19 -4.59803022454703e-16  3.91539917301334e-18 -2.29505500026014e-17 -1.85165365208189e-17 -4.42950746188404e-16      1.01549646919497  0.000274602249096405 -6.53738414111509e-07  2.84549081736842e-17
 2.69162283221667e-19 -2.57987031046589e-16  4.12310708885669e-18 -4.27612838568207e-17 -3.18795817358566e-17   6.5373841424936e-07  0.000274602249096405     0.984528698436669  2.70513486497407e-16  1.51987052999107e-17
 1.21165936982385e-18  1.31313350882449e-17 -1.99881263110351e-17   7.2397411035684e-18  4.57983315986688e-17  0.000274602249098264 -6.53738414111509e-07  2.70513486497407e-16     0.984528698436597 -5.93037649594277e-17
 2.80057371887744e-06 -0.000143262624886335  0.000108336863266282   -0.0114882832254873    0.0152097645660219 -4.13432108558163e-17  2.84549081736842e-17  1.51987052999107e-17 -5.93037649594277e-17     0.887603831876822
TOTAL ENERGY: -127.165967360429	 lambda: 0.3	 population of target: 6.99701819341614
1RDM: 
     1.99999999603326 -9.85325915906505e-10  2.00614742412084e-08 -4.90859455242965e-08 -1.30735563990228e-05  2.35462008849642e-18  4.42204818069915e-19   4.5460706381364e-19  1.88699113069875e-18  2.81307912846883e-07
-9.85325915906505e-10      1.99999993970354  6.09893229595455e-07 -3.02505843584981e-06  0.000121519688376088  1.15157194395367e-15 -4.61484372159989e-16 -2.57746659524539e-16   1.3722837453069e-17 -0.000167998112377509
 2.00614742412084e-08  6.09893229595455e-07      1.99994251984746 -6.70767371252009e-05   0.00118777332494118 -2.49021595626667e-17  7.60094449027662e-18  7.76141851586016e-18 -2.52789529725422e-17  0.000410615032395784
-4.90859455242965e-08 -3.02505843584981e-06 -6.70767371252009e-05      1.99952439799486    0.0119788398341416  1.00450853690929e-17 -2.27174018510725e-17 -4.57021466801997e-17  5.24617029787274e-18   -0.0129338076428325
-1.30735563990228e-05  0.000121519688376088   0.00118777332494118    0.0119788398341416      1.09282146040291   5.4319345631225e-17 -3.89865854396772e-17  -5.2700503430933e-17  3.87586620899327e-17    0.0142149024328403
 2.35462008849642e-18  1.15157194395367e-15 -2.49021595626667e-17  1.00450853690929e-17   5.4319345631225e-17      1.01278836826558   1.4123123482743e-15  6.15438657433194e-07  0.000258511396305198 -3.27912295666359e-17
 4.42204818069915e-19 -4.61484372159989e-16  7.60094449027662e-18 -2.27174018510725e-17 -3.89865854396772e-17   1.4123123482743e-15      1.01278836826554  0.000258511396303968 -6.15438657298473e-07  4.60522752562568e-17
  4.5460706381364e-19 -2.57746659524539e-16  7.76141851586016e-18 -4.57021466801997e-17  -5.2700503430933e-17  6.15438657433194e-07  0.000258511396303968     0.987235349725385 -1.50785013709178e-15  3.28781234984725e-17
 1.88699113069875e-18   1.3722837453069e-17 -2.52789529725422e-17  5.24617029787274e-18  3.87586620899327e-17  0.000258511396305198 -6.15438657298473e-07 -1.50785013709178e-15     0.987235349725345 -5.10288380546445e-17
 2.81307912846883e-07 -0.000167998112377509  0.000410615032395784   -0.0129338076428325    0.0142149024328403 -3.27912295666359e-17  4.60522752562568e-17  3.28781234984725e-17 -5.10288380546445e-17     0.907664250036146
TOTAL ENERGY: -127.165467634166	 lambda: 0.4	 population of target: 6.99846558479088
1RDM: 
     1.99999999543986 -8.22574102408719e-10  5.76336285911932e-09  -6.9928144907209e-08 -1.62592387634238e-05    3.045726449178e-18  6.23115934919297e-19   6.4023344435477e-19  2.58705348563395e-18 -2.99881483986834e-06
-8.22574102408719e-10      1.99999992945991  6.82856221984537e-07 -3.96778324403368e-06  0.000137731690251028  1.15383652068241e-15 -4.62563337532031e-16 -2.57824770306605e-16  1.43443075479138e-17 -0.000186940835192995
 5.76336285911932e-09  6.82856221984537e-07      1.99993677107626 -6.26278903072587e-05   0.00143025080499184 -3.12127372495908e-17  1.15319314249473e-17  1.17582213414798e-17 -3.14159418869321e-17   0.00076675214084316
 -6.9928144907209e-08 -3.96778324403368e-06 -6.26278903072587e-05      1.99950238217428    0.0133432251497021  8.93675095616297e-18 -2.23451474369687e-17 -4.75071119194397e-17  3.46693028106266e-18   -0.0138683058178609
-1.62592387634238e-05  0.000137731690251028   0.00143025080499184    0.0133432251497021      1.08244849414073  4.95235168271328e-17 -5.67982949893735e-17 -7.12877402213074e-17  3.39842934159512e-17    0.0136182566931451
   3.045726449178e-18  1.15383652068241e-15 -3.12127372495908e-17  8.93675095616297e-18  4.95235168271328e-17      1.01137931825616 -2.69001004462282e-15  5.92369209508409e-07   0.00024883454863646 -2.73061602608079e-17
 6.23115934919297e-19 -4.62563337532031e-16  1.15319314249473e-17 -2.23451474369687e-17 -5.67982949893735e-17 -2.69001004462282e-15      1.01137931825614  0.000248834548635768 -5.92369209461889e-07  6.10152446880093e-17
  6.4023344435477e-19 -2.57824770306605e-16  1.17582213414798e-17 -4.75071119194397e-17 -7.12877402213074e-17  5.92369209508409e-07  0.000248834548635768     0.988643802592054  2.64308509501615e-15  4.76640948972815e-17
 2.58705348563395e-18  1.43443075479138e-17 -3.14159418869321e-17  3.46693028106266e-18  3.39842934159512e-17   0.00024883454863646 -5.92369209461889e-07  2.64308509501615e-15     0.988643802592034 -4.61384412337669e-17
-2.99881483986834e-06 -0.000186940835192995   0.00076675214084316   -0.0138683058178609    0.0136182566931451 -2.73061602608079e-17  6.10152446880093e-17  4.76640948972815e-17 -4.61384412337669e-17     0.918066186012547
TOTAL ENERGY: -127.165060268638	 lambda: 0.5	 population of target: 6.99937662420147
1RDM: 
     1.99999999463961 -6.81312250347904e-10 -1.68669416579684e-08 -9.82040551449631e-08 -1.95620170019121e-05  3.74978189007283e-18  8.00868807478456e-19   8.2407508544587e-19  3.30751960611861e-18 -6.93947868678193e-06
-6.81312250347904e-10      1.99999992039356  7.53581184742094e-07 -4.72138600693053e-06  0.000149700234078662  1.15527261495655e-15 -4.63311470456276e-16 -2.58080414509501e-16   1.4979628250729e-17 -0.000202993969353606
-1.68669416579684e-08  7.53581184742094e-07      1.99993036186448 -6.02666660044147e-05   0.00168853111133819 -3.81957903046804e-17  1.58166811156947e-17  1.61729921605552e-17 -3.83894975275427e-17   0.00117374153284329
-9.82040551449631e-08 -4.72138600693053e-06 -6.02666660044147e-05      1.99947371726254    0.0143697319617142   7.6809644183275e-18  -2.1959453589898e-17 -4.87542005717768e-17  1.71002735911808e-18   -0.0145391427115277
-1.95620170019121e-05  0.000149700234078662   0.00168853111133819    0.0143697319617142      1.07738216036223   4.6960506130241e-17 -7.42682954847822e-17 -9.00241513425848e-17  3.08815150598505e-17    0.0135036167996645
 3.74978189007283e-18  1.15527261495655e-15 -3.81957903046804e-17   7.6809644183275e-18   4.6960506130241e-17      1.01068629638459 -3.76978770760236e-15  5.88894260136186e-07  0.000247365090421351 -2.36333990462561e-17
 8.00868807478456e-19 -4.63311470456276e-16  1.58166811156947e-17  -2.1959453589898e-17 -7.42682954847822e-17 -3.76978770760236e-15      1.01068629638457  0.000247365090420563 -5.88894260189728e-07  7.57076268789527e-17
  8.2407508544587e-19 -2.58080414509501e-16  1.61729921605552e-17 -4.87542005717768e-17 -9.00241513425848e-17  5.88894260136186e-07  0.000247365090420563     0.989336566957164  3.71575061914405e-15  6.17507071460132e-17
 3.30751960611861e-18   1.4979628250729e-17 -3.83894975275427e-17  1.71002735911808e-18  3.08815150598505e-17  0.000247365090421351 -5.88894260189728e-07  3.71575061914405e-15     0.989336566957142 -4.35957833967263e-17
-6.93947868678193e-06 -0.000202993969353606   0.00117374153284329   -0.0145391427115277    0.0135036167996645 -2.36333990462561e-17  7.57076268789527e-17  6.17507071460132e-17 -4.35957833967263e-17     0.923168118794191
TOTAL ENERGY: -127.164661560463	 lambda: 0.6	 population of target: 7.00010268019738
1RDM: 
     1.99999999352207  -5.2635884844908e-10 -5.19243478006677e-08 -1.36422887913705e-07 -2.31170333058756e-05  4.46772934866249e-18  9.74485377863324e-19  1.00483515838787e-18  4.04809345727398e-18 -1.15936816370927e-05
 -5.2635884844908e-10      1.99999991220356  8.37420721922699e-07 -5.33380468543991e-06  0.000158623225143536  1.15613494609405e-15 -4.63830427868389e-16 -2.58461772187845e-16  1.56238134415125e-17 -0.000217528687428572
-5.19243478006677e-08  8.37420721922699e-07        1.999921948547 -6.01342010504401e-05   0.00197666332560117 -4.59768977190021e-17  2.05417420947173e-17  2.10755702150487e-17 -4.62832546552086e-17   0.00164000223906669
-1.36422887913705e-07 -5.33380468543991e-06 -6.01342010504401e-05      1.99944469817481    0.0151848205583785  6.25902064797414e-18 -2.15642234027418e-17 -4.96582098497709e-17 -1.08745700800923e-19   -0.0150488714979885
-2.31170333058756e-05  0.000158623225143536   0.00197666332560117    0.0151848205583785       1.0759970253881  4.63102674944893e-17 -9.32381924554804e-17  -1.1087339463978e-16  2.91218400266294e-17    0.0139022422633537
 4.46772934866249e-18  1.15613494609405e-15 -4.59768977190021e-17  6.25902064797414e-18  4.63102674944893e-17      1.01049125194247 -2.11840818326591e-16  6.06405961284722e-07  0.000254751090964577 -2.11536044374454e-17
 9.74485377863324e-19 -4.63830427868389e-16  2.05417420947173e-17 -2.15642234027418e-17 -9.32381924554804e-17 -2.11840818326591e-16      1.01049125194256  0.000254751090966322 -6.06405961214161e-07  9.17635037430189e-17
 1.00483515838787e-18 -2.58461772187845e-16  2.10755702150487e-17 -4.96582098497709e-17  -1.1087339463978e-16  6.06405961284722e-07  0.000254751090966322     0.989531536279604  4.20722879957215e-16   7.6654008932971e-17
 4.04809345727398e-18  1.56238134415125e-17 -4.62832546552086e-17 -1.08745700800923e-19  2.91218400266294e-17  0.000254751090964577 -6.06405961214161e-07  4.20722879957215e-16     0.989531536279692 -4.29549829757717e-17
-1.15936816370927e-05 -0.000217528687428572   0.00164000223906669   -0.0150488714979885    0.0139022422633537 -2.11536044374454e-17  9.17635037430189e-17   7.6654008932971e-17 -4.29549829757717e-17     0.924590845720161
TOTAL ENERGY: -127.16417842024	 lambda: 0.7	 population of target: 7.00084459399937
1RDM: 
     1.99999999189616 -2.74527647065063e-10 -1.09299523761735e-07 -1.89087299922543e-07 -2.70284270986136e-05  5.20057743527681e-18  1.14276819694972e-18  1.18132628889221e-18  4.81022304260504e-18  -1.7114381666849e-05
-2.74527647065063e-10      1.99999990456433  9.54139528289164e-07 -5.83045506567266e-06  0.000165143707162327  1.15649027426844e-15 -4.64146287323688e-16  -2.5895653254216e-16  1.62743886370984e-17 -0.000231416049805236
-1.09299523761735e-07  9.54139528289164e-07      1.99990946350753 -6.27254548869225e-05   0.00230613370555123 -5.47026422574583e-17  2.57920431860497e-17  2.65495459997279e-17 -5.52349292575593e-17   0.00218285323253465
-1.89087299922543e-07 -5.83045506567266e-06 -6.27254548869225e-05      1.99941701290091    0.0158572425939869  4.65439327362468e-18 -2.11405577562007e-17  -5.0316880897483e-17 -2.04267662008032e-18   -0.0154483513756729
-2.70284270986136e-05  0.000165143707162327   0.00230613370555123    0.0158572425939869      1.07788068780936  4.76798831082464e-17 -1.15704696642317e-16 -1.36091036016767e-16  2.86849504540581e-17    0.0149278749092883
 5.20057743527681e-18  1.15649027426844e-15 -5.47026422574583e-17  4.65439327362468e-18  4.76798831082464e-17      1.01073763697667  2.71286875413057e-16  6.49864398910861e-07  0.000272967655846019 -1.95946290439419e-17
 1.14276819694972e-18 -4.64146287323688e-16  2.57920431860497e-17 -2.11405577562007e-17 -1.15704696642317e-16  2.71286875413057e-16      1.01073763697665  0.000272967655845272  -6.4986439875605e-07  1.10841321820645e-16
 1.18132628889221e-18  -2.5895653254216e-16  2.65495459997279e-17  -5.0316880897483e-17 -1.36091036016767e-16  6.49864398910861e-07  0.000272967655845272     0.989285219096256 -3.07768141935526e-16  9.38181203342216e-17
 4.81022304260504e-18  1.62743886370984e-17 -5.52349292575593e-17 -2.04267662008032e-18  2.86849504540581e-17  0.000272967655846019  -6.4986439875605e-07 -3.07768141935526e-16     0.989285219096241  -4.4240556845533e-17
 -1.7114381666849e-05 -0.000231416049805236   0.00218285323253465   -0.0154483513756729    0.0149278749092883 -1.95946290439419e-17  1.10841321820645e-16  9.38181203342216e-17  -4.4240556845533e-17      0.92274722717592
TOTAL ENERGY: -127.163449215404	 lambda: 0.8	 population of target: 7.00181280355545
1RDM: 
     1.99999998939212  2.71887383023051e-10 -2.12128594370365e-07  -2.6510330238484e-07 -3.13868006321795e-05  5.94890664799349e-18  1.30417000071183e-18   1.3522900731482e-18  5.59660088378031e-18 -2.37812922047468e-05
 2.71887383023051e-10      1.99999989702675  1.14130844749635e-06 -6.21818854341448e-06  0.000169600453620242   1.1562671426221e-15 -4.64229124558325e-16 -2.59581484129892e-16  1.69280766179426e-17  -0.00024541161358428
-2.12128594370365e-07  1.14130844749635e-06      1.99988880677064 -6.93102205636831e-05   0.00268899652735948 -6.45415373501693e-17  3.16545817978577e-17  3.26930942612716e-17 -6.54280293105173e-17   0.00283264815889638
 -2.6510330238484e-07 -6.21818854341448e-06 -6.93102205636831e-05      1.99939081418981    0.0164277812032162  2.84505941095826e-18 -2.06737357180944e-17 -5.07915356336744e-17 -4.13712605312863e-18   -0.0157655416037031
-3.13868006321795e-05  0.000169600453620242   0.00268899652735948    0.0164277812032162      1.08351382447379  5.17746656831675e-17 -1.44530204891118e-16 -1.69065981039428e-16  2.99707972986444e-17    0.0168704221398129
 5.94890664799349e-18   1.1562671426221e-15 -6.45415373501693e-17  2.84505941095826e-18  5.17746656831675e-17      1.01148717440138 -1.77922896100043e-15  7.30630470065666e-07  0.000306910110306036 -1.89417156070571e-17
 1.30417000071183e-18 -4.64229124558325e-16  3.16545817978577e-17 -2.06737357180944e-17 -1.44530204891118e-16 -1.77922896100043e-15      1.01148717440143  0.000306910110307177 -7.30630470027816e-07  1.35226541262044e-16
  1.3522900731482e-18 -2.59581484129892e-16  3.26930942612716e-17 -5.07915356336744e-17 -1.69065981039428e-16  7.30630470065666e-07  0.000306910110307177     0.988535925230493  1.89005054797841e-15  1.15078476940803e-16
 5.59660088378031e-18  1.69280766179426e-17 -6.54280293105173e-17 -4.13712605312863e-18  2.99707972986444e-17  0.000306910110306036 -7.30630470027816e-07  1.89005054797841e-15     0.988535925230539 -4.80310492400586e-17
-2.37812922047468e-05  -0.00024541161358428   0.00283264815889638   -0.0157655416037031    0.0168704221398129 -1.89417156070571e-17  1.35226541262044e-16  1.15078476940803e-16 -4.80310492400586e-17      0.91716046888309
TOTAL ENERGY: -127.162091263359	 lambda: 0.9	 population of target: 7.00340109182888
1RDM: 
     1.99999998518507  1.64212786893203e-09 -4.20110269887855e-07 -3.84371731232945e-07 -3.62565431613321e-05  6.71162233164348e-18  1.45663089142894e-18  1.51638366089321e-18  6.41114413870787e-18 -3.21152540044843e-05
 1.64212786893203e-09      1.99999988867887  1.49080346607616e-06  -6.4786786718703e-06  0.000172123733310516  1.15520290147983e-15  -4.6397090911521e-16 -2.60393765170857e-16  1.75766391541514e-17 -0.000260449712835707
-4.20110269887855e-07  1.49080346607616e-06      1.99985007541522 -8.29565471139445e-05    0.0031392404847594 -7.56694557257362e-17  3.82079516061416e-17   3.9615510708663e-17 -7.70845170380702e-17   0.00364654346250189
-3.84371731232945e-07  -6.4786786718703e-06 -8.29565471139445e-05      1.99936547757438    0.0169207745822423  8.01658175569493e-19  -2.0183602443666e-17 -5.11647879433089e-17 -6.43923857922357e-18   -0.0160159504955532
-3.62565431613321e-05  0.000172123733310516    0.0031392404847594    0.0169207745822423      1.09462724386528  6.05741229079053e-17 -1.84730047529303e-16 -2.15955538455283e-16  3.42992662517277e-17     0.020429457412086
 6.71162233164348e-18  1.15520290147983e-15 -7.56694557257362e-17  8.01658175569493e-19  6.05741229079053e-17       1.0129645092097 -9.62477216211033e-15  8.76468480928002e-07  0.000368161436487461 -1.95371539729308e-17
 1.45663089142894e-18  -4.6397090911521e-16  3.82079516061416e-17  -2.0183602443666e-17 -1.84730047529303e-16 -9.62477216211033e-15       1.0129645092097  0.000368161436486942 -8.76468481417347e-07   1.6875894469041e-16
 1.51638366089321e-18 -2.60393765170857e-16   3.9615510708663e-17 -5.11647879433089e-17 -2.15955538455283e-16  8.76468480928002e-07  0.000368161436486942     0.987059152052222  9.61285666492239e-15  1.43241915837092e-16
 6.41114413870787e-18  1.75766391541514e-17 -7.70845170380702e-17 -6.43923857922357e-18  3.42992662517277e-17  0.000368161436487461 -8.76468481417347e-07  9.61285666492239e-15     0.987059152052218 -5.59819957464344e-17
-3.21152540044843e-05 -0.000260449712835707   0.00364654346250189   -0.0160159504955532     0.020429457412086 -1.95371539729308e-17   1.6875894469041e-16  1.43241915837092e-16 -5.59819957464344e-17      0.90611000675737
TOTAL ENERGY: -127.158925470285	 lambda: 1	 population of target: 7.00670891914192
1RDM: 
     1.99999997701045  5.54349309052354e-09 -9.18347985190537e-07 -6.00479700342632e-07 -4.15749624061004e-05   7.4815611733791e-18  1.59718462784348e-18  1.67228973671851e-18  7.25878201561085e-18 -4.32446486445123e-05
 5.54349309052354e-09      1.99999987680373  2.28965874108211e-06 -6.53264614185202e-06  0.000172664383987162  1.15260181024064e-15 -4.63085864324889e-16 -2.61541622865705e-16  1.81938221468705e-17 -0.000278216938878924
-9.18347985190537e-07  2.28965874108211e-06      1.99976320864696 -0.000112048267858328   0.00366987399002664 -8.81848279276823e-17  4.54766117784988e-17  4.74217914272811e-17 -9.04132319482152e-17   0.00475267534626091
-6.00479700342632e-07 -6.53264614185202e-06 -0.000112048267858328      1.99933937333333    0.0173449276286384  -1.5110689806037e-18 -1.98383147224281e-17 -5.16813370229461e-17 -9.00124337202615e-18   -0.0162048794345087
-4.15749624061004e-05  0.000172664383987162   0.00366987399002664    0.0173449276286384      1.11582795255659  7.98903922460481e-17 -2.46598857554147e-16 -2.89917817457723e-16  4.59514816449258e-17    0.0275212761719349
  7.4815611733791e-18  1.15260181024064e-15 -8.81848279276823e-17  -1.5110689806037e-18  7.98903922460481e-17      1.01576160026374 -2.89613104191452e-15  1.16064622593381e-06  0.000487532330107551 -2.26281393017102e-17
 1.59718462784348e-18 -4.63085864324889e-16  4.54766117784988e-17 -1.98383147224281e-17 -2.46598857554147e-16 -2.89613104191452e-15      1.01576160026361  0.000487532330101386 -1.16064622590668e-06  2.18829557505129e-16
 1.67228973671851e-18 -2.61541622865705e-16  4.74217914272811e-17 -5.16813370229461e-17 -2.89917817457723e-16  1.16064622593381e-06  0.000487532330101386     0.984263402520428   2.5749636468076e-15  1.82877775058454e-16
 7.25878201561085e-18  1.81938221468705e-17 -9.04132319482152e-17 -9.00124337202615e-18  4.59514816449258e-17  0.000487532330107551 -1.16064622590668e-06   2.5749636468076e-15     0.984263402520293 -7.27819534534224e-17
-4.32446486445123e-05 -0.000278216938878924   0.00475267534626091   -0.0162048794345087    0.0275212761719349 -2.26281393017102e-17  2.18829557505129e-16  1.82877775058454e-16 -7.27819534534224e-17     0.885019606080968
-------------------general-----------------------
mullikenoperator: 
 7.72135800017997e-08  0.000238867248368563 -3.08722639633133e-05  0.000227195046136307 -2.30351427208926e-05   1.2935018277783e-16  4.64295220510697e-17  4.79288985538968e-17    1.321173492372e-16 -3.55903857130927e-05
 0.000238867248368563     0.999888408692267    0.0104464118033402   0.00144711158764262  0.000383306685120882  6.74233045800997e-16  -1.6849225810854e-16  5.53256174506712e-17 -4.90304256332916e-16  -0.00040126396479297
-3.08722639633134e-05    0.0104464118033402    0.0193504435154312     -0.13734287495661  0.000532150582032775 -8.08238935350965e-17  6.04226548233363e-17  6.95661589671436e-17 -9.38387529687766e-17   0.00735766691630099
 0.000227195046136307   0.00144711158764259     -0.13734287495661       0.9798727927373    0.0236420278962156 -9.24039175575983e-18  2.64040690684444e-17 -1.13151087330199e-17 -2.17507861518809e-17    -0.018679748460121
-2.30351427208923e-05  0.000383306685120879  0.000532150582032769    0.0236420278962156      0.40951786883528  4.93088790026073e-17 -4.63190674372925e-19 -4.57094016609697e-18  4.46138395087312e-17     0.491300118621853
 1.29350182777834e-16  6.74233045801001e-16 -8.08238935351112e-17 -9.24039175571407e-18  4.93088790016271e-17     0.487917769154321 -3.04103355140594e-15    0.0011899597674145     0.499853837597085  5.24565779054097e-17
 4.64295220510699e-17 -1.68492258108538e-16  6.04226548233307e-17  2.64040690685218e-17 -4.63190674957197e-19 -3.01556768803438e-15     0.487917769154343     0.499853837597086  -0.00118995976741489  9.77715416256367e-17
  4.7928898553897e-17  5.53256174506721e-17   6.9566158967138e-17  -1.1315108732942e-17 -4.57094016654732e-18   0.00118995976741454     0.499853837597086     0.512082230845657     2.87256481751e-15  9.66154532372263e-17
 1.32117349237205e-16 -4.90304256332916e-16 -9.38387529687786e-17 -2.17507861519297e-17  4.46138395083318e-17     0.499853837597085  -0.00118995976741488  2.84104128003254e-15     0.512082230845678  4.78585138287933e-17
-3.55903857130923e-05 -0.000401263964792971   0.00735766691630098    -0.018679748460121     0.491300118621853  5.24565779079518e-17  9.77715416262686e-17  9.66154532376952e-17  4.78585138306541e-17     0.591370409006142
selected BF: 
0 1 2 3 4
selected lambdas: 
  -1 -0.9 -0.8 -0.7 -0.6 -0.5 -0.4 -0.3 -0.2 -0.1    0  0.1  0.2  0.3  0.4  0.5  0.6  0.7  0.8  0.9    1
RHF C: 
 2.14061908469261e-05     0.995353852843123     -0.25972477203294    0.0165885676925035  -0.00253604615603844 -6.32539212145413e-14  3.27506959094305e-14 -3.31021038454972e-15 -6.58389188234334e-15   0.00385173144909906
-0.000112892392858442    0.0190392134618411      1.02646574247778   -0.0656893855412012    0.0101534835359026  2.53860682874232e-13 -1.31440314647302e-13  1.28719044227573e-14  2.56082257961543e-14   -0.0155203797836658
-1.61825378884688e-16  5.21486618267076e-17  6.46159778015115e-14  5.64824054757392e-14 -6.69530864427472e-12    0.0357262938791215    -0.130070318892457    -0.954759040290422    -0.265038752110988  1.11167580220199e-13
-2.89432530157786e-17  5.42469414657625e-17    6.979433552066e-14  6.05230945167511e-14 -7.20075958776612e-12     0.130070318891754    0.0357262938793115     0.265038752110962    -0.954759040290518  1.18540691440288e-13
-0.000197895343420593  3.76527127902348e-05    0.0112427748227808    0.0247406205702756    -0.999290690654607 -4.95988922715242e-13  2.62405973902505e-13  4.52691154031186e-12  8.73351497250238e-12   -0.0348117844832453
    0.995059140255922  3.12239062343715e-05   -0.0149384713416988    -0.262457444512656  -0.00985923501045543 -9.05382235045852e-14  4.68909763036311e-14  2.80129272085393e-14  5.41121796689266e-14   0.00423535763278017
   0.0200706306034358 -0.000109704260722255    0.0580591646545119      1.02662554119626    0.0395466569954804  3.59823566738348e-13 -1.86455493595515e-13 -1.14501328562412e-13   -2.205631672952e-13   -0.0164821788564049
-1.12100121730119e-15 -7.74104038175517e-17 -6.54987842735913e-14 -1.06288374516199e-13  2.27416515235923e-13     0.262359177997869    -0.955182814702806     0.132111694405709    0.0366738801590403  8.81739954422519e-12
-1.21319101238525e-15 -8.27106036954378e-17 -7.07413528569761e-14 -1.14868123013483e-13  2.46665018173385e-13     0.955182814702904     0.262359177997843   -0.0366738801592283     0.132111694405006  9.55807730672541e-12
 6.44008621388564e-06   0.00016691583640707  -0.00515017772748631   -0.0166592567235169    0.0149712152942544  1.14770472022069e-11 -5.93247739753523e-12  6.57772467093567e-13  1.28569190245421e-12    -0.999985809019071
RDM (no constraint): 
     1.99999999248145  2.21283201718752e-08  2.65128372721845e-06 -1.24094896197929e-06   1.3876456107461e-05  1.56005980707108e-15 -8.29083729934857e-16 -1.38711315686527e-16 -1.12470377438722e-16 -7.52520264528816e-06
 2.21283201718752e-08      1.99999960709642  -2.7620637544345e-05  5.26889518738775e-06  -9.0126786222424e-05  9.63519072017779e-16 -4.98179426353428e-16  5.10124249033491e-16  9.82131638451236e-16 -8.31861957334309e-05
 2.65128372721845e-06  -2.7620637544345e-05      1.99594223878366   0.00175478762288106    -0.044206438733008 -8.42720779548332e-15  4.44908296344979e-15  2.47195659247969e-13  4.77326059255387e-13   0.00387477618479205
-1.24094896197929e-06  5.26889518738775e-06   0.00175478762288106      1.99886639135035    0.0235842752804654  3.15293885551439e-13 -1.63335924668367e-13  -4.5289528488966e-14 -8.71404135207016e-14   -0.0143557007620163
  1.3876456107461e-05  -9.0126786222424e-05    -0.044206438733008    0.0235842752804654     0.965424945545719   2.8754392359093e-12 -1.48440103895613e-12  3.26771141847248e-13  6.34387547611707e-13    -0.281903717984822
 1.56005980707108e-15  9.63519072017779e-16 -8.42720779548332e-15  3.15293885551439e-13   2.8754392359093e-12      1.01115938277572 -3.75118980066995e-17  9.89725042815136e-05   -0.0363737035570008 -6.33585375136167e-13
-8.29083729934857e-16 -4.98179426353428e-16  4.44908296344979e-15 -1.63335924668367e-13 -1.48440103895613e-12 -3.75118980066995e-17      1.01115938277576    0.0363737035569449  9.89725042808606e-05  3.29426783713117e-13
-1.38711315686527e-16  5.10124249033491e-16  2.47195659247969e-13  -4.5289528488966e-14  3.26771141847248e-13  9.89725042815136e-05    0.0363737035569449     0.988894251880337 -1.46086689215268e-16  1.01969663669884e-12
-1.12470377438722e-16  9.82131638451236e-16  4.77326059255387e-13 -8.71404135207016e-14  6.34387547611707e-13   -0.0363737035570008  9.89725042808606e-05 -1.46086689215268e-16     0.988894251880377  1.95893947204542e-12
-7.52520264528816e-06 -8.31861957334309e-05   0.00387477618479205   -0.0143557007620163    -0.281903717984822 -6.33585375136167e-13  3.29426783713117e-13  1.01969663669884e-12  1.95893947204542e-12      1.03965955543022
RDM Eigenvectors: 
    0.999961522440659 -0.000336375711140484   0.00870912276133563  0.000995598329131269  2.08663285624665e-05 -1.22039024163966e-15 -7.04795194009351e-16  3.87259045441251e-16  8.33033041432312e-16  4.33958254716083e-06
 0.000241017950864549      0.99983938330314    0.0124207811254871   -0.0129176026431878  2.85424344815628e-06  1.13399468015893e-15 -4.78968675405174e-16 -1.84730663715328e-16  1.24678978149744e-16 -9.61061048756252e-05
-0.000746646380251175   -0.0150988401009776     0.197172345988265     -0.97892608842992   -0.0449477481092178 -2.34615068378503e-15 -1.42933361967282e-15  6.27849784567182e-14  1.19613074158698e-13   -0.0240405252745773
  -0.0087329793188325  -0.00964215259551713     0.979868982956908     0.195663902499899    0.0368879733658342  -4.8030879461827e-14  -2.4790477059654e-14  7.87266452396866e-14  1.49021178614565e-13   0.00651574124773093
-0.000202597869506263  0.000368662193213062    0.0192244563230891    0.0524713269514627    -0.655986195814909 -5.87329492798349e-12 -3.09617658226812e-12 -3.40171042593066e-12 -6.42092677785908e-12    -0.752701211683366
-1.92580173566944e-15 -1.52728140725299e-15  3.80316345848763e-13  2.56457797693854e-13 -9.21790685622407e-12     0.803941657345386   0.00274049997292955   -0.0034429637041857    -0.594691892702082  6.86527529826153e-12
 9.72530359672032e-16  7.69361240314429e-18 -1.96939225923988e-13 -1.32757698157399e-13  4.76981239416258e-12   0.00274049997292605     -0.80394165734581     0.594691892701509  -0.00344296370418909 -3.54389739447738e-12
 2.21431424326479e-16 -3.12687171612672e-15 -1.61783204428637e-14 -2.58903018643624e-13  2.41161737072173e-12   0.00364538066749087    -0.594690686360363    -0.803917214709453   0.00684183088243048  3.87237122599046e-12
 5.78690196197408e-16 -4.70997525881738e-15 -3.07696426313567e-14 -4.99537836133647e-13  4.63211079118713e-12    -0.594690686360937  -0.00364538066748424   -0.0068418308824342    -0.803917214709029  7.47155726754925e-12
 0.000179148011453415 -0.000111608670884567   -0.0194971247244421   -0.0223216223352582     0.752529791980095  8.36157976692645e-12  4.35965104496359e-12 -4.15854462340048e-12 -7.93352763984323e-12     -0.65789092936116
Total C: 
 0.000311562283076543      0.99895420366574   -0.0227165126787467     0.244420528195971    0.0168509576396251  1.18339981606108e-15 -3.82955845142521e-16 -1.74883200107769e-16  2.97265798476477e-17   0.00563121310420847
-0.000305879661802484   0.00417661379948212     0.138756963810289     -1.01705398229818   -0.0669005131620341 -9.37775697411173e-17 -3.30252118107028e-16 -2.89130483313533e-16 -8.66911735345537e-17   -0.0225384432193522
 1.12971095230875e-16  2.29412184605645e-16  8.74957426644446e-18  2.03021859242286e-17 -5.06887968641842e-15     0.182501015464129     0.673419331771461     0.691885810248627     0.185738605560617 -5.96153935195979e-15
 1.60940666477667e-16 -7.81246287172413e-16 -1.53580844191226e-16 -2.79327059224932e-17 -4.61935043105173e-17     0.673419331771447    -0.182501015464137    -0.185738605560609      0.69188581024864 -1.00105172096883e-16
-0.000226114655833052 -0.000735107866540925   0.00792598465180002   -0.0578227356592086     0.629731283660124  1.56829489964122e-15  5.31645383584478e-15  5.46048793051134e-15   1.5905768460581e-15     0.774960587718255
    0.997326805740789   0.00244860605534664     -0.25172499836028   -0.0363513798336922  0.000665445610747158   1.0424175170708e-17  1.50677441384626e-17   1.7475440236799e-17  5.31659824179225e-18   0.00328799381077317
   0.0110500177912578   -0.0108755251718354      1.01866123968086     0.146502302786866  -0.00308446630659109 -4.11610315144364e-17 -6.52521586495046e-17 -7.23630133510767e-17 -2.51482740492387e-17    -0.013629789461931
 5.96780739906142e-18  4.26506416986066e-17  1.07258852281413e-17  3.55972390325651e-18  -7.6797413406051e-16     0.186975776354985     0.689930965964516    -0.675400550961908    -0.181313094088742  6.52605054705605e-16
-1.08772769864903e-17 -8.46811880112714e-16  2.54939810289283e-18 -1.10633953674024e-20   1.9483342600655e-18     0.689930965964529    -0.186975776354978      0.18131309408875    -0.675400550961894 -1.02132206882157e-18
-2.63682313705204e-05  0.000522406074216661   0.00244742926094122    0.0248867435156125    -0.762723060128071 -1.51821352033263e-16 -5.61873325889981e-16   8.2059576603242e-16  2.16289465433693e-16     0.646627990909122
Basis set used: STO-3G
Naturals: 
 1.99999999718511  1.99999994943802  1.99996790594629  1.99804899003765  1.28446213194545  1.03806614065873  1.03806614065868 0.961987493997412 0.961987493997369 0.717413756135299
Naturals: 
 1.99999999718511  1.99999994943804   1.9999679059456  1.99804898987667  1.28446212956863  1.03806613372542  1.03806613372531 0.961987500932237 0.961987500932129 0.717413758670908
Version: Tmhuysen's fci hack
