Naturals in-correctThe Davidson algorithm did not converge.lambda: -1
The Davidson algorithm did not converge.lambda: -0.9
The Davidson algorithm did not converge.lambda: -0.8
The Davidson algorithm did not converge.lambda: -0.7
The Davidson algorithm did not converge.lambda: -0.6
The Davidson algorithm did not converge.lambda: -0.5
The Davidson algorithm did not converge.lambda: -0.4
The Davidson algorithm did not converge.lambda: -0.3
The Davidson algorithm did not converge.lambda: -0.2
The Davidson algorithm did not converge.lambda: -0.1
TOTAL ENERGY: -127.163632680187	 lambda: 0	 population of target: 6.99719640445731
1RDM: 
     1.99999999991147 -7.58662861608893e-16 -2.12500367674488e-14 -1.80243086560453e-13  2.40654592666408e-13 -1.28764426213506e-16 -2.97958811427684e-17  8.36959645342976e-17 -2.75056796248124e-16  1.48522227070462e-12
-7.58662861608893e-16      1.99999999674344  2.17547304980872e-14 -5.90620730278125e-13  1.01074964937709e-12  1.78146405261973e-16  1.57024650832261e-16  1.88148479616048e-16 -1.46558543114588e-16  2.74085408518141e-11
-2.12500367674488e-14  2.17547304980872e-14      1.99998937885459 -1.09595231806802e-11 -5.84630403790344e-11 -6.75592015857087e-15  -1.8431036826789e-15  8.56730107121689e-16 -1.28616068132984e-16 -5.87039802533516e-10
-1.80243086560453e-13 -5.90620730278125e-13 -1.09595231806802e-11      1.99987530462259  2.90606702386746e-10   3.3859681739954e-14  8.55341086694537e-15  8.33282429187241e-15 -3.51391314639637e-14  1.54944383701467e-09
 2.40654592666408e-13  1.01074964937709e-12 -5.84630403790344e-11  2.90606702386746e-10      1.06424503321543  5.92350355478465e-13   2.9842976680366e-13  4.12092769818509e-13 -1.18392900605031e-12  9.70305749376759e-10
-1.28764426213506e-16  1.78146405261973e-16 -6.75592015857087e-15   3.3859681739954e-14  5.92350355478465e-13      1.00592985185423 -3.43365219417169e-15  2.59324884271704e-10  4.99006307694058e-11   1.1887945530928e-12
-2.97958811427684e-17  1.57024650832261e-16  -1.8431036826789e-15  8.55341086694537e-15   2.9842976680366e-13 -3.43365219417169e-15      1.00592985185417 -4.99008295162932e-11  2.59324650832159e-10  4.22792498868214e-13
 8.36959645342976e-17  1.88148479616048e-16  8.56730107121689e-16  8.33282429187241e-15  4.12092769818509e-13  2.59324884271704e-10 -4.99008295162932e-11     0.994077797592435 -3.54554063356974e-15   2.9604818094525e-13
-2.75056796248124e-16 -1.46558543114588e-16 -1.28616068132984e-16 -3.51391314639637e-14 -1.18392900605031e-12  4.99006307694058e-11  2.59324650832159e-10 -3.54554063356974e-15     0.994077797592376 -5.61624218593004e-13
 1.48522227070462e-12  2.74085408518141e-11 -5.87039802533516e-10  1.54944383701467e-09  9.70305749376759e-10   1.1887945530928e-12  4.22792498868214e-13   2.9604818094525e-13 -5.61624218593004e-13      0.93587498775934
TOTAL ENERGY: -127.163562203558	 lambda: 0.1	 population of target: 6.99935445442581
1RDM: 
     1.99999999990665  3.91759058420155e-11    2.986685079392e-09  1.70139885031425e-08 -1.58616112978561e-06 -1.47769765747091e-16 -3.39147767915928e-17   7.7919267005769e-17 -2.50951253636597e-16  1.00223423047964e-06
 3.91759058420155e-11      1.99999999795713  5.51095340286976e-08 -9.96048738557764e-08 -1.25965457194682e-05 -4.80090359723148e-17  1.03796452173858e-16  1.37243563183608e-16  6.30889702270595e-17  1.37162151615115e-05
   2.986685079392e-09  5.51095340286976e-08      1.99998618200204 -6.66594404906066e-06  0.000253881912298593 -1.37430071964217e-15 -5.82977566574575e-16  1.98744739095273e-15 -4.67318837954229e-15 -0.000343298001777678
 1.70139885031425e-08 -9.96048738557764e-08 -6.66594404906066e-06      1.99994986625727  -0.00116355008326465  1.37463566338637e-14  3.67188396350981e-15  3.66897287332835e-15 -1.57824389926082e-14   0.00119185608054392
-1.58616112978561e-06 -1.25965457194682e-05  0.000253881912298593  -0.00116355008326465      1.03355319599022  1.39057446044385e-13  4.06316079356022e-14  1.01207949394955e-13 -4.52232814703116e-13  0.000787486223261386
-1.47769765747091e-16 -4.80090359723148e-17 -1.37430071964217e-15  1.37463566338637e-14  1.39057446044385e-13      1.00313685273635 -1.94277668706272e-15  1.28265474134803e-08  6.72371219211324e-06  4.53666444389474e-13
-3.39147767915928e-17  1.03796452173858e-16 -5.82977566574575e-16  3.67188396350981e-15  4.06316079356022e-14 -1.94277668706272e-15      1.00313685273658 -6.72371219211051e-06  1.28265472762688e-08    1.025191067809e-13
  7.7919267005769e-17  1.37243563183608e-16  1.98744739095273e-15  3.66897287332835e-15  1.01207949394955e-13  1.28265474134803e-08 -6.72371219211051e-06     0.996870187392537 -1.50481585489704e-15  3.90001716719805e-14
-2.50951253636597e-16  6.30889702270595e-17 -4.67318837954229e-15 -1.57824389926082e-14 -4.52232814703116e-13  6.72371219211324e-06  1.28265472762688e-08 -1.50481585489704e-15     0.996870187392767  -1.3494799279283e-13
 1.00223423047964e-06  1.37162151615115e-05 -0.000343298001777678   0.00119185608054392  0.000787486223261386  4.53666444389474e-13    1.025191067809e-13  3.90001716719805e-14  -1.3494799279283e-13     0.966496677628476
TOTAL ENERGY: -127.163509612722	 lambda: 0.2	 population of target: 6.9997305075787
1RDM: 
     1.99999999989136  2.43641926726192e-11  5.69022867736086e-09  1.75564364871292e-08 -2.48634498417654e-06 -1.53685864914244e-16 -3.53491046096116e-17  7.49337864097055e-17 -2.38698676264838e-16  1.13924582891395e-06
 2.43641926726192e-11      1.99999999786683  7.58652547139586e-08 -1.53043957216631e-07 -1.84055423735832e-05 -1.47341562749233e-16  8.00612296854366e-17  1.13550609272355e-16  1.58945027644095e-16  1.94966729374309e-05
 5.69022867736086e-09  7.58652547139586e-08      1.99998406832464 -5.16133068792281e-06  0.000337778415983827  9.47521482083614e-16 -3.72311578489494e-17  2.41306409659906e-15 -6.35437707998636e-15 -0.000499346326835023
 1.75564364871292e-08 -1.53043957216631e-07 -5.16133068792281e-06      1.99996109629783  -0.00163876712882103  6.18624024980192e-15  1.82063240801127e-15    1.816473363915e-15 -8.08444664901814e-15   0.00162121639594867
-2.48634498417654e-06 -1.84055423735832e-05  0.000337778415983827  -0.00163876712882103      1.02404749004877  9.73219884330065e-14  2.85311185371893e-14  7.23237529607088e-14 -3.23394064428687e-13  0.000748170992259442
-1.53685864914244e-16 -1.47341562749233e-16  9.47521482083614e-16  6.18624024980192e-15  9.73219884330065e-14      1.00225870913584  -3.0480607692664e-15   1.2247613105465e-08  6.44958422254152e-06  3.26074418838106e-13
-3.53491046096116e-17  8.00612296854366e-17 -3.72311578489494e-17  1.82063240801127e-15  2.85311185371893e-14  -3.0480607692664e-15      1.00225870913596 -6.44958422277802e-06  1.22476129952777e-08  7.37420789691189e-14
 7.49337864097055e-17  1.13550609272355e-16  2.41306409659906e-15    1.816473363915e-15  7.23237529607088e-14   1.2247613105465e-08 -6.44958422277802e-06     0.997748230952863 -2.81181953580911e-15  2.83833966821356e-14
-2.38698676264838e-16  1.58945027644095e-16 -6.35437707998636e-15 -8.08444664901814e-15 -3.23394064428687e-13  6.44958422254152e-06  1.22476129952777e-08 -2.81181953580911e-15     0.997748230952987 -9.89216763275449e-14
 1.13924582891395e-06  1.94966729374309e-05 -0.000499346326835023   0.00162121639594867  0.000748170992259442  3.26074418838106e-13  7.37420789691189e-14  2.83833966821356e-14 -9.89216763275449e-14     0.975993467392956
TOTAL ENERGY: -127.163477667836	 lambda: 0.3	 population of target: 6.99986195562231
1RDM: 
     1.99999999987256  1.26840324760634e-11  7.45862333493244e-09   1.7536789623297e-08 -3.21715518977865e-06 -1.55697408284102e-16 -3.58527210080217e-17  7.27568592857758e-17 -2.29681949944179e-16  1.03082704993004e-06
 1.26840324760634e-11      1.99999999766047  8.67865193132551e-08 -1.88533428005675e-07 -2.21797452866053e-05  -2.1146855903045e-16  6.48349042331559e-17  9.81236996456857e-17   2.2096436125659e-16  2.32115582430541e-05
 7.45862333493244e-09  8.67865193132551e-08      1.99998284405006 -3.81437318249857e-06  0.000370949231957344  2.49542806234107e-15  3.18250789388323e-16  2.64558944958818e-15 -7.22795700094321e-15 -0.000612244366960636
  1.7536789623297e-08 -1.88533428005675e-07 -3.81437318249857e-06      1.99996400720395  -0.00192616319257321  1.82306508919719e-15  7.47379766432084e-16  7.18302172790159e-16 -3.50441623880867e-15   0.00186353541369258
-3.21715518977865e-06 -2.21797452866053e-05  0.000370949231957344  -0.00192616319257321      1.01965141557033  7.85678937526666e-14  2.30634792136373e-14  5.90291334458868e-14 -2.63971741940318e-13  0.000688410738701023
-1.55697408284102e-16  -2.1146855903045e-16  2.49542806234107e-15  1.82306508919719e-15  7.85678937526666e-14      1.00185000952803 -2.84310015649422e-15  1.14554155608849e-08  5.96767054158041e-06  2.66833141704302e-13
-3.58527210080217e-17  6.48349042331559e-17  3.18250789388323e-16  7.47379766432084e-16  2.30634792136373e-14 -2.84310015649422e-15      1.00185000952801 -5.96767054148089e-06  1.14554154807817e-08  6.03837071291579e-14
 7.27568592857758e-17  9.81236996456857e-17  2.64558944958818e-15  7.18302172790159e-16  5.90291334458868e-14  1.14554155608849e-08 -5.96767054148089e-06     0.998156898767492 -2.88399504195489e-15   2.3371514112373e-14
-2.29681949944179e-16   2.2096436125659e-16 -7.22795700094321e-15 -3.50441623880867e-15 -2.63971741940318e-13  5.96767054158041e-06  1.14554154807817e-08 -2.88399504195489e-15      0.99815689876747 -8.17828412189698e-14
 1.03082704993004e-06  2.32115582430541e-05 -0.000612244366960636   0.00186353541369258  0.000688410738701023  2.66833141704302e-13  6.03837071291579e-14   2.3371514112373e-14 -8.17828412189698e-14     0.980387919051632
TOTAL ENERGY: -127.16345573572	 lambda: 0.4	 population of target: 6.99992551957906
1RDM: 
     1.99999999984902  7.08099636143209e-12  8.78174203827977e-09  1.81157745650193e-08  -3.8947496180274e-06  -1.5575648412764e-16 -3.59016751583005e-17  7.09091820580905e-17 -2.21930478585818e-16  7.86930006347019e-07
 7.08099636143209e-12      1.99999999744781   9.3336789873258e-08 -2.15222241272706e-07 -2.49687939422035e-05 -2.59192688720151e-16  5.35896027246576e-17  8.66287423131852e-17  2.66823518063663e-16  2.59791375081006e-05
 8.78174203827977e-09   9.3336789873258e-08      1.99998205866312 -2.88539645636357e-06  0.000378204106559189  3.72671887929457e-15  5.94040371526192e-16  2.78739848884593e-15 -7.71522769199561e-15 -0.000709528992511033
 1.81157745650193e-08 -2.15222241272706e-07 -2.88539645636357e-06      1.99996471404978  -0.00213121986917866 -1.15379082237451e-15    1.181819951739e-17 -5.07429935195211e-17  -2.8549200174279e-16   0.00202513735237282
 -3.8947496180274e-06 -2.49687939422035e-05  0.000378204106559189  -0.00213121986917866      1.01732664877614  6.87324259944754e-14  2.01831462873443e-14  5.20061756820529e-14 -2.32556344891509e-13  0.000650606109560484
 -1.5575648412764e-16 -2.59192688720151e-16  3.72671887929457e-15 -1.15379082237451e-15  6.87324259944754e-14       1.0016328482225  7.19844238212606e-17  1.08388014100873e-08  5.65978722087185e-06  2.35449971125491e-13
-3.59016751583005e-17  5.35896027246576e-17  5.94040371526192e-16    1.181819951739e-17  2.01831462873443e-14  7.19844238212606e-17      1.00163284822264 -5.65978722131919e-06  1.08388013368589e-08   5.3308631090738e-14
 7.09091820580905e-17  8.66287423131852e-17  2.78739848884593e-15 -5.07429935195211e-17  5.20061756820529e-14  1.08388014100873e-08 -5.65978722131919e-06     0.998374046938968   3.4915976609655e-16  2.06975758907254e-14
-2.21930478585818e-16  2.66823518063663e-16 -7.71522769199561e-15  -2.8549200174279e-16 -2.32556344891509e-13  5.65978722087185e-06  1.08388013368589e-08   3.4915976609655e-16     0.998374046939113 -7.26478293906484e-14
 7.86930006347019e-07  2.59791375081006e-05 -0.000709528992511033   0.00202513735237282  0.000650606109560484  2.35449971125491e-13   5.3308631090738e-14  2.06975758907254e-14 -7.26478293906484e-14     0.982712790890932
TOTAL ENERGY: -127.16343849477	 lambda: 0.5	 population of target: 6.99996411114608
1RDM: 
     1.99999999981837  7.95648937631711e-12  9.95908545593675e-09  1.95238694663529e-08  -4.5661959714138e-06   -1.544893721901e-16 -3.56522073798557e-17  6.92146397164501e-17  -2.1470571248269e-16  4.38989246160109e-07
 7.95648937631711e-12      1.99999999724821  9.73349656613083e-08  -2.3673948746272e-07 -2.71635135858295e-05 -2.97251439226693e-16  4.46964727601612e-17  7.74805132669199e-17  3.03013744323557e-16  2.81941347246459e-05
 9.95908545593675e-09  9.73349656613083e-08      1.99998150610454  -2.2979090690221e-06  0.000367761194419867  4.80533653745633e-15  8.29544679046044e-16  2.87366926425982e-15 -7.95989066377355e-15 -0.000801333111747382
 1.95238694663529e-08  -2.3673948746272e-07  -2.2979090690221e-06      1.99996462276755  -0.00229137253635585 -3.35948062368314e-15 -5.36194958945826e-16 -6.38745598901957e-16  2.18623194596547e-15   0.00214149946710964
 -4.5661959714138e-06 -2.71635135858295e-05  0.000367761194419867  -0.00229137253635585      1.01610917323601  6.35311682116438e-14  1.86540689194871e-14  4.83246278726838e-14 -2.16072142576642e-13  0.000635475890702314
  -1.544893721901e-16 -2.97251439226693e-16  4.80533653745633e-15 -3.35948062368314e-15  6.35311682116438e-14      1.00151836680388  1.52470408999863e-15  1.06003600135265e-08  5.53921899611064e-06  2.19020547101661e-13
-3.56522073798557e-17  4.46964727601612e-17  8.29544679046044e-16 -5.36194958945826e-16  1.86540689194871e-14  1.52470408999863e-15      1.00151836680393 -5.53921899626404e-06  1.06003599397081e-08  4.96105095826876e-14
 6.92146397164501e-17  7.74805132669199e-17  2.87366926425982e-15 -6.38745598901957e-16  4.83246278726838e-14  1.06003600135265e-08 -5.53921899626404e-06     0.998488522438487  1.61388242222539e-15  1.93022692235559e-14
 -2.1470571248269e-16  3.03013744323557e-16 -7.95989066377355e-15  2.18623194596547e-15 -2.16072142576642e-13  5.53921899611064e-06  1.06003599397081e-08  1.61388242222539e-15     0.998488522438534 -6.79273081090938e-14
 4.38989246160109e-07  2.81941347246459e-05 -0.000801333111747382   0.00214149946710964  0.000635475890702314  2.19020547101661e-13  4.96105095826876e-14  1.93022692235559e-14 -6.79273081090938e-14     0.983930922340551
TOTAL ENERGY: -127.163422623374	 lambda: 0.6	 population of target: 6.99999304602271
1RDM: 
     1.99999999977678  1.60416348188773e-11  1.12516820178581e-08  2.19639634053248e-08 -5.25940973476131e-06 -1.52125147118313e-16 -3.51652693885137e-17  6.75843606711057e-17 -2.07621106671663e-16 -5.74833708887556e-09
 1.60416348188773e-11       1.9999999970652  9.94707762902445e-08 -2.54869730492612e-07 -2.89532081006277e-05  -3.2886787970937e-16  3.73744706424243e-17  6.99170018754416e-17    3.326628052967e-16  3.00443202140933e-05
 1.12516820178581e-08  9.94707762902445e-08      1.99998107646686 -1.99869349822591e-06   0.00034265510051739  5.81377872982414e-15  1.04422339425921e-15  2.91959809453194e-15 -8.02232145551647e-15 -0.000893184098804799
 2.19639634053248e-08 -2.54869730492612e-07 -1.99869349822591e-06      1.99996417196536  -0.00242405182469909 -5.06920425221959e-15 -9.64070037636366e-16 -1.11345855027566e-15  4.19252259491249e-15   0.00222820201096749
-5.25940973476131e-06 -2.89532081006277e-05   0.00034265510051739  -0.00242405182469909       1.0156290482805   6.1335046949751e-14  1.80044279237602e-14   4.6861050070251e-14 -2.09502513468571e-13  0.000642160179765365
-1.52125147118313e-16  -3.2886787970937e-16  5.81377872982414e-15 -5.06920425221959e-15   6.1335046949751e-14      1.00147225081408 -2.35682679152601e-15  1.07101530506234e-08  5.60107826147742e-06  2.12582534680529e-13
-3.51652693885137e-17  3.73744706424243e-17  1.04422339425921e-15 -9.64070037636366e-16  1.80044279237602e-14 -2.35682679152601e-15      1.00147225081414 -5.60107826170755e-06  1.07101529665256e-08  4.81717424959081e-14
 6.75843606711057e-17  6.99170018754416e-17  2.91959809453194e-15 -1.11345855027566e-15   4.6861050070251e-14  1.07101530506234e-08 -5.60107826170755e-06     0.998534636162198 -2.23439531188127e-15   1.8775219867471e-14
-2.07621106671663e-16    3.326628052967e-16 -8.02232145551647e-15  4.19252259491249e-15 -2.09502513468571e-13  5.60107826147742e-06  1.07101529665256e-08 -2.23439531188127e-15     0.998534636162263 -6.62305953595631e-14
-5.74833708887556e-09  3.00443202140933e-05 -0.000893184098804799   0.00222820201096749  0.000642160179765365  2.12582534680529e-13  4.81717424959081e-14   1.8775219867471e-14 -6.62305953595631e-14      0.98441193249267
TOTAL ENERGY: -127.163405010673	 lambda: 0.7	 population of target: 7.0000201260973
1RDM: 
     1.99999999971771   3.2948189437075e-11   1.3020806940888e-08  2.57957285870229e-08 -5.99674759430659e-06 -1.48714174489798e-16   -3.445999237055e-17  6.59617698415195e-17 -2.00415609004226e-16 -5.52150346540065e-07
  3.2948189437075e-11       1.9999999968986   9.9920960171295e-08 -2.70654289134411e-07 -3.04446038413596e-05  -3.5587505764428e-16  3.11786991360564e-17  6.35082499268588e-17  3.57538653002005e-16  3.16367215277644e-05
  1.3020806940888e-08   9.9920960171295e-08      1.99998069163247  -1.9824195626445e-06  0.000303523954410038  6.80660609490227e-15  1.25049608974177e-15  2.93211129845532e-15 -7.92763687155618e-15 -0.000989275062591965
 2.57957285870229e-08 -2.70654289134411e-07  -1.9824195626445e-06       1.9999635097096   -0.0025389853061212 -6.42701858770025e-15 -1.30730525911156e-15 -1.51165820992715e-15  5.88709915648778e-15   0.00229314802634417
-5.99674759430659e-06 -3.04446038413596e-05  0.000303523954410038   -0.0025389853061212      1.01576117902339  6.15643469183518e-14  1.80667732634037e-14  4.72326973498976e-14 -2.11137960261702e-13  0.000672872037857785
-1.48714174489798e-16  -3.5587505764428e-16  6.80660609490227e-15 -6.42701858770025e-15  6.15643469183518e-14      1.00148267801664  -4.7729126601501e-15  1.12116295181077e-08  5.86450306304938e-06  2.14466980418053e-13
  -3.445999237055e-17  3.11786991360564e-17  1.25049608974177e-15 -1.30730525911156e-15  1.80667732634037e-14  -4.7729126601501e-15      1.00148267801661 -5.86450306291871e-06    1.121162941025e-08  4.86178985242918e-14
 6.59617698415195e-17  6.35082499268588e-17  2.93211129845532e-15 -1.51165820992715e-15  4.72326973498976e-14  1.12116295181077e-08 -5.86450306291871e-06     0.998524209237021 -4.82873827507709e-15  1.89835453301612e-14
-2.00415609004226e-16  3.57538653002005e-16 -7.92763687155618e-15  5.88709915648778e-15 -2.11137960261702e-13  5.86450306304938e-06    1.121162941025e-08 -4.82873827507709e-15     0.998524209236992 -6.71197631386142e-14
-5.52150346540065e-07  3.16367215277644e-05 -0.000989275062591965   0.00229314802634417  0.000672872037857785  2.14466980418053e-13  4.86178985242918e-14  1.89835453301612e-14 -6.71197631386142e-14     0.984280848511011
TOTAL ENERGY: -127.163381112521	 lambda: 0.8	 population of target: 7.00005189619753
1RDM: 
     1.99999999962889  6.17935715720526e-11   1.5950701254818e-08  3.17149615062388e-08  -6.8007679146658e-06 -1.44182948161895e-16  -3.3527844796552e-17  6.43029846694315e-17 -1.92869729209072e-16 -1.21507893487279e-06
 6.17935715720526e-11      1.99999999674746  9.84883162141884e-08 -2.84808484224664e-07 -3.17034268520538e-05 -3.79445954463166e-16  2.58241072398271e-17  5.79870920964735e-17    3.787419763784e-16  3.30407386708823e-05
  1.5950701254818e-08  9.84883162141884e-08      1.99998026446683 -2.30309754443151e-06  0.000249317610870594  7.83126404798916e-15  1.45865182094815e-15  2.91355229055662e-15 -7.68032027700726e-15  -0.00109388140169385
 3.17149615062388e-08 -2.84808484224664e-07 -2.30309754443151e-06      1.99996266176378  -0.00264247899928662 -7.51482249151468e-15  -1.5863451710376e-15 -1.85592808769032e-15  7.36531761227321e-15   0.00234049634591792
 -6.8007679146658e-06 -3.17034268520538e-05  0.000249317610870594  -0.00264247899928662      1.01653477097774  6.42607590718715e-14  1.88556567391062e-14  4.95195858120807e-14 -2.21337328717244e-13  0.000735111815328554
-1.44182948161895e-16 -3.79445954463166e-16  7.83126404798916e-15 -7.51482249151468e-15  6.42607590718715e-14      1.00155187906906  1.12624567262394e-15  1.22048769928802e-08  6.39167503082314e-06  2.25095060873509e-13
 -3.3527844796552e-17  2.58241072398271e-17  1.45865182094815e-15  -1.5863451710376e-15  1.88556567391062e-14  1.12624567262394e-15      1.00155187906906 -6.39167503081443e-06  1.22048769245817e-08  5.10476024748119e-14
 6.43029846694315e-17  5.79870920964735e-17  2.91355229055662e-15 -1.85592808769032e-15  4.95195858120807e-14  1.22048769928802e-08 -6.39167503081443e-06     0.998455011116901  1.12658998815737e-15   1.9977931867427e-14
-1.92869729209072e-16    3.787419763784e-16 -7.68032027700726e-15  7.36531761227321e-15 -2.21337328717244e-13  6.39167503082314e-06  1.22048769245817e-08  1.12658998815737e-15     0.998455011116901 -7.07995457913465e-14
-1.21507893487279e-06  3.30407386708823e-05  -0.00109388140169385   0.00234049634591792  0.000735111815328554  2.25095060873509e-13  5.10476024748119e-14   1.9977931867427e-14 -7.07995457913465e-14     0.983508526043454
TOTAL ENERGY: -127.16334167978	 lambda: 0.9	 population of target: 7.0000980746587
1RDM: 
      1.9999999994843  1.08631847126611e-10  2.16112902112606e-08  4.11659534152171e-08 -7.69884354237783e-06 -1.38319119696192e-16 -3.23307144669429e-17  6.25680482072485e-17  -1.8476237886543e-16 -2.02243631341976e-06
 1.08631847126611e-10      1.99999999661107     9.44922747378e-08 -2.97936438141735e-07 -3.27713226959783e-05 -4.00408427910131e-16  2.11090844561312e-17   5.3178862081113e-17  3.96995898764091e-16  3.43069276985306e-05
 2.16112902112606e-08     9.44922747378e-08      1.99997963739458 -3.11674617414387e-06   0.00017707428996118  8.94279351296933e-15  1.68010450645671e-15  2.86261743133438e-15 -7.26674667530642e-15  -0.00121264871405319
 4.11659534152171e-08 -2.97936438141735e-07 -3.11674617414387e-06      1.99996156429961  -0.00273935387334736 -8.37862920114716e-15 -1.81309687738468e-15 -2.16170406217318e-15  8.69378300321596e-15   0.00237203128166963
-7.69884354237783e-06 -3.27713226959783e-05   0.00017707428996118  -0.00273935387334736      1.01815240246801  7.01124105198541e-14  2.05773738871899e-14  5.43161462667553e-14 -2.42761212626094e-13  0.000846738135350585
-1.38319119696192e-16 -4.00408427910131e-16  8.94279351296933e-15 -8.37862920114716e-15  7.01124105198541e-14      1.00169754928716 -2.03629914341221e-15  1.40242581334924e-08  7.32883563775379e-06  2.47253747346646e-13
-3.23307144669429e-17  2.11090844561312e-17  1.68010450645671e-15 -1.81309687738468e-15  2.05773738871899e-14 -2.03629914341221e-15      1.00169754928711 -7.32883563754831e-06  1.40242580338683e-08  5.60968169369319e-14
 6.25680482072485e-17   5.3178862081113e-17  2.86261743133438e-15 -2.16170406217318e-15  5.43161462667553e-14  1.40242581334924e-08 -7.32883563754831e-06     0.998309347933429 -2.12058253098423e-15  2.20269016180181e-14
 -1.8476237886543e-16  3.96995898764091e-16 -7.26674667530642e-15  8.69378300321596e-15 -2.42761212626094e-13  7.32883563775379e-06  1.40242580338683e-08 -2.12058253098423e-15     0.998309347933384 -7.82530028291743e-14
-2.02243631341976e-06  3.43069276985306e-05  -0.00121264871405319   0.00237203128166963  0.000846738135350585  2.47253747346646e-13  5.60968169369319e-14  2.20269016180181e-14 -7.82530028291743e-14     0.981892605301393
TOTAL ENERGY: -127.163262644745	 lambda: 1	 population of target: 7.00018077626521
1RDM: 
     1.99999999921943  1.86240862241411e-10  3.42921160476674e-08  5.75535759931928e-08 -8.73003443816074e-06 -1.30666588686633e-16 -3.07793644725415e-17  6.07161655820178e-17 -1.75834470989449e-16 -3.02634327369398e-06
 1.86240862241411e-10       1.9999999964897  8.62898929417391e-08 -3.10734651905975e-07 -3.36727566547227e-05 -4.19421081507578e-16  1.68721918467673e-17  4.89712933334724e-17  4.12773621538498e-16  3.54786768003788e-05
 3.42921160476674e-08  8.62898929417391e-08      1.99997840058478 -4.82263484053442e-06   8.0528325988751e-05  1.02271334890541e-14  1.93225068219854e-15   2.7734369246123e-15 -6.64798220344817e-15  -0.00135503910030788
 5.75535759931928e-08 -3.10734651905975e-07 -4.82263484053442e-06      1.99996001242968   -0.0028342691802575 -9.03615069103565e-15 -1.99304321764762e-15 -2.44092633151679e-15   9.9265125837914e-15    0.0023872152313637
-8.73003443816074e-06 -3.36727566547227e-05   8.0528325988751e-05   -0.0028342691802575      1.02114648645473  8.09663485952651e-14  2.37861183910901e-14  6.31868330024113e-14 -2.82415148487148e-13   0.00105145300570853
-1.30666588686633e-16 -4.19421081507578e-16  1.02271334890541e-14 -9.03615069103565e-15  8.09663485952651e-14      1.00196610296237 -8.38128777449164e-16  1.72592326048843e-08   9.0286529106355e-06  2.88250948670108e-13
-3.07793644725415e-17  1.68721918467673e-17  1.93225068219854e-15 -1.99304321764762e-15  2.37861183910901e-14 -8.38128777449164e-16      1.00196610296242 -9.02865291086401e-06  1.72592325014347e-08  6.54307109651247e-14
 6.07161655820178e-17  4.89712933334724e-17   2.7734369246123e-15 -2.44092633151679e-15  6.31868330024113e-14  1.72592326048843e-08 -9.02865291086401e-06     0.998040809907237 -7.53642443660316e-16  2.58302076050807e-14
-1.75834470989449e-16  4.12773621538498e-16 -6.64798220344817e-15   9.9265125837914e-15 -2.82415148487148e-13   9.0286529106355e-06  1.72592325014347e-08 -7.53642443660316e-16     0.998040809907282  -9.2022650879111e-14
-3.02634327369398e-06  3.54786768003788e-05  -0.00135503910030788    0.0023872152313637   0.00105145300570853  2.88250948670108e-13  6.54307109651247e-14  2.58302076050807e-14  -9.2022650879111e-14     0.978901279082437
-------------------general-----------------------
mullikenoperator: 
   0.0027820874982491    0.0526708644364113 -6.36676553733444e-05  0.000351262611389008 -1.70369110643919e-05  2.99801718143161e-16  1.22895769746653e-16 -1.35135508900052e-16  4.10623146753039e-16 -8.68492964777755e-06
   0.0526708644364113     0.997217329709962  0.000803956130992819  0.000231700969892089 -5.94074686292882e-05 -8.84543767738401e-16 -3.03010883847215e-17 -1.01617889952707e-16  7.67363749287029e-16  5.95068457557606e-05
-6.36676553733447e-05  0.000803956130992806    0.0893072814481469    -0.285181377936542   0.00040646746794658  1.70639637093969e-14  4.19968931175253e-15 -3.09552048198861e-16  1.11857473030378e-15  -0.00178548647584897
 0.000351262611389009  0.000231700969892129    -0.285181377936542     0.910668238209465  -0.00373769987127719 -2.33390993682242e-14 -5.70796748725193e-15 -6.77888390569411e-15  2.80055588361699e-14   0.00314976093910511
-1.70369110643919e-05 -5.94074686292886e-05  0.000406467467946581   -0.0037376998712772     0.479088620079909 -1.97740695981941e-14 -5.03883630938436e-15  2.98337512922218e-14 -1.02464630920557e-13     0.499551406878092
 2.99801718139278e-16 -8.84543767731086e-16  1.70639637093063e-14 -2.33390993675759e-14 -1.97740695968729e-14     0.498072758109925   1.1570610764191e-14   0.00095242266823518     0.499995394324377  1.01359385044931e-13
 1.22895769748147e-16 -3.03010883882821e-17  4.19968931177381e-15 -5.70796748737634e-15 -5.03883631321648e-15   1.1563282049875e-14     0.498072758109929    -0.499995394324377  0.000952422668235416  2.98374810341901e-14
-1.35135508901768e-16 -1.01617889949789e-16 -3.09552048098643e-16 -6.77888390595797e-15  2.98337512966885e-14  0.000952422668235183    -0.499995394324377     0.501927241890071  1.14301866254601e-14 -3.95577061138929e-15
 4.10623146748795e-16   7.6736374928592e-16  1.11857473060163e-15  2.80055588355882e-14 -1.02464630930641e-13     0.499995394324377  0.000952422668235435  1.14120939703863e-14     0.501927241890076  1.59651064218479e-14
-8.68492964777755e-06  5.95068457557598e-05  -0.00178548647584897    0.0031497609391051     0.499551406878092  1.01359385050536e-13  2.98374810346049e-14 -3.95577061243607e-15  1.59651064394164e-14      0.52093644305427
selected BF: 
0 1 2 3 4
selected lambdas: 
  -1 -0.9 -0.8 -0.7 -0.6 -0.5 -0.4 -0.3 -0.2 -0.1    0  0.1  0.2  0.3  0.4  0.5  0.6  0.7  0.8  0.9    1
RHF C: 
-2.92720203548565e-06     -0.99536744998634     0.260210028182577   0.00238252065925673  -0.00119611249825125  1.15580904580748e-10  -6.4507261290789e-11   2.6029373503997e-11  1.38161788265542e-10 -0.000639572249173701
 1.25999625157258e-05   -0.0189853336597408     -1.02858994631956  -0.00943609397260147   0.00478555661579942 -4.65390866457316e-10  2.58614101089318e-10 -1.02456847418815e-10 -5.42519225557225e-10   0.00255176329096398
 2.79065459274592e-13 -6.43127491303447e-13 -1.49515934423661e-10  9.97844312422703e-11 -4.75420315559967e-08   0.00953327299054777     0.104713674489571    -0.990360087979904    0.0901727346859311 -2.11072234973925e-10
-3.97372139507839e-14  3.58359624171871e-12  3.54101331589496e-10 -7.35912676878361e-10  1.99068722123396e-07     0.104713671245187  -0.00953327328595682    0.0901727346546886     0.990360088322925  9.48658521144751e-10
 2.94298282907683e-05 -1.46288173143801e-05  -0.00469895907329092   0.00617137737036302    -0.999955636559193  2.04521932727324e-08 -6.50612472808409e-09  6.50704671760604e-08  1.92847801829459e-07   0.00642939753659248
   -0.995047009146598 -2.75980169017514e-06   0.00218649022176261     -0.26308821356173  -0.00210339957704536  1.15211600484642e-10 -2.06104672477574e-10   7.2911019847025e-11  2.08903783517689e-10  -0.00336917050072083
  -0.0201177461865719  1.10913137987054e-05  -0.00852806321286729      1.02890225155583   0.00827400922340143  -4.5846106171991e-10  8.17595637003485e-10  -2.8817247098073e-10 -8.25525867247078e-10    0.0131336389110177
 3.02995802344891e-12  5.31542183015806e-13  1.28143122503783e-10 -3.21824200649947e-10  1.81815911321661e-10     0.090161434912157     0.990334613372551     0.104961893229886  -0.00955683230698726   -3.161537801644e-08
-1.97356627558595e-12 -2.34443950912692e-12 -4.31708200600655e-10  4.87680968114663e-10 -5.00567949120112e-11     0.990334613716402   -0.0901614348808489  -0.00955683260236049    -0.104961889985587 -5.08164327029516e-09
-1.07188224225117e-05 -2.28326306266535e-05    0.0010730123121981   -0.0127876487359925   0.00322717434996034  7.72441339834008e-09  3.08982310956028e-08   2.7545465271308e-09 -2.38648208823617e-09     0.999918497712533
RDM (no constraint): 
     1.99999999882945  2.98173948307113e-09  3.48229769376734e-07  6.28488153556038e-08 -3.45131685204715e-06  1.81285346158901e-12  -2.9872918497878e-12  1.72638525440815e-13  4.78018022316354e-13  7.78855764859539e-06
 2.98173948307113e-09      1.99999997813752 -3.06696211020684e-06 -4.63270207977042e-07  4.86293939697582e-05  7.93698479460888e-13 -8.54567017822754e-13 -4.25783390571532e-12 -1.30943124111261e-11 -1.74788201148687e-05
 3.48229769376734e-07 -3.06696211020684e-06      1.99856783702105 -0.000276117389157668    0.0361869753188003 -3.51168475591896e-10  1.17977045836021e-10 -2.55024911780562e-09 -7.36388479526821e-09  0.000739604886486395
 6.28488153556038e-08 -4.63270207977042e-07 -0.000276117389157668      1.99976560675681   0.00556543790218671 -3.93302383340468e-10  7.87535231762692e-10 -1.17405775035847e-10 -3.25437619907987e-10    0.0130915888168055
-3.45131685204715e-06  4.86293939697582e-05    0.0361869753188003   0.00556543790218671     0.999327843764763  1.66961873234826e-09  1.59253296147221e-09  1.85421418627806e-10 -1.17471527058465e-10    0.0643002737436505
 1.81285346158901e-12  7.93698479460888e-13 -3.51168475591896e-10 -3.93302383340468e-10  1.66961873234826e-09      1.00126690309908 -2.27636220193633e-16  5.22364870879351e-08   0.00578986757857441 -1.29848637217368e-09
 -2.9872918497878e-12 -8.54567017822754e-13  1.17977045836021e-10  7.87535231762692e-10  1.59253296147221e-09 -2.27636220193633e-16        1.001266903137  -0.00578986757021343  5.22364870125972e-08    4.855365344065e-10
 1.72638525440815e-13 -4.25783390571532e-12 -2.55024911780562e-09 -1.17405775035847e-10  1.85421418627806e-10  5.22364870879351e-08  -0.00578986757021343     0.998740746311454  1.18236246592075e-16 -3.99101994698267e-09
 4.78018022316354e-13 -1.30943124111261e-11 -7.36388479526821e-09 -3.25437619907987e-10 -1.17471527058465e-10   0.00578986757857441  5.22364870125972e-08  1.18236246592075e-16      0.99874074634937 -1.24432212066089e-08
 7.78855764859539e-06 -1.74788201148687e-05  0.000739604886486395    0.0130915888168055    0.0643002737436505 -1.29848637217368e-09    4.855365344065e-10 -3.99101994698267e-09 -1.24432212066089e-08      1.00232343659352
RDM Eigenvectors: 
    0.998588094913194   -0.0527378911770814  -0.00595877275588661  -0.00224153793624682  -3.4045937831314e-06  1.19620784098706e-12  2.46906211280183e-12  2.05951268622311e-12  -1.1774497878036e-12  7.42730364882392e-06
  -0.0527360768091839    -0.998535194445228   -0.0044031409754115    0.0112686078908939 -2.27962637141018e-05 -8.56254082636031e-13 -1.59679677275972e-13  1.21862092551023e-12 -4.09710196186078e-12 -4.43067818069154e-05
 0.000939316862318449    0.0120371482391242    -0.306868093956364      0.95097638594418   -0.0274902059282825  5.72985426824124e-11 -9.30019534218123e-12  2.47333858075693e-10 -5.34493794129919e-10   -0.0239666353970682
  0.00631081897894268  -0.00106725199307317     0.951635037751558     0.306798437575229   -0.0141952175308089  1.87986876752012e-10 -1.40340927754961e-10 -3.77371519098362e-10  8.34020823807489e-10   0.00479624449346325
 6.92732765581927e-05  0.000383374864554408  -0.00503777308208426    0.0365567016213419     0.694987813698866 -1.36653107888254e-07 -4.66661594743397e-08  4.68364606763951e-08 -1.37282204976049e-07      0.71807382311563
 -1.1069489163279e-12 -4.54713338810075e-12 -2.80387567725764e-10 -4.45027258409323e-10 -8.58334425861093e-09    -0.778817679147075  -0.00363787260119287  -0.00173501947961723     0.627237417760058 -2.00921490337828e-08
 2.32107924045806e-12  2.37447182810965e-12  7.08366708556196e-10   4.3043589769423e-10  2.68436232174469e-08  -0.00363787261078286     0.778817681201866     0.627237415208664   0.00173501947256971 -1.66560152214774e-08
 -3.1220488570781e-12 -2.63859834543254e-11  6.17439459552071e-10 -2.48247886986358e-09 -4.30773771271836e-08   0.00292415854392303    -0.627232998675153     0.778823217282415   0.00214729868661756 -4.87712704656758e-08
-9.00926440575154e-12 -7.56756656967845e-11  1.79830628924862e-09 -7.18977888771745e-09 -1.35303149933811e-07    -0.627233001226516  -0.00292415855584359   0.00214729868091523    -0.778823215227599 -1.37260224717187e-07
 9.66916434124702e-05  3.67095755643681e-05    0.0119354117795252   0.00708756858128131     0.718355568403324  5.07916440484881e-09 -2.21652760548199e-08 -2.16624566690243e-08  -6.3212548572231e-09    -0.695537618655043
Total C: 
   0.0527481618506237     0.997038746485748   -0.0732017124068558     0.236919887923548   -0.0084550808862125  4.85178787133779e-14   8.4822895484456e-15 -1.32446594933866e-14  6.94437918461754e-14  -0.00659488072918466
-1.13489298528066e-05   0.00658756870732931     0.306751586463513    -0.981080665218459    0.0335695064975009 -1.94463323032156e-13 -3.36705899878575e-14  5.29360370240031e-14 -2.74598903677502e-13    0.0262689592474697
 1.23350456649546e-16   9.3006673334554e-17  1.40063198522312e-15 -2.13042307098179e-16  4.63310788483743e-13   -0.0672609014722532     0.702441028701673    -0.705458008084864   -0.0661939122724767  5.15721585549263e-13
-3.74002003100718e-16  5.36431601158286e-17  -5.1357437866606e-15 -6.88293348425631e-16 -5.42336513283166e-12    -0.702441028701671   -0.0672609014722698    0.0661939122724604    -0.705458008084866 -5.82917271168414e-12
-3.95615780108815e-06 -0.000433214996145159    0.0124290356945404   -0.0390849720410841    -0.690296816584648    5.501991419294e-12  1.00826147658222e-12 -1.02785091703528e-12  5.60475278700318e-12    -0.722371636201776
   -0.995300671435819    0.0527856070994245    -0.245135270958399    -0.076506120353689 -0.000204224314860266  4.19642806787699e-15  8.97451674903854e-16 -8.87552624233736e-16  3.50895723520841e-15 -0.000488639952453224
  -0.0136028783668964 -0.000147204920326023     0.981991324554153     0.307996392189518  0.000813973400854446 -1.60865507076088e-14 -3.41086953127473e-15  3.27144979626959e-15 -1.30367544415443e-14   0.00194551533106992
-6.17104077761899e-17 -2.52913001766853e-16  3.09119547398774e-16 -7.34912928233652e-15 -1.80829955958982e-12     -0.06752074482535      0.70515449404276     0.702744729241534    0.0659393428546005  1.70996158067635e-12
 1.36889752796572e-16  2.95457957747592e-16 -4.74296621376526e-15  4.98528387333601e-14  1.24445805356928e-11    -0.705154494042762   -0.0675207448253335   -0.0659393428546173     0.702744729241533 -1.18136421346809e-11
 7.71509688264295e-06  8.78719263967853e-05   -0.0005801021802554   0.00430191123097078      0.72069189431027  1.20261243830467e-11  2.93949852677268e-12  2.85422987356399e-12 -1.17992151960706e-11    -0.693250629577436
Basis set used: STO-3G
Naturals: 
 1.99999999991146  1.99999999674343  1.99998937885844  1.99987530453917  1.06424505195516  1.00592986333034  1.00592986333025 0.994077786118197 0.994077786118108 0.935874969095453
Naturals: 
 1.99999999991147  1.99999999674344  1.99998937885459  1.99987530462259  1.06424503321543  1.00592985185423  1.00592985185417 0.994077797592435 0.994077797592376  0.93587498775934
Version: Tmhuysen's fci hack
