Naturals in-correctThe Davidson algorithm did not converge.lambda: -1
The Davidson algorithm did not converge.lambda: -0.9
The Davidson algorithm did not converge.lambda: -0.8
The Davidson algorithm did not converge.lambda: -0.7
The Davidson algorithm did not converge.lambda: -0.6
The Davidson algorithm did not converge.lambda: -0.5
The Davidson algorithm did not converge.lambda: -0.4
The Davidson algorithm did not converge.lambda: -0.3
The Davidson algorithm did not converge.lambda: -0.2
The Davidson algorithm did not converge.lambda: -0.1
TOTAL ENERGY: -127.16334741847	 lambda: 0	 population of target: 6.99891421185189
1RDM: 
     1.99999999996995 -1.72133030534738e-17  1.42039658856032e-14  7.67354925470518e-14 -1.40222377444827e-12   5.8785420733181e-16 -6.54879405526617e-16 -6.51034798810272e-14  6.11755090275649e-14  2.21343761909335e-12
-1.72133030534738e-17      1.99999999848137  1.52894136891231e-13  1.11696295253595e-13 -2.15067644932312e-11 -5.39627366691585e-14  5.70359491664123e-14 -8.64827602225434e-14  8.15853834527649e-14   1.7591478816918e-11
 1.42039658856032e-14  1.52894136891231e-13       1.9999914220915 -1.10770455205828e-11  3.93804626390593e-10 -5.64870484685327e-12  6.00099721061809e-12  6.47535023334122e-12 -6.08478219402436e-12 -2.82236630747143e-10
 7.67354925470518e-14  1.11696295253595e-13 -1.10770455205828e-11      1.99994107586884 -1.18970905069899e-09 -1.14831619505592e-11  1.21777390184205e-11 -1.18089552761491e-11  1.11047508444441e-11  8.69960547796442e-10
-1.40222377444827e-12 -2.15067644932312e-11  3.93804626390593e-10 -1.18970905069899e-09      1.04001247273024  1.94768050453248e-11 -2.08036201658672e-11 -4.11814730294497e-10  3.87178337640894e-10  8.23413128181714e-10
  5.8785420733181e-16 -5.39627366691585e-14 -5.64870484685327e-12 -1.14831619505592e-11  1.94768050453248e-11      1.00337066086058  5.02721017038366e-15 -1.78647305616878e-10  8.35011212918347e-12 -3.87880135421341e-10
-6.54879405526617e-16  5.70359491664123e-14  6.00099721061809e-12  1.21777390184205e-11 -2.08036201658672e-11  5.02721017038366e-15      1.00337066086043  8.34949426790419e-12  1.78646765350954e-10  4.11382288464709e-10
-6.51034798810272e-14 -8.64827602225434e-14  6.47535023334122e-12 -1.18089552761491e-11 -4.11814730294497e-10 -1.78647305616878e-10  8.34949426790419e-12     0.996634779819303  -4.8174910120401e-15  3.20196883402042e-11
 6.11755090275649e-14  8.15853834527649e-14 -6.08478219402436e-12  1.11047508444441e-11  3.87178337640894e-10  8.35011212918347e-12  1.78646765350954e-10  -4.8174910120401e-15     0.996634779819158  -2.9963471911823e-11
 2.21343761909335e-12   1.7591478816918e-11 -2.82236630747143e-10  8.69960547796442e-10  8.23413128181714e-10 -3.87880135421341e-10  4.11382288464709e-10  3.20196883402042e-11  -2.9963471911823e-11     0.960044149498709
TOTAL ENERGY: -127.163320142579	 lambda: 0.1	 population of target: 6.99975015202046
1RDM: 
     1.99999999996821  1.23851777667796e-11  1.50043852589876e-09  7.03466534556406e-09 -8.43614746182001e-07   4.2632798824144e-15 -4.54685150571667e-15 -5.73918730834121e-14   5.3926035059577e-14  4.60347118450763e-07
 1.23851777667796e-11      1.99999999915297  2.50372046834102e-08 -6.59739304917986e-08 -6.38408049792011e-06  2.27449283228376e-15 -2.58306234911419e-15 -3.15663905464072e-14  2.99271786690012e-14  6.66962554498504e-06
 1.50043852589876e-09  2.50372046834102e-08      1.99998902316223 -3.15795338948003e-06  0.000212075673563042  -7.8789928855368e-12  8.36520116251156e-12  4.67936898083881e-12 -4.39554717025158e-12 -0.000260675039052571
 7.03466534556406e-09 -6.59739304917986e-08 -3.15795338948003e-06       1.9999712341317 -0.000652601223078426 -6.01352335432855e-12   6.3789578219183e-12 -6.16500556723575e-12  5.79543737801767e-12  0.000651742070472723
-8.43614746182001e-07 -6.38408049792011e-06  0.000212075673563042 -0.000652601223078426      1.02087265702376  1.28483111119893e-11  -1.3730282313989e-11 -2.15279714311325e-10  2.02373298912719e-10  0.000305360447948476
  4.2632798824144e-15  2.27449283228376e-15  -7.8789928855368e-12 -6.01352335432855e-12  1.28483111119893e-11      1.00177836132504  1.71621939076146e-15 -3.12009465265144e-09  2.16995121288898e-06 -2.02370377692054e-10
-4.54685150571667e-15 -2.58306234911419e-15  8.36520116251156e-12   6.3789578219183e-12  -1.3730282313989e-11  1.71621939076146e-15      1.00177836132498  2.16995121245861e-06  3.12009438038351e-09  2.14657361791948e-10
-5.73918730834121e-14 -3.15663905464072e-14  4.67936898083881e-12 -6.16500556723575e-12 -2.15279714311325e-10 -3.12009465265144e-09  2.16995121245861e-06     0.998226882320165 -1.64193462999357e-15  1.38025472884796e-11
  5.3926035059577e-14  2.99271786690012e-14 -4.39554717025158e-12  5.79543737801767e-12  2.02373298912719e-10  2.16995121288898e-06  3.12009438038351e-09 -1.64193462999357e-15     0.998226882320113 -1.28794306137393e-11
 4.60347118450763e-07  6.66962554498504e-06 -0.000260675039052571  0.000651742070472723  0.000305360447948476 -2.02370377692054e-10  2.14657361791948e-10  1.38025472884796e-11 -1.28794306137393e-11     0.979156599270878
TOTAL ENERGY: -127.163299813845	 lambda: 0.2	 population of target: 6.99989551923345
1RDM: 
     1.99999999996319  1.26046457002208e-11  2.64428755176291e-09  7.82561178236181e-09 -1.33684958026522e-06  4.34748942889834e-15 -4.63422971183348e-15 -5.27104890846548e-14  4.95244863294593e-14  4.98960406135957e-07
 1.26046457002208e-11      1.99999999920145   3.1437919556775e-08 -8.66418836395761e-08 -9.39118246690337e-06   2.6894940390259e-14 -2.86838010813439e-14 -5.53720698404909e-15  5.44268821353079e-15  9.60098100944965e-06
 2.64428755176291e-09   3.1437919556775e-08      1.99998760593336 -2.46517642125541e-06  0.000285414454200391  -8.8681092452632e-12  9.41399810021737e-12  4.08002544889197e-12 -3.83155873988984e-12 -0.000375190072359099
 7.82561178236181e-09 -8.66418836395761e-08 -2.46517642125541e-06      1.99997631812776 -0.000918630351914585 -4.00938317520491e-12     4.25453055639e-12  -3.8435672400529e-12  3.61195924967882e-12  0.000892019527798886
-1.33684958026522e-06 -9.39118246690337e-06  0.000285414454200391 -0.000918630351914585      1.01494599154557  9.83484104842339e-12 -1.05043727831419e-11 -1.54245135321324e-10  1.44997717385361e-10  0.000289783344825384
 4.34748942889834e-15   2.6894940390259e-14  -8.8681092452632e-12 -4.00938317520491e-12  9.83484104842339e-12      1.00127884546448 -7.53512301640804e-16 -2.75939320705501e-09  2.07686534253681e-06 -1.44881053462066e-10
-4.63422971183348e-15 -2.86838010813439e-14  9.41399810021737e-12     4.25453055639e-12 -1.05043727831419e-11 -7.53512301640804e-16      1.00127884546439  2.07686534211721e-06  2.75939301540184e-09  1.53676964469616e-10
-5.27104890846548e-14 -5.53720698404909e-15  4.08002544889197e-12  -3.8435672400529e-12 -1.54245135321324e-10 -2.75939320705501e-09  2.07686534211721e-06     0.998726366012348  8.76860633060303e-16  9.19982498881515e-12
 4.95244863294593e-14  5.44268821353079e-15 -3.83155873988984e-12  3.61195924967882e-12  1.44997717385361e-10  2.07686534253681e-06  2.75939301540184e-09  8.76860633060303e-16     0.998726366012262 -8.58032528175949e-12
 4.98960406135957e-07  9.60098100944965e-06 -0.000375190072359099  0.000892019527798886  0.000289783344825384 -1.44881053462066e-10  1.53676964469616e-10  9.19982498881515e-12 -8.58032528175949e-12     0.985079662275198
TOTAL ENERGY: -127.163287479228	 lambda: 0.3	 population of target: 6.99994627697847
1RDM: 
     1.99999999995694  1.31065353937424e-11  3.28443548899303e-09  8.31591381541444e-09 -1.74809495313343e-06  3.35074262534846e-15 -3.57540359780962e-15 -4.87150414892848e-14  4.57684076736501e-14  4.11999248501431e-07
 1.31065353937424e-11      1.99999999917218  3.43614108570672e-08 -9.85993435030829e-08 -1.13950784805147e-05  4.29262204130479e-14 -4.56790485215159e-14  1.18368066214193e-14 -1.09002933944243e-14  1.15118600670738e-05
 3.28443548899303e-09  3.43614108570672e-08      1.99998681309013 -1.84190258965343e-06  0.000319219790968829 -9.56238522748426e-12  1.01502524817022e-11  3.82703094351598e-12 -3.59333724799252e-12 -0.000454595749201355
 8.31591381541444e-09 -9.85993435030829e-08 -1.84190258965343e-06      1.99997786616669  -0.00108127924816821 -2.87632590068117e-12  3.05352936738754e-12 -2.41598840335483e-12  2.26927235179382e-12   0.00102852334853305
-1.74809495313343e-06 -1.13950784805147e-05  0.000319219790968829  -0.00108127924816821      1.01219852367038  8.29410777642512e-12 -8.85697960428191e-12 -1.25923985287943e-10  1.18374199237039e-10  0.000266270802931596
 3.35074262534846e-15  4.29262204130479e-14 -9.56238522748426e-12 -2.87632590068117e-12  8.29410777642512e-12      1.00104601998471  4.90041549990052e-17  -2.7508135357464e-09    1.917875512918e-06 -1.18218828324992e-10
-3.57540359780962e-15 -4.56790485215159e-14  1.01502524817022e-11  3.05352936738754e-12 -8.85697960428191e-12  4.90041549990052e-17      1.00104601998455  1.91787551241322e-06  2.75081337802948e-09   1.2539603553654e-10
-4.87150414892848e-14  1.18368066214193e-14  3.82703094351598e-12 -2.41598840335483e-12 -1.25923985287943e-10  -2.7508135357464e-09  1.91787551241322e-06     0.998959181285856  1.90721117134015e-16  7.21999486902044e-12
 4.57684076736501e-14 -1.09002933944243e-14 -3.59333724799252e-12  2.26927235179382e-12  1.18374199237039e-10    1.917875512918e-06  2.75081337802948e-09  1.90721117134015e-16     0.998959181285689 -6.73151328636949e-12
 4.11999248501431e-07  1.15118600670738e-05 -0.000454595749201355   0.00102852334853305  0.000266270802931596 -1.18218828324992e-10   1.2539603553654e-10  7.21999486902044e-12 -6.73151328636949e-12     0.987826395402927
TOTAL ENERGY: -127.16327903436	 lambda: 0.4	 population of target: 6.99997075442863
1RDM: 
     1.99999999994902  1.51064655410412e-11  3.66190830746819e-09  9.00365898129451e-09 -2.13642626866433e-06  1.72147957848766e-15 -1.84579276839094e-15  -4.4881202649651e-14  4.21645875600325e-14  2.53027532155645e-07
 1.51064655410412e-11      1.99999999912552  3.59585974466011e-08 -1.07268381444407e-07 -1.29101253050347e-05   5.4872994360636e-14 -5.83443465505511e-14  2.49849335720624e-14 -2.32682500551453e-14  1.29368919865853e-05
 3.66190830746819e-09  3.59585974466011e-08      1.99998632691186 -1.41154238713056e-06  0.000333639859803939 -1.01445052491586e-11  1.07676438438079e-11   3.7468974004123e-12 -3.51768109290713e-12 -0.000520394016621324
 9.00365898129451e-09 -1.07268381444407e-07 -1.41154238713056e-06      1.99997840133293  -0.00119881016574286 -2.12628860478334e-12  2.25856853492413e-12  -1.3781494077192e-12  1.29319207037217e-12   0.00111942836324086
-2.13642626866433e-06 -1.29101253050347e-05  0.000333639859803939  -0.00119881016574286      1.01073799536971  7.45238272252901e-12 -7.95705349256849e-12 -1.10861822707364e-10  1.04215017212128e-10  0.000251193179171288
 1.72147957848766e-15   5.4872994360636e-14 -1.01445052491586e-11 -2.12628860478334e-12  7.45238272252901e-12      1.00092175293093 -8.32843742816072e-15 -2.60839785762419e-09  1.81500659996057e-06 -1.04039799995633e-10
-1.84579276839094e-15 -5.83443465505511e-14  1.07676438438079e-11  2.25856853492413e-12 -7.95705349256849e-12 -8.32843742816072e-15      1.00092175293092  1.81500659971363e-06  2.60839768890085e-09  1.10356078888011e-10
 -4.4881202649651e-14  2.49849335720624e-14   3.7468974004123e-12  -1.3781494077192e-12 -1.10861822707364e-10 -2.60839785762419e-09  1.81500659971363e-06     0.999083444121753  8.33421726443509e-15  6.19103546116939e-12
 4.21645875600325e-14 -2.32682500551453e-14 -3.51768109290713e-12  1.29319207037217e-12  1.04215017212128e-10  1.81500659996057e-06  2.60839768890085e-09  8.33421726443509e-15     0.999083444121748 -5.77090867528437e-12
 2.53027532155645e-07  1.29368919865853e-05 -0.000520394016621324   0.00111942836324086  0.000251193179171288 -1.04039799995633e-10  1.10356078888011e-10  6.19103546116939e-12 -5.77090867528437e-12      0.98928688320562
TOTAL ENERGY: -127.16327243685	 lambda: 0.5	 population of target: 6.99998552439642
1RDM: 
     1.99999999993865  1.91060541114281e-11  3.90274771168038e-09  1.00175777189303e-08 -2.52612704509538e-06 -4.17241063401895e-16  4.24213089446538e-16 -4.09884770517593e-14  3.85056859123228e-14  3.72188909377609e-08
 1.91060541114281e-11      1.99999999907515  3.68055578999509e-08 -1.14280270569403e-07 -1.41292974614134e-05  6.43559900739768e-14 -6.83978125650699e-14  3.55752730311722e-14 -3.32302663602844e-14  1.40688319187777e-05
 3.90274771168038e-09  3.68055578999509e-08      1.99998601140405 -1.13834243634213e-06  0.000335422600560214  -1.0680841659754e-11  1.13365377052839e-11  3.78203271243724e-12 -3.55041318339309e-12 -0.000580366312252572
 1.00175777189303e-08 -1.14280270569403e-07 -1.13834243634213e-06      1.99997853307339  -0.00129182611019982 -1.59491962682706e-12  1.69542448821143e-12 -5.51046824230656e-13  5.15345306750819e-13   0.00118438031549251
-2.52612704509538e-06 -1.41292974614134e-05  0.000335422600560214  -0.00129182611019982        1.009963028185  7.02032398081787e-12 -7.49500196184425e-12 -1.02867398486023e-10  9.66998561404872e-11  0.000244767600967214
-4.17241063401895e-16  6.43559900739768e-14  -1.0680841659754e-11 -1.59491962682706e-12  7.02032398081787e-12      1.00085545785293 -2.69996003814289e-15 -2.53253207965224e-09  1.77185767005094e-06   -9.651047588694e-11
 4.24213089446538e-16 -6.83978125650699e-14  1.13365377052839e-11  1.69542448821143e-12 -7.49500196184425e-12 -2.69996003814289e-15       1.0008554578529  1.77185766977982e-06  2.53253194215261e-09  1.02369573856699e-10
-4.09884770517593e-14  3.55752730311722e-14  3.78203271243724e-12 -5.51046824230656e-13 -1.02867398486023e-10 -2.53253207965224e-09  1.77185766977982e-06     0.999149737287806  2.74735978629081e-15  5.62998809503433e-12
 3.85056859123228e-14 -3.32302663602844e-14 -3.55041318339309e-12  5.15345306750819e-13  9.66998561404872e-11  1.77185767005094e-06  2.53253194215261e-09  2.74735978629081e-15     0.999149737287773 -5.24703104296262e-12
 3.72188909377609e-08  1.40688319187777e-05 -0.000580366312252572   0.00118438031549251  0.000244767600967214   -9.651047588694e-11  1.02369573856699e-10  5.62998809503433e-12 -5.24703104296262e-12       0.9900620380424
TOTAL ENERGY: -127.163266432352	 lambda: 0.6	 population of target: 6.99999647346291
1RDM: 
      1.9999999999245  2.56934578203642e-11  4.09558787957934e-09  1.14692216357118e-08 -2.93208220511862e-06 -3.04565929157367e-15  3.21373235310083e-15 -3.68968644366038e-14  3.46600784609934e-14 -2.32305229814554e-07
 2.56934578203642e-11      1.99999999902497  3.70745593933588e-08 -1.20346542660427e-07 -1.51480082587154e-05  7.21530841753498e-14 -7.66640535675061e-14  4.44342015962472e-14 -4.15636556541159e-14  1.50003601956554e-05
 4.09558787957934e-09  3.70745593933588e-08      1.99998580100398 -9.96661425172782e-07  0.000327244846751131 -1.12061882692046e-11  1.18938266309084e-11  3.91042199322913e-12 -3.67081819306579e-12 -0.000638544740438003
 1.14692216357118e-08 -1.20346542660427e-07 -9.96661425172782e-07      1.99997846024777  -0.00136996570401443 -1.20988641492571e-12  1.28742344112044e-12  1.49484222002835e-13  -1.4343109280732e-13   0.00123205501495693
-2.93208220511862e-06 -1.51480082587154e-05  0.000327244846751131  -0.00136996570401443      1.00964105687186  6.88127019891563e-12 -7.34594990848951e-12 -9.95452864913057e-11  9.35768862190659e-11  0.000246565051819813
-3.04565929157367e-15  7.21530841753498e-14 -1.12061882692046e-11 -1.20988641492571e-12  6.88127019891563e-12      1.00082746907298 -5.47265891911725e-15 -2.57082250104198e-09  1.78609836936301e-06 -9.33742112421542e-11
 3.21373235310083e-15 -7.66640535675061e-14  1.18938266309084e-11  1.28742344112044e-12 -7.34594990848951e-12 -5.47265891911725e-15      1.00082746907289  1.78609836897677e-06  2.57082235709592e-09  9.90428458043222e-11
-3.68968644366038e-14  4.44342015962472e-14  3.91042199322913e-12  1.49484222002835e-13 -9.95452864913057e-11 -2.57082250104198e-09  1.78609836897677e-06      0.99917772530894  5.60310719181854e-15  5.35454372401278e-12
 3.46600784609934e-14 -4.15636556541159e-14 -3.67081819306579e-12  -1.4343109280732e-13  9.35768862190659e-11  1.78609836936301e-06  2.57082235709592e-09  5.60310719181854e-15     0.999177725308849 -4.98956284770847e-12
-2.32305229814554e-07  1.50003601956554e-05 -0.000638544740438003   0.00123205501495693  0.000246565051819813 -9.33742112421542e-11  9.90428458043222e-11  5.35454372401278e-12 -4.98956284770847e-12     0.990384294163244
TOTAL ENERGY: -127.163259882588	 lambda: 0.7	 population of target: 7.00000654644349
1RDM: 
     1.99999999990443   3.5833225322853e-11  4.34404258666046e-09  1.35347507713686e-08 -3.36666020449648e-06 -6.19782751997877e-15  6.55895031650388e-15 -3.24856646473696e-14  3.05143159665553e-14 -5.58631659368257e-07
  3.5833225322853e-11      1.99999999897602  3.67657464943787e-08 -1.25883184962342e-07 -1.60217510681857e-05  7.87038989751493e-14 -8.36090968548769e-14  5.20438880081993e-14 -4.87219416245281e-14  1.57838751281559e-05
 4.34404258666046e-09  3.67657464943787e-08      1.99998565898041 -9.82261834988282e-07  0.000309995684749719 -1.17452393578753e-11  1.24656997002044e-11  4.12603122865867e-12 -3.87320992564548e-12 -0.000697737020032448
 1.35347507713686e-08 -1.25883184962342e-07 -9.82261834988282e-07      1.99997825191258  -0.00143867329420231 -9.34844354788938e-13  9.96042636190329e-13  7.71370241426313e-13 -7.28212517607556e-13   0.00126684477175026
-3.36666020449648e-06 -1.60217510681857e-05  0.000309995684749719  -0.00143867329420231      1.00969016227037  7.00161176587701e-12 -7.47384972530031e-12 -1.00051412322251e-10  9.40526287266493e-11  0.000257269134864669
-6.19782751997877e-15  7.87038989751493e-14 -1.17452393578753e-11 -9.34844354788938e-13  7.00161176587701e-12      1.00083075895775 -3.82408131156186e-15 -2.67180813543962e-09   1.8627009458515e-06 -9.38346112285941e-11
 6.55895031650388e-15 -8.36090968548769e-14  1.24656997002044e-11  9.96042636190329e-13 -7.47384972530031e-12 -3.82408131156186e-15      1.00083075895778  1.86270094571398e-06  2.67180799164409e-09  9.95311351783206e-11
-3.24856646473696e-14  5.20438880081993e-14  4.12603122865867e-12  7.71370241426313e-13 -1.00051412322251e-10 -2.67180813543962e-09  1.86270094571398e-06     0.999174435453682  3.77830262523257e-15  5.29265247804299e-12
 3.05143159665553e-14 -4.87219416245281e-14 -3.87320992564548e-12 -7.28212517607556e-13  9.40526287266493e-11   1.8627009458515e-06  2.67180799164409e-09  3.77830262523257e-15     0.999174435453714 -4.93114693619479e-12
-5.58631659368257e-07  1.57838751281559e-05 -0.000697737020032448   0.00126684477175026  0.000257269134864669 -9.38346112285941e-11  9.95311351783206e-11  5.29265247804299e-12 -4.93114693619479e-12     0.990335539133314
TOTAL ENERGY: -127.163251184106	 lambda: 0.8	 population of target: 7.0000181130651
1RDM: 
     1.99999999987432  5.12669142987935e-11  4.83346309143393e-09  1.65363569816742e-08 -3.84280594704526e-06 -9.95411221072643e-15  1.05451802810534e-14 -2.76250010952794e-14  2.59463480458314e-14 -9.49992439081646e-07
 5.12669142987935e-11      1.99999999892803  3.57341392285158e-08 -1.31227250382646e-07 -1.67867724331514e-05  8.42809894740045e-14 -8.95218578973485e-14  5.87191247981308e-14 -5.50012109617602e-14  1.64520160196373e-05
 4.83346309143393e-09  3.57341392285158e-08      1.99998555832219 -1.11659590767402e-06  0.000283425246566364 -1.23212470066693e-11  1.30768222676161e-11  4.43350537159093e-12 -4.16194199031416e-12 -0.000760524980625774
 1.65363569816742e-08 -1.31227250382646e-07 -1.11659590767402e-06      1.99997791830566  -0.00150155731222917 -7.51358807447443e-13  8.01747054486708e-13  1.34687192020285e-12 -1.26933723386593e-12   0.00129102119888644
-3.84280594704526e-06 -1.67867724331514e-05  0.000283425246566364  -0.00150155731222917      1.01012065859154  7.40918603746913e-12 -7.90828154023269e-12  -1.0449213631201e-10  9.82270563374474e-11  0.000279429358976173
-9.95411221072643e-15  8.42809894740045e-14 -1.23212470066693e-11 -7.51358807447443e-13  7.40918603746913e-12      1.00086598367028 -3.97143327085335e-15 -2.90926333956737e-09  2.01935662805268e-06 -9.79884279056754e-11
 1.05451802810534e-14 -8.95218578973485e-14  1.30768222676161e-11  8.01747054486708e-13 -7.90828154023269e-12 -3.97143327085335e-15      1.00086598367018  2.01935662758738e-06  2.90926318275182e-09  1.03937054810367e-10
-2.76250010952794e-14  5.87191247981308e-14  4.43350537159093e-12  1.34687192020285e-12  -1.0449213631201e-10 -2.90926333956737e-09  2.01935662758738e-06     0.999139211560758  4.11881942225075e-15   5.4286756578393e-12
 2.59463480458314e-14 -5.50012109617602e-14 -4.16194199031416e-12 -1.26933723386593e-12  9.82270563374474e-11  2.01935662805268e-06  2.90926318275182e-09  4.11881942225075e-15     0.999139211560655 -5.05703277108682e-12
-9.49992439081646e-07  1.64520160196373e-05 -0.000760524980625774   0.00129102119888644  0.000279429358976173 -9.79884279056754e-11  1.03937054810367e-10   5.4286756578393e-12 -5.05703277108682e-12     0.989905475516399
TOTAL ENERGY: -127.163237176362	 lambda: 0.9	 population of target: 7.00003452115797
1RDM: 
     1.99999999982573  7.54118719488601e-11  5.99046993032578e-09  2.11167034363515e-08 -4.37655374306345e-06 -1.44553220187851e-14  1.53218672534029e-14 -2.21503385424021e-14  2.08015745787265e-14 -1.42113626950152e-06
 7.54118719488601e-11      1.99999999887982  3.36155336301037e-08 -1.36773318912673e-07 -1.74688839858699e-05  8.90603505858248e-14 -9.45888774102055e-14   6.4685963730573e-14 -6.06140710705661e-14  1.70259189820754e-05
 5.99046993032578e-09  3.36155336301037e-08      1.99998546406724 -1.46355005382099e-06  0.000246138629874677 -1.29626265939066e-11  1.37573424395661e-11  4.84885024075595e-12 -4.55204534689083e-12 -0.000830005804870317
 2.11167034363515e-08 -1.36773318912673e-07 -1.46355005382099e-06      1.99997742251355  -0.00156147420784383 -6.52786896562379e-13  6.97505529957368e-13  1.90222765859096e-12 -1.79147527550651e-12   0.00130548451985919
-4.37655374306345e-06 -1.74688839858699e-05  0.000246138629874677  -0.00156147420784383      1.01104160724333  8.21137113065668e-12 -8.76367779816287e-12 -1.13991249037085e-10  1.07156565791358e-10  0.000319132740694559
-1.44553220187851e-14  8.90603505858248e-14 -1.29626265939066e-11 -6.52786896562379e-13  8.21137113065668e-12      1.00094188165225  -8.0916527413047e-16 -3.29743419412224e-09  2.29784117927308e-06 -1.06886443902654e-10
 1.53218672534029e-14 -9.45888774102055e-14  1.37573424395661e-11  6.97505529957368e-13 -8.76367779816287e-12  -8.0916527413047e-16      1.00094188165228  2.29784117908874e-06  3.29743404852588e-09  1.13375160268228e-10
-2.21503385424021e-14   6.4685963730573e-14  4.84885024075595e-12  1.90222765859096e-12 -1.13991249037085e-10 -3.29743419412224e-09  2.29784117908874e-06     0.999063315590567  7.74532538808502e-16  5.79293146834795e-12
 2.08015745787265e-14 -6.06140710705661e-14 -4.55204534689083e-12 -1.79147527550651e-12  1.07156565791358e-10  2.29784117927308e-06  3.29743404852588e-09  7.74532538808502e-16     0.999063315590591 -5.39521859373513e-12
-1.42113626950152e-06  1.70259189820754e-05 -0.000830005804870317   0.00130548451985919  0.000319132740694559 -1.06886443902654e-10  1.13375160268228e-10  5.79293146834795e-12 -5.39521859373513e-12     0.988985112984707
TOTAL ENERGY: -127.163209907249	 lambda: 1	 population of target: 7.00006306326484
1RDM: 
     1.99999999973812  1.15903007855856e-10  8.99006745137081e-09  2.87396421787065e-08  -4.9911369534652e-06 -1.99504726365897e-14  2.11532694731236e-14 -1.58191079086402e-14   1.4852096991689e-14 -1.99846749801854e-06
 1.15903007855856e-10       1.9999999988286  2.95429396814886e-08 -1.43186139714037e-07 -1.80886450844542e-05  9.31470088828337e-14 -9.89214454992333e-14  7.01277566340967e-14 -6.57329300247448e-14  1.75182408046954e-05
 8.99006745137081e-09  2.95429396814886e-08      1.99998529085633 -2.18437196024674e-06  0.000194940459590631 -1.37136728200972e-11  1.45542611132097e-11  5.40673371053699e-12 -5.07608602111236e-12 -0.000910953483255092
 2.87396421787065e-08 -1.43186139714037e-07 -2.18437196024674e-06      1.99997665118417  -0.00162132763100887 -6.44580155342129e-13  6.89116508947334e-13   2.4651361717813e-12 -2.32066237361752e-12   0.00130976781765612
 -4.9911369534652e-06 -1.80886450844542e-05  0.000194940459590631  -0.00162132763100887      1.01274133690297  9.67882345792487e-12 -1.03285420021286e-11  -1.3151851473749e-10  1.23632833277755e-10  0.000390986977067528
-1.99504726365897e-14  9.31470088828337e-14 -1.37136728200972e-11 -6.44580155342129e-13  9.67882345792487e-12      1.00108155948589 -2.27060884288206e-16 -4.02589817209324e-09   2.7972015528478e-06 -1.23307342804933e-10
 2.11532694731236e-14 -9.89214454992333e-14  1.45542611132097e-11  6.89116508947334e-13 -1.03285420021286e-11 -2.27060884288206e-16      1.00108155948597  2.79720155281837e-06  4.02589800829258e-09  1.30792782132467e-10
-1.58191079086402e-14  7.01277566340967e-14  5.40673371053699e-12   2.4651361717813e-12  -1.3151851473749e-10 -4.02589817209324e-09  2.79720155281837e-06     0.998923642184406  1.13893280631602e-16   6.4796352234401e-12
  1.4852096991689e-14 -6.57329300247448e-14 -5.07608602111236e-12 -2.32066237361752e-12  1.23632833277755e-10   2.7972015528478e-06  4.02589800829258e-09  1.13893280631602e-16     0.998923642184485 -6.03294316708593e-12
-1.99846749801854e-06  1.75182408046954e-05 -0.000910953483255092   0.00130976781765612  0.000390986977067528 -1.23307342804933e-10  1.30792782132467e-10   6.4796352234401e-12 -6.03294316708593e-12     0.987286319149057
-------------------general-----------------------
mullikenoperator: 
  0.00203322746074462    0.0450434635520232 -0.000205522589203291  0.000370850669077861 -1.01924748084766e-05 -9.35604384591584e-14  9.91826285871477e-14  1.24860831664591e-13 -1.17427208992792e-13 -5.78244109936747e-06
   0.0450434635520232     0.997965644323767  -0.00105028399066238 -0.000445444092474193 -3.18650128933231e-05  2.01673672262935e-13 -2.14170911013448e-13  1.99627303758322e-13 -1.87703881319053e-13  3.07470683549419e-05
 -0.00020552258920329  -0.00105028399066238     0.140595319575801    -0.347600076921948  0.000396335436103717 -1.44056837548472e-12  1.52280725958964e-12 -3.96426257059767e-12  3.72648089927021e-12  -0.00119787467638466
  0.00037085066907786 -0.000445444092474196    -0.347600076921948     0.859397274264474  -0.00214567163634458  6.91679837614024e-12 -7.33151073332814e-12  6.25154819230835e-12 -5.88372232986413e-12    0.0017627772357347
-1.01924748084768e-05 -3.18650128933235e-05  0.000396335436103719  -0.00214567163634458     0.486944461955141  -1.3050429584009e-12  1.37897970948012e-12 -1.86951767903411e-11  1.75788281615057e-11     0.499825734855472
-9.35604384591718e-14  2.01673672262954e-13 -1.44056837548493e-12  6.91679837614155e-12 -1.30504295838323e-12     0.498902209481957  3.73979682478848e-14 -0.000718709490400099     0.499998282576079 -1.76167563341008e-11
 9.91826285871644e-14 -2.14170911013455e-13   1.5228072595897e-12 -7.33151073332835e-12  1.37897970948684e-12  3.73989985991432e-14     0.498902209482078     0.499998282576079  0.000718709490400353  1.86815698461397e-11
 1.24860831664608e-13  1.99627303758321e-13  -3.9642625705975e-12  6.25154819230789e-12 -1.86951767903311e-11 -0.000718709490400115     0.499998282576079     0.501097790517923 -3.75112544063388e-14  -1.8169401114648e-12
-1.17427208992805e-13 -1.87703881319045e-13   3.7264808992699e-12 -5.88372232986261e-12  1.75788281615265e-11     0.499998282576079  0.000718709490400334 -3.74967869295711e-14     0.501097790518044  1.71314607548417e-12
-5.78244109936757e-06  3.07470683549428e-05  -0.00119787467638466    0.0017627772357347     0.499825734855472  -1.7616756334104e-11  1.86815698461278e-11 -1.81694011147925e-12  1.71314607547951e-12     0.513064072420074
selected BF: 
0 1 2 3 4
selected lambdas: 
  -1 -0.9 -0.8 -0.7 -0.6 -0.5 -0.4 -0.3 -0.2 -0.1    0  0.1  0.2  0.3  0.4  0.5  0.6  0.7  0.8  0.9    1
RHF C: 
 1.65253339667576e-06    -0.995369028537747     0.260211819839206   0.00147261464351862  -0.00100386410682808  8.29116865705436e-11 -9.99914709144538e-11 -4.84992248341913e-11 -7.09268851526668e-11 -0.000374133083408813
-5.97529185063766e-06   -0.0189790923930186     -1.02862106971001   -0.0058341429183157   0.00401630714521502 -3.33472584915652e-10  4.01414537921768e-10   1.9066043235681e-10  2.78622386275201e-10   0.00149220957852245
 2.81237020674834e-13   2.2813668217193e-13  1.02059945695225e-10  1.64162761261778e-11  2.60280769221442e-08   -0.0602538825771646   -0.0811632288446732    -0.798819427262212     0.593017318138248  7.15749017346685e-11
 4.18893865900971e-13  2.63840657050815e-12  3.76906946536201e-10 -3.48496259643834e-10  1.92159858548471e-07    0.0811632246939022   -0.0602538856585652    -0.593017317825146    -0.798819427683936  5.52685771806902e-10
-1.61190170058536e-05 -1.21803093567761e-05  -0.00392311356574558   0.00398174205117682     -0.99997889001261  1.38439455620646e-08 -1.32067463933425e-08 -1.34792652033414e-07 -1.38082232301337e-07   0.00388045998951615
    0.995045541147455 -9.57049785514374e-07   0.00137276127529254    -0.263107140284379  -0.00131228854467253    1.709565522674e-10 -3.66133008520598e-10 -9.03164616354512e-11 -8.98504888317418e-11  -0.00312450018325533
   0.0201234845984888  4.95677676772842e-06  -0.00535549142131334       1.0289542939208   0.00515290595119188 -6.78270915838997e-10  1.45192642175559e-09  3.55863952911817e-10   3.5395746788868e-10    0.0121797216864783
 2.99707772152389e-12  -2.5343320264714e-13 -6.75411339010953e-11  2.77858254440589e-10 -1.34484121966521e-10    -0.593015977966104     -0.79880396540978    0.0812680166412517   -0.0603307654454801  3.81273715870367e-08
 5.44223688206186e-12 -1.96558469668494e-12 -3.88662476526482e-10  7.13449351169604e-10 -2.62262634495679e-10      0.79880396583206    -0.593015977652615    0.0603307685268747    0.0812680124905621  5.07104960370972e-08
 1.00418003331303e-05 -1.22554419140426e-05   0.00068323154827009   -0.0118451410095687   0.00205194749926798 -1.79611096984525e-08  6.05841298359706e-08 -5.48486295235747e-09 -1.13199298313551e-09     0.999929441463742
RDM (no constraint): 
     1.99999999916393   -1.616651950746e-09 -1.92432379799241e-07  -1.9119083599973e-08  2.20194936867612e-06 -2.46127483209863e-12  5.20477857240329e-12  1.38982237121475e-13  1.20324239888151e-13 -7.90256593612436e-06
  -1.616651950746e-09      1.99999999031135 -2.03253796332402e-06 -2.54409900563622e-07  4.44896527394988e-05  8.48408544228883e-13 -1.28938004944067e-12  7.95631636460453e-12  8.28900997923506e-12 -1.06339774720818e-05
-1.92432379799241e-07 -2.03253796332402e-06       1.9988289783492 -0.000159482400474364    0.0334031049579115 -2.23584039800313e-10  2.18864007613852e-10  4.83665339807899e-09   4.8833162693884e-09  0.000434483157247446
 -1.9119083599973e-08 -2.54409900563622e-07 -0.000159482400474364      1.99981917656482   0.00358762247965041 -6.39058991259798e-10  1.40581817430952e-09  1.39760589034384e-10  1.34171064878049e-10    0.0121730622464885
 2.20194936867612e-06  4.44896527394988e-05    0.0334031049579115   0.00358762247965041         1.00034853817  1.35330338084568e-10  1.61173385116149e-09 -9.86233511594658e-11  7.69669027202886e-11    0.0400599095379471
-2.46127483209863e-12  8.48408544228883e-13 -2.23584039800313e-10 -6.39058991259798e-10  1.35330338084568e-10      1.00068779676534 -1.55078217964886e-16  2.70121523588759e-08  -0.00329753245289555 -6.07624075147726e-10
 5.20477857240329e-12 -1.28938004944067e-12  2.18864007613852e-10  1.40581817430952e-09  1.61173385116149e-09 -1.55078217964886e-16      1.00068779679965   0.00329753244596105   2.7012154993346e-08  6.16542220277807e-10
 1.38982237121475e-13  7.95631636460453e-12  4.83665339807899e-09  1.39760589034384e-10 -9.86233511594658e-11  2.70121523588759e-08   0.00329753244596105     0.999317643883422 -4.23429422487807e-16  5.59420370117909e-09
 1.20324239888151e-13  8.28900997923506e-12   4.8833162693884e-09  1.34171064878049e-10  7.69669027202886e-11  -0.00329753245289555   2.7012154993346e-08 -4.23429422487807e-16      0.99931764391773  5.90536646853402e-09
-7.90256593612436e-06 -1.06339774720818e-05  0.000434483157247446    0.0121730622464885    0.0400599095379471 -6.07624075147726e-10  6.16542220277807e-10  5.59420370117909e-09  5.90536646853402e-09      1.00099243607454
RDM Eigenvectors: 
    0.998962316896417   -0.0450959684590678   -0.0057385343271881  -0.00277708633779223 -4.26945792701135e-06 -4.22452792935849e-12  1.78009189147578e-12 -1.71252591751836e-12  3.69376833991367e-12  6.83388573991121e-06
   0.0450827080812752     0.998927824814076   0.00286337967534639   -0.0101266615254325  2.45594285041979e-05  1.27459714713203e-13 -3.37456337013786e-14  2.17961211962183e-12 -2.02470344924112e-12  3.77398381012177e-05
-0.000859016466087893   -0.0104226058872868     0.379740553593279    -0.924426544891349    0.0246926765799223  2.10468945761627e-10 -2.59974455381535e-10  1.19505195913742e-10 -1.94849622340267e-10     0.022662262849568
 -0.00641018179267673 -0.000909374712035279    -0.924965174556092    -0.379774114360474    0.0116761639602697 -3.57672609896174e-10  1.18758165974173e-10 -5.96177364496423e-10  6.99688762378603e-10  -0.00572692957252457
-5.10653742810599e-05 -0.000308707900772775   0.00893885796301125    -0.032508624515173    -0.699443663290189  -1.0300453465617e-07  1.04367289436696e-07  1.04979267548727e-07 -1.03504176703439e-07    -0.713891973708463
 1.93333590378607e-12  3.99642243053086e-12  5.08824828883129e-10  4.64360339316809e-10  1.69623535361155e-08  -0.00602362711185617     0.775673344437407    -0.631093202096819   0.00399360900529634  4.25213997719479e-09
-4.21499201993222e-12 -5.74817126819199e-12 -1.20490064143024e-09  -8.0814681570103e-10 -4.74722552425592e-08     0.775673347716695   0.00602362713729854  -0.00399360897981907    -0.631093198066181  2.64073630954093e-08
-5.05593930939295e-12 -4.27696679352558e-11  1.64133837817252e-09 -4.55633819842764e-09 -9.73510079892855e-08      0.63108676493218   0.00490598466275061   0.00491492771575343     0.775681165123566 -1.06470867867423e-07
-5.09290009045387e-12  -4.2977566469912e-11   1.6647342699146e-09 -4.60387085195054e-09 -1.03330746915863e-07   0.00490598469397208    -0.631086768962776    -0.775681161844244    0.0049149276950383 -1.06277583575732e-07
-8.89124584471415e-05 -3.82693142944138e-05   -0.0107473212484597  -0.00633348339504373    -0.714165597169365 -3.75572836749841e-08  6.44147928533844e-09 -5.98333679222812e-09  3.69727284764077e-08     0.699865610330885
Total C: 
  -0.0451051619658186    -0.997014993272423    0.0945957818573267    -0.230991210013227   0.00738741446330231  6.25515613816816e-11 -6.63873389233428e-11 -7.22445470823772e-11  6.78814555728645e-11   0.00630579769250857
 5.90646093137034e-05  -0.00823355355213258    -0.385247201541165     0.953152473867438   -0.0293428592243715 -2.49084194230514e-10  2.64358759410556e-10  2.86875989212156e-10 -2.69551385597537e-10   -0.0251010489049743
 7.04628426376962e-15  3.27878479793908e-15 -1.31887591990007e-12 -4.61729593738333e-14  1.06632989946157e-09    -0.563808240738599    -0.425390606743078    -0.425568552176231    -0.565733615612642  1.09811181417891e-09
 6.31575833053706e-14  2.80119869421439e-14 -1.20376527058226e-11 -4.22019112800886e-13  9.71608214972929e-09    -0.425390606742984     0.563808240738636     0.565733615612606    -0.425568552176325  1.00056006913195e-08
 1.19141919004684e-05  0.000334380705176755   -0.0141530542399194     0.034597997297085      0.69660722608585  6.78357092825343e-09 -7.19919140742173e-09 -7.24189930585833e-09  6.80420284360072e-09     0.716480993599899
    0.995698686250847     -0.04464801844608     0.238197978977642    0.0959513962002381  0.000106849158746044  2.43230299818355e-13 -2.56777906096942e-13 -9.25516343188434e-13  8.69324837808146e-13  0.000294807962201015
   0.0135102965743137  -0.00178448025519622    -0.953980888765088    -0.386120036059912 -0.000420593795457592 -8.27066087702441e-13  8.72271066973491e-13  3.40383968410364e-12 -3.19714860135099e-12  -0.00116842846831023
 -6.8659289563702e-15 -1.58492625568005e-14  4.72924725843164e-14 -2.55122893395364e-12 -9.49037720844063e-10    -0.565047650993405    -0.426325736699958     0.424635327781678     0.564493023694133  9.20159824178049e-10
-6.19037938027793e-14 -1.38423388004006e-13  3.99587951122308e-13 -2.31611454837404e-11 -8.60286501535324e-09    -0.426325736700053     0.565047650993368     -0.56449302369417     0.424635327781584  8.34106632671547e-09
-4.18949668378565e-06 -4.79445945798197e-05  0.000487480064770207  -0.00253276572788315    -0.715671863702722  5.87309473097637e-09 -6.22594400947133e-09  6.18393357481734e-09  -5.8167168280695e-09     0.698434679455024
Basis set used: STO-3G
Naturals: 
 1.99999999996994  1.99999999848136  1.99999142209466   1.9999410757783  1.04001249947917  1.00337066481649   1.0033706648163 0.996634775866774 0.996634775866585 0.960044122830427
Naturals: 
 1.99999999996995  1.99999999848137   1.9999914220915  1.99994107586884  1.04001247273024  1.00337066086058  1.00337066086043 0.996634779819303 0.996634779819158 0.960044149498709
Version: Tmhuysen's fci hack
