Naturals in-correctThe Davidson algorithm did not converge.lambda: -1
The Davidson algorithm did not converge.lambda: -0.9
The Davidson algorithm did not converge.lambda: -0.8
The Davidson algorithm did not converge.lambda: -0.7
The Davidson algorithm did not converge.lambda: -0.6
The Davidson algorithm did not converge.lambda: -0.5
The Davidson algorithm did not converge.lambda: -0.4
The Davidson algorithm did not converge.lambda: -0.3
The Davidson algorithm did not converge.lambda: -0.2
The Davidson algorithm did not converge.lambda: -0.1
TOTAL ENERGY: -127.163943395481	 lambda: 0	 population of target: 6.99486843375814
1RDM: 
      1.9999999998215  2.90495491835494e-16  8.72088668071031e-14  3.60244971585827e-13  6.86634248828981e-13  1.41793309576989e-17  -4.1806843410376e-18 -1.13456103812734e-17   3.9351632769697e-18   -4.462406386207e-12
 2.90495491835494e-16      1.99999999462357  2.28657413970935e-13  1.40615464592001e-12  3.76398394982115e-11  2.49112722103956e-16 -1.07835453164813e-16  -2.5070629638348e-16  4.75434857911172e-17 -1.37751613467015e-11
 8.72088668071031e-14  2.28657413970935e-13      1.99998746400643 -2.17689956894489e-11  1.11100579094168e-09  4.81865228146314e-17  5.22685463298961e-17 -2.79530698426275e-16  -2.3527059973951e-16  9.38627065492706e-10
 3.60244971585827e-13  1.40615464592001e-12 -2.17689956894489e-11      1.99979000456944 -1.62589915764736e-09 -4.64063231186182e-17 -1.76630594110208e-17 -2.12877591567459e-16 -1.92272100312455e-16  2.01650127565531e-09
 6.86634248828981e-13  3.76398394982115e-11  1.11100579094168e-09 -1.62589915764736e-09      1.08687025999981  1.34148210019074e-14  1.82271526693877e-14  3.61465871087219e-15  1.06694872258882e-15 -1.54866787513466e-09
 1.41793309576989e-17  2.49112722103956e-16  4.81865228146314e-17 -4.64063231186182e-17  1.34148210019074e-14      1.00853047468389  3.30531467040375e-15  3.89135078417116e-10  1.88770133716092e-11 -2.69842394289611e-15
 -4.1806843410376e-18 -1.07835453164813e-16  5.22685463298961e-17 -1.76630594110208e-17  1.82271526693877e-14  3.30531467040375e-15      1.00853047468416  1.88791712992074e-11 -3.89134609036254e-10 -5.71415735639856e-15
-1.13456103812734e-17  -2.5070629638348e-16 -2.79530698426275e-16 -2.12877591567459e-16  3.61465871087219e-15  3.89135078417116e-10  1.88791712992074e-11     0.991479485013848 -3.73776094086803e-15 -2.02461521795719e-14
  3.9351632769697e-18  4.75434857911172e-17  -2.3527059973951e-16 -1.92272100312455e-16  1.06694872258882e-15  1.88770133716092e-11 -3.89134609036254e-10 -3.73776094086803e-15     0.991479485014116 -1.50762858334702e-14
  -4.462406386207e-12 -1.37751613467015e-11  9.38627065492706e-10  2.01650127565531e-09 -1.54866787513466e-09 -2.69842394289611e-15 -5.71415735639856e-15 -2.02461521795719e-14 -1.50762858334702e-14     0.913332357583293
TOTAL ENERGY: -127.163814286559	 lambda: 0.1	 population of target: 6.9988152851613
1RDM: 
     1.99999999981172  7.92618766789155e-11 -3.98897665063387e-09 -2.84509377140186e-08  2.21668928222354e-06  1.40714149039212e-17 -4.92961637946184e-18 -1.16200586045693e-17  3.20264383883557e-18  1.47269160814511e-06
 7.92618766789155e-11      1.99999999642986 -8.63423325960841e-08  1.22098958820377e-07   1.8750117732341e-05  2.45699272573146e-16 -1.13760192833254e-16 -2.54038258040145e-16  4.31967317102874e-17  2.11984244677218e-05
-3.98897665063387e-09 -8.63423325960841e-08      1.99998359706818 -1.05739479468093e-05  0.000258307397268644 -3.11389389954601e-17 -3.74343398548588e-17 -3.43440964639063e-16 -2.90193948855857e-16  0.000389773005167532
-2.84509377140186e-08  1.22098958820377e-07 -1.05739479468093e-05      1.99992388543556  -0.00167550161325391  3.18172092559615e-16  4.04766140751524e-16  1.83934681981747e-16  1.53986879958598e-16   -0.0017554097838663
 2.21668928222354e-06   1.8750117732341e-05  0.000258307397268644  -0.00167550161325391      1.04545349422953 -1.53932340970417e-15 -1.76166187309594e-15 -9.64423846318255e-15 -8.25588824254353e-15  -0.00144031966393807
 1.40714149039212e-17  2.45699272573146e-16 -3.11389389954601e-17  3.18172092559615e-16 -1.53932340970417e-15      1.00452607138528 -1.00074528662001e-15  2.27632609575902e-08 -1.39255390292209e-05  8.14551685458282e-15
-4.92961637946184e-18 -1.13760192833254e-16 -3.74343398548588e-17  4.04766140751524e-16 -1.76166187309594e-15 -1.00074528662001e-15      1.00452607138545 -1.39255390289273e-05 -2.27632607308286e-08  9.54465497869914e-15
-1.16200586045693e-17 -2.54038258040145e-16 -3.43440964639063e-16  1.83934681981747e-16 -9.64423846318255e-15  2.27632609575902e-08 -1.39255390289273e-05     0.995482629511358  7.25885422946485e-16  1.94981482622542e-15
 3.20264383883557e-18  4.31967317102874e-17 -2.90193948855857e-16  1.53986879958598e-16 -8.25588824254353e-15 -1.39255390292209e-05 -2.27632607308286e-08  7.25885422946485e-16     0.995482629511528  1.70323696374769e-15
 1.47269160814511e-06  2.11984244677218e-05  0.000389773005167532   -0.0017554097838663  -0.00144031966393807  8.14551685458282e-15  9.54465497869914e-15  1.94981482622542e-15  1.70323696374769e-15     0.954621625231564
TOTAL ENERGY: -127.163717697532	 lambda: 0.2	 population of target: 6.9995059000905
1RDM: 
     1.99999999978188  3.84074960388775e-11 -8.12388508423124e-09 -2.83254354952121e-08  3.47723118731154e-06  1.42587875199004e-17 -5.27240717599595e-18  -1.1615438824182e-17  2.72525123974307e-18  1.66345844372898e-06
 3.84074960388775e-11      1.99999999601252 -1.23838215533206e-07   2.2474511054589e-07  2.73878018732995e-05  2.44262917643992e-16 -1.16256428407359e-16 -2.55366823774464e-16   4.1269430465221e-17  2.99123849944014e-05
-8.12388508423124e-09 -1.23838215533206e-07      1.99998088802934 -8.20158854553599e-06  0.000339466110347986 -6.61836506222478e-17 -7.51243017458089e-17  -3.6683848168763e-16 -3.08514903196741e-16  0.000574683842479818
-2.83254354952121e-08   2.2474511054589e-07 -8.20158854553599e-06      1.99994278581637  -0.00236508547722975   4.4824984346056e-16  5.56620477446886e-16  3.40097131852122e-16  2.91481129044706e-16  -0.00237521071730763
 3.47723118731154e-06  2.73878018732995e-05  0.000339466110347986  -0.00236508547722975      1.03260055673692 -1.08721424322396e-15 -1.24969624596635e-15 -6.89861915362356e-15 -5.89269532870424e-15  -0.00137024376244161
 1.42587875199004e-17  2.44262917643992e-16 -6.61836506222478e-17   4.4824984346056e-16 -1.08721424322396e-15      1.00326257754442  2.29123697956919e-15  2.18272030501024e-08 -1.33856154606843e-05  5.84152470469279e-15
-5.27240717599595e-18 -1.16256428407359e-16 -7.51243017458089e-17  5.56620477446886e-16 -1.24969624596635e-15  2.29123697956919e-15      1.00326257754448 -1.33856154606844e-05 -2.18272028907573e-08  6.85955836889522e-15
 -1.1615438824182e-17 -2.55366823774464e-16  -3.6683848168763e-16  3.40097131852122e-16 -6.89861915362356e-15  2.18272030501024e-08 -1.33856154606844e-05     0.996745915354565 -2.38626272490309e-15  1.51377589576978e-15
 2.72525123974307e-18   4.1269430465221e-17 -3.08514903196741e-16  2.91481129044706e-16 -5.89269532870424e-15 -1.33856154606843e-05 -2.18272028907573e-08 -2.38626272490309e-15     0.996745915354624  1.31492133737294e-15
 1.66345844372898e-06  2.99123849944014e-05  0.000574683842479818  -0.00237521071730763  -0.00137024376244161  5.84152470469279e-15  6.85955836889522e-15  1.51377589576978e-15  1.31492133737294e-15     0.967458787824865
TOTAL ENERGY: -127.163658953603	 lambda: 0.3	 population of target: 6.99974760987527
1RDM: 
     1.99999999974495  4.48287612162117e-12 -1.10899519050923e-08 -2.73948145826465e-08   4.4953255494784e-06  1.45076145472885e-17 -5.53551786121028e-18 -1.15524320275738e-17  2.29743362022093e-18  1.50020755091688e-06
 4.48287612162117e-12      1.99999999546952 -1.44360446884161e-07  2.97168959335751e-07  3.29299371978004e-05  2.43301081700297e-16 -1.17927413938279e-16 -2.56140804050087e-16  3.99970390394528e-17  3.54769455777319e-05
-1.10899519050923e-08 -1.44360446884161e-07      1.99997927808906 -6.07059683516935e-06  0.000364810360123569 -9.15663438402912e-17 -1.01395385392926e-16 -3.78111521842065e-16 -3.15992656265018e-16  0.000714215869266245
-2.73948145826465e-08  2.97168959335751e-07 -6.07059683516935e-06      1.99994710552922  -0.00277978894150718  5.22081673856171e-16  6.43372267490912e-16  4.32345022284629e-16  3.73640196976607e-16  -0.00272249418685442
  4.4953255494784e-06  3.29299371978004e-05  0.000364810360123569  -0.00277978894150718      1.02666558328386 -8.86167385621628e-16 -1.02303283695694e-15 -5.61847678769504e-15 -4.79166417469839e-15  -0.00126230422509903
 1.45076145472885e-17  2.43301081700297e-16 -9.15663438402912e-17  5.22081673856171e-16 -8.86167385621628e-16      1.00267505634837  -9.9066751194397e-15  2.02189800113635e-08  -1.2405735111386e-05   4.7611356687209e-15
-5.53551786121028e-18 -1.17927413938279e-16 -1.01395385392926e-16  6.43372267490912e-16 -1.02303283695694e-15  -9.9066751194397e-15      1.00267505634842 -1.24057351114017e-05 -2.02189798197172e-08  5.59967734209618e-15
-1.15524320275738e-17 -2.56140804050087e-16 -3.78111521842065e-16  4.32345022284629e-16 -5.61847678769504e-15  2.02189800113635e-08 -1.24057351114017e-05     0.997333370355435  9.81190262233062e-15  1.29204539197309e-15
 2.29743362022093e-18  3.99970390394528e-17 -3.15992656265018e-16  3.73640196976607e-16 -4.79166417469839e-15  -1.2405735111386e-05 -2.02189798197172e-08  9.81190262233062e-15     0.997333370355494  1.11745679248728e-15
 1.50020755091688e-06  3.54769455777319e-05  0.000714215869266245  -0.00272249418685442  -0.00126230422509903   4.7611356687209e-15  5.59967734209618e-15  1.29204539197309e-15  1.11745679248728e-15     0.973391184475718
TOTAL ENERGY: -127.163618530705	 lambda: 0.4	 population of target: 6.99986475510864
1RDM: 
      1.9999999996985 -1.71811481599668e-11 -1.35675528950596e-08 -2.75840801275533e-08  5.43638969435369e-06  1.47908125929081e-17 -5.76022294042625e-18 -1.14659078169728e-17  1.88569648619377e-18  1.14375717194395e-06
-1.71811481599668e-11      1.99999999496064 -1.57035219626324e-07  3.52269784008638e-07  3.69693169221224e-05  2.42563456082824e-16 -1.19227990970565e-16 -2.56639029937684e-16  3.90382298037789e-17  3.96312188267061e-05
-1.35675528950596e-08 -1.57035219626324e-07      1.99997820210492 -4.60193361007446e-06  0.000360298155646228  -1.1335945594917e-16  -1.2322144313205e-16 -3.83309535805907e-16 -3.17876693000986e-16  0.000838631446387418
-2.75840801275533e-08  3.52269784008638e-07 -4.60193361007446e-06      1.99994774255196  -0.00307343051723115  5.71798452229692e-16  7.02344561112131e-16  4.96583357838571e-16  4.31554357524557e-16  -0.00295380996084961
 5.43638969435369e-06  3.69693169221224e-05  0.000360298155646228  -0.00307343051723115      1.02353908219111 -7.86241414360486e-16 -9.12108481091505e-16 -4.93972331242066e-15 -4.20671711911475e-15  -0.00119469729449387
 1.47908125929081e-17  2.42563456082824e-16  -1.1335945594917e-16  5.71798452229692e-16 -7.86241414360486e-16        1.002363909394 -2.84144368096013e-15   1.9176779162451e-08 -1.17856224183202e-05  4.18635774207948e-15
-5.76022294042625e-18 -1.19227990970565e-16  -1.2322144313205e-16  7.02344561112131e-16 -9.12108481091505e-16 -2.84144368096013e-15      1.00236390939407 -1.17856224184243e-05 -1.91767790035501e-08  4.93090483444099e-15
-1.14659078169728e-17 -2.56639029937684e-16 -3.83309535805907e-16  4.96583357838571e-16 -4.93972331242066e-15   1.9176779162451e-08 -1.17856224184243e-05     0.997644489980503  2.74261263178923e-15  1.17918949463256e-15
 1.88569648619377e-18  3.90382298037789e-17 -3.17876693000986e-16  4.31554357524557e-16 -4.20671711911475e-15 -1.17856224183202e-05 -1.91767790035501e-08  2.74261263178923e-15     0.997644489980564  1.01544370086291e-15
 1.14375717194395e-06  3.96312188267061e-05  0.000838631446387418  -0.00295380996084961  -0.00119469729449387  4.18635774207948e-15  4.93090483444099e-15  1.17918949463256e-15  1.01544370086291e-15     0.976518179743745
TOTAL ENERGY: -127.163586602446	 lambda: 0.5	 population of target: 6.99993621372158
1RDM: 
     1.99999999963785 -2.68345058042225e-11 -1.60364732359878e-08 -2.92265009995541e-08  6.36767570201081e-06  1.51004018107363e-17 -5.95931757630211e-18 -1.13692382257842e-17  1.47689166938932e-18  6.39051661577479e-07
-2.68345058042225e-11      1.99999999450409 -1.65153499288812e-07  3.96479602838112e-07  4.00999548472846e-05  2.41958196690336e-16 -1.20316275983122e-16 -2.56968758763707e-16  3.82677067058272e-17  4.29811415567193e-05
-1.60364732359878e-08 -1.65153499288812e-07      1.99997738853558 -3.67806952907102e-06   0.00033442605422503 -1.33804120807472e-16 -1.43135456466026e-16 -3.84499673565523e-16 -3.15927025768307e-16  0.000959328609029071
-2.92265009995541e-08  3.96479602838112e-07 -3.67806952907102e-06      1.99994713378721  -0.00330088712076699  6.08164111968308e-16  7.46027962424169e-16  5.45454761795818e-16  4.76187368953799e-16  -0.00312084050174237
 6.36767570201081e-06  4.00999548472846e-05   0.00033442605422503  -0.00330088712076699      1.02191814548347 -7.38462660089917e-16 -8.60947039496668e-16  -4.5814999236334e-15  -3.8962790647351e-15  -0.00116905844805935
 1.51004018107363e-17  2.41958196690336e-16 -1.33804120807472e-16  6.08164111968308e-16 -7.38462660089917e-16      1.00220138921838  1.13551920943517e-15  1.88080705260671e-08 -1.15570054148957e-05  3.88225261242632e-15
-5.95931757630211e-18 -1.20316275983122e-16 -1.43135456466026e-16  7.46027962424169e-16 -8.60947039496668e-16  1.13551920943517e-15      1.00220138921843 -1.15570054149761e-05   -1.880807043294e-08  4.57920296595361e-15
-1.13692382257842e-17 -2.56968758763707e-16 -3.84499673565523e-16  5.45454761795818e-16  -4.5814999236334e-15  1.88080705260671e-08 -1.15570054149761e-05     0.997806997907337 -1.21688252257902e-15  1.13015548568286e-15
 1.47689166938932e-18  3.82677067058272e-17 -3.15927025768307e-16  4.76187368953799e-16  -3.8962790647351e-15 -1.15570054148957e-05   -1.880807043294e-08 -1.21688252257902e-15     0.997806997907387  9.69139845502238e-16
 6.39051661577479e-07  4.29811415567193e-05  0.000959328609029071  -0.00312084050174237  -0.00116905844805935  3.88225261242632e-15  4.57920296595361e-15  1.13015548568286e-15  9.69139845502238e-16     0.978140563800254
TOTAL ENERGY: -127.163556955445	 lambda: 0.6	 population of target: 6.99999025387561
1RDM: 
     1.99999999955541 -2.42875108024996e-11 -1.89873548923243e-08 -3.26243422572911e-08  7.32885920585612e-06   1.5434170297993e-17 -6.13716085343528e-18 -1.12696535865981e-17  1.06369723118798e-18 -4.36270921922319e-09
-2.42875108024996e-11      1.99999999409821 -1.70074033375079e-07  4.33181180161621e-07  4.26069085210811e-05   2.4143860904614e-16 -1.21265723312756e-16 -2.57184357404239e-16  3.76259308102758e-17  4.58137180000524e-05
-1.89873548923243e-08 -1.70074033375079e-07      1.99997667814362 -3.21827408783548e-06  0.000290061843601693 -1.54118110011434e-16 -1.62476931466271e-16 -3.82515698490216e-16 -3.10817132265989e-16   0.00108289081547411
-3.26243422572911e-08  4.33181180161621e-07 -3.21827408783548e-06      1.99994601807679  -0.00348767600210092  6.35940668133809e-16  7.79948144457077e-16  5.84769781171475e-16  5.12593441938057e-16  -0.00324615487817885
 7.32885920585612e-06  4.26069085210811e-05  0.000290061843601693  -0.00348767600210092      1.02130564140429 -7.24962640504723e-16 -8.49330091044737e-16 -4.43608041665471e-15 -3.76755504746687e-15  -0.00118419806016718
  1.5434170297993e-17   2.4143860904614e-16 -1.54118110011434e-16  6.35940668133809e-16 -7.24962640504723e-16      1.00213839579354  2.88177278918673e-15  1.90779247146429e-08 -1.17137318820167e-05  3.75844954238443e-15
-6.13716085343528e-18 -1.21265723312756e-16 -1.62476931466271e-16  7.79948144457077e-16 -8.49330091044737e-16  2.88177278918673e-15      1.00213839579359 -1.17137318821402e-05  -1.9077924636658e-08  4.43934129256161e-15
-1.12696535865981e-17 -2.57184357404239e-16 -3.82515698490216e-16  5.84769781171475e-16 -4.43608041665471e-15  1.90779247146429e-08 -1.17137318821402e-05       0.9978699867731  -2.9712285169004e-15  1.12813020541249e-15
 1.06369723118798e-18  3.76259308102758e-17 -3.10817132265989e-16  5.12593441938057e-16 -3.76755504746687e-15 -1.17137318820167e-05  -1.9077924636658e-08  -2.9712285169004e-15     0.997869986773155  9.63526834831445e-16
-4.36270921922319e-09  4.58137180000524e-05   0.00108289081547411  -0.00324615487817885  -0.00118419806016718  3.75844954238443e-15  4.43934129256161e-15  1.12813020541249e-15  9.63526834831445e-16      0.97875490358831
TOTAL ENERGY: -127.163523629976	 lambda: 0.7	 population of target: 7.0000414832989
1RDM: 
     1.99999999943802 -8.29627801041051e-12 -2.31726716381197e-08 -3.83484706993603e-08  8.35142452012913e-06  1.57926941137477e-17  -6.2942195498886e-18 -1.11722690637387e-17  6.40767822243571e-19 -7.94725457060569e-07
-8.29627801041051e-12       1.9999999937389 -1.72303426702948e-07   4.6431310251591e-07  4.46478877153746e-05     2.40974947172e-16 -1.22116756192614e-16 -2.57318909186045e-16  3.70803448408991e-17  4.82943092711466e-05
-2.31726716381197e-08 -1.72303426702948e-07      1.99997593522448  -3.2199699392361e-06  0.000227318388992264 -1.75212264038551e-16 -1.82217449193853e-16 -3.77642002616154e-16 -3.02728641041789e-16   0.00121473511098622
-3.83484706993603e-08   4.6431310251591e-07  -3.2199699392361e-06      1.99994463916922  -0.00364793581845659  6.57590948214339e-16  8.06968674173191e-16  6.17692269794343e-16  5.43538392451349e-16  -0.00334118750441176
 8.35142452012913e-06  4.46478877153746e-05  0.000227318388992264  -0.00364793581845659       1.0215390517306 -7.40029831935916e-16 -8.71025987763023e-16 -4.46700133052405e-15 -3.78881142137336e-15  -0.00124483778587928
 1.57926941137477e-17     2.40974947172e-16 -1.75212264038551e-16  6.57590948214339e-16 -7.40029831935916e-16      1.00215852768568 -1.33507312178181e-15  2.00236644883419e-08 -1.23017654898242e-05  3.78450672257245e-15
 -6.2942195498886e-18 -1.22116756192614e-16 -1.82217449193853e-16  8.06968674173191e-16 -8.71025987763023e-16 -1.33507312178181e-15      1.00215852768582   -1.230176549049e-05 -2.00236643607661e-08  4.47627050928658e-15
-1.11722690637387e-17 -2.57318909186045e-16 -3.77642002616154e-16  6.17692269794343e-16 -4.46700133052405e-15  2.00236644883419e-08   -1.230176549049e-05     0.997849855775611  1.10615018758909e-15  1.16985118899706e-15
 6.40767822243571e-19  3.70803448408991e-17 -3.02728641041789e-16  5.43538392451349e-16 -3.78881142137336e-15 -1.23017654898242e-05 -2.00236643607661e-08  1.10615018758909e-15     0.997849855775753  9.95382154957864e-16
-7.94725457060569e-07  4.82943092711466e-05   0.00121473511098622  -0.00334118750441176  -0.00124483778587928  3.78450672257245e-15  4.47627050928658e-15  1.16985118899706e-15  9.95382154957864e-16     0.978523613775925
TOTAL ENERGY: -127.163477686348	 lambda: 0.8	 population of target: 7.00010254925212
1RDM: 
     1.99999999926073  2.37356921192747e-11 -3.00732096849362e-08 -4.75429247629774e-08  9.46689672154923e-06  1.61787074485013e-17 -6.42809543044013e-18 -1.10816231491084e-17  2.03278403964884e-19 -1.75557298960724e-06
 2.37356921192747e-11      1.99999999342346 -1.71821511998669e-07  4.91022299806936e-07  4.63157130913008e-05  2.40543716546293e-16 -1.22894000027073e-16 -2.57396149206535e-16   3.6612147280894e-17  5.05340739638662e-05
-3.00732096849362e-08 -1.71821511998669e-07      1.99997497542482  -3.7804037555888e-06  0.000144187230365884 -1.97998146973863e-16 -2.03313110742907e-16 -3.69808405411985e-16 -2.91518430522188e-16   0.00136085964490769
-4.75429247629774e-08  4.91022299806936e-07  -3.7804037555888e-06      1.99994304213395  -0.00379070156272805  6.74488523559059e-16  8.28695991535845e-16  6.46176947504855e-16  5.70744001396299e-16  -0.00341200718218599
 9.46689672154923e-06  4.63157130913008e-05  0.000144187230365884  -0.00379070156272805      1.02267138845892 -7.85321179627381e-16 -9.28364044283648e-16 -4.68280747265017e-15 -3.96664232277812e-15  -0.00136608137719854
 1.61787074485013e-17  2.40543716546293e-16 -1.97998146973863e-16  6.74488523559059e-16 -7.85321179627381e-16      1.00226622570995 -4.58978691591868e-15  2.17420554951686e-08 -1.34623021643973e-05  3.96817947439769e-15
-6.42809543044013e-18 -1.22894000027073e-16 -2.03313110742907e-16  8.28695991535845e-16 -9.28364044283648e-16 -4.58978691591868e-15      1.00226622570987 -1.34623021638191e-05 -2.17420553137572e-08  4.69995471625637e-15
-1.10816231491084e-17 -2.57396149206535e-16 -3.69808405411985e-16  6.46176947504855e-16 -4.68280747265017e-15  2.17420554951686e-08 -1.34623021638191e-05     0.997742164465598  4.71113172149207e-15  1.26278754111116e-15
 2.03278403964884e-19   3.6612147280894e-17 -2.91518430522188e-16  5.70744001396299e-16 -3.96664232277812e-15 -1.34623021643973e-05 -2.17420553137572e-08  4.71113172149207e-15     0.997742164465523  1.07069427404004e-15
-1.75557298960724e-06  5.05340739638662e-05   0.00136085964490769  -0.00341200718218599  -0.00136608137719854  3.96817947439769e-15  4.69995471625637e-15  1.26278754111116e-15  1.07069427404004e-15     0.977393820947206
TOTAL ENERGY: -127.163400497858	 lambda: 0.9	 population of target: 7.00019292569261
1RDM: 
     1.99999999897016  7.61087985431399e-11 -4.31268756468678e-08 -6.26377655591357e-08  1.07131267317367e-05  1.65976258838949e-17 -6.53281609296056e-18  -1.1002591580758e-17 -2.53868264643216e-19 -2.93116329126271e-06
 7.61087985431399e-11      1.99999999315219 -1.68121499451084e-07   5.1389418757649e-07  4.76631317144304e-05   2.4012067926531e-16 -1.23613164201998e-16 -2.57437226737948e-16   3.6211515477223e-17  5.26217901181953e-05
-4.31268756468678e-08 -1.68121499451084e-07      1.99997342929283 -5.17409666508092e-06  3.60333343443199e-05 -2.23663604273506e-16 -2.27021430585836e-16  -3.5858706759093e-16  -2.7671411066811e-16   0.00152974418030091
-6.26377655591357e-08   5.1389418757649e-07 -5.17409666508092e-06      1.99994113561487    -0.003922702956863  6.87372644918279e-16  8.46007404107462e-16  6.71576352402378e-16  5.95414215472802e-16  -0.00346131877603943
 1.07131267317367e-05  4.76631317144304e-05  3.60333343443199e-05    -0.003922702956863      1.02500665814243 -8.70513563675671e-16 -1.03311465413992e-15 -5.14314448291101e-15 -4.35082300908038e-15  -0.00158388065563335
 1.65976258838949e-17   2.4012067926531e-16 -2.23663604273506e-16  6.87372644918279e-16 -8.70513563675671e-16       1.0024896652359  2.27015633366159e-15  2.52705498941197e-08 -1.55269767250657e-05  4.36106383525669e-15
-6.53281609296056e-18 -1.23613164201998e-16 -2.27021430585836e-16  8.46007404107462e-16 -1.03311465413992e-15  2.27015633366159e-15      1.00248966523596 -1.55269767252847e-05 -2.52705498085888e-08  5.17242158594118e-15
 -1.1002591580758e-17 -2.57437226737948e-16  -3.5858706759093e-16  6.71576352402378e-16 -5.14314448291101e-15  2.52705498941197e-08 -1.55269767252847e-05     0.997518740877415 -2.36632365616112e-15  1.42961138267451e-15
-2.53868264643216e-19   3.6211515477223e-17  -2.7671411066811e-16  5.95414215472802e-16 -4.35082300908038e-15 -1.55269767250657e-05 -2.52705498085888e-08 -2.36632365616112e-15     0.997518740877475  1.20834382291732e-15
-2.93116329126271e-06  5.26217901181953e-05   0.00152974418030091  -0.00346131877603943  -0.00158388065563335  4.36106383525669e-15  5.17242158594118e-15  1.42961138267451e-15  1.20834382291732e-15     0.975061972600784
TOTAL ENERGY: -127.163242361719	 lambda: 1	 population of target: 7.00035836326889
1RDM: 
      1.9999999984313   1.5432852935745e-10 -7.18278726080667e-08 -8.94995964273282e-08  1.21433765410557e-05  1.70597051744631e-17  -6.5956139089254e-18 -1.09412954877141e-17 -7.36612023632062e-19 -4.40613100281264e-06
  1.5432852935745e-10      1.99999999293142  -1.6012525945708e-07  5.32811796541274e-07  4.87080121122241e-05  2.39670977204157e-16 -1.24283482254175e-16 -2.57468513852814e-16  3.58772819511605e-17  5.46487027021256e-05
-7.18278726080667e-08  -1.6012525945708e-07      1.99997031013925 -8.11106919642668e-06 -0.000106564890046486 -2.54204541659794e-16 -2.55522063073641e-16 -3.42989466658067e-16 -2.57340718323683e-16   0.00173641607806593
-8.94995964273282e-08  5.32811796541274e-07 -8.11106919642668e-06      1.99993861922321  -0.00405016815762265  6.96459749575843e-16  8.59175713256712e-16  6.94970166622842e-16  6.18517667686237e-16   -0.0034885654819551
 1.21433765410557e-05  4.87080121122241e-05 -0.000106564890046486  -0.00405016815762265      1.02934265809731  -1.0199397558017e-15 -1.21436527224435e-15  -6.0065880695348e-15 -5.07433591671303e-15  -0.00198758180359456
 1.70597051744631e-17  2.39670977204157e-16 -2.54204541659794e-16  6.96459749575843e-16  -1.0199397558017e-15      1.00290250322716 -3.19367002708888e-15   3.1450814801269e-08 -1.93062805578616e-05  5.10040276367644e-15
 -6.5956139089254e-18 -1.24283482254175e-16 -2.55522063073641e-16  8.59175713256712e-16 -1.21436527224435e-15 -3.19367002708888e-15       1.0029025032272 -1.93062805578273e-05  -3.1450814603906e-08  6.05786785451089e-15
-1.09412954877141e-17 -2.57468513852814e-16 -3.42989466658067e-16  6.94970166622842e-16  -6.0065880695348e-15   3.1450814801269e-08 -1.93062805578273e-05     0.997105938645346  3.14226577143481e-15  1.72619830807485e-15
-7.36612023632062e-19  3.58772819511605e-17 -2.57340718323683e-16  6.18517667686237e-16 -5.07433591671303e-15 -1.93062805578616e-05  -3.1450814603906e-08  3.14226577143481e-15     0.997105938645378  1.45527568600606e-15
-4.40613100281264e-06  5.46487027021256e-05   0.00173641607806593   -0.0034885654819551  -0.00198758180359456  5.10040276367644e-15  6.05786785451089e-15  1.72619830807485e-15  1.45527568600606e-15      0.97073153743246
-------------------general-----------------------
mullikenoperator: 
  0.00270945599712928    0.0519809728942408 -5.66250757554029e-05 -0.000300244114025504  2.26107642783867e-05  5.95651155155674e-17 -5.51707888870568e-17  3.46856811643099e-17 -4.72962904201206e-17 -1.14574419197236e-05
   0.0519809728942408     0.997284245851331  -0.00243885689047388  -0.00062749192718704   8.7201510693506e-05  1.36161919901556e-16 -2.40998186680825e-16 -1.46176226393464e-16  1.13784196618124e-16  8.92217547956018e-05
-5.66250757554025e-05  -0.00243885689047389    0.0650537104211816    -0.246601613132105  0.000362452084956747 -5.48003555746897e-16 -5.84087736572569e-16  1.20102923929604e-17  5.80907975539739e-17   0.00230664320825617
-0.000300244114025505 -0.000627491927187005    -0.246601613132105     0.934902383061157  -0.00533812351693085  8.37064623008852e-16  9.98961768392109e-16  1.16979652079751e-15  1.01905874060694e-15  -0.00453158670493078
 2.26107642783868e-05  8.72015106935042e-05  0.000362452084956745  -0.00533812351693085       0.4717827479571 -1.08644608431104e-15 -1.23309648463487e-15  1.70642342539029e-15  1.50516049899957e-15    -0.499180753151562
 5.95651155155675e-17  1.36161919901556e-16 -5.48003555746905e-16  8.37064623008879e-16 -1.08644608431133e-15     0.497232664110255  1.29163813382103e-14  0.000810903408522312    -0.499991720710355 -1.33199639086838e-15
-5.51707888870566e-17 -2.40998186680826e-16 -5.84087736572583e-16  9.98961768392103e-16 -1.23309648463529e-15  1.28272814036507e-14     0.497232664110292    -0.499991720710356 -0.000810903408522708 -1.64567559182504e-15
 3.46856811643097e-17 -1.46176226393462e-16  1.20102923929651e-17  1.16979652079755e-15   1.7064234253906e-15  0.000810903408522402    -0.499991720710356     0.502767335889708 -1.27295227614766e-14  1.13638679043366e-15
-4.72962904201206e-17  1.13784196618125e-16  5.80907975539729e-17  1.01905874060695e-15  1.50516049900062e-15    -0.499991720710355 -0.000810903408522784 -1.26618491630531e-14     0.502767335889744  8.89894352989495e-16
-1.14574419197237e-05  8.92217547956028e-05   0.00230664320825617  -0.00453158670493078    -0.499180753151562 -1.33199639086928e-15  -1.6456755918259e-15  1.13638679043443e-15  8.89894352991191e-16     0.528267456712104
selected BF: 
0 1 2 3 4
selected lambdas: 
  -1 -0.9 -0.8 -0.7 -0.6 -0.5 -0.4 -0.3 -0.2 -0.1    0  0.1  0.2  0.3  0.4  0.5  0.6  0.7  0.8  0.9    1
RHF C: 
-3.81964977318804e-06    -0.995387840587482     0.260136672568622   0.00194423390954842 -0.000883965101151048 -2.61853242438644e-14   1.6818884464129e-14 -1.00584663472307e-14 -1.47129723269488e-14 -0.000862022635457283
 2.27351188618281e-05   -0.0189047217401265     -1.02861022849772   -0.0076977947884096   0.00353796026592407  1.04181123292375e-13  -6.6909334683978e-14  3.95252592407604e-14  5.78136606284316e-14   0.00344125291686611
-4.60386046238472e-17  1.35843896427433e-16 -6.09555767551944e-14 -4.51647184948703e-15  2.56176221015639e-12   -0.0137667319729813   0.00924500097281693    -0.603434357169816    -0.797240321107453  5.81229743554876e-14
-1.63665635981877e-16  1.66165030500145e-17  2.69364259485349e-16 -6.92169342105586e-15  1.02193716103942e-12  -0.00924500097182173   -0.0137667319741606     0.797240321107433    -0.603434357169832  7.59634732674679e-15
 4.40486123334942e-05 -1.09899226554834e-05  -0.00349366079736321   0.00930187810342011    -0.999928003668098  3.12098606838677e-13 -2.19446405899576e-13 -7.34676161755765e-13 -2.66396851231298e-12   0.00847295057305024
   -0.995028094890644 -6.82394851515708e-06   0.00162821387881464    -0.263149020285616  -0.00314054855219529 -1.31019677529376e-13  8.56606007434554e-14 -1.68327580899647e-15 -4.43256228635753e-15  -0.00373252483593372
   -0.020191712282971  2.11991944232544e-05  -0.00634103221639298      1.02885888825271    0.0123602706209691  5.19252726640712e-13 -3.39297622119998e-13  6.45427850474436e-15   1.7734209725976e-14     0.014546465773583
  2.4650855760701e-15 -4.26949584634608e-17  2.47865226598014e-14 -1.96483773228465e-13  1.76644017423282e-13      0.83006691721291    -0.557428550975895  -0.00977752919401821    -0.012917793662125 -2.88510682785866e-11
 2.80333234724412e-17  1.28737069968561e-18  7.58228611715554e-16 -4.53832506197906e-16  4.17188797722887e-15     0.557428550975911     0.830066917212891    0.0129177936633584  -0.00977752919309101 -4.99208586740941e-13
-1.15603798898613e-05 -3.44517285043717e-05   0.00119741489224487   -0.0141907091713611   0.00387137010911257  2.42222629930643e-11   -1.566499019538e-11 -2.50463029908974e-13 -3.25322163974622e-13     0.999903633732269
RDM (no constraint): 
     1.99999999845527  4.42480173076745e-09  4.91085139705855e-07  1.02390004477383e-07 -3.79154405318858e-06 -1.89854417679919e-15  1.18816125673531e-15  3.49695795295199e-17 -7.23025124956731e-17   7.6486185610835e-06
 4.42480173076745e-09      1.99999996197401 -4.47219083986754e-06   -7.265372988039e-07  5.42037129818203e-05 -5.42016727211285e-16  3.49575302853965e-16  1.14225057921438e-16  2.70210367666704e-16  -2.4099329669084e-05
 4.91085139705855e-07 -4.47219083986754e-06      1.99818752384217 -0.000447942479108433    0.0399702586699645  1.62310863358322e-15 -6.77211972623323e-16 -7.82408991088899e-15  5.78118055824698e-14   0.00112473461996583
 1.02390004477383e-07   -7.265372988039e-07 -0.000447942479108433      1.99967829964803   0.00823018740074788  5.08734144728536e-13 -3.32501631574803e-13  4.23254099795944e-15  8.13983409954109e-15    0.0142986563358164
-3.79154405318858e-06  5.42037129818203e-05    0.0399702586699645   0.00823018740074788     0.997923624840497  2.10584201699297e-12 -1.35168193507074e-12 -2.53164898176895e-14 -3.73324149218275e-14    0.0869290366831981
-1.89854417679919e-15 -5.42016727211285e-16  1.62310863358322e-15  5.08734144728536e-13  2.10584201699297e-12     0.999772683859005  1.65985593509737e-15 -0.000481524542135022  -0.00850871494169435  9.58101896399766e-14
 1.18816125673531e-15  3.49575302853965e-16 -6.77211972623323e-16 -3.32501631574803e-13 -1.35168193507074e-12  1.65985593509737e-15     0.999772683858977   0.00850871494177245 -0.000481524542117799 -6.04028469085373e-14
 3.49695795295199e-17  1.14225057921438e-16 -7.82408991088899e-15  4.23254099795944e-15 -2.53164898176895e-14 -0.000481524542135022   0.00850871494177245      1.00023727583038  8.44148815626096e-17  1.95024669538386e-13
-7.23025124956731e-17  2.70210367666704e-16  5.78118055824698e-14  8.13983409954109e-15 -3.73324149218275e-14  -0.00850871494169435 -0.000481524542117799  8.44148815626096e-17      1.00023727583036  4.10905947541774e-13
  7.6486185610835e-06  -2.4099329669084e-05   0.00112473461996583    0.0142986563358164    0.0869290366831981  9.58101896399766e-14 -6.04028469085373e-14  1.95024669538386e-13  4.10905947541774e-13      1.00419067186132
RDM Eigenvectors: 
    0.998623913304732   -0.0520327250490301    0.0062527486500323   0.00194380284626053   3.1660321317477e-06  1.13235325237554e-15  1.28250854804883e-15  1.38371622594032e-15  1.09732158272022e-15  7.39628259246071e-06
  -0.0520421833564643    -0.998559657726818   0.00569448669419538   -0.0117384325100111  2.20847628895985e-05  -2.0124205544764e-16  1.68623490779626e-16  1.42369821065078e-16 -1.18543477595045e-16 -5.14563263743834e-05
 0.000907090901880017    0.0127807652622087     0.261281598975326    -0.964326206662349    0.0311837655748448 -1.40540615666824e-14 -1.45352199124745e-14  4.00950818376171e-14  3.54980359122594e-14   -0.0258900593101644
  0.00640684050515408  -0.00276870702594547    -0.965130978824827    -0.261059611637249    0.0175580729832805 -9.19586893279064e-14 -1.11423199806663e-13 -1.01421140559676e-13 -9.62721507271289e-14   0.00361574524844562
 9.17469915224063e-05  0.000436405604445312   0.00132886601312571   -0.0413508582044233    -0.690459217863508  6.42365126407421e-13   1.8080530584349e-12 -1.62414307420752e-12 -4.85349391347799e-13     0.722187101962385
 1.59888866172089e-15  2.25008229538576e-16 -4.89016279903659e-13 -2.21766326757976e-13 -1.72400634277386e-11    0.0935262512909843     0.691107251196705     0.710044870098736     0.097261966406502 -1.66456782064765e-11
-1.09642435542394e-15 -1.68554779846494e-16  3.19634874695727e-13  1.43944026186851e-13  1.11341069590951e-11    -0.691107251195627     0.093526251290971     0.097261966406516    -0.710044870099784  1.07747185093765e-11
 6.36811576158282e-17 -1.24677399301179e-16 -5.83047842459204e-15  7.17264214206181e-15 -2.37250337172489e-13       -0.714497516994    0.0558292564315201   -0.0554558040699599     0.695198565972821  6.11850363435827e-13
 5.64231369427461e-17  6.27869835953304e-16  5.68412772417577e-15 -5.80140253336077e-14 -1.47544153920986e-12   -0.0558292564314483    -0.714497516992953     0.695198565973896    0.0554558040700357  2.02523524382302e-12
 0.000109957997753013  3.65422744969272e-05   -0.0134472978794457  -0.00844888599016271     -0.72248553951428 -1.31503734257022e-11 -1.53404404496171e-11 -1.52944006595496e-11 -1.31417746907695e-11    -0.691203601171123
Total C: 
   0.0520465902351188     0.997273285615772    0.0604346558915425    -0.239636050211325   0.00935733584035607  1.06913006867037e-15  8.86889176354784e-16 -1.91645265731769e-15 -1.37485276555564e-15  -0.00671926009840404
 2.48882956591199e-05   0.00575286629872858    -0.261476629612651     0.993971966645232   -0.0371405888586719 -3.29643482844259e-15 -3.94638602160379e-15  6.62340091247058e-15  5.61388640757998e-15    0.0267803823562325
-1.14064808131641e-17 -2.09699960221022e-16 -2.70580214238665e-16 -1.57034150761063e-16 -1.53044809296222e-13     0.467984846147717     0.527287300404277    -0.529652200931571    -0.471621647744754   1.5641676967007e-13
-9.67781055136055e-17 -1.72489192288297e-17  4.79970316167254e-17  1.91137710518095e-17 -3.91659734042607e-15    -0.527287300404246     0.467984846147721    -0.471621647744751     0.529652200931602  3.99911320957781e-15
 1.01778012820009e-05 -0.000497788273702275   -0.0113328557852634    0.0422171927061133     0.684342300518513  9.99545108329551e-14  1.18664785937607e-13 -1.17630791771392e-13 -9.93608506840209e-14    -0.727867555890629
   -0.995343670255569    0.0525287228099797     0.248223013419903    0.0653547934392548  0.000292349611474518  1.11672046844874e-16  1.37347180488542e-16 -1.21744827150337e-16 -1.06004542017956e-16 -0.000689122580888944
   -0.013576313564099  -0.00189426527141124    -0.994945699426609    -0.263152185035042  -0.00117689523012008 -4.44761926243717e-16  -5.5826183163016e-16  4.78304522607653e-16  4.27410262107213e-16   0.00275596939446355
 8.37094723287586e-18  7.18073349952646e-17  2.21394915330413e-16  2.11863192693472e-16  2.24340969075943e-13     0.470583171836853      0.53021492204098     0.526729948520464     0.469019532775918  2.12873708022356e-13
-4.73697726926031e-17 -3.04537851297726e-17 -4.93428186700408e-17 -4.32372913669059e-17  1.11782874582915e-15     -0.53021492204101      0.47058317183685     0.469019532775922    -0.526729948520433  1.10943948918874e-15
 1.07196132772059e-05  0.000127825659803663  0.000567629560021738  -0.00605785187650836    -0.725300761856423  1.43392261114948e-13  1.63153741915302e-13  1.65284730370144e-13  1.45609749757245e-13    -0.688423448344694
Basis set used: STO-3G
Naturals: 
 1.99999999982149  1.99999999462356   1.9999874640055  1.99979000451918  1.08687028495621  1.00853047439163  1.00853047439154 0.991479485297815 0.991479485297734 0.913332332695359
Naturals: 
  1.9999999998215  1.99999999462357  1.99998746400643  1.99979000456944  1.08687025999981  1.00853047468389  1.00853047468416 0.991479485013848 0.991479485014116 0.913332357583293
Version: Tmhuysen's fci hack
