Naturals in-correctThe Davidson algorithm did not converge.lambda: -1
The Davidson algorithm did not converge.lambda: -0.9
The Davidson algorithm did not converge.lambda: -0.8
The Davidson algorithm did not converge.lambda: -0.7
The Davidson algorithm did not converge.lambda: -0.6
The Davidson algorithm did not converge.lambda: -0.5
The Davidson algorithm did not converge.lambda: -0.4
The Davidson algorithm did not converge.lambda: -0.3
The Davidson algorithm did not converge.lambda: -0.2
The Davidson algorithm did not converge.lambda: -0.1
TOTAL ENERGY: -127.163178729877	 lambda: 0	 population of target: 6.99960010421702
1RDM: 
     1.99999999998984  1.11970360926333e-16  8.39516371264614e-15  3.67023829567069e-14  -5.1156177892791e-13 -4.17247948007954e-14  7.63375551230112e-15  2.38635241535161e-15 -4.93503364854962e-14  3.43464173217615e-12
 1.11970360926333e-16      1.99999999933028   1.6328807093528e-13  1.29574074131515e-13  1.76868814066147e-12 -1.93152481321384e-13  8.06446485582904e-14  -8.5373457710802e-14 -1.97218141576263e-13 -3.88277477525431e-12
 8.39516371264614e-15   1.6328807093528e-13      1.99999278664849  -4.6661183517899e-12 -1.43452088191351e-10  2.25398633500142e-11  2.72197186713766e-13 -1.09991233987411e-12  2.33615639846164e-11  4.51704897322698e-10
 3.67023829567069e-14  1.29574074131515e-13  -4.6661183517899e-12      1.99997002501111 -2.64310523832721e-10 -5.29007850241343e-11 -1.46554269182641e-12  8.07208857701746e-13 -5.30507322159771e-11 -9.41939589598533e-10
 -5.1156177892791e-13  1.76868814066147e-12 -1.43452088191351e-10 -2.64310523832721e-10      1.02430044328426  9.04475874962286e-12 -2.85151333820806e-11 -2.87381509587198e-11  3.46485236727799e-11  2.79881008678847e-10
-4.17247948007954e-14 -1.93152481321384e-13  2.25398633500142e-11 -5.29007850241343e-11  9.04475874962286e-12      1.00187074232282 -7.22188137164243e-17  -2.1698105807617e-12   3.2970175972501e-12  3.34642027244884e-11
 7.63375551230112e-15  8.06446485582904e-14  2.72197186713766e-13 -1.46554269182641e-12 -2.85151333820806e-11 -7.22188137164243e-17      1.00187074232297 -3.20728286892914e-12 -2.17021868229781e-12  2.91204022186488e-11
 2.38635241535161e-15  -8.5373457710802e-14 -1.09991233987411e-12  8.07208857701746e-13 -2.87381509587198e-11  -2.1698105807617e-12 -3.20728286892914e-12     0.998133304206424 -7.25161118250648e-17  2.89970293050086e-11
-4.93503364854962e-14 -1.97218141576263e-13  2.33615639846164e-11 -5.30507322159771e-11  3.46485236727799e-11   3.2970175972501e-12 -2.17021868229781e-12 -7.25161118250648e-17     0.998133304206574  7.79769750767055e-12
 3.43464173217615e-12 -3.88277477525431e-12  4.51704897322698e-10 -9.41939589598533e-10  2.79881008678847e-10  3.34642027244884e-11  2.91204022186488e-11  2.89970293050086e-11  7.79769750767055e-12     0.975728652677284
TOTAL ENERGY: -127.163168687284	 lambda: 0.1	 population of target: 6.9999078832134
1RDM: 
     1.99999999998921  3.01913443510556e-12  6.08329127359697e-10  2.71820083059621e-09  3.93567652875854e-07 -4.13920847646103e-14  7.31788960944917e-15  2.15865194379129e-15 -4.87382372456683e-14 -1.59029983453835e-07
 3.01913443510556e-12      1.99999999967793   8.8901287493363e-09 -3.76458214406366e-08  2.96308224299075e-06 -1.88273956107703e-13  8.02998101470132e-14 -8.46563914415719e-14  -1.9207513946673e-13 -3.00885931942936e-06
 6.08329127359697e-10   8.8901287493363e-09      1.99999102537623 -1.36674054950868e-06  -0.00015599009471041  2.22641622553774e-11  2.68548323973732e-13 -1.16277514860621e-12  2.30718669949307e-11  0.000181547861936377
 2.71820083059621e-09 -3.76458214406366e-08 -1.36674054950868e-06      1.99998203517253  0.000352790270468401 -5.23648391089186e-11 -1.53059730396426e-12  8.66617514209565e-13 -5.24162298310331e-11 -0.000345747639463686
 3.93567652875854e-07  2.96308224299075e-06  -0.00015599009471041  0.000352790270468401      1.01267273403981  4.74668863588072e-12  -1.4901695709573e-11 -1.51868481572518e-11  1.79273228388355e-11  0.000112597317411371
-4.13920847646103e-14 -1.88273956107703e-13  2.22641622553774e-11 -5.23648391089186e-11  4.74668863588072e-12       1.0009855835932  3.59606984313756e-15  3.87086037186815e-12 -6.67605733244314e-07  1.74396691545358e-11
 7.31788960944917e-15  8.02998101470132e-14  2.68548323973732e-13 -1.53059730396426e-12  -1.4901695709573e-11  3.59606984313756e-15      1.00098558359313  6.67605780545938e-07  3.87064332618273e-12  1.50995626768948e-11
 2.15865194379129e-15 -8.46563914415719e-14 -1.16277514860621e-12  8.66617514209565e-13 -1.51868481572518e-11  3.87086037186815e-12  6.67605780545938e-07     0.999018402268573  3.59601681285804e-15  1.49009064124852e-11
-4.87382372456683e-14  -1.9207513946673e-13  2.30718669949307e-11 -5.24162298310331e-11  1.79273228388355e-11 -6.67605733244314e-07  3.87064332618273e-12  3.59601681285804e-15     0.999018402268505  4.43080446963017e-12
-1.59029983453835e-07 -3.00885931942936e-06  0.000181547861936377 -0.000345747639463686  0.000112597317411371  1.74396691545358e-11  1.50995626768948e-11  1.49009064124852e-11  4.43080446963017e-12      0.98734623402089
TOTAL ENERGY: -127.163161201384	 lambda: 0.2	 population of target: 6.99996141382523
1RDM: 
     1.99999999998769  4.82156890233444e-12  9.82065056451445e-10  3.28856042811464e-09  6.39340695607457e-07 -4.13343875742062e-14  6.98559327715032e-15  1.86305104589327e-15 -4.83998860556817e-14 -1.40441945212648e-07
 4.82156890233444e-12       1.9999999997214  9.44695202640062e-09 -4.63512267725381e-08  4.41707598801644e-06 -1.85960530555882e-13  8.00236734470781e-14 -8.44251970096916e-14 -1.89609937413911e-13 -4.40192874158191e-06
 9.82065056451445e-10  9.44695202640062e-09      1.99999011873651 -1.08038468583553e-06 -0.000211634723595305  2.21480754991416e-11  2.52031988634905e-13 -1.20296605917931e-12  2.29638269122868e-11    0.0002600682718056
 3.28856042811464e-09 -4.63512267725381e-08 -1.08038468583553e-06      1.99998433371406  0.000497420555021379 -5.21545785490988e-11 -1.57059403799281e-12   8.7541781733859e-13 -5.21662577612927e-11 -0.000475250363981922
 6.39340695607457e-07  4.41707598801644e-06 -0.000211634723595305  0.000497420555021379      1.00906791782843  3.20547197941609e-12 -1.07501182890622e-11  -1.0866373650711e-11  1.28636336781722e-11   0.00010678530893794
-4.13343875742062e-14 -1.85960530555882e-13  2.21480754991416e-11 -5.21545785490988e-11  3.20547197941609e-12      1.00070805350572  3.26537331880543e-15 -7.00681474778455e-12  -6.3793786206147e-07  1.25580393644464e-11
 6.98559327715032e-15  8.00236734470781e-14  2.52031988634905e-13 -1.57059403799281e-12 -1.07501182890622e-11  3.26537331880543e-15      1.00070805350584  6.37937896094325e-07 -7.00697260378419e-12  1.07333016021492e-11
 1.86305104589327e-15 -8.44251970096916e-14 -1.20296605917931e-12   8.7541781733859e-13  -1.0866373650711e-11 -7.00681474778455e-12  6.37937896094325e-07     0.999295922483173  3.26519705330301e-15  1.06880144271796e-11
-4.83998860556817e-14 -1.89609937413911e-13  2.29638269122868e-11 -5.21662577612927e-11  1.28636336781722e-11  -6.3793786206147e-07 -7.00697260378419e-12  3.26519705330301e-15     0.999295922483292  3.07769584966303e-12
-1.40441945212648e-07 -4.40192874158191e-06    0.0002600682718056 -0.000475250363981922   0.00010678530893794  1.25580393644464e-11  1.07333016021492e-11  1.06880144271796e-11  3.07769584966303e-12     0.990949678033931
TOTAL ENERGY: -127.163156662056	 lambda: 0.3	 population of target: 6.99998009426903
1RDM: 
     1.99999999998573  6.42118256185874e-12  1.13126451673409e-09  3.71556620451362e-09  8.53700966750466e-07  -4.1348513422938e-14   6.6303406314059e-15  1.53017465017055e-15 -4.81366240226658e-14 -6.55069924132451e-08
 6.42118256185874e-12      1.99999999972415  9.34156188591169e-09 -5.06669025966236e-08  5.41637331759772e-06 -1.84393842217024e-13  7.97973231496902e-14 -8.43093573483274e-14 -1.87939064522291e-13 -5.33036005348085e-06
 1.13126451673409e-09  9.34156188591169e-09      1.99998962905307 -8.20259692028122e-07  -0.00023936854414795  2.20719215373834e-11  2.28257008460188e-13 -1.24105459891249e-12  2.29056069969016e-11  0.000313117465296228
 3.71556620451362e-09 -5.06669025966236e-08 -8.20259692028122e-07      1.99998513259068  0.000586988671658632 -5.20309921220793e-11 -1.60255842936363e-12  8.72453594447333e-13  -5.2015222107579e-11  -0.00054900459107215
 8.53700966750466e-07  5.41637331759772e-06  -0.00023936854414795  0.000586988671658632      1.00739298541437  2.58786113228122e-12 -8.77546989832166e-12 -8.87348833678797e-12  1.04730752245886e-11  9.80155666009673e-05
 -4.1348513422938e-14 -1.84393842217024e-13  2.20719215373834e-11 -5.20309921220793e-11  2.58786113228122e-12      1.00057849985864  4.11178418696064e-16  1.78446629675809e-12 -5.88151640106913e-07  1.02512644406288e-11
  6.6303406314059e-15  7.97973231496902e-14  2.28257008460188e-13 -1.60255842936363e-12 -8.77546989832166e-12  4.11178418696064e-16      1.00057849985867  5.88151667869569e-07  1.78433957134262e-12  8.73507839818209e-12
 1.53017465017055e-15 -8.43093573483274e-14 -1.24105459891249e-12  8.72453594447333e-13 -8.87348833678797e-12  1.78446629675809e-12  5.88151667869569e-07     0.999425473003908  4.11157556956206e-16  8.69734131723943e-12
-4.81366240226658e-14 -1.87939064522291e-13  2.29056069969016e-11  -5.2015222107579e-11  1.04730752245886e-11 -5.88151640106913e-07  1.78433957134262e-12  4.11157556956206e-16     0.999425473003946  2.53335042900374e-12
-6.55069924132451e-08 -5.33036005348085e-06  0.000313117465296228  -0.00054900459107215  9.80155666009673e-05  1.02512644406288e-11  8.73507839818209e-12  8.69734131723943e-12  2.53335042900374e-12     0.992624307506872
TOTAL ENERGY: -127.163153561341	 lambda: 0.4	 population of target: 6.99998908244088
1RDM: 
     1.99999999998319  8.23330963137306e-12  1.15499407793172e-09  4.20135000360596e-09  1.06228400156602e-06  -4.1406544272876e-14  6.24361681533079e-15    1.159204825609e-15 -4.78959815249955e-14  4.38697819771295e-08
 8.23330963137306e-12      1.99999999971628  9.14643534442284e-09 -5.35966220733559e-08  6.18951105440521e-06 -1.83201978740428e-13  7.95968922407212e-14 -8.42487648286043e-14 -1.86659773531602e-13 -6.02819551292142e-06
 1.15499407793172e-09  9.14643534442284e-09       1.9999893386228 -6.40532091860151e-07 -0.000253721450737196  2.20129641498152e-11  1.98890675458328e-13 -1.28059931005837e-12  2.28700821709825e-11  0.000355891029903252
 4.20135000360596e-09 -5.35966220733559e-08 -6.40532091860151e-07      1.99998546534499  0.000652588703421876 -5.19456883135944e-11 -1.63165158443001e-12  8.63653134176052e-13 -5.19077294917077e-11 -0.000597884666090427
 1.06228400156602e-06  6.18951105440521e-06 -0.000253721450737196  0.000652588703421876      1.00649857552506  2.25847642407495e-12 -7.72008614872357e-12 -7.80788940644531e-12  9.19583902249803e-12  9.23251030700098e-05
 -4.1406544272876e-14 -1.83201978740428e-13  2.20129641498152e-11 -5.19456883135944e-11  2.25847642407495e-12      1.00050908113673 -3.72019325230864e-16  3.04906220319018e-12  -5.5558789614632e-07  9.01963007007008e-12
 6.24361681533079e-15  7.95968922407212e-14  1.98890675458328e-13 -1.63165158443001e-12 -7.72008614872357e-12 -3.72019325230864e-16      1.00050908113672  5.55587920524214e-07  3.04895085559294e-12  7.66909439230295e-12
   1.159204825609e-15 -8.42487648286043e-14 -1.28059931005837e-12  8.63653134176052e-13 -7.80788940644531e-12  3.04906220319018e-12  5.55587920524214e-07     0.999494890434247 -3.72019432090331e-16  7.63541083972978e-12
-4.78959815249955e-14 -1.86659773531602e-13  2.28700821709825e-11 -5.19077294917077e-11  9.19583902249803e-12  -5.5558789614632e-07  3.04895085559294e-12 -3.72019432090331e-16     0.999494890434234  2.24220224118535e-12
 4.38697819771295e-08 -6.02819551292142e-06  0.000355891029903252 -0.000597884666090427  9.23251030700098e-05  9.01963007007008e-12  7.66909439230295e-12  7.63541083972978e-12  2.24220224118535e-12      0.99351867766573
TOTAL ENERGY: -127.163151151677	 lambda: 0.5	 population of target: 6.99999447772493
1RDM: 
     1.99999999997983  1.05139440390614e-11  1.09778761663963e-09  4.81114217053802e-09  1.27602901056141e-06 -4.14978113615211e-14  5.81814111415787e-15  7.45505058650161e-16 -4.76600654160608e-14   1.8191227246864e-07
 1.05139440390614e-11      1.99999999970489  8.92377507902908e-09 -5.59273296487702e-08  6.82393478050484e-06 -1.82244038540672e-13  7.94099226323764e-14 -8.42251286267029e-14 -1.85620422391069e-13 -6.58200364514811e-06
 1.09778761663963e-09  8.92377507902908e-09      1.99998916006984 -5.26335200127726e-07 -0.000259602407733171  2.19628670534682e-11    1.641041502684e-13 -1.32324756969146e-12  2.28481983575318e-11  0.000393849827548773
 4.81114217053802e-09 -5.59273296487702e-08 -5.26335200127726e-07      1.99998559639055  0.000705220030867766 -5.18822867293902e-11 -1.66020381223383e-12  8.50518439973281e-13  -5.1824085313922e-11 -0.000632399656695414
 1.27602901056141e-06  6.82393478050484e-06 -0.000259602407733171  0.000705220030867766      1.00601872797944  2.08030634600437e-12 -7.15472081608059e-12 -7.23660859158168e-12  8.50923789244369e-12  8.97803657038247e-05
-4.14978113615211e-14 -1.82244038540672e-13  2.19628670534682e-11 -5.18822867293902e-11  2.08030634600437e-12      1.00047167534957  6.39657171277486e-16  4.07407144260266e-13 -5.41204434710484e-07  8.35945102144934e-12
 5.81814111415787e-15  7.94099226323764e-14    1.641041502684e-13 -1.66020381223383e-12 -7.15472081608059e-12  6.39657171277486e-16      1.00047167534961  5.41204457353126e-07  4.07301780034117e-13  7.09625762760258e-12
 7.45505058650161e-16 -8.42251286267029e-14 -1.32324756969146e-12  8.50518439973281e-13 -7.23660859158168e-12  4.07407144260266e-13  5.41204457353126e-07     0.999532295632387  6.39626432882399e-16  7.06528211739224e-12
-4.76600654160608e-14 -1.85620422391069e-13  2.28481983575318e-11  -5.1824085313922e-11  8.50923789244369e-12 -5.41204434710484e-07  4.07301780034117e-13  6.39626432882399e-16     0.999532295632426  2.08749769145025e-12
  1.8191227246864e-07 -6.58200364514811e-06  0.000393849827548773 -0.000632399656695414  8.97803657038247e-05  8.35945102144934e-12  7.09625762760258e-12  7.06528211739224e-12  2.08749769145025e-12     0.993998573911477
TOTAL ENERGY: -127.163148980021	 lambda: 0.6	 population of target: 6.99999843843025
1RDM: 
     1.99999999997522  1.35308877446036e-11  9.83066147714843e-10   5.6023463101993e-09  1.50211627132152e-06 -4.16192771864149e-14  5.34547216396248e-15  2.81876803986099e-16 -4.74187523787027e-14  3.48115861576426e-07
 1.35308877446036e-11      1.99999999969215  8.65676009846203e-09 -5.79700806021286e-08  7.36405123755632e-06  -1.8145023702153e-13  7.92280497629233e-14 -8.42312442013712e-14 -1.84745575812141e-13 -7.03422243984745e-06
 9.83066147714843e-10  8.65676009846203e-09      1.99998905392459 -4.66670648410763e-07   -0.0002590384861651  2.19175410823451e-11  1.23413271625989e-13 -1.37032430972801e-12  2.28360568813723e-11  0.000429744809196717
  5.6023463101993e-09 -5.79700806021286e-08 -4.66670648410763e-07      1.99998561604918  0.000750062446606899 -5.18333316160627e-11 -1.68963179956695e-12  8.33383054452358e-13 -5.17552391228027e-11 -0.000657205769769865
 1.50211627132152e-06  7.36405123755632e-06   -0.0002590384861651  0.000750062446606899      1.00581099853336  2.00025040919259e-12 -6.91190634287737e-12 -6.99104148635348e-12  8.21013857372823e-12  9.01957381904529e-05
-4.16192771864149e-14  -1.8145023702153e-13  2.19175410823451e-11 -5.18333316160627e-11  2.00025040919259e-12      1.00045528675661  6.37211872122417e-16 -3.68646131505508e-12 -5.44101109334027e-07  8.07490609912425e-12
 5.34547216396248e-15  7.92280497629233e-14  1.23413271625989e-13 -1.68963179956695e-12 -6.91190634287737e-12  6.37211872122417e-16      1.00045528675667  5.44101131218255e-07 -3.68656316641228e-12  6.84610534675109e-12
 2.81876803986099e-16 -8.42312442013712e-14 -1.37032430972801e-12  8.33383054452358e-13 -6.99104148635348e-12 -3.68646131505508e-12  5.44101131218255e-07     0.999548683987215  6.37165836263075e-16  6.81692866568618e-12
-4.74187523787027e-14 -1.84745575812141e-13  2.28360568813723e-11 -5.17552391228027e-11  8.21013857372823e-12 -5.44101109334027e-07 -3.68656316641228e-12  6.37165836263075e-16     0.999548683987275  2.02356630176986e-12
 3.48115861576426e-07 -7.03422243984745e-06  0.000429744809196717 -0.000657205769769865  9.01957381904529e-05  8.07490609912425e-12  6.84610534675109e-12  6.81692866568618e-12  2.02356630176986e-12     0.994206390337723
TOTAL ENERGY: -127.163146646302	 lambda: 0.7	 population of target: 7.00000202827766
1RDM: 
     1.99999999996865  1.76602665849346e-11  8.31641559647299e-10  6.65804274683932e-09  1.74687533845201e-06 -4.17714560074595e-14  4.81499301488681e-15 -2.41660090776783e-16 -4.71641170963609e-14  5.44761168305717e-07
 1.76602665849346e-11      1.99999999967878  8.30591715110547e-09 -5.99007162712132e-08  7.83658603659753e-06 -1.80779403046166e-13  7.90444762889708e-14 -8.42649040738268e-14 -1.83990314871195e-13 -7.40897504432897e-06
 8.31641559647299e-10  8.30591715110547e-09      1.99998900142898 -4.59212047049713e-07 -0.000252830546455815  2.18744370136813e-11  7.58215443900148e-14 -1.42328996587025e-12   2.2831871248952e-11  0.000465387213443373
 6.65804274683932e-09 -5.99007162712132e-08 -4.59212047049713e-07      1.99998555658759  0.000790080785697646 -5.17948419789901e-11 -1.72110145962017e-12  8.12023599097052e-13 -5.16962369616161e-11 -0.000674647552910285
 1.74687533845201e-06  7.83658603659753e-06 -0.000252830546455815  0.000790080785697646      1.00582355456144  1.99852506581761e-12 -6.93116802076899e-12 -7.01004918149678e-12  8.22432208773095e-12  9.37712245515749e-05
-4.17714560074595e-14 -1.80779403046166e-13  2.18744370136813e-11 -5.17948419789901e-11  1.99852506581761e-12      1.00045586463857  6.75633422931961e-16 -8.16439407343913e-14 -5.65498838496348e-07  8.09474237219812e-12
 4.81499301488681e-15  7.90444762889708e-14  7.58215443900148e-14 -1.72110145962017e-12 -6.93116802076899e-12  6.75633422931961e-16      1.00045586463864  5.65498860412704e-07 -8.17461380078814e-14  6.85613346702239e-12
-2.41660090776783e-16 -8.42649040738268e-14 -1.42328996587025e-12  8.12023599097052e-13 -7.01004918149678e-12 -8.16439407343913e-14  5.65498860412704e-07     0.999548106095094  6.75579745937688e-16  6.82834947075988e-12
-4.71641170963609e-14 -1.83990314871195e-13   2.2831871248952e-11 -5.16962369616161e-11  8.22432208773095e-12 -5.65498838496348e-07 -8.17461380078814e-14  6.75579745937688e-16     0.999548106095164  2.03412638569158e-12
 5.44761168305717e-07 -7.40897504432897e-06  0.000465387213443373 -0.000674647552910285  9.37712245515749e-05  8.09474237219812e-12  6.85613346702239e-12  6.82834947075988e-12  2.03412638569158e-12     0.994193946307093
TOTAL ENERGY: -127.163143604921	 lambda: 0.8	 population of target: 7.00000607338563
1RDM: 
     1.99999999995883  2.35474406308825e-11  6.77654898226878e-10  8.12248755027785e-09  2.01729533590705e-06 -4.19576526702261e-14  4.21246043309986e-15 -8.39026245277809e-16  -4.6888641401934e-14    7.766898617147e-07
 2.35474406308825e-11      1.99999999966475  7.80260728730823e-09 -6.18679645492762e-08  8.25975725679726e-06 -1.80205354955939e-13  7.88524195679954e-14 -8.43271334894443e-14 -1.83325499842897e-13 -7.72094339202453e-06
 6.77654898226878e-10  7.80260728730823e-09      1.99998899440186 -5.11878090728296e-07 -0.000241049725187768  2.18315526265549e-11  1.97031760017975e-14  -1.4840612106227e-12  2.28350143011553e-11  0.000502317679956885
 8.12248755027785e-09 -6.18679645492762e-08 -5.11878090728296e-07      1.99998542197686  0.000827284217361784  -5.1764488686278e-11 -1.75584966714461e-12  7.85765868343876e-13 -5.16440140352649e-11  -0.00068590837765589
 2.01729533590705e-06  8.25975725679726e-06 -0.000241049725187768  0.000827284217361784      1.00605874788887   2.0749439022923e-12 -7.21626923153651e-12 -7.29738018571286e-12  8.55458175856573e-12  0.000101341419173585
-4.19576526702261e-14 -1.80205354955939e-13  2.18315526265549e-11  -5.1764488686278e-11   2.0749439022923e-12      1.00047350112793  7.25353812329431e-16   4.4521009069566e-13 -6.10260882760023e-07  8.42247092833321e-12
 4.21246043309986e-15  7.88524195679954e-14  1.97031760017975e-14 -1.75584966714461e-12 -7.21626923153651e-12  7.25353812329431e-16      1.00047350112795  6.10260905477458e-07  4.45103721660152e-13  7.12799933247004e-12
-8.39026245277809e-16 -8.43271334894443e-14  -1.4840612106227e-12  7.85765868343876e-13 -7.29738018571286e-12   4.4521009069566e-13  6.10260905477458e-07     0.999530469828197  7.25331776083489e-16  7.10151373530952e-12
 -4.6888641401934e-14 -1.83325499842897e-13  2.28350143011553e-11 -5.16440140352649e-11  8.55458175856573e-12 -6.10260882760023e-07  4.45103721660152e-13  7.25331776083489e-16     0.999530469828224  2.12123068839777e-12
   7.766898617147e-07 -7.72094339202453e-06  0.000502317679956885  -0.00068590837765589  0.000101341419173585  8.42247092833321e-12  7.12799933247004e-12  7.10151373530952e-12  2.12123068839777e-12     0.993958894196557
TOTAL ENERGY: -127.163138811131	 lambda: 0.9	 population of target: 7.00001168985674
1RDM: 
     1.99999999994306  3.24338248475452e-11  6.07681034563512e-10  1.02733684718839e-08  2.32230417467073e-06 -4.21845067915787e-14  3.51750971504761e-15 -1.53042454334677e-15 -4.65836433679132e-14  1.05196319021879e-06
 3.24338248475452e-11      1.99999999964954   7.0221770670383e-09 -6.40615794989832e-08  8.64760556374257e-06 -1.79710766560488e-13  7.86433493037259e-14 -8.44222531266099e-14 -1.82730714762652e-13 -7.97893730680784e-06
 6.07681034563512e-10   7.0221770670383e-09      1.99998903043464 -6.48888293287859e-07 -0.000223107547654564  2.17868604105825e-11 -4.75800354647579e-14 -1.55548590499483e-12  2.28457761650975e-11  0.000542233400698859
 1.02733684718839e-08 -6.40615794989832e-08 -6.48888293287859e-07      1.99998519214638  0.000863317615127342  -5.1740850876608e-11 -1.79550252803436e-12  7.53342535032783e-13 -5.15964744752296e-11 -0.000691404381928968
 2.32230417467073e-06  8.64760556374257e-06 -0.000223107547654564  0.000863317615127342      1.00657446876232  2.24850599075344e-12 -7.83768900429324e-12 -7.92389603592981e-12   9.2824382803034e-12  0.000114908251177528
-4.21845067915787e-14 -1.79710766560488e-13  2.17868604105825e-11  -5.1740850876608e-11  2.24850599075344e-12      1.00051245345449  8.50958291512391e-16  6.32101582684584e-13 -6.89914338822823e-07  9.13847690685431e-12
 3.51750971504761e-15  7.86433493037259e-14 -4.75800354647579e-14 -1.79550252803436e-12 -7.83768900429324e-12  8.50958291512391e-16      1.00051245345441  6.89914363263518e-07  6.31986001013424e-13  7.72840622901555e-12
-1.53042454334677e-15 -8.44222531266099e-14 -1.55548590499483e-12  7.53342535032783e-13 -7.92389603592981e-12  6.32101582684584e-13  6.89914363263518e-07     0.999491518057625  8.51018847681006e-16  7.70369482229158e-12
-4.65836433679132e-14 -1.82730714762652e-13  2.28457761650975e-11 -5.15964744752296e-11   9.2824382803034e-12 -6.89914338822823e-07  6.31986001013424e-13  8.51018847681006e-16     0.999491518057546  2.30622513572241e-12
 1.05196319021879e-06 -7.97893730680784e-06  0.000542233400698859 -0.000691404381928968  0.000114908251177528  9.13847690685431e-12  7.72840622901555e-12  7.70369482229158e-12  2.30622513572241e-12     0.993443366039985
TOTAL ENERGY: -127.163129712721	 lambda: 1	 population of target: 7.00002121529264
1RDM: 
     1.99999999991504  4.70789513947736e-11  8.82189924799619e-10  1.37212569960982e-08  2.67495182343442e-06 -4.24638922764511e-14  2.69812160110557e-15 -2.34796750237295e-15 -4.62371239665851e-14  1.38431036367305e-06
 4.70789513947736e-11      1.99999999963173   5.6897368133887e-09 -6.68221696523175e-08  9.01262657349711e-06 -1.79283282243513e-13  7.84047393438118e-14 -8.45602609376924e-14 -1.82189878895304e-13 -8.18659750230263e-06
 8.82189924799619e-10   5.6897368133887e-09      1.99998910686315  -9.3072398141056e-07 -0.000197467389958106  2.17376287512402e-11 -1.30684737253915e-13 -1.64239864661236e-12  2.28656123796732e-11  0.000587554189195759
 1.37212569960982e-08 -6.68221696523175e-08  -9.3072398141056e-07      1.99998480740253  0.000899909189269071 -5.17230876649772e-11  -1.8426300590691e-12  7.12412322127261e-13 -5.15520601052963e-11 -0.000690777379202693
 2.67495182343442e-06  9.01262657349711e-06 -0.000197467389958106  0.000899909189269071      1.00752529496335  2.57092207351775e-12 -8.98261613679528e-12  -9.0777997099928e-12  1.06257779798637e-11  0.000139200945171762
-4.24638922764511e-14 -1.79283282243513e-13  2.17376287512402e-11 -5.17230876649772e-11  2.57092207351775e-12      1.00058411992459  1.69646676429207e-15   9.9745530487829e-13 -8.31427612384853e-07   1.0456885238141e-11
 2.69812160110557e-15  7.84047393438118e-14 -1.30684737253915e-13  -1.8426300590691e-12 -8.98261613679528e-12  1.69646676429207e-15      1.00058411992464   8.3142764046249e-07  9.97321021206115e-13  8.83602345299189e-12
-2.34796750237295e-15 -8.45602609376924e-14 -1.64239864661236e-12  7.12412322127261e-13  -9.0777997099928e-12   9.9745530487829e-13   8.3142764046249e-07     0.999419852800151  1.69645503073469e-15  8.81488350892424e-12
-4.62371239665851e-14 -1.82189878895304e-13  2.28656123796732e-11 -5.15520601052963e-11  1.06257779798637e-11 -8.31427612384853e-07  9.97321021206115e-13  1.69645503073469e-15     0.999419852800199  2.64522356993366e-12
 1.38431036367305e-06 -8.18659750230263e-06  0.000587554189195759 -0.000690777379202693  0.000139200945171762   1.0456885238141e-11  8.83602345299189e-12  8.81488350892424e-12  2.64522356993366e-12     0.992492845774634
-------------------general-----------------------
mullikenoperator: 
 0.000948167808605287    0.0307749150537624 -0.000246651548660481   0.00033544593908902  5.63109287376339e-06  -3.5479657988809e-14 -1.44428325118648e-14 -1.81619830286784e-14 -1.98532573990126e-14   3.7465872714338e-06
   0.0307749150537624     0.999047338207391  -0.00191486584640973 -0.000995809326858827  1.61818036982825e-05  -1.6092487082089e-13  8.04098359647208e-14 -7.96993867133657e-14 -1.61718097774722e-13 -1.51071730302269e-05
-0.000246651548660482  -0.00191486584640974      0.20807887620931    -0.405928191715069  -0.00032688639109254  2.54705483067247e-11  6.16237880836584e-13 -7.88597464781899e-13  2.52625501228377e-11  0.000776536073417709
 0.000335445939089021 -0.000995809326858832    -0.405928191715069     0.791922839229991   0.00119741499607166 -4.94552040442126e-11 -1.41285823039075e-12  1.32417795210014e-12 -4.94782631745781e-11 -0.000945645362140096
 5.63109287376339e-06  1.61818036982832e-05  -0.00032688639109254   0.00119741499607165     0.492056216875682  1.90693872157564e-11  1.56139031199026e-12  -1.9921382237432e-12  1.62445072644025e-11     0.499935647287663
-3.54796579888108e-14 -1.60924870820888e-13  2.54705483067246e-11 -4.94552040442125e-11  1.90693872157582e-11     0.499389779274471   -5.530627485637e-14  3.65831548076594e-07    -0.499999628732337  1.67083190066402e-11
-1.44428325118647e-14  8.04098359647232e-14  6.16237880836374e-13 -1.41285823039037e-12  1.56139031198575e-12 -5.52915537859844e-14     0.499389779250421     0.499999628732308  3.65831548257902e-07   2.0221557508741e-12
-1.81619830286784e-14 -7.96993867133632e-14 -7.88597464782053e-13  1.32417795210042e-12 -1.99213822374541e-12  3.65831548093576e-07     0.499999628732308     0.500610220749579 -5.52480922839996e-14 -1.59513597481302e-12
-1.98532573990109e-14 -1.61718097774723e-13  2.52625501228378e-11 -4.94782631745781e-11  1.62445072643976e-11    -0.499999628732337  3.65831548262308e-07 -5.52368561086803e-14     0.500610220725528  1.94458420271406e-11
 3.74658727143384e-06 -1.51071730302256e-05  0.000776536073417707 -0.000945645362140096     0.499935647287663  1.67083190066373e-11  2.02215575087919e-12 -1.59513597481025e-12  1.94458420271466e-11     0.507946561669028
selected BF: 
0 1 2 3 4
selected lambdas: 
  -1 -0.9 -0.8 -0.7 -0.6 -0.5 -0.4 -0.3 -0.2 -0.1    0  0.1  0.2  0.3  0.4  0.5  0.6  0.7  0.8  0.9    1
RHF C: 
 6.79881982367809e-07     0.995388321762205    -0.260143635318166  -0.00043861007688749  0.000305821591418864  0.000254529112069592 -1.94921787842816e-12 -2.54687922426903e-11  6.73977702561351e-12  3.46106217067971e-12
-4.02764852994718e-06    0.0189028149739732      1.02864491965818   0.00173625874308029  -0.00122383897978677  -0.00101146865622443  7.81015959810875e-12  1.00144260328895e-10 -2.65739221977811e-11 -1.38392310690031e-11
  7.6543927636769e-14 -7.85250229496162e-14 -1.40544089161486e-11  -6.0583446384708e-11 -2.22255051045957e-08  1.16748547803209e-09   0.00431389963755106     0.147718212753463     0.989020081984248  4.15990719675545e-05
-4.11575677490074e-13  5.65383122724027e-13   3.1950129866154e-11   3.2169945042823e-10  1.16612062148618e-07 -6.24602121957204e-09 -0.000644309984893515      0.98902945088806    -0.147716813444518  0.000278521561531406
-8.82821512190733e-06 -3.67919110212797e-06  -0.00118842727814406   -0.0026554646114818    -0.999988968422438  -0.00385158481420416 -1.41329845170908e-10  1.12026157281535e-07 -3.91990362652684e-08 -2.08843598446708e-11
    0.995027806888777  1.19614458181682e-06 -0.000383405794324617     0.263160088052535  -0.00084816902879441     0.004459198504777  5.21178889128017e-13  4.08428862533594e-11 -1.43893352450164e-11   8.9557122218035e-12
   0.0201928228199247 -3.68159977480414e-06    0.0014962187256099     -1.02889325657108   0.00332547982748586   -0.0176705840009067 -2.06073068905008e-12 -1.60602475081983e-10  5.65818090474084e-11  -3.4887680329008e-11
-1.16335757270682e-13  1.73729356132298e-14  3.67340757080575e-12  3.98798847357602e-11  -1.2879120710762e-11  -1.9040078620502e-09    -0.989020366197021  3.17918992865999e-05   0.00424823755184852    -0.147718215269006
 9.91319250067755e-13 -2.20016994092633e-14  1.52496966805478e-12 -2.39311317973238e-10 -1.19746786248981e-11  1.58647115715807e-08     0.147716855974699  0.000212858862759595 -0.000634502904109333    -0.989029467187854
-6.04070618973201e-05  7.00278187856674e-06 -0.000560392221733288    0.0171794822497035   0.00281952181784673    -0.999848874759947  4.23660419498361e-09 -6.32101490681093e-09  2.17093782504194e-09  -1.5412447789468e-08
RDM (no constraint): 
     1.99999999557158  4.45986800347431e-10  1.08594721842673e-07  1.16951086587946e-06  -3.3946756479062e-07 -6.20424425689791e-05  4.37322664994395e-16  5.30471140507267e-14 -3.69572654690103e-14  1.99004258963844e-14
 4.45986800347431e-10      1.99999999427281  -2.0969691406283e-06 -1.38602776932619e-07 -5.26814911022606e-05 -6.12283814004847e-06 -9.42791306533585e-14  5.31976242338104e-12 -1.89203805679211e-12 -5.42569642800359e-13
 1.08594721842673e-07  -2.0969691406283e-06      1.99872302022043 -0.000102546788019859    -0.035352282809652 -5.85573409129449e-05 -3.66975122529083e-12  3.93103508582719e-09  -1.3671888387633e-09 -7.74659294836379e-11
 1.16951086587946e-06 -1.38602776932619e-07 -0.000102546788019859      1.99967562696131  -0.00223782307847361    0.0174676906591017   1.2290285937799e-12  4.69968196677128e-11 -1.47450803571176e-11  3.26397922941625e-11
 -3.3946756479062e-07 -5.26814911022606e-05    -0.035352282809652  -0.00223782307847361      1.00104627870683   -0.0243409650619574    1.764541883856e-10 -2.61681727577683e-10  8.91989060718671e-11 -5.38770589100612e-10
-6.20424425689791e-05 -6.12283814004847e-06 -5.85573409129449e-05    0.0174676906591017   -0.0243409650619574      1.00054699120958 -8.99666530396776e-12  2.72847381687657e-09 -1.01913734550041e-09  1.49171732418798e-11
 4.37322664994395e-16 -9.42791306533585e-14 -3.66975122529083e-12   1.2290285937799e-12    1.764541883856e-10 -8.99666530396776e-12      0.99998812631425  1.50632191635282e-13  -0.00186866522997345  1.07721420335612e-14
 5.30471140507267e-14  5.31976242338104e-12  3.93103508582719e-09  4.69968196677128e-11 -2.61681727577683e-10  2.72847381687657e-09  1.50632191635282e-13      1.00000067104048 -1.19880194124113e-14  -0.00186871655699736
-3.69572654690103e-14 -1.89203805679211e-12  -1.3671888387633e-09 -1.47450803571176e-11  8.91989060718671e-11 -1.01913734550041e-09  -0.00186866522997345 -1.19880194124113e-14      1.00001592021465 -1.43000834317816e-13
 1.99004258963844e-14 -5.42569642800359e-13 -7.74659294836379e-11  3.26397922941625e-11 -5.38770589100612e-10  1.49171732418798e-11  1.07721420335612e-14  -0.00186871655699736 -1.43000834317816e-13      1.00000337548804
RDM Eigenvectors: 
    0.999504021252889   -0.0308028254672895  -0.00562834229365825  -0.00334893239081687 -4.49387068152903e-05  3.43338050336024e-13 -7.05668933033724e-14  2.83690847640802e-13  8.89345179557603e-13  4.28709295638445e-05
  -0.0307846240646159    -0.999486892860061   -0.0019900882557059   0.00861943624890112  3.35754362406507e-05   2.7702104952793e-14 -2.81731745555245e-13 -1.23884736724954e-13 -6.75327843506364e-13  4.07715363633639e-05
 0.000666236890762809   0.00855487614059834    -0.457246537959051     0.888593864319851    0.0254760999512767 -5.62688038292917e-11 -7.19398948514977e-11 -7.41504886427595e-11 -5.20005669652754e-11    0.0245740996065928
  0.00660076618528814   0.00197062768310323     0.889082146386634     0.457351876460679    0.0143360823748339  7.02146881264077e-11 -3.00270888236596e-11 -1.31675159275979e-10 -3.62750527392712e-10   -0.0104509008643446
-3.84062554053918e-05 -0.000255620098315023    0.0138190666450701   -0.0326856077952725     0.703338087676589  7.85538707054667e-08  -2.9398495877219e-08  -2.9421323081246e-08 -7.86016498327363e-08     0.709969120488252
  5.4402550249531e-05  4.82005481626991e-05    0.0152294192213167   0.00873764296920618     -0.71025416320501  5.47247247489832e-09 -1.40283249271545e-09  4.32481941573507e-09  1.39528235172446e-08     0.703726322338837
  3.6941934977802e-15  3.81935755089854e-14   3.9552692228911e-12 -6.24086881884379e-12  3.00352474583582e-09  1.87855709594403e-05    -0.704472629879714     0.709731155452084  1.94450883168606e-05 -2.73519688795215e-09
 2.97656922088049e-12  2.86023515030106e-11 -1.71786863982375e-09  3.54721576695749e-09 -8.24250254892275e-08     0.706850899595681  1.88489346074298e-05  1.93801389936875e-05    -0.707362569698094 -7.46684100183446e-08
-1.04579042454944e-12 -9.90525515546952e-12  5.97754961759086e-10 -1.23350081657886e-09  3.07162055829275e-08 -1.89257443122097e-05     0.709731155466122     0.704472629865782  1.93009565534058e-05  2.80886738423004e-08
 2.16386403242384e-13  2.87322150687195e-14  6.04341755975788e-11 -4.28024061710679e-11 -9.75464732337805e-09    -0.707362569712088 -1.88626386895827e-05  1.93661714397338e-05    -0.706850899581704  9.66945862953252e-09
Total C: 
  -0.0308181860867226    -0.997104028671357     0.116587004296618    -0.222790725401917   -0.0065659970268933  1.96000934978912e-11  1.52557419508279e-11  1.46914763276169e-11  8.09713546271105e-12  -0.00595138547334365
 0.000110832103931664   -0.0100893762573181    -0.468870563646602     0.915035754532034    0.0260890140435733 -7.88536452218654e-11 -6.10203566176482e-11 -5.80487602149924e-11 -3.31061871238247e-11    0.0236799627699317
-7.81409837765031e-15  2.82299493529817e-15  6.57536953613905e-13  4.60258164815513e-13  1.75333556643422e-09     0.104366689042882     0.698902124889441     0.699802150724888    -0.104500565988148  1.78143703247995e-09
-4.00622850336168e-15 -2.86039518926178e-15   4.4907385578522e-13 -8.30708437210369e-14  3.96663488852464e-10     0.698902124906283    -0.104366689040446    -0.104500565990581    -0.699802150708067  3.98926276279771e-10
  1.1165846579134e-05   0.00024398108693372   -0.0156950365065177    0.0303810803905404    -0.700663069777046  6.27100674521761e-10  1.68463760026977e-09  1.69199520573115e-09 -6.81040372513999e-10    -0.712673203086704
    0.996271335359133   -0.0301351210911414     0.228602077530905     0.116750483306524 -4.55120922883869e-05 -8.48033512082845e-13    1.557047419187e-13  1.32515678892902e-13 -8.92056077514231e-13  -0.00018114248312984
   0.0133913449214315  -0.00263478364609039    -0.915791568283536    -0.469567481506414   0.00017645424911148   3.3619767955666e-12 -5.82396146881444e-13 -4.93651206564884e-13  3.49460687937495e-12  0.000716228083177745
  5.8180519194337e-15 -7.54377097229987e-14 -5.75173013842756e-12  1.26558775207346e-11 -5.78023150347691e-11     0.104494148765251     0.699755671880347     -0.69894866030636     0.104373115354607  4.43930220127281e-11
 6.42538092258744e-14  2.90254162316439e-13 -3.19572399526008e-11  7.38623496382082e-11 -1.22552121279286e-09     0.699755671863526    -0.104494148767684     0.104373115352171     0.698948660323201  1.15732163331383e-09
-2.07090366891859e-06 -2.49921935485739e-05  0.000342379899358661  -0.00146911026224507     0.712361915771797  1.18528877127978e-09 -1.24362657161636e-10  1.26454822718503e-10  1.18713947059426e-09    -0.701811512608589
Basis set used: STO-3G
Naturals: 
 1.99999999998983  1.99999999933026  1.99999278664784   1.9999700249969  1.02430045816668   1.0018707403105  1.00187074016835 0.998133306360546  0.99813330621802 0.975728637811033
Naturals: 
 1.99999999998984  1.99999999933028  1.99999278664849  1.99997002501111  1.02430044328426  1.00187074232282  1.00187074232297 0.998133304206424 0.998133304206574 0.975728652677284
Version: Tmhuysen's fci hack
