Naturals in-correctThe Davidson algorithm did not converge.lambda: -1
The Davidson algorithm did not converge.lambda: -0.9
The Davidson algorithm did not converge.lambda: -0.8
The Davidson algorithm did not converge.lambda: -0.7
The Davidson algorithm did not converge.lambda: -0.6
The Davidson algorithm did not converge.lambda: -0.5
The Davidson algorithm did not converge.lambda: -0.4
The Davidson algorithm did not converge.lambda: -0.3
The Davidson algorithm did not converge.lambda: -0.2
The Davidson algorithm did not converge.lambda: -0.1
TOTAL ENERGY: -127.163282004886	 lambda: 0	 population of target: 6.99921727861856
1RDM: 
     1.99999999997908 -2.45347584330731e-17  3.11596138043032e-14  1.09203481438279e-13  4.81780934631419e-13 -3.76355057584653e-18 -1.44261359228442e-18  7.52044181355737e-18  3.92753160057762e-18 -3.07637439462374e-12
-2.45347584330731e-17      1.99999999883394  1.82207423138239e-13  3.28274076799396e-13  2.04784427714447e-11 -9.22323604169784e-17 -5.95136978889154e-17  1.75544168905829e-16  9.61420295266691e-17 -2.50927600326992e-11
 3.11596138043032e-14  1.82207423138239e-13      1.99999193684807 -1.16582401055414e-11  -6.5999685216804e-10  1.32480256240362e-18 -4.46540293379734e-18 -1.11757750580361e-16  6.43662759004511e-19  7.99536742858825e-10
 1.09203481438279e-13  3.28274076799396e-13 -1.16582401055414e-11      1.99995342720357  9.47015927155592e-10  4.54298909636666e-18  3.42436445095753e-16  3.87300639608194e-16  1.97118732470865e-18  -1.0907319006023e-09
 4.81780934631419e-13  2.04784427714447e-11  -6.5999685216804e-10  9.47015927155592e-10      1.03398091715148 -3.14627284942326e-16  2.92555697253613e-15 -2.59341639590095e-15 -5.08162870688971e-17  6.57552911966411e-10
-3.76355057584653e-18 -9.22323604169784e-17  1.32480256240362e-18  4.54298909636666e-18 -3.14627284942326e-16      1.00277751462816  1.48070631029645e-14 -3.06158450072122e-13  1.84030748751899e-11  5.56127629802653e-17
-1.44261359228442e-18 -5.95136978889154e-17 -4.46540293379734e-18  3.42436445095753e-16  2.92555697253613e-15  1.48070631029645e-14      1.00277751462821  1.91671108534716e-11 -3.05987831429125e-13 -2.31969565655753e-15
 7.52044181355737e-18  1.75544168905829e-16 -1.11757750580361e-16  3.87300639608194e-16 -2.59341639590095e-15 -3.06158450072122e-13  1.91671108534716e-11     0.997227395374293  1.48069892722118e-14  3.24541942100239e-15
 3.92753160057762e-18  9.61420295266691e-17  6.43662759004511e-19  1.97118732470865e-18 -5.08162870688971e-17  1.84030748751899e-11 -3.05987831429125e-13  1.48069892722118e-14     0.997227395374345  3.22458385703269e-16
-3.07637439462374e-12 -2.50927600326992e-11  7.99536742858825e-10  -1.0907319006023e-09  6.57552911966411e-10  5.56127629802653e-17 -2.31969565655753e-15  3.24541942100239e-15  3.22458385703269e-16     0.966063899978903
TOTAL ENERGY: -127.163262344849	 lambda: 0.1	 population of target: 6.99981984554129
1RDM: 
     1.99999999997784  8.05820349784034e-12  1.13282187727544e-09  5.14241405312378e-09  6.62719989396069e-07 -4.37771535524879e-18 -1.56556117272993e-18  7.31553438485294e-18  3.32110553240053e-18 -3.34937489783365e-07
 8.05820349784034e-12      1.99999999937948  1.83964844328291e-08 -5.56522553649772e-08  4.98436139049816e-06 -9.22852679477656e-17 -6.20073023762176e-17  1.74581867837844e-16  9.60695123574492e-17 -5.15168059303302e-06
 1.13282187727544e-09  1.83964844328291e-08      1.99998976415683 -2.41544851790821e-06  -0.00019385597477792   3.1990333164633e-18  7.13821042193792e-17 -5.81252822796666e-17   1.9501994933662e-18  0.000233218026394038
 5.14241405312378e-09 -5.56522553649772e-08 -2.41544851790821e-06      1.99997563062051  0.000533754980105476  6.55008255254991e-18  1.78494633253419e-16  2.29461658748671e-16  5.10710554576882e-18 -0.000529413094428731
 6.62719989396069e-07  4.98436139049816e-06  -0.00019385597477792  0.000533754980105476      1.01772345253545 -1.63671024460978e-16 -1.43585172291331e-15 -3.99774400477884e-15 -1.35782336838013e-16  0.000220217746404073
-4.37771535524879e-18 -9.22852679477656e-17   3.1990333164633e-18  6.55008255254991e-18 -1.63671024460978e-16      1.00146457027547 -1.10608695344035e-16  4.43553163254434e-13  1.47287376116015e-06  1.35493392602748e-16
-1.56556117272993e-18 -6.20073023762176e-17  7.13821042193792e-17  1.78494633253419e-16 -1.43585172291331e-15 -1.10608695344035e-16      1.00146457027548 -1.47285396535232e-06  4.43622658387196e-13 -3.98092450637821e-15
 7.31553438485294e-18  1.74581867837844e-16 -5.81252822796666e-17  2.29461658748671e-16 -3.99774400477884e-15  4.43553163254434e-13 -1.47285396535232e-06     0.998540205943174 -1.10591451224049e-16  -1.4211109120716e-15
 3.32110553240053e-18  9.60695123574492e-17   1.9501994933662e-18  5.10710554576882e-18 -1.35782336838013e-16  1.47287376116015e-06  4.43622658387196e-13 -1.10591451224049e-16     0.998540205943184  1.63279798042396e-16
-3.34937489783365e-07 -5.15168059303302e-06  0.000233218026394038 -0.000529413094428731  0.000220217746404073  1.35493392602748e-16 -3.98092450637821e-15  -1.4211109120716e-15  1.63279798042396e-16     0.982301600892505
TOTAL ENERGY: -127.163247692814	 lambda: 0.2	 population of target: 6.99992462009478
1RDM: 
     1.99999999997445  9.54355933050372e-12   1.9437524794033e-09  5.88352786169528e-09  1.05728104938079e-06  -4.9881714149198e-18 -1.55706273164099e-18  7.17935547772151e-18  2.71165233178947e-18 -3.48861471163635e-07
 9.54355933050372e-12      1.99999999943295  2.21360512871288e-08 -7.09731545512147e-08   7.3598033958627e-06 -9.22509672843419e-17 -6.35609369061687e-17  1.74630007876427e-16  9.60809965842065e-17 -7.45253686991196e-06
  1.9437524794033e-09  2.21360512871288e-08      1.99998853575369 -1.89312682772212e-06 -0.000261666593114878  4.69315468889269e-18  1.03710449169458e-16 -4.00344837308415e-17  3.22869367474225e-18  0.000334989291297025
 5.88352786169528e-09 -7.09731545512147e-08 -1.89312682772212e-06      1.99997953114167  0.000751605310046071  8.45571173514568e-18  1.09334029087225e-16  1.74856197740863e-16   7.4314058451232e-18 -0.000725767683847898
 1.05728104938079e-06   7.3598033958627e-06 -0.000261666593114878  0.000751605310046071      1.01268774718841  -1.3113372668831e-16 -9.73755947108053e-16 -2.89695116409654e-15 -1.09706015263644e-16  0.000208931716222279
 -4.9881714149198e-18 -9.22509672843419e-17  4.69315468889269e-18  8.45571173514568e-18  -1.3113372668831e-16      1.00105281506575  9.42100710993566e-17 -1.71459614551646e-12  1.40886080187879e-06  1.08327916987854e-16
-1.55706273164099e-18 -6.35609369061687e-17  1.03710449169458e-16  1.09334029087225e-16 -9.73755947108053e-16  9.42100710993566e-17       1.0010528150658 -1.40884658051134e-06 -1.71454615234444e-12 -2.89308245113475e-15
 7.17935547772151e-18  1.74630007876427e-16 -4.00344837308415e-17  1.74856197740863e-16 -2.89695116409654e-15 -1.71459614551646e-12 -1.40884658051134e-06     0.998951939337753   9.4190905438672e-17  -9.8467343025298e-16
 2.71165233178947e-18  9.60809965842065e-17  3.22869367474225e-18   7.4314058451232e-18 -1.09706015263644e-16  1.40886080187879e-06 -1.71454615234444e-12   9.4190905438672e-17     0.998951939337797  1.30022222160509e-16
-3.48861471163635e-07 -7.45253686991196e-06  0.000334989291297025 -0.000725767683847898  0.000208931716222279  1.08327916987854e-16 -2.89308245113475e-15  -9.8467343025298e-16  1.30022222160509e-16     0.987334677701751
TOTAL ENERGY: -127.163238804715	 lambda: 0.3	 population of target: 6.99996119576223
1RDM: 
     1.99999999997019   1.0996338783269e-11  2.36449348920102e-09   6.3857572488123e-09  1.39064780087339e-06 -5.60108715221654e-18 -1.52063011810017e-18  7.06434959458026e-18  2.09795875875578e-18 -2.65341953566126e-07
  1.0996338783269e-11      1.99999999942216  2.36415477897748e-08 -7.93710213266684e-08  8.95849065365112e-06 -9.21950491323418e-17 -6.48650540401858e-17  1.74950955095978e-16  9.61132462919274e-17 -8.96203861729427e-06
 2.36449348920102e-09  2.36415477897748e-08      1.99998785640643 -1.42181034731826e-06 -0.000293913241205609  6.31961421879276e-18  1.26204195909856e-16 -3.24558331432861e-17  4.74144593477344e-18  0.000404844149314259
  6.3857572488123e-09 -7.93710213266684e-08 -1.42181034731826e-06      1.99998077644433  0.000885349412942016  1.05577289155754e-17  6.55851869602535e-17  1.45560732378502e-16  9.74460925934835e-18  -0.00083745267532744
 1.39064780087339e-06  8.95849065365112e-06 -0.000293913241205609  0.000885349412942016      1.01035147867833 -1.16930564946569e-16 -7.55387236858704e-16 -2.39299238588139e-15  -9.8409744207021e-17  0.000191905630263769
-5.60108715221654e-18 -9.21950491323418e-17  6.31961421879276e-18  1.05577289155754e-17 -1.16930564946569e-16      1.00086079645972   2.5952359120548e-16  4.62154029805167e-12  1.30026378353935e-06  9.66495715793793e-17
-1.52063011810017e-18 -6.48650540401858e-17  1.26204195909856e-16  6.55851869602535e-17 -7.55387236858704e-16   2.5952359120548e-16      1.00086079645976 -1.30025216180948e-06    4.621581595606e-12  -2.3925757308347e-15
 7.06434959458026e-18  1.74950955095978e-16 -3.24558331432861e-17  1.45560732378502e-16 -2.39299238588139e-15  4.62154029805167e-12 -1.30025216180948e-06     0.999143951026725  2.59583127755797e-16 -7.73586179735363e-16
 2.09795875875578e-18  9.61132462919274e-17  4.74144593477344e-18  9.74460925934835e-18  -9.8409744207021e-17  1.30026378353935e-06    4.621581595606e-12  2.59583127755797e-16     0.999143951026766  1.15564750451932e-16
-2.65341953566126e-07 -8.96203861729427e-06  0.000404844149314259  -0.00083745267532744  0.000191905630263769  9.66495715793793e-17  -2.3925757308347e-15 -7.73586179735363e-16  1.15564750451932e-16     0.989670394105593
TOTAL ENERGY: -127.163232724435	 lambda: 0.4	 population of target: 6.99997881997233
1RDM: 
     1.99999999996476  1.32981104652737e-11  2.57653708590019e-09  7.02212072933789e-09  1.70827718988199e-06 -6.21709609820187e-18 -1.46886018546859e-18  6.95620999102012e-18  1.48042060300981e-18 -1.24942225931922e-07
 1.32981104652737e-11       1.9999999993957  2.43859289007297e-08 -8.53451253601593e-08  1.01766501922516e-05 -9.21300984647069e-17 -6.60494316333201e-17  1.75400845476152e-16  9.61544264926427e-17 -1.00897597807213e-05
 2.57653708590019e-09  2.43859289007297e-08      1.99998744482746 -1.09628727277437e-06 -0.000308877560880114  8.13438319669442e-18  1.44626413516766e-16 -2.97809274084627e-17  6.48466740118382e-18  0.000462135926034353
 7.02212072933789e-09 -8.53451253601593e-08 -1.09628727277437e-06      1.99998124013835  0.000982424541484477  1.28028003629539e-17  3.30415559634592e-17  1.27238872577504e-16  1.21157272228196e-17 -0.000911735799510426
 1.70827718988199e-06  1.01766501922516e-05 -0.000308877560880114  0.000982424541484477      1.00910757580402 -1.11084431965449e-16  -6.3228655050197e-16 -2.13135553740381e-15 -9.39455359504492e-17  0.000180942275043111
-6.21709609820187e-18 -9.21300984647069e-17  8.13438319669442e-18  1.28028003629539e-17 -1.11084431965449e-16      1.00075816927881  2.29150177791038e-16  -6.8274747334766e-13  1.22973277730808e-06  9.19458677481397e-17
-1.46886018546859e-18 -6.60494316333201e-17  1.44626413516766e-16  3.30415559634592e-17  -6.3228655050197e-16  2.29150177791038e-16      1.00075816927879 -1.22972254489703e-06 -6.82711061064709e-13 -2.13213548849436e-15
 6.95620999102012e-18  1.75400845476152e-16 -2.97809274084627e-17  1.27238872577504e-16 -2.13135553740381e-15  -6.8274747334766e-13 -1.22972254489703e-06     0.999246575349452  2.29138480496992e-16 -6.53782092178686e-16
 1.48042060300981e-18  9.61544264926427e-17  6.48466740118382e-18  1.21157272228196e-17 -9.39455359504492e-17  1.22973277730808e-06 -6.82711061064709e-13  2.29138480496992e-16      0.99924657534943  1.09553270225245e-16
-1.24942225931922e-07 -1.00897597807213e-05  0.000462135926034353 -0.000911735799510426  0.000180942275043111  9.19458677481397e-17 -2.13213548849436e-15 -6.53782092178686e-16  1.09553270225245e-16     0.990914250613266
TOTAL ENERGY: -127.163227983047	 lambda: 0.5	 population of target: 6.99998943510246
1RDM: 
      1.9999999999576  1.68702513289436e-11   2.6710554737797e-09  7.89393566403455e-09   2.0290580318465e-06 -6.83620687723931e-18  -1.4056335792392e-18  6.84939510198733e-18  8.59350873913836e-19  6.10654941609229e-08
 1.68702513289436e-11      1.99999999936481  2.47141333378486e-08 -9.01653531803499e-08  1.11637929267071e-05 -9.20601140631064e-17 -6.71613007143531e-17  1.75927514827321e-16  9.62007690503402e-17 -1.09845176370405e-05
  2.6710554737797e-09  2.47141333378486e-08       1.9999871831613 -8.89527986721376e-07 -0.000312702343086391   1.0179850743479e-17  1.61028963870489e-16 -3.01093694655383e-17  8.48031909525682e-18  0.000513846301496963
 7.89393566403455e-09 -9.01653531803499e-08 -8.89527986721376e-07      1.99998138325572   0.00105960191197001  1.51805634244888e-17  6.83147979455375e-18  1.14900768113911e-16   1.4576695260677e-17 -0.000964624703692466
  2.0290580318465e-06  1.11637929267071e-05 -0.000312702343086391   0.00105960191197001      1.00844497865649 -1.10343773971419e-16 -5.57203685340108e-16 -2.00032133062313e-15 -9.36946477277983e-17  0.000176187998149382
-6.83620687723931e-18 -9.20601140631064e-17   1.0179850743479e-17  1.51805634244888e-17 -1.10343773971419e-16      1.00070322573416  2.30105986059479e-16 -7.04865023655465e-15  1.19958697130041e-06  9.14631767584105e-17
 -1.4056335792392e-18 -6.71613007143531e-17  1.61028963870489e-16  6.83147979455375e-18 -5.57203685340108e-16  2.30105986059479e-16       1.0007032257342 -1.19957748280035e-06 -7.01476058829044e-15 -2.00160004429355e-15
 6.84939510198733e-18  1.75927514827321e-16 -3.01093694655383e-17  1.14900768113911e-16 -2.00032133062313e-15 -7.04865023655465e-15 -1.19957748280035e-06     0.999301517595647  2.30103153434617e-16 -5.81146815246113e-16
 8.59350873913836e-19  9.62007690503402e-17  8.48031909525682e-18   1.4576695260677e-17 -9.36946477277983e-17  1.19958697130041e-06 -7.01476058829044e-15  2.30103153434617e-16     0.999301517595688   1.0864687666088e-16
 6.10654941609229e-08 -1.09845176370405e-05  0.000513846301496963 -0.000964624703692466  0.000176187998149382  9.14631767584105e-17 -2.00160004429355e-15 -5.81146815246113e-16   1.0864687666088e-16     0.991576968944368
TOTAL ENERGY: -127.163223682626	 lambda: 0.6	 population of target: 6.99999727733571
1RDM: 
     1.99999999994784  2.21860218179998e-11  2.70693405610525e-09  9.09227159264887e-09  2.36475965834113e-06 -7.45817967477104e-18 -1.33217389387084e-18   6.7408219859189e-18  2.35102268721907e-19  2.90620763220271e-07
 2.21860218179998e-11      1.99999999933291  2.47099560672152e-08 -9.43660672044548e-08  1.19943776002175e-05 -9.19866318549434e-17 -6.82233659876846e-17   1.7650609578904e-16  9.62508473929519e-17 -1.17182131728742e-05
 2.70693405610525e-09  2.47099560672152e-08      1.99998701598448 -7.81943256918624e-07 -0.000307862337541929  1.24982571419403e-17  1.76423082862798e-16 -3.26390125893436e-17  1.07618782033134e-17  0.000563553231930267
 9.09227159264887e-09 -9.43660672044548e-08 -7.81943256918624e-07      1.99998135855028   0.00112474400883265  1.76963452408279e-17 -1.52258433176656e-17  1.06241736676193e-16   1.7151347609276e-17  -0.00100319918604464
 2.36475965834113e-06  1.19943776002175e-05 -0.000307862337541929   0.00112474400883265      1.00816559699253 -1.13629679785194e-16 -5.11237975176512e-16 -1.95718427939104e-15 -9.68160496097449e-17  0.000177314184295789
-7.45817967477104e-18 -9.19866318549434e-17  1.24982571419403e-17  1.76963452408279e-17 -1.13629679785194e-16      1.00067971847783  2.36621686439101e-16  1.27628659406623e-12   1.2081011465075e-06  9.43032065938385e-17
-1.33217389387084e-18 -6.82233659876846e-17  1.76423082862798e-16 -1.52258433176656e-17 -5.11237975176512e-16  2.36621686439101e-16      1.00067971847788 -1.20809197629054e-06  1.27631945337799e-12  -1.9587539913317e-15
  6.7408219859189e-18   1.7650609578904e-16 -3.26390125893436e-17  1.06241736676193e-16 -1.95718427939104e-15  1.27628659406623e-12 -1.20809197629054e-06     0.999325024331809  2.36636298626334e-16 -5.37863205413667e-16
 2.35102268721907e-19  9.62508473929519e-17  1.07618782033134e-17   1.7151347609276e-17 -9.68160496097449e-17   1.2081011465075e-06  1.27631945337799e-12  2.36636298626334e-16     0.999325024331862  1.11727593818312e-16
 2.90620763220271e-07 -1.17182131728742e-05  0.000563553231930267  -0.00100319918604464  0.000177314184295789  9.43032065938385e-17  -1.9587539913317e-15 -5.37863205413667e-16  1.11727593818312e-16     0.991856543572577
TOTAL ENERGY: -127.1632190161	 lambda: 0.7	 population of target: 7.00000445460119
1RDM: 
     1.99999999993396  2.99780948713508e-11    2.748430231686e-09  1.07549022412835e-08  2.72535475033193e-06 -8.08260310945111e-18 -1.24842278852276e-18  6.62817564260403e-18 -3.91895729084537e-19  5.66520736652181e-07
 2.99780948713508e-11      1.99999999930094  2.43512326647627e-08 -9.82573138846041e-08  1.27123003686605e-05 -9.19101700713742e-17 -6.92483224421205e-17  1.77122782106775e-16  9.63042028798172e-17 -1.23315672144382e-05
   2.748430231686e-09  2.43512326647627e-08      1.99998691417704 -7.69975063766033e-07 -0.000295242341163471  1.51358793893921e-17  1.91446630615558e-16 -3.70203969101142e-17  1.33713440687767e-17  0.000613693867048917
 1.07549022412835e-08 -9.82573138846041e-08 -7.69975063766033e-07      1.99998121954636   0.00118231046504424   2.0363453815331e-17 -3.42620603698697e-17  9.99850308284486e-17  1.98624466479722e-17  -0.00103103701051642
 2.72535475033193e-06  1.27123003686605e-05 -0.000295242341163471   0.00118231046504424      1.00819883791998 -1.20951373299229e-16 -4.86086093605478e-16 -1.98799605772669e-15 -1.03358542845322e-16  0.000184777549206183
-8.08260310945111e-18 -9.19101700713742e-17  1.51358793893921e-17   2.0363453815331e-17 -1.20951373299229e-16      1.00068178024273  2.67708940965694e-16  4.16668414746966e-14   1.2584108620413e-06  1.00465705797086e-16
-1.24842278852276e-18 -6.92483224421205e-17  1.91446630615558e-16 -3.42620603698697e-17 -4.86086093605478e-16  2.67708940965694e-16      1.00068178024266 -1.25840166368325e-06  4.16999879954187e-14  -1.9898601885734e-15
 6.62817564260403e-18  1.77122782106775e-16 -3.70203969101142e-17  9.99850308284486e-17 -1.98799605772669e-15  4.16668414746966e-14 -1.25840166368325e-06     0.999322962573863  2.67707497205258e-16 -5.16299516068549e-16
-3.91895729084537e-19  9.63042028798172e-17  1.33713440687767e-17  1.98624466479722e-17 -1.03358542845322e-16   1.2584108620413e-06  4.16999879954187e-14  2.67707497205258e-16      0.99932296257379  1.18769873743121e-16
 5.66520736652181e-07 -1.23315672144382e-05  0.000613693867048917  -0.00103103701051642  0.000184777549206183  1.00465705797086e-16  -1.9898601885734e-15 -5.16299516068549e-16  1.18769873743121e-16     0.991823543488703
TOTAL ENERGY: -127.163212859194	 lambda: 0.8	 population of target: 7.00001264224702
1RDM: 
     1.99999999991315  4.15412496065413e-11  2.90833363478499e-09  1.31290137206923e-08  3.12144897928349e-06 -8.70889804789122e-18 -1.15339001739834e-18   6.5092698920479e-18 -1.02111941432051e-18  8.95640259439389e-07
 4.15412496065413e-11      1.99999999926877   2.3522998267193e-08 -1.02097126875076e-07  1.33465469098053e-05 -9.18306427939204e-17   -7.024380863373e-17  1.77769337357894e-16  9.63609778171126e-17 -1.28496007059556e-05
 2.90833363478499e-09   2.3522998267193e-08      1.99998685960658 -8.69153653512845e-07 -0.000274738697695991  1.81439067387288e-17     2.06613981719e-16 -4.31598176851337e-17  1.63577128704549e-17  0.000666447746043448
 1.31290137206923e-08 -1.02097126875076e-07 -8.69153653512845e-07      1.99998097368147   0.00123527905645373  2.31998429814936e-17 -5.08991161136758e-17  9.53112502123916e-17  2.27334848754822e-17  -0.00104997672100751
 3.12144897928349e-06  1.33465469098053e-05 -0.000274738697695991   0.00123527905645373      1.00855151563088 -1.33239573305524e-16 -4.78937206296019e-16 -2.09689513752798e-15 -1.14150161149585e-16  0.000200342947122322
-8.70889804789122e-18 -9.18306427939204e-17  1.81439067387288e-17  2.31998429814936e-17 -1.33239573305524e-16       1.0007098060965  3.02051941607129e-16 -1.13493138163825e-14   1.3620648868676e-06  1.10707313721368e-16
-1.15339001739834e-18   -7.024380863373e-17     2.06613981719e-16 -5.08991161136758e-17 -4.78937206296019e-16  3.02051941607129e-16       1.0007098060965 -1.36205530919981e-06 -1.13146242536029e-14 -2.09921041127174e-15
  6.5092698920479e-18  1.77769337357894e-16 -4.31598176851337e-17  9.53112502123916e-17 -2.09689513752798e-15 -1.13493138163825e-14 -1.36205530919981e-06      0.99929493725388  3.02048782588521e-16 -5.14438796768342e-16
-1.02111941432051e-18  9.63609778171126e-17  1.63577128704549e-17  2.27334848754822e-17 -1.14150161149585e-16   1.3620648868676e-06 -1.13146242536029e-14  3.02048782588521e-16     0.999294937253884  1.30652423496308e-16
 8.95640259439389e-07 -1.28496007059556e-05  0.000666447746043448  -0.00104997672100751  0.000200342947122322  1.10707313721368e-16 -2.09921041127174e-15 -5.14438796768342e-16  1.30652423496308e-16     0.991471165198415
TOTAL ENERGY: -127.163203017904	 lambda: 0.9	 population of target: 7.00002417079834
1RDM: 
     1.99999999987964  5.94055677511911e-11  3.44952354854632e-09  1.67022331729046e-08  3.56629087693052e-06 -9.33629673489314e-18 -1.04499135036701e-18   6.3815890227937e-18 -1.65194692041612e-18   1.2900000393542e-06
 5.94055677511911e-11      1.99999999923539  2.19609892047792e-08 -1.06203300715447e-07  1.39185477334358e-05 -9.17473677191489e-17 -7.12142834158714e-17  1.78441082821231e-16  9.64219335320059e-17 -1.32880480169034e-05
 3.44952354854632e-09  2.19609892047792e-08      1.99998683366845 -1.12616211526465e-06 -0.000245291949096682  2.15752966542614e-17  2.22463834348047e-16 -5.11751603266833e-17  1.97729603436659e-17  0.000724350896045082
 1.67022331729046e-08 -1.06203300715447e-07 -1.12616211526465e-06      1.99998059057891   0.00128603702109327  2.62243658544148e-17 -6.54493377389904e-17  9.16078295348604e-17  2.57869745026751e-17   -0.0010607189171907
 3.56629087693052e-06  1.39185477334358e-05 -0.000245291949096682   0.00128603702109327      1.00931208457735 -1.52778709373995e-16 -4.91287656708817e-16  -2.3081083873762e-15 -1.31180119730932e-16   0.00022822972675632
-9.33629673489314e-18 -9.17473677191489e-17  2.15752966542614e-17  2.62243658544148e-17 -1.52778709373995e-16      1.00077068358881  3.55924264306925e-16  3.33985151738165e-14  1.54637162965483e-06  1.26880743267619e-16
-1.04499135036701e-18 -7.12142834158714e-17  2.22463834348047e-16 -6.54493377389904e-17 -4.91287656708817e-16  3.55924264306925e-16      1.00077068358918 -1.54636122839731e-06  3.34364259392026e-14 -2.31124201974572e-15
  6.3815890227937e-18  1.78441082821231e-16 -5.11751603266833e-17  9.16078295348604e-17  -2.3081083873762e-15  3.33985151738165e-14 -1.54636122839731e-06     0.999234061075565  3.55918331782439e-16 -5.35197831294457e-16
-1.65194692041612e-18  9.64219335320059e-17  1.97729603436659e-17  2.57869745026751e-17 -1.31180119730932e-16  1.54637162965483e-06  3.34364259392026e-14  3.55918331782439e-16     0.999234061075938  1.49559402614401e-16
  1.2900000393542e-06 -1.32880480169034e-05  0.000724350896045082   -0.0010607189171907   0.00022822972675632  1.26880743267619e-16 -2.31124201974572e-15 -5.35197831294457e-16  1.49559402614401e-16     0.990711002730785
TOTAL ENERGY: -127.163184028374	 lambda: 1	 population of target: 7.00004404847658
1RDM: 
     1.99999999981954  8.92298210100218e-11  5.10625948418727e-09  2.25714680877593e-08  4.07919123902123e-06 -9.96379791800377e-18 -9.19333851510765e-19  6.24174429554253e-18 -2.28371879167159e-18  1.77085946301998e-06
 8.92298210100218e-11      1.99999999919835  1.90459158997927e-08 -1.11132746490559e-07  1.44463237643917e-05 -9.16586015680785e-17 -7.21613810096611e-17  1.79136587242607e-16  9.64889522067794e-17 -1.36553242057556e-05
 5.10625948418727e-09  1.90459158997927e-08      1.99998679298354 -1.65837042121292e-06  -0.00020438421234735  2.54680609736853e-17  2.39744612112055e-16 -6.14663002046234e-17  2.36546771648488e-17  0.000791208981728613
 2.25714680877593e-08 -1.11132746490559e-07 -1.65837042121292e-06      1.99997997807246   0.00133703836644176    2.944998577821e-17 -7.79554485987198e-17  8.83080072235609e-17  2.90390555669327e-17  -0.00106283101999351
 4.07919123902123e-06  1.44463237643917e-05  -0.00020438421234735   0.00133703836644176      1.01071507463031 -1.84715506061941e-16 -5.30777991387078e-16 -2.68288356079689e-15  -1.5890026742138e-16  0.000278506691548525
-9.96379791800377e-18 -9.16586015680785e-17  2.54680609736853e-17    2.944998577821e-17 -1.84715506061941e-16      1.00088269329859   4.2787957637518e-16 -8.00171199286401e-14  1.87576969496599e-06  1.53123629041702e-16
-9.19333851510765e-19 -7.21613810096611e-17  2.39744612112055e-16 -7.79554485987198e-17 -5.30777991387078e-16   4.2787957637518e-16      1.00088269329861 -1.87575777673988e-06 -7.99733964159723e-14 -2.68766337967968e-15
 6.24174429554253e-18  1.79136587242607e-16 -6.14663002046234e-17  8.83080072235609e-17 -2.68288356079689e-15 -8.00171199286401e-14 -1.87575777673988e-06     0.999122054252866  4.27871712442059e-16 -5.89442031991587e-16
-2.28371879167159e-18  9.64889522067794e-17  2.36546771648488e-17  2.90390555669327e-17  -1.5890026742138e-16  1.87576969496599e-06 -7.99733964159723e-14  4.27871712442059e-16     0.999122054252887  1.80406448290006e-16
 1.77085946301998e-06 -1.36553242057556e-05  0.000791208981728613  -0.00106283101999351  0.000278506691548525  1.53123629041702e-16 -2.68766337967968e-15 -5.89442031991587e-16  1.80406448290006e-16     0.989308660192868
-------------------general-----------------------
mullikenoperator: 
  0.00166603884986129    0.0407808432715827 -0.000231028453904438  0.000364086873657371  8.42595091167416e-06 -1.37105186513069e-16  1.43387766825492e-17 -1.05698442312239e-17 -1.29808777950846e-16   5.0284612576776e-06
   0.0407808432715827     0.998331591428719  -0.00145405087668402  -0.00065749948309929  2.55610824837114e-05 -8.42156428790508e-17 -5.76141140656755e-17  1.54502755948669e-16  1.00322566604005e-16 -2.43656822080636e-05
-0.000231028453904438    -0.001454050876684     0.161606708410494    -0.368085269674183 -0.000377901294814936   3.6652903825383e-17  1.04285216232355e-16  2.74485371223732e-17  3.61838476032115e-17   0.00104160115265209
 0.000364086873657371  -0.00065749948309934    -0.368085269674183     0.838389759756175   0.00177236480829125  2.29510919765504e-17 -1.83294694492787e-16 -1.18984617963181e-16  2.34907848006496e-17  -0.00143894046125354
 8.42595091167426e-06  2.55610824837099e-05 -0.000377901294814934   0.00177236480829125     0.488904969958741 -1.54358553295928e-16 -3.53165178628967e-16 -7.81565462996014e-16 -1.47224761505142e-16     0.499874258853738
-1.37105186513073e-16 -8.42156428791735e-17  3.66529038300104e-17  2.29510919653061e-17 -1.54358553006874e-16     0.499094874851559 -1.17968270662164e-14 -3.58658248089966e-09      0.49999918348011 -1.14555731568336e-16
 1.43387766826316e-17 -5.76141140662639e-17  1.04285216254112e-16 -1.83294694543208e-16  -3.5316517765792e-16 -1.17625126888197e-14     0.499094881620805    -0.499999183492364 -3.58658265232087e-09 -7.39812782488341e-16
-1.05698442313069e-17  1.54502755949203e-16  2.74485371019702e-17  -1.1898461791577e-16 -7.81565463823989e-16 -3.58658253536494e-09    -0.499999183492364     0.500905118379196 -1.17249462745295e-14 -4.18940288172556e-16
-1.29808777950849e-16  1.00322566603898e-16  3.61838476085083e-17  2.34907847878997e-17 -1.47224761172965e-16      0.49999918348011 -3.58658262998734e-09 -1.17394031834506e-14     0.500905125148442 -1.07194037548868e-16
  5.0284612576777e-06 -2.43656822080652e-05   0.00104160115265209  -0.00143894046125354     0.499874258853738  -1.1455573183189e-16 -7.39812783315891e-16 -4.18940287491835e-16 -1.07194037856521e-16     0.511100931596012
selected BF: 
0 1 2 3 4
selected lambdas: 
  -1 -0.9 -0.8 -0.7 -0.6 -0.5 -0.4 -0.3 -0.2 -0.1    0  0.1  0.2  0.3  0.4  0.5  0.6  0.7  0.8  0.9    1
RHF C: 
 1.53685246887873e-06    -0.995361703121023     0.260235592503404    0.0020058971959836 -2.60029904194816e-12 -6.45523395952077e-13   0.00121142002000834  0.000133274902002274 -9.71134413986169e-15  6.42348253696659e-13
-3.33916713406453e-06   -0.0190080476098982     -1.02860350297741  -0.00794710966589262  1.04010282264324e-11  2.57861816810863e-12  -0.00486647837661494  -0.00051938103155408  3.32715789608397e-14 -2.55555744655042e-12
 8.03713944716177e-14 -6.72571621568023e-15  7.38440402169016e-12  8.52365282140905e-12     0.959630283695935   0.00135754134896333  1.19519447902571e-09 -6.71246421172914e-09     0.281261107655054  0.000275581273486929
 2.16767929121854e-14  7.49805440519586e-17  2.15973221087672e-12  2.05519331859644e-12     0.281264372208332  -0.00463172012059268  3.26923209078945e-10 -1.82418336469175e-09     -0.95961914554687  8.07719927809109e-05
-7.08524867688548e-07 -5.20898541045088e-06 -0.000332895001412253   0.00469921477446253 -7.06379883808927e-09 -5.01289825570423e-11     0.167654042340808    -0.985836034626066  -1.3901292478924e-10 -1.32224634661102e-11
     0.99505267534868  2.72136775176293e-07   0.00192068404244062    -0.263044896176474 -8.15041804290839e-12 -5.55978545105736e-12   0.00528301793230562 -0.000547818433333317 -5.67996211738158e-14  5.21485752247265e-12
   0.0200955719465776  2.17410581761746e-06  -0.00749510337604435      1.02881066542384  3.20223256136905e-11  2.20403983076957e-11   -0.0209528075586625   0.00215858982182808  2.23120750806067e-13 -2.03276351110798e-11
 1.70846370014671e-13 -4.05903259036774e-14 -8.57339194529043e-12   2.2680332077754e-11  0.000175258656004479     0.281261067256889  2.38552579794572e-09  4.03309077826812e-10  -0.00138694583625651    -0.959630277054871
 4.83292330333486e-14  2.29125225702335e-15   1.0224648242263e-13  7.04329431319415e-12  5.13676833726396e-05    -0.959618625882317 -3.92140912958019e-10 -1.51220923616629e-11   0.00473204139237163    -0.281264482177537
-7.24264279142683e-05  6.54154236807607e-06   0.00421425677607349   -0.0196827326372361  4.51350246392627e-11  1.05359640251015e-09    -0.985384462103849    -0.169159405671318 -6.21317190608458e-12 -2.21232490349505e-09
RDM (no constraint): 
     1.99999999365402  4.03918443064763e-12 -3.66825462194944e-07 -1.64221246033788e-06  2.13057477570201e-15  7.67404991531326e-14 -7.47534613195184e-05 -1.11290506040257e-06 -4.54959700750221e-16   1.3975535586989e-14
 4.03918443064763e-12       1.9999999912167 -2.31586999801671e-06  9.78571095055582e-08  3.66973521188037e-13 -1.05768151916075e-14  1.64390957793392e-05  5.47843501525117e-05  9.13738923123843e-15  1.85887840915469e-14
-3.66825462194944e-07 -2.31586999801671e-06      1.99865797487159 -0.000122682711463474  2.46508313797454e-10  8.70818028202216e-13  -0.00281944954277324     0.036051202564801  5.00251656989285e-12 -5.10431620016283e-13
-1.64221246033788e-06  9.78571095055582e-08 -0.000122682711463474      1.99956300539749  2.17235059207533e-11  2.16286905962976e-11   -0.0203792548161915  0.000741506956689463   2.8850315596307e-14 -2.04051983596268e-11
 2.13057477570201e-15  3.66973521188037e-13  2.46508313797454e-10  2.17235059207533e-11     0.999998735237677  2.98035130308732e-10 -2.31139673428298e-10 -3.39079820295789e-11  -1.5083922167674e-12  -0.00277504749209082
 7.67404991531326e-14 -1.05768151916075e-14  8.70818028202216e-13  2.16286905962976e-11  2.98035130308732e-10      1.00003455618724 -8.90512821760189e-12  3.44982272405895e-11   0.00277488294918937   1.5397667163774e-12
-7.47534613195184e-05  1.64390957793392e-05  -0.00281944954277324   -0.0203792548161915 -2.31139673428298e-10 -8.90512821760189e-12      1.01244698274915    -0.031915326850087 -1.70773550024062e-12   1.0945338352281e-11
-1.11290506040257e-06  5.47843501525117e-05     0.036051202564801  0.000741506956689463 -3.39079820295789e-11  3.44982272405895e-11    -0.031915326850087      0.98932223209886 -5.62878693707223e-13 -5.46058127465967e-11
-4.54959700750221e-16  9.13738923123843e-15  5.00251656989285e-12   2.8850315596307e-14  -1.5083922167674e-12   0.00277488294918937 -1.70773550024062e-12 -5.62878693707223e-13     0.999970353820861   2.9802849659842e-10
  1.3975535586989e-14  1.85887840915469e-14 -5.10431620016283e-13 -2.04051983596268e-11  -0.00277504749209082   1.5397667163774e-12   1.0945338352281e-11 -5.46058127465967e-11   2.9802849659842e-10      1.00000617476642
RDM Eigenvectors: 
    0.999145954954035   -0.0408250386351524  -0.00565522363530695  -0.00294781773971149 -6.30169295843678e-05 -2.33739463497741e-15 -1.84467006964428e-13 -6.64967285556426e-14  5.18767417249166e-17  4.20059876094772e-05
   0.0408094692939169      0.99911674212661   0.00251374426589147   -0.0096954009899452 -1.82893002373542e-05  1.09333112074853e-14  3.15918990081903e-14   2.2669691443219e-14 -8.13468242626574e-15 -5.26609038107962e-05
-0.000781051859646168  -0.00984764360063749     0.408533020495051    -0.911979854410165   -0.0236428701222947  1.77310389288745e-12  3.65075619078684e-13  1.12370864110528e-11 -1.77588086674447e-12   -0.0271467287364635
  -0.0064290771802792  -0.00140632229637953    -0.912462084474762    -0.408583155142051   -0.0177946897210457  -3.1520783727333e-14 -2.29900549285755e-11 -1.05723721756463e-11 -5.69161802915766e-13    0.0106201681756635
-3.28482373691245e-13 -2.10154058694898e-12  7.64013243634958e-11 -2.35405045584734e-10  4.97169887535794e-09 -1.63471873084987e-07    -0.706632708171604     0.707580536576589 -1.58571284585604e-07  5.01224575190777e-09
-6.52013984928348e-14 -6.40056182156833e-14 -1.90681147978486e-11 -1.08987648151965e-11  7.88868145831403e-10    -0.711184824036477  8.85331428861346e-08  8.16558899215637e-08     0.703005082527994 -7.00282620278639e-10
 6.10285440594638e-05  8.65799279887874e-05    0.0172321894062194    0.0121093127599974    -0.822304376245208 -7.57096945450329e-10 -2.41728576716405e-09 -6.62260802324905e-10   7.2394358897999e-10     0.568657997200568
-3.33924872965629e-05 -0.000300831810959174    0.0133591446145097   -0.0332148249864084     0.568277988498992  6.53927531350059e-12  4.64257108649685e-09 -5.19221221139997e-09  1.87650783762176e-10     0.822057385362478
-4.44064204881913e-15 -4.03115449495042e-14  1.92749294550249e-12 -4.60637368496079e-12  9.27545116381698e-11     -0.70300508252798  1.63017280587719e-07 -1.58994913560906e-07    -0.711184824036465  1.03594765330281e-10
 1.49711118906637e-13  7.49261665795914e-14  1.76577689563171e-11  1.14026268399401e-11 -1.57332076149924e-09  8.76943740787778e-08     0.707580536576602     0.706632708171618  -8.2471869779189e-08  1.55490419919852e-09
Total C: 
  -0.0408347314004706    -0.997048068315729     0.102005089902018     -0.22848852449603  -0.00709062505148248  1.02084754575307e-16 -1.96415055472657e-16  2.33779128902792e-16 -8.25496544305365e-17  -0.00619238206041528
 7.51609589673432e-05  -0.00885089047236915    -0.413105620762248     0.941455349960907    0.0281674768913468 -4.47724999615656e-17  1.02287980832862e-15 -1.57806115979704e-15 -4.49858676088337e-17    0.0246454986123715
 3.04419028772045e-17 -1.06076976856288e-17 -3.72798300601317e-17  2.97799357516828e-17  3.28023975708429e-14     -0.19869360785273    -0.677911104295571     0.679210401186085    -0.199074425080432   3.4014585940789e-14
-1.87828547588952e-16  6.53866475284291e-18  4.26570233713784e-17  4.53843570655277e-17  1.05872408011212e-14     0.677911099697826    -0.198693609200332     0.199074423735408     0.679210405775035   1.1028241846417e-14
 1.22790974749844e-05  0.000302580476357828   -0.0147047429365552    0.0331581727170686    -0.698167321794812  1.16284709856905e-15 -3.44394664761837e-14  3.57948585142955e-14  1.15531288605474e-15    -0.715017037374668
    0.995892843140048   -0.0402711581236674     0.235259631984955     0.102873021313435 -8.28752654228702e-05 -6.99299761270899e-19 -3.49135165759411e-18 -1.11662581693573e-17  2.68444959658117e-18 -0.000250030960211947
   0.0134686982395187  -0.00219372405138918    -0.942258586846783    -0.413904004882371  0.000324837213802667 -2.07991629154844e-18   1.3656169979456e-17  4.23496734502527e-17 -9.39105543091166e-18  0.000989956968738655
-1.30267033998635e-17 -3.09038968415471e-18 -1.59690248741704e-16   5.1440414219314e-16 -2.10709055026831e-13    -0.199053656836149    -0.679139525177531    -0.677982108717768     0.198714413744059  2.04520835819716e-13
  1.5064636106535e-17  5.00381445658601e-17 -3.97900303344199e-17  1.51883990940288e-16 -6.11311044555867e-14     0.679139529766961    -0.199053655490984     -0.19871441509152    -0.677982104120503  5.93368790564455e-14
 -3.3352872143357e-06 -3.87536422151807e-05  0.000441679679427776  -0.00211486278759814     0.714407004120418 -6.02684257233691e-16 -2.16505882289275e-13 -2.15895561353223e-13  5.74273141959747e-16    -0.699728934031285
Basis set used: STO-3G
Naturals: 
 1.99999999997908  1.99999999883393  1.99999193684851  1.99995342712352  1.03398094444334  1.00277752362801  1.00277750498718 0.997227405016911 0.997227386380094 0.966063872759445
Naturals: 
 1.99999999997908  1.99999999883394  1.99999193684807  1.99995342720357  1.03398091715148  1.00277751462816  1.00277751462821 0.997227395374293 0.997227395374345 0.966063899978903
Version: Tmhuysen's fci hack
