Naturals in-correctThe Davidson algorithm did not converge.lambda: -1
The Davidson algorithm did not converge.lambda: -0.9
The Davidson algorithm did not converge.lambda: -0.8
The Davidson algorithm did not converge.lambda: -0.7
The Davidson algorithm did not converge.lambda: -0.6
The Davidson algorithm did not converge.lambda: -0.5
The Davidson algorithm did not converge.lambda: -0.4
The Davidson algorithm did not converge.lambda: -0.3
The Davidson algorithm did not converge.lambda: -0.2
The Davidson algorithm did not converge.lambda: -0.1
TOTAL ENERGY: -127.163226449525	 lambda: 0	 population of target: 6.99943892352099
1RDM: 
     1.99999999998544  1.41856614895785e-15  3.45784613142946e-14  2.93621011786983e-14  1.37666917473435e-12 -1.86931187323039e-16  -1.5092398911609e-16 -5.95306984899633e-17  6.84948749600328e-17  8.92521228929718e-12
 1.41856614895785e-15      1.99999999911194 -3.69086968163327e-14   1.0305239457154e-13   2.8808025250136e-12  -4.7791950221475e-16 -5.73818690690817e-16 -4.72792747387289e-16  5.24969325730001e-16  2.02638884208578e-11
 3.45784613142946e-14 -3.69086968163327e-14      1.99999238814517 -1.98813504487632e-12  4.31395129580849e-10  -8.1079437590588e-15  7.19962398841536e-15  1.65719626005457e-14 -1.02012778538112e-14   -2.749462029309e-10
 2.93621011786983e-14   1.0305239457154e-13 -1.98813504487632e-12      1.99996283486367 -6.56966131512522e-10  -3.1661532887147e-14 -4.96073295500214e-14 -5.24356103937186e-14  4.45067680917924e-14 -1.11064184195617e-10
 1.37666917473435e-12   2.8808025250136e-12  4.31395129580849e-10 -6.56966131512522e-10      1.02877719603495  4.04646286284756e-12  2.31284811906478e-12 -3.53865962074952e-12  4.55871132228005e-12 -2.87991387453917e-10
-1.86931187323039e-16  -4.7791950221475e-16  -8.1079437590588e-15  -3.1661532887147e-14  4.04646286284756e-12      1.00228259678595  2.27871177328272e-14  1.26005931011519e-10  3.61464493975697e-12  4.63507709477715e-12
 -1.5092398911609e-16 -5.73818690690817e-16  7.19962398841536e-15 -4.96073295500214e-14  2.31284811906478e-12  2.27871177328272e-14      1.00228259678564 -3.61505963120509e-12  1.26006052999163e-10   3.6039744715452e-12
-5.95306984899633e-17 -4.72792747387289e-16  1.65719626005457e-14 -5.24356103937186e-14 -3.53865962074952e-12  1.26005931011519e-10 -3.61505963120509e-12     0.997721852763234  2.16843190480637e-14 -2.36656722424392e-12
 6.84948749600328e-17  5.24969325730001e-16 -1.02012778538112e-14  4.45067680917924e-14  4.55871132228005e-12  3.61464493975697e-12  1.26006052999163e-10  2.16843190480637e-14     0.997721852762917  4.14121557995571e-12
 8.92521228929718e-12  2.02638884208578e-11   -2.749462029309e-10 -1.11064184195617e-10 -2.87991387453917e-10  4.63507709477715e-12   3.6039744715452e-12 -2.36656722424392e-12  4.14121557995571e-12     0.971258682761155
TOTAL ENERGY: -127.163212358097	 lambda: 0.1	 population of target: 6.99987081287204
1RDM: 
     1.99999999998456  5.05658189834293e-12  8.37558805689603e-10    3.741902587743e-09  -5.1374778027817e-07 -2.29498876980327e-16 -1.68133873528829e-16 -2.23455933455121e-17  3.07571741729066e-17  -2.3551135387232e-07
 5.05658189834293e-12      1.99999999955041  1.30752211709865e-08 -4.61545535546256e-08 -3.85697851614806e-06  -4.7749436059028e-16 -4.52586058571923e-16 -3.84901658331588e-16  5.76114507137131e-16 -3.94894063873466e-06
 8.37558805689603e-10  1.30752211709865e-08      1.99999042724101 -1.82742328494844e-06  0.000174948111396901 -1.22659986717758e-14 -1.58938228069517e-15  1.51188437879963e-14 -1.68379854960784e-14  0.000206716666890236
   3.741902587743e-09 -4.61545535546256e-08 -1.82742328494844e-06      1.99997916597686 -0.000434790405159607 -3.40338246181296e-14 -3.78359759809783e-14 -4.10635219246775e-14  4.77290734866832e-14 -0.000428563656191968
 -5.1374778027817e-07 -3.85697851614806e-06  0.000174948111396901 -0.000434790405159607      1.01500797428382  2.13151733183168e-12  1.21833619758586e-12  -1.8566531964966e-12  2.40333226779391e-12 -0.000157920525500132
-2.29498876980327e-16  -4.7749436059028e-16 -1.22659986717758e-14 -3.40338246181296e-14  2.13151733183168e-12      1.00120303411798 -1.89584483582684e-15  3.43624935374085e-09  9.94333733625732e-07  2.39458326610552e-12
-1.68133873528829e-16 -4.52586058571923e-16 -1.58938228069517e-15 -3.78359759809783e-14  1.21833619758586e-12 -1.89584483582684e-15      1.00120303411818 -9.94333733600577e-07  3.43624945401099e-09  1.86317198427017e-12
-2.23455933455121e-17 -3.84901658331588e-16  1.51188437879963e-14 -4.10635219246775e-14  -1.8566531964966e-12  3.43624935374085e-09 -9.94333733600577e-07     0.998801325088773 -1.18886064164155e-15 -1.21023565103925e-12
 3.07571741729066e-17  5.76114507137131e-16 -1.68379854960784e-14  4.77290734866832e-14  2.40333226779391e-12  9.94333733625732e-07  3.43624945401099e-09 -1.18886064164155e-15     0.998801325088976  2.13421386612376e-12
 -2.3551135387232e-07 -3.94894063873466e-06  0.000206716666890236 -0.000428563656191968 -0.000157920525500132  2.39458326610552e-12  1.86317198427017e-12 -1.21023565103925e-12  2.13421386612376e-12     0.985013714549528
TOTAL ENERGY: -127.163201855539	 lambda: 0.2	 population of target: 6.99994591522224
1RDM: 
     1.99999999998228  6.93567900022153e-12  1.39629318287347e-09  4.40348121996338e-09 -8.26422339828436e-07 -2.77079515031103e-16 -1.96026115168684e-16  1.37495578951559e-17 -1.49685735454373e-17 -2.30454504922014e-07
 6.93567900022153e-12      1.99999999960078  1.49198841500816e-08 -5.76389830184924e-08 -5.72056430380182e-06 -4.94101827244173e-16 -4.07482829609371e-16 -3.32003039450316e-16  5.83218564946758e-16 -5.74348778066392e-06
 1.39629318287347e-09  1.49198841500816e-08      1.99998936863199  -1.4383344350804e-06  0.000236777522352734 -1.62401415879112e-14  -6.6147430118429e-15  1.60767447799027e-14  -2.1806880087111e-14   0.00029646497636183
 4.40348121996338e-09 -5.76389830184924e-08  -1.4383344350804e-06      1.99998215938719 -0.000612591535551414 -3.73259478008524e-14 -3.47859948323529e-14 -3.50648293783322e-14  4.66164047272895e-14 -0.000588352022507675
-8.26422339828436e-07 -5.72056430380182e-06  0.000236777522352734 -0.000612591535551414       1.0107412635257  1.53044229112197e-12  8.75884819661997e-13 -1.33228447384073e-12  1.72607446747756e-12 -0.000149795821767554
-2.77079515031103e-16 -4.94101827244173e-16 -1.62401415879112e-14 -3.73259478008524e-14  1.53044229112197e-12      1.00086452594236  4.14303584233164e-15  3.32281645615731e-09  9.50611913562967e-07  1.70809297230314e-12
-1.96026115168684e-16 -4.07482829609371e-16  -6.6147430118429e-15 -3.47859948323529e-14  8.75884819661997e-13  4.14303584233164e-15      1.00086452594233 -9.50611913515332e-07  3.32281653189148e-09  1.33020591194799e-12
 1.37495578951559e-17 -3.32003039450316e-16  1.60767447799027e-14 -3.50648293783322e-14 -1.33228447384073e-12  3.32281645615731e-09 -9.50611913515332e-07     0.999139818549128  4.01510012082845e-15 -8.61387595388381e-13
-1.49685735454373e-17  5.83218564946758e-16  -2.1806880087111e-14  4.66164047272895e-14  1.72607446747756e-12  9.50611913562967e-07  3.32281653189148e-09  4.01510012082845e-15     0.999139818549091  1.52104158031968e-12
-2.30454504922014e-07 -5.74348778066392e-06   0.00029646497636183 -0.000588352022507675 -0.000149795821767554  1.70809297230314e-12  1.33020591194799e-12 -8.61387595388381e-13  1.52104158031968e-12     0.989278519889204
TOTAL ENERGY: -127.163195485839	 lambda: 0.3	 population of target: 6.99997212773833
1RDM: 
     1.99999999997938  8.64780321511942e-12   1.6571635621645e-09  4.87962946800452e-09  -1.0946227612185e-06  -3.2897004440313e-16 -2.28667683427929e-16  5.14186751561901e-17 -6.58149561336506e-17 -1.50831308203665e-07
 8.64780321511942e-12      1.99999999959941  1.54474724372473e-08 -6.36109221283364e-08 -6.98784371024768e-06 -5.10465133834031e-16 -3.80970499778894e-16 -2.92787864239333e-16  5.82738794925402e-16 -6.92958128573446e-06
  1.6571635621645e-09  1.54474724372473e-08      1.99998879000664 -1.08609871996511e-06   0.00026694267887701 -2.07649591672657e-14 -1.10700428186526e-14  1.80835115785739e-14 -2.69393482694039e-14  0.000357539944491967
 4.87962946800452e-09 -6.36109221283364e-08 -1.08609871996511e-06      1.99998315819913 -0.000722218253301675 -4.04841835987764e-14 -3.37788490923632e-14 -3.06958524358066e-14  4.47487842211311e-14 -0.000679312869088667
 -1.0946227612185e-06 -6.98784371024768e-06   0.00026694267887701 -0.000722218253301675      1.00876024732403  1.25022025455556e-12  7.15972472571313e-13 -1.08797620305742e-12  1.41018496390546e-12 -0.000137539673303911
 -3.2897004440313e-16 -5.10465133834031e-16 -2.07649591672657e-14 -4.04841835987764e-14  1.25022025455556e-12      1.00070658371617 -6.00754727810171e-16  3.02935289503731e-09  8.76865634484246e-07  1.39045259054548e-12
-2.28667683427929e-16 -3.80970499778894e-16 -1.10700428186526e-14 -3.37788490923632e-14  7.15972472571313e-13 -6.00754727810171e-16      1.00070658371627 -8.76865634560766e-07  3.02935295457499e-09  1.08333594445609e-12
 5.14186751561901e-17 -2.92787864239333e-16  1.80835115785739e-14 -3.06958524358066e-14 -1.08797620305742e-12  3.02935289503731e-09 -8.76865634560766e-07     0.999297756113382 -2.69164471343316e-16 -7.00398447452759e-13
-6.58149561336506e-17  5.82738794925402e-16 -2.69393482694039e-14  4.47487842211311e-14  1.41018496390546e-12  8.76865634484246e-07  3.02935295457499e-09 -2.69164471343316e-16     0.999297756113478  1.23762724775558e-12
-1.50831308203665e-07 -6.92958128573446e-06  0.000357539944491967 -0.000679312869088667 -0.000137539673303911  1.39045259054548e-12  1.08333594445609e-12 -7.00398447452759e-13  1.23762724775558e-12     0.991259125232137
TOTAL ENERGY: -127.163191131708	 lambda: 0.4	 population of target: 6.99998474890505
1RDM: 
     1.99999999997566  1.08048229204453e-11  1.75545358902096e-09  5.44429822208911e-09 -1.35274484108216e-06 -3.85949024431215e-16 -2.65577280479183e-16   9.1899360299056e-17 -1.22132648968717e-16 -2.67330561893045e-08
 1.08048229204453e-11      1.99999999958481  1.56160596431501e-08 -6.77646855257572e-08 -7.96093814249113e-06 -5.26339653634281e-16 -3.63345682034899e-16 -2.60534922591877e-16  5.78895262081592e-16 -7.81798297292913e-06
 1.75545358902096e-09  1.56160596431501e-08      1.99998844329298 -8.42761606387437e-07  0.000281834249774319 -2.59135146519533e-14 -1.55277612103687e-14  2.08091704620215e-14 -3.25255135131307e-14  0.000407178225562697
 5.44429822208911e-09 -6.77646855257572e-08 -8.42761606387437e-07      1.99998355361584 -0.000802146642550365 -4.36706910563643e-14 -3.37287578668908e-14 -2.69852103276285e-14  4.24616603559188e-14  -0.00073971345261781
-1.35274484108216e-06 -7.96093814249113e-06  0.000281834249774319 -0.000802146642550365      1.00770390603274   1.1006333794179e-12  6.30564448836814e-13 -9.57539858770306e-13  1.24147456345049e-12 -0.000129616674757052
-3.85949024431215e-16 -5.26339653634281e-16 -2.59135146519533e-14 -4.36706910563643e-14   1.1006333794179e-12      1.00062206069098  1.08155347649885e-15  2.96209147544374e-09  8.28797145346692e-07  1.22120946495659e-12
-2.65577280479183e-16 -3.63345682034899e-16 -1.55277612103687e-14 -3.37287578668908e-14  6.30564448836814e-13  1.08155347649885e-15      1.00062206069086 -8.28797145197218e-07   2.9620915269854e-09  9.51757460344966e-13
  9.1899360299056e-17 -2.60534922591877e-16  2.08091704620215e-14 -2.69852103276285e-14 -9.57539858770306e-13  2.96209147544374e-09 -8.28797145197218e-07     0.999382277211113  6.91715718366976e-16   -6.147162272188e-13
-1.22132648968717e-16  5.78895262081592e-16 -3.25255135131307e-14  4.24616603559188e-14  1.24147456345049e-12  8.28797145346692e-07   2.9620915269854e-09  6.91715718366976e-16     0.999382277211001  1.08671925681264e-12
-2.67330561893045e-08 -7.81798297292913e-06  0.000407178225562697  -0.00073971345261781 -0.000129616674757052  1.22120946495659e-12  9.51757460344966e-13   -6.147162272188e-13  1.08671925681264e-12     0.992315421694005
TOTAL ENERGY: -127.163187742332	 lambda: 0.5	 population of target: 6.99999233746272
1RDM: 
     1.99999999997076  1.37460001835338e-11  1.75534048273702e-09  6.17967104556659e-09   -1.615266987266e-06 -4.49009357170662e-16 -3.07068006682122e-16   1.3610871836006e-16 -1.84766907189022e-16  1.33648860253651e-07
 1.37460001835338e-11      1.99999999956604  1.56023042410463e-08 -7.10985243350417e-08 -8.75469332966311e-06 -5.42261949587125e-16 -3.51408064537623e-16 -2.32324071200156e-16  5.72644721393965e-16 -8.52263565777922e-06
 1.75534048273702e-09  1.56023042410463e-08      1.99998822677995 -6.88159323422196e-07  0.000286976069413451 -3.17694122228944e-14 -2.02265505539865e-14  2.41776951289451e-14 -3.87250098717753e-14  0.000451583629582732
 6.17967104556659e-09 -7.10985243350417e-08 -6.88159323422196e-07      1.99998369457422 -0.000865983575239372 -4.70232581536307e-14 -3.43140354265461e-14 -2.35415773315322e-14  3.97894710002432e-14 -0.000782548026725332
  -1.615266987266e-06 -8.75469332966311e-06  0.000286976069413451 -0.000865983575239372      1.00713914634748  1.02079676257284e-12  5.85000682784935e-13 -8.87838704334655e-13  1.15135115914837e-12 -0.000126125427339448
-4.49009357170662e-16 -5.42261949587125e-16 -3.17694122228944e-14 -4.70232581536307e-14  1.02079676257284e-12      1.00057665907843  -2.7192001912167e-15   2.8233621077307e-09  8.07897110950808e-07  1.13055810376011e-12
-3.07068006682122e-16 -3.51408064537623e-16 -2.02265505539865e-14 -3.43140354265461e-14  5.85000682784935e-13  -2.7192001912167e-15      1.00057665907844 -8.07897110944108e-07  2.82336214940364e-09  8.81305121465144e-13
  1.3610871836006e-16 -2.32324071200156e-16  2.41776951289451e-14 -2.35415773315322e-14 -8.87838704334655e-13   2.8233621077307e-09 -8.07897110944108e-07     0.999427677945996 -2.67720208053027e-15 -5.68825691735465e-13
-1.84766907189022e-16  5.72644721393965e-16 -3.87250098717753e-14  3.97894710002432e-14  1.15135115914837e-12  8.07897110950808e-07  2.82336214940364e-09 -2.67720208053027e-15     0.999427677946008   1.0059409956666e-12
 1.33648860253651e-07 -8.52263565777922e-06  0.000451583629582732 -0.000782548026725332 -0.000126125427339448  1.13055810376011e-12  8.81305121465144e-13 -5.68825691735465e-13   1.0059409956666e-12     0.992880258712712
TOTAL ENERGY: -127.163184678201	 lambda: 0.6	 population of target: 6.99999792554674
1RDM: 
     1.99999999996403  1.78326615153537e-11  1.69476755903198e-09  7.15802440167879e-09 -1.89141424585574e-06 -5.19387953304027e-16 -3.53807618750735e-16  1.84990445602139e-16 -2.54888520760074e-16  3.29138775120406e-07
 1.78326615153537e-11      1.99999999954586   1.5428958917884e-08 -7.40179432986278e-08  -9.4267773907474e-06 -5.58774742406525e-16 -3.43760528747193e-16 -2.06528507453983e-16  5.64185824755734e-16 -9.09892789336631e-06
 1.69476755903198e-09   1.5428958917884e-08      1.99998809363968 -6.07521864594664e-07   0.00028462329663834 -3.84591582356646e-14 -2.53354447181514e-14  2.82130113421033e-14 -4.56996504316388e-14  0.000493905846624435
 7.15802440167879e-09 -7.40179432986278e-08 -6.07521864594664e-07      1.99998369847813 -0.000920120557050051 -5.06588451376303e-14 -3.54240111321952e-14 -2.01498895236361e-14  3.66933899980343e-14 -0.000813569924051597
-1.89141424585574e-06  -9.4267773907474e-06   0.00028462329663834 -0.000920120557050051      1.00689773967566   9.8702690196721e-13  5.65790214592321e-13 -8.58198480052894e-13  1.11311585133902e-12 -0.000126817545162649
-5.19387953304027e-16 -5.58774742406525e-16 -3.84591582356646e-14 -5.06588451376303e-14   9.8702690196721e-13      1.00055699352707  1.54236045491718e-17  2.82563281528489e-09  8.12910307825613e-07  1.09141254283945e-12
-3.53807618750735e-16 -3.43760528747193e-16 -2.53354447181514e-14 -3.54240111321952e-14  5.65790214592321e-13  1.54236045491718e-17      1.00055699352713 -8.12910307882014e-07  2.82563286256114e-09  8.50952327124277e-13
 1.84990445602139e-16 -2.06528507453983e-16  2.82130113421033e-14 -2.01498895236361e-14 -8.58198480052894e-13  2.82563281528489e-09 -8.12910307882014e-07     0.999447343146122  2.04141020953564e-16 -5.48966950207068e-13
-2.54888520760074e-16  5.64185824755734e-16 -4.56996504316388e-14  3.66933899980343e-14  1.11311585133902e-12  8.12910307825613e-07  2.82563286256114e-09  2.04141020953564e-16     0.999447343146176  9.71110180230935e-13
 3.29138775120406e-07 -9.09892789336631e-06  0.000493905846624435 -0.000813569924051597 -0.000126817545162649  1.09141254283945e-12  8.50952327124277e-13 -5.48966950207068e-13  9.71110180230935e-13     0.993121795350107
TOTAL ENERGY: -127.163181369725	 lambda: 0.7	 population of target: 7.00000301445696
1RDM: 
     1.99999999995446  2.36038875241109e-11  1.61142821501467e-09  8.48765690903204e-09 -2.18918200965192e-06 -5.98687762265524e-16 -4.06786156392017e-16   2.3968151425392e-16  -3.3407320135182e-16    5.622921623355e-07
 2.36038875241109e-11      1.99999999952513  1.50619000093323e-08 -7.67547269641417e-08 -1.00115204969108e-05 -5.76422157342892e-16 -3.39743212091119e-16 -1.82033516416523e-16  5.53381551428749e-16 -9.57826544007075e-06
 1.61142821501467e-09  1.50619000093323e-08       1.9999880206034   -5.979353373368e-07   0.00027562804973361  -4.6167481407696e-14 -3.10244780629141e-14  3.30058393162254e-14 -5.36541865605966e-14  0.000536252515186226
 8.48765690903204e-09 -7.67547269641417e-08   -5.979353373368e-07      1.99998360687712 -0.000968199636310362 -5.47000913081202e-14 -3.70389859777352e-14 -1.66547449008744e-14  3.30932675518575e-14 -0.000835683016269259
-2.18918200965192e-06 -1.00115204969108e-05   0.00027562804973361 -0.000968199636310362      1.00691908252413  9.90859241127609e-13  5.68122659420284e-13 -8.61199241649353e-13   1.1172022913171e-12 -0.000131996240782203
-5.98687762265524e-16 -5.76422157342892e-16  -4.6167481407696e-14 -5.47000913081202e-14  9.90859241127609e-13      1.00055818100304 -1.48596868831258e-15  2.93949187853604e-09  8.45799364267698e-07  1.09394520636983e-12
-4.06786156392017e-16 -3.39743212091119e-16 -3.10244780629141e-14 -3.70389859777352e-14  5.68122659420284e-13 -1.48596868831258e-15      1.00055818100307 -8.45799364304895e-07  2.93949192032049e-09   8.5308270304902e-13
  2.3968151425392e-16 -1.82033516416523e-16  3.30058393162254e-14 -1.66547449008744e-14 -8.61199241649353e-13  2.93949187853604e-09 -8.45799364304895e-07     0.999446155663741 -1.35307381953571e-15 -5.50142494385963e-13
 -3.3407320135182e-16  5.53381551428749e-16 -5.36541865605966e-14  3.30932675518575e-14   1.1172022913171e-12  8.45799364267698e-07  2.93949192032049e-09 -1.35307381953571e-15     0.999446155663779  9.73466019340391e-13
   5.622921623355e-07 -9.57826544007075e-06  0.000536252515186226 -0.000835683016269259 -0.000131996240782203  1.09394520636983e-12   8.5308270304902e-13 -5.50142494385963e-13  9.73466019340391e-13     0.993100617182108
TOTAL ENERGY: -127.163177031974	 lambda: 0.8	 population of target: 7.00000878335709
1RDM: 
     1.99999999994015  3.19831939391305e-11  1.57063153934852e-09  1.03565347132438e-08 -2.51719049107193e-06 -6.89084299299505e-16  -4.6741813865262e-16  3.01669852512736e-16 -4.24480980867666e-16  8.38822725153868e-07
 3.19831939391305e-11      1.99999999950379  1.44128887112477e-08 -7.95062793011109e-08 -1.05320691841616e-05 -5.95875431554463e-16 -3.39145859225151e-16 -1.57923879145827e-16  5.39846806239862e-16 -9.97985904835415e-06
 1.57063153934852e-09  1.44128887112477e-08      1.99998799548382 -6.70535721561902e-07  0.000259991187245488 -5.51685158306348e-14 -3.75062270950477e-14  3.87193752139581e-14 -6.28755912254839e-14  0.000580457574797156
 1.03565347132438e-08 -7.95062793011109e-08 -6.70535721561902e-07      1.99998342518424  -0.00101267086105872 -5.93004672076757e-14 -3.92006193610085e-14 -1.29089691923073e-14  2.88602299841038e-14 -0.000850363961322558
-2.51719049107193e-06 -1.05320691841616e-05  0.000259991187245488  -0.00101267086105872       1.0072073965265  1.03308525307401e-12  5.92484888538246e-13 -8.97450869313202e-13  1.16444777792315e-12 -0.000142877747851045
-6.89084299299505e-16 -5.95875431554463e-16 -5.51685158306348e-14 -5.93004672076757e-14  1.03308525307401e-12      1.00058043358864 -4.04330715250854e-15  3.16907821639399e-09  9.14069503250417e-07  1.13863047074682e-12
 -4.6741813865262e-16 -3.39145859225151e-16 -3.75062270950477e-14 -3.92006193610085e-14  5.92484888538246e-13 -4.04330715250854e-15      1.00058043358857 -9.14069503126072e-07  3.16907825342479e-09  8.88102760693811e-13
 3.01669852512736e-16 -1.57923879145827e-16  3.87193752139581e-14 -1.29089691923073e-14 -8.97450869313202e-13  3.16907821639399e-09 -9.14069503126072e-07     0.999423903423358 -4.25969344877186e-15 -5.72569447728012e-13
-4.24480980867666e-16  5.39846806239862e-16 -6.28755912254839e-14  2.88602299841038e-14  1.16444777792315e-12  9.14069503250417e-07  3.16907825342479e-09 -4.25969344877186e-15     0.999423903423295   1.0134559356894e-12
 8.38822725153868e-07 -9.97985904835415e-06  0.000580457574797156 -0.000850363961322558 -0.000142877747851045  1.13863047074682e-12  8.88102760693811e-13 -5.72569447728012e-13   1.0134559356894e-12      0.99281250933767
TOTAL ENERGY: -127.163170147827	 lambda: 0.9	 population of target: 7.0000168483575
1RDM: 
     1.99999999991713  4.47757522197407e-11  1.72789122601408e-09  1.31338115255455e-08 -2.88631339814931e-06 -7.93714334446987e-16 -5.37791804333236e-16  3.73075364219305e-16 -5.29260909258647e-16  1.16859655471376e-06
 4.47757522197407e-11      1.99999999948106  1.32955982842453e-08 -8.25210735907948e-08 -1.10057643348606e-05 -6.18035916147786e-16 -3.42118566343702e-16 -1.33266418663835e-16  5.22860170017343e-16 -1.03153693163675e-05
 1.72789122601408e-09  1.32955982842453e-08      1.99998800985875 -8.59136984649458e-07  0.000236917075971988 -6.58938754305182e-14 -4.50903483666253e-14  4.56289113986337e-14 -7.38056118936431e-14  0.000628597765059141
 1.31338115255455e-08 -8.25210735907948e-08 -8.59136984649458e-07      1.99998312857161  -0.00105551925275822 -6.46818284994861e-14 -4.20181897096363e-14 -8.73572108464775e-15  2.37882353074219e-14 -0.000858155946743592
-2.88631339814931e-06 -1.10057643348606e-05  0.000236917075971988  -0.00105551925275822      1.00783431670165  1.12424470513451e-12  6.44964848593379e-13 -9.75968810961122e-13  1.26661045522079e-12 -0.000162374969740184
-7.93714334446987e-16 -6.18035916147786e-16 -6.58938754305182e-14 -6.46818284994861e-14  1.12424470513451e-12      1.00062917615457  1.86519634084358e-15  3.60442973132101e-09   1.0355091727047e-06  1.23652797606207e-12
-5.37791804333236e-16 -3.42118566343702e-16 -4.50903483666253e-14 -4.20181897096363e-14  6.44964848593379e-13  1.86519634084358e-15       1.0006291761546  -1.0355091727436e-06  3.60442979223463e-09  9.64686502881643e-13
 3.73075364219305e-16 -1.33266418663835e-16  4.56289113986337e-14 -8.73572108464775e-15 -9.75968810961122e-13  3.60442973132101e-09  -1.0355091727436e-06      0.99937516171385  1.97912074022785e-15 -6.21809642794695e-13
-5.29260909258647e-16  5.22860170017343e-16 -7.38056118936431e-14  2.37882353074219e-14  1.26661045522079e-12   1.0355091727047e-06  3.60442979223463e-09  1.97912074022785e-15     0.999375161713883  1.10100618813567e-12
 1.16859655471376e-06 -1.03153693163675e-05  0.000628597765059141 -0.000858155946743592 -0.000162374969740184  1.23652797606207e-12  9.64686502881643e-13 -6.21809642794695e-13  1.10100618813567e-12      0.99218586973295
TOTAL ENERGY: -127.163156976046	 lambda: 1	 population of target: 7.00003063729345
1RDM: 
     1.99999999987601  6.60048927186593e-11  2.52918598479827e-09  1.76390654785409e-08 -3.31251723873106e-06 -9.17562757803101e-16 -6.21268355817973e-16  4.57225311251944e-16 -6.53420940777934e-16  1.56870906989014e-06
 6.60048927186593e-11      1.99999999945499  1.12903503356808e-08 -8.62428479510898e-08 -1.14479363299091e-05 -6.44403995807986e-16 -3.49340180704377e-16 -1.06827280954939e-16  5.01056211587445e-16 -1.05903879288035e-05
 2.52918598479827e-09  1.12903503356808e-08      1.99998804602778 -1.24837457486036e-06   0.00020443443450866 -7.90982184884537e-14 -5.43001174665314e-14  5.42291548760442e-14 -8.72089520484322e-14  0.000683706980623498
 1.76390654785409e-08 -8.62428479510898e-08 -1.24837457486036e-06      1.99998264263277  -0.00109880998627157 -7.12184988772979e-14 -4.57164739369419e-14 -3.86562185909542e-15  1.75125543614082e-14 -0.000858662653540855
-3.31251723873106e-06 -1.14479363299091e-05   0.00020443443450866  -0.00109880998627157      1.00899036684818  1.29224769012078e-12   7.4166036183485e-13 -1.12066413379132e-12  1.45484217580664e-12 -0.000197402016007379
-9.17562757803101e-16 -6.44403995807986e-16 -7.90982184884537e-14 -7.12184988772979e-14  1.29224769012078e-12      1.00071884909213 -1.52342126908635e-15  4.35676398799972e-09  1.25187981370648e-06  1.41718692007447e-12
-6.21268355817973e-16 -3.49340180704377e-16 -5.43001174665314e-14 -4.57164739369419e-14   7.4166036183485e-13 -1.52342126908635e-15      1.00071884909222  -1.2518798138642e-06  4.35676403720018e-09  1.10598184593425e-12
 4.57225311251944e-16 -1.06827280954939e-16  5.42291548760442e-14 -3.86562185909542e-15 -1.12066413379132e-12  4.35676398799972e-09  -1.2518798138642e-06     0.999285490650743 -1.19889018699584e-15 -7.12751517145152e-13
-6.53420940777934e-16  5.01056211587445e-16 -8.72089520484322e-14  1.75125543614082e-14  1.45484217580664e-12  1.25187981370648e-06  4.35676403720018e-09 -1.19889018699584e-15     0.999285490650836  1.26263977527668e-12
 1.56870906989014e-06 -1.05903879288035e-05  0.000683706980623498 -0.000858662653540855 -0.000197402016007379  1.41718692007447e-12  1.10598184593425e-12 -7.12751517145152e-13  1.26263977527668e-12     0.991030265674313
-------------------general-----------------------
mullikenoperator: 
  0.00129553150064116    0.0359676165875515 -0.000244402019310728  0.000351971211288444 -6.91174600934216e-06 -1.45427624403312e-15  -1.1162970185567e-15  1.10561385742171e-15 -1.37991130217008e-15  4.35269981891835e-06
   0.0359676165875515     0.998700898772019  -0.00174087368491362 -0.000844217277616768 -2.03872088831751e-05 -7.05456497169586e-16 -1.50903065980351e-16  2.02672659844547e-16  5.00876928917645e-16 -1.92179374992902e-05
-0.000244402019310728  -0.00174087368491365     0.184229525799724    -0.387666218538272  0.000354276272284127 -6.08115025368812e-14 -4.83532142102113e-14  5.86241594177199e-14 -9.91529427798819e-14  0.000901645731025635
 0.000351971211288444 -0.000844217277616692    -0.387666218538272     0.815769983825632  -0.00145921961379874 -7.72352320555514e-14 -3.60590774726357e-14  1.40288854334153e-14  2.56831843267228e-15  -0.00116912318179388
-6.91174600934219e-06 -2.03872088831776e-05  0.000354276272284128  -0.00145921961379874     0.490598173352857  1.68204358594084e-13  9.63553069175005e-14  -1.7308857658149e-13  2.26700523167736e-13    -0.499909785371754
-1.45427624403411e-15 -7.05456497167325e-16 -6.08115025369077e-14  -7.7235232055476e-14  1.68204358599106e-13     0.499255776907052 -2.11654906286375e-14   0.00173575810643464     0.499996435003165  2.22586047885851e-13
 -1.1162970185573e-15 -1.50903065981038e-16 -4.83532142101609e-14 -3.60590774727639e-14  9.63553069172528e-14 -2.11713884767797e-14     0.499255776907067    -0.499996435003164   0.00173575810643511  1.71814282851514e-13
 1.10561385742228e-15  2.02672659845174e-16  5.86241594177154e-14  1.40288854334459e-14 -1.73088576582093e-13   0.00173575810643463    -0.499996435003165     0.500744223092933 -2.16562086719381e-14  -9.2559972632638e-14
-1.37991130217098e-15  5.00876928922081e-16 -9.91529427799397e-14  2.56831843281396e-15   2.2670052317408e-13     0.499996435003165   0.00173575810643512 -2.16585544299743e-14     0.500744223092949  1.64247320011335e-13
 4.35269981891839e-06 -1.92179374992879e-05  0.000901645731025634  -0.00116912318179388    -0.499909785371754  2.22586047888187e-13  1.71814282850761e-13 -9.25599726327672e-14  1.64247320015004e-13     0.509405886749129
selected BF: 
0 1 2 3 4
selected lambdas: 
  -1 -0.9 -0.8 -0.7 -0.6 -0.5 -0.4 -0.3 -0.2 -0.1    0  0.1  0.2  0.3  0.4  0.5  0.6  0.7  0.8  0.9    1
RHF C: 
 1.13554592929409e-06    -0.995369827334477     0.260211136309269   0.00108467443718143  -0.00089916945760875 -1.23151333634277e-11 -1.05625338279539e-11 -1.35788059226152e-11  -2.1904524324268e-11 -0.000258862593750947
-3.37399996684043e-06   -0.0189759344453127     -1.02863054402347  -0.00429832907862334   0.00359742882952641  4.97503067869932e-11  4.25782875347571e-11  5.32838956305864e-11  8.59513461967086e-11   0.00103245710218638
 2.13515809811439e-14 -3.57594023051366e-13 -2.80811013065874e-11  5.11393865198961e-11 -2.50701094991316e-08   0.00481542187875026    0.0988499326918534     0.993912257644643    0.0484141878278685 -5.16503694935549e-11
 7.39801400780919e-14 -4.70654083518124e-13 -2.47894766723394e-11  7.71979583779167e-11 -3.13199059436295e-08     0.098849931481191  -0.00481542193770703   -0.0484141878220048      0.99391225776505 -6.42845509220579e-11
-1.05664816445204e-05 -1.08818779705843e-05  -0.00350740877662519   0.00293433219795729    -0.999986719564723 -3.26243764803145e-09 -2.33313936025258e-09 -2.34003731626483e-08 -3.23381469206711e-08   0.00273864202772441
     0.99504480104685 -2.73959664836306e-07   0.00102288412988206    -0.263114799061304 -0.000947293395604621  3.63105695166483e-11   2.3000393002801e-12 -1.02378772522697e-11 -1.37538501173573e-11  -0.00297182232520584
   0.0201263783840358  2.59084332162585e-06  -0.00399055181034564      1.02897317584274   0.00371685507218367 -1.43843456302072e-10 -9.05367397849457e-12  4.02614194664455e-11  5.40751002509734e-11     0.011584467613722
  8.2888285241472e-14  2.40427945743007e-13  4.21792814412186e-11    -2.62236802531e-11  4.99766619532606e-12    0.0484174626353184     0.993903828155386   -0.0989328713619721  -0.00481908855071677  4.08636099437195e-09
 5.91451395541682e-13  3.01980381071819e-13  5.02295508268812e-11   6.3801573769437e-12 -9.79039115495886e-12     0.993903828275894   -0.0484174626294496   0.00481908860967747   -0.0989328701513201     1.22011583652e-08
 9.57426581871454e-06 -7.92660166339758e-06  0.000500906611945278   -0.0112621381873473   0.00149923367974905 -1.23123748705919e-08 -3.46248695311932e-09  4.29045290277402e-10  1.34146075786537e-09      0.99993621011942
RDM (no constraint): 
     1.99999999931364  -1.0635997410444e-09 -1.28800961340631e-07 -3.10050392614613e-09  1.62153913296343e-06 -4.97715495882837e-13 -2.46640140817198e-14  2.27599741986655e-14  2.84218470490985e-14 -7.79103246467083e-06
 -1.0635997410444e-09      1.99999999412001 -1.64429655899592e-06 -1.70592127606226e-07  4.21816124493285e-05 -3.52286202035875e-14 -6.76348000560509e-14  1.33973797353332e-12  1.87150920365689e-12 -7.53097063206373e-06
-1.28800961340631e-07 -1.64429655899592e-06      1.99896318823266 -0.000109576638210444    0.0316713329488816  4.91942544617961e-11  3.56885147947209e-11  7.71985253463426e-10  1.05596953546541e-09  0.000297430030034694
-3.10050392614613e-09 -1.70592127606226e-07 -0.000109576638210444      1.99984389251682   0.00264792370449205  -1.4682833301546e-10 -1.21962749128938e-11  1.66672223530407e-11  2.17928046234009e-11    0.0115748785295217
 1.62153913296343e-06  4.21816124493285e-05    0.0316713329488816   0.00264792370449205      1.00060890668601 -4.28820585695565e-10 -1.54156223254803e-10  3.17917994031625e-11  6.49536795016154e-11    0.0288128288139632
-4.97715495882837e-13 -3.52286202035875e-14  4.91942544617961e-11  -1.4682833301546e-10 -4.28820585695565e-10      1.00045488731146  7.02503353932535e-17  8.26551227547354e-09   0.00223499739980995  8.93625711435779e-11
-2.46640140817198e-14 -6.76348000560509e-14  3.56885147947209e-11 -1.21962749128938e-11 -1.54156223254803e-10  7.02503353932535e-17       1.0004548873169   0.00223499739867083 -8.26551204092912e-09  6.64722855576464e-11
 2.27599741986655e-14  1.33973797353332e-12  7.71985253463426e-10  1.66672223530407e-11  3.17917994031625e-11  8.26551227547354e-09   0.00223499739867083     0.999549562233668 -4.95029848214545e-17   6.8772791019846e-10
 2.84218470490985e-14  1.87150920365689e-12  1.05596953546541e-09  2.17928046234009e-11  6.49536795016154e-11   0.00223499739980995 -8.26551204092912e-09 -4.95029848214545e-17     0.999549562239106  9.68450249609061e-10
-7.79103246467083e-06 -7.53097063206373e-06  0.000297430030034694    0.0115748785295217    0.0288128288139632  8.93625711435779e-11  6.64722855576464e-11   6.8772791019846e-10  9.68450249609061e-10      1.00057512002974
RDM Eigenvectors: 
    0.999330900018252   -0.0360031095261431  -0.00562603652551216  -0.00314261421313832 -4.53882088572212e-06  4.73859789491219e-13  5.11710150758088e-14  2.43558472942885e-14 -3.67207033339804e-13 -6.44048023212146e-06
   0.0359858944272676     0.999307632122725   0.00222085817972294  -0.00918355962058687  2.49865541785798e-05 -1.13992488522075e-13 -7.06224413697381e-14  3.88085421705235e-13 -5.58493222962862e-13 -3.43635541030483e-05
-0.000729873980430966  -0.00921636298494049     0.432610642472891    -0.900974770082144    0.0231203674278061  2.52973248192242e-11  1.36995030103829e-11  4.23379752534911e-11 -4.87881959729406e-11   -0.0217363806077832
 -0.00649816990919524  -0.00173907443559565     -0.90143765571372     -0.43268912559624    0.0104047578687704  6.05506624215098e-11  1.49106672457233e-11 -5.26725487152961e-11  5.34610458276593e-11   0.00606332200567141
 -3.9648370404064e-05 -0.000255641650942653    0.0110333704859755   -0.0298774295658874    -0.701520426683862 -2.31840976294514e-08 -1.67606325766093e-08  1.67114853817612e-08 -2.32614366474393e-08     0.711937235968803
 4.27177755325268e-13 -1.26882796431646e-13  1.49043238710687e-10  2.93237662350292e-11  6.48100210966733e-09     0.774113489668769  0.000133349995815195  -0.00208859015093412    -0.633043383285696  1.09624125055881e-08
 2.51437475046625e-14 -3.50693793473115e-13   2.4777805323562e-11 -2.42725989188876e-11  8.42557517480663e-10 -0.000133349995908356      0.77411349043986     0.633043382342783  -0.00208859014777462  4.12105707610537e-09
-6.59950650558764e-13 -5.83808896652796e-12   3.1234261949427e-10 -7.07698184850589e-10 -1.68400818419612e-08 -0.000106708484786723      0.63304681876627    -0.774109279289092   0.00255686951685156  1.65260779315055e-08
 -8.9981096235707e-13 -7.95052276878961e-12  4.28364909901149e-10  -9.6827072515574e-10 -2.38188394962443e-08     0.633046819709188  0.000106708484903406   0.00255686951427106     0.774109278518006  2.23327444608471e-08
 -8.4680525178702e-05 -3.75033816046544e-05  -0.00999325363545146  -0.00614082057448526    -0.712198202696453  8.71331621324653e-09  2.45492822040015e-09  2.48804859176891e-09 -8.80114073265365e-09    -0.701880429064022
Total C: 
  -0.0360150509017859    -0.997080553164354     0.109374424873781    -0.225743506456682   0.00681773920346765  1.95562663290238e-12  1.30979234368175e-12 -1.30247658573807e-12  1.93978203283317e-12  -0.00607372875916439
 9.22341650061419e-05  -0.00947592543131541    -0.441134594546714     0.928690463319802   -0.0270864972264828 -7.77447583946175e-12 -5.20761964851289e-12   5.1782912870501e-12   -7.713385060343e-12    0.0241697770622902
 6.08051965083374e-17 -8.68314317351727e-17  7.37051578114638e-15  -2.3491918367969e-15 -1.52375966743893e-10    0.0342568901588786     0.705719867601698    -0.706706674388076    0.0367643480098634   1.5567635704745e-10
 3.91600724061973e-16  -2.1879608998134e-17  1.24052825562289e-14 -8.86517658301294e-15 -2.04381116242943e-10     0.705719867601689    -0.034256890158909    0.0367643480098323     0.706706674388085  2.08800649778188e-10
 1.19571057000432e-05  0.000272264160372261   -0.0152230165239914    0.0317507815952193     0.699510092469717  2.13491418982507e-10  1.43596617919234e-10 -1.43155586270517e-10  2.14398810262606e-10    -0.713755949758795
    0.996088314037474   -0.0353764781552168     0.232045185541638     0.109844832244354   6.2559529849537e-05  3.57838885183076e-14  2.61495008712137e-14 -2.79933755067276e-14  4.50180038797574e-14 -0.000212541619888718
   0.0134283467836961   -0.0024760903665241     -0.92946950567654     -0.44187557866618  -0.00024402433113026 -1.41386087936711e-13 -1.03386889498105e-13  1.10373320119608e-13 -1.77598939838647e-13  0.000840862568134505
 1.72276292027586e-16  8.06572564408379e-16 -1.68438637783018e-14   7.4786542627181e-14   1.8935001243099e-11    0.0343079221859862     0.706771164318597     0.705655648830747   -0.0367096717042013  1.84561669059318e-11
 1.86505910741231e-16  6.70177375254849e-16 -6.20107553457795e-16  5.01355510030778e-14 -5.53656541218522e-12     0.706771164318606   -0.0343079221859553   -0.0367096717042317    -0.705655648830738 -5.52679481269898e-12
-2.63426298383228e-06 -3.11809132668771e-05  0.000392666941749813  -0.00176347888965124    -0.713310113626393 -4.21931184907212e-12  1.92316385384064e-11   1.8671763666647e-11  4.95323145078234e-12    -0.700847469569584
Basis set used: STO-3G
Naturals: 
 1.99999999998543  1.99999999911193  1.99999238814945  1.99996283482516  1.02877720975738  1.00228260122422  1.00228260122419 0.997721848326379 0.997721848326342 0.971258669069523
Naturals: 
 1.99999999998544  1.99999999911194  1.99999238814517  1.99996283486367  1.02877719603495  1.00228259678595  1.00228259678564 0.997721852763234 0.997721852762917 0.971258682761155
Version: Tmhuysen's fci hack
