Naturals in-correctThe Davidson algorithm did not converge.lambda: -1
The Davidson algorithm did not converge.lambda: -0.9
The Davidson algorithm did not converge.lambda: -0.8
The Davidson algorithm did not converge.lambda: -0.7
The Davidson algorithm did not converge.lambda: -0.6
The Davidson algorithm did not converge.lambda: -0.5
The Davidson algorithm did not converge.lambda: -0.4
The Davidson algorithm did not converge.lambda: -0.3
The Davidson algorithm did not converge.lambda: -0.2
The Davidson algorithm did not converge.lambda: -0.1
TOTAL ENERGY: -127.163425291078	 lambda: 0	 population of target: 6.99850215502276
1RDM: 
     1.99999999995681  1.44569122982286e-16  1.03040011429467e-14  6.85572076089271e-14  2.41516632476888e-12  2.32160753566772e-18  2.70886506574705e-18  4.02202304517506e-18 -3.70797900252243e-19 -2.12038637266551e-12
 1.44569122982286e-16      1.99999999803451  5.13345030974304e-14  2.19810599538443e-13   1.1329233293313e-11  4.99080330336465e-17  5.05613377538556e-17  7.91677217003103e-17 -5.59137144384273e-18 -9.66958084176969e-12
 1.03040011429467e-14  5.13345030974304e-14      1.99999083248793  5.48017710904491e-14 -2.17099755815356e-10    4.665940212654e-18 -2.80825894715185e-17 -4.78802640382631e-17  8.92546283901272e-18  2.93674960539442e-10
 6.85572076089271e-14  2.19810599538443e-13  5.48017710904491e-14       1.9999248276257  7.09995026806127e-10  1.33135599422732e-17  1.20882653173515e-17  1.95212032181555e-17  1.82577170810458e-17  -8.4640584461098e-10
 2.41516632476888e-12   1.1329233293313e-11 -2.17099755815356e-10  7.09995026806127e-10      1.04698345767076     3.80847990049e-15  2.95043348270898e-15  -3.8940067223626e-15 -4.20743950590546e-15  2.40376122168024e-10
 2.32160753566772e-18  4.99080330336465e-17    4.665940212654e-18  1.33135599422732e-17     3.80847990049e-15      1.00407965570403  2.23369672212157e-15 -4.03018835496077e-11  1.16870889063241e-11    4.365098270381e-15
 2.70886506574705e-18  5.05613377538556e-17 -2.80825894715185e-17  1.20882653173515e-17  2.95043348270898e-15  2.23369672212157e-15      1.00407965570385  1.16861758705532e-11  4.03022274924764e-11  4.02645620388414e-15
 4.02202304517506e-18  7.91677217003103e-17 -4.78802640382631e-17  1.95212032181555e-17  -3.8940067223626e-15 -4.03018835496077e-11  1.16861758705532e-11     0.995926402589577 -2.27670541621873e-15 -3.03711794392125e-15
-3.70797900252243e-19 -5.59137144384273e-18  8.92546283901272e-18  1.82577170810458e-17 -4.20743950590546e-15  1.16870889063241e-11  4.03022274924764e-11 -2.27670541621873e-15     0.995926402589396 -3.94820438523232e-15
-2.12038637266551e-12 -9.66958084176969e-12  2.93674960539442e-10  -8.4640584461098e-10  2.40376122168024e-10    4.365098270381e-15  4.02645620388414e-15 -3.03711794392125e-15 -3.94820438523232e-15     0.953088767637409
TOTAL ENERGY: -127.163387657584	 lambda: 0.1	 population of target: 6.99965535837996
1RDM: 
      1.9999999999544  1.85233578344698e-11  1.94083852917935e-09  9.55066618581604e-09  1.05826923103183e-06   2.8082523241573e-18  2.80137827081676e-18  4.10895513268445e-18  8.62582960200309e-20 -6.13665423858467e-07
 1.85233578344698e-11      1.99999999885513  3.32056307872038e-08 -7.69019646444694e-08   8.0947975066817e-06  5.04120680564392e-17  5.10564859016822e-17   7.9410422865452e-17 -5.36318838557636e-18 -8.56023672737399e-06
 1.94083852917935e-09  3.32056307872038e-08      1.99998818985573 -4.08695466819579e-06 -0.000228827512532911 -1.00327255752235e-18 -3.72890332829028e-17 -5.54492987932382e-17   1.0455808946769e-17  0.000288612334820744
 9.55066618581604e-09 -7.69019646444694e-08 -4.08695466819579e-06       1.9999657188258  0.000794629270234539  2.60840888888336e-17  1.13842844468819e-17  1.52429720804255e-17  7.21419143434449e-18 -0.000799603136986885
 1.05826923103183e-06   8.0947975066817e-06 -0.000228827512532911  0.000794629270234539      1.02451528509598  2.83095649813359e-16 -8.72345814217144e-17  -2.5242814408831e-16 -1.91894703843015e-16  0.000421068920966249
  2.8082523241573e-18  5.04120680564392e-17 -1.00327255752235e-18  2.60840888888336e-17  2.83095649813359e-16      1.00215394460646 -2.45556776473088e-15  7.22104723498397e-10  3.18005147178092e-06  2.14852337469663e-16
 2.80137827081676e-18  5.10564859016822e-17 -3.72890332829028e-17  1.13842844468819e-17 -8.72345814217144e-17 -2.45556776473088e-15      1.00215394460636  3.18005147117355e-06 -7.22104543696842e-10  2.51390552291689e-16
 4.10895513268445e-18   7.9410422865452e-17 -5.54492987932382e-17  1.52429720804255e-17  -2.5242814408831e-16  7.22104723498397e-10  3.18005147117355e-06     0.997851825075263  2.43145709524096e-15  8.80838927536454e-17
 8.62582960200309e-20 -5.36318838557636e-18   1.0455808946769e-17  7.21419143434449e-18 -1.91894703843015e-16  3.18005147178092e-06 -7.22104543696842e-10  2.43145709524096e-15     0.997851825075163 -3.00569454254466e-16
-6.13665423858467e-07 -8.56023672737399e-06  0.000288612334820744 -0.000799603136986885  0.000421068920966249  2.14852337469663e-16  2.51390552291689e-16  8.80838927536454e-17 -3.00569454254466e-16     0.975519268049764
TOTAL ENERGY: -127.163359604144	 lambda: 0.2	 population of target: 6.9998559621527
1RDM: 
     1.99999999994702  1.60622815112523e-11  3.50893670974334e-09   1.0341060412224e-08  1.66833923196069e-06  3.28295787125544e-18  2.88888559379106e-18  4.19001740126426e-18  5.47456419373812e-19 -6.82232234744154e-07
 1.60622815112523e-11      1.99999999888438  4.32060718232754e-08 -1.05064813503387e-07  1.18717047542995e-05  5.07898247695257e-17  5.14805162116945e-17  7.97292934350942e-17 -5.11095738098304e-18 -1.22669609989663e-05
 3.50893670974334e-09  4.32060718232754e-08      1.99998656336061 -3.17902541293004e-06 -0.000306941926768554 -2.97299154983556e-18 -4.65616455460139e-17 -6.37994242297532e-17  1.15885951280469e-17   0.00041650152327359
  1.0341060412224e-08 -1.05064813503387e-07 -3.17902541293004e-06       1.9999723448333    0.0011184238651154  3.18981889187562e-17  8.17629483791985e-18  9.91822011557315e-18  3.54146693097906e-18  -0.00109239139142357
 1.66833923196069e-06  1.18717047542995e-05 -0.000306941926768554    0.0011184238651154       1.0175591483237  2.44102609882916e-16 -1.79401264821873e-17 -1.44993655432648e-16 -1.03965740192794e-16  0.000399710715479101
 3.28295787125544e-18  5.07898247695257e-17 -2.97299154983556e-18  3.18981889187562e-17  2.44102609882916e-16      1.00154954622894 -2.88726325640793e-16  6.77133128109581e-10  3.04562087232685e-06  1.23609425307919e-16
 2.88888559379106e-18  5.14805162116945e-17 -4.65616455460139e-17  8.17629483791985e-18 -1.79401264821873e-17 -2.88726325640793e-16       1.0015495462289  3.04562087177859e-06 -6.77133010312705e-10  1.44328370437802e-16
 4.19001740126426e-18  7.97292934350942e-17 -6.37994242297532e-17  9.91822011557315e-18 -1.44993655432648e-16  6.77133128109581e-10  3.04562087177859e-06     0.998456176258064  2.78115836175437e-16  1.68481436135139e-17
 5.47456419373812e-19 -5.11095738098304e-18  1.15885951280469e-17  3.54146693097906e-18 -1.03965740192794e-16  3.04562087232685e-06 -6.77133010312705e-10  2.78115836175437e-16     0.998456176258019 -2.57819703707157e-16
-6.82232234744154e-07 -1.22669609989663e-05   0.00041650152327359  -0.00109239139142357  0.000399710715479101  1.23609425307919e-16  1.44328370437802e-16  1.68481436135139e-17 -2.57819703707157e-16     0.982470499677055
TOTAL ENERGY: -127.163342577504	 lambda: 0.3	 population of target: 6.99992602671086
1RDM: 
     1.99999999993792  1.44577880699376e-11   4.4405129414699e-09  1.07559243673646e-08  2.17132922780636e-06  3.75791616263528e-18  2.96718737400526e-18  4.26517953982392e-18  1.01630823841869e-18 -5.91302793337784e-07
 1.44577880699376e-11        1.999999998822  4.80952939818191e-08 -1.22219241361326e-07  1.43655128830138e-05  5.11286394720655e-17  5.18806475782076e-17  8.00770173262022e-17  -4.8415226688236e-18 -1.46699817965646e-05
  4.4405129414699e-09  4.80952939818191e-08      1.99998564298525 -2.36420694343583e-06 -0.000341584770908057 -4.23327360641135e-18 -5.64709111321823e-17 -7.31746882153669e-17  1.21730088864855e-17  0.000506247788294827
 1.07559243673646e-08 -1.22219241361326e-07 -2.36420694343583e-06      1.99997426305644   0.00131561900194473  3.55173276851483e-17  4.06024440893011e-18  4.51123120411627e-18  1.73177423205883e-18  -0.00125844652736946
 2.17132922780636e-06  1.43655128830138e-05 -0.000341584770908057   0.00131561900194473      1.01433700458176   2.3186913373604e-16  1.52628486934764e-17 -8.49873405874597e-17 -5.54299043397398e-17  0.000367431747137876
 3.75791616263528e-18  5.11286394720655e-17 -4.23327360641135e-18  3.55173276851483e-17   2.3186913373604e-16      1.00126797738178  9.67590768782624e-15  6.50588535940321e-10  2.81418959131972e-06  7.33991414230633e-17
 2.96718737400526e-18  5.18806475782076e-17 -5.64709111321823e-17  4.06024440893011e-18  1.52628486934764e-17  9.67590768782624e-15      1.00126797738163  2.81418959065817e-06 -6.50588400509415e-10  8.49375514833663e-17
 4.26517953982392e-18  8.00770173262022e-17 -7.31746882153669e-17  4.51123120411627e-18 -8.49873405874597e-17  6.50588535940321e-10  2.81418959065817e-06     0.998737730127151 -9.71116376782024e-15 -1.62502911334274e-17
 1.01630823841869e-18  -4.8415226688236e-18  1.21730088864855e-17  1.73177423205883e-18 -5.54299043397398e-17  2.81418959131972e-06 -6.50588400509415e-10 -9.71116376782024e-15     0.998737730127001 -2.43051657781759e-16
-5.91302793337784e-07 -1.46699817965646e-05  0.000506247788294827  -0.00125844652736946  0.000367431747137876  7.33991414230633e-17  8.49375514833663e-17 -1.62502911334274e-17 -2.43051657781759e-16     0.985691675599098
TOTAL ENERGY: -127.163330910172	 lambda: 0.4	 population of target: 6.99995984341803
1RDM: 
     1.99999999992645  1.53647796521264e-11  5.04829896615432e-09  1.14623693409927e-08  2.64266114276053e-06  4.23546266674211e-18  3.03589788498473e-18  4.33211889852232e-18  1.49090341902088e-18 -4.10309982302438e-07
 1.53647796521264e-11      1.99999999874227  5.08921302897175e-08 -1.34849515606308e-07  1.62362636535054e-05   5.1450633181193e-17  5.22708653505577e-17  8.04370135104559e-17 -4.56396630100616e-18 -1.64602292932399e-05
 5.04829896615432e-09  5.08921302897175e-08      1.99998507102248 -1.80177922974674e-06 -0.000354673110964585  -5.1849534688962e-18 -6.73060917863467e-17 -8.36485782484856e-17  1.25225531644481e-17  0.000581482389859327
 1.14623693409927e-08 -1.34849515606308e-07 -1.80177922974674e-06      1.99997486839144   0.00145749204957682  3.82279610564794e-17 -6.55937778605143e-19 -1.12954040189809e-18  7.48238093978838e-19    -0.001369131544397
 2.64266114276053e-06  1.62362636535054e-05 -0.000354673110964585   0.00145749204957682      1.01262698097361  2.32938133420371e-16  3.92124307216695e-17 -4.60846868683119e-17 -2.30396852566554e-17  0.000346822046480504
 4.23546266674211e-18   5.1450633181193e-17  -5.1849534688962e-18  3.82279610564794e-17  2.32938133420371e-16      1.00111790810245  1.57035675838273e-15  6.17428465763334e-10  2.66504874743685e-06  4.04078843321267e-17
 3.03589788498473e-18  5.22708653505577e-17 -6.73060917863467e-17 -6.55937778605143e-19  3.92124307216695e-17  1.57035675838273e-15      1.00111790810244  2.66504874705399e-06 -6.17428366361248e-10  4.67135301922745e-17
 4.33211889852232e-18  8.04370135104559e-17 -8.36485782484856e-17 -1.12954040189809e-18 -4.60846868683119e-17  6.17428465763334e-10  2.66504874705399e-06     0.998887793215792 -1.57432469165481e-15 -3.97726180063641e-17
 1.49090341902088e-18 -4.56396630100616e-18  1.25225531644481e-17  7.48238093978838e-19 -2.30396852566554e-17  2.66504874743685e-06 -6.17428366361248e-10 -1.57432469165481e-15     0.998887793215775 -2.42434574302712e-16
-4.10309982302438e-07 -1.64602292932399e-05  0.000581482389859327    -0.001369131544397  0.000346822046480504  4.04078843321267e-17  4.67135301922745e-17 -3.97726180063641e-17 -2.42434574302712e-16     0.987401678307303
TOTAL ENERGY: -127.163321777304	 lambda: 0.5	 population of target: 6.9999802883231
1RDM: 
     1.99999999991147  1.93175850038267e-11  5.50416416448249e-09  1.26167444635676e-08  3.11308989030585e-06  4.71640968738338e-18  3.09364497065163e-18  4.38883431745104e-18  1.97069777388372e-18 -1.59128118738028e-07
 1.93175850038267e-11      1.99999999866118  5.24836879775253e-08  -1.4506762891216e-07  1.77308552937493e-05  5.17631692103442e-17  5.26555553726938e-17    8.080372963274e-17 -4.28166485191352e-18 -1.78848883812488e-05
 5.50416416448249e-09  5.24836879775253e-08      1.99998469101464 -1.44503894811734e-06 -0.000353526298320256  -5.9554253095836e-18  -7.9277397948894e-17 -9.53586573559026e-17  1.27574358601065e-17  0.000650790061752825
 1.26167444635676e-08  -1.4506762891216e-07 -1.44503894811734e-06      1.99997496661999    0.0015692726488104  4.04573607972496e-17 -5.92947820600389e-18 -7.11905977490098e-18  2.29035334060495e-19  -0.00144845348104702
 3.11308989030585e-06  1.77308552937493e-05 -0.000353526298320256    0.0015692726488104      1.01172335944494  2.42786434189337e-16  5.99003011203623e-17 -1.65339610384347e-17  2.34027513420295e-18  0.000338204189583031
 4.71640968738338e-18  5.17631692103442e-17  -5.9554253095836e-18  4.04573607972496e-17  2.42786434189337e-16      1.00103814652895 -7.52474445472878e-16  5.98632772535144e-10   2.6037651488062e-06  1.51958010287979e-17
 3.09364497065163e-18  5.26555553726938e-17  -7.9277397948894e-17 -5.92947820600389e-18  5.99003011203623e-17 -7.52474445472878e-16      1.00103814652892  2.60376514843658e-06 -5.98632688462228e-10   1.7875907038452e-17
 4.38883431745104e-18    8.080372963274e-17 -9.53586573559026e-17 -7.11905977490098e-18 -1.65339610384347e-17  5.98632772535144e-10  2.60376514843658e-06     0.998967551986342   7.4539150984877e-16 -5.99362152382234e-17
 1.97069777388372e-18 -4.28166485191352e-18  1.27574358601065e-17  2.29035334060495e-19  2.34027513420295e-18   2.6037651488062e-06 -5.98632688462228e-10   7.4539150984877e-16     0.998967551986312 -2.51106937589379e-16
-1.59128118738028e-07 -1.78848883812488e-05  0.000650790061752825  -0.00144845348104702  0.000338204189583031  1.51958010287979e-17   1.7875907038452e-17 -5.99362152382234e-17 -2.51106937589379e-16     0.988305587317331
TOTAL ENERGY: -127.163313435214	 lambda: 0.6	 population of target: 6.99999549889048
1RDM: 
     1.99999999989109  2.70194395761013e-11  5.93765716142861e-09  1.43572036164512e-08  3.60124517958248e-06  5.20114795631457e-18  3.13849438857899e-18  4.43313219357294e-18  2.45553965679605e-18  1.57899112445438e-07
 2.70194395761013e-11        1.999999998583  5.31675199751361e-08 -1.53830553638162e-07  1.89701071321131e-05  5.20694256329202e-17  5.30364727942939e-17  8.11748959026106e-17 -3.99625196634493e-18 -1.90625154639691e-05
 5.93765716142861e-09  5.31675199751361e-08      1.99998442531479 -1.26086740897617e-06 -0.000340988336148801 -6.59293686666867e-18 -9.26048635821947e-17 -1.08492271756881e-16  1.29435310783959e-17  0.000718685613318634
 1.43572036164512e-08 -1.53830553638162e-07 -1.26086740897617e-06       1.9999748166637   0.00166273046351628   4.2397847890827e-17 -1.17909540170799e-17 -1.35609894113647e-17  1.36646396532415e-20  -0.00150701213966974
 3.60124517958248e-06  1.89701071321131e-05 -0.000340988336148801   0.00166273046351628      1.01135389669431  2.60561576138108e-16   8.0369666268259e-17    9.020707177203e-18  2.50168588824027e-17  0.000341026943814309
 5.20114795631457e-18  5.20694256329202e-17 -6.59293686666867e-18   4.2397847890827e-17  2.60561576138108e-16      1.00100495621403  2.87618855440969e-15  6.02596053332133e-10   2.6272740604483e-06 -6.61844034495884e-18
 3.13849438857899e-18  5.30364727942939e-17 -9.26048635821947e-17 -1.17909540170799e-17   8.0369666268259e-17  2.87618855440969e-15      1.00100495621395  2.62727405995867e-06 -6.02595948986027e-10 -6.88319879683932e-18
 4.43313219357294e-18  8.11748959026106e-17 -1.08492271756881e-16 -1.35609894113647e-17    9.020707177203e-18  6.02596053332133e-10  2.62727405995867e-06     0.999000741203851 -2.89414969366606e-15 -7.98072205315355e-17
 2.45553965679605e-18 -3.99625196634493e-18  1.29435310783959e-17  1.36646396532415e-20  2.50168588824027e-17   2.6272740604483e-06 -6.02595948986027e-10 -2.89414969366606e-15     0.999000741203776 -2.68029130633801e-16
 1.57899112445438e-07 -1.90625154639691e-05  0.000718685613318634  -0.00150701213966974  0.000341026943814309 -6.61844034495884e-18 -6.88319879683932e-18 -7.98072205315355e-17 -2.68029130633801e-16     0.988675468017554
TOTAL ENERGY: -127.163304285772	 lambda: 0.7	 population of target: 7.00000956883227
1RDM: 
     1.99999999986217  3.96802883375015e-11  6.50996537280823e-09  1.69075277822275e-08  4.12230554499033e-06  5.68991648123525e-18  3.16795102720791e-18  4.46240039705759e-18  2.94546107559601e-18  5.44199301448251e-07
 3.96802883375015e-11      1.99999999850865  5.29780121507632e-08 -1.61702179966425e-07  2.00238935651402e-05  5.23709023737594e-17  5.34142976296541e-17  8.15495945779429e-17 -3.70866977309579e-18 -2.00600605569584e-05
 6.50996537280823e-09  5.29780121507632e-08       1.9999842271784 -1.24438210044292e-06 -0.000317919419164212 -7.10905275769162e-18 -1.07543520047396e-16 -1.23288767825391e-16  1.31329369359748e-17  0.000788386020116939
 1.69075277822275e-08 -1.61702179966425e-07 -1.24438210044292e-06      1.99997450767931   0.00174449669200396  4.41552747514767e-17 -1.83095382883365e-17 -2.05650568759481e-17  2.22141785314953e-20  -0.00155016640944553
 4.12230554499033e-06  2.00238935651402e-05 -0.000317919419164212   0.00174449669200396      1.01142387623591  2.87392842147944e-16  1.02941699319749e-16  3.38742414133473e-17  4.77823616948692e-17   0.00035630671740454
 5.68991648123525e-18  5.23709023737594e-17 -7.10905275769162e-18  4.41552747514767e-17  2.87392842147944e-16      1.00100994318179  3.82424280980929e-15   6.4853433149842e-10  2.74338870036193e-06 -2.77362325199485e-17
 3.16795102720791e-18  5.34142976296541e-17 -1.07543520047396e-16 -1.83095382883365e-17  1.02941699319749e-16  3.82424280980929e-15      1.00100994318169   2.7433886997866e-06 -6.48534226053321e-10  -3.0774544427488e-17
 4.46240039705759e-18  8.15495945779429e-17 -1.23288767825391e-16 -2.05650568759481e-17  3.38742414133473e-17   6.4853433149842e-10   2.7433886997866e-06     0.998995754303847 -3.84936593964189e-15 -1.01667160047007e-16
 2.94546107559601e-18 -3.70866977309579e-18  1.31329369359748e-17  2.22141785314953e-20  4.77823616948692e-17  2.74338870036193e-06 -6.48534226053321e-10 -3.84936593964189e-15     0.998995754303741 -2.94220071914804e-16
 5.44199301448251e-07 -2.00600605569584e-05  0.000788386020116939  -0.00155016640944553   0.00035630671740454 -2.77362325199485e-17  -3.0774544427488e-17 -1.01667160047007e-16 -2.94220071914804e-16     0.988605995564496
TOTAL ENERGY: -127.163292051221	 lambda: 0.8	 population of target: 7.00002583616396
1RDM: 
     1.99999999981879  5.95414260419185e-11  7.51499746088453e-09  2.06853147860619e-08  4.69198121878771e-06  6.18289931719783e-18  3.17884078900771e-18  4.47343744224574e-18  3.44064852384571e-18  1.00969722344433e-06
 5.95414260419185e-11      1.99999999843777  5.17415274347612e-08 -1.69117586690698e-07  2.09366809515232e-05  5.26682183519854e-17   5.3789109296172e-17  8.19277626710071e-17 -3.41950351285194e-18  -2.0919702828334e-05
 7.51499746088453e-09  5.17415274347612e-08      1.99998405645514 -1.42498471467591e-06 -0.000283868710828275 -7.48724679956376e-18 -1.24401563200283e-16 -1.40048639137621e-16  1.33840788827075e-17  0.000862948570002148
 2.06853147860619e-08 -1.69117586690698e-07 -1.42498471467591e-06      1.99997405366191   0.00181892670399528  4.58026349057834e-17 -2.55830730114674e-17 -2.82541952858946e-17  2.19347714388843e-19  -0.00158071374983463
 4.69198121878771e-06  2.09366809515232e-05 -0.000283868710828275   0.00181892670399528      1.01194829030883  3.26453365445646e-16  1.30258201564809e-16  6.09286489982896e-17   7.3259644515981e-17  0.000387711512169659
 6.18289931719783e-18  5.26682183519854e-17 -7.48724679956376e-18  4.58026349057834e-17  3.26453365445646e-16      1.00105413448884  3.07824447427709e-15  6.93205014279433e-10  2.97911951292413e-06  -5.0490264141952e-17
 3.17884078900771e-18   5.3789109296172e-17 -1.24401563200283e-16 -2.55830730114674e-17  1.30258201564809e-16  3.07824447427709e-15      1.00105413448876   2.9791195123594e-06 -6.93204906397497e-10 -5.65571825797982e-17
 4.47343744224574e-18  8.19277626710071e-17 -1.40048639137621e-16 -2.82541952858946e-17  6.09286489982896e-17  6.93205014279433e-10   2.9791195123594e-06     0.998951564259011 -3.09778532256663e-15  -1.2806675442131e-16
 3.44064852384571e-18 -3.41950351285194e-18  1.33840788827075e-17  2.19347714388843e-19   7.3259644515981e-17  2.97911951292413e-06 -6.93204906397497e-10 -3.09778532256663e-15     0.998951564258928 -3.32776367680828e-16
 1.00969722344433e-06  -2.0919702828334e-05  0.000862948570002148  -0.00158071374983463  0.000387711512169659  -5.0490264141952e-17 -5.65571825797982e-17  -1.2806675442131e-16 -3.32776367680828e-16     0.988082203822102
TOTAL ENERGY: -127.16327219541	 lambda: 0.9	 population of target: 7.00004909260283
1RDM: 
     1.99999999974855  9.10181551758732e-11  9.62530205595255e-09   2.6535970969754e-08  5.32955153808168e-06  6.68029133138951e-18  3.16713430091635e-18  4.46226528603449e-18  3.94151588312974e-18  1.57257280559469e-06
 9.10181551758732e-11      1.99999999836904  4.89778358146484e-08 -1.76551415458639e-07  2.17394970610819e-05  5.29612655755229e-17  5.41603932252988e-17  8.23102495009664e-17 -3.12912660106265e-18  -2.1669805243705e-05
 9.62530205595255e-09  4.89778358146484e-08      1.99998385271217 -1.88934557232665e-06 -0.000237025669500771 -7.67227925406292e-18 -1.43553675702167e-16 -1.59145113900942e-16  1.37862195095379e-17  0.000946151629185949
  2.6535970969754e-08 -1.76551415458639e-07 -1.88934557232665e-06      1.99997341012582   0.00188943880481765  4.74063628948036e-17 -3.37371091455258e-17 -3.67712394868556e-17  6.05058051310958e-19  -0.00159978914736391
 5.32955153808168e-06  2.17394970610819e-05 -0.000237025669500771   0.00188943880481765      1.01306140051241  3.84319592122024e-16  1.66408486970416e-16  9.39273059979029e-17  1.04994007635824e-16  0.000443988074145951
 6.68029133138951e-18  5.29612655755229e-17 -7.67227925406292e-18  4.74063628948036e-17  3.84319592122024e-16      1.00114860345803  2.58718972076434e-15  7.94639775375665e-10   3.3981375299091e-06 -7.77673863149935e-17
 3.16713430091635e-18  5.41603932252988e-17 -1.43553675702167e-16 -3.37371091455258e-17  1.66408486970416e-16  2.58718972076434e-15      1.00114860345802  3.39813752950652e-06  -7.9463966281518e-10 -8.76967359015016e-17
 4.46226528603449e-18  8.23102495009664e-17 -1.59145113900942e-16 -3.67712394868556e-17  9.39273059979029e-17  7.94639775375665e-10  3.39813752950652e-06     0.998857098351642  -2.5907374293649e-15 -1.62908954912922e-16
 3.94151588312974e-18 -3.12912660106265e-18  1.37862195095379e-17  6.05058051310958e-19  1.04994007635824e-16   3.3981375299091e-06  -7.9463966281518e-10  -2.5907374293649e-15     0.998857098351627 -3.90197670362748e-16
 1.57257280559469e-06  -2.1669805243705e-05  0.000946151629185949  -0.00159978914736391  0.000443988074145951 -7.77673863149935e-17 -8.76967359015016e-17 -1.62908954912922e-16 -3.90197670362748e-16     0.986969934912692
TOTAL ENERGY: -127.163233182181	 lambda: 1	 population of target: 7.00008992347282
1RDM: 
     1.99999999962134  1.43911395686424e-10  1.46798113681291e-08  3.64052297636368e-08  6.06283789280629e-06  7.18238240504918e-18  3.12771883795888e-18  4.42396452410782e-18  4.44896182873193e-18  2.26576891009057e-06
 1.43911395686424e-10       1.9999999982999   4.3533420633519e-08 -1.84753282072789e-07  2.24549466839426e-05  5.32489906756526e-17  5.45267091333423e-17   8.2699548391481e-17 -2.83769264773299e-18 -2.23298184336306e-05
 1.46798113681291e-08   4.3533420633519e-08      1.99998346415783 -2.85715454404414e-06  -0.00017335877284012 -7.53213106399201e-18 -1.65446707678709e-16 -1.81030340670673e-16  1.45097020621209e-17   0.00104398961776846
 3.64052297636368e-08 -1.84753282072789e-07 -2.85715454404414e-06      1.99997243841673   0.00195943944813246  4.90594840702022e-17 -4.29177578179401e-17 -4.62754839029387e-17  1.23391242867475e-18  -0.00160690544523409
 6.06283789280629e-06  2.24549466839426e-05  -0.00017335877284012   0.00195943944813246      1.01511728203365  4.75048384366685e-16  2.19295402166232e-16  1.39518996719001e-16   1.4939325690773e-16  0.000546254124541954
 7.18238240504918e-18  5.32489906756526e-17 -7.53213106399201e-18  4.90594840702022e-17  4.75048384366685e-16      1.00132251838092 -1.00319211970322e-15  9.65291735693513e-10  4.15213078317835e-06 -1.14415640796787e-16
 3.12771883795888e-18  5.45267091333423e-17 -1.65446707678709e-16 -4.29177578179401e-17  2.19295402166232e-16 -1.00319211970322e-15      1.00132251838077  4.15213078224878e-06 -9.65291631457373e-10 -1.30203395885517e-16
 4.42396452410782e-18   8.2699548391481e-17 -1.81030340670673e-16 -4.62754839029387e-17  1.39518996719001e-16  9.65291735693513e-10  4.15213078224878e-06     0.998683190197269  9.68136849471751e-16 -2.13663950062981e-16
 4.44896182873193e-18 -2.83769264773299e-18  1.45097020621209e-17  1.23391242867475e-18   1.4939325690773e-16  4.15213078317835e-06 -9.65291631457373e-10  9.68136849471751e-16     0.998683190197122 -4.80400487856606e-16
 2.26576891009057e-06 -2.23298184336306e-05   0.00104398961776846  -0.00160690544523409  0.000546254124541954 -1.14415640796787e-16 -1.30203395885517e-16 -2.13663950062981e-16 -4.80400487856606e-16      0.98491540031448
-------------------general-----------------------
mullikenoperator: 
  0.00236455870705824    0.0485674923922639 -0.000167981766187729  0.000371417201424453   1.2221389617239e-05  9.94735233202655e-17  3.36770710099672e-17  3.51590007768781e-17  9.70510306678743e-17  6.62820011413474e-06
   0.0485674923922639     0.997635272028248 -0.000532517314210201 -0.000219343476566503  3.94747657935225e-05  6.77797578003256e-17  4.30437384037167e-17   7.1330535090683e-17   1.3210437674502e-17 -3.85750564894529e-05
-0.000167981766187728 -0.000532517314210207     0.121464173108891    -0.326662948290247 -0.000408156566731025  -2.5568261760294e-17  -1.5745122754466e-16 -1.56717528763674e-16   -2.741963632837e-19   0.00137231395684339
 0.000371417201424452 -0.000219343476566537    -0.326662948290247      0.87852371567501   0.00258938478718424  3.14472095095792e-17 -6.32124748341215e-17 -6.66185222359309e-17 -3.40437209308813e-17  -0.00214924346596578
  1.2221389617239e-05  3.94747657935218e-05 -0.000408156566731022   0.00258938478718424     0.484681236624773 -4.00531560890165e-16  1.52151977284215e-16  1.20688526247446e-16  3.72588733386885e-16     0.499759836125719
   9.947352332038e-17  6.77797577990675e-17  -2.5568261766835e-17  3.14472095638719e-17 -4.00531563351181e-16     0.498672132127419  -2.0883710210292e-14  0.000119078441237112     0.499998229209112  -4.9846449570721e-16
 3.36770710084409e-17  4.30437384069667e-17 -1.57451227656346e-16 -6.32124745563289e-17  1.52151975650031e-16 -2.08618503507096e-14     0.498672132127566     0.499998229209112 -0.000119078441237143  7.64301235619018e-17
 3.51590007752712e-17  7.13305350942321e-17 -1.56717528821467e-16 -6.66185221038506e-17  1.20688523772961e-16   0.00011907844123723     0.499998229209112     0.501327867872434  2.10977227695077e-14  4.37546162458516e-17
 9.70510306679939e-17   1.3210437673108e-17  -2.7419635819046e-19 -3.40437209072762e-17  3.72588731654582e-16     0.499998229209112  -0.00011907844123717  2.09938551237895e-14     0.501327867872582  2.98846538102646e-16
 6.62820011413475e-06 -3.85750564894531e-05   0.00137231395684339  -0.00214924346596577     0.499759836125719 -4.98464495227828e-16  7.64301221743263e-17  4.37546157164612e-17  2.98846537823747e-16     0.515331043856023
selected BF: 
0 1 2 3 4
selected lambdas: 
  -1 -0.9 -0.8 -0.7 -0.6 -0.5 -0.4 -0.3 -0.2 -0.1    0  0.1  0.2  0.3  0.4  0.5  0.6  0.7  0.8  0.9    1
RHF C: 
 2.60057815937499e-06    -0.995136719933133   0.00185988686251179    -0.261080565238377  -0.00153025121097529  3.15329744613374e-11  1.78039960318949e-10 -9.63512190585487e-12 -1.18431118014548e-11   0.00266147443386729
-3.73956453366624e-07   -0.0198958414626985  -0.00727680149624529      1.02853316070567   0.00604843851018953 -1.26451753441809e-10 -7.14280630711239e-10  3.92369346196358e-11  4.64671192430865e-11   -0.0104186353071976
-1.37312744197047e-12 -2.36579899278946e-12  2.73009526453828e-10  3.15781928919805e-11  5.42050202032636e-11    -0.434963763078633     0.664946863503388     0.507768774797988    -0.332901023377321 -3.69179721513211e-08
-2.17536352701937e-13 -2.20058454221219e-12  3.36995686723282e-11  5.62220435564442e-11 -5.92715693606247e-11     0.664946863581623     0.434963763027296     0.332901023444397     0.507768774695537 -2.88758573359785e-08
-1.62200110960188e-05  1.67312255087306e-05  -0.00128488180170825    0.0101507125646659  -0.00469907483666464  3.25761263490524e-09  3.69882005111802e-08  2.85108124068893e-08  2.22022921431405e-09     0.999939618058001
    0.995254112835841  3.32571904086832e-06     0.262316215029588   0.00200960279237475  -0.00307442950563066  4.75775304325631e-11 -8.71579831483873e-11  5.55573136847584e-11 -7.45567135218844e-12  0.000600988166045278
   0.0193065716655833 -2.37247901996249e-06     -1.02896333664387  -0.00792602158476484    0.0122156314580225 -1.89686309452379e-10  3.46126525750751e-10 -2.18120723321991e-10  2.93487498112185e-11  -0.00239433279343033
 7.57457055274121e-13 -1.91491758670721e-12  -9.7885137093423e-11  5.54877627599398e-10 -4.03388911155619e-08    -0.332303536327971     0.508005428846753    -0.664577713884947     0.435707852481044  7.72798118867818e-11
 3.01423097250777e-13 -1.51866277836237e-12  9.62608874978793e-12  3.78299013617541e-10 -6.67113388460316e-09      0.50800542874436     0.332303536395162      -0.4357078524298    -0.664577713963218 -8.34758338372278e-11
 -3.9774873467437e-05 -1.48463065962158e-05    0.0118929607409707   -0.0046925088167103     0.999897215727649  -9.9308488625374e-09  2.29582849870212e-08 -2.95247764206314e-08  1.32049044095742e-08   0.00691293556183294
RDM (no constraint): 
     1.99999999756294 -1.79845211330447e-09  6.21414574331321e-07  1.85868868770934e-07  4.14653600700988e-05 -7.77326782200303e-13  1.33378881509304e-12  7.87062775193014e-14  6.04477464235619e-14 -3.49392284029816e-06
-1.79845211330447e-09      1.99999997609931  1.93180295012275e-07  3.95176926586563e-06 -1.23193059919212e-05   3.3746493967639e-13 -3.60871817516349e-13 -2.74163359187942e-12 -2.56949533032083e-13 -0.000109752072444659
 6.21414574331321e-07  1.93180295012275e-07       1.9998290780957  -8.6126934722336e-06   -0.0123738364003025  1.82630549753924e-10 -4.22924767840839e-10    1.617003996597e-10 -3.94255084355692e-11  0.000196758125718612
 1.85868868770934e-07  3.95176926586563e-06  -8.6126934722336e-06      1.99911838325571   0.00279635921384424   3.2422195986699e-11  6.70882854631609e-10  1.22549430356029e-09  9.35119808834265e-11    0.0285111606853142
 4.14653600700988e-05 -1.23193059919212e-05   -0.0123738364003025   0.00279635921384424      1.00219265983388 -1.19708161680951e-10  -1.8093241484142e-09 -1.48235272427518e-09  -3.8563306404586e-11   -0.0468501826387088
-7.77326782200303e-13   3.3746493967639e-13  1.82630549753924e-10   3.2422195986699e-11 -1.19708161680951e-10      1.00393344871052  2.43596771320231e-15 -1.12441786033173e-06  -0.00108199433488291  4.51673768581189e-10
 1.33378881509304e-12 -3.60871817516349e-13 -4.22924767840839e-10  6.70882854631609e-10  -1.8093241484142e-09  2.43596771320231e-15      1.00393344871043  -0.00108199433355162  1.12441785949211e-06 -1.23462133635452e-09
 7.87062775193014e-14 -2.74163359187942e-12    1.617003996597e-10  1.22549430356029e-09 -1.48235272427518e-09 -1.12441786033173e-06  -0.00108199433355162     0.996072609586413 -2.53804961725462e-15  1.52539654044391e-09
 6.04477464235619e-14 -2.56949533032083e-13 -3.94255084355692e-11  9.35119808834265e-11  -3.8563306404586e-11  -0.00108199433488291  1.12441785949211e-06 -2.53804961725462e-15     0.996072609586315 -6.08352981339997e-10
-3.49392284029816e-06 -0.000109752072444659  0.000196758125718612    0.0285111606853142   -0.0468501826387088  4.51673768581189e-10 -1.23462133635452e-09  1.52539654044391e-09 -6.08352981339997e-10     0.998847788558833
RDM Eigenvectors: 
    0.998801358295415   -0.0486300242783147  -0.00506206385100063  -0.00231109015334305 -3.39574170654965e-05 -2.85710225137867e-13  3.31424573734504e-13  1.46452619567259e-12 -5.10605063125656e-13  2.49937903615335e-05
   0.0486193678200443     0.998745995340716   0.00362374478509638   -0.0113776247987046 -7.03960095492467e-05  5.64634362369745e-13  3.96950699450461e-12  5.34916064701331e-13  2.32398753659256e-13 -8.38792939576969e-05
  0.00556384867807459  0.000209461226015717     0.939788750933316     0.341483267027981   0.00951843249402528  4.13464302130248e-11 -1.20326244269486e-10 -2.29585496129463e-10   1.2821032701456e-10  -0.00804245707680371
   0.0010228022758841     0.011893742195579    -0.341363939742093     0.939425055498778    0.0185900744502133 -3.28322603385377e-11 -5.15683411428895e-10  4.33666347645689e-10  -9.8241024443119e-12    0.0215204007606766
-2.62874554019825e-05  5.62252078645281e-06   -0.0121903687708802  -0.00286792911157177     0.721955054923456 -1.14872521233894e-08  2.65419620304213e-08 -2.64833341050872e-08  1.15730834515436e-08    -0.691826616891592
 3.03960764910828e-13  9.04310221082133e-13  1.58674778114473e-10  1.05700750660584e-10 -9.40814755045232e-09    -0.990979242566656   0.00523455212539845  0.000675218686043907      -0.1339114795146  4.56821943004642e-09
-3.36313119246494e-13  7.18743075736396e-12 -5.95422223732252e-10  4.58217792571563e-10 -9.27909940154235e-09  -0.00523455212553184    -0.990979242587312     -0.13391147936173 -0.000675218685094481 -4.24917781363495e-08
 2.16379287084224e-12  1.21533252021506e-11  -2.6032905959609e-10  1.24658375581429e-09 -4.10682970638012e-08  0.000846507889322605     0.133910506120741    -0.990974742115347  -0.00602662959709555   1.0006229746344e-10
-8.85697285375225e-14  7.01006600651931e-13 -6.29750399151251e-11  5.77614620784283e-11  7.94414555199523e-09     0.133910506273611 -0.000846507890148861   0.00602662959698847     -0.99097474209469 -1.07730059849141e-08
 2.26356922009752e-05  0.000229173602681857  -0.00896678066443308    0.0269578734300225    -0.691624682278297  3.04701995518124e-09  3.29533029557848e-08  3.30639536888638e-08   2.8880751165957e-09    -0.721698077962783
Total C: 
  -0.0486369059531905    -0.996993174341116    0.0872600458967351    -0.233232081691038  -0.00771126437878919  2.66917872673636e-16  3.63028177966372e-16  3.38064301020277e-16  3.30982517178933e-16  -0.00641215748974145
  4.3407461749181e-05  -0.00764164342273528    -0.357995194719879     0.963673073168461    0.0306251309797004 -1.24796108139449e-15 -1.63296227882091e-15 -1.64671200883355e-15 -1.28852547566298e-15    0.0255292763417278
  3.7104778656083e-17  2.14284920334853e-17  1.51875697160754e-16  8.87636291006249e-17 -1.76235619565915e-14     0.383410247156247    -0.592948002677458     -0.59453001566928     0.384634027959986 -1.81426586395075e-14
-1.40563014067811e-16 -2.06332852813262e-17   8.1390349493932e-17  4.76967630904632e-17 -4.89219632404067e-14    -0.592948002677354    -0.383410247156278    -0.384634027959954    -0.594530015669383 -5.02803267114305e-14
  1.0604028626009e-05  0.000367093193524197   -0.0135814177370275    0.0360666374781171    -0.694798969654056  3.25262087586165e-14  4.17110978574772e-14  4.18681005446095e-14  3.14685226547337e-14    -0.718174776184195
    0.995522959019145   -0.0483169429036145     0.240829883830467    0.0891893281072364 -0.000134856814730079  1.59276685362293e-18 -6.54490685821348e-18   1.7429385544803e-17  2.57347064642613e-17 -0.000348304389330785
   0.0135498362866461  -0.00125152656736349    -0.964527694237083    -0.358963837036277  0.000532997713406563 -2.42584336214976e-17  2.77056207952031e-17  -6.8045850511087e-17 -8.28214660351487e-17    0.0013821914412515
 5.99729962480617e-17 -2.55136792730556e-17 -6.99631580311765e-17 -4.11202019688296e-17 -1.95922596303538e-15     0.384430014670416    -0.594525063448986      0.59295344241432     -0.38361406958104  2.56212910522798e-15
-7.82281121371236e-17 -1.78220506356074e-17  -1.2753207819565e-16 -5.31054225560786e-17  9.29630028007402e-15     -0.59452506344909    -0.384430014670384     0.383614069581072     0.592953442414216  -9.9120938267829e-15
-5.20616487019415e-06 -5.90076069472982e-05   0.00052776899069885    -0.003028028719739     0.717125663088383  9.46116506824388e-15  3.51266857566656e-15 -3.18798799746479e-15 -9.13452832591449e-15    -0.696941193349649
Basis set used: STO-3G
Naturals: 
 1.99999999995682  1.99999999803452    1.999990832489  1.99992482759595  1.04698346352772  1.00407965899907  1.00407965899862 0.995926399298217  0.99592639929777 0.953088761802337
Naturals: 
 1.99999999995681  1.99999999803451  1.99999083248793   1.9999248276257  1.04698345767076  1.00407965570403  1.00407965570385 0.995926402589577 0.995926402589396 0.953088767637409
Version: Tmhuysen's fci hack
