Naturals in-correctThe Davidson algorithm did not converge.lambda: -1
The Davidson algorithm did not converge.lambda: -0.9
The Davidson algorithm did not converge.lambda: -0.8
The Davidson algorithm did not converge.lambda: -0.7
The Davidson algorithm did not converge.lambda: -0.6
The Davidson algorithm did not converge.lambda: -0.5
The Davidson algorithm did not converge.lambda: -0.4
The Davidson algorithm did not converge.lambda: -0.3
The Davidson algorithm did not converge.lambda: -0.2
The Davidson algorithm did not converge.lambda: -0.1
TOTAL ENERGY: -127.163518957896	 lambda: 0	 population of target: 6.99794510246145
1RDM: 
     1.99999999993808  1.27197885900169e-16   2.4263367912974e-14  1.04639633461093e-13 -3.23191450308577e-12  1.77381948799522e-15  -4.1924680666604e-14  3.90157297478891e-14  1.63483430233019e-15  3.91520083344951e-12
 1.27197885900169e-16      1.99999999746702  2.09069200116966e-13  5.19256577055751e-13 -3.31985908992809e-11 -2.81198902834126e-15  5.47477466086623e-14  1.47355540642847e-13  6.28477304556275e-15   2.9063308470885e-11
  2.4263367912974e-14  2.09069200116966e-13      1.99999015582303 -1.31018656938535e-11  2.91072495451864e-10 -4.42732613099815e-13  1.01996453779085e-11 -1.55010201340971e-11 -6.37340968709491e-13 -1.82912709006206e-10
 1.04639633461093e-13  5.19256577055751e-13 -1.31018656938535e-11      1.99990343970792 -1.30463249284954e-09 -4.57264464496096e-13   1.0466108209738e-11  8.83212353894804e-12  3.65906335916333e-13  9.93389421015062e-10
-3.23191450308577e-12 -3.31985908992809e-11  2.91072495451864e-10 -1.30463249284954e-09      1.05501648806211 -7.76134928679752e-12  1.73860024686463e-10  2.64912091891513e-10  1.11835746195017e-11  1.01206660420638e-09
 1.77381948799522e-15 -2.81198902834126e-15 -4.42732613099815e-13 -4.57264464496096e-13 -7.76134928679752e-12      1.00492488551548  4.68188047171504e-15  2.55537282513264e-10  1.83474990646948e-12 -1.13730816274495e-11
 -4.1924680666604e-14  5.47477466086623e-14  1.01996453779085e-11   1.0466108209738e-11  1.73860024686463e-10  4.68188047171504e-15      1.00492488551502 -1.83469768436771e-12  2.55536664273865e-10  2.56175890810582e-10
 3.90157297478891e-14  1.47355540642847e-13 -1.55010201340971e-11  8.83212353894804e-12  2.64912091891513e-10  2.55537282513264e-10 -1.83469768436771e-12     0.995081899330732    3.678885300427e-15  1.65223307963164e-10
 1.63483430233019e-15  6.28477304556275e-15 -6.37340968709491e-13  3.65906335916333e-13  1.11835746195017e-11  1.83474990646948e-12  2.55536664273865e-10    3.678885300427e-15     0.995081899330273  7.01289373441262e-12
 3.91520083344951e-12   2.9063308470885e-11 -1.82912709006206e-10  9.93389421015062e-10  1.01206660420638e-09 -1.13730816274495e-11  2.56175890810582e-10  1.65223307963164e-10  7.01289373441262e-12     0.945076349310366
TOTAL ENERGY: -127.163467316941	 lambda: 0.1	 population of target: 6.9995270984917
1RDM: 
     1.99999999993466  2.71429419825388e-11   2.4443834130446e-09  1.28318224458187e-08 -1.30660700479788e-06  2.13274040392469e-15 -4.99512623130361e-14  3.05317984245951e-14  1.27487059305686e-15  7.95022170626506e-07
 2.71429419825388e-11      1.99999999846552   4.3140226543304e-08   -8.819166389125e-08 -1.01539731667424e-05   8.3340354640029e-16 -2.68797191686685e-14  6.62482937645875e-14  2.83863937231568e-15  1.08862256094762e-05
  2.4443834130446e-09   4.3140226543304e-08      1.99998724849961  -5.2407708928513e-06  0.000243155939942908 -5.41806532518561e-13  1.24194448867304e-11 -1.33471758385457e-11 -5.45845052352828e-13 -0.000316417560938767
 1.28318224458187e-08   -8.819166389125e-08  -5.2407708928513e-06      1.99995874497789 -0.000963559826722184 -1.22363232987314e-13  2.96919251687291e-12  1.33041310856876e-12  4.72822668050157e-14  0.000977767459187606
-1.30660700479788e-06 -1.01539731667424e-05  0.000243155939942908 -0.000963559826722184       1.0287176789997 -3.95803065763613e-12  8.80947055320181e-11  1.36411338878179e-10  5.78564680918198e-12  0.000577424818651932
 2.13274040392469e-15   8.3340354640029e-16 -5.41806532518561e-13 -1.22363232987314e-13 -3.95803065763613e-12      1.00260244593319 -2.97407546999536e-15  1.01145810355825e-08  4.63600739814699e-06 -6.05776297824372e-12
-4.99512623130361e-14 -2.68797191686685e-14  1.24194448867304e-11  2.96919251687291e-12  8.80947055320181e-11 -2.97407546999536e-15      1.00260244593298 -4.63600739730407e-06  1.01145807225704e-08  1.35780725860421e-10
 3.05317984245951e-14  6.62482937645875e-14 -1.33471758385457e-11  1.33041310856876e-12  1.36411338878179e-10  1.01145810355825e-08 -4.63600739730407e-06      0.99740391843286  -3.4252046151927e-15  8.86217112717347e-11
 1.27487059305686e-15  2.83863937231568e-15 -5.45845052352828e-13  4.72822668050157e-14  5.78564680918198e-12  4.63600739814699e-06  1.01145807225704e-08  -3.4252046151927e-15     0.997403918432654  3.78742691976145e-12
 7.95022170626506e-07  1.08862256094762e-05 -0.000316417560938767  0.000977767459187606  0.000577424818651932 -6.05776297824372e-12  1.35780725860421e-10  8.86217112717347e-11  3.78742691976145e-12     0.971323600390936
TOTAL ENERGY: -127.163428806949	 lambda: 0.2	 population of target: 6.9998024712618
1RDM: 
     1.99999999992398  1.99157117947486e-11  4.53343481841855e-09  1.35472821403243e-08 -2.05236393380159e-06  2.26969470140023e-15 -5.30045719198596e-14   2.6872124379386e-14  1.12013456173429e-15  8.97321028040476e-07
 1.99157117947486e-11      1.99999999845249  5.78619599323726e-08 -1.26878587872199e-07 -1.48580966894329e-05   2.4477095666149e-15 -6.30280548309426e-14  3.00250802889753e-14  1.30025600275067e-15    1.553491505332e-05
 4.53343481841855e-09  5.78619599323726e-08      1.99998539056647 -4.06495407828299e-06  0.000324935890541678 -5.81845769038041e-13  1.33167609292421e-11 -1.25068537877913e-11 -5.10141505131684e-13 -0.000458198507570014
 1.35472821403243e-08 -1.26878587872199e-07 -4.06495407828299e-06      1.99996737590076  -0.00135641726180104  6.00413074636702e-15  9.56057532958064e-14 -1.58332683282672e-12 -7.64513301909151e-14   0.00133305066167212
-2.05236393380159e-06 -1.48580966894329e-05  0.000324935890541678  -0.00135641726180104      1.02057523739593 -2.80228149942819e-12  6.24982449442587e-11  9.73039671825441e-11  4.11972757063034e-12  0.000548340683041826
 2.26969470140023e-15   2.4477095666149e-15 -5.81845769038041e-13  6.00413074636702e-15 -2.80228149942819e-12      1.00187301562543  4.06108016994155e-16  9.57124158825859e-09  4.44328799527854e-06 -4.35381307877118e-12
-5.30045719198596e-14 -6.30280548309426e-14  1.33167609292421e-11  9.56057532958064e-14  6.24982449442587e-11  4.06108016994155e-16      1.00187301562527 -4.44328799454485e-06  9.57124136366344e-09  9.77522522481645e-11
  2.6872124379386e-14  3.00250802889753e-14 -1.25068537877913e-11 -1.58332683282672e-12  9.73039671825441e-11  9.57124158825859e-09 -4.44328799454485e-06     0.998133279857308  7.75952338732072e-17  6.40410455314066e-11
 1.12013456173429e-15  1.30025600275067e-15 -5.10141505131684e-13 -7.64513301909151e-14  4.11972757063034e-12  4.44328799527854e-06  9.57124136366344e-09  7.75952338732072e-17     0.998133279857157  2.73045183434569e-12
 8.97321028040476e-07    1.553491505332e-05 -0.000458198507570014   0.00133305066167212  0.000548340683041826 -4.35381307877118e-12  9.77522522481645e-11  6.40410455314066e-11  2.73045183434569e-12     0.979459406795246
TOTAL ENERGY: -127.163405425537	 lambda: 0.3	 population of target: 6.99989868393959
1RDM: 
     1.99999999991083  1.44713541151917e-11   5.8387425311621e-09  1.37994786338809e-08  -2.6617626599632e-06  2.34675596869332e-15 -5.47158458107612e-14  2.44881002120191e-14  1.01955426521681e-15  8.00152695753337e-07
 1.44713541151917e-11      1.99999999833461  6.53791624555898e-08 -1.51561110632758e-07 -1.79379246956007e-05  3.49666998203768e-15 -8.65138846394597e-14  6.47464319674961e-15   3.0007491289358e-16   1.8534435024955e-05
  5.8387425311621e-09  6.53791624555898e-08       1.9999843270511 -3.01156360220036e-06  0.000359459866986389 -6.06577916600665e-13  1.38714543051226e-11  -1.2016168521081e-11 -4.89268188700546e-13 -0.000559099040142378
 1.37994786338809e-08 -1.51561110632758e-07 -3.01156360220036e-06      1.99996974413365  -0.00159480130298884  8.11837159384793e-14 -1.58705568779507e-12 -3.30258394119045e-12 -1.49449755536865e-13   0.00153410884948772
 -2.6617626599632e-06 -1.79379246956007e-05  0.000359459866986389  -0.00159480130298884      1.01680662422779 -2.27765736470161e-12   5.0795843457324e-11   7.9301503110564e-11  3.35747226751564e-12  0.000504288441111794
 2.34675596869332e-15  3.49666998203768e-15 -6.06577916600665e-13  8.11837159384793e-14 -2.27765736470161e-12      1.00153336892361  5.11583815993064e-15  8.97166281027411e-09  4.10835987945355e-06 -3.56485149571795e-12
-5.47158458107612e-14 -8.65138846394597e-14  1.38714543051226e-11 -1.58705568779507e-12   5.0795843457324e-11  5.11583815993064e-15      1.00153336892362 -4.10835987907579e-06  8.97166264822104e-09  8.00372443427038e-11
 2.44881002120191e-14  6.47464319674961e-15  -1.2016168521081e-11 -3.30258394119045e-12   7.9301503110564e-11  8.97166281027411e-09 -4.10835987907579e-06     0.998472904684004  5.14085617474179e-15  5.25404971908578e-11
 1.01955426521681e-15   3.0007491289358e-16 -4.89268188700546e-13 -1.49449755536865e-13  3.35747226751564e-12  4.10835987945355e-06  8.97166264822104e-09  5.14085617474179e-15     0.998472904684015  2.24004144916569e-12
 8.00152695753337e-07   1.8534435024955e-05 -0.000559099040142378   0.00153410884948772  0.000504288441111794 -3.56485149571795e-12  8.00372443427038e-11  5.25404971908578e-11  2.24004144916569e-12     0.983226759126821
TOTAL ENERGY: -127.163389388742	 lambda: 0.4	 population of target: 6.99994516362496
1RDM: 
     1.99999999989432  1.30274706846969e-11  6.75661306886748e-09  1.44743537769225e-08 -3.22928252578646e-06  2.39585393273019e-15 -5.57997472681911e-14   2.2662056422381e-14  9.42713603233041e-16  5.91803770687977e-07
 1.30274706846969e-11      1.99999999820246  6.97986630047832e-08 -1.69956513482786e-07 -2.02307436949532e-05  4.27797310606722e-15 -1.04006083422342e-13 -1.10503827899863e-14 -4.44193682176435e-16  2.07684062625586e-05
 6.75661306886748e-09  6.97986630047832e-08       1.9999836562054 -2.28475767101972e-06   0.00037023534411898  -6.2465226378821e-13  1.42771498727848e-11 -1.16830110300907e-11 -4.75077289192034e-13 -0.000644791750915267
 1.44743537769225e-08 -1.69956513482786e-07 -2.28475767101972e-06       1.9999704107588  -0.00176558450921085  1.33175717981719e-13  -2.7506130780083e-12 -4.50087795871905e-12 -2.00322722152901e-13   0.00166818879497388
-3.22928252578646e-06 -2.02307436949532e-05   0.00037023534411898  -0.00176558450921085      1.01481004879454 -2.00070203122242e-12  4.46180845516186e-11  6.97753479118117e-11  2.95412413045955e-12    0.0004762887964143
 2.39585393273019e-15  4.27797310606722e-15  -6.2465226378821e-13  1.33175717981719e-13 -2.00070203122242e-12      1.00135261170756  1.13759849815514e-15  8.48204918425201e-09   3.8934242600794e-06 -3.14586149294298e-12
-5.57997472681911e-14 -1.04006083422342e-13  1.42771498727848e-11  -2.7506130780083e-12  4.46180845516186e-11  1.13759849815514e-15      1.00135261170745 -3.89342425941017e-06  8.48204902720224e-09  7.06295021443467e-11
  2.2662056422381e-14 -1.10503827899863e-14 -1.16830110300907e-11 -4.50087795871905e-12  6.97753479118117e-11  8.48204918425201e-09 -3.89342425941017e-06     0.998653652861799  8.98448603258292e-16  4.64283622755726e-11
 9.42713603233041e-16 -4.44193682176435e-16 -4.75077289192034e-13 -2.00322722152901e-13  2.95412413045955e-12   3.8934242600794e-06  8.48204902720224e-09  8.98448603258292e-16      0.99865365286169  1.97941243761918e-12
 5.91803770687977e-07  2.07684062625586e-05 -0.000644791750915267   0.00166818879497388    0.0004762887964143 -3.14586149294298e-12  7.06295021443467e-11  4.64283622755726e-11  1.97941243761918e-12     0.985223357005964
TOTAL ENERGY: -127.163376809645	 lambda: 0.5	 population of target: 6.99997332180877
1RDM: 
     1.99999999987281  1.60962143902122e-11  7.51654258921165e-09  1.57614145759439e-08 -3.79332108643484e-06  2.42790215937175e-15 -5.65006168676763e-14  2.11381831525314e-14  8.78756406217031e-16  2.97558961358427e-07
 1.60962143902122e-11      1.99999999807408  7.24188739924692e-08 -1.84818030387017e-07 -2.20487490054982e-05    4.899730465054e-15 -1.17925770593155e-13 -2.49758372418871e-14 -1.03558751655329e-15  2.25508151795183e-05
 7.51654258921165e-09  7.24188739924692e-08      1.99998319837022 -1.82433760152775e-06  0.000365081728522975 -6.39102839917876e-13  1.46018175376681e-11 -1.14407578663991e-11 -4.64739695915063e-13 -0.000724654452601747
 1.57614145759439e-08 -1.84818030387017e-07 -1.82433760152775e-06      1.99997044071258  -0.00189954444394828  1.72297443427037e-13 -3.62602289461344e-12 -5.41126497383883e-12 -2.38967463905702e-13    0.0017645305961715
-3.79332108643484e-06 -2.20487490054982e-05  0.000365081728522975  -0.00189954444394828      1.01375960713939 -1.85444152722239e-12  4.13554477465188e-11   6.4749919806486e-11  2.74133862682753e-12   0.00046482255456499
 2.42790215937175e-15    4.899730465054e-15 -6.39102839917876e-13  1.72297443427037e-13 -1.85444152722239e-12      1.00125692347065 -1.42230914031081e-15  8.30912283647521e-09  3.80710468569557e-06 -2.92572834806049e-12
-5.65006168676763e-14 -1.17925770593155e-13  1.46018175376681e-11 -3.62602289461344e-12  4.13554477465188e-11 -1.42230914031081e-15      1.00125692347072 -3.80710468554879e-06  8.30912268254158e-09  6.56866907487328e-11
 2.11381831525314e-14 -2.49758372418871e-14 -1.14407578663991e-11 -5.41126497383883e-12   6.4749919806486e-11  8.30912283647521e-09 -3.80710468554879e-06     0.998749337017426 -1.26547044713684e-15  4.32282438702678e-11
 8.78756406217031e-16 -1.03558751655329e-15 -4.64739695915063e-13 -2.38967463905702e-13  2.74133862682753e-12  3.80710468569557e-06  8.30912268254158e-09 -1.26547044713684e-15     0.998749337017498  1.84295216160381e-12
 2.97558961358427e-07  2.25508151795183e-05 -0.000724654452601747    0.0017645305961715   0.00046482255456499 -2.92572834806049e-12  6.56866907487328e-11  4.32282438702678e-11  1.84295216160381e-12      0.98627423485466
TOTAL ENERGY: -127.163365275986	 lambda: 0.6	 population of target: 6.99999435021971
1RDM: 
     1.99999999984361    2.444058846466e-11  8.30418386826186e-09  1.78289694791339e-08 -4.37681996196686e-06  2.44762027487483e-15 -5.69239515796557e-14  1.97949010856681e-14  8.22529949245264e-16 -7.67980095347249e-08
   2.444058846466e-11      1.99999999795368  7.37048258898678e-08 -1.97449003350913e-07 -2.35440340663896e-05  5.41401969057485e-15 -1.29439134639338e-13 -3.64719049977733e-14 -1.52380764453411e-15  2.40314328455973e-05
 8.30418386826186e-09  7.37048258898678e-08      1.99998286137064 -1.58801216263671e-06  0.000346972917431126 -6.51358831481247e-13  1.48774900166552e-11 -1.12592970260272e-11 -4.56975848487411e-13 -0.000803698476788922
 1.78289694791339e-08 -1.97449003350913e-07 -1.58801216263671e-06        1.999970171146  -0.00201103227611666  2.03217103231051e-13 -4.31777682474868e-12 -6.13984994699546e-12 -2.69889521737624e-13   0.00183600454091948
-4.37681996196686e-06 -2.35440340663896e-05  0.000346972917431126  -0.00201103227611666      1.01333748301812 -1.79405747496459e-12  4.00081155923631e-11  6.26974962737441e-11  2.65442626650324e-12  0.000469193024155859
 2.44762027487483e-15  5.41401969057485e-15 -6.51358831481247e-13  2.03217103231051e-13 -1.79405747496459e-12      1.00121771682818 -6.99175327965725e-16  8.38940313626395e-09  3.84543121852888e-06 -2.83842028321427e-12
-5.69239515796557e-14 -1.29439134639338e-13  1.48774900166552e-11 -4.31777682474868e-12  4.00081155923631e-11 -6.99175327965725e-16      1.00121771682815 -3.84543121808296e-06  8.38940297862069e-09  6.37260937360409e-11
 1.97949010856681e-14 -3.64719049977733e-14 -1.12592970260272e-11 -6.13984994699546e-12  6.26974962737441e-11  8.38940313626395e-09 -3.84543121808296e-06     0.998788542075806 -7.79277766767958e-16  4.19836743081291e-11
 8.22529949245264e-16 -1.52380764453411e-15 -4.56975848487411e-13 -2.69889521737624e-13  2.65442626650324e-12  3.84543121852888e-06  8.38940297862069e-09 -7.79277766767958e-16      0.99878854207577  1.78987095745402e-12
-7.67980095347249e-08  2.40314328455973e-05 -0.000803698476788922   0.00183600454091948  0.000469193024155859 -2.83842028321427e-12  6.37260937360409e-11  4.19836743081291e-11  1.78987095745402e-12     0.986696968860074
TOTAL ENERGY: -127.163352553454	 lambda: 0.7	 population of target: 7.00001391320584
1RDM: 
     1.99999999980216  3.95087181056929e-11  9.36336706475873e-09  2.09609356003459e-08 -4.99829082908217e-06  2.45713809777521e-15 -5.71171845935548e-14  1.85631504398109e-14  7.71113839065559e-16 -5.35267616058349e-07
 3.95087181056929e-11      1.99999999784185  7.37467570256876e-08 -2.08614702685616e-07 -2.48033224631387e-05  5.85048426409512e-15 -1.39209924018258e-13 -4.62035560953557e-14 -1.93709682060217e-15  2.52953308646383e-05
 9.36336706475873e-09  7.37467570256876e-08      1.99998258508682 -1.57050788110492e-06   0.00031668736821234 -6.62246174089493e-13  1.51226991912365e-11 -1.11228988815335e-11   -4.511161695362e-13 -0.000885602307040456
 2.09609356003459e-08 -2.08614702685616e-07 -1.57050788110492e-06      1.99996971697574  -0.00210808772348849  2.28422101762205e-13 -4.88154384392773e-12 -6.74375637637946e-12 -2.95514156180959e-13   0.00188913623174242
-4.99829082908217e-06 -2.48033224631387e-05   0.00031668736821234  -0.00210808772348849      1.01343462310783 -1.80386515694113e-12  4.02261328553375e-11  6.30873575973509e-11  2.67091271033216e-12  0.000490904549659919
 2.45713809777521e-15  5.85048426409512e-15 -6.62246174089493e-13  2.28422101762205e-13 -1.80386515694113e-12      1.00122502010625 -4.37654846245689e-15  8.78020094677627e-09  4.02068986919629e-06 -2.86150946221011e-12
-5.71171845935548e-14 -1.39209924018258e-13  1.51226991912365e-11 -4.88154384392773e-12  4.02261328553375e-11 -4.37654846245689e-15      1.00122502010619  -4.0206898686548e-06  8.78020077620147e-09  6.42440623197584e-11
 1.85631504398109e-14 -4.62035560953557e-14 -1.11228988815335e-11 -6.74375637637946e-12  6.30873575973509e-11  8.78020094677627e-09  -4.0206898686548e-06     0.998781238941567   -4.497673115114e-15  4.23745692135646e-11
 7.71113839065559e-16 -1.93709682060217e-15   -4.511161695362e-13 -2.95514156180959e-13  2.67091271033216e-12  4.02068986919629e-06  8.78020077620147e-09   -4.497673115114e-15     0.998781238941512  1.80651644365472e-12
-5.35267616058349e-07  2.52953308646383e-05 -0.000885602307040456   0.00188913623174242  0.000490904549659919 -2.86150946221011e-12  6.42440623197584e-11  4.23745692135646e-11  1.80651644365472e-12     0.986600559090128
TOTAL ENERGY: -127.16333541896	 lambda: 0.8	 population of target: 7.00003669370849
1RDM: 
     1.99999999973991  6.40397881417745e-11  1.11473780499401e-08  2.56972638133685e-08 -5.67663435941649e-06  2.45709650021389e-15 -5.70942494952436e-14  1.73995201844977e-14  7.22682934849958e-16 -1.08991759271755e-06
 6.40397881417745e-11      1.99999999773798  7.23483611982748e-08 -2.18874733747614e-07 -2.58808816318397e-05  6.22793018440329e-15 -1.47659163837498e-13 -5.45900257766769e-14 -2.29326087726509e-15  2.63969218285611e-05
 1.11473780499401e-08  7.23483611982748e-08      1.99998231019406 -1.81178287963021e-06  0.000273510160192633 -6.72341921232731e-13  1.53504195351086e-11 -1.10228019084436e-11 -4.46785995488482e-13 -0.000973982947238937
 2.56972638133685e-08 -2.18874733747614e-07 -1.81178287963021e-06      1.99996909731621  -0.00219595336154614  2.49380081855466e-13 -5.35015947635735e-12 -7.25742786695723e-12 -3.17303247044426e-13   0.00192735010707562
-5.67663435941649e-06 -2.58808816318397e-05  0.000273510160192633  -0.00219595336154614      1.01407217791264 -1.88591810432967e-12  4.20551410178603e-11  6.60024836905096e-11  2.79430640424282e-12  0.000535212334653437
 2.45709650021389e-15  6.22793018440329e-15 -6.72341921232731e-13  2.49380081855466e-13 -1.88591810432967e-12      1.00128036572495  8.17371913202793e-16  9.53901778421235e-09  4.37392614680621e-06   -3.000120454609e-12
-5.70942494952436e-14 -1.47659163837498e-13  1.53504195351086e-11 -5.35015947635735e-12  4.20551410178603e-11  8.17371913202793e-16      1.00128036572483  -4.3739261460125e-06  9.53901764702146e-09  6.73555492313063e-11
 1.73995201844977e-14 -5.45900257766769e-14 -1.10228019084436e-11 -7.25742786695723e-12  6.60024836905096e-11  9.53901778421235e-09  -4.3739261460125e-06     0.998725895249858  5.49266415666096e-16  4.44886409435691e-11
 7.22682934849958e-16 -2.29326087726509e-15 -4.46785995488482e-13 -3.17303247044426e-13  2.79430640424282e-12  4.37392614680621e-06  9.53901764702146e-09  5.49266415666096e-16     0.998725895249736  1.89662321439847e-12
-1.08991759271755e-06  2.63969218285611e-05 -0.000973982947238937   0.00192735010707562  0.000535212334653437   -3.000120454609e-12  6.73555492313063e-11  4.44886409435691e-11  1.89662321439847e-12     0.985963895149854
TOTAL ENERGY: -127.16330738462	 lambda: 0.9	 population of target: 7.00006952668077
1RDM: 
     1.99999999963888  1.03414638002329e-10  1.46932461374188e-08  3.31449384244414e-08 -6.43490675703901e-06  2.44677349381222e-15 -5.68383803858898e-14  1.62767052242625e-14  6.76103573469463e-16 -1.76317652015474e-06
 1.03414638002329e-10      1.99999999764095  6.89154766359419e-08 -2.28776816157606e-07 -2.68129926514056e-05  6.55923852092273e-15 -1.55075205014137e-13 -6.19140247069028e-14 -2.60430977255643e-15    2.737397361208e-05
 1.46932461374188e-08  6.89154766359419e-08      1.99998193736995 -2.42851241929536e-06  0.000215114766151164  -6.8215700080775e-13  1.55721753013691e-11 -1.09542773486396e-11 -4.43780101496027e-13   -0.0010734551191595
 3.31449384244414e-08 -2.28776816157606e-07 -2.42851241929536e-06      1.99996825879113    -0.002278699207437  2.67001643758921e-13 -5.74398429105517e-12 -7.70340592813159e-12 -3.36212887437782e-13   0.00195207095179548
-6.43490675703901e-06 -2.68129926514056e-05  0.000215114766151164    -0.002278699207437      1.01541517997738 -2.06132039402579e-12  4.59655767517335e-11  7.21925675129138e-11  3.05633958964255e-12  0.000614637215281304
 2.44677349381222e-15  6.55923852092273e-15  -6.8215700080775e-13  2.67001643758921e-13 -2.06132039402579e-12      1.00139775693385 -7.76540399143425e-16  1.09423772221894e-08  5.00179106238801e-06 -3.29025156719905e-12
-5.68383803858898e-14 -1.55075205014137e-13  1.55721753013691e-11 -5.74398429105517e-12  4.59655767517335e-11 -7.76540399143425e-16      1.00139775693376 -5.00179106167324e-06  1.09423770486926e-08  7.38686179394483e-11
 1.62767052242625e-14 -6.19140247069028e-14 -1.09542773486396e-11 -7.70340592813159e-12  7.21925675129138e-11  1.09423772221894e-08 -5.00179106167324e-06     0.998608508690916 -9.53675307642421e-16  4.88787786056693e-11
 6.76103573469463e-16 -2.60430977255643e-15 -4.43780101496027e-13 -3.36212887437782e-13  3.05633958964255e-12  5.00179106238801e-06  1.09423770486926e-08 -9.53675307642421e-16     0.998608508690835  2.08375422820398e-12
-1.76317652015474e-06    2.737397361208e-05   -0.0010734551191595   0.00195207095179548  0.000614637215281304 -3.29025156719905e-12  7.38686179394483e-11  4.88787786056693e-11  2.08375422820398e-12     0.984622095332354
TOTAL ENERGY: -127.163251764489	 lambda: 1	 population of target: 7.00012773279005
1RDM: 
     1.99999999945488  1.69404709849605e-10  2.28301635136203e-08  4.58825292830961e-08 -7.30616212588512e-06   2.4233604519701e-15  -5.6285784590295e-14  1.51864573061197e-14  6.31074347319826e-16 -2.59639732050139e-06
 1.69404709849605e-10       1.9999999975491  6.20068496784776e-08 -2.39098806255132e-07 -2.76239114820808e-05  6.85371069013209e-15 -1.61668927327298e-13 -6.83738063731487e-14 -2.87853447851789e-15  2.82558041544095e-05
 2.28301635136203e-08  6.20068496784776e-08      1.99998121229324 -3.71782724753795e-06   0.00013645651194561 -6.92327846197462e-13  1.58022791800521e-11 -1.09153240383088e-11 -4.42001688896415e-13  -0.00119154547099859
 4.58825292830961e-08 -2.39098806255132e-07 -3.71782724753795e-06      1.99996703257388  -0.00236032011220779  2.81836011440354e-13 -6.07505484646691e-12 -8.09732534006655e-12 -3.52914022884713e-13   0.00196278403088481
-7.30616212588512e-06 -2.76239114820808e-05   0.00013645651194561  -0.00236032011220779      1.01789801878044 -2.38650636557923e-12   5.3206734611705e-11  8.36394125619961e-11  3.54130085669664e-12  0.000759606892007097
  2.4233604519701e-15  6.85371069013209e-15 -6.92327846197462e-13  2.81836011440354e-13 -2.38650636557923e-12      1.00161401329075  1.46518029815836e-15  1.33968099914555e-08  6.13597740975604e-06 -3.82668629885714e-12
 -5.6285784590295e-14 -1.61668927327298e-13  1.58022791800521e-11 -6.07505484646691e-12   5.3206734611705e-11  1.46518029815836e-15      1.00161401329056 -6.13597740848513e-06  1.33968098112765e-08  8.59016333530325e-11
 1.51864573061197e-14 -6.83738063731487e-14 -1.09153240383088e-11 -8.09732534006655e-12  8.36394125619961e-11  1.33968099914555e-08 -6.13597740848513e-06     0.998392262641626  1.06133707132046e-15  5.69892635684388e-11
 6.31074347319826e-16 -2.87853447851789e-15 -4.42001688896415e-13 -3.52914022884713e-13  3.54130085669664e-12  6.13597740975604e-06  1.33968098112765e-08  1.06133707132046e-15     0.998392262641441  2.42986973480252e-12
-2.59639732050139e-06  2.82558041544095e-05  -0.00119154547099859   0.00196278403088481  0.000759606892007097 -3.82668629885714e-12  8.59016333530325e-11  5.69892635684388e-11  2.42986973480252e-12     0.982141187484115
-------------------general-----------------------
mullikenoperator: 
  0.00262488670313032    0.0511649191631594  -0.00011979798027202  0.000365068927683891 -1.45097156571904e-05 -1.13572763159785e-15  2.78808635887762e-14 -6.69420499131072e-14 -2.72110046799903e-15 -7.58618470120417e-06
   0.0511649191631594      0.99737524885979  9.01349863733346e-05  9.62771568546026e-06 -4.85837499459218e-05  1.20628304384913e-14 -2.74337612581342e-13 -2.72400227727303e-13  -1.1365066501539e-14  4.80792200881567e-05
-0.000119797980272019  9.01349863733537e-05      0.10435792338046    -0.305720988520664  0.000411977462470278   2.8726615593428e-13 -6.83595512963352e-12  1.55569146196998e-11  6.49506907053394e-13  -0.00156723089311115
 0.000365068927683888  9.62771568539614e-06    -0.305720988520664     0.895624355580789  -0.00311543042648212  7.42663006541375e-13  -1.6514597707805e-11 -8.92582762685348e-12 -3.93962537607655e-13   0.00260798135461942
-1.45097156571902e-05 -4.85837499459191e-05   0.00041197746247028  -0.00311543042648213     0.482076564185669 -6.22106336053643e-13  1.44680737172249e-11 -1.56920027603739e-12 -5.46971456005332e-14      0.49967085412216
-1.13572763159708e-15  1.20628304384928e-14  2.87266155934202e-13   7.4266300654113e-13 -6.22106336077361e-13     0.498398140571803  2.97891447806862e-14   0.00109139637659055     0.499996253117725   3.7525125652708e-14
 2.78808635888202e-14 -2.74337612581232e-13 -6.83595512963463e-12 -1.65145977078045e-11  1.44680737173052e-11  2.97963302861898e-14     0.498398140571943    -0.499996253117725   0.00109139637659057 -1.08774896838311e-12
-6.69420499131499e-14 -2.72400227727394e-13  1.55569146197006e-11 -8.92582762685322e-12 -1.56920027611926e-12   0.00109139637659055    -0.499996253117725     0.501601859428057  3.02786898580985e-14  1.43773681138096e-11
  -2.721100467999e-15 -1.13650665015552e-14  6.49506907053365e-13 -3.93962537608045e-13  -5.4697145627658e-14     0.499996253117725   0.00109139637659055  3.02941766263038e-14     0.501601859428197  5.86826914975331e-13
-7.58618470120393e-06  4.80792200881601e-05  -0.00156723089311115   0.00260798135461942     0.499670854122161  3.75251256678794e-14 -1.08774896840338e-12  1.43773681138312e-11  5.86826914994178e-13     0.517941021290163
selected BF: 
0 1 2 3 4
selected lambdas: 
  -1 -0.9 -0.8 -0.7 -0.6 -0.5 -0.4 -0.3 -0.2 -0.1    0  0.1  0.2  0.3  0.4  0.5  0.6  0.7  0.8  0.9    1
RHF C: 
 2.41863162744807e-06    -0.995368035646249     0.260211252608451   0.00202428121533583  -0.00112668394875705 -1.49521868930548e-10 -3.37120663211861e-10 -5.93134702919904e-10  1.06551370859492e-10 -0.000536075674715313
-9.93398935449373e-06   -0.0189830179554426     -1.02860370146807  -0.00801799184242549   0.00450773661764999  5.95878558208854e-10  1.36188667854494e-09  2.32852949170454e-09  -4.1788099206975e-10   0.00213847998031892
-1.97772111456596e-12  4.94433905877292e-12 -1.04413317460946e-10 -1.27211361172267e-09  2.19073362818127e-07    0.0984208828092056   -0.0325301803444953    -0.312136204394698       0.9443654737577  9.70484609598196e-10
-5.61361079310623e-13  1.27931066337625e-11  1.05803158106793e-09 -2.53135638615387e-09  7.28489916718743e-07   -0.0325301773666521    -0.098420891818587     -0.94436547281847    -0.312136204705119  2.97883681333656e-09
-2.41772630538674e-05 -1.37328995824945e-05  -0.00441656542168596   0.00534706544812607    -0.999965516346603 -5.95956202815582e-12  -8.0412544121992e-08 -7.56151845363772e-07 -2.07237044010308e-08   0.00544590911963493
    0.995046464015207 -2.02750119834255e-06   0.00186689290830226    -0.263095901246376  -0.00180151849976733 -1.06183661773727e-09  3.22105547742984e-10 -6.79240477999856e-10 -3.35696598436279e-11  -0.00328567148380689
   0.0201198768221205  8.60826185243875e-06  -0.00728233411555329       1.0289241521421   0.00708161973169486  4.20925980175625e-09 -1.27143555553843e-09  2.68063221774324e-09  1.32837059750898e-10    0.0128081001398502
 -1.7563381312236e-11 -2.64220431513856e-12 -2.85138919016401e-10 -1.06237766886068e-09  1.05712817211237e-09     0.944346679862743    -0.312126179860139    0.0325936246410865   -0.0986118280764856 -2.62507646298273e-07
-5.51230026624516e-14 -8.26430088557342e-12 -1.44819244578947e-09  1.14798747550269e-09  1.37474413977842e-10    -0.312126180171125    -0.944346678921988    0.0986118370857182    0.0325936216633348 -1.05264484192956e-07
 1.05021674038341e-05 -1.86301303414252e-05  0.000924849372837321   -0.0124644452747533   0.00278118390135615   2.1501727322072e-07 -1.80792105249224e-07  2.41540720218238e-08 -2.23424953301468e-08     0.999922182006773
RDM (no constraint): 
     1.99999999896021 -2.43668826740552e-09 -2.86134921398204e-07  -4.4692082963997e-08   2.9759726745288e-06  1.50359354228577e-11 -3.94576269037353e-12  1.69265313478306e-12   1.1592379315671e-13 -7.88027894809903e-06
-2.43668826740552e-09      1.99999998341861 -2.63837933736664e-06 -3.79183295345934e-07  4.71328192714916e-05 -3.28985491739831e-12 -8.30402504254116e-13  4.99000908611858e-11  6.34762596347488e-13 -1.48534064249746e-05
-2.86134921398204e-07 -2.63837933736664e-06      1.99866478404426  -0.00023039485820551    0.0352371456488638  3.55038274802584e-11  1.32698499924415e-09   2.7783393204435e-08  1.16056754417495e-09  0.000622082403448075
 -4.4692082963997e-08 -3.79183295345934e-07  -0.00023039485820551      1.99978634648176   0.00481859204240635  4.15676642617884e-09 -1.45635923359394e-09    1.073688260396e-09  7.47405158800135e-11    0.0127857238994439
  2.9759726745288e-06  4.71328192714916e-05    0.0352371456488638   0.00481859204240635     0.999788102206023  1.17256201741826e-08 -1.33256857725952e-08  1.42871993934454e-09 -1.20340915166085e-09    0.0550721546275926
 1.50359354228577e-11 -3.28985491739831e-12  3.55038274802584e-11  4.15676642617884e-09  1.17256201741826e-08      1.00103459252694   6.1156932597489e-16 -1.75453852313483e-08    0.0048122481506509  3.43954679216276e-10
-3.94576269037353e-12 -8.30402504254116e-13  1.32698499924415e-09 -1.45635923359394e-09 -1.33256857725952e-08   6.1156932597489e-16      1.00103459261871   0.00481224813077855  1.75453938954788e-08  4.14997505824828e-09
 1.69265313478306e-12  4.99000908611858e-11   2.7783393204435e-08    1.073688260396e-09  1.42871993934454e-09 -1.75453852313483e-08   0.00481224813077855     0.998972192231872 -9.80403729329754e-16  4.24542939226458e-08
  1.1592379315671e-13  6.34762596347488e-13  1.16056754417495e-09  7.47405158800135e-11 -1.20340915166085e-09    0.0048122481506509  1.75453938954788e-08 -9.80403729329754e-16     0.998972192323648  4.52824801712415e-11
-7.88027894809903e-06 -1.48534064249746e-05  0.000622082403448075    0.0127857238994439    0.0550721546275926  3.43954679216276e-10  4.14997505824828e-09  4.24542939226458e-08  4.52824801712415e-11      1.00174721518797
RDM Eigenvectors: 
    0.998666650432852   -0.0512306845811864  -0.00587432777003154  -0.00241463811474485 -3.77451732389091e-06 -1.29959865842306e-11  4.57418741837588e-12  3.18826652777948e-12  1.05516385263076e-11  7.23536019424399e-06
   0.0512243482922081     0.998620040128722   0.00382219431616656   -0.0109302386270874  2.35613043429769e-05  5.46815395548957e-13 -3.64662010141334e-12  1.57851083559851e-11  3.93863032482124e-13  4.18852944662096e-05
-0.000933005300763004   -0.0115409521228551      0.32979537539617    -0.943315735673303     0.026490824006557 -1.73812855750311e-10  3.35669219718799e-10  1.74719614895179e-09  -4.3679971152116e-10    0.0235500608724118
 -0.00633278490709695  0.000328227473110537    -0.943934073400216    -0.329766080760664    0.0132598766450058 -1.26481460654185e-09  1.49719995569881e-09 -2.43044865173205e-09  6.81409493470118e-10  -0.00517308681849951
-6.31588216984778e-05 -0.000360151811293449    0.0064365213227804   -0.0351971698360909    -0.696681748214988 -1.36136808836105e-08 -5.36589312606093e-07  5.37451874529138e-07 -1.61914161814419e-08    -0.716487360972933
 -1.2301942756512e-11 -7.40373836833542e-12 -3.84324075363145e-09 -1.82657161412555e-09 -1.54709078046651e-07      0.77766623156306  0.000414642363352691  -0.00103711608883506     -0.62867637521096  1.48830142075717e-07
 4.30203603144704e-12  -1.3100032696544e-11  1.71744463165081e-09 -4.60352029674256e-10  6.89044215184657e-08 -0.000414642366595327     0.777666237560649     0.628676367792029  -0.00103711607671012 -1.77754500912793e-07
  -3.249429195419e-11 -2.72431398054413e-10  7.66970033102928e-09 -2.68773269051914e-08 -5.41418457975585e-07 -0.000337495301407646     0.628677132657607     -0.77766529458579   0.00128006505944168 -5.26350390576501e-07
-1.39384893566541e-12 -1.23326565767057e-11  2.85148711449443e-10 -1.08516433070913e-09  1.66251158490814e-09     0.628677140076776   0.00033749530540932    0.0012800650496046     0.777665288588395 -3.03724020392288e-08
 -9.3822493848963e-05 -3.73115222160948e-05   -0.0115295159697042  -0.00675377322271411    -0.716768409633975 -1.52977807600345e-07  1.21384222024629e-07  1.25709574102959e-07  1.52166353974864e-07     0.697183256801722
Total C: 
  -0.0512401398896712    -0.996996587012468    0.0801001042346287     -0.23520602753645   0.00806578229015138  6.15492397901653e-14 -1.58278070134632e-12  1.06919009598803e-11  4.49630448273867e-13   0.00650933961467357
 2.76701154600756e-05  -0.00708958213997138    -0.331728428083292     0.972976529635051    -0.032028577159828 -2.59455759423952e-13  6.66105222623597e-12 -4.22493994125651e-11 -1.77733483832109e-12   -0.0259218210722816
-2.02141930098475e-14 -2.29247100233624e-14  6.43753973402542e-12  4.26208385000224e-13 -2.41416342330793e-10     0.670358415163928    -0.221170988551843     0.223393313074986     0.672159547757122 -2.41822758538786e-10
-5.36219944741392e-14 -6.10124353999472e-14  1.69994534332472e-11  1.12301052929918e-12 -6.37254767969588e-10    -0.221170988551852    -0.670358415164036     0.672159547757015    -0.223393313074977  -6.3826325728195e-10
 8.05607341723857e-06  0.000400187289649446   -0.0130028386492172    0.0375623190006386     0.692708171203414  2.94994904895788e-11 -6.78111712621601e-10   6.8360892702108e-10  2.82290698146696e-11     0.720127778559347
    0.995384425368923   -0.0510860658558856     0.243141928269978    0.0826819788367976  0.000167231049140339 -9.17216582636878e-14  2.13396102153316e-12 -3.61434096886881e-12 -1.49543690897264e-13  0.000412232904807663
   0.0135826811061161 -0.000603420784525795    -0.973858494312157    -0.332819176976224 -0.000663660219488536   3.7732439917646e-13 -8.77761168775084e-12  1.45723309223074e-11  6.02940951847201e-13  -0.00163836550931431
-8.41562593193866e-16  5.09186911049443e-14 -1.28639376762841e-12  4.84424595024954e-12  1.98245433160483e-09     0.672509942307841     -0.22188084034364    -0.222678910445158    -0.670010010338825  -1.9060793769818e-09
-2.28320952384184e-15  1.33261060394083e-13 -3.39933014408789e-12  1.27803134406273e-11  5.21434962247186e-09    -0.221880840343631    -0.672509942307734    -0.670010010338932     0.222678910445167 -5.01341528754825e-09
-6.38523946674975e-06 -7.22175375717977e-05  0.000559775129394023  -0.00361303288633483    -0.718791009680705  2.44107691352784e-10 -5.46511736337084e-09 -5.46865134443528e-09 -2.32257705581202e-10     0.695222579498193
Basis set used: STO-3G
Naturals: 
 1.99999999993808  1.99999999746701  1.99999015582438  1.99990343958745  1.05501651134245  1.00492488670177  1.00492488670157 0.995081898149009 0.995081898148817 0.945076326139446
Naturals: 
 1.99999999993808  1.99999999746702  1.99999015582303  1.99990343970792  1.05501648806211  1.00492488551548  1.00492488551502 0.995081899330732 0.995081899330273 0.945076349310366
Version: Tmhuysen's fci hack
