Naturals in-correctThe Davidson algorithm did not converge.lambda: -1
The Davidson algorithm did not converge.lambda: -0.9
The Davidson algorithm did not converge.lambda: -0.8
The Davidson algorithm did not converge.lambda: -0.7
The Davidson algorithm did not converge.lambda: -0.6
The Davidson algorithm did not converge.lambda: -0.5
The Davidson algorithm did not converge.lambda: -0.4
The Davidson algorithm did not converge.lambda: -0.3
The Davidson algorithm did not converge.lambda: -0.2
The Davidson algorithm did not converge.lambda: -0.1
TOTAL ENERGY: -127.163771877356	 lambda: 0	 population of target: 6.99619617972225
1RDM: 
     1.99999999987394 -3.61654260909421e-16 -4.04304443410922e-14 -2.44354330865422e-13 -4.94132757682009e-12  8.57642589627352e-18 -5.52463062901601e-18  3.33102610399474e-18  7.03910788532922e-19 -5.08524451706705e-12
-3.61654260909421e-16      1.99999999581645 -1.47022053118518e-13 -8.90393329186573e-13 -1.42396016377139e-11  2.68961230378486e-16 -1.55031549125613e-16  5.10055218676005e-17  -1.1917398077561e-17  9.52678152285442e-12
-4.04304443410922e-14 -1.47022053118518e-13      1.99998848700358 -1.02007647120956e-11  1.33965978001818e-10   1.0026113819775e-16 -1.09355800031531e-17   4.3211033125592e-16  1.16481212577181e-15  1.11394350439373e-10
-2.44354330865422e-13 -8.90393329186573e-13 -1.02007647120956e-11       1.9998383626652 -8.92242121623094e-10   5.4819358587176e-16 -1.34515305349657e-16 -1.39247555676811e-16 -7.73662090234955e-16  3.76300782692655e-10
-4.94132757682009e-12 -1.42396016377139e-11  1.33965978001818e-10 -8.92242121623094e-10      1.07481253864997  3.91571479518096e-14 -2.45863624034862e-14 -3.55007475946093e-14 -6.19824712429737e-14  9.12126254046259e-10
 8.57642589627352e-18  2.68961230378486e-16   1.0026113819775e-16   5.4819358587176e-16  3.91571479518096e-14      1.00712149677501 -1.93878249709295e-15 -1.04030132938691e-10 -4.13525486504444e-12  6.53992552357299e-14
-5.52463062901601e-18 -1.55031549125613e-16 -1.09355800031531e-17 -1.34515305349657e-16 -2.45863624034862e-14 -1.93878249709295e-15      1.00712149677454  4.13471399312434e-12 -1.04029455259169e-10 -3.81424957922655e-14
 3.33102610399474e-18  5.10055218676005e-17   4.3211033125592e-16 -1.39247555676811e-16 -3.55007475946093e-14 -1.04030132938691e-10  4.13471399312434e-12     0.992887193899597 -8.37769874543776e-16 -2.60961704356186e-14
 7.03910788532922e-19  -1.1917398077561e-17  1.16481212577181e-15 -7.73662090234955e-16 -6.19824712429737e-14 -4.13525486504444e-12 -1.04029455259169e-10 -8.37769874543776e-16     0.992887193899135 -4.12210918072721e-14
-5.08524451706705e-12  9.52678152285442e-12  1.11394350439373e-10  3.76300782692655e-10  9.12126254046259e-10  6.53992552357299e-14 -3.81424957922655e-14 -2.60961704356186e-14 -4.12210918072721e-14     0.925343234642605
TOTAL ENERGY: -127.163676221033	 lambda: 0.1	 population of target: 6.9991232635846
1RDM: 
      1.9999999998671  5.59359075012901e-11  3.52404388053233e-09   2.2204636730318e-08 -1.89192253302035e-06  8.90192741337996e-18 -5.48923791805711e-18  2.90421981908531e-18  7.82077496007308e-19  1.23051879093512e-06
 5.59359075012901e-11      1.99999999729424  6.94088177893822e-08 -1.10944212693943e-07 -1.54536456545145e-05  2.69128326944339e-16 -1.56483878402602e-16  4.92302867285732e-17 -1.24680499399238e-17  1.71258081442709e-05
 3.52404388053233e-09  6.94088177893822e-08      1.99998497168901  -8.4198271851749e-06  0.000259540700751411  1.18807507042375e-16  5.05310334276959e-18  4.58322246028515e-16  1.16616528024695e-15 -0.000368208762140789
  2.2204636730318e-08 -1.10944212693943e-07  -8.4198271851749e-06       1.9999384991659  -0.00139920195633075  4.89394668407509e-16  -2.2082831551369e-16 -2.43955928208609e-16 -7.49819834104036e-16   0.00144848423888733
-1.89192253302035e-06 -1.54536456545145e-05  0.000259540700751411  -0.00139920195633075      1.03910251472637 -4.50431376688101e-15   3.9519386801271e-15 -1.91109308558664e-15 -7.24288023215652e-15   0.00106802052322998
 8.90192741337996e-18  2.69128326944339e-16  1.18807507042375e-16  4.89394668407509e-16 -4.50431376688101e-15        1.003772236207 -7.30202271203386e-15 -2.30761543907461e-08  9.70136165286569e-06  7.23894545950016e-15
-5.48923791805711e-18 -1.56483878402602e-16  5.05310334276959e-18  -2.2082831551369e-16   3.9519386801271e-15 -7.30202271203386e-15      1.00377223620731 -9.70136165241182e-06 -2.30761540466544e-08 -1.94363138553151e-15
 2.90421981908531e-18  4.92302867285732e-17  4.58322246028515e-16 -2.43955928208609e-16 -1.91109308558664e-15 -2.30761543907461e-08 -9.70136165241182e-06     0.996235576274984 -8.04530983189303e-15  3.88537239367607e-15
 7.82077496007308e-19 -1.24680499399238e-17  1.16616528024695e-15 -7.49819834104036e-16 -7.24288023215652e-15  9.70136165286569e-06 -2.30761540466544e-08 -8.04530983189303e-15     0.996235576275297   4.4234049010245e-15
 1.23051879093512e-06  1.71258081442709e-05 -0.000368208762140789   0.00144848423888733   0.00106802052322998  7.23894545950016e-15 -1.94363138553151e-15  3.88537239367607e-15   4.4234049010245e-15      0.96095839229282
TOTAL ENERGY: -127.163604767244	 lambda: 0.2	 population of target: 6.99963418197473
1RDM: 
     1.99999999984557  3.00510379569506e-11  6.92003058865981e-09  2.24635694459742e-08 -2.96427074777227e-06  9.08517398993965e-18 -5.28016322371307e-18  2.61017720082643e-18    1.001055379781e-18  1.39895197994589e-06
 3.00510379569506e-11      1.99999999707593  9.76994008381335e-08 -1.84982840656473e-07 -2.25664042375754e-05  2.68833261819568e-16  -1.5689782114475e-16  4.85643328585834e-17 -1.25371967327925e-17  2.42525488352431e-05
 6.92003058865981e-09  9.76994008381335e-08      1.99998257537616 -6.51806858681749e-06  0.000343459089041686  1.33477710134077e-16  5.54197808371585e-18  4.72824331325478e-16  1.16970608142467e-15 -0.000538715627514612
 2.24635694459742e-08 -1.84982840656473e-07 -6.51806858681749e-06      1.99995308572979  -0.00197241704698635   4.7144673354555e-16 -2.57776348123146e-16 -2.75003118785349e-16 -7.24265177202664e-16   0.00196532727930738
-2.96427074777227e-06 -2.25664042375754e-05  0.000343459089041686  -0.00197241704698635      1.02803455230382  -3.2375616088121e-15  2.85521342084463e-15 -1.38864224935493e-15 -5.19669200582458e-15   0.00101529729368809
 9.08517398993965e-18  2.68833261819568e-16  1.33477710134077e-16   4.7144673354555e-16  -3.2375616088121e-15      1.00271762629507 -1.47640336440785e-15 -2.21675416214614e-08  9.31477762703579e-06  5.13316784442436e-15
-5.28016322371307e-18  -1.5689782114475e-16  5.54197808371585e-18 -2.57776348123146e-16  2.85521342084463e-15 -1.47640336440785e-15       1.0027176262952 -9.31477762687193e-06 -2.21675413800505e-08 -1.35697390464234e-15
 2.61017720082643e-18  4.85643328585834e-17  4.72824331325478e-16 -2.75003118785349e-16 -1.38864224935493e-15 -2.21675416214614e-08 -9.31477762687193e-06     0.997290041587719 -1.80711406865861e-15  2.78481027557219e-15
   1.001055379781e-18 -1.25371967327925e-17  1.16970608142467e-15 -7.24265177202664e-16 -5.19669200582458e-15  9.31477762703579e-06 -2.21675413800505e-08 -1.80711406865861e-15     0.997290041587858  3.09448402647685e-15
 1.39895197994589e-06  2.42525488352431e-05 -0.000538715627514612   0.00196532727930738   0.00101529729368809  5.13316784442436e-15 -1.35697390464234e-15  2.78481027557219e-15  3.09448402647685e-15     0.972014453902904
TOTAL ENERGY: -127.163561340635	 lambda: 0.3	 population of target: 6.99981287130011
1RDM: 
     1.99999999981904  9.07049235668075e-12    9.243389243869e-09  2.20482920783597e-08 -3.83146342465067e-06   9.2863084760405e-18 -5.05813600939278e-18  2.33692371545248e-18   1.2233396959109e-18  1.27024513950778e-06
 9.07049235668075e-12      1.99999999673402  1.12918864740122e-07 -2.35824265883442e-07 -2.71566144057546e-05   2.6851584556013e-16  -1.5707646800552e-16  4.80974381705181e-17 -1.26888598817296e-17  2.88169798854814e-05
   9.243389243869e-09  1.12918864740122e-07      1.99998117010491 -4.81442540298046e-06  0.000373707045008576   1.4665532698715e-16  2.39944727605897e-18  4.85013572439942e-16  1.17627071408979e-15 -0.000664481846739117
 2.20482920783597e-08 -2.35824265883442e-07 -4.81442540298046e-06      1.99995664404006   -0.0023180403932543   4.6373601455154e-16 -2.80958573475548e-16 -2.91087569988706e-16 -7.06676289881585e-16    0.0022560560159274
-3.83146342465067e-06 -2.71566144057546e-05  0.000373707045008576   -0.0023180403932543      1.02292000717401 -2.63831827732059e-15   2.3484448602386e-15 -1.14015755554593e-15 -4.23862645642371e-15  0.000934725099627674
  9.2863084760405e-18   2.6851584556013e-16   1.4665532698715e-16   4.6373601455154e-16 -2.63831827732059e-15       1.0022270362891 -5.25676247914514e-15 -2.05596391853634e-08  8.62551032987009e-06  4.16177731678902e-15
-5.05813600939278e-18  -1.5707646800552e-16  2.39944727605897e-18 -2.80958573475548e-16   2.3484448602386e-15 -5.25676247914514e-15      1.00222703628918 -8.62551032974269e-06 -2.05596389915676e-08 -1.09073559095008e-15
 2.33692371545248e-18  4.80974381705181e-17  4.85013572439942e-16 -2.91087569988706e-16 -1.14015755554593e-15 -2.05596391853634e-08 -8.62551032974269e-06     0.997780585611298 -5.44436284191948e-15  2.28102280400181e-15
  1.2233396959109e-18 -1.26888598817296e-17  1.17627071408979e-15 -7.06676289881585e-16 -4.23862645642371e-15  8.62551032987009e-06 -2.05596389915676e-08 -5.44436284191948e-15     0.997780585611377  2.48524629524579e-15
 1.27024513950778e-06  2.88169798854814e-05 -0.000664481846739117    0.0022560560159274  0.000934725099627674  4.16177731678902e-15 -1.09073559095008e-15  2.28102280400181e-15  2.48524629524579e-15     0.977126938327048
TOTAL ENERGY: -127.163531493157	 lambda: 0.4	 population of target: 6.99989937247243
1RDM: 
      1.9999999997858 -3.08811479467366e-12  1.10816146935701e-08  2.24621760788153e-08 -4.63344171021837e-06  9.50176974818664e-18 -4.83333693029397e-18   2.0758598837454e-18  1.45319487532749e-18  9.78727359190839e-07
-3.08811479467366e-12      1.99999999640093  1.22190884547867e-07  -2.7431600074836e-07 -3.05247013533659e-05  2.68184799782454e-16 -1.57145072036341e-16   4.7715118326201e-17 -1.28897251840181e-17  3.22202781933273e-05
 1.10816146935701e-08  1.22190884547867e-07      1.99998025116358 -3.63989801396698e-06  0.000375970360748436  1.60123640691207e-16 -3.01238063937253e-18  4.96832917936172e-16  1.18510940950797e-15 -0.000774623616435512
 2.24621760788153e-08  -2.7431600074836e-07 -3.63989801396698e-06      1.99995735080681  -0.00256367986117019  4.59985893297245e-16 -2.98041348809742e-16 -3.00909617566829e-16 -6.93016628858388e-16   0.00244986684723012
-4.63344171021837e-06 -3.05247013533659e-05  0.000375970360748436  -0.00256367986117019      1.02022039552355 -2.31512641963157e-15  2.08305897561871e-15 -1.00678777085448e-15 -3.72629943224499e-15  0.000884003664346164
 9.50176974818664e-18  2.68184799782454e-16  1.60123640691207e-16  4.59985893297245e-16 -2.31512641963157e-15      1.00196677824205  5.99961008281938e-16 -1.94415241485145e-08  8.18717766503416e-06  3.64476825585078e-15
-4.83333693029397e-18 -1.57145072036341e-16 -3.01238063937253e-18 -2.98041348809742e-16  2.08305897561871e-15  5.99961008281938e-16      1.00196677824214 -8.18717766506316e-06 -1.94415239627346e-08 -9.49522975741158e-16
  2.0758598837454e-18   4.7715118326201e-17  4.96832917936172e-16 -3.00909617566829e-16 -1.00678777085448e-15 -1.94415241485145e-08 -8.18717766506316e-06     0.998040824667384  3.88991112264628e-16  2.01787887041329e-15
 1.45319487532749e-18 -1.28897251840181e-17  1.18510940950797e-15 -6.93016628858388e-16 -3.72629943224499e-15  8.18717766503416e-06 -1.94415239627346e-08  3.88991112264628e-16     0.998040824667473  2.15959911425037e-15
 9.78727359190839e-07  3.22202781933273e-05 -0.000774623616435512   0.00244986684723012  0.000884003664346164  3.64476825585078e-15 -9.49522975741158e-16  2.01787887041329e-15  2.15959911425037e-15     0.979826800500314
TOTAL ENERGY: -127.163507975666	 lambda: 0.5	 population of target: 6.99995201017344
1RDM: 
     1.99999999974247  -6.2650619941367e-12   1.2817951555488e-08  2.39824522557268e-08 -5.42699715442824e-06  9.73220292037139e-18 -4.61052927695959e-18  1.82525252531598e-18  1.69404821027936e-18  5.62397175519562e-07
 -6.2650619941367e-12      1.99999999609632  1.27993374162143e-07   -3.052726423846e-07 -3.31549223301682e-05  2.67844447985604e-16  -1.5714868574055e-16  4.73792192008052e-17 -1.31233689328117e-17  3.49537771921224e-05
  1.2817951555488e-08  1.27993374162143e-07      1.99997958217018  -2.8988270562991e-06  0.000358713418920819  1.74612344551226e-16 -1.03100993222366e-17  5.09058537926887e-16  1.19607168253488e-15 -0.000879959592897958
 2.39824522557268e-08   -3.052726423846e-07  -2.8988270562991e-06      1.99995705907862  -0.00275472635790705  4.58483606767772e-16 -3.11883147369338e-16  -3.0721479555404e-16 -6.81449582538453e-16   0.00258964940892869
-5.42699715442824e-06 -3.31549223301682e-05  0.000358713418920819  -0.00275472635790705      1.01881351652004 -2.14063286470529e-15  1.94804156551393e-15 -9.36268873367476e-16 -3.45322278476836e-15  0.000864213996133486
 9.73220292037139e-18  2.67844447985604e-16  1.74612344551226e-16  4.58483606767772e-16 -2.14063286470529e-15       1.0018301910885  3.53149546154999e-15 -1.90834249405296e-08  8.02032118850467e-06  3.36803809527629e-15
-4.61052927695959e-18  -1.5714868574055e-16 -1.03100993222366e-17 -3.11883147369338e-16  1.94804156551393e-15  3.53149546154999e-15      1.00183019108859  -8.0203211885657e-06 -1.90834247539413e-08  -8.7318025985148e-16
 1.82525252531598e-18  4.73792192008052e-17  5.09058537926887e-16  -3.0721479555404e-16 -9.36268873367476e-16 -1.90834249405296e-08  -8.0203211885657e-06     0.998177403281497  3.31975840172877e-15  1.88344633344664e-15
 1.69404821027936e-18 -1.31233689328117e-17  1.19607168253488e-15 -6.81449582538453e-16 -3.45322278476836e-15  8.02032118850467e-06 -1.90834247539413e-08  3.31975840172877e-15     0.998177403281586   1.9817901489953e-15
 5.62397175519562e-07  3.49537771921224e-05 -0.000879959592897958   0.00258964940892869  0.000864213996133486  3.36803809527629e-15  -8.7318025985148e-16  1.88344633344664e-15   1.9817901489953e-15     0.981234657652186
TOTAL ENERGY: -127.163486235014	 lambda: 0.6	 population of target: 6.99999164204441
1RDM: 
     1.99999999968367  1.07430322830228e-13  1.48127317897503e-08  2.68561168997984e-08 -6.24561411924048e-06  9.97968080907239e-18 -4.39310859864873e-18  1.58560684522008e-18  1.94927109073753e-18  2.98744584848398e-08
 1.07430322830228e-13      1.99999999582192  1.31305907480504e-07 -3.31151523310158e-07  -3.5280655365029e-05  2.67495010466367e-16 -1.57107430195574e-16  4.70723676671588e-17 -1.33813927549854e-17  3.72506617440716e-05
 1.48127317897503e-08  1.31305907480504e-07       1.9999790313157 -2.52517027750136e-06  0.000324945293976734    1.906809091338e-16 -1.94708137047081e-17  5.22208359665771e-16  1.20931454286584e-15 -0.000986543962749418
 2.68561168997984e-08 -3.31151523310158e-07 -2.52517027750136e-06      1.99995633866073  -0.00291229705798821  4.58612109193843e-16 -3.23861353794105e-16 -3.11146468016142e-16 -6.70990431803364e-16   0.00269419097352702
-6.24561411924048e-06  -3.5280655365029e-05  0.000324945293976734  -0.00291229705798821       1.0182699290552 -2.06518432538815e-15  1.90114485163389e-15 -9.08285133571968e-16 -3.33948733155984e-15  0.000874324353182084
 9.97968080907239e-18  2.67495010466367e-16    1.906809091338e-16  4.58612109193843e-16 -2.06518432538815e-15      1.00177617521763  2.99144871105435e-15 -1.93252076365533e-08   8.1192101645449e-06  3.24918095350292e-15
-4.39310859864873e-18 -1.57107430195574e-16 -1.94708137047081e-17 -3.23861353794105e-16  1.90114485163389e-15  2.99144871105435e-15      1.00177617521762 -8.11921016416268e-06 -1.93252074449819e-08 -8.38647835882094e-16
 1.58560684522008e-18  4.70723676671588e-17  5.22208359665771e-16 -3.11146468016142e-16 -9.08285133571968e-16 -1.93252076365533e-08 -8.11921016416268e-06     0.998231415934981  3.02171716251175e-15  1.83525350199708e-15
 1.94927109073753e-18 -1.33813927549854e-17  1.20931454286584e-15 -6.70990431803364e-16 -3.33948733155984e-15   8.1192101645449e-06 -1.93252074449819e-08  3.02171716251175e-15     0.998231415934968  1.89946950424256e-15
 2.98744584848398e-08  3.72506617440716e-05 -0.000986543962749418   0.00269419097352702  0.000874324353182084  3.24918095350292e-15 -8.38647835882094e-16  1.83525350199708e-15  1.89946950424256e-15     0.981779523157598
TOTAL ENERGY: -127.163461957108	 lambda: 0.7	 population of target: 7.00002896668856
1RDM: 
     1.99999999960008  1.76215429792612e-11  1.75918137322496e-08  3.15369204268372e-08 -7.11599290066805e-06  1.02474616637083e-17 -4.18435675732215e-18  1.35877800049629e-18  2.22281322252649e-18 -6.25055466694135e-07
 1.76215429792612e-11      1.99999999557611  1.32438184646765e-07 -3.53371972266721e-07 -3.70321111996293e-05  2.67133848302299e-16 -1.57030875805023e-16  4.67849930604666e-17 -1.36594761697576e-17  3.92444524710787e-05
 1.75918137322496e-08  1.32438184646765e-07      1.99997849609442 -2.51429204672296e-06  0.000275088632686078  2.08955255086469e-16 -3.06903619837599e-17  5.36783900003574e-16  1.22524550725888e-15  -0.00109914557954569
 3.15369204268372e-08 -3.53371972266721e-07 -2.51429204672296e-06      1.99995537988344  -0.00304813223943445  4.60159925899269e-16 -3.34782350558652e-16 -3.13235584932914e-16 -6.60999991513144e-16   0.00277301856962592
-7.11599290066805e-06 -3.70321111996293e-05  0.000275088632686078  -0.00304813223943445      1.01844674153684 -2.07166761598435e-15  1.92895141770039e-15 -9.16174555110232e-16 -3.35780700650401e-15  0.000917574933110033
 1.02474616637083e-17  2.67133848302299e-16  2.08955255086469e-16  4.60159925899269e-16 -2.07166761598435e-15      1.00179077583122 -2.57439831639942e-16 -2.02447770738361e-08  8.51355829580827e-06  3.25929549323745e-15
-4.18435675732215e-18 -1.57030875805023e-16 -3.06903619837599e-17 -3.34782350558652e-16  1.92895141770039e-15 -2.57439831639942e-16      1.00179077583133 -8.51355829603762e-06 -2.02447769125333e-08 -8.37512793279863e-16
 1.35877800049629e-18  4.67849930604666e-17  5.36783900003574e-16 -3.13235584932914e-16 -9.16174555110232e-16 -2.02447770738361e-08 -8.51355829603762e-06     0.998216815827345 -5.19125542964116e-16  1.85950878363447e-15
 2.22281322252649e-18 -1.36594761697576e-17  1.22524550725888e-15 -6.60999991513144e-16 -3.35780700650401e-15  8.51355829580827e-06 -2.02447769125333e-08 -5.19125542964116e-16     0.998216815827455  1.89350107413016e-15
-6.25055466694135e-07  3.92444524710787e-05  -0.00109914557954569   0.00277301856962592  0.000917574933110033  3.25929549323745e-15 -8.37512793279863e-16  1.85950878363447e-15  1.89350107413016e-15      0.98160420399176
TOTAL ENERGY: -127.163428757603	 lambda: 0.8	 population of target: 7.00007309796717
1RDM: 
     1.99999999947413  4.94549728897441e-11  2.21695776007538e-08  3.89180443436171e-08  -8.0648405581798e-06  1.05404204069667e-17 -3.98813906084664e-18   1.1480227248317e-18  2.51992917187531e-18 -1.42094108453458e-06
 4.94549728897441e-11      1.99999999535733   1.3123711832355e-07 -3.72843294672725e-07 -3.84879855959817e-05  2.66755309066799e-16 -1.56922610784436e-16  4.65110549121438e-17 -1.39559626512505e-17  4.10233735870928e-05
 2.21695776007538e-08   1.3123711832355e-07      1.99997784936811 -2.93882333890899e-06  0.000207665415712366   2.3029976107956e-16 -4.43867348981377e-17  5.53410150382358e-16  1.24459398815701e-15  -0.00122282581115917
 3.89180443436171e-08 -3.72843294672725e-07 -2.93882333890899e-06      1.99995421707369  -0.00316979027603237  4.63142967811924e-16 -3.45215986069801e-16  -3.1370239489212e-16 -6.50962096054677e-16   0.00283116667128832
 -8.0648405581798e-06 -3.84879855959817e-05  0.000207665415712366  -0.00316979027603237      1.01938358234382 -2.16374062840848e-15  2.03688109576555e-15 -9.62294234996425e-16 -3.51431614145479e-15   0.00100462932094461
 1.05404204069667e-17  2.66755309066799e-16   2.3029976107956e-16  4.63142967811924e-16 -2.16374062840848e-15      1.00187716679027  1.73927041958028e-15 -2.21182166058676e-08  9.29722214926069e-06  3.40237035017007e-15
-3.98813906084664e-18 -1.56922610784436e-16 -4.43867348981377e-17 -3.45215986069801e-16  2.03688109576555e-15  1.73927041958028e-15      1.00187716679031 -9.29722214914758e-06 -2.21182164115514e-08 -8.69953310950903e-16
  1.1480227248317e-18  4.65110549121438e-17  5.53410150382358e-16  -3.1370239489212e-16 -9.62294234996425e-16 -2.21182166058676e-08 -9.29722214914758e-06     0.998130429311755  1.64867337652402e-15  1.96076493965424e-15
 2.51992917187531e-18 -1.39559626512505e-17  1.24459398815701e-15 -6.50962096054677e-16 -3.51431614145479e-15  9.29722214926069e-06 -2.21182164115514e-08  1.64867337652402e-15     0.998130429311793  1.96443411463628e-15
-1.42094108453458e-06  4.10233735870928e-05  -0.00122282581115917   0.00283116667128832   0.00100462932094461  3.40237035017007e-15 -8.69953310950903e-16  1.96076493965424e-15  1.96443411463628e-15     0.980669164178842
TOTAL ENERGY: -127.163373491668	 lambda: 0.9	 population of target: 7.0001378123774
1RDM: 
     1.99999999926844  1.01561000292968e-10  3.08858532315103e-08  5.08769445845658e-08 -9.12449124516395e-06  1.08661956256894e-17 -3.80971700045096e-18  9.58705512003605e-19   2.8483837893379e-18 -2.39277660652137e-06
 1.01561000292968e-10      1.99999999516548  1.27020960861064e-07 -3.90189816950183e-07 -3.96953274813172e-05  2.66348368340813e-16 -1.56780841924937e-16  4.62463461227796e-17 -1.42715938301633e-17  4.26544469240683e-05
 3.08858532315103e-08  1.27020960861064e-07      1.99997684746986 -4.00621539853416e-06  0.000118950833576298  2.56100768886509e-16  -6.1315153642908e-17  5.73023193204186e-16  1.26864945037142e-15  -0.00136449693572135
 5.08769445845658e-08 -3.90189816950183e-07 -4.00621539853416e-06      1.99995277392277  -0.00328297355064667  4.67795892078743e-16 -3.55668365965381e-16 -3.12538874540663e-16 -6.40332999663667e-16   0.00287084187706662
-9.12449124516395e-06 -3.96953274813172e-05  0.000118950833576298  -0.00328297355064667      1.02132878231378 -2.36884028585466e-15  2.25256867658959e-15 -1.05973273422116e-15 -3.85315183591899e-15   0.00116086994875007
 1.08661956256894e-17  2.66348368340813e-16  2.56100768886509e-16  4.67795892078743e-16 -2.36884028585466e-15      1.00205768791529  3.19019470198656e-16 -2.54304729302943e-08  1.06907703664105e-05  3.71836469220812e-15
-3.80971700045096e-18 -1.56780841924937e-16  -6.1315153642908e-17 -3.55668365965381e-16  2.25256867658959e-15  3.19019470198656e-16      1.00205768791545 -1.06907703669754e-05 -2.54304727406241e-08 -9.44967533152772e-16
 9.58705512003605e-19  4.62463461227796e-17  5.73023193204186e-16 -3.12538874540663e-16 -1.05973273422116e-15 -2.54304729302943e-08 -1.06907703669754e-05     0.997949918791705 -6.70186609396857e-17  2.16469891989329e-15
  2.8483837893379e-18 -1.42715938301633e-17  1.26864945037142e-15 -6.40332999663667e-16 -3.85315183591899e-15  1.06907703664105e-05 -2.54304727406241e-08 -6.70186609396857e-17     0.997949918791867  2.13336319666344e-15
-2.39277660652137e-06  4.26544469240683e-05  -0.00136449693572135   0.00287084187706662   0.00116086994875007  3.71836469220812e-15 -9.44967533152772e-16  2.16469891989329e-15  2.13336319666344e-15     0.978726388445393
TOTAL ENERGY: -127.163261531914	 lambda: 1	 population of target: 7.00025495414364
1RDM: 
     1.99999999888935  1.85398449610014e-10  5.01606758114621e-08  7.18928748980328e-08  -1.0340727516158e-05  1.12382103519126e-17 -3.65735048258089e-18   8.0036111722878e-19  3.22137956578903e-18 -3.60672386222055e-06
 1.85398449610014e-10      1.99999999500375  1.18179217419107e-07 -4.05845614965195e-07 -4.06768261872888e-05  2.65890223730016e-16 -1.56595767302784e-16  4.59876345375349e-17 -1.46108955791668e-17  4.42010995460905e-05
 5.01606758114621e-08  1.18179217419107e-07      1.99997484795049  -6.2500830241286e-06  1.22547929273918e-06  2.88964558422657e-16 -8.29141967696764e-17  5.97299730514923e-16  1.29992351787217e-15  -0.00153607359901594
 7.18928748980328e-08 -4.05845614965195e-07  -6.2500830241286e-06      1.99995080227616  -0.00339308567854741  4.74715452947028e-16 -3.66746021525968e-16 -3.09451775133977e-16 -6.28337932921462e-16   0.00289149181757756
 -1.0340727516158e-05 -4.06768261872888e-05  1.22547929273918e-06  -0.00339308567854741      1.02493434601039 -2.76084868899778e-15  2.64740194124267e-15  -1.2430094224772e-15 -4.49196819165268e-15   0.00144887516772388
 1.12382103519126e-17  2.65890223730016e-16  2.88964558422657e-16  4.74715452947028e-16 -2.76084868899778e-15      1.00239082223536 -2.36327973834793e-15 -3.15244354539258e-08  1.32295527964005e-05  4.31483211766946e-15
-3.65735048258089e-18 -1.56595767302784e-16 -8.29141967696764e-17 -3.66746021525968e-16  2.64740194124267e-15 -2.36327973834793e-15      1.00239082223536 -1.32295527959499e-05 -3.15244352664771e-08 -1.08728562489824e-15
  8.0036111722878e-19  4.59876345375349e-17  5.97299730514923e-16 -3.09451775133977e-16  -1.2430094224772e-15 -3.15244354539258e-08 -1.32295527959499e-05     0.997616808158628  -2.3561326317348e-15  2.53788660794666e-15
 3.22137956578903e-18 -1.46108955791668e-17  1.29992351787217e-15 -6.28337932921462e-16 -4.49196819165268e-15  1.32295527964005e-05 -3.15244352664771e-08  -2.3561326317348e-15     0.997616808158625  2.45878707722737e-15
-3.60672386222055e-06  4.42010995460905e-05  -0.00153607359901594   0.00289149181757756   0.00144887516772388  4.31483211766946e-15 -1.08728562489824e-15  2.53788660794666e-15  2.45878707722737e-15     0.975124749081914
-------------------general-----------------------
mullikenoperator: 
  0.00281316859332688    0.0529636283575823 -3.37116360554486e-06  0.000329674797952626 -1.97603155546023e-05  3.73531665800966e-17  6.13060502437643e-17 -6.80054846530795e-17  2.16129921767027e-17 -9.96108724121404e-06
   0.0529636283575823     0.997184185317742   0.00159260710251058  0.000439339240152315 -7.21887053910636e-05  1.02112266524879e-16 -3.42977096654935e-17 -7.87046917802074e-17  -1.8611936779759e-16  7.31250192890856e-05
-3.37116360554523e-06   0.00159260710251059    0.0762490842969892    -0.265386001306362  0.000390357700381178 -5.53166427800302e-16  1.91508041575998e-16  6.08204773649413e-17 -2.11280152002457e-16  -0.00203056540571941
 0.000329674797952629  0.000439339240152325    -0.265386001306362     0.923718007308932  -0.00447235880272125  4.96228419814663e-16 -4.26436000333492e-16 -4.56447774273887e-16 -7.09638641473785e-16   0.00378656340397107
-1.97603155546024e-05 -7.21887053910633e-05   0.00039035770038118  -0.00447235880272125     0.475672823979827 -3.31671991616025e-16    4.740135280934e-16  5.89702964517455e-16  6.55795972111581e-16     0.499392034236784
 3.73531665800729e-17  1.02112266526255e-16  -5.5316642781954e-16  4.96228419912321e-16 -3.31671991409515e-16     0.497687479336959 -2.32705303395419e-14  -0.00118953797967889     0.499993261213401 -6.12845104820842e-16
 6.13060502437163e-17 -3.42977096655601e-17  1.91508041579429e-16 -4.26436000322359e-16  4.74013528018751e-16 -2.32826426882629e-14     0.497687479337047    -0.499993261213402  -0.00118953797967931  5.46984011384575e-16
-6.80054846530303e-17 -7.87046917801601e-17  6.08204773558366e-17 -4.56447774265503e-16   5.8970296467155e-16  -0.00118953797967888    -0.499993261213402     0.502312520662954 -2.32765216689713e-14  5.62637416068673e-16
 2.16129921765844e-17 -1.86119367796903e-16 -2.11280152015527e-16 -7.09638641398512e-16  6.55795973188607e-16     0.499993261213401  -0.00118953797967927 -2.32989899069711e-14     0.502312520663041  4.11094769117003e-16
-9.96108724121416e-06  7.31250192890861e-05   -0.0020305654057194   0.00378656340397107     0.499392034236784 -6.12845106085558e-16  5.46984011681288e-16  5.62637415689465e-16  4.11094766929502e-16     0.524362730503184
selected BF: 
0 1 2 3 4
selected lambdas: 
  -1 -0.9 -0.8 -0.7 -0.6 -0.5 -0.4 -0.3 -0.2 -0.1    0  0.1  0.2  0.3  0.4  0.5  0.6  0.7  0.8  0.9    1
RHF C: 
-3.54096911294131e-06    -0.995366794567909     0.260207743721188   0.00281048281907898  -0.00127164435044059  5.66591491439132e-12  1.31337036119532e-11  6.85240873975925e-12 -1.70727511989825e-12 -0.000761359482449389
 1.58426949573945e-05   -0.0189879254097657     -1.02857094691701   -0.0111301843461747   0.00508782000061864 -2.26728921248012e-11 -5.26318092824383e-11 -2.66938890236376e-11  6.58911490247144e-12   0.00303836379465237
-5.18829070260157e-14  2.93336926632049e-13   3.5475037194868e-11 -4.31966077810151e-11  1.35375405802652e-08     0.014503962931748     0.105799509977042     0.985067355816542    -0.135049988143046  7.21481818482992e-11
-2.05641632826392e-14  6.39883212904025e-14  9.23564009071904e-12 -6.41734504971535e-12  2.73373094231078e-09     0.105799507056725   -0.0145039633320913    -0.135049988100051    -0.985067356130194  1.37221291862752e-11
 3.56808650685941e-05 -1.56217268896112e-05  -0.00500954181063788   0.00710329316852693    -0.999942775943596  4.45598987978688e-10  1.32476212318452e-09  1.29726747246736e-08 -4.52516476050041e-09   0.00757369294877257
   -0.995047619311595 -3.65822021760382e-06   0.00256749457675118    -0.263078551263957  -0.00245006143001587  1.88200943754391e-11  3.64466698941195e-11  1.72327605226377e-11 -5.96670697529794e-12  -0.00345434341961577
  -0.0201153618798262  1.41316284376981e-05   -0.0100126338082708      1.02887360924648    0.0096454546733186 -7.46516460264498e-11 -1.44637478310466e-10 -6.81925152706912e-11  2.36199443224266e-11    0.0134656808728248
-6.02349069291394e-13 -1.61167516623482e-13 -3.57983733895638e-11  7.13944001429589e-11 -3.62787708404165e-11     0.135037649442765     0.985035594498759    -0.106104673690185    0.0145466514871029  5.30966662508154e-09
-2.12100019950643e-13 -3.13124011099053e-14   -8.229178849842e-12  2.19149831525171e-11 -1.43289278673433e-11     0.985035594813315    -0.135037649399643    0.0145466518874098     0.106104670769962  2.22732910335139e-09
 -1.0917103750621e-05 -2.78750799606489e-05   0.00124272389645686   -0.0131196454792597   0.00373713266814615 -2.91469989746894e-09  -4.9408672465172e-09  4.11041645997363e-10 -2.72255328086584e-10     0.999914910690836
RDM (no constraint): 
     1.99999999867275  3.64030709331748e-09  4.23208890865695e-07  8.59789138584901e-08 -3.99466922869833e-06  2.72390479845486e-13  5.36958486118718e-13  3.90468635365001e-14 -1.42268296256366e-14  7.61948694509136e-06
 3.64030709331748e-09      1.99999997110647 -3.61319461942022e-06 -5.66670491617074e-07  5.02808399563506e-05  7.84211149640398e-14    1.588211471867e-13 -9.59661191341555e-13  3.42058616166049e-13 -2.05062210099345e-05
 4.23208890865695e-07 -3.61319461942022e-06      1.99845839633298 -0.000330262395743366    0.0371531236205038 -8.41357234784452e-12 -2.42501266768667e-11 -5.19043181044926e-10  1.83154324149889e-10   0.00087594779601034
 8.59789138584901e-08 -5.66670491617074e-07 -0.000330262395743366      1.99974101583648   0.00641335644679162 -7.19987633088372e-11 -1.37974306280677e-10 -2.75839663684613e-11  9.39071780113409e-12    0.0133924493793515
-3.99466922869833e-06  5.02808399563506e-05    0.0371531236205038   0.00641335644679162     0.998695702393528 -1.85121605450043e-10 -2.74876089151371e-10  3.97727084992017e-11 -2.33752716242646e-11     0.074861148478374
 2.72390479845486e-13  7.84211149640398e-14 -8.41357234784452e-12 -7.19987633088372e-11 -1.85121605450043e-10      1.00155002382029 -1.74727863753552e-17 -5.52743952183401e-08  -0.00694728079801417 -4.19116832175836e-11
 5.36958486118718e-13    1.588211471867e-13 -2.42501266768667e-11 -1.37974306280677e-10 -2.74876089151371e-10 -1.74727863753552e-17      1.00155002386155   0.00694728078914722 -5.52743949802353e-08 -1.13624139324734e-10
 3.90468635365001e-14 -9.59661191341555e-13 -5.19043181044926e-10 -2.75839663684613e-11  3.97727084992017e-11 -5.52743952183401e-08   0.00694728078914722     0.998458666809199   3.1076304854133e-16 -9.33828182229737e-10
-1.42268296256366e-14  3.42058616166049e-13  1.83154324149889e-10  9.39071780113409e-12 -2.33752716242646e-11  -0.00694728079801417 -5.52743949802353e-08   3.1076304854133e-16     0.998458666850458  3.16813586001282e-10
 7.61948694509136e-06 -2.05062210099345e-05   0.00087594779601034    0.0133924493793515     0.074861148478374 -4.19116832175836e-11 -1.13624139324734e-10 -9.33828182229737e-10  3.16813586001282e-10      1.00308753431633
RDM Eigenvectors: 
    0.998572559506929   -0.0530265771989418  -0.00605911704161019  -0.00207666671870213 -2.92409629948843e-06  -4.3687881704485e-13  2.26282564927933e-13  1.85726961068534e-13  3.66540626600787e-13  7.60329216817746e-06
  -0.0530299532763658    -0.998513246116028  -0.00503893084683449    0.0115640770154942 -2.18240376241837e-05   8.8483551205872e-14 -3.52031583701146e-14   1.0975875553568e-13   3.0966018718109e-13 -4.69973507778018e-05
 0.000920876948512474    0.0124837000678723    -0.285674449150619     0.957509366157996   -0.0285660382037975 -4.26075552593258e-13 -6.34290685463713e-13  1.89778225402192e-11  4.82938560977318e-11   -0.0243559746634005
  0.00630902252929893  -0.00186335219595985     0.958208125384349     0.285556831048979   -0.0152432670481962  1.84464669411829e-11 -1.36439924488327e-11 -3.06491993373305e-11 -7.75651455007934e-11   0.00434184887956677
 7.54040847476821e-05  0.000404062747478912   -0.0035390427022761    0.0379265335842822     0.693051965836682   9.1763065236781e-09 -3.19663653170068e-09  3.21552631878959e-09  9.27184305582007e-09     0.719880446271784
-2.14205208833693e-13 -1.53663792697832e-13 -6.62849042881267e-11 -3.72631927110675e-11 -2.42240265440917e-09  -0.00016953857015721    -0.780120673715667    -0.625627586132244  -0.00135246753304152  1.68373097734346e-09
-4.02321448013102e-13 -3.87061197302279e-13 -1.25152881039875e-10 -7.75763089377328e-11 -4.49990218601524e-09     0.780120675570451 -0.000169538570531536   0.00135246752800609    -0.625627583819449  2.44258474704268e-09
-6.54254433947458e-13 -5.48438213378368e-12  1.09135295083845e-10 -5.10231632739547e-10 -8.65647745395245e-09     0.625629031972448 -0.000130986233341915  -0.00169265012180821     0.780118857695024 -9.65431251529534e-09
 2.26613988591898e-13  1.92851307374446e-12 -3.88087568380043e-11  1.79566625958911e-10  2.92598649318678e-09  0.000130986233827068     0.625629034285249    -0.780118855840244  -0.00169265011778431  3.45624637472324e-09
 9.99493930910162e-05  3.64129452974969e-05    0.0123559298821088   0.00752645928555928     0.720160118609819   3.5631355589047e-09 -2.09264038380527e-09 -2.04110582418454e-09   -3.452255888133e-09    -0.693657030278998
Total C: 
   0.0530378974220365     0.997129693846749   -0.0666309773792938     0.238389454006464  -0.00888383870758378  2.83324506625056e-15 -1.46040062523974e-15  1.08487358027264e-15  2.24684697423026e-15  -0.00666594049106453
 6.02834405507517e-06   0.00614138964193331     0.283286524243397    -0.988048394836201    0.0352665037680934 -1.01802931106279e-14   5.1842103330637e-15 -4.09513710684377e-15 -8.94093915862809e-15    0.0265594545727255
 1.11675073570331e-17 -2.67540385675264e-16 -1.06091089086979e-15  1.06221833532809e-16  2.32742861714062e-13     0.698802972775012   -0.0959530023562418    0.0947566789349617     0.702487504815411  2.43971754622424e-13
-1.04934207938558e-16 -1.44670857052234e-16 -1.55483602440298e-16 -1.37481921225541e-17  7.45359427767618e-14   -0.0959530023562006     -0.69880297277507     0.702487504815355   -0.0947566789350026  7.82496691682434e-14
 2.01723345404939e-06 -0.000465830932187608    0.0118698140535051   -0.0406359042473122    -0.687523209374944  2.25796692571434e-13 -1.08421554088806e-13  1.07036869176478e-13  2.25624453113222e-13    -0.724939942447242
   -0.995284988216506    0.0532887662504529    -0.246822355366531   -0.0707180586527002 -0.000245957098982538  8.63385911100756e-17 -2.03553067331038e-17  2.61233924753187e-18 -1.08425978392891e-16 -0.000579968329366081
  -0.0136033582271603 -0.000985222751068434       0.9889894614776     0.284723800636257  0.000984932263415682 -3.21018596462596e-16  8.38088240883024e-17  2.69940091361959e-18   4.2982612829073e-16   0.00231393758554277
-2.79613461477786e-17 -4.26428129815863e-16  7.94793752859661e-16 -9.75899833201416e-16 -2.19519910470292e-14     0.702043480473859   -0.0963979578133768   -0.0943195690279387    -0.699246952225666  2.24127941486857e-14
-5.65923905227164e-17  9.05551080364796e-18 -1.95803011042351e-17 -1.62076527279032e-16  4.53636338719051e-14   -0.0963979578134175    -0.702043480473802    -0.699246952225723    0.0943195690278979 -4.20228062150202e-14
 9.17163437240519e-06  0.000106292728865332 -0.000584506103871297   0.00511077105646246     0.722853355026675  2.82959279427063e-14  4.02737909456356e-14  4.04502806126547e-14 -2.73532356228781e-14    -0.690994948791284
Basis set used: STO-3G
Naturals: 
 1.99999999987394  1.99999999581645  1.99998848700616  1.99983836260549  1.07481255513831  1.00712149592199  1.00712149592168 0.992887194749061 0.992887194748755 0.925343218218188
Naturals: 
 1.99999999987394  1.99999999581645  1.99998848700358   1.9998383626652  1.07481253864997  1.00712149677501  1.00712149677454 0.992887193899597 0.992887193899135 0.925343234642605
Version: Tmhuysen's fci hack
