Naturals in-correctThe Davidson algorithm did not converge.lambda: -1
The Davidson algorithm did not converge.lambda: -0.9
The Davidson algorithm did not converge.lambda: -0.8
The Davidson algorithm did not converge.lambda: -0.7
The Davidson algorithm did not converge.lambda: -0.6
The Davidson algorithm did not converge.lambda: -0.5
The Davidson algorithm did not converge.lambda: -0.4
The Davidson algorithm did not converge.lambda: -0.3
The Davidson algorithm did not converge.lambda: -0.2
The Davidson algorithm did not converge.lambda: -0.1
TOTAL ENERGY: -127.164155854533	 lambda: 0	 population of target: 6.9931177019178
1RDM: 
     1.99999999974891  3.88805854781912e-16  3.72658466772735e-15  1.27035120126851e-13  6.72640059666884e-12  1.66508374710684e-16   5.2306542564833e-16 -2.26978858472914e-15 -7.38922011212066e-16 -1.63771155076637e-11
 3.88805854781912e-16        1.999999993083  3.77536910845398e-13  1.47897213026973e-12  4.92616752656239e-12 -2.21167574852554e-15 -6.95973758234436e-15 -4.60953324806502e-15 -1.75687789664637e-15 -1.95776319225652e-11
 3.72658466772735e-15  3.77536910845398e-13      1.99998629130198 -1.09485047917134e-11  7.07451320354307e-13  1.08974582927408e-13  3.36504709970931e-13  5.72336708638959e-14  1.87074157339066e-14 -1.39649055443688e-10
 1.27035120126851e-13  1.47897213026973e-12 -1.09485047917134e-11      1.99972695879792  3.85016863665807e-10  4.68574268398156e-13  1.44414011777801e-12  1.11909377395538e-12  3.56467660980621e-13 -4.08628222412236e-10
 6.72640059666884e-12  4.92616752656239e-12  7.07451320354307e-13  3.85016863665807e-10      1.10057615520298  5.39523664845857e-12  1.75637493033398e-11  1.24937827717072e-11  3.68867959525539e-12 -1.89700250181701e-09
 1.66508374710684e-16 -2.21167574852554e-15  1.08974582927408e-13  4.68574268398156e-13  5.39523664845857e-12      1.01019164155735 -3.36333655950728e-15 -1.70201901394192e-10 -5.57469633380251e-11 -3.33934131907559e-12
  5.2306542564833e-16 -6.95973758234436e-15  3.36504709970931e-13  1.44414011777801e-12  1.75637493033398e-11 -3.36333655950728e-15       1.0101916415577 -5.57442152960544e-11   1.7020123717178e-10  -1.1265813347395e-11
-2.26978858472914e-15 -4.60953324806502e-15  5.72336708638959e-14  1.11909377395538e-12  1.24937827717072e-11 -1.70201901394192e-10 -5.57442152960544e-11     0.989819882958258  5.36657173824638e-15 -1.65384537283236e-11
-7.38922011212066e-16 -1.75687789664637e-15  1.87074157339066e-14  3.56467660980621e-13  3.68867959525539e-12 -5.57469633380251e-11   1.7020123717178e-10  5.36657173824638e-15      0.98981988295861 -4.93592533649008e-12
-1.63771155076637e-11 -1.95776319225652e-11 -1.39649055443688e-10 -4.08628222412236e-10 -1.89700250181701e-09 -3.33934131907559e-12  -1.1265813347395e-11 -1.65384537283236e-11 -4.93592533649008e-12     0.899687552833348
TOTAL ENERGY: -127.163982587904	 lambda: 0.1	 population of target: 6.99840713752523
1RDM: 
     1.99999999973483   1.1170157879555e-10 -4.28635074569168e-09 -3.56975437622417e-08  2.55208214386223e-06  3.94545524745956e-16  1.22153218904329e-15 -1.63332430911925e-15  -5.3449931017013e-16  1.71991452770885e-06
  1.1170157879555e-10      1.99999999530282  -1.0619841236262e-07   1.3309233148434e-07  2.25017641392396e-05  1.47138450086388e-16  2.79479713169367e-16  2.97735744700236e-15  6.68109832640558e-16  2.60260330617795e-05
-4.28635074569168e-09  -1.0619841236262e-07      1.99998203497228 -1.32189277957134e-05   0.00024791459228585  1.39815203464667e-13  4.31000096115632e-13  1.62841145079917e-13  5.23620881191115e-14  0.000406169619941458
-3.56975437622417e-08   1.3309233148434e-07 -1.32189277957134e-05      1.99990504329713  -0.00199778734724555  2.67426362829016e-13  8.26226544383552e-13  4.78508328031244e-13  1.51932005815306e-13  -0.00212172994444383
 2.55208214386223e-06  2.25017641392396e-05   0.00024791459228585  -0.00199778734724555      1.05270200473789  2.99887380260791e-12  9.22709874463518e-12  6.44330160356343e-12  2.06200927212001e-12  -0.00193116191618864
 3.94545524745956e-16  1.47138450086388e-16  1.39815203464667e-13  2.67426362829016e-13  2.99887380260791e-12      1.00541868922575  2.47541848717066e-15 -1.13232477312494e-07  -1.9885114910336e-05 -2.14379396853174e-12
 1.22153218904329e-15  2.79479713169367e-16  4.31000096115632e-13  8.26226544383552e-13  9.22709874463518e-12  2.47541848717066e-15      1.00541868922563 -1.98851149100975e-05  1.13232476970011e-07 -6.57201320543458e-12
-1.63332430911925e-15  2.97735744700236e-15  1.62841145079917e-13  4.78508328031244e-13  6.44330160356343e-12 -1.13232477312494e-07 -1.98851149100975e-05     0.994591040960948 -3.19016690397394e-15 -9.15182656782517e-12
 -5.3449931017013e-16  6.68109832640558e-16  5.23620881191115e-14  1.51932005815306e-13  2.06200927212001e-12  -1.9885114910336e-05  1.13232476970011e-07 -3.19016690397394e-15     0.994591040960822 -2.91706617622837e-12
 1.71991452770885e-06  2.60260330617795e-05  0.000406169619941458  -0.00212172994444383  -0.00193116191618864 -2.14379396853174e-12 -6.57201320543458e-12 -9.15182656782517e-12 -2.91706617622837e-12     0.947391461581931
TOTAL ENERGY: -127.163852682729	 lambda: 0.2	 population of target: 6.99933590937215
1RDM: 
     1.99999999969414  5.19996497697064e-11 -9.15692255252738e-09 -3.51272184581589e-08  4.01478493259543e-06  4.96068003975019e-16  1.53579952939424e-15    -1.42186590523e-15 -4.66181812634558e-16  1.91689840126062e-06
 5.19996497697064e-11       1.9999999945897 -1.54709430962367e-07  2.75196816879234e-07  3.29087747627196e-05  1.18687483939493e-15  3.47339841423533e-15   6.2028119047086e-15   1.6984644912908e-15  3.65968868477976e-05
-9.15692255252738e-09 -1.54709430962367e-07      1.99997897899271 -1.03021522750579e-05  0.000322659546117054  1.51754848268157e-13  4.67653232571609e-13  2.09138567547274e-13  6.71353640546835e-14  0.000605106658329159
-3.51272184581589e-08  2.75196816879234e-07 -1.03021522750579e-05      1.99992945686866  -0.00282530005694358  1.88684682322898e-13  5.84351603147344e-13  2.39834850374051e-13  7.57243976693784e-14  -0.00286233465469932
 4.01478493259543e-06  3.29087747627196e-05  0.000322659546117054  -0.00282530005694358      1.03781577852749  2.13519749704607e-12  6.56814951646132e-12  4.54033380865634e-12  1.45368636070093e-12  -0.00183896581433194
 4.96068003975019e-16  1.18687483939493e-15  1.51754848268157e-13  1.88684682322898e-13  2.13519749704607e-12      1.00390849464609  1.36840240414155e-15 -1.09005334580996e-07 -1.91393770099945e-05 -1.56951604271628e-12
 1.53579952939424e-15  3.47339841423533e-15  4.67653232571609e-13  5.84351603147344e-13  6.56814951646132e-12  1.36840240414155e-15      1.00390849464588 -1.91393770091591e-05  1.09005334321242e-07 -4.80992498112337e-12
   -1.42186590523e-15   6.2028119047086e-15  2.09138567547274e-13  2.39834850374051e-13  4.54033380865634e-12 -1.09005334580996e-07 -1.91393770091591e-05     0.996100937750349 -2.55731689745572e-15 -6.61764925054708e-12
-4.66181812634558e-16   1.6984644912908e-15  6.71353640546835e-14  7.57243976693784e-14  1.45368636070093e-12 -1.91393770099945e-05  1.09005334321242e-07 -2.55731689745572e-15      0.99610093775014 -2.10999405532803e-12
 1.91689840126062e-06  3.65968868477976e-05  0.000605106658329159  -0.00286233465469932  -0.00183896581433194 -1.56951604271628e-12 -4.80992498112337e-12 -6.61764925054708e-12 -2.10999405532803e-12     0.962256926534879
TOTAL ENERGY: -127.163773605748	 lambda: 0.3	 population of target: 6.99966127226949
1RDM: 
     1.99999999964338  1.20341051519156e-12 -1.28417725751759e-08 -3.36025305516064e-08  5.19784139021332e-06  5.64834625526999e-16  1.74949989128056e-15 -1.32360845721754e-15 -4.33997303049906e-16  1.69825194500295e-06
 1.20341051519156e-12      1.99999999375637 -1.81625703175953e-07   3.7766156194323e-07   3.9554312895869e-05  1.85074446187379e-15  5.51297889252447e-15  8.25791984856888e-15  2.35492899079883e-15  4.33297487065409e-05
-1.28417725751759e-08 -1.81625703175953e-07      1.99997713621821  -7.6675710680929e-06  0.000340608882490358  1.58363140185399e-13  4.87928156849743e-13  2.40368207419447e-13  7.70975506407501e-14  0.000759322932738321
-3.36025305516064e-08   3.7766156194323e-07  -7.6675710680929e-06      1.99993465493497  -0.00332187021726972   1.4242265417049e-13  4.42239672615848e-13  1.02753199347424e-13  3.19527812387715e-14  -0.00327541985522935
 5.19784139021332e-06   3.9554312895869e-05  0.000340608882490358  -0.00332187021726972      1.03094655340663  1.73973713753821e-12  5.35187581723418e-12  3.67955776957834e-12  1.17810210890295e-12  -0.00169533389966531
 5.64834625526999e-16  1.85074446187379e-15  1.58363140185399e-13   1.4242265417049e-13  1.73973713753821e-12      1.00320648609121 -4.64035124965277e-15 -1.01068703490113e-07 -1.77551651508798e-05 -1.29691495330431e-12
 1.74949989128056e-15  5.51297889252447e-15  4.87928156849743e-13  4.42239672615848e-13  5.35187581723418e-12 -4.64035124965277e-15      1.00320648609125 -1.77551651509711e-05  1.01068703304287e-07 -3.97478992846176e-12
-1.32360845721754e-15  8.25791984856888e-15  2.40368207419447e-13  1.02753199347424e-13  3.67955776957834e-12 -1.01068703490113e-07 -1.77551651509711e-05     0.996802851444184   4.8460080555471e-15 -5.43548556749794e-12
-4.33997303049906e-16  2.35492899079883e-15  7.70975506407501e-14  3.19527812387715e-14  1.17810210890295e-12 -1.77551651508798e-05  1.01068703304287e-07   4.8460080555471e-15      0.99680285144422 -1.73304849405797e-12
 1.69825194500295e-06  4.33297487065409e-05  0.000759322932738321  -0.00327541985522935  -0.00169533389966531 -1.29691495330431e-12 -3.97478992846176e-12 -5.43548556749794e-12 -1.73304849405797e-12     0.969122986969613
TOTAL ENERGY: -127.16371912062	 lambda: 0.4	 population of target: 6.99981916298801
1RDM: 
     1.99999999957924 -3.33349674478698e-11 -1.60960734881072e-08 -3.35448644826051e-08   6.2930813997675e-06  6.19960637589834e-16  1.92134104379278e-15 -1.27922467080577e-15 -4.19001115971829e-16  1.25310381490685e-06
-3.33349674478698e-11       1.9999999929962 -1.98465994369337e-07  4.55897429278722e-07  4.43677755846648e-05   2.3373784196759e-15  7.00818012879663e-15   9.7757124115172e-15  2.83973762986145e-15  4.83646679168559e-05
-1.60960734881072e-08 -1.98465994369337e-07      1.99997587375687 -5.85215782241201e-06  0.000327160540297796  1.62412424795703e-13   5.0033871833477e-13  2.65301779691625e-13  8.50485582378188e-14   0.00089960586472909
-3.35448644826051e-08  4.55897429278722e-07 -5.85215782241201e-06       1.9999351085516  -0.00367224518880313  1.10300548855696e-13  3.43561348343259e-13  9.31871977764768e-15  2.11730374528371e-15  -0.00355020450847654
  6.2930813997675e-06  4.43677755846648e-05  0.000327160540297796  -0.00367224518880313      1.02733525510016  1.53244727748241e-12  4.71424665864363e-12  3.22935282640984e-12  1.03398776600927e-12  -0.00160583616573583
 6.19960637589834e-16   2.3373784196759e-15  1.62412424795703e-13  1.10300548855696e-13  1.53244727748241e-12      1.00283536654714  2.75137114004216e-15 -9.61374275910094e-08 -1.68836093907852e-05 -1.15260986990351e-12
 1.92134104379278e-15  7.00818012879663e-15   5.0033871833477e-13  3.43561348343259e-13  4.71424665864363e-12  2.75137114004216e-15      1.00283536654718  -1.6883609390903e-05  9.61374273891625e-08 -3.53260295501659e-12
-1.27922467080577e-15   9.7757124115172e-15  2.65301779691625e-13  9.31871977764768e-15  3.22935282640984e-12 -9.61374275910094e-08  -1.6883609390903e-05     0.997173931835817 -2.53871853987025e-15 -4.81239074255479e-12
-4.19001115971829e-16  2.83973762986145e-15  8.50485582378188e-14  2.11730374528371e-15  1.03398776600927e-12 -1.68836093907852e-05  9.61374273891625e-08 -2.53871853987025e-15     0.997173931835855 -1.53439543810823e-12
 1.25310381490685e-06  4.83646679168559e-05   0.00089960586472909  -0.00355020450847654  -0.00160583616573583 -1.15260986990351e-12 -3.53260295501659e-12 -4.81239074255479e-12 -1.53439543810823e-12     0.972735173249991
TOTAL ENERGY: -127.163675973149	 lambda: 0.5	 population of target: 6.99991572504654
1RDM: 
      1.9999999994952 -5.24024411450555e-11 -1.95081277115646e-08 -3.53624050925919e-08  7.37890879858809e-06  6.68360717052203e-16  2.07256927015418e-15 -1.26940207013588e-15 -4.15024346995559e-16  6.33192582583058e-07
-5.24024411450555e-11       1.9999999923235 -2.09511928737185e-07  5.18533782895913e-07  4.80706190788425e-05  2.71902411866555e-15  8.18088948499306e-15  1.09814864520361e-14  3.22486402908394e-15  5.24422420597349e-05
-1.95081277115646e-08 -2.09511928737185e-07      1.99997487885517 -4.71459211272236e-06  0.000290551383277743  1.64865284041514e-13  5.07841220896247e-13  2.87131198161686e-13  9.20071717353566e-14   0.00103777558990516
-3.53624050925919e-08  5.18533782895913e-07 -4.71459211272236e-06      1.99993401343015  -0.00394259081180549  8.59383413781177e-14  2.68719223981477e-13 -6.01285256343093e-14 -2.00592399646606e-14  -0.00374877486323193
 7.37890879858809e-06  4.80706190788425e-05  0.000290551383277743  -0.00394259081180549      1.02547318496648  1.42515929585927e-12  4.38423076862666e-12  2.99445967161426e-12  9.58799752318353e-13  -0.00157296377096592
 6.68360717052203e-16  2.71902411866555e-15  1.64865284041514e-13  8.59383413781177e-14  1.42515929585927e-12      1.00264250008484  3.17901886801505e-15 -9.43762205397087e-08 -1.65737979636302e-05 -1.07896562731015e-12
 2.07256927015418e-15  8.18088948499306e-15  5.07841220896247e-13  2.68719223981477e-13  4.38423076862666e-12  3.17901886801505e-15      1.00264250008488 -1.65737979638004e-05  9.43762203580248e-08  -3.3069493283513e-12
-1.26940207013588e-15  1.09814864520361e-14  2.87131198161686e-13 -6.01285256343093e-14  2.99445967161426e-12 -9.43762205397087e-08 -1.65737979638004e-05     0.997366780801937 -2.92387159988468e-15 -4.49267894037129e-12
-4.15024346995559e-16  3.22486402908394e-15  9.20071717353566e-14 -2.00592399646606e-14  9.58799752318353e-13 -1.65737979636302e-05  9.43762203580248e-08 -2.92387159988468e-15     0.997366780801982 -1.43246799571118e-12
 6.33192582583058e-07  5.24422420597349e-05   0.00103777558990516  -0.00374877486323193  -0.00157296377096592 -1.07896562731015e-12  -3.3069493283513e-12 -4.49267894037129e-12 -1.43246799571118e-12     0.974599369155958
TOTAL ENERGY: -127.16363572116	 lambda: 0.6	 population of target: 6.99998908941216
1RDM: 
     1.99999999938065 -5.65200333540219e-11 -2.37359551956431e-08 -3.94258406926496e-08  8.50165947275979e-06   7.1339670953605e-16  2.21351968888869e-15 -1.28669241364768e-15 -4.19685561523388e-16 -1.51503447037264e-07
-5.65200333540219e-11      1.99999999173095 -2.16607376801845e-07    5.702274001075e-07  5.10081384287913e-05  3.03015064060572e-15  9.13697236352348e-15  1.19822442529037e-14  3.54448791569037e-15  5.59129060878429e-05
-2.37359551956431e-08 -2.16607376801845e-07      1.99997395745822 -4.15807363801498e-06  0.000233352991559081  1.66142372747001e-13  5.11726896909367e-13  3.07498713054246e-13  9.84973727788585e-14    0.0011809384683251
-3.94258406926496e-08    5.702274001075e-07 -4.15807363801498e-06      1.99993232488913  -0.00416366406430855  6.64284570279917e-14  2.08781628994593e-13 -1.14365144645295e-13 -3.73793014363659e-14  -0.00389814518262248
 8.50165947275979e-06  5.10081384287913e-05  0.000233352991559081  -0.00416366406430855      1.02478646033053  1.38446838459438e-12  4.25908036511292e-12  2.90099775932399e-12  9.28891688431353e-13  -0.00159542761353791
  7.1339670953605e-16  3.03015064060572e-15  1.66142372747001e-13  6.64284570279917e-14  1.38446838459438e-12      1.00256937750051  4.66369051935019e-16 -9.57513288025179e-08 -1.68202905397069e-05 -1.05392186012023e-12
 2.21351968888869e-15  9.13697236352348e-15  5.11726896909367e-13  2.08781628994593e-13  4.25908036511292e-12  4.66369051935019e-16      1.00256937750055 -1.68202905398327e-05  9.57513286415014e-08 -3.23023927970782e-12
-1.28669241364768e-15  1.19822442529037e-14  3.07498713054246e-13 -1.14365144645295e-13  2.90099775932399e-12 -9.57513288025179e-08 -1.68202905398327e-05     0.997439896990534 -2.46137529975908e-16 -4.37889210008685e-12
-4.19685561523388e-16  3.54448791569037e-15  9.84973727788585e-14 -3.73793014363659e-14  9.28891688431353e-13 -1.68202905397069e-05  9.57513286415014e-08 -2.46137529975908e-16     0.997439896990572 -1.39619654591501e-12
-1.51503447037264e-07  5.59129060878429e-05    0.0011809384683251  -0.00389814518262248  -0.00159542761353791 -1.05392186012023e-12 -3.23023927970782e-12 -4.37889210008685e-12 -1.39619654591501e-12     0.975288717228412
TOTAL ENERGY: -127.163590162037	 lambda: 0.7	 population of target: 7.00005911801849
1RDM: 
     1.99999999921719  -4.5331577025363e-11 -2.98419631068654e-08 -4.64555456925511e-08  9.69815341371396e-06  7.57063475092607e-16  2.35032895155488e-15 -1.32890315038801e-15  -4.3228145637208e-16 -1.11243206717026e-06
 -4.5331577025363e-11      1.99999999121042 -2.20556937244117e-07  6.13618023062139e-07  5.33695168858573e-05  3.29005996177507e-15  9.93571231733949e-15  1.28386493416983e-14  3.81798269374559e-15  5.89797375051157e-05
-2.98419631068654e-08 -2.20556937244117e-07       1.9999729285496 -4.18411638968956e-06  0.000155255405128349  1.66439579990613e-13  5.12596078279772e-13  3.27529394131251e-13  1.04877890362458e-13   0.00133524232169747
-4.64555456925511e-08  6.13618023062139e-07 -4.18411638968956e-06      1.99993035394233  -0.00435245754703679  5.02018466003102e-14  1.58928278070446e-13 -1.57988321767303e-13 -5.13109223702718e-14  -0.00401198614199988
 9.69815341371396e-06  5.33695168858573e-05  0.000155255405128349  -0.00435245754703679      1.02509102782001  1.39943666872635e-12  4.30515552914415e-12  2.92385457306028e-12  9.36227817235721e-13  -0.00168007434342329
 7.57063475092607e-16  3.29005996177507e-15  1.66439579990613e-13  5.02018466003102e-14  1.39943666872635e-12      1.00259678994564  8.12700627121749e-16 -1.00708127005567e-07 -1.76938206088202e-05 -1.07085288225254e-12
 2.35032895155488e-15  9.93571231733949e-15  5.12596078279772e-13  1.58928278070446e-13  4.30515552914415e-12  8.12700627121749e-16      1.00259678994568 -1.76938206090353e-05  1.00708126847279e-07 -3.28217808043914e-12
-1.32890315038801e-15  1.28386493416983e-14  3.27529394131251e-13 -1.57988321767303e-13  2.92385457306028e-12 -1.00708127005567e-07 -1.76938206090353e-05      0.99741248607414 -5.82680751460785e-16 -4.44068562660073e-12
 -4.3228145637208e-16  3.81798269374559e-15  1.04877890362458e-13 -5.13109223702718e-14  9.36227817235721e-13 -1.76938206088202e-05  1.00708126847279e-07 -5.82680751460785e-16      0.99741248607418 -1.41590823092949e-12
-1.11243206717026e-06  5.89797375051157e-05   0.00133524232169747  -0.00401198614199988  -0.00168007434342329 -1.07085288225254e-12 -3.28217808043914e-12 -4.44068562660073e-12 -1.41590823092949e-12     0.974987147220869
TOTAL ENERGY: -127.163526817965	 lambda: 0.8	 population of target: 7.00014330347081
1RDM: 
     1.99999999896969 -1.79476404882008e-11 -3.99555976946671e-08 -5.79113903090428e-08   1.1005255100413e-05  8.00701182949623e-16  2.48712735451653e-15 -1.39743799061974e-15 -4.53255317327211e-16 -2.27975997747416e-06
-1.79476404882008e-11      1.99999999075682 -2.21623266307408e-07  6.50150781033161e-07   5.5263801079312e-05  3.51069993307737e-15   1.0613803542814e-14  1.35898514424611e-14  4.05784436222384e-15  6.17823180554735e-05
-3.99555976946671e-08 -2.21623266307408e-07      1.99997152643464 -4.92259211044696e-06   5.3599147340151e-05  1.65831501006817e-13  5.10675645747159e-13  3.48259032785136e-13  1.11478680946369e-13   0.00150781004236497
-5.79113903090428e-08  6.50150781033161e-07 -4.92259211044696e-06      1.99992815871516  -0.00451975135697673  3.63029718501903e-14   1.1622321349265e-13 -1.93630205197308e-13 -6.26947810578612e-14  -0.00409757458088823
  1.1005255100413e-05   5.5263801079312e-05   5.3599147340151e-05  -0.00451975135697673      1.02645697847659  1.47347393615635e-12  4.53295374601309e-12  3.06796115173622e-12  9.82391615845372e-13  -0.00184821841335131
 8.00701182949623e-16  3.51069993307737e-15  1.65831501006817e-13  3.63029718501903e-14  1.47347393615635e-12      1.00273087315727  3.27184713779955e-15 -1.10517389083332e-07  -1.9406151024767e-05 -1.13377820880038e-12
 2.48712735451653e-15   1.0613803542814e-14  5.10675645747159e-13   1.1622321349265e-13  4.53295374601309e-12  3.27184713779955e-15      1.00273087315727 -1.94061510247013e-05  1.10517388867793e-07 -3.47509679479602e-12
-1.39743799061974e-15  1.35898514424611e-14  3.48259032785136e-13 -1.93630205197308e-13  3.06796115173622e-12 -1.10517389083332e-07 -1.94061510247013e-05     0.997278412971392 -3.28126819396615e-15 -4.69259993237289e-12
-4.53255317327211e-16  4.05784436222384e-15  1.11478680946369e-13 -6.26947810578612e-14  9.82391615845372e-13  -1.9406151024767e-05  1.10517388867793e-07 -3.28126819396615e-15     0.997278412971391 -1.49624138736619e-12
-2.27975997747416e-06  6.17823180554735e-05   0.00150781004236497  -0.00409757458088823  -0.00184821841335131 -1.13377820880038e-12 -3.47509679479602e-12 -4.69259993237289e-12 -1.49624138736619e-12     0.973624774389839
TOTAL ENERGY: -127.163419367127	 lambda: 0.9	 population of target: 7.00026910035903
1RDM: 
      1.9999999985625  2.54880369480665e-11 -5.90622365307603e-08 -7.69239596843959e-08  1.24670260614051e-05  8.45192616448102e-16  2.62664718238339e-15 -1.49791180545264e-15 -4.84392435888499e-16 -3.71005216528063e-06
 2.54880369480665e-11      1.99999999036999 -2.19799831273003e-07  6.80271269482789e-07  5.67485692639551e-05  3.69994661234513e-15  1.11954313933724e-14  1.42645072266638e-14  4.27320823169351e-15  6.44374077876016e-05
-5.90622365307603e-08 -2.19799831273003e-07      1.99996919952531 -6.73542133319696e-06 -7.73170209869371e-05  1.64306812990711e-13  5.05926897136458e-13    3.709923779127e-13  1.18715043771118e-13   0.00170906348635967
-7.69239596843959e-08  6.80271269482789e-07 -6.73542133319696e-06      1.99992562930189  -0.00467345754404197  2.40868597975908e-14  7.86840082743494e-14 -2.22802286933201e-13 -7.20138754399703e-14  -0.00415821183686078
 1.24670260614051e-05  5.67485692639551e-05 -7.73170209869371e-05  -0.00467345754404197      1.02925597193456  1.62663522523136e-12  5.00418333414788e-12   3.3715143114292e-12  1.07962102673578e-12  -0.00215061015053109
 8.45192616448102e-16  3.69994661234513e-15  1.64306812990711e-13  2.40868597975908e-14  1.62663522523136e-12      1.00300713417024  2.75427430109038e-15 -1.27777519484217e-07 -2.24544168058117e-05 -1.26011314616263e-12
 2.62664718238339e-15  1.11954313933724e-14  5.05926897136458e-13  7.86840082743494e-14  5.00418333414788e-12  2.75427430109038e-15      1.00300713417031 -2.24544168062164e-05  1.27777519254306e-07 -3.86239005231293e-12
-1.49791180545264e-15  1.42645072266638e-14    3.709923779127e-13 -2.22802286933201e-13   3.3715143114292e-12 -1.27777519484217e-07 -2.24544168062164e-05     0.997002175845453 -2.37182455964557e-15 -5.20398599790823e-12
-4.84392435888499e-16  4.27320823169351e-15  1.18715043771118e-13 -7.20138754399703e-14  1.07962102673578e-12 -2.24544168058117e-05  1.27777519254306e-07 -2.37182455964557e-15      0.99700217584552  -1.6593119329593e-12
-3.71005216528063e-06  6.44374077876016e-05   0.00170906348635967  -0.00415821183686078  -0.00215061015053109 -1.26011314616263e-12 -3.86239005231293e-12 -5.20398599790823e-12  -1.6593119329593e-12     0.970830590274238
TOTAL ENERGY: -127.163196620549	 lambda: 1	 population of target: 7.00050210510283
1RDM: 
     1.99999999780252  7.63208843108909e-11 -1.01040482352509e-07 -1.11142997683619e-07  1.41448840860439e-05   8.9069705615075e-16  2.76941366016247e-15 -1.64400925240233e-15 -5.30049109826976e-16 -5.51256776958779e-06
 7.63208843108909e-11       1.9999999900573   -2.154810372967e-07    7.028780742736e-07  5.78337897792483e-05  3.86318892080679e-15  1.16971354858604e-14  1.48880003188403e-14   4.4721438398407e-15  6.70752654482844e-05
-1.01040482352509e-07   -2.154810372967e-07      1.99996445594046 -1.05639780376869e-05 -0.000248871680616575  1.61777501910502e-13  4.98071668191555e-13  3.97992551823446e-13  1.27307021604452e-13    0.0019579942571554
-1.11142997683619e-07    7.028780742736e-07 -1.05639780376869e-05      1.99992240198175  -0.00482070699836555  1.30662612519257e-14  4.48116029393779e-14 -2.46132124526711e-13 -7.94692959688928e-14  -0.00419334848212122
 1.41448840860439e-05  5.78337897792483e-05 -0.000248871680616575  -0.00482070699836555      1.03446342633905  1.91179440098355e-12  5.88153285254244e-12  3.93584190502688e-12  1.26037860513738e-12   -0.0027144559659279
  8.9069705615075e-16  3.86318892080679e-15  1.61777501910502e-13  1.30662612519257e-14  1.91179440098355e-12       1.0035183391811   2.1445340090221e-15 -1.59856239441758e-07 -2.80628854637727e-05 -1.49515770745061e-12
 2.76941366016247e-15  1.16971354858604e-14  4.98071668191555e-13  4.48116029393779e-14  5.88153285254244e-12   2.1445340090221e-15      1.00351833918119 -2.80628854645142e-05  1.59856239180996e-07 -4.58294297887115e-12
-1.64400925240233e-15  1.48880003188403e-14  3.97992551823446e-13 -2.46132124526711e-13  3.93584190502688e-12 -1.59856239441758e-07 -2.80628854645142e-05     0.996491024683032  -1.6174632411543e-15  -6.1562118643177e-12
-5.30049109826976e-16   4.4721438398407e-15  1.27307021604452e-13 -7.94692959688928e-14  1.26037860513738e-12 -2.80628854637727e-05  1.59856239180996e-07  -1.6174632411543e-15     0.996491024683125  -1.9629566955709e-12
-5.51256776958779e-06  6.70752654482844e-05    0.0019579942571554  -0.00419334848212122   -0.0027144559659279 -1.49515770745061e-12 -4.58294297887115e-12  -6.1562118643177e-12  -1.9629566955709e-12     0.965631000150485
-------------------general-----------------------
mullikenoperator: 
  0.00247900992751569    0.0497270847993166 -0.000111683551634051 -0.000263184038105696  2.54888684825622e-05  3.80581197498212e-16  1.64836215171961e-15  1.22547254464398e-15  5.37183593169756e-16 -1.32188792236017e-05
   0.0497270847993166     0.997509298666991   -0.0033260483070814  -0.00079347091782283  0.000104756751464261  7.81152128442911e-15  2.44082658539415e-14  2.57424026446474e-14  8.12366749955446e-15  0.000108109172724431
-0.000111683551634052   -0.0033260483070814    0.0555496582893468    -0.229017107535267   0.00032163678050504 -3.56788730196976e-14 -1.12344757289132e-13  4.24146671307977e-13  1.35061094275523e-13   0.00261871760682164
-0.000263184038105692 -0.000793470917822851    -0.229017107535268     0.944391467363666   -0.0063567028567301 -2.34029406481628e-13 -7.15950655692671e-13 -5.59315189540575e-13 -1.79878678727413e-13   -0.0053993373381669
 2.54888684825619e-05  0.000104756751464261  0.000321636780505039   -0.0063567028567301     0.467370717959506 -1.91768162333846e-13 -6.02123312474658e-13  1.37695884075972e-12  4.37453320424978e-13    -0.498902541403619
 3.80581197498446e-16  7.81152128442857e-15 -3.56788730197047e-14 -2.34029406481618e-13 -1.91768162333744e-13      0.49669745768088 -1.53195798351565e-14  -0.00284575572001899    -0.499981049698701 -4.30450770293389e-13
  1.6483621517204e-15  2.44082658539398e-14  -1.1234475728915e-13 -7.15950655692617e-13 -6.02123312473813e-13 -1.53305619438516e-14       0.4966974576809    -0.499981049698702   0.00284575572001874 -1.32871869424634e-12
 1.22547254464316e-15  2.57424026446475e-14  4.24146671307982e-13 -5.59315189540576e-13  1.37695884075986e-12  -0.00284575572001897    -0.499981049698702       0.5033025423191  1.58992944446969e-14  5.29051614102446e-13
 5.37183593169485e-16  8.12366749955498e-15  1.35061094275539e-13 -1.79878678727458e-13  4.37453320424381e-13    -0.499981049698701   0.00284575572001871  1.59271567924712e-14     0.503302542319119  1.64561651721888e-13
-1.32188792236015e-05  0.000108109172724431   0.00261871760682164  -0.00539933733816691    -0.498902541403619 -4.30450770293113e-13 -1.32871869424385e-12  5.29051614100991e-13  1.64561651721091e-13     0.532699847792979
selected BF: 
0 1 2 3 4
selected lambdas: 
  -1 -0.9 -0.8 -0.7 -0.6 -0.5 -0.4 -0.3 -0.2 -0.1    0  0.1  0.2  0.3  0.4  0.5  0.6  0.7  0.8  0.9    1
RHF C: 
 4.66230963817742e-06      0.99538762160194    -0.260133950053131   0.00232347004365168 -0.000945356401366653  1.70434406766848e-12  5.12879757375054e-12 -8.72982471857135e-12  2.91129207279234e-12   0.00102252601804684
-2.77694394857873e-05    0.0189055897743015      1.02859625203021  -0.00919971186401924   0.00378385786095347 -6.80744383873121e-12 -2.04844761840926e-11  3.42284632840933e-11 -1.14147617228564e-11  -0.00408386902062378
-5.14368258393316e-15  1.34969778504035e-13  5.93634224582602e-12   4.9939272046694e-11 -7.47047299613138e-09    -0.018590806598346   -0.0068439709192751     0.346623163390193    -0.937795364272114  5.33455590117318e-11
 6.25123424736285e-15 -1.68084333339055e-13 -7.33401845915312e-12 -6.21435254865218e-11  9.29760698770261e-09  -0.00684397082214313    0.0185908068617363    -0.937795364266892    -0.346623163392111 -6.64326519871782e-11
 -5.2932751403402e-05  1.18810022188443e-05   0.00375369974653532    0.0107090391208511    -0.999905271932678  5.11860908449689e-11  1.51601888707362e-10 -1.13090933242833e-08  3.78313856739183e-09  -0.00992836407858149
    0.995028260689722  8.34806696415904e-06  -0.00193689275166756    -0.263138658483186  -0.00365160903520153  2.35325717219572e-12  7.25384793046874e-12 -2.15541348446733e-11  7.21018031092389e-12   0.00383316002671231
    0.020191068703665 -2.59959981858365e-05   0.00753927600398951       1.0288208124445    0.0143856073465757 -9.33908720880141e-12 -2.87859404002283e-11  8.55188331524359e-11 -2.86069847827286e-11   -0.0149384706830729
 9.13133474106053e-14  1.53995641065444e-14   4.9934772372617e-12 -1.06090584953258e-11 -2.49968384460399e-11     0.938254008572368      0.34540637863092   0.00670531270450529   -0.0181413466232212 -1.93111290065883e-09
-1.15598373176531e-13 -1.91210184527924e-14 -6.23653292180964e-12  1.30396948643347e-11  3.12680241176326e-11     0.345406378632799    -0.938254008567273   -0.0181413468867404  -0.00670531260771498  2.42588979015436e-09
 1.17224993458855e-05  4.16672499068555e-05  -0.00137792836714994   -0.0145914925821872   0.00444740731703867 -9.74728793706462e-10 -2.94540837580311e-09  7.38577287283779e-11 -2.49747850373009e-11    -0.999900595215694
RDM (no constraint): 
     1.99999999822188  5.37857844913004e-09  5.96863227612153e-07   -1.387658661041e-07  4.37161255174932e-06 -4.03833193910633e-14  -1.2379000203547e-13  5.19356027891324e-14 -1.72705646471555e-14  7.23352184404551e-06
 5.37857844913004e-09      1.99999994982554 -5.37546432633253e-06  8.87610984768015e-07  -5.6425736555381e-05 -2.66597116828449e-14  -8.0546740901496e-14 -8.41296303527819e-13  2.81356261679112e-13 -2.81774013687802e-05
 5.96863227612153e-07 -5.37546432633253e-06      1.99803117838457  0.000535164825783415   -0.0410624593894308  1.48970867146988e-12   4.4350557890426e-12 -4.73294267804245e-10   1.5836315419887e-10   0.00131423485630071
  -1.387658661041e-07  8.87610984768015e-07  0.000535164825783415      1.99963616771985   0.00948286949321499 -8.70647465869892e-12 -2.68781893228125e-11  3.19981423794365e-11 -1.07023146679468e-11   -0.0145821350765172
 4.37161255174932e-06  -5.6425736555381e-05   -0.0410624593894308   0.00948286949321499      0.99676959395886 -1.46458626897221e-10 -4.40135424164453e-10 -3.68790639164827e-11  1.23086104509971e-11    -0.100607112411963
-4.03833193910633e-14 -2.66597116828449e-14  1.48970867146988e-12 -8.70647465869892e-12 -1.46458626897221e-10     0.999674282414732 -1.54703239928064e-15  1.32403675125111e-05    -0.010180482657253  1.24289912719438e-11
 -1.2379000203547e-13  -8.0546740901496e-14   4.4350557890426e-12 -2.68781893228125e-11 -4.40135424164453e-10 -1.54703239928064e-15     0.999674282409018    0.0101804826569316  1.32403675165899e-05  3.72030793261489e-11
 5.19356027891324e-14 -8.41296303527819e-13 -4.73294267804245e-10  3.19981423794365e-11 -3.68790639164827e-11  1.32403675125111e-05    0.0101804826569316      1.00033724210607    5.883831259734e-15 -1.16167311510311e-09
-1.72705646471555e-14  2.81356261679112e-13   1.5836315419887e-10 -1.07023146679468e-11  1.23086104509971e-11    -0.010180482657253  1.32403675165899e-05    5.883831259734e-15      1.00033724210036  3.88460441611972e-10
 7.23352184404551e-06 -2.81774013687802e-05   0.00131423485630071   -0.0145821350765172    -0.100607112411963  1.24289912719438e-11  3.72030793261489e-11 -1.16167311510311e-09  3.88460441611972e-10      1.00554006285918
RDM Eigenvectors: 
    0.998738899415742    -0.049763710953834   0.00639916829408578   0.00179845766203774  2.46146868928455e-06  3.18283376946864e-14  1.01168718870435e-13  1.06823019587912e-13  3.28322956746823e-14  7.42022669968323e-06
  -0.0497797281293469    -0.998668124107287   0.00640958973853208   -0.0119528354728436   2.0660134780685e-05  4.87259903904514e-14  1.51187700172509e-13 -1.45476376572673e-13 -4.57336891241789e-14 -5.49190558484537e-05
 0.000840535626879656    0.0131186118210061     0.243181131331418    -0.968989752483001    0.0325465581387211  4.56492041193407e-12   1.4082174253356e-11 -3.21719381553984e-12 -1.05352225421004e-12   -0.0262624070560392
 -0.00646991551685567   0.00363988635444009     0.969837918328905     0.242876246709636   -0.0190312669800362  1.24268865145333e-11  3.87301117005407e-11 -6.76241181463934e-11 -2.15025190342714e-11  -0.00287110664446653
-9.99162722615641e-05 -0.000450346717042561  0.000613612251580018     0.042890002959057     0.687885670117857 -2.57301720034123e-09 -7.96790535195102e-09  7.98149699730473e-09  2.52749243290213e-09    -0.724550317905704
 3.24442702728804e-14  6.49628428697626e-14 -8.57589579816362e-12 -8.32708985663509e-12 -8.23517067641959e-10      0.69545784270255   0.00817694316516479    0.0125366568129055     0.718410995781625 -6.97793482827069e-10
 9.96735714381356e-14  1.92115201180724e-13  -2.6465175419952e-11 -2.52036797313999e-11 -2.48121071279335e-09  -0.00817694316288399     0.695457842500799     0.718410995976898   -0.0125366568162245 -2.10596907583445e-09
-6.39897762882436e-13 -5.28095454433728e-12 -6.81649543181245e-11  4.75518679987902e-10  7.73525455416752e-09  -0.00751309684695731     0.718481092500292     -0.69541523199129    0.0112306816291744 -8.12393647900582e-09
  2.1419586893674e-13  1.76742231269514e-12  2.28118967389517e-11 -1.59107062224775e-10 -2.58777305225207e-09    -0.718481092305006  -0.00751309684449583    0.0112306816328659      0.69541523219302  2.71743627713518e-09
 0.000114764999217945  3.74591371345904e-05   -0.0139621209120265    -0.009183206822333    -0.724839179986888 -7.19210541564905e-10 -2.25777204345552e-09 -2.35857812296514e-09 -7.37020712714834e-10    -0.688715381325145
Total C: 
  -0.0497789414576487    -0.997465795942863   -0.0546410795151802     0.240683815063449  -0.00988158249617343 -2.95867821480306e-13 -9.12180850451576e-13   3.8740728703664e-13  1.22206360643169e-13   0.00675113592603432
-4.56031386704143e-05  -0.00542061594561139     0.241393311516034    -0.998959851805582    0.0392157502866701  1.16062575362418e-12  3.57895548728188e-12 -1.58965591219602e-12 -5.00455288852468e-13   -0.0269170106027129
-1.38570981439697e-15  9.12900897523029e-16 -1.31236046012003e-13 -1.60351524587813e-13 -3.79443157442857e-11     0.658310864795079     0.251176227291983    -0.256728959282216    -0.661534405967523  3.87364160338385e-11
 1.38189526146581e-15 -1.54127321369824e-15  1.63317197287863e-13  1.99291957930756e-13  4.71922085556724e-11     0.251176227291998      -0.6583108647951     0.661534405967502      -0.2567289592822 -4.81722457079459e-11
 -2.0821512258591e-05  0.000528924115791869    0.0108236654805218   -0.0438313284209571     -0.68070567722086 -1.87248268071408e-11 -5.79073755499522e-11  5.84967725573239e-11  1.85456015996787e-11     0.731190170677374
    0.995474676034321   -0.0505060517837131    -0.249361217456412   -0.0604357023159034 -0.000343041825516417 -4.95248166801451e-14 -1.53145924450631e-13   3.1722884769064e-14  9.98912849841635e-15   0.00081956771129936
   0.0135137013305951   0.00285783644634974     0.999969284084518     0.243361461589931   0.00138930508096961  2.01093460495249e-13  6.21875400296568e-13  -1.3255502610628e-13 -4.17634306098384e-14  -0.00328644439923764
 8.34271952056881e-16  5.72358984773226e-15  -1.8548615231366e-13 -1.19716110654256e-12 -1.47965458936113e-10     0.662675577256594     0.252841562662817     0.255039592719523     0.657181291821472 -1.37896228483941e-10
-9.65762707895893e-16 -6.57497328334486e-15  2.30071970350974e-13  1.48536411873653e-12  1.83259459664848e-10     0.252841562662801    -0.662675577256574    -0.657181291821492     0.255039592719538  1.70792976915611e-10
-1.23169012777493e-05 -0.000152841280278627 -0.000522664892187401   0.00716383783643434     0.728059283922075  7.10988418742655e-11  2.18401926006961e-10  2.14955923624491e-10  6.86347590630844e-11     0.685502628581435
Basis set used: STO-3G
Naturals: 
 1.99999999974891  1.99999999308299  1.99998629130297  1.99972695869729  1.10057617994487  1.01019164863666  1.01019164863652 0.989819875878571 0.989819875878436 0.899687528192842
Naturals: 
 1.99999999974891    1.999999993083  1.99998629130198  1.99972695879792  1.10057615520298  1.01019164155735   1.0101916415577 0.989819882958258  0.98981988295861 0.899687552833348
Version: Tmhuysen's fci hack
