Naturals in-correctThe Davidson algorithm did not converge.lambda: -1
The Davidson algorithm did not converge.lambda: -0.9
The Davidson algorithm did not converge.lambda: -0.8
The Davidson algorithm did not converge.lambda: -0.7
The Davidson algorithm did not converge.lambda: -0.6
The Davidson algorithm did not converge.lambda: -0.5
The Davidson algorithm did not converge.lambda: -0.4
The Davidson algorithm did not converge.lambda: -0.3
The Davidson algorithm did not converge.lambda: -0.2
The Davidson algorithm did not converge.lambda: -0.1
TOTAL ENERGY: -127.163068570765	 lambda: 0	 population of target: 6.99986027445077
1RDM: 
     1.99999999999648  6.63143857889791e-17  3.99351878071994e-15  2.53909808059099e-14   3.4472414893809e-13 -1.18146548334774e-14 -2.60079599363602e-15  6.11113761187388e-14 -1.22568615561512e-14  2.50249123393565e-12
 6.63143857889791e-17      1.99999999973208  1.07493227469455e-13  1.00355104370534e-13  4.57540519548675e-12 -2.08607839593392e-12  2.88325528886172e-12 -2.95841466725589e-12 -2.08646284442478e-12 -8.05031038955573e-12
 3.99351878071994e-15  1.07493227469455e-13      1.99999375989308 -3.55176150961923e-12 -7.41669105227616e-10  8.13817179260674e-11 -1.12658738624267e-10  1.13199630964294e-10  8.17150070987239e-11  1.08235338381039e-09
 2.53909808059099e-14  1.00355104370534e-13 -3.55176150961923e-12      1.99998313949183 -1.08668077708173e-10 -6.89588466296784e-11  8.89738977061952e-11 -9.58987844493907e-11 -6.92097155444128e-11  -4.7551729379942e-10
  3.4472414893809e-13  4.57540519548675e-12 -7.41669105227616e-10 -1.08668077708173e-10      1.01437391049939 -5.16164744643159e-11  1.85843053037538e-10  -2.3623148897171e-10 -6.10163270186988e-11  1.88621411513261e-10
-1.18146548334774e-14 -2.08607839593392e-12  8.13817179260674e-11 -6.89588466296784e-11 -5.16164744643159e-11      1.00101255909382 -9.82029111942346e-15  5.61403534519794e-13 -1.06230822831277e-12 -5.95253978795741e-11
-2.60079599363602e-15  2.88325528886172e-12 -1.12658738624267e-10  8.89738977061952e-11  1.85843053037538e-10 -9.82029111942346e-15      1.00101255909308  2.02544125664472e-12  5.66664371740878e-13   2.3386550833502e-10
 6.11113761187388e-14 -2.95841466725589e-12  1.13199630964294e-10 -9.58987844493907e-11  -2.3623148897171e-10  5.61403534519794e-13  2.02544125664472e-12     0.998990534743964 -9.82878475449572e-15 -1.84831784859225e-10
-1.22568615561512e-14 -2.08646284442478e-12  8.17150070987239e-11 -6.92097155444128e-11 -6.10163270186988e-11 -1.06230822831277e-12  5.66664371740878e-13 -9.82878475449572e-15     0.998990534743222 -5.01397369143416e-11
 2.50249123393565e-12 -8.05031038955573e-12  1.08235338381039e-09  -4.7551729379942e-10  1.88621411513261e-10 -5.95253978795741e-11   2.3386550833502e-10 -1.84831784859225e-10 -5.01397369143416e-11     0.985643002713131
TOTAL ENERGY: -127.163065062355	 lambda: 0.1	 population of target: 6.99996776375231
1RDM: 
     1.99999999999626  2.92741556355463e-13  2.18444378781022e-10   1.0599414263148e-09  1.66802710652274e-07  -1.2587143296277e-14  1.95935522275734e-16  5.80855929500673e-14 -1.30297847042628e-14 -3.13971013384745e-08
 2.92741556355463e-13      1.99999999988897  1.55834338146362e-09   -1.867782988873e-08  1.31576050634618e-06 -2.09724448600843e-12  2.92291059614538e-12  -2.9953779369781e-12 -2.09561112426603e-12 -1.31245956980073e-06
 2.18444378781022e-10  1.55834338146362e-09      1.99999253549515 -5.32592188376296e-07 -0.000103435657423226   8.2271553270635e-11 -1.15924582743111e-10  1.16347439501214e-10  8.25238153956923e-11  0.000116522879055402
  1.0599414263148e-09   -1.867782988873e-08 -5.32592188376296e-07      1.99998794971412   0.00018447557008957 -7.03948964613326e-11  9.42939292784008e-11 -1.01153411780468e-10 -7.05778557710474e-11 -0.000178146627556868
 1.66802710652274e-07  1.31576050634618e-06 -0.000103435657423226   0.00018447557008957      1.00749651006745 -2.67701988076366e-11  9.63137611260638e-11 -1.22765424183508e-10 -3.17049025755416e-11  3.93823355336633e-05
 -1.2587143296277e-14 -2.09724448600843e-12   8.2271553270635e-11 -7.03948964613326e-11 -2.67701988076366e-11      1.00053305348853 -9.43651717515135e-15 -1.67806269992625e-12 -1.95303672205496e-07 -3.11707243317719e-11
 1.95935522275734e-16  2.92291059614538e-12 -1.15924582743111e-10  9.42939292784008e-11  9.63137611260638e-11 -9.43651717515135e-15      1.00053305348838   1.9530417827855e-07 -1.67528795323633e-12  1.22513810657292e-10
 5.80855929500673e-14  -2.9953779369781e-12  1.16347439501214e-10 -1.01153411780468e-10 -1.22765424183508e-10 -1.67806269992625e-12   1.9530417827855e-07     0.999470022596872 -9.43808489694291e-15 -9.68839854919273e-11
-1.30297847042628e-14 -2.09561112426603e-12  8.25238153956923e-11 -7.05778557710474e-11 -3.17049025755416e-11 -1.95303672205496e-07 -1.67528795323633e-12 -9.43808489694291e-15     0.999470022596723 -2.62530815843982e-11
-3.13971013384745e-08 -1.31245956980073e-06  0.000116522879055402 -0.000178146627556868  3.93823355336633e-05 -3.11707243317719e-11  1.22513810657292e-10 -9.68839854919273e-11 -2.62530815843982e-11     0.992516852667672
TOTAL ENERGY: -127.163062445492	 lambda: 0.2	 population of target: 6.99998647642215
1RDM: 
     1.99999999999579  1.17106968549735e-12  3.10264443402647e-10  1.37991060543398e-09  2.81755782852689e-07 -1.29013488975611e-14  1.27356833522149e-15  5.67849499362303e-14 -1.33544483525926e-14  2.83163109362286e-09
 1.17106968549735e-12      1.99999999990976  5.75377148218795e-10 -2.26713304643017e-08  1.99602793542674e-06 -2.10268933892528e-12   2.9426404281325e-12  -3.0143305839853e-12 -2.10042333809225e-12 -1.95874887457407e-06
 3.10264443402647e-10  5.75377148218795e-10      1.99999198825469 -4.26286532103038e-07 -0.000141198661468133  8.26236801537904e-11 -1.17229135851544e-10  1.17604094847071e-10  8.28494583707577e-11  0.000166625105775462
 1.37991060543398e-09 -2.26713304643017e-08 -4.26286532103038e-07      1.99998899513262  0.000260853997644965 -7.09615024389963e-11   9.6395904800573e-11 -1.03245825555958e-10 -7.11238124142498e-11   -0.0002455787082761
 2.81755782852689e-07  1.99602793542674e-06 -0.000141198661468133  0.000260853997644965      1.00536102398611 -1.91206372585017e-11  6.87192720317914e-11 -8.76841805364558e-11 -2.26554627418895e-11  3.73340278746842e-05
-1.29013488975611e-14 -2.10268933892528e-12  8.26236801537904e-11 -7.09615024389963e-11 -1.91206372585017e-11      1.00038269190274  2.53393187768007e-16 -8.91463710033307e-13 -1.86387288559138e-07 -2.23041577571163e-11
 1.27356833522149e-15   2.9426404281325e-12 -1.17229135851544e-10   9.6395904800573e-11  6.87192720317914e-11  2.53393187768007e-16      1.00038269190274  1.86387651487878e-07 -8.89474508389668e-13  8.76801785750868e-11
 5.67849499362303e-14  -3.0143305839853e-12  1.17604094847071e-10 -1.03245825555958e-10 -8.76841805364558e-11 -8.91463710033307e-13  1.86387651487878e-07     0.999620381302897  2.53412937145894e-16 -6.93323499275705e-11
-1.33544483525926e-14 -2.10042333809225e-12  8.28494583707577e-11 -7.11238124142498e-11 -2.26554627418895e-11 -1.86387288559138e-07 -8.89474508389668e-13  2.53412937145894e-16     0.999620381302897 -1.87839703839692e-11
 2.83163109362286e-09 -1.95874887457407e-06  0.000166625105775462   -0.0002455787082761  3.73340278746842e-05 -2.23041577571163e-11  8.76801785750868e-11 -6.93323499275705e-11 -1.87839703839692e-11     0.994651846309801
TOTAL ENERGY: -127.163060859325	 lambda: 0.3	 population of target: 6.9999930041155
1RDM: 
     1.99999999999518  1.93403779906881e-12  3.08836074211631e-10  1.63423493178157e-09  3.87931462629386e-07 -1.30924026470251e-14  1.88324816574701e-15  5.59389808297813e-14 -1.35600170267334e-14  5.98033807474252e-08
 1.93403779906881e-12      1.99999999991304 -1.62931758730387e-10 -2.44876899073294e-08   2.4782316929396e-06 -2.10641597119123e-12  2.95629683632369e-12 -3.02766838364322e-12 -2.10385472259951e-12 -2.40212125385543e-06
 3.08836074211631e-10 -1.62931758730387e-10      1.99999170324658 -3.28700412040501e-07 -0.000160914515845518  8.28346540212525e-11 -1.18018641159111e-10  1.18360616839597e-10  8.30471564992942e-11  0.000199968330952944
 1.63423493178157e-09 -2.44876899073294e-08 -3.28700412040501e-07        1.999989397181  0.000308790678793447 -7.13002765275963e-11  9.76532618583214e-11 -1.04507006126508e-10 -7.14533240306916e-11 -0.000283976196699385
 3.87931462629386e-07   2.4782316929396e-06 -0.000160914515845518  0.000308790678793447       1.0043667622506 -1.55676169968032e-11  5.59213221408401e-11 -7.13867317465992e-11 -1.84500719320054e-11  3.42375052925195e-05
-1.30924026470251e-14 -2.10641597119123e-12  8.28346540212525e-11 -7.13002765275963e-11 -1.55676169968032e-11      1.00031240053864  1.23480843030753e-14 -1.92039430431684e-12 -1.71605891190188e-07 -1.81648973388672e-11
 1.88324816574701e-15  2.95629683632369e-12 -1.18018641159111e-10  9.76532618583214e-11  5.59213221408401e-11  1.23480843030753e-14       1.0003124005385  1.71606187123205e-07 -1.91877964234229e-12  7.14341004780909e-11
 5.59389808297813e-14 -3.02766838364322e-12  1.18360616839597e-10 -1.04507006126508e-10 -7.13867317465992e-11 -1.92039430431684e-12  1.71606187123205e-07     0.999690671756551   1.2346438156854e-14 -5.64845210883416e-11
-1.35600170267334e-14 -2.10385472259951e-12  8.30471564992942e-11 -7.14533240306916e-11 -1.84500719320054e-11 -1.71605891190188e-07 -1.91877964234229e-12   1.2346438156854e-14     0.999690671756418 -1.52954662229974e-11
 5.98033807474252e-08 -2.40212125385543e-06  0.000199968330952944 -0.000283976196699385  3.42375052925195e-05 -1.81648973388672e-11  7.14341004780909e-11 -5.64845210883416e-11 -1.52954662229974e-11     0.995645992823505
TOTAL ENERGY: -127.163059777956	 lambda: 0.4	 population of target: 6.99999613894843
1RDM: 
     1.99999999999439  2.68626464813319e-12  2.50614248703992e-10  1.90702279110584e-09   4.9502561538149e-07 -1.32275551723781e-14  2.27328326052112e-15  5.52923281956672e-14 -1.37121901383766e-14  1.32051406740087e-07
 2.68626464813319e-12      1.99999999991184 -6.81233081350633e-10 -2.56398084066172e-08  2.85862189621281e-06 -2.10927357973968e-12  2.96684030089711e-12 -3.03808014606527e-12 -2.10655445359313e-12 -2.74018549914137e-06
 2.50614248703992e-10 -6.81233081350633e-10      1.99999153871879 -2.61274630776652e-07 -0.000172082512712054  8.29830982054051e-11 -1.18580032805211e-10  1.18893488137706e-10  8.31875630149897e-11  0.000226374028265772
 1.90702279110584e-09 -2.56398084066172e-08 -2.61274630776652e-07        1.999989583622  0.000344366041862089  -7.1538183872176e-11  9.85360046249439e-11 -1.05399623144977e-10 -7.16867398603833e-11 -0.000309244682916624
  4.9502561538149e-07  2.85862189621281e-06 -0.000172082512712054  0.000344366041862089       1.0038337625042 -1.36662400513074e-11  4.90629036193004e-11 -6.26514499221411e-11 -1.61964950467374e-11  3.22078672345176e-05
-1.32275551723781e-14 -2.10927357973968e-12  8.29830982054051e-11  -7.1538183872176e-11 -1.36662400513074e-11      1.00027461326879 -3.91369477085527e-16 -3.87450756179126e-12  -1.6185054480592e-07 -1.59420794103064e-11
 2.27328326052112e-15  2.96684030089711e-12 -1.18580032805211e-10  9.85360046249439e-11  4.90629036193004e-11 -3.91369477085527e-16      1.00027461326865  1.61850804744534e-07  -3.8730819698565e-12  6.27130825904589e-11
 5.52923281956672e-14 -3.03808014606527e-12  1.18893488137706e-10 -1.05399623144977e-10 -6.26514499221411e-11 -3.87450756179126e-12  1.61850804744534e-07      0.99972845864927  -3.9302422397406e-16 -4.95851559595291e-11
-1.37121901383766e-14 -2.10655445359313e-12  8.31875630149897e-11 -7.16867398603833e-11 -1.61964950467374e-11  -1.6185054480592e-07  -3.8730819698565e-12  -3.9302422397406e-16     0.999728458649128 -1.34238682805736e-11
 1.32051406740087e-07 -2.74018549914137e-06  0.000226374028265772 -0.000309244682916624  3.22078672345176e-05 -1.59420794103064e-11  6.27130825904589e-11 -4.95851559595291e-11 -1.34238682805736e-11     0.996178971412977
TOTAL ENERGY: -127.163058941375	 lambda: 0.5	 population of target: 6.99999801228505
1RDM: 
     1.99999999999332  3.51424573239819e-12  1.49910295001511e-10  2.22771971026967e-09  6.07482337829582e-07 -1.33301206557638e-14  2.52978033656809e-15  5.47542835492487e-14  -1.3834468709706e-14  2.17996042955385e-07
 3.51424573239819e-12      1.99999999990912 -1.06116021643163e-09 -2.65162837318247e-08  3.17511174813087e-06 -2.11158495402775e-12  2.97541099375893e-12  -3.0466202104541e-12 -2.10878143802746e-12 -3.01025647667224e-06
 1.49910295001511e-10 -1.06116021643163e-09      1.99999144117069 -2.18463796792898e-07 -0.000177933915788115  8.30963730622487e-11 -1.19013547392801e-10  1.19299374253616e-10  8.32954644777333e-11  0.000249363519830873
 2.22771971026967e-09 -2.65162837318247e-08 -2.18463796792898e-07       1.9999896705361   0.00037328285306259 -7.17194416409528e-11   9.9207609480173e-11  -1.0608527944794e-10 -7.18660424799707e-11 -0.000326829444479093
 6.07482337829582e-07  3.17511174813087e-06 -0.000177933915788115   0.00037328285306259       1.0035451290313 -1.26357155206664e-11  4.53567696809595e-11  -5.7922351109662e-11 -1.49774478265692e-11  3.12650290728464e-05
-1.33301206557638e-14 -2.11158495402775e-12  8.30963730622487e-11 -7.17194416409528e-11 -1.26357155206664e-11      1.00025407514511 -4.12054439432221e-16 -1.39623503948016e-13 -1.57362691853611e-07 -1.47391508431593e-11
 2.52978033656809e-15  2.97541099375893e-12 -1.19013547392801e-10   9.9207609480173e-11  4.53567696809595e-11 -4.12054439432221e-16      1.00025407514497   1.5736293222913e-07 -1.38305016537644e-13  5.79935628790918e-11
 5.47542835492487e-14  -3.0466202104541e-12  1.19299374253616e-10  -1.0608527944794e-10  -5.7922351109662e-11 -1.39623503948016e-13   1.5736293222913e-07     0.999748996601293 -4.13772328666537e-16  -4.5859131880806e-11
 -1.3834468709706e-14 -2.10878143802746e-12  8.32954644777333e-11 -7.18660424799707e-11 -1.49774478265692e-11 -1.57362691853611e-07 -1.38305016537644e-13 -4.13772328666537e-16      0.99974899660116 -1.24089820001388e-11
 2.17996042955385e-07 -3.01025647667224e-06  0.000249363519830873 -0.000326829444479093  3.12650290728464e-05 -1.47391508431593e-11  5.79935628790918e-11  -4.5859131880806e-11 -1.24089820001388e-11     0.996467615866904
TOTAL ENERGY: -127.163058193774	 lambda: 0.6	 population of target: 6.99999937599456
1RDM: 
     1.99999999999187  4.50656409101942e-12  9.83542501103082e-12    2.624746256319e-09  7.28500379283469e-07  -1.3410904866645e-14  2.69000552548124e-15  5.42809153127399e-14 -1.39377091177211e-14  3.18074166482741e-07
 4.50656409101942e-12      1.99999999990584 -1.35842590095196e-09 -2.72655946442065e-08  3.44753867496709e-06 -2.11351219364663e-12  2.98258829630725e-12 -3.05383611356629e-12 -2.11067234344014e-12 -3.23115999112692e-06
 9.83542501103082e-12 -1.35842590095196e-09      1.99999138747193  -1.9604030664216e-07 -0.000179836664158401     8.31870123137e-11 -1.19365475204297e-10  1.19622771152545e-10  8.33823633069453e-11  0.000270683275082265
   2.624746256319e-09 -2.72655946442065e-08  -1.9604030664216e-07      1.99998969933977  0.000398245961403389 -7.18642274855645e-11  9.97430681879446e-11 -1.06638287112196e-10 -7.20106568997982e-11 -0.000339145008997189
 7.28500379283469e-07  3.44753867496709e-06 -0.000179836664158401  0.000398245961403389      1.00341598718952 -1.21741931845013e-11  4.36908002112101e-11 -5.57983491267499e-11 -1.44301527438381e-11  3.13363186984205e-05
 -1.3410904866645e-14 -2.11351219364663e-12     8.31870123137e-11 -7.18642274855645e-11 -1.21741931845013e-11       1.0002448027904 -1.27085312438171e-15 -5.70562872609573e-13 -1.57837407714248e-07 -1.42007615867057e-11
 2.69000552548124e-15  2.98258829630725e-12 -1.19365475204297e-10  9.97430681879446e-11  4.36908002112101e-11 -1.27085312438171e-15      1.00024480279027  1.57837639256719e-07 -5.69291459828468e-13  5.58844300754626e-11
 5.42809153127399e-14 -3.05383611356629e-12  1.19622771152545e-10 -1.06638287112196e-10 -5.57983491267499e-11 -5.70562872609573e-13  1.57837639256719e-07     0.999758268882364  -1.2724995328953e-15 -4.41963038780653e-11
-1.39377091177211e-14 -2.11067234344014e-12  8.33823633069453e-11 -7.20106568997982e-11 -1.44301527438381e-11 -1.57837407714248e-07 -5.69291459828468e-13  -1.2724995328953e-15     0.999758268882225 -1.19562325889539e-11
 3.18074166482741e-07 -3.23115999112692e-06  0.000270683275082265 -0.000339145008997189  3.13363186984205e-05 -1.42007615867057e-11  5.58844300754626e-11 -4.41963038780653e-11 -1.19562325889539e-11     0.996596782755848
TOTAL ENERGY: -127.163057400768	 lambda: 0.7	 population of target: 7.00000059607
1RDM: 
     1.99999999998979  5.77524183542944e-12 -1.70657038912585e-10  3.13555429227128e-09  8.61198682909505e-07 -1.34756511038536e-14  2.77256166802811e-15  5.38477347208533e-14 -1.40279177828511e-14  4.33956739426965e-07
 5.77524183542944e-12      1.99999999990227 -1.61020983041414e-09 -2.79670562159254e-08  3.68826417493089e-06 -2.11515016117245e-12  2.98871646275678e-12 -3.06006213888283e-12 -2.11231273782777e-12 -3.41382847967664e-06
-1.70657038912585e-10 -1.61020983041414e-09      1.99999136756913 -1.92969407301858e-07 -0.000178381738962484  8.32617751826657e-11 -1.19661155567443e-10  1.19887867971267e-10  8.34545803071351e-11  0.000291442423782237
 3.13555429227128e-09 -2.79670562159254e-08 -1.92969407301858e-07      1.99998968521045  0.000420824536733858  -7.1983451855107e-11  1.00182745126913e-10 -1.07099307060951e-10 -7.21311799906476e-11 -0.000347398884112983
 8.61198682909505e-07  3.68826417493089e-06 -0.000178381738962484  0.000420824536733858      1.00341463865083 -1.21670746909109e-11  4.36603145297534e-11 -5.57598591813262e-11 -1.44209233323083e-11  3.24767192720745e-05
-1.34756511038536e-14 -2.11515016117245e-12  8.32617751826657e-11  -7.1983451855107e-11 -1.21670746909109e-11      1.00024453641562 -1.36960711048471e-15 -1.50400334481371e-12  -1.6355798114733e-07 -1.41964945413332e-11
 2.77256166802811e-15  2.98871646275678e-12 -1.19661155567443e-10  1.00182745126913e-10  4.36603145297534e-11 -1.36960711048471e-15      1.00024453641561  1.63558212513273e-07 -1.50273307862702e-12  5.58720679909538e-11
 5.38477347208533e-14 -3.06006213888283e-12  1.19887867971267e-10 -1.07099307060951e-10 -5.57598591813262e-11 -1.50400334481371e-12  1.63558212513273e-07     0.999758535251159  -1.3696667193543e-15 -4.41951183450531e-11
-1.40279177828511e-14 -2.11231273782777e-12  8.34545803071351e-11 -7.21311799906476e-11 -1.44209233323083e-11  -1.6355798114733e-07 -1.50273307862702e-12  -1.3696667193543e-15     0.999758535251151 -1.19542885939613e-11
 4.33956739426965e-07 -3.41382847967664e-06  0.000291442423782237 -0.000347398884112983  3.24767192720745e-05 -1.41964945413332e-11  5.58720679909538e-11 -4.41951183450531e-11 -1.19542885939613e-11        0.996598165344
TOTAL ENERGY: -127.163056384324	 lambda: 0.8	 population of target: 7.0000019482285
1RDM: 
     1.99999999998667  7.49939623168195e-12 -3.94067121933276e-10   3.8221965857987e-09  1.00917969098755e-06 -1.35273768373089e-14  2.78472663761601e-15  5.34381431703373e-14 -1.41089083484322e-14  5.68440556330137e-07
 7.49939623168195e-12      1.99999999989847 -1.84684357649709e-09 -2.86829216869479e-08  3.90592499176948e-06  -2.1165583205034e-12  2.99401815324414e-12 -3.06552338684835e-12 -2.11376186674771e-12 -3.56495269415131e-06
-3.94067121933276e-10 -1.84684357649709e-09      1.99999137879664  -2.1190578743874e-07 -0.000173717574406086  8.33247054817308e-11 -1.19916271825255e-10  1.20109299353947e-10  8.35160592618386e-11  0.000312534429637644
  3.8221965857987e-09 -2.86829216869479e-08  -2.1190578743874e-07      1.99998962993193  0.000442104367082951 -7.20836119238752e-11  1.00550797691449e-10 -1.07493197027687e-10 -7.22341364961539e-11 -0.000352185046984147
 1.00917969098755e-06  3.90592499176948e-06 -0.000173717574406086  0.000442104367082951      1.00354054412558 -1.26116685009519e-11  4.52550653877224e-11 -5.77938815655081e-11 -1.49464065679804e-11  3.49479420141819e-05
-1.35273768373089e-14  -2.1165583205034e-12  8.33247054817308e-11 -7.20836119238752e-11 -1.26116685009519e-11      1.00025319859865 -1.58071095452162e-15  -2.0984473801023e-12 -1.75804307396412e-07 -1.47248346562554e-11
 2.78472663761601e-15  2.99401815324414e-12 -1.19916271825255e-10  1.00550797691449e-10  4.52550653877224e-11 -1.58071095452162e-15      1.00025319859851   1.7580454691506e-07 -2.09713147603084e-12  5.79505043412034e-11
 5.34381431703373e-14 -3.06552338684835e-12  1.20109299353947e-10 -1.07493197027687e-10 -5.77938815655081e-11  -2.0984473801023e-12   1.7580454691506e-07     0.999749873126879 -1.58247170131788e-15 -4.58530343604418e-11
-1.41089083484322e-14 -2.11376186674771e-12  8.35160592618386e-11 -7.22341364961539e-11 -1.49464065679804e-11 -1.75804307396412e-07 -2.09713147603084e-12 -1.58247170131788e-15     0.999749873126732 -1.24023443253995e-11
 5.68440556330137e-07 -3.56495269415131e-06  0.000312534429637644 -0.000352185046984147  3.49479420141819e-05 -1.47248346562554e-11  5.79505043412034e-11 -4.58530343604418e-11 -1.24023443253995e-11     0.996472303809905
TOTAL ENERGY: -127.163054812329	 lambda: 0.9	 population of target: 7.000003790354
1RDM: 
     1.99999999998172  1.00188751522177e-11  -6.5890720219286e-10  4.80198276046554e-09  1.17717017901488e-06 -1.35671923728192e-14   2.7250114253861e-15  5.30399421607768e-14 -1.41830864270523e-14  7.25917369204129e-07
 1.00188751522177e-11      1.99999999989434 -2.10330574259968e-09 -2.94875643878688e-08  4.10733890442431e-06 -2.11777350037741e-12  2.99864089649087e-12 -3.07038498724064e-12 -2.11506527584028e-12 -3.68841521087782e-06
 -6.5890720219286e-10 -2.10330574259968e-09       1.9999914244785 -2.61241106886178e-07 -0.000165624066161933  8.33783380957874e-11 -1.20141469822838e-10  1.20296668994529e-10  8.35695434660212e-11  0.000334877421139602
 4.80198276046554e-09 -2.94875643878688e-08 -2.61241106886178e-07      1.99998952342753   0.00046299834738185  -7.2168792627638e-11  1.00862426556002e-10 -1.07836690781577e-10 -7.23239581083215e-11 -0.000353681539511082
 1.17717017901488e-06  4.10733890442431e-06 -0.000165624066161933   0.00046299834738185       1.0038239377377 -1.36144841602781e-11   4.8857541617373e-11  -6.2387485729403e-11 -1.61322914921119e-11  3.93822568157776e-05
-1.35671923728192e-14 -2.11777350037741e-12  8.33783380957874e-11  -7.2168792627638e-11 -1.36144841602781e-11      1.00027283457428 -4.74160055533565e-16 -2.20399506844559e-12 -1.97637171527158e-07 -1.59130919197971e-11
  2.7250114253861e-15  2.99864089649087e-12 -1.20141469822838e-10  1.00862426556002e-10   4.8857541617373e-11 -4.74160055533565e-16      1.00027283457429  1.97637429852365e-07 -2.20257842977125e-12  6.26194661841044e-11
 5.30399421607768e-14 -3.07038498724064e-12  1.20296668994529e-10 -1.07836690781577e-10  -6.2387485729403e-11 -2.20399506844559e-12  1.97637429852365e-07     0.999730237298962 -4.74008722335193e-16 -4.95697790292667e-11
-1.41830864270523e-14 -2.11506527584028e-12  8.35695434660212e-11 -7.23239581083215e-11 -1.61322914921119e-11 -1.97637171527158e-07 -2.20257842977125e-12 -4.74008722335193e-16      0.99973023729897 -1.34086772653209e-11
 7.25917369204129e-07 -3.68841521087782e-06  0.000334877421139602 -0.000353681539511082  3.93822568157776e-05 -1.59130919197971e-11  6.26194661841044e-11 -4.95697790292667e-11 -1.34086772653209e-11     0.996188970733732
TOTAL ENERGY: -127.163051894324	 lambda: 1	 population of target: 7.00000684595352
1RDM: 
     1.99999999997302  1.40745339862267e-11 -9.38417297340708e-10  6.32374243278118e-09  1.37220654228998e-06  -1.3594598145799e-14  2.58261030578011e-15  5.26452197826313e-14 -1.42513457169925e-14  9.13563277077434e-07
 1.40745339862267e-11      1.99999999988949  -2.4399495874928e-09 -3.05093250146745e-08  4.29889242366536e-06 -2.11881496004904e-12   3.0026811669688e-12  -3.0747816069807e-12 -2.11626582134243e-12  -3.7856838347836e-06
-9.38417297340708e-10  -2.4399495874928e-09      1.99999151512462  -3.6171199145512e-07 -0.000153398209815714  8.34242364124568e-11 -1.20344964699905e-10    1.204566690451e-10  8.36172845549791e-11  0.000359692331490281
 6.32374243278118e-09 -3.05093250146745e-08  -3.6171199145512e-07      1.99998933630594  0.000484491146884551  -7.2241465593845e-11  1.01127152253162e-10 -1.08142006555948e-10 -7.24040175158549e-11 -0.000351644222020241
 1.37220654228998e-06  4.29889242366536e-06 -0.000153398209815714  0.000484491146884551      1.00434656430325 -1.54643006535441e-11  5.55054334529228e-11  -7.0860950023942e-11 -1.83192420231234e-11  4.72538932839921e-05
 -1.3594598145799e-14 -2.11881496004904e-12  8.34242364124568e-11  -7.2241465593845e-11 -1.54643006535441e-11      1.00030898923588 -3.56760339085777e-15 -3.09055478349194e-12 -2.36132282970843e-07 -1.81047904034533e-11
 2.58261030578011e-15   3.0026811669688e-12 -1.20344964699905e-10  1.01127152253162e-10  5.55054334529228e-11 -3.56760339085777e-15      1.00030898923564   2.3613257550713e-07 -3.08894388690095e-12  7.12273118079282e-11
 5.26452197826313e-14  -3.0747816069807e-12    1.204566690451e-10 -1.08142006555948e-10  -7.0860950023942e-11 -3.09055478349194e-12   2.3613257550713e-07     0.999694082957543 -3.57053596756306e-15 -5.64228433055997e-11
-1.42513457169925e-14 -2.11626582134243e-12  8.36172845549791e-11 -7.24040175158549e-11 -1.83192420231234e-11 -2.36132282970843e-07 -3.08894388690095e-12 -3.57053596756306e-15       0.9996940829573 -1.52652757892814e-11
 9.13563277077434e-07  -3.7856838347836e-06  0.000359692331490281 -0.000351644222020241  4.72538932839921e-05 -1.81047904034533e-11  7.12273118079282e-11 -5.64228433055997e-11 -1.52652757892814e-11     0.995666440017343
-------------------general-----------------------
mullikenoperator: 
 0.000199221379642461     0.014109096671375 -0.000206117974472068  0.000269419904652361  2.94433337060856e-06 -6.76378072335143e-14  6.46983837927571e-14 -1.33435560361048e-13 -6.75923217194394e-14  2.29912316617564e-06
    0.014109096671375     0.999795888510078  -0.00189271350410678   -0.0011919482945809  7.95090237655771e-06 -2.21761467809121e-12   3.2500087927597e-12  -3.2414865525782e-12 -2.21637295470106e-12   -7.299998004131e-06
-0.000206117974472069  -0.00189271350410679     0.282051133340871    -0.449993779751687 -0.000235420214893893  5.69209664905433e-11 -8.26521517222947e-11  8.50711152460821e-11  5.67641220522396e-11  0.000479214693987791
 0.000269419904652362  -0.00119194829458087    -0.449993779751687     0.717952895283901  0.000648804693542782 -9.06942854523456e-11  1.34546577259378e-10 -1.32996788668017e-10 -9.07014476120779e-11 -0.000488608173420488
  2.9443333706086e-06  7.95090237655884e-06 -0.000235420214893888  0.000648804693542776     0.495294271900413 -3.00572720727433e-11  9.60904107141514e-12  4.62432013318376e-11 -3.34137702334842e-11     0.499977464183955
-6.76378072335136e-14 -2.21761467809121e-12  5.69209664905434e-11 -9.06942854523457e-11 -3.00572720727325e-11     0.499669354502054  1.30791321197652e-12 -6.11265327398554e-06     -0.49999989090655 -3.35737434967666e-11
 6.46983837927535e-14  3.25000879275973e-12 -8.26521517222951e-11  1.34546577259379e-10  9.60904107139752e-12  1.30793506184297e-12     0.499669354025979     0.499999890906235 -6.11265327627319e-06 -4.63599173352145e-11
-1.33435560361052e-13  -3.2414865525782e-12  8.50711152460817e-11 -1.32996788668016e-10   4.6243201331815e-11  -6.1126532740205e-06     0.499999890906235     0.500330645974023  1.30158826823837e-12 -8.99484135319714e-12
-6.75923217194402e-14 -2.21637295470107e-12  5.67641220522394e-11 -9.07014476120777e-11 -3.34137702334949e-11     -0.49999989090655 -6.11265327624703e-06  1.30156213471223e-12     0.500330645497947 -3.02069310351057e-11
 2.29912316617567e-06 -7.29999800413048e-06  0.000479214693987793  -0.00048860817342049     0.499977464183955  -3.3573743496782e-11 -4.63599173352142e-11 -8.99484135319188e-12 -3.02069310350903e-11     0.504706589585102
selected BF: 
0 1 2 3 4
selected lambdas: 
  -1 -0.9 -0.8 -0.7 -0.6 -0.5 -0.4 -0.3 -0.2 -0.1    0  0.1  0.2  0.3  0.4  0.5  0.6  0.7  0.8  0.9    1
RHF C: 
-3.37237269783133e-07      -0.9953883359665     0.260143959249457  0.000236972071077736 -0.000258430200655034 -0.000142094948546004   1.0340208276209e-11 -2.82547234741237e-12  5.44260476208506e-11  5.19916979908332e-12
 1.99769483202521e-06   -0.0189027586949267     -1.02864641421534 -0.000938071469169212   0.00103417181741525   0.00056459127188678 -4.13747779572019e-11   1.1054370644633e-11 -2.13836753531198e-10 -2.07049860887796e-11
-5.47742107858929e-13   1.2002871282662e-12  8.60622419666591e-11  4.52323827167771e-10  2.82759444021018e-07 -9.07444402884182e-09  -0.00215361332747439    -0.423281352796091     0.905995725927445 -6.33036638318729e-05
-4.25591414982765e-13  7.88969782115828e-13  1.35419876831998e-10  3.48208683698575e-10  2.16692293140831e-07 -7.08041819453209e-09  -0.00100616562391174     0.905998275434352     0.423280161669478  0.000135496189367392
 4.56916602289542e-06  3.10890802316266e-06   0.00100494382361534   0.00158357929401839     0.999995905347905   0.00224167951433648  6.62611532749595e-10 -7.66302355526514e-08 -3.47875232758887e-07 -6.53572520543915e-11
   -0.995027798984845 -5.90346372933804e-07  0.000209551545712064    -0.263166518542544  0.000494763399739509  -0.00413279496453322  4.28825723564269e-11  -1.6111131261295e-11 -7.24570251998205e-11  1.57289685848152e-10
  -0.0201928545298606  1.81218966959842e-06 -0.000818024759673705      1.02891884952849  -0.00193860128587999    0.0163771497150922 -1.69949399074258e-10  6.32744236843883e-11  2.84553714727304e-10 -6.12973383987144e-10
  3.1441655024708e-12 -8.39481704629725e-14 -1.09383975662997e-11 -5.81977598635131e-10  2.48277954318069e-11  6.17777111817967e-08     0.905995796466678  -4.9383701201052e-05   0.00212381879619724     0.423281354209186
-2.09048723407967e-12 -3.50742475681285e-14 -1.23993197854705e-11 -7.72187602726813e-11  6.90512298882615e-11 -2.46790386377801e-08     0.423280194089431  0.000105701574880036  0.000992245698962654    -0.905998279605843
 5.59751585804156e-05  -3.5825252825544e-06  0.000329578059398727   -0.0159167958407498  -0.00168460859070846     0.999872013173321  -4.5554878165198e-08  2.71177592193952e-09   1.1703651986826e-08 -4.85048930306804e-08
RDM (no constraint): 
     1.99999999628159  2.27447442736041e-10  5.66557126379586e-08  9.90770699732845e-07 -1.57927035696338e-07  -5.7277187346995e-05  9.12542924961552e-13  1.43686513427472e-14  1.53887275688045e-13 -6.76850793047464e-13
 2.27447442736041e-10      1.99999999653483 -1.66391770885735e-06 -7.37768875139508e-08 -4.80407852518835e-05 -3.46228625580321e-06 -2.67323100996757e-12  3.46513723173129e-12  1.52649135648389e-11  2.19821663317743e-12
 5.66557126379586e-08 -1.66391770885735e-06      1.99893639743487 -5.53047445629176e-05   -0.0323806571231018 -2.52551634110758e-05  2.01569449527671e-10  2.39499432762226e-09  1.11259089940709e-08 -1.53927200646152e-10
 9.90770699732845e-07 -7.37768875139508e-08 -5.53047445629176e-05      1.99972667871507  -0.00133803092223679    0.0161713776920114 -2.41099458388366e-10  2.04258098456566e-11  8.56836633543563e-11 -5.62982757644104e-10
-1.57927035696338e-07 -4.80407852518835e-05   -0.0323806571231018  -0.00133803092223679      1.00098085363301   -0.0143955493412062  1.42117631179539e-09 -1.09228223423068e-10 -4.94411849686018e-10  5.15467287848998e-10
 -5.7277187346995e-05 -3.46228625580321e-06 -2.52551634110758e-05    0.0161713776920114   -0.0143955493412062      1.00034988972654 -3.31345135778462e-11   1.0623138562633e-09  5.09879784539924e-09 -9.58293251138388e-12
 9.12542924961552e-13 -2.67323100996757e-12  2.01569449527671e-10 -2.41099458388366e-10  1.42117631179539e-09 -3.31345135778462e-11     0.999997442265451  -3.8586816922353e-13      0.00101100550892 -4.16588855422279e-14
 1.43686513427472e-14  3.46513723173129e-12  2.39499432762226e-09  2.04258098456566e-11 -1.09228223423068e-10   1.0623138562633e-09  -3.8586816922353e-13      1.00000114749936 -4.40289780182851e-14  -0.00101101383065575
 1.53887275688045e-13  1.52649135648389e-11  1.11259089940709e-08  8.56836633543563e-11 -4.94411849686018e-10  5.09879784539924e-09      0.00101100550892 -4.40289780182851e-14      1.00000565157179 -7.51590410205534e-13
-6.76850793047464e-13  2.19821663317743e-12 -1.53927200646152e-10 -5.62982757644104e-10  5.15467287848998e-10 -9.58293251138388e-12 -4.16588855422279e-14  -0.00101101383065575 -7.51590410205534e-13      1.00000194633747
RDM Eigenvectors: 
    0.999878017182961   -0.0141250087536839  -0.00546087453889905  -0.00382236150455563 -4.11000782992654e-05 -2.23712771318693e-12 -1.86462556327054e-12  2.90793074370312e-12 -2.01715223905904e-12  3.99319622183072e-05
  -0.0141076682852414    -0.999873352049395  -0.00183077441461643   0.00713438910432736   3.1900779320769e-05   1.6139701213264e-12 -3.08815555937865e-12  1.00312150921106e-12  1.30386629633611e-12  3.60076796711497e-05
  0.00043177945526131   0.00700797416565543    -0.531517113097478     0.846398347948865    0.0231610313572716 -4.69335899830987e-11  2.78665721995956e-11 -2.89277320452815e-10 -1.74591420179434e-10    0.0226641471275448
  0.00668841160156129   0.00214877790185732     0.846771394907697     0.531661562634522    0.0125934784234961  1.56129488139104e-10  2.86662974534201e-10 -1.08134432481419e-09 -2.14627027355717e-11   -0.0103072687006014
-2.31717013372778e-05 -0.000182537247577455    0.0158995533045226   -0.0282762389225341     0.704763042607175  5.48948162188271e-08 -2.46801732609937e-07 -2.46902681332395e-07 -5.49569366282092e-08     0.708700697357698
 5.12800815232548e-05  4.14848391154989e-05    0.0134831216573631    0.0089868661658905    -0.708952764290961 -3.05968240162796e-08 -4.49594106863997e-08  6.08531405133056e-08  -2.6899963216693e-08     0.705069794644792
-6.04375075999258e-13  3.35750420928547e-12 -2.94989785880066e-10  1.15464881231113e-11  5.35502052983689e-08   0.00189594967426876    -0.705667369619105     0.708538197842741   0.00189500064402517 -5.21448214083389e-08
 1.19781940703309e-12  1.34317431278609e-11 -1.24272362531627e-09  2.05112714062729e-09 -5.59142414786582e-08     0.706964538177263   0.00189943523645919   0.00189153945488979    -0.707243915480421 -5.25705522342248e-08
  5.5878855043715e-12  6.31945043985086e-11 -5.78056553310768e-09  9.52264238922369e-09 -2.54055780330455e-07   0.00190366316929688    -0.708538174621636    -0.705667392743915  -0.00188732304101341 -2.39731009940518e-07
-4.55336140408026e-12 -4.58510406809255e-12 -3.85583338532727e-10 -4.46325458121403e-10  2.89418207403179e-08    -0.707243892303903  -0.00190018536255271   0.00189079194853847    -0.706964561346761  -2.8833507585178e-08
Total C: 
   0.0141561797480717     0.997085909461645    -0.136253996507362     0.213215950315389   0.00591503960251012 -2.91692185686998e-11  3.46857664254861e-11 -5.24240752181078e-11 -3.04574164336502e-11   0.00557432027453022
-0.000181746307226349    0.0116894279252627     0.546007491495905    -0.871302398013333   -0.0235083509991107  1.09570072876279e-10 -1.28725802093771e-10   1.9914063270936e-10  1.14710650522354e-10   -0.0221734107436955
 3.76992787294766e-14 -4.63113547221335e-14  1.82910744395247e-13 -4.31480088759446e-12 -9.03705957748883e-10    -0.297479507416413    -0.641216698439471    -0.641658332131711     0.297693927041029  -8.3802376274902e-10
 1.70055104052787e-14 -1.96443470756653e-14  2.60964806298561e-13 -2.12706666701885e-12 -5.01013452498556e-10     0.641216698744172    -0.297479507273014    -0.297693927184325    -0.641658331827219 -4.76380445798356e-10
-7.50635951011421e-06 -0.000175171177686701    0.0167364672034321   -0.0265634617181363     0.703214130177922  3.65866820950897e-11 -1.03115559387696e-09 -9.58638807396102e-10  -1.1694045383828e-10     0.710284790101605
   -0.996666713272765    0.0134910870136089    -0.217567393638374    -0.135985937579612  1.02146318095165e-05 -7.95033808563174e-12   1.0868915105924e-11 -1.02510046063184e-11 -7.98556952755625e-12  0.000114274162420392
  -0.0133080526081229   0.00248963094748925     0.871994103155755     0.546623421483755 -3.73290826924347e-05  3.16941486474451e-11 -4.32935302677144e-11  4.05539701300873e-11  3.18359475763639e-11 -0.000451543658477145
-4.79774093509619e-14  2.50528198249963e-12  -9.6339154415869e-11  7.74629075739248e-11  1.64424227870793e-08    -0.297676299545266    -0.641640884106346     0.641234162774316    -0.297497136296924 -1.63732798121391e-08
-3.51642024892145e-15  4.41475317115477e-12 -1.71829894818974e-10   1.4364210867502e-10  1.37311833822657e-08     0.641640883801847    -0.297676299688571     0.297497136153533     0.641234163079007 -1.35431839528246e-08
  1.0156483206805e-06  1.26864707309669e-05 -0.000198751438404093  0.000849716620156953    -0.710242094424483  5.46994382458253e-09 -2.05910198567893e-08  2.06555627562725e-08  5.46128281832263e-09      0.70395720211959
Basis set used: STO-3G
Naturals: 
 1.99999999999646  1.99999999973207    1.999993759893  1.99998313948032  1.01437392694092  1.00101256082797  1.00101256075989 0.998990533077348  0.99899053300886 0.985642986283154
Naturals: 
 1.99999999999648  1.99999999973208  1.99999375989308  1.99998313949183  1.01437391049939  1.00101255909382  1.00101255909308 0.998990534743964 0.998990534743222 0.985643002713131
Version: Tmhuysen's fci hack
