Naturals in-correctThe Davidson algorithm did not converge.lambda: -1
The Davidson algorithm did not converge.lambda: -0.9
The Davidson algorithm did not converge.lambda: -0.8
The Davidson algorithm did not converge.lambda: -0.7
The Davidson algorithm did not converge.lambda: -0.6
The Davidson algorithm did not converge.lambda: -0.5
The Davidson algorithm did not converge.lambda: -0.4
The Davidson algorithm did not converge.lambda: -0.3
The Davidson algorithm did not converge.lambda: -0.2
The Davidson algorithm did not converge.lambda: -0.1
TOTAL ENERGY: -127.163137277522	 lambda: 0	 population of target: 6.99971663996688
1RDM: 
     1.99999999999288  5.73823612172932e-17 -1.19236796643254e-14  3.97921142692545e-14  1.85164622630311e-12  3.68820852959519e-18 -1.37259504651034e-18 -1.02798549151905e-18  1.35128008122054e-18 -1.53733210529505e-12
 5.73823612172932e-17      1.99999999950051   1.3322417523916e-13  1.84389346914562e-13  1.72436124173179e-11  1.40785881341157e-16 -6.20511571912841e-17 -4.26407984427247e-17  5.32967978666139e-17  2.28007639697931e-12
-1.19236796643254e-14   1.3322417523916e-13      1.99999314224476 -9.39494348641461e-12 -3.14651661146941e-10 -1.61983959774013e-17 -3.19396908090693e-17  8.72328355187027e-18  1.97359851283331e-17 -6.94001087824446e-11
 3.97921142692545e-14  1.84389346914562e-13 -9.39494348641461e-12      1.99997554706863  8.36123689978841e-10  3.76293380449864e-17   6.3759962350795e-17 -3.93663125591077e-17 -4.90439795719843e-17 -1.93276477961406e-10
 1.85164622630311e-12  1.72436124173179e-11 -3.14651661146941e-10  8.36123689978841e-10      1.02046025107514 -2.86944669025377e-15 -4.48711182680279e-15   5.4526517096301e-15  3.05866586065248e-15  4.54697953424653e-10
 3.68820852959519e-18  1.40785881341157e-16 -1.61983959774013e-17  3.76293380449864e-17 -2.86944669025377e-15      1.00152893965441 -1.67943824531799e-14 -1.28770356592701e-10   2.4165591676522e-12  -3.0619969926438e-15
-1.37259504651034e-18 -6.20511571912841e-17 -3.19396908090693e-17   6.3759962350795e-17 -4.48711182680279e-15 -1.67943824531799e-14      1.00152893965415  2.41678090883591e-12  1.28770703086008e-10 -5.45217268003288e-15
-1.02798549151905e-18 -4.26407984427247e-17  8.72328355187027e-18 -3.93663125591077e-17   5.4526517096301e-15 -1.28770356592701e-10  2.41678090883591e-12     0.998474751441858    1.618767804352e-14  4.51197717013783e-15
 1.35128008122054e-18  5.32967978666139e-17  1.97359851283331e-17 -4.90439795719843e-17  3.05866586065248e-15   2.4165591676522e-12  1.28770703086008e-10    1.618767804352e-14     0.998474751441594   2.8628706861381e-15
-1.53733210529505e-12  2.28007639697931e-12 -6.94001087824446e-11 -1.93276477961406e-10  4.54697953424653e-10  -3.0619969926438e-15 -5.45217268003288e-15  4.51197717013783e-15   2.8628706861381e-15     0.979563677926054
TOTAL ENERGY: -127.163130161933	 lambda: 0.1	 population of target: 6.99993469496011
1RDM: 
     1.99999999999245  1.67370000849113e-12  4.35527249504784e-10  1.97689989814126e-09  2.98340521946763e-07   2.5050338687554e-18 -8.22512502118334e-19 -2.88077142265495e-19  2.85259299309618e-19 -1.01916253689853e-07
 1.67370000849113e-12      1.99999999977188  5.67596134483853e-09 -3.02236771490931e-08  2.26481821175534e-06  1.39725166375931e-16  -6.2789049413416e-17  -4.1079775767061e-17  5.33733144206963e-17 -2.28358459548989e-06
 4.35527249504784e-10  5.67596134483853e-09      1.99999156994633 -1.01019688337827e-06 -0.000137499362163771  2.71340015536167e-17  4.16454846743166e-17 -6.21946727378134e-17 -2.08028272305082e-17  0.000157998168840878
 1.97689989814126e-09 -3.02236771490931e-08 -1.01019688337827e-06      1.99998438553585  0.000285193906620642 -4.27706400074941e-17 -7.38938645927091e-17  9.83895636546795e-17  3.05255219285603e-17 -0.000278021991274682
 2.98340521946763e-07  2.26481821175534e-06 -0.000137499362163771  0.000285193906620642      1.01067002920784 -1.52607109443314e-15  -2.2773992209489e-15  2.87444662262854e-15  1.54968887528298e-15  7.98136457975262e-05
  2.5050338687554e-18  1.39725166375931e-16  2.71340015536167e-17 -4.27706400074941e-17 -1.52607109443314e-15       1.0008052555771 -3.97530225447908e-15  9.99280964527259e-10  4.45739655397039e-07 -1.57519795940014e-15
-8.22512502118334e-19  -6.2789049413416e-17  4.16454846743166e-17 -7.38938645927091e-17  -2.2773992209489e-15 -3.97530225447908e-15      1.00080525557692  4.45739655373072e-07 -9.99280803639229e-10 -2.91157470945349e-15
-2.88077142265495e-19  -4.1079775767061e-17 -6.21946727378134e-17  9.83895636546795e-17  2.87444662262854e-15  9.99280964527259e-10  4.45739655373072e-07      0.99919839500645  3.55354317580241e-15  2.32915969038793e-15
 2.85259299309618e-19  5.33733144206963e-17 -2.08028272305082e-17  3.05255219285603e-17  1.54968887528298e-15  4.45739655397039e-07 -9.99280803639229e-10  3.55354317580241e-15     0.999198395006266  1.54467110985566e-15
-1.01916253689853e-07 -2.28358459548989e-06  0.000157998168840878 -0.000278021991274682  7.98136457975262e-05 -1.57519795940014e-15 -2.91157470945349e-15  2.32915969038793e-15  1.54467110985566e-15     0.989346714378986
TOTAL ENERGY: -127.163124856886	 lambda: 0.2	 population of target: 6.99997263050419
1RDM: 
     1.99999999999142  3.19289563105089e-12  6.77843484394419e-10  2.45573308295937e-09  4.90190903719976e-07   1.3465859188605e-18 -2.08626083964417e-19  4.02924366021268e-19 -8.27768752547159e-19 -7.45554239279199e-08
 3.19289563105089e-12      1.99999999980723  5.41009423391601e-09 -3.68893374775354e-08  3.39499647680359e-06  1.38931134482126e-16 -6.29275098032425e-17 -4.01128400592885e-17  5.31442069211237e-17 -3.36204096876892e-06
 6.77843484394419e-10  5.41009423391601e-09      1.99999079850732 -8.01964838348364e-07 -0.000186964360585495    4.507242717762e-17  7.19851702198122e-17 -8.92485145793057e-17 -3.61093276432154e-17  0.000226144629916949
 2.45573308295937e-09 -3.68893374775354e-08 -8.01964838348364e-07      1.99998615179959  0.000402459256366056 -7.42205000658769e-17 -1.28286920966802e-16  1.52232165882124e-16  6.18067732573698e-17  -0.00038257392789943
 4.90190903719976e-07  3.39499647680359e-06 -0.000186964360585495  0.000402459256366056       1.0076333163144 -1.11927336599496e-15 -1.59788716259155e-15  2.08374216726471e-15  1.08037468514472e-15  7.56820641906706e-05
  1.3465859188605e-18  1.38931134482126e-16    4.507242717762e-17 -7.42205000658769e-17 -1.11927336599496e-15      1.00057835000362 -4.22786400903557e-15  9.63580975328706e-10  4.25737017886157e-07 -1.10420623736602e-15
-2.08626083964417e-19 -6.29275098032425e-17  7.19851702198122e-17 -1.28286920966802e-16 -1.59788716259155e-15 -4.22786400903557e-15      1.00057835000346  4.25737017799096e-07 -9.63580860117392e-10 -2.11826898114833e-15
 4.02924366021268e-19 -4.01128400592885e-17 -8.92485145793057e-17  1.52232165882124e-16  2.08374216726471e-15  9.63580975328706e-10  4.25737017799096e-07     0.999425293996007  3.87458726264221e-15  1.64375852780332e-15
-8.27768752547159e-19  5.31442069211237e-17 -3.61093276432154e-17  6.18067732573698e-17  1.08037468514472e-15  4.25737017886157e-07 -9.63580860117392e-10  3.87458726264221e-15     0.999425293995853  1.13726238265007e-15
-7.45554239279199e-08 -3.36204096876892e-06  0.000226144629916949  -0.00038257392789943  7.56820641906706e-05 -1.10420623736602e-15 -2.11826898114833e-15  1.64375852780332e-15  1.13726238265007e-15     0.992382445581123
TOTAL ENERGY: -127.163121640502	 lambda: 0.3	 population of target: 6.99998586686107
1RDM: 
      1.9999999999901  4.52514296443994e-12  7.52193667714541e-10  2.82425898524461e-09  6.60574021800247e-07  1.87844980593367e-19  4.27694107422591e-19  1.08595661876036e-18 -1.96029470489281e-18 -5.10413499632685e-09
 4.52514296443994e-12      1.99999999981125  4.92890677729328e-09 -4.00668692232454e-08  4.18007191224798e-06  1.38219996194813e-16 -6.28887237522359e-17 -3.93214435401505e-17  5.28231980171325e-17 -4.08741555995508e-06
 7.52193667714541e-10  4.92890677729328e-09       1.9999903868711 -6.12147604471256e-07  -0.00021206588892538  5.64335133888177e-17  9.10516194245296e-17 -1.04712085587317e-16 -4.47189795317771e-17   0.00027190804120544
 2.82425898524461e-09 -4.00668692232454e-08 -6.12147604471256e-07      1.99998678898483   0.00047540497586936 -9.28887644726307e-17 -1.60846973130241e-16  1.84224671589041e-16   8.0494961423108e-17 -0.000442127871353892
 6.60574021800247e-07  4.18007191224798e-06  -0.00021206588892538   0.00047540497586936      1.00622135145142  -9.3577004073188e-16 -1.27941205631583e-15  1.72146164463872e-15  8.58428106403716e-16  6.94449206831892e-05
 1.87844980593367e-19  1.38219996194813e-16  5.64335133888177e-17 -9.28887644726307e-17  -9.3577004073188e-16      1.00047238116584 -6.56254867473398e-16  8.48242541418252e-10  3.92323857075237e-07 -8.80289809316594e-16
 4.27694107422591e-19 -6.28887237522359e-17  9.10516194245296e-17 -1.60846973130241e-16 -1.27941205631583e-15 -6.56254867473398e-16      1.00047238116573  3.92323857000882e-07  -8.4824244691092e-10 -1.75258513395474e-15
 1.08595661876036e-18 -3.93214435401505e-17 -1.04712085587317e-16  1.84224671589041e-16  1.72146164463872e-15  8.48242541418252e-10  3.92323857000882e-07      0.99953126075008  4.07759252660424e-16   1.3204820452436e-15
-1.96029470489281e-18  5.28231980171325e-17 -4.47189795317771e-17   8.0494961423108e-17  8.58428106403716e-16  3.92323857075237e-07  -8.4824244691092e-10  4.07759252660424e-16     0.999531260749972  9.52157824628404e-16
-5.10413499632685e-09 -4.08741555995508e-06   0.00027190804120544 -0.000442127871353892  6.94449206831892e-05 -8.80289809316594e-16 -1.75258513395474e-15   1.3204820452436e-15  9.52157824628404e-16     0.993794189059708
TOTAL ENERGY: -127.163119444947	 lambda: 0.4	 population of target: 6.99999223136637
1RDM: 
     1.99999999998837  5.94106961642322e-12  7.30460112761741e-10  3.23189538420808e-09  8.28291293058214e-07 -9.76238516745554e-19  1.07844713550437e-18  1.76947492694638e-18 -3.10691935948883e-18  9.08036871020389e-08
 5.94106961642322e-12      1.99999999980706  4.52821831524733e-09 -4.21706171468948e-08  4.79174938651599e-06  1.37552150890886e-16 -6.27614368997777e-17 -3.86176076469051e-17  5.24558134826752e-17 -4.63489175060956e-06
 7.30460112761741e-10  4.52821831524733e-09      1.99999014504442 -4.80981772863449e-07 -0.000225545399543144  6.49450706356571e-17  1.05208161753294e-16 -1.14954980339055e-16 -5.03031983570833e-17  0.000308552855480558
 3.23189538420808e-09 -4.21706171468948e-08 -4.80981772863449e-07      1.99998706589713  0.000529071050630845  -1.0589856594477e-16 -1.83720732568635e-16  2.06632004713617e-16  9.36618142760437e-17 -0.000481510683450701
 8.28291293058214e-07  4.79174938651599e-06 -0.000225545399543144  0.000529071050630845      1.00546633228539 -8.43163119833221e-16 -1.10507135973758e-15  1.53306509645912e-15  7.35252549725916e-16   6.5383373725573e-05
-9.76238516745554e-19  1.37552150890886e-16  6.49450706356571e-17  -1.0589856594477e-16 -8.43163119833221e-16      1.00041553019974 -1.54091505661761e-15  8.25574799592569e-10  3.70397477788532e-07 -7.55958673795336e-16
 1.07844713550437e-18 -6.27614368997777e-17  1.05208161753294e-16 -1.83720732568635e-16 -1.10507135973758e-15 -1.54091505661761e-15      1.00041553019975  3.70397477786778e-07 -8.25574718031692e-10 -1.56192317527087e-15
 1.76947492694638e-18 -3.86176076469051e-17 -1.14954980339055e-16  2.06632004713617e-16  1.53306509645912e-15  8.25574799592569e-10  3.70397477786778e-07     0.999588110854277  1.54844347700177e-15  1.14330631531214e-15
-3.10691935948883e-18  5.24558134826752e-17 -5.03031983570833e-17  9.36618142760437e-17  7.35252549725916e-16  3.70397477788532e-07 -8.25574718031692e-10  1.54844347700177e-15      0.99958811085428  8.58408350082347e-16
 9.08036871020389e-08 -4.63489175060956e-06  0.000308552855480558 -0.000481510683450701   6.5383373725573e-05 -7.55958673795336e-16 -1.56192317527087e-15  1.14330631531214e-15  8.58408350082347e-16     0.994549174869566
TOTAL ENERGY: -127.163117741423	 lambda: 0.5	 population of target: 6.99999604574172
1RDM: 
     1.99999999998609  7.62871458714411e-12  6.42698922983067e-10  3.73024298569281e-09  1.00153535283529e-06 -2.14741305713458e-18  1.74105706827872e-18  2.45670434438866e-18 -4.26575428876358e-18  2.09226993025115e-07
 7.62871458714411e-12      1.99999999980011  4.19350921970333e-09 -4.38239024384552e-08  5.29640985469139e-06  1.36912069892067e-16 -6.25790579683631e-17  -3.7968086762781e-17  5.20595520517332e-17 -5.07003481869101e-06
 6.42698922983067e-10  4.19350921970333e-09      1.99998999840477 -3.97655086353361e-07 -0.000231717567534713  7.19133647608322e-17  1.16694193347178e-16 -1.22178538108418e-16  -5.4134397961826e-17   0.00034084020080289
 3.73024298569281e-09 -4.38239024384552e-08 -3.97655086353361e-07       1.9999871831293  0.000572320648211662 -1.15714789955323e-16 -2.01118928787568e-16  2.23721551507153e-16  1.03768278410534e-16 -0.000509190475607651
 1.00153535283529e-06  5.29640985469139e-06 -0.000231717567534713  0.000572320648211662      1.00505993838608 -7.99904205969099e-16 -1.00579545668286e-15  1.43805892216418e-15   6.6325780634144e-16  6.35421432509316e-05
-2.14741305713458e-18  1.36912069892067e-16  7.19133647608322e-17 -1.15714789955323e-16 -7.99904205969099e-16      1.00038480710475  6.21803505497852e-15  8.69279195954656e-10  3.60571597121304e-07 -6.83591421472677e-16
 1.74105706827872e-18 -6.25790579683631e-17  1.16694193347178e-16 -2.01118928787568e-16 -1.00579545668286e-15  6.21803505497852e-15      1.00038480710477  3.60571597130866e-07 -8.69279110382698e-10 -1.46575086195815e-15
 2.45670434438866e-18  -3.7968086762781e-17 -1.22178538108418e-16  2.23721551507153e-16  1.43805892216418e-15  8.69279195954656e-10  3.60571597130866e-07     0.999618833555617 -6.17852551356143e-15  1.04279659300002e-15
-4.26575428876358e-18  5.20595520517332e-17  -5.4134397961826e-17  1.03768278410534e-16   6.6325780634144e-16  3.60571597121304e-07 -8.69279110382698e-10 -6.17852551356143e-15     0.999618833555634  8.14537594449019e-16
 2.09226993025115e-07 -5.07003481869101e-06   0.00034084020080289 -0.000509190475607651  6.35421432509316e-05 -6.83591421472677e-16 -1.46575086195815e-15  1.04279659300002e-15  8.14537594449019e-16      0.99495559897294
TOTAL ENERGY: -127.163116210687	 lambda: 0.6	 population of target: 6.99999883768303
1RDM: 
     1.99999999998293  9.77555359253145e-12  5.03058584513377e-10  4.36401376418175e-09  1.18581836238376e-06 -3.32643241009736e-18  2.41458623386362e-18  3.14938450932123e-18 -5.43591405383534e-18  3.50114067990053e-07
 9.77555359253145e-12      1.99999999979204  3.88589982820589e-09 -4.52677737903228e-08  5.72801011530161e-06  1.36291636772183e-16 -6.23581845276639e-17 -3.73562271358582e-17  5.16433410011998e-17 -5.42517233538798e-06
 5.03058584513377e-10  3.88589982820589e-09      1.99998991375861 -3.54061930593999e-07 -0.000232381583430777  7.79463919688808e-17  1.26563469340082e-16 -1.27373783581497e-16 -5.67908663723096e-17   0.00037115377026803
 4.36401376418175e-09 -4.52677737903228e-08 -3.54061930593999e-07      1.99998721027896  0.000609338170086028  -1.2345964371175e-16 -2.14956375591081e-16  2.37457712571336e-16  1.11943942682381e-16 -0.000528921532193043
 1.18581836238376e-06  5.72801011530161e-06 -0.000232381583430777  0.000609338170086028      1.00488192077886 -7.90418732839946e-16 -9.54225351668342e-16  1.40565373839352e-15  6.23391397991573e-16  6.37840254212966e-05
-3.32643241009736e-18  1.36291636772183e-16  7.79463919688808e-17  -1.2345964371175e-16 -7.90418732839946e-16      1.00037119992585 -3.13045961219582e-15   8.1430984963378e-10  3.62207026521224e-07 -6.44094038381835e-16
 2.41458623386362e-18 -6.23581845276639e-17  1.26563469340082e-16 -2.14956375591081e-16 -9.54225351668342e-16 -3.13045961219582e-15      1.00037119992575  3.62207026423586e-07  -8.1430978073201e-10 -1.43317415657996e-15
 3.14938450932123e-18 -3.73562271358582e-17 -1.27373783581497e-16  2.37457712571336e-16  1.40565373839352e-15   8.1430984963378e-10  3.62207026423586e-07     0.999632440572398  2.91067450875022e-15  9.91388850615105e-16
-5.43591405383534e-18  5.16433410011998e-17 -5.67908663723096e-17  1.11943942682381e-16  6.23391397991573e-16  3.62207026521224e-07  -8.1430978073201e-10  2.91067450875022e-15     0.999632440572301  8.04942709503114e-16
 3.50114067990053e-07 -5.42517233538798e-06   0.00037115377026803 -0.000528921532193043  6.37840254212966e-05 -6.44094038381835e-16 -1.43317415657996e-15  9.91388850615105e-16  8.04942709503114e-16     0.995133674412282
TOTAL ENERGY: -127.163114573149	 lambda: 0.7	 population of target: 7.00000135679589
1RDM: 
     1.99999999997844  1.26406253400408e-11   3.2094329666169e-10  5.19726304970101e-09  1.38616453737723e-06 -4.51362537674484e-18   3.0988205017842e-18  3.84873038195486e-18 -6.61690075356819e-18  5.15542288493914e-07
 1.26406253400408e-11      1.99999999978344  3.56368646583539e-09 -4.66360414192974e-08  6.10729830179452e-06  1.35685813283956e-16 -6.21084364281111e-17 -3.67722157109187e-17  5.12125421604539e-17 -5.71885260034884e-06
  3.2094329666169e-10  3.56368646583539e-09      1.99998987592419 -3.48405165755964e-07 -0.000228273765687553  8.33811850688583e-17  1.35418770510805e-16 -1.31054094025766e-16 -5.85825043538934e-17  0.000401041107051266
 5.19726304970101e-09 -4.66360414192974e-08 -3.48405165755964e-07      1.99998717238994  0.000642528494125314 -1.29735771121935e-16 -2.26252162809264e-16  2.48916802863341e-16  1.18801516928029e-16 -0.000542589448799277
 1.38616453737723e-06  6.10729830179452e-06 -0.000228273765687553  0.000642528494125314      1.00488812570639 -8.09932028876531e-16 -9.39472790333759e-16  1.42546115014095e-15  6.07800793055025e-16  6.62401619496734e-05
-4.51362537674484e-18  1.35685813283956e-16  8.33811850688583e-17 -1.29735771121935e-16 -8.09932028876531e-16      1.00037136951763 -2.85316564704381e-16  8.52496403141483e-10  3.76066179515201e-07 -6.29681820646113e-16
  3.0988205017842e-18 -6.21084364281111e-17  1.35418770510805e-16 -2.26252162809264e-16 -9.39472790333759e-16 -2.85316564704381e-16      1.00037136951763  3.76066179512866e-07 -8.52496330166739e-10 -1.45383064432991e-15
 3.84873038195486e-18 -3.67722157109187e-17 -1.31054094025766e-16  2.48916802863341e-16  1.42546115014095e-15  8.52496403141483e-10  3.76066179512866e-07     0.999632270972333  2.82958213465344e-16  9.78233994236826e-16
-6.61690075356819e-18  5.12125421604539e-17 -5.85825043538934e-17  1.18801516928029e-16  6.07800793055025e-16  3.76066179515201e-07 -8.52496330166739e-10  2.82958213465344e-16     0.999632270972332  8.24870885033731e-16
 5.15542288493914e-07 -5.71885260034884e-06  0.000401041107051266 -0.000542589448799277  6.62401619496734e-05 -6.29681820646113e-16 -1.45383064432991e-15  9.78233994236826e-16  8.24870885033731e-16     0.995127545237718
TOTAL ENERGY: -127.163112451374	 lambda: 0.8	 population of target: 7.00000417899656
1RDM: 
     1.99999999997171  1.66569833811992e-11  1.11664530583993e-10  6.33943771498987e-09  1.60821805238619e-06 -5.70908717560649e-18  3.79399766561301e-18  4.55577733751735e-18 -7.80841958856265e-18  7.09568500838872e-07
 1.66569833811992e-11       1.9999999997743  3.17517411108683e-09 -4.80403412563004e-08  6.44848755518697e-06   1.3509104026911e-16 -6.18358616781089e-17 -3.62096730116221e-17   5.0770747276101e-17 -5.96227219995091e-06
 1.11664530583993e-10  3.17517411108683e-09      1.99998987934657 -3.86228562907102e-07 -0.000219509918505497  8.84262499949334e-17  1.43667423405607e-16 -1.33498420297197e-16 -5.96981220467145e-17  0.000431791724753672
 6.33943771498987e-09 -4.80403412563004e-08 -3.86228562907102e-07      1.99998707247693  0.000673533986824078 -1.34905175011801e-16 -2.35598884487841e-16  2.58767627740293e-16  1.24709910297447e-16 -0.000551138820613569
 1.60821805238619e-06  6.44848755518697e-06 -0.000219509918505497  0.000673533986824078      1.00507954167721  -8.6060713389304e-16   -9.598686248728e-16  1.49971577899296e-15  6.14753033658038e-16   7.1480076172634e-05
-5.70908717560649e-18   1.3509104026911e-16  8.84262499949334e-17 -1.34905175011801e-16  -8.6060713389304e-16      1.00038531208011 -2.80360058185277e-16  9.10568287521788e-10  4.05266775409145e-07 -6.38857981116246e-16
 3.79399766561301e-18 -6.18358616781089e-17  1.43667423405607e-16 -2.35598884487841e-16   -9.598686248728e-16 -2.80360058185277e-16      1.00038531208008  4.05266775364654e-07 -9.10568215062417e-10 -1.53017724219049e-15
 4.55577733751735e-18 -3.62096730116221e-17 -1.33498420297197e-16  2.58767627740293e-16  1.49971577899296e-15  9.10568287521788e-10  4.05266775364654e-07     0.999618328552467  2.11752975138798e-16  1.00200266847097e-15
-7.80841958856265e-18   5.0770747276101e-17 -5.96981220467145e-17  1.24709910297447e-16  6.14753033658038e-16  4.05266775409145e-07 -9.10568215062417e-10  2.11752975138798e-16     0.999618328552437  8.76603009078447e-16
 7.09568500838872e-07 -5.96227219995091e-06  0.000431791724753672 -0.000551138820613569   7.1480076172634e-05 -6.38857981116246e-16 -1.53017724219049e-15  1.00200266847097e-15  8.76603009078447e-16     0.994936225488163
TOTAL ENERGY: -127.163109128973	 lambda: 0.9	 population of target: 7.00000807182662
1RDM: 
     1.99999999996095  2.26544234362796e-11 -8.16336441624615e-11  7.99946167723006e-09  1.85919146592082e-06 -6.91273909161954e-18  4.50081157283625e-18  5.27159897775374e-18 -9.01034472166385e-18  9.38757951603882e-07
 2.26544234362796e-11       1.9999999997643  2.63706018614514e-09 -4.96226112759544e-08  6.76273961412597e-06  1.34504370825605e-16 -6.15443398137219e-17 -3.56641535338361e-17  5.03205741843722e-17 -6.16210407846264e-06
-8.16336441624615e-11  2.63706018614514e-09      1.99998992502109 -4.84740634478409e-07 -0.000205658412153701  9.32143587173714e-17  1.51639305804087e-16  -1.3484389622222e-16 -6.02750144617715e-17  0.000464792346652267
 7.99946167723006e-09 -4.96226112759544e-08 -4.84740634478409e-07      1.99998689440332  0.000703712165102833 -1.39207608021513e-16 -2.43348079940439e-16  2.67473814418022e-16  1.29901349036602e-16 -0.000554884551343053
 1.85919146592082e-06  6.76273961412597e-06 -0.000205658412153701  0.000703712165102833       1.0055029059576 -9.52413186992153e-16 -1.02228575811029e-15  1.64419028036603e-15  6.47941314428481e-16  8.08740359626649e-05
-6.91273909161954e-18  1.34504370825605e-16  9.32143587173714e-17 -1.39207608021513e-16 -9.52413186992153e-16      1.00041638062203 -1.61127072931413e-15  1.01230682041352e-09  4.57267077791223e-07 -6.75862032412691e-16
 4.50081157283625e-18 -6.15443398137219e-17  1.51639305804087e-16 -2.43348079940439e-16 -1.02228575811029e-15 -1.61127072931413e-15      1.00041638062199  4.57267077726949e-07 -1.01230674043953e-09 -1.67855183943417e-15
 5.27159897775374e-18 -3.56641535338361e-17  -1.3484389622222e-16  2.67473814418022e-16  1.64419028036603e-15  1.01230682041352e-09  4.57267077726949e-07     0.999587260369695  1.50345530431067e-15  1.07041695734514e-15
-9.01034472166385e-18  5.03205741843722e-17 -6.02750144617715e-17  1.29901349036602e-16  6.47941314428481e-16  4.57267077791223e-07 -1.01230674043953e-09  1.50345530431067e-15     0.999587260369648  9.70401383607456e-16
 9.38757951603882e-07 -6.16210407846264e-06  0.000464792346652267 -0.000554884551343053  8.08740359626649e-05 -6.75862032412691e-16 -1.67855183943417e-15  1.07041695734514e-15  9.70401383607456e-16      0.99451299290937
TOTAL ENERGY: -127.163102871753	 lambda: 1	 population of target: 7.00001462320305
1RDM: 
     1.99999999994191  3.24660387625569e-11 -1.16160612118287e-10  1.06310423494449e-08   2.1498069465174e-06 -8.12439334690851e-18  5.22055961456685e-18   5.9974446457893e-18 -1.02228946987853e-17  1.21421465779183e-06
 3.24660387625569e-11      1.99999999975247  1.77810664936091e-09 -5.16350422027149e-08  7.06021045051769e-06  1.33922702114923e-16 -6.12360475045912e-17 -3.51324794735846e-17  4.98640955575413e-17 -6.32087072382784e-06
-1.16160612118287e-10  1.77810664936091e-09      1.99999001836406 -6.86689111463179e-07 -0.000185531020344225  9.78134142227478e-17  1.59676661977829e-16 -1.35110033148542e-16 -6.04542311670267e-17   0.00050196984062413
 1.06310423494449e-08 -5.16350422027149e-08 -6.86689111463179e-07      1.99998659070231  0.000734503281993753 -1.42826270822914e-16 -2.49678776326004e-16  2.75401582507924e-16  1.34507895199457e-16  -0.00055350770570685
  2.1498069465174e-06  7.06021045051769e-06 -0.000185531020344225  0.000734503281993753      1.00628341645207 -1.10956051395194e-15 -1.14737820679001e-15  1.89870242408545e-15  7.19516653303776e-16  9.76429121592448e-05
-8.12439334690851e-18  1.33922702114923e-16  9.78134142227478e-17 -1.42826270822914e-16 -1.10956051395194e-15      1.00047354713197   2.1232420259976e-15  1.24904372868504e-09   5.4939884132789e-07 -7.54114425808533e-16
 5.22055961456685e-18 -6.12360475045912e-17  1.59676661977829e-16 -2.49678776326004e-16 -1.14737820679001e-15   2.1232420259976e-15      1.00047354713192   5.4939884125667e-07 -1.24904362680896e-09  -1.9401120573207e-15
  5.9974446457893e-18 -3.51324794735846e-17 -1.35110033148542e-16  2.75401582507924e-16  1.89870242408545e-15  1.24904372868504e-09   5.4939884125667e-07     0.999530094640895 -2.23782686083782e-15  1.20613228647812e-15
-1.02228946987853e-17  4.98640955575413e-17 -6.04542311670267e-17  1.34507895199457e-16  7.19516653303776e-16   5.4939884132789e-07 -1.24904362680896e-09 -2.23782686083782e-15     0.999530094640845  1.13116991332167e-15
 1.21421465779183e-06 -6.32087072382784e-06   0.00050196984062413  -0.00055350770570685  9.76429121592448e-05 -7.54114425808533e-16  -1.9401120573207e-15  1.20613228647812e-15  1.13116991332167e-15     0.993732691241558
-------------------general-----------------------
mullikenoperator: 
 0.000642768855318415    0.0253416407097618 -0.000239554606956568  0.000315503865420586  4.56021521673417e-06 -2.41266658448922e-16  1.35204036385746e-16  1.35922231281964e-16 -2.43752281576056e-16  3.20476008894945e-06
   0.0253416407097618     0.999352211411358  -0.00198690601306589   -0.0011054905159052  1.27959762771445e-05 -3.25755885779354e-17  4.49401050498596e-17  7.76428122384205e-17 -1.15680261194798e-16 -1.18541151120166e-05
-0.000239554606956567  -0.00198690601306586     0.232679330476912    -0.422534227446731 -0.000297115944141249  1.37758639393289e-16  2.36029296194997e-16 -1.79835471274893e-16 -8.81963838434502e-17  0.000665083603868171
 0.000315503865420584  -0.00110549051590527    -0.422534227446731     0.767323798017869  0.000979338682939623 -1.93199009441853e-16  -3.6661531035406e-16  3.84831493043443e-16  2.15622644880137e-16 -0.000761671617432433
 4.56021521673411e-06  1.27959762771432e-05  -0.00029711594414125  0.000979338682939627     0.493308019652473  7.86380510338719e-16  1.86474746218899e-15 -2.23141849409104e-15 -1.16313615117163e-15     0.499954364317634
-2.41266658464109e-16 -3.25755885828916e-17  1.37758639327098e-16 -1.93199009275346e-16  7.86380502927123e-16     0.499501066594801 -5.00922846442644e-14   0.00114430759731628     0.499998442317019  1.26382354084173e-15
 1.35204036368278e-16  4.49401050489894e-17   2.3602929613417e-16 -3.66615310004568e-16  1.86474745642199e-15 -5.00879077127199e-14     0.499501066594808     0.499998442317018  -0.00114430759731639  2.47454483391203e-15
 1.35922231264325e-16   7.7642812231129e-17 -1.79835471366538e-16  3.84831493449764e-16 -2.23141849828346e-15   0.00114430759731633     0.499998442317018     0.500498933405191  5.01281688026441e-14 -1.67670540338909e-15
-2.43752281591617e-16 -1.15680261216976e-16 -8.81963839475002e-17  2.15622645115172e-16 -1.16313615796321e-15     0.499998442317019  -0.00114430759731633  5.01585968961645e-14     0.500498933405199 -7.13663775991441e-16
 3.20476008894938e-06 -1.18541151120183e-05  0.000665083603868169 -0.000761671617432431     0.499954364317634  1.26382354705245e-15  2.47454484262361e-15 -1.67670539627442e-15 -7.13663770417321e-16     0.506693871586072
selected BF: 
0 1 2 3 4
selected lambdas: 
  -1 -0.9 -0.8 -0.7 -0.6 -0.5 -0.4 -0.3 -0.2 -0.1    0  0.1  0.2  0.3  0.4  0.5  0.6  0.7  0.8  0.9    1
RHF C: 
-2.04035318597518e-07     0.995134687744304 -0.000840561649749362     0.261100628705276 -0.000328550757389151  1.56647422758288e-10  2.29118945978084e-10  8.96718684298692e-12  4.05958890109653e-11    0.0023596743258958
-9.90000212019283e-06    0.0199038466299529   0.00327653650576444     -1.02858117885261    0.0012918981304787 -6.26908750885218e-10 -9.18085326436379e-10 -3.39975786492623e-11 -1.58473406644157e-10  -0.00923685561229925
 -6.6221749956395e-12  3.14399360876538e-12  1.37523398803263e-09 -3.29190316513637e-10  8.26552639462973e-10     0.768747990105526     0.203581120040263     0.151257471084139     0.587113647847293 -4.57719112578507e-08
 2.20206582460567e-12 -3.03166847705731e-12 -4.55047910984569e-10   1.6331366519827e-10  -2.3815030825219e-10     0.203581120041832    -0.768747990099406    -0.587113647855307     0.151257471082029  4.37702247885966e-08
-7.86339256220473e-06 -1.49325561300338e-05 -0.000126713308220522   -0.0089831764513233  -0.00183367487488786  2.58747939056183e-08  4.27918105763823e-08  3.28413453788569e-08  2.07769636083558e-08     0.999958370709947
    0.995255568500839  5.84070829468065e-06     0.262322808819794  0.000778983661032212  -0.00260438990573562 -4.55616058599926e-10 -2.88857727461711e-10  5.68525105099681e-11  9.41228497098827e-11   0.00014322307040537
   0.0193008614137408 -1.25156511500029e-05      -1.0290117138305  -0.00307952484717563    0.0103480555480919  1.81637245386128e-09  1.15193004160764e-09 -2.23252256261339e-10 -3.69930188673367e-10 -0.000563849508960741
 -2.1671684187733e-12  -2.2752628507302e-12  6.90601886292241e-10  6.52750295515623e-10  2.20824360400611e-07    -0.586122410590316    -0.155217847207389     0.198392343431126     0.770070399739802 -2.96487860220406e-10
 7.62057171721567e-13  2.05888720079133e-12 -2.49610044825649e-10 -5.25177057338117e-10 -7.25035120344826e-08    -0.155217847205345     0.586122410598353    -0.770070399733706     0.198392343432752 -3.45505639734217e-11
-3.36016929043089e-05  7.66402278018813e-06    0.0100513732532729  0.000903054071837888     0.999945957240837  1.17638415859364e-07  7.65215364842705e-08 -9.98280794017843e-08  -1.5607147815997e-07   0.00264861085373905
RDM (no constraint): 
     1.99999999838246  5.34658606246212e-10  4.27776128190823e-07 -5.26511652273857e-08  3.48546259814232e-05  7.60324414256546e-12  4.94187458403542e-12 -1.62659940374264e-13 -3.68890946814994e-13  4.44681521495202e-07
 5.34658606246212e-10      1.99999998850538 -7.85703938503491e-08  2.49771080753707e-06  2.37303932834518e-06 -6.33797508503895e-14  -2.8330247757225e-13  2.64133933560211e-12  1.52898369618585e-12  9.48028918578566e-05
 4.27776128190823e-07 -7.85703938503491e-08      1.99988114032088  8.94954762873993e-06   -0.0103824832527454 -1.82219594809531e-09 -1.17407549891636e-09  2.31084892949879e-10  4.00145150897579e-10 -9.86257074564454e-05
-5.26511652273857e-08  2.49771080753707e-06  8.94954762873993e-06      1.99939199612949 -0.000122740375213456 -1.25510196801812e-10 -4.47731579131253e-10  -1.1668982102818e-09 -7.07076428651255e-10   -0.0242364301323846
 3.48546259814232e-05  2.37303932834518e-06   -0.0103824832527454 -0.000122740375213456      1.00048663286766 -2.34641272329832e-10 -6.83913182920874e-10 -5.91087502066789e-10 -2.99561059352752e-10   -0.0204481419472198
 7.60324414256546e-12 -6.33797508503895e-14 -1.82219594809531e-09 -1.25510196801812e-10 -2.34641272329832e-10     0.998528853178435 -1.43845523679792e-14 -2.71280592597542e-06  0.000402875966500166 -2.38057396012377e-09
 4.94187458403542e-12  -2.8330247757225e-13 -1.17407549891636e-09 -4.47731579131253e-10 -6.83913182920874e-10 -1.43845523679792e-14     0.998528853178259  0.000402875966515203  2.71280593416627e-06 -1.51713421696725e-09
-1.62659940374264e-13  2.64133933560211e-12  2.31084892949879e-10  -1.1668982102818e-09 -5.91087502066789e-10 -2.71280592597542e-06  0.000402875966515203       1.0014748379176  1.55863635134511e-14  1.99470449580157e-09
-3.68890946814994e-13  1.52898369618585e-12  4.00145150897579e-10 -7.07076428651255e-10 -2.99561059352752e-10  0.000402875966500166  2.71280593416627e-06  1.55863635134511e-14      1.00147483791742  3.16200591057466e-09
 4.44681521495202e-07  9.48028918578566e-05 -9.86257074564454e-05   -0.0242364301323846   -0.0204481419472198 -2.38057396012377e-09 -1.51713421696725e-09  1.99470449580157e-09  3.16200591057466e-09       1.0002328616024
RDM Eigenvectors: 
    0.999661986868115    -0.025359882708237  -0.00481062580361229  -0.00310564371635595 -2.50701066769437e-05 -4.06593800995375e-12 -5.14463472211277e-12 -2.63031317098453e-12 -2.01562212356818e-12  2.42465035947864e-05
  -0.0253425704789444    -0.999635860478572  -0.00233095582877507   0.00896985093461626  6.61154190184182e-05   8.5213511461171e-13  3.45542296171948e-13  2.40630683694908e-12  4.67480424406991e-12  6.79313638398038e-05
  0.00577006483726359   0.00216681932584611     0.874423466986351     0.485013049790506   0.00749188806469732  9.61101941539394e-10  1.20736403613525e-09  4.08159330036079e-10  2.99395894950526e-10  -0.00719894266485649
-0.000609655514015593  -0.00896168913980091     0.484912144947879    -0.874180566051394   -0.0172542688558723  3.18345420646844e-10   1.2947202386107e-10 -4.91260343733683e-10 -6.90982160025565e-10   -0.0170339741186954
 -2.5323503698284e-05 -2.71771478425449e-05  -0.00890435309602421  -0.00536580172549426     0.713379129745649  1.01279702360769e-07  1.30310846509237e-07 -1.29416973755244e-07 -1.00166927095463e-07    -0.700701174917806
-2.85469045029325e-12 -3.23170409273747e-12 -1.62205761831381e-09   -8.218938371275e-10   6.5585330752986e-08    0.0112607011802361     0.132619078996402     0.987738822500374    0.0815928613337835 -1.01005725769612e-07
-1.55316403640331e-12  1.45977250245009e-12 -1.21836386723621e-09 -2.05863479695046e-10  2.44197215215788e-08     0.132619078986115   -0.0112607011793695   -0.0815928613339071     0.987738822501759 -8.41764808512177e-08
 1.85779314084789e-12  8.59587000052618e-12 -3.82830565983012e-10  1.17944028165489e-09 -9.41503364287517e-08     0.986962515918899   -0.0905006556266306    0.0118500988593208    -0.132567713487106  4.67296836492212e-08
 2.38274820124666e-12  6.08877649596015e-12 -2.78742245461147e-11  8.82010178755923e-10 -1.25732135625087e-07    0.0905006556265096     0.986962515917513     -0.13256771349739   -0.0118500988600712  9.47938106046447e-08
  1.2769570929466e-05  0.000122790316554593   -0.0116597206596081    0.0212552203973022    -0.700525784010144  -4.0072903432765e-08 -2.02440868873821e-08 -1.99433063357802e-08 -3.99699701094711e-08    -0.713215168947244
Total C: 
  -0.0253834680076913    -0.997113740040701     0.123531657449915    -0.219678649988558  -0.00633299804847465 -4.74958886136599e-16  5.27116434660384e-16  2.97446943402156e-16 -5.04750460118262e-16  -0.00582666896630388
 0.000131524057498929   -0.0106725926538555    -0.495856577002376     0.900730141934736    0.0251655485277435  1.31418161310408e-15 -1.82507965700848e-15 -1.01234360198086e-15  1.77845547075639e-15    0.0231812204346819
 6.62600725028211e-17    7.230870305483e-17  6.47795019743527e-17  1.04816810696067e-17  2.37001786598809e-14     0.238075006308372     0.665428446976929     0.666671570576046     0.236800112090911  2.50404186340521e-14
 3.91944090533231e-16   2.8871797856716e-16  -5.8850417388727e-18   1.3465315517573e-17  5.60760735355114e-14    -0.665428446976948     0.238075006308441     0.236800112090843    -0.666671570576028  5.64849308195436e-14
 1.00786681904159e-05  0.000218191442242962   -0.0161096874019417    0.0290555258385562    -0.701650678975966 -4.62712230433077e-14    3.864332314595e-14  4.47155701217501e-14 -4.34620865929566e-14     -0.71174668997489
    0.996432223515215   -0.0246838895747215     0.224992663328628     0.123475175223132  -3.1347308295297e-05  -2.0119887608745e-17 -2.24921808808944e-17  3.30200693156707e-17  6.55168039064455e-18 -0.000154833982875254
   0.0133587985409562   -0.0026793916774801    -0.901463677837507    -0.496519613043409  0.000120487651035013  7.28875764906336e-17  9.58877443791235e-17 -1.31901964032909e-16 -2.65328598261865e-17  0.000611971346207791
-9.94362461225273e-18  8.41713049697019e-18  2.86137814016988e-17 -8.74137754901968e-17  3.87942628009038e-13     0.238312685207324     0.666092829532477    -0.666006694636784    -0.236563927911969 -3.89199122924839e-13
-2.30522520623894e-17  1.11814508581029e-16  2.14471405193572e-17  4.97180968952536e-17 -7.07711735986643e-14    -0.666092829532458     0.238312685207256    -0.236563927912037     0.666006694636803  7.04924559879744e-14
-1.62635116985341e-06 -1.99729324168383e-05  0.000292448372846761  -0.00122342695883467     0.711544880149004 -1.97344493892155e-13 -3.41696568057157e-13  3.42909720505597e-13  1.96723467199544e-13    -0.702640078684064
Basis set used: STO-3G
Naturals: 
 1.99999999999288  1.99999999950051  1.99999314224947  1.99997554702092  1.02046028047123  1.00152894178747  1.00152894178729 0.998474749308564 0.998474749308387 0.979563648573251
Naturals: 
 1.99999999999288  1.99999999950051  1.99999314224476  1.99997554706863  1.02046025107514  1.00152893965441  1.00152893965415 0.998474751441858 0.998474751441594 0.979563677926054
Version: Tmhuysen's fci hack
