Naturals in-correctThe Davidson algorithm did not converge.lambda: -1
The Davidson algorithm did not converge.lambda: -0.9
The Davidson algorithm did not converge.lambda: -0.8
The Davidson algorithm did not converge.lambda: -0.7
The Davidson algorithm did not converge.lambda: -0.6
The Davidson algorithm did not converge.lambda: -0.5
The Davidson algorithm did not converge.lambda: -0.4
The Davidson algorithm did not converge.lambda: -0.3
The Davidson algorithm did not converge.lambda: -0.2
The Davidson algorithm did not converge.lambda: -0.1
TOTAL ENERGY: -127.163039640864	 lambda: 0	 population of target: 6.99990278962068
1RDM: 
     1.99999999999748  5.01989902248824e-17 -2.39015968338977e-14 -2.52681402717948e-14 -2.54154016282494e-12  8.11406090861764e-15  3.74668375564901e-14  3.12394918415807e-14 -8.04872982896927e-15 -2.83753798490092e-12
 5.01989902248824e-17      1.99999999980737  1.17561252345248e-14 -7.22491812064926e-14  1.05052077045427e-11  1.01337850100725e-13  4.51030180753393e-13  4.32411350600825e-13 -9.96376468376024e-14  1.03157563368961e-12
-2.39015968338977e-14  1.17561252345248e-14      1.99999403670715 -3.80616797864585e-12  -5.1364084395708e-10 -1.16957850467071e-12  -5.7102111725621e-12 -4.33167053521502e-12  1.02939892822485e-12 -4.77739395141226e-10
-2.52681402717948e-14 -7.22491812064926e-14 -3.80616797864585e-12      1.99998575150064   4.7892031149685e-10  5.78318208318547e-12   2.5854332166811e-11  2.44899115273866e-11 -5.57762783952008e-12  8.14576671951916e-10
-2.54154016282494e-12  1.05052077045427e-11  -5.1364084395708e-10   4.7892031149685e-10      1.01199191585723 -1.10421956208263e-11  -5.8271376417544e-11 -3.56730460066016e-11  9.46068382571972e-12 -1.46736591899592e-10
 8.11406090861764e-15  1.01337850100725e-13 -1.16957850467071e-12  5.78318208318547e-12 -1.10421956208263e-11      1.00082041576387 -6.49144684404324e-16 -3.50743724717228e-14  1.05887942076323e-12  9.34787237913063e-12
 3.74668375564901e-14  4.51030180753393e-13  -5.7102111725621e-12   2.5854332166811e-11  -5.8271376417544e-11 -6.49144684404324e-16      1.00082041576342 -9.94623882748487e-14 -3.55190514652055e-14  3.51005746860806e-11
 3.12394918415807e-14  4.32411350600825e-13 -4.33167053521502e-12  2.44899115273866e-11 -3.56730460066016e-11 -3.50743724717228e-14 -9.94623882748487e-14     0.999182425386558 -6.49042827382667e-16  5.79290457236209e-11
-8.04872982896927e-15 -9.96376468376024e-14  1.02939892822485e-12 -5.57762783952008e-12  9.46068382571972e-12  1.05887942076323e-12 -3.55190514652055e-14 -6.49042827382667e-16     0.999182425386106 -1.09539695084721e-11
-2.83753798490092e-12  1.03157563368961e-12 -4.77739395141226e-10  8.14576671951916e-10 -1.46736591899592e-10  9.34787237913063e-12  3.51005746860806e-11  5.79290457236209e-11 -1.09539695084721e-11     0.988022613830221
TOTAL ENERGY: -127.163037200057	 lambda: 0.1	 population of target: 6.99997756045822
1RDM: 
     1.99999999999732  -5.3613872309971e-15  1.55259571689899e-10  7.85669085670378e-10   1.2320724753331e-07  7.98613136033623e-15  3.68047526498325e-14  3.08269445977663e-14 -7.94407139160937e-15  1.16425623294767e-08
 -5.3613872309971e-15      1.99999999992349  3.78590537954923e-10  -1.4426748483671e-08  1.00477945427417e-06  9.96558866288134e-14  4.43231293938921e-13  4.24272253129053e-13 -9.78769629316682e-14  9.98456822065769e-07
 1.55259571689899e-10  3.78590537954923e-10      1.99999297057633 -3.80073994263397e-07 -8.83703529580235e-05 -1.01060378562288e-12  -4.9813141128855e-12 -3.57174233083156e-12  8.66813320745222e-13 -9.87937231578633e-05
 7.85669085670378e-10  -1.4426748483671e-08 -3.80073994263397e-07      1.99998931307601   0.00014769181243219  5.53596282567365e-12   2.4706374512141e-11  2.33324257458754e-11 -5.32696673598127e-12  0.000142026665505411
  1.2320724753331e-07  1.00477945427417e-06 -8.83703529580235e-05   0.00014769181243219      1.00625459337351 -5.74845056307892e-12 -3.03688643044527e-11 -1.84340529581764e-11   4.9008901810104e-12 -2.74074845651496e-05
 7.98613136033623e-15  9.96558866288134e-14 -1.01060378562288e-12  5.53596282567365e-12 -5.74845056307892e-12      1.00043184321125   3.2711534216507e-16 -2.00284869486928e-12  1.28142001415093e-07  4.89547704931372e-12
 3.68047526498325e-14  4.43231293938921e-13  -4.9813141128855e-12   2.4706374512141e-11 -3.03688643044527e-11   3.2711534216507e-16      1.00043184321131 -1.28141497034969e-07 -2.00308121814169e-12  1.84195564036424e-11
 3.08269445977663e-14  4.24272253129053e-13 -3.57174233083156e-12  2.33324257458754e-11 -1.84340529581764e-11 -2.00284869486928e-12 -1.28141497034969e-07     0.999570986292513  3.27068479924316e-16  3.03325902733374e-11
-7.94407139160937e-15 -9.78769629316682e-14  8.66813320745222e-13 -5.32696673598127e-12   4.9008901810104e-12  1.28142001415093e-07 -2.00308121814169e-12  3.27068479924316e-16     0.999570986292575 -5.74120626315383e-12
 1.16425623294767e-08  9.98456822065769e-07 -9.87937231578633e-05  0.000142026665505411 -2.74074845651496e-05  4.89547704931372e-12  1.84195564036424e-11  3.03325902733374e-11 -5.74120626315383e-12     0.993757464045718
TOTAL ENERGY: -127.163035379061	 lambda: 0.2	 population of target: 6.9999905819973
1RDM: 
     1.99999999999701  6.22271213606386e-13  2.08816697887137e-10  1.04236629187189e-09  2.11558253167918e-07  7.92465980037193e-15  3.64436651254575e-14    3.075261592646e-14 -7.91133019274273e-15 -2.24190511975159e-08
 6.22271213606386e-13      1.99999999993879 -6.79920661648098e-10 -1.75367929461664e-08  1.53340660715339e-06  9.87803428939406e-14  4.39156361083386e-13  4.20145833873975e-13 -9.69810889805081e-14  1.50052646765521e-06
 2.08816697887137e-10 -6.79920661648098e-10      1.99999251437771 -3.05377123768002e-07 -0.000120841941415556  -9.4767622640034e-13 -4.69652828642592e-12 -3.26068787293675e-12  8.01053749099832e-13 -0.000141248014221806
 1.04236629187189e-09 -1.75367929461664e-08 -3.05377123768002e-07      1.99999011827147  0.000209071758922814  5.43658213849619e-12   2.4241554830277e-11  2.28796398192139e-11 -5.22818119431505e-12  0.000195931763030218
 2.11558253167918e-07  1.53340660715339e-06 -0.000120841941415556  0.000209071758922814      1.00447215997912  -4.0947954351374e-12 -2.16299466420184e-11  -1.3141651872134e-11  3.49919862912261e-12 -2.59790887018811e-05
 7.92465980037193e-15  9.87803428939406e-14  -9.4767622640034e-13  5.43658213849619e-12  -4.0947954351374e-12       1.0003099835348 -5.44254890622111e-15 -9.39416290758312e-13  1.22246108084497e-07   3.5073488014116e-12
 3.64436651254575e-14  4.39156361083386e-13 -4.69652828642592e-12   2.4241554830277e-11 -2.16299466420184e-11 -5.44254890622111e-15       1.0003099835347 -1.22245746491062e-07 -9.39586631655045e-13  1.31961587355875e-11
   3.075261592646e-14  4.20145833873975e-13 -3.26068787293675e-12  2.28796398192139e-11  -1.3141651872134e-11 -9.39416290758312e-13 -1.22245746491062e-07     0.999692844080427 -5.44244413113491e-15  2.16327846607987e-11
-7.91133019274273e-15 -9.69810889805081e-14  8.01053749099832e-13 -5.22818119431505e-12  3.49919862912261e-12  1.22246108084497e-07 -9.39586631655045e-13 -5.44244413113491e-15     0.999692844080326 -4.09797618835481e-12
-2.24190511975159e-08  1.50052646765521e-06 -0.000141248014221806  0.000195931763030218 -2.59790887018811e-05   3.5073488014116e-12  1.31961587355875e-11  2.16327846607987e-11 -4.09797618835481e-12     0.995539552205648
TOTAL ENERGY: -127.163034275421	 lambda: 0.3	 population of target: 6.99999512395527
1RDM: 
     1.99999999999661  1.16788382122952e-12  1.92255321272312e-10  1.24850128048567e-09  2.94887346364625e-07  7.87933908062805e-15  3.61498629980187e-14  3.07812066002985e-14  -7.8992769812009e-15 -7.29475600185051e-08
 1.16788382122952e-12      1.99999999994134 -1.40610705494445e-09 -1.89393732426979e-08  1.91151637661005e-06  9.81592820938888e-14  4.36257659824783e-13  4.17266275327892e-13 -9.63541948096624e-14   1.8483968861026e-06
 1.92255321272312e-10 -1.40610705494445e-09       1.9999922795868 -2.36577606776781e-07 -0.000137987601981064 -9.10248125970382e-13 -4.53037985825042e-12 -3.06667027740918e-12  7.60698990224308e-13 -0.000169409566084355
 1.24850128048567e-09 -1.89393732426979e-08 -2.36577606776781e-07      1.99999043633626  0.000247762846775311  5.37627317573436e-12  2.39572971019533e-11  2.26115541041998e-11 -5.16920731340952e-12  0.000226615132106708
 2.94887346364625e-07  1.91151637661005e-06 -0.000137987601981064  0.000247762846775311      1.00364175632892 -3.33089619869702e-12 -1.75974468926858e-11 -1.06854174415369e-11  2.84654777823635e-12 -2.38180260475969e-05
 7.87933908062805e-15  9.81592820938888e-14 -9.10248125970382e-13  5.37627317573436e-12 -3.33089619869702e-12      1.00025299040772  -1.3176224050873e-15  1.35968653022735e-12  1.12504860559056e-07  2.85817972490877e-12
 3.61498629980187e-14  4.36257659824783e-13 -4.53037985825042e-12  2.39572971019533e-11 -1.75974468926858e-11  -1.3176224050873e-15      1.00025299040764 -1.12504565735915e-07  1.35954891861773e-12  1.07571546863578e-11
 3.07812066002985e-14  4.17266275327892e-13 -3.06667027740918e-12  2.26115541041998e-11 -1.06854174415369e-11  1.35968653022735e-12 -1.12504565735915e-07     0.999749836611154  -1.3175655879271e-15  1.76103552725173e-11
 -7.8992769812009e-15 -9.63541948096624e-14  7.60698990224308e-13 -5.16920731340952e-12  2.84654777823635e-12  1.12504860559056e-07  1.35954891861773e-12  -1.3175655879271e-15     0.999749836611077 -3.33676492038891e-12
-7.29475600185051e-08   1.8483968861026e-06 -0.000169409566084355  0.000226615132106708 -2.38180260475969e-05  2.85817972490877e-12  1.07571546863578e-11  1.76103552725173e-11 -3.33676492038891e-12     0.996369873772513
TOTAL ENERGY: -127.163033523453	 lambda: 0.4	 population of target: 6.99999730391893
1RDM: 
     1.99999999999608  1.69076818938439e-12   1.3188825606072e-10  1.46723436233999e-09   3.8000268955638e-07  7.84024277443607e-15  3.58764006046225e-14  3.08662399163297e-14 -7.89760782860381e-15  -1.3498573468542e-07
 1.69076818938439e-12      1.99999999994067 -1.90117867325646e-09 -1.98147011058905e-08  2.21129243781394e-06  9.76720774241309e-14  4.33977246056038e-13  4.15038036970507e-13 -9.58675843395369e-14  2.11509171746759e-06
  1.3188825606072e-10 -1.90117867325646e-09      1.99999214512087 -1.89046687956593e-07 -0.000147891967385183 -8.84307610935469e-13 -4.41821009131596e-12 -2.92372754312933e-12  7.31544852838108e-13 -0.000191615839085355
 1.46723436233999e-09 -1.98147011058905e-08 -1.89046687956593e-07      1.99999058752288  0.000276595913160954  5.33330722017305e-12  2.37528895795138e-11  2.24259396208197e-11 -5.12794220113027e-12  0.000246755978287101
  3.8000268955638e-07  2.21129243781394e-06 -0.000147891967385183  0.000276595913160954      1.00319607319936  -2.9240421960076e-12 -1.54374038758859e-11 -9.34151972554927e-12  2.49291965902208e-12 -2.23972390633853e-05
 7.84024277443607e-15  9.76720774241309e-14 -8.84307610935469e-13  5.33330722017305e-12  -2.9240421960076e-12      1.00022232100183 -5.02600589255702e-16 -2.97724489638075e-12  1.06058495467183e-07  2.50599270746319e-12
 3.58764006046225e-14  4.33977246056038e-13 -4.41821009131596e-12  2.37528895795138e-11 -1.54374038758859e-11 -5.02600589255702e-16      1.00022232100183 -1.06058236621079e-07 -2.97736599017979e-12  9.42009585053942e-12
 3.08662399163297e-14  4.15038036970507e-13 -2.92372754312933e-12  2.24259396208197e-11 -9.34151972554927e-12 -2.97724489638075e-12 -1.06058236621079e-07     0.999780505769515 -5.02627362394958e-16  1.54542425488519e-11
-7.89760782860381e-15 -9.58675843395369e-14  7.31544852838108e-13 -5.12794220113027e-12  2.49291965902208e-12  1.06058495467183e-07 -2.97736599017979e-12 -5.02627362394958e-16     0.999780505769521 -2.93099038779377e-12
 -1.3498573468542e-07  2.11509171746759e-06 -0.000191615839085355  0.000246755978287101 -2.23972390633853e-05  2.50599270746319e-12  9.42009585053942e-12  1.54542425488519e-11 -2.93099038779377e-12     0.996815540677496
TOTAL ENERGY: -127.1630329425	 lambda: 0.5	 population of target: 6.99999860487978
1RDM: 
     1.99999999999535  2.24835314580472e-12  3.72735472603595e-11  1.72145556335835e-09  4.70120639278963e-07   7.8041590672043e-15  3.56068791722756e-14  3.09913399194663e-14  -7.9024499530576e-15  -2.0763438866683e-07
 2.24835314580472e-12      1.99999999993894  -2.2562382935009e-09 -2.04695099763163e-08  2.46148330905806e-06  9.72713788539346e-14  4.32094823643816e-13  4.13226254384513e-13 -9.54705684265578e-14  2.32887706023296e-06
 3.72735472603595e-11  -2.2562382935009e-09       1.9999920661337 -1.58881445073549e-07 -0.000153310663124468 -8.64921730890462e-13 -4.33732887303926e-12 -2.80882471769144e-12  7.08654677667308e-13 -0.000210855272154435
 1.72145556335835e-09 -2.04695099763163e-08 -1.58881445073549e-07       1.9999906603543  0.000300126123569316  5.29991553344991e-12  2.35922188062019e-11  2.22880205204918e-11 -5.09685421716705e-12  0.000260700959990245
 4.70120639278963e-07  2.46148330905806e-06 -0.000153310663124468  0.000300126123569316      1.00295405378553 -2.69911555380238e-12 -1.42629327940689e-11 -8.65220014765912e-12   2.3059779047299e-12 -2.17299904398045e-05
  7.8041590672043e-15  9.72713788539346e-14 -8.64921730890462e-13  5.29991553344991e-12 -2.69911555380238e-12      1.00020560957763 -9.58050322976588e-16  6.32290578272213e-13  1.03058596481104e-07  2.32005880421062e-12
 3.56068791722756e-14  4.32094823643816e-13 -4.33732887303926e-12  2.35922188062019e-11 -1.42629327940689e-11 -9.58050322976588e-16      1.00020560957757 -1.03058357182065e-07  6.32178641336099e-13  8.73583382718363e-12
 3.09913399194663e-14  4.13226254384513e-13 -2.80882471769144e-12  2.22880205204918e-11 -8.65220014765912e-12  6.32290578272213e-13 -1.03058357182065e-07     0.999797217081354 -9.58044333726896e-16  1.42830647473032e-11
 -7.9024499530576e-15 -9.54705684265578e-14  7.08654677667308e-13 -5.09685421716705e-12   2.3059779047299e-12  1.03058596481104e-07  6.32178641336099e-13 -9.58044333726896e-16     0.999797217081293 -2.70690148317917e-12
 -2.0763438866683e-07  2.32887706023296e-06 -0.000210855272154435  0.000260700959990245 -2.17299904398045e-05  2.32005880421062e-12  8.73583382718363e-12  1.42830647473032e-11 -2.70690148317917e-12     0.997057566474342
TOTAL ENERGY: -127.163032424663	 lambda: 0.6	 population of target: 6.99999954951882
1RDM: 
     1.99999999999436  2.89887927963794e-12 -9.07668360178037e-11  2.03309921318502e-09  5.67674098097206e-07  7.76862698048199e-15  3.53280587668071e-14  3.11547853037663e-14 -7.91301710127177e-15 -2.91453839781751e-07
 2.89887927963794e-12       1.9999999999368 -2.52555935140905e-09 -2.10204428684292e-08  2.67727062280867e-06  9.69317094798687e-14  4.30492582774471e-13  4.11714794127169e-13 -9.51378022272221e-14  2.50415135073513e-06
-9.07668360178037e-11 -2.52555935140905e-09      1.99999202345231 -1.43079049371775e-07 -0.000155417706900799 -8.49900121036442e-13 -4.27781007447344e-12 -2.71083575417533e-12  6.89665499271544e-13 -0.000228604964130277
 2.03309921318502e-09 -2.10204428684292e-08 -1.43079049371775e-07      1.99999068682347  0.000320519711926324  5.27273844999945e-12  2.34595975044629e-11  2.21809506172368e-11 -5.07226804287311e-12  0.000270378127497523
 5.67674098097206e-07  2.67727062280867e-06 -0.000155417706900799  0.000320519711926324      1.00284472660578 -2.59841824817406e-12 -1.37319406072488e-11 -8.32657500851125e-12  2.21956335878729e-12 -2.17640703581204e-05
 7.76862698048199e-15  9.69317094798687e-14 -8.49900121036442e-13  5.27273844999945e-12 -2.59841824817406e-12      1.00019799741158 -9.14975710297317e-16  1.60184460358145e-14  1.03295678957547e-07  2.23484349329772e-12
 3.53280587668071e-14  4.30492582774471e-13 -4.27781007447344e-12  2.34595975044629e-11 -1.37319406072488e-11 -9.14975710297317e-16      1.00019799741158 -1.03295448604821e-07  1.59106239305923e-14  8.41631204328725e-12
 3.11547853037663e-14  4.11714794127169e-13 -2.71083575417533e-12  2.21809506172368e-11 -8.32657500851125e-12  1.60184460358145e-14 -1.03295448604821e-07     0.999804829199342 -9.14979215196455e-16  1.37555985488244e-11
-7.91301710127177e-15 -9.51378022272221e-14  6.89665499271544e-13 -5.07226804287311e-12  2.21956335878729e-12  1.03295678957547e-07  1.59106239305923e-14 -9.14979215196455e-16     0.999804829199343 -2.60713018793146e-12
-2.91453839781751e-07  2.50415135073513e-06 -0.000228604964130277  0.000270378127497523 -2.17640703581204e-05  2.23484349329772e-12  8.41631204328725e-12  1.37555985488244e-11 -2.60713018793146e-12     0.997166909965399
TOTAL ENERGY: -127.163031877547	 lambda: 0.7	 population of target: 7.00000039133036
1RDM: 
     1.99999999999295  3.71167220600584e-12 -2.54904974699943e-10  2.42996446313266e-09  6.75082893484274e-07  7.73248725651587e-15  3.50320882793426e-14  3.13564551197241e-14 -7.92874779563951e-15 -3.87874159489829e-07
 3.71167220600584e-12       1.9999999999345 -2.74219499704714e-09 -2.15289984185553e-08  2.86817140172564e-06  9.66378458923156e-14  4.29099129981347e-13  4.10431668074117e-13 -9.48536409305648e-14  2.64935005213397e-06
-2.54904974699943e-10 -2.74219499704714e-09      1.99999200889514 -1.40873037865961e-07 -0.000154730012432971 -8.38040771145585e-13 -4.23435187099321e-12 -2.62354449932573e-12  6.73294020793994e-13 -0.000245795646192685
 2.42996446313266e-09 -2.15289984185553e-08 -1.40873037865961e-07      1.99999067877286  0.000339038204869973  5.24978421676996e-12  2.33456106713588e-11   2.2096418749822e-11 -5.05235029215666e-12  0.000276749724584279
 6.75082893484274e-07  2.86817140172564e-06 -0.000154730012432971  0.000339038204869973        1.002841387383   -2.594799745781e-12 -1.37138285456233e-11 -8.31190021870285e-12  2.21599308713092e-12 -2.25346647878716e-05
 7.73248725651587e-15  9.66378458923156e-14 -8.38040771145585e-13  5.24978421676996e-12   -2.594799745781e-12      1.00019763796058 -9.21918483663867e-16 -2.34782808809076e-13  1.06941429825273e-07  2.23295726276036e-12
 3.50320882793426e-14  4.29099129981347e-13 -4.23435187099321e-12  2.33456106713588e-11 -1.37138285456233e-11 -9.21918483663867e-16      1.00019763796055 -1.06941199876022e-07 -2.34890514357992e-13  8.41042346297643e-12
 3.13564551197241e-14  4.10431668074117e-13 -2.62354449932573e-12   2.2096418749822e-11 -8.31190021870285e-12 -2.34782808809076e-13 -1.06941199876022e-07     0.999805188645744 -9.21917378354806e-16  1.37423805110441e-11
-7.92874779563951e-15 -9.48536409305648e-14  6.73294020793994e-13 -5.05235029215666e-12  2.21599308713092e-12  1.06941429825273e-07 -2.34890514357992e-13 -9.21917378354806e-16     0.999805188645713 -2.60479511766118e-12
-3.87874159489829e-07  2.64935005213397e-06 -0.000245795646192685  0.000276749724584279 -2.25346647878716e-05  2.23295726276036e-12  8.41042346297643e-12  1.37423805110441e-11 -2.60479511766118e-12      0.99717027180894
TOTAL ENERGY: -127.16303117983	 lambda: 0.8	 population of target: 7.00000131954934
1RDM: 
     1.99999999999086  4.79984020329687e-12 -4.61384188538714e-10  2.95977582781708e-09   7.9522459334266e-07  7.69460026192167e-15  3.47103644948476e-14  3.16005463387647e-14 -7.94982760709414e-15 -4.99245916341575e-07
 4.79984020329687e-12      1.99999999993208 -2.92980134908484e-09 -2.20411816813651e-08  3.04089697866361e-06   9.6379365352366e-14  4.27865247778184e-13   4.0933126977308e-13 -9.46080263861701e-14  2.76965257313439e-06
-4.61384188538714e-10 -2.92980134908484e-09      1.99999202054715 -1.54070958158234e-07  -0.00015139593127371 -8.28659023716098e-13 -4.20416222223909e-12 -2.54271164510354e-12  6.58706693624052e-13 -0.000263165511822897
 2.95977582781708e-09 -2.20411816813651e-08 -1.54070958158234e-07      1.99999063761388  0.000356561012540769  5.22984312526882e-12   2.3244396054127e-11  2.20295541352838e-11 -5.03599299771614e-12  0.000280284191403222
  7.9522459334266e-07  3.04089697866361e-06  -0.00015139593127371  0.000356561012540769      1.00294312198709 -2.68730718744134e-12 -1.42037714219099e-11 -8.60440699895157e-12  2.29433688738018e-12 -2.42178484560896e-05
 7.69460026192167e-15   9.6379365352366e-14 -8.28659023716098e-13  5.22984312526882e-12 -2.68730718744134e-12      1.00020444224574 -9.61543158247868e-16 -1.53470001700648e-14  1.14810664787667e-07    2.313831561826e-12
 3.47103644948476e-14  4.27865247778184e-13 -4.20416222223909e-12   2.3244396054127e-11 -1.42037714219099e-11 -9.61543158247868e-16      1.00020444224557 -1.14810426784097e-07 -1.54585281076277e-14  8.71630174075832e-12
 3.16005463387647e-14   4.0933126977308e-13 -2.54271164510354e-12  2.20295541352838e-11 -8.60440699895157e-12 -1.53470001700648e-14 -1.14810426784097e-07     0.999798384397512 -9.61519044851877e-16  1.42396081417403e-11
-7.94982760709414e-15 -9.46080263861701e-14  6.58706693624052e-13 -5.03599299771614e-12  2.29433688738018e-12  1.14810664787667e-07 -1.54585281076277e-14 -9.61519044851877e-16     0.999798384397342 -2.69921428999351e-12
-4.99245916341575e-07  2.76965257313439e-06 -0.000263165511822897  0.000280284191403222 -2.42178484560896e-05    2.313831561826e-12  8.71630174075832e-12  1.42396081417403e-11 -2.69921428999351e-12     0.997068566642829
TOTAL ENERGY: -127.163030107047	 lambda: 0.9	 population of target: 7.00000257675128
1RDM: 
     1.99999999998751  6.37157514323594e-12  -7.1683436531625e-10  3.70974712763771e-09  9.31899799721063e-07   7.6538143602125e-15  3.43528285151639e-14  3.18950156499623e-14 -7.97695540023628e-15 -6.29135213836814e-07
 6.37157514323594e-12      1.99999999992945 -3.11192985635877e-09 -2.26105797605359e-08  3.20077534130948e-06  9.61486056884572e-14  4.26754074795813e-13  4.08383384370742e-13 -9.43941416278529e-14   2.8681558845351e-06
 -7.1683436531625e-10 -3.11192985635877e-09      1.99999206179949 -1.88447121477174e-07 -0.000145261090898995 -8.21362374431305e-13 -4.18599941203293e-12 -2.46489930144821e-12  6.45285857450058e-13 -0.000281459782940934
 3.70974712763771e-09 -2.26105797605359e-08 -1.88447121477174e-07       1.9999905554772  0.000373831284297338  5.21207342055996e-12   2.3151670807759e-11  2.19776298395959e-11 -5.02252397768796e-12  0.000281114749240865
 9.31899799721063e-07  3.20077534130948e-06 -0.000145261090898995  0.000373831284297338      1.00317416212781  -2.8980097788342e-12 -1.53186651370515e-11  -9.2736823640206e-12  2.47323954351716e-12 -2.72398052892278e-05
  7.6538143602125e-15  9.61486056884572e-14 -8.21362374431305e-13  5.21207342055996e-12  -2.8980097788342e-12      1.00022000031807 -9.75676336297926e-16   4.4414469389075e-14  1.28848711535663e-07  2.49673919551644e-12
 3.43528285151639e-14  4.26754074795813e-13 -4.18599941203293e-12   2.3151670807759e-11 -1.53186651370515e-11 -9.75676336297926e-16      1.00022000031799 -1.28848455350335e-07  4.42943482135975e-14  9.40687066943197e-12
 3.18950156499623e-14  4.08383384370742e-13 -2.46489930144821e-12  2.19776298395959e-11  -9.2736823640206e-12   4.4414469389075e-14 -1.28848455350335e-07     0.999782826419022 -9.75655520278916e-16  1.53659473565479e-11
-7.97695540023628e-15 -9.43941416278529e-14  6.45285857450058e-13 -5.02252397768796e-12  2.47323954351716e-12  1.28848711535663e-07  4.42943482135975e-14 -9.75655520278916e-16     0.999782826418943 -2.91292512643116e-12
-6.29135213836814e-07   2.8681558845351e-06 -0.000281459782940934  0.000281114749240865 -2.72398052892278e-05  2.49673919551644e-12  9.40687066943197e-12  1.53659473565479e-11 -2.91292512643116e-12       0.9968375672045
TOTAL ENERGY: -127.163028129198	 lambda: 1	 population of target: 7.00000464799658
1RDM: 
     1.99999999998167  8.87856271105379e-12 -1.01914372588327e-09  4.86347436999402e-09  1.09079454473074e-06  7.60865641871904e-15  3.39453726400986e-14  3.22542901315371e-14 -8.01167687856137e-15  -7.8331797308772e-07
 8.87856271105379e-12      1.99999999992644  -3.3215979369178e-09 -2.33250152468075e-08  3.35281676715724e-06  9.59393294130314e-14  4.25734476231158e-13  4.07569810691823e-13 -9.42075846878222e-14  2.94607843768368e-06
-1.01914372588327e-09  -3.3215979369178e-09      1.99999214296329 -2.58226836520048e-07 -0.000135788585527085 -8.15968856275495e-13 -4.17998873669917e-12 -2.38658736335269e-12  6.32481437947829e-13 -0.000301647763697575
 4.86347436999402e-09 -2.33250152468075e-08 -2.58226836520048e-07      1.99999040948808  0.000391656986198041  5.19580536806251e-12  2.30636952834604e-11  2.19395901103404e-11 -5.01157766208289e-12  0.000279031408350791
 1.09079454473074e-06  3.35281676715724e-06 -0.000135788585527085  0.000391656986198041      1.00360038293336 -3.28699118583925e-12 -1.73765398898827e-11  -1.0509731705634e-11  2.80353542062871e-12 -3.25908373572897e-05
 7.60865641871904e-15  9.59393294130314e-14 -8.15968856275495e-13  5.19580536806251e-12 -3.28699118583925e-12      1.00024866192281 -2.35207458604356e-15   2.7693723585296e-14  1.53547159921369e-07  2.83387972524954e-12
 3.39453726400986e-14  4.25734476231158e-13 -4.17998873669917e-12  2.30636952834604e-11 -1.73765398898827e-11 -2.35207458604356e-15      1.00024866192211 -1.53546869544772e-07  2.75561163979392e-14  1.06794098894542e-11
 3.22542901315371e-14  4.07569810691823e-13 -2.38658736335269e-12  2.19395901103404e-11  -1.0509731705634e-11   2.7693723585296e-14 -1.53546869544772e-07      0.99975416501836 -2.35187755567575e-15   1.7443263136009e-11
-8.01167687856137e-15 -9.42075846878222e-14  6.32481437947829e-13 -5.01157766208289e-12  2.80353542062871e-12  1.53547159921369e-07  2.75561163979392e-14 -2.35187755567575e-15     0.999754165017663 -3.30702636027873e-12
 -7.8331797308772e-07  2.94607843768368e-06 -0.000301647763697575  0.000279031408350791 -3.25908373572897e-05  2.83387972524954e-12  1.06794098894542e-11   1.7443263136009e-11 -3.30702636027873e-12     0.996411410826277
-------------------general-----------------------
mullikenoperator: 
 7.03592923901658e-05   0.00838214421097425 -0.000184068334263065  0.000245178520516752  2.34942224865345e-06  1.47379917254081e-15  1.11414508299919e-15  1.69967720471937e-14 -2.64697468461142e-15 -1.92865638217255e-06
  0.00838214421097425     0.999925237302902    -0.001765358885665  -0.00117482054872118  6.26173716183988e-06  8.55740494914125e-14  3.73329190460121e-13  3.73680834629337e-13 -8.54232341175924e-14   5.7413853473422e-06
-0.000184068334263065    -0.001765358885665     0.305821729524006    -0.460750970687855 -0.000205569819200532 -2.45708951528721e-12 -1.08042579531176e-11  -1.0628675877803e-11  2.40592764639071e-12 -0.000403042578699471
 0.000245178520516752  -0.00117482054872118    -0.460750970687855     0.694182097516413  0.000525668116135515  3.64744633681903e-12  1.60925564809416e-11  1.61951958290528e-11 -3.67841582186529e-12  0.000389462536304484
 2.34942224865347e-06  6.26173716183961e-06 -0.000205569819200536  0.000525668116135522     0.496072457863919 -4.61013691620025e-13 -2.05098338337747e-12 -1.04462729286755e-12  3.55446332295694e-13    -0.499984310908142
 1.47379917253981e-15   8.5574049491413e-14 -2.45708951528727e-12  3.64744633681909e-12 -4.61013691622917e-13     0.499732029717449  1.36179111345934e-13 -8.10762566209435e-08     0.499999928359215  3.64412619004363e-13
 1.11414508298418e-15  3.73329190460111e-13 -1.08042579531164e-11   1.6092556480941e-11 -2.05098338337677e-12  1.36194103714554e-13     0.499732030303335    -0.499999928359529 -8.10762559848569e-08  1.08387233519229e-12
 1.69967720472084e-14  3.73680834629354e-13 -1.06286758778045e-11  1.61951958290539e-11  -1.0446272929496e-12 -8.10762566062177e-08    -0.499999928359529     0.500267969696666  1.35620457275751e-13  2.08033406741222e-12
-2.64697468461249e-15 -8.54232341175907e-14  2.40592764639074e-12 -3.67841582186536e-12  3.55446332287396e-13     0.499999928359215  -8.1076255988363e-08  1.35589677657872e-13     0.500267970282552 -4.68435512388581e-13
-1.92865638217257e-06  5.74138534734129e-06 -0.000403042578699469  0.000389462536304479    -0.499984310908142  3.64412619001981e-13  1.08387233517805e-12  2.08033406734421e-12 -4.68435512396347e-13     0.503928118500371
selected BF: 
0 1 2 3 4
selected lambdas: 
  -1 -0.9 -0.8 -0.7 -0.6 -0.5 -0.4 -0.3 -0.2 -0.1    0  0.1  0.2  0.3  0.4  0.5  0.6  0.7  0.8  0.9    1
RHF C: 
 2.65151652250344e-07     0.995388337999166    -0.260144012134718 -0.000191797811487786  0.000244638574722438  0.000116290905522554 -2.41939722163342e-11  1.78875966297575e-11  1.49444433296169e-10  2.77537065494019e-12
-1.57069308385025e-06    0.0189027506436497      1.02864665464246  0.000759248812336789 -0.000978978464939072  -0.00046204903729476  9.67842785442826e-11 -7.06027894401347e-11 -5.87080917139399e-10 -1.10691321284927e-11
 -7.8666568256774e-13  1.96427669841647e-12  1.60144559973377e-10  6.71632516312314e-10  5.10619728479084e-07 -1.32728963521122e-08 -0.000873162842619878    -0.891815219552414    -0.452398984188477  0.000107403430467962
-1.34968549517206e-12  3.37650728244863e-12  3.31176266548268e-10  1.13961659758158e-09   8.6175563209231e-07 -2.29147093207985e-08  -0.00172126479485921     0.452399823540981     -0.89181356493809  -5.4483587992874e-05
-3.64254751786187e-06 -2.94283705074665e-06 -0.000951419206261335  -0.00132327196199547    -0.999997055573652  -0.00186080110578332 -1.53843445408681e-09 -6.55175282455771e-08 -9.99479915763752e-07 -2.79239604497963e-11
    0.995027798084165  4.63392828892749e-07  -0.00017022300337812     0.263168265125212 -0.000410669938720699   0.00403135272614855 -1.40369061093222e-10 -1.09656271635288e-11 -1.70983591917926e-10  6.45208557247108e-11
   0.0201928583230827 -1.42147377030901e-06   0.00066454780229226     -1.02892583266839   0.00160885511553152   -0.0159751678712727  5.56284689265777e-10  4.30428433963937e-11  6.71269069754985e-10 -2.51405666750966e-10
 4.07465698212312e-12 -9.94172784614293e-14 -1.29479307820276e-11 -8.86762734177033e-10  3.49839597711184e-11   8.6874284102722e-08     0.452399006594751 -8.43332734355335e-05 -0.000861459814454879    -0.891815222047794
 3.92262943405054e-12 -1.80147260805294e-13 -3.18694579659531e-11 -1.25714652654455e-09  1.16469651347074e-10   1.0484923813706e-07     0.891813609182477  4.27805384406327e-05   -0.0016981946801208     0.452399824768712
-5.46007777698519e-05  2.84602165369268e-06 -0.000274124104443271    0.0155252416127563   0.00141014512023134    -0.999878552393868   1.3286820220248e-07  1.56025411741186e-09  2.76106174979493e-08 -3.00420105424539e-08
RDM (no constraint): 
     1.99999999648398    1.809638714635e-10  4.53662459336329e-08  9.39029008841464e-07 -1.21262690509049e-07 -5.58124278924278e-05  2.01147101100053e-12 -1.84391506322303e-14 -2.19042732144202e-13  1.95508912877236e-13
   1.809638714635e-10      1.99999999696679 -1.55413549051553e-06 -5.95165443004789e-08 -4.66442988790068e-05 -2.84463789748811e-06  1.32666736198746e-13 -2.82720974308461e-12  -4.2643481305839e-11 -4.89502538474436e-15
 4.53662459336329e-08 -1.55413549051553e-06      1.99899672299664 -4.47483732306657e-05   -0.0314720508463905 -1.87814324800883e-05  1.21594995199089e-11 -2.06921022345792e-09 -3.10908117068728e-08 -3.71403465373568e-12
 9.39029008841464e-07 -5.95165443004789e-08 -4.47483732306657e-05      1.99974111134893  -0.00111899143429549    0.0157668454858276 -5.57581324699329e-10 -1.28712375429337e-11 -2.12569983309895e-10  2.48464545193997e-10
-1.21262690509049e-07 -4.66442988790068e-05   -0.0314720508463905  -0.00111899143429549      1.00094492356568   -0.0120090652879974   2.3185722589033e-09  7.95861220500618e-11  1.24324725620244e-09 -3.93684217847202e-10
-5.58124278924278e-05 -2.84463789748811e-06 -1.87814324800883e-05    0.0157668454858276   -0.0120090652879974      1.00031156633695 -5.95226021683987e-11 -8.12188287314775e-10 -1.21222778244365e-08  7.14123166011578e-12
 2.01147101100053e-12  1.32666736198746e-13  1.21594995199089e-11 -5.57581324699329e-10   2.3185722589033e-09 -5.95226021683987e-11     0.999998719262093  1.77776814455442e-14 -0.000818990743419151  1.87095492456197e-14
-1.84391506322303e-14 -2.82720974308461e-12 -2.06921022345792e-09 -1.28712375429337e-11  7.95861220500618e-11 -8.12188287314775e-10  1.77776814455442e-14      1.00000115772267  1.86728852736085e-14  0.000818996684069646
-2.19042732144202e-13  -4.2643481305839e-11 -3.10908117068728e-08 -2.12569983309895e-10  1.24324725620244e-09 -1.21222778244365e-08 -0.000818990743419151  1.86728852736085e-14      1.00000412188834  6.14728240837284e-14
 1.95508912877236e-13 -4.89502538474436e-15 -3.71403465373568e-12  2.48464545193997e-10 -3.93684217847202e-10  7.14123166011578e-12  1.87095492456197e-14  0.000818996684069646  6.14728240837284e-14      1.00000168342782
RDM Eigenvectors: 
    0.999942322333132  -0.00839636381029746  -0.00540431295144458  -0.00395516952566647 -3.99569189679532e-05 -1.19207720904544e-12 -2.39838380175131e-12 -4.61146524741682e-12  1.32030220334952e-12 -3.89971779565077e-05
 -0.00838013161933002    -0.999940778796492  -0.00188886647788314    0.0066814891135829  3.12843055025647e-05 -2.19719481660651e-13 -2.94772844839781e-12  2.73601782920293e-12 -1.14218461984802e-13 -3.46677711678725e-05
 0.000357409888603177   0.00660537048913578    -0.553303564208033     0.832357858152582    0.0224704742320853  2.26964783136416e-12 -2.67838620294614e-10  3.59191419906713e-10 -3.31285475455798e-12   -0.0220653786052298
   0.0067078143050446    0.0020689795671743     0.832699040298763     0.553454725086318     0.012111394607912  8.09354489363313e-11  6.19491953846998e-11  1.93318840525541e-09 -1.99297101294972e-10    0.0102085374368648
-1.91058569758367e-05 -0.000164166161562496    0.0163419544019349   -0.0269500114453154     0.705109211741411 -4.64936206094933e-08  -7.0841769533651e-07  7.08585893457104e-07  -4.6542230210082e-08    -0.708397917564879
 5.02140772037926e-05   3.7793571078193e-05    0.0129475955869592    0.0090373929659418    -0.708639110443421  -1.8995353695129e-08 -6.96186581723072e-08 -1.06954111085176e-07  2.10632768040212e-08    -0.705394423352657
-1.76217462017555e-12  -1.4714376869553e-12  -4.4775167100015e-10 -3.40101606193186e-10  8.97763065691639e-08 -1.03773815754533e-05    -0.705939683621456    -0.708271955448406  1.02968506202712e-05  8.68616334284282e-08
 -8.6140918431481e-13 -1.09100020653553e-11  1.12514837596679e-09 -1.73885988615926e-09  4.74163746787549e-08     0.706993300953083 -1.03929042153841e-05  1.02815950866605e-05     0.707220243059923 -4.55572541375398e-08
-1.30307905276114e-11  -1.6382529985026e-10    1.688963162029e-08 -2.61398743337693e-08  7.25088074355255e-07  1.04117167752887e-05      0.70827195544638    -0.705939683622776  1.02629620234414e-05  -6.9131409084471e-07
 1.86804426366446e-12  5.48883663441693e-13  2.03532071086275e-10  1.43674165404694e-10    -2.00905995122e-08     0.707220243058248 -1.03962222726889e-05 -1.02782452628411e-05     -0.70699330095476  -1.9964366521782e-08
Total C: 
 -0.00843548356951078    -0.997048172302901     0.141904245730923     -0.20999393090707  -0.00572665360927728  2.03231317508485e-13  8.25485565126032e-12 -1.85419153323649e-11  2.53938196655624e-12   0.00544837782590031
 0.000212758748297679     -0.01210531163264    -0.568579311695988     0.856770848593838    0.0227611044162664  -1.0661277808618e-12 -3.39630437207796e-11  7.26217773246105e-11 -9.84060811084412e-12   -0.0216709492006182
 2.10201815351091e-15  7.19074939743958e-15 -5.31851739317852e-13  5.78803194115539e-13 -9.36199279363663e-10    -0.630436129220331    -0.319795845439055     0.319975662136711    -0.630790361786683  9.44453906302583e-10
 3.84390913439582e-15  1.17120065340441e-14 -8.27638217944029e-13  8.10064168721768e-13 -1.45431725406663e-09     0.319795845251414    -0.630436129589815     0.630790361417406     0.319975662324246  1.46710514220849e-09
 6.17837701861188e-06  0.000158046299796167   -0.0169414375952908    0.0254088176738831    -0.703825904615866   1.7812874199636e-10  1.72845756959126e-09 -1.72619445381772e-09   1.7731180985477e-10     0.709715915460774
    0.996735836609924  -0.00781149360486707     0.213902189485167     0.141622033322117 -2.58988152098595e-06  5.07173451912973e-13   2.2193295422468e-12  2.06228480819595e-12 -4.81504367606246e-13  9.87398273676157e-05
    0.013289266738149  -0.00229343001295956    -0.857442924086054    -0.569178330477304   7.4463454745244e-06 -2.01363086254038e-12 -8.79944139352003e-12 -8.21328649951328e-12  1.91281673371921e-12 -0.000390194081609826
 3.21730241661583e-14  4.09394713875131e-13 -4.59940736135805e-12  2.32697670800631e-11 -3.64569758353438e-09    -0.630774104845446    -0.319967287027746    -0.319804224946419        0.630452394923 -3.61416117040855e-09
 3.81629731680604e-14  4.92994709136582e-13 -5.63011414992889e-12  2.81148439714667e-11 -4.48865303268061e-09     0.319967287215286     -0.63077410447616    -0.630452395292474    -0.319804224758783  -4.4501574568579e-09
-8.13936302047263e-07 -1.00971679630951e-05  0.000156838734093328 -0.000709714876091648      0.70972922913369 -1.21558015173384e-09 -5.62854775539027e-09 -5.62768143297677e-09  1.21515166940443e-09     0.704474351714899
Basis set used: STO-3G
Naturals: 
 1.99999999999746  1.99999999980735  1.99999403670835  1.99998575148396  1.01199193203536   1.0008204173015  1.00082041577356 0.999182425376879 0.999182423848998 0.988022597666499
Naturals: 
 1.99999999999748  1.99999999980737  1.99999403670715  1.99998575150064  1.01199191585723  1.00082041576387  1.00082041576342 0.999182425386558 0.999182425386106 0.988022613830221
Version: Tmhuysen's fci hack
