Naturals in-correctThe Davidson algorithm did not converge.lambda: -1
The Davidson algorithm did not converge.lambda: -0.9
The Davidson algorithm did not converge.lambda: -0.8
The Davidson algorithm did not converge.lambda: -0.7
The Davidson algorithm did not converge.lambda: -0.6
The Davidson algorithm did not converge.lambda: -0.5
The Davidson algorithm did not converge.lambda: -0.4
The Davidson algorithm did not converge.lambda: -0.3
The Davidson algorithm did not converge.lambda: -0.2
The Davidson algorithm did not converge.lambda: -0.1
TOTAL ENERGY: -127.162989737502	 lambda: 0	 population of target: 6.99995384288453
1RDM: 
     1.99999999999868  4.97305740414034e-18 -1.45220112497012e-15 -1.20988865604691e-15  2.33938400764851e-13  2.01514237730201e-12 -2.22233399345327e-12 -2.22805287060182e-12  2.13577171196866e-12 -5.37545755406912e-13
 4.97305740414034e-18      1.99999999990389 -1.60071764848911e-14 -7.43772893211585e-14 -5.08540880753869e-12    4.297220338015e-12  -4.3983465770842e-12 -4.17099555116723e-12  3.91270537861109e-12  7.32574801521595e-12
-1.45220112497012e-15 -1.60071764848911e-14      1.99999455362231 -2.07060978300915e-12  1.58814820569917e-10 -1.70489433530702e-10  1.76863101132496e-10  1.59589165241751e-10 -1.32147972611059e-10 -6.48465802476879e-10
-1.20988865604691e-15 -7.43772893211585e-14 -2.07060978300915e-12      1.99998948567823 -3.62909748888233e-10  3.40982880152476e-11 -3.74750302194141e-11 -1.54808456868196e-11  5.28158523858425e-13  7.02279056585524e-10
 2.33938400764851e-13 -5.08540880753869e-12  1.58814820569917e-10 -3.62909748888233e-10      1.00826684039104  1.42310358633146e-09 -1.68312424118592e-09 -2.03137651928167e-09  2.03898076291312e-09 -7.67451222673905e-11
 2.01514237730201e-12    4.297220338015e-12 -1.70489433530702e-10  3.40982880152476e-11  1.42310358633146e-09      1.00053377953111 -1.30748602907472e-14  1.30813097501603e-12   5.9547536049646e-13 -2.02959557938399e-09
-2.22233399345327e-12  -4.3983465770842e-12  1.76863101132496e-10 -3.74750302194141e-11 -1.68312424118592e-09 -1.30748602907472e-14      1.00053377953157  2.52171190792235e-12 -1.30843688010118e-12  2.02018182539545e-09
-2.22805287060182e-12 -4.17099555116723e-12  1.59589165241751e-10 -1.54808456868196e-11 -2.03137651928167e-09  1.30813097501603e-12  2.52171190792235e-12     0.999468628407322   1.3065525924538e-14  1.67083340829374e-09
 2.13577171196866e-12  3.91270537861109e-12 -1.32147972611059e-10  5.28158523858425e-13  2.03898076291312e-09   5.9547536049646e-13 -1.30843688010118e-12   1.3065525924538e-14     0.999468628407785 -1.41068247405923e-09
-5.37545755406912e-13  7.32574801521595e-12 -6.48465802476879e-10  7.02279056585524e-10 -7.67451222673905e-11 -2.02959557938399e-09  2.02018182539545e-09  1.67083340829374e-09 -1.41068247405923e-09     0.991744304528151
TOTAL ENERGY: -127.16298857862	 lambda: 0.1	 population of target: 6.99998933424263
1RDM: 
     1.99999999999859  2.26231007231959e-13 -8.45178233527337e-11 -4.46169664169534e-10 -6.56145034869031e-08  2.00567548783337e-12 -2.21070271221896e-12 -2.21430906749733e-12  2.12168744965993e-12  9.09300428804325e-09
 2.26231007231959e-13      1.99999999996435 -8.24775596506338e-10 -8.38842755878184e-09  5.93156978343097e-07  4.54292230613054e-12 -4.66338944287674e-12 -4.43378287592847e-12  4.15631403985884e-12   5.8658893101059e-07
-8.45178233527337e-11 -8.24775596506338e-10      1.99999376864629 -1.87352943499705e-07 -6.27653569231645e-05 -1.98096565336108e-10  2.06508051376247e-10  1.89040208720178e-10 -1.59324443203569e-10 -6.93458917635537e-05
-4.46169664169534e-10 -8.38842755878184e-09 -1.87352943499705e-07      1.99999145599708  9.39238373762482e-05  7.20929071866178e-11 -7.85329415203101e-11 -5.65559610285175e-11  3.86687454427247e-11  8.96515137737587e-05
-6.56145034869031e-08  5.93156978343097e-07 -6.27653569231645e-05  9.39238373762482e-05       1.0043123903223  7.38917266713661e-10 -8.74495220160849e-10  -1.0572005994732e-09  1.06159309030449e-09 -1.30205840182599e-05
 2.00567548783337e-12  4.54292230613054e-12 -1.98096565336108e-10  7.20929071866178e-11  7.38917266713661e-10      1.00028093999631  1.28876815186509e-15  1.02559541979028e-12 -5.41697752127199e-08 -1.06073244359345e-09
-2.21070271221896e-12 -4.66338944287674e-12  2.06508051376247e-10 -7.85329415203101e-11 -8.74495220160849e-10  1.28876815186509e-15      1.00028093999634 -5.41687635388653e-08 -1.02574689582321e-12  1.05626789825409e-09
-2.21430906749733e-12 -4.43378287592847e-12  1.89040208720178e-10 -5.65559610285175e-11  -1.0572005994732e-09  1.02559541979028e-12 -5.41687635388653e-08     0.999721463018861 -1.29135693952858e-15  8.73383299743185e-10
 2.12168744965993e-12  4.15631403985884e-12 -1.59324443203569e-10  3.86687454427247e-11  1.06159309030449e-09 -5.41697752127199e-08 -1.02574689582321e-12 -1.29135693952858e-15     0.999721463018893 -7.37867810081529e-10
 9.09300428804325e-09   5.8658893101059e-07 -6.93458917635537e-05  8.96515137737587e-05 -1.30205840182599e-05 -1.06073244359345e-09  1.05626789825409e-09  8.73383299743185e-10 -7.37867810081529e-10     0.995697579040998
TOTAL ENERGY: -127.162987713603	 lambda: 0.2	 population of target: 6.99999551975192
1RDM: 
     1.99999999999845 -7.58888574887072e-14 -1.00888720394452e-10 -6.09460658078341e-10 -1.17121343945307e-07  2.00329569573527e-12 -2.20657411617953e-12 -2.20874115407476e-12  2.11506896260963e-12  3.91427778991895e-08
-7.58888574887072e-14      1.99999999997217 -1.77502392317369e-09 -1.02794497230808e-08  9.15164625260216e-07  4.67331940551529e-12 -4.80429176443207e-12 -4.57411830312043e-12  4.28662308351429e-12  8.93172671279843e-07
-1.00888720394452e-10 -1.77502392317369e-09      1.99999345796127 -1.51597835013585e-07 -8.60917959074942e-05 -2.09285294124231e-10  2.18449594779008e-10  2.00860302362798e-10 -1.70163145432328e-10 -9.91517564770153e-05
-6.09460658078341e-10 -1.02794497230808e-08 -1.51597835013585e-07      1.99999193444746   0.00013326391046729  8.72281826741626e-11 -9.49544968206181e-11 -7.30316856211859e-11  5.40285433145543e-11  0.000123834115312203
-1.17121343945307e-07  9.15164625260216e-07 -8.60917959074942e-05   0.00013326391046729      1.00308258351036  5.27360838805026e-10 -6.24239863708059e-10 -7.55068364310548e-10  7.58320266393207e-10 -1.23395385840201e-05
 2.00329569573527e-12  4.67331940551529e-12 -2.09285294124231e-10  8.72281826741626e-11  5.27360838805026e-10      1.00020162662655   2.3625363956633e-16  -5.7383090813392e-14 -5.16422093796924e-08 -7.58335951683622e-10
-2.20657411617953e-12 -4.80429176443207e-12  2.18449594779008e-10 -9.49544968206181e-11 -6.24239863708059e-10   2.3625363956633e-16      1.00020162662661 -5.16414845391431e-08   5.7275119460754e-14  7.55235129314248e-10
-2.20874115407476e-12 -4.57411830312043e-12  2.00860302362798e-10 -7.30316856211859e-11 -7.55068364310548e-10  -5.7383090813392e-14 -5.16414845391431e-08     0.999800775592529 -2.37727620092503e-16  6.24387446913967e-10
 2.11506896260963e-12  4.28662308351429e-12 -1.70163145432328e-10  5.40285433145543e-11  7.58320266393207e-10 -5.16422093796924e-08   5.7275119460754e-14 -2.37727620092503e-16     0.999800775592591 -5.27628887576104e-10
 3.91427778991895e-08  8.93172671279843e-07 -9.91517564770153e-05  0.000123834115312203 -1.23395385840201e-05 -7.58335951683622e-10  7.55235129314248e-10  6.24387446913967e-10 -5.27628887576104e-10     0.996927219672044
TOTAL ENERGY: -127.162987189451	 lambda: 0.3	 population of target: 6.99999767690538
1RDM: 
     1.99999999999826  -3.4108268800909e-13 -7.62221799777158e-11 -7.41724667166334e-10 -1.67895562260547e-07  2.00289542320282e-12 -2.20443197257509e-12 -2.20524235618622e-12  2.11023524454604e-12  7.75418311221025e-08
 -3.4108268800909e-13      1.99999999997351 -2.36588884629586e-09 -1.11349977623244e-08  1.14901988559776e-06  4.76647382895135e-12 -4.90508033971403e-12 -4.67475484319644e-12  4.38018282058891e-12  1.10957831121809e-06
-7.62221799777158e-11 -2.36588884629586e-09      1.99999330158513  -1.1845399065948e-07    -9.86357999385e-05 -2.16144969435464e-10  2.25710182015569e-10  2.08007823122893e-10 -1.76659691969352e-10  -0.00011883433116106
-7.41724667166334e-10 -1.11349977623244e-08  -1.1845399065948e-07      1.99999213197042    0.0001582692011231  9.63201854729696e-11 -1.04866557194644e-10 -8.30092384549648e-11  6.33735965263869e-11  0.000143274700419494
-1.67895562260547e-07  1.14901988559776e-06    -9.86357999385e-05    0.0001582692011231      1.00250896220355  4.28865102383863e-10 -5.07706177111462e-10 -6.14289145395584e-10  6.16974794475679e-10 -1.13074775868693e-05
 2.00289542320282e-12  4.76647382895135e-12 -2.16144969435464e-10  9.63201854729696e-11  4.28865102383863e-10       1.0001644988528  8.45319500970075e-16 -2.28721363045405e-14  -4.7490218690603e-08 -6.17128622163168e-10
-2.20443197257509e-12 -4.90508033971403e-12  2.25710182015569e-10 -1.04866557194644e-10 -5.07706177111462e-10  8.45319500970075e-16      1.00016449885274 -4.74896281076083e-08  2.27835684133836e-14  6.14650187360156e-10
-2.20524235618622e-12 -4.67475484319644e-12  2.08007823122893e-10 -8.30092384549648e-11 -6.14289145395584e-10 -2.28721363045405e-14 -4.74896281076083e-08     0.999837903114599 -8.46553882946845e-16   5.0810393736403e-10
 2.11023524454604e-12  4.38018282058891e-12 -1.76659691969352e-10  6.33735965263869e-11  6.16974794475679e-10  -4.7490218690603e-08  2.27835684133836e-14 -8.46553882946845e-16     0.999837903114543 -4.29410412409412e-10
 7.75418311221025e-08  1.10957831121809e-06  -0.00011883433116106  0.000143274700419494 -1.13074775868693e-05 -6.17128622163168e-10  6.14650187360156e-10   5.0810393736403e-10 -4.29410412409412e-10     0.997500800334454
TOTAL ENERGY: -127.162986832708	 lambda: 0.4	 population of target: 6.99999871114953
1RDM: 
     1.99999999999803 -5.81400353524273e-13 -2.52171155944598e-11 -8.78967964594273e-10 -2.21100474517891e-07  2.00349369855473e-12 -2.20319618666192e-12 -2.20260718056353e-12  2.10604535873899e-12  1.22356731240394e-07
-5.81400353524273e-13      1.99999999997329 -2.75565005980449e-09 -1.16584012705864e-08  1.33581699625767e-06  4.83964484864744e-12 -4.98435369968776e-12 -4.75406118423579e-12  4.45401025207805e-12  1.27719685239173e-06
-2.52171155944598e-11 -2.75565005980449e-09      1.99999321329311 -9.55633916909483e-08 -0.000106101333385121 -2.21082424951198e-10  2.30882250013194e-10  2.13063236300784e-10  -1.8120287964936e-10 -0.000134252229207783
-8.78967964594273e-10 -1.16584012705864e-08 -9.55633916909483e-08      1.99999222948961  0.000177047558648647  1.02708579101134e-10 -1.11872796511221e-10  -9.0091069920873e-11  7.00443628687449e-11  0.000155972119657646
-2.21100474517891e-07  1.33581699625767e-06 -0.000106101333385121  0.000177047558648647      1.00220042596433  3.75929591695223e-10 -4.45068959876831e-10 -5.38580465738747e-10  5.40958619630038e-10 -1.06251544414828e-05
 2.00349369855473e-12  4.83964484864744e-12 -2.21082424951198e-10  1.02708579101134e-10  3.75929591695223e-10      1.00014448259902  9.47249860073771e-15  1.52881914678919e-12 -4.47287006878506e-08 -5.41136418947972e-10
-2.20319618666192e-12 -4.98435369968776e-12  2.30882250013194e-10 -1.11872796511221e-10 -4.45068959876831e-10  9.47249860073771e-15      1.00014448259918 -4.47281825504967e-08 -1.52890185740481e-12    5.389870262228e-10
-2.20260718056353e-12 -4.75406118423579e-12  2.13063236300784e-10  -9.0091069920873e-11 -5.38580465738747e-10  1.52881914678919e-12 -4.47281825504967e-08     0.999857919264178 -9.47336055276648e-15  4.45538938443274e-10
 2.10604535873899e-12  4.45401025207805e-12  -1.8120287964936e-10  7.00443628687449e-11  5.40958619630038e-10 -4.47287006878506e-08 -1.52890185740481e-12 -9.47336055276648e-15     0.999857919264347 -3.76562068995331e-10
 1.22356731240394e-07  1.27719685239173e-06 -0.000134252229207783  0.000155972119657646 -1.06251544414828e-05 -5.41136418947972e-10    5.389870262228e-10  4.45538938443274e-10 -3.76562068995331e-10     0.997809327554972
TOTAL ENERGY: -127.162986557796	 lambda: 0.5	 population of target: 6.99999932681448
1RDM: 
      1.9999999999977 -8.21935673206543e-13  4.81567842902366e-11 -1.03583051896579e-09 -2.78390521099014e-07  2.00477922023338e-12 -2.20250173470669e-12 -2.20041634891314e-12  2.10208285599225e-12   1.7348639044683e-07
-8.21935673206543e-13      1.99999999997255 -3.02944415947528e-09  -1.2038072498152e-08   1.4923482921882e-06  4.89974711980234e-12 -5.04957417585976e-12 -4.81942865794296e-12  4.51495720107331e-12  1.41254088103512e-06
 4.81567842902366e-11 -3.02944415947528e-09       1.9999931622251 -8.10547704666106e-08 -0.000110439584814665 -2.24943240058409e-10  2.34874787611363e-10  2.16930071703898e-10 -1.84627392266955e-10 -0.000147506539300326
-1.03583051896579e-09  -1.2038072498152e-08 -8.10547704666106e-08      1.99999227872278  0.000192484652308679  1.07559683396631e-10 -1.17233644174243e-10 -9.55378067868898e-11   7.5211486214705e-11   0.00016467615787758
-2.78390521099014e-07   1.4923482921882e-06 -0.000110439584814665  0.000192484652308679      1.00203201905052  3.47030730680867e-10 -4.10876027201654e-10 -4.97239783229956e-10  4.99451265354965e-10 -1.02983215809927e-05
 2.00477922023338e-12  4.89974711980234e-12 -2.24943240058409e-10  1.07559683396631e-10  3.47030730680867e-10      1.00013352550597  5.57240985991354e-16  1.16359617268595e-12 -4.34167968181599e-08 -4.99656312208509e-10
-2.20250173470669e-12 -5.04957417585976e-12  2.34874787611363e-10 -1.17233644174243e-10 -4.10876027201654e-10  5.57240985991354e-16      1.00013352550612  -4.3416318313761e-08 -1.16366760594133e-12  4.97688301456651e-10
-2.20041634891314e-12 -4.81942865794296e-12  2.16930071703898e-10 -9.55378067868898e-11 -4.97239783229956e-10  1.16359617268595e-12  -4.3416318313761e-08     0.999868876310461 -5.58052735744661e-16  4.11403777975218e-10
 2.10208285599225e-12  4.51495720107331e-12 -1.84627392266955e-10   7.5211486214705e-11  4.99451265354965e-10 -4.34167968181599e-08 -1.16366760594133e-12 -5.58052735744661e-16     0.999868876310616 -3.47729633228359e-10
  1.7348639044683e-07  1.41254088103512e-06 -0.000147506539300326   0.00016467615787758 -1.02983215809927e-05 -4.99656312208509e-10  4.97688301456651e-10  4.11403777975218e-10 -3.47729633228359e-10     0.997977736398225
TOTAL ENERGY: -127.162986313915	 lambda: 0.6	 population of target: 6.99999977174328
1RDM: 
     1.99999999999726  -1.0863728673964e-12  1.44836232318988e-10 -1.22528037710926e-09 -3.41123850219942e-07  2.00664308378266e-12 -2.20219388426042e-12 -2.19847391446593e-12   2.0981311275032e-12  2.31513038668451e-07
 -1.0863728673964e-12      1.99999999997165 -3.23116762251316e-09 -1.23463107053452e-08  1.62757613341466e-06  4.95043050024417e-12 -5.10468457557663e-12 -4.87477649494559e-12  4.56666412797645e-12  1.52413427528372e-06
 1.44836232318988e-10 -3.23116762251316e-09      1.99999313541227 -7.34544132630653e-08 -0.000112490807797166 -2.28121092293281e-10  2.38108632163522e-10  2.20025249230757e-10 -1.87316167556383e-10 -0.000159630582351761
-1.22528037710926e-09 -1.23463107053452e-08 -7.34544132630653e-08      1.99999229882619    0.0002059594953934  1.11409019636288e-10 -1.21529692366981e-10  -9.9931693079172e-11  7.94173552378781e-11  0.000170607367562952
-3.41123850219942e-07  1.62757613341466e-06 -0.000112490807797166    0.0002059594953934      1.00195461753782  3.33720027830783e-10 -3.95133384851022e-10 -4.78197484533746e-10  4.80337404074406e-10 -1.03007971361045e-05
 2.00664308378266e-12  4.95043050024417e-12 -2.28121092293281e-10  1.11409019636288e-10  3.33720027830783e-10      1.00012845525269  6.23212167594397e-16  2.60544153591277e-13 -4.34591208878798e-08  -4.8060829002108e-10
-2.20219388426042e-12 -5.10468457557663e-12  2.38108632163522e-10 -1.21529692366981e-10 -3.95133384851022e-10  6.23212167594397e-16      1.00012845525272  -4.3458660681452e-08 -2.60612902300936e-13  4.78728706619081e-10
-2.19847391446593e-12 -4.87477649494559e-12  2.20025249230757e-10  -9.9931693079172e-11 -4.78197484533746e-10  2.60544153591277e-13  -4.3458660681452e-08     0.999873946541606 -6.23990086913066e-16  3.95755177471665e-10
  2.0981311275032e-12  4.56666412797645e-12 -1.87316167556383e-10  7.94173552378781e-11  4.80337404074406e-10 -4.34591208878798e-08 -2.60612902300936e-13 -6.23990086913066e-16     0.999873946541643  -3.3451765619362e-10
 2.31513038668451e-07  1.52413427528372e-06 -0.000159630582351761  0.000170607367562952 -1.03007971361045e-05  -4.8060829002108e-10  4.78728706619081e-10  3.95755177471665e-10  -3.3451765619362e-10     0.998055144666218
TOTAL ENERGY: -127.162986058141	 lambda: 0.7	 population of target: 7.00000016532845
1RDM: 
     1.99999999999661 -1.40076973818061e-12  2.68437303429052e-10 -1.46307554407557e-09 -4.10763807710391e-07  2.00906736852382e-12 -2.20220475445967e-12 -2.19666669177096e-12  2.09404016002283e-12  2.97498798459399e-07
-1.40076973818061e-12      1.99999999997067 -3.38545924330626e-09 -1.26204095740486e-08   1.7472745125893e-06   4.9939291227114e-12 -5.15210718553141e-12 -4.92252218148993e-12  4.61138075014998e-12  1.61713776854011e-06
 2.68437303429052e-10 -3.38545924330626e-09      1.99999312745173 -7.23629162349336e-08 -0.000112635938116559 -2.30834768980398e-10  2.40814713643799e-10  2.22575581719638e-10 -1.89474771636103e-10  -0.00017126618320807
-1.46307554407557e-09 -1.26204095740486e-08 -7.23629162349336e-08      1.99999229699323   0.00021828108703843  1.14545653213654e-10 -1.25076581243066e-10 -1.03590625462578e-10   8.2960217151398e-11  0.000174370467779695
-4.10763807710391e-07   1.7472745125893e-06 -0.000112635938116559   0.00021828108703843      1.00194948313025  3.32770792336443e-10 -3.94025566164973e-10 -4.76844012761775e-10  4.78990553703606e-10 -1.06466170011208e-05
 2.00906736852382e-12   4.9939291227114e-12 -2.30834768980398e-10  1.14545653213654e-10  3.32770792336443e-10      1.00012805068832  6.56457835654072e-16  1.02331035232437e-12  -4.4917019273468e-08 -4.79387937524738e-10
-2.20220475445967e-12 -5.15210718553141e-12  2.40814713643799e-10 -1.25076581243066e-10 -3.94025566164973e-10  6.56457835654072e-16       1.0001280506885 -4.49165605794723e-08 -1.02337887192077e-12  4.77525789129765e-10
-2.19666669177096e-12 -4.92252218148993e-12  2.22575581719638e-10 -1.03590625462578e-10 -4.76844012761775e-10  1.02331035232437e-12 -4.49165605794723e-08     0.999874351103732 -6.57128831980983e-16  3.94807852192286e-10
 2.09404016002283e-12  4.61138075014998e-12 -1.89474771636103e-10   8.2960217151398e-11  4.78990553703606e-10  -4.4917019273468e-08 -1.02337887192077e-12 -6.57128831980983e-16     0.999874351103914 -3.33730589027589e-10
 2.97498798459399e-07  1.61713776854011e-06  -0.00017126618320807  0.000174370467779695 -1.06466170011208e-05 -4.79387937524738e-10  4.77525789129765e-10  3.94807852192286e-10 -3.33730589027589e-10     0.998060288873039
TOTAL ENERGY: -127.162985735079	 lambda: 0.8	 population of target: 7.0000005951677
1RDM: 
     1.99999999999567 -1.80564995798394e-12  4.26582714368574e-10 -1.77614750248029e-09 -4.89112023583729e-07   2.0120895392762e-12 -2.20250937237327e-12 -2.19492343883808e-12  2.08968318531465e-12  3.73042265906266e-07
-1.80564995798394e-12      1.99999999996968 -3.50765559947123e-09 -1.28859913616655e-08  1.85543640559403e-06  5.03173264557669e-12 -5.19346326399644e-12 -4.96429568191274e-12   4.6506339577719e-12  1.69470070183166e-06
 4.26582714368574e-10 -3.50765559947123e-09      1.99999313727969 -7.85924360988738e-08 -0.000111003554557672 -2.33222850967758e-10  2.43135405722956e-10  2.24718419154572e-10 -1.91223881086647e-10 -0.000182912010853632
-1.77614750248029e-09 -1.28859913616655e-08 -7.85924360988738e-08      1.99999227415542  0.000230019587367432  1.17141438615195e-10 -1.28065018685788e-10 -1.06708854195712e-10  8.60250210406741e-11   0.00017625688065588
-4.89112023583729e-07  1.85543640559403e-06 -0.000111003554557672  0.000230019587367432      1.00201537590783  3.43954234661198e-10 -4.07285371889531e-10 -4.92854147200521e-10  4.95086913760177e-10 -1.14140227905612e-05
  2.0120895392762e-12  5.03173264557669e-12 -2.33222850967758e-10  1.17141438615195e-10  3.43954234661198e-10      1.00013221363759  7.17468973691721e-16  2.62331198092159e-13 -4.81117706925277e-08 -4.95700997038991e-10
-2.20250937237327e-12 -5.19346326399644e-12  2.43135405722956e-10 -1.28065018685788e-10 -4.07285371889531e-10  7.17468973691721e-16      1.00013221363771 -4.81112969287618e-08 -2.62401933064751e-13  4.93789375340546e-10
-2.19492343883808e-12 -4.96429568191274e-12  2.24718419154572e-10 -1.06708854195712e-10 -4.92854147200521e-10  2.62331198092159e-13 -4.81112969287618e-08     0.999870188170201 -7.18079522569084e-16  4.08331883862432e-10
 2.08968318531465e-12   4.6506339577719e-12 -1.91223881086647e-10  8.60250210406741e-11  4.95086913760177e-10 -4.81117706925277e-08 -2.62401933064751e-13 -7.18079522569084e-16     0.999870188170329 -3.45177162287439e-10
 3.73042265906266e-07  1.69470070183166e-06 -0.000182912010853632   0.00017625688065588 -1.14140227905612e-05 -4.95700997038991e-10  4.93789375340546e-10  4.08331883862432e-10 -3.45177162287439e-10     0.997994409075914
TOTAL ENERGY: -127.162985243774	 lambda: 0.9	 population of target: 7.00000117099717
1RDM: 
     1.99999999999417 -2.37389508474858e-12  6.31103127786592e-10 -2.21315619741401e-09 -5.78641161138369e-07  2.01579305387032e-12 -2.20310569670665e-12 -2.19320414528004e-12  2.08493785409854e-12  4.60533529849312e-07
-2.37389508474858e-12      1.99999999996864  -3.6086910646517e-09 -1.31695502538028e-08  1.95534424174367e-06   5.0648797998045e-12 -5.22989991183072e-12 -5.00127753547575e-12  4.68553976496992e-12  1.75884023521893e-06
 6.31103127786592e-10  -3.6086910646517e-09         1.99999316765 -9.47978644966701e-08   -0.0001075240709047 -2.35384335778267e-10  2.45166870524785e-10  2.26543024785974e-10 -1.92636352914755e-10 -0.000195053648678319
-2.21315619741401e-09 -1.31695502538028e-08 -9.47978644966701e-08      1.99999222563369  0.000241663268015036  1.19302682958278e-10 -1.30617714146884e-10  -1.0941590466743e-10  8.87392599226339e-11  0.000176340748830915
-5.78641161138369e-07  1.95534424174367e-06   -0.0001075240709047  0.000241663268015036      1.00216778019927  3.69898000073567e-10 -4.38028903102146e-10  -5.2998314732237e-10  5.32402493169384e-10 -1.27937425339182e-05
 2.01579305387032e-12   5.0648797998045e-12 -2.35384335778267e-10  1.19302682958278e-10  3.69898000073567e-10      1.00014191215447  1.88781431368777e-15  2.55549912004322e-13 -5.38230243502148e-08 -5.33378825058924e-10
-2.20310569670665e-12 -5.22989991183072e-12  2.45166870524785e-10 -1.30617714146884e-10 -4.38028903102146e-10  1.88781431368777e-15      1.00014191215465 -5.38225155371779e-08 -2.55627254931022e-13  5.31339448880667e-10
-2.19320414528004e-12 -5.00127753547575e-12  2.26543024785974e-10  -1.0941590466743e-10  -5.2998314732237e-10  2.55549912004322e-13 -5.38225155371779e-08     0.999860489689781 -1.88834564804419e-15  4.39510849680745e-10
 2.08493785409854e-12  4.68553976496992e-12 -1.92636352914755e-10  8.87392599226339e-11  5.32402493169384e-10 -5.38230243502148e-08 -2.55627254931022e-13 -1.88834564804419e-15     0.999860489689957 -3.71552149036429e-10
 4.60533529849312e-07  1.75884023521893e-06 -0.000195053648678319  0.000176340748830915 -1.27937425339182e-05 -5.33378825058924e-10  5.31339448880667e-10  4.39510849680745e-10 -3.71552149036429e-10     0.997842022865416
TOTAL ENERGY: -127.162984349499	 lambda: 1	 population of target: 7.00000210761226
1RDM: 
     1.99999999999156  -3.2594032047632e-12  8.98609898074724e-10 -2.87362501118462e-09 -6.82939563478883e-07  2.02036865035492e-12 -2.20405889137737e-12 -2.19145953531648e-12   2.0796283989344e-12  5.63616804739028e-07
 -3.2594032047632e-12       1.9999999999675 -3.69773773716004e-09 -1.35104423621463e-08  2.04991489655877e-06   5.0941144316533e-12 -5.26225573325758e-12 -5.03433891662076e-12  4.71694072381291e-12  1.81037973081645e-06
 8.98609898074724e-10 -3.69773773716004e-09      1.99999322669817  -1.2749184641514e-07 -0.000101885301841621 -2.37402812146167e-10  2.46981373499045e-10  2.28109433521057e-10 -1.93751174715606e-10 -0.000208301212579721
-2.87362501118462e-09 -1.35104423621463e-08  -1.2749184641514e-07      1.99999213779791  0.000253748681142868   1.2109466391522e-10 -1.32817894809339e-10  -1.1180195443709e-10  9.11983730467871e-11  0.000174471114933068
-6.82939563478883e-07  2.04991489655877e-06 -0.000101885301841621  0.000253748681142868      1.00244919406359  4.17834708576883e-10 -4.94828671131674e-10 -5.98561595037922e-10  6.01321355111684e-10 -1.52256855905158e-05
 2.02036865035492e-12   5.0941144316533e-12 -2.37402812146167e-10   1.2109466391522e-10  4.17834708576883e-10       1.0001597966522  4.73062847060233e-16  4.20929746541402e-13 -6.38294696725146e-08 -6.02927013820807e-10
-2.20405889137737e-12 -5.26225573325758e-12  2.46981373499045e-10 -1.32817894809339e-10 -4.94828671131674e-10  4.73062847060233e-16      1.00015979665242 -6.38288962053724e-08 -4.21014744194499e-13  6.00648274843826e-10
-2.19145953531648e-12 -5.03433891662076e-12  2.28109433521057e-10  -1.1180195443709e-10 -5.98561595037922e-10  4.20929746541402e-13 -6.38288962053724e-08     0.999842605272669 -4.73380425079461e-16  4.97064300188376e-10
  2.0796283989344e-12  4.71694072381291e-12 -1.93751174715606e-10  9.11983730467871e-11  6.01321355111684e-10 -6.38294696725146e-08 -4.21014744194499e-13 -4.73380425079461e-16     0.999842605272888 -4.20234064998863e-10
 5.63616804739028e-07  1.81037973081645e-06 -0.000208301212579721  0.000174471114933068 -1.52256855905158e-05 -6.02927013820807e-10  6.00648274843826e-10  4.97064300188376e-10 -4.20234064998863e-10     0.997560637631126
-------------------general-----------------------
mullikenoperator: 
 1.16786046588311e-05   0.00340884033521961  0.000137772119726743 -0.000198221280666641 -1.47654762936532e-06  8.03171560326793e-14  2.97131541826921e-14  6.52371336650358e-14 -1.63337348667272e-13  1.33347575634231e-06
  0.00340884033521961      0.99998519604441  -0.00143947242701911  -0.00105424656883834  3.89138314515237e-06  5.86376494375794e-12 -6.17667436375559e-12 -6.17661201839404e-12  5.85582673506178e-12  3.57467238859782e-06
 0.000137772119726743  -0.00143947242701906     0.349562145299346    -0.476829387239407 -0.000151476005274824 -1.49193550514367e-10  1.68353197670693e-10  1.67362234356178e-10 -1.51881781423186e-10 -0.000279922142027524
-0.000198221280666642  -0.00105424656883841    -0.476829387239407     0.650440726722622  0.000342136502312725  2.06397823479211e-10 -2.28660440551117e-10 -2.29231165587556e-10  2.04244821929314e-10  0.000245543756952752
-1.47654762936533e-06  3.89138314515078e-06 -0.000151476005274826  0.000342136502312723     0.497290503521844 -4.61053737671178e-11  2.79174658255126e-11 -8.26071723354499e-12  3.30172478657637e-11    -0.499992541595336
  8.0317156032723e-14  5.86376494375798e-12 -1.49193550514357e-10  2.06397823479192e-10 -4.61053737667704e-11     0.499825596522634 -1.32264332758656e-13  -1.5030514666957e-07    -0.499999969646329 -3.25736589688984e-11
 2.97131541826928e-14 -6.17667436375554e-12   1.6835319767069e-10 -2.28660440551118e-10  2.79174658254459e-11 -1.32278137329268e-13     0.499825598330899     -0.49999996964696  1.50305146744842e-07  7.90224832679568e-12
  6.5237133665036e-14 -6.17661201839406e-12  1.67362234356181e-10 -2.29231165587555e-10 -8.26071723356581e-12 -1.50305146651765e-07     -0.49999996964696     0.500174401669102  1.32827706497384e-13 -2.80731441554385e-11
-1.63337348667313e-13   5.8558267350616e-12 -1.51881781423183e-10  2.04244821929317e-10  3.30172478659742e-11    -0.499999969646329  1.50305146720729e-07  1.32860052230386e-13     0.500174403477367  4.61139109862077e-11
 1.33347575634232e-06  3.57467238859905e-06 -0.000279922142027526  0.000245543756952751    -0.499992541595336 -3.25736589688856e-11  7.90224832662254e-12 -2.80731441553544e-11  4.61139109867557e-11      0.50270974980712
selected BF: 
0 1 2 3 4
selected lambdas: 
  -1 -0.9 -0.8 -0.7 -0.6 -0.5 -0.4 -0.3 -0.2 -0.1    0  0.1  0.2  0.3  0.4  0.5  0.6  0.7  0.8  0.9    1
RHF C: 
 1.62259821349586e-07     0.995388340247191    -0.260144078470504 -0.000124431401753203  0.000219662069256533  7.71588287964133e-05 -7.06667540947668e-11  3.32088788720481e-10  6.16244171326179e-10  2.43127039634122e-11
-9.61231196022522e-07    0.0189027417414349      1.02864695240092  0.000492577387491818 -0.000879025862036019 -0.000306554489169263  2.82606998566576e-10 -1.30436545463356e-09 -2.42060843784385e-09 -9.70405211067503e-11
-2.45085376857509e-12  9.02335790582605e-12  3.89547025337867e-10   2.1280851377756e-09  2.35780032343515e-06 -4.35839721179593e-08 -0.000191726740864991    -0.988366529336792    -0.152090635211956  7.65151400465623e-05
 4.30768415239959e-12 -1.48411055258627e-11 -1.45784764850071e-09 -3.79261645049869e-09 -4.23080589795488e-06  7.67073850048537e-08   0.00124594564948567    -0.152090755611252     0.988365746964251  1.17742202138096e-05
-2.29048641709659e-06 -2.64210263509387e-06 -0.000854397288085068 -0.000913713855667029    -0.999998458218052  -0.00127050196286678 -4.54678808007479e-09 -1.68686350986267e-06 -4.54007772024416e-06 -2.19223612526037e-10
    0.995027797431304  2.82646178641713e-07 -0.000111204870778207     0.263171347283035 -0.000280043504376611   0.00383872508513292 -6.85387255014566e-10  -1.9297991690809e-10 -5.20164237459637e-10  6.01322805610827e-10
   0.0201928613930537 -8.65988400354439e-07  0.000434191555315826      -1.0289381805772    0.0010968431084836   -0.0152118500121812  2.71613204405441e-09  7.57254040574489e-10  2.04113157489885e-09 -2.34346561428898e-09
 2.51340317067309e-11 -1.72540922240284e-13  7.65667045432341e-12 -4.35273233361357e-09 -1.10770990698751e-10  4.73837866984849e-07     0.152090634582243 -6.08345055607152e-05 -0.000189314315906528    -0.988366530990959
-1.81770568410671e-11  5.57157770970225e-13  9.84380294850832e-11  5.60811673852871e-09 -3.71439450024294e-10 -5.32265671833948e-07    -0.988365767179219 -9.36179763301553e-06   0.00123026502796976    -0.152090752118499
-5.19929426022958e-05   1.7780069986474e-06 -0.000187525732072581    0.0147823921640633  0.000978452933577784    -0.999890282410712  5.98273410325582e-07  3.30501112293963e-08   8.6182838457742e-08 -3.87383491197209e-07
RDM (no constraint): 
     1.99999999684737  1.13774511499504e-10  2.88435341416669e-08  8.45404098329349e-07 -7.04261861339028e-08 -5.30472132445075e-05    8.057681908136e-12 -2.53009748590048e-13 -7.58739306865544e-13  3.55300282328789e-12
 1.13774511499504e-10      1.99999999757218 -1.36833481679585e-06 -3.84271500527252e-08 -4.40401612170185e-05 -1.90134863599027e-06 -3.55692796639754e-12  -6.7528487682122e-11 -1.83677552064478e-10  4.37605927169125e-12
 2.88435341416669e-08 -1.36833481679585e-06      1.99910443256458 -2.90228021689584e-05    -0.029765663866084 -1.00822695087517e-05  1.95630549320811e-10 -5.00681259752615e-08 -1.33677499583165e-07 -2.54688283749191e-10
 8.45404098329349e-07 -3.84271500527252e-08 -2.90228021689584e-05      1.99976696841563 -0.000773857241041364    0.0149981722507935 -2.92053944381523e-09 -2.42482401342868e-10 -6.54768175682146e-10  2.52703236431851e-09
-7.04261861339028e-08 -4.40401612170185e-05    -0.029765663866084 -0.000773857241041364      1.00086671843777  -0.00827715900961136  1.08095245460352e-08  1.71393906928564e-09  4.55038555884298e-09 -7.80141855286575e-09
-5.30472132445075e-05 -1.90134863599027e-06 -1.00822695087517e-05    0.0149981722507935  -0.00827715900961136      1.00025707028518 -1.67368239824823e-10 -1.45034136869715e-08 -3.84752740645338e-08   8.6381083694298e-11
   8.057681908136e-12 -3.55692796639754e-12  1.95630549320811e-10 -2.92053944381523e-09  1.08095245460352e-08 -1.67368239824823e-10      1.00000005544733 -1.12396851914606e-13 -0.000532572903269921 -2.72243741294658e-13
-2.53009748590048e-13  -6.7528487682122e-11 -5.00681259752615e-08 -2.42482401342868e-10  1.71393906928564e-09 -1.45034136869715e-08 -1.12396851914606e-13      1.00000109221656 -2.70463252076813e-13  0.000532569310983491
-7.58739306865544e-13 -1.83677552064478e-10 -1.33677499583165e-07 -6.54768175682146e-10  4.55038555884298e-09 -3.84752740645338e-08 -0.000532572903269921 -2.70463252076813e-13       1.0000023524914  6.28234632227869e-12
 3.55300282328789e-12  4.37605927169125e-12 -2.54688283749191e-10  2.52703236431851e-09 -7.80141855286575e-09   8.6381083694298e-11 -2.72243741294658e-13  0.000532569310983491  6.28234632227869e-12      1.00000131572201
RDM Eigenvectors: 
    0.999971480783904  -0.00339683518230646   0.00529350670631306   0.00418032307144555  3.78385131163457e-05  2.89389800219885e-11 -3.25696965109257e-11 -3.50603572610692e-11  3.56764435493425e-11  3.71968579528388e-05
  0.00341032282384158     0.999974670753765   0.00210030837314741  -0.00588339283922351 -3.00082802278453e-05  1.66148703496436e-11 -9.34553624575866e-12  9.59427359737532e-13 -9.17725199441281e-12  3.22811675983313e-05
 0.000218226229197597  -0.00598535595795618     0.591330824694416    -0.805856718600136   -0.0211916789486922  1.79625329687997e-09 -1.92837072800413e-10  5.72322068904749e-10 -2.29726545909449e-09    0.0209247577751458
   0.0067347777642559  -0.00180983827982037    -0.806143281917714    -0.591488235453828   -0.0112633531111035 -5.76531525625002e-09  5.97907734300217e-09  8.14845427313334e-09 -1.15918786059465e-08  -0.00995893916113048
-1.23365912297595e-05  0.000135885415136538   -0.0168933446431912    0.0245414396602404    -0.705656180752691  3.24452028498099e-06 -1.19948785665261e-06  1.20078384400992e-06 -3.24572801259502e-06     0.707927728352771
 4.80694413235536e-05 -2.99374693543962e-05   -0.0119602334176847  -0.00906888823650255     0.708147867214245  6.58229343637266e-07 -5.67888332424018e-07 -6.11948826173078e-07  7.74407670331302e-07     0.705904599102465
-1.17029347892834e-11  1.67470256108289e-12  2.33111094724699e-09  1.77886333340971e-09 -7.21279103204615e-07     0.706343756738569  0.000472243394079864   0.00047347643298673     0.707868667283462 -7.10777230424258e-07
-1.37498854357271e-11  2.33256261230015e-10  -2.9268278944991e-08  4.06648441854764e-08 -1.22203179122259e-06 -0.000472699709194833     0.707032430709294    -0.707180807670024  0.000473012234225467  1.18160412642501e-06
-3.68662475228585e-11  6.19392852362999e-10 -7.81387277549309e-08  1.08574326918353e-07 -3.29515701735434e-06    -0.707868667421736 -0.000473259171478287    0.0004724519860973     0.706343756591927  3.19089972155946e-06
 2.06243458641989e-11  3.76084158921085e-13 -2.07256970342871e-09 -1.46008037848157e-09  5.91904375304086e-07 -0.000472803390281894     0.707180807810478     0.707032430564924 -0.000472916728588291  5.88962004053351e-07
Total C: 
  0.00333715055049485     0.996920434909298    -0.151644913262915      0.20386088427342   0.00538405538325513 -1.72846208992578e-10 -1.55145827153912e-11 -1.49794975387046e-10  3.22119559169049e-10  -0.00520010867819632
 0.000291294500925754    0.0127444462944523     0.607931775379436    -0.829363420114998   -0.0214016671901172  7.05137266394154e-10  4.33019933498584e-11  5.77626478695636e-10 -1.26358191024891e-09    0.0206812079282523
 1.56619448291566e-14 -2.02969496871121e-13  1.63071211474889e-11  -1.9009239685425e-11  1.44689292542008e-08     0.107991934690402    -0.698681191886633     0.698935992877945    -0.108031533623855 -1.46095371017482e-08
-8.30613067373034e-14   2.4580582806845e-13 -2.49897543731875e-11  2.10893200309055e-11  -3.1964178688606e-08    -0.698681190622742    -0.107991934885567     0.108031533428763     0.698935994141373   3.2236819564184e-08
  3.6359567164678e-06 -0.000131713879116775    0.0171398492572006   -0.0233009010222379     0.704783787133898 -3.39831772999835e-08  9.52646008315858e-09 -9.39706514926239e-09  3.38797919465995e-08    -0.708832268683899
    0.996771985232646  -0.00385544774393945    -0.206993566737695    -0.151455290278311 -8.18541976759661e-06  1.33800923694018e-11 -1.41994855412217e-11 -1.48288600135682e-11  1.38328226239682e-11 -7.46993243736096e-05
   0.0132619625713801   0.00179075957656264     0.829998649787993     0.608504223094572  3.46236417947774e-05 -4.62192108912041e-11  4.86057388410785e-11  5.10587042227285e-11 -4.73065165302167e-11  0.000295339942794052
 -3.5583036623353e-12 -6.87501018159245e-12  2.67818012336909e-10 -4.07607341639737e-11 -3.58345802313944e-07     0.108029611671557    -0.698924940375413    -0.698692247811846     0.107993860114339  -3.5643943673674e-07
 2.41991344350967e-12  4.81154722522557e-12 -1.75163627115096e-10  1.84925468581642e-11  2.42095971813524e-07    -0.698924941638892     -0.10802961147659    -0.107993860309628    -0.698692246548005  2.40801269134927e-07
-5.46431245055878e-07  6.39038464218771e-06 -8.54955430808008e-05  0.000499185869771445    -0.708923149636887 -2.93319986736982e-07  3.16399879665424e-07  3.16235833162736e-07 -2.93096878305813e-07    -0.705285617740671
Basis set used: STO-3G
Naturals: 
 1.99999999999867  1.99999999990388  1.99999455362423  1.99998948567046  1.00826685281355   1.0005337781111    1.000533773292 0.999468634646563 0.999468629827616 0.991744292111954
Naturals: 
 1.99999999999868  1.99999999990389  1.99999455362231  1.99998948567823  1.00826684039104  1.00053377953111  1.00053377953157 0.999468628407322 0.999468628407785 0.991744304528151
Version: Tmhuysen's fci hack
