Naturals in-correctThe Davidson algorithm did not converge.lambda: -1
The Davidson algorithm did not converge.lambda: -0.9
The Davidson algorithm did not converge.lambda: -0.8
The Davidson algorithm did not converge.lambda: -0.7
The Davidson algorithm did not converge.lambda: -0.6
The Davidson algorithm did not converge.lambda: -0.5
The Davidson algorithm did not converge.lambda: -0.4
The Davidson algorithm did not converge.lambda: -0.3
The Davidson algorithm did not converge.lambda: -0.2
The Davidson algorithm did not converge.lambda: -0.1
TOTAL ENERGY: -127.162912184124	 lambda: 0	 population of target: 6.99999039625879
1RDM: 
     1.99999999999953 -8.47548873454847e-17  9.77341819510856e-16 -1.08821021687187e-14 -3.31954905089999e-12  5.99422857781363e-12 -1.31421193578812e-12  1.34982675401175e-12 -5.99993186914172e-12 -5.47921423746044e-13
-8.47548873454847e-17       1.9999999999788 -7.91740638469511e-14 -1.06960555433677e-13 -8.58925517951885e-12  1.12818095615899e-11 -2.54064062292022e-12  2.35996832359565e-12 -1.07822200737667e-11  7.65662205772096e-12
 9.77341819510856e-16 -7.91740638469511e-14      1.99999551479673  -7.9799024275753e-13 -4.74559677560222e-10  -6.6312341151241e-10  1.51154829312319e-10 -1.37116547169453e-10   6.2442076500796e-10 -3.64043013325585e-10
-1.08821021687187e-14 -1.06960555433677e-13  -7.9799024275753e-13      1.99999361536941 -1.82633365195845e-10  1.30088596242268e-10 -3.33319058078376e-11  1.68754264221136e-11 -8.40679039462983e-11 -7.99866477826212e-11
-3.31954905089999e-12 -8.58925517951885e-12 -4.74559677560222e-10 -1.82633365195845e-10      1.00377422818948 -1.56774744338336e-09  4.91086120094545e-10  6.57401186459708e-11  2.33093811456434e-10 -3.50518805623789e-11
 5.99422857781363e-12  1.12818095615899e-11  -6.6312341151241e-10  1.30088596242268e-10 -1.56774744338336e-09      1.00021775884084  7.89221940598263e-15  3.47949250458003e-12 -8.12860303117484e-13  2.28544652166952e-10
-1.31421193578812e-12 -2.54064062292022e-12  1.51154829312319e-10 -3.33319058078376e-11  4.91086120094545e-10  7.89221940598263e-15      1.00021775884063 -1.03727329024806e-12 -3.47914579975687e-12  6.71797984756417e-11
 1.34982675401175e-12  2.35996832359565e-12 -1.37116547169453e-10  1.68754264221136e-11  6.57401186459708e-11  3.47949250458003e-12 -1.03727329024806e-12      0.99978399865112 -7.89202188840019e-15  4.91376630024703e-10
-5.99993186914172e-12 -1.07822200737667e-11   6.2442076500796e-10 -8.40679039462983e-11  2.33093811456434e-10 -8.12860303117484e-13 -3.47914579975687e-12 -7.89202188840019e-15     0.999783998650906 -1.56762037853735e-09
-5.47921423746044e-13  7.65662205772096e-12 -3.64043013325585e-10 -7.99866477826212e-11 -3.50518805623789e-11  2.28544652166952e-10  6.71797984756417e-11  4.91376630024703e-10 -1.56762037853735e-09     0.996233126682577
TOTAL ENERGY: -127.16291194301	 lambda: 0.1	 population of target: 6.99999777667679
1RDM: 
     1.99999999999951  1.72057723008868e-13  -4.4745034945244e-11 -1.70917995379506e-10 -1.59988269077288e-08  6.00099551391865e-12 -1.31681832496843e-12  1.34722828681131e-12 -5.99321282276687e-12   1.5911182032056e-08
 1.72057723008868e-13      1.99999999999261 -9.93925029614953e-10 -2.68298465070148e-09  2.18722978033188e-07  1.11741760913255e-11 -2.51433251388822e-12  2.33349088064059e-12 -1.06731491323731e-11  2.15597158245301e-07
 -4.4745034945244e-11 -9.93925029614953e-10      1.99999513631933 -4.04958973475957e-08 -2.88319462708271e-05 -6.48676293298264e-10   1.4772010156699e-10 -1.33228289484781e-10  6.08805909095522e-10 -3.14122678289489e-05
-1.70917995379506e-10 -2.68298465070148e-09 -4.04958973475957e-08      1.99999424054588  3.69802567437127e-05  1.11801298033889e-10 -2.88149320236684e-11  1.26552704798537e-11 -6.64879569011233e-11  3.48959703654552e-05
-1.59988269077288e-08  2.18722978033188e-07 -2.88319462708271e-05  3.69802567437127e-05      1.00196969940939 -8.17506881005364e-10  2.56182972864105e-10   3.4681804064669e-11   1.2044958436922e-10 -2.71149346108634e-06
 6.00099551391865e-12  1.11741760913255e-11 -6.48676293298264e-10  1.11801298033889e-10 -8.17506881005364e-10      1.00011467838031 -4.39492412216472e-15   2.5683025164484e-12  8.97834330680281e-09  1.20366775665193e-10
-1.31681832496843e-12 -2.51433251388822e-12   1.4772010156699e-10 -2.88149320236684e-11  2.56182972864105e-10 -4.39492412216472e-15      1.00011467838012  8.97822553534963e-09 -2.56811966144806e-12  3.46345250169322e-11
 1.34722828681131e-12  2.33349088064059e-12 -1.33228289484781e-10  1.26552704798537e-11   3.4681804064669e-11   2.5683025164484e-12  8.97822553534963e-09     0.999887078295774  4.39453333856939e-15  2.55918196162996e-10
-5.99321282276687e-12 -1.06731491323731e-11  6.08805909095522e-10 -6.64879569011233e-11   1.2044958436922e-10  8.97834330680281e-09 -2.56811966144806e-12  4.39453333856939e-15     0.999887078295582 -8.16725726465041e-10
  1.5911182032056e-08  2.15597158245301e-07 -3.14122678289489e-05  3.48959703654552e-05 -2.71149346108634e-06  1.20366775665193e-10  3.46345250169322e-11  2.55918196162996e-10 -8.16725726465041e-10     0.998037410381522
TOTAL ENERGY: -127.162911762879	 lambda: 0.2	 population of target: 6.99999906472789
1RDM: 
     1.99999999999947   1.0262367926305e-13 -5.00440819776866e-11 -2.38636532877712e-10 -3.22605027231752e-08  6.00729612223436e-12 -1.31941657164136e-12  1.34436318402436e-12 -5.98582167397789e-12  3.43706264956443e-08
  1.0262367926305e-13      1.99999999999435 -1.49529574171629e-09 -3.37031591721561e-09  3.42644056624588e-07   1.1113089163561e-11 -2.49931090234629e-12  2.31898084765498e-12 -1.06130014622861e-11  3.34661397356322e-07
-5.00440819776866e-11 -1.49529574171629e-09      1.99999500276812 -3.31530038356603e-08 -3.97411715964084e-05 -6.43111416295684e-10  1.46447138561641e-10 -1.31527558854789e-10  6.02163682159269e-10 -4.49690124434899e-05
-2.38636532877712e-10 -3.37031591721561e-09 -3.31530038356603e-08      1.99999440970709  5.27081351200105e-05  1.04103772969894e-10 -2.68702084019888e-11  1.10589554412262e-11 -5.96493262257141e-11  4.83004219930091e-05
-3.22605027231752e-08  3.42644056624588e-07 -3.97411715964084e-05  5.27081351200105e-05      1.00140746792893 -5.83921686054096e-10  1.83004484265304e-10  2.48779912519548e-11  8.57533454669941e-11 -2.56880312191095e-06
 6.00729612223436e-12   1.1113089163561e-11 -6.43111416295684e-10  1.04103772969894e-10 -5.83921686054096e-10      1.00008233557248 -5.84240428167325e-16  2.15259955324269e-12  8.54927091407083e-09  8.61958107469637e-11
-1.31941657164136e-12 -2.49931090234629e-12  1.46447138561641e-10 -2.68702084019888e-11  1.83004484265304e-10 -5.84240428167325e-16      1.00008233557242  8.54918661355369e-09 -2.15246879696978e-12  2.46378416121934e-11
 1.34436318402436e-12  2.31898084765498e-12 -1.31527558854789e-10  1.10589554412262e-11  2.48779912519548e-11  2.15259955324269e-12  8.54918661355369e-09     0.999919420971982  5.83941021929007e-16   1.8259486512005e-10
-5.98582167397789e-12 -1.06130014622861e-11  6.02163682159269e-10 -5.96493262257141e-11  8.57533454669941e-11  8.54927091407083e-09 -2.15246879696978e-12  5.83941021929007e-16     0.999919420971917  -5.8280919739482e-10
 3.43706264956443e-08  3.34661397356322e-07 -4.49690124434899e-05  4.83004219930091e-05 -2.56880312191095e-06  8.61958107469637e-11  2.46378416121934e-11   1.8259486512005e-10  -5.8280919739482e-10     0.998599606513248
TOTAL ENERGY: -127.162911653767	 lambda: 0.3	 population of target: 6.99999951379684
1RDM: 
     1.99999999999943  4.00574243887903e-14 -3.77512433974177e-11 -2.91744604526248e-10 -5.00545598286773e-08  6.01407611984196e-12 -1.32223343363585e-12  1.34126144114997e-12 -5.97787657434668e-12  5.45161822612485e-08
 4.00574243887903e-14      1.99999999999465 -1.77845681934324e-09 -3.69327281984678e-09  4.34266993792783e-07  1.10679279209153e-11 -2.48815041398608e-12  2.30852745210328e-12 -1.05694333292864e-11  4.20853510888726e-07
-3.77512433974177e-11 -1.77845681934324e-09      1.99999493790981  -2.6270770370961e-08  -4.5754826492104e-05 -6.39958542238174e-10  1.45769354458982e-10 -1.30389982326247e-10  5.97864445137959e-10 -5.38912213468995e-05
-2.91744604526248e-10 -3.69327281984678e-09  -2.6270770370961e-08      1.99999448368781   6.2850464943016e-05  9.91980121193759e-11 -2.55985358520606e-11  1.01721512480656e-11 -5.56943341058735e-11  5.59150097823718e-05
-5.00545598286773e-08  4.34266993792783e-07  -4.5754826492104e-05   6.2850464943016e-05      1.00114468501837  -4.7478475969831e-10  1.48812070329916e-10  2.02629263642877e-11  6.96296392947865e-11 -2.35191996890314e-06
 6.01407611984196e-12  1.10679279209153e-11 -6.39958542238174e-10  9.91980121193759e-11  -4.7478475969831e-10      1.00006716994351 -5.48182643399162e-15  1.41737121174487e-12  7.85136026434199e-09  7.01879079316094e-11
-1.32223343363585e-12 -2.48815041398608e-12  1.45769354458982e-10 -2.55985358520606e-11  1.48812070329916e-10 -5.48182643399162e-15      1.00006716994349  7.85129165584637e-09   -1.417265516488e-12  1.99732392799026e-11
 1.34126144114997e-12  2.30852745210328e-12 -1.30389982326247e-10  1.01721512480656e-11  2.02629263642877e-11  1.41737121174487e-12  7.85129165584637e-09      0.99993458655946  5.48143568705863e-15  1.48339365487776e-10
-5.97787657434668e-12 -1.05694333292864e-11  5.97864445137959e-10 -5.56943341058735e-11  6.96296392947865e-11  7.85136026434199e-09   -1.417265516488e-12  5.48143568705863e-15     0.999934586559437 -4.73499600730532e-10
 5.45161822612485e-08  4.20853510888726e-07 -5.38912213468995e-05  5.59150097823718e-05 -2.35191996890314e-06  7.01879079316094e-11  1.99732392799026e-11  1.48339365487776e-10 -4.73499600730532e-10     0.998862380384045
TOTAL ENERGY: -127.162911579643	 lambda: 0.4	 population of target: 6.99999972870346
1RDM: 
     1.99999999999939 -1.08991187788283e-14 -1.42016484207393e-11 -3.44668545167331e-10  -6.9809945388929e-08  6.02157542748701e-12 -1.32534237347608e-12  1.33788828905319e-12 -5.96929433672853e-12  7.64575521669841e-08
-1.08991187788283e-14      1.99999999999462 -1.96004617338112e-09 -3.88909880870435e-09  5.08047282732928e-07  1.10316108806466e-11 -2.47912615459287e-12   2.3003395595479e-12 -1.05350993068767e-11  4.88661138397761e-07
-1.42016484207393e-11 -1.96004617338112e-09      1.99999490207554 -2.15232732359105e-08 -4.94664231833058e-05 -6.37929933948955e-10  1.45375097105902e-10 -1.29489650041575e-10   5.9457883110748e-10 -6.08310147510112e-05
-3.44668545167331e-10 -3.88909880870435e-09 -2.15232732359105e-08      1.99999452189773  7.05644601300427e-05  9.55159463411488e-11 -2.46168770027443e-11  9.61631488931269e-12 -5.30648918173332e-11  6.08487416365801e-05
 -6.9809945388929e-08  5.08047282732928e-07 -4.94664231833058e-05  7.05644601300427e-05       1.0010028027384 -4.15865015774234e-10  1.30350562949901e-10  1.77716317999746e-11  6.09219500523885e-11 -2.20714458431252e-06
 6.02157542748701e-12  1.10316108806466e-11 -6.37929933948955e-10  9.55159463411488e-11 -4.15865015774234e-10      1.00005896632987  6.00999245120319e-15  1.06371389890828e-12  7.38309052204729e-09  6.15202652013089e-11
-1.32534237347608e-12 -2.47912615459287e-12  1.45375097105902e-10 -2.46168770027443e-11  1.30350562949901e-10  6.00999245120319e-15      1.00005896632973  7.38303039227248e-09 -1.06361984789328e-12   1.7462331362891e-11
 1.33788828905319e-12   2.3003395595479e-12 -1.29489650041575e-10  9.61631488931269e-12  1.77716317999746e-11  1.06371389890828e-12  7.38303039227248e-09      0.99994279015622 -6.01029091250549e-15  1.29844806998662e-10
-5.96929433672853e-12 -1.05350993068767e-11   5.9457883110748e-10 -5.30648918173332e-11  6.09219500523885e-11  7.38309052204729e-09 -1.06361984789328e-12 -6.01029091250549e-15     0.999942790156078 -4.14484284547384e-10
 7.64575521669841e-08  4.88661138397761e-07 -6.08310147510112e-05  6.08487416365801e-05 -2.20714458431252e-06  6.15202652013089e-11   1.7462331362891e-11  1.29844806998662e-10 -4.14484284547384e-10     0.999004260322439
TOTAL ENERGY: -127.162911522774	 lambda: 0.5	 population of target: 6.99999985607639
1RDM: 
     1.99999999999932 -5.43953408440598e-14  1.87318773185909e-11 -4.02741394808988e-10 -9.18753336599886e-08  6.02994812640238e-12 -1.32880003538009e-12  1.33419105364624e-12 -5.95993978333176e-12  1.00507750529824e-07
-5.43953408440598e-14      1.99999999999448 -2.08603030721293e-09 -4.02566595119191e-09  5.70031058280037e-07   1.1001166526687e-11 -2.47151200519902e-12  2.29369015405475e-12 -1.05069934819831e-11  5.44020832355166e-07
 1.87318773185909e-11 -2.08603030721293e-09      1.99999488175142   -1.852100965399e-08 -5.17686442950393e-05 -6.36579018452491e-10  1.45157444494131e-10 -1.28709288769334e-10  5.91832993465089e-10 -6.67400572269754e-05
-4.02741394808988e-10 -4.02566595119191e-09   -1.852100965399e-08      1.99999454222992  7.69795445012072e-05  9.24979700751251e-11 -2.37872464883788e-11  9.26182752079627e-12  -5.1222001418239e-11  6.41736994346189e-05
-9.18753336599886e-08  5.70031058280037e-07 -5.17686442950393e-05  7.69795445012072e-05      1.00092467403411 -3.83425009142288e-10  1.20186388819644e-10  1.64008062291483e-11  5.61223875129406e-11  -2.1354990457748e-06
 6.02994812640238e-12   1.1001166526687e-11 -6.36579018452491e-10  9.24979700751251e-11 -3.83425009142288e-10      1.00005443835111  2.73365154522509e-15  5.73776898805795e-14  7.15282188528139e-09  5.67516025366647e-11
-1.32880003538009e-12 -2.47151200519902e-12  1.45157444494131e-10 -2.37872464883788e-11  1.20186388819644e-10  2.73365154522509e-15      1.00005443835103  7.15276644750908e-09 -5.72906718795005e-14  1.60780456696487e-11
 1.33419105364624e-12  2.29369015405475e-12 -1.28709288769334e-10  9.26182752079627e-12  1.64008062291483e-11  5.73776898805795e-14  7.15276644750908e-09     0.999947318127448 -2.73413756029214e-15  1.19662396852769e-10
-5.95993978333176e-12 -1.05069934819831e-11  5.91832993465089e-10  -5.1222001418239e-11  5.61223875129406e-11  7.15282188528139e-09 -5.72906718795005e-14 -2.73413756029214e-15     0.999947318127367 -3.81993826217315e-10
 1.00507750529824e-07  5.44020832355166e-07 -6.67400572269754e-05  6.41736994346189e-05  -2.1354990457748e-06  5.67516025366647e-11  1.60780456696487e-11  1.19662396852769e-10 -3.81993826217315e-10     0.999082389033786
TOTAL ENERGY: -127.162911472743	 lambda: 0.6	 population of target: 6.99999994736768
1RDM: 
     1.99999999999924 -9.44555315252069e-14  6.21623545763729e-11 -4.71099225362907e-10 -1.16636357627209e-07  6.03935250108486e-12 -1.33266975152275e-12   1.3301048633448e-12 -5.94964850847825e-12  1.27067264628915e-07
-9.44555315252069e-14      1.99999999999433 -2.17853488386979e-09 -4.13030951986988e-09  6.23535902790382e-07  1.09749603978979e-11 -2.46490670467689e-12  2.28818501417897e-12 -1.04834839439756e-11  5.90135047549078e-07
 6.21623545763729e-11 -2.17853488386979e-09      1.99999487141244 -1.69506285732885e-08 -5.30514537615428e-05 -6.35708481488551e-10  1.45070760736935e-10 -1.27990458243531e-10  5.89397061967537e-10 -7.20852173778118e-05
-4.71099225362907e-10 -4.13030951986988e-09 -1.69506285732885e-08      1.99999455152714  8.26401553724334e-05  8.98774048875859e-11  -2.3042708655689e-11  9.05151270469346e-12 -4.99228754877577e-11  6.63668746218201e-05
-1.16636357627209e-07  6.23535902790382e-07 -5.30514537615428e-05  8.26401553724334e-05      1.00088771586597 -3.68080992073797e-10  1.15379801314693e-10  1.57562452107941e-11  5.38380854721521e-11 -2.13103132234522e-06
 6.03935250108486e-12  1.09749603978979e-11 -6.35708481488551e-10  8.98774048875859e-11 -3.68080992073797e-10      1.00005228654288 -6.31934584126973e-17  7.51354983348511e-13  7.14289615675425e-09  5.45098514897733e-11
-1.33266975152275e-12 -2.46490670467689e-12  1.45070760736935e-10  -2.3042708655689e-11  1.15379801314693e-10 -6.31934584126973e-17      1.00005228654271  7.14284293326585e-09 -7.51272328521382e-13  1.54185124381982e-11
  1.3301048633448e-12  2.28818501417897e-12 -1.27990458243531e-10  9.05151270469346e-12  1.57562452107941e-11  7.51354983348511e-13  7.14284293326585e-09     0.999949469931727  6.26236045484962e-17  1.14846540693055e-10
-5.94964850847825e-12 -1.04834839439756e-11  5.89397061967537e-10 -4.99228754877577e-11  5.38380854721521e-11  7.14289615675425e-09 -7.51272328521382e-13  6.26236045484962e-17     0.999949469931563 -3.66630997488458e-10
 1.27067264628915e-07  5.90135047549078e-07 -7.20852173778118e-05  6.63668746218201e-05 -2.13103132234522e-06  5.45098514897733e-11  1.54185124381982e-11  1.14846540693055e-10 -3.66630997488458e-10      0.99911934825205
TOTAL ENERGY: -127.162911420948	 lambda: 0.7	 population of target: 7.00000002708438
1RDM: 
     1.99999999999912 -1.34278726065338e-13  1.18091327381304e-10 -5.54820722402503e-10 -1.44611705611792e-07  6.04998724088313e-12 -1.33703217431384e-12  1.32554531982768e-12 -5.93820684339413e-12  1.56685711786575e-07
-1.34278726065338e-13      1.99999999999415 -2.24868348233309e-09 -4.21647324564426e-09  6.70734326903766e-07  1.09519294763903e-11 -2.45904494646862e-12  2.28358431394358e-12 -1.04635666646849e-11  6.29000125419943e-07
 1.18091327381304e-10 -2.24868348233309e-09      1.99999486878925 -1.67161669993429e-08 -5.34984670354334e-05 -6.35220951309147e-10  1.45094454236749e-10  -1.2729672696295e-10  5.87134241050922e-10 -7.71517164953893e-05
-5.54820722402503e-10 -4.21647324564426e-09 -1.67161669993429e-08      1.99999455245334  8.78695076116793e-05  8.74979030327432e-11 -2.23424703948365e-11  8.95826707621463e-12 -4.90450563373546e-11  6.76632164590154e-05
-1.44611705611792e-07  6.70734326903766e-07 -5.34984670354334e-05  8.78695076116793e-05      1.00088311607558  -3.6617582396823e-10  1.14785319704477e-10  1.56848283463606e-11  5.35233483904119e-11  -2.1957136131212e-06
 6.04998724088313e-12  1.09519294763903e-11 -6.35220951309147e-10  8.74979030327432e-11  -3.6617582396823e-10      1.00005199839318 -2.98027554495531e-16  3.95764191571247e-13  7.36024676846743e-09   5.4261317845697e-11
-1.33703217431384e-12 -2.45904494646862e-12  1.45094454236749e-10 -2.23424703948365e-11  1.14785319704477e-10 -2.98027554495531e-16      1.00005199839307  7.36019384999719e-09 -3.95682037985681e-13  1.53264072537994e-11
 1.32554531982768e-12  2.28358431394358e-12  -1.2729672696295e-10  8.95826707621463e-12  1.56848283463606e-11  3.95764191571247e-13  7.36019384999719e-09     0.999949758080901  2.97556016366463e-16  1.14249342913892e-10
-5.93820684339413e-12 -1.04635666646849e-11  5.87134241050922e-10 -4.90450563373546e-11  5.35233483904119e-11  7.36024676846743e-09 -3.95682037985681e-13  2.97556016366463e-16     0.999949758080796 -3.64733951883691e-10
 1.56685711786575e-07  6.29000125419943e-07 -7.71517164953893e-05  6.76632164590154e-05  -2.1957136131212e-06   5.4261317845697e-11  1.53264072537994e-11  1.14249342913892e-10 -3.64733951883691e-10     0.999123949740647
TOTAL ENERGY: -127.162911356632	 lambda: 0.8	 population of target: 7.00000011267594
1RDM: 
     1.99999999999894  -1.7777914078035e-13  1.91061438171753e-10 -6.62649981829422e-10 -1.76482894884964e-07   6.0621109502469e-12 -1.34199348862826e-12  1.32040312575335e-12 -5.92534142022354e-12  1.90066879211113e-07
 -1.7777914078035e-13      1.99999999999399 -2.30316920574679e-09 -4.29247620320574e-09  7.13156615031139e-07  1.09313271509843e-11 -2.45373790447742e-12  2.27973451355675e-12 -1.04465832466795e-11  6.61895973002698e-07
 1.91061438171753e-10 -2.30316920574679e-09      1.99999487346797 -1.79656440683199e-08 -5.31832349002799e-05 -6.35071892970129e-10  1.45222076871849e-10 -1.26599518560111e-10  5.84945381105302e-10  -8.2153977460191e-05
-6.62649981829422e-10 -4.29247620320574e-09 -1.79656440683199e-08      1.99999454543168  9.28994661209989e-05  8.52513082481418e-11  -2.1656502072099e-11  8.97062520778734e-12 -4.85264673350546e-11  6.81727302379111e-05
-1.76482894884964e-07  7.13156615031139e-07 -5.31832349002799e-05  9.28994661209989e-05      1.00090984486189 -3.77281819716364e-10  1.18269464981482e-10   1.6170458714241e-11  5.51077122120116e-11 -2.34396535405461e-06
  6.0621109502469e-12  1.09313271509843e-11 -6.35071892970129e-10  8.52513082481418e-11 -3.77281819716364e-10      1.00005351098165 -7.53457441400344e-18  1.16053139411854e-12  7.85234816732342e-09  5.59495961165413e-11
-1.34199348862826e-12 -2.45373790447742e-12  1.45222076871849e-10  -2.1656502072099e-11  1.18269464981482e-10 -7.53457441400344e-18      1.00005351098154  7.85229368137183e-09 -1.16044678639364e-12  1.57811903167751e-11
 1.32040312575335e-12  2.27973451355675e-12 -1.26599518560111e-10  8.97062520778734e-12   1.6170458714241e-11  1.16053139411854e-12  7.85229368137183e-09     0.999948245494665  7.06326843757116e-18  1.17736607085774e-10
-5.92534142022354e-12 -1.04465832466795e-11  5.84945381105302e-10 -4.85264673350546e-11  5.51077122120116e-11  7.85234816732342e-09 -1.16044678639364e-12  7.06326843757116e-18     0.999948245494557 -3.75876255867452e-10
 1.90066879211113e-07  6.61895973002698e-07  -8.2153977460191e-05  6.81727302379111e-05 -2.34396535405461e-06  5.59495961165413e-11  1.57811903167751e-11  1.17736607085774e-10 -3.75876255867452e-10     0.999097223293191
TOTAL ENERGY: -127.162911260724	 lambda: 0.9	 population of target: 7.00000022510613
1RDM: 
     1.99999999999866 -2.30639477846828e-13  2.88793244159877e-10 -8.09494041811781e-10 -2.13200403475874e-07  6.07608432493995e-12 -1.34770126340647e-12  1.31452474020576e-12 -5.91066982094596e-12  2.28209787871976e-07
-2.30639477846828e-13      1.99999999999381 -2.34525418907068e-09 -4.36439357922078e-09  7.51975419641957e-07  1.09125746713433e-11 -2.44883378378149e-12  2.27654194894736e-12  -1.0432101636597e-11  6.89647328443431e-07
 2.88793244159877e-10 -2.34525418907068e-09      1.99999488665768 -2.12039311219189e-08 -5.20957957132989e-05 -6.35253623189714e-10  1.45458152446631e-10 -1.25871180515822e-10  5.82743239202648e-10 -8.72923468697143e-05
-8.09494041811781e-10 -4.36439357922078e-09 -2.12039311219189e-08      1.99999452891541  9.79317390053047e-05  8.30469381796606e-11 -2.09571720089054e-11   9.0889796121708e-12 -4.83457900830224e-11  6.79182734598172e-05
-2.13200403475874e-07  7.51975419641957e-07 -5.20957957132989e-05  9.79317390053047e-05      1.00097401752782 -4.03946282234264e-10  1.26631617234747e-10   1.7325134753656e-11  5.89514185373326e-11  -2.6113823594442e-06
 6.07608432493995e-12  1.09125746713433e-11 -6.35253623189714e-10  8.30469381796606e-11 -4.03946282234264e-10       1.0000571630134  1.26173456563295e-15  1.19052804656617e-12  8.73493461389661e-09  5.99595251779384e-11
-1.34770126340647e-12 -2.44883378378149e-12  1.45458152446631e-10 -2.09571720089054e-11  1.26631617234747e-10  1.26173456563295e-15      1.00005716301333  8.73487635424988e-09 -1.19043550025685e-12  1.68874914043964e-11
 1.31452474020576e-12  2.27654194894736e-12 -1.25871180515822e-10   9.0889796121708e-12   1.7325134753656e-11  1.19052804656617e-12  8.73487635424988e-09     0.999944593468126 -1.26050673757734e-15  1.26108246791732e-10
-5.91066982094596e-12  -1.0432101636597e-11  5.82743239202648e-10 -4.83457900830224e-11  5.89514185373326e-11  8.73493461389661e-09 -1.19043550025685e-12 -1.26050673757734e-15     0.999944593468054 -4.02613125233822e-10
 2.28209787871976e-07  6.89647328443431e-07 -8.72923468697143e-05  6.79182734598172e-05  -2.6113823594442e-06  5.99595251779384e-11  1.68874914043964e-11  1.26108246791732e-10 -4.02613125233822e-10     0.999033053943774
TOTAL ENERGY: -127.162911090085	 lambda: 1	 population of target: 7.00000040386249
1RDM: 
     1.99999999999817  -3.0425744762462e-13  4.24972727342936e-10 -1.02460258290371e-09 -2.56200590376438e-07    6.092452530031e-12 -1.35437829095025e-12  1.30768392045424e-12 -5.89363003685782e-12  2.72592865705104e-07
 -3.0425744762462e-13      1.99999999999365 -2.37678498700156e-09 -4.43973324563972e-09  7.88258743521707e-07  1.08951874069178e-11 -2.44419765685424e-12  2.27396011485841e-12 -1.04198561573386e-11  7.12759349238013e-07
 4.24972727342936e-10 -2.37678498700156e-09      1.99999491196867 -2.76650728011258e-08  -5.0133577542831e-05  -6.3579816171188e-10  1.45820978236883e-10 -1.25077170247141e-10  5.80429018172762e-10 -9.28035940676816e-05
-1.02460258290371e-09 -4.43973324563972e-09 -2.76650728011258e-08      1.99999449831397  0.000103188015988343  8.07914700476144e-11 -2.02128555370592e-11  9.32565301004968e-12 -4.85175882235695e-11  6.68337531285858e-05
-2.56200590376438e-07  7.88258743521707e-07  -5.0133577542831e-05  0.000103188015988343      1.00109284506813 -4.53316622880227e-10  1.42113027109795e-10  1.94574476535968e-11  6.60848085549074e-11 -3.07919757946817e-06
   6.092452530031e-12  1.08951874069178e-11  -6.3579816171188e-10  8.07914700476144e-11 -4.53316622880227e-10      1.00006392097257  6.83243062992958e-15  1.38545558879884e-12  1.02714089663557e-08  6.73736516102076e-11
-1.35437829095025e-12 -2.44419765685424e-12  1.45820978236883e-10 -2.02128555370592e-11  1.42113027109795e-10  6.83243062992958e-15      1.00006392097249   1.0271343711391e-08 -1.38535106485372e-12  1.89384711154262e-11
 1.30768392045424e-12  2.27396011485841e-12 -1.25077170247141e-10  9.32565301004968e-12  1.94574476535968e-11  1.38545558879884e-12   1.0271343711391e-08     0.999937835520902 -6.83279148538157e-15  1.41607569564122e-10
-5.89363003685782e-12 -1.04198561573386e-11  5.80429018172762e-10 -4.85175882235695e-11  6.60848085549074e-11  1.02714089663557e-08 -1.38535106485372e-12 -6.83279148538157e-15     0.999937835520828 -4.52111730240693e-10
 2.72592865705104e-07  7.12759349238013e-07 -9.28035940676816e-05  6.68337531285858e-05 -3.07919757946817e-06  6.73736516102076e-11  1.89384711154262e-11  1.41607569564122e-10 -4.52111730240693e-10     0.998914231670645
-------------------general-----------------------
mullikenoperator: 
 0.000978420046058049    0.0312641018647327  6.03610281786444e-05 -0.000122600462744586  -5.5092832898346e-07  5.12908607420622e-13 -1.71398398039606e-13 -4.54026626426615e-14 -5.89732082653133e-14  6.02879928778648e-07
   0.0312641018647327     0.999020480920048 -0.000809271731076586 -0.000678698752790854  1.51895758939824e-06   1.0907607950449e-11 -2.40277696648235e-12  2.42003205622549e-12 -1.09470083896751e-11  1.40587175372876e-06
 6.03610281786426e-05 -0.000809271731076579     0.416789769205716    -0.493026752188772  -7.3345184785011e-05 -2.81600849540983e-10  6.44087920259802e-11  -5.6261685875705e-11   2.6114894023495e-10 -0.000126067110509627
-0.000122600462744583 -0.000678698752790837    -0.493026752188772     0.583211284480153  0.000140406934937858  3.12499575865477e-10 -6.79716346806599e-11  7.47757738303624e-11 -3.29539770069949e-10  9.53399798176426e-05
-5.50928328983399e-07  1.51895758939837e-06 -7.33451847850121e-05  0.000140406934937858     0.498761655223416 -1.52863724476348e-11  3.10430724231591e-11  1.28334295642254e-10 -4.05299341975332e-10    -0.499998445092637
 5.12908607420596e-13  1.09076079504489e-11 -2.81600849540984e-10  3.12499575865478e-10 -1.52863724477268e-11     0.499928872939489 -4.00518760057302e-13  8.19544208305645e-07      0.49999999494855 -4.05127544804207e-10
-1.71398398039596e-13 -2.40277696648228e-12  6.44087920259797e-11 -6.79716346806591e-11  3.10430724231538e-11 -4.00509216320715e-13     0.499928873456935     0.499999994948624 -8.19544208290144e-07  1.28224684230149e-10
-4.54026626426498e-14  2.42003205622556e-12  -5.6261685875706e-11  7.47757738303631e-11  1.28334295642224e-10  8.19544208309612e-07     0.499999994948624     0.500071126543065  4.01501040279004e-13  3.07728691240257e-11
-5.89732082653511e-14 -1.09470083896754e-11  2.61148940234948e-10 -3.29539770069947e-10 -4.05299341975448e-10      0.49999999494855 -8.19544208349241e-07  4.01438895584298e-13     0.500071127060511 -1.44711299748443e-11
 6.02879928778577e-07  1.40587175372853e-06 -0.000126067110509626  9.53399798176405e-05    -0.499998445092637 -4.05127544804227e-10  1.28224684230146e-10  3.07728691240215e-11  -1.4471129974918e-11     0.501238390124614
selected BF: 
0 1 2 3 4
selected lambdas: 
  -1 -0.9 -0.8 -0.7 -0.6 -0.5 -0.4 -0.3 -0.2 -0.1    0  0.1  0.2  0.3  0.4  0.5  0.6  0.7  0.8  0.9    1
RHF C: 
 5.83548250733072e-08     0.995388341632542    -0.260144137362478 -5.03349105478509e-05  0.000178504139509248  3.26730426417546e-05  1.07888779706017e-12   3.6084269106521e-11 -2.01255482777138e-11    1.082799930894e-13
-3.45758052497426e-07    0.0189027362590889      1.02864720893548  0.000199261233992509 -0.000714321039465371 -0.000129803350933885 -4.31358616842583e-12 -1.41690982414921e-10   7.9037361343634e-11 -4.20335095907851e-13
 9.51954354132533e-14  -6.7353508608969e-13  -6.7639069373919e-11 -9.19092403885635e-11 -2.33467015422592e-07  1.82972388506709e-09  0.000211770517662227      0.91238520469993     0.409332618586418  2.81455028041789e-05
 1.29538745709502e-13 -8.77380117108713e-13 -8.34561178586244e-11 -1.20974191211724e-10 -3.02842679742308e-07  2.54290367955845e-09 -0.000472026965960838     0.409332673171909    -0.912385083031319  1.26272038076673e-05
-8.68117749263067e-07  -2.1467260236059e-06 -0.000694373127626868  -0.00041618206353642      -0.9999995175423 -0.000569899667863926  7.44523129368622e-11 -3.36973668835078e-07  1.80742570100058e-07 -6.91386732886231e-12
    0.995027797981741  1.00988431125227e-07 -4.55545892045975e-05     0.263176325872362 -0.000124827711228549    0.0034908926923912  2.45031221786274e-11 -1.65701908450302e-11  8.96782573638165e-12  8.55823047388573e-11
   0.0201928601403884 -3.08878661099808e-07  0.000177888112147885     -1.02895817025574  0.000488763568740294   -0.0138335094613867 -9.71024009964362e-11  6.49810673121566e-11 -3.51715162502887e-11 -3.33518042328174e-10
 9.05744005160075e-13  -5.3702546376799e-16 -2.38264250445114e-14  1.10390497649262e-10 -3.57292667590856e-12  1.66600936084634e-08    -0.409332620584221  2.28945850615463e-05  0.000209414496458695    -0.912385204494343
-3.66099969462562e-13  9.11762798991701e-15  1.54751409857995e-12  2.69340733641121e-10 -7.73856381835449e-12 -1.65691204217314e-08     0.912385085380327  1.02711819109295e-05  -0.00046677604873989    -0.409332674023562
-4.72867554333415e-05  6.66223217233546e-07 -8.38447065210466e-05    0.0134422531430801  0.000452030363294392    -0.999909549325011 -2.19384932215395e-08   2.8644290051775e-09 -1.64232540733285e-09  -8.4144743454336e-09
RDM (no constraint): 
     1.99999999744038  4.36458269179838e-11  1.12537625078167e-08  6.90861609670086e-07 -2.21509251775337e-08 -4.80970383494021e-05   5.3676940520126e-13 -8.99642972739699e-14  6.19244727504857e-14 -3.75272654875275e-12
 4.36458269179838e-11      1.99999999824354 -1.08718110067939e-06 -1.54684046110551e-08 -3.94699603585856e-05 -8.15824821284525e-07  2.78812565022204e-12 -1.22002884265024e-11  6.56200701958939e-12 -1.28156977837684e-11
 1.12537625078167e-08 -1.08718110067939e-06      1.99927856964677 -1.17419047530988e-05   -0.0267453347021139 -2.43845251661451e-06 -1.45450992931735e-10 -8.95916203983163e-09  4.80088493316062e-09  6.56018740861665e-10
 6.90861609670086e-07 -1.54684046110551e-08 -1.17419047530988e-05      1.99980923732887 -0.000353517928616106    0.0136119282454986  2.30009132635629e-10 -4.57264886860816e-12  4.75891625803678e-12 -2.72813044518141e-10
-2.21509251775337e-08 -3.94699603585856e-05   -0.0267453347021139 -0.000353517928616106      1.00071414146019  -0.00377701139830688  3.03890289819295e-10   2.4584989251508e-10 -1.32796178213613e-10  -1.7758753738564e-09
-4.80970383494021e-05 -8.15824821284525e-07 -2.43845251661451e-06    0.0136119282454986  -0.00377701139830688      1.00019454089774  3.33670027056371e-12  -2.6071688822561e-09  1.24220067309748e-09 -4.54860378027081e-13
  5.3676940520126e-13  2.78812565022204e-12 -1.45450992931735e-10  2.30009132635629e-10  3.03890289819295e-10  3.33670027056371e-12       1.0000006864429 -7.15617700129792e-12  -0.00021687407726148 -4.65145556082953e-14
-8.99642972739699e-14 -1.22002884265024e-11 -8.95916203983163e-09 -4.57264886860816e-12   2.4584989251508e-10  -2.6071688822561e-09 -7.15617700129792e-12      1.00000086002653  5.30526170212528e-14 -0.000216875591005345
 6.19244727504857e-14  6.56200701958939e-12  4.80088493316062e-09  4.75891625803678e-12 -1.32796178213613e-10  1.24220067309748e-09  -0.00021687407726148  5.30526170212528e-14      1.00000107104824  2.56339253281526e-12
-3.75272654875275e-12 -1.28156977837684e-11  6.56018740861665e-10 -2.72813044518141e-10  -1.7758753738564e-09 -4.54860378027081e-13 -4.65145556082953e-14 -0.000216875591005345  2.56339253281526e-12      1.00000089746483
RDM Eigenvectors: 
    0.999487832397659   -0.0312715714151513   0.00510178741876714   0.00448677628862432   3.4151647216823e-05 -1.47354560969019e-11  3.09061967678244e-12 -2.92007443133077e-12  1.44796185254168e-11   3.3876129101139e-05
   0.0312797140927038     0.999495860492085   0.00263859634396337  -0.00475821347795446 -2.74259970736875e-05  2.02418315601923e-11 -6.65539589674585e-12 -2.80278580008024e-12  2.71442171912478e-12  2.84097561176923e-05
-3.54468952022786e-05  -0.00533767507238291     0.645494478134012    -0.763277489647623   -0.0189748136912989  6.82163623961904e-09 -2.84826110235258e-09  -3.0595221876152e-09  7.75388497391521e-09     0.018863109750059
  0.00675641801096882  -0.00126957582017021     -0.76348493213462    -0.645645388261344   -0.0099204551120844  5.27591666939702e-09 -1.21592450238506e-09  1.02828812165054e-09 -4.87908889190312e-09  -0.00933351935341168
-2.86504128731263e-06   0.00010389566742039   -0.0169673324969863    0.0206909450814498    -0.706333205627637  5.08840855905052e-07 -2.37638323666647e-07 -2.37708013918674e-07  5.09074324274321e-07     0.707373583224742
 4.38893998025766e-05 -1.69754203953631e-05   -0.0103322942418309  -0.00886676089399599     0.707555610340675 -3.60299429268592e-07  7.13989868304704e-08 -6.94973265017876e-08  3.57289847496856e-07     0.706526489459293
 2.18215364907561e-12   3.2904738535335e-12  -2.7534734969823e-10 -3.04393721302435e-11 -6.97883883728026e-08   0.00113612548331706     0.706792302174495    -0.707419296010904  -0.00113597411542552 -6.99715249149509e-08
-2.98690154530826e-13  3.57088057381253e-11 -5.75703908708986e-09  6.86966912338128e-09 -5.10471869901815e-07    -0.707075350863797   0.00113656461606697   0.00113550398021726    -0.707136385043157  5.08233223343367e-07
 1.83550701668877e-13 -1.91105690066878e-11  3.08482425384664e-09 -3.68129373761184e-09  2.37656000296086e-07  -0.00113711764309567    -0.707419294173666    -0.706792304060918  -0.00113495129607288 -2.36043457561609e-07
-6.01302318402714e-12 -1.60388190639009e-11  6.63080855804425e-10 -3.62772719621765e-10  3.59099483558715e-07     0.707136383155895  -0.00113667872379162   0.00113542165991836    -0.707075352700173  3.58787010421924e-07
Total C: 
    0.031144403203271      0.99627517199134     -0.16526011223046     0.193861796369603   0.00480642096235614 -1.70108125259585e-09  7.09348965033462e-10  7.61875040743186e-10 -1.93720604984083e-09  -0.00472902538713334
 0.000555806896730749    0.0134023079012802     0.663897296581904    -0.785375485313991   -0.0191081787634916   6.8015775304802e-09 -2.82886362654346e-09 -3.02116907143762e-09  7.66547856285298e-09    0.0188051610589572
 7.60285169142185e-15  2.72129145840864e-13  -2.1041128895128e-11  2.49890769562573e-11 -2.02268968623596e-07    -0.645570404771812    -0.288383161603405    -0.288426906180007    -0.645665489561626  2.03223398332819e-07
-2.39409705032708e-14  2.62072959180359e-13 -2.03052206548853e-11  2.39100929255721e-11 -2.10039257965336e-07    -0.288383161454621     0.645570405106163     0.645665489227369    -0.288426906328656  2.11009824595137e-07
-8.82081371482711e-07 -0.000101769726557786    0.0168427373036166   -0.0198871702075948     0.705946933490067 -2.70586763321093e-07  1.09408859035518e-07  1.09566432883312e-07 -2.71195039481532e-07     -0.70778510484237
     0.99629646459285   -0.0314499332797308    -0.195918094903533    -0.165452879370711 -1.78120349573054e-05  1.24491713396713e-10 -2.70289979731569e-11  3.13257324770792e-11 -1.35126121473878e-10 -4.54046054357566e-05
   0.0132298219856037  0.000673905323137737     0.785946542322159     0.664429693064437  7.18404059483119e-05 -4.76732774955138e-10  1.03546412560319e-10 -1.20213602248585e-10  5.18316718589845e-10  0.000179838126391565
 6.97531856674927e-12  1.28314324077614e-11 -7.48130916259476e-10   1.2378879504711e-10 -2.87242938534262e-07     -0.64566225309817    -0.288424174242088     0.288385865807051     0.645573654258474 -2.86980888040368e-07
  5.1791124392427e-12  9.52749581494944e-12    -5.57454721971e-10  9.41840372013144e-11 -2.22502021275278e-07    -0.288424174390721     0.645662252763948     -0.64557365459286     0.288385865658252 -2.22303303785079e-07
-3.03969201391063e-07  2.54704369161937e-06  6.37141652891683e-06  0.000260164517227295    -0.707942659478096  3.52568594955925e-07 -8.58473798728446e-08  8.60718633350905e-08 -3.53142739126895e-07    -0.706269876008344
Basis set used: STO-3G
Naturals: 
 1.99999999999953   1.9999999999788  1.99999551480007  1.99999361536415  1.00377424072269   1.0002177543375  1.00021775290809 0.999784004583058 0.999784003153868 0.996233114152262
Naturals: 
 1.99999999999953   1.9999999999788  1.99999551479673  1.99999361536941  1.00377422818948  1.00021775884084  1.00021775884063  0.99978399865112 0.999783998650906 0.996233126682577
Version: Tmhuysen's fci hack
