Naturals in-correctThe Davidson algorithm did not converge.lambda: -1
The Davidson algorithm did not converge.lambda: -0.9
The Davidson algorithm did not converge.lambda: -0.8
The Davidson algorithm did not converge.lambda: -0.7
The Davidson algorithm did not converge.lambda: -0.6
The Davidson algorithm did not converge.lambda: -0.5
The Davidson algorithm did not converge.lambda: -0.4
The Davidson algorithm did not converge.lambda: -0.3
The Davidson algorithm did not converge.lambda: -0.2
The Davidson algorithm did not converge.lambda: -0.1
TOTAL ENERGY: -127.162896159252	 lambda: 0	 population of target: 6.99999362529201
1RDM: 
     1.99999999999962  8.59977700333637e-17 -2.11643305822067e-14  2.43319073664191e-14   2.0187333533342e-12  2.95752435720592e-13 -2.94440512314761e-14 -4.11862970603129e-14 -2.94433388843861e-13  2.53148600600548e-12
 8.59977700333637e-17      1.99999999998577 -1.49679417959498e-14 -3.65795169045657e-14 -2.74255330114984e-13 -7.80305626234142e-14  1.93863244331118e-14  1.63398204931037e-14  7.44106008488423e-14 -1.23111927660255e-12
-2.11643305822067e-14 -1.49679417959498e-14      1.99999574430875 -5.28756336992416e-13 -2.49529778071878e-11 -1.78182270300538e-11  4.36322814568828e-12  -3.2465088956944e-13  1.73487536620391e-11  1.00394142793032e-11
 2.43319073664191e-14 -3.65795169045657e-14 -5.28756336992416e-13      1.99999426250281   1.8732062409494e-10 -1.23029375229577e-11  2.69539956723488e-12 -9.07292042784042e-13  1.38467502217674e-11  2.31661979481804e-10
  2.0187333533342e-12 -2.74255330114984e-13 -2.49529778071878e-11   1.8732062409494e-10      1.00307570023725 -1.15856615078853e-10  5.75053228449782e-11 -2.71609137399356e-11  1.12967925074265e-10 -2.55239728166185e-11
 2.95752435720592e-13 -7.80305626234142e-14 -1.78182270300538e-11 -1.23029375229577e-11 -1.15856615078853e-10      1.00017266684927  8.36404595887369e-15  1.75620679982239e-11  2.11619687488809e-13   1.1267697567515e-10
-2.94440512314761e-14  1.93863244331118e-14  4.36322814568828e-12  2.69539956723488e-12  5.75053228449782e-11  8.36404595887369e-15      1.00017266684933 -1.33985985382986e-13  1.75582091317013e-11  2.73410966701863e-11
-4.11862970603129e-14  1.63398204931037e-14  -3.2465088956944e-13 -9.07292042784042e-13 -2.71609137399356e-11  1.75620679982239e-11 -1.33985985382986e-13      0.99982896216635  8.36101377765756e-15 -5.76030586740249e-11
-2.94433388843861e-13  7.44106008488423e-14  1.73487536620391e-11  1.38467502217674e-11  1.12967925074265e-10  2.11619687488809e-13  1.75582091317013e-11  8.36101377765756e-15      0.99982896216641 -1.15583297933328e-10
 2.53148600600548e-12 -1.23111927660255e-12  1.00394142793032e-11  2.31661979481804e-10 -2.55239728166185e-11   1.1267697567515e-10  2.73410966701863e-11 -5.76030586740249e-11 -1.15583297933328e-10     0.996931034934513
TOTAL ENERGY: -127.162895999209	 lambda: 0.1	 population of target: 6.9999985235971
1RDM: 
      1.9999999999996  1.42364340083132e-13 -4.22981148425085e-11 -1.39973306789664e-10 -1.05093765463497e-08  2.95665299433919e-13 -2.97809323581506e-14  -4.0796687876685e-14 -2.94183502528383e-13  1.50376521209982e-08
 1.42364340083132e-13      1.99999999999504 -8.79022930734307e-10 -2.00890449914484e-09  1.71788886702384e-07 -9.07737579153145e-14  2.13627009000609e-14  1.82656421734064e-14  8.71332481280039e-14  1.69237624019895e-07
-4.22981148425085e-11 -8.79022930734307e-10       1.9999954360147 -2.70103802162887e-08 -2.33434600334171e-05 -1.60081818484505e-11  4.11556908802062e-12 -6.34084064593752e-13  1.55206443584854e-11 -2.53787735477349e-05
-1.39973306789664e-10 -2.00890449914484e-09 -2.70103802162887e-08       1.9999947345488  2.91404575510329e-05  -1.4422855275622e-11  3.04170718515379e-12 -6.05960369323919e-13  1.59515216400556e-11  2.74370761042269e-05
-1.05093765463497e-08  1.71788886702384e-07 -2.33434600334171e-05  2.91404575510329e-05      1.00160538743333 -6.03848338290143e-11  3.00135796081677e-11 -1.42145264023214e-11  5.88937912389844e-11 -1.80013264179502e-06
 2.95665299433919e-13 -9.07737579153145e-14 -1.60081818484505e-11  -1.4422855275622e-11 -6.03848338290143e-11       1.0000909701538 -1.75975833120071e-16  2.77332388827822e-11  5.63688679450587e-09  5.88060328486905e-11
-2.97809323581506e-14  2.13627009000609e-14  4.11556908802062e-12  3.04170718515379e-12  3.00135796081677e-11 -1.75975833120071e-16      1.00009097015378 -5.63684606581593e-09  2.77312158569279e-11  1.42180911538522e-11
 -4.0796687876685e-14  1.82656421734064e-14 -6.34084064593752e-13 -6.05960369323919e-13 -1.42145264023214e-11  2.77332388827822e-11 -5.63684606581593e-09     0.999910658349587 -1.74593849932736e-16 -2.99891284651764e-11
-2.94183502528383e-13  8.71332481280039e-14  1.55206443584854e-11  1.59515216400556e-11  5.88937912389844e-11  5.63688679450587e-09  2.77312158569279e-11 -1.74593849932736e-16     0.999910658349559 -6.02762287077924e-11
 1.50376521209982e-08  1.69237624019895e-07 -2.53787735477349e-05  2.74370761042269e-05 -1.80013264179502e-06  5.88060328486905e-11  1.42180911538522e-11 -2.99891284651764e-11 -6.02762287077924e-11     0.998401185001871
TOTAL ENERGY: -127.162895879617	 lambda: 0.2	 population of target: 6.99999937874681
1RDM: 
     1.99999999999957  9.29738747296108e-14 -4.84622831093615e-11 -1.95267859576909e-10  -2.2362397223494e-08  2.95599600194745e-13 -3.01523634033109e-14 -4.03781617817432e-14 -2.93944706313909e-13  3.09811940599215e-08
 9.29738747296108e-14       1.9999999999962 -1.28777135583168e-09 -2.53962202162884e-09  2.69792919551446e-07 -9.79673705811027e-14  2.25089345765527e-14  1.93199443417483e-14  9.43018561176457e-14  2.63542484163329e-07
-4.84622831093615e-11 -1.28777135583168e-09      1.99999532944017 -2.21668690263135e-08 -3.22094549748804e-05 -1.52711033176036e-11  4.03224496751848e-12 -7.77610150417788e-13  1.47765077052382e-11 -3.63483625448355e-05
-1.95267859576909e-10 -2.53962202162884e-09 -2.21668690263135e-08      1.99999486485876  4.15786120951072e-05 -1.52844442969587e-11  3.19883993266301e-12 -4.99866445414729e-13  1.68072645954097e-11  3.79944239607713e-05
 -2.2362397223494e-08  2.69792919551446e-07 -3.22094549748804e-05  4.15786120951072e-05      1.00114708725631  -4.3116158547733e-11  2.14460645562228e-11 -1.01594445203411e-11  4.20698811718169e-11 -1.70526855216323e-06
 2.95599600194745e-13 -9.79673705811027e-14 -1.52711033176036e-11 -1.52844442969587e-11  -4.3116158547733e-11      1.00006533035085 -1.66935872222302e-15   1.8909494959277e-11  5.36603085729682e-09  4.19923447487749e-11
-3.01523634033109e-14  2.25089345765527e-14  4.03224496751848e-12  3.19883993266301e-12  2.14460645562228e-11 -1.66935872222302e-15      1.00006533035082 -5.36600171434761e-09  1.89080473470497e-11   1.0133645630697e-11
-4.03781617817432e-14  1.93199443417483e-14 -7.77610150417788e-13 -4.99866445414729e-13 -1.01594445203411e-11   1.8909494959277e-11 -5.36600171434761e-09     0.999936298070336 -1.66790012788719e-15 -2.13939993304334e-11
-2.93944706313909e-13  9.43018561176457e-14  1.47765077052382e-11  1.68072645954097e-11  4.20698811718169e-11  5.36603085729682e-09  1.89080473470497e-11 -1.66790012788719e-15     0.999936298070306 -4.30123625090757e-11
 3.09811940599215e-08  2.63542484163329e-07 -3.63483625448355e-05  3.79944239607713e-05 -1.70526855216323e-06  4.19923447487749e-11   1.0133645630697e-11 -2.13939993304334e-11 -4.30123625090757e-11     0.998859461606714
TOTAL ENERGY: -127.162895807185	 lambda: 0.3	 population of target: 6.99999967685452
1RDM: 
     1.99999999999955  4.81408930496204e-14 -3.95065823325089e-11  -2.3797338957663e-10 -3.57964118123641e-08  2.95550497072293e-13 -3.05622579676357e-14   -3.992811361043e-14  -2.9373310949984e-13  4.79166987128323e-08
 4.81408930496204e-14      1.99999999999641 -1.51543112988434e-09 -2.79160895974693e-09  3.42474725337103e-07 -1.03251034887103e-13  2.33697294131131e-14  2.00763425332068e-14  9.95642648924991e-14  3.32113865956058e-07
-3.95065823325089e-11 -1.51543112988434e-09      1.99999527804111 -1.76172080699288e-08 -3.71184619705133e-05 -1.48245653045726e-11  3.99605682072506e-12 -8.80150947429409e-13   1.4317347185578e-11 -4.35681695228528e-05
 -2.3797338957663e-10 -2.79160895974693e-09 -1.76172080699288e-08      1.99999492239331  4.96241512952319e-05 -1.58139975280348e-11  3.30753795956597e-12 -4.47831122114875e-13  1.73264777399997e-11  4.39919858097819e-05
-3.57964118123641e-08  3.42474725337103e-07 -3.71184619705133e-05  4.96241512952319e-05      1.00093279199046 -3.50483554989606e-11  1.74345622651441e-11 -8.26706537944207e-12  3.41933820483497e-11 -1.56099145804563e-06
 2.95550497072293e-13 -1.03251034887103e-13 -1.48245653045726e-11 -1.58139975280348e-11 -3.50483554989606e-11      1.00005330703532 -1.51124318507538e-15   1.4656972232165e-11  4.92652297925021e-09  3.41125164072226e-11
-3.05622579676357e-14  2.33697294131131e-14  3.99605682072506e-12  3.30753795956597e-12  1.74345622651441e-11 -1.51124318507538e-15      1.00005330703521 -4.92649925807312e-09  1.46557953062151e-11  8.23145180361477e-12
  -3.992811361043e-14  2.00763425332068e-14 -8.80150947429409e-13 -4.47831122114875e-13 -8.26706537944207e-12   1.4656972232165e-11 -4.92649925807312e-09     0.999948321359948 -1.50669312472692e-15 -1.73711457670953e-11
 -2.9373310949984e-13  9.95642648924991e-14   1.4317347185578e-11  1.73264777399997e-11  3.41933820483497e-11  4.92652297925021e-09  1.46557953062151e-11 -1.50669312472692e-15     0.999948321359832 -3.49396624029396e-11
 4.79166987128323e-08  3.32113865956058e-07 -4.35681695228528e-05  4.39919858097819e-05 -1.56099145804563e-06  3.41125164072226e-11  8.23145180361477e-12 -1.73711457670953e-11 -3.49396624029396e-11     0.999073750788913
TOTAL ENERGY: -127.162895757998	 lambda: 0.4	 population of target: 6.9999998194633
1RDM: 
     1.99999999999952  1.26108604352175e-14   -2.154266209064e-11  -2.7951650198043e-10 -5.09827997313175e-08  2.95525807457889e-13 -3.10171308355501e-14  -3.9438653391585e-14 -2.93534010481375e-13  6.61148877916269e-08
 1.26108604352175e-14      1.99999999999639 -1.66062972386561e-09  -2.9443638057401e-09  4.01037290406443e-07  -1.0746813338883e-13  2.40748766162007e-14  2.06587366781834e-14  1.03756086454564e-13  3.86120991936953e-07
  -2.154266209064e-11 -1.66062972386561e-09      1.99999524975099  -1.4479265165731e-08 -4.01676182363834e-05 -1.45079274540706e-11  3.98290680571051e-12 -9.66050648945257e-13  1.39874355015788e-11  -4.9177839046154e-05
 -2.7951650198043e-10  -2.9443638057401e-09  -1.4479265165731e-08      1.99999495232626  5.57604178773218e-05 -1.61938994847989e-11  3.39649204205914e-12 -4.22158937320024e-13   1.7694570536304e-11  4.78711401404303e-05
-5.09827997313175e-08  4.01037290406443e-07 -4.01676182363834e-05  5.57604178773218e-05      1.00081698810301 -3.06895725943751e-11  1.52688632806126e-11 -7.24193346989892e-12  2.99412918063342e-11 -1.46447657473024e-06
 2.95525807457889e-13  -1.0746813338883e-13 -1.45079274540706e-11 -1.61938994847989e-11 -3.06895725943751e-11      1.00004679619278 -3.10205273463916e-15  1.32353161776637e-11  4.63098545877418e-09  2.98570987931087e-11
-3.10171308355501e-14  2.40748766162007e-14  3.98290680571051e-12  3.39649204205914e-12  1.52688632806126e-11 -3.10205273463916e-15      1.00004679619276 -4.63096468509695e-09   1.3234283961137e-11  7.20172247699029e-12
 -3.9438653391585e-14  2.06587366781834e-14 -9.66050648945257e-13 -4.22158937320024e-13 -7.24193346989892e-12  1.32353161776637e-11 -4.63096468509695e-09     0.999954832191859 -3.10086773164013e-15 -1.51995932314631e-11
-2.93534010481375e-13  1.03756086454564e-13  1.39874355015788e-11   1.7694570536304e-11  2.99412918063342e-11  4.63098545877418e-09   1.3234283961137e-11 -3.10086773164013e-15     0.999954832191835 -3.05768951686934e-11
 6.61148877916269e-08  3.86120991936953e-07  -4.9177839046154e-05  4.78711401404303e-05 -1.46447657473024e-06  2.98570987931087e-11  7.20172247699029e-12 -1.51995932314631e-11 -3.05768951686934e-11     0.999189553054646
TOTAL ENERGY: -127.1628957203	 lambda: 0.5	 population of target: 6.99999990390191
1RDM: 
     1.99999999999948 -1.65618583952389e-14  4.44572056879476e-12 -3.25069812311905e-10  -6.8131424548804e-08   2.9552428969698e-13 -3.15240209732385e-14 -3.89018283200106e-14 -2.93341530599067e-13  8.58761749476148e-08
-1.65618583952389e-14       1.9999999999963 -1.76150916009082e-09 -3.05024285788634e-09  4.50251545382658e-07 -1.10968851344574e-13  2.46765336798507e-14  2.11258205926281e-14   1.0723102748396e-13  4.30312991906125e-07
 4.44572056879476e-12 -1.76150916009082e-09      1.99999523375758 -1.24961221010453e-08 -4.20773791175454e-05 -1.42659461367167e-11  3.98534616527282e-12 -1.04491205251287e-12  1.37306285687735e-11 -5.39482938934822e-05
-3.25069812311905e-10 -3.05024285788634e-09 -1.24961221010453e-08      1.99999496838511  6.08740938116019e-05 -1.64886376156618e-11  3.47579465383185e-12 -4.13110162532039e-13  1.79764404010478e-11  5.04775693065846e-05
 -6.8131424548804e-08  4.50251545382658e-07 -4.20773791175454e-05  6.08740938116019e-05      1.00075309727975 -2.82848101761022e-11  1.40741359032002e-11 -6.67635360386843e-12  2.75948673758252e-11 -1.41638064646956e-06
  2.9552428969698e-13 -1.10968851344574e-13 -1.42659461367167e-11 -1.64886376156618e-11 -2.82848101761022e-11         1.00004319785  1.17875208178062e-15  1.19818891329287e-11  4.48471189185888e-09  2.75092235603913e-11
-3.15240209732385e-14  2.46765336798507e-14  3.98534616527282e-12  3.47579465383185e-12  1.40741359032002e-11  1.17875208178062e-15      1.00004319784996 -4.48469274246171e-09   1.1980938388797e-11  6.63338732801313e-12
-3.89018283200106e-14  2.11258205926281e-14 -1.04491205251287e-12 -4.13110162532039e-13 -6.67635360386843e-12  1.19818891329287e-11 -4.48469274246171e-09     0.999958430529401  1.18053338288334e-15 -1.40015300595135e-11
-2.93341530599067e-13   1.0723102748396e-13  1.37306285687735e-11  1.79764404010478e-11  2.75948673758252e-11  4.48471189185888e-09   1.1980938388797e-11  1.18053338288334e-15     0.999958430529366 -2.81702634602347e-11
 8.58761749476148e-08  4.30312991906125e-07 -5.39482938934822e-05  5.04775693065846e-05 -1.41638064646956e-06  2.75092235603913e-11  6.63338732801313e-12 -1.40015300595135e-11 -2.81702634602347e-11     0.999253443823107
TOTAL ENERGY: -127.162895687194	 lambda: 0.6	 population of target: 6.99999996431065
1RDM: 
     1.99999999999942 -4.18674352633462e-14  3.88009574036178e-11 -3.78003018423528e-10 -8.75274279087202e-08  2.95544941151615e-13 -3.20915888609204e-14 -3.83080324781786e-14  -2.9315072368082e-13  1.07564077035834e-07
-4.18674352633462e-14      1.99999999999619 -1.83569615462893e-09 -3.13052728346009e-09  4.92746330779967e-07 -1.13946988105743e-13  2.52069610568988e-14  2.15038684758919e-14  1.10179929983535e-13  4.67195891411833e-07
 3.88009574036178e-11 -1.83569615462893e-09      1.99999522565335 -1.14596149343617e-08 -4.31648962036475e-05 -1.40728330596488e-11  4.00013921125724e-12  -1.1214235763512e-12   1.3520972527202e-11 -5.82551992344178e-05
-3.78003018423528e-10 -3.13052728346009e-09 -1.14596149343617e-08      1.99999497584802  6.53957541177227e-05 -1.67284982006885e-11  3.55096328429143e-12 -4.16998564062369e-13   1.8201843215094e-11  5.21849231208745e-05
-8.75274279087202e-08  4.92746330779967e-07 -4.31648962036475e-05  6.53957541177227e-05      1.00072268391835 -2.71398071271786e-11  1.35057876611129e-11 -6.40746636274047e-12  2.64769306813424e-11 -1.41267267450844e-06
 2.95544941151615e-13 -1.13946988105743e-13 -1.40728330596488e-11 -1.67284982006885e-11 -2.71398071271786e-11      1.00004147650602  5.37929301633247e-16   1.1794563639883e-11  4.47604105905194e-09  2.63921042416137e-11
-3.20915888609204e-14  2.52069610568988e-14  4.00013921125724e-12  3.55096328429143e-12  1.35057876611129e-11  5.37929301633247e-16      1.00004147650597 -4.47602268556771e-09  1.17936512626872e-11  6.36241371670372e-12
-3.83080324781786e-14  2.15038684758919e-14  -1.1214235763512e-12 -4.16998564062369e-13 -6.40746636274047e-12   1.1794563639883e-11 -4.47602268556771e-09     0.999960151871145  5.40303807799734e-16 -1.34312546925861e-11
 -2.9315072368082e-13  1.10179929983535e-13   1.3520972527202e-11   1.8201843215094e-11  2.64769306813424e-11  4.47604105905194e-09  1.17936512626872e-11  5.40303807799734e-16     0.999960151871096 -2.70256803374119e-11
 1.07564077035834e-07  4.67195891411833e-07 -5.82551992344178e-05  5.21849231208745e-05 -1.41267267450844e-06  2.63921042416137e-11  6.36241371670372e-12 -1.34312546925861e-11 -2.70256803374119e-11      0.99928385783047
TOTAL ENERGY: -127.162895653023	 lambda: 0.7	 population of target: 7.00000001690554
1RDM: 
     1.99999999999934 -6.52348068481619e-14  8.30782018449087e-11 -4.42215003476942e-10 -1.09547516635338e-07  2.95587458745467e-13 -3.27311570852409e-14  -3.7645028869747e-14 -2.92957236741985e-13  1.31628565713102e-07
-6.52348068481619e-14      1.99999999999608 -1.89229329389716e-09 -3.19572657898087e-09  5.30181874774568e-07 -1.16523571593805e-13  2.56857915061942e-14  2.18091368301984e-14  1.12724330458759e-13  4.98307918664668e-07
 8.30782018449087e-11 -1.89229329389716e-09      1.99999522362834 -1.13033574480721e-08  -4.3580617413345e-05 -1.39146390236971e-11  4.02625929641462e-12 -1.19891252158048e-12  1.33440284013836e-11 -6.23288449083183e-05
-4.42215003476942e-10 -3.19572657898087e-09 -1.13033574480721e-08      1.99999497679556   6.9580914039368e-05 -1.69300757119158e-11  3.62549677244618e-12  -4.3226615562705e-13   1.8387119346434e-11  5.31788472317738e-05
-1.09547516635338e-07  5.30181874774568e-07  -4.3580617413345e-05   6.9580914039368e-05      1.00071852564015 -2.69823707656049e-11   1.3428718941598e-11  -6.3714155012971e-12  2.63219180841345e-11 -1.45452994305273e-06
 2.95587458745467e-13 -1.16523571593805e-13 -1.39146390236971e-11 -1.69300757119158e-11 -2.69823707656049e-11      1.00004122685003 -1.49310609675142e-15  1.14724545140264e-11  4.60912276817583e-09    2.624054744175e-11
-3.27311570852409e-14  2.56857915061942e-14  4.02625929641462e-12  3.62549677244618e-12   1.3428718941598e-11 -1.49310609675142e-15      1.00004122685005 -4.60910451574889e-09  1.14715471970435e-11  6.32437602733796e-12
 -3.7645028869747e-14  2.18091368301984e-14 -1.19891252158048e-12  -4.3226615562705e-13  -6.3714155012971e-12  1.14724545140264e-11 -4.60910451574889e-09      0.99996040152704 -1.49400886510812e-15 -1.33531854098924e-11
-2.92957236741985e-13  1.12724330458759e-13  1.33440284013836e-11   1.8387119346434e-11  2.63219180841345e-11  4.60912276817583e-09  1.14715471970435e-11 -1.49400886510812e-15     0.999960401527057 -2.68712097121524e-11
 1.31628565713102e-07  4.98307918664668e-07 -6.23288449083183e-05  5.31788472317738e-05 -1.45452994305273e-06    2.624054744175e-11  6.32437602733796e-12 -1.33531854098924e-11 -2.68712097121524e-11      0.99928801718639
TOTAL ENERGY: -127.162895610752	 lambda: 0.8	 population of target: 7.00000007316169
1RDM: 
     1.99999999999922 -8.86992968453228e-14  1.41394341720285e-10 -5.24823630745738e-10 -1.34718352286541e-07  2.95652370996887e-13  -3.3458093627576e-14 -3.68970690183606e-14 -2.92756649402385e-13  1.58637007698988e-07
-8.86992968453228e-14      1.99999999999597 -1.93642112045445e-09 -3.25169984425313e-09  5.63800333720807e-07 -1.18782867851258e-13  2.61286433326216e-14   2.2052939286336e-14  1.14947081830615e-13  5.24704205489936e-07
 1.41394341720285e-10 -1.93642112045445e-09      1.99999522734959 -1.21224920227293e-08 -4.33849992173771e-05 -1.37829567897423e-11  4.06397657662303e-12 -1.28030798655939e-12   1.3190800108681e-11 -6.63412432886537e-05
-5.24823630745738e-10 -3.25169984425313e-09 -1.21224920227293e-08      1.99999497157455  7.36135778993885e-05 -1.71037189972926e-11  3.70227923265354e-12 -4.58727431979475e-13  1.85420246574164e-11  5.35442514656488e-05
-1.34718352286541e-07  5.63800333720807e-07 -4.33849992173771e-05  7.36135778993885e-05      1.00073969574601 -2.77775432944591e-11  1.38258389975587e-11  -6.5602050405011e-12  2.70953554038424e-11 -1.55124798341647e-06
 2.95652370996887e-13 -1.18782867851258e-13 -1.37829567897423e-11 -1.71037189972926e-11 -2.77775432944591e-11      1.00004239141445  2.79258073159419e-17  1.19594462421766e-11  4.91269964197778e-09  2.70208538639288e-11
 -3.3458093627576e-14  2.61286433326216e-14  4.06397657662303e-12  3.70227923265354e-12  1.38258389975587e-11  2.79258073159419e-17      1.00004239141435   -4.912680846808e-09  1.19585132760338e-11  6.51084216801695e-12
-3.68970690183606e-14   2.2052939286336e-14 -1.28030798655939e-12 -4.58727431979475e-13  -6.5602050405011e-12  1.19594462421766e-11   -4.912680846808e-09     0.999959236963655  3.29395532470101e-17 -1.37500160617088e-11
-2.92756649402385e-13  1.14947081830615e-13   1.3190800108681e-11  1.85420246574164e-11  2.70953554038424e-11  4.91269964197778e-09  1.19585132760338e-11  3.29395532470101e-17     0.999959236963552 -2.76725604572105e-11
 1.58637007698988e-07  5.24704205489936e-07 -6.63412432886537e-05  5.35442514656488e-05 -1.55124798341647e-06  2.70208538639288e-11  6.51084216801695e-12 -1.37500160617088e-11 -2.76725604572105e-11     0.999266848578705
TOTAL ENERGY: -127.162895548002	 lambda: 0.9	 population of target: 7.00000014672407
1RDM: 
     1.99999999999903  -1.1481598708732e-13  2.19692135337993e-10 -6.36482253031957e-10 -1.63807716655436e-07  2.95742799971395e-13 -3.42942033842702e-14 -3.60418158157951e-14 -2.92542484448429e-13   1.8940497623419e-07
 -1.1481598708732e-13      1.99999999999586 -1.97114272365079e-09 -3.30330212779045e-09  5.94525810324725e-07 -1.20785931582397e-13  2.65478390634967e-14  2.22417744859487e-14  1.16907827011846e-13  5.47078238647991e-07
 2.19692135337993e-10 -1.97114272365079e-09      1.99999523776833  -1.4244921828083e-08  -4.2573053722732e-05 -1.36724191143773e-11  4.11476856220683e-12 -1.36885689780915e-12   1.3055137458911e-11 -7.04518745099688e-05
-6.36482253031957e-10 -3.30330212779045e-09  -1.4244921828083e-08      1.99999495901254  7.76522114532656e-05 -1.72564036004139e-11  3.78427105410195e-12 -4.97305962651289e-13  1.86728629603857e-11  5.33003559535794e-05
-1.63807716655436e-07  5.94525810324725e-07  -4.2573053722732e-05  7.76522114532656e-05      1.00079101633828 -2.97063814387662e-11  1.47875635828759e-11 -7.01676672256244e-12  2.89731068761609e-11 -1.72587847499698e-06
 2.95742799971395e-13 -1.20785931582397e-13 -1.36724191143773e-11 -1.72564036004139e-11 -2.97063814387662e-11      1.00004523418918  3.27382678161925e-15  1.31159641224464e-11  5.45802470728581e-09  2.89105365267616e-11
-3.42942033842702e-14  2.65478390634967e-14  4.11476856220683e-12  3.78427105410195e-12  1.47875635828759e-11  3.27382678161925e-15       1.0000452341893 -5.45800465907819e-09  1.31149690363308e-11  6.96417915446285e-12
-3.60418158157951e-14  2.22417744859487e-14 -1.36885689780915e-12 -4.97305962651289e-13 -7.01676672256244e-12  1.31159641224464e-11 -5.45800465907819e-09     0.999956394192162  3.26699695316063e-15 -1.47120844394705e-11
-2.92542484448429e-13  1.16907827011846e-13   1.3055137458911e-11  1.86728629603857e-11  2.89731068761609e-11  5.45802470728581e-09  1.31149690363308e-11  3.26699695316063e-15     0.999956394192288 -2.96122699913869e-11
  1.8940497623419e-07  5.47078238647991e-07 -7.04518745099688e-05  5.33003559535794e-05 -1.72587847499698e-06  2.89105365267616e-11  6.96417915446285e-12 -1.47120844394705e-11 -2.96122699913869e-11     0.999215530123039
TOTAL ENERGY: -127.162895436933	 lambda: 1	 population of target: 7.00000026308257
1RDM: 
     1.99999999999872  -1.4814068885798e-13  3.29820513269447e-10 -7.99009111040556e-10 -1.97928039509654e-07  2.95862283061846e-13 -3.52714118524375e-14 -3.50466535461016e-14 -2.92307642796996e-13  2.25098331828785e-07
 -1.4814068885798e-13      1.99999999999576 -1.99781826470419e-09 -3.35502984047239e-09   6.2314785026532e-07 -1.22578509953049e-13  2.69570961704027e-14  2.23737511150314e-14  1.18650230133133e-13   5.6577008896653e-07
 3.29820513269447e-10 -1.99781826470419e-09      1.99999525772006 -1.84680105531919e-08 -4.10687863258949e-05 -1.35796198871295e-11  4.18155454562979e-12 -1.46873654760354e-12  1.29323292362597e-11 -7.48455145558584e-05
-7.99009111040556e-10 -3.35502984047239e-09 -1.84680105531919e-08      1.99999493564981  8.18751875237648e-05 -1.73933291456282e-11   3.8756140712411e-12 -5.50742040992795e-13  1.87836572712648e-11  5.23924030355058e-05
-1.97928039509654e-07   6.2314785026532e-07 -4.10687863258949e-05  8.18751875237648e-05      1.00088612155659   -3.328169380991e-11  1.65699113290195e-11 -7.86260869285777e-12   3.2453469015268e-11 -2.03087534939735e-06
 2.95862283061846e-13 -1.22578509953049e-13 -1.35796198871295e-11 -1.73933291456282e-11   -3.328169380991e-11      1.00005049958378 -2.44095114090896e-16  1.49795507406699e-11  6.40623945759738e-09  3.24115414575419e-11
-3.52714118524375e-14  2.69570961704027e-14  4.18155454562979e-12   3.8756140712411e-12  1.65699113290195e-11 -2.44095114090896e-16      1.00005049958365 -6.40621699341165e-09  1.49784358401931e-11  7.80480162967101e-12
-3.50466535461016e-14  2.23737511150314e-14 -1.46873654760354e-12 -5.50742040992795e-13 -7.86260869285777e-12  1.49795507406699e-11 -6.40621699341165e-09     0.999951128805235 -2.37917219518357e-16 -1.64954017270611e-11
-2.92307642796996e-13  1.18650230133133e-13  1.29323292362597e-11  1.87836572712648e-11   3.2453469015268e-11  6.40623945759738e-09  1.49784358401931e-11 -2.37917219518357e-16     0.999951128805106  -3.3206450629761e-11
 2.25098331828785e-07   5.6577008896653e-07 -7.48455145558584e-05  5.23924030355058e-05 -2.03087534939735e-06  3.24115414575419e-11  7.80480162967101e-12 -1.64954017270611e-11  -3.3206450629761e-11     0.999120428301312
-------------------general-----------------------
mullikenoperator: 
  0.00161356078303239    0.0401365587122333  4.59421845003939e-05 -0.000108389784452983 -4.24222566321127e-07 -2.98015708159264e-15 -1.78666240097301e-14  1.99363346306433e-14  5.88300583635764e-15  4.90406850172426e-07
   0.0401365587122333     0.998385634827452 -0.000685233031214343 -0.000588307278056562  1.20128931486727e-06 -1.31378069277783e-13  2.64528835218881e-14  2.90297113392242e-14  1.30380124996417e-13  1.11174275455973e-06
 4.59421845003972e-05  -0.00068523303121426     0.429262246747081    -0.494970388062019 -5.99794602021616e-05  4.61437976854418e-12 -2.13308957944298e-12  1.12929554009828e-12 -5.32248500362329e-12  -0.00010192846204638
-0.000108389784452987 -0.000588307278056649    -0.494970388062019     0.570738528627737  0.000111654438196974  -6.0337269515786e-12 -8.42895960222314e-13   1.9997987672259e-12  5.41995041859426e-12  7.49461875374704e-05
-4.24222566321176e-07  1.20128931486586e-06 -5.99794602021609e-05  0.000111654438196972     0.498990662135596  2.03200229288549e-11  1.63453727097149e-11 -2.63513279595437e-11  -2.4564511687714e-11    -0.499998967465447
-2.98015708159189e-15 -1.31378069277769e-13  4.61437976854294e-12  -6.0337269515771e-12  2.03200229287984e-11     0.499943619470199  5.61527241094739e-12 -2.43927429434289e-05     0.499999996231142 -2.46080982809818e-11
-1.78666240097135e-14  2.64528835218329e-14 -2.13308957944515e-12 -8.42895960218596e-13  1.63453727095336e-11  5.61529381987698e-12     0.499943619696055    -0.499999996231167 -2.43927429423421e-05  2.63176678197711e-11
 1.99363346306256e-14   2.9029711339256e-14  1.12929554009637e-12  1.99979876722686e-12 -2.63513279593967e-11 -2.43927429434158e-05    -0.499999996231167     0.500056380303944   5.6044719328755e-12  -1.6295773582965e-11
 5.88300583635855e-15  1.30380124996434e-13 -5.32248500362449e-12  5.41995041859572e-12 -2.45645116877833e-11     0.499999996231142 -2.43927429423611e-05  5.60444413772065e-12     0.500056380529802  2.03679863419846e-11
 4.90406850172499e-07  1.11174275456144e-06 -0.000101928462046379  7.49461875374698e-05    -0.499998967465447 -2.46080982809985e-11  2.63176678196517e-11   -1.629577358288e-11  2.03679863419561e-11     0.501009366879107
selected BF: 
0 1 2 3 4
selected lambdas: 
  -1 -0.9 -0.8 -0.7 -0.6 -0.5 -0.4 -0.3 -0.2 -0.1    0  0.1  0.2  0.3  0.4  0.5  0.6  0.7  0.8  0.9    1
RHF C: 
 7.19619343380101e-08    -0.995369179678874     0.260217471412878  0.000126895268591545 -7.37255940162792e-05 -2.12447581632707e-05 -3.81653213380955e-10 -3.18154379349144e-12  -8.6210572498532e-12  8.46773077308599e-13
  9.7372199233305e-07   -0.0189784946508837      -1.0286459194374 -0.000504802347784975  0.000294959152459429  8.39494935689239e-05  1.54829528283537e-09  1.35018970212133e-11  3.38581710277318e-11 -3.33549973017173e-12
 1.84708763916681e-11  7.37223409962105e-14  1.19901690152893e-10  5.32196271539501e-09  9.94266886957575e-07  3.98179684038202e-08    -0.100856895554271     0.701182885653701     -0.70581190641083   1.6518766775086e-05
 -1.8749964102193e-11  5.82695915149997e-13  1.93616405182322e-11 -5.31844634871488e-09 -3.42399426354239e-07 -4.68328897126521e-08     0.100488523693972    -0.698621860601325    -0.708399288706873  1.65792706657557e-05
 8.04650266088718e-07 -8.90247945354802e-07 -0.000286596152917789 -0.000194769746191747    -0.999999821240534  0.000496907053743492  -1.3551991877229e-07  9.36221258555522e-07 -4.59212361986942e-07  -1.0275341385882e-11
   -0.995045434516181 -5.95863006205937e-07 -0.000133991252866606     0.263112441608972 -6.33726327942067e-05  -0.00327192971668231  1.12268377803245e-08 -9.56125619822139e-11 -1.52403068328396e-11  4.72824791624027e-11
  -0.0201238970054691  1.10687737604462e-06  0.000521500469296215     -1.02897075594383  0.000247881501402841    0.0129684916105428 -4.45095000874411e-08  3.80311693865578e-10  5.97060951111009e-11 -1.84315832100708e-10
-4.55444975233664e-12  7.02868789735507e-12   1.2508955238249e-09  -5.8358750924389e-10  5.76642026298688e-10  2.34718387832009e-06     0.701182071123822     0.100853606851761 -1.33895774910118e-05     -0.70581318559117
 5.96046581469089e-13 -7.00594684591128e-12 -1.24824864358687e-09 -2.29260508388335e-10 -5.89512467603862e-10 -2.42301359739566e-06    -0.698623572190293    -0.100485608461332  -1.3440007217887e-05    -0.708398014329074
 4.41599121575881e-05 -6.59968191861182e-07  4.07346202868818e-05    0.0126016197111703  0.000405681402377832     0.999920516873699 -3.32951818342089e-06 -5.41283288837129e-07 -4.88723437674928e-09 -5.97870879164326e-08
RDM (no constraint): 
     1.99999999775937  3.81661358190807e-11  7.24896181748222e-09 -6.06261726996912e-07  1.19979028557095e-07 -4.49107023886162e-05  1.56911012809195e-10 -1.30994675789262e-12  3.73955910208805e-14  1.08672207052143e-13
 3.81661358190807e-11       1.9999999984311 -9.67373443297657e-07  8.28984438779321e-09  3.73830522353407e-05 -4.97515998580224e-07 -3.19555037339412e-12  -3.5793512686197e-11  1.76254263936021e-11 -4.22703460014409e-14
 7.24896181748222e-09 -9.67373443297657e-07      1.99936363636498  5.33551154920408e-06    0.0251167048144637   2.8048360299094e-05  1.53146156141365e-09 -2.38581577554607e-08  1.16309154046687e-08 -1.46299264945188e-13
-6.06261726996912e-07  8.28984438779321e-09  5.33551154920408e-06      1.99983218629769 -0.000129596675709256   -0.0127618930269963  4.37977949298986e-08 -3.81244590454774e-10 -6.13466446601587e-12  1.57670461278443e-10
 1.19979028557095e-07  3.73830522353407e-05    0.0251167048144637 -0.000129596675709256      1.00063120117019   0.00307592343643242 -1.00372523690524e-08 -2.23749423701037e-09  2.76366895497137e-10 -4.93293033311263e-10
-4.49107023886162e-05 -4.97515998580224e-07   2.8048360299094e-05   -0.0127618930269963   0.00307592343643242      1.00016972194519 -2.51526336912048e-10 -2.21910442627529e-09  1.40937267541158e-09 -1.97578742787607e-12
 1.56911012809195e-10 -3.19555037339412e-12  1.53146156141365e-09  4.37977949298986e-08 -1.00372523690524e-08 -2.51526336912048e-10     0.999952398003431  0.000164891334146521  3.06509870457683e-10  2.96333944457005e-11
-1.30994675789262e-12  -3.5793512686197e-11 -2.38581577554607e-08 -3.81244590454774e-10 -2.23749423701037e-09 -2.21910442627529e-09  0.000164891334146521      1.00004923101242  4.42358834682827e-11 -2.07131413224544e-10
 3.73955910208805e-14  1.76254263936021e-11  1.16309154046687e-08 -6.13466446601587e-12  2.76366895497137e-10  1.40937267541158e-09  3.06509870457683e-10  4.42358834682827e-11      1.00000080241183  0.000171853007470962
 1.08672207052143e-13 -4.22703460014409e-14 -1.46299264945188e-13  1.57670461278443e-10 -4.93293033311263e-10 -1.97578742787607e-12  2.96333944457005e-11 -2.07131413224544e-10  0.000171853007470962      1.00000082660384
RDM Eigenvectors: 
    0.999170482697522   -0.0401623332159083   0.00501182779798346   0.00449589383866507  3.17905057424319e-05  -6.2046545484793e-12 -1.53083115033518e-11  2.15731202525253e-11  1.56394226598363e-12  3.17290771996625e-05
   0.0401693436729907     0.999178249196248   0.00280988073777639  -0.00462096675553559 -2.61563764518217e-05  -4.0132474307405e-13 -7.48189623318225e-12 -6.41592554405288e-12  1.37140560072372e-12  2.67269514507788e-05
-9.80565022344525e-05  -0.00533206229170472     0.654590205720722    -0.755547444575712   -0.0178306563161979  1.18062332154795e-11 -1.80093987757702e-09 -6.81415800332184e-10  2.95165990624729e-10    0.0177016598540053
 -0.00669022273594585    0.0011716911832017     0.755725104777109     0.654729330348349   0.00914965715077177  -1.7018754998931e-09 -4.94841377426861e-09  5.60708823938084e-09  4.55631279999167e-10   0.00890066428805234
 1.50348876405935e-07 -9.68326475354033e-05    0.0163242279057946   -0.0191000028251573     0.706485035266757  2.41500470898301e-07 -6.82561902651153e-07  6.81460414614897e-07  2.41693199223818e-07    -0.707281835651007
 4.04910581665555e-05 -1.40961839571776e-05  -0.00957780349411053  -0.00843720769135074     0.707444163671183 -3.79106281670431e-07 -2.39884356760815e-06 -2.31327899553206e-06  3.61818271691385e-07     0.706653969524387
-1.36519532895071e-10   3.4645971389699e-11  3.39368135545149e-08  2.77149449931036e-08 -2.26191375144338e-06   -0.0692812482591348    -0.595259373870979    -0.795178171948242    0.0925097903162233 -2.44306730193148e-06
 2.03078374593948e-12  9.13128531293382e-11 -1.59160662791938e-08  1.78435276026645e-08 -1.02485355837912e-06   -0.0925476839544427    -0.795173762549257     0.595262892699153    -0.069251008095507  2.61099971198827e-07
-2.97130823197074e-13 -4.44610936436402e-11  7.59996743775616e-09 -8.80901449275666e-09  3.14938505808246e-07    -0.702341000960758    0.0817430455236126   -0.0817145340303926    -0.702394424668902 -3.22456867989168e-07
-9.48156628010044e-13  1.79111441241334e-13  1.12333133963239e-10  1.11268135791186e-10 -9.57217556270416e-08    -0.702390314001811     0.081749860393103    0.0817098424601908     0.702344864555339   -9.560433680409e-08
Total C: 
  -0.0400096206017682    -0.995938576791984     0.167633837724858    -0.191922407887919  -0.00467976750783047  2.57009619446233e-11 -1.31454525311459e-10  1.31047516424672e-10  2.15581697031903e-11   0.00461793951853156
-0.000657134655161581   -0.0134787552635526     -0.67377234732323     0.776941648251682    0.0186050833382348 -1.01825276709838e-10  5.22581182870004e-10 -5.21141399259323e-10 -8.60402490557652e-11    -0.018363036466658
 5.99123126425786e-15  3.32231014805755e-15  2.81007540060865e-12  1.32556546584536e-12  1.78811180002772e-08     0.437803677740845    -0.555220085312938     0.555263795452461     0.437882077848658 -1.79685590357497e-08
-6.02934426361895e-15  6.30467740865996e-16 -1.78940836538636e-12  -2.4327181066592e-12 -9.49580740579093e-09     0.555220085192441     0.437803677845973    -0.437882077743546     0.555263795572951  9.54750856028862e-09
 1.96914916256221e-06  9.72037312625671e-05   -0.0166637781560903    0.0191848301597466    -0.706130046811639  3.58628703233601e-09 -1.99560774821264e-08  1.99730662058693e-08  3.65626143661896e-09     0.707626043754418
   -0.995980451240597    0.0402718041686455     0.193796273488626     0.167923869932927  1.86654040403665e-05 -7.97517577147582e-12  1.35556919300441e-12  4.77942936868431e-13   8.2528131641159e-12  4.06319455819585e-05
  -0.0132226418674283 -0.000399294819829727    -0.777498680835117    -0.674295984748003 -7.50598356503639e-05  3.07423795378744e-11  -5.3391878012204e-12   -1.708061477415e-12 -3.18523052483405e-11 -0.000161016327949981
-2.97627882770904e-13  8.65593626146651e-14  1.76409919922222e-11  1.24426138916221e-11  3.90651940785489e-08     0.437853212225402    -0.555282566549864    -0.555201057848725    -0.437832869041367  3.90369072999176e-08
-2.96767047011548e-13  6.89136013389467e-14  1.77577843319963e-11  1.37358621011041e-11  3.64710171854713e-08     0.555282566670347     0.437853212120287     0.437832869146492    -0.555201057728221  3.64385101143843e-08
 2.73034066326887e-07  -2.0193305453074e-06 -2.01754572781818e-05 -0.000224210907235969     0.707789117241343 -5.28055559159308e-08  8.06186028019193e-09  8.12044934768779e-09  5.28063138921135e-08     0.706423756619155
Basis set used: STO-3G
Naturals: 
 1.99999999999962  1.99999999998576  1.99999574431051  1.99999426249903  1.00307571156508  1.00017266752157   1.0001726670842 0.999828961931647 0.999828961494092 0.996931023608525
Naturals: 
 1.99999999999962  1.99999999998577  1.99999574430875  1.99999426250281  1.00307570023725  1.00017266684927  1.00017266684933  0.99982896216635  0.99982896216641 0.996931034934513
Version: Tmhuysen's fci hack
