Naturals in-correctThe Davidson algorithm did not converge.lambda: -1
The Davidson algorithm did not converge.lambda: -0.9
The Davidson algorithm did not converge.lambda: -0.8
The Davidson algorithm did not converge.lambda: -0.7
The Davidson algorithm did not converge.lambda: -0.6
The Davidson algorithm did not converge.lambda: -0.5
The Davidson algorithm did not converge.lambda: -0.4
The Davidson algorithm did not converge.lambda: -0.3
The Davidson algorithm did not converge.lambda: -0.2
The Davidson algorithm did not converge.lambda: -0.1
TOTAL ENERGY: -127.162781495674	 lambda: 0	 population of target: 6.99999993852008
1RDM: 
     1.99999999999987  -3.7421774193296e-17  1.17568399171589e-11  5.32222392229629e-12  2.72771894737325e-09 -2.90549189803271e-13    7.680055755421e-13  8.43262206358347e-13  3.85293878966623e-13  2.10204218097407e-09
 -3.7421774193296e-17       1.9999999999997  2.86104668423836e-11  3.19879311646182e-11  3.85459799435525e-10   1.0715545460469e-12 -3.24362182908933e-12 -3.48740361746369e-12 -1.23956197622043e-12  -1.6823574811181e-09
 1.17568399171589e-11  2.86104668423836e-11      1.99999763786683   1.6040957799791e-11 -1.15262621069725e-06 -1.32298789584158e-12 -1.82237735237634e-11 -4.29288460649727e-11 -1.66561943227965e-11  9.13373708789735e-07
 5.32222392229629e-12  3.19879311646182e-11   1.6040957799791e-11      1.99999754522839  9.37505655997983e-07  1.37602365246982e-11  -2.1757092227732e-11 -9.00824491433768e-12 -6.93237846288966e-12  -1.1727217308555e-06
 2.72771894737325e-09  3.85459799435525e-10 -1.15262621069725e-06  9.37505655997983e-07      1.00028222540886  3.59359136970178e-09 -4.26303791657476e-09  3.13657346575768e-09  3.13021665718664e-09 -1.87156608072572e-11
-2.90549189803271e-13   1.0715545460469e-12 -1.32298789584158e-12  1.37602365246982e-11  3.59359136970178e-09      1.00001245641178 -2.52339680587137e-14 -1.40322599605037e-11   2.3549735436554e-14 -3.12756829958712e-09
   7.680055755421e-13 -3.24362182908933e-12 -1.82237735237634e-11  -2.1757092227732e-11 -4.26303791657476e-09 -2.52339680587137e-14      1.00001245641176 -1.88990656889793e-14 -1.40311658258189e-11  3.13411651554769e-09
 8.43262206358347e-13 -3.48740361746369e-12 -4.29288460649727e-11 -9.00824491433768e-12  3.13657346575768e-09 -1.40322599605037e-11 -1.88990656889793e-14     0.999988345234593 -2.58521398978922e-14 -4.25866840609401e-09
 3.85293878966623e-13 -1.23956197622043e-12 -1.66561943227965e-11 -6.93237846288966e-12  3.13021665718664e-09   2.3549735436554e-14 -1.40311658258189e-11 -2.58521398978922e-14     0.999988345234568 -3.59004530302728e-09
 2.10204218097407e-09  -1.6823574811181e-09  9.13373708789735e-07  -1.1727217308555e-06 -1.87156608072572e-11 -3.12756829958712e-09  3.13411651554769e-09 -4.25866840609401e-09 -3.59004530302728e-09     0.999720988203696
TOTAL ENERGY: -127.162781494217	 lambda: 0.1	 population of target: 6.99999998541458
1RDM: 
     1.99999999999987  7.96844917887793e-15  3.31423312098299e-11  3.30035041556304e-11  5.41307085455646e-09 -3.12386061257247e-13  7.83303616561232e-13  7.86407892394038e-13  3.41812870261652e-13 -3.26707123502023e-09
 7.96844917887793e-15       1.9999999999998  1.10178736716283e-10  1.23336058960274e-10  1.53641716693985e-08  1.11871222304831e-12 -3.32764213470137e-12 -3.55368220762212e-12 -1.27066862194429e-12 -1.58809754171791e-08
 3.31423312098299e-11  1.10178736716283e-10      1.99999761483858  -2.6597433747683e-10  1.33386908965787e-06  3.42762045865282e-12 -2.90854132434908e-11 -5.85135769667445e-11  -2.5681945263644e-11 -1.73094279442716e-06
 3.30035041556304e-11  1.23336058960274e-10  -2.6597433747683e-10      1.99999756984922 -1.76282248221964e-06  5.10356794753396e-12 -6.45677511501325e-12  2.72428268173585e-12 -1.50793181443469e-12  1.37303049053362e-06
 5.41307085455646e-09  1.53641716693985e-08  1.33386908965787e-06 -1.76282248221964e-06      1.00015077477468  1.91771527193189e-09 -2.27491887709788e-09  1.67406461197313e-09  1.67062457849587e-09  1.76743752133091e-08
-3.12386061257247e-13  1.11871222304831e-12  3.42762045865282e-12  5.10356794753396e-12  1.91771527193189e-09      1.00000683514901 -1.37249969396039e-14 -9.01701382080003e-12  3.26611646991573e-11 -1.65668447143144e-09
 7.83303616561232e-13 -3.32764213470137e-12 -2.90854132434908e-11 -6.45677511501325e-12 -2.27491887709788e-09 -1.37249969396039e-14      1.00000683514871 -3.26587136624119e-11 -9.01679568328164e-12  1.66011355192999e-09
 7.86407892394038e-13 -3.55368220762212e-12 -5.85135769667445e-11  2.72428268173585e-12  1.67406461197313e-09 -9.01701382080003e-12 -3.26587136624119e-11     0.999993966494769  -1.3670530796836e-14  -2.2543138123414e-09
 3.41812870261652e-13 -1.27066862194429e-12  -2.5681945263644e-11 -1.50793181443469e-12  1.67062457849587e-09  3.26611646991573e-11 -9.01679568328164e-12  -1.3670530796836e-14     0.999993966494467  -1.9003599921942e-09
-3.26707123502023e-09 -1.58809754171791e-08 -1.73094279442716e-06  1.37303049053362e-06  1.76743752133091e-08 -1.65668447143144e-09  1.66011355192999e-09  -2.2543138123414e-09  -1.9003599921942e-09     0.999852437250967
TOTAL ENERGY: -127.162781493015	 lambda: 0.2	 population of target: 6.99999999387757
1RDM: 
     1.99999999999985  5.64011607239969e-15   4.0480109302309e-11  4.30080232213319e-11  6.81549128499797e-09 -3.30670091608791e-13  7.98189183836913e-13  7.46451429815555e-13  3.10443228989202e-13 -6.71080747259594e-09
 5.64011607239969e-15       1.9999999999998  1.40414191549003e-10  1.54017646511349e-10  2.44035791183111e-08  1.14881479643198e-12 -3.37999453653392e-12 -3.59143544088767e-12 -1.28755140919915e-12 -2.43061048183295e-08
  4.0480109302309e-11  1.40414191549003e-10      1.99999760722552  -2.2292904960997e-10  2.29328776267223e-06  3.58870759259212e-12 -3.16010893386348e-11 -6.70085807185109e-11 -3.12563155091782e-11 -2.90704074986604e-06
 4.30080232213319e-11  1.54017646511349e-10  -2.2292904960997e-10      1.99999757770922 -2.96074533155417e-06 -2.82150869138856e-13  1.87967363053097e-12  5.63468151922391e-12 -1.03587400455015e-12  2.35833379439944e-06
 6.81549128499797e-09  2.44035791183111e-08  2.29328776267223e-06 -2.96074533155417e-06      1.00010726300466  1.36292457945959e-09 -1.61678193246297e-09  1.18959876634103e-09  1.18714616973937e-09   1.6621198527477e-08
-3.30670091608791e-13  1.14881479643198e-12  3.58870759259212e-12 -2.82150869138856e-13  1.36292457945959e-09      1.00000496411079 -9.89812689360978e-15  -5.5669426650537e-12  3.07972504559768e-11 -1.16964903073223e-09
 7.98189183836913e-13 -3.37999453653392e-12 -3.16010893386348e-11  1.87967363053097e-12 -1.61678193246297e-09 -9.89812689360978e-15      1.00000496411067 -3.07955310942812e-11 -5.56701054762543e-12  1.17205804605958e-09
 7.46451429815555e-13 -3.59143544088767e-12 -6.70085807185109e-11  5.63468151922391e-12  1.18959876634103e-09  -5.5669426650537e-12 -3.07955310942812e-11     0.999995837532206  -9.6284626267437e-15  -1.5909473220058e-09
 3.10443228989202e-13 -1.28755140919915e-12 -3.12563155091782e-11 -1.03587400455015e-12  1.18714616973937e-09  3.07972504559768e-11 -5.56701054762543e-12  -9.6284626267437e-15     0.999995837532091 -1.34114310276061e-09
-6.71080747259594e-09 -2.43061048183295e-08 -2.90704074986604e-06  2.35833379439944e-06   1.6621198527477e-08 -1.16964903073223e-09  1.17205804605958e-09  -1.5909473220058e-09 -1.34114310276061e-09     0.999895948775197
TOTAL ENERGY: -127.162781492266	 lambda: 0.3	 population of target: 6.99999999684188
1RDM: 
     1.99999999999985  3.45961830521128e-15  4.39903518281401e-11  4.86987752219756e-11  7.65942418752499e-09 -3.49600793775041e-13  8.15086871330291e-13  7.10355211349989e-13  2.81390946732728e-13 -9.53548149535795e-09
 3.45961830521128e-15       1.9999999999998   1.5670703642127e-10  1.70009294327948e-10  3.12819119305372e-08  1.17312169772427e-12 -3.42122834922005e-12 -3.61785751332766e-12 -1.29844271262109e-12 -3.05755925346549e-08
 4.39903518281401e-11   1.5670703642127e-10      1.99999760357919 -1.78767241908261e-10  2.81485049828894e-06  2.17750545165205e-12 -3.14666135068735e-11 -7.38466794103593e-11  -3.6157975025676e-11 -3.68584428519538e-06
 4.86987752219756e-11  1.70009294327948e-10 -1.78767241908261e-10      1.99999758142322 -3.75159353998475e-06  -5.0387740396056e-12  8.58679377167771e-12   5.7685906606891e-12 -2.23134302376048e-12  2.89677373899821e-06
 7.65942418752499e-09  3.12819119305372e-08  2.81485049828894e-06 -3.75159353998475e-06      1.00008605881503   1.0925670659742e-09 -1.29606450600205e-09   9.5347144178751e-10  9.51501875792919e-10  1.49681553363605e-08
-3.49600793775041e-13  1.17312169772427e-12  2.17750545165205e-12  -5.0387740396056e-12   1.0925670659742e-09      1.00000405450168 -8.05028785768596e-15  -4.5680990806386e-12  2.78028844911469e-11 -9.32301365998901e-10
 8.15086871330291e-13 -3.42122834922005e-12 -3.14666135068735e-11  8.58679377167771e-12 -1.29606450600205e-09 -8.05028785768596e-15      1.00000405450163 -2.78015211261501e-11 -4.56830553064101e-12  9.34217124061239e-10
 7.10355211349989e-13 -3.61785751332766e-12 -7.38466794103593e-11   5.7685906606891e-12   9.5347144178751e-10  -4.5680990806386e-12 -2.78015211261501e-11     0.999996747141164 -7.67610525374595e-15 -1.26770469708916e-09
 2.81390946732728e-13 -1.29844271262109e-12  -3.6157975025676e-11 -2.23134302376048e-12  9.51501875792919e-10  2.78028844911469e-11 -4.56830553064101e-12 -7.67610525374595e-15      0.99999674714111 -1.06865200950936e-09
-9.53548149535795e-09 -3.05755925346549e-08 -3.68584428519538e-06  2.89677373899821e-06  1.49681553363605e-08 -9.32301365998901e-10  9.34217124061239e-10 -1.26770469708916e-09 -1.06865200950936e-09     0.999917152897306
TOTAL ENERGY: -127.16278149177	 lambda: 0.4	 population of target: 6.99999999823425
1RDM: 
     1.99999999999986   1.9492171358077e-15  4.53207325568669e-11  5.29208173447541e-11  7.91128671308051e-09 -3.74409681311273e-13  8.39327969048152e-13  6.71598955947569e-13  2.49159410880898e-13 -1.21471947013599e-08
  1.9492171358077e-15      1.99999999999982  1.66867073658112e-10  1.79430812276846e-10  3.68120437262518e-08  1.19513700282193e-12 -3.45685868580971e-12 -3.63538409663567e-12  -1.3040606903345e-12 -3.53846863675707e-08
 4.53207325568669e-11  1.66867073658112e-10      1.99999760162201  -1.4835495951521e-10  3.15619984389976e-06  5.30035257811475e-14 -3.01752369262301e-11 -8.01097539453673e-11 -4.08732454852731e-11 -4.30771047662299e-06
 5.29208173447541e-11  1.79430812276846e-10  -1.4835495951521e-10      1.99999758340005 -4.38139443876225e-06 -9.62277238568457e-12  1.47257052404282e-11  4.69815326967718e-12 -4.17527077293386e-12  3.25149383946665e-06
 7.91128671308051e-09  3.68120437262518e-08  3.15619984389976e-06 -4.38139443876225e-06      1.00007459993148  9.46480609602963e-10 -1.12276722468788e-09  8.25871853994224e-10  8.24163897889239e-10  1.38637896921747e-08
-3.74409681311273e-13  1.19513700282193e-12  5.30035257811475e-14 -9.62277238568457e-12  9.46480609602963e-10      1.00000356075934 -7.06318492268857e-15 -3.79042016909296e-12  2.57938694607012e-11 -8.04048162760261e-10
 8.39327969048152e-13 -3.45685868580971e-12 -3.01752369262301e-11  1.47257052404282e-11 -1.12276722468788e-09 -7.06318492268857e-15      1.00000356075931  -2.5792699351204e-11 -3.79070145309807e-12  8.05697838945189e-10
 6.71598955947569e-13 -3.63538409663567e-12 -8.01097539453673e-11  4.69815326967718e-12  8.25871853994224e-10 -3.79042016909296e-12  -2.5792699351204e-11     0.999997240883532 -6.63252089764649e-15 -1.09304730033328e-09
 2.49159410880898e-13  -1.3040606903345e-12 -4.08732454852731e-11 -4.17527077293386e-12  8.24163897889239e-10  2.57938694607012e-11 -3.79070145309807e-12 -6.63252089764649e-15     0.999997240883501 -9.21417066797542e-10
-1.21471947013599e-08 -3.53846863675707e-08 -4.30771047662299e-06  3.25149383946665e-06  1.38637896921747e-08 -8.04048162760261e-10  8.05697838945189e-10 -1.09304730033328e-09 -9.21417066797542e-10     0.999928611761159
TOTAL ENERGY: -127.162781491408	 lambda: 0.5	 population of target: 6.99999999903699
1RDM: 
     1.99999999999985  1.01126737253694e-15  4.50998933290942e-11   5.6809287631112e-11  7.58869023739036e-09 -4.06732314325582e-13  8.72511131165574e-13  6.26604787782465e-13  2.10702154697692e-13  -1.4757242004324e-08
 1.01126737253694e-15      1.99999999999981  1.73841265200598e-10  1.85248647796693e-10  4.13712144017156e-08  1.21644517144854e-12 -3.48939921590147e-12  -3.6453110024664e-12 -1.30489350281574e-12 -3.90606711518098e-08
 4.50998933290942e-11  1.73841265200598e-10      1.99999760057229 -1.29763638279142e-10  3.39542646104951e-06 -2.52534391983837e-12 -2.81785260798993e-11 -8.61114647431607e-11 -4.55367384284938e-11 -4.84489612510582e-06
  5.6809287631112e-11  1.85248647796693e-10 -1.29763638279142e-10       1.9999975844525 -4.92402052344019e-06 -1.41573949444424e-11  2.06012419575828e-11  2.90203549801637e-12 -6.58711317891167e-12  3.50238225789095e-06
 7.58869023739036e-09  4.13712144017156e-08  3.39542646104951e-06 -4.92402052344019e-06      1.00006852747168  8.69076561401189e-10 -1.03094502134952e-09  7.58253974760839e-10  7.56684357179931e-10  1.33361062497666e-08
-4.06732314325582e-13  1.21644517144854e-12 -2.52534391983837e-12 -1.41573949444424e-11  8.69076561401189e-10      1.00000329836956 -6.54915570510056e-15 -3.48233135448486e-12  2.48334550030573e-11 -7.36081933092231e-10
 8.72511131165574e-13 -3.48939921590147e-12 -2.81785260798993e-11  2.06012419575828e-11 -1.03094502134952e-09 -6.54915570510056e-15      1.00000329836946  -2.4832386893849e-11 -3.48265236413769e-12  7.37590620151054e-10
 6.26604787782465e-13  -3.6453110024664e-12 -8.61114647431607e-11  2.90203549801637e-12  7.58253974760839e-10 -3.48233135448486e-12  -2.4832386893849e-11     0.999997503273336 -6.08759055182899e-15 -1.00050305228087e-09
 2.10702154697692e-13 -1.30489350281574e-12 -4.55367384284938e-11 -6.58711317891167e-12  7.56684357179931e-10  2.48334550030573e-11 -3.48265236413769e-12 -6.08759055182899e-15     0.999997503273237  -8.4340313753431e-10
 -1.4757242004324e-08 -3.90606711518098e-08 -4.84489612510582e-06  3.50238225789095e-06  1.33361062497666e-08 -7.36081933092231e-10  7.37590620151054e-10 -1.00050305228087e-09  -8.4340313753431e-10       0.9999346842183
TOTAL ENERGY: -127.162781491086	 lambda: 0.6	 population of target: 6.99999999960448
1RDM: 
     1.99999999999986   2.8933620154304e-16  4.44368617421421e-11  6.04814179563499e-11  7.07972292045998e-09 -4.40450648243879e-13  9.07550003285409e-13  5.81132388131226e-13  1.71526515975077e-13 -1.72701698906263e-08
  2.8933620154304e-16      1.99999999999982  1.79579955726745e-10  1.89844469980169e-10  4.54243904864793e-08  1.23679534747483e-12 -3.51973846450893e-12  -3.6519142143943e-12 -1.30374919703341e-12 -4.21934889160917e-08
 4.44368617421421e-11  1.79579955726745e-10      1.99999759998053 -1.18883277179837e-10  3.51502843400013e-06 -6.07680884269143e-12 -2.49130186302552e-11 -9.24761382554709e-11 -5.07046964456022e-11  -5.3244594191066e-06
 6.04814179563499e-11  1.89844469980169e-10 -1.18883277179837e-10      1.99999758503999 -5.40646861717907e-06 -1.91928047298129e-11  2.68309444511764e-11 -1.77015927721068e-13 -9.98048091950626e-12  3.63226882132233e-06
 7.07972292045998e-09  4.54243904864793e-08  3.51502843400013e-06 -5.40646861717907e-06      1.00006498086966  8.23873771109306e-10 -9.77322018414908e-10    7.187600489727e-10  7.17270866163963e-10  1.31207978553067e-08
-4.40450648243879e-13  1.23679534747483e-12 -6.07680884269143e-12 -1.91928047298129e-11  8.23873771109306e-10      1.00000314499191  -6.2596405301146e-15 -3.36002827400713e-12  2.44509951448166e-11 -6.96381641994844e-10
 9.07550003285409e-13 -3.51973846450893e-12 -2.49130186302552e-11  2.68309444511764e-11 -9.77322018414908e-10  -6.2596405301146e-15      1.00000314499195 -2.44499881182853e-11 -3.36037255367411e-12  6.97807887449002e-10
 5.81132388131226e-13  -3.6519142143943e-12 -9.24761382554709e-11 -1.77015927721068e-13    7.187600489727e-10 -3.36002827400713e-12 -2.44499881182853e-11     0.999997656650844 -5.78210775090948e-15 -9.46456277561893e-10
 1.71526515975077e-13 -1.30374919703341e-12 -5.07046964456022e-11 -9.98048091950626e-12  7.17270866163963e-10  2.44509951448166e-11 -3.36037255367411e-12 -5.78210775090948e-15     0.999997656650887 -7.97842103815799e-10
-1.72701698906263e-08 -4.21934889160917e-08  -5.3244594191066e-06  3.63226882132233e-06  1.31207978553067e-08 -6.96381641994844e-10  6.97807887449002e-10 -9.46456277561893e-10 -7.97842103815799e-10     0.999938230824616
TOTAL ENERGY: -127.162781490741	 lambda: 0.7	 population of target: 7.00000000007762
1RDM: 
     1.99999999999985  -3.7805001758999e-16  4.37424726104145e-11  6.39564276210849e-11  6.70637538735499e-09 -4.70122086888132e-13   9.3820032170177e-13  5.40445312147631e-13  1.36610699367622e-13 -1.95754637603901e-08
 -3.7805001758999e-16      1.99999999999981  1.84833484819715e-10  1.93916409193058e-10  4.93284003821851e-08  1.25643011065789e-12 -3.54899070139181e-12 -3.65846328208044e-12 -1.30282633380833e-12 -4.52163708515321e-08
 4.37424726104145e-11  1.84833484819715e-10      1.99999759962275 -1.13342295938425e-10  3.49525334952956e-06  -1.1294742516159e-11 -1.96357374351758e-11 -1.00040400335437e-10 -5.71139329501535e-11 -5.78618613754603e-06
 6.39564276210849e-11  1.93916409193058e-10 -1.13342295938425e-10      1.99999758539075 -5.87020571778043e-06 -2.55009835176396e-11  3.42903248644367e-11 -5.32117447095607e-12 -1.50843494647287e-11  3.62023007460014e-06
 6.70637538735499e-09  4.93284003821851e-08  3.49525334952956e-06 -5.87020571778043e-06      1.00006246603741  7.91849452355483e-10 -9.39332358732546e-10  6.90768292542537e-10  6.89336133049456e-10  1.30356878711569e-08
-4.70122086888132e-13  1.25643011065789e-12  -1.1294742516159e-11 -2.55009835176396e-11  7.91849452355483e-10        1.000003034481 -6.07345702234836e-15  -3.1646869837293e-12  2.42856531844258e-11  -6.6824154022914e-10
  9.3820032170177e-13 -3.54899070139181e-12 -1.96357374351758e-11  3.42903248644367e-11 -9.39332358732546e-10 -6.07345702234836e-15        1.000003034481  -2.4284688975675e-11 -3.16504787473833e-12  6.69609002455757e-10
 5.40445312147631e-13 -3.65846328208044e-12 -1.00040400335437e-10 -5.32117447095607e-12  6.90768292542537e-10  -3.1646869837293e-12  -2.4284688975675e-11      0.99999776716146 -5.58288212901399e-15 -9.08164817714969e-10
 1.36610699367622e-13 -1.30282633380833e-12 -5.71139329501535e-11 -1.50843494647287e-11  6.89336133049456e-10  2.42856531844258e-11 -3.16504787473833e-12 -5.58288212901399e-15     0.999997767161461 -7.65562431736771e-10
-1.95754637603901e-08 -4.52163708515321e-08 -5.78618613754603e-06  3.62023007460014e-06  1.30356878711569e-08  -6.6824154022914e-10  6.69609002455757e-10 -9.08164817714969e-10 -7.65562431736771e-10     0.999940745664537
TOTAL ENERGY: -127.162781490359	 lambda: 0.8	 population of target: 7.00000000054307
1RDM: 
     1.99999999999986 -6.66979896440168e-16  4.20065670365149e-11  6.78741748282525e-11  5.88100593614754e-09 -5.07803343585544e-13  9.77986756593423e-13  4.92021230008425e-13  9.44188391766775e-14  -2.2059692547538e-08
-6.66979896440168e-16      1.99999999999981  1.89208508258749e-10  1.96810179073705e-10  5.28186287747138e-08  1.27661227868481e-12 -3.57777933113752e-12 -3.66026230631867e-12 -1.29856419567992e-12  -4.7668828374296e-08
 4.20065670365149e-11  1.89208508258749e-10      1.99999759963281 -1.16595349642482e-10  3.40810081053589e-06 -1.75802959840315e-11 -1.31231002192451e-11 -1.08577142476224e-10 -6.44543888913568e-11 -6.26373869008561e-06
 6.78741748282525e-11  1.96810179073705e-10 -1.16595349642482e-10      1.99999758536756 -6.34575455203237e-06 -3.26560117179508e-11  4.26271034214224e-11 -1.16163589097306e-11 -2.11776335272944e-11  3.54357780539187e-06
 5.88100593614754e-09  5.28186287747138e-08  3.40810081053589e-06 -6.34575455203237e-06       1.0000622566858  7.89176409350234e-10 -9.36160611270797e-10   6.8840961962714e-10  6.86981214691935e-10  1.34355137031423e-08
-5.07803343585544e-13  1.27661227868481e-12 -1.75802959840315e-11 -3.26560117179508e-11  7.89176409350234e-10      1.00000302612424  -6.0848157517977e-15 -3.18095772187341e-12  2.50457242257133e-11 -6.65858603084507e-10
 9.77986756593423e-13 -3.57777933113752e-12 -1.31231002192451e-11  4.26271034214224e-11 -9.36160611270797e-10  -6.0848157517977e-15      1.00000302612418 -2.50447627561554e-11 -3.18132024145146e-12  6.67220148302938e-10
 4.92021230008425e-13 -3.66026230631867e-12 -1.08577142476224e-10 -1.16163589097306e-11   6.8840961962714e-10 -3.18095772187341e-12 -2.50447627561554e-11       0.9999977755184 -5.59222286131933e-15 -9.04958947404959e-10
 9.44188391766775e-14 -1.29856419567992e-12 -6.44543888913568e-11 -2.11776335272944e-11  6.86981214691935e-10  2.50457242257133e-11 -3.18132024145146e-12 -5.59222286131933e-15     0.999997775518341 -7.62859204938661e-10
 -2.2059692547538e-08  -4.7668828374296e-08 -6.26373869008561e-06  3.54357780539187e-06  1.34355137031423e-08 -6.65858603084507e-10  6.67220148302938e-10 -9.04958947404959e-10 -7.62859204938661e-10     0.999940955029076
TOTAL ENERGY: -127.162781489848	 lambda: 0.9	 population of target: 7.0000000011006
1RDM: 
     1.99999999999986 -6.09226624356689e-16  3.92348393978496e-11  7.25636657918302e-11   4.6764873223661e-09 -5.52675888620036e-13  1.02590807539448e-12  4.36375081426373e-13  4.55256364839363e-14 -2.47496191472752e-08
-6.09226624356689e-16      1.99999999999981  1.93270846918779e-10  1.98952257279396e-10  5.60735542381332e-08  1.29773511756847e-12  -3.6069330335626e-12 -3.65838158671852e-12  -1.2915884511212e-12 -4.97350422130631e-08
 3.92348393978496e-11  1.93270846918779e-10       1.9999975999822 -1.29805529560516e-10  3.22715935010409e-06 -2.55439037481002e-11 -4.69900538366331e-12  -1.1875290779807e-10 -7.33321517637637e-11 -6.78126616965309e-06
 7.25636657918302e-11  1.98952257279396e-10 -1.29805529560516e-10      1.99999758499873 -6.85649848359759e-06  -4.1254178842055e-11  5.24966467731467e-11 -1.97286379450881e-11  -2.8861180400621e-11   3.3766381259749e-06
  4.6764873223661e-09  5.60735542381332e-08  3.22715935010409e-06 -6.85649848359759e-06      1.00006410900606  8.12836867560578e-10 -9.64227037827552e-10  7.09042977005085e-10  7.07570557728418e-10  1.43656340137633e-08
-5.52675888620036e-13  1.29773511756847e-12 -2.55439037481002e-11  -4.1254178842055e-11  8.12836867560578e-10      1.00000310264102 -6.29217089333887e-15 -3.20527775010604e-12   2.6735785191273e-11 -6.86575393681883e-10
 1.02590807539448e-12  -3.6069330335626e-12 -4.69900538366331e-12  5.24966467731467e-11 -9.64227037827552e-10 -6.29217089333887e-15      1.00000310264109 -2.67347953405949e-11 -3.20562880063708e-12  6.87977947289403e-10
 4.36375081426373e-13 -3.65838158671852e-12  -1.1875290779807e-10 -1.97286379450881e-11  7.09042977005085e-10 -3.20527775010604e-12 -2.67347953405949e-11     0.999997699001576 -5.80989592569355e-15 -9.33229300229235e-10
 4.55256364839363e-14  -1.2915884511212e-12 -7.33321517637637e-11  -2.8861180400621e-11  7.07570557728418e-10   2.6735785191273e-11 -3.20562880063708e-12 -5.80989592569355e-15     0.999997699001653 -7.86689400339364e-10
-2.47496191472752e-08 -4.97350422130631e-08 -6.78126616965309e-06   3.3766381259749e-06  1.43656340137633e-08 -6.86575393681883e-10  6.87977947289403e-10 -9.33229300229235e-10 -7.86689400339364e-10     0.999939102728077
TOTAL ENERGY: -127.162781489053	 lambda: 1	 population of target: 7.00000000183585
1RDM: 
     1.99999999999985 -6.16078602005575e-16  3.69053112671425e-11  7.72612245970901e-11  3.89836785942015e-09 -5.89537614046485e-13  1.06475644029532e-12  3.88727990263611e-13  4.06241270409183e-15 -2.72151734997602e-08
-6.16078602005575e-16       1.9999999999998  1.97896420966895e-10  2.01744956250345e-10  5.96619856967847e-08  1.31932155685659e-12 -3.63736621980878e-12 -3.65918413176216e-12 -1.28633685160946e-12 -5.21855558014622e-08
 3.69053112671425e-11  1.97896420966895e-10      1.99999760043923 -1.51736432778068e-10  2.80335403784232e-06 -3.81823830916338e-11  9.00597800901171e-12 -1.33655222335819e-10 -8.65954220461056e-11 -7.43291295044701e-06
 7.72612245970901e-11  2.01744956250345e-10 -1.51736432778068e-10      1.99999758451195 -7.50008151612133e-06 -5.42327237202254e-11  6.70813969569671e-11  -3.3140285834855e-11 -4.12315481316017e-11  2.96577952037621e-06
 3.89836785942015e-09  5.96619856967847e-08  2.80335403784232e-06 -7.50008151612133e-06      1.00006595400252  8.36400161454487e-10  -9.9217745187362e-10  7.29561010330944e-10  7.28044497808142e-10  1.54656944599228e-08
-5.89537614046485e-13  1.31932155685659e-12 -3.81823830916338e-11 -5.42327237202254e-11  8.36400161454487e-10       1.0000031797482  -6.5056325723729e-15 -3.32532868547441e-12   2.8743024327026e-11 -7.07171601899889e-10
 1.06475644029532e-12 -3.63736621980878e-12  9.00597800901171e-12  6.70813969569671e-11  -9.9217745187362e-10  -6.5056325723729e-15      1.00000317974822  -2.8742003715817e-11 -3.32566839892633e-12  7.08614388293844e-10
 3.88727990263611e-13 -3.65918413176216e-12 -1.33655222335819e-10  -3.3140285834855e-11  7.29561010330944e-10 -3.32532868547441e-12  -2.8742003715817e-11     0.999997621894592 -6.03126231563112e-15 -9.61378861809983e-10
 4.06241270409183e-15 -1.28633685160946e-12 -8.65954220461056e-11 -4.12315481316017e-11  7.28044497808142e-10   2.8743024327026e-11 -3.32566839892633e-12 -6.03126231563112e-15     0.999997621894614 -8.10417835856092e-10
-2.72151734997602e-08 -5.21855558014622e-08 -7.43291295044701e-06  2.96577952037621e-06  1.54656944599228e-08 -7.07171601899889e-10  7.08614388293844e-10 -9.61378861809983e-10 -8.10417835856092e-10     0.999937257761046
-------------------general-----------------------
mullikenoperator: 
   0.0729064162883754     0.259982824704292  1.59252203652904e-05  3.68445780525407e-05 -9.29858140164873e-09  -5.2069971182087e-13 -2.73035432080522e-16 -1.90403754825752e-12 -1.21389508774108e-12 -6.19487678696956e-08
    0.259982824704292     0.927093565028753  9.76667603889167e-05   8.9615816694203e-05  1.04871011648734e-07   1.4788285913441e-12 -3.66302278175275e-12 -3.12991107369431e-12 -9.92855366827801e-13 -8.41324578147796e-08
 1.59252203653035e-05  9.76667603889547e-05     0.489190853264748    -0.499883138775278   5.8346392305157e-06 -2.30662912503664e-11 -2.37547476583873e-12 -1.02007731595558e-10 -6.70252904847647e-11 -9.51887216343552e-06
 3.68445780525272e-05  8.96158166941582e-05    -0.499883138775278     0.510809165190202 -9.64847730880649e-06  -6.5100761057261e-11  1.00455746352939e-10  6.03267143534654e-12 -2.02862961960505e-11  6.03978071926121e-06
-9.29858140139154e-09  1.04871011649542e-07  5.83463923051684e-06 -9.64847730880764e-06     0.499893215052944  3.82291726494589e-08 -3.82681240789498e-08   6.1999711997338e-08  5.21776091434434e-08     0.499999988483607
-5.20699711814268e-13  1.47882859136576e-12 -2.30662912502342e-11 -6.51007610574565e-11  3.82291726494555e-08     0.499995416378028 -1.02474236573651e-11 -5.87069910541773e-06     0.499999999944539  -5.2168367999268e-08
-2.73035440452873e-16 -3.66302278177541e-12 -2.37547476584458e-12  1.00455746352911e-10 -3.82681240789538e-08 -1.02473851730354e-11     0.499995416568743     -0.49999999994454 -5.87069909535079e-06  6.19918037115779e-08
-1.90403754824963e-12 -3.12991107367273e-12 -1.02007731595599e-10  6.03267143549313e-12  6.19997119973408e-08  -5.8706991054096e-06     -0.49999999994454     0.500004583431248 -1.02591939216942e-11 -3.82550013994051e-08
-1.21389508773498e-12 -9.92855366810903e-13 -6.70252904846921e-11 -2.02862961960821e-11  5.21776091434409e-08     0.499999999944539 -5.87069909541105e-06 -1.02591858978067e-11     0.500004583621963 -3.82189569774908e-08
-6.19487678693845e-08 -8.41324578137318e-08 -9.51887216343308e-06  6.03978071925899e-06     0.499999988483607 -5.21683679992622e-08  6.19918037115811e-08 -3.82550013994077e-08 -3.82189569774871e-08     0.500106785174999
selected BF: 
0 1 2 3 4
selected lambdas: 
  -1 -0.9 -0.8 -0.7 -0.6 -0.5 -0.4 -0.3 -0.2 -0.1    0  0.1  0.2  0.3  0.4  0.5  0.6  0.7  0.8  0.9    1
RHF C: 
 2.65522710016023e-09     0.995388341917086    -0.260144182550671 -3.15101841684476e-06   -0.0001059904353455  2.32277550707067e-06   5.1424524450049e-13  7.38867404740095e-11  -1.0964500831678e-10  -5.6843489707619e-14
-1.57454571147805e-08    0.0189027351383401      1.02864739569143  1.24746594505083e-05  0.000424141730906985 -9.22720839638639e-06 -2.05547855739157e-12 -2.90190181166607e-10  4.30606074810677e-10  2.28239704553313e-13
 9.12736674663082e-15 -5.93191279471215e-13 -4.11900742432941e-11 -1.04415295899322e-11  3.33836230112008e-07  2.21356835778166e-10  1.31691075356712e-05     0.920765373488245     0.390116811748201  1.73473377638081e-06
  5.7897606225521e-14 -3.35039154995681e-12  -3.0363853368901e-10 -6.20324961715014e-11  1.93829027421646e-06  1.46655852976238e-09 -3.10822925180267e-05     0.390116811968475    -0.920765372963831  7.34985077902533e-07
 -4.5094753012001e-08 -1.27448643777161e-06 -0.000412306089503091 -3.47004641903171e-05      0.99999991331263 -4.71732907550985e-05  4.51657731034384e-11 -1.06354440057218e-06  1.65447534927863e-06 -2.42062857592272e-13
    0.995027800591337  4.50763797580716e-09 -2.92886371572075e-06     0.263185241397514  9.98546236646471e-06    0.0027396569212606  1.28210770261402e-10 -3.87790673946766e-12  6.06943390081509e-12  7.82518329116894e-11
   0.0201928516127775 -1.37542772930772e-08  1.14380247765887e-05     -1.02899401470167  -3.9086013564315e-05   -0.0108566048765086 -5.08077940558156e-10  1.52010011162524e-11  -2.3792853999786e-11  -3.0495535601975e-10
 9.02301061919237e-13 -9.68464743136854e-16 -2.55282326451333e-13  8.25403758889418e-11 -9.22429187618387e-13  3.62992378169516e-08    -0.390116811695051   1.4824821627858e-06  1.30623040526693e-05    -0.920765373512786
-3.77517481991746e-12  3.86151924000403e-15  6.00293890111684e-13  1.21718305899578e-09  3.07835191681104e-12 -1.47504864207558e-07     0.920765372997826  6.28181596677479e-07 -3.08300409056313e-05    -0.390116811913229
-3.71218115629118e-05  3.37235627646917e-08 -6.66004141714483e-06    0.0105493836535317 -3.98271147409155e-05    -0.999944352226917 -1.49981496295234e-07  8.18571733568068e-10  -1.3253185615801e-09  2.41255162583646e-08
RDM (no constraint): 
     1.99999999847836  2.45958003258378e-12  6.49544743092236e-10  4.15862635439387e-07   3.4761491979852e-10 -3.75436265838999e-05 -3.11135499181063e-12  2.86798384514006e-13 -3.32782811056277e-13  2.83393816557766e-12
 2.45958003258378e-12      1.99999999903353 -6.27961354660618e-07 -9.64529250013761e-10  3.00644628262701e-05 -5.97203621407657e-08  1.83581531440383e-12 -3.01742600372971e-11  4.69262374537988e-11 -3.92719224729735e-12
 6.49544743092236e-10 -6.27961354660618e-07      1.99957829563294 -7.34065128368909e-07    0.0204723510970228  1.17826024971766e-07 -1.88019750872472e-11 -2.15995367650705e-08  3.35931210361889e-08  5.02999315514358e-11
 4.15862635439387e-07 -9.64529250013761e-10 -7.34065128368909e-07       1.9998843995214  2.97125115380289e-05    0.0106385516872561  5.29949525545813e-10  -8.7417723371681e-11  1.01457708039334e-10  2.50317140031898e-10
  3.4761491979852e-10  3.00644628262701e-05    0.0204723510970228  2.97125115380289e-05      1.00042086231305  0.000324664874810665  7.43279466204589e-10 -4.45298133820344e-10  6.91918928814916e-10 -1.25721717831243e-09
-3.75436265838999e-05 -5.97203621407657e-08  1.17826024971766e-07    0.0106385516872561  0.000324664874810665      1.00011484172715  5.72798112477937e-12  7.31489250265819e-09  -8.1019048171988e-09  2.43546022919411e-12
-3.11135499181063e-12  1.83581531440383e-12 -1.88019750872472e-11  5.29949525545813e-10  7.43279466204589e-10  5.72798112477937e-12      1.00000040001426 -3.45999661987099e-11 -1.39330869804582e-05   2.9491679349555e-15
 2.86798384514006e-13 -3.01742600372971e-11 -2.15995367650705e-08  -8.7417723371681e-11 -4.45298133820344e-10  7.31489250265819e-09 -3.45999661987099e-11      1.00000040074436  2.07279313358168e-15 -1.39326178672962e-05
-3.32782811056277e-13  4.69262374537988e-11  3.35931210361889e-08  1.01457708039334e-10  6.91918928814916e-10  -8.1019048171988e-09 -1.39330869804582e-05  2.07279313358168e-15      1.00000040163253 -6.81754075573997e-11
 2.83393816557766e-12 -3.92719224729735e-12  5.02999315514358e-11  2.50317140031898e-10 -1.25721717831243e-09  2.43546022919411e-12   2.9491679349555e-15 -1.39326178672962e-05 -6.81754075573997e-11      1.00000040090243
RDM Eigenvectors: 
    0.962834888621903    -0.270004713583572  -0.00485896790413733  -0.00477712427185468  2.65590873281567e-05  7.09160787540865e-11 -1.33146408697165e-10 -1.38131086384749e-10 -7.54185501012262e-11 -2.65389624519205e-05
    0.270008498238751     0.962844616200183  -0.00344297807768037   0.00371496041217334 -2.12267628020502e-05 -5.08482685129095e-10  5.60075172095539e-10 -5.67298277978221e-10 -5.11287344332964e-10 -2.13001175425596e-05
  -0.0013518841129453  -0.00487895695161572    -0.699274899603096      0.71454159188656    -0.014483095947216 -3.48083593282947e-07  3.84403654964943e-07 -3.84998531952923e-07 -3.48461420176393e-07   -0.0144753711164197
  0.00652373061534293  -0.00197238727476973     0.714644641906292     0.699373571547944  -0.00754698888238737 -2.07415209110991e-08  3.90349542787498e-08   3.9369022931443e-08  2.10580047729454e-08   0.00749912001541006
-1.93617727133859e-05 -7.10284533569125e-05   -0.0142982549824246    0.0146578607302626     0.706913430010438  1.59214918387313e-05 -1.79000681767677e-05  1.79332921724527e-05   1.5941412501067e-05     0.707003608848349
 3.32359783218577e-05 -1.09287796485431e-05   0.00759913264989655   0.00744621757236249     0.707111507202249  1.93564263869433e-06 -3.59945085732174e-06 -3.74408928932036e-06 -2.06664020503776e-06    -0.707022009664437
 9.68706517151179e-13  1.60231429235616e-12  3.81626402753998e-10  3.67823436690588e-10  2.37305017358151e-06    -0.702974579622515    0.0761426555423817    0.0761388231788951     0.703016298534436 -2.39697614743119e-06
 2.10103375308047e-11   7.6376936063827e-11  1.51036369883898e-08 -1.54471242415883e-08  1.60348337174648e-05    0.0761438033208265     0.702993089986728    -0.702997971896497    0.0761359812289053   1.6166618071686e-05
-3.26846552558793e-11 -1.18787297157992e-10 -2.34900108364435e-08  2.40246921210884e-08 -1.76983206274432e-05     0.703015496101847   -0.0761462299223504    0.0761335540136031     0.702975565173374 -1.78462093393863e-05
 3.25726116905923e-12 -5.19777827285729e-12  1.61498605699659e-10  1.92784249266015e-10 -3.41985199157669e-06   -0.0761450825969634    -0.702996986318548    -0.702993892385868    0.0761363964730876  3.45042266694379e-06
Total C: 
    0.269114980282371     0.959673551312227      0.17848447815347     -0.18218975008366   0.00367330446362756   8.8291006370661e-08 -9.74937599523697e-08  9.76206573312829e-08  8.83756827664191e-08   0.00366788019388298
  0.00371334475748151    0.0131816200186377    -0.719369605632153     0.735096443345009    -0.014605187497505   -3.510479895133e-07  3.87630831777034e-07 -3.88160694808306e-07 -3.51393662811808e-07     -0.01458396830784
-2.53400689627095e-14 -8.20178806177025e-14   -7.187097665735e-12  7.50079073339202e-12  8.09608307245875e-06     0.344359351818384     0.617585553829558    -0.617595427616824     0.344355351593388  8.15939769032389e-06
-3.17238075725442e-14 -1.56432528895293e-13 -1.40575730864778e-11  1.44514798802253e-11  2.39226280426552e-05    -0.617585553538014     0.344359351480444    -0.344355351097402    -0.617595427546433  2.41084634002005e-05
-1.94198662846273e-05 -7.01628218470058e-05   -0.0140350908134148    0.0143386252407242     0.706886245285439  1.70036511461193e-05 -1.87736994899546e-05  1.88072588647506e-05  1.70237650331164e-05     0.707042608157235
    0.959764527213295    -0.269181311547799     0.183271838753784     0.179329884466342 -1.54848494058536e-05 -1.74147982871436e-11  5.13759117185613e-11  1.04520721890107e-10  6.54938315110938e-11  1.73551180474824e-05
   0.0127291230270678   -0.0034225380389326    -0.735553115773137    -0.719820923590934  6.17163697467005e-05  6.83539774482173e-11 -1.99373846418581e-10 -4.07325112404541e-10 -2.56433355968241e-10 -6.90264328004574e-05
-7.63697505246913e-13  3.35665115220562e-12  3.71514390733513e-11  7.10608537355838e-12  2.24857345665769e-06     0.344363253007623     0.617590800201151     0.617589351252658    -0.344352939139637 -2.26780255883002e-06
-9.74332654785381e-13  3.73798376346683e-12  3.76176080753955e-11  1.61247784874357e-11  3.41541049154306e-06     -0.61759080031317     0.344363252917962     0.344352939205557     0.617589351143066 -3.44825969095604e-06
-1.36086625490106e-07  2.11558974729679e-07 -5.42423560604303e-05 -7.30082796454922e-05    -0.707179832954011 -1.83365877667436e-06  3.57266891714332e-06  3.71452873525817e-06  1.96164282286313e-06      0.70703371603584
Basis set used: STO-3G
Naturals: 
 1.99999999999987  1.99999999999968  1.99999764492988  1.99999753788596  1.00032586675694  1.00001433391595  1.00001433343566 0.999986468211129 0.999986467730849  0.99967734713413
Naturals: 
 1.99999999999987   1.9999999999997  1.99999763786683  1.99999754522839  1.00028222540886  1.00001245641178  1.00001245641176 0.999988345234593 0.999988345234568 0.999720988203696
Version: Tmhuysen's fci hack
