HCORE:-24.9841 -6.08204 -5.71639 -7.14864 -7.15488 -32.3004 -7.63782  -5.7069  -5.7069 -7.14864
HCORE2:-32.3004 -24.9841 -7.63782 -7.15488 -7.14864 -7.14864 -6.08204 -5.71639  -5.7069  -5.7069
Lodwin Orthonormalized
TOTAL ENERGY: -123.347938076023	 lambda: -5	 population of target: 4.00000000000074
1RDM: 
                    2   6.2833160882754e-13 -4.36709402148879e-16 -1.64279573547641e-15  2.57097156769754e-21 -5.79071869326223e-22 -8.35822320289261e-11 -2.61144990404565e-09 -5.48335745253692e-15  2.41979338818436e-14
  6.2833160882754e-13      1.99997463063544  8.57063904445141e-11  3.13669341201681e-10 -3.38440845964227e-14  8.51357107573598e-15   0.00166138994665863  3.01789910106573e-05 -3.59856291998264e-16  1.55106230213578e-14
-4.36709402148879e-16  8.57063904445141e-11      1.99999999999994 -2.05538968555139e-13  3.44968380832013e-19 -1.36552304826677e-20 -1.09260468339814e-08 -3.26601657919428e-07  -6.6105880550972e-14  2.35269496517785e-13
-1.64279573547641e-15  3.13669341201681e-10 -2.05538968555139e-13      1.99999999999922  1.29018271121571e-18 -2.90943391945869e-19 -4.05120888259469e-08 -1.22874968423247e-06  -3.8826761662273e-14  1.22990132623406e-11
 2.57097156769754e-21 -3.38440845964227e-14  3.44968380832013e-19  1.29018271121571e-18                     2  1.36316580000551e-23  2.33911848065648e-12  1.40399618425568e-12 -4.18525381591658e-08 -1.79817806035405e-16
-5.79071869326223e-22  8.51357107573598e-15 -1.36552304826677e-20 -2.90943391945869e-19  1.36316580000551e-23                     2   -5.813128064542e-13  1.19247587535159e-13 -9.03400939845948e-17  4.18627088906329e-08
-8.35822320289261e-11   0.00166138994665863 -1.09260468339814e-08 -4.05120888259469e-08  2.33911848065648e-12   -5.813128064542e-13      1.88572591789548   -0.0323912104677422  1.00610317004422e-13 -3.98106946668443e-12
-2.61144990404565e-09  3.01789910106573e-05 -3.26601657919428e-07 -1.22874968423247e-06  1.40399618425568e-12  1.19247587535159e-13   -0.0323912104677422    0.0381188298493166 -4.45584146426573e-15  1.83479557746094e-13
-5.48335745253692e-15 -3.59856291998264e-16  -6.6105880550972e-14  -3.8826761662273e-14 -4.18525381591658e-08 -9.03400939845948e-17  1.00610317004422e-13 -4.45584146426573e-15    0.0380903108103789  2.33405256495098e-18
 2.41979338818436e-14  1.55106230213578e-14  2.35269496517785e-13  1.22990132623406e-11 -1.79817806035405e-16  4.18627088906329e-08 -3.98106946668443e-12  1.83479557746094e-13  2.33405256495098e-18     0.038090310810213
First eigenvector coefficient: -0.970810689365381
TOTAL ENERGY: -123.347938076024	 lambda: -4.975	 population of target: 4.00000000000075
1RDM: 
                    2  6.35926580604133e-13  -4.4471217874868e-16 -1.67351736048728e-15  1.76267798611659e-21 -4.12459662274923e-22 -8.44089052445316e-11 -2.63483722171607e-09 -1.18787416795004e-16   5.0566092781445e-16
 6.35926580604133e-13      1.99997463063552  8.62233624021161e-11  3.16229801866071e-10  -3.3913568051922e-14  8.47938766216947e-15   0.00166138994183198  3.01789529401561e-05  1.47322407253128e-16 -5.38735550349142e-15
 -4.4471217874868e-16  8.62233624021161e-11      1.99999999999994 -2.09450239988266e-13  2.29933013386061e-19 -5.24795024173657e-20 -1.10084437183318e-08 -3.29638413821566e-07 -2.75260492498834e-15 -1.94644140033403e-15
-1.67351736048728e-15  3.16229801866071e-10 -2.09450239988266e-13      1.99999999999921  8.54079519128775e-19 -4.10724535056107e-19 -4.08708854053994e-08 -1.24062622760493e-06 -3.46539691861476e-15  1.00330250648986e-11
 1.76267798611659e-21  -3.3913568051922e-14  2.29933013386061e-19  8.54079519128775e-19                     2  1.36560692395061e-23  2.33312824282144e-12  6.92641656176767e-13 -4.22124910445363e-08 -1.66374298548679e-16
-4.12459662274923e-22  8.47938766216947e-15 -5.24795024173657e-20 -4.10724535056107e-19  1.36560692395061e-23                     2 -5.82893656263578e-13 -1.43509106958759e-13 -8.48151097064461e-17  4.22225224522019e-08
-8.44089052445316e-11   0.00166138994183198 -1.10084437183318e-08 -4.08708854053994e-08  2.33312824282144e-12 -5.82893656263578e-13      1.88572591789541   -0.0323912104672267 -3.39363219380323e-14  1.56422753374135e-12
-2.63483722171607e-09  3.01789529401561e-05 -3.29638413821566e-07 -1.24062622760493e-06  6.92641656176767e-13 -1.43509106958759e-13   -0.0323912104672267    0.0381188298492866  1.50706619979318e-15 -6.22683545387446e-14
-1.18787416795004e-16  1.47322407253128e-16 -2.75260492498834e-15 -3.46539691861476e-15 -4.22124910445363e-08 -8.48151097064461e-17 -3.39363219380323e-14  1.50706619979318e-15     0.038090310810314  2.30890480758708e-18
  5.0566092781445e-16 -5.38735550349142e-15 -1.94644140033403e-15  1.00330250648986e-11 -1.66374298548679e-16  4.22225224522019e-08  1.56422753374135e-12 -6.22683545387446e-14  2.30890480758708e-18    0.0380903108103079
First eigenvector coefficient: 0.97081068936539
TOTAL ENERGY: -123.347938076024	 lambda: -4.95	 population of target: 4.00000000000077
1RDM: 
                    2  6.37992286846035e-13 -4.50195943021768e-16  -1.6984201512699e-15  1.73173637583117e-21 -4.32287961233665e-22 -8.47490465086807e-11 -2.64758560446857e-09 -6.53099395954398e-18  -1.5881278135725e-17
 6.37992286846035e-13      1.99997463063551  8.67841541452238e-11  3.18847233395422e-10 -3.39148938654669e-14  8.47886356354791e-15   0.00166138994204585  3.01789539043061e-05 -2.49267158783577e-17  1.71586538117246e-15
-4.50195943021768e-16  8.67841541452238e-11      1.99999999999994 -2.13123591697925e-13  2.26516251639843e-19 -5.65909507366315e-20 -1.10849834641457e-08 -3.32100294679801e-07  1.78211417627177e-17  1.98576431698067e-16
 -1.6984201512699e-15  3.18847233395422e-10 -2.13123591697925e-13      1.99999999999919  8.42784623267013e-19 -4.28433112505333e-19 -4.12425705692496e-08 -1.25304329662747e-06  9.70563510415322e-17  1.00214768385314e-11
 1.73173637583117e-21 -3.39148938654669e-14  2.26516251639843e-19  8.42784623267013e-19                     2  1.36736008602326e-23   2.3327624618807e-12  6.62590378736615e-13 -4.26477686735512e-08 -1.66046870225041e-16
-4.32287961233665e-22  8.47886356354791e-15 -5.65909507366315e-20 -4.28433112505333e-19  1.36736008602326e-23                     2 -5.83196999771706e-13 -1.65393557316386e-13 -8.47363692287701e-17  4.26577804105693e-08
-8.47490465086807e-11   0.00166138994204585 -1.10849834641457e-08 -4.12425705692496e-08   2.3327624618807e-12 -5.83196999771706e-13      1.88572591789258   -0.0323912104683746  1.17971421580126e-14 -3.20663114634579e-13
-2.64758560446857e-09  3.01789539043061e-05 -3.32100294679801e-07 -1.25304329662747e-06  6.62590378736615e-13 -1.65393557316386e-13   -0.0323912104683746    0.0381188298506696 -5.23964302633305e-16  2.14395588717253e-14
-6.53099395954398e-18 -2.49267158783577e-17  1.78211417627177e-17  9.70563510415322e-17 -4.26477686735512e-08 -8.47363692287701e-17  1.17971421580126e-14 -5.23964302633305e-16     0.038090310811047  2.28508708724618e-18
 -1.5881278135725e-17  1.71586538117246e-15  1.98576431698067e-16  1.00214768385314e-11 -1.66046870225041e-16  4.26577804105693e-08 -3.20663114634579e-13  2.14395588717253e-14  2.28508708724618e-18    0.0380903108110451
First eigenvector coefficient: -0.970810689364636
TOTAL ENERGY: -123.347938076024	 lambda: -4.925	 population of target: 4.00000000000079
1RDM: 
                    2  6.40327208126416e-13  -4.5543318334993e-16 -1.72258745803609e-15  1.73677025623081e-21  -4.3409390974771e-22 -8.50782380938037e-11 -2.65850699952118e-09  2.53980641339873e-19  1.72382178022287e-18
 6.40327208126416e-13      1.99997463063551  8.73498220750364e-11  3.21484904031339e-10 -3.39150316111666e-14  8.47875398722113e-15   0.00166138994199375  3.01789538518366e-05  3.50368949275804e-17 -7.51511299584939e-16
 -4.5543318334993e-16  8.73498220750364e-11      1.99999999999994 -2.16878589849874e-13  2.27862846086318e-19 -5.69470365448806e-20 -1.11622416816565e-08 -3.34585800076017e-07 -7.50543761001348e-18 -7.78460107997589e-17
-1.72258745803609e-15  3.21484904031339e-10 -2.16878589849874e-13      1.99999999999918   8.4959487991729e-19 -4.32216471501859e-19 -4.16188141822983e-08  -1.2656655661109e-06 -2.18993215233498e-17  1.00118865468088e-11
 1.73677025623081e-21 -3.39150316111666e-14  2.27862846086318e-19   8.4959487991729e-19                     2  1.36982282362997e-23  2.33275109758831e-12  6.61228269254284e-13  -4.3077634487685e-08 -1.66707287669306e-16
 -4.3409390974771e-22  8.47875398722113e-15 -5.69470365448806e-20 -4.32216471501859e-19  1.36982282362997e-23                     2 -5.83185947016002e-13 -1.65207455862314e-13 -8.50739126078091e-17  4.30876468497046e-08
-8.50782380938037e-11   0.00166138994199375 -1.11622416816565e-08 -4.16188141822983e-08  2.33275109758831e-12 -5.83185947016002e-13      1.88572591789592   -0.0323912104675873 -4.09087732258952e-15  3.34156594748795e-13
-2.65850699952118e-09  3.01789538518366e-05 -3.34585800076017e-07  -1.2656655661109e-06  6.61228269254284e-13 -1.65207455862314e-13   -0.0323912104675873    0.0381188298495315  1.81957396862663e-16 -7.65487932921477e-15
 2.53980641339873e-19  3.50368949275804e-17 -7.50543761001348e-18 -2.18993215233498e-17  -4.3077634487685e-08 -8.50739126078091e-17 -4.09087732258952e-15  1.81957396862663e-16    0.0380903108099541  2.26135146233107e-18
 1.72382178022287e-18 -7.51511299584939e-16 -7.78460107997589e-17  1.00118865468088e-11 -1.66707287669306e-16  4.30876468497046e-08  3.34156594748795e-13 -7.65487932921477e-15  2.26135146233107e-18    0.0380903108099521
First eigenvector coefficient: 0.970810689365499
TOTAL ENERGY: -123.347938076024	 lambda: -4.9	 population of target: 4.0000000000008
1RDM: 
                    2  6.42674069080964e-13  -4.6077645620683e-16 -1.74735971491544e-15  1.74351648014603e-21  -4.3589038358418e-22 -8.54109725320633e-11 -2.66959783656069e-09 -3.50982868247335e-20 -3.32881000388046e-19
 6.42674069080964e-13      1.99997463063551  8.79233932275029e-11  3.24169232980426e-10 -3.39150324202173e-14   8.4787596480824e-15   0.00166138994204727  3.01789538545865e-05  1.43222751361122e-17  1.06240706867751e-16
 -4.6077645620683e-16  8.79233932275029e-11      1.99999999999994 -2.20733820254891e-13  2.29457536909951e-19 -5.73669112277186e-20 -1.12405972523082e-08 -3.37107253721578e-07  6.79586352884765e-19  9.00543519169557e-18
-1.74735971491544e-15  3.24169232980426e-10 -2.20733820254891e-13      1.99999999999916  8.57404021425485e-19 -4.36500030803417e-19 -4.20022644010361e-08   -1.278546712275e-06  1.41441696822809e-18  1.00125190751367e-11
 1.74351648014603e-21 -3.39150324202173e-14  2.29457536909951e-19  8.57404021425485e-19                     2  1.37238525613357e-23  2.33275072178705e-12  6.61198993319606e-13 -4.35173943782319e-08 -1.67378417368205e-16
 -4.3589038358418e-22   8.4787596480824e-15 -5.73669112277186e-20 -4.36500030803417e-19  1.37238525613357e-23                     2 -5.83188019459463e-13 -1.65313272399679e-13 -8.54167348493279e-17  4.35274066118166e-08
-8.54109725320633e-11   0.00166138994204727 -1.12405972523082e-08 -4.20022644010361e-08  2.33275072178705e-12 -5.83188019459463e-13      1.88572591789196   -0.0323912104683876  1.43081868887525e-15  1.06581022140089e-13
-2.66959783656069e-09  3.01789538545865e-05 -3.37107253721578e-07   -1.278546712275e-06  6.61198993319606e-13 -1.65313272399679e-13   -0.0323912104683876    0.0381188298508915 -6.34062106141001e-17   2.4576517202536e-15
-3.50982868247335e-20  1.43222751361122e-17  6.79586352884765e-19  1.41441696822809e-18 -4.35173943782319e-08 -8.54167348493279e-17  1.43081868887525e-15 -6.34062106141001e-17    0.0380903108112655  2.23760382618059e-18
-3.32881000388046e-19  1.06240706867751e-16  9.00543519169557e-18  1.00125190751367e-11 -1.67378417368205e-16  4.35274066118166e-08  1.06581022140089e-13   2.4576517202536e-15  2.23760382618059e-18    0.0380903108112626
First eigenvector coefficient: -0.970810689364458
TOTAL ENERGY: -123.347938076024	 lambda: -4.875	 population of target: 4.00000000000082
1RDM: 
                    2  6.45049194702075e-13 -4.66225732805265e-16 -1.77273649856816e-15  1.75038944854442e-21 -4.37606799502174e-22 -8.57478742042169e-11 -2.68083294658756e-09  3.56034757463918e-21  5.31546235529598e-20
 6.45049194702075e-13      1.99997463063551   8.8504585426579e-11  3.26898975265166e-10 -3.39150326702954e-14  8.47875880800023e-15   0.00166138994198717   3.0178953854596e-05  2.16545953903652e-17 -1.91953765365303e-16
-4.66225732805265e-16   8.8504585426579e-11      1.99999999999994 -2.24693509478308e-13  2.31079089144205e-19 -5.77708351152838e-20 -1.13200662518915e-08 -3.39666877591947e-07 -7.60374925433964e-20  6.69837095707114e-19
-1.77273649856816e-15  3.26898975265166e-10 -2.24693509478308e-13      1.99999999999914  8.65376236340612e-19 -4.40776182365794e-19 -4.23929298466491e-08 -1.29169285554073e-06  -9.2759891621762e-19  1.00124317858836e-11
 1.75038944854442e-21 -3.39150326702954e-14  2.31079089144205e-19  8.65376236340612e-19                     2  1.37501629936026e-23  2.33275067986401e-12   6.6119522154928e-13 -4.39660910726144e-08 -1.68067837588294e-16
-4.37606799502174e-22  8.47875880800023e-15 -5.77708351152838e-20 -4.40776182365794e-19  1.37501629936026e-23                     2 -5.83187826224403e-13 -1.65304840559563e-13 -8.57685397625794e-17  4.39761033175223e-08
-8.57478742042169e-11   0.00166138994198717 -1.13200662518915e-08 -4.23929298466491e-08  2.33275067986401e-12 -5.83187826224403e-13      1.88572591789646   -0.0323912104675185 -4.90394875132886e-16  1.85762866351097e-13
-2.68083294658756e-09   3.0178953854596e-05 -3.39666877591947e-07 -1.29169285554073e-06   6.6119522154928e-13 -1.65304840559563e-13   -0.0323912104675185    0.0381188298493894  2.19670022721316e-17 -1.06105066237603e-15
 3.56034757463918e-21  2.16545953903652e-17 -7.60374925433964e-20  -9.2759891621762e-19 -4.39660910726144e-08 -8.57685397625794e-17 -4.90394875132886e-16  2.19670022721316e-17    0.0380903108097756  2.21385674595674e-18
 5.31546235529598e-20 -1.91953765365303e-16  6.69837095707114e-19  1.00124317858836e-11 -1.68067837588294e-16  4.39761033175223e-08  1.85762866351097e-13 -1.06105066237603e-15  2.21385674595674e-18    0.0380903108097737
First eigenvector coefficient: 0.97081068936562
TOTAL ENERGY: -123.347938076024	 lambda: -4.85	 population of target: 4.00000000000084
1RDM: 
                    2  6.47451109804168e-13 -4.71784912160542e-16 -1.79874300988178e-15  1.75735300815922e-21  -4.3934817432491e-22 -8.60889985656168e-11  -2.6922220062851e-09 -3.64572921143255e-22  8.33658937201524e-21
 6.47451109804168e-13      1.99997463063551  8.90935742508048e-11  3.29675432351653e-10 -3.39150327142189e-14  8.47875889357648e-15   0.00166138994205757  3.01789538542512e-05  1.92253990526909e-17 -8.78300692383637e-17
-4.71784912160542e-16  8.90935742508048e-11      1.99999999999994  -2.2876138458365e-13  2.32724534174009e-19 -5.81824135362622e-20 -1.14006717494412e-08 -3.42265390701373e-07  6.61798609091324e-21  1.88278862887575e-18
-1.79874300988178e-15  3.29675432351653e-10  -2.2876138458365e-13      1.99999999999912   8.7350277283753e-19 -4.45146412729509e-19 -4.27910269541789e-08 -1.30511221073611e-06 -6.51395619989856e-19  1.00124410143716e-11
 1.75735300815922e-21 -3.39150327142189e-14  2.32724534174009e-19   8.7350277283753e-19                     2  1.37771818008532e-23  2.33275068546511e-12  6.61195377107215e-13 -4.44241480141401e-08 -1.68771274373543e-16
 -4.3934817432491e-22  8.47875889357648e-15 -5.81824135362622e-20 -4.45146412729509e-19  1.37771818008532e-23                     2 -5.83187849072683e-13 -1.65305920196021e-13 -8.61275198501142e-17  4.44341602569083e-08
-8.60889985656168e-11   0.00166138994205757 -1.14006717494412e-08 -4.27910269541789e-08  2.33275068546511e-12 -5.83187849072683e-13      1.88572591789121   -0.0323912104685228  1.78841717070656e-16  1.58180021796523e-13
 -2.6922220062851e-09  3.01789538542512e-05 -3.42265390701373e-07 -1.30511221073611e-06  6.61195377107215e-13 -1.65305920196021e-13   -0.0323912104685228    0.0381188298511824 -7.77289314738075e-18  1.64601427784877e-16
-3.64572921143255e-22  1.92253990526909e-17  6.61798609091324e-21 -6.51395619989856e-19 -4.44241480141401e-08 -8.61275198501142e-17  1.78841717070656e-16 -7.77289314738075e-18    0.0380903108115136  2.19010951149118e-18
 8.33658937201524e-21 -8.78300692383637e-17  1.88278862887575e-18  1.00124410143716e-11 -1.68771274373543e-16  4.44341602569083e-08  1.58180021796523e-13  1.64601427784877e-16  2.19010951149118e-18    0.0380903108115117
First eigenvector coefficient: -0.970810689364245
TOTAL ENERGY: -123.347938076024	 lambda: -4.825	 population of target: 4.00000000000086
1RDM: 
                    2  6.49880464415135e-13 -4.77457040128821e-16 -1.82540102737069e-15  1.76440443165758e-21 -4.41111054366706e-22 -8.64344341798288e-11 -2.70376788919266e-09  5.93261461960854e-23  1.43487263770892e-20
 6.49880464415135e-13      1.99997463063551  8.96905189710299e-11  3.32499820526145e-10 -3.39150327479529e-14   8.4787588911215e-15   0.00166138994197706   3.0178953854592e-05  2.01976788913888e-17 -1.23897238675967e-16
-4.77457040128821e-16  8.96905189710299e-11      1.99999999999994 -2.32941460969703e-13  2.34393654047156e-19 -5.85996807985543e-20 -1.14824386231162e-08 -3.44903694512811e-07 -2.39418399963354e-21  1.75259189155264e-18
-1.82540102737069e-15  3.32499820526145e-10 -2.32941460969703e-13      1.99999999999911  8.81785313798754e-19 -4.49603852455794e-19 -4.31967724506436e-08 -1.31881339487206e-06 -6.90982590065395e-19  1.00124400071916e-11
 1.76440443165758e-21 -3.39150327479529e-14  2.34393654047156e-19  8.81785313798754e-19                     2  1.38049351783308e-23  2.33275068744841e-12  6.61195357362173e-13 -4.48918452303033e-08 -1.69489556626899e-16
-4.41111054366706e-22   8.4787588911215e-15 -5.85996807985543e-20 -4.49603852455794e-19  1.38049351783308e-23                     2 -5.83187847214355e-13 -1.65305803193773e-13 -8.64940735419532e-17   4.4901857472519e-08
-8.64344341798288e-11   0.00166138994197706 -1.14824386231162e-08 -4.31967724506436e-08  2.33275068744841e-12 -5.83187847214355e-13      1.88572591789724   -0.0323912104673744 -5.45845926221413e-17  1.67800169404429e-13
-2.70376788919266e-09   3.0178953854592e-05 -3.44903694512811e-07 -1.31881339487206e-06  6.61195357362173e-13 -1.65305803193773e-13   -0.0323912104673744     0.038118829849161  2.59949230782117e-18 -2.62964592440028e-16
 5.93261461960854e-23  2.01976788913888e-17 -2.39418399963354e-21 -6.90982590065395e-19 -4.48918452303033e-08 -8.64940735419532e-17 -5.45845926221413e-17  2.59949230782117e-18    0.0380903108095197   2.1663621354781e-18
 1.43487263770892e-20 -1.23897238675967e-16  1.75259189155264e-18  1.00124400071916e-11 -1.69489556626899e-16   4.4901857472519e-08  1.67800169404429e-13 -2.62964592440028e-16   2.1663621354781e-18    0.0380903108095168
First eigenvector coefficient: 0.970810689365804
TOTAL ENERGY: -123.347938076024	 lambda: -4.8	 population of target: 4.00000000000088
1RDM: 
                    2  6.52337779187145e-13 -4.83245383982898e-16 -1.85273382854855e-15  1.77154580554786e-21 -4.42896442960891e-22 -8.67842747405696e-11  -2.7154743343337e-09  1.30949372946182e-23  1.36769190011836e-20
 6.52337779187145e-13      1.99997463063551  9.02955835440887e-11  3.35373401877817e-10 -3.39150327855856e-14  8.47875889697911e-15   0.00166138994206893  3.01789538541225e-05  1.99832508535087e-17 -1.11054547491465e-16
-4.83245383982898e-16  9.02955835440887e-11      1.99999999999994 -2.37237929137946e-13  2.36087004037224e-19 -5.90230309470437e-20 -1.15653922061004e-08 -3.47582699641178e-07 -1.42741398961189e-21    1.784746076333e-18
-1.85273382854855e-15  3.35373401877817e-10 -2.37237929137946e-13      1.99999999999909  8.90228604899279e-19 -4.54152367538253e-19 -4.36103917367863e-08 -1.33280538181722e-06  -6.9451212653626e-19  1.00124402035281e-11
 1.77154580554786e-21 -3.39150327855856e-14  2.36087004037224e-19  8.90228604899279e-19                     2  1.38334520207259e-23  2.33275069021907e-12  6.61195368362998e-13 -4.53694921145434e-08 -1.70223109780683e-16
-4.42896442960891e-22  8.47875889697911e-15 -5.90230309470437e-20 -4.54152367538253e-19  1.38334520207259e-23                     2 -5.83187847826063e-13 -1.65305817043342e-13 -8.68684202332521e-17  4.53795043560129e-08
-8.67842747405696e-11   0.00166138994206893 -1.15653922061004e-08 -4.36103917367863e-08  2.33275069021907e-12 -5.83187847826063e-13      1.88572591789035   -0.0323912104687079  2.69103285639817e-17  1.64440917425671e-13
 -2.7154743343337e-09  3.01789538541225e-05 -3.47582699641178e-07 -1.33280538181722e-06  6.61195368362998e-13 -1.65305817043342e-13   -0.0323912104687079     0.038118829851507 -1.02253418564551e-18 -1.13756274227871e-16
 1.30949372946182e-23  1.99832508535087e-17 -1.42741398961189e-21  -6.9451212653626e-19 -4.53694921145434e-08 -8.68684202332521e-17  2.69103285639817e-17 -1.02253418564551e-18    0.0380903108118007  2.14261461445001e-18
 1.36769190011836e-20 -1.11054547491465e-16    1.784746076333e-18  1.00124402035281e-11 -1.70223109780683e-16  4.53795043560129e-08  1.64440917425671e-13 -1.13756274227871e-16  2.14261461445001e-18    0.0380903108117988
First eigenvector coefficient: -0.970810689364001
TOTAL ENERGY: -123.347938076024	 lambda: -4.775	 population of target: 4.0000000000009
1RDM: 
                    2  6.54823593911468e-13  -4.8915332010247e-16 -1.88076571464976e-15  1.77877904481569e-21 -4.44704797199109e-22 -8.71386157337028e-11 -2.72734511592764e-09  1.82528630719553e-23  1.38291517871934e-20
 6.54823593911468e-13      1.99997463063551  9.09089366007227e-11  3.38297483733365e-10 -3.39150328211858e-14  8.47875890237978e-15   0.00166138994196489  3.01789538545148e-05  2.01833553046705e-17  -1.1529667119129e-16
 -4.8915332010247e-16  9.09089366007227e-11      1.99999999999993 -2.41655179581854e-13  2.37805110923074e-19 -5.94525674586242e-20 -1.16495586036209e-08  -3.5030334596068e-07  -1.5513801361418e-21  1.79629296623103e-18
-1.88076571464976e-15  3.38297483733365e-10 -2.41655179581854e-13      1.99999999999907  8.98837408980652e-19 -4.58794662907633e-19 -4.40321192763486e-08 -1.34709753127931e-06 -7.02418651210818e-19  1.00124402609752e-11
 1.77877904481569e-21 -3.39150328211858e-14  2.37805110923074e-19  8.98837408980652e-19                     2  1.38627625632502e-23  2.33275069277697e-12  6.61195376471517e-13 -4.58574093565852e-08 -1.70972430766253e-16
-4.44704797199109e-22  8.47875890237978e-15 -5.94525674586242e-20 -4.58794662907633e-19  1.38627625632502e-23                     2 -5.83187848233338e-13 -1.65305815687505e-13 -8.72508136431859e-17  4.58674215973144e-08
-8.71386157337028e-11   0.00166138994196489 -1.16495586036209e-08 -4.40321192763486e-08  2.33275069277697e-12 -5.83187848233338e-13      1.88572591789815   -0.0323912104672096 -1.60090172611076e-18  1.65615529578748e-13
-2.72734511592764e-09  3.01789538545148e-05  -3.5030334596068e-07 -1.34709753127931e-06  6.61195376471517e-13 -1.65305815687505e-13   -0.0323912104672096    0.0381188298488858  2.43861538487619e-19 -1.66024454000936e-16
 1.82528630719553e-23  2.01833553046705e-17  -1.5513801361418e-21 -7.02418651210818e-19 -4.58574093565852e-08 -8.72508136431859e-17 -1.60090172611076e-18  2.43861538487619e-19    0.0380903108092183  2.11886694299482e-18
 1.38291517871934e-20  -1.1529667119129e-16  1.79629296623103e-18  1.00124402609752e-11 -1.70972430766253e-16  4.58674215973144e-08  1.65615529578748e-13 -1.66024454000936e-16  2.11886694299482e-18    0.0380903108092153
First eigenvector coefficient: 0.970810689366023
TOTAL ENERGY: -123.347938076025	 lambda: -4.75	 population of target: 4.00000000000092
1RDM: 
                    2  6.57338462699804e-13 -4.95184352797197e-16 -1.90952213078476e-15  1.78610616354182e-21 -4.46536621883343e-22 -8.74975556705461e-11 -2.73938413854061e-09  1.77320706804699e-23  1.38791333785849e-20
 6.57338462699804e-13      1.99997463063551  9.15307515412841e-11  3.41273420577655e-10 -3.39150328601983e-14  8.47875890822945e-15   0.00166138994208328  3.01789538539633e-05  2.02384764111243e-17 -1.13563319263035e-16
-4.95184352797197e-16  9.15307515412841e-11      1.99999999999993 -2.46197812954967e-13  2.39548523930794e-19 -5.98884310194201e-20 -1.17349646918614e-08 -3.53066601893105e-07  -1.5583205171188e-21  1.81082064367309e-18
-1.90952213078476e-15  3.41273420577655e-10 -2.46197812954967e-13      1.99999999999905  9.07616708793973e-19 -4.63533707651061e-19 -4.44621990526515e-08 -1.36169960869938e-06 -7.10009188587127e-19  1.00124403378625e-11
 1.78610616354182e-21 -3.39150328601983e-14  2.39548523930794e-19  9.07616708793973e-19                     2  1.38928986389104e-23   2.3327506956061e-12  6.61195385103183e-13 -4.63559318051131e-08 -1.71738033212199e-16
-4.46536621883343e-22  8.47875890822945e-15 -5.98884310194201e-20 -4.63533707651061e-19  1.38928986389104e-23                     2 -5.83187848680186e-13 -1.65305816086262e-13 -8.76415157449653e-17  4.63659440450846e-08
-8.74975556705461e-11   0.00166138994208328 -1.17349646918614e-08 -4.44621990526515e-08   2.3327506956061e-12 -5.83187848680186e-13      1.88572591788927   -0.0323912104689267  8.36261007790381e-18  1.65204406816279e-13
-2.73938413854061e-09  3.01789538539633e-05 -3.53066601893105e-07 -1.36169960869938e-06  6.61195385103183e-13 -1.65305816086262e-13   -0.0323912104689267    0.0381188298519112 -1.99485541841135e-19 -1.47827640901572e-16
 1.77320706804699e-23  2.02384764111243e-17  -1.5583205171188e-21 -7.10009188587127e-19 -4.63559318051131e-08 -8.76415157449653e-17  8.36261007790381e-18 -1.99485541841135e-19     0.038090310812157  2.09511911710042e-18
 1.38791333785849e-20 -1.13563319263035e-16  1.81082064367309e-18  1.00124403378625e-11 -1.71738033212199e-16  4.63659440450846e-08  1.65204406816279e-13 -1.47827640901572e-16  2.09511911710042e-18    0.0380903108121551
First eigenvector coefficient: -0.970810689363701
TOTAL ENERGY: -123.347938076025	 lambda: -4.725	 population of target: 4.00000000000095
1RDM: 
                    2  6.59882953879827e-13 -5.01342118815859e-16 -1.93902972650234e-15  1.79352923203262e-21 -4.48392434702521e-22 -8.78611959737474e-11 -2.75159543305945e-09  1.78432627043057e-23  1.39430954177459e-20
 6.59882953879827e-13      1.99997463063552  9.21612067051739e-11  3.44302616239054e-10 -3.39150328967198e-14   8.4787589135464e-15   0.00166138994194825   3.0178953854497e-05  2.03443721772933e-17 -1.13922602670427e-16
-5.01342118815859e-16  9.21612067051739e-11      1.99999999999993 -2.50870652586582e-13   2.4131780794342e-19 -6.03307624516283e-20 -1.18216381445831e-08 -3.55873465699626e-07  -1.5771564336147e-21  1.82515212650965e-18
-1.93902972650234e-15  3.44302616239054e-10 -2.50870652586582e-13      1.99999999999903  9.16571688875427e-19 -4.68372580054465e-19   -4.490088505143e-08 -1.37662180803644e-06 -7.17817284873602e-19  1.00124404133377e-11
 1.79352923203262e-21 -3.39150328967198e-14   2.4131780794342e-19  9.16571688875427e-19                     2  1.39238937319471e-23  2.33275069823502e-12  6.61195393905166e-13 -4.68654090032128e-08 -1.72520453527727e-16
-4.48392434702521e-22   8.4787589135464e-15 -6.03307624516283e-20 -4.68372580054465e-19  1.39238937319471e-23                     2 -5.83187849090009e-13 -1.65305816290681e-13 -8.80408003383082e-17  4.68754212424079e-08
-8.78611959737474e-11   0.00166138994194825 -1.18216381445831e-08   -4.490088505143e-08  2.33275069823502e-12 -5.83187849090009e-13       1.8857259178994   -0.0323912104669844  4.85179779786455e-18  1.65348615140911e-13
-2.75159543305945e-09   3.0178953854497e-05 -3.55873465699626e-07 -1.37662180803644e-06  6.61195393905166e-13 -1.65305816290681e-13   -0.0323912104669844    0.0381188298485079 -4.40732207799524e-20 -1.54310163137538e-16
 1.78432627043057e-23  2.03443721772933e-17  -1.5771564336147e-21 -7.17817284873602e-19 -4.68654090032128e-08 -8.80408003383082e-17  4.85179779786455e-18 -4.40732207799524e-20     0.038090310808807  2.07137113118163e-18
 1.39430954177459e-20 -1.13922602670427e-16  1.82515212650965e-18  1.00124404133377e-11 -1.72520453527727e-16  4.68754212424079e-08  1.65348615140911e-13 -1.54310163137538e-16  2.07137113118163e-18    0.0380903108088061
First eigenvector coefficient: 0.970810689366325
TOTAL ENERGY: -123.347938076025	 lambda: -4.7	 population of target: 4.00000000000097
1RDM: 
                    2  6.62457651007096e-13 -5.07630393596585e-16 -1.96931642632252e-15  1.80105038413022e-21 -4.50272769088668e-22 -8.82296411941297e-11 -2.76398316326886e-09  1.78855898780985e-23  1.40061535369163e-20
 6.62457651007096e-13      1.99997463063551  9.28004855666506e-11  3.47386526171725e-10 -3.39150329375425e-14  8.47875891981307e-15   0.00166138994210441  3.01789538537417e-05   2.0432463931386e-17 -1.13548069598912e-16
-5.07630393596585e-16  9.28004855666506e-11      1.99999999999993 -2.55678757444592e-13  2.43113544826498e-19 -6.07797072761208e-20 -1.19096074684487e-08 -3.58724966520372e-07 -1.59571504849959e-21   1.8397949123208e-18
-1.96931642632252e-15  3.47386526171725e-10 -2.55678757444592e-13      1.99999999999901  9.25707748812498e-19 -4.73314493364326e-19 -4.53484417969424e-08 -1.39187477486213e-06 -7.25795468132365e-19  1.00124404916999e-11
 1.80105038413022e-21 -3.39150329375425e-14  2.43113544826498e-19  9.25707748812498e-19                     2  1.39557831014284e-23  2.33275070119777e-12  6.61195402864585e-13 -4.73862060122264e-08 -1.73320252049425e-16
-4.50272769088668e-22  8.47875891981307e-15 -6.07797072761208e-20 -4.73314493364326e-19  1.39557831014284e-23                     2 -5.83187849571854e-13 -1.65305816516042e-13 -8.84489533504526e-17  4.73962182506305e-08
-8.82296411941297e-11   0.00166138994210441 -1.19096074684487e-08 -4.53484417969424e-08  2.33275070119777e-12 -5.83187849571854e-13       1.8857259178877   -0.0323912104692295  6.06564861986918e-18  1.65298088078032e-13
-2.76398316326886e-09  3.01789538537417e-05 -3.58724966520372e-07 -1.39187477486213e-06  6.61195402864585e-13 -1.65305816516042e-13   -0.0323912104692295    0.0381188298524758 -9.86249048387178e-20 -1.52140766198598e-16
 1.78855898780985e-23   2.0432463931386e-17 -1.59571504849959e-21 -7.25795468132365e-19 -4.73862060122264e-08 -8.84489533504526e-17  6.06564861986918e-18 -9.86249048387178e-20    0.0380903108126837  2.04762298131469e-18
 1.40061535369163e-20 -1.13548069598912e-16   1.8397949123208e-18  1.00124404916999e-11 -1.73320252049425e-16  4.73962182506305e-08  1.65298088078032e-13 -1.52140766198598e-16  2.04762298131469e-18    0.0380903108126818
First eigenvector coefficient: -0.970810689363269
TOTAL ENERGY: -123.347938076025	 lambda: -4.675	 population of target: 4.00000000000099
1RDM: 
                    2  6.65063152810614e-13 -5.14053097872948e-16 -2.00041150643177e-15  1.80867181890468e-21 -4.52178174841496e-22 -8.86029990355933e-11 -2.77655163102716e-09  1.79365427935827e-23  1.40704711027127e-20
 6.65063152810614e-13      1.99997463063552  9.34487769231816e-11  3.50526659968169e-10 -3.39150329748392e-14  8.47875892515034e-15   0.00166138994192464  3.01789538545141e-05  2.05268082415338e-17 -1.13431203901088e-16
-5.14053097872948e-16  9.34487769231816e-11      1.99999999999993 -2.60627436497095e-13  2.44936334107581e-19  -6.1235415371825e-20 -1.19989020298719e-08 -3.61622165709149e-07  -1.6146075043326e-21  1.85464869699445e-18
-2.00041150643177e-15  3.50526659968169e-10 -2.60627436497095e-13      1.99999999999898  9.35030515085919e-19 -4.78362801050311e-19 -4.58051449075746e-08 -1.40746963281151e-06 -7.33952396098733e-19  1.00124405707887e-11
 1.80867181890468e-21 -3.39150329748392e-14  2.44936334107581e-19  9.35030515085919e-19                     2  1.39886038890342e-23   2.3327507038807e-12  6.61195412056872e-13 -4.79187043181464e-08 -1.74138014231477e-16
-4.52178174841496e-22  8.47875892515034e-15  -6.1235415371825e-20 -4.78362801050311e-19  1.39886038890342e-23                     2 -5.83187849981909e-13 -1.65305816753277e-13 -8.88662735570682e-17  4.79287165557385e-08
-8.86029990355933e-11   0.00166138994192464 -1.19989020298719e-08 -4.58051449075746e-08   2.3327507038807e-12 -5.83187849981909e-13      1.88572591790117   -0.0323912104666594   5.6201752389376e-18   1.6531593951959e-13
-2.77655163102716e-09  3.01789538545141e-05 -3.61622165709149e-07 -1.40746963281151e-06  6.61195412056872e-13 -1.65305816753277e-13   -0.0323912104666594    0.0381188298479501 -7.94505459397182e-20 -1.53011711374222e-16
 1.79365427935827e-23  2.05268082415338e-17  -1.6146075043326e-21 -7.33952396098733e-19 -4.79187043181464e-08 -8.88662735570682e-17   5.6201752389376e-18 -7.94505459397182e-20     0.038090310808223  2.02387466100832e-18
 1.40704711027127e-20 -1.13431203901088e-16  1.85464869699445e-18  1.00124405707887e-11 -1.74138014231477e-16  4.79287165557385e-08   1.6531593951959e-13 -1.53011711374222e-16  2.02387466100832e-18     0.038090310808221
First eigenvector coefficient: 0.970810689366763
TOTAL ENERGY: -123.347938076025	 lambda: -4.65	 population of target: 4.00000000000102
1RDM: 
                    2  6.67700074435446e-13 -5.20614304583212e-16  -2.0323456751796e-15  1.81639580385532e-21 -4.54109218846514e-22 -8.89813806056396e-11 -2.78930528309408e-09  1.79863757546481e-23  1.41356109188117e-20
 6.67700074435446e-13      1.99997463063551  9.41062751175773e-11  3.53724583922587e-10 -3.39150330177147e-14  8.47875893180427e-15   0.00166138994213241  3.01789538535154e-05  2.06189549948386e-17 -1.13223735369038e-16
-5.20614304583212e-16  9.41062751175773e-11      1.99999999999993 -2.65722263575756e-13  2.46786793557332e-19 -6.16980411870062e-20 -1.20895520957603e-08 -3.64566157981281e-07 -1.63396822729895e-21  1.86975292444223e-18
 -2.0323456751796e-15  3.53724583922587e-10 -2.65722263575756e-13      1.99999999999896  9.44545852611615e-19 -4.83521004767525e-19 -4.62712817083529e-08 -1.42341800988151e-06 -7.42295092286991e-19  1.00124406527822e-11
 1.81639580385532e-21 -3.39150330177147e-14  2.46786793557332e-19  9.44545852611615e-19                     2  1.40223952498767e-23   2.3327507069968e-12  6.61195421404235e-13 -4.84633027377355e-08   -1.749743521779e-16
-4.54109218846514e-22  8.47875893180427e-15 -6.16980411870062e-20 -4.83521004767525e-19  1.40223952498767e-23                     2 -5.83187850494749e-13 -1.65305816984904e-13 -8.92930733228059e-17  4.84733149744986e-08
-8.89813806056396e-11   0.00166138994213241 -1.20895520957603e-08 -4.62712817083529e-08   2.3327507069968e-12 -5.83187850494749e-13      1.88572591788561   -0.0323912104696362  5.75781577722085e-18  1.65309747714229e-13
-2.78930528309408e-09  3.01789538535154e-05 -3.64566157981281e-07 -1.42341800988151e-06  6.61195421404235e-13 -1.65305816984904e-13   -0.0323912104696362    0.0381188298532246 -8.61995388836565e-20 -1.52816038283436e-16
 1.79863757546481e-23  2.06189549948386e-17 -1.63396822729895e-21 -7.42295092286991e-19 -4.84633027377355e-08 -8.92930733228059e-17  5.75781577722085e-18 -8.61995388836565e-20    0.0380903108133798  2.00012616527389e-18
 1.41356109188117e-20 -1.13223735369038e-16  1.86975292444223e-18  1.00124406527822e-11   -1.749743521779e-16  4.84733149744986e-08  1.65309747714229e-13 -1.52816038283436e-16  2.00012616527389e-18    0.0380903108133757
First eigenvector coefficient: -0.970810689362702
TOTAL ENERGY: -123.347938076025	 lambda: -4.625	 population of target: 4.00000000000104
1RDM: 
                    2  6.70369046878452e-13 -5.27318245352657e-16 -2.06515115694942e-15  1.82422467624331e-21 -4.56066485442348e-22 -8.93649003696717e-11 -2.80224871510998e-09  1.80385814370214e-23  1.42018223456066e-20
 6.70369046878452e-13      1.99997463063552  9.47731801495616e-11  3.56981923407532e-10 -3.39150330556508e-14  8.47875893715368e-15   0.00166138994189193  3.01789538545833e-05   2.0711876513141e-17 -1.13048166710958e-16
-5.27318245352657e-16  9.47731801495616e-11      1.99999999999993 -2.70969093197581e-13  2.48665559801961e-19 -6.21677438821198e-20 -1.21815888487849e-08  -3.6755807248882e-07 -1.65384622006264e-21  1.88509582263947e-18
-2.06515115694942e-15  3.56981923407532e-10 -2.70969093197581e-13      1.99999999999894   9.5425987741216e-19 -4.88792762229911e-19 -4.67471517950003e-08 -1.43973206661705e-06 -7.50829411843105e-19  1.00124407353909e-11
 1.82422467624331e-21 -3.39150330556508e-14  2.48665559801961e-19   9.5425987741216e-19                     2  1.40571984769397e-23  2.33275070972282e-12  6.61195431009649e-13 -4.90204183885938e-08 -1.75829906021423e-16
-4.56066485442348e-22  8.47875893715368e-15 -6.21677438821198e-20 -4.88792762229911e-19  1.40571984769397e-23                     2 -5.83187850905733e-13 -1.65305817234701e-13 -8.97296793196796e-17  4.90304306245087e-08
-8.93649003696717e-11   0.00166138994189193 -1.21815888487849e-08 -4.67471517950003e-08  2.33275070972282e-12 -5.83187850905733e-13      1.88572591790362   -0.0323912104662082  5.68978950043144e-18   1.6531202162328e-13
-2.80224871510998e-09  3.01789538545833e-05  -3.6755807248882e-07 -1.43973206661705e-06  6.61195431009649e-13 -1.65305817234701e-13   -0.0323912104662082    0.0381188298471674 -8.38205767506438e-20 -1.52998436160454e-16
 1.80385814370214e-23   2.0711876513141e-17 -1.65384622006264e-21 -7.50829411843105e-19 -4.90204183885938e-08 -8.97296793196796e-17  5.68978950043144e-18 -8.38205767506438e-20    0.0380903108074142  1.97637748851619e-18
 1.42018223456066e-20 -1.13048166710958e-16  1.88509582263947e-18  1.00124407353909e-11 -1.75829906021423e-16  4.90304306245087e-08   1.6531202162328e-13 -1.52998436160454e-16  1.97637748851619e-18    0.0380903108074123
First eigenvector coefficient: 0.970810689367376
TOTAL ENERGY: -123.347938076025	 lambda: -4.6	 population of target: 4.00000000000107
1RDM: 
                    2  6.73070718686576e-13 -5.34169319032297e-16 -2.09886178867013e-15  1.83216084716037e-21 -4.58050577415839e-22 -8.97536764787162e-11 -2.81538668007841e-09  1.80895831883006e-23  1.42689269838835e-20
 6.73070718686576e-13      1.99997463063551  9.54496980400147e-11  3.60300366305466e-10 -3.39150331010246e-14   8.4787589442871e-15   0.00166138994217606  3.01789538531271e-05  2.08045258531907e-17 -1.12861347205955e-16
-5.34169319032297e-16  9.54496980400147e-11      1.99999999999993 -2.76374078418395e-13  2.50573289241097e-19 -6.26446875619597e-20 -1.22750444494615e-08 -3.70599074541069e-07 -1.67410495754022e-21  1.90069730226799e-18
-2.09886178867013e-15  3.60300366305466e-10 -2.76374078418395e-13      1.99999999999891  9.64178971149043e-19 -4.94181896791281e-19 -4.72330678119082e-08 -1.45642452855699e-06 -7.59562235895837e-19  1.00124408213894e-11
 1.83216084716037e-21 -3.39150331010246e-14  2.50573289241097e-19  9.64178971149043e-19                     2   1.4093057158216e-23  2.33275071302539e-12  6.61195440771193e-13 -4.95904878060566e-08 -1.76705345741068e-16
-4.58050577415839e-22   8.4787589442871e-15 -6.26446875619597e-20 -4.94181896791281e-19   1.4093057158216e-23                     2 -5.83187851455923e-13 -1.65305817475724e-13 -9.01764334494113e-17  4.96005000411036e-08
-8.97536764787162e-11   0.00166138994217606 -1.22750444494615e-08 -4.72330678119082e-08  2.33275071302539e-12 -5.83187851455923e-13      1.88572591788239   -0.0323912104702323  5.69392632940854e-18  1.65311310262877e-13
-2.81538668007841e-09  3.01789538531271e-05 -3.70599074541069e-07 -1.45642452855699e-06  6.61195440771193e-13 -1.65305817475724e-13   -0.0323912104702323    0.0381188298543582 -8.46602086209019e-20 -1.53050113563863e-16
 1.80895831883006e-23  2.08045258531907e-17 -1.67410495754022e-21 -7.59562235895837e-19 -4.95904878060566e-08 -9.01764334494113e-17  5.69392632940854e-18 -8.46602086209019e-20    0.0380903108144502  1.95262862566201e-18
