HCORE:-27.6623  -8.7344 -8.82175 -9.32377  -9.8087 -34.6439 -9.97404 -8.13055 -8.13055 -9.32377
HCORE2:-34.6439 -27.6623 -9.97404  -9.8087 -9.32377 -9.32377 -8.82175  -8.7344 -8.13055 -8.13055
TOTAL ENERGY: -124.337332809741	 lambda: -5	 population of target: 3.65893402722589
1RDM: 
     1.99984326791835 -0.000130660390627994   0.00871575860839893   0.00374003623446709  -0.00451543118888215 -5.23988985134492e-17 -1.44755582230398e-16 -1.05650692989246e-18 -2.58411262452355e-19   -0.0142444112683289
-0.000130660390627994      1.99987357554848   0.00749242494624868   0.00375053567400768  -0.00306806330897267 -3.54750207375203e-17 -9.72935353711989e-17 -4.13376418266786e-18 -1.56127801817042e-18   -0.0117983847532588
  0.00871575860839893   0.00749242494624868      1.51131827776207    -0.218977424650501     0.239092792886978  2.80907176979251e-15  7.79264332904142e-15 -6.34585286212197e-17 -8.44453360152965e-17     0.790961982779396
  0.00374003623446709   0.00375053567400768    -0.218977424650501      1.87921676125848    0.0725927281166114  1.06938375141006e-15  2.34040635562045e-15  2.14790139513273e-16 -2.73688727040318e-16     0.335720576028625
 -0.00451543118888215  -0.00306806330897267     0.239092792886978    0.0725927281166114      1.83033510115219  5.57748065729551e-15  1.49168316877735e-14 -2.35842258173828e-14 -2.02467800905256e-14    -0.415493302139483
-5.23988985134492e-17 -3.54750207375203e-17  2.80907176979251e-15  1.06938375141006e-15  5.57748065729551e-15      1.35867369718703  3.24204372671165e-15    -0.318659940573129     0.863545346208677 -4.77340266337465e-15
-1.44755582230398e-16 -9.72935353711989e-17  7.79264332904142e-15  2.34040635562045e-15  1.49168316877735e-14  3.24204372671165e-15      1.35867369718701     0.863545346208685     0.318659940573129 -1.32608619328102e-14
-1.05650692989246e-18 -4.13376418266786e-18 -6.34585286212197e-17  2.14790139513273e-16 -2.35842258173828e-14    -0.318659940573129     0.863545346208685     0.678879418860348  5.06841777354187e-15 -1.38579704468361e-16
-2.58411262452355e-19 -1.56127801817042e-18 -8.44453360152965e-17 -2.73688727040318e-16 -2.02467800905256e-14     0.863545346208677     0.318659940573129  5.06841777354187e-15     0.678879418860326 -1.13249368714158e-16
  -0.0142444112683289   -0.0117983847532588     0.790961982779396     0.335720576028625    -0.415493302139483 -4.77340266337465e-15 -1.32608619328102e-14 -1.38579704468361e-16 -1.13249368714158e-16     0.704306784265772
First eigenvector coefficient: 0.286433830132679
TOTAL ENERGY: -124.340258943184	 lambda: -4.975	 population of target: 3.6595207245174
1RDM: 
      1.9998442713581  -0.00012987773680079   0.00867830627446078   0.00372052019400889  -0.00450107063834166 -5.20712245501904e-17 -1.43846835524784e-16 -1.64480297639194e-18 -7.58713834182514e-19   -0.0142064062814275
 -0.00012987773680079      1.99987417471485   0.00746430534171175   0.00373593083738434  -0.00305727837272479 -3.59446481296594e-17 -9.85852554201499e-17 -2.31927486178248e-18 -3.10714668577681e-20    -0.011771619985831
  0.00867830627446078   0.00746430534171175      1.51237553904855    -0.218336141031491     0.238821473488093  2.74451492530474e-15  7.61448068452961e-15  1.38621394110599e-16  8.64428219476469e-17      0.79052581246043
  0.00372052019400889   0.00373593083738434    -0.218336141031491      1.87955097931075    0.0723490603196631  8.98269367854029e-16  1.87002571207347e-15  7.58042933755989e-16  1.86008548234136e-16     0.335214486942424
 -0.00450107063834166  -0.00305727837272479     0.238821473488093    0.0723490603196631      1.83029026738114  5.37779765657671e-15  1.43679092646384e-14 -2.29592193971529e-14  -1.9718075794661e-14    -0.415735503810153
-5.20712245501904e-17 -3.59446481296594e-17  2.74451492530474e-15  8.98269367854029e-16  5.37779765657671e-15      1.35919538022443   3.2088860033747e-15    -0.318589605360593     0.863354742716877 -4.79237227746358e-15
-1.43846835524784e-16 -9.85852554201499e-17  7.61448068452961e-15  1.87002571207347e-15  1.43679092646384e-14   3.2088860033747e-15      1.35919538022442     0.863354742716884     0.318589605360593 -1.33124031529507e-14
-1.64480297639194e-18 -2.31927486178248e-18  1.38621394110599e-16  7.58042933755989e-16 -2.29592193971529e-14    -0.318589605360593     0.863354742716884     0.678387069151132  3.74815108466504e-15 -9.34917981626254e-17
-7.58713834182514e-19 -3.10714668577681e-20  8.64428219476469e-17  1.86008548234136e-16  -1.9718075794661e-14     0.863354742716877     0.318589605360593  3.74815108466504e-15     0.678387069151113 -7.50427384626639e-17
  -0.0142064062814275    -0.011771619985831      0.79052581246043     0.335214486942424    -0.415735503810153 -4.79237227746358e-15 -1.33124031529507e-14 -9.34917981626254e-17 -7.50427384626639e-17     0.702899869435611
First eigenvector coefficient: -0.286952201803603
TOTAL ENERGY: -124.343216895987	 lambda: -4.95	 population of target: 3.6601167895104
1RDM: 
     1.99984527402154 -0.000129096356751978   0.00864075474100363   0.00370097360627123  -0.00448662058832153 -5.18915014743629e-17 -1.43345441327859e-16 -1.68124745681395e-18 -7.92447219263635e-19   -0.0141683095163013
-0.000129096356751978       1.9998747722267   0.00743615100663772   0.00372131866515825  -0.00304644877844364 -3.58616468352823e-17 -9.83559706873793e-17 -2.17900821304117e-18  8.36573539184785e-20   -0.0117448745767298
  0.00864075474100363   0.00743615100663772       1.5134418920691    -0.217690768938012     0.238544616486077  2.73678832932641e-15  7.59280014354015e-15  1.53357738973734e-16  9.89264450472753e-17     0.790084262694692
  0.00370097360627123   0.00372131866515825    -0.217690768938012      1.87988691381201    0.0721027987670504  8.82887269770603e-16  1.82847669011248e-15  7.97654060031918e-16  2.19863968874962e-16     0.334704816397425
 -0.00448662058832153  -0.00304644877844364     0.238544616486077    0.0721027987670504      1.83024862508621   5.3569557775955e-15  1.43114487037737e-14 -2.29083849188977e-14 -1.96748522718782e-14    -0.415974930305064
-5.18915014743629e-17 -3.58616468352823e-17  2.73678832932641e-15  8.82887269770603e-16   5.3569557775955e-15      1.35972351964045  2.93931196347623e-15    -0.318518348612585     0.863161642092208 -4.79629039030149e-15
-1.43345441327859e-16 -9.83559706873793e-17  7.59280014354015e-15  1.82847669011248e-15  1.43114487037737e-14  2.93931196347623e-15      1.35972351964043     0.863161642092216     0.318518348612585 -1.33224916893083e-14
-1.68124745681395e-18 -2.17900821304117e-18  1.53357738973734e-16  7.97654060031918e-16 -2.29083849188977e-14    -0.318518348612585     0.863161642092216     0.677888094878621  4.90349749684393e-15 -9.02887048089481e-17
-7.92447219263635e-19  8.36573539184785e-20  9.89264450472753e-17  2.19863968874962e-16 -1.96748522718782e-14     0.863161642092208     0.318518348612585  4.90349749684393e-15     0.677888094878601 -7.22535917864541e-17
  -0.0141683095163013   -0.0117448745767298     0.790084262694692     0.334704816397425    -0.415974930305064 -4.79629039030149e-15 -1.33224916893083e-14 -9.02887048089481e-17 -7.22535917864541e-17     0.701479293746548
First eigenvector coefficient: 0.287476779472212
TOTAL ENERGY: -124.346207221464	 lambda: -4.925	 population of target: 3.66072242913326
1RDM: 
     1.99984627589324 -0.000128316256643885   0.00860310354367252   0.00368139648866837  -0.00447208002826002 -5.17217763503923e-17   -1.428716428091e-16 -1.67670719740802e-18 -7.91547372434993e-19   -0.0141301207152244
-0.000128316256643885      1.99987536808276   0.00740796150288591   0.00370669904392309  -0.00303557382918765 -3.57373633428386e-17 -9.80131562808758e-17 -2.16229341487451e-18   9.3900947814281e-20   -0.0117181489455781
  0.00860310354367252   0.00740796150288591        1.514517452742    -0.217041268051234      0.23826211655417  2.73318859079436e-15  7.58248294464765e-15  1.54278994194536e-16  9.97286440503271e-17     0.789637240475547
  0.00368139648866837   0.00370669904392309    -0.217041268051234      1.88022457835722    0.0718539064276419  8.78945328002683e-16  1.81843818245238e-15  8.00145803856443e-16  2.22336473572986e-16     0.334191522017956
 -0.00447208002826002  -0.00303557382918765      0.23826211655417    0.0718539064276419      1.83021026089012  5.34925233599738e-15  1.42911704921596e-14 -2.28998029567293e-14 -1.96673539164047e-14    -0.416211474809712
-5.17217763503923e-17 -3.57373633428386e-17  2.73318859079436e-15  8.78945328002683e-16  5.34925233599738e-15      1.36025823771604  4.21334355621444e-15    -0.318446150791196     0.862965991226705 -4.79907767420043e-15
  -1.428716428091e-16 -9.80131562808758e-17  7.58248294464765e-15  1.81843818245238e-15  1.42911704921596e-14  4.21334355621444e-15      1.36025823771602      0.86296599122671     0.318446150791195 -1.33294660241269e-14
-1.67670719740802e-18 -2.16229341487451e-18  1.54278994194536e-16  8.00145803856443e-16 -2.28998029567293e-14    -0.318446150791196      0.86296599122671     0.677382368907839  1.91015073068768e-15  -9.0138318699795e-17
-7.91547372434993e-19   9.3900947814281e-20  9.97286440503271e-17  2.22336473572986e-16 -1.96673539164047e-14     0.862965991226705     0.318446150791195  1.91015073068768e-15      0.67738236890782 -7.20453347394946e-17
  -0.0141301207152244   -0.0117181489455781     0.789637240475547     0.334191522017956    -0.416211474809712 -4.79907767420043e-15 -1.33294660241269e-14  -9.0138318699795e-17 -7.20453347394946e-17      0.70004485078723
First eigenvector coefficient: 0.288007676801014
TOTAL ENERGY: -124.349230486451	 lambda: -4.9	 population of target: 3.6613378562271
1RDM: 
     1.99984727695818 -0.000127537441890312   0.00856535219637085   0.00366178886219132  -0.00445744791145048 -5.15517984924005e-17 -1.42397223109739e-16 -1.66911231225523e-18 -7.88084330178364e-19   -0.0140918395993321
-0.000127537441890312      1.99987596228281   0.00737973634923234   0.00369207185055581  -0.00302465278570387 -3.56095362871899e-17 -9.76606885841911e-17 -2.15462400124034e-18  9.64664271087966e-20   -0.0116914434694888
  0.00856535219637085   0.00737973634923234      1.51560233925406    -0.216387597916591     0.237973865349498  2.72982954005725e-15   7.5728285502232e-15  1.54186541847078e-16  9.96733333063899e-17     0.789184650548305
  0.00366178886219132   0.00369207185055581    -0.216387597916591      1.88056398626127    0.0716023454948961  8.75811005270284e-16   1.8106326916109e-15  7.99915769745553e-16  2.22510347367843e-16     0.333674561478993
 -0.00445744791145048  -0.00302465278570387     0.237973865349498    0.0716023454948961      1.83017526409831  5.34247525564455e-15  1.42734474207511e-14 -2.28942483471428e-14 -1.96624145265572e-14    -0.416445026279592
-5.15517984924005e-17 -3.56095362871899e-17  2.72982954005725e-15  8.75811005270284e-16  5.34247525564455e-15      1.36079965931744  3.05659905992734e-15     -0.31837299179996     0.862767735660445 -4.80175017204632e-15
-1.42397223109739e-16 -9.76606885841911e-17   7.5728285502232e-15   1.8106326916109e-15  1.42734474207511e-14  3.05659905992734e-15      1.36079965931742     0.862767735660454     0.318372991799961 -1.33361244939425e-14
-1.66911231225523e-18 -2.15462400124034e-18  1.54186541847078e-16  7.99915769745553e-16 -2.28942483471428e-14     -0.31837299179996     0.862767735660454     0.676869761503929  5.77317586134271e-15 -9.02087618852254e-17
-7.88084330178364e-19  9.64664271087966e-20  9.96733333063899e-17  2.22510347367843e-16 -1.96624145265572e-14     0.862767735660445     0.318372991799961  5.77317586134271e-15     0.676869761503906 -7.20233070033587e-17
  -0.0140918395993321   -0.0116914434694888     0.789184650548305     0.333674561478993    -0.416445026279592 -4.80175017204632e-15 -1.33361244939425e-14 -9.02087618852254e-17 -7.20233070033587e-17     0.698596329503082
First eigenvector coefficient: 0.288545010257653
TOTAL ENERGY: -124.352287271303	 lambda: -4.875	 population of target: 3.66196328966469
1RDM: 
     1.99984827720124  -0.00012675991786092   0.00852750020651908   0.00364215074722806  -0.00444272317367835 -5.13807998846338e-17 -1.41920069355681e-16 -1.66126226131351e-18 -7.84425293022611e-19   -0.0140534658873109
 -0.00012675991786092      1.99987655482675   0.00735147505129769   0.00367743695632878  -0.00301368489206519 -3.54809245187646e-17  -9.7306163008313e-17 -2.14760013675681e-18  9.84546390158095e-20   -0.0116647585278986
  0.00852750020651908   0.00735147505129769      1.51669667183335    -0.215729717452504     0.237679752233649  2.72642530791882e-15  7.56304985543672e-15  1.54018869297187e-16   9.9554019440154e-17     0.788726395430231
  0.00364215074722806   0.00367743695632878    -0.215729717452504       1.8809051510527    0.0713480774944761  8.72705347496006e-16  1.80291546903558e-15  7.99484163033484e-16   2.2251655288806e-16     0.333153891584162
 -0.00444272317367835  -0.00301368489206519     0.237679752233649    0.0713480774944761      1.83014372625388  5.33572985416826e-15  1.42558159299042e-14 -2.28888454273693e-14 -1.96576026197405e-14    -0.416675470308982
-5.13807998846338e-17 -3.54809245187646e-17  2.72642530791882e-15  8.72705347496006e-16  5.33572985416826e-15      1.36134791243892  5.35544891663123e-15    -0.318298850971798     0.862566819387145 -4.80438036930595e-15
-1.41920069355681e-16  -9.7306163008313e-17  7.56304985543672e-15  1.80291546903558e-15  1.42558159299042e-14  5.35544891663123e-15      1.36134791243889     0.862566819387154     0.318298850971798 -1.33426668088393e-14
-1.66126226131351e-18 -2.14760013675681e-18  1.54018869297187e-16  7.99484163033484e-16 -2.28888454273693e-14    -0.318298850971798     0.862566819387154      0.67635013968215  4.43865190229892e-15 -9.02949835720598e-17
-7.84425293022611e-19  9.84546390158095e-20   9.9554019440154e-17   2.2251655288806e-16 -1.96576026197405e-14     0.862566819387145     0.318298850971798  4.43865190229892e-15     0.676350139682121  -7.2014106924426e-17
  -0.0140534658873109   -0.0116647585278986     0.788726395430231     0.333153891584162    -0.416675470308982 -4.80438036930595e-15 -1.33426668088393e-14 -9.02949835720598e-17  -7.2014106924426e-17     0.697133514590512
First eigenvector coefficient: 0.289088899168579
TOTAL ENERGY: -124.355378170292	 lambda: -4.85	 population of target: 3.66259895455705
1RDM: 
     1.99984927660719  -0.00012598368987801   0.00848954707484845   0.00362248216345702  -0.00442790473284193 -5.12087124894737e-17 -1.41439995598193e-16  -1.6533620124436e-18 -7.80743834753662e-19     -0.01401499929522
 -0.00012598368987801      1.99987714571459   0.00732317710111692   0.00366279422668018  -0.00300266937521717 -3.53517203424989e-17 -9.69501106763414e-17 -2.14060923250843e-18  1.00382809000619e-19   -0.0116380945024126
  0.00848954707484845   0.00732317710111692      1.51780057279347    -0.215067584935044     0.237379664219564  2.72295387893697e-15  7.55308627816877e-15  1.53844323241833e-16  9.94284804853407e-17     0.788262375343809
  0.00362248216345702   0.00366279422668018    -0.215067584935044      1.88124808648054    0.0710910632703823  8.69571243611893e-16  1.79512943290876e-15  7.99034402323912e-16   2.2251022842756e-16     0.332629468236559
 -0.00442790473284193  -0.00300266937521717     0.237379664219564    0.0710910632703823      1.83011574119476   5.3289506362899e-15  1.42380957178832e-14 -2.28833833281435e-14 -1.96527398857878e-14    -0.416902689023493
-5.12087124894737e-17 -3.53517203424989e-17  2.72295387893697e-15  8.69571243611893e-16   5.3289506362899e-15      1.36190312829887  2.28567654344465e-15    -0.318223707049054     0.862363184800148 -4.80697221473007e-15
-1.41439995598193e-16 -9.69501106763414e-17  7.55308627816877e-15  1.79512943290876e-15  1.42380957178832e-14  2.28567654344465e-15      1.36190312829886     0.862363184800154     0.318223707049054 -1.33491039250077e-14
 -1.6533620124436e-18 -2.14060923250843e-18  1.53844323241833e-16  7.99034402323912e-16 -2.28833833281435e-14    -0.318223707049054     0.862363184800154     0.675823367108235  3.45291540717554e-15 -9.03822237039702e-17
-7.80743834753662e-19  1.00382809000619e-19  9.94284804853407e-17   2.2251022842756e-16 -1.96527398857878e-14     0.862363184800148     0.318223707049054  3.45291540717554e-15      0.67582336710822 -7.20052439798199e-17
    -0.01401499929522   -0.0116380945024126     0.788262375343809     0.332629468236559    -0.416902689023493 -4.80697221473007e-15 -1.33491039250077e-14 -9.03822237039702e-17 -7.20052439798199e-17     0.695656186395852
First eigenvector coefficient: 0.289639465805433
TOTAL ENERGY: -124.358503792021	 lambda: -4.825	 population of target: 3.66324508246796
1RDM: 
     1.99985027516073 -0.000125208763213663   0.00845149229520271   0.00360278312974449  -0.00441299148856828 -5.10355194257832e-17 -1.40956956735014e-16 -1.64542613208313e-18 -7.77052552744954e-19   -0.0139764395363162
-0.000125208763213663      1.99987773494646   0.00729484197671579   0.00364814352098579  -0.00299160544452089 -3.52219287452936e-17 -9.65925471667612e-17 -2.13360662408899e-18  1.02288000973304e-19   -0.0116114517766639
  0.00845149229520271   0.00729484197671579      1.51891416657833    -0.214401157982463     0.237073485917256  2.71941242924767e-15  7.54293008125416e-15  1.53667825991661e-16  9.93008670800742e-17     0.787792488147831
  0.00360278312974449   0.00364814352098579    -0.214401157982463      1.88159280652132     0.070831262971047  8.66404122986535e-16  1.78726218084542e-15  7.98579680263198e-16  2.22502582336599e-16     0.332101246408723
 -0.00441299148856828  -0.00299160544452089     0.237073485917256     0.070831262971047      1.83009140511249  5.32213246788321e-15  1.42202726951739e-14 -2.28778452736182e-14 -1.96478121267117e-14    -0.417126560968521
-5.10355194257832e-17 -3.52219287452936e-17  2.71941242924767e-15  8.66404122986535e-16  5.32213246788321e-15      1.36246544143944  4.25283376873128e-15    -0.318147538162782     0.862156772636228 -4.80952467477155e-15
-1.40956956735014e-16 -9.65925471667612e-17  7.54293008125416e-15  1.78726218084542e-15  1.42202726951739e-14  4.25283376873128e-15      1.36246544143942     0.862156772636236     0.318147538162782 -1.33554330794565e-14
-1.64542613208313e-18 -2.13360662408899e-18  1.53667825991661e-16  7.98579680263198e-16 -2.28778452736182e-14    -0.318147538162782     0.862156772636236     0.675289303995029  4.36768097346805e-15 -9.04694171365153e-17
-7.77052552744954e-19  1.02288000973304e-19  9.93008670800742e-17  2.22502582336599e-16 -1.96478121267117e-14     0.862156772636228     0.318147538162782  4.36768097346805e-15     0.675289303995005 -7.19958080286748e-17
  -0.0139764395363162   -0.0116114517766639     0.787792488147831     0.332101246408723    -0.417126560968521 -4.80952467477155e-15 -1.33554330794565e-14 -9.04694171365153e-17 -7.19958080286748e-17     0.694164120812417
First eigenvector coefficient: -0.290196835474365
TOTAL ENERGY: -124.361664759855	 lambda: -4.8	 population of target: 3.66390191163731
1RDM: 
     1.99985127284646  -0.00012443514308646   0.00841333535432161   0.00358305366402811  -0.00439798232181836 -5.08612073389704e-17 -1.40470917394895e-16 -1.63745529460966e-18 -7.73352306195177e-19   -0.0139377863208578
 -0.00012443514308646      1.99987832252265   0.00726646914165921   0.00363348469231352   -0.0029804922912783 -3.50915409385338e-17  -9.6233450182792e-17  -2.1265887965215e-18  1.04172469521548e-19   -0.0115848307361461
  0.00841333535432161   0.00726646914165921      1.52003757980842    -0.213730393538854     0.236761099478295  2.71579949774922e-15  7.53257728076664e-15  1.53489705576897e-16  9.91714449479244e-17      0.78731662926579
  0.00358305366402811   0.00363348469231352    -0.213730393538854      1.88193932538656     0.070568636034967   8.6320320770175e-16  1.77931175838586e-15  7.98120865557179e-16  2.22494404102242e-16     0.331569180110863
 -0.00439798232181836   -0.0029804922912783     0.236761099478295     0.070568636034967      1.83007081661224  5.31527457128741e-15  1.42023447692799e-14  -2.2872228495073e-14 -1.96428169876832e-14     -0.41734696099416
-5.08612073389704e-17 -3.50915409385338e-17  2.71579949774922e-15   8.6320320770175e-16  5.31527457128741e-15      1.36303498982973  1.97515304673991e-15    -0.318070321811134     0.861947521917023  -4.8120363188836e-15
-1.40470917394895e-16  -9.6233450182792e-17  7.53257728076664e-15  1.77931175838586e-15  1.42023447692799e-14  1.97515304673991e-15      1.36303498982972     0.861947521917029     0.318070321811135 -1.33616504184965e-14
-1.63745529460966e-18  -2.1265887965215e-18  1.53489705576897e-16  7.98120865557179e-16  -2.2872228495073e-14    -0.318070321811134     0.861947521917029     0.674747806995239  4.16366645683833e-15 -9.05564774429026e-17
-7.73352306195177e-19  1.04172469521548e-19  9.91714449479244e-17  2.22494404102242e-16 -1.96428169876832e-14     0.861947521917023     0.318070321811135  4.16366645683833e-15     0.674747806995223  -7.1985716372608e-17
  -0.0139377863208578   -0.0115848307361461      0.78731662926579     0.331569180110863     -0.41734696099416  -4.8120363188836e-15 -1.33616504184965e-14 -9.05564774429026e-17  -7.1985716372608e-17     0.692657089174505
First eigenvector coefficient: -0.29076113660874
TOTAL ENERGY: -124.364861712362	 lambda: -4.775	 population of target: 3.66456968721317
1RDM: 
      1.9998522696489 -0.000123662834658177   0.00837507573162008   0.00356329378319878  -0.00438287609448241  -5.0685762922847e-17 -1.39981842363486e-16 -1.62944915848541e-18 -7.69643103178438e-19    -0.013899039355897
-0.000123662834658177      1.99987890844354    0.0072380580445904   0.00361881758717475  -0.00296932908824273  -3.4960546931284e-17 -9.58727941602212e-17 -2.11955518958711e-18  1.06035950384631e-19   -0.0115582317680371
  0.00837507573162008    0.0072380580445904      1.52117094132801    -0.213055247857616     0.236442384538916  2.71211369456449e-15  7.52202408980873e-15  1.53309958768201e-16  9.90401994125562e-17     0.786834691611727
  0.00356329378319878   0.00361881758717475    -0.213055247857616       1.8822876575301    0.0703031411759171  8.59967984378704e-16  1.77127694402319e-15  7.97657938229268e-16  2.22485733317811e-16     0.331033222357985
 -0.00438287609448241  -0.00296932908824273     0.236442384538916    0.0703031411759171      1.83005407677409  5.30837647101169e-15  1.41843106808949e-14 -2.28665311861972e-14 -1.96377529272031e-14    -0.417563760135894
 -5.0685762922847e-17  -3.4960546931284e-17  2.71211369456449e-15  8.59967984378704e-16  5.30837647101169e-15      1.36361191497278  3.78987398221867e-15    -0.317992034836811      0.86173536988796 -4.81450564700646e-15
-1.39981842363486e-16 -9.58727941602212e-17  7.52202408980873e-15  1.77127694402319e-15  1.41843106808949e-14  3.78987398221867e-15      1.36361191497276     0.861735369887968     0.317992034836811  -1.3367751899754e-14
-1.62944915848541e-18 -2.11955518958711e-18  1.53309958768201e-16  7.97657938229268e-16 -2.28665311861972e-14    -0.317992034836811     0.861735369887968     0.674198729090778  4.88695454497262e-15 -9.06433872235682e-17
-7.69643103178438e-19  1.06035950384631e-19  9.90401994125562e-17  2.22485733317811e-16 -1.96377529272031e-14      0.86173536988796     0.317992034836811  4.88695454497262e-15     0.674198729090754 -7.19749445036139e-17
   -0.013899039355897   -0.0115582317680371     0.786834691611727     0.331033222357985    -0.417563760135894 -4.81450564700646e-15  -1.3367751899754e-14 -9.06433872235682e-17 -7.19749445036139e-17     0.691134858149105
First eigenvector coefficient: -0.291332500864919
TOTAL ENERGY: -124.368095303776	 lambda: -4.75	 population of target: 3.66524866149348
1RDM: 
     1.99985326555246 -0.000122891843030113   0.00833671289895374   0.00354350350297259  -0.00436767164896266 -5.05091726629803e-17 -1.39489695877182e-16 -1.62140729960992e-18   -7.659248900048e-19   -0.0138601983450526
-0.000122891843030113       1.9998794927097   0.00720960811874309    0.0036041420452572  -0.00295811498911365 -3.48289364302391e-17 -9.55105527458847e-17 -2.11250544473405e-18  1.07877987074978e-19   -0.0115316552609951
  0.00833671289895374   0.00720960811874309      1.52231438225363    -0.212375676484143     0.236117218161934  2.70835360748293e-15  7.51126666087919e-15  1.53128558129589e-16  9.89070949885073e-17      0.78634656551336
  0.00354350350297259    0.0036041420452572    -0.212375676484143      1.88263781765628    0.0700347363681428  8.56697950236172e-16  1.76315654999084e-15  7.97190812743816e-16  2.22476555654832e-16     0.330493325135462
 -0.00436767164896266  -0.00295811498911365     0.236117218161934    0.0700347363681428      1.83004128921631  5.30143770157383e-15  1.41661691993362e-14 -2.28607515623219e-14 -1.96326184217026e-14     -0.41777682549108
-5.05091726629803e-17 -3.48289364302391e-17  2.70835360748293e-15  8.56697950236172e-16  5.30143770157383e-15      1.36419636201639  2.92118183249984e-15     -0.31791265340363     0.861520251954769 -4.81693111156535e-15
-1.39489695877182e-16 -9.55105527458847e-17  7.51126666087919e-15  1.76315654999084e-15  1.41661691993362e-14  2.92118183249984e-15      1.36419636201638     0.861520251954775      0.31791265340363 -1.33737333528439e-14
-1.62140729960992e-18 -2.11250544473405e-18  1.53128558129589e-16  7.97190812743816e-16 -2.28607515623219e-14     -0.31791265340363     0.861520251954775     0.673641919477482  3.54799899784837e-15 -9.07301334167157e-17
  -7.659248900048e-19  1.07877987074978e-19  9.89070949885073e-17  2.22476555654832e-16 -1.96326184217026e-14     0.861520251954769      0.31791265340363  3.54799899784837e-15     0.673641919477463 -7.19634714032442e-17
  -0.0138601983450526   -0.0115316552609951      0.78634656551336     0.330493325135462     -0.41777682549108 -4.81693111156535e-15 -1.33737333528439e-14 -9.07301334167157e-17 -7.19634714032442e-17     0.689597189624767
First eigenvector coefficient: 0.291911063221627
TOTAL ENERGY: -124.371366205028	 lambda: -4.725	 population of target: 3.66593909429519
1RDM: 
     1.99985426054001 -0.000122122174925596   0.00829824636161197   0.00352368285253536  -0.00435236782980959   -5.033142237867e-17  -1.3899443946399e-16 -1.61333301596025e-18 -7.62200096086288e-19   -0.0138212630602377
-0.000122122174925596      1.99988007532003   0.00718111884299599   0.00358945792397065  -0.00294684915938138 -3.46967009611143e-17 -9.51467077249111e-17  -2.1054299770614e-18  1.09704030909153e-19   -0.0115051017096933
  0.00829824636161197   0.00718111884299599      1.52346803611392    -0.211691634075892     0.235785474709932  2.70451759850375e-15  7.50030021113038e-15  1.52946550901753e-16    9.877279557304e-17     0.785852138645624
  0.00352368285253536   0.00358945792397065    -0.211691634075892      1.88298982084924    0.0697633787511906  8.53392084779984e-16  1.75494711210838e-15  7.96722219233462e-16  2.22468681987269e-16     0.329949439180132
 -0.00435236782980959  -0.00294684915938138     0.235785474709932    0.0697633787511906      1.83003256024845  5.29445719821038e-15  1.41479164601721e-14   -2.285488455481e-14 -1.96274098068927e-14    -0.417986020025335
  -5.033142237867e-17 -3.46967009611143e-17  2.70451759850375e-15  8.53392084779984e-16  5.29445719821038e-15      1.36478848004241  4.06315764874178e-15     -0.31783215295748     0.861302101556845 -4.81931114801871e-15
 -1.3899443946399e-16 -9.51467077249111e-17  7.50030021113038e-15  1.75494711210838e-15  1.41479164601721e-14  4.06315764874178e-15      1.36478848004239     0.861302101556852      0.31783215295748 -1.33795906373165e-14
-1.61333301596025e-18  -2.1054299770614e-18  1.52946550901753e-16  7.96722219233462e-16   -2.285488455481e-14     -0.31783215295748     0.861302101556852     0.673077223258591  3.65044149173315e-15 -9.08165265892951e-17
-7.62200096086288e-19  1.09704030909153e-19    9.877279557304e-17  2.22468681987269e-16 -1.96274098068927e-14     0.861302101556845      0.31783215295748  3.65044149173315e-15     0.673077223258569 -7.19511663934907e-17
  -0.0138212630602377   -0.0115051017096933     0.785852138645624     0.329949439180132    -0.417986020025335 -4.81931114801871e-15 -1.33795906373165e-14 -9.08165265892951e-17 -7.19511663934907e-17     0.688043840327381
First eigenvector coefficient: -0.292496962236744
TOTAL ENERGY: -124.374675102015	 lambda: -4.7	 population of target: 3.66664125274624
1RDM: 
     1.99985525459885 -0.000121353831833463   0.00825967549059415   0.00350383181430381  -0.00433696339359326 -5.01524989092859e-17 -1.38496040131757e-16 -1.60521857955009e-18 -7.58463816828241e-19   -0.0137822330493378
-0.000121353831833463      1.99988065627907   0.00715258949126952   0.00357476499725695  -0.00293553064829772 -3.45638257188562e-17 -9.47812143985463e-17 -2.09834628882291e-18  1.11502122684727e-19   -0.0114785712892951
  0.00825967549059415   0.00715258949126952      1.52463203853689    -0.211003075038119     0.235447026049426  2.70060457578892e-15  7.48912239058797e-15  1.52761813316415e-16  9.86358998329494e-17     0.785351295895652
  0.00350383181430381   0.00357476499725695    -0.211003075038119      1.88334368209163    0.0694890249322937   8.5005086024302e-16  1.74665180635476e-15  7.96246567910712e-16  2.22458533818739e-16     0.329401514680693
 -0.00433696339359326  -0.00293553064829772     0.235447026049426    0.0694890249322937      1.83002799858479  5.28743560887792e-15  1.41295562217402e-14 -2.28489345629695e-14 -1.96221295462485e-14    -0.418191202695962
-5.01524989092859e-17 -3.45638257188562e-17  2.70060457578892e-15   8.5005086024302e-16  5.28743560887792e-15      1.36538842149368  2.99225564872102e-15    -0.317750508258492     0.861080850337312  -4.8216440535767e-15
-1.38496040131757e-16 -9.47812143985463e-17  7.48912239058797e-15  1.74665180635476e-15  1.41295562217402e-14  2.99225564872102e-15      1.36538842149367     0.861080850337317     0.317750508258493 -1.33853190165764e-14
-1.60521857955009e-18 -2.09834628882291e-18  1.52761813316415e-16  7.96246567910712e-16 -2.28489345629695e-14    -0.317750508258492     0.861080850337317     0.672504482067202  3.59135703480118e-15 -9.09028988376523e-17
-7.58463816828241e-19  1.11502122684727e-19  9.86358998329494e-17  2.22458533818739e-16 -1.96221295462485e-14     0.861080850337312     0.317750508258493  3.59135703480118e-15     0.672504482067182 -7.19382219789651e-17
  -0.0137822330493378   -0.0114785712892951     0.785351295895652     0.329401514680693    -0.418191202695962  -4.8216440535767e-15 -1.33853190165764e-14 -9.09028988376523e-17 -7.19382219789651e-17     0.686474562788078
First eigenvector coefficient: 0.29309033953856
TOTAL ENERGY: -124.378022699435	 lambda: -4.675	 population of target: 3.6673554122589
1RDM: 
     1.99985624771159 -0.000120586820454336   0.00822099977760913     0.003483950415508  -0.00432145714529027 -4.99723876783537e-17 -1.37994458479014e-16 -1.59706683663482e-18 -7.54718199199535e-19   -0.0137431080807043
-0.000120586820454336      1.99988123558593   0.00712401951327237   0.00356006310924967  -0.00292415858279362  -3.4430301500536e-17 -9.44140522723894e-17 -2.09124602956207e-18    1.132768472108e-19   -0.0114520645031452
  0.00822099977760913   0.00712401951327237      1.52580652784998    -0.210309952516288     0.235101741098308  2.69661286335047e-15  7.47772835053077e-15  1.52575258043975e-16    9.849698182815e-17      0.78484391935493
    0.003483950415508   0.00356006310924967    -0.210309952516288      1.88369941701573    0.0692116304958992  8.46673299398104e-16  1.73826739718029e-15   7.9576624397226e-16  2.22447698984968e-16     0.328849500122922
 -0.00432145714529027  -0.00292415858279362     0.235101741098308    0.0692116304958992      1.83002771593732  5.28037191938799e-15  1.41110848768055e-14 -2.28428968185608e-14 -1.96167741535853e-14    -0.418392227942247
-4.99723876783537e-17  -3.4430301500536e-17  2.69661286335047e-15  8.46673299398104e-16  5.28037191938799e-15      1.36599634332688  2.26400080179118e-15    -0.317667693269313     0.860856427716364 -4.82392816033329e-15
-1.37994458479014e-16 -9.44140522723894e-17  7.47772835053077e-15  1.73826739718029e-15  1.41110848768055e-14  2.26400080179118e-15      1.36599634332687      0.86085642771637     0.317667693269314 -1.33909140638808e-14
-1.59706683663482e-18 -2.09124602956207e-18  1.52575258043975e-16   7.9576624397226e-16 -2.28428968185608e-14    -0.317667693269313      0.86085642771637     0.671923532826072  3.65739940380653e-15 -9.09890782405153e-17
-7.54718199199535e-19    1.132768472108e-19    9.849698182815e-17  2.22447698984968e-16 -1.96167741535853e-14     0.860856427716364     0.317667693269314  3.65739940380653e-15     0.671923532826056 -7.19245178979206e-17
  -0.0137431080807043   -0.0114520645031452      0.78484391935493     0.328849500122922    -0.418392227942247 -4.82392816033329e-15 -1.33909140638808e-14 -9.09890782405153e-17 -7.19245178979206e-17     0.684889103594689
First eigenvector coefficient: 0.293691340858248
TOTAL ENERGY: -124.381409719109	 lambda: -4.65	 population of target: 3.66808185634879
1RDM: 
     1.99985723986231 -0.000119821145608436   0.00818221866176447   0.00346403866576312  -0.00430584784497347 -4.97910741764928e-17 -1.37489656047386e-16 -1.58887752856606e-18  -7.5096332266463e-19   -0.0137038878416461
-0.000119821145608436      1.99988181324178   0.00709540827541281   0.00354535206949226  -0.00291273203498839 -3.42961171311135e-17 -9.40451929477083e-17 -2.08412819565263e-18  1.15028079028826e-19   -0.0114255817435006
  0.00818221866176447   0.00709540827541281       1.5269916447666    -0.209612219040767     0.234749486017249  2.69254091259262e-15  7.46611385164489e-15  1.52386921298088e-16  9.83560451622191e-17     0.784329888178731
  0.00346403866576312   0.00354535206949226    -0.209612219040767      1.88405704141282    0.0689311503023579  8.43258831586058e-16  1.72979247520474e-15  7.95281325028228e-16  2.22436272345347e-16     0.328293342998861
 -0.00430584784497347  -0.00291273203498839     0.234749486017249    0.0689311503023579      1.83003182673786    5.273265572208e-15  1.40925008833403e-14 -2.28367691134979e-14 -1.96113417861168e-14    -0.418588945783602
-4.97910741764928e-17 -3.42961171311135e-17  2.69254091259262e-15  8.43258831586058e-16    5.273265572208e-15      1.36661240646134  4.44991685656645e-15    -0.317583681183225     0.860628761049736 -4.82616172481677e-15
-1.37489656047386e-16 -9.40451929477083e-17  7.46611385164489e-15  1.72979247520474e-15  1.40925008833403e-14  4.44991685656645e-15      1.36661240646132     0.860628761049743     0.317583681183224 -1.33963710862976e-14
-1.58887752856606e-18 -2.08412819565263e-18  1.52386921298088e-16  7.95281325028228e-16 -2.28367691134979e-14    -0.317583681183225     0.860628761049743      0.67133420835026  3.71923801116192e-15 -9.10750376053311e-17
 -7.5096332266463e-19  1.15028079028826e-19  9.83560451622191e-17  2.22436272345347e-16 -1.96113417861168e-14     0.860628761049736     0.317583681183224  3.71923801116192e-15     0.671334208350234 -7.19100229899846e-17
  -0.0137038878416461   -0.0114255817435006     0.784329888178731     0.328293342998861    -0.418588945783602 -4.82616172481677e-15 -1.33963710862976e-14 -9.10750376053311e-17 -7.19100229899846e-17     0.683287204356687
First eigenvector coefficient: 0.294300115530911
TOTAL ENERGY: -124.384836901076	 lambda: -4.625	 population of target: 3.6688208770454
1RDM: 
     1.99985823103503 -0.000119056812035817   0.00814333157332118   0.00344409657277596  -0.00429013423099699 -4.96085436719463e-17 -1.36981593844987e-16 -1.58065018574949e-18 -7.47199136881737e-19   -0.0136645720146945
-0.000119056812035817      1.99988238924796   0.00706675512602869   0.00353063167923266  -0.00290125005519669 -3.41612610589422e-17 -9.36746068563449e-17 -2.07699234032383e-18  1.16755307008634e-19   -0.0113991234028885
  0.00814333157332118   0.00706675512602869      1.52818753253269    -0.208909826339264     0.234390124082441   2.6883871530432e-15  7.45427461390739e-15  1.52196775756918e-16  9.82130516503015e-17     0.783809078506605
  0.00344409657277596   0.00353063167923266    -0.208909826339264      1.88441657136879    0.0686475383927432  8.39806905945575e-16  1.72122574138174e-15  7.94791720349353e-16   2.2242424111856e-16     0.327732989574645
 -0.00429013423099699  -0.00290125005519669     0.234390124082441    0.0686475383927432      1.83004044829422  5.26611602929317e-15  1.40738028125414e-14 -2.28305493714287e-14 -1.96058306743759e-14    -0.418781201614906
-4.96085436719463e-17 -3.41612610589422e-17   2.6883871530432e-15  8.39806905945575e-16  5.26611602929317e-15      1.36723677607988   2.6295687848377e-15    -0.317498444381485     0.860397775492677 -4.82834294742687e-15
-1.36981593844987e-16 -9.36746068563449e-17  7.45427461390739e-15  1.72122574138174e-15  1.40738028125414e-14   2.6295687848377e-15      1.36723677607986     0.860397775492683     0.317498444381485 -1.34016852352241e-14
-1.58065018574949e-18 -2.07699234032383e-18  1.52196775756918e-16  7.94791720349353e-16 -2.28305493714287e-14    -0.317498444381485     0.860397775492683     0.670736337027363  3.89722094466407e-15 -9.11607604821488e-17
-7.47199136881737e-19  1.16755307008634e-19  9.82130516503015e-17   2.2242424111856e-16 -1.96058306743759e-14     0.860397775492677     0.317498444381485  3.89722094466407e-15     0.670736337027346 -7.18947126199715e-17
  -0.0136645720146945   -0.0113991234028885     0.783809078506605     0.327732989574645    -0.418781201614906 -4.82834294742687e-15 -1.34016852352241e-14 -9.11607604821488e-17 -7.18947126199715e-17     0.681668601308159
First eigenvector coefficient: -0.294916816767061
TOTAL ENERGY: -124.388305004163	 lambda: -4.6	 population of target: 3.6695727751997
1RDM: 
     1.99985922121368  -0.00011829382439146   0.00810433793339608   0.00342412414217518  -0.00427431501950752 -4.94247811757459e-17 -1.36470232202485e-16  -1.5723843112584e-18 -7.43425581210068e-19   -0.0136251602772606
 -0.00011829382439146      1.99988296360602   0.00703805939477897   0.00351590173108368  -0.00288971167132271 -3.40257214502413e-17 -9.33022636911255e-17 -2.06983804669277e-18  1.18457976034592e-19   -0.0113726898737775
  0.00810433793339608   0.00703805939477897      1.52939433698256    -0.208202725316143     0.234023515619216  2.68414998128118e-15  7.44220626889161e-15  1.52004788776948e-16  9.80679590989289e-17     0.783281363366663
  0.00342412414217518   0.00351590173108368    -0.208202725316143      1.88477802327431    0.0683607479725856  8.36316963574589e-16  1.71256588362294e-15  7.94297324782056e-16  2.22411584580203e-16     0.327168384846332
 -0.00427431501950752  -0.00288971167132271     0.234023515619216    0.0683607479725856      1.83005370086352  5.25892273891802e-15  1.40549892035601e-14 -2.28242354676146e-14 -1.96002390047654e-14    -0.418968836053735
-4.94247811757459e-17 -3.40257214502413e-17  2.68414998128118e-15  8.36316963574589e-16  5.25892273891802e-15      1.36786962176654  3.31962708604716e-15    -0.317411954403311     0.860163393918473 -4.83046997297224e-15
-1.36470232202485e-16 -9.33022636911255e-17  7.44220626889161e-15  1.71256588362294e-15  1.40549892035601e-14  3.31962708604716e-15      1.36786962176652     0.860163393918479      0.31741195440331 -1.34068515120394e-14
 -1.5723843112584e-18 -2.06983804669277e-18  1.52004788776948e-16  7.94297324782056e-16 -2.28242354676146e-14    -0.317411954403311     0.860163393918479     0.670129742674182  2.59265633267698e-15 -9.12462303368338e-17
-7.43425581210068e-19  1.18457976034592e-19  9.80679590989289e-17  2.22411584580203e-16 -1.96002390047654e-14     0.860163393918473      0.31741195440331  2.59265633267698e-15     0.670129742674166 -7.18785617249154e-17
  -0.0136251602772606   -0.0113726898737775     0.783281363366663     0.327168384846332    -0.418968836053735 -4.83046997297224e-15 -1.34068515120394e-14 -9.12462303368338e-17 -7.18785617249154e-17     0.680033025179887
