HCORE:-26.8507 -7.94684 -7.80305 -8.70704 -8.93672 -33.9337  -9.2709 -7.45963 -7.45963 -8.70704
HCORE2:-33.9337 -26.8507  -9.2709 -8.93672 -8.70704 -8.70704 -7.94684 -7.80305 -7.45963 -7.45963
TOTAL ENERGY: -124.511157967055	 lambda: -5	 population of target: 3.92867255119366
1RDM: 
     1.99998444440301 -1.08353533161536e-05  -0.00185068651436835 -0.000862471449947131   0.00376136052546607 -1.32407779566223e-16  3.09586954530561e-16 -5.40166111266479e-16  5.52047241523186e-16   0.00354867032983262
-1.08353533161536e-05      1.99997038454618  -0.00170193576629408  -0.00167767853888212   0.00188708787585096  2.65217867891038e-16 -7.04541271986606e-16  5.99361901363615e-16 -6.16092660752343e-16   0.00233389225577579
 -0.00185068651436835  -0.00170193576629408       1.7710733834155    -0.125496267485338     0.431890847849808 -3.80937451563277e-14  9.37192328164963e-14 -1.48498037674242e-13  1.52769717634707e-13     0.419294662695755
-0.000862471449947131  -0.00167767853888212    -0.125496267485338      1.89191660474519     0.167049609552787 -4.70260231773845e-14   1.1857873813666e-13  -1.8529599240163e-13  1.90842528066113e-13      0.18883976959513
  0.00376136052546607   0.00188708787585096     0.431890847849808     0.167049609552787      1.06149604120284 -1.61382510602483e-14   4.8284979055816e-14 -5.05294784974874e-14  5.32951321412642e-14    -0.863831625752421
-1.32407779566223e-16  2.65217867891038e-16 -3.80937451563277e-14 -4.70260231773845e-14 -1.61382510602483e-14      1.54904254042741 -2.35402652452783e-14     0.342049680454443     0.749713985877069 -1.47234968168204e-14
 3.09586954530561e-16 -7.04541271986606e-16  9.37192328164963e-14   1.1857873813666e-13   4.8284979055816e-14 -2.35402652452783e-14      1.54904254042738     0.749713985877097    -0.342049680454426  4.26234944940892e-14
-5.40166111266479e-16  5.99361901363615e-16 -1.48498037674242e-13  -1.8529599240163e-13 -5.05294784974874e-14     0.342049680454443     0.749713985877097     0.494150333728372  2.91724214697072e-15 -3.38063843617035e-14
 5.52047241523186e-16 -6.16092660752343e-16  1.52769717634707e-13  1.90842528066113e-13  5.32951321412642e-14     0.749713985877069    -0.342049680454426  2.91724214697072e-15       0.4941503337283  3.75769961648512e-14
  0.00354867032983262   0.00233389225577579     0.419294662695755      0.18883976959513    -0.863831625752421 -1.47234968168204e-14  4.26234944940892e-14 -3.38063843617035e-14  3.75769961648512e-14       1.1891733933759
First eigenvector coefficient: 0.23441968393427
TOTAL ENERGY: -124.512113122274	 lambda: -4.975	 population of target: 3.92886406238575
1RDM: 
     1.99998453632321 -1.07926293904528e-05  -0.00184326095457184  -0.00085824186482266   0.00374967119122844   9.2578865612521e-18 -5.02632752574419e-17 -4.47846030247851e-17  3.89427363091253e-17   0.00354005979390971
-1.07926293904528e-05      1.99997039178502  -0.00169942868909929  -0.00167636735530123   0.00188380439986269  1.08318693833499e-17 -4.85853550545538e-17  3.86826945025514e-18 -1.33860064696092e-18   0.00233273832990306
 -0.00184326095457184  -0.00169942868909929      1.77153783689361    -0.125190814986816     0.431350770690588  1.16629638351455e-15 -6.22686852689062e-15 -4.64932750765572e-15  4.11968012654896e-15     0.419075240749624
 -0.00085824186482266  -0.00167636735530123    -0.125190814986816      1.89208623446035     0.166598162277263  -5.5994647615612e-16  7.12306074499035e-17 -5.51555893246568e-15  5.48647650137894e-15     0.188558942971936
  0.00374967119122844   0.00188380439986269     0.431350770690588     0.166598162277263      1.06175025499522 -6.82290654930153e-15  2.44620802280269e-14  -5.4231995522277e-15  7.02415798728523e-15    -0.864168293679348
  9.2578865612521e-18  1.08318693833499e-17  1.16629638351455e-15  -5.5994647615612e-16 -6.82290654930153e-15      1.54926592299888 -2.40781398162024e-14      0.34199139168156     0.749586226883631  -1.3204317394479e-16
-5.02632752574419e-17 -4.85853550545538e-17 -6.22686852689062e-15  7.12306074499035e-17  2.44620802280269e-14 -2.40781398162024e-14      1.54926592299885      0.74958622688366    -0.341991391681541  5.75438252051128e-15
-4.47846030247851e-17  3.86826945025514e-18 -4.64932750765572e-15 -5.51555893246568e-15  -5.4231995522277e-15      0.34199139168156      0.74958622688366     0.493917311308672  3.26904937384807e-15  1.84468177569101e-14
 3.89427363091253e-17 -1.33860064696092e-18  4.11968012654896e-15  5.48647650137894e-15  7.02415798728523e-15     0.749586226883631    -0.341991391681541  3.26904937384807e-15     0.493917311308605 -1.66814882079278e-14
  0.00354005979390971   0.00233273832990306     0.419075240749624     0.188558942971936    -0.864168293679348  -1.3204317394479e-16  5.75438252051128e-15  1.84468177569101e-14 -1.66814882079278e-14      1.18830427692772
First eigenvector coefficient: -0.234734991559772
TOTAL ENERGY: -124.513080029616	 lambda: -4.95	 population of target: 3.92905890659256
1RDM: 
     1.99998462809977 -1.07499355652047e-05  -0.00183582651505109 -0.000854019181075826   0.00373794855405384  9.22238713316581e-18 -5.01161747702581e-17 -4.45755977204425e-17  3.87702402180528e-17   0.00353144845840797
-1.07499355652047e-05      1.99997039902393  -0.00169691596456314  -0.00167505810605931   0.00188051187928863  7.52902443646213e-18 -4.02216261254725e-17 -1.03190965500988e-17  1.33184521736671e-17   0.00233160294234416
 -0.00183582651505109  -0.00169691596456314      1.77200485373929    -0.124885100904206      0.43080531428923  1.41295724350595e-15 -6.85800638363311e-15 -3.83061034722956e-15  3.27813691220399e-15     0.418855469985938
-0.000854019181075826  -0.00167505810605931    -0.124885100904206      1.89225548466363      0.16614586054277  3.41443499629943e-16 -2.23184618089021e-15 -2.52315317727671e-15  2.39744761735414e-15      0.18827924886596
  0.00373794855405384   0.00188051187928863      0.43080531428923      0.16614586054277      1.06201454109702  -6.2789698629121e-15  2.30723352434541e-14 -3.68247424078546e-15  5.22327548489973e-15    -0.864506235802097
 9.22238713316581e-18  7.52902443646213e-18  1.41295724350595e-15  3.41443499629943e-16  -6.2789698629121e-15      1.54949253650305 -2.19335661550079e-14     0.341932213740842     0.749456519036542 -4.46842757887028e-16
-5.01161747702581e-17 -4.02216261254725e-17 -6.85800638363311e-15 -2.23184618089021e-15  2.30723352434541e-14 -2.19335661550079e-14      1.54949253650302     0.749456519036569    -0.341932213740826  6.55802741939614e-15
-4.45755977204425e-17 -1.03190965500988e-17 -3.83061034722956e-15 -2.52315317727671e-15 -3.68247424078546e-15     0.341932213740842     0.749456519036569     0.493680997725809  1.80061101302273e-15  1.73220746143071e-14
 3.87702402180528e-17  1.33184521736671e-17  3.27813691220399e-15  2.39744761735414e-15  5.22327548489973e-15     0.749456519036542    -0.341932213740826  1.80061101302273e-15     0.493680997725743 -1.55165443200898e-14
  0.00353144845840797   0.00233160294234416     0.418855469985938      0.18827924886596    -0.864506235802097 -4.46842757887028e-16  6.55802741939614e-15  1.73220746143071e-14 -1.55165443200898e-14      1.18742302491898
First eigenvector coefficient: 0.235054793539592
TOTAL ENERGY: -124.514058962489	 lambda: -4.925	 population of target: 3.92925717294105
1RDM: 
     1.99998471973116 -1.07072716516933e-05   -0.0018283831573792 -0.000849803455890709   0.00372619238599783  9.22032468721026e-18  -5.0031916861912e-17 -4.43614392287406e-17   3.8570839308433e-17   0.00352283662601001
-1.07072716516933e-05      1.99997040626436  -0.00169439741833716  -0.00167375073647367   0.00187721003019863  7.47779307849028e-18 -4.00809338864113e-17 -1.03935429977461e-17  1.34132857607265e-17   0.00233048635552562
  -0.0018283831573792  -0.00169439741833716       1.7724744714012    -0.124579121243067     0.430254386747823   1.4185691932624e-15 -6.86935404341228e-15 -3.80026973533101e-15  3.24818802718446e-15     0.418635353105711
-0.000849803455890709  -0.00167375073647367    -0.124579121243067      1.89242435420402     0.165692696330136   3.4993573036701e-16  -2.2516503001127e-15 -2.48186581511123e-15   2.3567463913354e-15     0.188000715999716
  0.00372619238599783   0.00187721003019863     0.430254386747823     0.165692696330136      1.06228912117082 -6.27622408353592e-15  2.30649007129932e-14  -3.6779318866192e-15  5.21780618465924e-15    -0.864845461476455
 9.22032468721026e-18  7.47779307849028e-18   1.4185691932624e-15   3.4993573036701e-16 -6.27622408353592e-15      1.54972245175442 -2.37510415946089e-14     0.341872126213036      0.74932481753156 -4.48656911446883e-16
 -5.0031916861912e-17 -4.00809338864113e-17 -6.86935404341228e-15  -2.2516503001127e-15  2.30649007129932e-14 -2.37510415946089e-14      1.54972245175439     0.749324817531587    -0.341872126213017  6.56709408478147e-15
-4.43614392287406e-17 -1.03935429977461e-17 -3.80026973533101e-15 -2.48186581511123e-15  -3.6779318866192e-15     0.341872126213036     0.749324817531587     0.493441321932362  3.76818269221458e-15   1.7328371492956e-14
  3.8570839308433e-17  1.34132857607265e-17  3.24818802718446e-15   2.3567463913354e-15  5.21780618465924e-15      0.74932481753156    -0.341872126213017  3.76818269221458e-15     0.493441321932299 -1.55228290125648e-14
  0.00352283662601001   0.00233048635552562     0.418635353105711     0.188000715999716    -0.864845461476455 -4.48656911446883e-16  6.56709408478147e-15   1.7328371492956e-14 -1.55228290125648e-14      1.18652937985529
First eigenvector coefficient: 0.235379187410557
TOTAL ENERGY: -124.515050202179	 lambda: -4.9	 population of target: 3.92945895352251
1RDM: 
     1.99998481121546 -1.06646377196567e-05  -0.00182093086758066 -0.000845594756788757   0.00371440250683001  9.19861035014189e-18 -4.98974994039225e-17 -4.42160375087356e-17  3.84426637993861e-17     0.003514224657476
-1.06646377196567e-05       1.9999704135076  -0.00169187288224795  -0.00167244519043064   0.00187389859007226  7.47092384806675e-18 -4.00541591425173e-17 -1.03465186341745e-17   1.3382760685874e-17   0.00232938886358197
 -0.00182093086758066  -0.00169187288224795       1.7729467282623    -0.124272871421174     0.429697894121609   1.4180614781404e-15 -6.86507350956125e-15 -3.79205313637469e-15  3.24110153710096e-15      0.41841489293381
-0.000845594756788757  -0.00167244519043064    -0.124272871421174      1.89259284260457     0.165238661139145  3.49527096473339e-16 -2.24873385564489e-15 -2.47368350698287e-15  2.35019344913773e-15     0.187723373362075
  0.00371440250683001   0.00187389859007226     0.429697894121609     0.165238661139145      1.06257422280247 -6.27620142408427e-15  2.30643845929939e-14 -3.68442783166518e-15  5.22366834035366e-15    -0.865185980060264
 9.19861035014189e-18  7.47092384806675e-18   1.4180614781404e-15  3.49527096473339e-16 -6.27620142408427e-15      1.54995574075021  -2.3828506227552e-14     0.341811108293489     0.749191076767444 -4.51733158943667e-16
-4.98974994039225e-17 -4.00541591425173e-17 -6.86507350956125e-15 -2.24873385564489e-15  2.30643845929939e-14  -2.3828506227552e-14      1.54995574075018     0.749191076767475    -0.341811108293471  6.57938380020414e-15
-4.42160375087356e-17 -1.03465186341745e-17 -3.79205313637469e-15 -2.47368350698287e-15 -3.68442783166518e-15     0.341811108293489     0.749191076767475     0.493198211522952  1.85663398197635e-15  1.73303523114642e-14
 3.84426637993861e-17   1.3382760685874e-17  3.24110153710096e-15  2.35019344913773e-15  5.22366834035366e-15     0.749191076767444    -0.341811108293471  1.85663398197635e-15     0.493198211522885 -1.55246248404533e-14
    0.003514224657476   0.00232938886358197      0.41841489293381     0.187723373362075    -0.865185980060264 -4.51733158943667e-16  6.57938380020414e-15  1.73303523114642e-14 -1.55246248404533e-14      1.18562307706179
First eigenvector coefficient: -0.235708273195862
TOTAL ENERGY: -124.516054039228	 lambda: -4.875	 population of target: 3.92966434373577
1RDM: 
     1.99998490255154 -1.06220333376995e-05  -0.00181346957942655 -0.000841393131933178   0.00370257862273137  9.17683190506532e-18  -4.9762746665926e-17 -4.40705245510746e-17   3.8314438074623e-17   0.00350561282526224
-1.06220333376995e-05      1.99997042075535   -0.0016893421539265   -0.0016711414032075   0.00187057721999709  7.46470083819359e-18 -4.00289674477448e-17 -1.02971696638016e-17   1.3349845681082e-17    0.0023283107100847
 -0.00181346957942655   -0.0016893421539265      1.77342166375189    -0.123966347006911      0.42913573946899  1.41749911525896e-15 -6.86062162317001e-15 -3.78395574201896e-15  3.23414771813849e-15     0.418194092345086
-0.000841393131933178   -0.0016711414032075    -0.123966347006911      1.89276094870866     0.164783746040309  3.48980488869384e-16 -2.24546388825823e-15 -2.46597568817107e-15  2.34413432379096e-15     0.187447251086651
  0.00370257862273137   0.00187057721999709      0.42913573946899     0.164783746040309      1.06287008096459 -6.27625078096544e-15  2.30640084302457e-14 -3.69135851052779e-15  5.22994986361436e-15    -0.865527800463815
 9.17683190506532e-18  7.46470083819359e-18  1.41749911525896e-15  3.48980488869384e-16 -6.27625078096544e-15      1.55019247741556 -2.29930303985498e-14     0.341749138572099     0.749055249817601 -4.54827296814181e-16
 -4.9762746665926e-17 -4.00289674477448e-17 -6.86062162317001e-15 -2.24546388825823e-15  2.30640084302457e-14 -2.29930303985498e-14      1.55019247741553     0.749055249817628    -0.341749138572081  6.59176298936834e-15
-4.40705245510746e-17 -1.02971696638016e-17 -3.78395574201896e-15 -2.46597568817107e-15 -3.69135851052779e-15     0.341749138572099     0.749055249817628     0.492951592308105  3.18003792873842e-15  1.73324361567679e-14
  3.8314438074623e-17   1.3349845681082e-17  3.23414771813849e-15  2.34413432379096e-15  5.22994986361436e-15     0.749055249817601    -0.341749138572081  3.18003792873842e-15     0.492951592308041 -1.55265293811207e-14
  0.00350561282526224    0.0023283107100847     0.418194092345086     0.187447251086651    -0.865527800463815 -4.54827296814181e-16  6.59176298936834e-15  1.73324361567679e-14 -1.55265293811207e-14      1.18470384382122
First eigenvector coefficient: 0.236042154130334
TOTAL ENERGY: -124.5170707725	 lambda: -4.85	 population of target: 3.9298734421621
1RDM: 
     1.99998499373742 -1.05794585975305e-05  -0.00180599927889003   -0.0008371986494172   0.00369072054719001  9.15506788833254e-18 -4.96278591295663e-17 -4.39246163080048e-17  3.81858692296488e-17   0.00349700151297683
-1.05794585975305e-05      1.99997042800898  -0.00168680505738096  -0.00166983931425719   0.00186724564403719   7.4585556899857e-18 -4.00039200459013e-17 -1.02476561952095e-17  1.33167771889475e-17   0.00232725220564628
 -0.00180599927889003  -0.00168680505738096      1.77389931802447    -0.123659542908238     0.428567824085962  1.41693616309118e-15 -6.85613541794673e-15 -3.77579190849291e-15   3.2271344743338e-15     0.417972954357506
  -0.0008371986494172  -0.00166983931425719    -0.123659542908238      1.89292867231785     0.164327941565379  3.48438388783112e-16 -2.24220286072659e-15 -2.45825894268712e-15  2.33806824920884e-15     0.187172379290393
  0.00369072054719001   0.00186724564403719     0.428567824085962     0.164327941565379      1.06317693626618  -6.2762963945443e-15  2.30635784315346e-14 -3.69847755198145e-15  5.23639478180705e-15    -0.865870931537029
 9.15506788833254e-18   7.4585556899857e-18  1.41693616309118e-15  3.48438388783112e-16  -6.2762963945443e-15      1.55043273800422 -2.44088895819805e-14     0.341686194961724     0.748917288268523 -4.57972877257413e-16
-4.96278591295663e-17 -4.00039200459013e-17 -6.85613541794673e-15 -2.24220286072659e-15  2.30635784315346e-14 -2.44088895819805e-14      1.55043273800418     0.748917288268554    -0.341686194961705  6.60431760739056e-15
-4.39246163080048e-17 -1.02476561952095e-17 -3.77579190849291e-15 -2.45825894268712e-15 -3.69847755198145e-15     0.341686194961724     0.748917288268554       0.4927013875827   2.9695538438496e-15  1.73345052980671e-14
 3.81858692296488e-17  1.33167771889475e-17   3.2271344743338e-15  2.33806824920884e-15  5.23639478180705e-15     0.748917288268523    -0.341686194961705   2.9695538438496e-15     0.492701387582635 -1.55284206990104e-14
  0.00349700151297683   0.00232725220564628     0.417972954357506     0.187172379290393    -0.865870931537029 -4.57972877257413e-16  6.60431760739056e-15  1.73345052980671e-14 -1.55284206990104e-14      1.18377140047197
First eigenvector coefficient: -0.236380936057096
TOTAL ENERGY: -124.518100710398	 lambda: -4.825	 population of target: 3.93008635088398
1RDM: 
     1.99998508477111 -1.05369135621467e-05  -0.00179851994745468 -0.000833011375868167   0.00367882808120135   9.1333271807234e-18 -4.94928563530195e-17 -4.37782885183865e-17  3.80569296306925e-17   0.00348839110900671
-1.05369135621467e-05      1.99997043526989  -0.00168426140867673  -0.00166853885904702   0.00186390357244344  7.45248229912742e-18  -3.9979010667913e-17 -1.01979598294823e-17  1.32835475045089e-17   0.00232621366421848
 -0.00179851994745468  -0.00168426140867673      1.77437973227208    -0.123352453698522     0.427994046631017  1.41637428147769e-15 -6.85161725996847e-15 -3.76755638759456e-15  3.22005528184126e-15     0.417751482083935
-0.000833011375868167  -0.00166853885904702    -0.123352453698522      1.89309601339909     0.163871237645511  3.47901704737721e-16 -2.23895044204595e-15 -2.45053350736561e-15  2.33199296445181e-15     0.186898788664726
  0.00367882808120135   0.00186390357244344     0.427994046631017     0.163871237645511        1.063495036372 -6.27633870720791e-15  2.30630958447866e-14 -3.70579217683009e-15  5.24300875386043e-15    -0.866215381919906
  9.1333271807234e-18  7.45248229912742e-18  1.41637428147769e-15  3.47901704737721e-16 -6.27633870720791e-15      1.55067660097042 -2.31394263167649e-14     0.341622254711621     0.748777142242188 -4.61169602078526e-16
-4.94928563530195e-17  -3.9979010667913e-17 -6.85161725996847e-15 -2.23895044204595e-15  2.30630958447866e-14 -2.31394263167649e-14      1.55067660097039     0.748777142242219    -0.341622254711604  6.61704750611284e-15
-4.37782885183865e-17 -1.01979598294823e-17 -3.76755638759456e-15 -2.45053350736561e-15 -3.70579217683009e-15     0.341622254711621     0.748777142242219     0.492447518425527  9.89409659367674e-16  1.73365648088921e-14
 3.80569296306925e-17  1.32835475045089e-17  3.22005528184126e-15  2.33199296445181e-15  5.24300875386043e-15     0.748777142242188    -0.341622254711604  9.89409659367674e-16     0.492447518425462  -1.5530303856112e-14
  0.00348839110900671   0.00232621366421848     0.417751482083935     0.186898788664726    -0.866215381919906 -4.61169602078526e-16  6.61704750611284e-15  1.73365648088921e-14  -1.5530303856112e-14      1.18282545912473
First eigenvector coefficient: -0.236724727981111
TOTAL ENERGY: -124.519144170879	 lambda: -4.8	 population of target: 3.9303031755591
1RDM: 
     1.99998517565149 -1.04943977578343e-05  -0.00179103151350273 -0.000828831358286025   0.00366690090982264  9.11161109453997e-18  -4.9357746656255e-17 -4.36315260770359e-17  3.79276100361233e-17   0.00347978190902437
-1.04943977578343e-05      1.99997044253997  -0.00168171099237123  -0.00166723996733493   0.00186055063814688   7.4464788753867e-18 -3.99542100755964e-17 -1.01481225177262e-17  1.32501797616321e-17    0.0023251953481482
 -0.00179103151350273  -0.00168171099237123      1.77486294847162    -0.123045074435713     0.427414302824358  1.41581375942411e-15 -6.84706981571218e-15 -3.75924278190589e-15  3.21290613264583e-15     0.417529678668132
-0.000828831358286025  -0.00166723996733493    -0.123045074435713      1.89326297092016     0.163413624020652  3.47371263243259e-16 -2.23571387489455e-15 -2.44278818262844e-15  2.32590190891433e-15     0.186626511301099
  0.00366690090982264   0.00186055063814688     0.427414302824358     0.163413624020652      1.06382463657942 -6.27637718239899e-15  2.30625558662923e-14  -3.7133015191113e-15  5.24979241426219e-15    -0.866561159339924
 9.11161109453997e-18   7.4464788753867e-18  1.41581375942411e-15  3.47371263243259e-16 -6.27637718239899e-15      1.55092414701838 -2.45988526790697e-14     0.341557294353224     0.748634760318682 -4.64418790441211e-16
 -4.9357746656255e-17 -3.99542100755964e-17 -6.84706981571218e-15 -2.23571387489455e-15  2.30625558662923e-14 -2.45988526790697e-14      1.55092414701835     0.748634760318711    -0.341557294353204  6.62995740709793e-15
-4.36315260770359e-17 -1.01481225177262e-17 -3.75924278190589e-15 -2.44278818262844e-15  -3.7133015191113e-15     0.341557294353224     0.748634760318711     0.492189903842751  4.59080700467056e-15  1.73386127104149e-14
 3.79276100361233e-17  1.32501797616321e-17  3.21290613264583e-15  2.32590190891433e-15  5.24979241426219e-15     0.748634760318682    -0.341557294353204  4.59080700467056e-15     0.492189903842688 -1.55321773739387e-14
  0.00347978190902437    0.0023251953481482     0.417529678668132     0.186626511301099    -0.866561159339924 -4.64418790441211e-16  6.62995740709793e-15  1.73386127104149e-14 -1.55321773739387e-14      1.18186572411596
First eigenvector coefficient: -0.237073642145621
TOTAL ENERGY: -124.52020148237	 lambda: -4.775	 population of target: 3.93052402568842
1RDM: 
     1.99998526637651 -1.04519113000381e-05  -0.00178353395947731 -0.000824658663677233   0.00365493882880458  9.08992042044471e-18 -4.92225270285597e-17  -4.3484336731572e-17  3.77979139394784e-17   0.00347117432992305
-1.04519113000381e-05      1.99997044982066  -0.00167915361623911  -0.00166594256827714   0.00185718654018048  7.44054893193162e-18 -3.99295453163458e-17 -1.00980999634132e-17  1.32166472713027e-17   0.00232419759319382
 -0.00178353395947731  -0.00167915361623911      1.77534900984555    -0.122737398914677     0.426828486018297  1.41525439313287e-15 -6.84248976700766e-15 -3.75085433318761e-15  3.20568839236013e-15      0.41730754749738
-0.000824658663677233  -0.00166594256827714    -0.122737398914677      1.89342954539373     0.162955089311653  3.46846684809607e-16 -2.23248765587728e-15 -2.43503215963012e-15  2.31980021886413e-15      0.18635557892367
  0.00365493882880458   0.00185718654018048     0.426828486018297     0.162955089311653      1.06416599924726 -6.27641190158468e-15  2.30619596179443e-14 -3.72101421082828e-15  5.25675199325868e-15    -0.866908271913438
 9.08992042044471e-18  7.44054893193162e-18  1.41525439313287e-15  3.46846684809607e-16 -6.27641190158468e-15      1.55117545938374 -2.35359650250386e-14      0.34149128969927     0.748490089455037 -4.67721572792916e-16
-4.92225270285597e-17 -3.99295453163458e-17 -6.84248976700766e-15 -2.23248765587728e-15  2.30619596179443e-14 -2.35359650250386e-14      1.55117545938371     0.748490089455066    -0.341491289699252   6.6430506389031e-15
 -4.3484336731572e-17 -1.00980999634132e-17 -3.75085433318761e-15 -2.43503215963012e-15 -3.72101421082828e-15      0.34149128969927     0.748490089455066      0.49192846004696  2.45941470833882e-15  1.73406494836746e-14
 3.77979139394784e-17  1.32166472713027e-17  3.20568839236013e-15  2.31980021886413e-15  5.25675199325868e-15     0.748490089455037    -0.341491289699252  2.45941470833882e-15     0.491928460046894 -1.55340413656274e-14
  0.00347117432992305   0.00232419759319382      0.41730754749738      0.18635557892367    -0.866908271913438 -4.67721572792916e-16   6.6430506389031e-15  1.73406494836746e-14 -1.55340413656274e-14      1.18089189045588
First eigenvector coefficient: -0.23742779411846
TOTAL ENERGY: -124.521272982125	 lambda: -4.75	 population of target: 3.93074901434985
1RDM: 
     1.99998535694438 -1.04094540622183e-05  -0.00177602724951662 -0.000820493355107206   0.00364294159367615  9.06825707630293e-18 -4.90872073439295e-17 -4.33367059163608e-17  3.76678319885809e-17   0.00346256876120454
-1.04094540622183e-05      1.99997045711371  -0.00167658907362154  -0.00166464659168587   0.00185381093530403  7.43469120363636e-18  -3.9904990407244e-17  -1.0047928663751e-17  1.31829691149247e-17   0.00232322071227307
 -0.00177602724951662  -0.00167658907362154      1.77583796031194    -0.122429421571358     0.426236486961902  1.41469649619831e-15  -6.8378795944922e-15 -3.74238482916281e-15  3.19839804107776e-15     0.417085091652739
-0.000820493355107206  -0.00166464659168587    -0.122429421571358      1.89359573634131     0.162495622447329  3.46328647519593e-16  -2.2292782102485e-15 -2.42725539076535e-15  2.31368210866211e-15     0.186086024771506
  0.00364294159367615   0.00185381093530403     0.426236486961902     0.162495622447329      1.06451939331019 -6.27644246240142e-15   2.3061302767616e-14 -3.72893036981442e-15  5.26388891955514e-15    -0.867256726603879
 9.06825707630293e-18  7.43469120363636e-18  1.41469649619831e-15  3.46328647519593e-16 -6.27644246240142e-15      1.55143062331877 -2.33097231272307e-14     0.341424215882507     0.748343075196449 -4.71079196023377e-16
-4.90872073439295e-17  -3.9904990407244e-17  -6.8378795944922e-15  -2.2292782102485e-15   2.3061302767616e-14 -2.33097231272307e-14      1.55143062331874     0.748343075196476    -0.341424215882489  6.65633174562252e-15
-4.33367059163608e-17  -1.0047928663751e-17 -3.74238482916281e-15 -2.42725539076535e-15 -3.72893036981442e-15     0.341424215882507     0.748343075196476     0.491663101390669  3.92079905651121e-15  1.73426736565098e-14
 3.76678319885809e-17  1.31829691149247e-17  3.19839804107776e-15  2.31368210866211e-15  5.26388891955514e-15     0.748343075196449    -0.341424215882489  3.92079905651121e-15     0.491663101390608 -1.55358948500393e-14
  0.00346256876120454   0.00232322071227307     0.417085091652739     0.186086024771506    -0.867256726603879 -4.71079196023377e-16  6.65633174562252e-15  1.73426736565098e-14 -1.55358948500393e-14      1.17990364656069
First eigenvector coefficient: 0.237787302361664
TOTAL ENERGY: -124.522359019891	 lambda: -4.725	 population of target: 3.93097825904841
1RDM: 
     1.99998544735339 -1.03670259341555e-05  -0.00176851134097116 -0.000816335489924754   0.00363090894056186  9.04662205762409e-18 -4.89517872106974e-17 -4.31886355898189e-17  3.75373642124395e-17    0.0034539655984969
-1.03670259341555e-05      1.99997046442084  -0.00167401714958564  -0.00166335195726683   0.00185042347641551  7.42890807971972e-18 -3.98805597595024e-17 -9.99758287846568e-18  1.31491290604359e-17   0.00232226503363926
 -0.00176851134097116  -0.00167401714958564      1.77632984518267     -0.12212113572661     0.425638193245251  1.41413998300469e-15 -6.83323730692239e-15 -3.73383524376107e-15  3.19103513965022e-15     0.416862314684485
-0.000816335489924754  -0.00166335195726683     -0.12212113572661      1.89376154434669      0.16203521087512  3.45817033287541e-16 -2.22608286025182e-15 -2.41946251850074e-15  2.30755011679807e-15     0.185817882025926
  0.00363090894056186   0.00185042347641551     0.425638193245251      0.16203521087512      1.06488509681557 -6.27646880883684e-15  2.30605850363435e-14 -3.73705684310453e-15   5.2712084749517e-15    -0.867606530598466
 9.04662205762409e-18  7.42890807971972e-18  1.41413998300469e-15  3.45817033287541e-16 -6.27646880883684e-15      1.55168972709749 -2.36898902010249e-14     0.341356047174177     0.748193661128029  -4.7449289326395e-16
-4.89517872106974e-17 -3.98805597595024e-17 -6.83323730692239e-15 -2.22608286025182e-15  2.30605850363435e-14 -2.36898902010249e-14      1.55168972709746     0.748193661128056    -0.341356047174157  6.66980457286971e-15
-4.31886355898189e-17 -9.99758287846568e-18 -3.73383524376107e-15 -2.41946251850074e-15 -3.73705684310453e-15     0.341356047174177     0.748193661128056     0.491393739047303  3.89993539354969e-15  1.73446851729496e-14
 3.75373642124395e-17  1.31491290604359e-17  3.19103513965022e-15  2.30755011679807e-15   5.2712084749517e-15     0.748193661128029    -0.341356047174157  3.89993539354969e-15     0.491393739047239 -1.55377376043625e-14
   0.0034539655984969   0.00232226503363926     0.416862314684485     0.185817882025926    -0.867606530598466  -4.7449289326395e-16  6.66980457286971e-15  1.73446851729496e-14 -1.55377376043625e-14      1.17890066959252
First eigenvector coefficient: 0.238152289444108
TOTAL ENERGY: -124.523459956115	 lambda: -4.7	 population of target: 3.93121188143064
1RDM: 
     1.99998553760177 -1.03246267853092e-05  -0.00176098619030979 -0.000812185126458413   0.00361884060006065  9.02501670979179e-18 -4.88162696757343e-17  -4.3040122151739e-17  3.74065074212259e-17   0.00344536524805451
-1.03246267853092e-05      1.99997047174383   -0.0016714376239843  -0.00166205858399636   0.00184702380232104  7.42320079204391e-18 -3.98562546246461e-17 -9.94705689938269e-18  1.31151221688867e-17   0.00232133089018751
 -0.00176098619030979   -0.0016714376239843      1.77682471070685    -0.121812534669461     0.425033489610266  1.41358490075615e-15 -6.82856235394113e-15 -3.72520415792417e-15  3.18359836996255e-15     0.416639220136255
-0.000812185126458413  -0.00166205858399636    -0.121812534669461      1.89392696982454     0.161573841662184  3.45311987885062e-16 -2.22290189931427e-15 -2.41165338891162e-15  2.30140405799859e-15     0.185551184777439
  0.00361884060006065   0.00184702380232104     0.425033489610266     0.161573841662184      1.06526339562926  -6.2764907626035e-15  2.30598047523282e-14 -3.74539847137799e-15  5.27871484738936e-15    -0.867957690352877
 9.02501670979179e-18  7.42320079204391e-18  1.41358490075615e-15  3.45311987885062e-16  -6.2764907626035e-15      1.55195286156217 -2.46991579666544e-14     0.341286757043993     0.748041789099766 -4.77963948729563e-16
-4.88162696757343e-17 -3.98562546246461e-17 -6.82856235394113e-15 -2.22290189931427e-15  2.30598047523282e-14 -2.46991579666544e-14      1.55195286156214     0.748041789099795    -0.341286757043973  6.68347334362659e-15
 -4.3040122151739e-17 -9.94705689938269e-18 -3.72520415792417e-15 -2.41165338891162e-15 -3.74539847137799e-15     0.341286757043993     0.748041789099795     0.491120281649054  4.30149236241499e-15  1.73466834906568e-14
 3.74065074212259e-17  1.31151221688867e-17  3.18359836996255e-15  2.30140405799859e-15  5.27871484738936e-15     0.748041789099766    -0.341286757043973  4.30149236241499e-15     0.491120281648989 -1.55395691369623e-14
  0.00344536524805451   0.00232133089018751     0.416639220136255     0.185551184777439    -0.867957690352877 -4.77963948729563e-16  6.68347334362659e-15  1.73466834906568e-14 -1.55395691369623e-14      1.17788262807266
First eigenvector coefficient: 0.238522881424939
TOTAL ENERGY: -124.524576162956	 lambda: -4.675	 population of target: 3.93145000758732
1RDM: 
     1.99998562768778 -1.02822564767341e-05  -0.00175345175170101 -0.000808042322342442   0.00360673629372422  9.00344240701442e-18 -4.86806578239527e-17 -4.28911619265451e-17  3.72752583491563e-17   0.00343676812642097
-1.02822564767341e-05      1.99997047908456  -0.00166885027047844  -0.00166076638748195   0.00184361154019751  7.41757061111779e-18 -3.98320763663075e-17  -9.8963446945386e-18  1.30809432723173e-17   0.00232041862275411
 -0.00175345175170101  -0.00166885027047844      1.77732260423674    -0.121503611352593     0.424422257749236  1.41303129639408e-15 -6.82385415895188e-15 -3.71649013325268e-15  3.17608639000736e-15     0.416415811663458
-0.000808042322342442  -0.00166076638748195    -0.121503611352593      1.89409201335869     0.161111501173763  3.44813659474189e-16 -2.21973560491311e-15 -2.40382787338689e-15  2.29524375606131e-15     0.185285967790437
  0.00360673629372422   0.00184361154019751     0.424422257749236     0.161111501173763      1.06565458412461 -6.27650813687429e-15   2.3058960192578e-14  -3.7539602538925e-15  5.28641235625969e-15    -0.868310211788587
 9.00344240701442e-18  7.41757061111779e-18  1.41303129639408e-15  3.44813659474189e-16 -6.27650813687429e-15      1.55222012034623 -2.55411296202193e-14     0.341216318109648     0.747887399092827 -4.81493685937598e-16
-4.86806578239527e-17 -3.98320763663075e-17 -6.82385415895188e-15 -2.21973560491311e-15   2.3058960192578e-14 -2.55411296202193e-14       1.5522201203462     0.747887399092856    -0.341216318109627  6.69734240330481e-15
-4.28911619265451e-17  -9.8963446945386e-18 -3.71649013325268e-15 -2.40382787338689e-15  -3.7539602538925e-15     0.341216318109648     0.747887399092856     0.490842635012069  4.75419183041461e-15  1.73486680419874e-14
 3.72752583491563e-17  1.30809432723173e-17  3.17608639000736e-15  2.29524375606131e-15  5.28641235625969e-15     0.747887399092827    -0.341216318109627  4.75419183041461e-15     0.490842635012002 -1.55413889311267e-14
  0.00343676812642097   0.00232041862275411     0.416415811663458     0.185285967790437    -0.868310211788587 -4.81493685937598e-16  6.69734240330481e-15  1.73486680419874e-14 -1.55413889311267e-14      1.17684918079248
First eigenvector coefficient: 0.238899208171189
TOTAL ENERGY: -124.525708024718	 lambda: -4.65	 population of target: 3.93169276824313
1RDM: 
     1.99998571760969 -1.02399148607161e-05  -0.00174590797705416 -0.000803907134554053   0.00359459573402917  8.98190055877383e-18 -4.85449548006613e-17 -4.27417511368122e-17  3.71436136322532e-17   0.00342817466096956
-1.02399148607161e-05      1.99997048644495  -0.00166625485633817  -0.00165947527985136   0.00184018630513709  7.41201884250749e-18 -3.98080264161912e-17 -9.84543995535383e-18  1.30465869925126e-17   0.00231952858028382
 -0.00174590797705416  -0.00166625485633817      1.77782357425977    -0.121194358384237     0.423804376207054  1.41247921757218e-15  -6.8191121239289e-15 -3.70769170215025e-15  3.16849782665441e-15     0.416192093027744
-0.000803907134554053  -0.00165947527985136    -0.121194358384237       1.8942566757038     0.160648175049897  3.44322198966135e-16 -2.21658424630225e-15 -2.39598585502072e-15  2.28906903645733e-15     0.185022266524145
  0.00359459573402917   0.00184018630513709     0.423804376207054     0.160648175049897       1.0660589654718 -6.27652073647906e-15  2.30580495784112e-14 -3.76274734899407e-15  5.29430545538889e-15    -0.868664100239036
 8.98190055877383e-18  7.41201884250749e-18  1.41247921757218e-15  3.44322198966135e-16 -6.27652073647906e-15      1.55249159996366 -2.47216776983349e-14     0.341144702106811     0.747730429154952 -4.85083467821306e-16
-4.85449548006613e-17 -3.98080264161912e-17  -6.8191121239289e-15 -2.21658424630225e-15  2.30580495784112e-14 -2.47216776983349e-14      1.55249159996363     0.747730429154984    -0.341144702106792  6.71141622145165e-15
-4.27417511368122e-17 -9.84543995535383e-18 -3.70769170215025e-15 -2.39598585502072e-15 -3.76274734899407e-15     0.341144702106811     0.747730429154984     0.490560702046133  3.01839365947446e-15  1.73506382353252e-14
 3.71436136322532e-17  1.30465869925126e-17  3.16849782665441e-15  2.28906903645733e-15  5.29430545538889e-15     0.747730429154952    -0.341144702106792  3.01839365947446e-15     0.490560702046067 -1.55431964475096e-14
  0.00342817466096956   0.00231952858028382     0.416192093027744     0.185022266524145    -0.868664100239036 -4.85083467821306e-16  6.71141622145165e-15  1.73506382353252e-14 -1.55431964475096e-14      1.17579997649198
First eigenvector coefficient: -0.239281403484876
TOTAL ENERGY: -124.52685593781	 lambda: -4.625	 population of target: 3.93194029884637
1RDM: 
     1.99998580736572 -1.01976017672232e-05  -0.00173835481574249 -0.000799779618480213   0.00358241862713009  8.96039294510256e-18 -4.84091677307205e-17 -4.25918794954283e-17   3.7011566203172e-17   0.00341958528970973
-1.01976017672232e-05      1.99997049382698  -0.00166365114131167    -0.001658185165763   0.00183674770371445  7.40654547949206e-18 -3.97840905716569e-17 -9.79436046024877e-18  1.30120614484356e-17   0.00231866111965425
 -0.00173835481574249  -0.00166365114131167      1.77832767052914    -0.120884767856603     0.423179720508207  1.41192885909667e-15 -6.81433735578041e-15 -3.69880455422672e-15  3.16082969058755e-15     0.415968067877185
-0.000799779618480213    -0.001658185165763    -0.120884767856603      1.89442095810552     0.160183848334601  3.43838054579618e-16 -2.21345160905567e-15 -2.38812150185107e-15  2.28287650918372e-15     0.184760116992038
  0.00358241862713009   0.00183674770371445     0.423179720508207     0.160183848334601      1.06647685102179 -6.27652822662603e-15  2.30570694845021e-14 -3.77176250579521e-15  5.30239729034944e-15     -0.86901936054689
 8.96039294510256e-18  7.40654547949206e-18  1.41192885909667e-15  3.43838054579618e-16 -6.27652822662603e-15      1.55276739981452 -2.32230155516748e-14     0.341071879878873     0.747570815400844 -4.88734719815289e-16
-4.84091677307205e-17 -3.97840905716569e-17 -6.81433735578041e-15 -2.21345160905567e-15  2.30570694845021e-14 -2.32230155516748e-14      1.55276739981449     0.747570815400869    -0.341071879878854  6.72569973646497e-15
-4.25918794954283e-17 -9.79436046024877e-18 -3.69880455422672e-15 -2.38812150185107e-15 -3.77176250579521e-15     0.341071879878873     0.747570815400869     0.490274382697662  4.22603476993854e-15  1.73525928636539e-14
  3.7011566203172e-17  1.30120614484356e-17  3.16082969058755e-15  2.28287650918372e-15  5.30239729034944e-15     0.747570815400844    -0.341071879878854  4.22603476993854e-15     0.490274382697598 -1.55449908042939e-14
  0.00341958528970973   0.00231866111965425     0.415968067877185     0.184760116992038     -0.86901936054689 -4.88734719815289e-16  6.72569973646497e-15  1.73525928636539e-14 -1.55449908042939e-14       1.1747346541282
First eigenvector coefficient: -0.239669605088363
TOTAL ENERGY: -124.528020313326	 lambda: -4.6	 population of target: 3.93219274023244
1RDM: 
      1.9999858969541 -1.01553170588517e-05  -0.00173079221577357 -0.000795659831203481   0.00357020466180829  8.93892042085247e-18 -4.82732925340684e-17 -4.24415550653094e-17  3.68791192824609e-17   0.00341100046496432
-1.01553170588517e-05      1.99997050123272  -0.00166103888106413  -0.00165689595640931   0.00183329531939315  7.40115444439591e-18 -3.97602998914794e-17 -9.74305360163504e-18  1.29773350763227e-17   0.00231781660841235
 -0.00173079221577357  -0.00166103888106413      1.77883494374055    -0.120574831880598     0.422548162170763  1.41137999398168e-15 -6.80952596857487e-15 -3.68983243935795e-15  3.15308351870057e-15     0.415743740602487
-0.000795659831203481  -0.00165689595640931    -0.120574831880598      1.89458486118526     0.159718504771699  3.43360827291619e-16 -2.21033132399402e-15 -2.38024547151988e-15  2.27667204669818e-15     0.184499556316612
  0.00357020466180829   0.00183329531939315     0.422548162170763     0.159718504771699      1.06690856422624  -6.2765306412956e-15  2.30560209979026e-14 -3.78101605156337e-15  5.31069531933625e-15     -0.86937599647325
 8.93892042085247e-18  7.40115444439591e-18  1.41137999398168e-15  3.43360827291619e-16  -6.2765306412956e-15      1.55304762273193 -2.22151011708486e-14     0.340997821237317     0.747408491616359 -4.92448847400561e-16
-4.82732925340684e-17 -3.97602998914794e-17 -6.80952596857487e-15 -2.21033132399402e-15  2.30560209979026e-14 -2.22151011708486e-14       1.5530476227319     0.747408491616387      -0.3409978212373  6.74019704347368e-15
-4.24415550653094e-17 -9.74305360163504e-18 -3.68983243935795e-15 -2.38024547151988e-15 -3.78101605156337e-15     0.340997821237317     0.747408491616387     0.489983573582268  2.28970252319346e-15  1.73545323878548e-14
 3.68791192824609e-17  1.29773350763227e-17  3.15308351870057e-15  2.27667204669818e-15  5.31069531933625e-15     0.747408491616359      -0.3409978212373  2.28970252319346e-15     0.489983573582205 -1.55467720105856e-14
  0.00341100046496432   0.00231781660841235     0.415743740602487     0.184499556316612     -0.86937599647325 -4.92448847400561e-16  6.74019704347368e-15  1.73545323878548e-14 -1.55467720105856e-14      1.17365284003455
