HCORE:-26.1841 -7.28202 -7.00882 -8.16823 -8.26571 -33.3504 -8.68782 -6.86062 -6.86062 -8.16823
HCORE2:-33.3504 -26.1841 -8.68782 -8.26571 -8.16823 -8.16823 -7.28202 -7.00882 -6.86062 -6.86062
TOTAL ENERGY: -124.234937010377	 lambda: -5	 population of target: 3.99338721657521
1RDM: 
     1.99999931944739 -1.02345944990698e-06 -0.000129747363633702 -0.000143165527442815  0.000628996907723419 -1.92231236030112e-18  -2.9765355811329e-17  8.25217406313449e-18  5.07187662641911e-18  0.000950652960894841
-1.02345944990698e-06      1.99997319888102 -0.000494619387660839  -0.00167765469710282  0.000401535904542654  1.21814588759657e-17  2.75230711277925e-17 -1.71310576487846e-17  6.36361331964944e-17  0.000980520438820554
-0.000129747363633702 -0.000494619387660839      1.97152920170374    -0.045549565645559      0.11310173460965 -5.34170864543134e-16 -8.66017765970376e-15  2.16400572826816e-15 -2.91662168486158e-15     0.175612286612114
-0.000143165527442815  -0.00167765469710282    -0.045549565645559      1.88058597370736    0.0989102823894237 -2.48363297097526e-15 -1.71019820638481e-14  5.60610808270973e-15 -1.32789508693261e-14     0.172365905061727
 0.000628996907723419  0.000401535904542654      0.11310173460965    0.0989102823894237      1.40607416055937 -5.41810611737325e-16  2.56554202334119e-14 -4.64787224963498e-15 -7.22701345961684e-15    -0.889074017119444
-1.92231236030112e-18  1.21814588759657e-17 -5.34170864543134e-16 -2.48363297097526e-15 -5.41810611737325e-16      1.19550819202852  1.29591955868619e-14     0.958081523388959     0.110855841028663 -6.48076132834969e-15
 -2.9765355811329e-17  2.75230711277925e-17 -8.66017765970376e-15 -1.71019820638481e-14  2.56554202334119e-14  1.29591955868619e-14       1.1955081920285     0.110855841028658    -0.958081523388963  2.09686696776677e-14
 8.25217406313449e-18 -1.71310576487846e-17  2.16400572826816e-15  5.60610808270973e-15 -4.64787224963498e-15     0.958081523388959     0.110855841028658     0.843730148331376  1.00874079223203e-14  2.19745060882362e-15
 5.07187662641911e-18  6.36361331964944e-17 -2.91662168486158e-15 -1.32789508693261e-14 -7.22701345961684e-15     0.110855841028663    -0.958081523388963  1.00874079223203e-14     0.843730148331403 -3.09064220197747e-14
 0.000950652960894841  0.000980520438820554     0.175612286612114     0.172365905061727    -0.889074017119444 -6.48076132834969e-15  2.09686696776677e-14  2.19745060882362e-15 -3.09064220197747e-14     0.663361464981327
First eigenvector coefficient: -0.229092943611527
TOTAL ENERGY: -124.23506016894	 lambda: -4.975	 population of target: 3.9934119102508
1RDM: 
      1.9999993215979 -1.02203800046758e-06  -0.00012945000251915 -0.000142896920930969  0.000627823062526462 -1.65395340884289e-18 -2.74684379835322e-17  7.60287260985526e-18  7.72230306009373e-18  0.000949277572127554
-1.02203800046758e-06        1.999973198259 -0.000494467474309233  -0.00167764370585403  0.000401236048524243  6.02329304057513e-18 -2.52049718464378e-17 -2.70384787679618e-18  2.31464151866205e-18  0.000980747539147151
 -0.00012945000251915 -0.000494467474309233      1.97156573556789   -0.0455187511154939     0.112980871605959  -1.6072627601624e-16 -5.45401693008778e-15  1.27315894628678e-15  8.55648121301404e-16     0.175505813812882
-0.000142896920930969  -0.00167764370585403   -0.0455187511154939      1.88060358959412    0.0988199034609236 -1.05676331820923e-15  -4.8593061516609e-15  2.20735558010427e-15   1.1440001443893e-15     0.172318272817071
 0.000627823062526462  0.000401236048524243     0.112980871605959    0.0988199034609236      1.40639465873055 -2.85044107306702e-16  2.78430118370776e-14 -5.24891945292794e-15 -4.64622032194402e-15    -0.888953122788828
-1.65395340884289e-18  6.02329304057513e-18  -1.6072627601624e-16 -1.05676331820923e-15 -2.85044107306702e-16      1.19558556917026  1.24001584096457e-14     0.958068559636363     0.110854341040573  -6.4752074675538e-15
-2.74684379835322e-17 -2.52049718464378e-17 -5.45401693008778e-15  -4.8593061516609e-15  2.78430118370776e-14  1.24001584096457e-14      1.19558556917024     0.110854341040569    -0.958068559636366  2.09690350678746e-14
 7.60287260985526e-18 -2.70384787679618e-18  1.27315894628678e-15  2.20735558010427e-15 -5.24891945292794e-15     0.958068559636363     0.110854341040569     0.843650213351757  1.00133030020013e-14  2.20252235913953e-15
 7.72230306009373e-18  2.31464151866205e-18  8.55648121301404e-16   1.1440001443893e-15 -4.64622032194402e-15     0.110854341040573    -0.958068559636366  1.00133030020013e-14      0.84365021335178 -3.09256841892319e-14
 0.000949277572127554  0.000980747539147151     0.175505813812882     0.172318272817071    -0.888953122788828  -6.4752074675538e-15  2.09690350678746e-14  2.20252235913953e-15 -3.09256841892319e-14     0.662991931206545
First eigenvector coefficient: 0.229187548360813
TOTAL ENERGY: -124.23518547854	 lambda: -4.95	 population of target: 3.99343716179318
1RDM: 
     1.99999932374342 -1.02061678596041e-06 -0.000129152125864341 -0.000142628727721887   0.00062664755729547 -1.64782704950083e-18  -2.7420325014096e-17  7.58079467569747e-18  7.70929824919523e-18  0.000947904880029776
-1.02061678596041e-06      1.99997319764448 -0.000494313511678898  -0.00167763215566218  0.000400930649903117  6.00699721557443e-18 -2.53035458435082e-17 -2.68038712536352e-18  2.19074251557651e-18  0.000980976361747907
-0.000129152125864341 -0.000494313511678898      1.97160262135921   -0.0454877345914816     0.112858605886336 -1.59771559149556e-16 -5.44384528123032e-15  1.26934490899135e-15   8.6087960606349e-16     0.175398341107463
-0.000142628727721887  -0.00167763215566218   -0.0454877345914816      1.88062120055227    0.0987289809005908 -1.05359012035706e-15 -4.83308248132381e-15  2.19873030168749e-15  1.17034102413844e-15     0.172271139641651
  0.00062664755729547  0.000400930649903117     0.112858605886336    0.0987289809005908      1.40672049053041 -2.83423365871351e-16  2.78405541763795e-14 -5.24506809471039e-15 -4.63354664397771e-15    -0.888829923599807
-1.64782704950083e-18  6.00699721557443e-18 -1.59771559149556e-16 -1.05359012035706e-15 -2.83423365871351e-16      1.19566421887881  1.22842703526673e-14     0.958055352725555       0.1108528129209 -6.46890513869105e-15
 -2.7420325014096e-17 -2.53035458435082e-17 -5.44384528123032e-15 -4.83308248132381e-15  2.78405541763795e-14  1.22842703526673e-14      1.19566421887879     0.110852812920896    -0.958055352725556  2.09743405813585e-14
 7.58079467569747e-18 -2.68038712536352e-18  1.26934490899135e-15  2.19873030168749e-15 -5.24506809471039e-15     0.958055352725555     0.110852812920896     0.843569019832371   1.0203485304042e-14  2.20228984470464e-15
 7.70929824919523e-18  2.19074251557651e-18   8.6087960606349e-16  1.17034102413844e-15 -4.63354664397771e-15       0.1108528129209    -0.958055352725556   1.0203485304042e-14     0.843569019832392 -3.09220548771604e-14
 0.000947904880029776  0.000980976361747907     0.175398341107463     0.172271139641651    -0.888829923599807 -6.46890513869105e-15  2.09743405813585e-14  2.20228984470464e-15 -3.09220548771604e-14     0.662616688747994
First eigenvector coefficient: -0.229283628313047
TOTAL ENERGY: -124.235312997164	 lambda: -4.925	 population of target: 3.99346298859617
1RDM: 
     1.99999932588385 -1.01919584701212e-06 -0.000128853729205633 -0.000142360956265324  0.000625470381676856 -1.64222642754023e-18 -2.73763925825851e-17  7.55986057313159e-18  7.69132766578161e-18  0.000946534992948496
-1.01919584701212e-06      1.99997319703767 -0.000494157450108453  -0.00167761998987649  0.000400619590381334   6.0020756407025e-18 -2.53039279283772e-17 -2.68389389997494e-18  2.18107131236017e-18  0.000981206941770777
-0.000128853729205633 -0.000494157450108453      1.97163986558995   -0.0454565107462382     0.112734909695087 -1.59514088975335e-16 -5.43959951516972e-15  1.26716519928394e-15  8.59055928593463e-16     0.175289850924668
-0.000142360956265324  -0.00167761998987649   -0.0454565107462382      1.88063881225893    0.0986375011831539 -1.05308468879435e-15 -4.82967192154618e-15  2.19642814689812e-15  1.16979714153551e-15     0.172224514502587
 0.000625470381676856  0.000400619590381334     0.112734909695087    0.0986375011831539       1.4070517820641 -2.82264961762306e-16   2.7833893371259e-14 -5.24000192237849e-15 -4.62554303287857e-15    -0.888704361209419
-1.64222642754023e-18   6.0020756407025e-18 -1.59514088975335e-16 -1.05308468879435e-15 -2.82264961762306e-16      1.19574417126658  1.22851801770681e-14     0.958041897586108     0.110851256079671 -6.46249924468201e-15
-2.73763925825851e-17 -2.53039279283772e-17 -5.43959951516972e-15 -4.82967192154618e-15   2.7833893371259e-14  1.22851801770681e-14      1.19574417126656     0.110851256079667     -0.95804189758611  2.09797348337164e-14
 7.55986057313159e-18 -2.68389389997494e-18  1.26716519928394e-15  2.19642814689812e-15 -5.24000192237849e-15     0.958041897586108     0.110851256079667     0.843486535932136  1.00301425031659e-14  2.20204761030771e-15
 7.69132766578161e-18  2.18107131236017e-18  8.59055928593463e-16  1.16979714153551e-15 -4.62554303287857e-15     0.110851256079671     -0.95804189758611  1.00301425031659e-14     0.843486535932159 -3.09183252449457e-14
 0.000946534992948496  0.000981206941770777     0.175289850924668     0.172224514502587    -0.888704361209419 -6.46249924468201e-15  2.09797348337164e-14  2.20204761030771e-15 -3.09183252449457e-14     0.662235602768323
First eigenvector coefficient: 0.229381219088913
TOTAL ENERGY: -124.235442784832	 lambda: -4.9	 population of target: 3.9934894087332
1RDM: 
     1.99999932801907  -1.0177752368389e-06  -0.00012855480978271 -0.000142093617476108  0.000624291530682979 -1.63666824475619e-18 -2.73324839217851e-17  7.53891276017513e-18  7.67330725068702e-18  0.000945168031832012
 -1.0177752368389e-06      1.99997319643881 -0.000493999249130047  -0.00167760718837184  0.000400302738886454  5.99709182316447e-18 -2.53040657155411e-17 -2.68751159629311e-18  2.17149934890392e-18  0.000981439312841073
 -0.00012855480978271 -0.000493999249130047      1.97167747450452   -0.0454250753849934     0.112609754571499 -1.59259701174647e-16 -5.43532153414275e-15    1.264966825984e-15  8.57194258176519e-16     0.175180325711278
-0.000142093617476108  -0.00167760718837184   -0.0454250753849934      1.88065642584975      0.09854544960022  -1.0525937988438e-15 -4.82630341089401e-15  2.19413269994557e-15  1.16919014378699e-15     0.172178406793095
 0.000624291530682979  0.000400302738886454     0.112609754571499      0.09854544960022      1.40738866384352 -2.81093376951137e-16  2.78271047438707e-14 -5.23484625111535e-15 -4.61741900696463e-15    -0.888576374640821
-1.63666824475619e-18  5.99709182316447e-18 -1.59259701174647e-16  -1.0525937988438e-15 -2.81093376951137e-16      1.19582545833562  1.25069789421443e-14     0.958028187966787     0.110849669793581 -6.45598880571535e-15
-2.73324839217851e-17 -2.53040657155411e-17 -5.43532153414275e-15 -4.82630341089401e-15  2.78271047438707e-14  1.25069789421443e-14       1.1958254583356     0.110849669793577    -0.958028187966789  2.09852067152918e-14
 7.53891276017513e-18 -2.68751159629311e-18    1.264966825984e-15  2.19413269994557e-15 -5.23484625111535e-15     0.958028187966787     0.110849669793577     0.843402729903698  9.91328724831489e-15  2.20180443207395e-15
 7.67330725068702e-18  2.17149934890392e-18  8.57194258176519e-16  1.16919014378699e-15 -4.61741900696463e-15     0.110849669793581    -0.958028187966789  9.91328724831489e-15     0.843402729903724 -3.09145308277723e-14
 0.000945168031832012  0.000981439312841073     0.175180325711278     0.172178406793095    -0.888576374640821 -6.45598880571535e-15  2.09852067152918e-14  2.20180443207395e-15 -3.09145308277723e-14     0.661848534865993
First eigenvector coefficient: -0.22948035715371
TOTAL ENERGY: -124.235574903725	 lambda: -4.875	 population of target: 3.99351644099671
1RDM: 
     1.99999933014897 -1.01635500975345e-06 -0.000128255364765602 -0.000141826722497069  0.000623110998804253 -1.63115304313682e-18 -2.72885941419976e-17  7.51794980920669e-18  7.65524366984572e-18  0.000943804121132907
-1.01635500975345e-06      1.99997319584815 -0.000493838867227747  -0.00167759373026847  0.000399979960300178  5.99202373878476e-18 -2.53041273676107e-17 -2.69119058395046e-18  2.16180572521677e-18   0.00098167350949726
-0.000128255364765602 -0.000493838867227747      1.97171545449002   -0.0453934242000913     0.112483111288684 -1.59007201399526e-16 -5.43099960275742e-15  1.26274642968384e-15  8.55306527473467e-16     0.175069747527097
-0.000141826722497069  -0.00167759373026847   -0.0453934242000913      1.88067404251442    0.0984528109283305  -1.0521126581207e-15 -4.82293371320136e-15  2.19183214744933e-15  1.16856914484587e-15     0.172132826125493
 0.000623110998804253  0.000399979960300178     0.112483111288684    0.0984528109283305      1.40773127056573 -2.79907510927618e-16  2.78201922537546e-14  -5.2296009430815e-15 -4.60916293079335e-15    -0.888445900814274
-1.63115304313682e-18  5.99202373878476e-18 -1.59007201399526e-16  -1.0521126581207e-15 -2.79907510927618e-16      1.19590811314389  1.13087337970895e-14     0.958014217404274      0.11084805331478  -6.4493712389544e-15
-2.72885941419976e-17 -2.53041273676107e-17 -5.43099960275742e-15 -4.82293371320136e-15  2.78201922537546e-14  1.13087337970895e-14      1.19590811314388     0.110848053314776    -0.958014217404276  2.09907580526838e-14
 7.51794980920669e-18 -2.69119058395046e-18  1.26274642968384e-15  2.19183214744933e-15  -5.2296009430815e-15     0.958014217404274     0.110848053314776     0.843317568952344  9.52670690050766e-15  2.20156014130564e-15
 7.65524366984572e-18  2.16180572521677e-18  8.55306527473467e-16  1.16856914484587e-15 -4.60916293079335e-15      0.11084805331478    -0.958014217404276  9.52670690050766e-15     0.843317568952362  -3.0910669079901e-14
 0.000943804121132907   0.00098167350949726     0.175069747527097     0.172132826125493    -0.888445900814274  -6.4493712389544e-15  2.09907580526838e-14  2.20156014130564e-15  -3.0910669079901e-14     0.661455342240638
First eigenvector coefficient: 0.229581080151402
TOTAL ENERGY: -124.235709418279	 lambda: -4.85	 population of target: 3.99354410493286
1RDM: 
     1.99999933227346 -1.01493522103876e-06 -0.000127955391234279  -0.00014156028268525  0.000621928779890565 -1.62568218045313e-18  -2.7244725255906e-17  7.49697201852181e-18  7.63713622350608e-18  0.000942443388808205
-1.01493522103876e-06      1.99997319526594  -0.00049367626178641   -0.0016775795938465  0.000399651115299957  5.98686950783125e-18 -2.53041104243078e-17 -2.69493210970907e-18  2.15198641599212e-18  0.000981909567206074
-0.000127955391234279  -0.00049367626178641       1.9717538120809   -0.0453615527655615     0.112354949826794 -1.58756662601092e-16 -5.42663286215034e-15  1.26050358148361e-15  8.53392183736432e-16     0.174958098033841
 -0.00014156028268525   -0.0016775795938465   -0.0453615527655615      1.88069166350482    0.0983595694077943 -1.05164146341586e-15 -4.81956252000755e-15  2.18952630482626e-15  1.16793390235136e-15     0.172087782337255
 0.000621928779890565  0.000399651115299957     0.112354949826794    0.0983595694077943      1.40807974128137 -2.78707074117819e-16  2.78131527880827e-14 -5.22426378559867e-15 -4.60077159753969e-15    -0.888312874457086
-1.62568218045313e-18  5.98686950783125e-18 -1.58756662601092e-16 -1.05164146341586e-15 -2.78707074117819e-16      1.19599216984797  1.15936876778007e-14     0.957999979215288     0.110846405869975 -6.44264389306319e-15
 -2.7244725255906e-17 -2.53041104243078e-17 -5.42663286215034e-15 -4.81956252000755e-15  2.78131527880827e-14  1.15936876778007e-14      1.19599216984796     0.110846405869971    -0.957999979215288  2.09963906900619e-14
 7.49697201852181e-18 -2.69493210970907e-18  1.26050358148361e-15  2.18952630482626e-15 -5.22426378559867e-15     0.957999979215288     0.110846405869971     0.843231019191203  1.02230994139417e-14  2.20131474689935e-15
 7.63713622350608e-18  2.15198641599212e-18  8.53392183736432e-16  1.16793390235136e-15 -4.60077159753969e-15     0.110846405869975    -0.957999979215288  1.02230994139417e-14     0.843231019191217 -3.09067381900177e-14
 0.000942443388808205  0.000981909567206074     0.174958098033841     0.172087782337255    -0.888312874457086 -6.44264389306319e-15  2.09963906900619e-14  2.20131474689935e-15 -3.09067381900177e-14      0.66105587751568
First eigenvector coefficient: 0.229683426954287
TOTAL ENERGY: -124.235846395286	 lambda: -4.825	 population of target: 3.99357242087828
1RDM: 
      1.9999993343924 -1.01351592695244e-06  -0.00012765488617387 -0.000141294309614654  0.000620744867102093  -1.6202570486466e-18   -2.720087927215e-17  7.47597965642362e-18  7.61898431284254e-18  0.000941085966433205
-1.01351592695244e-06      1.99997319469243 -0.000493511389054306  -0.00167756475650599  0.000399316060194631  5.98162716361295e-18 -2.53040128211825e-17 -2.69873770319463e-18  2.14203839001351e-18  0.000982147522394418
 -0.00012765488617387 -0.000493511389054306      1.97179255396317   -0.0453294565329173     0.112225239345621 -1.58508162524479e-16 -5.42222045006654e-15  1.25823783884544e-15  8.51450670346449e-16     0.174845358484791
-0.000141294309614654  -0.00167756475650599   -0.0453294565329173      1.88070929013852    0.0982657087192147 -1.05118043787932e-15 -4.81618970262053e-15  2.18721500844786e-15  1.16728405236973e-15     0.172043285496827
 0.000620744867102093  0.000399316060194631     0.112225239345621    0.0982657087192147      1.40843421957129 -2.77491766143992e-16  2.78059831624139e-14 -5.21883249462698e-15 -4.59224168906306e-15     -0.88817722800832
 -1.6202570486466e-18  5.98162716361295e-18 -1.58508162524479e-16 -1.05118043787932e-15 -2.77491766143992e-16      1.19607766374909  1.24507895914083e-14     0.957985466487155     0.110844726659332 -6.43580403057391e-15
  -2.720087927215e-17 -2.53040128211825e-17 -5.42222045006654e-15 -4.81618970262053e-15  2.78059831624139e-14  1.24507895914083e-14      1.19607766374907     0.110844726659327    -0.957985466487158  2.10021065222605e-14
 7.47597965642362e-18 -2.69873770319463e-18  1.25823783884544e-15  2.18721500844786e-15 -5.21883249462698e-15     0.957985466487155     0.110844726659327     0.843143045595454  9.80302178803626e-15  2.20106827762356e-15
 7.61898431284254e-18  2.14203839001351e-18  8.51450670346449e-16  1.16728405236973e-15 -4.59224168906306e-15     0.110844726659332    -0.957985466487158  9.80302178803626e-15      0.84314304559548 -3.09027363643129e-14
 0.000941085966433205  0.000982147522394418     0.174845358484791     0.172043285496827     -0.88817722800832 -6.43580403057391e-15  2.10021065222605e-14  2.20106827762356e-15 -3.09027363643129e-14     0.660649988553751
First eigenvector coefficient: 0.229787437713402
TOTAL ENERGY: -124.235985904005	 lambda: -4.8	 population of target: 3.99360140999888
1RDM: 
     1.99999933650567 -1.01209718472771e-06  -0.00012735384646997 -0.000141028815079635  0.000619559252857216 -1.61487908255027e-18 -2.71570582407295e-17  7.45497298803647e-18  7.60078732413948e-18  0.000939731989320874
-1.01209718472771e-06       1.9999731941279 -0.000493344204103811  -0.00167754919472409  0.000398974646749834  5.97629467226463e-18 -2.53038324954713e-17 -2.70260895702612e-18  2.13195858514012e-18  0.000982387412479384
 -0.00012735384646997 -0.000493344204103811       1.9718316869787   -0.0452971308269192     0.112093948156204 -1.58261782204202e-16  -5.4177614819693e-15  1.25594874677364e-15  8.49481417978717e-16     0.174731509714495
-0.000141028815079635  -0.00167754919472409   -0.0452971308269192      1.88072692380213    0.0981712119593728 -1.05072981238876e-15 -4.81281513588635e-15  2.18489808887972e-15  1.16661921629409e-15     0.171999345910541
 0.000619559252857216  0.000398974646749834     0.112093948156204    0.0981712119593728      1.40879485373229 -2.76261278285755e-16  2.77986800892393e-14 -5.21330471035269e-15  -4.5835697759882e-15    -0.888038891518252
-1.61487908255027e-18  5.97629467226463e-18 -1.58261782204202e-16 -1.05072981238876e-15 -2.76261278285755e-16      1.19616463134134  1.16478269355352e-14     0.957970672067907     0.110843014855315 -6.42884882262703e-15
-2.71570582407295e-17 -2.53038324954713e-17  -5.4177614819693e-15 -4.81281513588635e-15  2.77986800892393e-14  1.16478269355352e-14      1.19616463134133     0.110843014855311    -0.957970672067908  2.10079075025832e-14
 7.45497298803647e-18 -2.70260895702612e-18  1.25594874677364e-15  2.18489808887972e-15 -5.21330471035269e-15     0.957970672067907     0.110843014855311     0.843053611954296  9.80021742627036e-15  2.20082076673015e-15
 7.60078732413948e-18  2.13195858514012e-18  8.49481417978717e-16  1.16661921629409e-15  -4.5835697759882e-15     0.110843014855315    -0.957970672067908  9.80021742627036e-15     0.843053611954317 -3.08986617538631e-14
 0.000939731989320874  0.000982387412479384     0.174731509714495     0.171999345910541    -0.888038891518252 -6.42884882262703e-15  2.10079075025832e-14  2.20082076673015e-15 -3.08986617538631e-14     0.660237518262792
First eigenvector coefficient: 0.229893153911465
TOTAL ENERGY: -124.236128016274	 lambda: -4.775	 population of target: 3.99363109433094
1RDM: 
     1.99999933861316 -1.01067905256896e-06 -0.000127052268902606 -0.000140763811096371  0.000618371928771938 -1.60954976229171e-18 -2.71132642588662e-17   7.4339522774633e-18  7.58254461587712e-18  0.000938381596638111
-1.01067905256896e-06      1.99997319357262 -0.000493174660790839  -0.00167753288400995  0.000398626722007198  5.97086993546071e-18  -2.5303567321938e-17 -2.70654751709915e-18  2.12174384756204e-18  0.000982629275902673
-0.000127052268902606 -0.000493174660790839      1.97187121812962   -0.0452645708409911       0.1119610436912 -1.58017606182259e-16 -5.41325505041968e-15  1.25363583801969e-15  8.47483841352861e-16     0.174616532128106
-0.000140763811096371  -0.00167753288400995   -0.0452645708409911      1.88074456595534    0.0980760616151025 -1.05028982490754e-15 -4.80943868888339e-15  2.18257537004163e-15   1.1659390021507e-15     0.171955974128554
 0.000618371928771938  0.000398626722007198       0.1119610436912    0.0980760616151025      1.40916179697171 -2.75015293602529e-16  2.77912401700007e-14 -5.20767799355079e-15 -4.57475231492036e-15    -0.887897792542716
-1.60954976229171e-18  5.97086993546071e-18 -1.58017606182259e-16 -1.05028982490754e-15 -2.75015293602529e-16      1.19625311036244  1.24483735698576e-14     0.957955588555868     0.110841269601518 -6.42177534498166e-15
-2.71132642588662e-17  -2.5303567321938e-17 -5.41325505041968e-15 -4.80943868888339e-15  2.77912401700007e-14  1.24483735698576e-14      1.19625311036242     0.110841269601514    -0.957955588555869  2.10137956456347e-14
  7.4339522774633e-18 -2.70654751709915e-18  1.25363583801969e-15  2.18257537004163e-15 -5.20767799355079e-15     0.957955588555868     0.110841269601514     0.842962680820327  9.64362236898686e-15  2.20057225081079e-15
 7.58254461587712e-18  2.12174384756204e-18  8.47483841352861e-16   1.1659390021507e-15 -4.57475231492036e-15     0.110841269601518    -0.957955588555869  9.64362236898686e-15     0.842962680820357 -3.08945124458837e-14
 0.000938381596638111  0.000982629275902673     0.174616532128106     0.171955974128554    -0.887897792542716 -6.42177534498166e-15  2.10137956456347e-14  2.20057225081079e-15 -3.08945124458837e-14     0.659818304392878
First eigenvector coefficient: 0.230000618418483
TOTAL ENERGY: -124.23627280663	 lambda: -4.75	 population of target: 3.9936614968246
1RDM: 
     1.99999934071474 -1.00926158965761e-06  -0.00012675015014171  -0.00014049930990691  0.000617182885604891 -1.60427061515344e-18  -2.7069499472562e-17  7.41291778759781e-18  7.56425551624552e-18  0.000937034931541329
-1.00926158965761e-06      1.99997319302688 -0.000493002711712296  -0.00167751579885803  0.000398272128093764  5.96535078830846e-18 -2.53032151044601e-17  -2.7105550837225e-18  2.11139092306088e-18  0.000982873152164693
 -0.00012675015014171 -0.000493002711712296      1.97191115458298   -0.0452317716325694     0.111826492473859 -1.57775722687447e-16 -5.40870022434138e-15  1.25129863272074e-15  8.45457338397637e-16     0.174500405690291
 -0.00014049930990691  -0.00167751579885803   -0.0452317716325694      1.88076221813464    0.0979802395364553 -1.04986072067618e-15 -4.80606022381362e-15  2.18024666885208e-15   1.1652430041558e-15     0.171913180951965
 0.000617182885604891  0.000398272128093764     0.111826492473859    0.0979802395364553      1.40953520761185 -2.73753486712348e-16  2.77836598900015e-14  -5.2019498221768e-15 -4.56578564384627e-15    -0.887753856031769
-1.60427061515344e-18  5.96535078830846e-18 -1.57775722687447e-16 -1.04986072067618e-15 -2.73753486712348e-16        1.196343139847   1.1212111550934e-14     0.957940208288653     0.110839490011344 -6.41458057394733e-15
 -2.7069499472562e-17 -2.53032151044601e-17 -5.40870022434138e-15 -4.80606022381362e-15  2.77836598900015e-14   1.1212111550934e-14      1.19634313984699      0.11083949001134    -0.957940208288653  2.10197730297663e-14
 7.41291778759781e-18  -2.7105550837225e-18  1.25129863272074e-15  2.18024666885208e-15  -5.2019498221768e-15     0.957940208288653      0.11083949001134     0.842870213456571  9.57386570712981e-15  2.20032276989155e-15
 7.56425551624552e-18  2.11139092306088e-18  8.45457338397637e-16   1.1652430041558e-15 -4.56578564384627e-15     0.110839490011344    -0.957940208288653  9.57386570712981e-15     0.842870213456589 -3.08902864603394e-14
 0.000937034931541329  0.000982873152164693     0.174500405690291     0.171913180951965    -0.887753856031769 -6.41458057394733e-15  2.10197730297663e-14  2.20032276989155e-15 -3.08902864603394e-14     0.659392179322737
First eigenvector coefficient: 0.230109875550082
TOTAL ENERGY: -124.236420352438	 lambda: -4.725	 population of target: 3.99369264138984
1RDM: 
     1.99999934281029 -1.00784485614296e-06 -0.000126447486740389 -0.000140235323980176  0.000615992113188067 -1.59904321737744e-18 -2.70257660774535e-17  7.39186977951186e-18  7.54591932125886e-18  0.000935692141301383
-1.00784485614296e-06        1.999973192491  -0.00049282830816202   -0.0016774979126975  0.000397910702023305  5.95973499671628e-18 -2.53027735726831e-17 -2.71463341376715e-18  2.10089645243084e-18  0.000983119081861616
-0.000126447486740389  -0.00049282830816202      1.97195150367545   -0.0451987281181132     0.111690260085848 -1.57536223820696e-16 -5.40409604825916e-15  1.24893663797524e-15  8.43401289621841e-16     0.174383109914078
-0.000140235323980176   -0.0016774979126975   -0.0451987281181132      1.88077988195784    0.0978837269078008 -1.04944275247907e-15 -4.80267959552351e-15  2.17791179487739e-15  1.16453080214321e-15     0.171870977439088
 0.000615992113188067  0.000397910702023305     0.111690260085848    0.0978837269078008      1.40991524930439 -2.72475523532992e-16  2.77759356134387e-14 -5.19611758783434e-15 -4.55666597715737e-15    -0.887607004212455
-1.59904321737744e-18  5.95973499671628e-18 -1.57536223820696e-16 -1.04944275247907e-15 -2.72475523532992e-16      1.19643476018271  1.19655817510234e-14     0.957924523331632      0.11083767516672 -6.40726138213326e-15
-2.70257660774535e-17 -2.53027735726831e-17 -5.40409604825916e-15 -4.80267959552351e-15  2.77759356134387e-14  1.19655817510234e-14       1.1964347601827     0.110837675166716    -0.957924523331633  2.10258417996422e-14
 7.39186977951186e-18 -2.71463341376715e-18  1.24893663797524e-15  2.17791179487739e-15 -5.19611758783434e-15     0.957924523331632     0.110837675166716     0.842776169780368  9.37523727540747e-15  2.20007236766522e-15
 7.54591932125886e-18  2.10089645243084e-18  8.43401289621841e-16  1.16453080214321e-15 -4.55666597715737e-15      0.11083767516672    -0.957924523331633  9.37523727540747e-15     0.842776169780394 -3.08859817469653e-14
 0.000935692141301383  0.000983119081861616     0.174383109914078     0.171870977439088    -0.887607004212455 -6.40726138213326e-15  2.10258417996422e-14  2.20007236766522e-15 -3.08859817469653e-14     0.658958969835953
First eigenvector coefficient: 0.230220971128917
TOTAL ENERGY: -124.236570734019	 lambda: -4.7	 population of target: 3.99372455294534
1RDM: 
     1.99999934489967 -1.00642891313927e-06 -0.000126144275129334 -0.000139971866015288  0.000614799600360136 -1.59386919611045e-18 -2.69820663198466e-17  7.37080851189545e-18  7.52753529297938e-18  0.000934353377445099
-1.00642891313927e-06      1.99997319196529 -0.000492651400084143  -0.00167747919783897  0.000397542275485086   5.9540202546288e-18 -2.53022403786099e-17 -2.71878432309566e-18  2.09025696723305e-18   0.00098336710672051
-0.000126144275129334 -0.000492651400084143      1.97199227291819   -0.0451654350680723     0.111552311133598  -1.5729920575359e-16 -5.39944154150391e-15  1.24654934739952e-15  8.41315057460883e-16     0.174264623849443
-0.000139971866015288  -0.00167747919783897   -0.0451654350680723      1.88079755912837    0.0977865042181594 -1.04903618094634e-15 -4.79929665112694e-15  2.17557054999561e-15  1.16380196090956e-15     0.171829374913203
 0.000614799600360136  0.000397542275485086     0.111552311133598    0.0977865042181594      1.41030209125628   -2.711810610127e-16  2.77680635781165e-14 -5.19017859205011e-15 -4.54738940040029e-15    -0.887457156464929
-1.59386919611045e-18   5.9540202546288e-18  -1.5729920575359e-16 -1.04903618094634e-15   -2.711810610127e-16      1.19652801316926  1.25369445309238e-14     0.957908525465751     0.110835824116642 -6.39981453396658e-15
-2.69820663198466e-17 -2.53022403786099e-17 -5.39944154150391e-15 -4.79929665112694e-15  2.77680635781165e-14  1.25369445309238e-14      1.19652801316924     0.110835824116638    -0.957908525465755   2.1032004168883e-14
 7.37080851189545e-18 -2.71878432309566e-18  1.24654934739952e-15  2.17557054999561e-15 -5.19017859205011e-15     0.957908525465751     0.110835824116638     0.842680508304771  9.00947799789102e-15  2.19982109173606e-15
 7.52753529297938e-18  2.09025696723305e-18  8.41315057460883e-16  1.16380196090956e-15 -4.54738940040029e-15     0.110835824116642    -0.957908525465755  9.00947799789102e-15     0.842680508304804 -3.08815961821052e-14
 0.000934353377445099   0.00098336710672051     0.174264623849443     0.171829374913203    -0.887457156464929 -6.39981453396658e-15   2.1032004168883e-14  2.19982109173606e-15 -3.08815961821052e-14     0.658518496885323
First eigenvector coefficient: 0.230333952549127
TOTAL ENERGY: -124.2367240348	 lambda: -4.675	 population of target: 3.99375725747007
1RDM: 
     1.99999934698275  -1.0050138227164e-06 -0.000125840511609712 -0.000139708948942671    0.0006136053348903 -1.58875023140049e-18 -2.69384024976088e-17  7.34973424035891e-18  7.50910265752953e-18  0.000933018795894195
 -1.0050138227164e-06      1.99997319145008 -0.000492471936025126  -0.00167745962541892  0.000397166674625788  5.94820418107206e-18 -2.53016130934058e-17 -2.72300968901263e-18  2.07946888524984e-18  0.000983617269640249
-0.000125840511609712 -0.000492471936025126      1.97203347000197   -0.0451318871014365     0.111412609213135 -1.57064768933761e-16 -5.39473569737643e-15    1.244136240658e-15  8.39197985610948e-16     0.174144926071381
-0.000139708948942671  -0.00167745962541892   -0.0451318871014365      1.88081525144014    0.0976885512291631 -1.04864127485212e-15 -4.79591122954131e-15  2.17322272800767e-15  1.16305602956073e-15     0.171788384969161
   0.0006136053348903  0.000397166674625788     0.111412609213135    0.0976885512291631       1.4106959084663  -2.6986974685108e-16  2.77600398899538e-14 -5.18413004236667e-15 -4.53795186476824e-15    -0.887304229192336
-1.58875023140049e-18  5.94820418107206e-18 -1.57064768933761e-16 -1.04864127485212e-15  -2.6986974685108e-16      1.19662294208053  1.23329703910747e-14     0.957892206174678     0.110833935875726 -6.39223668098285e-15
-2.69384024976088e-17 -2.53016130934058e-17 -5.39473569737643e-15 -4.79591122954131e-15  2.77600398899538e-14  1.23329703910747e-14      1.19662294208052     0.110833935875721    -0.957892206174679  2.10382624228638e-14
 7.34973424035891e-18 -2.72300968901263e-18    1.244136240658e-15  2.17322272800767e-15 -5.18413004236667e-15     0.957892206174678     0.110833935875721     0.842583186076533  1.02137817491078e-14  2.19956899389233e-15
 7.50910265752953e-18  2.07946888524984e-18  8.39197985610948e-16  1.16305602956073e-15 -4.53795186476824e-15     0.110833935875726    -0.957892206174679  1.02137817491078e-14     0.842583186076554 -3.08771275654278e-14
 0.000933018795894195  0.000983617269640249     0.174144926071381     0.171788384969161    -0.887304229192336 -6.39223668098285e-15  2.10382624228638e-14  2.19956899389233e-15 -3.08771275654278e-14     0.658070575345901
First eigenvector coefficient: 0.230448868844165
TOTAL ENERGY: -124.236880341456	 lambda: -4.65	 population of target: 3.99379078205823
1RDM: 
      1.9999993490594 -1.00359964789052e-06 -0.000125536192346493 -0.000139446585926112  0.000612409303399657    -1.58368805831e-18 -2.68947769611319e-17  7.32864721672216e-18  7.49062060307024e-18   0.00093168855711491
-1.00359964789052e-06      1.99997319094571 -0.000492289863083313  -0.00167743916533989  0.000396783719817859  5.94228431707742e-18  -2.5300889203853e-17 -2.72731145289527e-18  2.06852850575151e-18  0.000983869614731258
-0.000125536192346493 -0.000492289863083313      1.97207510280237   -0.0450980786801542     0.111271116873437 -1.56833018305612e-16 -5.38997748229004e-15  1.24169678298013e-15  8.37049398323382e-16     0.174023994667982
-0.000139446585926112  -0.00167743916533989   -0.0450980786801542      1.88083296078273    0.0975898469416731 -1.04825831143611e-15 -4.79252316103053e-15  2.17086811424445e-15  1.16229254080718e-15     0.171748019480932
 0.000612409303399657  0.000396783719817859     0.111271116873437    0.0975898469416731      1.41109688197464 -2.68541219210763e-16  2.77518605171632e-14  -5.1779690482261e-15  -4.5283491812899e-15    -0.887148135682932
   -1.58368805831e-18  5.94228431707742e-18 -1.56833018305612e-16 -1.04825831143611e-15 -2.68541219210763e-16      1.19671959173001  1.21954808893319e-14     0.957875556631307     0.110832009422617 -6.38452435686924e-15
-2.68947769611319e-17  -2.5300889203853e-17 -5.38997748229004e-15 -4.79252316103053e-15  2.77518605171632e-14  1.21954808893319e-14      1.19671959172999     0.110832009422612     -0.95787555663131  2.10446189216333e-14
 7.32864721672216e-18 -2.72731145289527e-18  1.24169678298013e-15  2.17086811424445e-15  -5.1779690482261e-15     0.957875556631307     0.110832009422612     0.842484158610875  9.79714635756954e-15  2.19931613039474e-15
 7.49062060307024e-18  2.06852850575151e-18  8.37049398323382e-16  1.16229254080718e-15  -4.5283491812899e-15     0.110832009422617     -0.95787555663131  9.79714635756954e-15     0.842484158610897 -3.08725736164461e-14
  0.00093168855711491  0.000983869614731258     0.174023994667982     0.171748019480932    -0.887148135682932 -6.38452435686924e-15  2.10446189216333e-14  2.19931613039474e-15 -3.08725736164461e-14     0.657615013754767
First eigenvector coefficient: 0.230565770758178
TOTAL ENERGY: -124.237039744072	 lambda: -4.625	 population of target: 3.99382515497733
1RDM: 
     1.99999935112948 -1.00218645261136e-06 -0.000125231313361183 -0.000139184790364618  0.000611211491276587 -1.57868446913034e-18 -2.68511921142887e-17   7.3075476882358e-18  7.47208827761639e-18  0.000930362826272256
-1.00218645261136e-06      1.99997319045254 -0.000492105126856004  -0.00167741778620763  0.000396393225416403  5.93625812247577e-18 -2.53000661085541e-17 -2.73169162300203e-18  2.05743200460623e-18  0.000984124187356317
-0.000125231313361183 -0.000492105126856004      1.97211717938517   -0.0450640041033289     0.111127795578162  -1.5660406354411e-16  -5.3851658348771e-15  1.23923042465619e-15  8.34868599667527e-16     0.173901807228126
-0.000139184790364618  -0.00167741778620763   -0.0450640041033289      1.88085068914656    0.0974903695607956 -1.04788757674571e-15 -4.78913226674081e-15  2.16850648516029e-15  1.16151101021023e-15     0.171708290609572
 0.000611211491276587  0.000396393225416403     0.111127795578162    0.0974903695607956       1.4115051991249 -2.67195106424383e-16  2.77435212841314e-14 -5.17169261663187e-15 -4.51857701473614e-15    -0.886988785964939
-1.57868446913034e-18  5.93625812247577e-18  -1.5660406354411e-16 -1.04788757674571e-15 -2.67195106424383e-16      1.19681800853978  1.12866998291351e-14     0.957858567683414      0.11083004369835 -6.37667397224076e-15
-2.68511921142887e-17 -2.53000661085541e-17  -5.3851658348771e-15 -4.78913226674081e-15  2.77435212841314e-14  1.12866998291351e-14      1.19681800853976     0.110830043698346    -0.957858567683416  2.10510761029895e-14
  7.3075476882358e-18 -2.73169162300203e-18  1.23923042465619e-15  2.16850648516029e-15 -5.17169261663187e-15     0.957858567683414     0.110830043698346     0.842383379822766  9.31820014536579e-15  2.19906256228339e-15
 7.47208827761639e-18  2.05743200460623e-18  8.34868599667527e-16  1.16151101021023e-15 -4.51857701473614e-15      0.11083004369835    -0.957858567683416  9.31820014536579e-15     0.842383379822785 -3.08679319708478e-14
 0.000930362826272256  0.000984124187356317     0.173901807228126     0.171708290609572    -0.886988785964939 -6.37667397224076e-15  2.10510761029895e-14  2.19906256228339e-15 -3.08679319708478e-14     0.657151614037732
First eigenvector coefficient: 0.23068471082116
TOTAL ENERGY: -124.237202336309	 lambda: -4.6	 population of target: 3.99386040573
1RDM: 
     1.99999935319285 -1.00077430174475e-06 -0.000124925870523631 -0.000138923575892838  0.000610011882583856 -1.57374131568533e-18 -2.68076504152879e-17  7.28643589669254e-18   7.4535047866787e-18  0.000929041773387083
-1.00077430174475e-06      1.99997318997095 -0.000491917671384636  -0.00167739545526439  0.000395994999505331  5.93012297249124e-18 -2.52991411141646e-17 -2.73615227734585e-18  2.04617542899003e-18  0.000984381034175805
-0.000124925870523631 -0.000491917671384636      1.97215970801195   -0.0450296575010112     0.110982605665606 -1.56378019300915e-16 -5.38029966505289e-15  1.23673660050857e-15  8.32654872765173e-16     0.173778340828834
-0.000138923575892838  -0.00167739545526439   -0.0450296575010112      1.88086843862885    0.0973900964583448 -1.04752936598326e-15 -4.78573835814805e-15  2.16613760787951e-15  1.16071093541706e-15      0.17166921081047
 0.000610011882583856  0.000395994999505331     0.110982605665606    0.0973900964583448      1.41192105383992  -2.6583102668625e-16  2.77350178649821e-14 -5.16529764758825e-15 -4.50863087719029e-15    -0.886826086653145
-1.57374131568533e-18  5.93012297249124e-18 -1.56378019300915e-16 -1.04752936598326e-15  -2.6583102668625e-16      1.19691824061312  1.21259674066914e-14     0.957841229838647     0.110828037604603 -6.36868180914146e-15
-2.68076504152879e-17 -2.52991411141646e-17 -5.38029966505289e-15 -4.78573835814805e-15  2.77350178649821e-14  1.21259674066914e-14      1.19691824061311     0.110828037604599     -0.95784122983865   2.1057636485694e-14
 7.28643589669254e-18 -2.73615227734585e-18  1.23673660050857e-15  2.16613760787951e-15 -5.16529764758825e-15     0.957841229838647     0.110828037604599     0.842280801954532  1.00125321542035e-14  2.19880835571177e-15
  7.4535047866787e-18  2.04617542899003e-18  8.32654872765173e-16  1.16071093541706e-15 -4.50863087719029e-15     0.110828037604603     -0.95784122983865  1.00125321542035e-14      0.84228080195455 -3.08632001766332e-14
 0.000929041773387083  0.000984381034175805     0.173778340828834      0.17166921081047    -0.886826086653145 -6.36868180914146e-15   2.1057636485694e-14  2.19880835571177e-15 -3.08632001766332e-14     0.656680171221704
