TOTAL ENERGY: -123.347938076024	 lambda: -5	 population of target: 4.00000000000076
1RDM: 
     1.99827434791891    0.0105705344368746  -0.00870002063808917   0.00429079864765682  -0.00429079864765181  2.61414055454421e-10 -1.55611539985351e-09 -2.81003714509696e-11 -2.22577238020295e-17  5.80513910632913e-09
   0.0105705344368746     0.484399599181795    -0.446298998504228     0.462326448727759    -0.462326448727769 -2.82840104769865e-08  1.68173370616719e-07  2.94912813811206e-08 -1.48404258478684e-16 -6.34214653354276e-07
 -0.00870002063808917    -0.446298998504228     0.484380804783164    -0.462322144028939     0.462322144028965  2.82907446636082e-08  -1.6829456982681e-07  2.94900789034258e-08  4.25632023150981e-16  6.34200283011243e-07
  0.00429079864765682     0.462326448727759    -0.462322144028939     0.516472624058467    -0.478382313622366  2.64833399876285e-08 -1.57492807929278e-07 -9.51026103533058e-13  2.95578101562666e-08  5.94215232427986e-07
 -0.00429079864765181    -0.462326448727769     0.462322144028965    -0.478382313622366       0.5164726240585 -2.64833401559817e-08  1.57492810790741e-07  9.49222811208625e-13  2.95578092154516e-08 -5.94215233791085e-07
 2.61414055454421e-10 -2.82840104769865e-08  2.82907446636082e-08  2.64833399876285e-08 -2.64833401559817e-08                     2  9.13738502401903e-15 -5.62402267058081e-20 -1.69952661243836e-23 -3.44559178406009e-14
-1.55611539985351e-09  1.68173370616719e-07  -1.6829456982681e-07 -1.57492807929278e-07  1.57492810790741e-07  9.13738502401903e-15      1.99999999999995  1.56349494863844e-18  7.30092462178452e-23  2.04914913833578e-13
-2.81003714509696e-11  2.94912813811206e-08  2.94900789034258e-08 -9.51026103533058e-13  9.49222811208625e-13 -5.62402267058081e-20  1.56349494863844e-18                     2  2.29590117378634e-23  1.19496106371878e-18
-2.22577238020295e-17 -1.48404258478684e-16  4.25632023150981e-16  2.95578101562666e-08  2.95578092154516e-08 -1.69952661243836e-23  7.30092462178452e-23  2.29590117378634e-23                     2 -4.18483527326898e-22
 5.80513910632913e-09 -6.34214653354276e-07  6.34200283011243e-07  5.94215232427986e-07 -5.94215233791085e-07 -3.44559178406009e-14  2.04914913833578e-13  1.19496106371878e-18 -4.18483527326898e-22      1.99999999999923
TOTAL ENERGY: -123.347938076024	 lambda: -4.95	 population of target: 4.00000000000078
1RDM: 
     1.99827434791853    0.0105705344149853  -0.00870002041739075    0.0042907987856824  -0.00429079878568595  2.64609326318586e-10 -1.57612030147304e-09 -2.88652711767196e-11  1.94566888121455e-19   5.9156546939371e-09
   0.0105705344149853     0.484399599198911    -0.446298998980525     0.462326448447581    -0.462326448447564 -2.85766537482909e-08  1.70599199278678e-07  3.01043920518318e-08  4.75805014465145e-17 -6.47129888917748e-07
 -0.00870002041739075    -0.446298998980525     0.484380805492572    -0.462322144311779     0.462322144311768  2.85989552502379e-08  -1.7066119686118e-07  3.01019852732965e-08  2.54312091535061e-17  6.47090095015844e-07
   0.0042907987856824     0.462326448447581    -0.462322144311779     0.516472623695433    -0.478382312690593  2.67610455197955e-08 -1.59753691094762e-07 -9.79411931305994e-14  3.01604377275428e-08  6.06365799508865e-07
 -0.00429079878568595    -0.462326448447564     0.462322144311768    -0.478382312690593     0.516472623695418 -2.67610453257428e-08  1.59753690055783e-07  9.88247194011433e-14  3.01604377536806e-08 -6.06365800070672e-07
 2.64609326318586e-10 -2.85766537482909e-08  2.85989552502379e-08  2.67610455197955e-08 -2.67610453257428e-08                     2  9.36589117713356e-15 -2.92319377892989e-19 -2.32600968602166e-24  -3.5529919659181e-14
-1.57612030147304e-09  1.70599199278678e-07  -1.7066119686118e-07 -1.59753691094762e-07  1.59753690055783e-07  9.36589117713356e-15      1.99999999999995  6.55244828160186e-19  1.20579012043552e-23  2.12077091587972e-13
-2.88652711767196e-11  3.01043920518318e-08  3.01019852732965e-08 -9.79411931305994e-14  9.88247194011433e-14 -2.92319377892989e-19  6.55244828160186e-19                     2 -1.46876723704356e-23  1.72395590657564e-18
 1.94566888121455e-19  4.75805014465145e-17  2.54312091535061e-17  3.01604377275428e-08  3.01604377536806e-08 -2.32600968602166e-24  1.20579012043552e-23 -1.46876723704356e-23                     2  2.35767091730074e-23
  5.9156546939371e-09 -6.47129888917748e-07  6.47090095015844e-07  6.06365799508865e-07 -6.06365800070672e-07  -3.5529919659181e-14  2.12077091587972e-13  1.72395590657564e-18  2.35767091730074e-23       1.9999999999992
TOTAL ENERGY: -123.347938076024	 lambda: -4.9	 population of target: 4.00000000000081
1RDM: 
     1.99827434791544    0.0105705338327275  -0.00870002080426597   0.00429079889138605  -0.00429079889138266  2.67445518839122e-10  -1.5976691320932e-09 -2.90887534310677e-11 -6.21021577453658e-18  6.02748188496204e-09
   0.0105705338327275     0.484399601271896     -0.44629899898559     0.462326449564415    -0.462326449564447 -2.89255639262979e-08   1.7301691535841e-07  3.06534527832873e-08  2.46056513017866e-17 -6.60085611395337e-07
 -0.00870002080426597     -0.44629899898559     0.484380803886982    -0.462322143303038     0.462322143303042  2.89262524782943e-08 -1.73030574425832e-07  3.06592089616718e-08 -1.12652740347083e-17  6.60076017777502e-07
  0.00429079889138605     0.462326449564415    -0.462322143303038     0.516472623463267    -0.478382312699787  2.70799827670842e-08 -1.61999430649892e-07   1.5694641488467e-12  3.07263258073624e-08  6.18574695852294e-07
 -0.00429079889138266    -0.462326449564447     0.462322143303042    -0.478382312699787     0.516472623463308 -2.70799826285052e-08  1.61999431934748e-07 -1.56984398614626e-12  3.07263257423631e-08 -6.18574696894749e-07
 2.67445518839122e-10 -2.89255639262979e-08  2.89262524782943e-08  2.70799827670842e-08 -2.70799826285052e-08                     2   9.6099794565938e-15 -1.43327832092229e-19 -2.16149216973488e-24 -3.66728863231933e-14
 -1.5976691320932e-09   1.7301691535841e-07 -1.73030574425832e-07 -1.61999430649892e-07  1.61999431934748e-07   9.6099794565938e-15      1.99999999999994  1.00972005365506e-18 -2.01669525509679e-23  2.19371536373302e-13
-2.90887534310677e-11  3.06534527832873e-08  3.06592089616718e-08   1.5694641488467e-12 -1.56984398614626e-12 -1.43327832092229e-19  1.00972005365506e-18                     2  5.73111684371614e-24 -2.90016179317557e-18
-6.21021577453658e-18  2.46056513017866e-17 -1.12652740347083e-17  3.07263258073624e-08  3.07263257423631e-08 -2.16149216973488e-24 -2.01669525509679e-23  5.73111684371614e-24                     2  1.53405271839414e-23
 6.02748188496204e-09 -6.60085611395337e-07  6.60076017777502e-07  6.18574695852294e-07 -6.18574696894749e-07 -3.66728863231933e-14  2.19371536373302e-13 -2.90016179317557e-18  1.53405271839414e-23      1.99999999999916
TOTAL ENERGY: -123.347938076024	 lambda: -4.85	 population of target: 4.00000000000086
1RDM: 
     1.99827434791454    0.0105705339157788   -0.0087000209242225   0.00429079880344663  -0.00429079880344556  2.71758080102312e-10 -1.62366436105519e-09 -2.96492483614225e-11  1.41146650426033e-17  6.14245103194562e-09
   0.0105705339157788     0.484399601251431    -0.446298999004863     0.462326449529567    -0.462326449529588 -2.93659280332576e-08   1.7591056196946e-07  3.14473913243846e-08  1.41333051127466e-15 -6.73645311811646e-07
  -0.0087000209242225    -0.446298999004863     0.484380803658694    -0.462322143117305     0.462322143117308  2.93654978840235e-08  -1.7588929123921e-07  3.14497777960069e-08  7.43547437667105e-16  6.73633344436931e-07
  0.00429079880344663     0.462326449529567    -0.462322143117305     0.516472623588136    -0.478382312770727   2.7489692675628e-08 -1.64697070658877e-07 -1.71369512209768e-12  3.14758837689751e-08  6.31352894046309e-07
 -0.00429079880344556    -0.462326449529588     0.462322143117308    -0.478382312770727     0.516472623588141 -2.74896925096486e-08  1.64697071608703e-07  1.71350362975792e-12  3.14758846935023e-08 -6.31352892367631e-07
 2.71758080102312e-10 -2.93659280332576e-08  2.93654978840235e-08   2.7489692675628e-08 -2.74896925096486e-08                     2  9.91811656243821e-15  1.11975955306692e-21  1.91854776836734e-23 -3.79957686867728e-14
-1.62366436105519e-09   1.7591056196946e-07  -1.7588929123921e-07 -1.64697070658877e-07  1.64697071608703e-07  9.91811656243821e-15      1.99999999999994 -3.08698575373001e-19 -1.46219573458865e-22  2.27610082359905e-13
-2.96492483614225e-11  3.14473913243846e-08  3.14497777960069e-08 -1.71369512209768e-12  1.71350362975792e-12  1.11975955306692e-21 -3.08698575373001e-19                     2 -3.14932944632908e-23  8.10446133216236e-20
 1.41146650426033e-17  1.41333051127466e-15  7.43547437667105e-16  3.14758837689751e-08  3.14758846935023e-08  1.91854776836734e-23 -1.46219573458865e-22 -3.14932944632908e-23                     2  4.75348195897602e-22
 6.14245103194562e-09 -6.73645311811646e-07  6.73633344436931e-07  6.31352894046309e-07 -6.31352892367631e-07 -3.79957686867728e-14  2.27610082359905e-13  8.10446133216236e-20  4.75348195897602e-22      1.99999999999913
TOTAL ENERGY: -123.347938076024	 lambda: -4.8	 population of target: 4.00000000000089
1RDM: 
      1.9982743479173     0.010570534029466  -0.00870002055362837   0.00429079889529141  -0.00429079889529285  2.75303241435344e-10 -1.64877228271533e-09 -3.05968047505326e-11  1.44384970521498e-17  6.25999731161874e-09
    0.010570534029466     0.484399600639475    -0.446298999810219     0.462326448914791     -0.46232644891478 -2.99425099790785e-08  1.79291136639333e-07  3.20076821736319e-08 -3.96579085089697e-16 -6.87910067089047e-07
 -0.00870002055362837    -0.446298999810219     0.484380805115638    -0.462322143989485     0.462322143989463  2.97435672230878e-08  -1.7866960037252e-07  3.20051732522327e-08  4.88759950417392e-16  6.87958352911022e-07
  0.00429079889529141     0.462326448914791    -0.462322143989485     0.516472623164287    -0.478382312253058  2.79444622730952e-08 -1.67610779569609e-07 -8.25629125480081e-13  3.20447202003473e-08  6.44854313779592e-07
 -0.00429079889529285     -0.46232644891478     0.462322143989463    -0.478382312253058     0.516472623164273 -2.79444621096543e-08  1.67610779363329e-07  8.23562201247619e-13  3.20447195405034e-08  -6.4485431320762e-07
 2.75303241435344e-10 -2.99425099790785e-08  2.97435672230878e-08  2.79444622730952e-08 -2.79444621096543e-08                     2  1.02574822726247e-14  3.31580490401443e-18 -2.62714325419983e-23 -3.94387457934978e-14
-1.64877228271533e-09  1.79291136639333e-07  -1.7866960037252e-07 -1.67610779569609e-07  1.67610779363329e-07  1.02574822726247e-14      1.99999999999994 -1.05508799652757e-17  1.44860785245608e-22  2.36537898744711e-13
-3.05968047505326e-11  3.20076821736319e-08  3.20051732522327e-08 -8.25629125480081e-13  8.23562201247619e-13  3.31580490401443e-18 -1.05508799652757e-17                     2  3.21583876955551e-23  8.06945241283317e-19
 1.44384970521498e-17 -3.96579085089697e-16  4.88759950417392e-16  3.20447202003473e-08  3.20447195405034e-08 -2.62714325419983e-23  1.44860785245608e-22  3.21583876955551e-23                     2 -5.52724143269893e-22
 6.25999731161874e-09 -6.87910067089047e-07  6.87958352911022e-07  6.44854313779592e-07  -6.4485431320762e-07 -3.94387457934978e-14  2.36537898744711e-13  8.06945241283317e-19 -5.52724143269893e-22      1.99999999999909
TOTAL ENERGY: -123.347938076024	 lambda: -4.75	 population of target: 4.00000000000093
1RDM: 
     1.99827434792146    0.0105705337323016  -0.00870002104381336   0.00429079879980333  -0.00429079879980295  2.77664145304062e-10 -1.67099254168833e-09  -3.1408967830044e-11  1.58112312904001e-17  6.38583456841941e-09
   0.0105705337323016     0.484399602090339    -0.446298999356472     0.462326449831149    -0.462326449831156 -3.01413703230478e-08  1.81532705719976e-07  3.28443592423639e-08   -2.336348241737e-16 -7.02872952531981e-07
 -0.00870002104381336    -0.446298999356472     0.484380802853356     -0.46232214270637     0.462322142706367  3.02542751019771e-08 -1.81902669385054e-07  3.28300957817338e-08   7.2905422699297e-16  7.02852540925503e-07
  0.00429079879980333     0.462326449831149     -0.46232214270637     0.516472623567925    -0.478382312890995  2.82828731276581e-08 -1.70194616541761e-07 -6.61440004007759e-12  3.28442504858712e-08  6.58929934192407e-07
 -0.00429079879980295    -0.462326449831156     0.462322142706367    -0.478382312890995     0.516472623567935 -2.82828729109425e-08  1.70194616973571e-07  6.61464394606783e-12  3.28442497733907e-08 -6.58929933312998e-07
 2.77664145304062e-10 -3.01413703230478e-08  3.02542751019771e-08  2.82828731276581e-08 -2.82828729109425e-08                     2  1.05393591021896e-14 -1.47180825424673e-18 -2.95331972040789e-23 -4.07784241688058e-14
-1.67099254168833e-09  1.81532705719976e-07 -1.81902669385054e-07 -1.70194616541761e-07  1.70194616973571e-07  1.05393591021896e-14      1.99999999999993  3.68106974430256e-18  1.48727607248948e-22  2.45387519892277e-13
 -3.1408967830044e-11  3.28443592423639e-08  3.28300957817338e-08 -6.61440004007759e-12  6.61464394606783e-12 -1.47180825424673e-18  3.68106974430256e-18                     2 -1.24029003581699e-23  1.00342557432306e-17
 1.58112312904001e-17   -2.336348241737e-16   7.2905422699297e-16  3.28442504858712e-08  3.28442497733907e-08 -2.95331972040789e-23  1.48727607248948e-22 -1.24029003581699e-23                     2 -6.18117590062546e-22
 6.38583456841941e-09 -7.02872952531981e-07  7.02852540925503e-07  6.58929934192407e-07 -6.58929933312998e-07 -4.07784241688058e-14  2.45387519892277e-13  1.00342557432306e-17 -6.18117590062546e-22      1.99999999999905
TOTAL ENERGY: -123.347938076025	 lambda: -4.7	 population of target: 4.00000000000099
1RDM: 
     1.99827434790431    0.0105705342490315  -0.00870002067369918   0.00429079881949735  -0.00429079881948606  2.80455922350203e-10 -1.69617885317798e-09  -3.1919016442458e-11 -4.77595705682497e-18  6.51497451648967e-09
   0.0105705342490315      0.48439960013263     -0.44629899881338     0.462326448805048    -0.462326448805091 -3.04673888515816e-08   1.8423809692993e-07  3.34412525004059e-08 -1.45683182214927e-17 -7.18342054647816e-07
 -0.00870002067369918     -0.44629899881338     0.484380804543214    -0.462322143698636     0.462322143698688  3.04447956979384e-08 -1.84195136206638e-07  3.34388521501976e-08  1.17486323238788e-16  7.18313458941635e-07
  0.00429079881949735     0.462326448805048    -0.462322143698636     0.516472623710427    -0.478382312693109  2.85219232188799e-08 -1.72518736325107e-07 -1.15477334970878e-12  3.34548256064156e-08  6.73520731034307e-07
 -0.00429079881948606    -0.462326448805091     0.462322143698688    -0.478382312693109     0.516472623710494 -2.85219231103267e-08  1.72518736869449e-07  1.15475920819618e-12  3.34548253960841e-08 -6.73520731295426e-07
 2.80455922350203e-10 -3.04673888515816e-08  3.04447956979384e-08  2.85219232188799e-08 -2.85219231103267e-08                     2  1.07749437665261e-14  4.60286870552478e-19 -6.64114878550717e-24 -4.20325948161761e-14
-1.69617885317798e-09   1.8423809692993e-07 -1.84195136206638e-07 -1.72518736325107e-07  1.72518736869449e-07  1.07749437665261e-14      1.99999999999994 -1.18932022904064e-18  1.96290636632495e-23  2.54239154742753e-13
 -3.1919016442458e-11  3.34412525004059e-08  3.34388521501976e-08 -1.15477334970878e-12  1.15475920819618e-12  4.60286870552478e-19 -1.18932022904064e-18                     2 -1.51494385763142e-24  2.26786291780248e-18
-4.77595705682497e-18 -1.45683182214927e-17  1.17486323238788e-16  3.34548256064156e-08  3.34548253960841e-08 -6.64114878550717e-24  1.96290636632495e-23 -1.51494385763142e-24                     2 -1.08643297924909e-22
 6.51497451648967e-09 -7.18342054647816e-07  7.18313458941635e-07  6.73520731034307e-07 -6.73520731295426e-07 -4.20325948161761e-14  2.54239154742753e-13  2.26786291780248e-18 -1.08643297924909e-22      1.99999999999901
TOTAL ENERGY: -123.347938076025	 lambda: -4.65	 population of target: 4.00000000000103
1RDM: 
     1.99827434790426     0.010570534420662  -0.00870002058720454   0.00429079877189842  -0.00429079877189629  2.85025121676483e-10 -1.72228782434573e-09 -3.27112914417646e-11 -5.10204583511069e-19  6.64947297388928e-09
    0.010570534420662     0.484399599623474    -0.446298998690224     0.462326448714509    -0.462326448714516 -3.09437642792928e-08  1.87257689692524e-07   3.4278405438509e-08  1.30024070996309e-16 -7.34522307325323e-07
 -0.00870002058720454    -0.446298998690224     0.484380804528751    -0.462322143746604     0.462322143746614  3.09404319468931e-08 -1.87233639467889e-07  3.42779815316008e-08  8.71666172163548e-17  7.34514503274947e-07
  0.00429079877189842     0.462326448714509    -0.462322143746604     0.516472623972291    -0.478382313020815  2.89762286241507e-08 -1.75369979977226e-07 -2.11917066917442e-13  3.42732419482751e-08   6.8880201167766e-07
 -0.00429079877189629    -0.462326448714516     0.462322143746614    -0.478382313020815     0.516472623972333 -2.89762284011024e-08  1.75369980007091e-07  2.12009470071801e-13  3.42732419850034e-08 -6.88802013901284e-07
 2.85025121676483e-10 -3.09437642792928e-08  3.09404319468931e-08  2.89762286241507e-08 -2.89762284011024e-08                     2  1.11270941952976e-14  7.58444522610297e-20 -2.66006717144334e-24  -4.3667637458513e-14
-1.72228782434573e-09  1.87257689692524e-07 -1.87233639467889e-07 -1.75369979977226e-07  1.75369980007091e-07  1.11270941952976e-14      1.99999999999993 -5.27154671075108e-19 -8.00466133175191e-24  2.64264925766337e-13
-3.27112914417646e-11   3.4278405438509e-08  3.42779815316008e-08 -2.11917066917442e-13  2.12009470071801e-13  7.58444522610297e-20 -5.27154671075108e-19                     2 -5.40931780917915e-24  5.53714039937645e-19
-5.10204583511069e-19  1.30024070996309e-16  8.71666172163548e-17  3.42732419482751e-08  3.42732419850034e-08 -2.66006717144334e-24 -8.00466133175191e-24 -5.40931780917915e-24                     2  6.81998688726738e-23
 6.64947297388928e-09 -7.34522307325323e-07  7.34514503274947e-07   6.8880201167766e-07 -6.88802013901284e-07  -4.3667637458513e-14  2.64264925766337e-13  5.53714039937645e-19  6.81998688726738e-23      1.99999999999896
TOTAL ENERGY: -123.347938076025	 lambda: -4.6	 population of target: 4.00000000000108
1RDM: 
     1.99827434789388    0.0105705341941037  -0.00870002118843435   0.00429079864338314  -0.00429079864338871  2.88843770189973e-10 -1.74950095767254e-09 -3.34696775919779e-11 -2.03600516142253e-20  6.79049312492561e-09
   0.0105705341941037     0.484399600302545    -0.446298998533263     0.462326449076053    -0.462326449076035 -3.13808984207657e-08  1.90407718934611e-07  3.50742347603251e-08  3.05716994620068e-17 -7.51538166004395e-07
 -0.00870002118843435    -0.446298998533263     0.484380803471652    -0.462322143132266     0.462322143132243  3.13809280796786e-08 -1.90408563281794e-07  3.50742516877083e-08  3.44939729079009e-17  7.51544411912906e-07
  0.00429079864338314     0.462326449076053    -0.462322143132266      0.51647262416657    -0.478382313153834  2.93889654460607e-08 -1.78347068698828e-07  7.22562982139553e-16  3.50742744993031e-08   7.0487192311574e-07
 -0.00429079864338871    -0.462326449076035     0.462322143132243    -0.478382313153834     0.516472624166519 -2.93889652244505e-08  1.78347068784771e-07 -6.26711831951983e-16    3.507427449551e-08   -7.048719230963e-07
 2.88843770189973e-10 -3.13808984207657e-08  3.13809280796786e-08  2.93889654460607e-08 -2.93889652244505e-08                     2  1.14761081233615e-14  4.11273638157234e-21 -4.08129771926225e-24 -4.53165872395056e-14
-1.74950095767254e-09  1.90407718934611e-07 -1.90408563281794e-07 -1.78347068698828e-07  1.78347068784771e-07  1.14761081233615e-14      1.99999999999993 -1.29960322337691e-20 -8.11068645291152e-25  2.74978440564115e-13
-3.34696775919779e-11  3.50742347603251e-08  3.50742516877083e-08  7.22562982139553e-16 -6.26711831951983e-16  4.11273638157234e-21 -1.29960322337691e-20                     2 -2.87579318560028e-24 -2.77326732741188e-21
-2.03600516142253e-20  3.05716994620068e-17  3.44939729079009e-17  3.50742744993031e-08    3.507427449551e-08 -4.08129771926225e-24 -8.11068645291152e-25 -2.87579318560028e-24                     2 -3.21206133515497e-24
 6.79049312492561e-09 -7.51538166004395e-07  7.51544411912906e-07   7.0487192311574e-07   -7.048719230963e-07 -4.53165872395056e-14  2.74978440564115e-13 -2.77326732741188e-21 -3.21206133515497e-24      1.99999999999892
TOTAL ENERGY: -123.347938076026	 lambda: -4.55	 population of target: 4.00000000000113
1RDM: 
      1.9982743479118    0.0105705342337941    -0.008700020627408    0.0042907988116064  -0.00429079881161448   2.9326018391097e-10 -1.77911992672123e-09 -3.42545660060644e-11  1.65404482846309e-18   6.9374079586145e-09
   0.0105705342337941     0.484399600168483    -0.446298999008416     0.462326448783754    -0.462326448783714 -3.18518108045144e-08  1.93712404853076e-07  3.59098268824166e-08 -1.23750779014357e-17 -7.69243194657617e-07
   -0.008700020627408    -0.446298999008416     0.484380804767097    -0.462322143697371     0.462322143697333  3.18368441118555e-08 -1.93646410600496e-07  3.59146399900027e-08 -4.86911574772438e-18  7.69413481795983e-07
   0.0042907988116064     0.462326448783754    -0.462322143697371     0.516472623576947    -0.478382312791649  2.98218117229792e-08 -1.81415015771941e-07  2.30598862289956e-12  3.59186281905578e-08  7.21666183877919e-07
 -0.00429079881161448    -0.462326448783714     0.462322143697333    -0.478382312791649     0.516472623576891 -2.98218114866351e-08  1.81415016025348e-07 -2.30588862862005e-12  3.59186282097745e-08 -7.21666183101066e-07
  2.9326018391097e-10 -3.18518108045144e-08  3.18368441118555e-08  2.98218117229792e-08 -2.98218114866351e-08                     2  1.18455458764694e-14  1.30385889351611e-19 -4.26217384327142e-24 -4.70760239040224e-14
-1.77911992672123e-09  1.93712404853076e-07 -1.93646410600496e-07 -1.81415015771941e-07  1.81415016025348e-07  1.18455458764694e-14      1.99999999999993 -3.35611550265401e-19 -5.02231666070753e-24  2.86339772411511e-13
-3.42545660060644e-11  3.59098268824166e-08  3.59146399900027e-08  2.30598862289956e-12 -2.30588862862005e-12  1.30385889351611e-19 -3.35611550265401e-19                     2 -1.51471546168232e-24 -6.58224720120042e-18
 1.65404482846309e-18 -1.23750779014357e-17 -4.86911574772438e-18  3.59186281905578e-08  3.59186282097745e-08 -4.26217384327142e-24 -5.02231666070753e-24 -1.51471546168232e-24                     2 -1.26310390316963e-23
  6.9374079586145e-09 -7.69243194657617e-07  7.69413481795983e-07  7.21666183877919e-07 -7.21666183101066e-07 -4.70760239040224e-14  2.86339772411511e-13 -6.58224720120042e-18 -1.26310390316963e-23      1.99999999999886
TOTAL ENERGY: -123.347938076026	 lambda: -4.5	 population of target: 4.00000000000118
1RDM: 
     1.99827434790792    0.0105705342128846  -0.00870002067001155   0.00429079881244287  -0.00429079881244491  2.97053446758104e-10 -1.80581647767546e-09  -3.5131179408994e-11  2.39312786471191e-17  7.09050273148427e-09
   0.0105705342128846      0.48439960024029    -0.446298999045552     0.462326448894537    -0.462326448894546 -3.23663121270381e-08  1.96945583343576e-07  3.67801699205193e-08 -5.32307816232724e-15 -7.87938369989262e-07
 -0.00870002067001155    -0.446298999045552     0.484380804546225    -0.462322143704508     0.462322143704509  3.23283879353254e-08 -1.96914766996325e-07  3.67802173518305e-08  2.64916300778655e-15  7.87949412998984e-07
  0.00429079881244287     0.462326448894537    -0.462322143704508     0.516472623653419    -0.478382312657807  3.02997841240988e-08 -1.84485506080958e-07  2.91118006023627e-13  3.67026434737073e-08  7.39249410992567e-07
 -0.00429079881244491    -0.462326448894546     0.462322143704509    -0.478382312657807     0.516472623653412 -3.02997836991248e-08   1.8448550480412e-07 -2.91169268942241e-13   3.6702635780131e-08 -7.39249410493907e-07
 2.97053446758104e-10 -3.23663121270381e-08  3.23283879353254e-08  3.02997841240988e-08 -3.02997836991248e-08                     2  1.22361441830089e-14  7.08539491733357e-19 -2.58056731071597e-22 -4.89833439984543e-14
-1.80581647767546e-09  1.96945583343576e-07 -1.96914766996325e-07 -1.84485506080958e-07   1.8448550480412e-07  1.22361441830089e-14      1.99999999999992 -5.65304354084944e-19  1.54643771572277e-21  2.98221716788829e-13
 -3.5131179408994e-11  3.67801699205193e-08  3.67802173518305e-08  2.91118006023627e-13 -2.91169268942241e-13  7.08539491733357e-19 -5.65304354084944e-19                     2  5.10962773180768e-23 -2.65318072115516e-19
 2.39312786471191e-17 -5.32307816232724e-15  2.64916300778655e-15  3.67026434737073e-08   3.6702635780131e-08 -2.58056731071597e-22  1.54643771572277e-21  5.10962773180768e-23                     2 -6.10092991461142e-21
 7.09050273148427e-09 -7.87938369989262e-07  7.87949412998984e-07  7.39249410992567e-07 -7.39249410493907e-07 -4.89833439984543e-14  2.98221716788829e-13 -2.65318072115516e-19 -6.10092991461142e-21       1.9999999999988
TOTAL ENERGY: -123.347938076026	 lambda: -4.45	 population of target: 4.00000000000125
1RDM: 
     1.99827434791941    0.0105705340585883  -0.00870002046349491   0.00429079893171505  -0.00429079893172137  3.01185505024246e-10 -1.83650312272658e-09 -3.64229051843274e-11 -2.98660683618318e-17  7.25171863260724e-09
   0.0105705340585883     0.484399600683819    -0.446298999996517     0.462326448937376    -0.462326448937351 -3.27523984494054e-08  2.00126174229226e-07  3.78132010170872e-08  1.52382896618503e-14 -8.07351719144874e-07
 -0.00870002046349491    -0.446298999996517     0.484380805180125    -0.462322143719336      0.46232214371932  3.27640342320262e-08 -2.00356386458865e-07  3.77053253391404e-08  1.07759689807383e-14  8.07562688305265e-07
  0.00429079893171505     0.462326448937376    -0.462322143719336     0.516472623109014    -0.478382312090638  3.06815455238571e-08 -1.87583755188842e-07 -5.13394878614621e-11  3.77486575022994e-08  7.57673102007367e-07
 -0.00429079893172137    -0.462326448937351      0.46232214371932    -0.478382312090638      0.51647262310896 -3.06815457684635e-08  1.87583756629628e-07  5.13358450636862e-11  3.77486617303764e-08 -7.57673100273163e-07
 3.01185505024246e-10 -3.27523984494054e-08  3.27640342320262e-08  3.06815455238571e-08 -3.06815457684635e-08                     2  1.25993907256299e-14  3.19467040394971e-18  1.45775313297004e-22 -5.08348828871692e-14
-1.83650312272658e-09  2.00126174229226e-07 -2.00356386458865e-07 -1.87583755188842e-07  1.87583756629628e-07  1.25993907256299e-14      1.99999999999992 -1.64636418943657e-17 -8.86951902431889e-22  3.10759769219073e-13
-3.64229051843274e-11  3.78132010170872e-08  3.77053253391404e-08 -5.13394878614621e-11  5.13358450636862e-11  3.19467040394971e-18 -1.64636418943657e-17                     2 -4.45090148677245e-22  8.02513563060014e-17
-2.98660683618318e-17  1.52382896618503e-14  1.07759689807383e-14  3.77486575022994e-08  3.77486617303764e-08  1.45775313297004e-22 -8.86951902431889e-22 -4.45090148677245e-22                     2    3.441444298879e-21
 7.25171863260724e-09 -8.07351719144874e-07  8.07562688305265e-07  7.57673102007367e-07 -7.57673100273163e-07 -5.08348828871692e-14  3.10759769219073e-13  8.02513563060014e-17    3.441444298879e-21      1.99999999999875
TOTAL ENERGY: -123.347938076026	 lambda: -4.4	 population of target: 4.00000000000131
1RDM: 
     1.99827434793433    0.0105705340355963  -0.00870002056538549   0.00429079880352597  -0.00429079880352446  3.03788038479021e-10 -1.86186408051061e-09 -3.72040513768583e-11  8.41712172591504e-17  7.42140938158938e-09
   0.0105705340355963     0.484399600321291     -0.44629899965255     0.462326449263513     -0.46232644926351 -3.32076239666179e-08  2.03725006729563e-07  3.87126021170697e-08 -4.77941156457191e-15 -8.28225956596601e-07
 -0.00870002056538549     -0.44629899965255     0.484380804665717    -0.462322143740604     0.462322143740592   3.3184520661866e-08 -2.03681899595863e-07  3.86194897212232e-08 -2.71671469453871e-15   8.2836310924977e-07
  0.00429079880352597     0.462326449263513    -0.462322143740604     0.516472623540031    -0.478382312671804  3.11033042370309e-08 -1.90879987469536e-07 -4.45957664205257e-11  3.84748734201396e-08  7.77368168174519e-07
 -0.00429079880352446     -0.46232644926351     0.462322143740592    -0.478382312671804     0.516472623540027 -3.11033038563018e-08  1.90879986643802e-07  4.45951192189478e-11  3.84748726455632e-08   -7.773681714362e-07
 3.03788038479021e-10 -3.32076239666179e-08   3.3184520661866e-08  3.11033042370309e-08 -3.11033038563018e-08      1.99999999999999  1.29914619618387e-14  3.45065761305484e-18 -5.96990968367635e-23 -5.28539129880461e-14
-1.86186408051061e-09  2.03725006729563e-07 -2.03681899595863e-07 -1.90879987469536e-07  1.90879986643802e-07  1.29914619618387e-14      1.99999999999991 -1.92272336596543e-17  3.36817481644732e-22  3.24342470358318e-13
-3.72040513768583e-11  3.87126021170697e-08  3.86194897212232e-08 -4.45957664205257e-11  4.45951192189478e-11  3.45065761305484e-18 -1.92272336596543e-17      1.99999999999999  1.60234819427768e-22  7.21877152455354e-17
 8.41712172591504e-17 -4.77941156457191e-15 -2.71671469453871e-15  3.84748734201396e-08  3.84748726455632e-08 -5.96990968367635e-23  3.36817481644732e-22  1.60234819427768e-22      1.99999999999999 -1.23564914822222e-21
 7.42140938158938e-09 -8.28225956596601e-07   8.2836310924977e-07  7.77368168174519e-07   -7.773681714362e-07 -5.28539129880461e-14  3.24342470358318e-13  7.21877152455354e-17 -1.23564914822222e-21      1.99999999999867
TOTAL ENERGY: -123.347938076027	 lambda: -4.35	 population of target: 4.0000000000014
1RDM: 
      1.9982743479129    0.0105705339180659  -0.00870002068670645   0.00429079892680057  -0.00429079892680335  3.08006023206597e-10 -1.89540119178069e-09 -3.79913395744138e-11 -4.30038947493003e-18  7.59760799411862e-09
   0.0105705339180659     0.484399601158821    -0.446298999247584     0.462326449372847    -0.462326449372837 -3.36795655644063e-08  2.07270002144999e-07  3.98051711272359e-08 -9.57552157596158e-16 -8.49814120645506e-07
 -0.00870002068670645    -0.446298999247584     0.484380804087204    -0.462322143359438     0.462322143359437  3.35896081478208e-08 -2.07073703350187e-07  3.97987984899966e-08 -8.49275258212314e-16  8.49869525871182e-07
  0.00429079892680057     0.462326449372847    -0.462322143359438     0.516472623421273    -0.478382312400255  3.15128606722051e-08 -1.94115822653988e-07 -3.16359537260642e-12   3.9634769569626e-08  7.97728336987382e-07
 -0.00429079892680335    -0.462326449372837     0.462322143359437    -0.478382312400255     0.516472623421285 -3.15128601330987e-08  1.94115820418187e-07  3.16533698457158e-12  3.96347693760655e-08 -7.97728336770827e-07
 3.08006023206597e-10 -3.36795655644063e-08  3.35896081478208e-08  3.15128606722051e-08 -3.15128601330987e-08                     2  1.33866909758312e-14  2.03991298116268e-18 -1.54509620352226e-23 -5.49477236377778e-14
-1.89540119178069e-09  2.07270002144999e-07 -2.07073703350187e-07 -1.94115822653988e-07  1.94115820418187e-07  1.33866909758312e-14      1.99999999999992 -5.29573115145616e-18  7.33962685955833e-23  3.38457933049513e-13
-3.79913395744138e-11  3.98051711272359e-08  3.97987984899966e-08 -3.16359537260642e-12  3.16533698457158e-12  2.03991298116268e-18 -5.29573115145616e-18                     2  1.31275509617605e-24  4.31607951411285e-18
-4.30038947493003e-18 -9.57552157596158e-16 -8.49275258212314e-16   3.9634769569626e-08  3.96347693760655e-08 -1.54509620352226e-23  7.33962685955833e-23  1.31275509617605e-24                     2 -1.21449247301129e-22
 7.59760799411862e-09 -8.49814120645506e-07  8.49869525871182e-07  7.97728336987382e-07 -7.97728336770827e-07 -5.49477236377778e-14  3.38457933049513e-13  4.31607951411285e-18 -1.21449247301129e-22      1.99999999999861
TOTAL ENERGY: -123.347938076027	 lambda: -4.3	 population of target: 4.00000000000148
1RDM: 
     1.99827434793835    0.0105705337752296  -0.00870002064168963   0.00429079887170989  -0.00429079887170817  3.13949299141481e-10 -1.92612655634958e-09 -3.86945892306667e-11  3.50641810567178e-18   7.7861976085202e-09
   0.0105705337752296     0.484399601717287     -0.44629899986407     0.462326449624018    -0.462326449624019 -3.42632802483751e-08  2.11186576003295e-07  4.07522379075919e-08  2.45615349675013e-16 -8.72606776454535e-07
 -0.00870002064168963     -0.44629899986407     0.484380804083161     -0.46232214348379     0.462322143483796  3.42726656772795e-08 -2.11137547874222e-07  4.07533817273574e-08  -1.0119771440399e-16  8.72685065852243e-07
  0.00429079887170989     0.462326449624018     -0.46232214348379     0.516472623131375    -0.478382312534661  3.21044720125631e-08 -1.97900972114004e-07 -1.02338016457571e-12  4.07633172287845e-08  8.19258178556529e-07
 -0.00429079887170817    -0.462326449624019     0.462322143483796    -0.478382312534661     0.516472623131395 -3.21044720425431e-08  1.97900974656077e-07  1.02420490365785e-12  4.07633176377469e-08 -8.19258176113934e-07
 3.13949299141481e-10 -3.42632802483751e-08  3.42726656772795e-08  3.21044720125631e-08 -3.21044720425431e-08                     2  1.39022827733081e-14 -1.88069161732221e-19   1.3049988279369e-23 -5.74864173176714e-14
-1.92612655634958e-09  2.11186576003295e-07 -2.11137547874222e-07 -1.97900972114004e-07  1.97900974656077e-07  1.39022827733081e-14      1.99999999999992 -1.05706881486621e-18 -1.29361344928435e-22  3.54281018895948e-13
-3.86945892306667e-11  4.07522379075919e-08  4.07533817273574e-08 -1.02338016457571e-12  1.02420490365785e-12 -1.88069161732221e-19 -1.05706881486621e-18                     2 -2.01409500915203e-23 -1.44517451345947e-18
 3.50641810567178e-18  2.45615349675013e-16  -1.0119771440399e-16  4.07633172287845e-08  4.07633176377469e-08   1.3049988279369e-23 -1.29361344928435e-22 -2.01409500915203e-23                     2  2.66324417540195e-22
  7.7861976085202e-09 -8.72606776454535e-07  8.72685065852243e-07  8.19258178556529e-07 -8.19258176113934e-07 -5.74864173176714e-14  3.54281018895948e-13 -1.44517451345947e-18  2.66324417540195e-22      1.99999999999854
TOTAL ENERGY: -123.347938076028	 lambda: -4.25	 population of target: 4.00000000000157
1RDM: 
     1.99827434791843    0.0105705342672651  -0.00870002053050206    0.0042907987931999  -0.00429079879319807   3.1823381104918e-10 -1.96091293210206e-09  -3.9953563069505e-11   4.6859936540078e-18  7.97533778893854e-09
   0.0105705342672651     0.484399599949055    -0.446298999080555     0.462326448767217    -0.462326448767232 -3.48169617694634e-08  2.14955072261119e-07  4.18833046235783e-08 -1.30979359604724e-16 -8.96638274862899e-07
 -0.00870002053050206    -0.446298999080555     0.484380804990318    -0.462322144006323     0.462322144006315  3.48029107413026e-08 -2.14886306089459e-07  4.18830871719286e-08  9.78416011471679e-16  8.96737979317787e-07
   0.0042907987931999     0.462326448767217    -0.462322144006323     0.516472623571914    -0.478382312899501  3.26181321739894e-08 -2.01419751236832e-07 -2.29219285148232e-13  4.19057518005195e-08  8.42036244375036e-07
 -0.00429079879319807    -0.462326448767232     0.462322144006315    -0.478382312899501     0.516472623571936 -3.26181317224888e-08  2.01419750192218e-07  2.29013746307641e-13  4.19057507614779e-08 -8.42036246833588e-07
  3.1823381104918e-10 -3.48169617694634e-08  3.48029107413026e-08  3.26181321739894e-08 -3.26181317224888e-08                     2  1.43743340821643e-14  3.16902963311118e-19 -4.67517965216347e-23 -6.00133911156917e-14
-1.96091293210206e-09  2.14955072261119e-07 -2.14886306089459e-07 -2.01419751236832e-07  2.01419750192218e-07  1.43743340821643e-14      1.99999999999992  -1.5728723508797e-18   2.5124294593789e-22  3.70550357526775e-13
 -3.9953563069505e-11  4.18833046235783e-08  4.18830871719286e-08 -2.29219285148232e-13  2.29013746307641e-13  3.16902963311118e-19  -1.5728723508797e-18                     2 -1.37041368458364e-23 -1.69741261712411e-18
  4.6859936540078e-18 -1.30979359604724e-16  9.78416011471679e-16  4.19057518005195e-08  4.19057507614779e-08 -4.67517965216347e-23   2.5124294593789e-22 -1.37041368458364e-23                     2 -9.02936214111655e-22
 7.97533778893854e-09 -8.96638274862899e-07  8.96737979317787e-07  8.42036244375036e-07 -8.42036246833588e-07 -6.00133911156917e-14  3.70550357526775e-13 -1.69741261712411e-18 -9.02936214111655e-22      1.99999999999846
TOTAL ENERGY: -123.347938076028	 lambda: -4.2	 population of target: 4.00000000000165
1RDM: 
     1.99827434792326    0.0105705341250955  -0.00870002068358022   0.00429079876106596  -0.00429079876105818  3.23249954977308e-10 -1.99633814859867e-09 -4.10839474867872e-11  2.72741790504067e-18  8.18254749326248e-09
   0.0105705341250955     0.484399600468042    -0.446298999228429      0.46232644912028    -0.462326449120297 -3.53912379300453e-08  2.19087149686946e-07  4.31168489459188e-08 -2.12763890489292e-15 -9.22026366457734e-07
 -0.00870002068358022    -0.446298999228429     0.484380804496407    -0.462322143698141     0.462322143698161   3.5375899835983e-08 -2.18974534477497e-07  4.31054203915952e-08  1.27026124873122e-15  9.22171135183619e-07
  0.00429079876106596      0.46232644912028    -0.462322143698141     0.516472623556988    -0.478382312894649  3.31574784925393e-08 -2.05288788730236e-07 -6.22120516061866e-12  4.31051820660888e-08  8.66051426804975e-07
 -0.00429079876105818    -0.462326449120297     0.462322143698161    -0.478382312894649     0.516472623557037 -3.31574783728428e-08  2.05288789070291e-07  6.22148901515104e-12  4.31051786669034e-08 -8.66051443298729e-07
 3.23249954977308e-10 -3.53912379300453e-08   3.5375899835983e-08  3.31574784925393e-08 -3.31574783728428e-08                     2    1.489134493085e-14  7.52898916569781e-19 -1.20842148466468e-22 -6.27361283975322e-14
-1.99633814859867e-09  2.19087149686946e-07 -2.18974534477497e-07 -2.05288788730236e-07  2.05288789070291e-07    1.489134493085e-14      1.99999999999991 -5.05389012582091e-18  7.24295074222825e-22   3.8837360392597e-13
-4.10839474867872e-11  4.31168489459188e-08  4.31054203915952e-08 -6.22120516061866e-12  6.22148901515104e-12  7.52898916569781e-19 -5.05389012582091e-18                     2  1.24591392218828e-23  7.68079433339301e-18
 2.72741790504067e-18 -2.12763890489292e-15  1.27026124873122e-15  4.31051820660888e-08  4.31051786669034e-08 -1.20842148466468e-22  7.24295074222825e-22  1.24591392218828e-23                     2 -2.72176913399497e-21
 8.18254749326248e-09 -9.22026366457734e-07  9.22171135183619e-07  8.66051426804975e-07 -8.66051443298729e-07 -6.27361283975322e-14   3.8837360392597e-13  7.68079433339301e-18 -2.72176913399497e-21      1.99999999999836
TOTAL ENERGY: -123.347938076028	 lambda: -4.15	 population of target: 4.00000000000175
1RDM: 
     1.99827434791601    0.0105705341733208  -0.00870002069022982   0.00429079877829472  -0.00429079877829546  3.28776333236443e-10 -2.03388306205035e-09 -4.23104090814858e-11  8.05291435855937e-20  8.39651109799051e-09
   0.0105705341733208     0.484399600295301     -0.44629899902638     0.462326448988519    -0.462326448988502 -3.60523372128007e-08  2.23542337691129e-07   4.4340928519677e-08  1.03077066829066e-15 -9.49031639499947e-07
 -0.00870002069022982     -0.44629899902638     0.484380804398558    -0.462322143670916      0.46232214367092  3.60450374623878e-08 -2.23520846626912e-07  4.43399415919261e-08 -2.17769418999012e-16  9.49016206917197e-07
  0.00429079877829472     0.462326448988519    -0.462322143670916     0.516472623695983    -0.478382312923456  3.37851786677439e-08 -2.09535104042305e-07 -5.24046228122869e-13  4.43746742499838e-08  8.91543714512594e-07
