TOTAL ENERGY: -124.337332810056	 lambda: -5	 population of target: 3.65893402728894
1RDM: 
      1.9869383861228    0.0771082652740022    0.0844215261960566    0.0757852360639068    0.0718572835616481   0.00346063984857005   0.00231478946058005 -6.94521290882734e-05 -2.00497435414023e-06     0.016220261431871
   0.0771082652740022         0.20802787132      0.15826908612104     0.168691806033649    -0.485590810607746    -0.020600062214396   -0.0190571283782837   -0.0360907645374032   -0.0585723823298151    -0.100115186917407
   0.0844215261960566      0.15826908612104     0.191293383873117     0.159996160162841    -0.461234369465592   -0.0238876859978455   -0.0102118305141515    0.0674243944357537  -0.00074911527665105    -0.107252746460661
   0.0757852360639068     0.168691806033649     0.159996160162841     0.211677618174556    -0.490690130865943    -0.020160239976872    -0.018858582857141   -0.0343562898225045    0.0600262130314741   -0.0982012404833533
   0.0718572835616481    -0.485590810607746    -0.461234369465592    -0.490690130865943      1.43234508266648   -0.0214071749615358   -0.0204620355212069  -0.00236207882975902  0.000479321699626912    -0.103533379415142
  0.00346063984857005    -0.020600062214396   -0.0238876859978455    -0.020160239976872   -0.0214071749615358      1.99904841913115 -0.000713801256233001  6.32981174797677e-05  -2.0798267688078e-06  -0.00449864018318577
  0.00231478946058005   -0.0190571283782837   -0.0102118305141515    -0.018858582857141   -0.0204620355212069 -0.000713801256233001        1.999225088414 -0.000355092828292585  9.16672463756356e-06  -0.00350572255926305
-6.94521290882734e-05   -0.0360907645374032    0.0674243944357537   -0.0343562898225045  -0.00236207882975902  6.32981174797677e-05 -0.000355092828292585      1.99640129515815 -1.22694601128862e-13 -4.30230777156698e-12
-2.00497435414023e-06   -0.0585723823298151  -0.00074911527665105    0.0600262130314741  0.000479321699626912  -2.0798267688078e-06  9.16672463756356e-06 -1.22694601128862e-13      1.99640129515774  7.41691330491912e-13
    0.016220261431871    -0.100115186917407    -0.107252746460661   -0.0982012404833533    -0.103533379415142  -0.00449864018318577  -0.00350572255926305 -4.30230777156698e-12  7.41691330491912e-13      1.97864155998201
TOTAL ENERGY: -124.343216896756	 lambda: -4.95	 population of target: 3.66011678966607
1RDM: 
     1.98696710717967    0.0769670069575044    0.0842743157008759    0.0756455253149741    0.0718631212557075   0.00345999620031816   0.00222279063698386 -7.03567426755878e-05 -2.03109676259576e-06    0.0163913407350308
   0.0769670069575044     0.208760476839098     0.158863032181049     0.169267253040663    -0.485938884134496   -0.0206069733700137    -0.018501037182991   -0.0365608547568401   -0.0593353002837521    -0.101227845936722
   0.0842743157008759     0.158863032181049     0.192053860440633      0.16058650032985     -0.46164737436362   -0.0238962152808509  -0.00961823244758812    0.0683026120299545 -0.000758872644098564    -0.108451277936034
   0.0756455253149741     0.169267253040663      0.16058650032985     0.212402277484845    -0.491021136321933   -0.0201666853419424   -0.0183127626291596   -0.0348037881293296    0.0608080675027291   -0.0992908979325742
   0.0718631212557075    -0.485938884134496     -0.46164737436362    -0.491021136321933      1.43076098681975   -0.0214590089431272   -0.0199327926568727  -0.00239284536685055   0.00048556494461571    -0.104913213498217
  0.00345999620031816   -0.0206069733700137   -0.0238962152808509   -0.0201666853419424   -0.0214590089431272      1.99904653408356  -0.00069002061083947  6.41225868071649e-05  -2.1069155176572e-06  -0.00455624897271753
  0.00222279063698386    -0.018501037182991  -0.00961823244758812   -0.0183127626291596   -0.0199327926568727  -0.00069002061083947      1.99926192812521 -0.000359717984335508  9.28612030290702e-06  -0.00343027295021885
-7.03567426755878e-05   -0.0365608547568401    0.0683026120299545   -0.0348037881293296  -0.00239284536685055  6.41225868071649e-05 -0.000359717984335508      1.99630656667283  1.00435763577541e-12 -7.01910049113928e-12
-2.03109676259576e-06   -0.0593353002837521 -0.000758872644098564    0.0608080675027291   0.00048556494461571  -2.1069155176572e-06  9.28612030290702e-06  1.00435763577541e-12      1.99630656669974  2.44324435790904e-12
   0.0163913407350308    -0.101227845936722    -0.108451277936034   -0.0992908979325742    -0.104913213498217  -0.00455624897271753  -0.00343027295021885 -7.01910049113928e-12  2.44324435790904e-12      1.97813369565467
TOTAL ENERGY: -124.349230487137	 lambda: -4.9	 population of target: 3.66133785636773
1RDM: 
     1.98699627487763    0.0768237130168453    0.0841249354686945    0.0755038121691117    0.0718675507301593     0.003459483436079   0.00212917232867378 -7.12850663699832e-05 -2.05788871120464e-06    0.0165660198282694
   0.0768237130168453     0.209503143624943     0.159464389493665     0.169849581964188    -0.486283686573255   -0.0206149337255846   -0.0179345036649829   -0.0370432480882308   -0.0601181858424705    -0.102365203227964
   0.0841249354686945     0.159464389493665     0.192825271792908     0.161184144919601    -0.462057166437351   -0.0239058744253063  -0.00901339872167429    0.0692038144237162 -0.000768885429670892    -0.109676460935337
   0.0755038121691117     0.169849581964188     0.161184144919601     0.213136791074446    -0.491348848998195   -0.0201741571110121   -0.0177567164776437   -0.0352629982783844    0.0616103850840329    -0.100404728609109
   0.0718675507301593    -0.486283686573255    -0.462057166437351    -0.491348848998195      1.42917170786603   -0.0215122967722393   -0.0193905253088094  -0.00242441724049432   0.00049197164384764    -0.106325614191521
    0.003459483436079   -0.0206149337255846   -0.0239058744253063   -0.0201741571110121   -0.0215122967722393      1.99904453310601 -0.000665735239865017  6.49686390924158e-05 -2.13471597777347e-06  -0.00461546796788921
  0.00212917232867378   -0.0179345036649829  -0.00901339872167429   -0.0177567164776437   -0.0193905253088094 -0.000665735239865017      1.99929823079883 -0.000364464200323455  9.40864583542598e-06  -0.00335058677293365
-7.12850663699832e-05   -0.0370432480882308    0.0692038144237162   -0.0352629982783844  -0.00242441724049432  6.49686390924158e-05 -0.000364464200323455      1.99620807036184   1.1715621140522e-13  3.65391702497686e-12
-2.05788871120464e-06   -0.0601181858424705 -0.000768885429670892    0.0616103850840329   0.00049197164384764 -2.13471597777347e-06  9.40864583542598e-06   1.1715621140522e-13      1.99620807036278 -1.31979949303144e-13
   0.0165660198282694    -0.102365203227964    -0.109676460935337    -0.100404728609109    -0.106325614191521  -0.00461546796788921  -0.00335058677293365  3.65391702497686e-12 -1.31979949303144e-13       1.9776079061346
TOTAL ENERGY: -124.355378170874	 lambda: -4.85	 population of target: 3.66259895467802
1RDM: 
     1.98702589476472    0.0766783532335054    0.0839733515592898    0.0753600685992886     0.071870516111407   0.00345910655824736    0.0020338934915086 -7.22379804747756e-05  -2.0854280896401e-06    0.0167444159511916
   0.0766783532335054     0.210256133536462     0.160073277777957     0.170438889047963    -0.486624914590144   -0.0206239790024183   -0.0173572389439933   -0.0375384266062882   -0.0609218202918386    -0.103528082257151
   0.0839733515592898     0.160073277777957     0.193607912779642     0.161789204925851    -0.462463419190919   -0.0239167015329328  -0.00839701796844511    0.0701289018115607 -0.000779163474574553    -0.110929183242943
   0.0753600685992886     0.170438889047963     0.161789204925851     0.213881409322826    -0.491672962431607   -0.0201826904590517   -0.0171901611989762   -0.0357343791422324    0.0624339667557152    -0.101543538868402
    0.071870516111407    -0.486624914590144    -0.462463419190919    -0.491672962431607      1.42757773621305   -0.0215670795709543   -0.0188348313204288  -0.00245682587924747  0.000498547990368928     -0.10777166031917
  0.00345910655824736   -0.0206239790024183   -0.0239167015329328   -0.0201826904590517   -0.0215670795709543      1.99904241198042 -0.000640925815258149  6.58371124421145e-05 -2.16324843456014e-06    -0.004676362424573
   0.0020338934915086   -0.0173572389439933  -0.00839701796844511   -0.0171901611989762   -0.0188348313204288 -0.000640925815258149      1.99933393861497 -0.000369336205165614   9.5344075799235e-06   -0.0032664405969539
-7.22379804747756e-05   -0.0375384266062882    0.0701289018115607   -0.0357343791422324  -0.00245682587924747  6.58371124421145e-05 -0.000369336205165614      1.99610560544157 -1.36243529453697e-12  3.56006764868662e-12
 -2.0854280896401e-06   -0.0609218202918386 -0.000779163474574553    0.0624339667557152  0.000498547990368928 -2.16324843456014e-06   9.5344075799235e-06 -1.36243529453697e-12       1.9961056054475  1.55440303017088e-11
   0.0167444159511916    -0.103528082257151    -0.110929183242943    -0.101543538868402     -0.10777166031917    -0.004676362424573   -0.0032664405969539  3.56006764868662e-12  1.55440303017088e-11      1.97706335189885
TOTAL ENERGY: -124.361664759638	 lambda: -4.8	 population of target: 3.66390191159357
1RDM: 
     1.98705597237303    0.0765308987069799    0.0838195298722556    0.0752142637625475    0.0718719581297542   0.00345887078197999   0.00193691151333931 -7.32164527583143e-05 -2.11364535253463e-06    0.0169266513225441
   0.0765308987069799      0.21101971657618     0.160689812145004     0.171035270840251    -0.486962233840441   -0.0206341465635438     -0.01676894219819   -0.0380468966527194   -0.0617470258133751    -0.104717342369798
   0.0838195298722556     0.160689812145004     0.194402092222808     0.162401796952089    -0.462865783141336   -0.0239287363141357  -0.00776876647635524    0.0710788202766078 -0.000789717582192219     -0.11221037071781
   0.0752142637625475     0.171035270840251     0.162401796952089     0.214636406172344    -0.491993164417641   -0.0201923217421201   -0.0166128035069226     -0.03621841281349     0.063279654640392     -0.10270816879272
   0.0718719581297542    -0.486962233840441    -0.462865783141336    -0.491993164417641      1.42597959596573   -0.0216233998215802   -0.0182652933570021  -0.00249010429280233     0.000505301122706    -0.109252474617387
  0.00345887078197999   -0.0206341465635438   -0.0239287363141357   -0.0201923217421201   -0.0216233998215802      1.99904016628834 -0.000615572013685512  6.67288963050352e-05 -2.19255412891423e-06  -0.00473900095699614
  0.00193691151333931     -0.01676894219819  -0.00776876647635524   -0.0166128035069226   -0.0182652933570021 -0.000615572013685512      1.99936898978558 -0.000374338978032997  9.66356332416889e-06  -0.00317759739573416
-7.32164527583143e-05   -0.0380468966527194    0.0710788202766078     -0.03621841281349  -0.00249010429280233  6.67288963050352e-05 -0.000374338978032997      1.99599895781869  1.47645721341032e-12 -1.34366050674458e-12
-2.11364535253463e-06   -0.0617470258133751 -0.000789717582192219     0.063279654640392     0.000505301122706 -2.19255412891423e-06  9.66356332416889e-06  1.47645721341032e-12       1.9959989578441 -2.15906542831556e-12
   0.0169266513225441    -0.104717342369798     -0.11221037071781     -0.10270816879272    -0.109252474617387  -0.00473900095699614  -0.00317759739573416 -1.34366050674458e-12 -2.15906542831556e-12      1.97649914495318
TOTAL ENERGY: -124.368095303973	 lambda: -4.75	 population of target: 3.66524866153659
1RDM: 
     1.98708651319501    0.0763813167468774    0.0836634370584062    0.0750663686045687     0.071871815468559   0.00345878149073714   0.00183818248758962 -7.42215601202325e-05 -2.14266949919708e-06    0.0171128537486971
   0.0763813167468774     0.211794191114597     0.161314113495856     0.171638830589524    -0.487295310941342   -0.0206454745261932   -0.0161693039093621   -0.0385691912967363   -0.0625946678978831    -0.105933880236942
   0.0836634370584062     0.161314113495856     0.195208132468422     0.163022034044652    -0.463263881283707   -0.0239420197155873  -0.00712830956008818    0.0720545658510308 -0.000800558537474235    -0.113520991282691
   0.0750663686045687     0.171638830589524     0.163022034044652      0.21540205846425    -0.492309111722155    -0.020203088582808   -0.0160243396988731   -0.0367156066554107    0.0641483361722381    -0.103899497249395
    0.071871815468559    -0.487295310941342    -0.463263881283707    -0.492309111722155      1.42437785269779    -0.021681301070907   -0.0176814801460634  -0.00252428764170232   0.00051223765765002     -0.11076922829058
  0.00345878149073714   -0.0206454745261932   -0.0239420197155873    -0.020203088582808    -0.021681301070907      1.99903779143773 -0.000589652532058644  6.76449305296659e-05  -2.2226526326003e-06  -0.00480345573269344
  0.00183818248758962   -0.0161693039093621  -0.00712830956008818   -0.0160243396988731   -0.0176814801460634 -0.000589652532058644      1.99940331815273 -0.000379477782734231  9.79622051002024e-06  -0.00308380610682143
-7.42215601202325e-05   -0.0385691912967363    0.0720545658510308   -0.0367156066554107  -0.00252428764170232  6.76449305296659e-05 -0.000379477782734231      1.99588789888868  3.98591567771797e-14  1.00892235161493e-11
-2.14266949919708e-06   -0.0625946678978831 -0.000800558537474235    0.0641483361722381   0.00051223765765002  -2.2226526326003e-06  9.79622051002024e-06  3.98591567771797e-14      1.99588789888782 -1.73972912559882e-12
   0.0171128537486971    -0.105933880236942    -0.113520991282691    -0.103899497249395     -0.11076922829058  -0.00480345573269344  -0.00308380610682143  1.00892235161493e-11 -1.73972912559882e-12      1.97591434469294
TOTAL ENERGY: -124.374675102237	 lambda: -4.7	 population of target: 3.66664125279559
1RDM: 
     1.98711752309556    0.0762295769191327      0.08350503622907    0.0749163508200542    0.0718700242016292   0.00345884426299592    0.0017376609111596 -7.52543302944488e-05 -2.17243859970532e-06      0.01730315631655
   0.0762295769191327     0.212579852963931     0.161946306236668     0.172249667890671    -0.487623772383209   -0.0206580028942917   -0.0155580014104092   -0.0391058722764653   -0.0634656576598247    -0.107178632431616
     0.08350503622907     0.161946306236668     0.196026374118252     0.163650038824741    -0.463657324658297   -0.0239565941221767  -0.00647530058873903    0.0730571877472305 -0.000811698196305297    -0.114862053404946
   0.0749163508200542     0.172249667890671     0.163650038824741     0.216178668375133    -0.492620454131349   -0.0202150300128544   -0.0154244548528863   -0.0372264954300942    0.0650409446271148    -0.105118440295356
   0.0718700242016292    -0.487623772383209    -0.463657324658297    -0.492620454131349      1.42277312180271   -0.0217408283634705   -0.0170829437032241  -0.00255941247278924  0.000519365523385441    -0.112323140776556
  0.00345884426299592   -0.0206580028942917   -0.0239565941221767   -0.0202150300128544   -0.0217408283634705      1.99903528261602 -0.000563144967218107   6.8586193177936e-05 -2.25358415785736e-06  -0.00486980267666775
   0.0017376609111596   -0.0155580014104092  -0.00647530058873903   -0.0154244548528863   -0.0170829437032241 -0.000563144967218107      1.99943685302517 -0.000384758117788556   9.9325445674794e-06  -0.00298480020961026
-7.52543302944488e-05   -0.0391058722764653    0.0730571877472305   -0.0372264954300942  -0.00255941247278924   6.8586193177936e-05 -0.000384758117788556      1.99577218435199 -7.73188055023892e-13  8.46744872653238e-12
-2.17243859970532e-06   -0.0634656576598247 -0.000811698196305297    0.0650409446271148  0.000519365523385441 -2.25358415785736e-06   9.9325445674794e-06 -7.73188055023892e-13      1.99577218435076 -1.61827868478054e-11
     0.01730315631655    -0.107178632431616    -0.114862053404946    -0.105118440295356    -0.112323140776556  -0.00486980267666775  -0.00298480020961026  8.46744872653238e-12 -1.61827868478054e-11      1.97530795530048
TOTAL ENERGY: -124.381409718354	 lambda: -4.65	 population of target: 3.66808185618906
1RDM: 
     1.98714900780081    0.0760756445108978     0.083344291443654     0.074764180647994    0.0718665171189006   0.00345906488615305   0.00163529979383691 -7.63159145744423e-05 -2.20312862250381e-06    0.0174976982339674
   0.0760756445108978     0.213377031514767     0.162586517049098     0.172867889204172    -0.487947242976802   -0.0206717726653637   -0.0149347024282586   -0.0396575303422671   -0.0643609537564472    -0.108452576868597
    0.083344291443654     0.162586517049098     0.196857178585197     0.164285928240485    -0.464045694502053   -0.0239725034599724  -0.00580938029785594    0.0740877894991083 -0.000823148554805056    -0.116234611938563
    0.074764180647994     0.172867889204172     0.164285928240485     0.216966538273042    -0.492926801700699   -0.0202281865143525   -0.0148128226918165   -0.0377516415222233     0.065958463170554    -0.106365956067635
   0.0718665171189006    -0.487947242976802    -0.464045694502053    -0.492926801700699      1.42116606298291   -0.0218020278700012   -0.0164692210058882  -0.00259551753572146  0.000526691913616304    -0.113915483927219
  0.00345906488615305   -0.0206717726653637   -0.0239725034599724   -0.0202281865143525   -0.0218020278700012      1.99903263480528 -0.000536025805183051  6.95537207439966e-05 -2.28537000203084e-06  -0.00493812173033108
  0.00163529979383691   -0.0149347024282586  -0.00580938029785594   -0.0148128226918165   -0.0164692210058882 -0.000536025805183051       1.9994695187098 -0.000390185815743847  1.00726473659431e-05  -0.00288029704932346
-7.63159145744423e-05   -0.0396575303422671    0.0740877894991083   -0.0377516415222233  -0.00259551753572146  6.95537207439966e-05 -0.000390185815743847        1.995651553182 -1.75429291903787e-12 -4.93448170496152e-12
-2.20312862250381e-06   -0.0643609537564472 -0.000823148554805056     0.065958463170554  0.000526691913616304 -2.28537000203084e-06  1.00726473659431e-05 -1.75429291903787e-12      1.99565155318265 -7.31777333204783e-13
   0.0174976982339674    -0.108452576868597    -0.116234611938563    -0.106365956067635    -0.113915483927219  -0.00493812173033108  -0.00288029704932346 -4.93448170496152e-12 -7.31777333204783e-13       1.9746789209635
TOTAL ENERGY: -124.388305003581	 lambda: -4.6	 population of target: 3.66957277507593
1RDM: 
     1.98718097334143    0.0759194873687494    0.0831811648772663    0.0746098229041575    0.0718612239434787    0.0034594493175804   0.00153105044664761 -7.74075401877353e-05  -2.2346231446156e-06    0.0176966247611066
   0.0759194873687494     0.214186059760371     0.163234874184166     0.173493599359373    -0.488265304552549   -0.0206868265242119   -0.0142990605751035   -0.0402247900373177   -0.0652815703250287    -0.109756735816197
   0.0831811648772663     0.163234874184166     0.197700921747341      0.16492983084348    -0.464428547157661   -0.0239897931026726  -0.00513017618535959    0.0751475382656804 -0.000834922899663222    -0.117639768416467
   0.0746098229041575     0.173493599359373      0.16492983084348     0.217766010279399    -0.493227765934155   -0.0202425995995623    -0.014189105680754   -0.0382916394778907    0.0669019302824737    -0.107643044471049
   0.0718612239434787    -0.488265304552549    -0.464428547157661    -0.493227765934155      1.41955738440972   -0.0218649471892532   -0.0158398315881849  -0.00263264372022002  0.000534225705466925    -0.115547583842738
   0.0034594493175804   -0.0206868265242119   -0.0239897931026726   -0.0202425995995623   -0.0218649471892532      1.99902984276731 -0.000508270307900582  7.05486151179632e-05 -2.31806330874697e-06    -0.005008497059955
  0.00153105044664761   -0.0142990605751035  -0.00513017618535959    -0.014189105680754   -0.0158398315881849 -0.000508270307900582      1.99950123428446 -0.000395767019152793  1.02167285708005e-05  -0.00276999637976587
-7.74075401877353e-05   -0.0402247900373177    0.0751475382656804   -0.0382916394778907  -0.00263264372022002  7.05486151179632e-05 -0.000395767019152793      1.99552572562577 -1.51335356244042e-12 -2.84892268606017e-12
 -2.2346231446156e-06   -0.0652815703250287 -0.000834922899663222    0.0669019302824737  0.000534225705466925 -2.31806330874697e-06  1.02167285708005e-05 -1.51335356244042e-12      1.99552572562544 -1.19327126114971e-11
   0.0176966247611066    -0.109756735816197    -0.117639768416467    -0.107643044471049    -0.115547583842738    -0.005008497059955  -0.00276999637976587 -2.84892268606017e-12 -1.19327126114971e-11      1.97402612215878
TOTAL ENERGY: -124.395367105503	 lambda: -4.55	 population of target: 3.67111645311702
1RDM: 
     1.98721342562776    0.0757610705200597     0.083015617977538    0.0744532454104904    0.0718540714510626    0.0034600037848869   0.00142486256962419 -7.85304505353033e-05 -2.26705721995406e-06    0.0179000879277237
   0.0757610705200597     0.215007299227968     0.163891509814097     0.174126906650957    -0.488577526658788   -0.0207032085039336   -0.0136507185858132   -0.0408083083570443   -0.0662285731445542    -0.111092178351171
    0.083015617977538     0.163891509814097     0.198558005385414     0.165581872320865    -0.464805413463895   -0.0240085100716898  -0.00443730280843634    0.0762376612167548   -0.0008470346233951    -0.119078674596686
   0.0744532454104904     0.174126906650957     0.165581872320865     0.218577428012576    -0.493522915840989   -0.0202583127103088   -0.0135529533507499   -0.0388471146913561    0.0678724388975528    -0.108950751972398
   0.0718540714510626    -0.488577526658788    -0.464805413463895    -0.493522915840989      1.41794785213114   -0.0219296350932165   -0.0151942787289958  -0.00267083399977048  0.000541975440595886    -0.117220824321533
   0.0034600037848869   -0.0207032085039336   -0.0240085100716898   -0.0202583127103088   -0.0219296350932165      1.99902690101976 -0.000479852485101272  7.15720260235424e-05 -2.35168422998038e-06  -0.00508101739779903
  0.00142486256962419   -0.0136507185858132  -0.00443730280843634   -0.0135529533507499   -0.0151942787289958 -0.000479852485101272      1.99953191309132 -0.000401508194702082  1.03649238734753e-05  -0.00265357946972469
-7.85304505353033e-05   -0.0408083083570443    0.0762376612167548   -0.0388471146913561  -0.00267083399977048  7.15720260235424e-05 -0.000401508194702082       1.9953944024694 -1.93857432141458e-14 -6.23096464979235e-12
-2.26705721995406e-06   -0.0662285731445542   -0.0008470346233951    0.0678724388975528  0.000541975440595886 -2.35168422998038e-06  1.03649238734753e-05 -1.93857432141458e-14      1.99539440247265 -9.65721497424681e-12
   0.0179000879277237    -0.111092178351171    -0.119078674596686    -0.108950751972398    -0.117220824321533  -0.00508101739779903  -0.00265357946972469 -6.23096464979235e-12 -9.65721497424681e-12      1.97334837056199
TOTAL ENERGY: -124.402602494752	 lambda: -4.5	 population of target: 3.67271548637935
1RDM: 
     1.98724637103158    0.0756003577859216    0.0828476104150803    0.0742944123386734    0.0718449827676838   0.00346073468141363   0.00131668405412582 -7.96860051000518e-05 -2.30041363177553e-06    0.0181082463371204
   0.0756003577859216      0.21584112936533     0.164556561721612     0.174767922865858    -0.488883451081326    -0.020720964426532   -0.0129893044990023   -0.0414087803270433   -0.0672030905695917    -0.112460020557377
   0.0828476104150803     0.164556561721612      0.19942885130851     0.166242183878941    -0.465175795225395   -0.0240287029493564  -0.00373036033278413     0.077359456841135  -0.00085949822877063      -0.1205525342124
   0.0742944123386734     0.174767922865858     0.166242183878941      0.21940116352367    -0.493811803863894   -0.0202753705070815   -0.0129040028722268    -0.039418728714384    0.0688711448850407    -0.110290172102532
   0.0718449827676838    -0.488883451081326    -0.465175795225395    -0.493811803863894      1.41633828846884   -0.0219961420217257   -0.0145320466894984  -0.00271013396546465  0.000549950285921807    -0.118936648421629
  0.00346073468141363    -0.020720964426532   -0.0240287029493564   -0.0202753705070815   -0.0219961420217257      1.99902380383098 -0.000450744984149238  7.26251700787308e-05 -2.38628974147852e-06  -0.00515577625252151
  0.00131668405412582   -0.0129893044990023  -0.00373036033278413   -0.0129040028722268   -0.0145320466894984 -0.000450744984149238      1.99956146249022 -0.000407416170405746   1.0517445194015e-05  -0.00253070742610084
-7.96860051000518e-05   -0.0414087803270433     0.077359456841135    -0.039418728714384  -0.00271013396546465  7.26251700787308e-05 -0.000407416170405746      1.99525726258124 -4.14725235642848e-12  9.13647258953319e-12
-2.30041363177553e-06   -0.0672030905695917  -0.00085949822877063    0.0688711448850407  0.000549950285921807 -2.38628974147852e-06   1.0517445194015e-05 -4.14725235642848e-12      1.99525726257055 -5.83941623125424e-13
   0.0181082463371204    -0.112460020557377      -0.1205525342124    -0.110290172102532    -0.118936648421629  -0.00515577625252151  -0.00253070742610084  9.13647258953319e-12 -5.83941623125424e-13      1.97264440482906
TOTAL ENERGY: -124.41001797972	 lambda: -4.45	 population of target: 3.67437263343748
1RDM: 
      1.9872798156791    0.0754373133728862     0.082677100420516    0.0741332890266231    0.0718338775205001   0.00346164864608789   0.00120646100729352 -8.08755534545155e-05 -2.33475031410826e-06    0.0183212661081149
   0.0754373133728862     0.216687950926577      0.16523016871583     0.175416757886191    -0.489182585398315   -0.0207401413105959   -0.0123144339355203   -0.0420269392129805   -0.0682063121667276    -0.113861431660445
    0.082677100420516      0.16523016871583     0.200313911999332     0.166910900369921    -0.465539168632758   -0.0240504218519397  -0.00300893448105931    0.0785142947726259 -0.000872329054805891     -0.12206260541062
   0.0741332890266231     0.175416757886191     0.166910900369921     0.220237608452955     -0.49409394946829   -0.0202938192389806    -0.012241877578149   -0.0400071796629132    0.0698992675706315    -0.111662448629821
   0.0718338775205001    -0.489182585398315    -0.465539168632758     -0.49409394946829      1.41472957651685   -0.0220645194085706   -0.0138526019723931  -0.00275059129613505  0.000558160084932093    -0.120696561767059
  0.00346164864608789   -0.0207401413105959   -0.0240504218519397   -0.0202938192389806   -0.0220645194085706       1.9990205452254 -0.000420919028957988   7.3709333402109e-05 -2.42191455701751e-06  -0.00523287220489771
  0.00120646100729352   -0.0123144339355203  -0.00300893448105931    -0.012241877578149   -0.0138526019723931 -0.000420919028957988      1.99958978328696 -0.000413498161549836  1.06744582064417e-05  -0.00240102002860818
-8.08755534545155e-05   -0.0420269392129805    0.0785142947726259   -0.0400071796629132  -0.00275059129613505   7.3709333402109e-05 -0.000413498161549836      1.99511396157537 -2.77428632181016e-12 -2.11382172891187e-12
-2.33475031410826e-06   -0.0682063121667276 -0.000872329054805891    0.0698992675706315  0.000558160084932093 -2.42191455701751e-06  1.06744582064417e-05 -2.77428632181016e-12      1.99511396156532  1.07078615315922e-13
   0.0183212661081149    -0.113861431660445     -0.12206260541062    -0.111662448629821    -0.120696561767059  -0.00523287220489771  -0.00240102002860818 -2.11382172891187e-12  1.07078615315922e-13      1.97191288477218
TOTAL ENERGY: -124.417620733946	 lambda: -4.4	 population of target: 3.67609082890847
1RDM: 
     1.98731376622942    0.0752718978952732    0.0825040454683858    0.0739698373430156    0.0718206708541756   0.00346275251162853   0.00109413767729785  -8.2100642223867e-05 -2.37011854782717e-06    0.0185393207450768
   0.0752718978952732     0.217548195032265      0.16591247471203     0.176073530580839    -0.489474416725159   -0.0207607878831072   -0.0116257085019882   -0.0426635603103072   -0.0692394962736279    -0.115297633687325
   0.0825040454683858      0.16591247471203     0.201213661701125     0.167588158647627    -0.465894968696048   -0.0240737186634083  -0.00227259611091064    0.0797036234832392 -0.000885543136096355    -0.123610205928897
   0.0739698373430156     0.176073530580839     0.167588158647627     0.221087181676744    -0.494368848327409   -0.0203137067307301   -0.0115661876314522   -0.0406132054356352     0.070958096604651    -0.113068778203348
   0.0718206708541756    -0.489474416725159    -0.465894968696048    -0.494368848327409      1.41312266267078     -0.02213482021556     -0.01315539253886  -0.00279225705930366  0.000566615059552687    -0.122502137068259
  0.00346275251162853   -0.0207607878831072   -0.0240737186634083   -0.0203137067307301     -0.02213482021556      1.99901711894721 -0.000390344350552947  7.48258758939101e-05 -2.45860147044219e-06  -0.00531240930000569
  0.00109413767729785   -0.0116257085019882  -0.00227259611091064   -0.0115661876314522     -0.01315539253886 -0.000390344350552947      1.99961676929121 -0.000419761802448916  1.08361562071977e-05  -0.00226413423444712
 -8.2100642223867e-05   -0.0426635603103072    0.0797036234832392   -0.0406132054356352  -0.00279225705930366  7.48258758939101e-05 -0.000419761802448916      1.99496412948475  -1.2508136811124e-12 -5.74245475332554e-12
-2.37011854782717e-06   -0.0692394962736279 -0.000885543136096355     0.070958096604651  0.000566615059552687 -2.45860147044219e-06  1.08361562071977e-05  -1.2508136811124e-12      1.99496412947613  3.91890323794907e-12
   0.0185393207450768    -0.115297633687325    -0.123610205928897    -0.113068778203348    -0.122502137068259  -0.00531240930000569  -0.00226413423444712 -5.74245475332554e-12  3.91890323794907e-12      1.97115238549034
TOTAL ENERGY: -124.425418312328	 lambda: -4.35	 population of target: 3.67787319520207
1RDM: 
     1.98734822929346    0.0751040722461121    0.0823284011039432    0.0738040192025833     0.071805274461943   0.00346405341040018  0.000979656209030732 -8.33628450053792e-05  -2.4065504451692e-06    0.0187625917988798
   0.0751040722461121     0.218422315246388     0.166603627420311     0.176738357147091    -0.489758394643239   -0.0207829548407469   -0.0109227137711289   -0.0433194624077894   -0.0703039723483985    -0.116769905346832
   0.0823284011039432     0.166603627420311     0.202128604244239     0.168274100900411    -0.466242600761957   -0.0240986471694287   -0.0015208994563908    0.0809289733172069 -0.000899157231043494    -0.125196712582526
   0.0738040192025833     0.176738357147091     0.168274100900411     0.221950326867551    -0.494635962499493   -0.0203350826688651   -0.0108765277126289    -0.041237586003014     0.072048993924644    -0.114510412679029
    0.071805274461943    -0.489758394643239    -0.466242600761957    -0.494635962499493      1.41151856956578   -0.0222070988800346   -0.0124398452350705  -0.00283518475209624  0.000575326062815853    -0.124355014203888
  0.00346405341040018   -0.0207829548407469   -0.0240986471694287   -0.0203350826688651   -0.0222070988800346      1.99901351843565 -0.000358989028732402  7.59762338104861e-05 -2.49640152708853e-06  -0.00539449735858372
 0.000979656209030732   -0.0109227137711289   -0.0015208994563908   -0.0108765277126289   -0.0124398452350705 -0.000358989028732402       1.9996423068924 -0.000426215140550571  1.10027498572295e-05  -0.00211964208817962
-8.33628450053792e-05   -0.0433194624077894    0.0809289733172069    -0.041237586003014  -0.00283518475209624  7.59762338104861e-05 -0.000426215140550571      1.99480736878931 -6.24008782607087e-14 -6.01472940704162e-12
 -2.4065504451692e-06   -0.0703039723483985 -0.000899157231043494     0.072048993924644  0.000575326062815853 -2.49640152708853e-06  1.10027498572295e-05 -6.24008782607087e-14      1.99480736880197 -5.00291624277822e-12
   0.0187625917988798    -0.116769905346832    -0.125196712582526    -0.114510412679029    -0.124355014203888  -0.00539449735858372  -0.00211964208817962 -6.01472940704162e-12 -5.00291624277822e-12      1.97036139186328
TOTAL ENERGY: -124.433418690888	 lambda: -4.3	 population of target: 3.67972306040707
1RDM: 
     1.98738321165907    0.0749337954504677    0.0821501211186962    0.0736357949398293    0.0717875949155797   0.00346555864869925  0.000862956890752233 -8.46638239398686e-05   -2.444116818646e-06    0.0189912695307205
   0.0749337954504677     0.219310797606782     0.167303778752304      0.17741135896483    -0.490033935095663   -0.0208066941036468    -0.010205021626188   -0.0439955145570217   -0.0714011501834144    -0.118279586793746
   0.0821501211186962     0.167303778752304     0.203059281950891     0.168968871172171    -0.466581433157417    -0.024125262701264 -0.000753383307588792    0.0821919669753397 -0.000913189615791584    -0.126823568983478
   0.0736357949398293      0.17741135896483     0.168968871172171     0.222827518092476    -0.494894719148433   -0.0203579980192785   -0.0101724787967309   -0.0418811479506394    0.0731734049804655    -0.115988664174931
   0.0717875949155797    -0.490033935095663    -0.466581433157417    -0.494894719148433      1.40991838662301   -0.0222814109787903   -0.0117053680337306  -0.00287943120630439  0.000584304742795593     -0.12625690794271
  0.00346555864869925   -0.0208066941036468    -0.024125262701264   -0.0203579980192785   -0.0222814109787903      1.99900973685739 -0.000326819497043254  7.71619353822889e-05 -2.53535842518869e-06  -0.00547925236984552
 0.000862956890752233    -0.010205021626188 -0.000753383307588792   -0.0101724787967309   -0.0117053680337306 -0.000326819497043254      1.99966627440949 -0.000432866741415782   1.1174457574621e-05  -0.00196710958114959
-8.46638239398686e-05   -0.0439955145570217    0.0821919669753397   -0.0418811479506394  -0.00287943120630439  7.71619353822889e-05 -0.000432866741415782      1.99464325130115 -2.09871070276982e-13 -4.24159271614745e-12
  -2.444116818646e-06   -0.0714011501834144 -0.000913189615791584    0.0731734049804655  0.000584304742795593 -2.53535842518869e-06   1.1174457574621e-05 -2.09871070276982e-13      1.99464325130139  3.65634810489286e-12
   0.0189912695307205    -0.118279586793746    -0.126823568983478    -0.115988664174931     -0.12625690794271  -0.00547925236984552  -0.00196710958114959 -4.24159271614745e-12  3.65634810489286e-12      1.96953829019839
TOTAL ENERGY: -124.441630276542	 lambda: -4.25	 population of target: 3.68164397020034
1RDM: 
     1.98741872062416    0.0747610243951817    0.0819691566716719    0.0734651222412848    0.0717675352462272   0.00346727579685091  0.000743977824024907 -8.60053418016678e-05 -2.48283898204122e-06     0.019225552590669
   0.0747610243951817     0.220214159259013     0.168013087428069     0.178092662040943    -0.490300420564588   -0.0208320596954891  -0.00947218697615821   -0.0446926350097309   -0.0725325200977069    -0.119828079012767
   0.0819691566716719     0.168013087428069     0.204006267336979     0.169672623881177    -0.466910797591639    -0.024153622458057  3.04306637762045e-05    0.0834943202578353 -0.000927659390740348    -0.128492283776618
   0.0734651222412848     0.178092662040943     0.169672623881177     0.223719258584955    -0.495144514940896   -0.0203825056982057  -0.00945360576811894   -0.0425447658035471    0.0743328567805934    -0.117504904344837
   0.0717675352462272    -0.490300420564588    -0.466910797591639    -0.495144514940896      1.40832329022366   -0.0223578136837315   -0.0109513471382045  -0.00292505652045407  0.000593563199940963    -0.128209607492572
  0.00346727579685091   -0.0208320596954891    -0.024153622458057   -0.0203825056982057   -0.0223578136837315      1.99900576704158 -0.000293800358539249   7.8384585774495e-05  -2.5755323842143e-06  -0.00556679682570349
 0.000743977824024907  -0.00947218697615821  3.04306637762045e-05  -0.00945360576811894   -0.0109513471382045 -0.000293800358539249        1.999688541573 -0.000439725627574246  1.13515215156282e-05   -0.0018060742032197
-8.60053418016678e-05   -0.0446926350097309    0.0834943202578353   -0.0425447658035471  -0.00292505652045407   7.8384585774495e-05 -0.000439725627574246      1.99447131618523   3.4509044054745e-12  -8.7254508987512e-12
-2.48283898204122e-06   -0.0725325200977069 -0.000927659390740348    0.0743328567805934  0.000593563199940963  -2.5755323842143e-06  1.13515215156282e-05   3.4509044054745e-12      1.99447131619427  2.76956684682217e-12
    0.019225552590669    -0.119828079012767    -0.128492283776618    -0.117504904344837    -0.128209607492572  -0.00556679682570349   -0.0018060742032197  -8.7254508987512e-12  2.76956684682217e-12      1.96868136297719
TOTAL ENERGY: -124.45006194938	 lambda: -4.2	 population of target: 3.6836397081492
1RDM: 
     1.98745476325743    0.0745857150266599    0.0817854583667019    0.0732919587290176    0.0717449921975654   0.00346921268248855  0.000622654892875433 -8.73892814180948e-05 -2.52279194250531e-06    0.0194656494988672
   0.0745857150266599     0.221132953141906     0.168731715503436     0.178782390844316     -0.49055719121652   -0.0208591071696749  -0.00872374864667579   -0.0454117973179261   -0.0736996621646833    -0.121416851304588
   0.0817854583667019     0.168731715503436     0.204970170853801     0.170385510085772    -0.467229976613155   -0.0241837854482781  0.000831038613423432    0.0848378518484814 -0.000942586602272474     -0.13020443931803
   0.0732919587290176     0.178782390844316     0.170385510085772     0.224626092857401    -0.495384703869583   -0.0204086602566096  -0.00871945717182125   -0.0432293660380337    0.0755289685315678    -0.119060571751486
   0.0717449921975654     -0.49055719121652    -0.467229976613155    -0.495384703869583      1.40673453755947   -0.0224363652178044   -0.0101771473806906  -0.00297212448087801  0.000603114404341402    -0.130214982158726
  0.00346921268248855   -0.0208591071696749   -0.0241837854482781   -0.0204086602566096   -0.0224363652178044      1.99900160149952 -0.000259894306335888   7.9645895056227e-05 -2.61697605451588e-06  -0.00565726023736786
 0.000622654892875433  -0.00872374864667579  0.000831038613423432  -0.00871945717182125   -0.0101771473806906 -0.000259894306335888      1.99970896888059 -0.000446801378764356  1.15341807951119e-05  -0.00163604302215617
-8.73892814180948e-05   -0.0454117973179261    0.0848378518484814   -0.0432293660380337  -0.00297212448087801   7.9645895056227e-05 -0.000446801378764356      1.99429106651986  6.47324353814744e-13 -1.33994943351311e-12
-2.52279194250531e-06   -0.0736996621646833 -0.000942586602272474    0.0755289685315678  0.000603114404341402 -2.61697605451588e-06  1.15341807951119e-05  6.47324353814744e-13       1.9942910665213 -3.83004234277665e-13
   0.0194656494988672    -0.121416851304588     -0.13020443931803    -0.119060571751486    -0.130214982158726  -0.00565726023736786  -0.00163604302215617 -1.33994943351311e-12 -3.83004234277665e-13      1.96778877890873
TOTAL ENERGY: -124.45872308933	 lambda: -4.15	 population of target: 3.6857143134991
1RDM: 
     1.98749134733109     0.074407820363568    0.0815989730219067    0.0731162586002042    0.0717198579815234   0.00347137737406113  0.000498921767086278 -8.88176229316388e-05 -2.56402957598384e-06    0.0197117781086466
    0.074407820363568     0.222067771395048      0.16945982971054     0.179480680277597    -0.490803548842266   -0.0208878940235427  -0.00795922855463512   -0.0461540344627694   -0.0749042530471925    -0.123047441362111
   0.0815989730219067      0.16945982971054     0.205951650658349      0.17110769179175    -0.467538215094377   -0.0242158126820219   0.00164895476531302    0.0862244917998924 -0.000957992771039682    -0.131961690731948
   0.0731162586002042     0.179480680277597      0.17110769179175     0.225548594979738    -0.495614601532413   -0.0204365181327195  -0.00796956519081409   -0.0439359324263564    0.0767634586819118    -0.120657171947393
