TOTAL ENERGY: -124.51115796751	 lambda: -5	 population of target: 3.92867255128486
1RDM: 
      1.9957235115385    0.0331145988950228   -0.0437080582406574   -0.0307800028258267    0.0455111612377363  0.000741588306276957 -4.45697860390773e-05 -3.27595186378507e-07  1.93934953274418e-12   0.00529467993598995
   0.0331145988950228     0.361829481211887    -0.282837194270139    -0.330157753302764    -0.555624317004217  -0.00802373665071428   0.00541440926832555    0.0173718520962217    0.0254912021999839   -0.0491291277212436
  -0.0437080582406574    -0.282837194270139     0.294704881134549     0.293951048904645     0.500342465684107    0.0117715995252366  0.000495433227556821     0.028661847440931 -0.000792434711363565    0.0677606440275688
  -0.0307800028258267    -0.330157753302764     0.293951048904645     0.386821521965369     0.575574824368535   0.00171903639488936   0.00797226436928779   -0.0153875176917298    0.0269941462829387    0.0449342890331186
   0.0455111612377363    -0.555624317004217     0.500342465684107     0.575574824368535     0.971154945540747    -0.011066123743066  -0.00425069348658478   0.00449450856487974  -0.00105367636994526   -0.0884012804812687
 0.000741588306276957  -0.00802373665071428    0.0117715995252366   0.00171903639488936    -0.011066123743066      1.99983039924629 -1.14303880239645e-06 -6.22823483183691e-05  7.96545537821561e-05  -0.00114857667897006
-4.45697860390773e-05   0.00541440926832555  0.000495433227556821   0.00797226436928779  -0.00425069348658478 -1.14303880239645e-06      1.99991375613599   1.7136751569608e-05 -0.000182672865929334 -0.000212445712487173
-3.27595186378507e-07    0.0173718520962217     0.028661847440931   -0.0153875176917298   0.00449450856487974 -6.22823483183691e-05   1.7136751569608e-05      1.99929177471241  3.63516349848569e-13  8.90673965476591e-12
 1.93934953274418e-12    0.0254912021999839 -0.000792434711363565    0.0269941462829387  -0.00105367636994526  7.96545537821561e-05 -0.000182672865929334  3.63516349848569e-13      1.99929177471273  -7.7411163923947e-12
  0.00529467993598995   -0.0491291277212436    0.0677606440275688    0.0449342890331186   -0.0884012804812687  -0.00114857667897006 -0.000212445712487173  8.90673965476591e-12  -7.7411163923947e-12      1.99143795380154
TOTAL ENERGY: -124.513080029999	 lambda: -4.95	 population of target: 3.92905890667037
1RDM: 
     1.99573734149377    0.0330240614940419   -0.0435930455247656   -0.0306949093136833    0.0454190970602273  0.000742343321580126 -7.16775788216509e-05  -3.3234888138954e-07 -1.48778604995743e-12   0.00535380753947466
   0.0330240614940419     0.362292799844363    -0.283374308282331     -0.33060363852699    -0.555512247621971  -0.00803938285890782   0.00566226112999108    0.0176242023695973     0.025861497265658   -0.0497502794436037
  -0.0435930455247656    -0.283374308282331     0.295306394231441     0.294475267118696     0.500387772387953    0.0117954642779612  0.000154663045342862    0.0290782005749529 -0.000803945951987813    0.0686367586577561
  -0.0306949093136833     -0.33060363852699     0.294475267118696     0.387251934351039     0.575425142571312   0.00173281714393192   0.00774529795708359   -0.0156110426266587    0.0273862735918872     0.045497830700943
   0.0454190970602273    -0.555512247621971     0.500387772387953     0.575425142571312     0.969919493414314   -0.0111107115992243   -0.0038125242406674   0.00455979746473827  -0.00106898238624599   -0.0896585623927082
 0.000742343321580126  -0.00803938285890782    0.0117954642779612   0.00173281714393192   -0.0111107115992243      1.99982941519413  4.55760950491299e-06 -6.31870850036136e-05  8.08116480226956e-05  -0.00116777763179895
-7.16775788216509e-05   0.00566226112999108  0.000154663045342862   0.00774529795708359   -0.0038125242406674  4.55760950491299e-06      1.99991556872286  1.73856813030297e-05 -0.000185326443501074  -0.00017198003727968
 -3.3234888138954e-07    0.0176242023695973    0.0290782005749529   -0.0156110426266587   0.00455979746473827 -6.31870850036136e-05  1.73856813030297e-05      1.99927105108143  -2.0777084388128e-12 -6.23405342452064e-13
-1.48778604995743e-12     0.025861497265658 -0.000803945951987813    0.0273862735918872  -0.00106898238624599  8.08116480226956e-05 -0.000185326443501074  -2.0777084388128e-12      1.99927105108493 -2.98112240293192e-12
  0.00535380753947466   -0.0497502794436037    0.0686367586577561     0.045497830700943   -0.0896585623927082  -0.00116777763179895  -0.00017198003727968 -6.23405342452064e-13 -2.98112240293192e-12      1.99120495058173
TOTAL ENERGY: -124.515050202469	 lambda: -4.9	 population of target: 3.92945895358247
1RDM: 
     1.99575110357567    0.0329338145545901   -0.0434783483255892   -0.0306101065156298    0.0453269314294926  0.000743170308198521 -9.92327706822945e-05 -3.37249508095629e-07 -7.00581519880172e-13   0.00541459827315123
   0.0329338145545901     0.362756181572592    -0.283911193310159    -0.331048760132544    -0.555396661512442  -0.00805571151218124   0.00591493383346446    0.0178840030283362    0.0262427250788269    -0.050388646327016
  -0.0434783483255892    -0.283911193310159     0.295909053841868     0.294999023783986     0.500427698495722    0.0118202749298715 -0.000192936802811802    0.0295068462172465 -0.000815797046926749    0.0695371022395391
  -0.0306101065156298    -0.331048760132544     0.294999023783986     0.387682147577972     0.575272459386056   0.00174722426657428     0.007513959134759   -0.0158411671496598    0.0277899783549462    0.0460770108677109
   0.0453269314294926    -0.555396661512442     0.500427698495722     0.575272459386056     0.968695116323229   -0.0111565592248234  -0.00336440013719587   0.00462701403226757  -0.00108474040054361   -0.0909502949153732
 0.000743170308198521  -0.00805571151218124    0.0118202749298715   0.00174722426657428   -0.0111565592248234      1.99982839427959  1.04161594545989e-05 -6.41185347738732e-05   8.2002902181923e-05   -0.0011876378571699
-9.92327706822945e-05   0.00591493383346446 -0.000192936802811802     0.007513959134759  -0.00336440013719587  1.04161594545989e-05      1.99991697749289  1.76419666164412e-05 -0.000188058363659283 -0.000129474257685231
-3.37249508095629e-07    0.0178840030283362    0.0295068462172465   -0.0158411671496598   0.00462701403226757 -6.41185347738732e-05  1.76419666164412e-05      1.99924940305685  7.84839709803249e-14  1.74643493911068e-12
-7.00581519880172e-13    0.0262427250788269 -0.000815797046926749    0.0277899783549462  -0.00108474040054361   8.2002902181923e-05 -0.000188058363659283  7.84839709803249e-14      1.99924940305789  1.06950527425095e-12
  0.00541459827315123    -0.050388646327016    0.0695371022395391    0.0460770108677109   -0.0909502949153732   -0.0011876378571699 -0.000129474257685231  1.74643493911068e-12  1.06950527425095e-12      1.99096221922146
TOTAL ENERGY: -124.51707077311	 lambda: -4.85	 population of target: 3.92987344228913
1RDM: 
     1.99576479503716    0.0328438752680185   -0.0433639893426567   -0.0305256106374124     0.045234682904054  0.000744071752566315  -0.00012724953335002 -3.42294190565807e-07 -5.34828908591023e-13   0.00547712456630095
   0.0328438752680185     0.363219615097166     -0.28444779054794     -0.33149305126537    -0.555277448866198   -0.0080727453893847    0.0061725758420903    0.0181515872562106    0.0266353742730686   -0.0510449558992911
  -0.0433639893426567     -0.28444779054794     0.296512873282771     0.295522252649587     0.500462027729564    0.0118460625594578 -0.000547575240909744    0.0299483338507841 -0.000828003157101262    0.0704626958402447
  -0.0305256106374124     -0.33149305126537     0.295522252649587     0.388112142473976     0.575116692126586   0.00176227861584305   0.00727811285305886   -0.0160781860290806    0.0282057778997961    0.0466724925571584
    0.045234682904054    -0.555277448866198     0.500462027729564     0.575116692126586      0.96748252443647   -0.0112037070757882  -0.00290602186314616   0.00469624441950482  -0.00110097054978524   -0.0922779025658092
 0.000744071752566315   -0.0080727453893847    0.0118460625594578   0.00176227861584305   -0.0112037070757882      1.99982733504585  1.64395060725791e-05 -6.50778889236722e-05  8.32298460693191e-05  -0.00120818938782317
 -0.00012724953335002    0.0061725758420903 -0.000547575240909744   0.00727811285305886  -0.00290602186314616  1.64395060725791e-05      1.99991795497899  1.79059279183082e-05 -0.000190872129540088 -8.48135984410151e-05
-3.42294190565807e-07    0.0181515872562106    0.0299483338507841   -0.0160781860290806   0.00469624441950482 -6.50778889236722e-05  1.79059279183082e-05      1.99922677494132 -8.54614192828923e-14  7.81507826196623e-13
-5.34828908591023e-13    0.0266353742730686 -0.000828003157101262    0.0282057778997961  -0.00110097054978524  8.32298460693191e-05 -0.000190872129540088 -8.54614192828923e-14        1.999226774941 -1.55310595717984e-12
  0.00547712456630095   -0.0510449558992911    0.0704626958402447    0.0466724925571584   -0.0922779025658092  -0.00120818938782317 -8.48135984410151e-05  7.81507826196623e-13 -1.55310595717984e-12       1.9907092097653
TOTAL ENERGY: -124.519144171199	 lambda: -4.8	 population of target: 3.93030317562718
1RDM: 
     1.99577841294803    0.0327542619970694   -0.0432499919107222   -0.0304414395820936    0.0451423708132311  0.000745050267485176  -0.00015574265465871 -3.47489810474585e-07   3.4320261747562e-12   0.00554146308380505
   0.0327542619970694     0.363683088021385    -0.284984038081384    -0.331936438115984    -0.555154490587202  -0.00809050809608129   0.00643534125878545    0.0184273068495742    0.0270399612033071   -0.0517199777458148
  -0.0432499919107222    -0.284984038081384     0.297117872408016     0.296044883009065     0.500490531555216     0.011872859781376  -0.00090946968943389    0.0304032441152122 -0.000840580446916112    0.0714146166915288
  -0.0304414395820936    -0.331936438115984     0.296044883009065     0.388541899553905     0.574957749298393   0.00177800201229919   0.00703761906390207   -0.0163224110258504    0.0286342190305081    0.0472849762255303
   0.0451423708132311    -0.555154490587202     0.500490531555216     0.574957749298393     0.966282472292941   -0.0112521971144081  -0.00243707955177528   0.00476757957233132  -0.00111769406776697   -0.0936428873125301
 0.000745050267485176  -0.00809050809608129     0.011872859781376   0.00177800201229919   -0.0112521971144081      1.99982623595945  2.26349143371707e-05  -6.6066412622614e-05  8.44940945757579e-05   -0.0012294662525254
 -0.00015574265465871   0.00643534125878545  -0.00090946968943389   0.00703761906390207  -0.00243707955177528  2.26349143371707e-05      1.99991847193245  1.81779178308718e-05 -0.000193771446530603 -3.78756130181989e-05
-3.47489810474585e-07    0.0184273068495742    0.0304032441152122   -0.0163224110258504   0.00476757957233132  -6.6066412622614e-05  1.81779178308718e-05      1.99920310689306  1.26597008741518e-12 -1.00678146095348e-12
  3.4320261747562e-12    0.0270399612033071 -0.000840580446916112    0.0286342190305081  -0.00111769406776697  8.44940945757579e-05 -0.000193771446530603  1.26597008741518e-12       1.9992031068928 -5.29255906222567e-13
  0.00554146308380505   -0.0517199777458148    0.0714146166915288    0.0472849762255303   -0.0936428873125301   -0.0012294662525254 -3.78756130181989e-05 -1.00678146095348e-12 -5.29255906222567e-13      1.99044533309799
TOTAL ENERGY: -124.521272981777	 lambda: -4.75	 population of target: 3.93074901427826
1RDM: 
     1.99579195432471    0.0326649939131753   -0.0431363801220382   -0.0303576108764907    0.0450500148913348  0.000746108561776861 -0.000184727594281621 -3.52847200158266e-07  5.30712927489067e-12    0.0056076949378034
   0.0326649939131753     0.364146590203285    -0.285519873437671    -0.332378845700522    -0.555027659273353  -0.00810902411139973   0.00670339030737865    0.0187115355740819    0.0274570343073822   -0.0524145252854184
  -0.0431363801220382    -0.285519873437671     0.297724072492586     0.296566842813895     0.500512963287243    0.0119007001220481   -0.0012788458843995    0.0308721935690134 -0.000853545784234147      0.07239400416917
  -0.0303576108764907    -0.332378845700522     0.296566842813895     0.388971404073793     0.574795536799965   0.00179441728435897   0.00679233120753094   -0.0165741731398582    0.0290758824483548    0.0479152022073671
   0.0450500148913348    -0.555027659273353     0.500512963287243     0.574795536799965      0.96509576009862   -0.0113020727108496  -0.00195725153577031   0.00484111626943669   -0.0011349337384225   -0.0950468357456224
 0.000746108561776861  -0.00810902411139973    0.0119007001220481   0.00179441728435897   -0.0113020727108496      1.99982509541704  2.90100433036978e-05 -6.70854414568874e-05  8.57973574198376e-05   -0.0012515046057676
-0.000184727594281621   0.00670339030737865   -0.0012788458843995   0.00679233120753094  -0.00195725153577031  2.90100433036978e-05      1.99991849721233  1.84582980336034e-05 -0.000196760237094012  1.14704562754617e-05
-3.52847200158266e-07    0.0187115355740819    0.0308721935690134   -0.0165741731398582   0.00484111626943669 -6.70854414568874e-05  1.84582980336034e-05      1.99917833441179  1.02278277401185e-13 -2.94116968857977e-12
 5.30712927489067e-12    0.0274570343073822 -0.000853545784234147    0.0290758824483548   -0.0011349337384225  8.57973574198376e-05 -0.000196760237094012  1.02278277401185e-13      1.99917833441116  6.19206540668165e-13
   0.0056076949378034   -0.0524145252854184      0.07239400416917    0.0479152022073671   -0.0950468357456224   -0.0012515046057676  1.14704562754617e-05 -2.94116968857977e-12  6.19206540668165e-13      1.99016995735469
TOTAL ENERGY: -124.523459955541	 lambda: -4.7	 population of target: 3.93121188131081
1RDM: 
      1.9958054160265    0.0325760911609394   -0.0430231791423415   -0.0302741431347714    0.0449576362730498  0.000747249457854255 -0.000214220412799917 -3.58381102211094e-07 -2.21903696589684e-12   0.00567590603359281
   0.0325760911609394     0.364610113358948    -0.286055231993378     -0.33282019700596    -0.554896816312925  -0.00812831887055353   0.00697688923982585    0.0190046701197569    0.0278871756859379   -0.0531294582261291
  -0.0430231791423415    -0.286055231993378     0.298331504946532     0.297088060520801     0.500529063430012    0.0119296185705297  -0.00165593808378926    0.0313558367077581 -0.000866917432338278     0.073402062112287
  -0.0302741431347714     -0.33282019700596     0.297088060520801     0.389400641836534     0.574629949902999   0.00181154771575451   0.00654209833624614   -0.0168338238365169    0.0295313846539061    0.0485639536069093
   0.0449576362730498    -0.554896816312925     0.500529063430012     0.574629949902999     0.963923234092455    -0.011353378652168  -0.00146620555222071   0.00491695710433503  -0.00115271361564122   -0.0964914234976354
 0.000747249457854255  -0.00812831887055353    0.0119296185705297   0.00181154771575451    -0.011353378652168      1.99982391173612  3.55729585497484e-05 -6.81364007140286e-05  8.71414581973859e-05   -0.0012743428711225
-0.000214220412799917   0.00697688923982585  -0.00165593808378926   0.00654209833624614  -0.00146620555222071  3.55729585497484e-05      1.99991799763936  1.87474667093927e-05 -0.000199842682150486  6.33641848975639e-05
-3.58381102211094e-07    0.0190046701197569    0.0313558367077581   -0.0168338238365169   0.00491695710433503 -6.81364007140286e-05  1.87474667093927e-05      1.99915238794468   7.6185995804242e-13  6.04717787055818e-13
-2.21903696589684e-12    0.0278871756859379 -0.000866917432338278    0.0295313846539061  -0.00115271361564122  8.71414581973859e-05 -0.000199842682150486   7.6185995804242e-13      1.99915238794252  9.73603645384295e-13
  0.00567590603359281   -0.0531294582261291     0.073402062112287    0.0485639536069093   -0.0964914234976354   -0.0012743428711225  6.33641848975639e-05  6.04717787055818e-13  9.73603645384295e-13      1.98988240447636
TOTAL ENERGY: -124.525708024406	 lambda: -4.65	 population of target: 3.93169276817881
1RDM: 
     1.99581879486812     0.032487573054875   -0.0429104154914292   -0.0301910562092614    0.0448652567210899   0.00074847591307672 -0.000244237939628079 -3.64079864929433e-07  5.02212952214337e-12   0.00574618749799594
    0.032487573054875     0.365073656700005     -0.28659004940772    -0.333260412377478    -0.554761818117593  -0.00814841882828313   0.00725601112063009    0.0193071321030428    0.0283310039086505   -0.0538656873521996
  -0.0429104154914292     -0.28659004940772     0.298940201837057     0.297608458610624     0.500538550725231    0.0119596514742266  -0.00204099007884234     0.031854869257902 -0.000880714510348891    0.0744400659734924
  -0.0301910562092614    -0.333260412377478     0.297608458610624     0.389829597554072     0.574460875247721   0.00182941806734464   0.00628676190577267   -0.0171017364576619    0.0300013807062372    0.0492320600245485
   0.0448652567210899    -0.554761818117593     0.500538550725231     0.574460875247721     0.962765797561111   -0.0114061615492869 -0.000963596037010951   0.00499521114453347  -0.00117105918594843   -0.0979784229985929
  0.00074847591307672  -0.00814841882828313    0.0119596514742266   0.00182941806734464   -0.0114061615492869      1.99982268314567   4.2332177164776e-05 -6.92208009115834e-05  8.85283257890699e-05  -0.00129802198459672
-0.000244237939628079   0.00725601112063009  -0.00204099007884234   0.00628676190577267 -0.000963596037010951   4.2332177164776e-05      1.99991693787218  1.90458348488966e-05 -0.000203023204068675  0.000117954905231945
-3.64079864929433e-07    0.0193071321030428     0.031854869257902   -0.0171017364576619   0.00499521114453347 -6.92208009115834e-05  1.90458348488966e-05      1.99912519239362 -3.10217734411156e-13   -3.060353679973e-12
 5.02212952214337e-12    0.0283310039086505 -0.000880714510348891    0.0300013807062372  -0.00117105918594843  8.85283257890699e-05 -0.000203023204068675 -3.10217734411156e-13      1.99912519239519 -1.79038586937449e-12
  0.00574618749799594   -0.0538656873521996    0.0744400659734924    0.0492320600245485   -0.0979784229985929  -0.00129802198459672  0.000117954905231945   -3.060353679973e-12 -1.79038586937449e-12      1.98958194567296
TOTAL ENERGY: -124.528020313952	 lambda: -4.6	 population of target: 3.93219274037168
1RDM: 
     1.99583208743308    0.0323994623915517   -0.0427981162113355   -0.0301083697960874    0.0447728991162768  0.000749791003845344 -0.000274797705716706 -3.69976413406979e-07 -2.53008857896593e-12   0.00581863601997408
   0.0323994623915517     0.365537212759513    -0.287124256367037    -0.333699407996296    -0.554622502696653  -0.00816935150264485    0.0075409358849461    0.0196193699158917    0.0287891771255353   -0.0546241777892105
  -0.0427981162113355    -0.287124256367037     0.299550206352889      0.29812796059208     0.500541126279238    0.0119908364864234  -0.00243425473028298    0.0323700308704616 -0.000894957572106928    0.0755093659400376
  -0.0301083697960874    -0.333699407996296      0.29812796059208     0.390258264251612     0.574288194097192   0.00184805363685278   0.00602615826431327   -0.0173783082939446     0.030486567485629    0.0499204000093084
   0.0447728991162768    -0.554622502696653     0.500541126279238     0.574288194097192     0.961624410793833   -0.0114604693392136 -0.000449066007997148   0.00507599445275925  -0.00118999777137343   -0.0995097091968432
 0.000749791003845344  -0.00816935150264485    0.0119908364864234   0.00184805363685278   -0.0114604693392136      1.99982140779149   4.9296675407495e-05 -7.03402490763978e-05  8.99600199516959e-05  -0.00132258550866977
-0.000274797705716706    0.0075409358849461  -0.00243425473028298   0.00602615826431327 -0.000449066007997148   4.9296675407495e-05      1.99991528023777  1.93538452657503e-05  -0.00020630652750051  0.000175402268307416
-3.69976413406979e-07    0.0196193699158917    0.0323700308704616   -0.0173783082939446   0.00507599445275925 -7.03402490763978e-05  1.93538452657503e-05      1.99909666659162 -2.49626933186189e-15  2.22894798749767e-12
-2.53008857896593e-12    0.0287891771255353 -0.000894957572106928     0.030486567485629  -0.00118999777137343  8.99600199516959e-05  -0.00020630652750051 -2.49626933186189e-15      1.99909666659168 -8.80546385315302e-13
  0.00581863601997408   -0.0546241777892105    0.0755093659400376    0.0499204000093084   -0.0995097091968432  -0.00132258550866977  0.000175402268307416  2.22894798749767e-12 -8.80546385315302e-13      1.98926779719657
TOTAL ENERGY: -124.530400159511	 lambda: -4.55	 population of target: 3.93271294416629
1RDM: 
     1.99584529022354    0.0323117801127702   -0.0426863110758838   -0.0300261049661709    0.0446805874079459  0.000751197950694498 -0.000305918050208406 -3.76037703996051e-07 -8.20209121433178e-12   0.00589335423187581
   0.0323117801127702     0.366000789578527    -0.287657785537307    -0.334137099391212    -0.554478703852408  -0.00819114531620126    0.0078318504174929    0.0199418602183965       0.0292623947776   -0.0554059516033665
  -0.0426863110758838    -0.287657785537307     0.300161563293985     0.298646484257537     0.500536465698813    0.0120232128049716  -0.00283599544507662    0.0329021082859023 -0.000909668322904374    0.0766113931463673
  -0.0300261049661709    -0.334137099391212     0.298646484257537     0.390686632596125     0.574111775075785   0.00186748101143774   0.00576011653658953   -0.0176639614994486    0.0309876857025612    0.0506299050499494
   0.0446805874079459    -0.554478703852408     0.500536465698813     0.574111775075785     0.960500095133114   -0.0115163516837998  7.77549937750738e-05   0.00515943034501821  -0.00120955816303281    -0.101087266663466
 0.000751197950694498  -0.00819114531620126    0.0120232128049716   0.00186748101143774   -0.0115163516837998      1.99982008372407  5.64759336383028e-05 -7.14964577092356e-05  9.14387234450944e-05  -0.00134807987702981
-0.000305918050208406    0.0078318504174929  -0.00283599544507662   0.00576011653658953  7.77549937750738e-05  5.64759336383028e-05      1.99991298457827  1.96719750444563e-05 -0.000209697660661515  0.000235877255456803
-3.76037703996051e-07    0.0199418602183965    0.0329021082859023   -0.0176639614994486   0.00515943034501821 -7.14964577092356e-05  1.96719750444563e-05      1.99906672275431  1.01092571485452e-13 -7.03328788083823e-12
-8.20209121433178e-12       0.0292623947776 -0.000909668322904374    0.0309876857025612  -0.00120955816303281  9.14387234450944e-05 -0.000209697660661515  1.01092571485452e-13       1.9990667227545  1.32190001661923e-12
  0.00589335423187581   -0.0554059516033665    0.0766113931463673    0.0506299050499494    -0.101087266663466  -0.00134807987702981  0.000235877255456803 -7.03328788083823e-12  1.32190001661923e-12      1.98893911536357
TOTAL ENERGY: -124.532851126661	 lambda: -4.5	 population of target: 3.9332546147278
1RDM: 
      1.9958583996181    0.0322245497925571   -0.0425750275627506   -0.0299442854207138    0.0445883466533241   0.00075270009838873 -0.000337618101182525 -3.82340037260851e-07  1.26377243088796e-11   0.00597045126411914
   0.0322245497925571     0.366464390497153    -0.288190570793086     -0.33457339271003    -0.554330236423748   -0.0082138300737503   0.00812894917895474    0.0202751116511698    0.0297514028864697    -0.056212094868766
  -0.0425750275627506    -0.288190570793086     0.300774336748777     0.299163948604756     0.500524230959582    0.0120568209295423  -0.00324648496874642    0.0334519401961344 -0.000924869902730805    0.0777476658432484
  -0.0299442854207138     -0.33457339271003     0.299163948604756     0.391114693263857     0.573931470466758   0.00188772777537592    0.0054884586987474   -0.0179591466074184     0.031505525437231    0.0513615647357437
   0.0445883466533241    -0.554330236423748     0.500524230959582     0.573931470466758      0.95939394091907   -0.0115738600946837  0.000617250538842051   0.00524565033724275   -0.0012297711468197     -0.10271319996954
  0.00075270009838873   -0.0082138300737503    0.0120568209295423   0.00188772777537592   -0.0115738600946837       1.9998187088947  6.38799525264452e-05 -7.26912436468998e-05  9.29667684688277e-05  -0.00137455464291197
-0.000337618101182525   0.00812894917895474  -0.00324648496874642    0.0054884586987474  0.000617250538842051  6.38799525264452e-05      1.99991000808123  2.00007130858255e-05 -0.000213201943332646  0.000299563012844055
-3.82340037260851e-07    0.0202751116511698    0.0334519401961344   -0.0179591466074184   0.00524565033724275 -7.26912436468998e-05  2.00007130858255e-05       1.9990352657274 -2.35851233653766e-13  3.95530682594591e-12
 1.26377243088796e-11    0.0297514028864697 -0.000924869902730805     0.031505525437231   -0.0012297711468197  9.29667684688277e-05 -0.000213201943332646 -2.35851233653766e-13      1.99903526573129 -4.31788945599986e-13
  0.00597045126411914    -0.056212094868766    0.0777476658432484    0.0513615647357437     -0.10271319996954  -0.00137455464291197  0.000299563012844055  3.95530682594591e-12 -4.31788945599986e-13      1.98859499051844
TOTAL ENERGY: -124.535377025886	 lambda: -4.45	 population of target: 3.93381908335959
1RDM: 
     1.99587141178496    0.0321377971096845   -0.0424642983838067   -0.0298629312380508    0.0444962030269039      0.00075430096613 -0.000369917850065605  -3.8884581017698e-07 -3.65401963244374e-13   0.00605004316144565
   0.0321377971096845     0.366928020271012    -0.288722534210931     -0.33500819865454    -0.554176897778362  -0.00823743660644367   0.00843243450697651    0.0206196660911706    0.0302569970421361    -0.057043759910848
  -0.0424642983838067    -0.288722534210931     0.301388587511309     0.299680271627568      0.50050404582657    0.0120917031492968  -0.00366600744233416    0.0340204211225195 -0.000940587091701858    0.0789197959205253
  -0.0298629312380508     -0.33500819865454     0.299680271627568     0.391542455074401     0.573747136655658   0.00190882239495096   0.00521100080285153    -0.018264343644519    0.0320409290815012    0.0521164281025697
   0.0444962030269039    -0.554176897778362      0.50050404582657     0.573747136655658     0.958307112966224   -0.0116330474409458    0.0011698175794941   0.00533479469817594  -0.00125066995428637    -0.104389738682666
     0.00075430096613  -0.00823743660644367    0.0120917031492968   0.00190882239495096   -0.0116330474409458      1.99981728115218  7.15192961544239e-05 -7.39265563287104e-05  9.45466422485804e-05  -0.00140206267181744
-0.000369917850065605   0.00843243450697651  -0.00366600744233416   0.00521100080285153    0.0011698175794941  7.15192961544239e-05      1.99990630508008  2.03406051713443e-05 -0.000216825091056192  0.000366655887029038
 -3.8884581017698e-07    0.0206196660911706    0.0340204211225195    -0.018264343644519   0.00533479469817594 -7.39265563287104e-05  2.03406051713443e-05      1.99900219230458 -1.76948958304316e-13  5.66988566260336e-12
-3.65401963244374e-13    0.0302569970421361 -0.000940587091701858    0.0320409290815012  -0.00125066995428637  9.45466422485804e-05 -0.000216825091056192 -1.76948958304316e-13      1.99900219230807 -5.07006216995006e-12
  0.00605004316144565    -0.057043759910848    0.0789197959205253    0.0521164281025697    -0.104389738682666  -0.00140206267181744  0.000366655887029038  5.66988566260336e-12 -5.07006216995006e-12       1.9882344415472
TOTAL ENERGY: -124.537981938584	 lambda: -4.4	 population of target: 3.93440778772675
1RDM: 
     1.99588432278736    0.0320515448787015   -0.0423541558111136   -0.0297820677986705    0.0444041830743437  0.000756004202045623 -0.000402838171453779 -3.95556315866134e-07  2.24373639242867e-12   0.00613225343785005
   0.0320515448787015     0.367391704048037    -0.289253609456393    -0.335441422055689    -0.554018478699595  -0.00826199685750874   0.00874251627972455    0.0209761022059634    0.0307800262292211   -0.0579021713301596
  -0.0423541558111136    -0.289253609456393      0.30200439464907     0.300195363424786     0.500475511546392     0.012127903092752  -0.00409485754274784    0.0346085057415331  -0.00095684629316325    0.0801294959687387
  -0.0297820677986705    -0.335441422055689     0.300195363424786     0.391969915848859     0.573558598594075   0.00193079479379959   0.00492755025748897   -0.0185800650973361      0.03259479571492    0.0528956115504159
   0.0444041830743437    -0.554018478699595     0.500475511546392     0.573558598594075     0.957240848309097   -0.0116939685947588   0.00173586737915957   0.00542701313315213  -0.00127228929039208    -0.106119250172986
 0.000756004202045623  -0.00826199685750874     0.012127903092752   0.00193079479379959   -0.0116939685947588      1.99981579823629  7.94051176074691e-05 -7.52044672938281e-05  9.61809965838516e-05  -0.00143066046312346
-0.000402838171453779   0.00874251627972455  -0.00409485754274784   0.00492755025748897   0.00173586737915957  7.94051176074691e-05      1.99990182687268   2.0692216410108e-05 -0.000220573176899934   0.00043736656394945
-3.95556315866134e-07    0.0209761022059634    0.0346085057415331   -0.0185800650973361   0.00542701313315213 -7.52044672938281e-05   2.0692216410108e-05      1.99896739038528 -7.31102142622568e-13 -1.45842686848233e-12
 2.24373639242867e-12    0.0307800262292211  -0.00095684629316325      0.03259479571492  -0.00127228929039208  9.61809965838516e-05 -0.000220573176899934 -7.31102142622568e-13      1.99896739038941  -5.9757765776422e-13
  0.00613225343785005   -0.0579021713301596    0.0801294959687387    0.0528956115504159    -0.106119250172986  -0.00143066046312346   0.00043736656394945 -1.45842686848233e-12  -5.9757765776422e-13      1.98785640847389
TOTAL ENERGY: -124.540670237215	 lambda: -4.35	 population of target: 3.93502228132384
1RDM: 
     1.99589712852421    0.0319658207836401   -0.0422446325360913   -0.0297017191952105    0.0443123151604854  0.000757813629589563 -0.000436400910744723 -4.02513787914029e-07 -7.46715856465505e-12   0.00621721368230685
   0.0319658207836401     0.367855458035127    -0.289783723123225    -0.335872961513132     -0.55385474189799  -0.00828754408887145   0.00905941310643715    0.0213450380284948    0.0313213973381983   -0.0587886318469448
  -0.0422446325360913    -0.289783723123225     0.302621851833897     0.300709139719552     0.500438200291911    0.0121654661490946  -0.00453334168694635    0.0352172135735131 -0.000973675703310557     0.081378586387446
  -0.0297017191952105    -0.335872961513132     0.300709139719552      0.39239708730801     0.573365677338974   0.00195367578624057   0.00463790755508561   -0.0189068585222743    0.0331680856576175    0.0537003023642411
   0.0443123151604854     -0.55385474189799     0.500438200291911     0.573365677338974     0.956196473732186   -0.0117566799390816   0.00231582507994731   0.00552246556890772  -0.00129466683437249    -0.107904248290877
 0.000757813629589563  -0.00828754408887145    0.0121654661490946   0.00195367578624057   -0.0117566799390816      1.99981425777152  8.75492036575223e-05 -7.65271930070673e-05  9.78726666191444e-05  -0.00146040841075909
-0.000436400910744723   0.00905941310643715  -0.00453334168694635   0.00463790755508561   0.00231582507994731  8.75492036575223e-05      1.99989652147986  2.10561611540853e-05 -0.000224452707288483  0.000511921257299979
-4.02513787914029e-07    0.0213450380284948    0.0352172135735131   -0.0189068585222743   0.00552246556890772 -7.65271930070673e-05  2.10561611540853e-05      1.99893073807781 -6.25113439037062e-14  1.48195526896026e-12
-7.46715856465505e-12    0.0313213973381983 -0.000973675703310557    0.0331680856576175  -0.00129466683437249  9.78726666191444e-05 -0.000224452707288483 -6.25113439037062e-14      1.99893073807958  2.68041932317812e-12
  0.00621721368230685   -0.0587886318469448     0.081378586387446    0.0537003023642411    -0.107904248290877  -0.00146040841075909  0.000511921257299979  1.48195526896026e-12  2.68041932317812e-12      1.98745974515779
TOTAL ENERGY: -124.543446612657	 lambda: -4.3	 population of target: 3.93566424515866
1RDM: 
     1.99590982464194    0.0318806516100611   -0.0421357640599829   -0.0296219120960777    0.0442206288704133  0.000759733252010567 -0.000470628866033774 -4.09717852317318e-07 -9.42812955527852e-12   0.00630506432360491
   0.0318806516100611     0.368319314288966    -0.290312802579422    -0.336302714137879    -0.553685436461825  -0.00831411284533826    0.0093833517382044    0.0217271347442986     0.031882080556901   -0.0597045282398398
  -0.0421357640599829    -0.290312802579422     0.303241062125397     0.301221508451906     0.500391648319575    0.0122044393895747  -0.00498177754229727    0.0358476356459638 -0.000991105442920229    0.0826690055216004
  -0.0296219120960777    -0.336302714137879     0.301221508451906     0.392823981216429     0.573168171126356   0.00197749770607572   0.00434186453483525   -0.0192453094978389    0.0337618263648172     0.054531764719815
   0.0442206288704133    -0.553685436461825     0.500391648319575     0.573168171126356     0.955175411175474   -0.0118212398408216   0.00291013065884402   0.00562132298064063  -0.00131784260958863    -0.109747404885344
 0.000759733252010567  -0.00831411284533826    0.0122044393895747   0.00197749770607572   -0.0118212398408216      1.99981265725763  9.59640029958679e-05 -7.78971035835566e-05  9.96246816329698e-05   -0.0014913711730088
-0.000470628866033774    0.0093833517382044  -0.00498177754229727   0.00434186453483525   0.00291013065884402  9.59640029958679e-05      1.99989033344924  2.14330854294418e-05 -0.000228470624608362  0.000590563057083153
-4.09717852317318e-07    0.0217271347442986    0.0358476356459638   -0.0192453094978389   0.00562132298064063 -7.78971035835566e-05  2.14330854294418e-05      1.99889210260983  1.98457651534384e-13 -4.37810702613267e-12
-9.42812955527852e-12     0.031882080556901 -0.000991105442920229    0.0337618263648172  -0.00131784260958863  9.96246816329698e-05 -0.000228470624608362  1.98457651534384e-13      1.99889210260981  2.78295012537367e-12
  0.00630506432360491   -0.0597045282398398    0.0826690055216004     0.054531764719815    -0.109747404885344   -0.0014913711730088  0.000590563057083153 -4.37810702613267e-12  2.78295012537367e-12      1.98704321062528
TOTAL ENERGY: -124.546316103394	 lambda: -4.25	 population of target: 3.93633550054462
1RDM: 
     1.99592240667421    0.0317960656768361   -0.0420275870692956    -0.029542673285597     0.044129155011432  0.000761767243171343 -0.000505545885402398 -4.17179948380232e-07 -2.64951634850602e-12   0.00639595518948903
   0.0317960656768361     0.368783310358214    -0.290840775277925    -0.336730574110704    -0.553510287817154  -0.00834173891472606   0.00971456820699219    0.0221231006438826    0.0324631151247403   -0.0606513382790708
  -0.0420275870692956    -0.290840775277925     0.303862145363287      0.30173237907938     0.500335353201362    0.0122448716239649   -0.0054404956125951    0.0365009405003097  -0.00100916783442394    0.0840028172275731
   -0.029542673285597    -0.336730574110704      0.30173237907938     0.393250619601145     0.572965864159687   0.00200229389537498   0.00403920547908718   -0.0195960453965662    0.0343771183678872    0.0553913454512645
    0.044129155011432    -0.553510287817154     0.500335353201362     0.572965864159687     0.954179182303427   -0.0118877082238577   0.00351923908542992   0.00572376871021234  -0.00134185959964077    -0.111651562350686
 0.000761767243171343  -0.00834173891472606    0.0122448716239649   0.00200229389537498   -0.0118877082238577      1.99981099406885  0.000104662679084322 -7.93167397984851e-05  0.000101440289625165  -0.00152361798075369
-0.000505545885402398   0.00971456820699219   -0.0054404956125951   0.00403920547908718   0.00351923908542992  0.000104662679084322      1.99988320358183  2.18236950128896e-05  -0.00023263438394114  0.000673553429216093
-4.17179948380232e-07    0.0221231006438826    0.0365009405003097   -0.0195960453965662   0.00572376871021234 -7.93167397984851e-05  2.18236950128896e-05      1.99885133914911  3.47711959079506e-13 -6.57105198053946e-12
-2.64951634850602e-12    0.0324631151247403  -0.00100916783442394    0.0343771183678872  -0.00134185959964077  0.000101440289625165  -0.00023263438394114  3.47711959079506e-13      1.99885133915089  3.05398228733746e-12
  0.00639595518948903   -0.0606513382790708    0.0840028172275731    0.0553913454512645    -0.111651562350686  -0.00152361798075369  0.000673553429216093 -6.57105198053946e-12  3.05398228733746e-12      1.98660545974908
TOTAL ENERGY: -124.549284127017	 lambda: -4.2	 population of target: 3.93703802320421
1RDM: 
     1.99593486998514    0.0317120927870476   -0.0419201390173081   -0.0294640300790261    0.0440379246053368  0.000763919958120066 -0.000541176876716189 -4.24919694091183e-07 -7.49930391223674e-13   0.00649004632216633
   0.0317120927870476     0.369247492529786    -0.291367569217758    -0.337156431917619    -0.553328994920514  -0.00837045959154906    0.0100533075192376    0.0225336945902533    0.0330656147708243    -0.061630637731545
  -0.0419201390173081    -0.291367569217758     0.304485242088506     0.302241660127665     0.500268773415028    0.0122868133545709  -0.00590983805306194    0.0371783801355396  -0.00102789746378218    0.0853822224066337
  -0.0294640300790261    -0.337156431917619     0.302241660127665     0.393677034617104      0.57275851927773   0.00202809902449341   0.00372970570036303   -0.0199597384096486    0.0350151409838879    0.0562804811678495
   0.0440379246053368    -0.553328994920514     0.500268773415028      0.57275851927773     0.953209415004036   -0.0119561468977856   0.00414362013634045   0.00582999904263177  -0.00136676385449379    -0.113619746991417
 0.000763919958120066  -0.00837045959154906    0.0122868133545709   0.00202809902449341   -0.0119561468977856      1.99980926544231  0.000113659138651412 -8.07888209542316e-05  0.000103322973161392   -0.0015572230666489
-0.000541176876716189    0.0100533075192376  -0.00590983805306194   0.00372970570036303   0.00414362013634045  0.000113659138651412      1.99987506869153  2.22287296941462e-05 -0.000236951963313464  0.000761173766924511
-4.24919694091183e-07    0.0225336945902533    0.0371783801355396   -0.0199597384096486   0.00582999904263177 -8.07888209542316e-05  2.22287296941462e-05      1.99880828954321 -3.35984603589225e-13 -1.24123316962354e-11
-7.49930391223674e-13    0.0330656147708243  -0.00102789746378218    0.0350151409838879  -0.00136676385449379  0.000103322973161392 -0.000236951963313464 -3.35984603589225e-13      1.99880828953871  3.58122102238837e-12
  0.00649004632216633    -0.061630637731545    0.0853822224066337    0.0562804811678495    -0.113619746991417   -0.0015572230666489  0.000761173766924511 -1.24123316962354e-11  3.58122102238837e-12      1.98614503255966
TOTAL ENERGY: -124.552356514439	 lambda: -4.15	 population of target: 3.93777395885787
1RDM: 
     1.99594720961751    0.0316287642514316   -0.0418134598166407   -0.0293860126527116    0.0439469718295111  0.000766195962212409 -0.000577547892921961 -4.32957192292386e-07  4.86386034529926e-12   0.00658750902375967
   0.0316287642514316     0.369711917817656    -0.291893111459602    -0.337580173240804    -0.553141231121788  -0.00840031334448879    0.0103998242078629    0.0229597311793116    0.0336907745686363   -0.0626441084505102
  -0.0418134598166407    -0.291893111459602     0.305110511427598     0.302749258088246      0.50019132284539    0.0123303167299554  -0.00639016055810462    0.0378812985975312  -0.00104733155688231    0.0868095687473841
  -0.0293860126527116    -0.337580173240804     0.302749258088246      0.39410326177003      0.57254587633678   0.00205494917149303   0.00341313247198756   -0.0203371101262428    0.0356771598245056     0.057200706118697
