TOTAL ENERGY: -124.234937010434	 lambda: -5	 population of target: 3.99338721658652
1RDM: 
     1.99794611733078   0.00812973465994348    0.0294173947933049  -0.00812973465994109    0.0133875526104125   0.00010989265207807 -0.000122275975291006  9.89338512745192e-12 -2.50349057890481e-17  0.000960811055926812
  0.00812973465994348     0.497188215902473     0.383824501714061    -0.457899251165376    -0.532786471516885 -0.000408145370079613   0.00123961116953321  -0.00497148469291583   0.00703074098744993  -0.00355222304054827
   0.0294173947933049     0.383824501714061     0.355495292996868    -0.383824501714056    -0.452183057052646  -0.00418155165046718   0.00128495740422043   0.00499812932168506 -1.74618436114875e-16   -0.0380346201122801
 -0.00812973465994109    -0.457899251165376    -0.383824501714056     0.497188215902463     0.532786471516888  0.000408145370079641  -0.00123961116953302   0.00497148469291529   0.00703074098744962   0.00355222304054839
   0.0133875526104125    -0.532786471516885    -0.452183057052646     0.532786471516888     0.653568970087516  -0.00340601707507688   0.00185910655267986  -0.00494469035588206 -7.85427182209311e-17   -0.0313026230194231
  0.00010989265207807 -0.000408145370079613  -0.00418155165046718  0.000408145370079641  -0.00340601707507688      1.99998476807975  7.66614831304869e-06 -1.91784820069212e-14 -2.14661324108558e-19 -0.000138521450174014
-0.000122275975291006   0.00123961116953321   0.00128495740422043  -0.00123961116953302   0.00185910655267986  7.66614831304869e-06       1.9999909947002  7.69915034033612e-06   -1.649702337101e-18  6.80610261367446e-05
 9.89338512745192e-12  -0.00497148469291583   0.00499812932168506   0.00497148469291529  -0.00494469035588206 -1.91784820069212e-14  7.69915034033612e-06       1.9999493738956  2.95964726863106e-18  6.60816858058018e-13
-2.50349057890481e-17   0.00703074098744993 -1.74618436114875e-16   0.00703074098744962 -7.85427182209311e-17 -2.14661324108558e-19   -1.649702337101e-18  2.95964726863106e-18      1.99994937389639 -2.05227570914226e-18
 0.000960811055926812  -0.00355222304054827   -0.0380346201122801   0.00355222304054839   -0.0313026230194231 -0.000138521450174014  6.80610261367446e-05  6.60816858058018e-13 -2.05227570914226e-18      1.99873867720798
TOTAL ENERGY: -124.235185478625	 lambda: -4.95	 population of target: 3.99343716181063
1RDM: 
     1.99794675698489   0.00812737608267062    0.0293991177910309  -0.00812737608266345    0.0133738124530154  0.000110435636933052   -0.0001271744266026  9.12477926402169e-13 -3.06016063184034e-17   0.00097503825222475
  0.00812737608267062     0.497194319082576     0.383894878979768     -0.45790880467023    -0.532734515170387  -0.00041015379822213   0.00125776092971119  -0.00505185903091892   0.00714440755756891  -0.00360464164272257
   0.0293991177910309     0.383894878979768      0.35563287183056    -0.383894878979785     -0.45218172186272  -0.00420442331451996   0.00147609100981484   0.00507893443886635  9.19881486487314e-16    -0.038629315029528
 -0.00812737608266345     -0.45790880467023    -0.383894878979785      0.49719431908262     0.532734515170412  0.000410153798222111  -0.00125776092971072   0.00505185903092014   0.00714440755756787   0.00360464164272232
   0.0133738124530154    -0.532734515170387     -0.45218172186272     0.532734515170412      0.65346263615344  -0.00342509605607503   0.00201581362682885  -0.00502463162720005  1.65805015947047e-15   -0.0317983280893012
 0.000110435636933052  -0.00041015379822213  -0.00420442331451996  0.000410153798222111  -0.00342509605607503      1.99998459909911  8.40902475481232e-06  1.21804961811895e-13  4.79213523089903e-18 -0.000141473323572501
  -0.0001271744266026   0.00125776092971119   0.00147609100981484  -0.00125776092971072   0.00201581362682885  8.40902475481232e-06      1.99999027026786  7.82362224061972e-06 -3.51531628826879e-18  7.55491369895409e-05
 9.12477926402169e-13  -0.00505185903091892   0.00507893443886635   0.00505185903092014  -0.00502463162720005  1.21804961811895e-13  7.82362224061972e-06      1.99994772525691  4.79945907834905e-19 -2.76918092431012e-13
-3.06016063184034e-17   0.00714440755756891  9.19881486487314e-16   0.00714440755756787  1.65805015947047e-15  4.79213523089903e-18 -3.51531628826879e-18  4.79945907834905e-19      1.99994772525687  4.55481835715966e-17
  0.00097503825222475  -0.00360464164272257    -0.038629315029528   0.00360464164272232   -0.0317983280893012 -0.000141473323572501  7.55491369895409e-05 -2.76918092431012e-13  4.55481835715966e-17      1.99869877698521
TOTAL ENERGY: -124.235442784833	 lambda: -4.9	 population of target: 3.99348940873384
1RDM: 
     1.99794738913533   0.00812504088425969     0.029381035601354  -0.00812504088425657     0.013360222199448  0.000110994578046651 -0.000132183314731503 -6.19946661619742e-13 -3.43607385383179e-17  0.000989715880352821
  0.00812504088425969     0.497200449813619     0.383964652769266    -0.457918255677131    -0.532682961748963 -0.000412220702178327   0.00127631866871897  -0.00513487412237566    0.0072618086296843  -0.00365871022800182
    0.029381035601354     0.383964652769266      0.35577049271058     -0.38396465276928    -0.452179256069403  -0.00422791625082469   0.00167173522636924   0.00516239443719506 -9.46317384771121e-17   -0.0392430155594358
 -0.00812504088425657    -0.457918255677131     -0.38396465276928     0.497200449813643     0.532682961748977  0.000412220702178282  -0.00127631866871864   0.00513487412237641    0.0072618086296844   0.00365871022800124
    0.013360222199448    -0.532682961748963    -0.452179256069403     0.532682961748977     0.653358391548251  -0.00344468554361305   0.00217625978932149   -0.0051071993271959 -7.95876339465318e-16   -0.0323099254680071
 0.000110994578046651 -0.000412220702178327  -0.00422791625082469  0.000412220702178282  -0.00344468554361305      1.99998442459012  9.17762961762087e-06 -9.05439524689132e-14 -9.82294170484999e-19 -0.000144540779320512
-0.000132183314731503   0.00127631866871897   0.00167173522636924  -0.00127631866871864   0.00217625978932149  9.17762961762087e-06      1.99998946281019   7.9521851943464e-06 -2.14767995510895e-18  8.34304288019884e-05
-6.19946661619742e-13  -0.00513487412237566   0.00516239443719506   0.00513487412237641   -0.0051071993271959 -9.05439524689132e-14   7.9521851943464e-06      1.99994599474408 -4.77627651450164e-18  -3.9544258398345e-13
-3.43607385383179e-17    0.0072618086296843 -9.46317384771121e-17    0.0072618086296844 -7.95876339465318e-16 -9.82294170484999e-19 -2.14767995510895e-18 -4.77627651450164e-18      1.99994599474402 -9.39942088206228e-18
 0.000989715880352821  -0.00365871022800182   -0.0392430155594358   0.00365871022800124   -0.0323099254680071 -0.000144540779320512  8.34304288019884e-05  -3.9544258398345e-13 -9.39942088206228e-18      1.99865695009018
TOTAL ENERGY: -124.235709418289	 lambda: -4.85	 population of target: 3.99354410493567
1RDM: 
     1.99794801349827   0.00812273007261759    0.0293631563758202   -0.0081227300726196    0.0133467886948385    0.0001115700633447 -0.000137306639170015 -1.57633781854992e-12  4.59057976093941e-17   0.00100486575978011
  0.00812273007261759      0.49720661155865     0.384033797028581    -0.457927598215098    -0.532631828780452 -0.000414348138922571   0.00129529885658415   -0.0052206621565719   0.00738313122732546  -0.00371450845936046
   0.0293631563758202     0.384033797028581     0.355908178713985    -0.384033797028578    -0.452175592729274  -0.00425205261357304   0.00187204835926166   0.00524864227684329 -2.60421041962987e-15   -0.0398766478754552
  -0.0081227300726196    -0.457927598215098    -0.384033797028578     0.497206611558651     0.532631828780444  0.000414348138922665  -0.00129529885658454     0.005220662156574   0.00738313122732477   0.00371450845936064
   0.0133467886948385    -0.532631828780452    -0.452175592729274     0.532631828780444     0.653256349383621  -0.00346480345138808   0.00234057502376911  -0.00519252499081815 -1.33871132681731e-15     -0.03283819169991
   0.0001115700633447 -0.000414348138922571  -0.00425205261357304  0.000414348138922665  -0.00346480345138808      1.99998424431076  9.97320314393321e-06   3.5455395679759e-13 -7.97131992733385e-18 -0.000147730218768631
-0.000137306639170015   0.00129529885658415   0.00187204835926166  -0.00129529885658454   0.00234057502376911  9.97320314393321e-06      1.99998856695654  8.08504115129751e-06  3.73519247561396e-18  9.17295320942129e-05
-1.57633781854992e-12   -0.0052206621565719   0.00524864227684329     0.005220662156574  -0.00519252499081815   3.5455395679759e-13  8.08504115129751e-06      1.99994417684568 -3.74996457718566e-18 -9.72185925292103e-15
 4.59057976093941e-17   0.00738313122732546 -2.60421041962987e-15   0.00738313122732477 -1.33871132681731e-15 -7.97131992733385e-18  3.73519247561396e-18 -3.74996457718566e-18      1.99994417684568 -7.18245903956118e-17
  0.00100486575978011  -0.00371450845936046   -0.0398766478754552   0.00371450845936064     -0.03283819169991 -0.000147730218768631  9.17295320942129e-05 -9.72185925292103e-15 -7.18245903956118e-17      1.99861307032819
TOTAL ENERGY: -124.235985904042	 lambda: -4.8	 population of target: 3.99360141000792
1RDM: 
     1.99794862977823   0.00812044429080446    0.0293454896484108  -0.00812044429080571    0.0133335194742876   0.00011216270706789 -0.000142548526189427   -4.998477353595e-13 -4.95853087322667e-18   0.00102051113425593
  0.00812044429080446     0.497212808599982     0.384102282597933    -0.457936831037148     -0.53258113649223 -0.000416538452844569   0.00131471682767742  -0.00530936416713462   0.00750857481503047  -0.00377212076737651
   0.0293454896484108     0.384102282597933     0.356045952876329    -0.384102282597933    -0.452170657073285  -0.00427685559411786   0.00207719447378697   0.00533781968043637  -1.0362675192092e-16   -0.0405311993385767
 -0.00812044429080571    -0.457936831037148    -0.384102282597933     0.497212808599977     0.532581136492225  0.000416538452844642  -0.00131471682767751   0.00530936416713516   0.00750857481503029   0.00377212076737506
   0.0133335194742876     -0.53258113649223    -0.452170657073285     0.532581136492225     0.653156632980921  -0.00348546896979509   0.00250889507683304  -0.00528074893420756 -6.76487627884975e-17    -0.033383954103189
  0.00011216270706789 -0.000416538452844569  -0.00427685559411786  0.000416538452844642  -0.00348546896979509      1.99998405800382  1.07970560996543e-05 -2.54559290625944e-14 -4.38524628634985e-19 -0.000151048508698408
-0.000142548526189427   0.00131471682767742   0.00207719447378697  -0.00131471682767751   0.00250889507683304  1.07970560996543e-05      1.99998757697327   8.2224108416106e-06  -2.9440360957255e-19  0.000100472919613568
  -4.998477353595e-13  -0.00530936416713462   0.00533781968043637   0.00530936416713516  -0.00528074893420756 -2.54559290625944e-14   8.2224108416106e-06      1.99994226558196 -1.33587600975783e-18  7.51291480039043e-13
-4.95853087322667e-18   0.00750857481503047  -1.0362675192092e-16   0.00750857481503029 -6.76487627884975e-17 -4.38524628634985e-19  -2.9440360957255e-19 -1.33587600975783e-18        1.999942265582  3.89364277350822e-18
  0.00102051113425593  -0.00377212076737651   -0.0405311993385767   0.00377212076737506    -0.033383954103189 -0.000151048508698408  0.000100472919613568  7.51291480039043e-13  3.89364277350822e-18      1.99856700102353
TOTAL ENERGY: -124.236272806629	 lambda: -4.75	 population of target: 3.99366149682609
1RDM: 
     1.99794923765459   0.00811818449220122    0.0293280449259208  -0.00811818449220639    0.0133204220246898  0.000112773154184049 -0.000147913341245649  1.20620589119094e-12 -2.71338534323443e-17   0.00103667677399646
  0.00811818449220122     0.497219045788474     0.384170079717132    -0.457945945796266    -0.532530905560737 -0.000418793904962384   0.00133458851811723  -0.00540113066392107   0.00763835224757868   -0.0038316377029131
   0.0293280449259208     0.384170079717132       0.3561838429554    -0.384170079717121    -0.452164368131195  -0.00430234948698206    0.0022873458683266   0.00543007797659109 -8.20788213718777e-16   -0.0412077227246531
 -0.00811818449220639    -0.457945945796266    -0.384170079717121      0.49721904578845     0.532530905560712  0.000418793904962447  -0.00133458851811698    0.0054011306639212     0.007638352247577   0.00383163770291641
   0.0133204220246898    -0.532530905560737    -0.452164368131195     0.532530905560712     0.653059372826831  -0.00350670175830488   0.00268136164439957  -0.00537202084672988  2.99246205292663e-16   -0.0339480960148422
 0.000112773154184049 -0.000418793904962384  -0.00430234948698206  0.000418793904962447  -0.00350670175830488      1.99998386539885  1.16505795771096e-05 -2.17684741209393e-13 -4.24068710390083e-19  -0.00015450300865884
-0.000147913341245649   0.00133458851811723    0.0022873458683266  -0.00133458851811698   0.00268136164439957  1.16505795771096e-05      1.99998648672509  8.36452604466543e-06 -4.69780995479971e-18  0.000109689125969558
 1.20620589119094e-12  -0.00540113066392107   0.00543007797659109    0.0054011306639212  -0.00537202084672988 -2.17684741209393e-13  8.36452604466543e-06       1.9999402544582  6.82923705164291e-18  -6.3107870078654e-13
-2.71338534323443e-17   0.00763835224757868 -8.20788213718777e-16     0.007638352247577  2.99246205292663e-16 -4.24068710390083e-19 -4.69780995479971e-18  6.82923705164291e-18      1.99994025445797 -1.65719905431306e-17
  0.00103667677399646   -0.0038316377029131   -0.0412077227246531   0.00383163770291641   -0.0339480960148422  -0.00015450300865884  0.000109689125969558  -6.3107870078654e-13 -1.65719905431306e-17      1.99851859394612
TOTAL ENERGY: -124.236570733964	 lambda: -4.7	 population of target: 3.99372455293563
1RDM: 
     1.99794983683554   0.00811595141044375    0.0293108329469153  -0.00811595141044543    0.0133075055494406  0.000113402086557655 -0.000153405648757233 -2.57801799927269e-12  7.37494646515374e-17   0.00105338918578434
  0.00811595141044375     0.497225327025691     0.384237155997486    -0.457954940694975     -0.53248115958257 -0.000421116990831083   0.00135493078575296  -0.00549612318634782   0.00777269200511001  -0.00389315541146267
   0.0293108329469153     0.384237155997486     0.356321879307658    -0.384237155997489    -0.452156641246803  -0.00432855978224705    0.0025026823372389   0.00552557968093429  -2.9625189088456e-17   -0.0419073436695069
 -0.00811595141044543    -0.457954940694975    -0.384237155997489     0.497225327025689     0.532481159582553  0.000421116990831051  -0.00135493078575289   0.00549612318634649    0.0077726920051132   0.00389315541146331
   0.0133075055494406     -0.53248115958257    -0.452156641246803     0.532481159582553     0.652964713081251  -0.00352852266286939   0.00285812298344936  -0.00546650138109941 -2.14762985608797e-15   -0.0345315606923798
 0.000113402086557655 -0.000421116990831083  -0.00432855978224705  0.000421116990831051  -0.00352852266286939      1.99998366620862   1.2535249000528e-05 -2.11423826465126e-13 -5.21594070721504e-18 -0.000158101630062197
-0.000153405648757233   0.00135493078575296    0.0025026823372389  -0.00135493078575289   0.00285812298344936   1.2535249000528e-05      1.99998528964916  8.51163802280568e-06  7.72456979864722e-18  0.000119408916080161
-2.57801799927269e-12  -0.00549612318634782   0.00552557968093429   0.00549612318634649  -0.00546650138109941 -2.11423826465126e-13  8.51163802280568e-06      1.99993813639413 -9.10632465729726e-18   1.4920510287403e-12
 7.37494646515374e-17   0.00777269200511001  -2.9625189088456e-17    0.0077726920051132 -2.14762985608797e-15 -5.21594070721504e-18  7.72456979864722e-18 -9.10632465729726e-18      1.99993813639374 -5.38798573075507e-17
  0.00105338918578434  -0.00389315541146267   -0.0419073436695069   0.00389315541146331   -0.0345315606923798 -0.000158101630062197  0.000119408916080161   1.4920510287403e-12 -5.38798573075507e-17      1.99846768807852
TOTAL ENERGY: -124.236880341387	 lambda: -4.65	 population of target: 3.99379078204604
1RDM: 
     1.99795042700008   0.00811374616854333     0.029293863685283   -0.0081137461685433    0.0132947786782658  0.000114050198673806 -0.000159030185731981  9.32327333757576e-13  9.30719802443025e-18   0.00107067665772354
  0.00811374616854333     0.497231657309321     0.384303479215563    -0.457963809551637    -0.532431921570389 -0.000423510170558653    0.0013757609757395  -0.00559451482187446   0.00791183870407489  -0.00395677690628454
    0.029293863685283     0.384303479215563     0.356460098459615    -0.384303479215565    -0.452147383766942  -0.00435551280289427   0.00272339122414343   0.00562449857551449  1.21989536832799e-15   -0.0426312656174863
  -0.0081137461685433    -0.457963809551637    -0.384303479215565     0.497231657309326      0.53243192157039  0.000423510170558905    -0.001375760975741   0.00559451482187565   0.00791183870407688    0.0039567769062858
   0.0132947786782658    -0.532431921570389    -0.452147383766942      0.53243192157039     0.652872805426608  -0.00355095309401752   0.00303933346239769  -0.00556436274258676  -6.4547214009272e-16   -0.0351353575056865
 0.000114050198673806 -0.000423510170558653  -0.00435551280289427  0.000423510170558905  -0.00355095309401752      1.99998346013275  1.34526249602886e-05  2.06963982794498e-14  -1.8261034042529e-19 -0.000161852862403776
-0.000159030185731981    0.0013757609757395   0.00272339122414343    -0.001375760975741   0.00303933346239769  1.34526249602886e-05       1.9999839787305  8.66401510362847e-06  7.93022085760074e-18  0.000129665467298884
 9.32327333757576e-13  -0.00559451482187446   0.00562449857551449   0.00559451482187565  -0.00556436274258676  2.06963982794498e-14  8.66401510362847e-06      1.99993590367239 -1.56810489878056e-17  2.97893120503368e-13
 9.30719802443025e-18   0.00791183870407489  1.21989536832799e-15   0.00791183870407688  -6.4547214009272e-16  -1.8261034042529e-19  7.93022085760074e-18 -1.56810489878056e-17      1.99993590367286  3.22623587028135e-18
  0.00107067665772354  -0.00395677690628454   -0.0426312656174863    0.0039567769062858   -0.0351353575056865 -0.000161852862403776  0.000129665467298884  2.97893120503368e-13  3.22623587028135e-18      1.99841410828652
TOTAL ENERGY: -124.237202336337	 lambda: -4.6	 population of target: 3.993860405739
1RDM: 
     1.99795100777017   0.00811156970240597    0.0292771491836543  -0.00811156970240611    0.0132822509414394  0.000114718259671024 -0.000164792032209773 -2.93793681670576e-12  1.08826793063233e-17   0.00108856948891966
  0.00811156970240597     0.497238042609154     0.384369011532896    -0.457972547400273     -0.53238321753377 -0.000425976366966894   0.00139709740886549  -0.00569649067964929   0.00805605443964627   -0.0040226126801387
   0.0292771491836543     0.384369011532896     0.356598538778216     -0.38436901153288    -0.452136492605874   -0.0043832365331205   0.00294967055888021   0.00572702100397194  6.80204514336646e-18   -0.0433807766053462
 -0.00811156970240611    -0.457972547400273     -0.38436901153288      0.49723804260913     0.532383217533763  0.000425976366966948  -0.00139709740886522   0.00569649067964859   0.00805605443964672   0.00402261268013916
   0.0132822509414394     -0.53238321753377    -0.452136492605874     0.532383217533763      0.65278381535191  -0.00357401595623518   0.00322515504942334  -0.00566578902071557 -7.64461528577991e-17   -0.0357605672472903
 0.000114718259671024 -0.000425976366966894   -0.0043832365331205  0.000425976366966948  -0.00357401595623518      1.99998324684868  1.44043744549566e-05 -2.46581205129024e-13 -4.80002298288227e-19 -0.000165765864413545
-0.000164792032209773   0.00139709740886549   0.00294967055888021  -0.00139709740886522   0.00322515504942334  1.44043744549566e-05      1.99998254644089  8.82193957346228e-06 -3.92658500875859e-20  0.000140494692495628
-2.93793681670576e-12  -0.00569649067964929   0.00572702100397194   0.00569649067964859  -0.00566578902071557 -2.46581205129024e-13  8.82193957346228e-06      1.99993354787747  1.26296334748373e-18 -4.00008401601795e-13
 1.08826793063233e-17   0.00805605443964627  6.80204514336646e-18   0.00805605443964672 -7.64461528577991e-17 -4.80002298288227e-19 -3.92658500875859e-20  1.26296334748373e-18       1.9999335478768 -4.38387676606115e-18
  0.00108856948891966   -0.0040226126801387   -0.0433807766053462   0.00402261268013916   -0.0357605672472903 -0.000165765864413545  0.000140494692495628 -4.00008401601795e-13 -4.38387676606115e-18      1.99835766383758
TOTAL ENERGY: -124.237537483359	 lambda: -4.55	 population of target: 3.99393366534625
1RDM: 
     1.99795157872746   0.00810942343989038    0.0292607017608148  -0.00810942343989112    0.0132699328370305  0.000115407037341868 -0.000170696403434787  9.54388437311889e-13  1.36948286912075e-17   0.00110710018855212
  0.00810942343989038     0.497244488823283     0.384433715115487    -0.457981146867304    -0.532335073234794 -0.000428518234852892   0.00141895962621557  -0.00580224968300864   0.00820562018638682  -0.00409078060887633
   0.0292607017608148     0.384433715115487     0.356737245887853    -0.384433715115485    -0.452123857725537  -0.00441175999152058   0.00318172457081083   0.00583334680855736  1.46790068605341e-16   -0.0441572579620723
 -0.00810942343989112    -0.457981146867304    -0.384433715115485     0.497244488823288     0.532335073234804  0.000428518234853022  -0.00141895962621596   0.00580224968300794    0.0082056201863859   0.00409078060887645
   0.0132699328370305    -0.532335073234794    -0.452123857725537     0.532335073234804     0.652697920705671  -0.00359773476617372   0.00341575661663835  -0.00577097799182613  1.22688783706581e-15   -0.0364083478716594
 0.000115407037341868 -0.000428518234852892  -0.00441175999152058  0.000428518234853022  -0.00359773476617372      1.99998302601915  1.53922562376795e-05 -1.07122036604286e-14  1.97836236512212e-18 -0.000169850486019706
-0.000170696403434787   0.00141895962621557   0.00318172457081083  -0.00141895962621596   0.00341575661663835  1.53922562376795e-05      1.99998098473341  8.98572497952916e-06 -3.15227467903266e-19  0.000151935360781413
 9.54388437311889e-13  -0.00580224968300864   0.00583334680855736   0.00580224968300794  -0.00577097799182613 -1.07122036604286e-14  8.98572497952916e-06      1.99993105980779  8.92941802123238e-18 -2.39739688222078e-13
 1.36948286912075e-17   0.00820562018638682  1.46790068605341e-16    0.0082056201863859  1.22688783706581e-15  1.97836236512212e-18 -3.15227467903266e-19  8.92941802123238e-18      1.99993105980792   2.5947679897762e-17
  0.00110710018855212  -0.00409078060887633   -0.0441572579620723   0.00409078060887645   -0.0364083478716594 -0.000169850486019706  0.000151935360781413 -2.39739688222078e-13   2.5947679897762e-17      1.99829814666419
TOTAL ENERGY: -124.23788661015	 lambda: -4.5	 population of target: 3.99401082415693
1RDM: 
     1.99795213950933   0.00810730794392999    0.0292445356274832  -0.00810730794393707    0.0132578357413142  0.000116117363207615 -0.000176748866883887 -2.70275474093321e-13 -9.82558218814988e-20   0.00112630358495328
  0.00810730794392999     0.497251003436624     0.384497547755554    -0.457989603624394     -0.53228752018987  -0.00043113885311301   0.00144136772881518  -0.00591200617458013   0.00836083930292043   -0.0041614073135787
   0.0292445356274832     0.384497547755554     0.356876265735407     -0.38449754775553    -0.452109356687158  -0.00444111331073101   0.00341976938240942   0.00594369152451089  2.44595957173171e-16   -0.0449621910327136
 -0.00810730794393707    -0.457989603624394     -0.38449754775553     0.497251003436555     0.532287520189853   0.00043113885311314  -0.00144136772881531   0.00591200617457811   0.00836083930291951   0.00416140731357972
   0.0132578357413142     -0.53228752018987    -0.452109356687158     0.532287520189853     0.652615317357037  -0.00362213404219956    0.0036113148880669  -0.00588014295910395  1.17456089444151e-15   -0.0370799422881786
 0.000116117363207615  -0.00043113885311301  -0.00444111331073101   0.00043113885311314  -0.00362213404219956      1.99998279728749  1.64181470693403e-05  4.15562627529512e-14  2.73283885215712e-18 -0.000174117346595474
-0.000176748866883887   0.00144136772881518   0.00341976938240942  -0.00144136772881531    0.0036113148880669  1.64181470693403e-05      1.99997928497014  9.15569937959938e-06 -3.85730480674695e-18  0.000164029511972046
-2.70275474093321e-13  -0.00591200617458013   0.00594369152451089   0.00591200617457811  -0.00588014295910395  4.15562627529512e-14  9.15569937959938e-06      1.99992842937307  1.39779643430783e-17 -7.90563788885562e-13
-9.82558218814988e-20   0.00836083930292043  2.44595957173171e-16   0.00836083930291951  1.17456089444151e-15  2.73283885215712e-18 -3.85730480674695e-18  1.39779643430783e-17      1.99992842937323    2.904005372405e-17
  0.00112630358495328   -0.0041614073135787   -0.0449621910327136   0.00416140731357972   -0.0370799422881786 -0.000174117346595474  0.000164029511972046 -7.90563788885562e-13    2.904005372405e-17      1.99823532952113
TOTAL ENERGY: -124.238250614433	 lambda: -4.45	 population of target: 3.9940921699363
1RDM: 
     1.99795268966864   0.00810522501907953    0.0292286631487962  -0.00810522501908293    0.0132459706961005  0.000116850095722743 -0.000182955175057058   5.5654974376383e-13  9.52065032713834e-18   0.00114621709780346
  0.00810522501907953     0.497257592493784     0.384560468066243    -0.457997908997658    -0.532240585987415 -0.000433841290244001   0.00146434292427174  -0.00602599058754895   0.00852203759214411  -0.00423462879092462
   0.0292286631487962     0.384560468066243     0.357015662599616    -0.384560468066232     -0.45209286140499  -0.00447132849546334   0.00366402903466303   0.00605828681098193 -4.09522589366003e-16   -0.0457971686778584
 -0.00810522501908293    -0.457997908997658    -0.384560468066232     0.497257592493768     0.532240585987399  0.000433841290244087  -0.00146434292427172   0.00602599058754911   0.00852203759214373    0.0042346287909252
   0.0132459706961005    -0.532240585987415     -0.45209286140499     0.532240585987399      0.65253620987285  -0.00364723979075662   0.00381201422103576  -0.00599351305907775  5.11856716069853e-17    -0.037776686919134
 0.000116850095722743 -0.000433841290244001  -0.00447132849546334  0.000433841290244087  -0.00364723979075662      1.99998256027326  1.74840356255215e-05  4.71471186258004e-13 -9.78718902007089e-19 -0.000178577934374895
-0.000182955175057058   0.00146434292427174   0.00366402903466303  -0.00146434292427172   0.00381201422103576  1.74840356255215e-05      1.99997743790641  9.33222107822686e-06 -3.91551112830804e-19  0.000176822664982581
  5.5654974376383e-13  -0.00602599058754895   0.00605828681098193   0.00602599058754911  -0.00599351305907775  4.71471186258004e-13  9.33222107822686e-06      1.99992564551375  1.66640001174115e-18  2.83675569815417e-15
 9.52065032713834e-18   0.00852203759214411 -4.09522589366003e-16   0.00852203759214373  5.11856716069853e-17 -9.78718902007089e-19 -3.91551112830804e-19  1.66640001174115e-18      1.99992564551405 -9.26142960414981e-18
  0.00114621709780346  -0.00423462879092462   -0.0457971686778584    0.0042346287909252    -0.037776686919134 -0.000178577934374895  0.000176822664982581  2.83675569815417e-15 -9.26142960414981e-18      1.99816896366385
TOTAL ENERGY: -124.238630471155	 lambda: -4.4	 population of target: 3.99417801765927
1RDM: 
     1.99795322873733   0.00810317577619571    0.0292131001774958  -0.00810317577619732    0.0132343504671111  0.000117606154060706 -0.000189321462282816  7.37510011693037e-13  1.01610072352626e-17   0.00116688103546852
  0.00810317577619571     0.497264265080451     0.384622427475444    -0.458006057203507    -0.532194304247947 -0.000436628992070661   0.00148790798329259  -0.00614445138164518   0.00868956646544423  -0.00431059174354852
   0.0292131001774958     0.384622427475444     0.357155495690411    -0.384622427475439    -0.452074225599652  -0.00450243879439713    0.0039147393333687   0.00617738251549057  -3.5365621369249e-16    -0.046663904688707
 -0.00810317577619732    -0.458006057203507    -0.384622427475439     0.497264265080411     0.532194304247936  0.000436628992070656  -0.00148790798329186   0.00614445138164459   0.00868956646544411   0.00431059174354897
   0.0132343504671111    -0.532194304247947    -0.452074225599652     0.532194304247936     0.652460828626618  -0.00367307915823196   0.00401804831726417  -0.00611133538116973  4.29826869084195e-17   -0.0385000202070987
 0.000117606154060706 -0.000436628992070661  -0.00450243879439713  0.000436628992070656  -0.00367307915823196      1.99998231457416  1.85920437949757e-05 -4.98817459312298e-14 -6.49191109824612e-19 -0.000183244669283849
-0.000189321462282816   0.00148790798329259    0.0039147393333687  -0.00148790798329186   0.00401804831726417  1.85920437949757e-05      1.99997543360815  9.51567869852204e-06 -2.86850706117389e-18  0.000190364286452492
 7.37510011693037e-13  -0.00614445138164518   0.00617738251549057   0.00614445138164459  -0.00611133538116973 -4.98817459312298e-14  9.51567869852204e-06      1.99992269607563  4.34099918692521e-18 -6.18590093603003e-13
 1.01610072352626e-17   0.00868956646544423  -3.5365621369249e-16   0.00868956646544411  4.29826869084195e-17 -6.49191109824612e-19 -2.86850706117389e-18  4.34099918692521e-18      1.99992269607579 -8.95368323525466e-18
  0.00116688103546852  -0.00431059174354852    -0.046663904688707   0.00431059174354897   -0.0385000202070987 -0.000183244669283849  0.000190364286452492 -6.18590093603003e-13 -8.95368323525466e-18      1.99809877645104
TOTAL ENERGY: -124.239027240153	 lambda: -4.35	 population of target: 3.99426871250623
1RDM: 
     1.99795375626279    0.0081011614609309    0.0291978622858569  -0.00810116146093037    0.0132229882379469  0.000118386493557006 -0.000195854120911754 -1.34795344645337e-12  1.42301535138722e-18   0.00118833873557987
   0.0081011614609309     0.497271030870089      0.38468337795447    -0.458014039733424    -0.532148709424277 -0.000439505289349939   0.00151208588406092  -0.00626765674035478   0.00886380523895775  -0.00438945317816651
   0.0291978622858569      0.38468337795447     0.357295841477946    -0.384683377954476    -0.452053292837612  -0.00453447906175275   0.00417214648216064   0.00630124821938081  5.81080748382007e-16   -0.0475642442897188
 -0.00810116146093037    -0.458014039733424    -0.384683377954476     0.497271030870086     0.532148709424288  0.000439505289349963  -0.00151208588406066   0.00626765674035089    0.0088638052389592    0.0043894531781688
   0.0132229882379469    -0.532148709424277    -0.452053292837612     0.532148709424288     0.652389415273148  -0.00369968017611074    0.0042296180832286  -0.00623387673015045 -8.76972067928832e-16   -0.0392514902327086
 0.000118386493557006 -0.000439505289349939  -0.00453447906175275  0.000439505289349963  -0.00369968017611074       1.9999820597653  1.97444227524759e-05 -9.90795017977431e-14 -7.37233525887766e-19 -0.000188130985019746
-0.000195854120911754   0.00151208588406092   0.00417214648216064  -0.00151208588406066    0.0042296180832286  1.97444227524759e-05      1.99997326143069  9.70648210585403e-06  6.69056663259814e-19  0.000204708072214875
-1.34795344645337e-12  -0.00626765674035478   0.00630124821938081   0.00626765674035089  -0.00623387673015045 -9.90795017977431e-14  9.70648210585403e-06      1.99991956768035  8.23463593752459e-18   -3.775002312894e-14
 1.42301535138722e-18   0.00886380523895775  5.81080748382007e-16    0.0088638052389592 -8.76972067928832e-16 -7.37233525887766e-19  6.69056663259814e-19  8.23463593752459e-18      1.99991956767948 -1.71669517016897e-17
  0.00118833873557987  -0.00438945317816651   -0.0475642442897188    0.0043894531781688   -0.0392514902327086 -0.000188130985019746  0.000204708072214875   -3.775002312894e-14 -1.71669517016897e-17       1.9980244686901
TOTAL ENERGY: -124.239442077335	 lambda: -4.3	 population of target: 3.99436463384647
1RDM: 
     1.99795427171203   0.00809918353990053    0.0291829671860969  -0.00809918353990764    0.0132118991017422   0.00011919212612823 -0.000202559897242812   4.0948004772915e-12  2.11250017045223e-17   0.00121063706450756
  0.00809918353990053     0.497277898756942      0.38474326463509    -0.458021849499211    -0.532103841036833  -0.00044247385725073   0.00153690143765809  -0.00639589751991496   0.00904516492537829  -0.00447138329617522
   0.0291829671860969      0.38474326463509     0.357436779239318    -0.384743264635072    -0.452029891316581  -0.00456748585597776   0.00443650871296089    0.0064301762816189 -2.34574128039054e-17   -0.0485001806432707
 -0.00809918353990764    -0.458021849499211    -0.384743264635072     0.497277898756899     0.532103841036806   0.00044247385725071  -0.00153690143765698    0.0063958975199164   0.00904516492537871   0.00447138329617527
   0.0132118991017422    -0.532103841036833    -0.452029891316581     0.532103841036806     0.652322244003895  -0.00372707248490287   0.00444693512028082  -0.00636142627946148 -2.21581330842442e-16   -0.0400327698952146
  0.00011919212612823  -0.00044247385725073  -0.00456748585597776   0.00044247385725071  -0.00372707248490287      1.99998179539457  2.09435743835943e-05 -4.68146480425261e-14 -2.90523987096834e-19 -0.000193251466580912
-0.000202559897242812   0.00153690143765809   0.00443650871296089  -0.00153690143765698   0.00444693512028082  2.09435743835943e-05      1.99997090993587  9.90508405889831e-06 -4.90713855535906e-18  0.000219912508470287
  4.0948004772915e-12  -0.00639589751991496    0.0064301762816189    0.0063958975199164  -0.00636142627946148 -4.68146480425261e-14  9.90508405889831e-06      1.99991624555142 -8.88991849262175e-18 -5.59400130206253e-13
 2.11250017045223e-17   0.00904516492537829 -2.34574128039054e-17   0.00904516492537871 -2.21581330842442e-16 -2.90523987096834e-19 -4.90713855535906e-18 -8.88991849262175e-18      1.99991624555285 -4.82726558182063e-18
  0.00121063706450756  -0.00447138329617522   -0.0485001806432707   0.00447138329617527   -0.0400327698952146 -0.000193251466580912  0.000219912508470287 -5.59400130206253e-13 -4.82726558182063e-18      1.99794571109618
TOTAL ENERGY: -124.239876243048	 lambda: -4.25	 population of target: 3.99446619879425
1RDM: 
     1.99795477452632   0.00809724347586542    0.0291684329579741  -0.00809724347586248    0.0132010977243584  0.000120024114495485 -0.000209445868556499 -1.48500782254802e-12 -1.12892551210053e-17   0.00123382653602732
  0.00809724347586542     0.497284881071417      0.38480203096466    -0.458029477166943    -0.532059737028312 -0.000445538587451724   0.00156238059160505  -0.00652948703822596   0.00923408913127113  -0.00455656521539631
   0.0291684329579741      0.38480203096466     0.357578404992443    -0.384802030964667    -0.452003829769276  -0.00460149719037619   0.00470809500102896   0.00656448180782555  5.14764897815133e-16   -0.0494738645953263
 -0.00809724347586248    -0.458029477166943    -0.384802030964667     0.497284881071436     0.532059737028317  0.000445538587451644  -0.00156238059160435   0.00652948703822977   0.00923408913127196   0.00455656521539613
   0.0132010977243584    -0.532059737028312    -0.452003829769276     0.532059737028317     0.652259602623917  -0.00375528687517293   0.00467021928209102  -0.00649429584140737 -4.12843011458799e-16   -0.0408456643721731
 0.000120024114495485 -0.000445538587451724  -0.00460149719037619  0.000445538587451644  -0.00375528687517293      1.99998152098415  2.21920506126242e-05 -3.08111239803681e-13  4.45608163961189e-19 -0.000198621929093933
-0.000209445868556499   0.00156238059160505   0.00470809500102896  -0.00156238059160435   0.00467021928209102  2.21920506126242e-05      1.99996836685023  1.01119693095052e-05 -2.27104867019483e-18  0.000236041246401284
-1.48500782254802e-12  -0.00652948703822596   0.00656448180782555   0.00652948703822977  -0.00649429584140737 -3.08111239803681e-13  1.01119693095052e-05      1.99991271339959 -2.30919255317907e-17  1.06566626149001e-12
-1.12892551210053e-17   0.00923408913127113  5.14764897815133e-16   0.00923408913127196 -4.12843011458799e-16  4.45608163961189e-19 -2.27104867019483e-18 -2.30919255317907e-17      1.99991271339955  8.57261242323672e-19
  0.00123382653602732  -0.00455656521539631   -0.0494738645953263   0.00455656521539613   -0.0408456643721731 -0.000198621929093933  0.000236041246401284  1.06566626149001e-12  8.57261242323672e-19      1.99786214108096
TOTAL ENERGY: -124.240331116624	 lambda: -4.2	 population of target: 3.9945738674397
1RDM: 
     1.99795526420151   0.00809534297585258    0.0291542785093137  -0.00809534297585468    0.0131906010337335  0.000120883584055548 -0.000216519497588544 -3.17383448624094e-12  -6.2250145359613e-17   0.00125796184991633
  0.00809534297585258     0.497291989711697     0.384859616813991     -0.45803691266051    -0.532016440321121  -0.00044870338346898   0.00158855057409925  -0.00666876681569261   0.00943106044112588   -0.0046451975198655
   0.0291542785093137     0.384859616813991     0.357720824766006    -0.384859616813981      -0.4519749016608  -0.00463655338206966   0.00498718778630707   0.00670450809164712   1.4960736371538e-15   -0.0504876253551955
 -0.00809534297585468     -0.45803691266051    -0.384859616813981     0.497291989711662     0.532016440321121  0.000448703383469078  -0.00158855057409953    0.0066687668156942   0.00943106044112739    0.0046451975198656
   0.0131906010337335    -0.532016440321121      -0.4519749016608     0.532016440321121     0.652201812131202  -0.00378435558341059   0.00489970096556615    -0.006632824949518 -9.38596785336017e-16   -0.0416921294064377
 0.000120883584055548  -0.00044870338346898  -0.00463655338206966  0.000448703383469078  -0.00378435558341059      1.99998123602461  2.34925746583484e-05  1.25912852387333e-12   2.1181208659457e-18 -0.000204259590505074
-0.000216519497588544   0.00158855057409925   0.00498718778630707  -0.00158855057409953   0.00489970096556615  2.34925746583484e-05      1.99996561898035  1.03276664698473e-05 -3.78791655426778e-18  0.000253163775043996
-3.17383448624094e-12  -0.00666876681569261   0.00670450809164712    0.0066687668156942    -0.006632824949518  1.25912852387333e-12  1.03276664698473e-05      1.99990895314663 -2.17006755702867e-17  2.05758563426755e-12
 -6.2250145359613e-17   0.00943106044112588   1.4960736371538e-15   0.00943106044112739 -9.38596785336017e-16   2.1181208659457e-18 -3.78791655426778e-18 -2.17006755702867e-17      1.99990895314757  2.58166098209806e-17
  0.00125796184991633   -0.0046451975198655   -0.0504876253551955    0.0046451975198656   -0.0416921294064377 -0.000204259590505074  0.000253163775043996  2.05758563426755e-12  2.58166098209806e-17      1.99777335817882
TOTAL ENERGY: -124.240808209034	 lambda: -4.15	 population of target: 3.99468814793956
1RDM: 
     1.99795573999321   0.00809348387551515    0.0291405260901359  -0.00809348387552195    0.0131804271308012  0.000121771705742037  -0.00022378861592003  2.11101884535275e-13 -6.45100292628875e-18   0.00128310236665756
  0.00809348387551515     0.497299239148113      0.38491595559381     -0.45804414624253     -0.53197399672035 -0.000451972759517134   0.00161543991073544  -0.00681410692831573    0.0096366024290425  -0.00473749511604257
   0.0291405260901359      0.38491595559381     0.357864159732435    -0.384915955593785    -0.451942874590411  -0.00467269552436914   0.00527408191017038    0.0068506270803135  3.24033830400672e-16   -0.0515439875374725
 -0.00809348387552195     -0.45804414624253    -0.384915955593785     0.497299239148051     0.531973996720319  0.000451972759517085  -0.00161543991073422   0.00681410692832042   0.00963660242904325   0.00473749511604427
