TOTAL ENERGY: -123.606608193436	 lambda: -5	 population of target: 4.00000013289028
1RDM: 
     1.99825075624118     0.012930492000358   -0.0110600850541302  -0.00207957546610534  -0.00207957546611076   6.4552965342179e-07 -2.93608896257075e-06 -4.94922141614135e-08 -1.46253977841923e-18  8.01145739706462e-06
    0.012930492000358      0.46776604550878    -0.429550586240321    -0.461919172760452    -0.461919172760428 -4.16511568315675e-05  0.000186730335729898  5.18648601284606e-05 -5.86723792348288e-16 -0.000513217308783195
  -0.0110600850541302    -0.429550586240321     0.467742760257148      0.46191697749214     0.461916977492124  4.16517511922287e-05   -0.0001867330458535  5.18649052962553e-05 -3.93567997934739e-16  0.000513224727817827
 -0.00207957546610534    -0.461919172760452      0.46191697749214      0.53312049762546     0.494917573534952  -3.7022910891163e-05  0.000165637906521619  -6.5711116233681e-12  5.18648693911567e-05  -0.00045572362750355
 -0.00207957546611076    -0.461919172760428     0.461916977492124     0.494917573534952     0.533120497625413 -3.70229108905634e-05  0.000165637906521981  -6.5701541864665e-12 -5.18648693913847e-05 -0.000455723627503746
  6.4552965342179e-07 -4.16511568315675e-05  4.16517511922287e-05  -3.7022910891163e-05 -3.70229108905634e-05      1.99999999680765  1.43048214916894e-08 -6.87419972380155e-16  7.77188655054637e-21 -3.93266083687402e-08
-2.93608896257075e-06  0.000186730335729898   -0.0001867330458535  0.000165637906521619  0.000165637906521981  1.43048214916894e-08      1.99999993589886  3.22600685049606e-15  4.58659116765113e-20  1.76225348324956e-07
-4.94922141614135e-08  5.18648601284606e-05  5.18649052962553e-05  -6.5711116233681e-12  -6.5701541864665e-12 -6.87419972380155e-16  3.22600685049606e-15      1.99999999725714  5.08742911461292e-20 -9.53183461610115e-15
-1.46253977841923e-18 -5.86723792348288e-16 -3.93567997934739e-16  5.18648693911567e-05 -5.18648693913847e-05  7.77188655054637e-21  4.58659116765113e-20  5.08742911461292e-20      1.99999999725714 -1.05258970971335e-19
 8.01145739706462e-06 -0.000513217308783195  0.000513224727817827  -0.00045572362750355 -0.000455723627503746 -3.93266083687402e-08  1.76225348324956e-07 -9.53183461610115e-15 -1.05258970971335e-19      1.99999951552126
TOTAL ENERGY: -123.60660829378	 lambda: -4.95	 population of target: 4.00000015306086
1RDM: 
     1.99825075624858    0.0129304923173748   -0.0110600853121048  -0.00207957512990538  -0.00207957512990537  6.51036269807933e-07 -2.97496391054922e-06 -5.04200126998496e-08  2.55775419381057e-18  8.15126410383154e-06
   0.0129304923173748     0.467766048909484    -0.429550589443258    -0.461919167981581    -0.461919167981578 -4.20154629722938e-05  0.000189298566426815  5.28365693003621e-05 -1.45778619008207e-16 -0.000522732171207293
  -0.0110600853121048    -0.429550589443258     0.467742763767252     0.461916972829956     0.461916972829964  4.20160712478881e-05 -0.000189301330878143  5.28365953439526e-05  4.86216444900902e-16  0.000522739711686856
 -0.00207957512990538    -0.461919167981581     0.461916972829956     0.533120504270856     0.494917579653273 -3.73478833788402e-05  0.000167928375305545 -1.03585692870857e-12  5.28365385264903e-05 -0.000464243828585888
 -0.00207957512990537    -0.461919167981578     0.461916972829964     0.494917579653273     0.533120504270854 -3.73478833781759e-05  0.000167928375305423 -1.03622670465946e-12 -5.28365385270876e-05 -0.000464243828585902
 6.51036269807933e-07 -4.20154629722938e-05  4.20160712478881e-05 -3.73478833788402e-05 -3.73478833781759e-05       1.9999999967515  1.46287778052094e-08 -2.44845417125374e-16 -7.03694719475909e-21 -4.04078985224553e-08
-2.97496391054922e-06  0.000189298566426815 -0.000189301330878143  0.000167928375305545  0.000167928375305423  1.46287778052094e-08      1.99999993412121  6.71346735792032e-16  1.09153706893858e-19  1.81970986890703e-07
-5.04200126998496e-08  5.28365693003621e-05  5.28365953439526e-05 -1.03585692870857e-12 -1.03622670465946e-12 -2.44845417125374e-16  6.71346735792032e-16       1.9999999971534 -1.96446863236948e-20 -9.80977667520574e-16
 2.55775419381057e-18 -1.45778619008207e-16  4.86216444900902e-16  5.28365385264903e-05 -5.28365385270876e-05 -7.03694719475909e-21  1.09153706893858e-19 -1.96446863236948e-20      1.99999999715341 -3.11515118210249e-19
 8.15126410383154e-06 -0.000522732171207293  0.000522739711686856 -0.000464243828585888 -0.000464243828585902 -4.04078985224553e-08  1.81970986890703e-07 -9.80977667520574e-16 -3.11515118210249e-19      1.99999949735344
TOTAL ENERGY: -123.606608398682	 lambda: -4.9	 population of target: 4.00000017436185
1RDM: 
      1.9982507562578    0.0129304926645516   -0.0110600857707688  -0.00207957464244168  -0.00207957464244499  6.56690427410113e-07 -3.01488918318036e-06 -5.13823299866781e-08 -2.33613875663956e-17  8.29605573773236e-06
   0.0129304926645516     0.467766052782082      -0.4295505928999    -0.461919163189307    -0.461919163189302 -4.23899078673218e-05  0.000191938988755543   5.3845139438235e-05  1.42884333635233e-15  -0.00053260682020663
  -0.0110600857707688      -0.4295505928999      0.46774276727239     0.461916967790895     0.461916967790892  4.23905162649406e-05 -0.000191941781141162  5.38451652795543e-05 -1.43804852364441e-15  0.000532614493169285
 -0.00207957464244168    -0.461919163189307     0.461916967790895     0.533120511247627     0.494917586609474 -3.76819394316331e-05  0.000170283560276428  2.89642657073136e-13    5.384511768555e-05  -0.00047308867003415
 -0.00207957464244499    -0.461919163189302     0.461916967790892     0.494917586609474     0.533120511247605 -3.76819394306068e-05  0.000170283560273696  2.89555624077155e-13 -5.38451176830195e-05 -0.000473088670034073
 6.56690427410113e-07 -4.23899078673218e-05  4.23905162649406e-05 -3.76819394316331e-05 -3.76819394306068e-05      1.99999999669329  1.49654088990485e-08 -6.06233314205318e-17  1.39180054392124e-19 -4.15400961641323e-08
-3.01488918318036e-06  0.000191938988755543 -0.000191941781141162  0.000170283560276428  0.000170283560273696  1.49654088990485e-08      1.99999993226818  2.23053423261032e-16   -5.756642731094e-19   1.8800512067917e-07
-5.13823299866781e-08   5.3845139438235e-05  5.38451652795543e-05  2.89642657073136e-13  2.89555624077155e-13 -6.06233314205318e-17  2.23053423261032e-16       1.9999999970437 -1.34072182592472e-21 -3.66173426349207e-16
-2.33613875663956e-17  1.42884333635233e-15 -1.43804852364441e-15    5.384511768555e-05 -5.38451176830195e-05  1.39180054392124e-19   -5.756642731094e-19 -1.34072182592472e-21       1.9999999970437   1.3883436258852e-18
 8.29605573773236e-06  -0.00053260682020663  0.000532614493169285  -0.00047308867003415 -0.000473088670034073 -4.15400961641323e-08   1.8800512067917e-07 -3.66173426349207e-16   1.3883436258852e-18       1.9999994781436
TOTAL ENERGY: -123.606608508453	 lambda: -4.85	 population of target: 4.00000019687984
1RDM: 
     1.99825075624231    0.0129304930501007     -0.01106008633552   -0.0020795742455082  -0.00207957424551039  6.62496448428986e-07 -3.05591030303608e-06 -5.23825546940207e-08 -2.53472677719202e-17  8.44609610443636e-06
   0.0129304930501007     0.467766056729086    -0.429550595899678    -0.461919157809784    -0.461919157809774  -4.2774934841159e-05  0.000194654716234069  5.48932037119379e-05  9.76115202187771e-16 -0.000542861987747649
    -0.01106008633552    -0.429550595899678     0.467742770560704     0.461916962023369     0.461916962023357  4.27755422085685e-05 -0.000194657537025777  5.48932266049254e-05  6.65097197800364e-16  0.000542869801711813
  -0.0020795742455082    -0.461919157809784     0.461916962023369     0.533120518916996     0.494917594031898 -3.80255005853005e-05  0.000172706264614838  1.22682006074556e-12   5.4893217879462e-05 -0.000482277045932333
 -0.00207957424551039    -0.461919157809774     0.461916962023357     0.494917594031898     0.533120518916971 -3.80255005846419e-05  0.000172706264614304  1.22609046943757e-12 -5.48932178795484e-05 -0.000482277045932416
 6.62496448428986e-07  -4.2774934841159e-05  4.27755422085685e-05 -3.80255005853005e-05 -3.80255005846419e-05      1.99999999663289  1.53154222077032e-08  2.39738105430279e-16   2.6323085723765e-20 -4.27266000724376e-08
-3.05591030303608e-06  0.000194654716234069 -0.000194657537025777  0.000172706264614838  0.000172706264614304  1.53154222077032e-08      1.99999993033543  -5.9740563371019e-16 -5.06330619259143e-20  1.94347567811528e-07
-5.23825546940207e-08  5.48932037119379e-05  5.48932266049254e-05  1.22682006074556e-12  1.22609046943757e-12  2.39738105430279e-16  -5.9740563371019e-16       1.9999999969275 -6.59550914509833e-20  1.10515039847549e-15
-2.53472677719202e-17  9.76115202187771e-16  6.65097197800364e-16   5.4893217879462e-05 -5.48932178795484e-05   2.6323085723765e-20 -5.06330619259143e-20 -6.59550914509833e-20       1.9999999969275   9.5238625613498e-20
 8.44609610443636e-06 -0.000542861987747649  0.000542869801711813 -0.000482277045932333 -0.000482277045932416 -4.27266000724376e-08  1.94347567811528e-07  1.10515039847549e-15   9.5238625613498e-20      1.99999945781061
TOTAL ENERGY: -123.606608623425	 lambda: -4.8	 population of target: 4.00000022070962
1RDM: 
     1.99825075623193    0.0129304937207034   -0.0110600867081216  -0.00207957374206719  -0.00207957374206797  6.68459891548996e-07 -3.09805597766152e-06 -5.34221185172201e-08 -3.88751885374447e-18  8.60168989321783e-06
   0.0129304937207034      0.46776605986044    -0.429550599134854     -0.46191915188036    -0.461919151880361 -4.31708879345175e-05  0.000197448707938281    5.598253045658e-05  1.71604809464167e-15 -0.000553520176224474
  -0.0110600867081216    -0.429550599134854     0.467742774677734     0.461916956747531     0.461916956747525  4.31714937429131e-05 -0.000197451539975034  5.59825594870952e-05 -8.52190743970561e-16  0.000553528125935361
 -0.00207957374206719     -0.46191915188036     0.461916956747531     0.533120527233693     0.494917601888112 -3.83788701714159e-05  0.000175199249542463 -2.05876825709322e-12  5.59825746061571e-05 -0.000491829312723787
 -0.00207957374206797    -0.461919151880361     0.461916956747525     0.494917601888112     0.533120527233695  -3.8378870170725e-05  0.000175199249542049 -2.05966837076921e-12 -5.59825746036075e-05 -0.000491829312724289
 6.68459891548996e-07 -4.31708879345175e-05  4.31714937429131e-05 -3.83788701714159e-05  -3.8378870170725e-05       1.9999999965702  1.56794997895328e-08  2.01708555915439e-16  1.24951984803758e-19 -4.39709705370838e-08
-3.09805597766152e-06  0.000197448707938281 -0.000197451539975034  0.000175199249542463  0.000175199249542049  1.56794997895328e-08       1.9999999283185 -2.87217984681533e-16 -4.93177287901773e-19  2.01019592277885e-07
-5.34221185172201e-08    5.598253045658e-05  5.59825594870952e-05 -2.05876825709322e-12 -2.05966837076921e-12  2.01708555915439e-16 -2.87217984681533e-16      1.99999999680435 -5.03805575330365e-20 -1.75736264874092e-15
-3.88751885374447e-18  1.71604809464167e-15 -8.52190743970561e-16  5.59825746061571e-05 -5.59825746036075e-05  1.24951984803758e-19 -4.93177287901773e-19 -5.03805575330365e-20      1.99999999680435  1.33653207279547e-18
 8.60168989321783e-06 -0.000553520176224474  0.000553528125935361 -0.000491829312723787 -0.000491829312724289 -4.39709705370838e-08  2.01019592277885e-07 -1.75736264874092e-15  1.33653207279547e-18      1.99999943626506
TOTAL ENERGY: -123.606608743973	 lambda: -4.75	 population of target: 4.00000024595651
1RDM: 
     1.99825075623559     0.012930494285925   -0.0110600873087542  -0.00207957309190238  -0.00207957309190089  6.74589335173872e-07 -3.14140025066069e-06 -5.45037386413079e-08 -1.52426877695717e-17  8.76315149803993e-06
    0.012930494285925     0.467766063327725    -0.429550602094904    -0.461919146241165    -0.461919146241175 -4.35782094423992e-05  0.000200324541250383  5.71162348807389e-05  2.09389617732275e-16 -0.000564605875996775
  -0.0110600873087542    -0.429550602094904      0.46774277813218      0.46191695082064     0.461916950820642  4.35787791480297e-05 -0.000200327050850107  5.71162486282338e-05  4.40183213522351e-16  0.000564614042807724
 -0.00207957309190238    -0.461919146241165      0.46191695082064     0.533120536415838     0.494917610990374 -3.87424111644476e-05  0.000177765384426211  7.78994496413768e-12  5.71162525277012e-05 -0.000501767814359702
 -0.00207957309190089    -0.461919146241175     0.461916950820642     0.494917610990374     0.533120536415842 -3.87424111639724e-05  0.000177765384427111  7.78821825168219e-12 -5.71162525281799e-05 -0.000501767814358011
 6.74589335173872e-07 -4.35782094423992e-05  4.35787791480297e-05 -3.87424111644476e-05 -3.87424111639724e-05      1.99999999650512   1.6058408195427e-08  2.15565468417386e-15  1.20150113964604e-21 -4.52771563390658e-08
-3.14140025066069e-06  0.000200324541250383 -0.000200327050850107  0.000177765384426211  0.000177765384427111   1.6058408195427e-08      1.99999992621252 -1.40639449644963e-14  8.44613608105558e-20  2.08044668748636e-07
-5.45037386413079e-08  5.71162348807389e-05  5.71162486282338e-05  7.78994496413768e-12  7.78821825168219e-12  2.15565468417386e-15 -1.40639449644963e-14      1.99999999667363 -7.09063974681505e-20  5.32988860876884e-15
-1.52426877695717e-17  2.09389617732275e-16  4.40183213522351e-16  5.71162525277012e-05 -5.71162525281799e-05  1.20150113964604e-21  8.44613608105558e-20 -7.09063974681505e-20      1.99999999667363 -1.16652975535734e-19
 8.76315149803993e-06 -0.000564605875996775  0.000564614042807724 -0.000501767814359702 -0.000501767814358011 -4.52771563390658e-08  2.08044668748636e-07  5.32988860876884e-15 -1.16652975535734e-19      1.99999941340795
TOTAL ENERGY: -123.606608870491	 lambda: -4.7	 population of target: 4.0000002727342
1RDM: 
     1.99825075622114     0.012930494802194   -0.0110600876052097  -0.00207957276284905  -0.00207957276285044   6.8089319000067e-07 -3.18597078755065e-06 -5.56306813343272e-08 -2.27728941785335e-18  8.93081112838576e-06
    0.012930494802194      0.46776606760289     -0.42955060630135    -0.461919139389388    -0.461919139389385 -4.39974305445015e-05   0.00020328503355123     5.82967663115e-05 -1.89972616429764e-17 -0.000576144773889412
  -0.0110600876052097     -0.42955060630135     0.467742782926295      0.46191694471971     0.461916944719718   4.3998076226946e-05 -0.000203287993624168  5.82968018627913e-05 -5.27455745989656e-16  0.000576153074874177
 -0.00207957276284905    -0.461919139389388      0.46191694471971     0.533120545299243     0.494917618595692 -3.91166674877411e-05  0.000180407860334041 -6.18795832631249e-12   5.8296724318531e-05 -0.000512115853098933
 -0.00207957276285044    -0.461919139389385     0.461916944719718     0.494917618595692     0.533120545299264 -3.91166674871372e-05  0.000180407860334473 -6.18812335018142e-12 -5.82967243180552e-05 -0.000512115853098932
  6.8089319000067e-07 -4.39974305445015e-05   4.3998076226946e-05 -3.91166674877411e-05 -3.91166674871372e-05      1.99999999643748  1.64530163692121e-08 -8.90436362088147e-16  3.86813428426438e-20 -4.66495498745536e-08
-3.18597078755065e-06   0.00020328503355123 -0.000203287993624168  0.000180407860334041  0.000180407860334473  1.64530163692121e-08      1.99999992401229  2.29481966076113e-15 -8.26357871578653e-20  2.15447897856767e-07
-5.56306813343272e-08     5.82967663115e-05  5.82968018627913e-05 -6.18795832631249e-12 -6.18812335018142e-12 -8.90436362088147e-16  2.29481966076113e-15       1.9999999965347  1.14045516788892e-20 -6.70551370859561e-15
-2.27728941785335e-18 -1.89972616429764e-17 -5.27455745989656e-16   5.8296724318531e-05 -5.82967243180552e-05  3.86813428426438e-20 -8.26357871578653e-20  1.14045516788892e-20      1.99999999653471  2.69871656431679e-19
 8.93081112838576e-06 -0.000576144773889412  0.000576153074874177 -0.000512115853098933 -0.000512115853098932 -4.66495498745536e-08  2.15447897856767e-07 -6.70551370859561e-15  2.69871656431679e-19      1.99999938913196
TOTAL ENERGY: -123.60660900343	 lambda: -4.65	 population of target: 4.00000030117173
1RDM: 
     1.99825075623019    0.0129304952614026   -0.0110600885470583  -0.00207957198412457  -0.00207957198411773  6.87376016625501e-07   -3.231834533437e-06 -5.68045536741745e-08  9.55437640189237e-19  9.10505732548543e-06
   0.0129304952614026     0.467766071825121    -0.429550609034794    -0.461919133372276    -0.461919133372302 -4.44291665555495e-05  0.000206334992747288  5.95271297947917e-05  7.07696409059677e-17 -0.000588165966442932
  -0.0110600885470583    -0.429550609034794     0.467742785503262     0.461916937571462      0.46191693757148  4.44297974431706e-05 -0.000206337957191557   5.9527156305545e-05  6.04089925256888e-17  0.000588174361412521
 -0.00207957198412457    -0.461919133372276     0.461916937571462     0.533120556136477     0.494917629193043 -3.95021249813757e-05  0.000183130399867624  3.64431186979645e-13  5.95271727147656e-05 -0.000522899825753746
 -0.00207957198411773    -0.461919133372302      0.46191693757148     0.494917629193043     0.533120556136532 -3.95021249807861e-05  0.000183130399868159  3.64311773563075e-13 -5.95271727147388e-05 -0.000522899825753326
 6.87376016625501e-07 -4.44291665555495e-05  4.44297974431706e-05 -3.95021249813757e-05 -3.95021249807861e-05      1.99999999636715  1.68642588088407e-08  1.72683530832496e-16  1.85358585040263e-20 -4.80929279406665e-08
  -3.231834533437e-06  0.000206334992747288 -0.000206337957191557  0.000183130399867624  0.000183130399868159  1.68642588088407e-08      1.99999992171186 -9.09013275026914e-16  1.30865986585241e-20  2.23257818326293e-07
-5.68045536741745e-08  5.95271297947917e-05   5.9527156305545e-05  3.64431186979645e-13  3.64311773563075e-13  1.72683530832496e-16 -9.09013275026914e-16      1.99999999638691 -7.55477863685764e-21   1.1513566375818e-15
 9.55437640189237e-19  7.07696409059677e-17  6.04089925256888e-17  5.95271727147656e-05 -5.95271727147388e-05  1.85358585040263e-20  1.30865986585241e-20 -7.55477863685764e-21      1.99999999638691  2.13704103997753e-20
 9.10505732548543e-06 -0.000588165966442932  0.000588174361412521 -0.000522899825753746 -0.000522899825753326 -4.80929279406665e-08  2.23257818326293e-07   1.1513566375818e-15  2.13704103997753e-20      1.99999936331562
TOTAL ENERGY: -123.606609143271	 lambda: -4.6	 population of target: 4.00000033140938
1RDM: 
     1.99825075623914    0.0129304961143311    -0.011060088882693  -0.00207957129432787  -0.00207957129432772  6.94046149418557e-07 -3.27904405676077e-06  -5.8029233638789e-08 -2.73009421703817e-20   9.2862764677691e-06
   0.0129304961143311     0.467766075033882    -0.429550612921114    -0.461919126051368    -0.461919126051352 -4.48738717667999e-05  0.000209478005150082  6.08104888175418e-05   2.7767144713437e-17 -0.000600700060404551
   -0.011060088882693    -0.429550612921114     0.467742790806623     0.461916930952359     0.461916930952365  4.48745136772504e-05 -0.000209481037564382  6.08105164434358e-05  2.41806663540059e-17  0.000600708648137108
 -0.00207957129432787    -0.461919126051368     0.461916930952359     0.533120567018037     0.494917639811521 -3.98992351053455e-05  0.000185936471517774  3.06336719421753e-14  6.08105166480713e-05 -0.000534147724578447
 -0.00207957129432772    -0.461919126051352     0.461916930952365     0.494917639811521     0.533120567018051 -3.98992351047192e-05  0.000185936471518129  3.05443578930847e-14 -6.08105166480678e-05 -0.000534147724578394
 6.94046149418557e-07 -4.48738717667999e-05  4.48745136772504e-05 -3.98992351053455e-05 -3.98992351047192e-05      1.99999999629398  1.72930753917279e-08  1.28994586779164e-18  1.95528841421757e-20 -4.96123940374177e-08
-3.27904405676077e-06  0.000209478005150082 -0.000209481037564382  0.000185936471517774  0.000185936471518129  1.72930753917279e-08      1.99999991930523 -5.01960079304375e-17  1.03667763558796e-20  2.31504706662585e-07
 -5.8029233638789e-08  6.08104888175418e-05  6.08105164434358e-05  3.06336719421753e-14  3.05443578930847e-14  1.28994586779164e-18 -5.01960079304375e-17      1.99999999622945 -4.35702774208914e-21  3.84943841977264e-17
-2.73009421703817e-20   2.7767144713437e-17  2.41806663540059e-17  6.08105166480713e-05 -6.08105166480678e-05  1.95528841421757e-20  1.03667763558796e-20 -4.35702774208914e-21      1.99999999622945  3.44989542493575e-21
  9.2862764677691e-06 -0.000600700060404551  0.000600708648137108 -0.000534147724578447 -0.000534147724578394 -4.96123940374177e-08  2.31504706662585e-07  3.84943841977264e-17  3.44989542493575e-21      1.99999933582618
TOTAL ENERGY: -123.606609290549	 lambda: -4.55	 population of target: 4.00000036360311
1RDM: 
      1.9982507562579    0.0129304966911581   -0.0110600897119955  -0.00207957046005036  -0.00207957046004697   7.0091558534554e-07 -3.32766885991812e-06 -5.93078530550597e-08  9.54234148181847e-20  9.47490280176213e-06
   0.0129304966911581     0.467766079796193    -0.429550617168051    -0.461919118612635    -0.461919118612639 -4.53321883899333e-05  0.000212718279032146  6.21503926334225e-05  2.75624153092072e-17 -0.000613780587646279
  -0.0110600897119955    -0.429550617168051     0.467742794411358     0.461916923227089     0.461916923227079  4.53328413821481e-05 -0.000212721378568583  6.21504212171251e-05  2.06601197306251e-17   0.00061378934849168
 -0.00207957046005036    -0.461919118612635     0.461916923227089     0.533120578945907      0.49491765143171 -4.03085396425056e-05   0.00018882974926068 -1.65905297286508e-13  6.21504219942227e-05 -0.000545889993829995
 -0.00207957046004697    -0.461919118612639     0.461916923227079      0.49491765143171     0.533120578945939 -4.03085396418665e-05  0.000188829749260941 -1.65997757605153e-13 -6.21504219942146e-05 -0.000545889993829926
  7.0091558534554e-07 -4.53321883899333e-05  4.53328413821481e-05 -4.03085396425056e-05 -4.03085396418665e-05       1.9999999962178  1.77405133306226e-08 -1.73085832647034e-16  2.05427318895633e-20 -5.12136314669617e-08
-3.32766885991812e-06  0.000212718279032146 -0.000212721378568583   0.00018882974926068  0.000188829749260941  1.77405133306226e-08       1.9999999167859  7.54850119037414e-16  6.84829874741204e-21  2.40221864733303e-07
-5.93078530550597e-08  6.21503926334225e-05  6.21504212171251e-05 -1.65905297286508e-13 -1.65997757605153e-13 -1.73085832647034e-16  7.54850119037414e-16      1.99999999606146 -4.46794153751054e-21 -1.28036435542546e-16
 9.54234148181847e-20  2.75624153092072e-17  2.06601197306251e-17  6.21504219942227e-05 -6.21504219942146e-05  2.05427318895633e-20  6.84829874741204e-21 -4.46794153751054e-21      1.99999999606146   6.1693993295894e-21
 9.47490280176213e-06 -0.000613780587646279   0.00061378934849168 -0.000545889993829995 -0.000545889993829926 -5.12136314669617e-08  2.40221864733303e-07 -1.28036435542546e-16   6.1693993295894e-21      1.99999930651607
TOTAL ENERGY: -123.606609445856	 lambda: -4.5	 population of target: 4.00000039792725
1RDM: 
     1.99825075624062    0.0129304972293011    -0.011060090795392  -0.00207956966859297  -0.00207956966859446  7.07984171647525e-07 -3.37774155454807e-06 -6.06446537971389e-08 -2.89932174933996e-18  9.67140882483008e-06
   0.0129304972293011     0.467766085313712    -0.429550620265178    -0.461919111485601    -0.461919111485594 -4.58047557256424e-05  0.000216060428798138  6.35512481812599e-05 -6.01219230691152e-17 -0.000627444311811585
   -0.011060090795392    -0.429550620265178     0.467742798036348     0.461916915153137     0.461916915153135  4.58054077119978e-05 -0.000216063545158784  6.35512661958351e-05  2.22289331797299e-17  0.000627453254242045
 -0.00207956966859297    -0.461919111485601     0.461916915153137     0.533120591569996     0.494917663076867 -4.07306823271824e-05  0.000191814626203332  5.27346994248393e-12  6.35507680173201e-05 -0.000558160119735564
 -0.00207956966859446    -0.461919111485594     0.461916915153135     0.494917663076867     0.533120591569996 -4.07306823265161e-05  0.000191814626203386  5.27412094147885e-12 -6.35507680174502e-05 -0.000558160119735573
 7.07984171647525e-07 -4.58047557256424e-05  4.58054077119978e-05 -4.07306823271824e-05 -4.07306823265161e-05      1.99999999613845  1.82077186712772e-08  5.64141180613761e-16  1.74748934557396e-20 -5.29028954520633e-08
-3.37774155454807e-06  0.000216060428798138 -0.000216063545158784  0.000191814626203332  0.000191814626203386  1.82077186712772e-08      1.99999991414667 -2.52074398553311e-15  2.08071816913971e-20  2.49446289204855e-07
-6.06446537971389e-08  6.35512481812599e-05  6.35512661958351e-05  5.27346994248393e-12  5.27412094147885e-12  5.64141180613761e-16 -2.52074398553311e-15      1.99999999588193  2.19604210584052e-20  6.56763842740709e-15
-2.89932174933996e-18 -6.01219230691152e-17  2.22289331797299e-17  6.35507680173201e-05 -6.35507680174502e-05  1.74748934557396e-20  2.08071816913971e-20  2.19604210584052e-20      1.99999999588199 -5.57367684189149e-20
 9.67140882483008e-06 -0.000627444311811585  0.000627453254242045 -0.000558160119735564 -0.000558160119735573 -5.29028954520633e-08  2.49446289204855e-07  6.56763842740709e-15 -5.57367684189149e-20      1.99999927522031
TOTAL ENERGY: -123.606609609842	 lambda: -4.45	 population of target: 4.00000043457441
1RDM: 
     1.99825075626843    0.0129304981125842   -0.0110600911038282   -0.0020795688613265  -0.00207956886132557  7.15272439010193e-07 -3.42936707297453e-06 -6.20413627423905e-08 -1.83591386685209e-17   9.8762989542399e-06
   0.0129304981125842     0.467766088906347    -0.429550624922013     -0.46191910252877    -0.461919102528785 -4.62923171428789e-05  0.000219509500335506  6.50152480862187e-05  3.71658946809214e-16 -0.000641730809825005
  -0.0110600911038282    -0.429550624922013     0.467742803887153     0.461916907431899     0.461916907431904  4.62930173385214e-05 -0.000219512822659073    6.501527465698e-05 -2.91443312365533e-16  0.000641739926203716
  -0.0020795688613265     -0.46191910252877     0.461916907431899     0.533120605183289     0.494917676492434 -4.11662813054339e-05  0.000194895490165079  4.09704751288949e-12  6.50154336077355e-05 -0.000570994160579381
 -0.00207956886132557    -0.461919102528785     0.461916907431904     0.494917676492434     0.533120605183297 -4.11662813050973e-05  0.000194895490167453  4.09702695764193e-12 -6.50154336073611e-05  -0.00057099416057943
 7.15272439010193e-07 -4.62923171428789e-05  4.62930173385214e-05 -4.11662813054339e-05 -4.11662813050973e-05       1.9999999960557  1.86959623385996e-08 -1.08795650964452e-15  3.67045340604016e-20 -5.46870812641409e-08
-3.42936707297453e-06  0.000219509500335506 -0.000219512822659073  0.000194895490165079  0.000194895490167453  1.86959623385996e-08      1.99999991137962  4.05023255711026e-15 -4.22630362624772e-20  2.59218643396684e-07
-6.20413627423905e-08  6.50152480862187e-05    6.501527465698e-05  4.09704751288949e-12  4.09702695764193e-12 -1.08795650964452e-15  4.05023255711026e-15      1.99999999569002 -4.05143005173357e-21  3.20630853141344e-15
-1.83591386685209e-17  3.71658946809214e-16 -2.91443312365533e-16  6.50154336077355e-05 -6.50154336073611e-05  3.67045340604016e-20 -4.22630362624772e-20 -4.05143005173357e-21         1.99999999569  3.50265492327011e-19
  9.8762989542399e-06 -0.000641730809825005  0.000641739926203716 -0.000570994160579381  -0.00057099416057943 -5.46870812641409e-08  2.59218643396684e-07  3.20630853141344e-15  3.50265492327011e-19      1.99999924175614
TOTAL ENERGY: -123.606609783233	 lambda: -4.4	 population of target: 4.00000047376137
1RDM: 
     1.99825075624673     0.012930499153194   -0.0110600921716056   -0.0020795678896991  -0.00207956788970339  7.22779965182347e-07 -3.48258475254363e-06 -6.35057596546536e-08  1.32232697129413e-17  1.00901378892432e-05
    0.012930499153194     0.467766094195294    -0.429550629191995    -0.461919093201942    -0.461919093201925 -4.67953893119709e-05  0.000223069862825537  6.65493779801124e-05 -4.80655664497872e-17 -0.000656684186271449
  -0.0110600921716056    -0.429550629191995     0.467742809095853     0.461916898050823     0.461916898050822  4.67960600215447e-05 -0.000223073094463037   6.6549409572931e-05 -9.93645221061277e-17  0.000656693505152969
  -0.0020795678896991    -0.461919093201942     0.461916898050823     0.533120619564909     0.494917689982367 -4.16158011274604e-05  0.000198076213118098 -1.62122373361442e-12  6.65494076793597e-05  -0.00058443231352149
 -0.00207956788970339    -0.461919093201925     0.461916898050822     0.494917689982367      0.53312061956488 -4.16158011271442e-05  0.000198076213120188 -1.62351431548187e-12 -6.65494076790921e-05 -0.000584432313521456
 7.22779965182347e-07 -4.67953893119709e-05  4.67960600215447e-05 -4.16158011274604e-05 -4.16158011271442e-05       1.9999999959694  1.92063735561588e-08 -1.60072424363176e-16  1.56474489773865e-20 -5.65734587578235e-08
-3.48258475254363e-06  0.000223069862825537 -0.000223073094463037  0.000198076213118098  0.000198076213120188  1.92063735561588e-08      1.99999990847725  7.21528719730536e-16  4.82763675902808e-20  2.69582618805721e-07
-6.35057596546536e-08  6.65493779801124e-05   6.6549409572931e-05 -1.62122373361442e-12 -1.62351431548187e-12 -1.60072424363176e-16  7.21528719730536e-16      1.99999999548423 -7.35090602149222e-20 -7.59549343235387e-16
 1.32232697129413e-17 -4.80655664497872e-17 -9.93645221061277e-17  6.65494076793597e-05 -6.65494076790921e-05  1.56474489773865e-20  4.82763675902808e-20 -7.35090602149222e-20      1.99999999548423  6.97740306029924e-20
 1.00901378892432e-05 -0.000656684186271449  0.000656693505152969  -0.00058443231352149 -0.000584432313521456 -5.65734587578235e-08  2.69582618805721e-07 -7.59549343235387e-16  6.97740306029924e-20      1.99999920591719
TOTAL ENERGY: -123.606609966835	 lambda: -4.35	 population of target: 4.00000051573019
1RDM: 
     1.99825075623533    0.0129304999754698   -0.0110600937587594  -0.00207956669818352  -0.00207956669818324  7.30524920794006e-07  -3.5374918100194e-06 -6.50398717683872e-08 -1.52171890088692e-17  1.03135190392643e-05
   0.0129304999754698     0.467766100129294    -0.429550632892799    -0.461919084303276    -0.461919084303267 -4.73149148345081e-05  0.000226747483861107  6.81572437044885e-05  2.94995987296265e-16 -0.000672352104430823
  -0.0110600937587594    -0.429550632892799      0.46774281205949      0.46191688734583     0.461916887345834  4.73155557519756e-05 -0.000226750717758842  6.81573925503001e-05  -7.3241996419392e-16  0.000672361665713314
 -0.00207956669818352    -0.461919084303276      0.46191688734583     0.533120636133075     0.494917705337766 -4.20800894157029e-05  0.000201362256263819  -5.8677882838585e-11  6.81574309179963e-05 -0.000598518133280128
 -0.00207956669818324    -0.461919084303267     0.461916887345834     0.494917705337766     0.533120636133071 -4.20800894152722e-05   0.00020136225626552 -5.86810321535514e-11 -6.81574309172061e-05   -0.0005985181332772
 7.30524920794006e-07 -4.73149148345081e-05  4.73155557519756e-05 -4.20800894157029e-05 -4.20800894152722e-05      1.99999999587931  1.97405104750455e-08 -4.07217051706097e-15  5.78304082108932e-20 -5.85705629733765e-08
 -3.5374918100194e-06  0.000226747483861107 -0.000226750717758842  0.000201362256263819   0.00020136225626552  1.97405104750455e-08      1.99999990543003  2.39303795695094e-14 -1.46146597049294e-19   2.8058827654499e-07
-6.50398717683872e-08  6.81572437044885e-05  6.81573925503001e-05  -5.8677882838585e-11 -5.86810321535514e-11 -4.07217051706097e-15  2.39303795695094e-14       1.9999999952634 -9.34409826445958e-20 -7.59680250210893e-14
-1.52171890088692e-17  2.94995987296265e-16  -7.3241996419392e-16  6.81574309179963e-05 -6.81574309172061e-05  5.78304082108932e-20 -1.46146597049294e-19 -9.34409826445958e-20      1.99999999526339  7.09965650253472e-19
 1.03135190392643e-05 -0.000672352104430823  0.000672361665713314 -0.000598518133280128   -0.0005985181332772 -5.85705629733765e-08   2.8058827654499e-07 -7.59680250210893e-14  7.09965650253472e-19      1.99999916747361
TOTAL ENERGY: -123.606610161542	 lambda: -4.3	 population of target: 4.00000056075242
1RDM: 
     1.99825075623999    0.0129305008144197   -0.0110600945396718  -0.00207956579995955  -0.00207956579995879  7.38515675197841e-07 -3.59416300764168e-06 -6.66506209613194e-08 -4.45367472619784e-17  1.05471163675401e-05
   0.0129305008144197     0.467766105918873    -0.429550638184027    -0.461919073787543    -0.461919073787544 -4.78515771532427e-05  0.000230547919008319  6.98450674743114e-05  4.88848319216403e-16 -0.000688787155246387
  -0.0110600945396718    -0.429550638184027     0.467742818187663     0.461916877080941     0.461916877080949  4.78522532174434e-05 -0.000230551226011325  6.98450950355759e-05 -1.70869225669037e-15  0.000688796901155759
 -0.00207956579995955    -0.461919073787543     0.461916877080941     0.533120652710673     0.494917721211764  -4.2559804413911e-05  0.000204758638209204  1.82838688834076e-12  6.98451432422279e-05 -0.000613299466828441
 -0.00207956579995879    -0.461919073787544     0.461916877080949     0.494917721211764     0.533120652710698 -4.25598044133906e-05  0.000204758638209703  1.83054968656343e-12 -6.98451432407331e-05 -0.000613299466829803
 7.38515675197841e-07 -4.78515771532427e-05  4.78522532174434e-05  -4.2559804413911e-05 -4.25598044133906e-05      1.99999999578518  2.02998429764109e-08  4.32910775090522e-16  1.09445151560578e-19 -6.06874596372789e-08
-3.59416300764168e-06  0.000230547919008319 -0.000230551226011325  0.000204758638209204  0.000204758638209703  2.02998429764109e-08      1.99999990222845 -1.53597625804267e-15 -4.21213385717181e-19  2.92289908161035e-07
-6.66506209613194e-08  6.98450674743114e-05  6.98450950355759e-05  1.82838688834076e-12  1.83054968656343e-12  4.32910775090522e-16 -1.53597625804267e-15      1.99999999502593  1.18062414105391e-19  2.87867025615768e-15
-4.45367472619784e-17  4.88848319216403e-16 -1.70869225669037e-15  6.98451432422279e-05 -6.98451432407331e-05  1.09445151560578e-19 -4.21213385717181e-19  1.18062414105391e-19      1.99999999502592  1.26025820077184e-18
 1.05471163675401e-05 -0.000688787155246387  0.000688796901155759 -0.000613299466828441 -0.000613299466829803 -6.06874596372789e-08  2.92289908161035e-07  2.87867025615768e-15  1.26025820077184e-18      1.99999912616663
TOTAL ENERGY: -123.606610368357	 lambda: -4.25	 population of target: 4.00000060913351
1RDM: 
     1.99825075625351    0.0129305023090731   -0.0110600951574948   -0.0020795646064937  -0.00207956460649372  7.46765546561772e-07 -3.65268489858612e-06 -6.83431365780469e-08 -1.73124642326714e-17  1.07916546077469e-05
   0.0129305023090731     0.467766110245804    -0.429550643245468    -0.461919061749429    -0.461919061749428 -4.84062161940854e-05  0.000234477037948898  7.16184043978953e-05  1.82533190745627e-15  -0.00070604707453901
  -0.0110600951574948    -0.429550643245468     0.467742825968644     0.461916866993544      0.46191686699355  4.84069427895514e-05 -0.000234480586813291  7.16183849826186e-05  6.56709314398336e-16  0.000706057023005196
  -0.0020795646064937    -0.461919061749429     0.461916866993544     0.533120670869076     0.494917738616014 -4.30556654179481e-05  0.000208270663392302  2.36846505137944e-11  7.16183092500939e-05  -0.00062882906471424
 -0.00207956460649372    -0.461919061749428      0.46191686699355     0.494917738616014     0.533120670869082 -4.30556654175094e-05  0.000208270663393264  2.36831881125339e-11 -7.16183092491699e-05 -0.000628829064713786
 7.46765546561772e-07 -4.84062161940854e-05  4.84069427895514e-05 -4.30556654179481e-05 -4.30556654175094e-05      1.99999999568677  2.08859776938927e-08  1.03399561637854e-15  6.63021282766415e-20 -6.29342442531634e-08
-3.65268489858612e-06  0.000234477037948898 -0.000234480586813291  0.000208270663392302  0.000208270663393264  2.08859776938927e-08      1.99999989886221  -5.1760308553871e-15 -2.08341345218621e-19  3.04747727129102e-07
-6.83431365780469e-08  7.16184043978953e-05  7.16183849826186e-05  2.36846505137944e-11  2.36831881125339e-11  1.03399561637854e-15  -5.1760308553871e-15      1.99999999477016 -1.42553485713209e-19  3.52874088784592e-14
-1.73124642326714e-17  1.82533190745627e-15  6.56709314398336e-16  7.16183092500939e-05 -7.16183092491699e-05  6.63021282766415e-20 -2.08341345218621e-19 -1.42553485713209e-19      1.99999999477018  7.47772762151197e-19
 1.07916546077469e-05  -0.00070604707453901  0.000706057023005196  -0.00062882906471424 -0.000628829064713786 -6.29342442531634e-08  3.04747727129102e-07  3.52874088784592e-14  7.47772762151197e-19      1.99999908170456
TOTAL ENERGY: -123.606610588404	 lambda: -4.2	 population of target: 4.0000006612195
1RDM: 
     1.99825075625466    0.0129305033083494   -0.0110600963680593  -0.00207956341644364  -0.00207956341644454  7.55282728399366e-07 -3.71313734958356e-06 -7.01234189919017e-08  2.72581806167224e-17  1.10479301164328e-05
   0.0129305033083494     0.467766117603249    -0.429550648910951    -0.461919050052254    -0.461919050052257 -4.89798590636672e-05  0.000238541589727092  7.34840121553872e-05 -6.98569280190682e-16 -0.000724195834704283
  -0.0110600963680593    -0.429550648910951     0.467742832177834     0.461916854939794     0.461916854939784   4.8980387052897e-05 -0.000238545026418073  7.34840388794527e-05  5.31187034089979e-16  0.000724206039706559
 -0.00207956341644364    -0.461919050052254     0.461916854939794     0.533120690157632     0.494917756801266 -4.35685152721798e-05  0.000211904268792173   8.6642594756467e-13  7.34840623637235e-05 -0.000645165399756327
 -0.00207956341644454    -0.461919050052257     0.461916854939784     0.494917756801266     0.533120690157624 -4.35685152715583e-05   0.00021190426879261  8.67757767456657e-13  -7.3484062364528e-05 -0.000645165399759461
 7.55282728399366e-07 -4.89798590636672e-05   4.8980387052897e-05 -4.35685152721798e-05 -4.35685152715583e-05      1.99999999558383  2.15006897402024e-08  6.67972188592482e-15 -2.80072297219394e-20 -6.53222041375852e-08
-3.71313734958356e-06  0.000238541589727092 -0.000238545026418073  0.000211904268792173   0.00021190426879261  2.15006897402024e-08      1.99999989531998 -1.16403810035286e-15  2.65783066528944e-19  3.18029088286571e-07
-7.01234189919017e-08  7.34840121553872e-05  7.34840388794527e-05   8.6642594756467e-13  8.67757767456657e-13  6.67972188592482e-15 -1.16403810035286e-15      1.99999999449417  5.58097608366519e-20  3.99190702923681e-15
 2.72581806167224e-17 -6.98569280190682e-16  5.31187034089979e-16  7.34840623637235e-05  -7.3484062364528e-05 -2.80072297219394e-20  2.65783066528944e-19  5.58097608366519e-20      1.99999999449416 -8.70640694245398e-19
 1.10479301164328e-05 -0.000724195834704283  0.000724206039706559 -0.000645165399756327 -0.000645165399759461 -6.53222041375852e-08  3.18029088286571e-07  3.99190702923681e-15 -8.70640694245398e-19      1.99999903375689
TOTAL ENERGY: -123.606610822947	 lambda: -4.15	 population of target: 4.00000071740166
1RDM: 
      1.9982507562729    0.0129305041892344   -0.0110600978844087  -0.00207956204346586  -0.00207956204347009   7.6408884839941e-07 -3.77561928206739e-06 -7.19928268203075e-08  1.77415253311497e-18  1.13168245395059e-05
   0.0129305041892344     0.467766125534342    -0.429550654711606    -0.461919038023176    -0.461919038023161 -4.95733582417939e-05  0.000242748421861274  7.54491393795049e-05 -2.53182350191809e-16 -0.000743304088901262
  -0.0110600978844087    -0.429550654711606     0.467742837832845      0.46191684135842     0.461916841358409  4.95739489634124e-05  -0.00024275151810416  7.54496937310035e-05  8.86402760985781e-16  0.000743314462200386
 -0.00207956204346586    -0.461919038023176      0.46191684135842     0.533120711476932     0.494917777188716 -4.40992998997627e-05  0.000215665663694257 -2.17009955569761e-10  7.54498283740091e-05  -0.00066237294352445
