TOTAL ENERGY: -124.050330326343	 lambda: -10	 population of target: 3.61588131311387
1RDM: 
     1.99964096814826  0.000305551102402925    0.0146543064978064  -0.00703578892235709  -0.00635200972916032  1.44325031713236e-16 -1.35147774458602e-27 -1.80466508717949e-17 -1.04973555330423e-27    0.0203241658621459
 0.000305551102402925      1.99972349917142   -0.0126810687183255   0.00655673523724868   0.00478085497816096 -9.29202034273289e-17  2.22962696239658e-28 -9.06801035723375e-18 -1.73772784814188e-28   -0.0172268298118121
   0.0146543064978064   -0.0126810687183255      1.39834021555544     0.296757150001891     0.248728129356406 -5.22872545815281e-15  1.53254995818323e-26  1.09483760296795e-16  -7.0744959978488e-27    -0.828383123636852
 -0.00703578892235709   0.00655673523724868     0.296757150001891      1.83581476814642   -0.0954149013273693  1.53318489212173e-15 -2.64610587313229e-26  6.51697051338648e-16 -2.90572343911084e-26      0.39490798491249
 -0.00635200972916032   0.00478085497816096     0.248728129356406   -0.0954149013273693      1.85544405023656 -1.03144575743919e-14  6.94677750273043e-26   1.8072093147878e-14  2.02109822888209e-26     0.363385914990754
 1.44325031713236e-16 -9.29202034273289e-17 -5.22872545815281e-15  1.53318489212173e-15 -1.03144575743919e-14      1.31152883990966 -1.77582029874997e-16     0.938923636185337 -4.71759833733865e-12 -7.29758845468293e-15
-1.35147774458602e-27  2.22962696239658e-28  1.53254995818323e-26 -2.64610587313229e-26  6.94677750273043e-26 -1.77582029874997e-16      1.31152883990963  -4.7175072875468e-12    -0.938923636185345  3.43754936722892e-26
-1.80466508717949e-17 -9.06801035723375e-18  1.09483760296795e-16  6.51697051338648e-16   1.8072093147878e-14     0.938923636185337  -4.7175072875468e-12     0.719511619166164 -2.06113300196888e-16 -2.67988818065421e-16
-1.04973555330423e-27 -1.73772784814188e-28  -7.0744959978488e-27 -2.90572343911084e-26  2.02109822888209e-26 -4.71759833733865e-12    -0.938923636185345 -2.06113300196888e-16     0.719511619166197  7.99340547728554e-27
   0.0203241658621459   -0.0172268298118121    -0.828383123636852      0.39490798491249     0.363385914990754 -7.29758845468293e-15  3.43754936722892e-26 -2.67988818065421e-16  7.99340547728554e-27     0.848955580590264
TOTAL ENERGY: -124.051795730408	 lambda: -9.95	 population of target: 3.61602822167759
1RDM: 
      1.9996429186991  0.000303681619431888    0.0146070184657042   -0.0070083911755089  -0.00633971233879979  1.44121405159032e-16  -1.3504175309792e-27 -1.81247329150861e-17 -1.04959985596129e-27     0.020275581043951
 0.000303681619431888      1.99972526266383   -0.0126324007908013   0.00652982722111527   0.00476606601565875 -9.26297309567114e-17  2.22004285906733e-28 -9.04637238575021e-18 -1.73520303557609e-28   -0.0171735103452277
   0.0146070184657042   -0.0126324007908013      1.39894322509674     0.296288160050698     0.248783380543685 -5.22972568297959e-15  1.53109117915887e-26  1.09513591993566e-16 -7.09833545071379e-27    -0.828233828289491
  -0.0070083911755089   0.00652982722111527     0.296288160050698      1.83609088091979   -0.0953103189346782  1.53151634392846e-15 -2.63842441657274e-26  6.51174990705508e-16 -2.89693412458422e-26     0.394563118531269
 -0.00633971233879979   0.00476606601565875     0.248783380543685   -0.0953103189346782      1.85520213250893 -1.03057421182653e-14  6.93464007797534e-26  1.80707993671769e-14  2.01023172229415e-26     0.363797057597266
 1.44121405159032e-16 -9.26297309567114e-17 -5.22972568297959e-15  1.53151634392846e-15 -1.03057421182653e-14      1.31174904430372 -1.77601515865652e-16     0.938831831523057  -4.7171372171923e-12 -7.30565530243488e-15
 -1.3504175309792e-27  2.22004285906733e-28  1.53109117915887e-26 -2.63842441657274e-26  6.93464007797534e-26 -1.77601515865652e-16       1.3117490443037 -4.71704599851378e-12    -0.938831831523065  3.44272987073495e-26
-1.81247329150861e-17 -9.04637238575021e-18  1.09513591993566e-16  6.51174990705508e-16  1.80707993671769e-14     0.938831831523057 -4.71704599851378e-12     0.719352365735107 -2.06038364512376e-16 -2.68280477673472e-16
-1.04959985596129e-27 -1.73520303557609e-28 -7.09833545071379e-27 -2.89693412458422e-26  2.01023172229415e-26  -4.7171372171923e-12    -0.938831831523065 -2.06038364512376e-16     0.719352365735137  8.02648004681581e-27
    0.020275581043951   -0.0171735103452277    -0.828233828289491     0.394563118531269     0.363797057597266 -7.30565530243488e-15  3.44272987073495e-26 -2.68280477673472e-16  8.02648004681581e-27     0.848192760034023
TOTAL ENERGY: -124.053275096061	 lambda: -9.9	 population of target: 3.61617727706205
1RDM: 
     1.99964487177879  0.000301813602014683    0.0145595356005207  -0.00698089381320746    -0.006327339211229  1.43916545336853e-16 -1.34934686116405e-27  -1.8203319750494e-17 -1.04945933457058e-27    0.0202267969683351
 0.000301813602014683       1.9997270215296    -0.012583677445436   0.00650289454815303   0.00475124868358388 -9.23387989806273e-17  2.21044724818612e-28 -9.02460993344398e-18 -1.73266826143348e-28   -0.0171201539301353
   0.0145595356005207    -0.012583677445436      1.39955204255771     0.295815287100356     0.248837957457312 -5.23070210594067e-15  1.52961453964566e-26  1.09530145736478e-16 -7.12226248412215e-27    -0.828082496272312
 -0.00698089381320746   0.00650289454815303     0.295815287100356        1.836369156552   -0.0952045738169044  1.52979754383534e-15 -2.63070585326311e-26  6.50690685763519e-16  -2.8881304908427e-26      0.39421526003748
   -0.006327339211229   0.00475124868358388     0.248837957457312   -0.0952045738169044      1.85495911703765 -1.02969261987275e-14  6.92244582281161e-26  1.80694433694715e-14  1.99935159829734e-26     0.364210724061823
 1.43916545336853e-16 -9.23387989806273e-17 -5.23070210594067e-15  1.52979754383534e-15 -1.02969261987275e-14      1.31197154995676 -1.77621189628267e-16     0.938739197395248 -4.71667193103895e-12 -7.31377920972447e-15
-1.34934686116405e-27  2.21044724818612e-28  1.52961453964566e-26 -2.63070585326311e-26  6.92244582281161e-26 -1.77621189628267e-16      1.31197154995674 -4.71658054170212e-12    -0.938739197395256  3.44792832595107e-26
 -1.8203319750494e-17 -9.02460993344398e-18  1.09530145736478e-16  6.50690685763519e-16  1.80694433694715e-14     0.938739197395248 -4.71658054170212e-12     0.719190964657137   -2.059627207688e-16 -2.68565548050502e-16
-1.04945933457058e-27 -1.73266826143348e-28 -7.12226248412215e-27  -2.8881304908427e-26  1.99935159829734e-26 -4.71667193103895e-12    -0.938739197395256   -2.059627207688e-16     0.719190964657166  8.05958429814128e-27
   0.0202267969683351   -0.0171201539301353    -0.828082496272312      0.39421526003748     0.364210724061823 -7.31377920972447e-15  3.44792832595107e-26 -2.68565548050502e-16  8.05958429814128e-27     0.847422761316463
TOTAL ENERGY: -124.054768637176	 lambda: -9.85	 population of target: 3.61632852266568
1RDM: 
     1.99964682736957  0.000299947073543236    0.0145118566928311  -0.00695329639923519  -0.00631488950942399  1.43710437378586e-16 -1.34826559978223e-27 -1.82824155235846e-17 -1.04931393278112e-27    0.0201778124208085
 0.000299947073543236      1.99972877574968   -0.0125348985261678   0.00647593723901682   0.00473640270902445  -9.2047403603248e-17  2.20083990226732e-28 -9.00272146276905e-18 -1.73012360178154e-28   -0.0170667608108967
   0.0145118566928311   -0.0125348985261678      1.40016674979146     0.295338485264804     0.248891833181493 -5.23165406019652e-15  1.52811972857035e-26  1.09533236289657e-16 -7.14627732120535e-27    -0.827929091194544
 -0.00695329639923519   0.00647593723901682     0.295338485264804      1.83664961744554   -0.0950976456437964  1.52802782613837e-15 -2.62294996442207e-26  6.50244540115927e-16 -2.87931271400472e-26     0.393864371871401
 -0.00631488950942399   0.00473640270902445     0.248891833181493   -0.0950976456437964      1.85471500427017 -1.02880087534326e-14  6.91019444586263e-26  1.80680244156748e-14  1.98845813728995e-26     0.364626929259845
 1.43710437378586e-16  -9.2047403603248e-17 -5.23165406019652e-15  1.52802782613837e-15 -1.02880087534326e-14      1.31219639520261 -1.77641050748229e-16     0.938645720189246 -4.71620241050515e-12 -7.32196050485102e-15
-1.34826559978223e-27  2.20083990226732e-28  1.52811972857035e-26 -2.62294996442207e-26  6.91019444586263e-26 -1.77641050748229e-16      1.31219639520258  -4.7161108487176e-12    -0.938645720189255  3.45314465638685e-26
-1.82824155235846e-17 -9.00272146276905e-18  1.09533236289657e-16  6.50244540115927e-16  1.80680244156748e-14     0.938645720189246  -4.7161108487176e-12     0.719027377299948 -2.05886363316259e-16 -2.68844040432509e-16
-1.04931393278112e-27 -1.73012360178154e-28 -7.14627732120535e-27 -2.87931271400472e-26  1.98845813728995e-26 -4.71620241050515e-12    -0.938645720189255 -2.05886363316259e-16     0.719027377299977  8.09271740044158e-27
   0.0201778124208085   -0.0170667608108967    -0.827929091194544     0.393864371871401     0.364626929259845 -7.32196050485102e-15  3.45314465638685e-26 -2.68844040432509e-16  8.09271740044158e-27     0.846645480368452
TOTAL ENERGY: -124.056276572114	 lambda: -9.8	 population of target: 3.61648200300627
1RDM: 
     1.99964878545328  0.000298082057628769    0.0144639805232449  -0.00692559849705151   -0.0063023623823399  1.43503065787656e-16 -1.34717360901241e-27 -1.83620240091373e-17 -1.04916359553195e-27    0.0201286261776889
 0.000298082057628769      1.99973052530492   -0.0124860638747581   0.00644895531538229   0.00472152781319223 -9.17555390402853e-17  2.19122058196899e-28 -8.98070778152454e-18 -1.72756902416858e-28   -0.0170133312384766
   0.0144639805232449   -0.0124860638747581      1.40078743017049     0.294857707962962     0.248944979973829 -5.23258105888134e-15  1.52660643382438e-26  1.09522949309136e-16 -7.17038146754237e-27    -0.827773575853684
 -0.00692559849705151   0.00644895531538229     0.294857707962962      1.83693228627879   -0.0949895136401419  1.52620712028157e-15 -2.61515654865331e-26  6.49836131988536e-16  -2.8704805851554e-26     0.393510415869835
  -0.0063023623823399   0.00472152781319223     0.248944979973829   -0.0949895136401419      1.85446979498789 -1.02789894149699e-14  6.89788567735676e-26  1.80665427219698e-14  1.97755117249162e-26     0.365045687917005
 1.43503065787656e-16 -9.17555390402853e-17 -5.23258105888134e-15  1.52620712028157e-15 -1.02789894149699e-14      1.31242361924623  -1.7766109957645e-16     0.938551385971749 -4.71572858560799e-12 -7.33019939072211e-15
-1.34717360901241e-27  2.19122058196899e-28  1.52660643382438e-26 -2.61515654865331e-26  6.89788567735676e-26  -1.7766109957645e-16       1.3124236192462  -4.7156368495539e-12    -0.938551385971757  3.45837877540915e-26
-1.83620240091373e-17 -8.98070778152454e-18  1.09522949309136e-16  6.49836131988536e-16  1.80665427219698e-14     0.938551385971749  -4.7156368495539e-12     0.718861564130603  -2.0580928485739e-16  -2.6911613081574e-16
-1.04916359553195e-27 -1.72756902416858e-28 -7.17038146754237e-27  -2.8704805851554e-26  1.97755117249162e-26 -4.71572858560799e-12    -0.938551385971757  -2.0580928485739e-16     0.718861564130635  8.12587927151372e-27
   0.0201286261776889   -0.0170133312384766    -0.827773575853684     0.393510415869835     0.365045687917005 -7.33019939072211e-15  3.45837877540915e-26  -2.6911613081574e-16  8.12587927151372e-27     0.845860811050959
TOTAL ENERGY: -124.057799123844	 lambda: -9.75	 population of target: 3.61663776375626
1RDM: 
     1.99965074601129  0.000296218578103975    0.0144159058623051  -0.00689779966985961  -0.00628975696459841  1.43294414516468e-16 -1.34607074847458e-27 -1.84421487209023e-17 -1.04900826844874e-27    0.0200792370060409
 0.000296218578103975      1.99973227017606   -0.0124371733307215   0.00642194879996006   0.00470662371125771 -9.14631977699022e-17  2.18158903314841e-28 -8.95857184141537e-18 -1.72500440146012e-28   -0.0169598654706075
   0.0144159058623051   -0.0124371733307215      1.40141416862177     0.294372907905916     0.248997369238799 -5.23348277728108e-15  1.52507434508988e-26  1.09499617828931e-16 -7.19457755093053e-27    -0.827615912213645
 -0.00689779966985961   0.00642194879996006     0.294372907905916      1.83721718600982   -0.0948801565744418  1.52433589479597e-15 -2.60732543109583e-26  6.49464289703437e-16 -2.86163356098302e-26     0.393153353254409
 -0.00628975696459841   0.00470662371125771     0.248997369238799   -0.0948801565744418      1.85422349032253 -1.02698684445607e-14  6.88551927985216e-26  1.80649993703996e-14  1.96663014956706e-26     0.365467014594677
 1.43294414516468e-16 -9.14631977699022e-17 -5.23348277728108e-15  1.52433589479597e-15 -1.02698684445607e-14      1.31265326218874 -1.77681337122011e-16     0.938456180479182 -4.71525038470658e-12 -7.33849595785604e-15
-1.34607074847458e-27  2.18158903314841e-28  1.52507434508988e-26 -2.60732543109583e-26  6.88551927985216e-26 -1.77681337122011e-16      1.31265326218871 -4.71515847254442e-12     -0.93845618047919  3.46363058421248e-26
-1.84421487209023e-17 -8.95857184141537e-18  1.09499617828931e-16  6.49464289703437e-16  1.80649993703996e-14     0.938456180479182 -4.71515847254442e-12     0.718693484689428 -2.05731476839669e-16 -2.69382142266395e-16
-1.04900826844874e-27 -1.72500440146012e-28 -7.19457755093053e-27 -2.86163356098302e-26  1.96663014956706e-26 -4.71525038470658e-12     -0.93845618047919 -2.05731476839669e-16     0.718693484689456   8.1590704645052e-27
   0.0200792370060409   -0.0169598654706075    -0.827615912213645     0.393153353254409     0.365467014594677 -7.33849595785604e-15  3.46363058421248e-26 -2.69382142266395e-16   8.1590704645052e-27     0.845068645102208
TOTAL ENERGY: -124.05933652007	 lambda: -9.7	 population of target: 3.61679585177932
1RDM: 
     1.99965270902456  0.000294356659025227    0.0143676314703855  -0.00686989948067589  -0.00627707237616673  1.43084467307417e-16 -1.34495687526997e-27 -1.85227933299118e-17 -1.04884789585257e-27    0.0200296436636157
 0.000294356659025227       1.9997340103438    -0.012388226731254   0.00639491771651283   0.00469169011217856 -9.11703720161964e-17  2.17194499023347e-28 -8.93631677920433e-18 -1.72242960562404e-28   -0.0169063637719618
   0.0143676314703855    -0.012388226731254       1.4020470516629     0.293884037083881     0.249048971500259 -5.23435888804856e-15  1.52352314967189e-26   1.0946359560623e-16  -7.2188682369937e-27    -0.827456061382142
 -0.00686989948067589   0.00639491771651283     0.293884037083881       1.8375043398801   -0.0947695527471066  1.52241465290832e-15 -2.59945645118453e-26  6.49127781342908e-16 -2.85277109373275e-26      0.39279314461961
 -0.00627707237616673   0.00469169011217856     0.249048971500259   -0.0947695527471066      1.85397609177296 -1.02606461421873e-14  6.87309503396574e-26  1.80633955043565e-14  1.95569451142709e-26     0.365890923674692
 1.43084467307417e-16 -9.11703720161964e-17 -5.23435888804856e-15  1.52241465290832e-15 -1.02606461421873e-14       1.3128853650532 -1.77701764340308e-16     0.938360089107656 -4.71476773445063e-12 -7.34685028694222e-15
-1.34495687526997e-27  2.17194499023347e-28  1.52352314967189e-26 -2.59945645118453e-26  6.87309503396574e-26 -1.77701764340308e-16      1.31288536505317 -4.71467564431288e-12    -0.938360089107664  3.46889997410176e-26
-1.85227933299118e-17 -8.93631677920433e-18   1.0946359560623e-16  6.49127781342908e-16  1.80633955043565e-14     0.938360089107656 -4.71467564431288e-12     0.718523097563104 -2.05652930594025e-16 -2.69642407755084e-16
-1.04884789585257e-27 -1.72242960562404e-28  -7.2188682369937e-27 -2.85277109373275e-26  1.95569451142709e-26 -4.71476773445063e-12    -0.938360089107664 -2.05652930594025e-16     0.718523097563133  8.19229151199401e-27
   0.0200296436636157   -0.0169063637719618    -0.827456061382142      0.39279314461961     0.365890923674692 -7.34685028694222e-15  3.46889997410176e-26 -2.69642407755084e-16  8.19229151199401e-27     0.844268872083111
TOTAL ENERGY: -124.060888993357	 lambda: -9.65	 population of target: 3.61695631516832
1RDM: 
     1.99965467447359  0.000292496324674703    0.0143191560975854  -0.00684189749240031   -0.0062643077220271  1.42873207545689e-16 -1.34383184386275e-27 -1.86039615027644e-17 -1.04868242149826e-27      0.01997984489879
 0.000292496324674703      1.99973574578874   -0.0123392239111557   0.00636786208986798   0.00467672671852235 -9.08770530017351e-17  2.16228817227655e-28 -8.91394689826671e-18 -1.71984446344707e-28   -0.0168528264143228
   0.0143191560975854   -0.0123392239111557      1.40268616743918     0.293391046752811      0.24909975637302 -5.23520914261984e-15  1.52195253640022e-26  1.09415370509131e-16 -7.24325674168187e-27    -0.827293983587396
 -0.00684189749240031   0.00636786208986798     0.293391046752811      1.83779377141836   -0.0946576799784092  1.52044418211598e-15 -2.59154947511824e-26  6.48824972390886e-16 -2.84389247647108e-26       0.3924297499205
  -0.0062643077220271   0.00467672671852235      0.24909975637302   -0.0946576799784092      1.85372760122301 -1.02513231380369e-14  6.86061275297505e-26  1.80617327268096e-14  1.94474351814684e-26     0.366317429343266
 1.42873207545689e-16 -9.08770530017351e-17 -5.23520914261984e-15  1.52044418211598e-15 -1.02513231380369e-14      1.31311996981142 -1.77722382391994e-16     0.938263096902557 -4.71428055972847e-12 -7.35526239889201e-15
-1.34383184386275e-27  2.16228817227655e-28  1.52195253640022e-26 -2.59154947511824e-26  6.86061275297505e-26 -1.77722382391994e-16      1.31311996981139 -4.71418828972035e-12    -0.938263096902565  3.47418682378384e-26
-1.86039615027644e-17 -8.91394689826671e-18  1.09415370509131e-16  6.48824972390886e-16  1.80617327268096e-14     0.938263096902557 -4.71418828972035e-12     0.718350360356668 -2.05573636880855e-16 -2.69897336397154e-16
-1.04868242149826e-27 -1.71984446344707e-28 -7.24325674168187e-27 -2.84389247647108e-26  1.94474351814684e-26 -4.71428055972847e-12    -0.938263096902565 -2.05573636880855e-16     0.718350360356697  8.22554322562173e-27
     0.01997984489879   -0.0168528264143228    -0.827293983587396       0.3924297499205     0.366317429343266 -7.35526239889201e-15  3.47418682378384e-26 -2.69897336397154e-16  8.22554322562173e-27     0.843461379321014
TOTAL ENERGY: -124.062456781267	 lambda: -9.6	 population of target: 3.61711920328471
1RDM: 
     1.99965664233842  0.000290637599562648     0.014270478483625   -0.0068137932678911  -0.00625146209183841  1.42660618590241e-16 -1.34269550617676e-27 -1.86856573008978e-17  -1.0485117867475e-27     0.019929839450508
 0.000290637599562648      1.99973747649139   -0.0122901647027528   0.00634078194593446   0.00466173322628297 -9.05832325774562e-17  2.15261828965091e-28 -8.89146551518697e-18 -1.71724885569587e-28   -0.0167992536767665
    0.014270478483625   -0.0122901647027528      1.40333160576169     0.292893887420776     0.249149692533369 -5.23603319046018e-15  1.52036218776998e-26   1.0935531553567e-16 -7.26774568557449e-27    -0.827129638154049
  -0.0068137932678911   0.00634078194593446     0.292893887420776      1.83808550444447   -0.0945445155959507  1.51842500350375e-15 -2.58360437243304e-26  6.48554579584192e-16 -2.83499718996262e-26     0.392063128460177
 -0.00625146209183841   0.00466173322628297     0.249149692533369   -0.0945445155959507      1.85347802095974  -1.0241899749249e-14  6.84807225549653e-26  1.80600122220299e-14  1.93377665099166e-26     0.366746545574178
 1.42660618590241e-16 -9.05832325774562e-17 -5.23603319046018e-15  1.51842500350375e-15  -1.0241899749249e-14      1.31335711941166 -1.77743191950245e-16     0.938165188547725 -4.71378878361194e-12 -7.36373236503145e-15
-1.34269550617676e-27  2.15261828965091e-28  1.52036218776998e-26 -2.58360437243304e-26  6.84807225549653e-26 -1.77743191950245e-16      1.31335711941163 -4.71369633181224e-12    -0.938165188547733  3.47949100384126e-26
-1.86856573008978e-17 -8.89146551518697e-18   1.0935531553567e-16  6.48554579584192e-16  1.80600122220299e-14     0.938165188547725 -4.71369633181224e-12      0.71817522966471 -2.05493587222935e-16 -2.70147266073793e-16
 -1.0485117867475e-27 -1.71724885569587e-28 -7.26774568557449e-27 -2.83499718996262e-26  1.93377665099166e-26 -4.71378878361194e-12    -0.938165188547733 -2.05493587222935e-16      0.71817522966474  8.25882601832002e-27
    0.019929839450508   -0.0167992536767665    -0.827129638154049     0.392063128460177     0.366746545574178 -7.36373236503145e-15  3.47949100384126e-26 -2.70147266073793e-16  8.25882601832002e-27     0.842646051851639
TOTAL ENERGY: -124.064040126496	 lambda: -9.55	 population of target: 3.61728456679944
1RDM: 
     1.99965861259865  0.000288780508429573    0.0142215973577382  -0.00678558637004214  -0.00623853455958596   1.4244668362682e-16 -1.34154771149922e-27 -1.87678850160993e-17  -1.0483359313495e-27    0.0198796260482225
 0.000288780508429573       1.9997392024322   -0.0122410489358145   0.00631367731171618   0.00464670932469136  -9.0288902567292e-17  2.14293504172401e-28 -8.86887581901108e-18 -1.71464267682686e-28   -0.0167456458458448
   0.0142215973577382   -0.0122410489358145      1.40398345814657     0.292392508834007     0.249198747688564 -5.23683065040705e-15  1.51875178203571e-26   1.0928378818832e-16 -7.29233756078606e-27    -0.826962983478335
 -0.00678558637004214   0.00631367731171618     0.292392508834007      1.83837956307335   -0.0944300364219777  1.51635759176209e-15 -2.57562102303873e-26  6.48315369401961e-16 -2.82608476101342e-26     0.391693238877014
 -0.00623853455958596   0.00464670932469136     0.249198747688564   -0.0944300364219777      1.85322735369299 -1.02323762371589e-14  6.83547337376223e-26  1.80582351066921e-14  1.92279344735596e-26     0.367178286110916
  1.4244668362682e-16  -9.0288902567292e-17 -5.23683065040705e-15  1.51635759176209e-15 -1.02323762371589e-14      1.31359685780721 -1.77764193508159e-16     0.938066348354332 -4.71329232730063e-12 -7.37226026229097e-15
-1.34154771149922e-27  2.14293504172401e-28  1.51875178203571e-26 -2.57562102303873e-26  6.83547337376223e-26 -1.77764193508159e-16      1.31359685780718 -4.71319969176158e-12    -0.938066348354339  3.48481237505988e-26
-1.87678850160993e-17 -8.86887581901108e-18   1.0928378818832e-16  6.48315369401961e-16  1.80582351066921e-14     0.938066348354332 -4.71319969176158e-12     0.717997661041355 -2.05412773270301e-16 -2.70392522777805e-16
 -1.0483359313495e-27 -1.71464267682686e-28 -7.29233756078606e-27 -2.82608476101342e-26  1.92279344735596e-26 -4.71329232730063e-12    -0.938066348354339 -2.05412773270301e-16     0.717997661041384  8.29214018340023e-27
   0.0198796260482225   -0.0167456458458448    -0.826962983478335     0.391693238877014     0.367178286110916 -7.37226026229097e-15  3.48481237505988e-26 -2.70392522777805e-16  8.29214018340023e-27       0.8418227723592
TOTAL ENERGY: -124.065639277017	 lambda: -9.5	 population of target: 3.61745245773535
1RDM: 
     1.99966058523339  0.000286925076248442     0.014172511438563   -0.0067572763618606  -0.00622552418322447  1.42231385749374e-16 -1.34038830648603e-27 -1.88506492733922e-17 -1.04815479299755e-27    0.0198292034118361
 0.000286925076248442      1.99974092359153   -0.0121918764374654   0.00628654821532622    0.0046316546960182 -8.99940552645634e-17  2.13323811986507e-28 -8.84618021145515e-18 -1.71202586396229e-28   -0.0166920032157722
    0.014172511438563   -0.0121918764374654      1.40464181785533     0.291886859962611     0.249246888545239 -5.23760105495426e-15    1.517120989399e-26  1.09201054215855e-16  -7.3170343970086e-27    -0.826793977002386
  -0.0067572763618606   0.00628654821532622     0.291886859962611      1.83867597171893   -0.0943142187600164  1.51424220761519e-15 -2.56759930627231e-26  6.48106387547254e-16 -2.81715486296856e-26      0.39132003913142
 -0.00622552418322447    0.0046316546960182     0.249246888545239   -0.0943142187600164      1.85297560257523 -1.02227526118988e-14  6.82281594090152e-26  1.80564021627368e-14   1.9117936176491e-26     0.367612664448175
 1.42231385749374e-16 -8.99940552645634e-17 -5.23760105495426e-15  1.51424220761519e-15 -1.02227526118988e-14      1.31383922998619 -1.77785387146152e-16     0.937966560249166 -4.71279111006304e-12 -7.38084620579577e-15
-1.34038830648603e-27  2.13323811986507e-28    1.517120989399e-26 -2.56759930627231e-26  6.82281594090152e-26 -1.77785387146152e-16      1.31383922998616 -4.71269828881083e-12    -0.937966560249174   3.4901507903265e-26
-1.88506492733922e-17 -8.84618021145515e-18  1.09201054215855e-16  6.48106387547254e-16  1.80564021627368e-14     0.937966560249166 -4.71269828881083e-12     0.717817608969367 -2.05331187219402e-16 -2.70633376706444e-16
-1.04815479299755e-27 -1.71202586396229e-28  -7.3170343970086e-27 -2.81715486296856e-26   1.9117936176491e-26 -4.71279111006304e-12    -0.937966560249174 -2.05331187219402e-16     0.717817608969399  8.32548570257282e-27
   0.0198292034118361   -0.0166920032157722    -0.826793977002386      0.39132003913142     0.367612664448175 -7.38084620579577e-15   3.4901507903265e-26 -2.70633376706444e-16  8.32548570257282e-27     0.840991421114543
TOTAL ENERGY: -124.067254486225	 lambda: -9.45	 population of target: 3.61762292951136
1RDM: 
      1.9996625602213   0.00028507132822698    0.0141232194340325  -0.00672886280654993  -0.00621243000430963  1.42014707916398e-16 -1.33921713510518e-27 -1.89339549876463e-17 -1.04796830755002e-27    0.0197785702516462
  0.00028507132822698      1.99974263994964   -0.0121426470320975   0.00625939468600118    0.0046165690153721 -8.96986833052024e-17  2.12352720762975e-28 -8.82338046872308e-18 -1.70939838831027e-28   -0.0166383260886235
   0.0141232194340325   -0.0121426470320975      1.40530677993633     0.291376888985985     0.249294080776696 -5.23834386328027e-15  1.51546947130775e-26  1.09107306408024e-16 -7.34183786202342e-27    -0.826622575187741
 -0.00672886280654993   0.00625939468600118     0.291376888985985      1.83897475509824   -0.0941970383813546  1.51207894012547e-15 -2.55953909949254e-26  6.47926900931064e-16 -2.80820728482728e-26     0.390943486492436
 -0.00621243000430963    0.0046165690153721     0.249294080776696   -0.0941970383813546      1.85272277122268 -1.02130286821275e-14  6.81009978937556e-26  1.80545139049859e-14  1.90077700920906e-26     0.368049693812231
 1.42014707916398e-16 -8.96986833052024e-17 -5.23834386328027e-15  1.51207894012547e-15 -1.02130286821275e-14      1.31408428200225 -1.77806772571198e-16     0.937865807762627 -4.71228504917617e-12 -7.38949033945202e-15
-1.33921713510518e-27  2.12352720762975e-28  1.51546947130775e-26 -2.55953909949254e-26  6.81009978937556e-26 -1.77806772571198e-16      1.31408428200222 -4.71219204021127e-12    -0.937865807762634  3.49550609459176e-26
-1.89339549876463e-17 -8.82338046872308e-18  1.09107306408024e-16  6.47926900931064e-16  1.80545139049859e-14     0.937865807762627 -4.71219204021127e-12     0.717635026828017  -2.0524882175386e-16 -2.70870054354734e-16
-1.04796830755002e-27 -1.70939838831027e-28 -7.34183786202342e-27 -2.80820728482728e-26  1.90077700920906e-26 -4.71228504917617e-12    -0.937865807762634  -2.0524882175386e-16     0.717635026828047  8.35886230970055e-27
   0.0197785702516462   -0.0166383260886235    -0.826622575187741     0.390943486492436     0.368049693812231 -7.38949033945202e-15  3.49550609459176e-26 -2.70870054354734e-16  8.35886230970055e-27     0.840151875911351
TOTAL ENERGY: -124.068886013093	 lambda: -9.4	 population of target: 3.61779603698815
1RDM: 
     1.99966453754051  0.000283219289809871    0.0140737200412629  -0.00670034526759521  -0.00619925104761807  1.41796633018179e-16 -1.33803403864282e-27 -1.90178074471207e-17 -1.04777640868604e-27    0.0197277252682874
 0.000283219289809871      1.99974435148673   -0.0120933605412748   0.00623221675411436   0.00460145195048807 -8.94027801771496e-17  2.11380198486408e-28  -8.8004770636258e-18  -1.7067602835822e-28   -0.0165846147745297
   0.0140737200412629   -0.0120933605412748      1.40597844126743     0.290862543277923     0.249340288988971 -5.23905840416615e-15  1.51379687541476e-26  1.09002586364742e-16 -7.36674893470836e-27     -0.82644873348796
 -0.00670034526759521   0.00623221675411436     0.290862543277923      1.83927593823546   -0.0940784705110327  1.50986753609749e-15 -2.55144026353932e-26  6.47776631656457e-16 -2.79924202905199e-26     0.390563537524004
 -0.00619925104761807   0.00460145195048807     0.249340288988971   -0.0940784705110327      1.85246886373723 -1.02032038563969e-14  6.79732473409829e-26  1.80525703091663e-14   1.8897437198913e-26     0.368489387140307
 1.41796633018179e-16 -8.94027801771496e-17 -5.23905840416615e-15  1.50986753609749e-15 -1.02032038563969e-14      1.31433206100635 -1.77828349002881e-16     0.937764074016213 -4.71177405986248e-12 -7.39819286838688e-15
-1.33803403864282e-27  2.11380198486408e-28  1.51379687541476e-26 -2.55144026353932e-26  6.79732473409829e-26 -1.77828349002881e-16      1.31433206100633 -4.71168086116034e-12     -0.93776407401622  3.50087812738665e-26
-1.90178074471207e-17  -8.8004770636258e-18  1.09002586364742e-16  6.47776631656457e-16  1.80525703091663e-14     0.937764074016213 -4.71168086116034e-12     0.717449866859858  -2.0516567021251e-16 -2.71102694764335e-16
-1.04777640868604e-27  -1.7067602835822e-28 -7.36674893470836e-27 -2.79924202905199e-26   1.8897437198913e-26 -4.71177405986248e-12     -0.93776407401622  -2.0516567021251e-16     0.717449866859887   8.3922693081815e-27
   0.0197277252682874   -0.0165846147745297     -0.82644873348796     0.390563537524004     0.368489387140307 -7.39819286838688e-15  3.50087812738665e-26 -2.71102694764335e-16   8.3922693081815e-27     0.839304012000252
TOTAL ENERGY: -124.070534122326	 lambda: -9.35	 population of target: 3.61797183651583
1RDM: 
      1.9996665171687  0.000281368986681098    0.0140240119464398  -0.00667172330884978  -0.00618598632075945  1.41577143642788e-16 -1.33683885551138e-27 -1.91022120541858e-17 -1.04757902905978e-27    0.0196766671526777
 0.000281368986681098       1.9997460581829   -0.0120440167836371   0.00620501445118948   0.00458630316151185 -8.91063389825163e-17  2.10406212067274e-28 -8.77747079317867e-18 -1.70411157328796e-28   -0.0165308695918879
   0.0140240119464398   -0.0120440167836371      1.40665690059993     0.290343769391306     0.249385476685748 -5.23974401124127e-15  1.51210284279679e-26  1.08886972568736e-16 -7.39176874620721e-27    -0.826272406320317
 -0.00667172330884978   0.00620501445118948     0.290343769391306      1.83957954646611   -0.0939584898133828  1.50760781357465e-15 -2.54330266546982e-26  6.47655189804961e-16 -2.79025905795862e-26     0.390180148070791
 -0.00618598632075945   0.00458630316151185     0.249385476685748   -0.0939584898133828       1.8522138847293 -1.01932776258617e-14  6.78449059904815e-26  1.80505714715891e-14  1.87869380302314e-26     0.368931757059055
 1.41577143642788e-16 -8.91063389825163e-17 -5.23974401124127e-15  1.50760781357465e-15 -1.01932776258617e-14      1.31458261527987 -1.77850115671892e-16     0.937661341709497 -4.71125805522526e-12 -7.40695397659908e-15
-1.33683885551138e-27  2.10406212067274e-28  1.51210284279679e-26 -2.54330266546982e-26  6.78449059904815e-26 -1.77850115671892e-16      1.31458261527985 -4.71116466473569e-12    -0.937661341709505  3.50626671798617e-26
-1.91022120541858e-17 -8.77747079317867e-18  1.08886972568736e-16  6.47655189804961e-16  1.80505714715891e-14     0.937661341709497 -4.71116466473569e-12     0.717262080136267 -2.05081725863889e-16 -2.71331458845175e-16
-1.04757902905978e-27 -1.70411157328796e-28 -7.39176874620721e-27 -2.79025905795862e-26  1.87869380302314e-26 -4.71125805522526e-12    -0.937661341709505 -2.05081725863889e-16     0.717262080136298  8.42570605950842e-27
   0.0196766671526777   -0.0165308695918879    -0.826272406320317     0.390180148070791     0.368931757059055 -7.40695397659908e-15  3.50626671798617e-26 -2.71331458845175e-16  8.42570605950842e-27      0.83844770202075
TOTAL ENERGY: -124.072199084528	 lambda: -9.3	 population of target: 3.61815038598338
1RDM: 
     1.99966849908306  0.000279520444766146     0.013974093824704  -0.00664299649462691  -0.00617263481377443  1.41356222269873e-16 -1.33563142132105e-27 -1.91871745543987e-17 -1.04737609930272e-27    0.0196253945859636
 0.000279520444766146       1.9997477600182   -0.0119946155747962   0.00617778780991266   0.00457112230077272 -8.88093536619823e-17  2.09430728180062e-28 -8.75436115693439e-18 -1.70145234090241e-28   -0.0164770908675674
    0.013974093824704   -0.0119946155747962      1.40734225860371     0.289820513042548     0.249429606231932 -5.24039988711953e-15  1.51038699817078e-26  1.08760393169429e-16 -7.41689777079765e-27    -0.826093547036584
 -0.00664299649462691   0.00617778780991266     0.289820513042548      1.83988560544124    -0.093837070377164  1.50529925193864e-15 -2.53512614969508e-26  6.47562635595901e-16  -2.7812585367674e-26     0.389793273243822
 -0.00617263481377443   0.00457112230077272     0.249429606231932    -0.093837070377164      1.85195783934179 -1.01832490864433e-14  6.77159718369532e-26   1.8048516955443e-14  1.86762754994721e-26     0.369376815861761
 1.41356222269873e-16 -8.88093536619823e-17 -5.24039988711953e-15  1.50529925193864e-15 -1.01832490864433e-14      1.31483599426874 -1.77872071245033e-16      0.93755759310666 -4.71073694618012e-12 -7.41577390650901e-15
-1.33563142132105e-27  2.09430728180062e-28  1.51038699817078e-26 -2.53512614969508e-26  6.77159718369532e-26 -1.77872071245033e-16      1.31483599426871 -4.71064336182799e-12    -0.937557593106668    3.511671690693e-26
-1.91871745543987e-17 -8.75436115693439e-18  1.08760393169429e-16  6.47562635595901e-16   1.8048516955443e-14      0.93755759310666 -4.71064336182799e-12     0.717071616521785 -2.04996982569104e-16 -2.71556422743749e-16
-1.04737609930272e-27 -1.70145234090241e-28 -7.41689777079765e-27  -2.7812585367674e-26  1.86762754994721e-26 -4.71073694618012e-12    -0.937557593106668 -2.04996982569104e-16     0.717071616521815  8.45917152194107e-27
   0.0196253945859636   -0.0164770908675674    -0.826093547036584     0.389793273243822     0.369376815861761 -7.41577390650901e-15    3.511671690693e-26 -2.71556422743749e-16  8.45917152194107e-27     0.837582815930999
TOTAL ENERGY: -124.073881176365	 lambda: -9.25	 population of target: 3.61833174486991
1RDM: 
     1.99967048326019  0.000277673690234375    0.0139239643400334  -0.00661416438979298  -0.00615919549872299  1.41133851143896e-16 -1.33441156874395e-27 -1.92727009002323e-17 -1.04716754862687e-27    0.0195739062394675
 0.000277673690234375      1.99974945697255   -0.0119451567272314   0.00615053686414604    0.0045559090125519 -8.85118183748249e-17  2.08453712941759e-28  -8.7311471688681e-18 -1.69878269308211e-28    -0.016423278937132
   0.0139239643400334   -0.0119451567272314      1.40803461791371     0.289292719095592     0.249472638815931 -5.24102517054031e-15  1.50864895287387e-26  1.08622719836423e-16 -7.44213625212938e-27    -0.825912107892754
 -0.00661416438979298   0.00615053686414604     0.289292719095592      1.84019414113165   -0.0937141857002177  1.50294119869513e-15 -2.52691054793418e-26  6.47499195692115e-16  -2.7722407049096e-26     0.389402867405641
 -0.00615919549872299    0.0045559090125519     0.249472638815931   -0.0937141857002177      1.85170073327493 -1.01731171804061e-14  6.75864427472008e-26  1.80464061207387e-14  1.85654534026343e-26     0.369824575484515
 1.41133851143896e-16 -8.85118183748249e-17 -5.24102517054031e-15  1.50294119869513e-15 -1.01731171804061e-14      1.31509224861885 -1.77894214227355e-16     0.937452810022412 -4.71021064138488e-12 -7.42465291720028e-15
-1.33441156874395e-27  2.08453712941759e-28  1.50864895287387e-26 -2.52691054793418e-26  6.75864427472008e-26 -1.77894214227355e-16      1.31509224861883 -4.71011686106996e-12     -0.93745281002242  3.51709286245748e-26
-1.92727009002323e-17  -8.7311471688681e-18  1.08622719836423e-16  6.47499195692115e-16  1.80464061207387e-14     0.937452810022412 -4.71011686106996e-12     0.716878424637089  -2.0491143446578e-16 -2.71777632975052e-16
-1.04716754862687e-27 -1.69878269308211e-28 -7.44213625212938e-27  -2.7722407049096e-26  1.85654534026343e-26 -4.71021064138488e-12     -0.93745281002242  -2.0491143446578e-16      0.71687842463712  8.49266449990624e-27
   0.0195739062394675    -0.016423278937132    -0.825912107892754     0.389402867405641     0.369824575484515 -7.42465291720028e-15  3.51709286245748e-26 -2.71777632975052e-16  8.49266449990624e-27     0.836709220935126
TOTAL ENERGY: -124.075580680748	 lambda: -9.2	 population of target: 3.61851597429823
1RDM: 
     1.99967246967622  0.000275828749501267    0.0138736221451261  -0.00658522655986451  -0.00614566732926079  1.40910012216454e-16 -1.33317912740588e-27 -1.93587971966946e-17 -1.04695330505195e-27    0.0195222007746363
 0.000275828749501267       1.9997511490258   -0.0118956400501768   0.00612326164893763    0.0045406629328408 -8.82137272109602e-17  2.07475131723615e-28 -8.70782773128886e-18 -1.69610274311639e-28   -0.0163694341450587
   0.0138736221451261   -0.0118956400501768       1.4087340831778     0.288760331545573     0.249514534410596  -5.2416189668621e-15  1.50688830635117e-26  1.08473811012471e-16 -7.46748439569087e-27     -0.82572804001785
 -0.00658522655986451   0.00612326164893763     0.288760331545573      1.84050517983237   -0.0935898086737263  1.50053296430427e-15  -2.5186556846249e-26  6.47465132804202e-16 -2.76320581814455e-26     0.389008884155173
 -0.00614566732926079    0.0045406629328408     0.249514534410596   -0.0935898086737263      1.85144257281246   -1.016288080713e-14  6.74563165242246e-26  1.80442382756628e-14   1.8454475745546e-26     0.370275047481148
 1.40910012216454e-16 -8.82137272109602e-17  -5.2416189668621e-15  1.50053296430427e-15   -1.016288080713e-14      1.31535143021287 -1.77916542971959e-16     0.937346973807496 -4.70967904716681e-12  -7.4335912651515e-15
-1.33317912740588e-27  2.07475131723615e-28  1.50688830635117e-26  -2.5186556846249e-26  6.74563165242246e-26 -1.77916542971959e-16      1.31535143021284 -4.70958506876333e-12    -0.937346973807504  3.52253004140309e-26
-1.93587971966946e-17 -8.70782773128886e-18  1.08473811012471e-16  6.47465132804202e-16  1.80442382756628e-14     0.937346973807496 -4.70958506876333e-12     0.716682451820628 -2.04825075591478e-16 -2.71995131524753e-16
-1.04695330505195e-27 -1.69610274311639e-28 -7.46748439569087e-27 -2.76320581814455e-26   1.8454475745546e-26 -4.70967904716681e-12    -0.937346973807504 -2.04825075591478e-16     0.716682451820657  8.52618375478184e-27
   0.0195222007746363   -0.0163694341450587     -0.82572804001785     0.389008884155173     0.370275047481148  -7.4335912651515e-15  3.52253004140309e-26 -2.71995131524753e-16  8.52618375478184e-27     0.835826781408302
TOTAL ENERGY: -124.077297887009	 lambda: -9.15	 population of target: 3.61870313709041
1RDM: 
      1.9996744583068  0.000273985649230834    0.0138230658812807  -0.00655618257110969  -0.00613204924020255  1.40684687168671e-16 -1.33193392383193e-27 -1.94454697368155e-17 -1.04673329524317e-27    0.0194702768429926
 0.000273985649230834      1.99975283615776   -0.0118460653495082   0.00609596220053495   0.00452538368909107 -8.79150744084353e-17  2.06494949326217e-28 -8.68440134134132e-18  -1.6934126231011e-28   -0.0163155568449723
   0.0138230658812807   -0.0118460653495082      1.40944076110604     0.288223293502156      0.24955525173266 -5.24218032287549e-15  1.50510464362097e-26  1.08313478055634e-16 -7.49294222944005e-27    -0.825541293381616
 -0.00655618257110969   0.00609596220053495     0.288223293502156      1.84081874816695   -0.0934639115659042  1.49807374845434e-15 -2.51036137019126e-26  6.47460846647233e-16 -2.75415419025234e-26     0.388611276312246
