TOTAL ENERGY: -124.412064226103	 lambda: -10	 population of target: 3.91402795509578
1RDM: 
     1.99996481768262  2.00104026361459e-05  -0.00316897121693951   0.00177545434602628  -0.00557875218865116  5.51190076943248e-18  1.18817786207288e-16  1.40502334466146e-16  6.49944632963131e-18   0.00508579170921713
 2.00104026361459e-05        1.999968196825   0.00218634775779385  -0.00199767825010475    0.0025038236158571 -3.21732120940554e-18 -6.93544774637054e-17 -5.47761885774732e-17 -2.53387198120174e-18  -0.00276475200335316
 -0.00316897121693951   0.00218634775779385        1.706016816684      0.18199830551083    -0.487461168180518  5.69638852974386e-16  1.22794711164267e-14  9.35343213978721e-15  4.32676992625693e-16     0.455208503034143
  0.00177545434602628  -0.00199767825010475      0.18199830551083       1.8532859068048     0.242564962835471 -2.43869452532035e-16 -5.25699326150725e-15  -7.1223150824596e-15 -3.29468532546369e-16    -0.249144108845792
 -0.00557875218865116    0.0025038236158571    -0.487461168180518     0.242564962835471      1.08874002512431  1.70541536992869e-15  3.67629408103382e-14 -8.74234162308159e-15 -4.04408776029599e-16     0.811610910409928
 5.51190076943248e-18 -3.21732120940554e-18  5.69638852974386e-16 -2.43869452532035e-16  1.70541536992869e-15       1.5307605674632 -1.32979954209303e-15  0.000109087326090252     0.835220171257822 -4.16165376769609e-16
 1.18817786207288e-16 -6.93544774637054e-17  1.22794711164267e-14 -5.25699326150725e-15  3.67629408103382e-14 -1.32979954209303e-15       1.5307605674615     0.835220171258859 -0.000109087326089102 -8.97110653439471e-15
 1.40502334466146e-16 -5.47761885774732e-17  9.35343213978721e-15  -7.1223150824596e-15 -8.74234162308159e-15  0.000109087326090252     0.835220171258859     0.513352596319256  1.70414100958058e-15 -3.50858143368616e-14
 6.49944632963131e-18 -2.53387198120174e-18  4.32676992625693e-16 -3.29468532546369e-16 -4.04408776029599e-16     0.835220171257822 -0.000109087326089102  1.70414100958058e-15     0.513352596317559 -1.62302192320879e-15
  0.00508579170921713  -0.00276475200335316     0.455208503034143    -0.249144108845792     0.811610910409928 -4.16165376769609e-16 -8.97110653439471e-15 -3.50858143368616e-14 -1.62302192320879e-15      1.26379790931774
TOTAL ENERGY: -124.41269355539	 lambda: -9.95	 population of target: 3.9140910460146
1RDM: 
     1.99996501497126  1.99125299469871e-05   -0.0031573697713203   0.00176620123408771  -0.00556472232174266  5.49709527830888e-18  1.18498630307411e-16  1.40153731656424e-16   6.4833204396299e-18   0.00507272504431535
 1.99125299469871e-05      1.99996822890206   0.00218131430493648  -0.00199391360279488   0.00249757508642052 -3.21140607480374e-18 -6.92269673065725e-17  -5.4606714761339e-17 -2.52603235166643e-18   -0.0027593047469116
  -0.0031573697713203   0.00218131430493648      1.70650262144481     0.181484497275669    -0.487172465652469  5.69282432429655e-16  1.22717879078519e-14  9.34592800705389e-15  4.32329861932619e-16     0.454925191214391
  0.00176620123408771  -0.00199391360279488     0.181484497275669      1.85369040015343     0.241947995629556 -2.43213022409419e-16 -5.24284287304948e-15 -7.10771335443192e-15 -3.28793077076151e-16    -0.248583210257711
 -0.00556472232174266   0.00249757508642052    -0.487172465652469     0.241947995629556      1.08820374992628  1.70582594532538e-15  3.67717914121461e-14 -8.73315555273906e-15 -4.03983841256562e-16      0.81204389273847
 5.49709527830888e-18 -3.21140607480374e-18  5.69282432429655e-16 -2.43213022409419e-16  1.70582594532538e-15      1.53083718304949 -1.33071767550225e-15   0.00010908126108795     0.835173734950911 -4.16564660643525e-16
 1.18498630307411e-16 -6.92269673065725e-17  1.22717879078519e-14 -5.24284287304948e-15  3.67717914121461e-14 -1.33071767550225e-15      1.53083718304778     0.835173734951949 -0.000109081261086797 -8.97971373286249e-15
 1.40153731656424e-16  -5.4606714761339e-17  9.34592800705389e-15 -7.10771335443192e-15 -8.73315555273906e-15   0.00010908126108795     0.835173734951949     0.513275129777259  1.70089524937628e-15  -3.5094744253823e-14
  6.4833204396299e-18 -2.52603235166643e-18  4.32329861932619e-16 -3.28793077076151e-16 -4.03983841256562e-16     0.835173734950911 -0.000109081261086797  1.70089524937628e-15     0.513275129775558 -1.62343500895352e-15
  0.00507272504431535   -0.0027593047469116     0.454925191214391    -0.248583210257711      0.81204389273847 -4.16564660643525e-16 -8.97971373286249e-15  -3.5094744253823e-14 -1.62343500895352e-15      1.26344535895212
TOTAL ENERGY: -124.413326047264	 lambda: -9.9	 population of target: 3.9141547734251
1RDM: 
     1.99996521239176  1.98147744073645e-05  -0.00314573778290867   0.00175694276090717  -0.00555062432122828  5.48223494224395e-18  1.18178292137596e-16  1.39803492384611e-16  6.46711884912379e-18   0.00505961214331875
 1.98147744073645e-05      1.99996826075136   0.00217628673446513  -0.00199015904515434   0.00249133052356106 -3.20550141265412e-18 -6.90996828998631e-17 -5.44374304751246e-17 -2.51820148952955e-18  -0.00275387158153888
 -0.00314573778290867   0.00217628673446513      1.70699067392889     0.180969525110785     -0.48688077387956  5.68924353880116e-16  1.22640689583362e-14  9.33833460549206e-15  4.31978601784399e-16     0.454640503116477
  0.00175694276090717  -0.00199015904515434     0.180969525110785      1.85409498586057     0.241328414437751 -2.42555476267848e-16 -5.22866842700505e-15 -7.09302002454492e-15  -3.2811338422685e-16    -0.248020780462214
 -0.00555062432122828   0.00249133052356106     -0.48688077387956     0.241328414437751      1.08766856296822  1.70623630390137e-15  3.67806373400589e-14 -8.72401578694624e-15 -4.03561048467085e-16     0.812478084617223
 5.48223494224395e-18 -3.20550141265412e-18  5.68924353880116e-16 -2.42555476267848e-16  1.70623630390137e-15      1.53091467693154 -1.33165595909553e-15  0.000109075129924992     0.835126792089196 -4.16967272694769e-16
 1.18178292137596e-16 -6.90996828998631e-17  1.22640689583362e-14 -5.22866842700505e-15  3.67806373400589e-14 -1.33165595909553e-15      1.53091467692984     0.835126792090234 -0.000109075129923835 -8.98839267549382e-15
 1.39803492384611e-16 -5.44374304751246e-17  9.33833460549206e-15 -7.09302002454492e-15 -8.72401578694624e-15  0.000109075129924992     0.835126792090234     0.513196648161943   1.6979682927171e-15 -3.51036936191907e-14
 6.46711884912379e-18 -2.51820148952955e-18  4.31978601784399e-16  -3.2811338422685e-16 -4.03561048467085e-16     0.835126792089196 -0.000109075129923835   1.6979682927171e-15     0.513196648160243 -1.62384899435574e-15
  0.00505961214331875  -0.00275387158153888     0.454640503116477    -0.248020780462214     0.812478084617223 -4.16967272694769e-16 -8.98839267549382e-15 -3.51036936191907e-14 -1.62384899435574e-15      1.26308965391567
TOTAL ENERGY: -124.413961748685	 lambda: -9.85	 population of target: 3.91421914852826
1RDM: 
     1.99996540994106  1.97171363352842e-05  -0.00313407519575125   0.00174767909484057  -0.00553645778193192   5.4673195537256e-18  1.17856767224578e-16  1.39451607696637e-16  6.45084114390901e-18   0.00504645287370596
 1.97171363352842e-05      1.99996829237306   0.00217126504986577  -0.00198641462849735   0.00248508993812985 -3.19960735711434e-18 -6.89726271355633e-17  -5.4268335500245e-17 -2.51037938467789e-18  -0.00274845266914807
 -0.00313407519575125   0.00217126504986577      1.70748099186159     0.180453391266658    -0.486586054758122  5.68564603643781e-16  1.22563139729406e-14  9.33065091474717e-15   4.3162316498065e-16     0.454354432812703
  0.00174767909484057  -0.00198641462849735     0.180453391266658      1.85449965336198     0.240706211304357  -2.4189681566398e-16 -5.21446995693383e-15 -7.07823499288997e-15 -3.27429449377009e-16    -0.247456825502549
 -0.00553645778193192   0.00248508993812985    -0.486586054758122     0.240706211304357      1.08713451866299  1.70664643499586e-15  3.67894783642632e-14 -8.71492429957566e-15 -4.03140488969971e-16     0.812913494075564
  5.4673195537256e-18 -3.19960735711434e-18  5.68564603643781e-16  -2.4189681566398e-16  1.70664643499586e-15      1.53099306526085 -1.33240426260589e-15  0.000109068931305394     0.835079332750057 -4.17373275151989e-16
 1.17856767224578e-16 -6.89726271355633e-17  1.22563139729406e-14 -5.21446995693383e-15  3.67894783642632e-14 -1.33240426260589e-15      1.53099306525915     0.835079332751096 -0.000109068931304233 -8.99714470372813e-15
 1.39451607696637e-16  -5.4268335500245e-17  9.33065091474717e-15 -7.07823499288997e-15 -8.71492429957566e-15  0.000109068931305394     0.835079332751096     0.513117134345732  1.69480851846615e-15  -3.5112662476326e-14
 6.45084114390901e-18 -2.51037938467789e-18   4.3162316498065e-16 -3.27429449377009e-16 -4.03140488969971e-16     0.835079332750057 -0.000109068931304233  1.69480851846615e-15     0.513117134344037  -1.6242638814215e-15
  0.00504645287370596  -0.00274845266914807     0.454354432812703    -0.247456825502549     0.812913494075564 -4.17373275151989e-16 -8.99714470372813e-15  -3.5112662476326e-14  -1.6242638814215e-15      1.26273073458954
TOTAL ENERGY: -124.414600707892	 lambda: -9.8	 population of target: 3.91428418282635
1RDM: 
     1.99996560761607  1.96196160450591e-05  -0.00312238195437544   0.00173841040666745  -0.00552222229630497  5.45234891786699e-18  1.17534051367251e-16  1.39098068134263e-16  6.43448688645958e-18   0.00503324710467941
 1.96196160450591e-05      1.99996832376733   0.00216624925350137  -0.00198268040408294   0.00247885333986975 -3.19372400403642e-18 -6.88458020799269e-17 -5.40994310712335e-17 -2.50256609421776e-18   -0.0027430481739988
 -0.00312238195437544   0.00216624925350137        1.707973593263     0.179936098074882    -0.486288269487485  5.68203172759465e-16  1.22485227584905e-14   9.3228757070468e-15  4.31263494726054e-16      0.45406697438482
  0.00173841040666745  -0.00198268040408294     0.179936098074882      1.85490439195887     0.240081378346626 -2.41237052727864e-16 -5.20024772432205e-15 -7.06335776374398e-15 -3.26741249595321e-16    -0.246891351727472
 -0.00552222229630497   0.00247885333986975    -0.486288269487485     0.240081378346626      1.08660167279621   1.7070563224613e-15  3.67983141366705e-14 -8.70588291141381e-15 -4.02722246992385e-16     0.813350129344638
 5.45234891786699e-18 -3.19372400403642e-18  5.68203172759465e-16 -2.41237052727864e-16   1.7070563224613e-15       1.5310723645835 -1.33341573154293e-15  0.000109062663900167     0.835031346758185 -4.17782731860143e-16
 1.17534051367251e-16 -6.88458020799269e-17  1.22485227584905e-14 -5.20024772432205e-15  3.67983141366705e-14 -1.33341573154293e-15       1.5310723645818     0.835031346759224 -0.000109062663899003 -9.00597119384761e-15
 1.39098068134263e-16 -5.40994310712335e-17   9.3228757070468e-15 -7.06335776374398e-15 -8.70588291141381e-15  0.000109062663900167     0.835031346759224     0.513036570803999  1.69165661507395e-15 -3.51216508685533e-14
 6.43448688645958e-18 -2.50256609421776e-18  4.31263494726054e-16 -3.26741249595321e-16 -4.02722246992385e-16     0.835031346758185 -0.000109062663899003  1.69165661507395e-15     0.513036570802299 -1.62467967215514e-15
  0.00503324710467941   -0.0027430481739988      0.45406697438482    -0.246891351727472     0.813350129344638 -4.17782731860143e-16 -9.00597119384761e-15 -3.51216508685533e-14 -1.62467967215514e-15       1.2623685398269
TOTAL ENERGY: -124.415242974448	 lambda: -9.75	 population of target: 3.91434988813341
1RDM: 
     1.99996580541363  1.95222138471954e-05    -0.003110658003798   0.00172913686961728   -0.0055079174544144  5.43732284885177e-18  1.17210140560028e-16  1.38742863873633e-16  6.41805562233586e-18   0.00501999470724579
 1.95222138471954e-05      1.99996835493435   0.00216123934656774  -0.00197895642310326    0.0024726207373595 -3.18785142214859e-18 -6.87192092145207e-17 -5.39307194674064e-17 -2.49476172358682e-18  -0.00273765826274514
   -0.003110658003798   0.00216123934656774       1.7084684964561     0.179417647948869     -0.48598737855174  5.67840055558416e-16  1.22406951927825e-14  9.31500760178606e-15  4.30899527155317e-16     0.453778121925183
  0.00172913686961728  -0.00197895642310326     0.179417647948869      1.85530919081699     0.239453907757316 -2.40576207280633e-16 -5.18600215644432e-15 -7.04838755761824e-15 -3.26048748823458e-16     -0.24632436579972
  -0.0055079174544144    0.0024726207373595     -0.48598737855174     0.239453907757316      1.08607008256602  1.70746594613783e-15  3.68071442227023e-14 -8.69689334922901e-15 -4.02306402412177e-16     0.813787998863702
 5.43732284885177e-18 -3.18785142214859e-18  5.67840055558416e-16 -2.40576207280633e-16  1.70746594613783e-15      1.53115259185208 -1.33420899093813e-15  0.000109056326346302     0.834982823677783 -4.18195708404256e-16
 1.17210140560028e-16 -6.87192092145207e-17  1.22406951927825e-14 -5.18600215644432e-15  3.68071442227023e-14 -1.33420899093813e-15      1.53115259185038      0.83498282367882 -0.000109056326345134 -9.01487355964387e-15
 1.38742863873633e-16 -5.39307194674064e-17  9.31500760178606e-15 -7.04838755761824e-15 -8.69689334922901e-15  0.000109056326346302      0.83498282367882     0.512954939603085  1.68879242589662e-15 -3.51306588361545e-14
 6.41805562233586e-18 -2.49476172358682e-18  4.30899527155317e-16 -3.26048748823458e-16 -4.02306402412177e-16     0.834982823677783 -0.000109056326345134  1.68879242589662e-15     0.512954939601386 -1.62509636842031e-15
  0.00501999470724579  -0.00273765826274514     0.453778121925183     -0.24632436579972     0.813787998863702 -4.18195708404256e-16 -9.01487355964387e-15 -3.51306588361545e-14 -1.62509636842031e-15      1.26200300690598
TOTAL ENERGY: -124.41588859928	 lambda: -9.7	 population of target: 3.91441627658631
1RDM: 
     1.99996600333053  1.94249300483668e-05  -0.00309890328953163   0.00171985865939253  -0.00549354284393177  5.42224114651734e-18  1.16885030488077e-16  1.38385985624577e-16  6.40154692178683e-18    0.0050066955542988
 1.94249300483668e-05      1.99996838587431   0.00215623532905599  -0.00197524273667694   0.00246639213796941 -3.18198972015784e-18  -6.8592850882697e-17 -5.37622015997741e-17 -2.48696631492555e-18  -0.00273228310449767
 -0.00309890328953163   0.00215623532905599      1.70896572007549     0.178898043384243    -0.485683341700688  5.67475240822636e-16  1.22328310339939e-14  9.30704540789132e-15  4.30531207170916e-16     0.453487869537649
  0.00171985865939253  -0.00197524273667694     0.178898043384243      1.85571403896582     0.238823791806715 -2.39914289603742e-16 -5.17173347493816e-15 -7.03332398271156e-15 -3.25351928937508e-16    -0.245755874704229
 -0.00549354284393177   0.00246639213796941    -0.485683341700688     0.238823791806715      1.08553980662354  1.70787529035758e-15  3.68159682846098e-14 -8.68795758111695e-15 -4.01893046270939e-16     0.814227111286971
 5.42224114651734e-18 -3.18198972015784e-18  5.67475240822636e-16 -2.39914289603742e-16  1.70787529035758e-15      1.53123376443816 -1.33512321161844e-15  0.000109049917245696     0.834933752804386 -4.18612272493626e-16
 1.16885030488077e-16  -6.8592850882697e-17  1.22328310339939e-14 -5.17173347493816e-15  3.68159682846098e-14 -1.33512321161844e-15      1.53123376443646     0.834933752805424 -0.000109049917244524 -9.02385326070036e-15
 1.38385985624577e-16 -5.37622015997741e-17  9.30704540789132e-15 -7.03332398271156e-15 -8.68795758111695e-15  0.000109049917245696     0.834933752805424      0.51287222238802   1.6856863012564e-15 -3.51396864019868e-14
 6.40154692178683e-18 -2.48696631492555e-18  4.30531207170916e-16 -3.25351928937508e-16 -4.01893046270939e-16     0.834933752804386 -0.000109049917244524   1.6856863012564e-15     0.512872222386319 -1.62551397127453e-15
   0.0050066955542988  -0.00273228310449767     0.453487869537649    -0.245755874704229     0.814227111286971 -4.18612272493626e-16 -9.02385326070036e-15 -3.51396864019868e-14 -1.62551397127453e-15      1.26163407148137
TOTAL ENERGY: -124.416537634731	 lambda: -9.65	 population of target: 3.91448336065609
1RDM: 
     1.99996620136351  1.93277649513126e-05  -0.00308711775759452   0.00171057595419753  -0.00547909805011981   5.4071036215062e-18  1.16558717069484e-16  1.38027423661453e-16  6.38496033491638e-18   0.00499334952070543
 1.93277649513126e-05       1.9999684165874   0.00215123719970742  -0.00197153939583902   0.00246016754780253 -3.17613896773469e-18 -6.84667285863439e-17 -5.35938799521873e-17 -2.47917998313461e-18  -0.00272692287087663
 -0.00308711775759452   0.00215123719970742      1.70946528307594     0.178377286959778    -0.485376117930347   5.6710872168294e-16  1.22249301340443e-14  9.29898774053771e-15  4.30158470712334e-16     0.453196211338934
  0.00171057595419753  -0.00197153939583902     0.178377286959778      1.85611892529731     0.238191022845449  -2.3925132108644e-16 -5.15744214087827e-15 -7.01816623698784e-15 -3.24650752835911e-16    -0.245185885757398
 -0.00547909805011981   0.00246016754780253    -0.485376117930347     0.238191022845449      1.08501090511585  1.70828433363344e-15  3.68247858592066e-14 -8.67907741977034e-15 -4.01482262421129e-16     0.814667475490216
  5.4071036215062e-18 -3.17613896773469e-18   5.6710872168294e-16  -2.3925132108644e-16  1.70828433363344e-15      1.53131590014516 -1.33594948660558e-15  0.000109043435164057     0.834884123156426 -4.19032494074203e-16
 1.16558717069484e-16 -6.84667285863439e-17  1.22249301340443e-14 -5.15744214087827e-15  3.68247858592066e-14 -1.33594948660558e-15      1.53131590014346     0.834884123157464 -0.000109043435162882  -9.0329118048147e-15
 1.38027423661453e-16 -5.35938799521873e-17  9.29898774053771e-15 -7.01816623698784e-15 -8.67907741977034e-15  0.000109043435164057     0.834884123157464     0.512788400369716  1.68280831190682e-15  -3.5148733569025e-14
 6.38496033491638e-18 -2.47917998313461e-18  4.30158470712334e-16 -3.24650752835911e-16 -4.01482262421129e-16     0.834884123156426 -0.000109043435162882  1.68280831190682e-15     0.512788400368018 -1.62593248085552e-15
  0.00499334952070543  -0.00272692287087663     0.453196211338934    -0.245185885757398     0.814667475490216 -4.19032494074203e-16  -9.0329118048147e-15  -3.5148733569025e-14 -1.62593248085552e-15      1.26126166753364
TOTAL ENERGY: -124.417190134601	 lambda: -9.6	 population of target: 3.91455115315997
1RDM: 
     1.99996639950926  1.92307188547795e-05  -0.00307530135451621   0.00170128893476041  -0.00546458265582186  5.39191007308583e-18   1.1623119597714e-16  1.37667168675409e-16  6.36829543110997e-18   0.00497995648339488
 1.92307188547795e-05      1.99996844707382   0.00214624495597005  -0.00196784645153189   0.00245394697164083 -3.17029925932167e-18 -6.83408443613073e-17 -5.34257562927334e-17 -2.47140281000243e-18  -0.00272157773607281
 -0.00307530135451621   0.00214624495597005      1.70996720474187     0.177855381337597    -0.485065665462513  5.66740487241354e-16  1.22169922580117e-14  9.29083334563919e-15  4.29781259767405e-16     0.452903141459463
  0.00170128893476041  -0.00196784645153189     0.177855381337597       1.8565238385652     0.237555593306293 -2.38587317981094e-16 -5.14312850461342e-15 -7.00291374171909e-15 -3.23945193747788e-16    -0.244614406615579
 -0.00546458265582186   0.00245394697164083    -0.485065665462513     0.237555593306293      1.08448343972915  1.70869305668037e-15  3.68335965307707e-14 -8.67025483936862e-15  -4.0107414218575e-16     0.815109100578159
 5.39191007308583e-18 -3.17029925932167e-18  5.66740487241354e-16 -2.38587317981094e-16  1.70869305668037e-15      1.53139901722174 -1.33681045467779e-15  0.000109036878629747     0.834833923466417 -4.19456445741708e-16
  1.1623119597714e-16 -6.83408443613073e-17  1.22169922580117e-14 -5.14312850461342e-15  3.68335965307707e-14 -1.33681045467779e-15      1.53139901722004     0.834833923467454 -0.000109036878628569 -9.04205075690255e-15
 1.37667168675409e-16 -5.34257562927334e-17  9.29083334563919e-15 -7.00291374171909e-15 -8.67025483936862e-15  0.000109036878629747     0.834833923467454     0.512703454311789  1.67947643379627e-15 -3.51578003050045e-14
 6.36829543110997e-18 -2.47140281000243e-18  4.29781259767405e-16 -3.23945193747788e-16  -4.0107414218575e-16     0.834833923466417 -0.000109036878628569  1.67947643379627e-15     0.512703454310087 -1.62635189567077e-15
  0.00497995648339488  -0.00272157773607281     0.452903141459463    -0.244614406615579     0.815109100578159 -4.19456445741708e-16 -9.04205075690255e-15 -3.51578003050045e-14 -1.62635189567077e-15      1.26088572731704
TOTAL ENERGY: -124.417846154281	 lambda: -9.55	 population of target: 3.91461966728167
1RDM: 
     1.99996659776438  1.91337923006749e-05  -0.00306345402892481   0.00169199778532981  -0.00544999624407438  5.37684218328923e-18   1.1590638358189e-16   1.3729828025301e-16  6.35123115094131e-18   0.00496651632404969
 1.91337923006749e-05      1.99996847733355    0.0021412586154314   -0.0019641639670631   0.00244773045029844 -3.16398099975796e-18 -6.82046442967643e-17 -5.32748918932612e-17 -2.46442402447194e-18  -0.00271624791115672
 -0.00306345402892481    0.0021412586154314       1.7104715047028     0.177332329261434    -0.484751941711288  5.66436955867646e-16  1.22104491416807e-14       9.279993091e-15  4.29279802975975e-16      0.45260865404172
  0.00169199778532981   -0.0019641639670631     0.177332329261434      1.85692876738069     0.236917495696572 -2.38044301687128e-16  -5.1314229300898e-15    -6.98277634788e-15 -3.23013665230576e-16    -0.244041445268919
 -0.00544999624407438   0.00244773045029844    -0.484751941711288     0.236917495696572      1.08395747375513  1.70904186492382e-15  3.68411156402528e-14 -8.65912045799452e-15  -4.0055908090723e-16     0.815551995908331
 5.37684218328923e-18 -3.16398099975796e-18  5.66436955867646e-16 -2.38044301687128e-16  1.70904186492382e-15      1.53148313454212 -1.33754854716933e-15  0.000109030246107066     0.834783142069092 -4.19879370428149e-16
  1.1590638358189e-16 -6.82046442967643e-17  1.22104491416807e-14  -5.1314229300898e-15  3.68411156402528e-14 -1.33754854716933e-15      1.53148313454042     0.834783142070133 -0.000109030246105884 -9.05116758103751e-15
  1.3729828025301e-16 -5.32748918932612e-17       9.279993091e-15    -6.98277634788e-15 -8.65912045799452e-15  0.000109030246107066     0.834783142070133     0.512617364354599    1.676189039306e-15  -3.5167094654682e-14
 6.35123115094131e-18 -2.46442402447194e-18  4.29279802975975e-16 -3.23013665230576e-16  -4.0055908090723e-16     0.834783142069092 -0.000109030246105884    1.676189039306e-15     0.512617364352901 -1.62678184063019e-15
  0.00496651632404969  -0.00271624791115672      0.45260865404172    -0.244041445268919     0.815551995908331 -4.19879370428149e-16 -9.05116758103751e-15  -3.5167094654682e-14 -1.62678184063019e-15      1.26050618127335
TOTAL ENERGY: -124.418505750496	 lambda: -9.5	 population of target: 3.9146889165527
1RDM: 
     1.99996679612553   1.9036985076597e-05  -0.00305157572521878   0.00168270268980386  -0.00543533838755164   5.3615348533518e-18  1.15576409747878e-16  1.36934652117059e-16  6.33441020980396e-18   0.00495302891876842
  1.9036985076597e-05      1.99996850736735   0.00213627812917862  -0.00196049196787617   0.00244151790967216 -3.15816635829408e-18 -6.80793004301312e-17  -5.3107081305107e-17 -2.45666133362294e-18  -0.00271093350604029
 -0.00305157572521878   0.00213627812917862      1.71097820291747     0.176808133567269    -0.484434903312426  5.66064809046053e-16  1.22024269280484e-14  9.27165848316245e-15  4.28894255623526e-16     0.452312743254181
  0.00168270268980386  -0.00196049196787617     0.176808133567269      1.85733370022464     0.236276722642013 -2.37377442176607e-16  -5.1170477194392e-15 -6.96736497893209e-15  -3.2230075686005e-16    -0.243467010114086
 -0.00543533838755164   0.00244151790967216    -0.484434903312426     0.236276722642013      1.08343307205687  1.70945038666698e-15  3.68499219724056e-14 -8.65043889029656e-15 -4.00157483726744e-16     0.815996171031175
  5.3615348533518e-18 -3.15816635829408e-18  5.66064809046053e-16 -2.37377442176607e-16  1.70945038666698e-15      1.53156827095316 -1.33842537913306e-15  0.000109023536097452      0.83473176730391 -4.20311136307428e-16
 1.15576409747878e-16 -6.80793004301312e-17  1.22024269280484e-14  -5.1170477194392e-15  3.68499219724056e-14 -1.33842537913306e-15      1.53156827095146     0.834731767304949 -0.000109023536096266 -9.06047498092412e-15
 1.36934652117059e-16  -5.3107081305107e-17  9.27165848316245e-15 -6.96736497893209e-15 -8.65043889029656e-15  0.000109023536097452     0.834731767304949     0.512530110650719  1.67349827658031e-15 -3.51761951584454e-14
 6.33441020980396e-18 -2.45666133362294e-18  4.28894255623526e-16  -3.2230075686005e-16 -4.00157483726744e-16      0.83473176730391 -0.000109023536096266  1.67349827658031e-15     0.512530110649023 -1.62720281749972e-15
  0.00495302891876842  -0.00271093350604029     0.452312743254181    -0.243467010114086     0.815996171031175 -4.20311136307428e-16 -9.06047498092412e-15 -3.51761951584454e-14 -1.62720281749972e-15      1.26012295810375
TOTAL ENERGY: -124.419168981813	 lambda: -9.45	 population of target: 3.91475891491339
1RDM: 
     1.99996699458919  1.89402977244338e-05  -0.00303966639311005   0.00167340383763738  -0.00542060866441874  5.34617076737086e-18  1.15245212447095e-16  1.36569307939842e-16  6.31750988693852e-18   0.00493949415386691
 1.89402977244338e-05       1.9999685371752    0.0021313035126381  -0.00195683051738202   0.00243530938884669  -3.1523633467606e-18 -6.79542072652104e-17 -5.29394644712323e-17 -2.44890760558977e-18  -0.00270563473833154
 -0.00303966639311005    0.0021313035126381      1.71148731972392     0.176282797168543     -0.48411450602307  5.65690869636371e-16  1.21943660723208e-14  9.26322496207585e-15  4.28504132678435e-16     0.452015403272436
  0.00167340383763738  -0.00195683051738202     0.176282797168543      1.85773862542665     0.235633266827442 -2.36709531588812e-16 -5.10264985111391e-15 -6.95185983217416e-15 -3.21583510453391e-16    -0.242891109869964
 -0.00542060866441874   0.00243530938884669     -0.48411450602307     0.235633266827442       1.0829103012385  1.70985855878185e-15  3.68587207677899e-14  -8.6418224344138e-15 -3.99758898528096e-16     0.816441635799547
 5.34617076737086e-18  -3.1523633467606e-18  5.65690869636371e-16 -2.36709531588812e-16  1.70985855878185e-15      1.53165444629203 -1.33910269304581e-15  0.000109016746984121     0.834679786886186 -4.20746867492799e-16
 1.15245212447095e-16 -6.79542072652104e-17  1.21943660723208e-14 -5.10264985111391e-15  3.68587207677899e-14 -1.33910269304581e-15      1.53165444629033     0.834679786887224 -0.000109016746982932 -9.06986785929464e-15
 1.36569307939842e-16 -5.29394644712323e-17  9.26322496207585e-15 -6.95185983217416e-15  -8.6418224344138e-15  0.000109016746984121     0.834679786887224     0.512441672373905  1.67029494921974e-15 -3.51853148766149e-14
 6.31750988693852e-18 -2.44890760558977e-18  4.28504132678435e-16 -3.21583510453391e-16 -3.99758898528096e-16     0.834679786886186 -0.000109016746982932  1.67029494921974e-15     0.512441672372209 -1.62762468320183e-15
  0.00493949415386691  -0.00270563473833154     0.452015403272436    -0.242891109869964     0.816441635799547 -4.20746867492799e-16 -9.06986785929464e-15 -3.51853148766149e-14 -1.62762468320183e-15      1.25973598451808
TOTAL ENERGY: -124.419835908394	 lambda: -9.4	 population of target: 3.91482967669523
1RDM: 
     1.99996719315182  1.88437305262923e-05  -0.00302772598125374   0.00166410141992308  -0.00540580664770938  5.33074972245282e-18   1.1491278730583e-16  1.36202238546227e-16  6.30052975791457e-18   0.00492591191547973
 1.88437305262923e-05      1.99996856675734   0.00212633475761435  -0.00195317966605165   0.00242910488672477 -3.14657211972379e-18 -6.78293681339451e-17 -5.27720405504101e-17  -2.4411628014575e-18  -0.00270035179314545
 -0.00302772598125374   0.00212633475761435      1.71199887582262     0.175756323066646    -0.483790704750961   5.6531512181534e-16  1.21862662333986e-14  9.25469133961988e-15  4.28109379179533e-16     0.451716628294388
  0.00166410141992308  -0.00195317966605165     0.175756323066646      1.85814353117778     0.234987121039789 -2.36040572683894e-16 -5.08822938461399e-15 -6.93626088555237e-15 -3.20861924990323e-16    -0.242313753649964
 -0.00540580664770938   0.00242910488672477    -0.483790704750961     0.234987121039789      1.08238922961545   1.7102663682663e-15  3.68675117461233e-14 -8.63327356513549e-15  -3.9936343979157e-16      0.81688840030871
 5.33074972245282e-18 -3.14657211972379e-18   5.6531512181534e-16 -2.36040572683894e-16   1.7102663682663e-15      1.53174168073206 -1.33996528734436e-15  0.000109009877133722     0.834627188310277 -4.21186642304983e-16
  1.1491278730583e-16 -6.78293681339451e-17  1.21862662333986e-14 -5.08822938461399e-15  3.68675117461233e-14 -1.33996528734436e-15      1.53174168073036     0.834627188311317 -0.000109009877132529  -9.0793479044788e-15
 1.36202238546227e-16 -5.27720405504101e-17  9.25469133961988e-15 -6.93626088555237e-15 -8.63327356513549e-15  0.000109009877133722     0.834627188311317     0.512352028355653  1.66702337553894e-15 -3.51944538709461e-14
 6.30052975791457e-18  -2.4411628014575e-18  4.28109379179533e-16 -3.20861924990323e-16  -3.9936343979157e-16     0.834627188310277 -0.000109009877132529  1.66702337553894e-15     0.512352028353958 -1.62804744059349e-15
  0.00492591191547973  -0.00270035179314545     0.451716628294388    -0.242313753649964      0.81688840030871 -4.21186642304983e-16  -9.0793479044788e-15 -3.51944538709461e-14 -1.62804744059349e-15      1.25934518530292
TOTAL ENERGY: -124.420506592138	 lambda: -9.35	 population of target: 3.91490121664371
1RDM: 
     1.99996739180986  1.87472837599076e-05  -0.00301575443885652   0.00165479563041329  -0.00539093190797102  5.31527152809576e-18  1.14579130217503e-16  1.35833434281202e-16  6.28346937610391e-18   0.00491228209230042
 1.87472837599076e-05      1.99996859611408   0.00212137185437112  -0.00194953946420951   0.00242290440057033 -3.14079278997398e-18    -6.77047854677e-17  -5.2604810364911e-17 -2.43342695926016e-18  -0.00269508485849251
 -0.00301575443885652   0.00212137185437112      1.71251289229426     0.175228714349141    -0.483463453517095   5.6493755449929e-16  1.21781271723554e-14  9.24605621387657e-15  4.27709930275929e-16     0.451416412538147
  0.00165479563041329  -0.00194953946420951     0.175228714349141      1.85854840552598     0.234338278160926 -2.35370580118265e-16  -5.0737866358899e-15 -6.92056767795826e-15 -3.20135979141136e-16    -0.241734950957521
 -0.00539093190797102   0.00242290440057033    -0.483463453517095     0.234338278160926      1.08186992728749  1.71067379590983e-15   3.6876294493287e-14 -8.62479459870936e-15 -3.98971214663976e-16      0.81733647492149
 5.31527152809576e-18 -3.14079278997398e-18   5.6493755449929e-16 -2.35370580118265e-16  1.71067379590983e-15      1.53182999496648 -1.34083998193226e-15  0.000109002924869153     0.834573958735525  -4.2163054165833e-16
 1.14579130217503e-16    -6.77047854677e-17  1.21781271723554e-14  -5.0737866358899e-15   3.6876294493287e-14 -1.34083998193226e-15      1.53182999496478     0.834573958736563 -0.000109002924867956 -9.08891686071705e-15
 1.35833434281202e-16  -5.2604810364911e-17  9.24605621387657e-15 -6.92056767795826e-15 -8.62479459870936e-15  0.000109002924869153     0.834573958736563     0.512261156906052  1.66400179878748e-15 -3.52036121837117e-14
 6.28346937610391e-18 -2.43342695926016e-18  4.27709930275929e-16 -3.20135979141136e-16 -3.98971214663976e-16     0.834573958735525 -0.000109002924867956  1.66400179878748e-15     0.512261156904354 -1.62847109163044e-15
  0.00491228209230042  -0.00269508485849251     0.451416412538147    -0.241734950957521      0.81733647492149  -4.2163054165833e-16 -9.08891686071705e-15 -3.52036121837117e-14 -1.62847109163044e-15       1.2589504832267
TOTAL ENERGY: -124.421181096725	 lambda: -9.3	 population of target: 3.91497354993337
1RDM: 
     1.99996759055964  1.86509576986765e-05  -0.00300375171568159   0.00164548666554386  -0.00537598401324996  5.29973598192485e-18  1.14244236819593e-16  1.35462885952275e-16  6.26632831627366e-18   0.00489860457569003
 1.86509576986765e-05      1.99996862524566   0.00211641479158665  -0.00194590996202664   0.00241670792595617 -3.13502550475314e-18 -6.75804624405275e-17 -5.24377735563314e-17 -2.42570006241838e-18  -0.00268983412536786
 -0.00300375171568159   0.00211641479158665      1.71302939061116     0.174699974189817     -0.48313270543062  5.64558151822399e-16  1.21699485471756e-14  9.23731833661666e-15  4.27305728226004e-16     0.451114750243183
  0.00164548666554386  -0.00194590996202664     0.174699974189817      1.85895323637543     0.233686731169856 -2.34699560634024e-16 -5.05932175027802e-15 -6.90478007602751e-15 -3.19405666736471e-16    -0.241154711696561
 -0.00537598401324996   0.00241670792595617     -0.48313270543062     0.233686731169856      1.08135246619268  1.71108082605125e-15  3.68850686716799e-14 -8.61638807238013e-15 -3.98582340514707e-16     0.817785870276947
 5.29973598192485e-18 -3.13502550475314e-18  5.64558151822399e-16 -2.34699560634024e-16  1.71108082605125e-15      1.53191941022511 -1.34161077802722e-15  0.000108995888468103     0.834520084975187  -4.2207864893385e-16
 1.14244236819593e-16 -6.75804624405275e-17  1.21699485471756e-14 -5.05932175027802e-15  3.68850686716799e-14 -1.34161077802722e-15      1.53191941022341     0.834520084976226 -0.000108995888466903  -9.0985765254213e-15
 1.35462885952275e-16 -5.24377735563314e-17  9.23731833661666e-15 -6.90478007602751e-15 -8.61638807238013e-15  0.000108995888468103     0.834520084976226     0.512169035797043  1.66072023371866e-15 -3.52127898455843e-14
 6.26632831627366e-18 -2.42570006241838e-18  4.27305728226004e-16 -3.19405666736471e-16 -3.98582340514707e-16     0.834520084975187 -0.000108995888466903  1.66072023371866e-15     0.512169035795343 -1.62889563773171e-15
  0.00489860457569003  -0.00268983412536786     0.451114750243183    -0.241154711696561     0.817785870276947  -4.2207864893385e-16  -9.0985765254213e-15 -3.52127898455843e-14 -1.62889563773171e-15      1.25855179897449
TOTAL ENERGY: -124.421859487697	 lambda: -9.25	 population of target: 3.91504669218418
1RDM: 
     1.99996778939748  1.85547526114964e-05  -0.00299171776205788   0.00163617472446369  -0.00536096252907819  5.28414289026274e-18  1.13908102937067e-16  1.35090584018582e-16  6.24910613707597e-18   0.00488487925979316
 1.85547526114964e-05      1.99996865415244    0.0021114635562888  -0.00194229120950385   0.00241051545667497  -3.1292703645599e-18 -6.74564012188495e-17 -5.22709318213649e-17 -2.41798218942057e-18  -0.00268459978781201
 -0.00299171776205788    0.0021114635562888      1.71354839264895     0.174170105849275    -0.482798412663019  5.64176902204269e-16   1.2161730108223e-14   9.2284762646888e-15  4.26896706271387e-16     0.450811635671846
  0.00163617472446369  -0.00194229120950385     0.174170105849275      1.85935801148555     0.233032473145419 -2.34027534834935e-16 -5.04483517191951e-15 -6.88889744407423e-15  -3.1867095836992e-16    -0.240573046182901
 -0.00536096252907819   0.00241051545667497    -0.482798412663019     0.233032473145419      1.08083692016415  1.71148743558182e-15  3.68938337831577e-14 -8.60805633350663e-15 -3.98196925929166e-16      0.81823659729912
 5.28414289026274e-18  -3.1292703645599e-18  5.64176902204269e-16 -2.34027534834935e-16  1.71148743558182e-15      1.53200994829171 -1.34247860611301e-15  0.000108988766161581     0.834465553485084 -4.22531051183431e-16
 1.13908102937067e-16 -6.74564012188495e-17   1.2161730108223e-14 -5.04483517191951e-15  3.68938337831577e-14 -1.34247860611301e-15      1.53200994829001     0.834465553486124 -0.000108988766160377 -9.10832877513246e-15
 1.35090584018582e-16 -5.22709318213649e-17   9.2284762646888e-15 -6.88889744407423e-15 -8.60805633350663e-15  0.000108988766161581     0.834465553486124     0.512075642245419  1.65796574390273e-15 -3.52219868274404e-14
 6.24910613707597e-18 -2.41798218942057e-18  4.26896706271387e-16  -3.1867095836992e-16 -3.98196925929166e-16     0.834465553485084 -0.000108988766160377  1.65796574390273e-15     0.512075642243727 -1.62932107755006e-15
  0.00488487925979316  -0.00268459978781201     0.450811635671846    -0.240573046182901      0.81823659729912 -4.22531051183431e-16 -9.10832877513246e-15 -3.52219868274404e-14 -1.62932107755006e-15      1.25814905108057
TOTAL ENERGY: -124.422541832511	 lambda: -9.2	 population of target: 3.915120659478
1RDM: 
      1.9999679883196  1.84586687627714e-05  -0.00297965252888554   0.00162686000906024  -0.00534586701845725  5.26849204508897e-18  1.13570724085772e-16  1.34716519381743e-16  6.23180241763587e-18   0.00487110604165531
 1.84586687627714e-05      1.99996868283469   0.00210651813380409  -0.00193868325646352   0.00240432698467554 -3.12352739756372e-18 -6.73326024098742e-17 -5.21042910760821e-17 -2.41027361394437e-18  -0.00267938204300062
 -0.00297965252888554   0.00210651813380409      1.71406992069875     0.173639112675068     -0.48246052642112  5.63793795369605e-16   1.2153471634007e-14  9.21952849279923e-15  4.26482794780193e-16      0.45050706311067
  0.00162686000906024  -0.00193868325646352     0.173639112675068      1.85976271847009     0.232375497268535 -2.33354547775134e-16 -5.03032787200987e-15 -6.87291830500484e-15 -3.17931785712275e-16    -0.239989965155526
 -0.00534586701845725   0.00240432698467554     -0.48246052642112     0.232375497268535      1.08032336498846  1.71189358721535e-15  3.69025890239712e-14 -8.59980135078418e-15 -3.97815061976087e-16     0.818688667206152
 5.26849204508897e-18 -3.12352739756372e-18  5.63793795369605e-16 -2.33354547775134e-16  1.71189358721535e-15      1.53210163152201 -1.34356913763055e-15   0.00010898155613234     0.834410350351578 -4.22987844632394e-16
 1.13570724085772e-16 -6.73326024098742e-17   1.2153471634007e-14 -5.03032787200987e-15  3.69025890239712e-14 -1.34356913763055e-15      1.53210163152031     0.834410350352619 -0.000108981556131133 -9.11817568412963e-15
 1.34716519381743e-16 -5.21042910760821e-17  9.21952849279923e-15 -6.87291830500484e-15 -8.59980135078418e-15   0.00010898155613234     0.834410350352619     0.511980952894835  1.65480425968216e-15 -3.52312028068074e-14
 6.23180241763587e-18 -2.41027361394437e-18  4.26482794780193e-16 -3.17931785712275e-16 -3.97815061976087e-16     0.834410350351578 -0.000108981556131133  1.65480425968216e-15     0.511980952893139 -1.62974739616719e-15
  0.00487110604165531  -0.00267938204300062      0.45050706311067    -0.239989965155526     0.818688667206152 -4.22987844632394e-16 -9.11817568412963e-15 -3.52312028068074e-14 -1.62974739616719e-15      1.25774215585811
TOTAL ENERGY: -124.42322820061	 lambda: -9.15	 population of target: 3.91519546837625
1RDM: 
      1.9999681873222  1.83627064120972e-05  -0.00296755596765408   0.00161754272399616  -0.00533069704185948  5.25278274918205e-18  1.13232085237371e-16  1.34340698878966e-16   6.2144174743283e-18   0.00485728482136337
 1.83627064120972e-05      1.99996871129277   0.00210157850766347  -0.00193508615251266   0.00239814249993315  -3.1177953319717e-18 -6.72090385974162e-17 -5.19379409733632e-17 -2.40257848341726e-18  -0.00267418109127547
 -0.00296755596765408   0.00210157850766347       1.7145939974797     0.173106998102162    -0.482118996919291  5.63408804827911e-16  1.21451725537135e-14  9.21047464748456e-15  4.26063976500112e-16     0.450201026871994
  0.00161754272399616  -0.00193508615251266     0.173106998102162      1.86016734479633     0.231715796825268 -2.32681099989631e-16 -5.01581063992455e-15 -6.85682562555653e-15 -3.17187360805834e-16    -0.239405479788885
