TOTAL ENERGY: -124.225585302772	 lambda: -10	 population of target: 3.99194919720894
1RDM: 
     1.99999886002667  1.28103051933639e-06 -0.000180699967898101  0.000198389101422707 -0.000830694600394394  4.05678895521967e-16   5.1955347769949e-16  6.14016650937265e-17 -1.50794046423393e-16   0.00121732892870613
 1.28103051933639e-06      1.99997337311948  0.000506798141495345  -0.00167627597385553   0.00041805419585903 -3.13678266664923e-16  -3.9920805598136e-16  9.92990298867424e-18 -8.44180255869678e-18 -0.000950885941872982
-0.000180699967898101  0.000506798141495345      1.96748857936714    0.0499726862517579    -0.125088399875776  6.89869360428382e-14  8.47263736735345e-14  7.19454648408438e-15  -1.2174130636757e-14     0.187626002464108
 0.000198389101422707  -0.00167627597385553    0.0499726862517579      1.87674212900488     0.113004766270417 -6.24816489661434e-14 -7.49199292396257e-14 -1.06198350824398e-14    1.696980173633e-14    -0.186281704747177
-0.000830694600394394   0.00041805419585903    -0.125088399875776     0.113004766270417      1.38343716723047  3.35651219580607e-13  4.13598401756358e-13  3.34282379047194e-14 -5.78424674301202e-14     0.896175265798841
 4.05678895521967e-16 -3.13678266664923e-16  6.89869360428382e-14 -6.24816489661434e-14  3.35651219580607e-13      1.18975170106773  3.65640165649126e-14    -0.436145942391358    -0.861097108934201 -2.25128023938693e-13
  5.1955347769949e-16  -3.9920805598136e-16  8.47263736735345e-14 -7.49199292396257e-14  4.13598401756358e-13  3.65640165649126e-14      1.18975170106742     0.861097108934256    -0.436145942391371 -2.89352801001414e-13
 6.14016650937265e-17  9.92990298867424e-18  7.19454648408438e-15 -1.06198350824398e-14  3.34282379047194e-14    -0.436145942391358     0.861097108934256      0.85009126885712 -1.01351905652575e-13   -2.391913373754e-13
-1.50794046423393e-16 -8.44180255869678e-18  -1.2174130636757e-14    1.696980173633e-14 -5.78424674301202e-14    -0.861097108934201    -0.436145942391371 -1.01351905652575e-13     0.850091268856882   5.3263557211861e-13
  0.00121732892870613 -0.000950885941872982     0.187626002464108    -0.186281704747177     0.896175265798841 -2.25128023938693e-13 -2.89352801001414e-13   -2.391913373754e-13   5.3263557211861e-13     0.692673951402254
TOTAL ENERGY: -124.225626011312	 lambda: -9.95	 population of target: 3.99195327828905
1RDM: 
     1.99999886456713  1.27882009326366e-06 -0.000180261340294229  0.000197850138432328  -0.00082898794569766  4.04817586735033e-16  5.18557216041405e-16  6.11966683958154e-17  -1.5050771680248e-16   0.00121495524467968
 1.27882009326366e-06      1.99997337121083  0.000506756013762052  -0.00167629953803841  0.000418054263592076 -3.13724335653331e-16 -3.99257163631615e-16  9.93547932897222e-18 -8.46071515295677e-18 -0.000951105502896347
-0.000180261340294229  0.000506756013762052      1.96751402634613    0.0499357767550869    -0.125021316122351  6.89572983377801e-14  8.46904687660444e-14  7.18671191202296e-15 -1.21603645725982e-14     0.187548413875125
 0.000197850138432328  -0.00167629953803841    0.0499357767550869      1.87678390485396     0.112878784432101 -6.24235316468373e-14 -7.48501623010667e-14 -1.06054820216972e-14  1.69454044559045e-14    -0.186124165726022
 -0.00082898794569766  0.000418054263592076    -0.125021316122351     0.112878784432101      1.38350328494448  3.35640120291484e-13  4.13583807690591e-13  3.34140860429841e-14 -5.78145058828981e-14     0.896167355067896
 4.04817586735033e-16 -3.13724335653331e-16  6.89572983377801e-14 -6.24235316468373e-14  3.35640120291484e-13      1.18977239095336  3.70617008331823e-14    -0.436145499175262    -0.861096233878432 -2.25155570944446e-13
 5.18557216041405e-16 -3.99257163631615e-16  8.46904687660444e-14 -7.48501623010667e-14  4.13583807690591e-13  3.70617008331823e-14      1.18977239095305     0.861096233878487    -0.436145499175275 -2.89383347496546e-13
 6.11966683958154e-17  9.93547932897222e-18  7.18671191202296e-15 -1.06054820216972e-14  3.34140860429841e-14    -0.436145499175262     0.861096233878487     0.850064240962306 -1.02723154039491e-13 -2.39186240016304e-13
 -1.5050771680248e-16 -8.46071515295677e-18 -1.21603645725982e-14  1.69454044559045e-14 -5.78145058828981e-14    -0.861096233878432    -0.436145499175275 -1.02723154039491e-13     0.850064240962063    5.326239446894e-13
  0.00121495524467968 -0.000951105502896347     0.187548413875125    -0.186124165726022     0.896167355067896 -2.25155570944446e-13 -2.89383347496546e-13 -2.39186240016304e-13    5.326239446894e-13     0.692553284246788
TOTAL ENERGY: -124.225667079764	 lambda: -9.9	 population of target: 3.99195741619246
1RDM: 
     1.99999886911207  1.27660215419934e-06 -0.000179821498016939  0.000197310703233454 -0.000827275608369718   4.0395361330215e-16  5.17557899987729e-16  6.09909305034132e-17 -1.50220366153923e-16   0.00121257469350297
 1.27660215419934e-06      1.99997336930343  0.000506713170085239  -0.00167632305266108  0.000418053113036353 -3.13770273558489e-16 -3.99306066380838e-16  9.94122480663239e-18 -8.47995981095289e-18 -0.000951325935231306
-0.000179821498016939  0.000506713170085239      1.96753961515966    0.0498988047566625    -0.124953753545339  6.89274839371007e-14  8.46543462665034e-14  7.17881519138412e-15 -1.21464821906979e-14     0.187470418950759
 0.000197310703233454  -0.00167632305266108    0.0498988047566625      1.87682562110857      0.11275267379965 -6.23654343374745e-14 -7.47804147555922e-14 -1.05910931060161e-14  1.69209303102985e-14    -0.185966772241955
-0.000827275608369718  0.000418053113036353    -0.124953753545339      0.11275267379965       1.3835706933595    3.356287067963e-13   4.1356881816506e-13  3.33997096159389e-14 -5.77861071770206e-14     0.896158953103912
  4.0395361330215e-16 -3.13770273558489e-16  6.89274839371007e-14 -6.23654343374745e-14    3.356287067963e-13      1.18979337113786  3.61435336059804e-14    -0.436145032525464    -0.861095312556784 -2.25183369028784e-13
 5.17557899987729e-16 -3.99306066380838e-16  8.46543462665034e-14 -7.47804147555922e-14   4.1356881816506e-13  3.61435336059804e-14      1.18979337113755     0.861095312556838    -0.436145032525477 -2.89414158815504e-13
 6.09909305034132e-17  9.94122480663239e-18  7.17881519138412e-15 -1.05910931060161e-14  3.33997096159389e-14    -0.436145032525464     0.861095312556838     0.850036923204805  -1.0193696948099e-13 -2.39181028229359e-13
-1.50220366153923e-16 -8.47995981095289e-18 -1.21464821906979e-14  1.69209303102985e-14 -5.77861071770206e-14    -0.861095312556784    -0.436145032525477  -1.0193696948099e-13     0.850036923204566  5.32612066836028e-13
  0.00121257469350297 -0.000951325935231306     0.187470418950759    -0.185966772241955     0.896158953103912 -2.25183369028784e-13 -2.89414158815504e-13 -2.39181028229359e-13  5.32612066836028e-13     0.692431243272035
TOTAL ENERGY: -124.225708516058	 lambda: -9.85	 population of target: 3.99196161229774
1RDM: 
     1.99999887366146  1.27437668143334e-06 -0.000179380435232966  0.000196770797157993 -0.000825557566443141  4.03086969526574e-16  5.16555523643813e-16  6.07844463793797e-17 -1.49931986935735e-16   0.00121018726533563
 1.27437668143334e-06      1.99997336739729  0.000506669597921135  -0.00167634651650302  0.000418050717505828 -3.13816052667916e-16 -3.99354730290377e-16  9.94712624107985e-18 -8.49950424758073e-18 -0.000951547248019311
-0.000179380435232966  0.000506669597921135      1.96756534812426    0.0498617690986251    -0.124885704140659  6.88974913189617e-14  8.46180042398956e-14  7.17085427097725e-15 -1.21324791778361e-14     0.187392011199592
 0.000196770797157993  -0.00167634651650302    0.0498617690986251      1.87686727753814     0.112626432483651 -6.23073630969703e-14 -7.47106937490981e-14  -1.0576663719191e-14  1.68963686045773e-14    -0.185809527476006
-0.000825557566443141  0.000418050717505828    -0.124885704140659     0.112626432483651      1.38363941628317  3.35616972384967e-13  4.13553424794908e-13   3.3385105144653e-14 -5.77572647985218e-14     0.896150050823276
 4.03086969526574e-16 -3.13816052667916e-16  6.88974913189617e-14 -6.23073630969703e-14  3.35616972384967e-13      1.18981464709817  3.72515226648293e-14     -0.43614454198253    -0.861094344062173 -2.25211422901381e-13
 5.16555523643813e-16 -3.99354730290377e-16  8.46180042398956e-14 -7.47106937490981e-14  4.13553424794908e-13  3.72515226648293e-14      1.18981464709786     0.861094344062228    -0.436144541982543 -2.89445239922208e-13
 6.07844463793797e-17  9.94712624107985e-18  7.17085427097725e-15  -1.0576663719191e-14   3.3385105144653e-14     -0.43614454198253     0.861094344062228     0.850009310180757 -1.01052899276334e-13 -2.39175699947113e-13
-1.49931986935735e-16 -8.49950424758073e-18 -1.21324791778361e-14  1.68963686045773e-14 -5.77572647985218e-14    -0.861094344062173    -0.436144541982543 -1.01052899276334e-13     0.850009310180519  5.32599934026345e-13
  0.00121018726533563 -0.000951547248019311     0.187392011199592    -0.185809527476006     0.896150050823276 -2.25211422901381e-13 -2.89445239922208e-13 -2.39175699947113e-13  5.32599934026345e-13     0.692307802438428
TOTAL ENERGY: -124.225750328335	 lambda: -9.8	 population of target: 3.99196586802581
1RDM: 
     1.99999887821524  1.27214365461412e-06 -0.000178938146078042  0.000196230421624658 -0.000823833797967362  4.02217650762054e-16  5.15550082380734e-16  6.05772102649976e-17 -1.49642569964005e-16   0.00120779295089505
 1.27214365461412e-06      1.99997336549245  0.000506625284446244  -0.00167636992830619  0.000418047049663239 -3.13861630076458e-16 -3.99403103263726e-16  9.95315956482494e-18 -8.51929072920032e-18 -0.000951769450615511
-0.000178938146078042  0.000506625284446244      1.96759122760734    0.0498246685962521    -0.124817159720182  6.88673197901349e-14   8.4581441737742e-14  7.16282642108466e-15 -1.21183496477233e-14     0.187313183986172
 0.000196230421624658  -0.00167636992830619    0.0498246685962521      1.87690887390935     0.112500058542959 -6.22493275944181e-14 -7.46410107357426e-14 -1.05621865967695e-14  1.68717024639953e-14    -0.185652434680262
-0.000823833797967362  0.000418047049663239    -0.124817159720182     0.112500058542959       1.3837094781164  3.35604909596031e-13  4.13537618288963e-13   3.3370269488929e-14 -5.77279730643675e-14     0.896140638907696
 4.02217650762054e-16 -3.13861630076458e-16  6.88673197901349e-14 -6.22493275944181e-14  3.35604909596031e-13      1.18983622444906  3.69982529203234e-14    -0.436144027075346    -0.861093327464457 -2.25239737328131e-13
 5.15550082380734e-16 -3.99403103263726e-16   8.4581441737742e-14 -7.46410107357426e-14  4.13537618288963e-13  3.69982529203234e-14      1.18983622444875     0.861093327464512    -0.436144027075359 -2.89476595831056e-13
 6.05772102649976e-17  9.95315956482494e-18  7.16282642108466e-15 -1.05621865967695e-14   3.3370269488929e-14    -0.436144027075346     0.861093327464512     0.849981396350126 -1.01640371884659e-13 -2.39170253091482e-13
-1.49642569964005e-16 -8.51929072920032e-18 -1.21183496477233e-14  1.68717024639953e-14 -5.77279730643675e-14    -0.861093327464457    -0.436144027075359 -1.01640371884659e-13     0.849981396349886  5.32587541711152e-13
  0.00120779295089505 -0.000951769450615511     0.187313183986172    -0.185652434680262     0.896140638907696 -2.25239737328131e-13 -2.89476595831056e-13 -2.39170253091482e-13  5.32587541711152e-13     0.692182935061477
TOTAL ENERGY: -124.225792524951	 lambda: -9.75	 population of target: 3.99197018484158
1RDM: 
     1.99999888277334  1.26990305376404e-06  -0.00017849462465685  0.000195689578141922 -0.000822104281013048  4.01345654271525e-16  5.14541573857856e-16  6.03692150574405e-17  -1.4935210295481e-16   0.00120539174147964
 1.26990305376404e-06      1.99997336358892  0.000506580216549277  -0.00167639328677299  0.000418042081499697 -3.13906933989276e-16 -3.99451098740105e-16  9.95927990691373e-18 -8.53921283742856e-18 -0.000951992552594341
 -0.00017849462465685  0.000506580216549277      1.96761725602858    0.0497875020371904    -0.124748111906417  6.88369702960363e-14  8.45446597624695e-14  7.15472764154928e-15 -1.21040847542772e-14     0.187233930527036
 0.000195689578141922  -0.00167639328677299    0.0497875020371904      1.87695040998615     0.112373549983046 -6.21913443781943e-14 -7.45713853701743e-14 -1.05476494456929e-14  1.68469032560324e-14    -0.185495497179988
-0.000822104281013048  0.000418042081499697    -0.124748111906417     0.112373549983046      1.38378090387204  3.35592509661995e-13   4.1352138778902e-13   3.3355200243753e-14 -5.76982280528128e-14     0.896130707796534
 4.01345654271525e-16 -3.13906933989276e-16  6.88369702960363e-14 -6.21913443781943e-14  3.35592509661995e-13      1.18985810894755  3.76237552937799e-14    -0.436143487320753    -0.861092261809729 -2.25268317079146e-13
 5.14541573857856e-16 -3.99451098740105e-16  8.45446597624695e-14 -7.45713853701743e-14   4.1352138778902e-13  3.76237552937799e-14      1.18985810894724     0.861092261809784    -0.436143487320766 -2.89508231544489e-13
 6.03692150574405e-17  9.95927990691373e-18  7.15472764154928e-15 -1.05476494456929e-14   3.3355200243753e-14    -0.436143487320753     0.861092261809784     0.849953176032374 -1.01416214132428e-13  -2.3916468561143e-13
 -1.4935210295481e-16 -8.53921283742856e-18 -1.21040847542772e-14  1.68469032560324e-14 -5.76982280528128e-14    -0.861092261809729    -0.436143487320766 -1.01416214132428e-13     0.849953176032131   5.3257488541284e-13
  0.00120539174147964 -0.000951992552594341     0.187233930527036    -0.185495497179988     0.896130707796534 -2.25268317079146e-13 -2.89508231544489e-13  -2.3916468561143e-13   5.3257488541284e-13     0.692056613791714
TOTAL ENERGY: -124.22583511449	 lambda: -9.7	 population of target: 3.99197456425567
1RDM: 
     1.99999888733574  1.26765485929732e-06 -0.000178049865043023  0.000195148268311158 -0.000820368993676721  4.00470981289593e-16  5.13530000484809e-16  6.01604508029596e-17 -1.49060567006061e-16   0.00120298362899311
 1.26765485929732e-06      1.99997336168673  0.000506534380823072  -0.00167641659056501  0.000418035784313938 -3.13951830725053e-16 -3.99498556314689e-16  9.96539759341849e-18 -8.55905942599875e-18 -0.000952216563756062
-0.000178049865043023  0.000506534380823072       1.9676434358614     0.049750268180679    -0.124678552127038  6.88064473748666e-14  8.45076635997511e-14  7.14655123051395e-15 -1.20896693493019e-14     0.187154243886616
 0.000195148268311158  -0.00167641659056501     0.049750268180679      1.87699188552976     0.112246904754239 -6.21334447522226e-14 -7.45018549085105e-14 -1.05330291847228e-14  1.68219171392858e-14    -0.185338718375798
-0.000820368993676721  0.000418035784313938    -0.124678552127038     0.112246904754239      1.38385371919413  3.35579761179027e-13  4.13504719281685e-13   3.3339896703204e-14 -5.76680298559272e-14     0.896120247678912
 4.00470981289593e-16 -3.13951830725053e-16  6.88064473748666e-14 -6.21334447522226e-14  3.35579761179027e-13      1.18988030649745  3.56021035130586e-14    -0.436142922223176    -0.861091146119553 -2.25297166798355e-13
 5.13530000484809e-16 -3.99498556314689e-16  8.45076635997511e-14 -7.45018549085105e-14  4.13504719281685e-13  3.56021035130586e-14      1.18988030649714     0.861091146119607     -0.43614292222319 -2.89540151896727e-13
 6.01604508029596e-17  9.96539759341849e-18  7.14655123051395e-15 -1.05330291847228e-14   3.3339896703204e-14    -0.436142922223176     0.861091146119607     0.849924643402032 -1.02706875629211e-13 -2.39158995576525e-13
-1.49060567006061e-16 -8.55905942599875e-18 -1.20896693493019e-14  1.68219171392858e-14 -5.76680298559272e-14    -0.861091146119553     -0.43614292222319 -1.02706875629211e-13     0.849924643401793  5.32561960944158e-13
  0.00120298362899311 -0.000952216563756062     0.187154243886616    -0.185338718375798     0.896120247678912 -2.25297166798355e-13 -2.89540151896727e-13 -2.39158995576525e-13  5.32561960944158e-13     0.691928810593913
TOTAL ENERGY: -124.225878105762	 lambda: -9.65	 population of target: 3.99197900782598
1RDM: 
     1.99999889190236  1.26539905203722e-06 -0.000177603861278997  0.000194606493829571 -0.000818627914085286  3.99593642699055e-16  5.12515376194462e-16  5.99509005464159e-17  -1.4876792690028e-16    0.0012005686059693
 1.26539905203722e-06      1.99997335978589   0.00050648776355614  -0.00167643983830153  0.000418028128690721 -3.13996033731445e-16 -3.99545133194157e-16  9.97131200285975e-18 -8.57836008723441e-18 -0.000952441494133384
-0.000177603861278997   0.00050648776355614      1.96766976963444    0.0497129657567037    -0.124608471609121  6.87757645496902e-14  8.44704692520115e-14  7.13828384124145e-15 -1.20750727692331e-14     0.187074116972911
 0.000194606493829571  -0.00167643983830153    0.0497129657567037      1.87703330029849     0.112120120749734 -6.20756964948409e-14 -7.44325001223705e-14 -1.05182760727858e-14   1.6796627977908e-14    -0.185182101745671
-0.000818627914085286  0.000418028128690721    -0.124608471609121     0.112120120749734      1.38392795037803  3.35566646447035e-13  4.13487591231101e-13  3.33243625225705e-14 -5.76373888013368e-14     0.896109248485431
 3.99593642699055e-16 -3.13996033731445e-16  6.87757645496902e-14 -6.20756964948409e-14  3.35566646447035e-13      1.18990282315404   3.6594704950557e-14    -0.436142331274189    -0.861089979390111 -2.25326290637617e-13
 5.12515376194462e-16 -3.99545133194157e-16  8.44704692520115e-14 -7.44325001223705e-14  4.13487591231101e-13   3.6594704950557e-14      1.18990282315373     0.861089979390166    -0.436142331274203 -2.89572361116534e-13
 5.99509005464159e-17  9.97131200285975e-18  7.13828384124145e-15 -1.05182760727858e-14  3.33243625225705e-14    -0.436142331274189     0.861089979390166     0.849895792484009 -1.02573293848649e-13 -2.39153181437924e-13
 -1.4876792690028e-16 -8.57836008723441e-18 -1.20750727692331e-14   1.6796627977908e-14 -5.76373888013368e-14    -0.861089979390111    -0.436142331274203 -1.02573293848649e-13     0.849895792483766  5.32548765018498e-13
   0.0012005686059693 -0.000952441494133384     0.187074116972911    -0.185182101745671     0.896109248485431 -2.25326290637617e-13 -2.89572361116534e-13 -2.39153181437924e-13  5.32548765018498e-13     0.691799496725346
TOTAL ENERGY: -124.22592150782	 lambda: -9.6	 population of target: 3.9919835171596
1RDM: 
     1.99999889647314  1.26313561323568e-06 -0.000177156607376028  0.000194064256493558 -0.000816881020401001  3.98713678856492e-16  5.11497750092426e-16   5.9740525831541e-17 -1.48474097215457e-16   0.00119814666559837
 1.26313561323568e-06      1.99997335788643  0.000506440350723984  -0.00167646302855785   0.00041801908447855  -3.1403878560541e-16 -3.99589924929592e-16  9.97648047094878e-18  -8.5958450914695e-18  -0.00095266735399848
-0.000177156607376028  0.000506440350723984      1.96769625993309    0.0496755934651524    -0.124537861373291  6.87449631784606e-14  8.44331259245793e-14  7.12989170785724e-15 -1.20602166413797e-14     0.186993542533118
 0.000194064256493558  -0.00167646302855785    0.0496755934651524       1.8770746540478     0.111993195803694 -6.20182797651294e-14 -7.43635358480688e-14 -1.05032582596355e-14  1.67707277415585e-14    -0.185025650847256
-0.000816881020401001   0.00041801908447855    -0.124537861373291     0.111993195803694      1.38400362439112  3.35553128690313e-13  4.13469959333707e-13  3.33086150276335e-14 -5.76063472123713e-14     0.896097699879642
 3.98713678856492e-16  -3.1403878560541e-16  6.87449631784606e-14 -6.20182797651294e-14  3.35553128690313e-13      1.18992566512899  3.65642498586013e-14    -0.436141713952113    -0.861088760591434 -2.25355690968303e-13
 5.11497750092426e-16 -3.99589924929592e-16  8.44331259245793e-14 -7.43635358480688e-14  4.13469959333707e-13  3.65642498586013e-14      1.18992566512868     0.861088760591488    -0.436141713952127  -2.8960486128925e-13
  5.9740525831541e-17  9.97648047094878e-18  7.12989170785724e-15 -1.05032582596355e-14  3.33086150276335e-14    -0.436141713952113     0.861088760591488     0.849866617148784 -1.02132165643283e-13 -2.39147242944567e-13
-1.48474097215457e-16  -8.5958450914695e-18 -1.20602166413797e-14  1.67707277415585e-14 -5.76063472123713e-14    -0.861088760591434    -0.436141713952127 -1.02132165643283e-13     0.849866617148542   5.3253529739221e-13
  0.00119814666559837  -0.00095266735399848     0.186993542533118    -0.185025650847256     0.896097699879642 -2.25355690968303e-13  -2.8960486128925e-13 -2.39147242944567e-13   5.3253529739221e-13     0.691668642713472
TOTAL ENERGY: -124.225965329966	 lambda: -9.55	 population of target: 3.9919880939147
1RDM: 
     1.99999890104804  1.26086452459058e-06 -0.000176708097314102  0.000193521558201905 -0.000815128290826573  3.97831264484279e-16  5.10477331590564e-16   5.9529189958265e-17 -1.48178762978209e-16   0.00119571780175384
 1.26086452459058e-06      1.99997335598839  0.000506392127979527  -0.00167648615986144  0.000418008620766535 -3.14077175327573e-16 -3.99629458132361e-16  9.97879510050235e-18 -8.60658720390977e-18 -0.000952894153869778
-0.000176708097314102  0.000506392127979527      1.96772290940116    0.0496381499748677    -0.124466712227592  6.87142122192898e-14  8.43958350468447e-14  7.12124774201341e-15 -1.20448045111319e-14     0.186912513149053
 0.000193521558201905  -0.00167648615986144    0.0496381499748677       1.8771159465305     0.111866127689236 -6.19618888063715e-14 -7.42957902259715e-14 -1.04874682970743e-14  1.67430306285958e-14    -0.184869369320168
-0.000815128290826573  0.000418008620766535    -0.124466712227592     0.111866127689236       1.3840807688945  3.35539084450081e-13  4.13451675859454e-13  3.32927345035639e-14 -5.75750945987065e-14     0.896085591249162
 3.97831264484279e-16 -3.14077175327573e-16  6.87142122192898e-14 -6.19618888063715e-14  3.35539084450081e-13       1.1899488387954  3.67776318373142e-14    -0.436141069721598    -0.861087488666567 -2.25385361545807e-13
 5.10477331590564e-16 -3.99629458132361e-16  8.43958350468447e-14 -7.42957902259715e-14  4.13451675859454e-13  3.67776318373142e-14       1.1899488387951     0.861087488666621    -0.436141069721612 -2.89637644199055e-13
  5.9529189958265e-17  9.97879510050235e-18  7.12124774201341e-15 -1.04874682970743e-14  3.32927345035639e-14    -0.436141069721598     0.861087488666621     0.849837111107359 -1.02030416013508e-13 -2.39141186001336e-13
-1.48178762978209e-16 -8.60658720390977e-18 -1.20448045111319e-14  1.67430306285958e-14 -5.75750945987065e-14    -0.861087488666567    -0.436141069721612 -1.02030416013508e-13     0.849837111107116  5.32521572221299e-13
  0.00119571780175384 -0.000952894153869778     0.186912513149053    -0.184869369320168     0.896085591249162 -2.25385361545807e-13 -2.89637644199055e-13 -2.39141186001336e-13  5.32521572221299e-13     0.691536218332514
TOTAL ENERGY: -124.226009581755	 lambda: -9.5	 population of target: 3.9919927398024
1RDM: 
     1.99999890562699  1.25858576826789e-06 -0.000176258325041859   0.00019297840095922 -0.000813369703610122   3.9694838988087e-16  5.09456496019422e-16  5.93154279142736e-17 -1.47878504944972e-16   0.00119328200902036
 1.25858576826789e-06      1.99997335409178  0.000506343080644626  -0.00167650923069353    0.0004179967058602 -3.14079165448547e-16 -3.99625516408868e-16  9.95497675000813e-18 -8.55618828840604e-18 -0.000953121904519959
-0.000176258325041859  0.000506343080644626      1.96774972074242    0.0496006339228005    -0.124395014761131  6.86854073887376e-14  8.43608580649749e-14  7.11096301074393e-15 -1.20255909912641e-14     0.186831021232408
  0.00019297840095922  -0.00167650923069353    0.0496006339228005      1.87715717749629     0.111738914116137 -6.19141708043117e-14 -7.42383862788969e-14 -1.04653189468261e-14  1.67004792865829e-14    -0.184713260888218
-0.000813369703610122    0.0004179967058602    -0.124395014761131     0.111738914116137      1.38415941226536  3.35523219991016e-13  4.13431196895419e-13  3.32776542817381e-14 -5.75458141377161e-14     0.896072911696379
  3.9694838988087e-16 -3.14079165448547e-16  6.86854073887376e-14 -6.19141708043117e-14  3.35523219991016e-13      1.18997235069317  3.70478492876973e-14    -0.436140398033129    -0.861086162530571 -2.25415177881101e-13
 5.09456496019422e-16 -3.99625516408868e-16  8.43608580649749e-14 -7.42383862788969e-14  4.13431196895419e-13  3.70478492876973e-14      1.18997235069286     0.861086162530625    -0.436140398033142 -2.89670560505201e-13
 5.93154279142736e-17  9.95497675000813e-18  7.11096301074393e-15 -1.04653189468261e-14  3.32776542817381e-14    -0.436140398033129     0.861086162530625     0.849807267906088 -1.01494908425948e-13 -2.39135100566571e-13
-1.47878504944972e-16 -8.55618828840604e-18 -1.20255909912641e-14  1.67004792865829e-14 -5.75458141377161e-14    -0.861086162530571    -0.436140398033142 -1.01494908425948e-13     0.849807267905847  5.32507800159207e-13
  0.00119328200902036 -0.000953121904519959     0.186831021232408    -0.184713260888218     0.896072911696379 -2.25415177881101e-13 -2.89670560505201e-13 -2.39135100566571e-13  5.32507800159207e-13     0.691402192579336
TOTAL ENERGY: -124.226054273007	 lambda: -9.45	 population of target: 3.99199745658882
1RDM: 
     1.99999891020993  1.25629932691793e-06 -0.000175807284476594  0.000192434786879711 -0.000811605237050812  3.96058747524817e-16  5.08427719776885e-16  5.91038458362082e-17  -1.4758409243894e-16   0.00119083928272323
 1.25629932691793e-06      1.99997335219662  0.000506293193699256  -0.00167653223948326  0.000417983307255417 -3.14145758788484e-16 -3.99698578263611e-16  9.97845088396892e-18 -8.61622004038779e-18 -0.000953350616981338
-0.000175807284476594  0.000506293193699256      1.96777669672237    0.0495630439130197    -0.124322759337549  6.86525568021115e-14  8.43210465286697e-14  7.10341195981471e-15 -1.20127997944465e-14     0.186749059019919
 0.000192434786879711  -0.00167653223948326    0.0495630439130197      1.87719834669207     0.111611552728942 -6.18510118794739e-14 -7.41625559774641e-14  -1.0454427107639e-14  1.66842448302805e-14    -0.184557329362278
-0.000811605237050812  0.000417983307255417    -0.124322759337549     0.111611552728942      1.38423958362041  3.35509586459026e-13  4.13413355102257e-13  3.32604102787963e-14   -5.751158057006e-14     0.896059650028762
 3.96058747524817e-16 -3.14145758788484e-16  6.86525568021115e-14 -6.18510118794739e-14  3.35509586459026e-13      1.18999620753435  3.59477279828394e-14    -0.436139698322593    -0.861084781069684 -2.25445557888628e-13
 5.08427719776885e-16 -3.99698578263611e-16  8.43210465286697e-14 -7.41625559774641e-14  4.13413355102257e-13  3.59477279828394e-14      1.18999620753405     0.861084781069739    -0.436139698322606 -2.89704108112395e-13
 5.91038458362082e-17  9.97845088396892e-18  7.10341195981471e-15  -1.0454427107639e-14  3.32604102787963e-14    -0.436139698322593     0.861084781069739     0.849777080921172 -1.01649911660336e-13 -2.39128691176908e-13
 -1.4758409243894e-16 -8.61622004038779e-18 -1.20127997944465e-14  1.66842448302805e-14   -5.751158057006e-14    -0.861084781069684    -0.436139698322606 -1.01649911660336e-13     0.849777080920934  5.32493290889358e-13
  0.00119083928272323 -0.000953350616981338     0.186749059019919    -0.184557329362278     0.896059650028762 -2.25445557888628e-13 -2.89704108112395e-13 -2.39128691176908e-13  5.32493290889358e-13     0.691266533648198
TOTAL ENERGY: -124.226099413817	 lambda: -9.4	 population of target: 3.99200224609733
1RDM: 
     1.99999891479678  1.25400518370099e-06 -0.000175354969504135  0.000191890718190467 -0.000809834869504246   3.9516612014865e-16  5.07395516529053e-16  5.88916676076738e-17 -1.47289042237524e-16   0.00118838961895826
 1.25400518370099e-06      1.99997335030294   0.00050624245177245  -0.00167655518460847  0.000417968391613913 -3.14216346655769e-16 -3.99776346211182e-16  1.00051707933264e-17 -8.68375671411272e-18 -0.000953580302556481
-0.000175354969504135   0.00050624245177245      1.96780384017002     0.049525378515703    -0.124249936088193  6.86192496012744e-14  8.42806821373103e-14  7.09596821942573e-15 -1.20002936765223e-14     0.186666618568253
 0.000191890718190467  -0.00167655518460847     0.049525378515703      1.87723945386184     0.111484041104254  -6.1786883868439e-14 -7.40855641962285e-14 -1.04442200406885e-14  1.66696187981266e-14    -0.184401578642275
-0.000809834869504246  0.000417968391613913    -0.124249936088193     0.111484041104254      1.38432131284002  3.35495741176884e-13  4.13395235821701e-13  3.32427729809845e-14 -5.74765336402164e-14     0.896045794748945
  3.9516612014865e-16 -3.14216346655769e-16  6.86192496012744e-14  -6.1786883868439e-14  3.35495741176884e-13      1.19002041620902  3.65652262512703e-14    -0.436138970010764     -0.86108334314033 -2.25476258215449e-13
 5.07395516529053e-16 -3.99776346211182e-16  8.42806821373103e-14 -7.40855641962285e-14  4.13395235821701e-13  3.65652262512703e-14      1.19002041620871     0.861083343140386    -0.436138970010778 -2.89737995795897e-13
 5.88916676076738e-17  1.00051707933264e-17  7.09596821942573e-15 -1.04442200406885e-14  3.32427729809845e-14    -0.436138970010764     0.861083343140386     0.849746543353094 -1.02151596595432e-13 -2.39122132426552e-13
-1.47289042237524e-16 -8.68375671411272e-18 -1.20002936765223e-14  1.66696187981266e-14 -5.74765336402164e-14     -0.86108334314033    -0.436138970010778 -1.02151596595432e-13     0.849746543352855  5.32478452929602e-13
  0.00118838961895826 -0.000953580302556481     0.186666618568253    -0.184401578642275     0.896045794748945 -2.25476258215449e-13 -2.89737995795897e-13 -2.39122132426552e-13  5.32478452929602e-13     0.691129208904739
TOTAL ENERGY: -124.226145014566	 lambda: -9.35	 population of target: 3.99200711021077
1RDM: 
     1.99999891938752  1.25170332230533e-06 -0.000174901373978879  0.000191346197235643 -0.000808058579388415  3.94271964284277e-16  5.06361624885781e-16  5.86778188904512e-17 -1.46990848264374e-16    0.0011859330146236
 1.25170332230533e-06      1.99997334841078  0.000506190839131107    -0.001676578064391  0.000417951924734839 -3.14267371353417e-16 -3.99830718801099e-16  1.00180217578377e-17 -8.71880452103903e-18   -0.0009538109728239
-0.000174901373978879  0.000506190839131107      1.96783115397972     0.049487636266142    -0.124176534905113  6.85868786455634e-14  8.42414264186606e-14  7.08760995020436e-15 -1.19856851909034e-14      0.18658369174887
 0.000191346197235643    -0.001676578064391     0.049487636266142      1.87728049874672     0.111356376748703 -6.17274074872679e-14 -7.40141163664937e-14 -1.04305907045674e-14  1.66470030793349e-14    -0.184246012720358
-0.000808058579388415  0.000417951924734839    -0.124176534905113     0.111356376748703      1.38440463059353  3.35480730919091e-13  4.13375701341412e-13  3.32254266587783e-14 -5.74422746149224e-14     0.896031334044218
 3.94271964284277e-16 -3.14267371353417e-16  6.85868786455634e-14 -6.17274074872679e-14  3.35480730919091e-13      1.19004498379103  3.71168150245442e-14    -0.436138212502827    -0.861081847568138   -2.255071908187e-13
 5.06361624885781e-16 -3.99830718801099e-16  8.42414264186606e-14 -7.40141163664937e-14  4.13375701341412e-13  3.71168150245442e-14      1.19004498379072     0.861081847568194     -0.43613821250284 -2.89772117641864e-13
 5.86778188904512e-17  1.00180217578377e-17  7.08760995020436e-15 -1.04305907045674e-14  3.32254266587783e-14    -0.436138212502827     0.861081847568194     0.849715648220754 -1.02984068973652e-13 -2.39115488435131e-13
-1.46990848264374e-16 -8.71880452103903e-18 -1.19856851909034e-14  1.66470030793349e-14 -5.74422746149224e-14    -0.861081847568138     -0.43613821250284 -1.02984068973652e-13     0.849715648220511  5.32463436564637e-13
   0.0011859330146236   -0.0009538109728239      0.18658369174887    -0.184246012720358     0.896031334044218   -2.255071908187e-13 -2.89772117641864e-13 -2.39115488435131e-13  5.32463436564637e-13     0.690990184858751
TOTAL ENERGY: -124.226191085924	 lambda: -9.3	 population of target: 3.99201205087362
1RDM: 
     1.99999892398204  1.24939372697216e-06  -0.00017444649172363  0.000190801226480101  -0.00080627634518938  3.93375264577935e-16  5.05324834622482e-16  5.84630341087235e-17 -1.46691231659055e-16   0.00118346946745195
 1.24939372697216e-06      1.99997334652016  0.000506138339669791  -0.00167660087709659  0.000417933871527346 -3.14315027335323e-16 -3.99881012080488e-16  1.00287843101861e-17 -8.74888923706097e-18 -0.000954042639647922
 -0.00017444649172363  0.000506138339669791      1.96785864111297    0.0494498156636634    -0.124102545433689  6.85544797153504e-14  8.42021289092124e-14  7.07903762801758e-15 -1.19706119885129e-14     0.186500270242512
 0.000190801226480101  -0.00167660087709659    0.0494498156636634      1.87732148108482     0.111228557096133 -6.16687160735572e-14 -7.39435994563186e-14 -1.04163637559734e-14  1.66229991085215e-14    -0.184090635683233
 -0.00080627634518938  0.000417933871527346    -0.124102545433689     0.111228557096133      1.38448956836536  3.35465198846169e-13  4.13355518465928e-13  3.32078912714864e-14 -5.74076837443547e-14     0.896016255775612
 3.93375264577935e-16 -3.14315027335323e-16  6.85544797153504e-14 -6.16687160735572e-14  3.35465198846169e-13      1.19006991754437  3.64226594533173e-14    -0.436137425187801     -0.86108029314683 -2.25538427865895e-13
 5.05324834622482e-16 -3.99881012080488e-16  8.42021289092124e-14 -7.39435994563186e-14  4.13355518465928e-13  3.64226594533173e-14      1.19006991754406     0.861080293146884    -0.436137425187815 -2.89806558898937e-13
 5.84630341087235e-17  1.00287843101861e-17  7.07903762801758e-15 -1.04163637559734e-14  3.32078912714864e-14    -0.436137425187801     0.861080293146884     0.849684388355262 -1.01387621014136e-13 -2.39108709575838e-13
-1.46691231659055e-16 -8.74888923706097e-18 -1.19706119885129e-14  1.66229991085215e-14 -5.74076837443547e-14     -0.86108029314683    -0.436137425187815 -1.01387621014136e-13     0.849684388355021  5.32448126188066e-13
  0.00118346946745195 -0.000954042639647922     0.186500270242512    -0.184090635683233     0.896016255775612 -2.25538427865895e-13 -2.89806558898937e-13 -2.39108709575838e-13  5.32448126188066e-13     0.690849427135945
TOTAL ENERGY: -124.226237638901	 lambda: -9.25	 population of target: 3.99201707009825
1RDM: 
     1.99999892858031  1.24707638721041e-06 -0.000173990316488318  0.000190255808896077 -0.000804488145827927   3.9247607638325e-16  5.04285242373242e-16  5.82472329502369e-17 -1.46390067288877e-16   0.00118099897675699
 1.24707638721041e-06      1.99997334463112  0.000506084936881153  -0.00167662362073994  0.000417914195395756 -3.14358270961634e-16 -3.99925496269717e-16  1.00362036143912e-17 -8.77201207511802e-18 -0.000954275314418549
-0.000173990316488318  0.000506084936881153      1.96788630465557    0.0494119151606814    -0.124027956902553  6.85221106929932e-14  8.41628871702886e-14  7.07017406029967e-15 -1.19549502312303e-14     0.186416345320599
 0.000190255808896077  -0.00167662362073994    0.0494119151606814      1.87736240059958     0.111100579503527  -6.1611055655331e-14 -7.38744220360786e-14 -1.04012360689966e-14  1.65971231530795e-14    -0.183935451736062
-0.000804488145827927  0.000417914195395756    -0.124027956902553     0.111100579503527      1.38457615851807   3.3544909595419e-13  4.13334608816759e-13  3.31902118277055e-14 -5.73728307514918e-14     0.896000547505964
  3.9247607638325e-16 -3.14358270961634e-16  6.85221106929932e-14  -6.1611055655331e-14   3.3544909595419e-13       1.1900952247829  3.73448051111666e-14    -0.436136607449004    -0.861078678633899 -2.25569972182972e-13
 5.04285242373242e-16 -3.99925496269717e-16  8.41628871702886e-14 -7.38744220360786e-14  4.13334608816759e-13  3.73448051111666e-14      1.19009522478258     0.861078678633954    -0.436136607449017 -2.89841320120282e-13
 5.82472329502369e-17  1.00362036143912e-17  7.07017406029967e-15 -1.04012360689966e-14  3.31902118277055e-14    -0.436136607449004     0.861078678633954     0.849652756597095 -1.03325778131018e-13 -2.39101797485325e-13
-1.46390067288877e-16 -8.77201207511802e-18 -1.19549502312303e-14  1.65971231530795e-14 -5.73728307514918e-14    -0.861078678633899    -0.436136607449017 -1.03325778131018e-13     0.849652756596849  5.32432522530099e-13
  0.00118099897675699 -0.000954275314418549     0.186416345320599    -0.183935451736062     0.896000547505964 -2.25569972182972e-13 -2.89841320120282e-13 -2.39101797485325e-13  5.32432522530099e-13        0.690706900256
TOTAL ENERGY: -124.22628468472	 lambda: -9.2	 population of target: 3.99202216995295
1RDM: 
     1.99999893318224  1.24475127915995e-06 -0.000173532842113247   0.00018970994643978 -0.000802693959208173  3.91573967517008e-16  5.03242274415995e-16    5.803078636858e-17 -1.46088111167386e-16   0.00117852154058646
 1.24475127915995e-06      1.99997334274367  0.000506030613896358  -0.00167664629387591  0.000417892860599126 -3.14404066421808e-16 -3.99973445978731e-16  1.00463640915797e-17 -8.80051514356921e-18 -0.000954509011199686
-0.000173532842113247  0.000506030613896358      1.96791414759973    0.0493739331994583     -0.12395275876786  6.84893540252968e-14  8.41231454876338e-14  7.06138157520866e-15  -1.1939435340752e-14     0.186331908692469
  0.00018970994643978  -0.00167664629387591    0.0493739331994583      1.87740325704487     0.110972441256263 -6.15527674364409e-14 -7.38043743697754e-14 -1.03866657414728e-14  1.65723332170398e-14    -0.183780465122788
-0.000802693959208173  0.000417892860599126     -0.12395275876786     0.110972441256263      1.38466443417148  3.35432693097389e-13  4.13313333862568e-13  3.31721377540627e-14 -5.73372077170974e-14     0.895984196332378
 3.91573967517008e-16 -3.14404066421808e-16  6.84893540252968e-14 -6.15527674364409e-14  3.35432693097389e-13      1.19012091346824  3.71814414437452e-14    -0.436135758619259    -0.861077002762122 -2.25601857729446e-13
 5.03242274415995e-16 -3.99973445978731e-16  8.41231454876338e-14 -7.38043743697754e-14  4.13313333862568e-13  3.71814414437452e-14      1.19012091346793     0.861077002762177    -0.436135758619272 -2.89876444782412e-13
   5.803078636858e-17  1.00463640915797e-17  7.06138157520866e-15 -1.03866657414728e-14  3.31721377540627e-14    -0.436135758619259     0.861077002762177     0.849620744970353 -1.03014272300784e-13 -2.39094725828144e-13
-1.46088111167386e-16 -8.80051514356921e-18  -1.1939435340752e-14  1.65723332170398e-14 -5.73372077170974e-14    -0.861077002762122    -0.436135758619272 -1.03014272300784e-13     0.849620744970109  5.32416571519476e-13
  0.00117852154058646 -0.000954509011199686     0.186331908692469    -0.183780465122788     0.895984196332378 -2.25601857729446e-13 -2.89876444782412e-13 -2.39094725828144e-13  5.32416571519476e-13     0.690562568381414
TOTAL ENERGY: -124.226332235033	 lambda: -9.15	 population of target: 3.99202735258643
1RDM: 
     1.99999893778776  1.24241839343281e-06 -0.000173074062287135  0.000189163642344079 -0.000800893764438919  3.90669115643553e-16  5.02196173513461e-16  5.78135245901003e-17 -1.45785029558942e-16   0.00117603716013652
 1.24241839343281e-06      1.99997334085786   0.00050597535342545  -0.00167666889435727  0.000417869828558208 -3.14449418844574e-16 -4.00020801811189e-16    1.005659100191e-17 -8.82908562222428e-18 -0.000954743741923534
-0.000173074062287135   0.00050597535342545      1.96794217317521    0.0493358681563139     -0.12387693972383  6.84563830628914e-14  8.40831392877071e-14  7.05249827594014e-15 -1.19237457882027e-14     0.186246951218348
 0.000189163642344079  -0.00167666889435727    0.0493358681563139      1.87744405014041     0.110844139551205 -6.14945632904392e-14 -7.37344212870641e-14 -1.03720087571207e-14  1.65473498964278e-14     -0.18362568025193
