TOTAL ENERGY: -123.952193466552	 lambda: -10	 population of target: 3.99949211236598
1RDM: 
     1.99999999400825 -3.60564328043869e-08  -1.0412932171606e-05   3.2860971067356e-06 -0.000107826783200166  7.54249204466771e-19 -4.36134200211322e-20 -3.12362142151115e-18  5.36875054451819e-17   4.0541520800622e-06
-3.60564328043869e-08      1.99997445595016  -0.00165042595715687 -0.000142153483291712 -0.000204468056098636 -2.47390357312831e-17  1.43043123738134e-18 -1.08351238744262e-17  1.86230302637378e-16  3.27491209445792e-05
 -1.0412932171606e-05  -0.00165042595715687      1.87761588189899  -0.00493826839421684    -0.157864646392464  5.85683764262985e-15 -3.38648105507561e-16 -7.46539210344384e-15  1.28312541206333e-13   0.00758287730943509
  3.2860971067356e-06 -0.000142153483291712  -0.00493826839421684       1.9971102746799    0.0621535550916421 -1.34217610770832e-15  7.76058726920535e-17  2.05804936055967e-15 -3.53730447444819e-14   -0.0021686689527642
-0.000107826783200166 -0.000204468056098636    -0.157864646392464    0.0621535550916421    0.0511378230571054 -1.26796860453732e-13  7.33150157402158e-15 -4.23946497907673e-16  7.28665752729972e-15     0.072808485376667
 7.54249204466771e-19 -2.47390357312831e-17  5.85683764262985e-15 -1.34217610770832e-15 -1.26796860453732e-13      1.95875403481894  1.84438973826653e-15  0.000101095055432504    -0.281433161420397  -1.1524718557053e-14
-4.36134200211322e-20  1.43043123738134e-18 -3.38648105507561e-16  7.76058726920535e-17  7.33150157402158e-15  1.84438973826653e-15      1.95875403480973    -0.281433161451163   -0.0001010950554312  6.66369709182033e-16
-3.12362142151115e-18 -1.08351238744262e-17 -7.46539210344384e-15  2.05804936055967e-15 -4.23946497907673e-16  0.000101095055432504    -0.281433161451163    0.0796997637318604   1.7509301571878e-15   6.4872631250131e-15
 5.36875054451819e-17  1.86230302637378e-16  1.28312541206333e-13 -3.53730447444819e-14  7.28665752729972e-15    -0.281433161420397   -0.0001010950554312   1.7509301571878e-15    0.0796997637226375  -1.1150080142173e-13
  4.0541520800622e-06  3.27491209445792e-05   0.00758287730943509   -0.0021686689527642     0.072808485376667  -1.1524718557053e-14  6.66369709182033e-16   6.4872631250131e-15  -1.1150080142173e-13      1.99725397332241
TOTAL ENERGY: -123.952196577182	 lambda: -9.95	 population of target: 3.99949242421086
1RDM: 
     1.99999999401124 -3.61156489325654e-08 -1.04138771115979e-05   3.2839660519557e-06  -0.00010779862275713  7.28112672744067e-19 -4.21021859601576e-20 -3.11329007674754e-18   5.3509933506664e-17  4.05529173554551e-06
-3.61156489325654e-08      1.99997445586244  -0.00165043376581306 -0.000142164190298862 -0.000204503155894737 -2.47601477809001e-17  1.43165193636475e-18  -1.0836810603949e-17  1.86259292010774e-16   3.2774971987642e-05
-1.04138771115979e-05  -0.00165043376581306      1.87761796576704  -0.00494069809925943    -0.157849097553916  5.85186469983458e-15 -3.38360563713612e-16 -7.46465873458705e-15  1.28299936581453e-13    0.0075867692100472
  3.2839660519557e-06 -0.000142164190298862  -0.00494069809925943       1.9971111356789    0.0621381353445425 -1.34014919594152e-15  7.74886752216531e-17  2.05721664894024e-15 -3.53587323419906e-14  -0.00216917140840438
 -0.00010779862275713 -0.000204503155894737    -0.157849097553916    0.0621381353445425    0.0511386694635942  -1.2682708367245e-13  7.33324910615001e-15 -4.24055435009781e-16   7.2885299119006e-15    0.0728465552386918
 7.28112672744067e-19 -2.47601477809001e-17  5.85186469983458e-15 -1.34014919594152e-15  -1.2682708367245e-13      1.95875560882194    1.844587277758e-15  0.000101093179729882    -0.281427939767407 -1.15251316174461e-14
-4.21021859601576e-20  1.43165193636475e-18 -3.38360563713612e-16  7.74886752216531e-17  7.33324910615001e-15    1.844587277758e-15      1.95875560881272    -0.281427939798175 -0.000101093179728577   6.6639359282128e-16
-3.11329007674754e-18  -1.0836810603949e-17 -7.46465873458705e-15  2.05721664894024e-15 -4.24055435009781e-16  0.000101093179729882    -0.281427939798175    0.0796977388125883  1.74874378843855e-15  6.48901999755952e-15
  5.3509933506664e-17  1.86259292010774e-16  1.28299936581453e-13 -3.53587323419906e-14   7.2885299119006e-15    -0.281427939767407 -0.000101093179728577  1.74874378843855e-15     0.079697738803361 -1.11530997936745e-13
 4.05529173554551e-06   3.2774971987642e-05    0.0075867692100472  -0.00216917140840438    0.0728465552386918 -1.15251316174461e-14   6.6639359282128e-16  6.48901999755952e-15 -1.11530997936745e-13      1.99725108396621
TOTAL ENERGY: -123.952199729443	 lambda: -9.9	 population of target: 3.99949274182153
1RDM: 
     1.99999999401417 -3.61753717111022e-08 -1.04148882983561e-05  3.28183565833328e-06  -0.00010777089453611  7.01901328354573e-19 -4.05866260293991e-20 -3.10294932689153e-18  5.33321999324597e-17  4.05647415871277e-06
-3.61753717111022e-08      1.99997445577469  -0.00165044155554682 -0.000142175022676937 -0.000204538200708981 -2.47815248934817e-17     1.43288796321e-18 -1.08384975405562e-17  1.86288284984197e-16  3.28011158399982e-05
-1.04148882983561e-05  -0.00165044155554682      1.87762005348692  -0.00494315034856991    -0.157833533335423  5.84684120333303e-15 -3.38070098617849e-16 -7.46392500623922e-15  1.28287325795407e-13   0.00759071564060102
 3.28183565833328e-06 -0.000142175022676937  -0.00494315034856991      1.99711200732332    0.0621225244404891 -1.33809767485513e-15   7.7370054783538e-17   2.0563738141214e-15 -3.53442459505111e-14  -0.00216967997511968
 -0.00010777089453611 -0.000204538200708981    -0.157833533335423    0.0621225244404891    0.0511395388260995 -1.26857693898372e-13  7.33501901532669e-15 -4.24165467195185e-16   7.2904211124199e-15    0.0728851098648706
 7.01901328354573e-19 -2.47815248934817e-17  5.84684120333303e-15 -1.33809767485513e-15 -1.26857693898372e-13      1.95875720299595  1.84436409887447e-15  0.000101091279787067    -0.281422650632422 -1.15255484021273e-14
-4.05866260293991e-20     1.43288796321e-18 -3.38070098617849e-16   7.7370054783538e-17  7.33501901532669e-15  1.84436409887447e-15      1.95875720298673    -0.281422650663193 -0.000101091279785764  6.66417691808902e-16
-3.10294932689153e-18 -1.08384975405562e-17 -7.46392500623922e-15   2.0563738141214e-15 -4.24165467195185e-16  0.000101091279787067    -0.281422650663193     0.079695694158877  1.74681513711831e-15  6.49079921199979e-15
 5.33321999324597e-17  1.86288284984197e-16  1.28287325795407e-13 -3.53442459505111e-14   7.2904211124199e-15    -0.281422650632422 -0.000101091279785764  1.74681513711831e-15     0.079695694149656  -1.1156157845562e-13
 4.05647415871277e-06  3.28011158399982e-05   0.00759071564060102  -0.00216967997511968    0.0728851098648706 -1.15255484021273e-14  6.66417691808902e-16  6.49079921199979e-15  -1.1156157845562e-13      1.99724815628357
TOTAL ENERGY: -123.952202924194	 lambda: -9.85	 population of target: 3.9994930653432
1RDM: 
     1.99999999401706  -3.6235608951027e-08 -1.04159671092906e-05   3.2797060725856e-06 -0.000107743610275653  6.75615066802492e-19 -3.90667342669683e-20 -3.09259961795875e-18  5.31543123792516e-17  4.05770032276805e-06
 -3.6235608951027e-08      1.99997445568693  -0.00165044932598603 -0.000142185982500065 -0.000204573189387673 -2.48031781699673e-17  1.43413995985716e-18 -1.08401830855027e-17  1.86317254134944e-16  3.28275578097724e-05
-1.04159671092906e-05  -0.00165044932598603      1.87762214512939  -0.00494562552325317    -0.157817953473047  5.84176652937766e-15 -3.37776674358282e-16  -7.4631911052248e-15  1.28274712038698e-13   0.00759471762602687
  3.2797060725856e-06 -0.000142185982500065  -0.00494562552325317      1.99711288979221    0.0621067190896103 -1.33602097359589e-15  7.72499783685843e-17   2.0555206235377e-15 -3.53295815727583e-14   -0.0021701947740915
-0.000107743610275653 -0.000204573189387673    -0.157817953473047    0.0621067190896103    0.0511404316417896  -1.2688869858405e-13   7.3368117324745e-15 -4.24276606656859e-16  7.29233134082362e-15     0.072924158537364
 6.75615066802492e-19 -2.48031781699673e-17  5.84176652937766e-15 -1.33602097359589e-15  -1.2688869858405e-13      1.95875881772868  1.84464000943456e-15  0.000101089355137215    -0.281417292716337 -1.15259689697399e-14
-3.90667342669683e-20  1.43413995985716e-18 -3.37776674358282e-16  7.72499783685843e-17   7.3368117324745e-15  1.84464000943456e-15      1.95875881771947    -0.281417292747112 -0.000101089355135912  6.66442009536731e-16
-3.09259961795875e-18 -1.08401830855027e-17  -7.4631911052248e-15   2.0555206235377e-15 -4.24276606656859e-16  0.000101089355137215    -0.281417292747112    0.0796936293913378  1.74491099363689e-15   6.4926012033252e-15
 5.31543123792516e-17  1.86317254134944e-16  1.28274712038698e-13 -3.53295815727583e-14  7.29233134082362e-15    -0.281417292716337 -0.000101089355135912  1.74491099363689e-15    0.0796936293821269 -1.11592550454813e-13
 4.05770032276805e-06  3.28275578097724e-05   0.00759471762602687   -0.0021701947740915     0.072924158537364 -1.15259689697399e-14  6.66442009536731e-16   6.4926012033252e-15 -1.11592550454813e-13      1.99724518951102
TOTAL ENERGY: -123.952206162317	 lambda: -9.8	 population of target: 3.99949339492565
1RDM: 
     1.99999999401989 -3.62963690790089e-08 -1.04171149793849e-05  3.27757744283514e-06 -0.000107716782005332   6.4925071766142e-19 -3.75423279690655e-20 -3.08224021805242e-18  5.29762581960715e-17  4.05897122744258e-06
-3.62963690790089e-08      1.99997445559916  -0.00165045707701266 -0.000142197071868195 -0.000204608121845864 -2.48251898141199e-17  1.43541268322263e-18  -1.0841853845069e-17   1.8634596992467e-16  3.28543033646508e-05
-1.04171149793849e-05  -0.00165045707701266      1.87762424075971  -0.00494812401357417    -0.157802357696537  5.83663682428924e-15 -3.37480069806203e-16 -7.46245708179538e-15  1.28262095991635e-13   0.00759877621717039
 3.27757744283514e-06 -0.000142197071868195  -0.00494812401357417      1.99711378326861    0.0620907159259765 -1.33391702948301e-15  7.71283266260378e-17  2.05465615314508e-15 -3.53147233353278e-14  -0.00217071593013148
-0.000107716782005332 -0.000204608121845864    -0.157802357696537    0.0620907159259765    0.0511413484245627  -1.2692010415877e-13  7.33862762948306e-15 -4.24389445567258e-16  7.29427079710349e-15    0.0729637107875608
  6.4925071766142e-19 -2.48251898141199e-17  5.83663682428924e-15 -1.33391702948301e-15  -1.2692010415877e-13      1.95876045341765  1.84455708226774e-15  0.000101087405301974    -0.281411864686769 -1.15263936000851e-14
-3.75423279690655e-20  1.43541268322263e-18 -3.37480069806203e-16  7.71283266260378e-17  7.33862762948306e-15  1.84455708226774e-15      1.95876045340844    -0.281411864717541  -0.00010108740530067  6.66466562194847e-16
-3.08224021805242e-18  -1.0841853845069e-17 -7.46245708179538e-15  2.05465615314508e-15 -4.24389445567258e-16  0.000101087405301974    -0.281411864717541    0.0796915441236595  1.74324293913347e-15  6.49442652683714e-15
 5.29762581960715e-17   1.8634596992467e-16  1.28262095991635e-13 -3.53147233353278e-14  7.29427079710349e-15    -0.281411864686769  -0.00010108740530067  1.74324293913347e-15     0.079691544114444 -1.11623923477705e-13
 4.05897122744258e-06  3.28543033646508e-05   0.00759877621717039  -0.00217071593013148    0.0729637107875608 -1.15263936000851e-14  6.66466562194847e-16  6.49442652683714e-15 -1.11623923477705e-13      1.99724218286388
TOTAL ENERGY: -123.952209444712	 lambda: -9.75	 population of target: 3.99949373072328
1RDM: 
     1.99999999402266 -3.63576588566581e-08 -1.04183332841713e-05  3.27544993595867e-06 -0.000107690422227479  6.22816141400732e-19 -3.60138601327529e-20 -3.07187468839026e-18  5.27980987668948e-17  4.06028790167747e-06
-3.63576588566581e-08      1.99997445551136  -0.00165046480758431 -0.000142208293012419 -0.000204642993804507 -2.48473585416218e-17  1.43669448435277e-18 -1.08435462170044e-17  1.86375056219042e-16  3.28813579813129e-05
-1.04183332841713e-05  -0.00165046480758431      1.87762634047309  -0.00495064621709328    -0.157786745726552  5.83145803912334e-15 -3.37180624839241e-16 -7.46172253099233e-15  1.28249471154233e-13   0.00760289249080834
 3.27544993595867e-06 -0.000142208293012419  -0.00495064621709328      1.99711468794013    0.0620745115014948 -1.33178969894842e-15  7.70053227704925e-17   2.0537822091797e-15 -3.52997022585938e-14  -0.00217124356980156
-0.000107690422227479 -0.000204642993804507    -0.157786745726552    0.0620745115014948    0.0511422896917813 -1.26951921467493e-13  7.34046733305351e-15 -4.24502515978133e-16  7.29621419598076e-15    0.0730037763559899
 6.22816141400732e-19 -2.48473585416218e-17  5.83145803912334e-15 -1.33178969894842e-15 -1.26951921467493e-13      1.95876211047152  1.84515448801225e-15  0.000101085429789126     -0.28140636517473 -1.15268217063039e-14
-3.60138601327529e-20  1.43669448435277e-18 -3.37180624839241e-16  7.70053227704925e-17  7.34046733305351e-15  1.84515448801225e-15       1.9587621104623    -0.281406365205503 -0.000101085429787819  6.66491315819303e-16
-3.07187468839026e-18 -1.08435462170044e-17 -7.46172253099233e-15   2.0537822091797e-15 -4.24502515978133e-16  0.000101085429789126    -0.281406365205503    0.0796894379486031  1.74055761806232e-15  6.49627532156321e-15
 5.27980987668948e-17  1.86375056219042e-16  1.28249471154233e-13 -3.52997022585938e-14  7.29621419598076e-15     -0.28140636517473 -0.000101085429787819  1.74055761806232e-15    0.0796894379393853 -1.11655699916552e-13
 4.06028790167747e-06  3.28813579813129e-05   0.00760289249080834  -0.00217124356980156    0.0730037763559899 -1.15268217063039e-14  6.66491315819303e-16  6.49627532156321e-15 -1.11655699916552e-13      1.99723913553913
TOTAL ENERGY: -123.952212772312	 lambda: -9.7	 population of target: 3.99949407289574
1RDM: 
     1.99999999402539 -3.64194878213152e-08 -1.04196235679055e-05  3.27332370392644e-06 -0.000107664543578808  5.96303670019693e-19 -3.44808888549742e-20 -3.06150058123646e-18  5.26197918499374e-17  4.06165139986464e-06
-3.64194878213152e-08      1.99997445542356  -0.00165047251798764 -0.000142219648079223 -0.000204677807243979 -2.48698904127151e-17  1.43799728792878e-18 -1.08452245023647e-17  1.86403901107616e-16  3.29087274607455e-05
-1.04196235679055e-05  -0.00165047251798764      1.87762844432566  -0.00495319254291538    -0.157771117280114  5.82622269406022e-15 -3.36877911067471e-16  -7.4609879387172e-15  1.28236845431065e-13   0.00760706755149625
 3.27332370392644e-06 -0.000142219648079223  -0.00495319254291538      1.99711560399823    0.0620581022911283 -1.32963431111343e-15  7.68806965044011e-17  2.05289667009153e-15 -3.52844819016417e-14  -0.00217177782501235
-0.000107664543578808 -0.000204677807243979    -0.157771117280114    0.0620581022911283    0.0511432559916451 -1.26984155577376e-13  7.34233113653112e-15  -4.2461726889997e-16  7.29818653060092e-15    0.0730443652823471
 5.96303670019693e-19 -2.48698904127151e-17  5.82622269406022e-15 -1.32963431111343e-15 -1.26984155577376e-13       1.9587637893082  1.84439991082504e-15  0.000101083428095809    -0.281400792779074 -1.15272539473513e-14
-3.44808888549742e-20  1.43799728792878e-18 -3.36877911067471e-16  7.68806965044011e-17  7.34233113653112e-15  1.84439991082504e-15      1.95876378929899    -0.281400792809847 -0.000101083428094507  6.66516308541565e-16
-3.06150058123646e-18 -1.08452245023647e-17  -7.4609879387172e-15  2.05289667009153e-15  -4.2461726889997e-16  0.000101083428095809    -0.281400792809847    0.0796873104643963  1.73958632735302e-15   6.4981483511723e-15
 5.26197918499374e-17  1.86403901107616e-16  1.28236845431065e-13 -3.52844819016417e-14  7.29818653060092e-15    -0.281400792779074 -0.000101083428094507  1.73958632735302e-15    0.0796873104551805 -1.11687892894453e-13
 4.06165139986464e-06  3.29087274607455e-05   0.00760706755149625  -0.00217177782501235    0.0730443652823471 -1.15272539473513e-14  6.66516308541565e-16   6.4981483511723e-15 -1.11687892894453e-13       1.9972360467087
TOTAL ENERGY: -123.952216146073	 lambda: -9.65	 population of target: 3.99949442160765
1RDM: 
     1.99999999402806  -3.6481863990089e-08 -1.04209873240197e-05  3.27119891581507e-06 -0.000107639159151862  5.69715887461125e-19 -3.29435630453319e-20 -3.05111943874899e-18  5.24413640091155e-17  4.06306280669953e-06
 -3.6481863990089e-08      1.99997445533575  -0.00165048020760973 -0.000142231139356164  -0.00020471255989746 -2.48927207866707e-17  1.43931735244223e-18 -1.08469011281782e-17  1.86432717577486e-16  3.29364176202173e-05
-1.04209873240197e-05  -0.00165048020760973      1.87763055240275  -0.00495576340800161     -0.15775547206536   5.8209319977117e-15 -3.36571996955008e-16 -7.46025313055297e-15  1.28224215980665e-13   0.00761130253220389
 3.27119891581507e-06 -0.000142231139356164  -0.00495576340800161      1.99711653163901    0.0620414846852327 -1.32745184879164e-15  7.67545047412083e-17  2.05200001884893e-15 -3.52690705562094e-14  -0.00217231883002551
-0.000107639159151862  -0.00020471255989746     -0.15775547206536    0.0620414846852327    0.0511442478778921 -1.27016815699521e-13  7.34421957238924e-15 -4.24733232632826e-16  7.30017967561091e-15    0.0730854878409437
 5.69715887461125e-19 -2.48927207866707e-17   5.8209319977117e-15 -1.32745184879164e-15 -1.27016815699521e-13      1.95876549035763  1.84433621900743e-15  0.000101081399704426    -0.281395146059088 -1.15276901550668e-14
-3.29435630453319e-20  1.43931735244223e-18 -3.36571996955008e-16  7.67545047412083e-17  7.34421957238924e-15  1.84433621900743e-15      1.95876549034842    -0.281395146089861 -0.000101081399703124  6.66541530626725e-16
-3.05111943874899e-18 -1.08469011281782e-17 -7.46025313055297e-15  2.05200001884893e-15 -4.24733232632826e-16  0.000101081399704426    -0.281395146089861    0.0796851612478258  1.73732909201726e-15  6.50004598436391e-15
 5.24413640091155e-17  1.86432717577486e-16  1.28224215980665e-13 -3.52690705562094e-14  7.30017967561091e-15    -0.281395146059088 -0.000101081399703124  1.73732909201726e-15    0.0796851612386156 -1.11720508749571e-13
 4.06306280669953e-06  3.29364176202173e-05   0.00761130253220389  -0.00217231883002551    0.0730854878409437 -1.15276901550668e-14  6.66541530626725e-16  6.50004598436391e-15 -1.11720508749571e-13      1.99723291552406
TOTAL ENERGY: -123.952219566975	 lambda: -9.6	 population of target: 3.99949477702899
1RDM: 
     1.99999999403067 -3.65447959980346e-08 -1.04224261060961e-05  3.26907574250725e-06 -0.000107614282362533  5.43052607968752e-19 -3.14018720139872e-20 -3.04073174542921e-18    5.226282356594e-17  4.06452323654983e-06
-3.65447959980346e-08      1.99997445524792  -0.00165048787604647 -0.000142242769157208 -0.000204747250532094 -2.49158647657489e-17  1.44065555169203e-18 -1.08485738929073e-17  1.86461467862568e-16    3.296443445301e-05
-1.04224261060961e-05  -0.00165048787604647      1.87763266478374  -0.00495835923940974    -0.157739809784238  5.81558510692264e-15 -3.36262833896197e-16 -7.45951830634576e-15  1.28211586221177e-13   0.00761559859516386
 3.26907574250725e-06 -0.000142242769157208  -0.00495835923940974      1.99711747106301    0.0620246549889671 -1.32524161511885e-15  7.66267071751401e-17  2.05109196878645e-15 -3.52534632966251e-14  -0.00217286672306273
-0.000107614282362533 -0.000204747250532094    -0.157739809784238    0.0620246549889671    0.0511452659235938 -1.27049910216521e-13  7.34613312533291e-15 -4.24850455190356e-16  7.30219445838577e-15     0.073127154584267
 5.43052607968752e-19 -2.49158647657489e-17  5.81558510692264e-15 -1.32524161511885e-15 -1.27049910216521e-13      1.95876721406085  1.84461085703479e-15  0.000101079344083738    -0.281389423536422 -1.15281304024579e-14
-3.14018720139872e-20  1.44065555169203e-18 -3.36262833896197e-16  7.66267071751401e-17  7.34613312533291e-15  1.84461085703479e-15      1.95876721405163    -0.281389423567195 -0.000101079344082434  6.66566986297729e-16
-3.04073174542921e-18 -1.08485738929073e-17 -7.45951830634576e-15  2.05109196878645e-15 -4.24850455190356e-16  0.000101079344083738    -0.281389423567195    0.0796829898674855  1.73503918287508e-15  6.50196872042928e-15
   5.226282356594e-17  1.86461467862568e-16  1.28211586221177e-13 -3.52534632966251e-14  7.30219445838577e-15    -0.281389423536422 -0.000101079344082434  1.73503918287508e-15     0.079682989858276 -1.11753556063382e-13
 4.06452323654983e-06    3.296443445301e-05   0.00761559859516386  -0.00217286672306273     0.073127154584267 -1.15281304024579e-14  6.66566986297729e-16  6.50196872042928e-15 -1.11753556063382e-13      1.99722974111282
TOTAL ENERGY: -123.952223036029	 lambda: -9.55	 population of target: 3.99949513933536
1RDM: 
     1.99999999403322 -3.66082926779454e-08 -1.04239415061874e-05  3.26695435946237e-06 -0.000107589926974695  5.16313792816264e-19 -2.98558134870038e-20 -3.03033805534895e-18  5.20841800476888e-17  4.06603383423424e-06
-3.66082926779454e-08      1.99997445516008  -0.00165049552289312 -0.000142254539851625 -0.000204781877901083 -2.49393212881739e-17  1.44201182330305e-18 -1.08502444686081e-17  1.86490180605444e-16  3.29927841064102e-05
-1.04239415061874e-05  -0.00165049552289312      1.87763478155117  -0.00496098047420287    -0.157724130131064  5.81018055266196e-15 -3.35950336810335e-16 -7.45878324758405e-15  1.28198952414615e-13   0.00761995693304179
 3.26695435946237e-06 -0.000142254539851625  -0.00496098047420287      1.99711842247541    0.0620076094203038 -1.32300324522048e-15  7.64972827297999e-17  2.05017238150317e-15 -3.52376577415138e-14  -0.00217342164614617
-0.000107589926974695 -0.000204781877901083    -0.157724130131064    0.0620076094203038    0.0511463107183893 -1.27083447857158e-13  7.34807230005991e-15 -4.24968929964353e-16  7.30423076415534e-15    0.0731693763450947
 5.16313792816264e-19 -2.49393212881739e-17  5.81018055266196e-15 -1.32300324522048e-15 -1.27083447857158e-13       1.9587689608706  1.84424826063736e-15  0.000101077260688767    -0.281383623693584  -1.1528574712413e-14
-2.98558134870038e-20  1.44201182330305e-18 -3.35950336810335e-16  7.64972827297999e-17  7.34807230005991e-15  1.84424826063736e-15      1.95876896086138    -0.281383623724361 -0.000101077260687468  6.66592676875125e-16
-3.03033805534895e-18 -1.08502444686081e-17 -7.45878324758405e-15  2.05017238150317e-15 -4.24968929964353e-16  0.000101077260688767    -0.281383623724361    0.0796807958802017  1.73351218980691e-15  6.50391704842606e-15
 5.20841800476888e-17  1.86490180605444e-16  1.28198952414615e-13 -3.52376577415138e-14  7.30423076415534e-15    -0.281383623693584 -0.000101077260687468  1.73351218980691e-15    0.0796807958709836 -1.11787043241995e-13
 4.06603383423424e-06  3.29927841064102e-05   0.00761995693304179  -0.00217342164614617    0.0731693763450947  -1.1528574712413e-14  6.66592676875125e-16  6.50391704842606e-15 -1.11787043241995e-13      1.99722652257855
TOTAL ENERGY: -123.952226554275	 lambda: -9.5	 population of target: 3.99949550870816
1RDM: 
      1.9999999940357 -3.66723630630866e-08 -1.04255351570912e-05  3.26483494733957e-06 -0.000107566107127722  4.89499159858072e-19 -2.83053711768974e-20 -3.01993884523979e-18  5.19054416451893e-17  4.06759577665626e-06
-3.66723630630866e-08      1.99997445507222  -0.00165050314771412 -0.000142266453862282 -0.000204816440663351 -2.49631016481856e-17  1.44338682033997e-18 -1.08519119177594e-17   1.8651883970938e-16  3.30214728783889e-05
-1.04255351570912e-05  -0.00165050314771412      1.87763690278941  -0.00496362755967629    -0.157708432793255  5.80471693828681e-15 -3.35634425001562e-16 -7.45804793166101e-15  1.28186314166472e-13   0.00762437876967263
 3.26483494733957e-06 -0.000142266453862282  -0.00496362755967629      1.99711938608622    0.0619903441060651 -1.32073610459865e-15  7.63661947172018e-17  2.04924099791125e-15 -3.52216494377687e-14  -0.00217398374520214
-0.000107566107127722 -0.000204816440663351    -0.157708432793255    0.0619903441060651    0.0511473828696492 -1.27117437471293e-13  7.35003760828541e-15 -4.25088705282424e-16  7.30628942481832e-15    0.0732121642456574
 4.89499159858072e-19 -2.49631016481856e-17  5.80471693828681e-15 -1.32073610459865e-15 -1.27117437471293e-13      1.95877073125194  1.84399171206693e-15   0.00010107514895941    -0.281377744971719 -1.15290231449753e-14
-2.83053711768974e-20  1.44338682033997e-18 -3.35634425001562e-16  7.63661947172018e-17  7.35003760828541e-15  1.84399171206693e-15      1.95877073124272    -0.281377745002488 -0.000101075148958109  6.66618605830837e-16
-3.01993884523979e-18 -1.08519119177594e-17 -7.45804793166101e-15  2.04924099791125e-15 -4.25088705282424e-16   0.00010107514895941    -0.281377745002488    0.0796785788307232  1.73125006699591e-15  6.50589148824636e-15
 5.19054416451893e-17   1.8651883970938e-16  1.28186314166472e-13 -3.52216494377687e-14  7.30628942481832e-15    -0.281377744971719 -0.000101075148958109  1.73125006699591e-15    0.0796785788215147 -1.11820979221134e-13
 4.06759577665626e-06  3.30214728783889e-05   0.00762437876967263  -0.00217398374520214    0.0732121642456574 -1.15290231449753e-14  6.66618605830837e-16  6.50589148824636e-15 -1.11820979221134e-13      1.99722325899987
TOTAL ENERGY: -123.952230122782	 lambda: -9.45	 population of target: 3.99949588533479
1RDM: 
     1.99999999403813 -3.67370163984268e-08 -1.04272087339183e-05  3.26271769213474e-06 -0.000107542837347733  4.62607603892233e-19 -2.67504812299219e-20 -3.00953428608675e-18  5.17266112915039e-17  4.06921027391215e-06
-3.67370163984268e-08      1.99997445498435  -0.00165051075008404 -0.000142278513668991 -0.000204850937410702 -2.49872216462009e-17  1.44478145585999e-18 -1.08535758660169e-17  1.86547438729647e-16  3.30505072256922e-05
-1.04272087339183e-05  -0.00165051075008404      1.87763902858313  -0.00496630095374786    -0.157692717450085  5.79919111120381e-15 -3.35314916269111e-16 -7.45731180953304e-15  1.28173662033637e-13   0.00762886536121632
 3.26271769213474e-06 -0.000142278513668991  -0.00496630095374786       1.9971203621104    0.0619728550798289 -1.31843945682179e-15  7.62334005671782e-17   2.0482975056699e-15 -3.52054330153975e-14  -0.00217455317022802
-0.000107542837347733 -0.000204850937410702    -0.157692717450085    0.0619728550798289    0.0511484830035022 -1.27151888044938e-13  7.35202956960129e-15 -4.25209907747641e-16   7.3083726184527e-15    0.0732555297079136
 4.62607603892233e-19 -2.49872216462009e-17  5.79919111120381e-15 -1.31843945682179e-15 -1.27151888044938e-13      1.95877252568235  1.84427013208335e-15  0.000101073008320453    -0.281371785770164 -1.15294757676306e-14
-2.67504812299219e-20  1.44478145585999e-18 -3.35314916269111e-16  7.62334005671782e-17  7.35202956960129e-15  1.84427013208335e-15      1.95877252567314    -0.281371785800941 -0.000101073008319155  6.66644777065385e-16
-3.00953428608675e-18 -1.08535758660169e-17 -7.45731180953304e-15   2.0482975056699e-15 -4.25209907747641e-16  0.000101073008320453    -0.281371785800941      0.07967633825232  1.73010154415729e-15  6.50789258026515e-15
 5.17266112915039e-17  1.86547438729647e-16  1.28173662033637e-13 -3.52054330153975e-14   7.3083726184527e-15    -0.281371785770164 -0.000101073008319155  1.73010154415729e-15    0.0796763382430879 -1.11855373288857e-13
 4.06921027391215e-06  3.30505072256922e-05   0.00762886536121632  -0.00217455317022802    0.0732555297079136 -1.15294757676306e-14  6.66644777065385e-16  6.50789258026515e-15 -1.11855373288857e-13       1.9972199494296
TOTAL ENERGY: -123.952233742639	 lambda: -9.4	 population of target: 3.99949626940783
1RDM: 
     1.99999999404049 -3.68022617006571e-08 -1.04289637757484e-05  3.26060273277735e-06 -0.000107520130578363  4.35839140990077e-19 -2.52027010312111e-20 -2.99920323763816e-18  5.15490452902538e-17  4.07087849105375e-06
-3.68022617006571e-08      1.99997445489646  -0.00165051832819316 -0.000142290722170121  -0.00020488536671952 -2.50104646621229e-17  1.44612548315059e-18 -1.08551448504918e-17  1.86574408379886e-16  3.30798939846836e-05
-1.04289637757484e-05  -0.00165051832819316      1.87764115921099  -0.00496900112719171    -0.157676983804245  5.79400463792887e-15 -3.35015016567997e-16 -7.45669481843171e-15  1.28163058361673e-13   0.00763341800453104
 3.26060273277735e-06 -0.000142290722170121  -0.00496900112719171      1.99712135075294    0.0619551384434916  -1.3161378098483e-15  7.61003153212032e-17  2.04735494268115e-15 -3.51892328551781e-14   -0.0021751300771969
-0.000107520130578363  -0.00020488536671952    -0.157676983804245    0.0619551384434916    0.0511496117390156 -1.27186841227237e-13  7.35405059092578e-15 -4.25311556881019e-16   7.3101194768102e-15    0.0732994843796106
 4.35839140990077e-19 -2.50104646621229e-17  5.79400463792887e-15  -1.3161378098483e-15 -1.27186841227237e-13      1.95877434463465  1.84337286431129e-15  0.000101070838199108     -0.28136574450934 -1.15299300490832e-14
-2.52027010312111e-20  1.44612548315059e-18 -3.35015016567997e-16  7.61003153212032e-17  7.35405059092578e-15  1.84337286431129e-15      1.95877434462544    -0.281365744540114 -0.000101070838197813  6.66671044458518e-16
-2.99920323763816e-18 -1.08551448504918e-17 -7.45669481843171e-15  2.04735494268115e-15 -4.25311556881019e-16  0.000101070838199108    -0.281365744540114    0.0796740736047551  1.72786747879376e-15  6.50991890732461e-15
 5.15490452902538e-17  1.86574408379886e-16  1.28163058361673e-13 -3.51892328551781e-14   7.3101194768102e-15     -0.28136574450934 -0.000101070838197813  1.72786747879376e-15    0.0796740735955382 -1.11890201045311e-13
 4.07087849105375e-06  3.30798939846836e-05   0.00763341800453104   -0.0021751300771969    0.0732994843796106 -1.15299300490832e-14  6.66671044458518e-16  6.50991890732461e-15 -1.11890201045311e-13      1.99721659289969
TOTAL ENERGY: -123.952237415001	 lambda: -9.35	 population of target: 3.99949666112985
1RDM: 
     1.99999999404279 -3.68681113478663e-08 -1.04308025264374e-05  3.25849035032468e-06 -0.000107498005990453  4.08756535077963e-19 -2.36367668198861e-20 -2.98877534377269e-18  5.13698135886069e-17  4.07260186248865e-06
-3.68681113478663e-08      1.99997445480854  -0.00165052588818896 -0.000142303080834695 -0.000204919725991484 -2.50356665803745e-17  1.44758266638543e-18 -1.08567800142564e-17   1.8660251336277e-16  3.31096392600188e-05
-1.04308025264374e-05  -0.00165052588818896      1.87764329397741  -0.00497172854836412    -0.157661231424313  5.78828271484198e-15 -3.34684174458676e-16 -7.45593913498403e-15  1.28150069550306e-13   0.00763803799443027
 3.25849035032468e-06 -0.000142303080834695  -0.00497172854836412      1.99712235228258    0.0619371895965745 -1.31377250254381e-15  7.59635514048891e-17  2.04638265354554e-15 -3.51725214491031e-14  -0.00217571461818936
-0.000107498005990453 -0.000204919725991484    -0.157661231424313    0.0619371895965745    0.0511507698975842 -1.27222236347049e-13  7.35609716720167e-15 -4.25439833233869e-16  7.31232433867349e-15    0.0733440404548263
 4.08756535077963e-19 -2.50356665803745e-17  5.78828271484198e-15 -1.31377250254381e-15 -1.27222236347049e-13      1.95877618868082  1.84347972919917e-15  0.000101068637885674    -0.281359619250881 -1.15303920693701e-14
-2.36367668198861e-20  1.44758266638543e-18 -3.34684174458676e-16  7.59635514048891e-17  7.35609716720167e-15  1.84347972919917e-15      1.95877618867161    -0.281359619281651 -0.000101068637884377  6.66697759056611e-16
-2.98877534377269e-18 -1.08567800142564e-17 -7.45593913498403e-15  2.04638265354554e-15 -4.25439833233869e-16  0.000101068637885674    -0.281359619281651    0.0796717846244546  1.72532029710981e-15  6.51197550150638e-15
 5.13698135886069e-17   1.8660251336277e-16  1.28150069550306e-13 -3.51725214491031e-14  7.31232433867349e-15    -0.281359619250881 -0.000101068637884377  1.72532029710981e-15    0.0796717846152481 -1.11925549070358e-13
 4.07260186248865e-06  3.31096392600188e-05   0.00763803799443027  -0.00217571461818936    0.0733440404548263 -1.15303920693701e-14  6.66697759056611e-16  6.51197550150638e-15 -1.11925549070358e-13      1.99721318839898
TOTAL ENERGY: -123.952241141015	 lambda: -9.3	 population of target: 3.99949706070601
1RDM: 
     1.99999999404501 -3.69345679760497e-08 -1.04327261869819e-05  3.25638077570121e-06 -0.000107476478106554  3.81576461124727e-19 -2.20651980833773e-20 -2.97833599944302e-18  5.11903849455206e-17  4.07438164759125e-06
-3.69345679760497e-08      1.99997445472058  -0.00165053342153372 -0.000142315593721876 -0.000204954017954873 -2.50614709838687e-17  1.44907468446941e-18  -1.0858390298014e-17  1.86630191289404e-16  3.31397506022056e-05
-1.04327261869819e-05  -0.00165053342153372      1.87764543411651  -0.00497448372397676    -0.157645460090314  5.78246048268521e-15 -3.34347534911191e-16 -7.45517418119742e-15  1.28136921158807e-13   0.00764272670943421
 3.25638077570121e-06 -0.000142315593721876  -0.00497448372397676      1.99712336688398    0.0619190046995584 -1.31137091563497e-15  7.58246897869503e-17  2.04539512720346e-15 -3.51555481449948e-14  -0.00217630696621952
-0.000107476478106554 -0.000204954017954873    -0.157645460090314    0.0619190046995584    0.0511519579097995 -1.27258119048974e-13  7.35817193618685e-15  -4.2557130207579e-16   7.3145841173159e-15    0.0733892102689226
 3.81576461124727e-19 -2.50614709838687e-17  5.78246048268521e-15 -1.31137091563497e-15 -1.27258119048974e-13      1.95877805824008   1.8439335667481e-15  0.000101066406904492    -0.281353408618769 -1.15308590148238e-14
-2.20651980833773e-20  1.44907468446941e-18 -3.34347534911191e-16  7.58246897869503e-17  7.35817193618685e-15   1.8439335667481e-15      1.95877805823087    -0.281353408649545 -0.000101066406903194  6.66724758430693e-16
-2.97833599944302e-18  -1.0858390298014e-17 -7.45517418119742e-15  2.04539512720346e-15  -4.2557130207579e-16  0.000101066406904492    -0.281353408649545    0.0796694704810459  1.72364897460999e-15  6.51406075944174e-15
 5.11903849455206e-17  1.86630191289404e-16  1.28136921158807e-13 -3.51555481449948e-14   7.3145841173159e-15    -0.281353408618769 -0.000101066406903194  1.72364897460999e-15    0.0796694704718363 -1.11961389759643e-13
 4.07438164759125e-06  3.31397506022056e-05   0.00764272670943421  -0.00217630696621952    0.0733892102689226 -1.15308590148238e-14  6.66724758430693e-16  6.51406075944174e-15 -1.11961389759643e-13      1.99720973490029
TOTAL ENERGY: -123.952244921894	 lambda: -9.25	 population of target: 3.99949746835157
1RDM: 
     1.99999999404717 -3.70016480768124e-08  -1.0434737046853e-05  3.25427416691353e-06 -0.000107455563129546  3.54374109415954e-19 -2.04923381706341e-20 -2.96791527254748e-18  5.10112766464272e-17   4.0762192099521e-06
-3.70016480768124e-08      1.99997445463268  -0.00165054092811902 -0.000142328262639146 -0.000204988238210813 -2.50871021255368e-17  1.45055669414237e-18 -1.08600237860875e-17  1.86658266932361e-16  3.31702351187382e-05
 -1.0434737046853e-05  -0.00165054092811902      1.87764757917762  -0.00497726715656097    -0.157629669337902  5.77666919234052e-15 -3.34012677738844e-16 -7.45443441567616e-15  1.28124206324709e-13   0.00764748555683599
 3.25427416691353e-06 -0.000142328262639146  -0.00497726715656097      1.99712439481673    0.0619005791536624 -1.30894869920514e-15  7.56846351695789e-17  2.04440011537655e-15 -3.51384462169853e-14  -0.00217690728171385
-0.000107455563129546 -0.000204988238210813    -0.157629669337902    0.0619005791536624    0.0511531765644253 -1.27294513223046e-13  7.36027627848917e-15 -4.25697722780504e-16  7.31675703924486e-15    0.0734350065836597
 3.54374109415954e-19 -2.50871021255368e-17  5.77666919234052e-15 -1.30894869920514e-15 -1.27294513223046e-13      1.95877995390916  1.84384451217647e-15  0.000101064144568789    -0.281347110597028 -1.15313288832169e-14
-2.04923381706341e-20  1.45055669414237e-18 -3.34012677738844e-16  7.56846351695789e-17  7.36027627848917e-15  1.84384451217647e-15      1.95877995389995    -0.281347110627803 -0.000101064144567491  6.66751926822823e-16
-2.96791527254748e-18 -1.08600237860875e-17 -7.45443441567616e-15  2.04440011537655e-15 -4.25697722780504e-16  0.000101064144568789    -0.281347110627803    0.0796671308104043  1.72132166490734e-15  6.51617406821102e-15
 5.10112766464272e-17  1.86658266932361e-16  1.28124206324709e-13 -3.51384462169853e-14  7.31675703924486e-15    -0.281347110597028 -0.000101064144567491  1.72132166490734e-15    0.0796671308011917 -1.11997712571645e-13
  4.0762192099521e-06  3.31702351187382e-05   0.00764748555683599  -0.00217690728171385    0.0734350065836597 -1.15313288832169e-14  6.66751926822823e-16  6.51617406821102e-15 -1.11997712571645e-13      1.99720623134067
TOTAL ENERGY: -123.952248758865	 lambda: -9.2	 population of target: 3.9994978842872
1RDM: 
     1.99999999404925 -3.70693653369241e-08 -1.04368370907618e-05  3.25217065980639e-06 -0.000107435275689031  3.27103055456603e-19 -1.89155051860514e-20 -2.95749567561529e-18  5.08321878437037e-17  4.07811586878792e-06
-3.70693653369241e-08       1.9999744545448  -0.00165054840962349 -0.000142341090682701 -0.000205022384565174 -2.51130141154756e-17  1.45205494369083e-18 -1.08616595370432e-17  1.86686381159657e-16  3.32011005839123e-05
-1.04368370907618e-05  -0.00165054840962349      1.87764972916401  -0.00498007936657538    -0.157613858833227   5.7708230840118e-15 -3.33674649425566e-16 -7.45369718194293e-15  1.28111535154469e-13   0.00765231599785077
 3.25217065980639e-06 -0.000142341090682701  -0.00498007936657538      1.99712543631269    0.0618819086045267 -1.30649596867744e-15  7.55428161824638e-17  2.04339279412099e-15 -3.51211327230941e-14  -0.00217751573739345
-0.000107435275689031 -0.000205022384565174    -0.157613858833227    0.0618819086045267    0.0511544266593906  -1.2733142317621e-13  7.36241044365184e-15 -4.25823696366738e-16  7.31892227101944e-15    0.0734814424251426
 3.27103055456603e-19 -2.51130141154756e-17   5.7708230840118e-15 -1.30649596867744e-15  -1.2733142317621e-13      1.95878187622144  1.84407788362035e-15  0.000101061850176587    -0.281340723395892 -1.15318027311856e-14
-1.89155051860514e-20  1.45205494369083e-18 -3.33674649425566e-16  7.55428161824638e-17  7.36241044365184e-15  1.84407788362035e-15      1.95878187621222    -0.281340723426668 -0.000101061850175288  6.66779325311577e-16
-2.95749567561529e-18 -1.08616595370432e-17 -7.45369718194293e-15  2.04339279412099e-15 -4.25823696366738e-16  0.000101061850176587    -0.281340723426668    0.0796647651064259  1.71983423707917e-15  6.51831667922927e-15
 5.08321878437037e-17  1.86686381159657e-16  1.28111535154469e-13 -3.51211327230941e-14  7.31892227101944e-15    -0.281340723395892 -0.000101061850175288  1.71983423707917e-15    0.0796647650972074 -1.12034539020614e-13
 4.07811586878792e-06  3.32011005839123e-05   0.00765231599785077  -0.00217751573739345    0.0734814424251426 -1.15318027311856e-14  6.66779325311577e-16  6.51831667922927e-15 -1.12034539020614e-13      1.99720267663252
TOTAL ENERGY: -123.952252653192	 lambda: -9.15	 population of target: 3.9994983087409
1RDM: 
     1.99999999405127 -3.71377236527123e-08 -1.04390278782019e-05  3.25007053995045e-06 -0.000107415633579912  2.99758033456903e-19 -1.73343951952865e-20 -2.94707592937395e-18  5.06530964867617e-17  4.08007307067044e-06
-3.71377236527123e-08      1.99997445445689  -0.00165055586715876 -0.000142354080689943 -0.000205056454987535 -2.51394172997039e-17  1.45358160110416e-18 -1.08632574283921e-17  1.86713845090577e-16  3.32323538174272e-05
-1.04390278782019e-05  -0.00165055586715876      1.87765188418806  -0.00498292086460021    -0.157598028290602  5.76491742704774e-15 -3.33333177962749e-16 -7.45296397442631e-15  1.28098933160395e-13   0.00765721945484998
 3.25007053995045e-06 -0.000142354080689943  -0.00498292086460021      1.99712649162132    0.0618629884741726 -1.30400777478195e-15  7.53989465312693e-17  2.04237096800154e-15 -3.51035699430292e-14  -0.00217813251243015
