Lodwin Orthonormalized
TOTAL ENERGY: -123.606605149327	 lambda: -10	 population of target: 3.99999965173294
1RDM: 
     1.99997470019073   0.00165480876852313  -6.3225548202431e-05  3.51548211501313e-20  1.61653278466275e-07   1.9155991821857e-09  6.82810165370004e-08 -8.90361633105002e-14   1.9134027533037e-16 -4.94064684473788e-18
  0.00165480876852313      1.88479363807466    0.0659879713274641 -1.25531804351132e-18 -2.18295775833664e-05 -2.90562994390886e-07 -9.28235025057557e-06   9.2005792208583e-12 -1.97718719774488e-14  4.81071375684663e-16
 -6.3225548202431e-05    0.0659879713274641    0.0388258667206638 -3.01545210345339e-17  0.000342971438388407  5.06518111355814e-06  0.000146930707633518 -4.08140005180216e-12  8.75524785183047e-15 -1.84394869080231e-15
 3.51548211501313e-20 -1.25531804351132e-18 -3.01545210345339e-17      1.99999999965967  5.72577690029441e-21  4.13890777536646e-23  2.52517926212586e-21 -5.80983955099546e-18  2.58349693509815e-05 -7.55710758367552e-23
 1.61653278466275e-07 -2.18295775833664e-05  0.000342971438388407  5.72577690029441e-21       1.9999999390741 -8.96738455262281e-10 -2.60940112729674e-08 -9.98661512765283e-12 -5.59210645755856e-17  -1.3118904740124e-16
  1.9155991821857e-09 -2.90562994390886e-07  5.06518111355814e-06  4.13890777536646e-23 -8.96738455262281e-10      1.99999999998679 -3.84093337773652e-10 -1.19023895504545e-15  2.61553677972377e-18  -1.0298716226519e-20
 6.82810165370004e-08 -9.28235025057557e-06  0.000146930707633518  2.52517926212586e-21 -2.60940112729674e-08 -3.84093337773652e-10      1.99999998882409  1.36063618265752e-14  -2.9489085569705e-17  3.17256102318209e-19
-8.90361633105002e-14   9.2005792208583e-12 -4.08140005180216e-12 -5.80983955099546e-18 -9.98661512765283e-12 -1.19023895504545e-15  1.36063618265752e-14    0.0382029339048497  5.97745913244799e-16 -2.58349794795073e-05
  1.9134027533037e-16 -1.97718719774488e-14  8.75524785183047e-15  2.58349693509815e-05 -5.59210645755856e-17  2.61553677972377e-18  -2.9489085569705e-17  5.97745913244799e-16     0.038202933904768 -6.32098457892989e-20
-4.94064684473788e-18  4.81071375684663e-16 -1.84394869080231e-15 -7.55710758367552e-23  -1.3118904740124e-16  -1.0298716226519e-20  3.17256102318209e-19 -2.58349794795073e-05 -6.32098457892989e-20      1.99999999965967
TOTAL ENERGY: -123.606605158643	 lambda: -9.95	 population of target: 3.99999965266696
1RDM: 
      1.9999747001907   0.00165480877461294   -6.322556314779e-05  3.78410853355991e-20  1.62633275040836e-07  1.91999556163295e-09  6.86573284516493e-08 -6.45835391742476e-14  1.44929498169331e-16 -3.61185933546085e-18
  0.00165480877461294      1.88479363789946    0.0659879636351673 -1.51058646106252e-18 -2.19668386549398e-05 -2.91231133737325e-07  -9.3351566871257e-06  6.79454991490011e-12 -1.52454037372915e-14  3.53908058334759e-16
  -6.322556314779e-05    0.0659879636351673    0.0388258683125775 -2.90920283535869e-17  0.000345201464801317  5.07684457065768e-06  0.000147790568920635 -3.02549410349945e-12  6.77494314606776e-15 -1.35565071351797e-15
 3.78410853355991e-20 -1.51058646106252e-18 -2.90920283535869e-17      1.99999999965522  5.42257586065708e-21  4.54792302574305e-23  2.38029085659845e-21 -5.80633889206379e-18  2.60034224008569e-05 -7.61238598672145e-23
 1.62633275040836e-07 -2.19668386549398e-05  0.000345201464801317  5.42257586065708e-21      1.99999993828011 -9.04642468767894e-10  -2.6417049459178e-08 -9.99275443616201e-12 -4.45597071731243e-17 -1.32212758419741e-16
 1.91999556163295e-09 -2.91231133737325e-07  5.07684457065768e-06  4.54792302574305e-23 -9.04642468767894e-10      1.99999999998672 -3.87229115251751e-10 -8.96976171342043e-16  2.07385508785646e-18 -7.91530217993136e-21
 6.86573284516493e-08  -9.3351566871257e-06  0.000147790568920635  2.38029085659845e-21  -2.6417049459178e-08 -3.87229115251751e-10      1.99999998869301  1.03676586053398e-14 -2.35161936340658e-17  2.39375198867562e-19
-6.45835391742476e-14  6.79454991490011e-12 -3.02549410349945e-12 -5.80633889206379e-18 -9.99275443616201e-12 -8.96976171342043e-16  1.03676586053398e-14    0.0382029336634998   5.9378279605296e-16  -2.6003432523469e-05
 1.44929498169331e-16 -1.52454037372915e-14  6.77494314606776e-15  2.60034224008569e-05 -4.45597071731243e-17  2.07385508785646e-18 -2.35161936340658e-17   5.9378279605296e-16    0.0382029336634517 -5.51821516431844e-20
-3.61185933546085e-18  3.53908058334759e-16 -1.35565071351797e-15 -7.61238598672145e-23 -1.32212758419741e-16 -7.91530217993136e-21  2.39375198867562e-19  -2.6003432523469e-05 -5.51821516431844e-20      1.99999999965522
TOTAL ENERGY: -123.606605168094	 lambda: -9.9	 population of target: 3.99999965361912
1RDM: 
     1.99997470019066   0.00165480878171024 -6.32255790031758e-05  4.18926344221692e-20  1.63625257282488e-07  1.92441803584437e-09  6.90378216652841e-08 -2.64688310763923e-14  6.22557282214007e-17 -1.50188467801023e-18
  0.00165480878171024      1.88479363772418    0.0659879559655718  -1.8654716832194e-18 -2.21058395661385e-05 -2.91903269254479e-07 -9.38856775666136e-06   2.6789380094625e-12 -6.29791295211759e-15  1.47927045885579e-16
-6.32255790031758e-05    0.0659879559655718    0.0388258699198235 -2.89502790327049e-17  0.000347460684017983  5.08857818790798e-06  0.000148660543883744 -1.78393168100153e-12  4.18972013202286e-15 -5.21995793139197e-16
 4.18926344221692e-20  -1.8654716832194e-18 -2.89502790327049e-17      1.99999999965068  5.18954086820961e-21  5.90352748898101e-23  2.24821855754745e-21 -5.82482295523487e-18  2.61740864887055e-05 -7.67247546193178e-23
 1.63625257282488e-07 -2.21058395661385e-05  0.000347460684017983  5.18954086820961e-21      1.99999993747049 -9.12662447209626e-10 -2.67461283441755e-08 -1.00013729954825e-11 -2.66793775469863e-17 -1.33346534337296e-16
 1.92441803584437e-09 -2.91903269254479e-07  5.08857818790798e-06  5.90352748898101e-23 -9.12662447209626e-10      1.99999999998667 -3.90407142711113e-10 -3.86936400905187e-16  9.93219461569516e-19 -3.58594544103052e-21
 6.90378216652841e-08 -9.38856775666136e-06  0.000148660543883744  2.24821855754745e-21 -2.67461283441755e-08 -3.90407142711113e-10      1.99999998855963   5.5293510849289e-15 -1.34471894965116e-17  1.12133503902834e-19
-2.64688310763923e-14   2.6789380094625e-12 -1.78393168100153e-12 -5.82482295523487e-18 -1.00013729954825e-11 -3.86936400905187e-16   5.5293510849289e-15    0.0382029334236103  5.89820125681882e-16 -2.61740965968358e-05
 6.22557282214007e-17 -6.29791295211759e-15  4.18972013202286e-15  2.61740864887055e-05 -2.66793775469863e-17  9.93219461569516e-19 -1.34471894965116e-17  5.89820125681882e-16    0.0382029334235686 -6.60716661911181e-20
-1.50188467801023e-18  1.47927045885579e-16 -5.21995793139197e-16 -7.67247546193178e-23 -1.33346534337296e-16 -3.58594544103052e-21  1.12133503902834e-19 -2.61740965968358e-05 -6.60716661911181e-20      1.99999999965068
TOTAL ENERGY: -123.60660517768	 lambda: -9.85	 population of target: 3.99999965458986
1RDM: 
     1.99997470019065   0.00165480878774816 -6.32255951538931e-05  4.02754324884915e-20  1.64629446958897e-07  1.92886689916352e-09  6.94225665830911e-08  -3.2683716696852e-14   8.1139116258155e-17 -1.48890293940701e-18
  0.00165480878774816       1.8847936375481    0.0659879483183394 -1.64216513218966e-18 -2.22466137106281e-05   -2.925794493609e-07 -9.44259392682242e-06  2.86436754098431e-12 -7.12352908026741e-15  1.37975554185178e-16
-6.32255951538931e-05    0.0659879483183394    0.0388258715460792 -3.21861078091558e-17  0.000349749673678761  5.10038285869552e-06  0.000149540811629174 -1.95233660660066e-12   4.8347292636215e-15 -3.09733905446062e-16
 4.02754324884915e-20 -1.64216513218966e-18 -3.21861078091558e-17      1.99999999964605  5.86439854708296e-21  6.47175693488625e-23  2.53262407698444e-21 -5.87283931885279e-18  2.63470053667201e-05 -7.73922659743107e-23
 1.64629446958897e-07 -2.22466137106281e-05  0.000349749673678761  5.86439854708296e-21      1.99999993664484 -9.20800843470279e-10 -2.70813996126378e-08 -1.00006047848238e-11  -3.1032220535696e-17 -1.34256336098826e-16
 1.92886689916352e-09   -2.925794493609e-07  5.10038285869552e-06  6.47175693488625e-23 -9.20800843470279e-10       1.9999999999866 -3.93628237396285e-10 -4.20027924780388e-16   1.2103759495621e-18 -4.63051531545674e-21
 6.94225665830911e-08 -9.44259392682242e-06  0.000149540811629174  2.53262407698444e-21 -2.70813996126378e-08 -3.93628237396285e-10      1.99999998842387  5.63410138633556e-15 -1.51017988884465e-17  9.75151117883395e-20
 -3.2683716696852e-14  2.86436754098431e-12 -1.95233660660066e-12 -5.87283931885279e-18 -1.00006047848238e-11 -4.20027924780388e-16  5.63410138633556e-15    0.0382029331838755  5.85858795006275e-16 -2.63470154871195e-05
  8.1139116258155e-17 -7.12352908026741e-15   4.8347292636215e-15  2.63470053667201e-05  -3.1032220535696e-17   1.2103759495621e-18 -1.51017988884465e-17  5.85858795006275e-16     0.038202933183872  -1.0211349454019e-19
-1.48890293940701e-18  1.37975554185178e-16 -3.09733905446062e-16 -7.73922659743107e-23 -1.34256336098826e-16 -4.63051531545674e-21  9.75151117883395e-20 -2.63470154871195e-05  -1.0211349454019e-19      1.99999999964605
TOTAL ENERGY: -123.606605187405	 lambda: -9.8	 population of target: 3.99999965557967
1RDM: 
     1.99997470019041   0.00165480880249306   -6.322560791957e-05  3.94630730059152e-20  1.65646070828674e-07  1.93334273398121e-09  6.98116340022123e-08 -3.61186395564641e-14  9.67078106388628e-17 -2.24152756394004e-18
  0.00165480880249306       1.8847936373718    0.0659879406867091 -1.76923115471369e-18 -2.23891952470357e-05 -2.93259738187101e-07 -9.49724586238754e-06  1.36879050431276e-13  -3.4486843234978e-16  1.85219843473624e-16
  -6.322560791957e-05    0.0659879406867091    0.0388258731847191 -2.91844141383157e-17  0.000352069026114674  5.11225935901823e-06  0.000150431557214662  -2.8045808473478e-12  7.49869849028542e-15 -1.19919372129103e-15
 3.94630730059152e-20 -1.76923115471369e-18 -2.91844141383157e-17      1.99999999964132  5.63466130917663e-21  4.00710869160412e-23  2.48457560111257e-21 -5.80774670875732e-18     2.65222243999e-05 -7.78523158677178e-23
 1.65646070828674e-07 -2.23891952470357e-05  0.000352069026114674  5.63466130917663e-21      1.99999993580272 -9.29060155166653e-10 -2.74230199879276e-08 -9.99342610795968e-12  -5.1505636240457e-17 -1.34891842046309e-16
 1.93334273398121e-09 -2.93259738187101e-07  5.11225935901823e-06  4.00710869160412e-23 -9.29060155166653e-10      1.99999999998654 -3.96893232286241e-10 -8.88043984391182e-16  2.49022942917167e-18 -8.49856548747814e-21
 6.98116340022123e-08 -9.49724586238754e-06  0.000150431557214662  2.48457560111257e-21 -2.74230199879276e-08 -3.96893232286241e-10      1.99999998828567   1.0167450229107e-14 -2.77189828958497e-17  2.27636388993808e-19
-3.61186395564641e-14  1.36879050431276e-13  -2.8045808473478e-12 -5.80774670875732e-18 -9.99342610795968e-12 -8.88043984391182e-16   1.0167450229107e-14    0.0382029329478086  5.81894834340783e-16 -2.65222344943759e-05
 9.67078106388628e-17  -3.4486843234978e-16  7.49869849028542e-15     2.65222243999e-05  -5.1505636240457e-17  2.49022942917167e-18 -2.77189828958497e-17  5.81894834340783e-16    0.0382029329476658 -4.10827643456793e-20
-2.24152756394004e-18  1.85219843473624e-16 -1.19919372129103e-15 -7.78523158677178e-23 -1.34891842046309e-16 -8.49856548747814e-21  2.27636388993808e-19 -2.65222344943759e-05 -4.10827643456793e-20      1.99999999964132
TOTAL ENERGY: -123.606605197272	 lambda: -9.75	 population of target: 3.99999965658909
1RDM: 
     1.99997470019036   0.00165480880942988 -6.32256185687629e-05  4.80049256273217e-20  1.66675362372719e-07  1.93784582443343e-09  7.02050980378861e-08 -6.47325878799775e-15  1.89050856992446e-17 -6.88738745146544e-19
  0.00165480880942988      1.88479363719407    0.0659879330796755 -3.17298726819019e-18 -2.25336194643269e-05 -2.93944184207596e-07 -9.55253457618209e-06 -5.40725910784978e-12  1.53281137324498e-14   6.2150143537466e-17
-6.32256185687629e-05    0.0659879330796755    0.0388258748484379 -8.31578945832409e-18  0.000354419351497064  5.12420859217818e-06  0.000151332968045892 -2.30683360454152e-12  6.56200849365093e-15 -2.41227832075402e-15
 4.80049256273217e-20 -3.17298726819019e-18 -8.31578945832409e-18      1.99999999963651  1.75532799281301e-21 -1.56154567567487e-23  8.38282390257431e-22 -5.71197137829037e-18   2.6699789488969e-05 -7.79326410390635e-23
 1.66675362372719e-07 -2.25336194643269e-05  0.000354419351497064  1.75532799281301e-21       1.9999999349437 -9.37442972060472e-10 -2.77711509861299e-08 -9.99707020254448e-12 -4.29794056455846e-17 -1.35628797985701e-16
 1.93784582443343e-09 -2.93944184207596e-07  5.12420859217818e-06 -1.56154567567487e-23 -9.37442972060472e-10      1.99999999998648  -4.0020298369629e-10 -8.59579263597956e-16  2.53274009073451e-18 -5.11539757263679e-21
 7.02050980378861e-08 -9.55253457618209e-06  0.000151332968045892  8.38282390257431e-22 -2.77711509861299e-08  -4.0020298369629e-10        1.999999988145  8.86874570169628e-15 -2.48427773208259e-17  3.03721244916243e-19
-6.47325878799775e-15 -5.40725910784978e-12 -2.30683360454152e-12 -5.71197137829037e-18 -9.99707020254448e-12 -8.59579263597956e-16  8.86874570169628e-15     0.038202932709507  5.77932689054693e-16 -2.66997996020108e-05
 1.89050856992446e-17  1.53281137324498e-14  6.56200849365093e-15   2.6699789488969e-05 -4.29794056455846e-17  2.53274009073451e-18 -2.48427773208259e-17  5.77932689054693e-16    0.0382029327094383  2.22659604520084e-20
-6.88738745146544e-19   6.2150143537466e-17 -2.41227832075402e-15 -7.79326410390635e-23 -1.35628797985701e-16 -5.11539757263679e-21  3.03721244916243e-19 -2.66997996020108e-05  2.22659604520084e-20      1.99999999963651
TOTAL ENERGY: -123.606605207283	 lambda: -9.7	 population of target: 3.99999965761859
1RDM: 
     1.99997470019056   0.00165480880712312 -6.32256414040223e-05  4.42261570165927e-20  1.67717561808845e-07  1.94237517874502e-09  7.06030369288252e-08 -2.57083215874745e-14  8.11156037391285e-17 -1.12156043701112e-18
  0.00165480880712312      1.88479363701986    0.0659879255109856 -2.21120872704038e-18 -2.26799221352312e-05 -2.94632760751337e-07 -9.60847129176114e-06  2.36042570879776e-12 -7.54406738532637e-15  1.09398941170483e-16
-6.32256414040223e-05    0.0659879255109856    0.0388258765240161 -2.35806490703365e-17  0.000356801267998761  5.13623185757283e-06  0.000152245232536252 -1.56543619860194e-12  4.92407379891582e-15 -2.85558893632654e-16
 4.42261570165927e-20 -2.21120872704038e-18 -2.35806490703365e-17      1.99999999963159  4.25775448205839e-21  5.36073456148266e-23  1.82428481141332e-21 -5.91979453326618e-18  2.68797477049034e-05 -7.92605083914318e-23
 1.67717561808845e-07 -2.26799221352312e-05  0.000356801267998761  4.25775448205839e-21      1.99999993406731 -9.45951995993198e-10 -2.81259580168647e-08 -1.00048404523885e-11 -2.11834623346311e-17 -1.37033291639749e-16
 1.94237517874502e-09 -2.94632760751337e-07  5.13623185757283e-06  5.36073456148266e-23 -9.45951995993198e-10      1.99999999998642 -4.03558386982835e-10  -1.6178079575695e-16  3.68174094773141e-19 -1.31591789227622e-21
 7.06030369288252e-08 -9.60847129176114e-06  0.000152245232536252  1.82428481141332e-21 -2.81259580168647e-08 -4.03558386982835e-10      1.99999998800177   3.4254630840225e-15 -9.52464621920853e-18  6.74759783346109e-20
-2.57083215874745e-14  2.36042570879776e-12 -1.56543619860194e-12 -5.91979453326618e-18 -1.00048404523885e-11  -1.6178079575695e-16   3.4254630840225e-15    0.0382029324734751   5.7397247240929e-16 -2.68797577742165e-05
 8.11156037391285e-17 -7.54406738532637e-15  4.92407379891582e-15  2.68797477049034e-05 -2.11834623346311e-17  3.68174094773141e-19 -9.52464621920853e-18   5.7397247240929e-16    0.0382029324733941 -1.26922508869444e-19
-1.12156043701112e-18  1.09398941170483e-16 -2.85558893632654e-16 -7.92605083914318e-23 -1.37033291639749e-16 -1.31591789227622e-21  6.74759783346109e-20 -2.68797577742165e-05 -1.26922508869444e-19      1.99999999963159
TOTAL ENERGY: -123.606605217443	 lambda: -9.65	 population of target: 3.99999965866873
1RDM: 
     1.99997470019028   0.00165480882269436 -6.32256515478878e-05  4.62293224200144e-20   1.6877290912701e-07  1.94693329356077e-09   7.1005520993973e-08  7.12238307530191e-15  -1.3905943834597e-17  3.11070463681472e-19
  0.00165480882269436      1.88479363684244    0.0659879179483746 -2.47567785596392e-18  -2.2828140232205e-05 -2.95325650609539e-07 -9.66506730143454e-06 -5.05891884969057e-12  1.05127601754018e-14 -6.19498141362942e-17
-6.32256515478878e-05    0.0659879179483746    0.0388258782177738 -2.51703514736702e-17  0.000359215424614135  5.14832956839562e-06  0.000153168554850586 -1.31889125326592e-12  2.79089479865475e-15 -4.52852102517125e-16
 4.62293224200144e-20 -2.47567785596392e-18 -2.51703514736702e-17      1.99999999962657  4.54419811952605e-21  5.19905456142233e-23  1.95793981215619e-21 -5.82023295066691e-18   2.7062148704791e-05 -7.96554267903128e-23
  1.6877290912701e-07  -2.2828140232205e-05  0.000359215424614135  4.54419811952605e-21      1.99999993317308 -9.54589898948537e-10 -2.84876148666564e-08 -1.00042033300953e-11 -1.80469786609417e-17 -1.37927362060495e-16
 1.94693329356077e-09 -2.95325650609539e-07  5.14832956839562e-06  5.19905456142233e-23 -9.54589898948537e-10      1.99999999998634 -4.06960328226452e-10 -3.13882157128259e-16  7.86482115328671e-19 -3.05721202841934e-21
  7.1005520993973e-08 -9.66506730143454e-06  0.000153168554850586  1.95793981215619e-21 -2.84876148666564e-08 -4.06960328226452e-10      1.99999998785593  4.39099643397585e-15 -9.06607488499914e-18  9.29053438503154e-20
 7.12238307530191e-15 -5.05891884969057e-12 -1.31889125326592e-12 -5.82023295066691e-18 -1.00042033300953e-11 -3.13882157128259e-16  4.39099643397585e-15    0.0382029322404711  5.70007320134616e-16 -2.70621586651481e-05
 -1.3905943834597e-17  1.05127601754018e-14  2.79089479865475e-15   2.7062148704791e-05 -1.80469786609417e-17  7.86482115328671e-19 -9.06607488499914e-18  5.70007320134616e-16    0.0382029322404769 -3.77562206953007e-20
 3.11070463681472e-19 -6.19498141362942e-17 -4.52852102517125e-16 -7.96554267903128e-23 -1.37927362060495e-16 -3.05721202841934e-21  9.29053438503154e-20 -2.70621586651481e-05 -3.77562206953007e-20      1.99999999962657
TOTAL ENERGY: -123.606605227755	 lambda: -9.6	 population of target: 3.9999996597401
1RDM: 
     1.99997470019027   0.00165480882783099 -6.32256853163299e-05  6.96113190684272e-20  1.69841691502001e-07   1.9515219215841e-09   7.1412639500983e-08  1.38169184371108e-13 -2.83470403290963e-16  8.60484684755537e-18
  0.00165480882783099      1.88479363666789      0.06598791040152 -5.11187957349831e-18 -2.29783133874808e-05  -2.9602297988835e-07 -9.72233508781959e-06 -4.26809574523783e-11  9.25245132171002e-14 -1.03590891088906e-15
-6.32256853163299e-05      0.06598791040152    0.0388258799307725 -2.10872159741108e-17   0.00036166246439416  5.16050208518522e-06  0.000154103141270335 -3.61992577418561e-12  8.45709087197387e-15   -4.088668311701e-16
 6.96113190684272e-20 -5.11187957349831e-18 -2.10872159741108e-17      1.99999999962145  3.77013340812377e-21  4.21670430122686e-23  1.65043520547683e-21 -5.73885478111346e-18  2.72470395101194e-05 -8.01484925208739e-23
 1.69841691502001e-07 -2.29783133874808e-05   0.00036166246439416  3.77013340812377e-21      1.99999993226055 -9.63359349990744e-10 -2.88562988040083e-08 -1.00017131303683e-11 -2.35470988680044e-17 -1.38885107709814e-16
  1.9515219215841e-09  -2.9602297988835e-07  5.16050208518522e-06  4.21670430122686e-23 -9.63359349990744e-10      1.99999999998629 -4.10409701950489e-10 -1.13032449091176e-16  6.09830202017784e-19 -9.84542438786759e-22
  7.1412639500983e-08 -9.72233508781959e-06  0.000154103141270335  1.65043520547683e-21 -2.88562988040083e-08 -4.10409701950489e-10      1.99999998770743  5.03825282441352e-15  -1.2984913053586e-17  8.18858362079297e-20
 1.38169184371108e-13 -4.26809574523783e-11 -3.61992577418561e-12 -5.73885478111346e-18 -1.00017131303683e-11 -1.13032449091176e-16  5.03825282441352e-15    0.0382029320069142  5.66052752433728e-16 -2.72470496618157e-05
-2.83470403290963e-16  9.25245132171002e-14  8.45709087197387e-15  2.72470395101194e-05 -2.35470988680044e-17  6.09830202017784e-19  -1.2984913053586e-17  5.66052752433728e-16    0.0382029320069736  3.99159331649824e-20
 8.60484684755537e-18 -1.03590891088906e-15   -4.088668311701e-16 -8.01484925208739e-23 -1.38885107709814e-16 -9.84542438786759e-22  8.18858362079297e-20 -2.72470496618157e-05  3.99159331649824e-20      1.99999999962145
TOTAL ENERGY: -123.606605238222	 lambda: -9.55	 population of target: 3.99999966083323
1RDM: 
     1.99997470019022   0.00165480883615974 -6.32256813197971e-05  4.50290496507489e-20   1.7092406798725e-07   1.9561333036431e-09  7.18244539055464e-08 -2.85515390834588e-14  7.03362622009843e-17 -2.25834843850111e-18
  0.00165480883615974      1.88479363648943    0.0659879029131171 -2.27411994540948e-18 -2.31304757172412e-05 -2.96724352916635e-07 -9.78028484876429e-06 -1.28018310618098e-12  3.16579018799975e-15  1.79430994714784e-16
-6.32256813197971e-05    0.0659879029131171    0.0388258816659681 -2.68362468042678e-17    0.0003641431007438   5.1727531386241e-06  0.000155049171669961  -2.6388883652129e-12   6.4865144249802e-15 -1.41524203268089e-15
 4.50290496507489e-20 -2.27411994540948e-18 -2.68362468042678e-17      1.99999999961623  5.31768084264062e-21   3.3171746117788e-23  2.33822185117537e-21 -5.79031409389006e-18  2.74344783141212e-05 -8.08530522809773e-23
  1.7092406798725e-07 -2.31304757172412e-05    0.0003641431007438  5.31768084264062e-21      1.99999993132919 -9.72263788097353e-10 -2.92321907893809e-08  -9.9927939207991e-12 -4.82165574928244e-17 -1.39481051482143e-16
  1.9561333036431e-09 -2.96724352916635e-07   5.1727531386241e-06   3.3171746117788e-23 -9.72263788097353e-10      1.99999999998622 -4.13907581787811e-10 -9.62942342584313e-16  2.49118279724552e-18 -9.31414341866971e-21
 7.18244539055464e-08 -9.78028484876429e-06  0.000155049171669961  2.33822185117537e-21 -2.92321907893809e-08 -4.13907581787811e-10      1.99999998755618  1.09052764379232e-14 -2.58155859272448e-17  2.63178619385411e-19
-2.85515390834588e-14 -1.28018310618098e-12  -2.6388883652129e-12 -5.79031409389006e-18  -9.9927939207991e-12 -9.62942342584313e-16  1.09052764379232e-14    0.0382029317751998  5.62083397181437e-16 -2.74344884177373e-05
 7.03362622009843e-17  3.16579018799975e-15   6.4865144249802e-15  2.74344783141212e-05 -4.82165574928244e-17  2.49118279724552e-18 -2.58155859272448e-17  5.62083397181437e-16    0.0382029317751255  -5.7554302765298e-22
-2.25834843850111e-18  1.79430994714784e-16 -1.41524203268089e-15 -8.08530522809773e-23 -1.39481051482143e-16 -9.31414341866971e-21  2.63178619385411e-19 -2.74344884177373e-05  -5.7554302765298e-22      1.99999999961623
TOTAL ENERGY: -123.606605248847	 lambda: -9.5	 population of target: 3.99999966194872
1RDM: 
     1.99997470019005   0.00165480885033317  -6.3225800294523e-05 -8.58926297312889e-20  1.72020401338518e-07  1.96077984352429e-09   7.2241050753692e-08 -1.41962895957605e-12  3.21348329514826e-15 -7.57443049787028e-17
  0.00165480885033317      1.88479363631546    0.0659878953623649  1.60926385365856e-17 -2.32846694452608e-05 -2.97430481057577e-07 -9.83893009343432e-06  3.53126845342141e-10 -7.98759775653403e-13  8.90701508941059e-15
 -6.3225800294523e-05    0.0659878953623649    0.0388258834202861 -5.50769805904356e-17  0.000366657949922243  5.18507957655227e-06  0.000156006914933431  2.47940295609483e-11 -5.59491539200948e-14 -8.20494253148474e-16
-8.58926297312889e-20  1.60926385365856e-17 -5.50769805904356e-17       1.9999999996109   9.4661036326614e-21 -3.73462561658747e-23  4.50998591456869e-21 -6.07076985202626e-18  2.76245050714098e-05 -8.16730149980583e-23
 1.72020401338518e-07 -2.32846694452608e-05  0.000366657949922243   9.4661036326614e-21       1.9999999303785  -9.8130529214278e-10 -2.96154845573027e-08 -1.00526913371497e-11  8.23665738978486e-17 -1.41004863306843e-16
 1.96077984352429e-09 -2.97430481057577e-07  5.18507957655227e-06 -3.73462561658747e-23  -9.8130529214278e-10      1.99999999998616 -4.17454797156953e-10 -5.64077697005711e-15  1.35326955532599e-17 -7.10770235783436e-20
  7.2241050753692e-08 -9.83893009343432e-06  0.000156006914933431  4.50998591456869e-21 -2.96154845573027e-08 -4.17454797156953e-10      1.99999998740212  2.99268575532708e-15 -1.14267822593171e-19  2.68557240944488e-19
-1.41962895957605e-12  3.53126845342141e-10  2.47940295609483e-11 -6.07076985202626e-18 -1.00526913371497e-11 -5.64077697005711e-15  2.99268575532708e-15      0.03820293154289  5.58134064918456e-16 -2.76245183712437e-05
 3.21348329514826e-15 -7.98759775653403e-13 -5.59491539200948e-14  2.76245050714098e-05  8.23665738978486e-17  1.35326955532599e-17 -1.14267822593171e-19  5.58134064918456e-16    0.0382029315427453 -2.62540997722434e-19
-7.57443049787028e-17  8.90701508941059e-15 -8.20494253148474e-16 -8.16730149980583e-23 -1.41004863306843e-16 -7.10770235783436e-20  2.68557240944488e-19 -2.76245183712437e-05 -2.62540997722434e-19       1.9999999996109
TOTAL ENERGY: -123.606605259633	 lambda: -9.45	 population of target: 3.99999966308719
1RDM: 
     1.99997470019013   0.00165480885240297  -6.3225784698466e-05  2.94522404069991e-20  1.73130929187128e-07  1.96545143984709e-09  7.26625387988065e-08 -2.78289836926293e-13  6.20374241951059e-16 -1.46460351850229e-17
  0.00165480885240297      1.88479363613588    0.0659878879451221  7.22590225446304e-19 -2.34409400662945e-05 -2.98140878755388e-07 -9.89828416202093e-06  5.57623934170858e-11 -1.23842315067593e-13   1.5798655099206e-15
 -6.3225784698466e-05    0.0659878879451221    0.0388258852064512 -4.50829079263561e-17  0.000369207840160424  5.19748629154298e-06  0.000156976514362034  1.47116073293636e-12 -3.15994803209601e-15 -2.44367436016854e-16
 2.94522404069991e-20  7.22590225446304e-19 -4.50829079263561e-17      1.99999999960544   8.8777712553098e-21  1.26421732576137e-23  4.06332004377143e-21 -5.96342619895332e-18  2.78171912587814e-05  -8.2234292551446e-23
 1.73130929187128e-07 -2.34409400662945e-05  0.000369207840160424   8.8777712553098e-21       1.9999999294079 -9.90487878683932e-10 -3.00063713266326e-08 -9.99335109782597e-12 -4.67994323216206e-17 -1.41588095904966e-16
 1.96545143984709e-09 -2.98140878755388e-07  5.19748629154298e-06  1.26421732576137e-23 -9.90487878683932e-10      1.99999999998608 -4.21052436840345e-10  -3.1861780131636e-15  7.47740800961592e-18 -4.27934520236307e-20
 7.26625387988065e-08 -9.89828416202093e-06  0.000156976514362034  4.06332004377143e-21 -3.00063713266326e-08 -4.21052436840345e-10      1.99999998724519  1.99688347119795e-14 -4.04762617415268e-17  3.28239932269798e-19
-2.78289836926293e-13  5.57623934170858e-11  1.47116073293636e-12 -5.96342619895332e-18 -9.99335109782597e-12  -3.1861780131636e-15  1.99688347119795e-14    0.0382029313087463  5.54166865229198e-16 -2.78172031578041e-05
 6.20374241951059e-16 -1.23842315067593e-13 -3.15994803209601e-15  2.78171912587814e-05 -4.67994323216206e-17  7.47740800961592e-18 -4.04762617415268e-17  5.54166865229198e-16    0.0382029313087002 -1.55813408301255e-19
-1.46460351850229e-17   1.5798655099206e-15 -2.44367436016854e-16  -8.2234292551446e-23 -1.41588095904966e-16 -4.27934520236307e-20  3.28239932269798e-19 -2.78172031578041e-05 -1.55813408301255e-19      1.99999999960544
TOTAL ENERGY: -123.606605270586	 lambda: -9.4	 population of target: 3.99999966424931
1RDM: 
     1.99997470019014   0.00165480885719247 -6.32257874017048e-05  3.37991830349444e-20  1.74255926146717e-07  1.97015270772296e-09  7.30889842349547e-08 -1.97310863610469e-13  4.47271197726527e-16 -9.84691904053176e-18
  0.00165480885719247      1.88479363595842    0.0659878805274252 -1.21101446440248e-19 -2.35993255823852e-05 -2.98855812880831e-07 -9.95835909510687e-06  3.68088912438878e-11 -8.31797580223792e-14  1.04588491198178e-15
-6.32257874017048e-05    0.0659878805274252    0.0388258870036555 -4.18859477155306e-17  0.000371793439634788  5.20997262068749e-06  0.000157958234334579  6.76466581940186e-13 -1.47568562992731e-15  1.65488173223139e-17
 3.37991830349444e-20 -1.21101446440248e-19 -4.18859477155306e-17      1.99999999959988   8.2371643536979e-21  1.79357730393114e-23  3.75273142539776e-21 -5.94779026425962e-18  2.80125826570756e-05 -8.28635484462955e-23
 1.74255926146717e-07 -2.35993255823852e-05  0.000371793439634788   8.2371643536979e-21      1.99999992841687 -9.99814232242902e-10 -3.04050554314628e-08 -9.99586528923196e-12 -4.07800585807065e-17 -1.42691267304852e-16
 1.97015270772296e-09 -2.98855812880831e-07  5.20997262068749e-06  1.79357730393114e-23 -9.99814232242902e-10      1.99999999998602 -4.24701513352199e-10 -2.70724290803399e-15  6.44413194543229e-18 -3.74001464272995e-20
 7.30889842349547e-08 -9.95835909510687e-06  0.000157958234334579  3.75273142539776e-21 -3.04050554314628e-08 -4.24701513352199e-10      1.99999998708531  1.74254927230463e-14 -3.51965123622303e-17  2.63867772596454e-19
-1.97310863610469e-13  3.68088912438878e-11  6.76466581940186e-13 -5.94779026425962e-18 -9.99586528923196e-12 -2.70724290803399e-15  1.74254927230463e-14    0.0382029310799362  5.50202589376969e-16 -2.80125942561012e-05
 4.47271197726527e-16 -8.31797580223792e-14 -1.47568562992731e-15  2.80125826570756e-05 -4.07800585807065e-17  6.44413194543229e-18 -3.51965123622303e-17  5.50202589376969e-16    0.0382029310798611 -1.36570356300981e-19
-9.84691904053176e-18  1.04588491198178e-15  1.65488173223139e-17 -8.28635484462955e-23 -1.42691267304852e-16 -3.74001464272995e-20  2.63867772596454e-19 -2.80125942561012e-05 -1.36570356300981e-19      1.99999999959988
TOTAL ENERGY: -123.606605281709	 lambda: -9.35	 population of target: 3.99999966543569
1RDM: 
     1.99997470018998   0.00165480886855312 -6.32258323719999e-05  -6.6710308117014e-20  1.75395671163377e-07  1.97488500181057e-09  7.35204693773683e-08 -9.58413505722208e-13  2.17535245277301e-15 -4.97146718089115e-17
  0.00165480886855312       1.8847936357837    0.0659878730785292  1.15328518890898e-17 -2.37598682442472e-05 -2.99575390998229e-07 -1.00191677738131e-05  2.30413503075289e-10 -5.23195675284079e-13  5.95260815513792e-15
-6.32258323719999e-05    0.0659878730785292    0.0388258888133792 -4.29281377788696e-17  0.000374415493386855  5.22253920149108e-06  0.000158952309240317  1.42458900755346e-11  -3.2414295705955e-14 -2.64398311746939e-15
 -6.6710308117014e-20  1.15328518890898e-17 -4.29281377788696e-17       1.9999999995942  8.39282179451429e-21 -5.83981666353612e-23  4.02971751289941e-21 -6.00807604722821e-18  2.82107354305274e-05 -8.35135873889368e-23
 1.75395671163377e-07 -2.37598682442472e-05  0.000374415493386855  8.39282179451429e-21      1.99999992740482 -1.00928749355167e-09 -3.08117460401026e-08 -1.00166674226788e-11  4.08376693298623e-18 -1.43284145408608e-16
 1.97488500181057e-09 -2.99575390998229e-07  5.22253920149108e-06 -5.83981666353612e-23 -1.00928749355167e-09      1.99999999998595 -4.28403066434033e-10 -5.27202399472737e-15  1.24763513876344e-17  -6.4244030336364e-20
 7.35204693773683e-08 -1.00191677738131e-05  0.000158952309240317  4.02971751289941e-21 -3.08117460401026e-08 -4.28403066434033e-10       1.9999999869224  1.72539718918558e-14 -3.14770355524184e-17  5.63111158514208e-19
-9.58413505722208e-13  2.30413503075289e-10  1.42458900755346e-11 -6.00807604722821e-18 -1.00166674226788e-11 -5.27202399472737e-15  1.72539718918558e-14    0.0382029308556975  5.46246999812681e-16 -2.82107479822681e-05
 2.17535245277301e-15 -5.23195675284079e-13  -3.2414295705955e-14  2.82107354305274e-05  4.08376693298623e-18  1.24763513876344e-17 -3.14770355524184e-17  5.46246999812681e-16    0.0382029308556392 -1.92419709764404e-19
-4.97146718089115e-17  5.95260815513792e-15 -2.64398311746939e-15 -8.35135873889368e-23 -1.43284145408608e-16  -6.4244030336364e-20  5.63111158514208e-19 -2.82107479822681e-05 -1.92419709764404e-19       1.9999999995942
TOTAL ENERGY: -123.606605293005	 lambda: -9.3	 population of target: 3.99999966664707
1RDM: 
     1.99997470019014   0.00165480886511701  -6.3225761262042e-05  2.06967886510339e-20  1.76550483347107e-07  1.97964226057071e-09  7.39571201400674e-08 -1.04309824021797e-13  2.33923586665795e-16 -4.95803037971466e-18
  0.00165480886511701      1.88479363560645    0.0659878657869126  1.22667934831531e-18 -2.39226191243713e-05  -3.0029933835054e-07 -1.00807256337712e-05  1.86267655051554e-12 -4.11737705779402e-15  2.51015625830289e-16
 -6.3225761262042e-05    0.0659878657869126    0.0388258906404143 -8.28635127041731e-17  0.000377074865900779  5.23518943065375e-06  0.000159958927638971 -6.62714327607073e-12  1.48387429719812e-14  2.31159738299977e-15
 2.06967886510339e-20  1.22667934831531e-18 -8.28635127041731e-17      1.99999999958841  1.72835149449684e-20  1.47417281985606e-22  7.46951202572151e-21 -6.37608086770705e-18  2.84117199514065e-05 -8.40480103441324e-23
 1.76550483347107e-07 -2.39226191243713e-05  0.000377074865900779  1.72835149449684e-20      1.99999992637113 -1.01891164179248e-09 -3.12266580282927e-08 -9.96680901605596e-12 -1.12029609965501e-16  -1.4480128076301e-16
 1.97964226057071e-09  -3.0029933835054e-07  5.23518943065375e-06  1.47417281985606e-22 -1.01891164179248e-09      1.99999999998589 -4.32158233434864e-10 -1.95559305520604e-15  5.05089145157895e-18 -3.36791867602456e-20
 7.39571201400674e-08 -1.00807256337712e-05  0.000159958927638971  7.46951202572151e-21 -3.12266580282927e-08 -4.32158233434864e-10      1.99999998675641  2.37924265780408e-14 -5.72520925469332e-17  1.48883170667027e-19
-1.04309824021797e-13  1.86267655051554e-12 -6.62714327607073e-12 -6.37608086770705e-18 -9.96680901605596e-12 -1.95559305520604e-15  2.37924265780408e-14    0.0382029306363868  5.42274851754827e-16 -2.84117301943458e-05
 2.33923586665795e-16 -4.11737705779402e-15  1.48387429719812e-14  2.84117199514065e-05 -1.12029609965501e-16  5.05089145157895e-18 -5.72520925469332e-17  5.42274851754827e-16    0.0382029306363779 -5.64623104253918e-19
-4.95803037971466e-18  2.51015625830289e-16  2.31159738299977e-15 -8.40480103441324e-23  -1.4480128076301e-16 -3.36791867602456e-20  1.48883170667027e-19 -2.84117301943458e-05 -5.64623104253918e-19      1.99999999958841
TOTAL ENERGY: -123.606605304478	 lambda: -9.25	 population of target: 3.99999966788408
1RDM: 
     1.99997470019012   0.00165480887089865 -6.32257668865699e-05  5.14187678978449e-20  1.77720636772083e-07  1.98443412609387e-09  7.43989844720815e-08  3.60664082183082e-14 -6.45222964322118e-17  1.82019339937511e-18
  0.00165480887089865      1.88479363542875    0.0659878584436664 -2.92096733746104e-18 -2.40876161142373e-05 -3.01028223858285e-07 -1.01430441454232e-05 -1.29444592194208e-12  2.36617543203685e-15 -1.55709205605379e-16
-6.32257668865699e-05    0.0659878584436664    0.0388258925077436 -1.93433917659493e-17  0.000379772242509401  5.24792173695219e-06  0.000160978383847535  1.80404328735517e-12 -3.23756531465732e-15  8.66081512797041e-16
 5.14187678978449e-20 -2.92096733746104e-18 -1.93433917659493e-17      1.99999999958248  2.98916566086713e-21   7.2042292533576e-23  1.21185963229353e-21 -5.81674672687363e-18  2.86155831410976e-05 -8.49025765594525e-23
 1.77720636772083e-07 -2.40876161142373e-05  0.000379772242509401  2.98916566086713e-21      1.99999992531521 -1.02868935890378e-09 -3.16500152576393e-08 -1.00283245161938e-11  2.91015454420993e-17 -1.46444280816721e-16
 1.98443412609387e-09 -3.01028223858285e-07  5.24792173695219e-06   7.2042292533576e-23 -1.02868935890378e-09      1.99999999998582 -4.35968076229843e-10  9.24832958774109e-16 -1.67881463166842e-18  1.08821642627495e-20
 7.43989844720815e-08 -1.01430441454232e-05  0.000160978383847535  1.21185963229353e-21 -3.16500152576393e-08 -4.35968076229843e-10      1.99999998658722 -8.80439604333827e-15  1.63332444107834e-17 -1.98588296858047e-19
 3.60664082183082e-14 -1.29444592194208e-12  1.80404328735517e-12 -5.81674672687363e-18 -1.00283245161938e-11  9.24832958774109e-16 -8.80439604333827e-15    0.0382029304100814  5.38306068400341e-16 -2.86155931924538e-05
-6.45222964322118e-17  2.36617543203685e-15 -3.23756531465732e-15  2.86155831410976e-05  2.91015454420993e-17 -1.67881463166842e-18  1.63332444107834e-17  5.38306068400341e-16    0.0382029304100868  1.19714351597968e-20
 1.82019339937511e-18 -1.55709205605379e-16  8.66081512797041e-16 -8.49025765594525e-23 -1.46444280816721e-16  1.08821642627495e-20 -1.98588296858047e-19 -2.86155931924538e-05  1.19714351597968e-20      1.99999999958247
TOTAL ENERGY: -123.606605316133	 lambda: -9.2	 population of target: 3.99999966914751
1RDM: 
     1.99997470018998   0.00165480888003604 -6.32257706276618e-05  5.54604851316339e-20  1.78906438243143e-07  1.98926054231722e-09  7.48461634625805e-08  4.27955143722374e-14 -8.16075151992086e-17  2.60391948247014e-18
  0.00165480888003604      1.88479363524811    0.0659878511162477 -3.54863695608745e-18 -2.42549085473739e-05 -3.01762100004126e-07 -1.02061379032938e-05  -1.7601311857782e-11   3.6058000324118e-14 -3.38295275866493e-16
-6.32257706276618e-05    0.0659878511162477    0.0388258944034679 -2.11121678260033e-17  0.000382508491948722  5.26073756871083e-06  0.000162010907773444 -2.65499116363359e-12  5.78510978104085e-15 -1.26244204187182e-15
 5.54604851316339e-20 -3.54863695608745e-18 -2.11121678260033e-17      1.99999999957642  4.21930083589934e-21  1.94249189182505e-23  1.88832344389085e-21 -5.79552944039352e-18  2.88223914857548e-05 -8.57872843174428e-23
 1.78906438243143e-07 -2.42549085473739e-05  0.000382508491948722  4.21930083589934e-21      1.99999992423642 -1.03862436931743e-09  -3.2082049485593e-08 -9.99677448451058e-12 -3.37712330313656e-17 -1.46646087576599e-16
 1.98926054231722e-09 -3.01762100004126e-07  5.26073756871083e-06  1.94249189182505e-23 -1.03862436931743e-09      1.99999999998575 -4.39833720533649e-10 -1.01631062371627e-15  2.28811770843666e-18 -1.14370536308294e-20
 7.48461634625805e-08 -1.02061379032938e-05  0.000162010907773444  1.88832344389085e-21  -3.2082049485593e-08 -4.39833720533649e-10      1.99999998641478  9.98424049148278e-15 -2.11154106246569e-17   2.4151080622967e-19
 4.27955143722374e-14  -1.7601311857782e-11 -2.65499116363359e-12 -5.79552944039352e-18 -9.99677448451058e-12 -1.01631062371627e-15  9.98424049148278e-15    0.0382029301843336  5.34351519651689e-16 -2.88224011081638e-05
-8.16075151992086e-17   3.6058000324118e-14  5.78510978104085e-15  2.88223914857548e-05 -3.37712330313656e-17  2.28811770843666e-18 -2.11154106246569e-17  5.34351519651689e-16    0.0382029301843119  5.16560972587927e-20
 2.60391948247014e-18 -3.38295275866493e-16 -1.26244204187182e-15 -8.57872843174428e-23 -1.46646087576599e-16 -1.14370536308294e-20   2.4151080622967e-19 -2.88224011081638e-05  5.16560972587927e-20      1.99999999957642
TOTAL ENERGY: -123.606605327974	 lambda: -9.15	 population of target: 3.9999996704381
1RDM: 
     1.99997470018997   0.00165480888641867 -6.32257834069526e-05   4.5768178284323e-20   1.8010821877428e-07  1.99411515851705e-09  7.52987736874458e-08  1.19332685036464e-14 -1.41545032116328e-17  1.04474118373925e-18
  0.00165480888641867      1.88479363506974    0.0659878438330057 -2.18815497860469e-18  -2.4424545868763e-05 -3.02500618037708e-07  -1.0270022538141e-05 -1.12277635217965e-11  1.71440127637472e-14 -1.92106545373242e-16
-6.32257834069526e-05    0.0659878438330057     0.038825896315488 -3.57838176342249e-17  0.000385284466218553  5.27363934545323e-06  0.000163056743558387 -2.78917421551994e-12  4.50657645872594e-15 -3.47126301026199e-16
  4.5768178284323e-20 -2.18815497860469e-18 -3.57838176342249e-17      1.99999999957023  7.18823215562484e-21  5.95047749931988e-23  3.14482171595533e-21 -5.81224616720601e-18  2.90322113892854e-05 -8.69305184931275e-23
