TOTAL ENERGY: -123.34793791507	 lambda: -10	 population of target: 4.00000000000002
1RDM: 
     1.99999999999997 -7.29975956285076e-10  -5.2148300357165e-08 -1.11963148675653e-11  1.46144000171381e-07   4.2634489727981e-17 -2.85729677517754e-18  9.65275612400883e-17  4.79754133681848e-16  1.03203984292029e-12
-7.29975956285076e-10      1.99997444742422  -0.00166780091951821 -6.02960551372467e-07  3.61568729985528e-05  3.48224307407502e-21  1.93467495753819e-20  2.25735443294354e-19 -2.41823034974936e-20  1.32997706292972e-08
 -5.2148300357165e-08  -0.00166780091951821      1.88566287821004 -3.96641732292811e-05    0.0341470773457088  7.95261470791625e-19 -1.61358810452019e-18  -1.4832399654028e-17  9.97453960952505e-18  1.04633696633126e-06
-1.11963148675653e-11 -6.02960551372467e-07 -3.96641732292811e-05      1.99999998079927 -9.12016893127935e-05  2.82836932360407e-17   9.1730743141798e-17  1.09873182629314e-15  3.69578300331438e-17 -7.48865162160978e-11
 1.46144000171381e-07  3.61568729985528e-05    0.0341470773457088 -9.12016893127935e-05    0.0381820713539345 -1.84584092831433e-17  -7.1475424977094e-18 -1.66048223609599e-16  2.51222664873021e-17 -8.60525943416203e-06
  4.2634489727981e-17  3.48224307407502e-21  7.95261470791625e-19  2.82836932360407e-17 -1.84584092831433e-17      1.98515512225874  -2.6044240903546e-16   -0.0446046485645762    -0.164055979476456  8.09147033303057e-17
-2.85729677517754e-18  1.93467495753819e-20 -1.61358810452019e-18   9.1730743141798e-17  -7.1475424977094e-18  -2.6044240903546e-16      1.98515512225874    -0.164055979476461    0.0446046485645743 -1.31195351794343e-16
 9.65275612400883e-17  2.25735443294354e-19  -1.4832399654028e-17  1.09873182629314e-15 -1.66048223609599e-16   -0.0446046485645762    -0.164055979476461    0.0529351888699615  3.43573558709897e-17 -1.20676050098216e-15
 4.79754133681848e-16 -2.41823034974936e-20  9.97453960952505e-18  3.69578300331438e-17  2.51222664873021e-17    -0.164055979476456    0.0446046485645743  3.43573558709897e-17    0.0529351888699602   1.2884226686328e-15
 1.03203984292029e-12  1.32997706292972e-08  1.04633696633126e-06 -7.48865162160978e-11 -8.60525943416203e-06  8.09147033303057e-17 -1.31195351794343e-16 -1.20676050098216e-15   1.2884226686328e-15      1.99999999995519
TOTAL ENERGY: -123.34793791507	 lambda: -9.95	 population of target: 4.00000000000001
1RDM: 
     1.99999999999997 -7.29977178288747e-10 -5.21484670375265e-08  -1.1196170114283e-11  1.46149144442694e-07  4.26348687261154e-17 -2.84549718452066e-18  9.66591014920904e-17  4.79722867969324e-16  1.03228984373427e-12
-7.29977178288747e-10       1.9999744474242  -0.00166780091993609  -6.0296077129905e-07  3.61568731276158e-05  3.45010690857559e-21  1.93696553774689e-20  2.25061923871937e-19 -2.40209034766981e-20  1.33005269227032e-08
-5.21484670375265e-08  -0.00166780091993609      1.88566287820652 -3.96642013282934e-05    0.0341470773400245  7.88257825681817e-19 -1.58145102823057e-18 -1.45521604593949e-17  9.83990794402912e-18  1.04643328270249e-06
 -1.1196170114283e-11  -6.0296077129905e-07 -3.96642013282934e-05      1.99999998079933 -9.12008797425531e-05  2.82579336212933e-17  9.17390410734617e-17  1.09874610054652e-15   3.6648235254445e-17 -7.49937817904374e-11
 1.46149144442694e-07  3.61568731276158e-05    0.0341470773400245 -9.12008797425531e-05     0.038182071356966 -1.84600365659775e-17 -7.12432712516254e-18 -1.65982801123437e-16  2.50823285681346e-17  -8.6080218758111e-06
 4.26348687261154e-17  3.45010690857559e-21  7.88257825681817e-19  2.82579336212933e-17 -1.84600365659775e-17      1.98515512227438 -1.72952525613798e-16   -0.0446046485384494    -0.164055979391416  8.09399211004993e-17
-2.84549718452066e-18  1.93696553774689e-20 -1.58145102823057e-18  9.17390410734617e-17 -7.12432712516254e-18 -1.72952525613798e-16      1.98515512227437    -0.164055979391421    0.0446046485384487 -1.31205278942477e-16
 9.66591014920904e-17  2.25061923871937e-19 -1.45521604593949e-17  1.09874610054652e-15 -1.65982801123437e-16   -0.0446046485384494    -0.164055979391421    0.0529351888545447 -6.90230855277304e-17 -1.20679443822213e-15
 4.79722867969324e-16 -2.40209034766981e-20  9.83990794402912e-18   3.6648235254445e-17  2.50823285681346e-17    -0.164055979391416    0.0446046485384487 -6.90230855277304e-17    0.0529351888545438  1.28873118821967e-15
 1.03228984373427e-12  1.33005269227032e-08  1.04643328270249e-06 -7.49937817904374e-11  -8.6080218758111e-06  8.09399211004993e-17 -1.31205278942477e-16 -1.20679443822213e-15  1.28873118821967e-15      1.99999999995516
TOTAL ENERGY: -123.347937915069	 lambda: -9.9	 population of target: 4
1RDM: 
     1.99999999999996  -7.2997850912425e-10  -5.2148641751467e-08 -1.11960267424745e-11  1.46154331057964e-07  4.26352484409357e-17 -2.83365318965423e-18  9.67911346290853e-17  4.79691476829078e-16  1.03254343659581e-12
 -7.2997850912425e-10      1.99997444742412  -0.00166780092252935 -6.02960990679932e-07   3.6156872983868e-05  3.44888554378146e-21  1.93706162250324e-20  2.25062594792069e-19 -2.40248913023848e-20  1.33012927298703e-08
 -5.2148641751467e-08  -0.00166780092252935       1.8856628782093 -3.96642294933697e-05     0.034147077339774  7.88075641749156e-19 -1.58129505709213e-18 -1.45513582902723e-17    9.838687317076e-18  1.04653091527742e-06
-1.11960267424745e-11 -6.02960990679932e-07 -3.96642294933697e-05      1.99999998079939 -9.12000601646979e-05  2.82318608043223e-17  9.17474379303253e-17  1.09876055620475e-15  3.63348643062959e-17 -7.51027027297773e-11
 1.46154331057964e-07   3.6156872983868e-05     0.034147077339774 -9.12000601646979e-05    0.0381820713640166 -1.84578473943501e-17 -7.12451237920893e-18 -1.65981878466429e-16  2.50816077109777e-17  -8.6108255691178e-06
 4.26352484409357e-17  3.44888554378146e-21  7.88075641749156e-19  2.82318608043223e-17 -1.84578473943501e-17      1.98515512229496 -2.90410341286424e-16   -0.0446046484972623    -0.164055979281577  8.09655264043449e-17
-2.83365318965423e-18  1.93706162250324e-20 -1.58129505709213e-18  9.17474379303253e-17 -7.12451237920893e-18 -2.90410341286424e-16      1.98515512229496     -0.16405597928158    0.0446046484972598 -1.31215415908069e-16
 9.67911346290853e-17  2.25062594792069e-19 -1.45513582902723e-17  1.09876055620475e-15 -1.65981878466429e-16   -0.0446046484972623     -0.16405597928158    0.0529351888290535  2.48288200603773e-17 -1.20682952971158e-15
 4.79691476829078e-16 -2.40248913023848e-20    9.838687317076e-18  3.63348643062959e-17  2.50816077109777e-17    -0.164055979281577    0.0446046484972598  2.48288200603773e-17    0.0529351888290552  1.28904462117408e-15
 1.03254343659581e-12  1.33012927298703e-08  1.04653091527742e-06 -7.51027027297773e-11  -8.6108255691178e-06  8.09655264043449e-17 -1.31215415908069e-16 -1.20682952971158e-15  1.28904462117408e-15      1.99999999995513
TOTAL ENERGY: -123.34793791507	 lambda: -9.85	 population of target: 4.00000000000001
1RDM: 
     1.99999999999997 -7.29979750070384e-10 -5.21488106906509e-08 -1.11958806800326e-11  1.46159538878252e-07  4.26356288599228e-17 -2.82176440994164e-18  9.69236647410342e-17  4.79659958928459e-16  1.03279912272952e-12
-7.29979750070384e-10        1.999974447424  -0.00166780092531093 -6.02961205872596e-07  3.61568722131343e-05  3.44608618532785e-21  1.93463911328907e-20   2.2502828672495e-19 -2.40164393782653e-20  1.33020662461046e-08
-5.21488106906509e-08  -0.00166780092531093      1.88566287822681 -3.96642574940263e-05    0.0341470774331416  7.87385939230395e-19 -1.58590774116059e-18 -1.45878259406355e-17  9.84307531217198e-18  1.04662946940912e-06
-1.11958806800326e-11 -6.02961205872596e-07 -3.96642574940263e-05      1.99999998079947 -9.11992317875121e-05  2.82054705251874e-17   9.1755938257681e-17  1.09877520777227e-15  3.60176730430197e-17 -7.52125388023209e-11
 1.46159538878252e-07  3.61568722131343e-05    0.0341470774331416 -9.11992317875121e-05     0.038182071351277 -1.84555691697687e-17 -7.12533226315176e-18 -1.65984995606768e-16  2.50820681494565e-17 -8.61365365243541e-06
 4.26356288599228e-17  3.44608618532785e-21  7.87385939230395e-19  2.82054705251874e-17 -1.84555691697687e-17      1.98515512231606 -2.98981366257611e-16   -0.0446046484269044    -0.164055979176584  8.09915085789198e-17
-2.82176440994164e-18  1.93463911328907e-20 -1.58590774116059e-18   9.1755938257681e-17 -7.12533226315176e-18 -2.98981366257611e-16      1.98515512231606    -0.164055979176588    0.0446046484269019 -1.31225776616314e-16
 9.69236647410342e-17   2.2502828672495e-19 -1.45878259406355e-17  1.09877520777227e-15 -1.65984995606768e-16   -0.0446046484269044    -0.164055979176588    0.0529351888056204 -3.71591052232258e-17 -1.20686596183597e-15
 4.79659958928459e-16 -2.40164393782653e-20  9.84307531217198e-18  3.60176730430197e-17  2.50820681494565e-17    -0.164055979176584    0.0446046484269019 -3.71591052232258e-17    0.0529351888056188  1.28936289117583e-15
 1.03279912272952e-12  1.33020662461046e-08  1.04662946940912e-06 -7.52125388023209e-11 -8.61365365243541e-06  8.09915085789198e-17 -1.31225776616314e-16 -1.20686596183597e-15  1.28936289117583e-15      1.99999999995511
TOTAL ENERGY: -123.34793791507	 lambda: -9.8	 population of target: 4.00000000000001
1RDM: 
     1.99999999999997 -7.29981125774902e-10 -5.21489904495446e-08 -1.11957352565365e-11   1.4616484028628e-07  4.26360097154014e-17  -2.8098305609306e-18  9.70566944388031e-17  4.79628310214544e-16  1.03306002504693e-12
-7.29981125774902e-10      1.99997444742406  -0.00166780092456498 -6.02961443813093e-07  3.61568728994926e-05  3.44951160096653e-21   1.9369253381231e-20  2.25055578925264e-19 -2.40196058651942e-20  1.33028542725209e-08
-5.21489904495446e-08  -0.00166780092456498      1.88566287821775   -3.966428737032e-05     0.034147077355569  7.88051856995175e-19 -1.58129654475853e-18 -1.45510166019184e-17  9.83890927856624e-18  1.04672995223477e-06
-1.11957352565365e-11 -6.02961443813093e-07   -3.966428737032e-05      1.99999998079953 -9.11983908979992e-05  2.81787553719352e-17  9.17645415367423e-17  1.09879000877554e-15  3.56965830967538e-17 -7.53246634381115e-11
  1.4616484028628e-07  3.61568728994926e-05     0.034147077355569 -9.11983908979992e-05    0.0381820713606434 -1.84533198601688e-17 -7.12575523491808e-18 -1.65982413399715e-16  2.50813517677179e-17  -8.6165396642457e-06
 4.26360097154014e-17  3.44951160096653e-21  7.88051856995175e-19  2.81787553719352e-17 -1.84533198601688e-17      1.98515512232681 -3.69248951158699e-16   -0.0446046484560539    -0.164055979105377  8.10177055498224e-17
 -2.8098305609306e-18   1.9369253381231e-20 -1.58129654475853e-18  9.17645415367423e-17 -7.12575523491808e-18 -3.69248951158699e-16      1.98515512232681    -0.164055979105384    0.0446046484560513 -1.31236094168908e-16
 9.70566944388031e-17  2.25055578925264e-19 -1.45510166019184e-17  1.09879000877554e-15 -1.65982413399715e-16   -0.0446046484560539    -0.164055979105384    0.0529351887946703  9.00101835058318e-17 -1.20690127028134e-15
 4.79628310214544e-16 -2.40196058651942e-20  9.83890927856624e-18  3.56965830967538e-17  2.50813517677179e-17    -0.164055979105377    0.0446046484560513  9.00101835058318e-17    0.0529351887946681  1.28968340543677e-15
 1.03306002504693e-12  1.33028542725209e-08  1.04672995223477e-06 -7.53246634381115e-11  -8.6165396642457e-06  8.10177055498224e-17 -1.31236094168908e-16 -1.20690127028134e-15  1.28968340543677e-15      1.99999999995508
TOTAL ENERGY: -123.347937915069	 lambda: -9.75	 population of target: 4.00000000000001
1RDM: 
     1.99999999999996 -7.29982430172254e-10 -5.21491655960974e-08 -1.11955874217958e-11  1.46170161992001e-07  4.26363913108062e-17 -2.79785142703546e-18  9.71902266927373e-17  4.79596533848189e-16  1.03332255996775e-12
-7.29982430172254e-10        1.999974447424  -0.00166780092683996 -6.02961671031297e-07  3.61568729689069e-05  3.44834197755044e-21  1.93679329876405e-20  2.25047591797694e-19 -2.40181638725067e-20   1.3303649364931e-08
-5.21491655960974e-08  -0.00166780092683996      1.88566287814011 -3.96643166031005e-05    0.0341470773592517  7.87762422645605e-19 -1.58128713543456e-18 -1.45510898714371e-17  9.83684328427298e-18  1.04683121530841e-06
-1.11955874217958e-11 -6.02961671031297e-07 -3.96643166031005e-05       1.9999999807996 -9.11975407335638e-05  2.81517118163763e-17  9.17732526396897e-17   1.0988050211689e-15  3.53715398212239e-17 -7.54374366425667e-11
 1.46170161992001e-07  3.61568729689069e-05    0.0341470773592517 -9.11975407335638e-05    0.0381820713810147 -1.84510098176033e-17 -7.12647317767797e-18 -1.65983221665275e-16  2.50812434474552e-17 -8.61944401258673e-06
 4.26363913108062e-17  3.44834197755044e-21  7.87762422645605e-19  2.81517118163763e-17 -1.84510098176033e-17      1.98515512235029 -2.11248680600797e-16   -0.0446046484060076    -0.164055978979421  8.10443419120056e-17
-2.79785142703546e-18  1.93679329876405e-20 -1.58128713543456e-18  9.17732526396897e-17 -7.12647317767797e-18 -2.11248680600797e-16      1.98515512235028    -0.164055978979426    0.0446046484060064 -1.31246634685445e-16
 9.71902266927373e-17  2.25047591797694e-19 -1.45510898714371e-17   1.0988050211689e-15 -1.65983221665275e-16   -0.0446046484060076    -0.164055978979426    0.0529351887998289 -6.39601062922892e-17 -1.20693772365146e-15
 4.79596533848189e-16 -2.40181638725067e-20  9.83684328427298e-18  3.53715398212239e-17  2.50812434474552e-17    -0.164055978979421    0.0446046484060064 -6.39601062922892e-17    0.0529351887998325  1.29000944562395e-15
 1.03332255996775e-12   1.3303649364931e-08  1.04683121530841e-06 -7.54374366425667e-11 -8.61944401258673e-06  8.10443419120056e-17 -1.31246634685445e-16 -1.20693772365146e-15  1.29000944562395e-15      1.99999999995505
TOTAL ENERGY: -123.347937915069	 lambda: -9.7	 population of target: 4
1RDM: 
     1.99999999999996 -7.29983771996367e-10 -5.21493441708233e-08 -1.11954389981708e-11  1.46175536721586e-07  4.26367735058429e-17 -2.78582672987243e-18  9.73242643098463e-17  4.79564626890273e-16  1.03358965307876e-12
-7.29983771996367e-10      1.99997444742399  -0.00166780092596296 -6.02961904720317e-07  3.61568721463656e-05  3.44951945497997e-21  1.93712391376645e-20  2.25048078326394e-19 -2.40166769309031e-20  1.33044547853779e-08
-5.21493441708233e-08  -0.00166780092596296      1.88566287827454 -3.96643464384556e-05    0.0341470773424699    7.879665736451e-19  -1.5804170885046e-18 -1.45436127825194e-17  9.83684130319939e-18  1.04693405256088e-06
-1.11954389981708e-11 -6.02961904720317e-07 -3.96643464384556e-05      1.99999998079967 -9.11966806136275e-05  2.81243328815878e-17  9.17820720698712e-17  1.09882022122654e-15  3.50424640861007e-17 -7.55524307753048e-11
 1.46175536721586e-07  3.61568721463656e-05    0.0341470773424699 -9.11966806136275e-05    0.0381820713472304 -1.84486498839211e-17 -7.12755039763745e-18 -1.65985178897993e-16  2.50816648448601e-17 -8.62240219119246e-06
 4.26367735058429e-17  3.44951945497997e-21    7.879665736451e-19  2.81243328815878e-17 -1.84486498839211e-17        1.985155122355   -2.230189182066e-16   -0.0446046484146509    -0.164055978951557  8.10713355721431e-17
-2.78582672987243e-18  1.93712391376645e-20  -1.5804170885046e-18  9.17820720698712e-17 -7.12755039763745e-18   -2.230189182066e-16        1.985155122355    -0.164055978951561    0.0446046484146494 -1.31257304754532e-16
 9.73242643098463e-17  2.25048078326394e-19 -1.45436127825194e-17  1.09882022122654e-15 -1.65985178897993e-16   -0.0446046484146509    -0.164055978951561    0.0529351887447698 -8.17899942113009e-18 -1.20697453415741e-15
 4.79564626890273e-16 -2.40166769309031e-20  9.83684130319939e-18  3.50424640861007e-17  2.50816648448601e-17    -0.164055978951557    0.0446046484146494 -8.17899942113009e-18    0.0529351887447683   1.2903398231372e-15
 1.03358965307876e-12  1.33044547853779e-08  1.04693405256088e-06 -7.55524307753048e-11 -8.62240219119246e-06  8.10713355721431e-17 -1.31257304754532e-16 -1.20697453415741e-15   1.2903398231372e-15      1.99999999995502
TOTAL ENERGY: -123.34793791507	 lambda: -9.65	 population of target: 4.00000000000002
1RDM: 
     1.99999999999997 -7.29985126645083e-10 -5.21495244994511e-08 -1.11952896385545e-11  1.46180956695084e-07  4.26371562055955e-17 -2.77375619464644e-18  9.74588100230749e-17  4.79532588128652e-16   1.0338579462992e-12
-7.29985126645083e-10      1.99997444742408  -0.00166780092375742 -6.02962139709115e-07  3.61568723035245e-05  3.44976158309767e-21  1.93674484998828e-20  2.25053042125089e-19 -2.40176142927698e-20  1.33052699952225e-08
-5.21495244994511e-08  -0.00166780092375742      1.88566287819244 -3.96643766414656e-05    0.0341470773594209  7.87985450429956e-19 -1.58160108573593e-18 -1.45534275383251e-17  9.84002475071769e-18  1.04703771137591e-06
-1.11952896385545e-11 -6.02962139709115e-07 -3.96643766414656e-05      1.99999998079974 -9.11958102416209e-05   2.8096612422492e-17  9.17910025249952e-17  1.09883562464816e-15  3.47092803587024e-17 -7.56675674313972e-11
 1.46180956695084e-07  3.61568723035245e-05    0.0341470773594209 -9.11958102416209e-05    0.0381820713684286 -1.84462751652626e-17 -7.12777722145898e-18 -1.65984465679311e-16  2.50812381193538e-17  -8.6253696312794e-06
 4.26371562055955e-17  3.44976158309767e-21  7.87985450429956e-19   2.8096612422492e-17 -1.84462751652626e-17      1.98515512238101 -1.93629785840718e-16   -0.0446046483685975    -0.164055978809613  8.10987087450971e-17
-2.77375619464644e-18  1.93674484998828e-20 -1.58160108573593e-18  9.17910025249952e-17 -7.12777722145898e-18 -1.93629785840718e-16      1.98515512238101    -0.164055978809618    0.0446046483685966 -1.31268127224835e-16
 9.74588100230749e-17  2.25053042125089e-19 -1.45534275383251e-17  1.09883562464816e-15 -1.65984465679311e-16   -0.0446046483685975    -0.164055978809618    0.0529351887491643 -1.34008139305525e-16 -1.20701188967056e-15
 4.79532588128652e-16 -2.40176142927698e-20  9.84002475071769e-18  3.47092803587024e-17  2.50812381193538e-17    -0.164055978809613    0.0446046483685966 -1.34008139305525e-16    0.0529351887491624  1.29067485346105e-15
  1.0338579462992e-12  1.33052699952225e-08  1.04703771137591e-06 -7.56675674313972e-11  -8.6253696312794e-06  8.10987087450971e-17 -1.31268127224835e-16 -1.20701188967056e-15  1.29067485346105e-15        1.999999999955
TOTAL ENERGY: -123.34793791507	 lambda: -9.6	 population of target: 4.00000000000001
1RDM: 
     1.99999999999996 -7.29986383753866e-10 -5.21496999088739e-08 -1.11951355508212e-11  1.46186459668718e-07  4.26375397573493e-17 -2.76163959063227e-18  9.75938676373424e-17   4.7950042058379e-16   1.0341176420919e-12
-7.29986383753866e-10        1.999974447424  -0.00166780093200437 -6.02962401222829e-07  3.61568736188369e-05  3.44982396950927e-21  1.93764747637781e-20  2.25080816160177e-19 -2.40241608511791e-20  1.33060877759023e-08
-5.21496999088739e-08  -0.00166780093200437      1.88566287754534  -3.9664408768344e-05    0.0341470774665349  7.87936093787022e-19 -1.58042813639029e-18 -1.45456309102698e-17  9.83780067705495e-18   1.0471395610514e-06
-1.11951355508212e-11 -6.02962401222829e-07  -3.9664408768344e-05      1.99999998079981 -9.11949296456719e-05  2.80685449064043e-17   9.1800046050549e-17  1.09885123295115e-15  3.43719217987715e-17 -7.57768806878793e-11
 1.46186459668718e-07  3.61568736188369e-05    0.0341470774665349 -9.11949296456719e-05    0.0381820714966108 -1.84438902328527e-17 -7.12885962186353e-18  -1.6598390692482e-16  2.50807196383106e-17 -8.62821547692395e-06
 4.26375397573493e-17  3.44982396950927e-21  7.87936093787022e-19  2.80685449064043e-17 -1.84438902328527e-17      1.98515512242459 -2.98621476022669e-16   -0.0446046483518643    -0.164055978545737  8.11264488251242e-17
-2.76163959063227e-18  1.93764747637781e-20 -1.58042813639029e-18   9.1800046050549e-17 -7.12885962186353e-18 -2.98621476022669e-16      1.98515512242459     -0.16405597854574    0.0446046483518618 -1.31279065929167e-16
 9.75938676373424e-17  2.25080816160177e-19 -1.45456309102698e-17  1.09885123295115e-15  -1.6598390692482e-16   -0.0446046483518643     -0.16405597854574    0.0529351889650483  1.14165010622191e-16  -1.2070494273608e-15
  4.7950042058379e-16 -2.40241608511791e-20  9.83780067705495e-18  3.43719217987715e-17  2.50807196383106e-17    -0.164055978545737    0.0446046483518618  1.14165010622191e-16    0.0529351889650441  1.29101428893447e-15
  1.0341176420919e-12  1.33060877759023e-08   1.0471395610514e-06 -7.57768806878793e-11 -8.62821547692395e-06  8.11264488251242e-17 -1.31279065929167e-16  -1.2070494273608e-15  1.29101428893447e-15      1.99999999995497
TOTAL ENERGY: -123.34793791507	 lambda: -9.55	 population of target: 4.00000000000001
1RDM: 
     1.99999999999996 -7.29987847323987e-10  -5.2149888690322e-08  -1.1194985342894e-11  1.46191981385708e-07  4.26379234436945e-17 -2.74947659646884e-18  9.77294378697956e-17  4.79468114413671e-16  1.03440736783456e-12
-7.29987847323987e-10       1.9999744474241  -0.00166780092311311 -6.02962617805862e-07  3.61568727780905e-05  3.44976566990067e-21  1.93668894573311e-20  2.25051031587525e-19   -2.401663161938e-20  1.33069341408685e-08
 -5.2149888690322e-08  -0.00166780092311311       1.8856628781312 -3.96644380592296e-05     0.034147077373513  7.87913791617777e-19 -1.58165156250877e-18  -1.4553888710958e-17  9.84026645061416e-18  1.04724972765793e-06
 -1.1194985342894e-11 -6.02962617805862e-07 -3.96644380592296e-05      1.99999998079988  -9.1194033283322e-05  2.80401197980326e-17  9.18092013529196e-17  1.09886700334835e-15  3.40302752622655e-17 -7.59037922781499e-11
 1.46191981385708e-07  3.61568727780905e-05     0.034147077373513  -9.1194033283322e-05    0.0381820713585744 -1.84414118490363e-17  -7.1289400810309e-18 -1.65984518511653e-16  2.50807828987515e-17 -8.63145274355511e-06
 4.26379234436945e-17  3.44976566990067e-21  7.87913791617777e-19  2.80401197980326e-17 -1.84414118490363e-17      1.98515512241632 -2.56984935818284e-16   -0.0446046483132843    -0.164055978615033  8.11546019496651e-17
-2.74947659646884e-18  1.93668894573311e-20 -1.58165156250877e-18  9.18092013529196e-17  -7.1289400810309e-18 -2.56984935818284e-16      1.98515512241632    -0.164055978615037    0.0446046483132824 -1.31290231748952e-16
 9.77294378697956e-17  2.25051031587525e-19  -1.4553888710958e-17  1.09886700334835e-15 -1.65984518511653e-16   -0.0446046483132843    -0.164055978615037    0.0529351887493196  4.53901286688648e-17 -1.20708823289336e-15
 4.79468114413671e-16   -2.401663161938e-20  9.84026645061416e-18  3.40302752622655e-17  2.50807828987515e-17    -0.164055978615033    0.0446046483132824  4.53901286688648e-17    0.0529351887493248  1.29135896871819e-15
 1.03440736783456e-12  1.33069341408685e-08  1.04724972765793e-06 -7.59037922781499e-11 -8.63145274355511e-06  8.11546019496651e-17 -1.31290231748952e-16 -1.20708823289336e-15  1.29135896871819e-15      1.99999999995494
TOTAL ENERGY: -123.34793791507	 lambda: -9.5	 population of target: 4.00000000000002
1RDM: 
     1.99999999999996  -7.2998922415011e-10 -5.21500721596812e-08 -1.11948339837708e-11  1.46197513663784e-07  4.26383080558658e-17 -2.73726697614968e-18  9.78655263865186e-17  4.79435678877636e-16  1.03469261643584e-12
 -7.2998922415011e-10      1.99997444742398  -0.00166780092742547 -6.02962863460247e-07  3.61568732991336e-05  3.44982929615625e-21  1.93708355895065e-20  2.25050341694899e-19 -2.40164016774972e-20  1.33077862490473e-08
-5.21500721596812e-08  -0.00166780092742547      1.88566287813453  -3.9664469355365e-05    0.0341470773450157  7.87899592135636e-19 -1.58060308819943e-18 -1.45454225710886e-17  9.83822534176848e-18  1.04735925498487e-06
-1.11948339837708e-11 -6.02962863460247e-07  -3.9664469355365e-05      1.99999998079996 -9.11931287607573e-05  2.80113348000576e-17  9.18184744738531e-17  1.09888299310202e-15  3.36842978808487e-17  -7.6027556857525e-11
 1.46197513663784e-07  3.61568732991336e-05    0.0341470773450157 -9.11931287607573e-05    0.0381820713665337 -1.84389393491907e-17 -7.12979807137043e-18 -1.65984103910331e-16   2.5080441886063e-17 -8.63462699383844e-06
 4.26383080558658e-17  3.44982929615625e-21  7.87899592135636e-19  2.80113348000576e-17 -1.84389393491907e-17       1.9851551224419 -2.45706589375837e-16   -0.0446046482620655    -0.164055978478639  8.11831374318597e-17
-2.73726697614968e-18  1.93708355895065e-20 -1.58060308819943e-18  9.18184744738531e-17 -7.12979807137043e-18 -2.45706589375837e-16       1.9851551224419    -0.164055978478643    0.0446046482620639 -1.31301513046833e-16
 9.78655263865186e-17  2.25050341694899e-19 -1.45454225710886e-17  1.09888299310202e-15 -1.65984103910331e-16   -0.0446046482620655    -0.164055978478643    0.0529351887181554  1.75873683456371e-17 -1.20712716663154e-15
 4.79435678877636e-16 -2.40164016774972e-20  9.83822534176848e-18  3.36842978808487e-17   2.5080441886063e-17    -0.164055978478639    0.0446046482620639  1.75873683456371e-17    0.0529351887181552  1.29170822272199e-15
 1.03469261643584e-12  1.33077862490473e-08  1.04735925498487e-06  -7.6027556857525e-11 -8.63462699383844e-06  8.11831374318597e-17 -1.31301513046833e-16 -1.20712716663154e-15  1.29170822272199e-15      1.99999999995492
TOTAL ENERGY: -123.347937915069	 lambda: -9.45	 population of target: 4
1RDM: 
     1.99999999999995 -7.29990602366702e-10 -5.21502581976264e-08 -1.11946774393069e-11  1.46203180666793e-07  4.26386929542135e-17 -2.72501040286976e-18  9.80021346821677e-17  4.79403105206232e-16  1.03498008749381e-12
-7.29990602366702e-10      1.99997444742418  -0.00166780092105614  -6.0296310478948e-07  3.61568724438333e-05  3.45963482057022e-21  1.94795330944014e-20  2.25179160036562e-19 -2.40397515440682e-20  1.33086492777271e-08
-5.21502581976264e-08  -0.00166780092105614      1.88566287809244 -3.96645008507089e-05     0.034147077344502   7.8986109745192e-19 -1.55870482885285e-18 -1.43729819942924e-17   9.8079340667675e-18  1.04746981172253e-06
-1.11946774393069e-11  -6.0296310478948e-07 -3.96645008507089e-05      1.99999998080002 -9.11922106234304e-05  2.79821804615002e-17  9.18278587388739e-17  1.09889907448888e-15  3.33339091750821e-17 -7.61518013058637e-11
 1.46203180666793e-07  3.61568724438333e-05     0.034147077344502 -9.11922106234304e-05    0.0381820713676183  -1.8436372591259e-17 -7.12963330706848e-18 -1.65975638125696e-16  2.50786229170272e-17 -8.63781858703927e-06
 4.26386929542135e-17  3.45963482057022e-21   7.8986109745192e-19  2.79821804615002e-17  -1.8436372591259e-17      1.98515512245517 -1.53059986466885e-16   -0.0446046482623647    -0.164055978399397  8.12120838125263e-17
-2.72501040286976e-18  1.94795330944014e-20 -1.55870482885285e-18  9.18278587388739e-17 -7.12963330706848e-18 -1.53059986466885e-16      1.98515512245517    -0.164055978399402    0.0446046482623642 -1.31312959283165e-16
 9.80021346821677e-17  2.25179160036562e-19 -1.43729819942924e-17  1.09889907448888e-15 -1.65975638125696e-16   -0.0446046482623647    -0.164055978399402    0.0529351887252354 -4.71980194732064e-17 -1.20716668719866e-15
 4.79403105206232e-16 -2.40397515440682e-20   9.8079340667675e-18  3.33339091750821e-17  2.50786229170272e-17    -0.164055978399397    0.0446046482623642 -4.71980194732064e-17    0.0529351887252311  1.29206251290773e-15
 1.03498008749381e-12  1.33086492777271e-08  1.04746981172253e-06 -7.61518013058637e-11 -8.63781858703927e-06  8.12120838125263e-17 -1.31312959283165e-16 -1.20716668719866e-15  1.29206251290773e-15      1.99999999995488
TOTAL ENERGY: -123.34793791507	 lambda: -9.4	 population of target: 4.00000000000002
1RDM: 
     1.99999999999996 -7.29992439632254e-10 -5.21504754544397e-08 -1.11945339072875e-11  1.46208838395171e-07  4.26390783844969e-17 -2.71270672861891e-18  9.81392652429289e-17  4.79370395642376e-16  1.03525690015305e-12
-7.29992439632254e-10      1.99997444742442  -0.00166780090951641 -6.02963361232716e-07  3.61568705855002e-05  3.44997862415054e-21  1.93711677969376e-20  2.25060707019545e-19 -2.40188813987375e-20   1.3309514397016e-08
-5.21504754544397e-08  -0.00166780090951641       1.8856628784597 -3.96645334973795e-05    0.0341470774046478   7.8786036401371e-19 -1.58093247363485e-18 -1.45487673797518e-17  9.83955431139596e-18  1.04757810723012e-06
-1.11945339072875e-11 -6.02963361232716e-07 -3.96645334973795e-05       1.9999999808001 -9.11912830977972e-05  2.79526533179217e-17  9.18373835664498e-17  1.09891564369768e-15  3.29789679898326e-17 -7.62690049929333e-11
 1.46208838395171e-07  3.61568705855002e-05    0.0341470774046478 -9.11912830977972e-05    0.0381820713573855 -1.84338405144015e-17 -7.13102050457197e-18 -1.65981010616687e-16  2.50792021534328e-17   -8.640862296971e-06
 4.26390783844969e-17  3.44997862415054e-21   7.8786036401371e-19  2.79526533179217e-17 -1.84338405144015e-17        1.985155122454 -1.07347109111989e-16   -0.0446046483257382    -0.164055978397208  8.12414448458569e-17
-2.71270672861891e-18  1.93711677969376e-20 -1.58093247363485e-18  9.18373835664498e-17 -7.13102050457197e-18 -1.07347109111989e-16        1.985155122454    -0.164055978397213    0.0446046483257383 -1.31324539363431e-16
 9.81392652429289e-17  2.25060707019545e-19 -1.45487673797518e-17  1.09891564369768e-15 -1.65981010616687e-16   -0.0446046483257382    -0.164055978397213    0.0529351885477728 -1.54865034530896e-16  -1.2072064413454e-15
 4.79370395642376e-16 -2.40188813987375e-20  9.83955431139596e-18  3.29789679898326e-17  2.50792021534328e-17    -0.164055978397208    0.0446046483257383 -1.54865034530896e-16    0.0529351885477691  1.29242178763849e-15
 1.03525690015305e-12   1.3309514397016e-08  1.04757810723012e-06 -7.62690049929333e-11   -8.640862296971e-06  8.12414448458569e-17 -1.31324539363431e-16  -1.2072064413454e-15  1.29242178763849e-15      1.99999999995486
TOTAL ENERGY: -123.34793791507	 lambda: -9.35	 population of target: 4.00000000000004
1RDM: 
     1.99999999999997 -7.29993961523857e-10 -5.21506722597576e-08 -1.11943791971787e-11  1.46214574932547e-07  4.26394645166169e-17  -2.7003555803256e-18  9.82769224302893e-17  4.79337551711643e-16  1.03555368638558e-12
-7.29993961523857e-10      1.99997444742441  -0.00166780091023495  -6.0296361084763e-07  3.61568703522642e-05  3.44964842319555e-21  1.93738310266272e-20  2.25069432772083e-19 -2.40226055943308e-20  1.33103942637761e-08
-5.21506722597576e-08  -0.00166780091023495      1.88566287835772 -3.96645657156141e-05     0.034147077379493  7.87792104519815e-19 -1.58060122856824e-18 -1.45466979575903e-17  9.83887287308793e-18  1.04769163611452e-06
-1.11943791971787e-11  -6.0296361084763e-07 -3.96645657156141e-05      1.99999998080019 -9.11903457794399e-05  2.79227415038902e-17   9.1847021907671e-17  1.09893228464193e-15  3.26194401442675e-17 -7.63980728272451e-11
 1.46214574932547e-07  3.61568703522642e-05     0.034147077379493 -9.11903457794399e-05     0.038182071372004  -1.8431175475722e-17 -7.13193249752585e-18 -1.65980286190089e-16  2.50786034119962e-17 -8.64416743639524e-06
 4.26394645166169e-17  3.44964842319555e-21  7.87792104519815e-19  2.79227415038902e-17  -1.8431175475722e-17      1.98515512248377 -3.39210055263033e-16   -0.0446046482725081    -0.164055978234414  8.12712452076612e-17
 -2.7003555803256e-18  1.93738310266272e-20 -1.58060122856824e-18   9.1847021907671e-17 -7.13193249752585e-18 -3.39210055263033e-16      1.98515512248377    -0.164055978234419    0.0446046482725053 -1.31336314206306e-16
 9.82769224302893e-17  2.25069432772083e-19 -1.45466979575903e-17  1.09893228464193e-15 -1.65980286190089e-16   -0.0446046482725081    -0.164055978234419     0.052935188561674   3.7033090668127e-17 -1.20724702895175e-15
 4.79337551711643e-16 -2.40226055943308e-20  9.83887287308793e-18  3.26194401442675e-17  2.50786034119962e-17    -0.164055978234414    0.0446046482725053   3.7033090668127e-17    0.0529351885616773  1.29278650344454e-15
 1.03555368638558e-12  1.33103942637761e-08  1.04769163611452e-06 -7.63980728272451e-11 -8.64416743639524e-06  8.12712452076612e-17 -1.31336314206306e-16 -1.20724702895175e-15  1.29278650344454e-15      1.99999999995484
TOTAL ENERGY: -123.34793791507	 lambda: -9.3	 population of target: 4.00000000000003
1RDM: 
     1.99999999999997 -7.29995441024639e-10 -5.21508665996747e-08 -1.11942230509392e-11  1.46220343403676e-07  4.26398512212268e-17 -2.68795672076082e-18  9.84151084926768e-17  4.79304570657927e-16  1.03585436276368e-12
-7.29995441024639e-10      1.99997444742432  -0.00166780091252835 -6.02963866007768e-07  3.61568697578067e-05  3.38946720341917e-21  1.95894678786787e-20  2.25954307874207e-19 -2.44810823530735e-20  1.33112889828275e-08
-5.21508665996747e-08  -0.00166780091252835      1.88566287833343  -3.9664598459176e-05    0.0341470773986116  7.80119440093673e-19  -1.5616903798042e-18 -1.44559777983487e-17  9.75939479007153e-18  1.04780691034109e-06
-1.11942230509392e-11 -6.02963866007768e-07  -3.9664598459176e-05      1.99999998080026 -9.11893950608633e-05  2.78924445317048e-17  9.18567688374226e-17  1.09894895354968e-15   3.2255339692938e-17 -7.65288030083165e-11
 1.46220343403676e-07  3.61568697578067e-05    0.0341470773986116 -9.11893950608633e-05    0.0381820713758799 -1.84203462919389e-17 -7.16014320114409e-18 -1.65886377132982e-16  2.50228711192971e-17 -8.64751727836097e-06
 4.26398512212268e-17  3.38946720341917e-21  7.80119440093673e-19  2.78924445317048e-17 -1.84203462919389e-17       1.9851551225048 -2.04682806556442e-16   -0.0446046482239566    -0.164055978123294   8.1301496973869e-17
-2.68795672076082e-18  1.95894678786787e-20  -1.5616903798042e-18  9.18567688374226e-17 -7.16014320114409e-18 -2.04682806556442e-16       1.9851551225048    -0.164055978123301    0.0446046482239557 -1.31348232477107e-16
 9.84151084926768e-17  2.25954307874207e-19 -1.44559777983487e-17  1.09894895354968e-15 -1.65886377132982e-16   -0.0446046482239566    -0.164055978123301    0.0529351885508615 -1.77965137957371e-16 -1.20728784268867e-15
 4.79304570657927e-16 -2.44810823530735e-20  9.75939479007153e-18   3.2255339692938e-17  2.50228711192971e-17    -0.164055978123294    0.0446046482239557 -1.77965137957371e-16    0.0529351885508687  1.29315663695621e-15
 1.03585436276368e-12  1.33112889828275e-08  1.04780691034109e-06 -7.65288030083165e-11 -8.64751727836097e-06   8.1301496973869e-17 -1.31348232477107e-16 -1.20728784268867e-15  1.29315663695621e-15       1.9999999999548
TOTAL ENERGY: -123.34793791507	 lambda: -9.25	 population of target: 4.00000000000002
1RDM: 
     1.99999999999996 -7.29996890996429e-10 -5.21510599778915e-08 -1.11940642077981e-11  1.46226175880271e-07  4.26402383373707e-17 -2.67550981752712e-18  9.85538269010366e-17   4.7927144972156e-16   1.0361608911785e-12
-7.29996890996429e-10      1.99997444742428  -0.00166780091371829 -6.02964125365216e-07  3.61568696129431e-05  3.45093079801892e-21  1.93720138079891e-20   2.2506506934747e-19 -2.40165738057938e-20  1.33121962013725e-08
-5.21510599778915e-08  -0.00166780091371829      1.88566287832026 -3.96646317103615e-05    0.0341470773985145  7.87877123571636e-19 -1.58081345324348e-18 -1.45479410460164e-17  9.84051777300011e-18  1.04792417043297e-06
-1.11940642077981e-11 -6.02964125365216e-07 -3.96646317103615e-05      1.99999998080033 -9.11884323599791e-05  2.78617390852808e-17  9.18666814413467e-17  1.09896625593974e-15  3.18862063608013e-17 -7.66624611438135e-11
 1.46226175880271e-07  3.61568696129431e-05    0.0341470773985145 -9.11884323599791e-05    0.0381820713776906 -1.84259460930959e-17 -7.13317145243334e-18 -1.65980273974311e-16  2.50785272061029e-17 -8.65093733047817e-06
 4.26402383373707e-17  3.45093079801892e-21  7.87877123571636e-19  2.78617390852808e-17 -1.84259460930959e-17      1.98515512252683 -1.16030102949188e-16   -0.0446046481824117     -0.16405597800455  8.13321774017583e-17
-2.67550981752712e-18  1.93720138079891e-20 -1.58081345324348e-18  9.18666814413467e-17 -7.13317145243334e-18 -1.16030102949188e-16      1.98515512252683    -0.164055978004554    0.0446046481824115 -1.31360369751898e-16
 9.85538269010366e-17   2.2506506934747e-19 -1.45479410460164e-17  1.09896625593974e-15 -1.65980273974311e-16   -0.0446046481824117    -0.164055978004554    0.0529351885345006 -1.18064462638934e-16 -1.20732979339115e-15
  4.7927144972156e-16 -2.40165738057938e-20  9.84051777300011e-18  3.18862063608013e-17  2.50785272061029e-17     -0.16405597800455    0.0446046481824115 -1.18064462638934e-16    0.0529351885344961  1.29353216885916e-15
  1.0361608911785e-12  1.33121962013725e-08  1.04792417043297e-06 -7.66624611438135e-11 -8.65093733047817e-06  8.13321774017583e-17 -1.31360369751898e-16 -1.20732979339115e-15  1.29353216885916e-15      1.99999999995477
TOTAL ENERGY: -123.34793791507	 lambda: -9.2	 population of target: 4.00000000000003
1RDM: 
     1.99999999999996 -7.29998342254929e-10 -5.21512545348389e-08 -1.11939037244809e-11  1.46232068620352e-07  4.26406257302279e-17 -2.66301455984008e-18  9.86930805367658e-17  4.79238186668335e-16  1.03646823510672e-12
-7.29998342254929e-10      1.99997444742439  -0.00166780091080595 -6.02964385171553e-07  3.61568706333504e-05  3.45142746574389e-21  1.93703937829527e-20  2.25055590412923e-19 -2.40110336296559e-20  1.33131161173898e-08
-5.21512545348389e-08  -0.00166780091080595      1.88566287827137 -3.96646653447525e-05    0.0341470773397399  7.87868364784254e-19 -1.58084374171927e-18 -1.45477556675278e-17  9.84066020217485e-18  1.04804233407085e-06
-1.11939037244809e-11 -6.02964385171553e-07 -3.96646653447525e-05      1.99999998080041 -9.11874555206684e-05  2.78306328827348e-17  9.18767022918016e-17  1.09898353552798e-15  3.15123292873888e-17 -7.67958305843565e-11
 1.46232068620352e-07  3.61568706333504e-05    0.0341470773397399 -9.11874555206684e-05    0.0381820713768226 -1.84233663641128e-17 -7.13350246711319e-18 -1.65981517852757e-16  2.50789418033522e-17  -8.6543593864327e-06
 4.26406257302279e-17  3.45142746574389e-21  7.87868364784254e-19  2.78306328827348e-17 -1.84233663641128e-17      1.98515512255437 -2.51505690707989e-16   -0.0446046481537233    -0.164055977849105  8.13632672136717e-17
-2.66301455984008e-18  1.93703937829527e-20 -1.58084374171927e-18  9.18767022918016e-17 -7.13350246711319e-18 -2.51505690707989e-16      1.98515512255437    -0.164055977849109    0.0446046481537213 -1.31372724710401e-16
 9.86930805367658e-17  2.25055590412923e-19 -1.45477556675278e-17  1.09898353552798e-15 -1.65981517852757e-16   -0.0446046481537233    -0.164055977849109    0.0529351885317696  4.57452026446734e-17 -1.20737291742887e-15
 4.79238186668335e-16 -2.40110336296559e-20  9.84066020217485e-18  3.15123292873888e-17  2.50789418033522e-17    -0.164055977849105    0.0446046481537213  4.57452026446734e-17     0.052935188531775  1.29391287801603e-15
 1.03646823510672e-12  1.33131161173898e-08  1.04804233407085e-06 -7.67958305843565e-11  -8.6543593864327e-06  8.13632672136717e-17 -1.31372724710401e-16 -1.20737291742887e-15  1.29391287801603e-15      1.99999999995474
TOTAL ENERGY: -123.34793791507	 lambda: -9.15	 population of target: 4.00000000000003
1RDM: 
     1.99999999999997 -7.29999738086674e-10 -5.21514457430257e-08 -1.11937413278989e-11  1.46237999364022e-07   4.2641013713136e-17 -2.65047073912789e-18  9.88328726003326e-17  4.79204784028907e-16  1.03677980150845e-12
-7.29999738086674e-10      1.99997444742437  -0.00166780091165514 -6.02964655543495e-07  3.61568720400816e-05  3.45173543103978e-21  1.93689920698822e-20  2.25051062393561e-19 -2.40075709411628e-20  1.33140502829501e-08
-5.21514457430257e-08  -0.00166780091165514      1.88566287838253 -3.96646997742048e-05    0.0341470773287956  7.87829940854271e-19 -1.58099814056164e-18 -1.45488625625079e-17  9.84092354950424e-18  1.04816226537997e-06
-1.11937413278989e-11 -6.02964655543495e-07 -3.96646997742048e-05      1.99999998080049 -9.11864647970285e-05   2.7799113011161e-17  9.18868591749415e-17  1.09900107530895e-15  3.11334717520053e-17  -7.6931087214538e-11
