TOTAL ENERGY: -124.225585842855	 lambda: -10	 population of target: 3.99194922945024
1RDM: 
     1.99999917536127 -7.23150284950321e-07  0.000247390273269443  4.44955926449332e-05  -0.00123553462559199  1.14211261646148e-17 -1.93442397097458e-17  9.45972088600026e-17 -3.27766687360438e-17  0.000184445040852848
-7.23150284950321e-07      1.99997446180081   0.00122908552752582   0.00112416708734084  -0.00045446023873563  -6.8007092823574e-19 -2.79956119101861e-19  8.55089937464791e-19   2.0168143067854e-18  0.000167009713943284
 0.000247390273269443   0.00122908552752582      1.88226354073783   -0.0600326297327562     0.343490691621381 -2.59695551519333e-17 -9.97478900215459e-17  1.36765625132419e-16  1.08287324065463e-15   -0.0555535034176156
 4.44955926449332e-05   0.00112416708734084   -0.0600326297327562      1.94751898266818    0.0375142026320155  3.49067191960473e-16  -3.4339911112969e-17   4.6161851029614e-16 -1.35807248852451e-15    -0.010187770934965
 -0.00123553462559199  -0.00045446023873563     0.343490691621381    0.0375142026320155     0.131814652158809 -9.92081288909031e-16  7.05673105511421e-17  1.56149750296447e-16 -5.97588604902658e-16     0.276218256787405
 1.14211261646148e-17  -6.8007092823574e-19 -2.59695551519333e-17  3.49067191960473e-16 -9.92081288909031e-16      1.90257307535041   8.1095846656515e-16   -0.0958327000326763     0.415085630369132   1.0838663028552e-15
-1.93442397097458e-17 -2.79956119101861e-19 -9.97478900215459e-17  -3.4339911112969e-17  7.05673105511421e-17   8.1095846656515e-16      1.90257307535041     0.415085630369138    0.0958327000326742  1.93759390563318e-16
 9.45972088600026e-17  8.55089937464791e-19  1.36765625132419e-16   4.6161851029614e-16  1.56149750296447e-16   -0.0958327000326763     0.415085630369138     0.137269888753512 -4.04964728785981e-17  2.88633858499618e-17
-3.27766687360438e-17   2.0168143067854e-18  1.08287324065463e-15 -1.35807248852451e-15 -5.97588604902658e-16     0.415085630369132    0.0958327000326742 -4.04964728785981e-17     0.137269888753508 -4.10536112454834e-15
 0.000184445040852848  0.000167009713943284   -0.0555535034176156    -0.010187770934965     0.276218256787405   1.0838663028552e-15  1.93759390563318e-16  2.88633858499618e-17 -4.10536112454834e-15      1.95874325906533
TOTAL ENERGY: -124.22562655119	 lambda: -9.95	 population of target: 3.99195331050983
1RDM: 
     1.99999917919473 -7.21785854339141e-07  0.000246696556266242  4.43256830366927e-05  -0.00123266342210554  1.15066271151241e-17 -1.92979306919087e-17   9.4487142854631e-17 -3.31812770020057e-17  0.000184085941832084
-7.21785854339141e-07      1.99997445999416   0.00122913372763227   0.00112424404694052 -0.000454666714629764 -6.80023272569881e-19 -2.79448570996812e-19  8.53207730372952e-19  2.01564071716727e-18  0.000167136476862221
 0.000246696556266242   0.00122913372763227      1.88233351088259   -0.0600099454121682     0.343303206271866 -2.61995838366322e-17 -9.96254580528189e-17   1.3614549127915e-16  1.08338123689807e-15    -0.055547810944135
 4.43256830366927e-05   0.00112424404694052   -0.0600099454121682      1.94751945830534    0.0374007843343967  3.49017104289905e-16  -3.4134741235766e-17  4.60804713737684e-16 -1.35842046750501e-15   -0.0101763570433862
 -0.00123266342210554 -0.000454666714629764     0.343303206271866    0.0374007843343967     0.131788332273691  -9.9216417758173e-16  7.06064995399412e-17  1.56055788776002e-16 -5.97746443113747e-16     0.276324635640606
 1.15066271151241e-17 -6.80023272569881e-19 -2.61995838366322e-17  3.49017104289905e-16  -9.9216417758173e-16      1.90258304723387  1.05661349610304e-15   -0.0958282148392332     0.415066203400099  1.08386357160535e-15
-1.92979306919087e-17 -2.79448570996812e-19 -9.96254580528189e-17  -3.4134741235766e-17  7.06064995399412e-17  1.05661349610304e-15      1.90258304723386     0.415066203400109    0.0958282148392308  1.93847763985622e-16
  9.4487142854631e-17  8.53207730372952e-19   1.3614549127915e-16  4.60804713737684e-16  1.56055788776002e-16   -0.0958282148392332     0.415066203400109     0.137253578937264  2.13219774900919e-17  2.83855759395954e-17
-3.31812770020057e-17  2.01564071716727e-18  1.08338123689807e-15 -1.35842046750501e-15 -5.97746443113747e-16     0.415066203400099    0.0958282148392308  2.13219774900919e-17     0.137253578937259 -4.10533893894208e-15
 0.000184085941832084  0.000167136476862221    -0.055547810944135   -0.0101763570433862     0.276324635640606  1.08386357160535e-15  1.93847763985622e-16  2.83855759395954e-17 -4.10533893894208e-15      1.95871180700728
TOTAL ENERGY: -124.225667619443	 lambda: -9.9	 population of target: 3.99195744839315
1RDM: 
     1.99999918303055 -7.20416446397724e-07   0.00024600147049171  4.41561238236476e-05  -0.00122978354414017  1.15923622054088e-17 -1.92514557056602e-17  9.43766471511576e-17 -3.35870961239006e-17   0.00018372617450556
-7.20416446397724e-07      1.99997445818851   0.00122918149408538   0.00112432128155715 -0.000454873179332058  -6.7997293673445e-19 -2.78937761905112e-19  8.51316782898372e-19  2.01444136646746e-18  0.000167264358994094
  0.00024600147049171   0.00122918149408538      1.88240362289991   -0.0599873514881979     0.343115257376863   -2.640977991154e-17 -9.95008079679851e-17  1.35535376786279e-16  1.08380415340778e-15   -0.0555423242185697
 4.41561238236476e-05   0.00112432128155715   -0.0599873514881979      1.94751988003146    0.0372877682096397  3.48949425911954e-16 -3.39307642219386e-17  4.59978478531356e-16 -1.35869145799513e-15   -0.0101650552252279
 -0.00122978354414017 -0.000454873179332058     0.343115257376863    0.0372877682096397     0.131762353197508 -9.92244846520365e-16  7.06462134637802e-17  1.55963375318455e-16 -5.97920881567684e-16     0.276432379921625
 1.15923622054088e-17  -6.7997293673445e-19   -2.640977991154e-17  3.48949425911954e-16 -9.92244846520365e-16      1.90259314667446  9.79386435553525e-16   -0.0958236698746942       0.4150465175388  1.08386016250653e-15
-1.92514557056602e-17 -2.78937761905112e-19 -9.95008079679851e-17 -3.39307642219386e-17  7.06462134637802e-17  9.79386435553525e-16      1.90259314667446     0.415046517538808    0.0958236698746918   1.9393702896215e-16
 9.43766471511576e-17  8.51316782898372e-19  1.35535376786279e-16  4.59978478531356e-16  1.55963375318455e-16   -0.0958236698746942     0.415046517538808     0.137237141980321 -9.79234695380963e-17  2.79019336439541e-17
-3.35870961239006e-17  2.01444136646746e-18  1.08380415340778e-15 -1.35869145799513e-15 -5.97920881567684e-16       0.4150465175388    0.0958236698746918 -9.79234695380963e-17     0.137237141980317 -4.10531294857587e-15
  0.00018372617450556  0.000167264358994094   -0.0555423242185697   -0.0101650552252279     0.276432379921625  1.08386016250653e-15   1.9393702896215e-16  2.79019336439541e-17 -4.10531294857587e-15      1.95867992534255
TOTAL ENERGY: -124.225709055554	 lambda: -9.85	 population of target: 3.99196164447993
1RDM: 
     1.99999918686866  -7.1904204989763e-07  0.000245305013152792  4.39869192542172e-05  -0.00122689497355323  1.16783360688555e-17 -1.92048136595699e-17  9.42657225585251e-17 -3.39941483101099e-17  0.000183365745692981
 -7.1904204989763e-07      1.99997445638386   0.00122922881848769   0.00112439879564446 -0.000455079624569883 -6.79914296400133e-19 -2.78420220944917e-19  8.49408127558424e-19   2.0131908547461e-18  0.000167393379328427
 0.000245305013152792   0.00122922881848769      1.88247387942209   -0.0599648490382453     0.342926837855549 -2.66004606391507e-17 -9.93734550038745e-17   1.3493289983848e-16  1.08414273636118e-15   -0.0555370471508177
 4.39869192542172e-05   0.00112439879564446   -0.0599648490382453      1.94752024742595    0.0371751615912427   3.4886639683148e-16 -3.37272292890514e-17  4.59138792022899e-16 -1.35889584434044e-15   -0.0101538675444736
 -0.00122689497355323 -0.000455079624569883     0.342926837855549    0.0371751615912427     0.131736720881502 -9.92323592424915e-16  7.06863775139244e-17  1.55872522966684e-16 -5.98110628988172e-16      0.27654151514942
 1.16783360688555e-17 -6.79914296400133e-19 -2.66004606391507e-17   3.4886639683148e-16 -9.92323592424915e-16       1.9026033760732  8.36709093939878e-16   -0.0958190640069409     0.415026567881517  1.08385622080302e-15
-1.92048136595699e-17 -2.78420220944917e-19 -9.93734550038745e-17 -3.37272292890514e-17  7.06863775139244e-17  8.36709093939878e-16       1.9026033760732      0.41502656788152    0.0958190640069383  1.94027271204663e-16
 9.42657225585251e-17  8.49408127558424e-19   1.3493289983848e-16  4.59138792022899e-16  1.55872522966684e-16   -0.0958190640069409      0.41502656788152      0.13722057554215 -3.46493464683405e-16  2.74122151828351e-17
-3.39941483101099e-17   2.0131908547461e-18  1.08414273636118e-15 -1.35889584434044e-15 -5.98110628988172e-16     0.415026567881517    0.0958190640069383 -3.46493464683405e-16     0.137220575542147 -4.10528384533987e-15
 0.000183365745692981  0.000167393379328427   -0.0555370471508177   -0.0101538675444736      0.27654151514942  1.08385622080302e-15  1.94027271204663e-16  2.74122151828351e-17 -4.10528384533987e-15      1.95864760578725
TOTAL ENERGY: -124.225750867663	 lambda: -9.8	 population of target: 3.99196590019092
1RDM: 
     1.99999919070903 -7.17662653749366e-07  0.000244607181531281   4.3818073682687e-05  -0.00122399769250839  1.17645721521836e-17 -1.91580008799051e-17  9.41543773673743e-17 -3.44025379422072e-17  0.000183004662445394
-7.17662653749366e-07      1.99997445458022   0.00122927569295346    0.0011244765944654 -0.000455286041568355 -6.79851808212931e-19  -2.7789896202628e-19  8.47489405415298e-19  2.01191440407596e-18  0.000167523557299454
 0.000244607181531281   0.00122927569295346      1.88254428305755   -0.0599424392385342     0.342737940479862 -2.67794724986918e-17 -9.92447288537643e-17  1.34336074906248e-16  1.08443133744415e-15   -0.0555319837430488
  4.3818073682687e-05    0.0011244765944654   -0.0599424392385342      1.94752055998896    0.0370629719952284  3.48773738317664e-16 -3.35239462450698e-17  4.58290519164733e-16 -1.35905841912926e-15   -0.0101427961214594
 -0.00122399769250839 -0.000455286041568355     0.342737940479862    0.0370629719952284     0.131711441531925  -9.9240127864386e-16  7.07269384763471e-17  1.55782559954685e-16 -5.98311189251396e-16     0.276652067395032
 1.17645721521836e-17 -6.79851808212931e-19 -2.67794724986918e-17  3.48773738317664e-16  -9.9240127864386e-16      1.90261373789513  9.89257221559813e-16   -0.0958143960727304     0.415006349391378  1.08385189723282e-15
-1.91580008799051e-17  -2.7789896202628e-19 -9.92447288537643e-17 -3.35239462450698e-17  7.07269384763471e-17  9.89257221559813e-16      1.90261373789512     0.415006349391386    0.0958143960727278   1.9411847883092e-16
 9.41543773673743e-17  8.47489405415298e-19  1.34336074906248e-16  4.58290519164733e-16  1.55782559954685e-16   -0.0958143960727304     0.415006349391386     0.137203877237862 -1.22861718045064e-16  2.69166085622176e-17
-3.44025379422072e-17  2.01191440407596e-18  1.08443133744415e-15 -1.35905841912926e-15 -5.98311189251396e-16     0.415006349391378    0.0958143960727278 -1.22861718045064e-16     0.137203877237861 -4.10525237844357e-15
 0.000183004662445394  0.000167523557299454   -0.0555319837430488   -0.0101427961214594     0.276652067395032  1.08385189723282e-15   1.9411847883092e-16  2.69166085622176e-17 -4.10525237844357e-15      1.95861483986638
TOTAL ENERGY: -124.225793064111	 lambda: -9.75	 population of target: 3.99197021698945
1RDM: 
     1.99999919455157 -7.16278247080162e-07  0.000243907972942815  4.36495915068123e-05  -0.00122109168357009  1.18510970524004e-17 -1.91110131986043e-17  9.40426208698521e-17 -3.48123832666781e-17  0.000182642932081821
-7.16278247080162e-07      1.99997445277761   0.00122932210938459   0.00112455468325767 -0.000455492421764189 -6.79792874685314e-19 -2.77378901951817e-19  8.45573190215495e-19  2.01065153150888e-18  0.000167654912729907
 0.000243907972942815   0.00122932210938459      1.88261483648487   -0.0599201232732674     0.342548557857564 -2.69560645587872e-17 -9.91163993687319e-17  1.33743428195745e-16  1.08471069592439e-15   -0.0555271380846159
 4.36495915068123e-05   0.00112455468325767   -0.0599201232732674      1.94752081722367    0.0369512070783296  3.48677464120881e-16 -3.33209668894306e-17  4.57439860535361e-16 -1.35920499033293e-15   -0.0101318431165992
 -0.00122109168357009 -0.000455492421764189     0.342548557857564    0.0369512070783296     0.131686521494285 -9.92478829389295e-16  7.07678590094703e-17  1.55692685610783e-16 -5.98517651426455e-16     0.276764063349021
 1.18510970524004e-17 -6.79792874685314e-19 -2.69560645587872e-17  3.48677464120881e-16 -9.92478829389295e-16      1.90262423464519  9.04609555456669e-16   -0.0958096648900344     0.414985856949076  1.08384731998445e-15
-1.91110131986043e-17 -2.77378901951817e-19 -9.91163993687319e-17 -3.33209668894306e-17  7.07678590094703e-17  9.04609555456669e-16      1.90262423464519     0.414985856949084    0.0958096648900325  1.94210609316694e-16
 9.40426208698521e-17  8.45573190215495e-19  1.33743428195745e-16  4.57439860535361e-16  1.55692685610783e-16   -0.0958096648900344     0.414985856949084     0.137187044640384  6.72601375925458e-17  2.64154113231258e-17
-3.48123832666781e-17  2.01065153150888e-18  1.08471069592439e-15 -1.35920499033293e-15 -5.98517651426455e-16     0.414985856949076    0.0958096648900325  6.72601375925458e-17     0.137187044640378 -4.10521919551888e-15
 0.000182642932081821  0.000167654912729907   -0.0555271380846159   -0.0101318431165992     0.276764063349021  1.08384731998445e-15  1.94210609316694e-16  2.64154113231258e-17 -4.10521919551888e-15      1.95858161889689
TOTAL ENERGY: -124.225835653471	 lambda: -9.7	 population of target: 3.99197459638531
1RDM: 
     1.99999919839624 -7.14888819544247e-07  0.000243207384811569  4.34814771906489e-05  -0.00121817693013393  1.19379160751314e-17 -1.90638485465623e-17  9.39304504572956e-17 -3.52237104497559e-17  0.000182280562306483
-7.14888819544247e-07      1.99997445097604   0.00122936805929312   0.00112463306722009 -0.000455698756109079 -6.79751402815375e-19 -2.76868731731686e-19  8.43681797906111e-19  2.00946777757573e-18  0.000167787465856893
 0.000243207384811569   0.00122936805929312       1.8826855424678   -0.0598979023364129     0.342358682375506  -2.7133622961631e-17 -9.89901154130669e-17  1.33158707596689e-16  1.08499694763259e-15   -0.0555225143652996
 4.34814771906489e-05   0.00112463306722009   -0.0598979023364129      1.94752101862833    0.0368398746134071  3.48576047135595e-16 -3.31196818626256e-17  4.56591292881617e-16 -1.35932756740068e-15   -0.0101210107351441
 -0.00121817693013393 -0.000455698756109079     0.342358682375506    0.0368398746134071     0.131661967246919 -9.92556274914379e-16  7.08091979973041e-17  1.55602684389792e-16 -5.98729792014278e-16     0.276877530406252
 1.19379160751314e-17 -6.79751402815375e-19  -2.7133622961631e-17  3.48576047135595e-16 -9.92556274914379e-16      1.90263486888297  1.01833713081289e-15   -0.0958048692503878       0.4149650853218  1.08384228533698e-15
-1.90638485465623e-17 -2.76868731731686e-19 -9.89901154130669e-17 -3.31196818626256e-17  7.08091979973041e-17  1.01833713081289e-15      1.90263486888297      0.41496508532181    0.0958048692503856  1.94303537564524e-16
 9.39304504572956e-17  8.43681797906111e-19  1.33158707596689e-16  4.56591292881617e-16  1.55602684389792e-16   -0.0958048692503878      0.41496508532181     0.137170075279034  1.06238987836317e-16  2.59089278403352e-17
-3.52237104497559e-17  2.00946777757573e-18  1.08499694763259e-15 -1.35932756740068e-15 -5.98729792014278e-16       0.4149650853218    0.0958048692503856  1.06238987836317e-16     0.137170075279028  -4.1051833012787e-15
 0.000182280562306483  0.000167787465856893   -0.0555225143652996   -0.0101210107351441     0.276877530406252  1.08384228533698e-15  1.94303537564524e-16  2.59089278403352e-17  -4.1051833012787e-15      1.95854793396069
TOTAL ENERGY: -124.225878644519	 lambda: -9.65	 population of target: 3.99197903993241
1RDM: 
     1.99999920224296 -7.13494355448125e-07  0.000242505414604933  4.33137355303238e-05  -0.00121525341395906  1.20254047574982e-17 -1.90164384523905e-17  9.38179441976266e-17 -3.56381778631378e-17  0.000181917560723161
-7.13494355448125e-07      1.99997444917547   0.00122941353326781   0.00112471175195565 -0.000455905029187037 -6.80341328694139e-19 -2.76753946708885e-19  8.42803066395093e-19  2.01129131422594e-18  0.000167921236282845
 0.000242505414604933   0.00122941353326781      1.88275640381239   -0.0598757775640393     0.342168306780963 -2.75223870744221e-17 -9.89448877500443e-17  1.32714515845922e-16    1.086263245268e-15   -0.0555181169068064
 4.33137355303238e-05   0.00112471175195565   -0.0598757775640393      1.94752116387524    0.0367289831896416  3.48460245845351e-16 -3.29752454856036e-17  4.55973538489175e-16 -1.35933006045558e-15   -0.0101103013016822
 -0.00121525341395906 -0.000455905029187037     0.342168306780963    0.0367289831896416     0.131637786820842 -9.92643867990194e-16  7.08515924503024e-17  1.55500407091807e-16 -5.98885914630689e-16     0.276992496307663
 1.20254047574982e-17 -6.80341328694139e-19 -2.75223870744221e-17  3.48460245845351e-16 -9.92643867990194e-16      1.90264564324686     1.02263734073e-15   -0.0958000079290831     0.414944029205317  1.08383030001626e-15
-1.90164384523905e-17 -2.76753946708885e-19 -9.89448877500443e-17 -3.29752454856036e-17  7.08515924503024e-17     1.02263734073e-15      1.90264564324686     0.414944029205325    0.0958000079290805  1.94391353174732e-16
 9.38179441976266e-17  8.42803066395093e-19  1.32714515845922e-16  4.55973538489175e-16  1.55500407091807e-16   -0.0958000079290831     0.414944029205325     0.137152965798845 -5.65564143565177e-17   2.5416092841035e-17
-3.56381778631378e-17  2.01129131422594e-18    1.086263245268e-15 -1.35933006045558e-15 -5.98885914630689e-16     0.414944029205317    0.0958000079290805 -5.65564143565177e-17     0.137152965798841  -4.1051136914766e-15
 0.000181917560723161  0.000167921236282845   -0.0555181169068064   -0.0101103013016822     0.276992496307663  1.08383030001626e-15  1.94391353174732e-16   2.5416092841035e-17  -4.1051136914766e-15       1.9585137759817
TOTAL ENERGY: -124.225922046391	 lambda: -9.6	 population of target: 3.99198354924659
1RDM: 
     1.99999920609169  -7.1209486030822e-07  0.000241802060361774  4.31463707054629e-05  -0.00121232112644293  1.21127952055889e-17 -1.89689164473559e-17    9.370491808664e-17   -3.605240640996e-17  0.000181553937084452
 -7.1209486030822e-07      1.99997444737606   0.00122945852326996   0.00112479074124884 -0.000456111247184003 -6.80404367258557e-19 -2.76306851121969e-19  8.41072692897006e-19  2.01058474573918e-18   0.00016805624817834
 0.000241802060361774   0.00122945852326996      1.88282742342652   -0.0598537504226928      0.34197742198269 -2.77052225633861e-17 -9.88290591590657e-17  1.32169688173377e-16  1.08658513804775e-15   -0.0555139501105494
 4.31463707054629e-05   0.00112479074124884   -0.0598537504226928       1.9475212519882    0.0366185395081824  3.48329599788613e-16 -3.27852649163252e-17   4.5514449256511e-16  -1.3593149673796e-15   -0.0100997170025323
 -0.00121232112644293 -0.000456111247184003      0.34197742198269    0.0366185395081824     0.131613983071857 -9.92720512065003e-16  7.08937077805083e-17  1.55411376765571e-16 -5.99112597368292e-16     0.277108990919296
 1.21127952055889e-17 -6.80404367258557e-19 -2.77052225633861e-17  3.48329599788613e-16 -9.92720512065003e-16      1.90265656053557   1.1653669033156e-15   -0.0957950795460538     0.414922682619489  1.08382309245531e-15
-1.89689164473559e-17 -2.76306851121969e-19 -9.88290591590657e-17 -3.27852649163252e-17  7.08937077805083e-17   1.1653669033156e-15      1.90265656053557     0.414922682619497    0.0957950795460508  1.94485275556055e-16
   9.370491808664e-17  8.41072692897006e-19  1.32169688173377e-16   4.5514449256511e-16  1.55411376765571e-16   -0.0957950795460538     0.414922682619497      0.13713571582195 -1.90398819558449e-16  2.49002544693668e-17
  -3.605240640996e-17  2.01058474573918e-18  1.08658513804775e-15  -1.3593149673796e-15 -5.99112597368292e-16     0.414922682619489    0.0957950795460508 -1.90398819558449e-16     0.137135715821943 -4.10506615956421e-15
 0.000181553937084452   0.00016805624817834   -0.0555139501105494   -0.0100997170025323     0.277108990919296  1.08382309245531e-15  1.94485275556055e-16  2.49002544693668e-17 -4.10506615956421e-15      1.95847913533068
TOTAL ENERGY: -124.225965868333	 lambda: -9.55	 population of target: 3.99198812598044
1RDM: 
     1.99999920994234  -7.1069031570435e-07  0.000241097319805976  4.29793881647311e-05    -0.001209380047758   1.2200539144246e-17 -1.89212147681901e-17  9.35915277796796e-17 -3.64683758533107e-17  0.000181189699277525
 -7.1069031570435e-07      1.99997444557771   0.00122950302719024    0.0011248700500148   -0.0004563173847502 -6.80317247772405e-19 -2.75766980387529e-19   8.3910471966843e-19  2.00918949281213e-18  0.000168192521702895
 0.000241097319805976   0.00122950302719024      1.88289860352162   -0.0598318227545085     0.341786020625744 -2.78819486162858e-17 -9.87000236647261e-17  1.31574372573019e-16  1.08686584889669e-15   -0.0555100186016328
 4.29793881647311e-05    0.0011248700500148   -0.0598318227545085      1.94752128206065    0.0365085530288855  3.48241870569156e-16  -3.2577537762305e-17   4.5428146928387e-16 -1.35950248925122e-15   -0.0100892603958614
   -0.001209380047758   -0.0004563173847502     0.341786020625744    0.0365085530288855     0.131590566420882 -9.92799693415768e-16  7.09359493498926e-17   1.5532015557914e-16  -5.9933238695344e-16     0.277227043102215
  1.2200539144246e-17 -6.80317247772405e-19 -2.78819486162858e-17  3.48241870569156e-16 -9.92799693415768e-16      1.90266762346352  1.12093362621132e-15   -0.0957900828504331     0.414901040145297  1.08381869394604e-15
-1.89212147681901e-17 -2.75766980387529e-19 -9.87000236647261e-17  -3.2577537762305e-17  7.09359493498926e-17  1.12093362621132e-15      1.90266762346351     0.414901040145304    0.0957900828504302   1.9458170594277e-16
 9.35915277796796e-17   8.3910471966843e-19  1.31574372573019e-16   4.5428146928387e-16   1.5532015557914e-16   -0.0957900828504331     0.414901040145304     0.137118321529112   -1.817843687346e-16  2.43750374863942e-17
-3.64683758533107e-17  2.00918949281213e-18  1.08686584889669e-15 -1.35950248925122e-15  -5.9933238695344e-16     0.414901040145297    0.0957900828504302   -1.817843687346e-16     0.137118321529106 -4.10503186577136e-15
 0.000181189699277525  0.000168192521702895   -0.0555100186016328   -0.0100892603958614     0.277227043102215  1.08381869394604e-15   1.9458170594277e-16  2.43750374863942e-17 -4.10503186577136e-15      1.95844400249161
TOTAL ENERGY: -124.22601011992	 lambda: -9.5	 population of target: 3.99199277184701
1RDM: 
     1.99999921379485 -7.09280710503988e-07  0.000240391190617904  4.28127925314886e-05  -0.00120643016457545  1.22885999033846e-17 -1.88733321897908e-17  9.34777332934491e-17 -3.68859342581258e-17  0.000180824856563945
-7.09280710503988e-07      1.99997444378045   0.00122954702665511   0.00112494967472857 -0.000456523433949474 -6.80192633604135e-19 -2.75203154150344e-19  8.37074857827097e-19  2.00762150346014e-18  0.000168330078619731
 0.000240391190617904   0.00122954702665511      1.88296994791476     -0.05980999507433     0.341594094506165 -2.80570847901746e-17 -9.85679836423811e-17  1.30967851300056e-16   1.0871366819991e-15   -0.0555063269754081
 4.28127925314886e-05   0.00112494967472857     -0.05980999507433      1.94752125433769    0.0363990324275986  3.48164573944715e-16 -3.23650937140372e-17  4.53408358827884e-16 -1.35973958155739e-15   -0.0100789338666807
 -0.00120643016457545 -0.000456523433949474     0.341594094506165    0.0363990324275986     0.131567543960219 -9.92879704827701e-16  7.09784896192388e-17  1.55228241208828e-16 -5.99553743823246e-16     0.277346683252264
 1.22885999033846e-17 -6.80192633604135e-19 -2.80570847901746e-17  3.48164573944715e-16 -9.92879704827701e-16      1.90267883484765  1.21187414450842e-15     -0.09578501652983     0.414879096100028  1.08381491208051e-15
-1.88733321897908e-17 -2.75203154150344e-19 -9.85679836423811e-17 -3.23650937140372e-17  7.09784896192388e-17  1.21187414450842e-15      1.90267883484765     0.414879096100037    0.0957850165298269  1.94679563073201e-16
 9.34777332934491e-17  8.37074857827097e-19  1.30967851300056e-16  4.53408358827884e-16  1.55228241208828e-16     -0.09578501652983     0.414879096100037     0.137100779485018 -1.64516869017388e-16  2.38428153778489e-17
-3.68859342581258e-17  2.00762150346014e-18   1.0871366819991e-15 -1.35973958155739e-15 -5.99553743823246e-16     0.414879096100028    0.0957850165298269 -1.64516869017388e-16     0.137100779485015 -4.10500007230649e-15
 0.000180824856563945  0.000168330078619731   -0.0555063269754081   -0.0100789338666807     0.277346683252264  1.08381491208051e-15  1.94679563073201e-16  2.38428153778489e-17 -4.10500007230649e-15       1.9584083675467
TOTAL ENERGY: -124.226054810978	 lambda: -9.45	 population of target: 3.99199748861294
1RDM: 
     1.99999921764916 -7.07866036970853e-07  0.000239683670637724  4.26465886241107e-05  -0.00120347146395238  1.23769596163393e-17 -1.88252677948399e-17  9.33635143706312e-17 -3.73050089157787e-17  0.000180459418564251
-7.07866036970853e-07      1.99997444198433   0.00122959050992694   0.00112502961865777 -0.000456729386799405 -6.80081380306111e-19 -2.74646534239189e-19  8.35062813555633e-19  2.00611329479136e-18  0.000168468941944184
 0.000239683670637724   0.00122959050992694      1.88304145992845   -0.0597882685024354     0.341401635054449 -2.82320582528503e-17 -9.84374863613735e-17  1.30368215258822e-16  1.08740915644854e-15   -0.0555028799789653
 4.26465886241107e-05   0.00112502961865777   -0.0597882685024354      1.94752116845438    0.0362899863616079  3.48082526094923e-16 -3.21538763885165e-17  4.52535699192936e-16 -1.35995483535513e-15   -0.0100687398855576
 -0.00120347146395238 -0.000456729386799405     0.341401635054449    0.0362899863616079     0.131544922727997 -9.92959722363537e-16  7.10214166228986e-17   1.5513634975954e-16 -5.99780872539882e-16     0.277467942579737
 1.23769596163393e-17 -6.80081380306111e-19 -2.82320582528503e-17  3.48082526094923e-16 -9.92959722363537e-16       1.9026901976096  1.01762359437576e-15   -0.0957798792042656     0.414856844507356  1.08381073628761e-15
-1.88252677948399e-17 -2.74646534239189e-19 -9.84374863613735e-17 -3.21538763885165e-17  7.10214166228986e-17  1.01762359437576e-15       1.9026901976096     0.414856844507362    0.0957798792042625  1.94778366248311e-16
 9.33635143706312e-17  8.35062813555633e-19  1.30368215258822e-16  4.52535699192936e-16   1.5513634975954e-16   -0.0957798792042656     0.414856844507362     0.137083086866196 -3.05868909143364e-16  2.33045879469001e-17
-3.73050089157787e-17  2.00611329479136e-18  1.08740915644854e-15 -1.35995483535513e-15 -5.99780872539882e-16     0.414856844507356    0.0957798792042625 -3.05868909143364e-16     0.137083086866193 -4.10496581433475e-15
 0.000180459418564251  0.000168468941944184   -0.0555028799789653   -0.0100687398855576     0.277467942579737  1.08381073628761e-15  1.94778366248311e-16  2.33045879469001e-17 -4.10496581433475e-15      1.95837222030412
TOTAL ENERGY: -124.226099951598	 lambda: -9.4	 population of target: 3.99200227810116
1RDM: 
      1.9999992215052 -7.06446287945857e-07    0.0002389747579014  4.24807814845853e-05  -0.00120050393336958  1.24656199831949e-17 -1.87770202960361e-17  9.32488683599097e-17 -3.77256102825111e-17  0.000180093395253413
-7.06446287945857e-07      1.99997444018933   0.00122963346790472   0.00112510988829577 -0.000456935233231584 -6.79987776120913e-19 -2.74099813018552e-19  8.33075516740679e-19  2.00468487992844e-18  0.000168609135325902
   0.0002389747579014   0.00122963346790472      1.88311314268213   -0.0597666444517519     0.341208633516682 -2.84076403118127e-17 -9.83089992747954e-17  1.29776716793757e-16  1.08768707967363e-15   -0.0554996825076343
 4.24807814845853e-05   0.00112510988829577   -0.0597666444517519      1.94752102378256    0.0361814237326949  3.47995074385881e-16 -3.19443184130968e-17  4.51664707676921e-16 -1.36014498907627e-15   -0.0100586810159286
 -0.00120050393336958 -0.000456935233231584     0.341208633516682    0.0361814237326949     0.131522710222137 -9.93039785328277e-16  7.10647297813004e-17  1.55044488987512e-16  -6.0001368042611e-16     0.277590853050037
 1.24656199831949e-17 -6.79987776120913e-19 -2.84076403118127e-17  3.47995074385881e-16 -9.93039785328277e-16       1.9027017147579  1.20607816786952e-15   -0.0957746694492376     0.414834279197618  1.08380610381019e-15
-1.87770202960361e-17 -2.74099813018552e-19 -9.83089992747954e-17 -3.19443184130968e-17  7.10647297813004e-17  1.20607816786952e-15      1.90270171475789     0.414834279197626    0.0957746694492344  1.94878096018925e-16
 9.32488683599097e-17  8.33075516740679e-19  1.29776716793757e-16  4.51664707676921e-16  1.55044488987512e-16   -0.0957746694492376     0.414834279197626     0.137065240898477 -1.80465969704275e-16  2.27603435290023e-17
-3.77256102825111e-17  2.00468487992844e-18  1.08768707967363e-15 -1.36014498907627e-15  -6.0001368042611e-16     0.414834279197618    0.0957746694492344 -1.80465969704275e-16     0.137065240898471 -4.10492877093311e-15
 0.000180093395253413  0.000168609135325902   -0.0554996825076343   -0.0100586810159286     0.277590853050037  1.08380610381019e-15  1.94878096018925e-16  2.27603435290023e-17 -4.10492877093311e-15      1.95833555030594
TOTAL ENERGY: -124.226145552156	 lambda: -9.35	 population of target: 3.99200714219412
1RDM: 
      1.9999992253629 -7.05021456386359e-07  0.000238264450589424   4.2315376289124e-05    -0.001197527561055  1.25545856429269e-17 -1.87285883882717e-17  9.31337954437204e-17 -3.81477613184142e-17  0.000179726797024262
-7.05021456386359e-07      1.99997443839549   0.00122967589129473   0.00112519049041689 -0.000457140962229758 -6.79907853689722e-19  -2.7356060843624e-19  8.31106906733479e-19   2.0033184969218e-18  0.000168750682917878
 0.000238264450589424   0.00122967589129473       1.8831849993477   -0.0597451243819913     0.341015080958149 -2.85843137665659e-17 -9.81822470498315e-17  1.29191706702054e-16   1.0879721477878e-15   -0.0554967395904218
  4.2315376289124e-05   0.00112519049041689   -0.0597451243819913      1.94752081967187      0.03607335369603   3.4790396722259e-16 -3.17358927769836e-17   4.5079484882335e-16 -1.36031809628124e-15   -0.0100487598932412
   -0.001197527561055 -0.000457140962229758     0.341015080958149      0.03607335369603     0.131500914282147 -9.93120053624107e-16  7.11084191517804e-17  1.54952548409981e-16 -6.00251475531865e-16     0.277715447452126
 1.25545856429269e-17 -6.79907853689722e-19 -2.85843137665659e-17   3.4790396722259e-16 -9.93120053624107e-16      1.90271338938204  1.04165426694915e-15   -0.0957693858030949     0.414811393839886  1.08380111262416e-15
-1.87285883882717e-17  -2.7356060843624e-19 -9.81822470498315e-17 -3.17358927769836e-17  7.11084191517804e-17  1.04165426694915e-15      1.90271338938203     0.414811393839894    0.0957693858030923  1.94978814270733e-16
 9.31337954437204e-17  8.31106906733479e-19  1.29191706702054e-16   4.5079484882335e-16  1.54952548409981e-16   -0.0957693858030949     0.414811393839894     0.137047238682203 -1.39455261825423e-16  2.22098846189359e-17
-3.81477613184142e-17   2.0033184969218e-18   1.0879721477878e-15 -1.36031809628124e-15 -6.00251475531865e-16     0.414811393839886    0.0957693858030923 -1.39455261825423e-16     0.137047238682199 -4.10488940962974e-15
 0.000179726797024262  0.000168750682917878   -0.0554967395904218   -0.0100487598932412     0.277715447452126  1.08380111262416e-15  1.94978814270733e-16  2.22098846189359e-17 -4.10488940962974e-15      1.95829834681149
TOTAL ENERGY: -124.226191623319	 lambda: -9.3	 population of target: 3.99201208283621
1RDM: 
     1.99999922922217 -7.03591535540778e-07  0.000237552747002999  4.21503783200461e-05  -0.00119454233605442  1.26438600452479e-17 -1.86799708749267e-17  9.30182951345325e-17 -3.85714799036782e-17   0.00017935963471056
-7.03591535540778e-07       1.9999744366028   0.00122971777022163    0.0011252714316177 -0.000457346562361921 -6.79837938250863e-19 -2.73026695219233e-19  8.29151318813493e-19  2.00199751647867e-18  0.000168893609429628
 0.000237552747002999   0.00122971777022163      1.88325703319816   -0.0597237097585634     0.340820968240178 -2.87622289869143e-17 -9.80569420152585e-17  1.28611807645658e-16  1.08826465377734e-15   -0.0554940563893332
 4.21503783200461e-05    0.0011252714316177   -0.0597237097585634      1.94752055548615    0.0359657856407645  3.47810538972132e-16 -3.15281408714479e-17  4.49925469758191e-16  -1.3604803619491e-15   -0.0100389792199919
 -0.00119454233605442 -0.000457346562361921     0.340820968240178    0.0359657856407645     0.131479543011685 -9.93200630580357e-16  7.11524837225812e-17  1.54860442256103e-16 -6.00493860798611e-16     0.277841759444404
 1.26438600452479e-17 -6.79837938250863e-19 -2.87622289869143e-17  3.47810538972132e-16 -9.93200630580357e-16      1.90272522465277  1.05468566870779e-15   -0.0957640267667668     0.414788181940951  1.08379584184454e-15
-1.86799708749267e-17 -2.73026695219233e-19 -9.80569420152585e-17 -3.15281408714479e-17  7.11524837225812e-17  1.05468566870779e-15      1.90272522465276     0.414788181940959     0.095764026766764  1.95080578970453e-16
 9.30182951345325e-17  8.29151318813493e-19  1.28611807645658e-16  4.49925469758191e-16  1.54860442256103e-16   -0.0957640267667668     0.414788181940959     0.137029077194571  -1.0876876229031e-16  2.16530098615642e-17
-3.85714799036782e-17  2.00199751647867e-18  1.08826465377734e-15  -1.3604803619491e-15 -6.00493860798611e-16     0.414788181940951     0.095764026766764  -1.0876876229031e-16      0.13702907719457 -4.10484810506917e-15
  0.00017935963471056  0.000168893609429628   -0.0554940563893332   -0.0100389792199919     0.277841759444404  1.08379584184454e-15  1.95080578970453e-16  2.16530098615642e-17 -4.10484810506917e-15      1.95826059878438
TOTAL ENERGY: -124.226238176068	 lambda: -9.25	 population of target: 3.99201710203619
1RDM: 
     1.99999923308296 -7.02156519079211e-07  0.000236839645563961  4.19857929646977e-05  -0.00119154824826021  1.27334455896857e-17 -1.86311666262271e-17   9.2902366234124e-17 -3.89967794703714e-17  0.000178991919601284
-7.02156519079211e-07       1.9999744348113   0.00122975909431582   0.00112535271839144 -0.000457552021899541 -6.79775355020665e-19 -2.72496446843116e-19  8.27204616169923e-19   2.0007097535543e-18  0.000169037940178219
 0.000236839645563961   0.00122975909431582      1.88332924760603   -0.0597024020580906      0.34062628600804 -2.89413530438136e-17 -9.79328616040861e-17   1.2803610036126e-16   1.0885642049079e-15    -0.055491638203531
 4.19857929646977e-05   0.00112535271839144   -0.0597024020580906      1.94752023059703    0.0358587291864612  3.47715623924375e-16 -3.13207418853814e-17  4.49056014261195e-16 -1.36063570002198e-15   -0.0100293417672338
 -0.00119154824826021 -0.000457552021899541      0.34062628600804    0.0358587291864612     0.131458604758999  -9.9328157236057e-16  7.11969288436907e-17  1.54768112828996e-16 -6.00740684555644e-16     0.277969823585921
 1.27334455896857e-17 -6.79775355020665e-19 -2.89413530438136e-17  3.47715623924375e-16  -9.9328157236057e-16      1.90273722382419  9.94160168800431e-16   -0.0957585908022452     0.414764636838942  1.08379034279096e-15
-1.86311666262271e-17 -2.72496446843116e-19 -9.79328616040861e-17 -3.13207418853814e-17  7.11969288436907e-17  9.94160168800431e-16      1.90273722382418      0.41476463683895    0.0957585908022428  1.95183437921726e-16
  9.2902366234124e-17  8.27204616169923e-19   1.2803610036126e-16  4.49056014261195e-16  1.54768112828996e-16   -0.0957585908022452      0.41476463683895     0.137010753306566 -7.52411923066139e-17  2.10895318766643e-17
-3.89967794703714e-17   2.0007097535543e-18   1.0885642049079e-15 -1.36063570002198e-15 -6.00740684555644e-16     0.414764636838942    0.0957585908022428 -7.52411923066139e-17     0.137010753306562 -4.10480509506472e-15
 0.000178991919601284  0.000169037940178219    -0.055491638203531   -0.0100293417672338     0.277969823585921  1.08379034279096e-15  1.95183437921726e-16  2.10895318766643e-17 -4.10480509506472e-15      1.95822229488219
TOTAL ENERGY: -124.226285221691	 lambda: -9.2	 population of target: 3.99202220186963
1RDM: 
     1.99999923694519 -7.00716401169487e-07  0.000236125144818386  4.18216257178985e-05  -0.00118854528844162   1.2823344165316e-17 -1.85821745393278e-17  9.27860071933405e-17  -3.9423671327473e-17  0.000178623663454943
-7.00716401169487e-07      1.99997443302101   0.00122979985280587   0.00112543435722488 -0.000457757328835032 -6.79717925151367e-19 -2.71968531037547e-19  8.25263409682515e-19    1.999445229723e-18  0.000169183701124124
 0.000236125144818386   0.00122979985280587      1.88340164603885   -0.0596812027767489      0.34043102467948 -2.91215660785881e-17 -9.78098156188998e-17    1.274638891283e-16  1.08887008514614e-15   -0.0554894904736771
 4.18216257178985e-05   0.00112543435722488   -0.0596812027767489       1.9475198443752    0.0357521941836089  3.47619811838424e-16 -3.11134424653241e-17  4.48185973552641e-16 -1.36078690442422e-15   -0.0100198503767795
 -0.00118854528844162 -0.000457757328835032      0.34043102467948    0.0357521941836089     0.131438108116386 -9.93362912933153e-16  7.12417626689392e-17  1.54675516943028e-16  -6.0099191287785e-16     0.278099675364971
  1.2823344165316e-17 -6.79717925151367e-19 -2.91215660785881e-17  3.47619811838424e-16 -9.93362912933153e-16      1.90274939023729  8.84466167440833e-16     -0.09575307633057     0.414740751694629  1.08378465320649e-15
-1.85821745393278e-17 -2.71968531037547e-19 -9.78098156188998e-17 -3.11134424653241e-17  7.12417626689392e-17  8.84466167440833e-16      1.90274939023729     0.414740751694636    0.0957530763305678  1.95287434325478e-16
 9.27860071933405e-17  8.25263409682515e-19    1.274638891283e-16  4.48185973552641e-16  1.54675516943028e-16     -0.09575307633057     0.414740751694636     0.136992263791235 -2.10794586577244e-17  2.05192680506838e-17
 -3.9423671327473e-17    1.999445229723e-18  1.08887008514614e-15 -1.36078690442422e-15  -6.0099191287785e-16     0.414740751694629    0.0957530763305678 -2.10794586577244e-17     0.136992263791231  -4.1047605504222e-15
 0.000178623663454943  0.000169183701124124   -0.0554894904736771   -0.0100198503767795     0.278099675364971  1.08378465320649e-15  1.95287434325478e-16  2.05192680506838e-17  -4.1047605504222e-15      1.95818342344637
TOTAL ENERGY: -124.226332771805	 lambda: -9.15	 population of target: 3.99202738448151
1RDM: 
     1.99999924080876  -6.9927117651967e-07  0.000235409243443921  4.16578821870128e-05  -0.00118553344828176  1.29135575227486e-17 -1.85329935157596e-17  9.26692163816315e-17  -3.9852166259198e-17  0.000178254878516496
 -6.9927117651967e-07      1.99997443123193   0.00122984003457954   0.00112551635467206  -0.00045796247085601 -6.79663482670687e-19 -2.71441614285375e-19  8.23324299525056e-19  1.99819400122995e-18  0.000169330918897401
 0.000235409243443921   0.00122984003457954      1.88347423205515   -0.0596601134375245     0.340235174436884 -2.93027073852471e-17 -9.76876096462296e-17  1.26894499800742e-16  1.08918140276168e-15   -0.0554876187870908
 4.16578821870128e-05   0.00112551635467206   -0.0596601134375245      1.94751939618366    0.0356461907191997  3.47523648003189e-16 -3.09059939980925e-17  4.47314814643773e-16 -1.36093657414874e-15   -0.0100105079639638
