TOTAL ENERGY: -123.95219318176	 lambda: -10	 population of target: 3.99949211251708
1RDM: 
     1.99999999400826 -3.60563918884139e-08  1.04129231151825e-05  3.28609468613103e-06 -0.000107826705275801  6.06133379634036e-19  1.75810663195543e-18  8.54735170820268e-18  9.32553330568732e-18  4.05414847589469e-06
-3.60563918884139e-08      1.99997445594922   0.00165042600225817  -0.00014215341377712 -0.000204468060832461  1.50109138008006e-20 -1.34161502800619e-20 -9.05450917132641e-20  -1.0900351372882e-19  3.27491160496505e-05
 1.04129231151825e-05   0.00165042600225817      1.87761588138092   0.00493826422795932     0.157864637134694 -2.09690688184946e-18   3.1538919811231e-18  8.98885387390306e-17  1.75920554927378e-17  -0.00758287573402268
 3.28609468613103e-06  -0.00014215341377712   0.00493826422795932      1.99711027580979    0.0621535512968341  1.65594997661661e-16   7.1198442022477e-17   1.2661436590719e-15 -1.24569436663926e-17  -0.00216866853491825
-0.000107826705275801 -0.000204468060832461     0.157864637134694    0.0621535512968341    0.0511378209717531  1.63408071211374e-16  4.94551273757977e-17  1.42569762898916e-17 -4.71211688220988e-17    0.0728084736317565
 6.06133379634036e-19  1.50109138008006e-20 -2.09690688184946e-18  1.65594997661661e-16  1.63408071211374e-16      1.95875404316977  -1.2383535888749e-16    -0.257677205653293     0.113168354897856 -3.02391838133636e-16
 1.75810663195543e-18 -1.34161502800619e-20   3.1538919811231e-18   7.1198442022477e-17  4.94551273757977e-17  -1.2383535888749e-16      1.95875404316977    -0.113168354897856    -0.257677205653292 -1.53203211879017e-16
 8.54735170820268e-18 -9.05450917132641e-20  8.98885387390306e-17   1.2661436590719e-15  1.42569762898916e-17    -0.257677205653293    -0.113168354897856    0.0796997556644278  1.51579533605399e-16 -2.26678945425874e-15
 9.32553330568732e-18  -1.0900351372882e-19  1.75920554927378e-17 -1.24569436663926e-17 -4.71211688220988e-17     0.113168354897856    -0.257677205653292  1.51579533605399e-16     0.079699755664425  -1.3087841173507e-16
 4.05414847589469e-06  3.27491160496505e-05  -0.00758287573402268  -0.00216866853491825    0.0728084736317565 -3.02391838133636e-16 -1.53203211879017e-16 -2.26678945425874e-15  -1.3087841173507e-16      1.99725397421169
TOTAL ENERGY: -123.952196292384	 lambda: -9.95	 population of target: 3.99949242436154
1RDM: 
     1.99999999401124 -3.61156077860094e-08  1.04138681068261e-05  3.28396366591279e-06 -0.000107798545846445  7.06425794935593e-19  1.84237093133052e-18  9.40532276112255e-18  9.57696131699692e-18  4.05528816427416e-06
-3.61156077860094e-08      1.99997445586141   0.00165043381314604 -0.000142164121048008 -0.000204503161741707  1.50001063039951e-20 -1.34163309291004e-20 -9.06436275506521e-20 -1.08978853334555e-19  3.27749670701668e-05
 1.04138681068261e-05   0.00165043381314604      1.87761796524696   0.00494069394299029     0.157849088269451 -2.09554346355662e-18  3.15688962476085e-18  8.98848574939765e-17  1.76205304388157e-17  -0.00758676762336192
 3.28396366591279e-06 -0.000142164121048008   0.00494069394299029      1.99711113680887    0.0621381315281068  1.65589037811925e-16  7.12362463861876e-17  1.26622004062187e-15 -1.21986802237117e-17  -0.00216917098849421
-0.000107798545846445 -0.000204503161741707     0.157849088269451    0.0621381315281068    0.0511386673592746  1.63367540702205e-16  4.94647341647817e-17  1.42112713394013e-17  -4.7113182487152e-17    0.0728465434395663
 7.06425794935593e-19  1.50001063039951e-20 -2.09554346355662e-18  1.65589037811925e-16  1.63367540702205e-16      1.95875561715734 -1.89107145529093e-17    -0.257672424826137     0.113166255176335  -3.0240009455628e-16
 1.84237093133052e-18 -1.34163309291004e-20  3.15688962476085e-18  7.12362463861876e-17  4.94647341647817e-17 -1.89107145529093e-17      1.95875561715734    -0.113166255176334    -0.257672424826136  -1.5318560368633e-16
 9.40532276112255e-18 -9.06436275506521e-20  8.98848574939765e-17  1.26622004062187e-15  1.42112713394013e-17    -0.257672424826137    -0.113166255176334    0.0796977307686615  3.59268471189285e-17 -2.26682155308057e-15
 9.57696131699692e-18 -1.08978853334555e-19  1.76205304388157e-17 -1.21986802237117e-17  -4.7113182487152e-17     0.113166255176335    -0.257672424826136  3.59268471189285e-17    0.0796977307686628  -1.3074406917633e-16
 4.05528816427416e-06  3.27749670701668e-05  -0.00758676762336192  -0.00216917098849421    0.0728465434395663  -3.0240009455628e-16  -1.5318560368633e-16 -2.26682155308057e-15  -1.3074406917633e-16      1.99725108486019
TOTAL ENERGY: -123.952199444645	 lambda: -9.9	 population of target: 3.99949274197214
1RDM: 
     1.99999999401417 -3.61753299612306e-08   1.0414879268896e-05  3.28183328192169e-06 -0.000107770817775742  8.07085311699443e-19  1.92694446781264e-18  1.02664718878372e-17   9.8293262679662e-18  4.05647059084368e-06
-3.61753299612306e-08      1.99997445577367   0.00165044160285324 -0.000142174953382461 -0.000204538206356246  1.49899150638474e-20 -1.34154275713319e-20 -9.07382039087712e-20 -1.08951455183065e-19  3.28011108969842e-05
  1.0414879268896e-05   0.00165044160285324      1.87762005296702   0.00494314618755445     0.157833524067809 -2.09411382069918e-18  3.15994113568924e-18  8.98817907811966e-17  1.76494766934721e-17  -0.00759071405286064
 3.28183328192169e-06 -0.000142174953382461   0.00494314618755445      1.99711200845342    0.0621225206315527  1.65582991126724e-16  7.12744642961321e-17  1.26629713977364e-15 -1.19375286023209e-17  -0.00216967955560465
-0.000107770817775742 -0.000204538206356246     0.157833524067809    0.0621225206315527     0.051139536724984  1.63326481069807e-16  4.94744572828371e-17  1.41646820238455e-17 -4.71051024368069e-17    0.0728850980614966
 8.07085311699443e-19  1.49899150638474e-20 -2.09411382069918e-18  1.65582991126724e-16  1.63326481069807e-16      1.95875721133583 -1.81062684522047e-16    -0.257667582132499     0.113164128339942 -3.02408448050696e-16
 1.92694446781264e-18 -1.34154275713319e-20  3.15994113568924e-18  7.12744642961321e-17  4.94744572828371e-17 -1.81062684522047e-16      1.95875721133583    -0.113164128339943    -0.257667582132497 -1.53167767377547e-16
 1.02664718878372e-17 -9.07382039087712e-20  8.98817907811966e-17  1.26629713977364e-15  1.41646820238455e-17    -0.257667582132499    -0.113164128339943    0.0796956861083197 -7.81352640318197e-17 -2.26685399855686e-15
  9.8293262679662e-18 -1.08951455183065e-19  1.76494766934721e-17 -1.19375286023209e-17 -4.71051024368069e-17     0.113164128339942    -0.257667582132497 -7.81352640318197e-17    0.0796956861083218 -1.30607998882292e-16
 4.05647059084368e-06  3.28011108969842e-05  -0.00759071405286064  -0.00216967955560465    0.0728850980614966 -3.02408448050696e-16 -1.53167767377547e-16 -2.26685399855686e-15 -1.30607998882292e-16      1.99724815717838
TOTAL ENERGY: -123.952202639398	 lambda: -9.85	 population of target: 3.99949306549389
1RDM: 
     1.99999999401706   -3.623556742918e-08  1.04159580196433e-05  3.27970366011622e-06  -0.00010774353239237  9.08113599818826e-19  2.01182874676454e-18  1.11308145354331e-17  1.00826332835074e-17  4.05769671246233e-06
  -3.623556742918e-08      1.99997445568611   0.00165044936818103  -0.00014218591241535 -0.000204573195015129  1.49849650124264e-20 -1.34129165476713e-20 -9.07967020616581e-20 -1.08926405604714e-19  3.28275526781675e-05
 1.04159580196433e-05   0.00165044936818103      1.87762214448213   0.00494562135183426     0.157817944167221 -2.09168395317452e-18  3.16344707865734e-18   8.9886152243692e-17   1.7678538293993e-17  -0.00759471603265213
 3.27970366011622e-06  -0.00014218591241535   0.00494562135183426      1.99711289092352    0.0621067153048928  1.65576754250882e-16  7.13130902354381e-17  1.26637431096994e-15 -1.16732120761226e-17  -0.00217019435666905
 -0.00010774353239237 -0.000204573195015129     0.157817944167221    0.0621067153048928    0.0511404295982092  1.63285180276774e-16  4.94844299741577e-17  1.41193765298439e-17 -4.70968851026448e-17    0.0729241467421095
 9.08113599818826e-19  1.49849650124264e-20 -2.09168395317452e-18  1.65576754250882e-16  1.63285180276774e-16      1.95875882609753 -1.96169352399651e-16    -0.257662676395062     0.113161973791719 -3.02416897319833e-16
 2.01182874676454e-18 -1.34129165476713e-20  3.16344707865734e-18  7.13130902354381e-17  4.94844299741577e-17 -1.96169352399651e-16      1.95875882609753     -0.11316197379172    -0.257662676395059 -1.53149701068929e-16
 1.11308145354331e-17 -9.07967020616581e-20   8.9886152243692e-17  1.26637431096994e-15  1.41193765298439e-17    -0.257662676395062     -0.11316197379172    0.0796936213460422 -8.99738258593647e-17 -2.26688678528166e-15
 1.00826332835074e-17 -1.08926405604714e-19   1.7678538293993e-17 -1.16732120761226e-17 -4.70968851026448e-17     0.113161973791719    -0.257662676395059 -8.99738258593647e-17    0.0796936213460464  -1.3047019856487e-16
 4.05769671246233e-06  3.28275526781675e-05  -0.00759471603265213  -0.00217019435666905    0.0729241467421095 -3.02416897319833e-16 -1.53149701068929e-16 -2.26688678528166e-15  -1.3047019856487e-16      1.99724519040581
TOTAL ENERGY: -123.95220587752	 lambda: -9.8	 population of target: 3.99949339507637
1RDM: 
      1.9999999940199 -3.62963277860657e-08    1.041710585497e-05   3.2775750034626e-06 -0.000107716703269356  1.00951299101023e-18  2.09702562166017e-18  1.19983712636732e-17  1.03368878345682e-17  4.05896758558236e-06
-3.62963277860657e-08       1.9999744555984   0.00165045711705606 -0.000142197001529742 -0.000204608125780407  1.49798666451432e-20 -1.34097374887082e-20 -9.08564444749591e-20 -1.08898231067421e-19  3.28542983639052e-05
   1.041710585497e-05   0.00165045711705606      1.87762424010878   0.00494811982845628     0.157802348454168 -2.08937650487481e-18  3.16697924644663e-18  8.98898183034827e-17  1.77083588289275e-17   -0.0075987746420481
  3.2775750034626e-06 -0.000142197001529742   0.00494811982845628      1.99711378439916    0.0620907121772628  1.65570442737346e-16  7.13521533857856e-17   1.2664523500327e-15 -1.14058854118997e-17  -0.00217071551364378
-0.000107716703269356 -0.000204608125780407     0.157802348454168    0.0620907121772628     0.051141346369791  1.63243450349339e-16  4.94945627524152e-17  1.40740393487268e-17 -4.70886136749753e-17    0.0729636990136819
 1.00951299101023e-18  1.49798666451432e-20 -2.08937650487481e-18  1.65570442737346e-16  1.63243450349339e-16      1.95876046179569 -1.06648890101816e-16     -0.25765770651108     0.113159791108027 -3.02425454871192e-16
 2.09702562166017e-18 -1.34097374887082e-20  3.16697924644663e-18  7.13521533857856e-17  4.94945627524152e-17 -1.06648890101816e-16      1.95876046179569    -0.113159791108027    -0.257657706511079 -1.53131400529059e-16
 1.19983712636732e-17 -9.08564444749591e-20  8.98898183034827e-17   1.2664523500327e-15  1.40740393487268e-17     -0.25765770651108    -0.113159791108027    0.0796915360777209 -1.21099962272829e-18 -2.26691998726877e-15
 1.03368878345682e-17 -1.08898231067421e-19  1.77083588289275e-17 -1.14058854118997e-17 -4.70886136749753e-17     0.113159791108027    -0.257657706511079 -1.21099962272829e-18    0.0796915360777232 -1.30330602386864e-16
 4.05896758558236e-06  3.28542983639052e-05   -0.0075987746420481  -0.00217071551364378    0.0729636990136819 -3.02425454871192e-16 -1.53131400529059e-16 -2.26691998726877e-15 -1.30330602386864e-16      1.99724218375717
TOTAL ENERGY: -123.952209159909	 lambda: -9.75	 population of target: 3.99949373087326
1RDM: 
     1.99999999402268 -3.63576202029285e-08  1.04183242615479e-05  3.27544745224845e-06 -0.000107690342528684  1.11128553053527e-18  2.18253707323009e-18  1.28691608789415e-17  1.05920969893051e-17  4.06028421773719e-06
-3.63576202029285e-08      1.99997445551058   0.00165046484947407 -0.000142208222679306 -0.000204642998461501  1.50019921729837e-20 -1.33945983625566e-20 -9.07918867107656e-20 -1.08878530833627e-19  3.28813527931917e-05
 1.04183242615479e-05   0.00165046484947407      1.87762633971741    0.0049506420319489     0.157786736445494 -2.08619855256405e-18  3.17028866813407e-18  8.99038318404826e-17  1.77351503459221e-17   -0.0076028908909707
 3.27544745224845e-06 -0.000142208222679306    0.0049506420319489      1.99711468906941    0.0620745077818472  1.65563463339594e-16  7.13914182020039e-17  1.26652659265401e-15 -1.11354297446484e-17  -0.00217124315169903
-0.000107690342528684 -0.000204642998461501     0.157786736445494    0.0620745077818472    0.0511422877106289  1.63202491932961e-16  4.95053559042838e-17  1.40328086545123e-17 -4.70806242232799e-17    0.0730037644512771
 1.11128553053527e-18  1.50019921729837e-20 -2.08619855256405e-18  1.65563463339594e-16  1.63202491932961e-16      1.95876211888609 -8.67976408820266e-17    -0.257652671130529     0.113157579561893 -3.02434118725575e-16
 2.18253707323009e-18 -1.33945983625566e-20  3.17028866813407e-18  7.13914182020039e-17  4.95053559042838e-17 -8.67976408820266e-17      1.95876211888609    -0.113157579561894    -0.257652671130529 -1.53112862873334e-16
 1.28691608789415e-17 -9.07918867107656e-20  8.99038318404826e-17  1.26652659265401e-15  1.40328086545123e-17    -0.257652671130529    -0.113157579561894    0.0796894298770525   8.0951186144589e-17 -2.26695333317421e-15
 1.05920969893051e-17 -1.08878530833627e-19  1.77351503459221e-17 -1.11354297446484e-17 -4.70806242232799e-17     0.113157579561893    -0.257652671130529   8.0951186144589e-17    0.0796894298770515 -1.30189185639216e-16
 4.06028421773719e-06  3.28813527931917e-05   -0.0076028908909707  -0.00217124315169903    0.0730037644512771 -3.02434118725575e-16 -1.53112862873334e-16 -2.26695333317421e-15 -1.30189185639216e-16        1.997239136443
TOTAL ENERGY: -123.952212487514	 lambda: -9.7	 population of target: 3.99949407304622
1RDM: 
      1.9999999940254 -3.64194442390785e-08  1.04196143988762e-05  3.27332134011716e-06 -0.000107664466556191  1.21343104798707e-18  2.26836340568308e-18  1.37431847321173e-17  1.08482634470485e-17  4.06164781788585e-06
-3.64194442390785e-08      1.99997445542264   0.00165047256212853 -0.000142219578874006 -0.000204677815365382  1.50561675800789e-20 -1.33709917673403e-20 -9.04995709250908e-20 -1.08875259830274e-19  3.29087224223586e-05
 1.04196143988762e-05   0.00165047256212853      1.87762844395109   0.00495318839067144     0.157771108045408 -2.07601194638705e-18  3.17683316096736e-18   8.9969744388501e-17  1.77618121230992e-17  -0.00760706595916323
 3.27332134011716e-06 -0.000142219578874006   0.00495318839067144      1.99711560511564    0.0620580986020752   1.6555571606472e-16  7.14309662657478e-17  1.26659681131847e-15 -1.08608968214222e-17  -0.00217177741263165
-0.000107664466556191 -0.000204677815365382     0.157771108045408    0.0620580986020752    0.0511432539870179  1.63161230630728e-16   4.9516424152164e-17  1.39981113401923e-17 -4.70722352783363e-17    0.0730443535356572
 1.21343104798707e-18  1.50561675800789e-20 -2.07601194638705e-18   1.6555571606472e-16  1.63161230630728e-16      1.95876379762733 -9.86725767518617e-17    -0.257647569429944     0.113155338899646 -3.02442763584564e-16
 2.26836340568308e-18 -1.33709917673403e-20  3.17683316096736e-18  7.14309662657478e-17   4.9516424152164e-17 -9.86725767518617e-17      1.95876379762733    -0.113155338899646    -0.257647569429942 -1.53094042752265e-16
 1.37431847321173e-17 -9.04995709250908e-20   8.9969744388501e-17  1.26659681131847e-15  1.39981113401923e-17    -0.257647569429944    -0.113155338899646    0.0796873023211046 -1.47013317966076e-16 -2.26698638499277e-15
 1.08482634470485e-17 -1.08875259830274e-19  1.77618121230992e-17 -1.08608968214222e-17 -4.70722352783363e-17     0.113155338899646    -0.257647569429942 -1.47013317966076e-16    0.0796873023211068 -1.30046042934924e-16
 4.06164781788585e-06  3.29087224223586e-05  -0.00760706595916323  -0.00217177741263165    0.0730443535356572 -3.02442763584564e-16 -1.53094042752265e-16 -2.26698638499277e-15 -1.30046042934924e-16      1.99723604760135
TOTAL ENERGY: -123.952215861269	 lambda: -9.65	 population of target: 3.99949442175761
1RDM: 
     1.99999999402807 -3.64818215230699e-08  1.04209781872981e-05   3.2711965228735e-06 -0.000107639081455887    1.315951576899e-18  2.35450648382532e-18  1.46204612024497e-17  1.11053936114329e-17  4.06305919370811e-06
-3.64818215230699e-08      1.99997445533492   0.00165048025005755 -0.000142231069228629 -0.000204712565879094  1.51396221673392e-20 -1.33309552714344e-20 -8.99850794845769e-20 -1.08856416445311e-19  3.29364126929533e-05
 1.04209781872981e-05   0.00165048025005755      1.87763055178445   0.00495575922450893         0.15775546277 -2.05973392965537e-18  3.18639509817907e-18  9.00824384569905e-17  1.77912299928035e-17  -0.00761130094652407
  3.2711965228735e-06 -0.000142231069228629   0.00495575922450893      1.99711653276651    0.0620414809720767   1.6554725236141e-16  7.14706361121868e-17  1.26666311758472e-15 -1.05835980726252e-17   -0.0021723184129041
-0.000107639081455887 -0.000204712565879094         0.15775546277    0.0620414809720767    0.0511442458170708  1.63120160475024e-16  4.95278853867749e-17  1.39648725903033e-17 -4.70639751283305e-17    0.0730854759934222
   1.315951576899e-18  1.51396221673392e-20 -2.05973392965537e-18   1.6554725236141e-16  1.63120160475024e-16      1.95876549872384 -1.05748473938223e-16    -0.257642399157587     0.113153068297602 -3.02451465149613e-16
 2.35450648382532e-18 -1.33309552714344e-20  3.18639509817907e-18  7.14706361121868e-17  4.95278853867749e-17 -1.05748473938223e-16      1.95876549872384    -0.113153068297603    -0.257642399157586 -1.53074936584861e-16
 1.46204612024497e-17 -8.99850794845769e-20  9.00824384569905e-17  1.26666311758472e-15  1.39648725903033e-17    -0.257642399157587    -0.113153068297603    0.0796851531984271 -1.60931544073236e-16 -2.26701929426715e-15
 1.11053936114329e-17 -1.08856416445311e-19  1.77912299928035e-17 -1.05835980726252e-17 -4.70639751283305e-17     0.113153068297602    -0.257642399157586 -1.60931544073236e-16    0.0796851531984302 -1.29900920002223e-16
 4.06305919370811e-06  3.29364126929533e-05  -0.00761130094652407   -0.0021723184129041    0.0730854759934222 -3.02451465149613e-16 -1.53074936584861e-16 -2.26701929426715e-15 -1.29900920002223e-16      1.99723291642444
TOTAL ENERGY: -123.95221928217	 lambda: -9.6	 population of target: 3.99949477717879
1RDM: 
     1.99999999403068 -3.65447536834979e-08  1.04224169851778e-05  3.26907335038413e-06  -0.00010761420468183  1.41884241367081e-18  2.44096544550891e-18  1.55009578580436e-17  1.13634953530021e-17  4.06451962220869e-06
-3.65447536834979e-08       1.9999744552471   0.00165048791820307 -0.000142242699093038 -0.000204747256092649  1.55286314655092e-20 -1.31647008442286e-20 -8.76727756109171e-20 -1.08880395545997e-19  3.29644295216081e-05
 1.04224169851778e-05   0.00165048791820307      1.87763266415878   0.00495835505845509      0.15773980053622 -2.00963671703731e-18  3.20970259942272e-18  9.04768961226783e-17  1.78133934367698e-17  -0.00761559701142161
 3.26907335038413e-06 -0.000142242699093038   0.00495835505845509      1.99711747218911    0.0620246512833425  1.65532045448833e-16  7.15080382041477e-17   1.2666792002826e-15 -1.03018442913797e-17  -0.00217286630584197
 -0.00010761420468183 -0.000204747256092649      0.15773980053622    0.0620246512833425    0.0511452638965997  1.63093444542841e-16  4.95456685316608e-17  1.40163656760854e-17 -4.70574780868758e-17    0.0731271427259271
 1.41884241367081e-18  1.55286314655092e-20 -2.00963671703731e-18  1.65532045448833e-16  1.63093444542841e-16      1.95876722242438 -2.25871149385679e-16    -0.257637159684871     0.113150767191573 -3.02460076926593e-16
 2.44096544550891e-18 -1.31647008442286e-20  3.20970259942272e-18  7.15080382041477e-17  4.95456685316608e-17 -2.25871149385679e-16      1.95876722242438    -0.113150767191574    -0.257637159684869 -1.53055496890395e-16
 1.55009578580436e-17 -8.76727756109171e-20  9.04768961226783e-17   1.2666792002826e-15  1.40163656760854e-17    -0.257637159684871    -0.113150767191574    0.0796829818072618  7.32374308207798e-17 -2.26704972565782e-15
 1.13634953530021e-17 -1.08880395545997e-19  1.78133934367698e-17 -1.03018442913797e-17 -4.70574780868758e-17     0.113150767191573    -0.257637159684869  7.32374308207798e-17    0.0796829818072579 -1.29753946551662e-16
 4.06451962220869e-06  3.29644295216081e-05  -0.00761559701142161  -0.00217286630584197    0.0731271427259271 -3.02460076926593e-16 -1.53055496890395e-16 -2.26704972565782e-15 -1.29753946551662e-16      1.99722974201446
TOTAL ENERGY: -123.952222751224	 lambda: -9.55	 population of target: 3.99949513948518
1RDM: 
     1.99999999403323 -3.66082502094448e-08   1.0423932391789e-05   3.2669519750074e-06 -0.000107589849471729  1.52208657861492e-18  2.52773414018281e-18  1.63845506549281e-17  1.16225772486611e-17  4.06603022540305e-06
-3.66082502094448e-08      1.99997445515927   0.00165049556472351 -0.000142254469814255 -0.000204781882831015  1.67382965536167e-20 -1.26616603102902e-20 -8.04070793509085e-20 -1.09024584211155e-19  3.29927791649113e-05
  1.0423932391789e-05   0.00165049556472351      1.87763478091491   0.00496097629517346     0.157724120900742 -1.85793657670716e-18  3.27475452090142e-18  9.16990566719471e-17  1.78157878219217e-17  -0.00761995535181889
  3.2669519750074e-06 -0.000142254469814255   0.00496097629517346       1.9971184236008    0.0620076057185048  1.65498926117469e-16  7.15386137149952e-17  1.26655964519487e-15 -1.00133692939716e-17  -0.00217342122936267
-0.000107589849471729 -0.000204781882831015     0.157724120900742    0.0620076057185048    0.0511463086971397  1.63098721223088e-16  4.95769612873005e-17  1.42561456789976e-17 -4.70554402446929e-17    0.0731693644970384
 1.52208657861492e-18  1.67382965536167e-20 -1.85793657670716e-18  1.65498926117469e-16  1.63098721223088e-16      1.95876896923499  -2.7643601941324e-16    -0.257631849401981     0.113148434999441 -3.02467840741157e-16
 2.52773414018281e-18 -1.26616603102902e-20  3.27475452090142e-18  7.15386137149952e-17  4.95769612873005e-17  -2.7643601941324e-16      1.95876896923499    -0.113148434999442    -0.257631849401979 -1.53035404426849e-16
 1.63845506549281e-17 -8.04070793509085e-20  9.16990566719471e-17  1.26655964519487e-15  1.42561456789976e-17    -0.257631849401981    -0.113148434999442    0.0796807878223917  1.23798489667933e-16 -2.26707039094694e-15
 1.16225772486611e-17 -1.09024584211155e-19  1.78157878219217e-17 -1.00133692939716e-17 -4.70554402446929e-17     0.113148434999441    -0.257631849401979  1.23798489667933e-16    0.0796807878223925  -1.2960526019219e-16
 4.06603022540305e-06  3.29927791649113e-05  -0.00761995535181889  -0.00217342122936267    0.0731693644970384 -3.02467840741157e-16 -1.53035404426849e-16 -2.26707039094694e-15  -1.2960526019219e-16       1.9972265234799
TOTAL ENERGY: -123.952226269471	 lambda: -9.5	 population of target: 3.99949550885809
1RDM: 
     1.99999999403571 -3.66723212886906e-08   1.0425526102085e-05  3.26483256339373e-06 -0.000107566029689245  1.62579063795578e-18  2.61485739341785e-18  1.72720458745535e-17  1.18826269129036e-17  4.06759217187774e-06
-3.66723212886906e-08      1.99997445507143   0.00165050318825607 -0.000142266383802373 -0.000204816444764355  1.55445645677767e-20 -1.31498490846633e-20 -8.75294713473577e-20 -1.08845063681396e-19  3.30214680441283e-05
  1.0425526102085e-05   0.00165050318825607      1.87763690217093   0.00496362337612906     0.157708423641877 -1.99331919042254e-18  3.22133423135697e-18  9.05626082089721e-17  1.78715035532259e-17   -0.0076243772040113
 3.26483256339373e-06 -0.000142266383802373   0.00496362337612906      1.99711938720879    0.0619903404416178  1.65517961727762e-16  7.15912461766908e-17  1.26684212248286e-15 -9.73046444493263e-18  -0.00217398333037069
-0.000107566029689245 -0.000204816444764355     0.157708423641877    0.0619903404416178    0.0511473808368891  1.63002641480729e-16  4.95668388503051e-17  1.39139641715113e-17 -4.70402196702883e-17    0.0732121524403494
 1.62579063795578e-18  1.55445645677767e-20 -1.99331919042254e-18  1.65517961727762e-16  1.63002641480729e-16      1.95877073962264  -2.7385568520601e-16    -0.257626466879093     0.113146071087821  -3.0247821384459e-16
 2.61485739341785e-18 -1.31498490846633e-20  3.22133423135697e-18  7.15912461766908e-17  4.95668388503051e-17  -2.7385568520601e-16      1.95877073962264    -0.113146071087822     -0.25762646687909 -1.53016078716063e-16
 1.72720458745535e-17 -8.75294713473577e-20  9.05626082089721e-17  1.26684212248286e-15  1.39139641715113e-17    -0.257626466879093    -0.113146071087822     0.079678570766324 -9.56760009299087e-18 -2.26711959168357e-15
 1.18826269129036e-17 -1.08845063681396e-19  1.78715035532259e-17 -9.73046444493263e-18 -4.70402196702883e-17     0.113146071087821     -0.25762646687909 -9.56760009299087e-18    0.0796785707663226 -1.29453939037349e-16
 4.06759217187774e-06  3.30214680441283e-05   -0.0076243772040113  -0.00217398333037069    0.0732121524403494  -3.0247821384459e-16 -1.53016078716063e-16 -2.26711959168357e-15 -1.29453939037349e-16      1.99722325989828
TOTAL ENERGY: -123.95222983798	 lambda: -9.45	 population of target: 3.99949588548489
1RDM: 
     1.99999999403814 -3.67369760356934e-08  1.04271997577315e-05  3.26271529469988e-06 -0.000107542759671817  1.73010911324048e-18  2.70239857512564e-18   1.8164528134963e-17  1.21436180387464e-17  4.06920666200841e-06
-3.67369760356934e-08      1.99997445498358    0.0016505107906589 -0.000142278443490804 -0.000204850941425387  1.89550879256976e-20 -1.17532345026114e-20 -8.13727405900566e-20 -1.08989828136005e-19  3.30505022639442e-05
 1.04271997577315e-05    0.0016505107906589      1.87763902790189   0.00496629676636616     0.157692708262363 -2.44402475890171e-18  3.03990444812496e-18   8.8541292173705e-17  1.79557514032571e-17  -0.00762886378988983
 3.26271529469988e-06 -0.000142278443490804   0.00496629676636616      1.99712036323159    0.0619728514514047  1.65439323848379e-16  7.16044799068445e-17  1.26629060092745e-15 -9.42261137360662e-18  -0.00217455275879063
-0.000107542759671817 -0.000204850941425387     0.157692708262363    0.0619728514514047    0.0511484809827815  1.62959236478772e-16   4.9578884919471e-17  1.35747311500981e-17 -4.70235322552532e-17    0.0732555179388498
 1.73010911324048e-18  1.89550879256976e-20 -2.44402475890171e-18  1.65439323848379e-16  1.62959236478772e-16      1.95877253406967 -2.04422003807901e-16    -0.257621010647282     0.113143674775108 -3.02481348926355e-16
 2.70239857512564e-18 -1.17532345026114e-20  3.03990444812496e-18  7.16044799068445e-17   4.9578884919471e-17 -2.04422003807901e-16      1.95877253406967    -0.113143674775109    -0.257621010647282 -1.52993483543113e-16
  1.8164528134963e-17 -8.13727405900566e-20   8.8541292173705e-17  1.26629060092745e-15  1.35747311500981e-17    -0.257621010647282    -0.113143674775109    0.0796763301983292  1.16651450825562e-17 -2.26707805948499e-15
 1.21436180387464e-17 -1.08989828136005e-19  1.79557514032571e-17 -9.42261137360662e-18 -4.70235322552532e-17     0.113143674775108    -0.257621010647282  1.16651450825562e-17    0.0796763301983259 -1.29302962278599e-16
 4.06920666200841e-06  3.30505022639442e-05  -0.00762886378988983  -0.00217455275879063    0.0732555179388498 -3.02481348926355e-16 -1.52993483543113e-16 -2.26707805948499e-15 -1.29302962278599e-16      1.99721995032603
TOTAL ENERGY: -123.952233457848	 lambda: -9.4	 population of target: 3.99949626955911
1RDM: 
     1.99999999404049 -3.68022204376206e-08  1.04289549070961e-05  3.26060040443802e-06 -0.000107520055178785  1.83429375097779e-18  2.79005366261509e-18  1.90566075314899e-17  1.24057016198965e-17  4.07087496693316e-06
-3.68022204376206e-08      1.99997445489573   0.00165051836781822 -0.000142290651635785  -0.00020488537059315  1.52029891865808e-20 -1.32798979756526e-20  -8.9581890605572e-20 -1.08748887924357e-19  3.30798889363289e-05
 1.04289549070961e-05   0.00165051836781822      1.87764115851516   0.00496899693824305     0.157676974619354 -2.02733032652746e-18  3.21252120874363e-18  9.02471518236625e-17   1.7941731647056e-17  -0.00763341643551425
 3.26060040443802e-06 -0.000142290651635785   0.00496899693824305      1.99712135189098    0.0619551346043516  1.65511199106043e-16  7.16796111118573e-17  1.26706834275439e-15 -9.14666037206878e-18  -0.00217512966165133
-0.000107520055178785  -0.00020488537059315     0.157676974619354    0.0619551346043516    0.0511496097261657  1.62904784416495e-16  4.95866865817732e-17  1.37745195848761e-17 -4.70216553321008e-17     0.073299472702999
 1.83429375097779e-18  1.52029891865808e-20 -2.02733032652746e-18  1.65511199106043e-16  1.62904784416495e-16      1.95877435302175 -1.80632018912659e-16    -0.257615479323691     0.113141245517278 -3.02497766008908e-16
 2.79005366261509e-18 -1.32798979756526e-20  3.21252120874363e-18  7.16796111118573e-17  4.95866865817732e-17 -1.80632018912659e-16      1.95877435302175    -0.113141245517279    -0.257615479323689 -1.52975968927881e-16
 1.90566075314899e-17  -8.9581890605572e-20  9.02471518236625e-17  1.26706834275439e-15  1.37745195848761e-17    -0.257615479323691    -0.113141245517279    0.0796740655490373   3.3012331878913e-18 -2.26719866988167e-15
 1.24057016198965e-17 -1.08748887924357e-19   1.7941731647056e-17 -9.14666037206878e-18 -4.70216553321008e-17     0.113141245517278    -0.257615479323689   3.3012331878913e-18    0.0796740655490361 -1.29145548079896e-16
 4.07087496693316e-06  3.30798889363289e-05  -0.00763341643551425  -0.00217512966165133     0.073299472702999 -3.02497766008908e-16 -1.52975968927881e-16 -2.26719866988167e-15 -1.29145548079896e-16      1.99721659378986
TOTAL ENERGY: -123.952237130203	 lambda: -9.35	 population of target: 3.99949666128042
1RDM: 
      1.9999999940428 -3.68680689651306e-08  1.04307936373616e-05  3.25848806877956e-06 -0.000107497931551926  1.93913776458931e-18  2.87814699373406e-18  1.99540197450128e-17  1.26687308179674e-17   4.0725983693516e-06
-3.68680689651306e-08      1.99997445480777   0.00165052592692447 -0.000142303010963597 -0.000204919731803179  1.49785013739843e-20 -1.33669214331171e-20 -9.12081879872314e-20 -1.08683738008354e-19   3.3109634264724e-05
 1.04307936373616e-05   0.00165052592692447      1.87764329363409   0.00497172437276442     0.157661222228343 -2.06512973745927e-18  3.19976337130917e-18  8.99489812469314e-17  1.79815631722938e-17  -0.00763803641673751
 3.25848806877956e-06 -0.000142303010963597   0.00497172437276442      1.99712235340495      0.06193718589222  1.65508971583226e-16  7.17251126186508e-17  1.26719061838634e-15 -8.84946717011872e-18   -0.0021757142063158
-0.000107497931551926 -0.000204919731803179     0.157661222228343      0.06193718589222    0.0511507677700618  1.62843566205623e-16  4.95922837990663e-17  1.36398616487065e-17 -4.70101119171071e-17    0.0733440287473245
 1.93913776458931e-18  1.49785013739843e-20 -2.06512973745927e-18  1.65508971583226e-16  1.62843566205623e-16      1.95877619703831  4.23838271213976e-17    -0.257609871207662     0.113138782485261 -3.02507369309246e-16
 2.87814699373406e-18 -1.33669214331171e-20  3.19976337130917e-18  7.17251126186508e-17  4.95922837990663e-17  4.23838271213976e-17      1.95877619703831    -0.113138782485261    -0.257609871207663 -1.52955356555697e-16
 1.99540197450128e-17 -9.12081879872314e-20  8.99489812469314e-17  1.26719061838634e-15  1.36398616487065e-17    -0.257609871207662    -0.113138782485261    0.0796717764857445   5.2066974481304e-17 -2.26723680518681e-15
 1.26687308179674e-17 -1.08683738008354e-19  1.79815631722938e-17 -8.84946717011872e-18 -4.70101119171071e-17     0.113138782485261    -0.257609871207663   5.2066974481304e-17    0.0796717764857452 -1.28988264078374e-16
  4.0725983693516e-06   3.3109634264724e-05  -0.00763803641673751   -0.0021757142063158    0.0733440287473245 -3.02507369309246e-16 -1.52955356555697e-16 -2.26723680518681e-15 -1.28988264078374e-16      1.99721318929225
TOTAL ENERGY: -123.95224085622	 lambda: -9.3	 population of target: 3.99949706085692
1RDM: 
     1.99999999404502 -3.69345281141438e-08  1.04327175497019e-05  3.25637851135834e-06 -0.000107476404783945  2.04436180795415e-18  2.96656567917788e-18   2.0854746755666e-17    1.293276628833e-17   4.0743781985287e-06
-3.69345281141438e-08      1.99997445471979   0.00165053346127084 -0.000142315523922473 -0.000204954023107163  1.49010761182879e-20 -1.33940995380728e-20 -9.17046247481358e-20 -1.08650161187795e-19  3.31397458619765e-05
 1.04327175497019e-05   0.00165053346127084      1.87764543367186   0.00497447956015834     0.157645450887984 -2.07058365239292e-18  3.20013243457049e-18  8.98864426652809e-17   1.8014958902168e-17  -0.00764272515129686
 3.25637851135834e-06 -0.000142315523922473   0.00497447956015834      1.99712336801164    0.0619190009120505  1.65503393214481e-16  7.17698268325857e-17  1.26729071319471e-15 -8.54791865792836e-18  -0.00217630655032221
-0.000107476404783945 -0.000204954023107163     0.157645450887984    0.0619190009120505    0.0511519557480078  1.62791675055354e-16  4.96020959563236e-17  1.35645026389985e-17   -4.700008471713e-17    0.0733891985813842
 2.04436180795415e-18  1.49010761182879e-20 -2.07058365239292e-18  1.65503393214481e-16  1.62791675055354e-16      1.95877806659643 -1.59269295590744e-16    -0.257604184821508     0.113136285088716 -3.02517070442022e-16
 2.96656567917788e-18 -1.33940995380728e-20  3.20013243457049e-18  7.17698268325857e-17  4.96020959563236e-17 -1.59269295590744e-16      1.95877806659643    -0.113136285088717    -0.257604184821506 -1.52934448320093e-16
  2.0854746755666e-17 -9.17046247481358e-20  8.98864426652809e-17  1.26729071319471e-15  1.35645026389985e-17    -0.257604184821508    -0.113136285088717    0.0796694624093437 -4.98483784677424e-17 -2.26727476722096e-15
   1.293276628833e-17 -1.08650161187795e-19   1.8014958902168e-17 -8.54791865792836e-18   -4.700008471713e-17     0.113136285088716    -0.257604184821506 -4.98483784677424e-17    0.0796694624093469 -1.28828829476144e-16
  4.0743781985287e-06  3.31397458619765e-05  -0.00764272515129686  -0.00217630655032221    0.0733891985813842 -3.02517070442022e-16 -1.52934448320093e-16 -2.26727476722096e-15 -1.28828829476144e-16      1.99720973579215
TOTAL ENERGY: -123.952244637095	 lambda: -9.25	 population of target: 3.99949746850205
1RDM: 
     1.99999999404717 -3.70016114672224e-08   1.0434728579992e-05  3.25427185907457e-06 -0.000107455489042299  2.14997835206703e-18   3.0553156972142e-18   2.1758884560214e-17   1.3197811564082e-17   4.0762157321009e-06
-3.70016114672224e-08      1.99997445463188   0.00165054096880018  -0.00014232819287118 -0.000204988242203203  1.48558834560698e-20 -1.34078235876825e-20 -9.20025176029443e-20 -1.08620461473836e-19  3.31702308386186e-05
  1.0434728579992e-05   0.00165054096880018      1.87764757859474   0.00497726299568869     0.157629660181772 -2.07202629408057e-18  3.20219398048763e-18  8.98563819713577e-17  1.80480797138217e-17  -0.00764748403069782
 3.25427185907457e-06  -0.00014232819287118   0.00497726299568869      1.99712439594386    0.0619005753751364  1.65497012389529e-16  7.18147958716732e-17  1.26738655720116e-15  -8.2424712782474e-18  -0.00217690686188337
-0.000107455489042299 -0.000204988242203203     0.157629660181772    0.0619005753751364    0.0511531744496747  1.62741067602923e-16   4.9612852637925e-17  1.34988503090465e-17 -4.69902225111087e-17    0.0734349948506913
 2.14997835206703e-18  1.48558834560698e-20 -2.07202629408057e-18  1.65497012389529e-16  1.62741067602923e-16      1.95877996225375 -6.27538547734752e-17    -0.257598418456294     0.113133752566119 -3.02526896561577e-16
  3.0553156972142e-18 -1.34078235876825e-20  3.20219398048763e-18  7.18147958716732e-17   4.9612852637925e-17 -6.27538547734752e-17      1.95877996225375     -0.11313375256612    -0.257598418456294 -1.52913246650773e-16
  2.1758884560214e-17 -9.20025176029443e-20  8.98563819713577e-17  1.26738655720116e-15  1.34988503090465e-17    -0.257598418456294     -0.11313375256612    0.0796671227948325 -6.86823831202175e-17 -2.26731300695282e-15
  1.3197811564082e-17 -1.08620461473836e-19  1.80480797138217e-17  -8.2424712782474e-18 -4.69902225111087e-17     0.113133752566119    -0.257598418456294 -6.86823831202175e-17    0.0796671227948302 -1.28667177776497e-16
  4.0762157321009e-06  3.31702308386186e-05  -0.00764748403069782  -0.00217690686188337    0.0734349948506913 -3.02526896561577e-16 -1.52913246650773e-16 -2.26731300695282e-15 -1.28667177776497e-16      1.99720623223547
TOTAL ENERGY: -123.95224847406	 lambda: -9.2	 population of target: 3.99949788443699
1RDM: 
     1.99999999404926 -3.70693278166249e-08  1.04368285414889e-05  3.25216834469122e-06 -0.000107435201160233  2.25599036376321e-18  3.14439920353972e-18  2.26664590221948e-17  1.34638723877752e-17  4.07811236815974e-06
-3.70693278166249e-08      1.99997445454402   0.00165054844976193 -0.000142341020782424 -0.000205022387575536  1.48244903957021e-20 -1.34156589850045e-20 -9.22204971945126e-20 -1.08591530683279e-19  3.32010962954107e-05
 1.04368285414889e-05   0.00165054844976193      1.87764972857421   0.00498007519255467     0.157613849778694 -2.07205577095974e-18  3.20489745222758e-18  8.98383525225159e-17   1.8081512997678e-17   -0.0076523144725334
 3.25216834469122e-06 -0.000142341020782424   0.00498007519255467      1.99712543744041    0.0618819048398993  1.65490232310766e-16  7.18601963703788e-17  1.26748119270014e-15 -7.93312481765209e-18  -0.00217751531598735
-0.000107435201160233 -0.000205022387575536     0.157613849778694    0.0618819048398993    0.0511544245650895  1.62690596853636e-16  4.96240966925659e-17   1.3436757246095e-17 -4.69803478383971e-17     0.073481430625504
 2.25599036376321e-18  1.48244903957021e-20 -2.07205577095974e-18  1.65490232310766e-16  1.62690596853636e-16      1.95878188455409 -1.76577872327117e-16    -0.257592570440355     0.113131184192535 -3.02536850870597e-16
 3.14439920353972e-18 -1.34156589850045e-20  3.20489745222758e-18  7.18601963703788e-17  4.96240966925659e-17 -1.76577872327117e-16      1.95878188455409    -0.113131184192535    -0.257592570440352 -1.52891745891773e-16
 2.26664590221948e-17 -9.22204971945126e-20  8.98383525225159e-17  1.26748119270014e-15   1.3436757246095e-17    -0.257592570440355    -0.113131184192535    0.0796647570929997 -2.03310614589943e-16  -2.2673516406541e-15
 1.34638723877752e-17 -1.08591530683279e-19   1.8081512997678e-17 -7.93312481765209e-18 -4.69803478383971e-17     0.113131184192535    -0.257592570440352 -2.03310614589943e-16    0.0796647570929995 -1.28503261089669e-16
 4.07811236815974e-06  3.32010962954107e-05   -0.0076523144725334  -0.00217751531598735     0.073481430625504 -3.02536850870597e-16 -1.52891745891773e-16  -2.2673516406541e-15 -1.28503261089669e-16      1.99720267753284
TOTAL ENERGY: -123.952252368391	 lambda: -9.15	 population of target: 3.99949830889111
1RDM: 
     1.99999999405127 -3.71376846392587e-08  1.04390192116576e-05  3.25006822613589e-06 -0.000107415558757763  2.36240042209717e-18  3.23381817376265e-18  2.35774930189284e-17  1.37309544582977e-17  4.08006955978917e-06
-3.71376846392587e-08      1.99997445445618   0.00165055590350202 -0.000142354010614188  -0.00020505645784285  1.48016867373407e-20 -1.34200487349744e-20 -9.23996970326521e-20 -1.08562596555651e-19   3.3232349762803e-05
 1.04390192116576e-05   0.00165055590350202      1.87765188377561   0.00498291668186547     0.157598019298085 -2.07182800635272e-18  3.20782511376653e-18  8.98240660699367e-17  1.81157062273452e-17   -0.0076572179532882
 3.25006822613589e-06 -0.000142354010614188   0.00498291668186547      1.99712649274737    0.0618629847263173  1.65483167913328e-16  7.19060932297769e-17  1.26757548694616e-15 -7.61977589544493e-18  -0.00217813209230683
