TOTAL ENERGY: -123.606606124875	 lambda: -10	 population of target: 3.99999965173445
1RDM: 
     1.99999999999979 -2.01590104073175e-09 -1.47202675875683e-07  2.05334056449347e-10 -2.87402222372143e-07 -9.53933569716934e-18  4.33931246045993e-18 -8.35961264055208e-17 -6.72256401624603e-17  -5.7249626120842e-10
-2.01590104073175e-09      1.99997447086567  -0.00166362116929213 -4.91960298269527e-06 -8.16960688368547e-05  2.16965441071072e-20 -9.41357295996865e-21  2.18599000411759e-19  6.43650248411715e-20 -1.14427510703253e-06
-1.47202675875683e-07  -0.00166362116929213      1.88436040328248 -0.000190751179312668   -0.0718085684008771 -8.70091487334241e-18 -7.41065009226086e-18 -8.19268819460873e-17 -1.96582918857118e-17 -0.000190765457141153
 2.05334056449347e-10 -4.91960298269527e-06 -0.000190751179312668      1.99998966730548   0.00426286331900006  2.71475169478166e-16  8.56042663462027e-17  2.90793557012073e-15 -1.56242384683802e-16  7.05479714285286e-06
-2.87402222372143e-07 -8.16960688368547e-05   -0.0718085684008771   0.00426286331900006    0.0392753262360331  -1.4223070845645e-18 -1.96332535776433e-16  1.18220868300983e-16  8.85565344094942e-18  -0.00334144217666143
-9.53933569716934e-18  2.16965441071072e-20 -8.70091487334241e-18  2.71475169478166e-16  -1.4223070845645e-18      1.98145357375778 -6.02199981384032e-16     -0.18392396506103   -0.0470354093745865 -3.36876414275507e-17
 4.33931246045993e-18 -9.41357295996865e-21 -7.41065009226086e-18  8.56042663462027e-17 -1.96332535776433e-16 -6.02199981384032e-16      1.98145357375778   -0.0470354093745913     0.183923965061023 -5.98141521613956e-17
-8.35961264055208e-17  2.18599000411759e-19 -8.19268819460873e-17  2.90793557012073e-15  1.18220868300983e-16     -0.18392396506103   -0.0470354093745913    0.0567493603179474 -1.64485991341689e-16 -4.84698613173832e-16
-6.72256401624603e-17  6.43650248411715e-20 -1.96582918857118e-17 -1.56242384683802e-16  8.85565344094942e-18   -0.0470354093745865     0.183923965061023 -1.64485991341689e-16    0.0567493603179503   5.0444201694631e-16
 -5.7249626120842e-10 -1.14427510703253e-06 -0.000190765457141153  7.05479714285286e-06  -0.00334144217666143 -3.36876414275507e-17 -5.98141521613956e-17 -4.84698613173832e-16   5.0444201694631e-16      1.99999426415907
TOTAL ENERGY: -123.60660613419	 lambda: -9.95	 population of target: 3.99999965266833
1RDM: 
     1.99999999999979 -2.02049067720145e-09 -1.47912346810426e-07  2.29821565649806e-10 -2.99136347127072e-07 -9.53748089201992e-18  4.33493319525033e-18 -8.35889089611513e-17 -6.71775784127018e-17   -5.930771267723e-10
-2.02049067720145e-09      1.99997447086557  -0.00166362117470926 -4.92000215585548e-06 -8.16960842564232e-05  2.16949699495157e-20 -9.40915239477577e-21  2.18597708676078e-19  6.43512713247467e-20 -1.14528208648164e-06
-1.47912346810426e-07  -0.00166362117470926      1.88436040395833 -0.000190808266572039   -0.0718085568949303 -8.70084511403001e-18 -7.41044666914369e-18  -8.1926660831099e-17 -1.96626817508443e-17 -0.000190909109921403
 2.29821565649806e-10 -4.92000215585548e-06 -0.000190808266572039        1.999989670995   0.00426197983232077  2.71472347819712e-16  8.55689413177212e-17  2.90782093530488e-15 -1.55899912492266e-16  7.05791017219539e-06
-2.99136347127072e-07 -8.16960842564232e-05   -0.0718085568949303   0.00426197983232077    0.0392753303766603 -1.41581305804774e-18 -1.96345354334498e-16  1.18219855128205e-16   8.8550554266937e-18  -0.00334366196497474
-9.53748089201992e-18  2.16949699495157e-20 -8.70084511403001e-18  2.71472347819712e-16 -1.41581305804774e-18      1.98145360633135 -5.05332958671411e-16    -0.183923805111239   -0.0470353684552164 -3.36761584885395e-17
 4.33493319525033e-18 -9.40915239477577e-21 -7.41044666914369e-18  8.55689413177212e-17 -1.96345354334498e-16 -5.05332958671411e-16      1.98145360633135   -0.0470353684552205     0.183923805111234 -5.98180869514314e-17
-8.35889089611513e-17  2.18597708676078e-19  -8.1926660831099e-17  2.90782093530488e-15  1.18219855128205e-16    -0.183923805111239   -0.0470353684552205    0.0567493273134591 -9.94733793481677e-19 -4.84594488613413e-16
-6.71775784127018e-17  6.43512713247467e-20 -1.96626817508443e-17 -1.55899912492266e-16   8.8550554266937e-18   -0.0470353684552164     0.183923805111234 -9.94733793481677e-19    0.0567493273134577  5.04508172655882e-16
  -5.930771267723e-10 -1.14528208648164e-06 -0.000190909109921403  7.05791017219539e-06  -0.00334366196497474 -3.36761584885395e-17 -5.98180869514314e-17 -4.84594488613413e-16  5.04508172655882e-16      1.99999425651504
TOTAL ENERGY: -123.60660614364	 lambda: -9.9	 population of target: 3.99999965362044
1RDM: 
     1.99999999999978 -2.02510780303618e-09 -1.48626326331243e-07  2.54447602807479e-10 -3.10942415659971e-07  -9.5356191390682e-18  4.33053655210213e-18 -8.35816676773731e-17 -6.71293275298769e-17 -6.13814247539758e-10
-2.02510780303618e-09      1.99997447086546  -0.00166362118251808 -4.92040574154546e-06 -8.16961026061227e-05  2.16934918511633e-20  -9.4092783988996e-21  2.18594355683138e-19   6.4343603318802e-20 -1.14630148123636e-06
-1.48626326331243e-07  -0.00166362118251808      1.88436040429545 -0.000190866009097713   -0.0718085452631689 -8.70073533482838e-18 -7.41110093265122e-18 -8.19276430383747e-17 -1.96612293187267e-17 -0.000191054603433753
 2.54447602807479e-10 -4.92040574154546e-06 -0.000190866009097713      1.99998967472744   0.00426108590177971  2.71469492959611e-16  8.55332006631381e-17  2.90770495838262e-15 -1.55553417725314e-16  7.06106476198875e-06
-3.10942415659971e-07 -8.16961026061227e-05   -0.0718085452631689   0.00426108590177971    0.0392753345280367 -1.40928216457544e-18  -1.9635835737067e-16  1.18218530035991e-16  8.85415664252221e-18  -0.00334591116582261
 -9.5356191390682e-18  2.16934918511633e-20 -8.70073533482838e-18  2.71469492959611e-16 -1.40928216457544e-18      1.98145363935954 -5.01007841330416e-16    -0.183923642916318   -0.0470353269740355 -3.36645246358949e-17
 4.33053655210213e-18  -9.4092783988996e-21 -7.41110093265122e-18  8.55332006631381e-17  -1.9635835737067e-16 -5.01007841330416e-16      1.98145363935954   -0.0470353269740397     0.183923642916315 -5.98220711861775e-17
-8.35816676773731e-17  2.18594355683138e-19 -8.19276430383747e-17  2.90770495838262e-15  1.18218530035991e-16    -0.183923642916318   -0.0470353269740397    0.0567492940500769 -6.46243757307905e-17 -4.84488989285203e-16
-6.71293275298769e-17   6.4343603318802e-20 -1.96612293187267e-17 -1.55553417725314e-16  8.85415664252221e-18   -0.0470353269740355     0.183923642916315 -6.46243757307905e-17    0.0567492940500666  5.04575172955359e-16
-6.13814247539758e-10 -1.14630148123636e-06 -0.000191054603433753  7.06106476198875e-06  -0.00334591116582261 -3.36645246358949e-17 -5.98220711861775e-17 -4.84488989285203e-16  5.04575172955359e-16       1.9999942487646
TOTAL ENERGY: -123.606606153226	 lambda: -9.85	 population of target: 3.99999965459119
1RDM: 
     1.99999999999978 -2.02975298604166e-09 -1.49344670415388e-07  2.79212935055671e-10 -3.22820985778678e-07 -9.53375031767084e-18  4.32612243583361e-18 -8.35744015464736e-17 -6.70808862591922e-17 -6.34709463959802e-10
-2.02975298604166e-09      1.99997447086548  -0.00166362118615076  -4.9208139280159e-06 -8.16961210705886e-05  2.16951412785903e-20 -9.40785394257131e-21  2.18591372105316e-19   6.4334975206804e-20 -1.14733354226112e-06
-1.49344670415388e-07  -0.00166362118615076      1.88436040463345  -0.00019092442544872   -0.0718085336262486 -8.69985333025321e-18 -7.41142328284262e-18 -8.19225131087267e-17 -1.96607322367336e-17 -0.000191201967813913
 2.79212935055671e-10  -4.9208139280159e-06  -0.00019092442544872      1.99998967850348   0.00426018134430658  2.71466604778764e-16  8.54970335437061e-17  2.90758760106437e-15 -1.55202783247891e-16  7.06426125921597e-06
-3.22820985778678e-07 -8.16961210705886e-05   -0.0718085336262486   0.00426018134430658    0.0392753387567275 -1.40269994014976e-18 -1.96371558891221e-16  1.18216759515369e-16  8.85338011446776e-18  -0.00334819014517291
-9.53375031767084e-18  2.16951412785903e-20 -8.69985333025321e-18  2.71466604778764e-16 -1.40269994014976e-18      1.98145367282565 -4.69091535116903e-16    -0.183923478552388    -0.047035285015262 -3.36527370422575e-17
 4.32612243583361e-18 -9.40785394257131e-21 -7.41142328284262e-18  8.54970335437061e-17 -1.96371558891221e-16 -4.69091535116903e-16      1.98145367282566   -0.0470352850152657     0.183923478552384 -5.98261073235132e-17
-8.35744015464736e-17  2.18591372105316e-19 -8.19225131087267e-17  2.90758760106437e-15  1.18216759515369e-16    -0.183923478552388   -0.0470352850152657     0.056749260341746  3.94182713983283e-17 -4.84382095454972e-16
-6.70808862591922e-17   6.4334975206804e-20 -1.96607322367336e-17 -1.55202783247891e-16  8.85338011446776e-18    -0.047035285015262     0.183923478552384  3.94182713983283e-17    0.0567492603417436  5.04643050995124e-16
-6.34709463959802e-10 -1.14733354226112e-06 -0.000191201967813913  7.06426125921597e-06  -0.00334819014517291 -3.36527370422575e-17 -5.98261073235132e-17 -4.84382095454972e-16  5.04643050995124e-16      1.99999424090628
TOTAL ENERGY: -123.606606162952	 lambda: -9.8	 population of target: 3.99999965558104
1RDM: 
     1.99999999999978 -2.03442596286038e-09 -1.50067345282034e-07  3.04116125774737e-10  -3.3477151871236e-07 -9.53187462420419e-18   4.3216906922737e-18 -8.35671129822527e-17  -6.7032253473064e-17 -6.55762736440022e-10
-2.03442596286038e-09      1.99997447086543  -0.00166362119123741 -4.92122662004444e-06   -8.169613787416e-05  2.16914493649994e-20 -9.40813821001916e-21  2.18585303056168e-19  6.43250752203785e-20 -1.14837823988382e-06
-1.50067345282034e-07  -0.00166362119123741       1.8843604050904 -0.000190983511641015   -0.0718085219608389 -8.70014218120631e-18 -7.41218738103095e-18 -8.19264113639331e-17 -1.96592070513293e-17 -0.000191351218106435
 3.04116125774737e-10 -4.92122662004444e-06 -0.000190983511641015      1.99998968232369   0.00425926603682971  2.71463679070729e-16  8.54604309061698e-17  2.90746881721896e-15 -1.54847936121507e-16  7.06750049616706e-06
 -3.3477151871236e-07   -8.169613787416e-05   -0.0718085219608389   0.00425926603682971    0.0392753429686146 -1.39595151917236e-18  -1.9638488004085e-16  1.18215953416235e-16  8.85237080045189e-18  -0.00335049941240598
-9.53187462420419e-18  2.16914493649994e-20 -8.70014218120631e-18  2.71463679070729e-16 -1.39595151917236e-18      1.98145370673139 -6.07083778905535e-16    -0.183923312066883   -0.0470352423608566 -3.36407935422405e-17
  4.3216906922737e-18 -9.40813821001916e-21 -7.41218738103095e-18  8.54604309061698e-17  -1.9638488004085e-16 -6.07083778905535e-16      1.98145370673139   -0.0470352423608616     0.183923312066877  -5.9830196092493e-17
-8.35671129822527e-17  2.18585303056168e-19 -8.19264113639331e-17  2.90746881721896e-15  1.18215953416235e-16    -0.183923312066883   -0.0470352423608616    0.0567492261755949 -9.67594121920396e-17 -4.84273782906586e-16
 -6.7032253473064e-17  6.43250752203785e-20 -1.96592070513293e-17 -1.54847936121507e-16  8.85237080045189e-18   -0.0470352423608566     0.183923312066877 -9.67594121920396e-17    0.0567492261755957  5.04711819341824e-16
-6.55762736440022e-10 -1.14837823988382e-06 -0.000191351218106435  7.06750049616706e-06  -0.00335049941240598 -3.36407935422405e-17  -5.9830196092493e-17 -4.84273782906586e-16  5.04711819341824e-16      1.99999423293813
TOTAL ENERGY: -123.606606172819	 lambda: -9.75	 population of target: 3.9999996565905
1RDM: 
     1.99999999999977  -2.0391281186408e-09 -1.50794514842878e-07  3.29161044578318e-10  -3.4679608943619e-07 -9.52999163499341e-18   4.3172412492412e-18 -8.35597979502528e-17 -6.69834275604522e-17 -6.76978647011475e-10
 -2.0391281186408e-09      1.99997447086575  -0.00166362118389897 -4.92164399509892e-06 -8.16961544029227e-05  2.16949692412744e-20 -9.40670253337675e-21    2.185886429957e-19   6.4319773171812e-20 -1.14943623446965e-06
-1.50794514842878e-07  -0.00166362118389897       1.8843604053631  -0.00019104329333915   -0.0718085102421697 -8.69909237133521e-18  -7.4124440020457e-18 -8.19203305619471e-17  -1.9659163685328e-17 -0.000191502421530418
 3.29161044578318e-10 -4.92164399509892e-06  -0.00019104329333915      1.99998968618917   0.00425833969535179  2.71460720329802e-16  8.54233876026903e-17  2.90734861658017e-15 -1.54488807536644e-16  7.07078316108804e-06
 -3.4679608943619e-07 -8.16961544029227e-05   -0.0718085102421697   0.00425833969535179    0.0392753473176156 -1.38916310112022e-18 -1.96398453043695e-16  1.18214154876957e-16  8.85174317883347e-18  -0.00335283961089072
-9.52999163499341e-18  2.16949692412744e-20 -8.69909237133521e-18  2.71460720329802e-16 -1.38916310112022e-18      1.98145374110939 -4.92221957010722e-16    -0.183923143227306   -0.0470351992369691 -3.36286897682943e-17
  4.3172412492412e-18 -9.40670253337675e-21  -7.4124440020457e-18  8.54233876026903e-17 -1.96398453043695e-16 -4.92221957010722e-16      1.98145374110939   -0.0470351992369733     0.183923143227303 -5.98343384020351e-17
-8.35597979502528e-17    2.185886429957e-19 -8.19203305619471e-17  2.90734861658017e-15  1.18214154876957e-16    -0.183923143227306   -0.0470351992369733    0.0567491915940702 -2.03168573585354e-18 -4.84164017286405e-16
-6.69834275604522e-17   6.4319773171812e-20  -1.9659163685328e-17 -1.54488807536644e-16  8.85174317883347e-18   -0.0470351992369691     0.183923143227303 -2.03168573585354e-18    0.0567491915940681  5.04781496869372e-16
-6.76978647011475e-10 -1.14943623446965e-06 -0.000191502421530418  7.07078316108804e-06  -0.00335283961089072 -3.36286897682943e-17 -5.98343384020351e-17 -4.84164017286405e-16  5.04781496869372e-16      1.99999422485768
TOTAL ENERGY: -123.606606182831	 lambda: -9.7	 population of target: 3.99999965762005
1RDM: 
     1.99999999999976  -2.0438580068632e-09 -1.51526137722654e-07  3.54351534331642e-10 -3.58896481085525e-07  -9.5281018631983e-18   4.3127739540486e-18 -8.35524618918504e-17 -6.69344081719085e-17 -6.98361086588045e-10
 -2.0438580068632e-09      1.99997447086545  -0.00166362119863505 -4.92206629975219e-06 -8.16961725695399e-05   2.1694627144671e-20 -9.40580987545298e-21  2.18582795676125e-19  6.43081693669782e-20 -1.15050718093451e-06
-1.51526137722654e-07  -0.00166362119863505      1.88436040583389 -0.000191103785641117   -0.0718084984376094 -8.69854463278721e-18 -7.41299931921292e-18 -8.19179016988255e-17 -1.96576215287791e-17 -0.000191655570024166
 3.54351534331642e-10 -4.92206629975219e-06 -0.000191103785641117      1.99998969010062   0.00425740213993727  2.71457719241005e-16  8.53858917402514e-17  2.90722689270966e-15 -1.54125307727756e-16  7.07411003020821e-06
-3.58896481085525e-07 -8.16961725695399e-05   -0.0718084984376094   0.00425740213993727    0.0392753516753161 -1.38232145324377e-18 -1.96412135472975e-16  1.18212487224988e-16  8.85057039511159e-18  -0.00335521124446543
 -9.5281018631983e-18   2.1694627144671e-20 -8.69854463278721e-18  2.71457719241005e-16 -1.38232145324377e-18      1.98145377592228 -4.73315506737445e-16    -0.183922972262886   -0.0470351555369313  -3.3616423890894e-17
  4.3127739540486e-18 -9.40580987545298e-21 -7.41299931921292e-18  8.53858917402514e-17 -1.96412135472975e-16 -4.73315506737445e-16      1.98145377592228   -0.0470351555369352     0.183922972262882 -5.98385350147565e-17
-8.35524618918504e-17  2.18582795676125e-19 -8.19179016988255e-17  2.90722689270966e-15  1.18212487224988e-16    -0.183922972262886   -0.0470351555369352     0.056749156508692   2.2576911697819e-17 -4.84052776158256e-16
-6.69344081719085e-17  6.43081693669782e-20 -1.96576215287791e-17 -1.54125307727756e-16  8.85057039511159e-18   -0.0470351555369313     0.183922972262882   2.2576911697819e-17    0.0567491565086942  5.04852095736197e-16
-6.98361086588045e-10 -1.15050718093451e-06 -0.000191655570024166  7.07411003020821e-06  -0.00335521124446543  -3.3616423890894e-17 -5.98385350147565e-17 -4.84052776158256e-16  5.04852095736197e-16      1.99999421666302
TOTAL ENERGY: -123.606606192989	 lambda: -9.65	 population of target: 3.99999965867002
1RDM: 
     1.99999999999975 -2.04861704537024e-09 -1.52262234715948e-07  3.79681847202443e-10 -3.71070343731235e-07 -9.52620498954376e-18   4.3082886972136e-18 -8.35451020377424e-17 -6.68851934858632e-17 -7.19907043980353e-10
-2.04861704537024e-09      1.99997447086518  -0.00166362121060021 -4.92249319392999e-06 -8.16961913552497e-05  2.16923014293451e-20  -9.4057950822692e-21  2.18579603611272e-19  6.43002406451479e-20 -1.15159172862312e-06
-1.52262234715948e-07  -0.00166362121060021      1.88436040622837 -0.000191164974217568   -0.0718084867421887 -8.69863445833684e-18  -7.4136525304157e-18 -8.19203770722573e-17 -1.96568018788368e-17 -0.000191810713367743
 3.79681847202443e-10 -4.92249319392999e-06 -0.000191164974217568      1.99998969405857   0.00425645326468737  2.71454679516972e-16  8.53479368319794e-17  2.90710366928582e-15 -1.53757362109951e-16   7.0774809671845e-06
-3.71070343731235e-07 -8.16961913552497e-05   -0.0718084867421887   0.00425645326468737    0.0392753560633372 -1.37533018655825e-18 -1.96426030109306e-16  1.18211319437641e-16  8.84962497152741e-18  -0.00335761443236501
-9.52620498954376e-18  2.16923014293451e-20 -8.69863445833684e-18  2.71454679516972e-16 -1.37533018655825e-18       1.9814538112198 -6.25257417623648e-16    -0.183922798928879   -0.0470351111749539 -3.36039921099099e-17
  4.3082886972136e-18  -9.4057950822692e-21  -7.4136525304157e-18  8.53479368319794e-17 -1.96426030109306e-16 -6.25257417623648e-16       1.9814538112198   -0.0470351111749585     0.183922798928872 -5.98427878946355e-17
-8.35451020377424e-17  2.18579603611272e-19 -8.19203770722573e-17  2.90710366928582e-15  1.18211319437641e-16    -0.183922798928879   -0.0470351111749585     0.056749120995865  2.38003871005189e-17 -4.83940028157993e-16
-6.68851934858632e-17  6.43002406451479e-20 -1.96568018788368e-17 -1.53757362109951e-16  8.84962497152741e-18   -0.0470351111749539     0.183922798928872  2.38003871005189e-17    0.0567491209958579  5.04923644893914e-16
-7.19907043980353e-10 -1.15159172862312e-06 -0.000191810713367743   7.0774809671845e-06  -0.00335761443236501 -3.36039921099099e-17 -5.98427878946355e-17 -4.83940028157993e-16  5.04923644893914e-16      1.99999420835344
TOTAL ENERGY: -123.606606203301	 lambda: -9.6	 population of target: 3.99999965974144
1RDM: 
     1.99999999999975 -2.05340592047601e-09 -1.53003003205044e-07  4.05161219646406e-10 -3.83322175553189e-07 -9.52430081358081e-18  4.30378536432435e-18  -8.3537716667433e-17 -6.68357818853426e-17 -7.41625490605719e-10
-2.05340592047601e-09      1.99997447086511  -0.00166362121564836 -4.92292519478304e-06 -8.16962080931722e-05  2.16923722234763e-20 -9.40513842837307e-21  2.18576390999062e-19  6.42916856697068e-20 -1.15269021853964e-06
-1.53003003205044e-07  -0.00166362121564836       1.8843604067064 -0.000191226905806648   -0.0718084749922012 -8.69812074755059e-18 -7.41417789043164e-18  -8.1918306517985e-17 -1.96558141278394e-17  -0.00019196793680958
 4.05161219646406e-10 -4.92292519478304e-06 -0.000191226905806648      1.99998969806421   0.00425549274020139  2.71451605843078e-16  8.53095163086655e-17  2.90697896594118e-15 -1.53384893425622e-16  7.08089922950633e-06
-3.83322175553189e-07 -8.16962080931722e-05   -0.0718084749922012   0.00425549274020139    0.0392753606117391 -1.36827746701971e-18 -1.96440116211943e-16  1.18209675704719e-16  8.84863395189394e-18  -0.00336005101161124
-9.52430081358081e-18  2.16923722234763e-20 -8.69812074755059e-18  2.71451605843078e-16 -1.36827746701971e-18      1.98145384699901 -5.62260504937039e-16    -0.183922623231332   -0.0470350662157587 -3.35913902021553e-17
 4.30378536432435e-18 -9.40513842837307e-21 -7.41417789043164e-18  8.53095163086655e-17 -1.96440116211943e-16 -5.62260504937039e-16      1.98145384699902   -0.0470350662157628     0.183922623231325 -5.98470973731675e-17
 -8.3537716667433e-17  2.18576390999062e-19  -8.1918306517985e-17  2.90697896594118e-15  1.18209675704719e-16    -0.183922623231332   -0.0470350662157628    0.0567490849161592   2.2331099325476e-17 -4.83825734161738e-16
-6.68357818853426e-17  6.42916856697068e-20 -1.96558141278394e-17 -1.53384893425622e-16  8.84863395189394e-18   -0.0470350662157587     0.183922623231325   2.2331099325476e-17    0.0567490849161538  5.04996156591586e-16
-7.41625490605719e-10 -1.15269021853964e-06  -0.00019196793680958  7.08089922950633e-06  -0.00336005101161124 -3.35913902021553e-17 -5.98470973731675e-17 -4.83825734161738e-16  5.04996156591586e-16      1.99999419992241
TOTAL ENERGY: -123.606606213768	 lambda: -9.55	 population of target: 3.99999966083463
1RDM: 
     1.99999999999974 -2.05822485155742e-09 -1.53748443525088e-07  4.30788285867268e-10  -3.9565153675936e-07  -9.5223894438799e-18  4.29926381300589e-18 -8.35303072372753e-17 -6.67861722470628e-17 -7.63516632594685e-10
-2.05822485155742e-09      1.99997447086505  -0.00166362122033149 -4.92336219566783e-06 -8.16962259586333e-05  2.16918660804749e-20 -9.40457225917771e-21  2.18573022308079e-19   6.4282993833746e-20 -1.15380274650595e-06
-1.53748443525088e-07  -0.00166362122033149      1.88436040717968 -0.000191289578303792    -0.071808463146521 -8.69773819137495e-18 -7.41473433297379e-18 -8.19172358191311e-17 -1.96548952279106e-17 -0.000192127248717344
 4.30788285867268e-10 -4.92336219566783e-06 -0.000191289578303792      1.99998970211829   0.00425452039901841   2.7144849270351e-16  8.52706197826746e-17  2.90685270871268e-15 -1.53007812511339e-16  7.08436456676771e-06
 -3.9565153675936e-07 -8.16962259586333e-05    -0.071808463146521   0.00425452039901841    0.0392753652125815 -1.36111537997048e-18 -1.96454393660499e-16  1.18208153310269e-16  8.84763686476807e-18  -0.00336252104867869
 -9.5223894438799e-18  2.16918660804749e-20 -8.69773819137495e-18   2.7144849270351e-16 -1.36111537997048e-18      1.98145388327008 -4.17050672789982e-16    -0.183922445115992   -0.0470350206442168  -3.3578615195403e-17
 4.29926381300589e-18 -9.40457225917771e-21 -7.41473433297379e-18  8.52706197826746e-17 -1.96454393660499e-16 -4.17050672789982e-16      1.98145388327008   -0.0470350206442206      0.18392244511599 -5.98514648452771e-17
-8.35303072372753e-17  2.18573022308079e-19 -8.19172358191311e-17  2.90685270871268e-15  1.18208153310269e-16    -0.183922445115992   -0.0470350206442206    0.0567490483575009 -4.36486371204735e-17  -4.8370986679868e-16
-6.67861722470628e-17   6.4282993833746e-20 -1.96548952279106e-17 -1.53007812511339e-16  8.84763686476807e-18   -0.0470350206442168      0.18392244511599 -4.36486371204735e-17    0.0567490483574993  5.05069652149022e-16
-7.63516632594685e-10 -1.15380274650595e-06 -0.000192127248717344  7.08436456676771e-06  -0.00336252104867869  -3.3578615195403e-17 -5.98514648452771e-17  -4.8370986679868e-16  5.05069652149022e-16      1.99999419136942
TOTAL ENERGY: -123.606606224393	 lambda: -9.5	 population of target: 3.99999966195003
1RDM: 
     1.99999999999973 -2.06307346557612e-09 -1.54498567649712e-07  4.56565056684284e-10 -4.08059493849489e-07 -9.52047077346585e-18  4.29472392490724e-18 -8.35228730248281e-17 -6.67363631794336e-17   -7.855832813913e-10
-2.06307346557612e-09      1.99997447086519  -0.00166362122083006 -4.92380416485804e-06 -8.16962418979952e-05  2.16919333551382e-20  -9.4038320675773e-21  2.18570514631024e-19  6.42742624526037e-20 -1.15492957455067e-06
-1.54498567649712e-07  -0.00166362122083006      1.88436040749639 -0.000191352997780025   -0.0718084512873165 -8.69724448973391e-18 -7.41526379980942e-18 -8.19153760954616e-17  -1.9654022859993e-17 -0.000192288674298315
 4.56565056684284e-10 -4.92380416485804e-06 -0.000191352997780025      1.99998970622177   0.00425353601484636  2.71445339574117e-16  8.52312384628293e-17  2.90672486982865e-15 -1.52626033159189e-16  7.08787687619735e-06
-4.08059493849489e-07 -8.16962418979952e-05   -0.0718084512873165   0.00425353601484636    0.0392753697512652 -1.35384591774106e-18 -1.96468872853492e-16  1.18206603403012e-16  8.84665379898827e-18  -0.00336502474387525
-9.52047077346585e-18  2.16919333551382e-20 -8.69724448973391e-18  2.71445339574117e-16 -1.35384591774106e-18      1.98145392005623 -5.38422455217415e-16    -0.183922264454077   -0.0470349744623981 -3.35656637812539e-17
 4.29472392490724e-18  -9.4038320675773e-21 -7.41526379980942e-18  8.52312384628293e-17 -1.96468872853492e-16 -5.38422455217415e-16      1.98145392005623   -0.0470349744624028     0.183922264454074   -5.985589195082e-17
-8.35228730248281e-17  2.18570514631024e-19 -8.19153760954616e-17  2.90672486982865e-15  1.18206603403012e-16    -0.183922264454077   -0.0470349744624028    0.0567490114298011 -8.48774242878115e-17 -4.83592398371142e-16
-6.67363631794336e-17  6.42742624526037e-20  -1.9654022859993e-17 -1.52626033159189e-16  8.84665379898827e-18   -0.0470349744623981     0.183922264454074 -8.48774242878115e-17    0.0567490114297988  5.05144156084584e-16
  -7.855832813913e-10 -1.15492957455067e-06 -0.000192288674298315  7.08787687619735e-06  -0.00336502474387525 -3.35656637812539e-17   -5.985589195082e-17 -4.83592398371142e-16  5.05144156084584e-16      1.99999418269353
TOTAL ENERGY: -123.606606235181	 lambda: -9.45	 population of target: 3.99999966308865
1RDM: 
     1.99999999999974 -2.06795377016796e-09 -1.55253554218905e-07   4.8249357843568e-10 -4.20547373481608e-07 -9.51854488104472e-18   4.2901655858941e-18 -8.35154150910754e-17 -6.66863536723369e-17 -8.07829151129636e-10
-2.06795377016796e-09      1.99997447086503  -0.00166362122830793 -4.92425154242674e-06 -8.16962585092478e-05  2.16909609162374e-20 -9.40343666531796e-21  2.18566435031597e-19  6.42656194538942e-20 -1.15607109444222e-06
-1.55253554218905e-07  -0.00166362122830793      1.88436040806134 -0.000191417198531133   -0.0718084394194381 -8.69694310608519e-18 -7.41586261961523e-18  -8.1914955812436e-17 -1.96530738707352e-17 -0.000192452299400699
  4.8249357843568e-10 -4.92425154242674e-06 -0.000191417198531133       1.9999897103754   0.00425253936870321  2.71442147377448e-16  8.51913638224292e-17  2.90659543808913e-15 -1.52239470342091e-16  7.09143944161987e-06
-4.20547373481608e-07 -8.16962585092478e-05   -0.0718084394194381   0.00425253936870321    0.0392753745353607 -1.34648779714768e-18 -1.96483547908108e-16  1.18205034113398e-16  8.84560250694932e-18  -0.00336756386696604
-9.51854488104472e-18  2.16909609162374e-20 -8.69694310608519e-18  2.71442147377448e-16 -1.34648779714768e-18      1.98145395733583 -5.36905563239366e-16    -0.183922081392964   -0.0470349276061987    -3.35525316304e-17
  4.2901655858941e-18 -9.40343666531796e-21 -7.41586261961523e-18  8.51913638224292e-17 -1.96483547908108e-16 -5.36905563239366e-16      1.98145395733583   -0.0470349276062029     0.183922081392958 -5.98603788902157e-17
-8.35154150910754e-17  2.18566435031597e-19  -8.1914955812436e-17  2.90659543808913e-15  1.18205034113398e-16    -0.183922081392964   -0.0470349276062029    0.0567489738015607 -1.30501167648599e-17 -4.83473284439608e-16
-6.66863536723369e-17  6.42656194538942e-20 -1.96530738707352e-17 -1.52239470342091e-16  8.84560250694932e-18   -0.0470349276061987     0.183922081392958 -1.30501167648599e-17    0.0567489738015604  5.05219679607287e-16
-8.07829151129636e-10 -1.15607109444222e-06 -0.000192452299400699  7.09143944161987e-06  -0.00336756386696604    -3.35525316304e-17 -5.98603788902157e-17 -4.83473284439608e-16  5.05219679607287e-16      1.99999417388836
TOTAL ENERGY: -123.606606246134	 lambda: -9.4	 population of target: 3.9999996642507
1RDM: 
     1.99999999999973 -2.07286446580175e-09 -1.56013345074305e-07  5.08575476653037e-10 -4.33115982396332e-07 -9.51661162852363e-18  4.28558865114815e-18 -8.35079324785119e-17 -6.66361420528685e-17 -8.30256530735652e-10
-2.07286446580175e-09        1.999974470865  -0.00166362123286985 -4.92470409243078e-06 -8.16962749566267e-05  2.16905962275003e-20 -9.40283992544336e-21  2.18563299615242e-19   6.4256901340559e-20 -1.15722748278573e-06
-1.56013345074305e-07  -0.00166362123286985      1.88436040847478  -0.00019148217546447   -0.0718084275058624 -8.69652463406208e-18 -7.41643000180584e-18 -8.19136995057352e-17 -1.96521932752634e-17 -0.000192618127472895
 5.08575476653037e-10 -4.92470409243078e-06  -0.00019148217546447      1.99998971458022   0.00425153022956912  2.71438913309946e-16  8.51509858159538e-17   2.9064643604952e-15 -1.51848029731357e-16  7.09505115240244e-06
-4.33115982396332e-07 -8.16962749566267e-05   -0.0718084275058624   0.00425153022956912    0.0392753792729645 -1.33901776047546e-18 -1.96498432097798e-16  1.18203441400553e-16  8.84456272640946e-18  -0.00337013815142085
-9.51661162852363e-18  2.16905962275003e-20 -8.69652463406208e-18  2.71438913309946e-16 -1.33901776047546e-18      1.98145399514869 -4.44525912084751e-16    -0.183921895693144   -0.0470348801293176 -3.35392155946025e-17
 4.28558865114815e-18 -9.40283992544336e-21 -7.41643000180584e-18  8.51509858159538e-17 -1.96498432097798e-16 -4.44525912084751e-16      1.98145399514869   -0.0470348801293218     0.183921895693142 -5.98649279311412e-17
-8.35079324785119e-17  2.18563299615242e-19 -8.19136995057352e-17   2.9064643604952e-15  1.18203441400553e-16    -0.183921895693144   -0.0470348801293218    0.0567489357776961 -1.01416689031682e-16 -4.83352501379674e-16
-6.66361420528685e-17   6.4256901340559e-20 -1.96521932752634e-17 -1.51848029731357e-16  8.84456272640946e-18   -0.0470348801293176     0.183921895693142 -1.01416689031682e-16    0.0567489357776968  5.05296253516669e-16
-8.30256530735652e-10 -1.15722748278573e-06 -0.000192618127472895  7.09505115240244e-06  -0.00337013815142085 -3.35392155946025e-17 -5.98649279311412e-17 -4.83352501379674e-16  5.05296253516669e-16      1.99999416495452
TOTAL ENERGY: -123.606606257256	 lambda: -9.35	 population of target: 3.99999966543706
1RDM: 
     1.99999999999972 -2.07780661013136e-09 -1.56778049012199e-07  5.34812539310723e-10 -4.45766444178214e-07 -9.51467099748441e-18  4.28099299401278e-18 -8.35004253497382e-17 -6.65857269981188e-17 -8.52868698475867e-10
-2.07780661013136e-09      1.99997447086499  -0.00166362123712849 -4.92516202858442e-06 -8.16962911087911e-05  2.16902244695473e-20 -9.40224407825251e-21   2.1856013568697e-19  6.42481602496788e-20 -1.15839907587999e-06
-1.56778049012199e-07  -0.00166362123712849      1.88436040890332 -0.000191547950202512     -0.07180841555825 -8.69610325468011e-18 -7.41700329706102e-18 -8.19124459632457e-17 -1.96513278902645e-17 -0.000192786222290261
 5.34812539310723e-10 -4.92516202858442e-06 -0.000191547950202512      1.99998971883715   0.00425050835705715  2.71435637247482e-16  8.51100951216511e-17  2.90633161346287e-15 -1.51451620287547e-16  7.09871404409254e-06
-4.45766444178214e-07 -8.16962911087911e-05     -0.07180841555825   0.00425050835705715    0.0392753840936147 -1.33144165563173e-18 -1.96513525280652e-16  1.18201833223086e-16  8.84350020997143e-18  -0.00337274880647503
-9.51467099748441e-18  2.16902244695473e-20 -8.69610325468011e-18  2.71435637247482e-16 -1.33144165563173e-18      1.98145403349626  -5.1895669841608e-16    -0.183921707367827   -0.0470348319796728 -3.35257114688311e-17
 4.28099299401278e-18 -9.40224407825251e-21 -7.41700329706102e-18  8.51100951216511e-17 -1.96513525280652e-16  -5.1895669841608e-16      1.98145403349626   -0.0470348319796769     0.183921707367822 -5.98695398614864e-17
-8.35004253497382e-17   2.1856013568697e-19 -8.19124459632457e-17  2.90633161346287e-15  1.18201833223086e-16    -0.183921707367827   -0.0470348319796769    0.0567488972105614  1.50357858516552e-17 -4.83230008636332e-16
-6.65857269981188e-17  6.42481602496788e-20 -1.96513278902645e-17 -1.51451620287547e-16  8.84350020997143e-18   -0.0470348319796728     0.183921707367822  1.50357858516552e-17    0.0567488972105632  5.05373895212398e-16
-8.52868698475867e-10 -1.15839907587999e-06 -0.000192786222290261  7.09871404409254e-06  -0.00337274880647503 -3.35257114688311e-17 -5.98695398614864e-17 -4.83230008636332e-16  5.05373895212398e-16      1.99999415588756
TOTAL ENERGY: -123.606606268551	 lambda: -9.3	 population of target: 3.9999996666484
1RDM: 
     1.99999999999972 -2.08278061896629e-09 -1.57547734331023e-07  5.61206806959795e-10  -4.5849993973388e-07  -9.5127229436723e-18  4.27637848375381e-18 -8.34928936270412e-17 -6.65351071175904e-17 -8.75668951066735e-10
-2.08278061896629e-09      1.99997447086497  -0.00166362124132757 -4.92562544264293e-06 -8.16963069271543e-05  2.16898355031642e-20 -9.40165369636254e-21  2.18556944235436e-19  6.42393973001261e-20 -1.15958617921502e-06
-1.57547734331023e-07  -0.00166362124132757      1.88436040934552 -0.000191614537127524   -0.0718084035687586 -8.69568145853239e-18 -7.41758372142479e-18 -8.19112156520144e-17 -1.96504749806784e-17 -0.000192956631135095
 5.61206806959795e-10 -4.92562544264293e-06 -0.000191614537127524      1.99998972314718   0.00424947350986921   2.7143231843162e-16  8.50686819250314e-17  2.90619716567469e-15 -1.51050146851837e-16  7.10242922834467e-06
 -4.5849993973388e-07 -8.16963069271543e-05   -0.0718084035687586   0.00424947350986921    0.0392753889964126 -1.32375742674243e-18 -1.96528832038421e-16  1.18200205720971e-16  8.84241419096449e-18  -0.00337539661501731
 -9.5127229436723e-18  2.16898355031642e-20 -8.69568145853239e-18   2.7143231843162e-16 -1.32375742674243e-18      1.98145407239097 -5.61145382776574e-16    -0.183921516357263    -0.047034783135702 -3.35120152732184e-17
 4.27637848375381e-18 -9.40165369636254e-21 -7.41758372142479e-18  8.50686819250314e-17 -1.96528832038421e-16 -5.61145382776574e-16      1.98145407239097   -0.0470347831357069     0.183921516357259 -5.98742160401926e-17
-8.34928936270412e-17  2.18556944235436e-19 -8.19112156520144e-17  2.90619716567469e-15  1.18200205720971e-16    -0.183921516357263   -0.0470347831357069     0.056748858089898 -9.02186461733024e-17 -4.83105770093685e-16
-6.65351071175904e-17  6.42393973001261e-20 -1.96504749806784e-17 -1.51050146851837e-16  8.84241419096449e-18    -0.047034783135702     0.183921516357259 -9.02186461733024e-17    0.0567488580898964  5.05452627576373e-16
-8.75668951066735e-10 -1.15958617921502e-06 -0.000192956631135095  7.10242922834467e-06  -0.00337539661501731 -3.35120152732184e-17 -5.98742160401926e-17 -4.83105770093685e-16  5.05452627576373e-16      1.99999414668446
TOTAL ENERGY: -123.606606280025	 lambda: -9.25	 population of target: 3.99999966788544
1RDM: 
     1.99999999999971 -2.08778694942284e-09 -1.58322473679059e-07  5.87760393428599e-10 -4.71317693958258e-07 -9.51076742028659e-18  4.27174498478135e-18 -8.34853372181154e-17 -6.64842809697375e-17 -8.98660710155369e-10
-2.08778694942284e-09      1.99997447086497  -0.00166362124482884 -4.92609443092294e-06 -8.16963225306148e-05  2.16894037649422e-20 -9.40107182633972e-21  2.18553704868007e-19  6.42306087583994e-20 -1.16078910500277e-06
-1.58322473679059e-07  -0.00166362124482884      1.88436040982155 -0.000191681951155461   -0.0718083915465073 -8.69526460931773e-18 -7.41817204536005e-18 -8.19100476633576e-17 -1.96496401319454e-17 -0.000193129403281423
 5.87760393428599e-10 -4.92609443092294e-06 -0.000191681951155461      1.99998972751128    0.0042484254431067  2.71428956143533e-16   8.5026736191792e-17  2.90606098571029e-15  -1.5064351187474e-16  7.10619790061233e-06
-4.71317693958258e-07 -8.16963225306148e-05   -0.0718083915465073    0.0042484254431067    0.0392753939845413 -1.31596285093255e-18 -1.96544356872645e-16  1.18198556036638e-16  8.84130377466584e-18  -0.00337808240415848
-9.51076742028659e-18  2.16894037649422e-20 -8.69526460931773e-18  2.71428956143533e-16 -1.31596285093255e-18      1.98145411184552 -5.76551679346907e-16    -0.183921322599548   -0.0470347335823189  -3.3498122892523e-17
 4.27174498478135e-18 -9.40107182633972e-21 -7.41817204536005e-18   8.5026736191792e-17 -1.96544356872645e-16 -5.76551679346907e-16      1.98145411184552   -0.0470347335823233     0.183921322599541 -5.98789578906703e-17
-8.34853372181154e-17  2.18553704868007e-19 -8.19100476633576e-17  2.90606098571029e-15  1.18198556036638e-16    -0.183921322599548   -0.0470347335823233    0.0567488183924474 -2.05087846089149e-17 -4.82979748460919e-16
-6.64842809697375e-17  6.42306087583994e-20 -1.96496401319454e-17  -1.5064351187474e-16  8.84130377466584e-18   -0.0470347335823189     0.183921322599541 -2.05087846089149e-17    0.0567488183924436  5.05532474418875e-16
-8.98660710155369e-10 -1.16078910500277e-06 -0.000193129403281423  7.10619790061233e-06  -0.00337808240415848  -3.3498122892523e-17 -5.98789578906703e-17 -4.82979748460919e-16  5.05532474418875e-16      1.99999413734205
TOTAL ENERGY: -123.60660629168	 lambda: -9.2	 population of target: 3.99999966914892
1RDM: 
     1.99999999999971 -2.09282602883384e-09 -1.59102333233999e-07    6.144751105936e-10 -4.84220798084628e-07 -9.50880439432775e-18  4.26709235952996e-18  -8.3477756173123e-17  -6.6433247122174e-17 -9.21847203099932e-10
-2.09282602883384e-09      1.99997447086497  -0.00166362124741651 -4.92656911404203e-06 -8.16963383615774e-05  2.16888902724981e-20 -9.40051056322794e-21  2.18550392302425e-19  6.42217925422487e-20 -1.16200816103112e-06
-1.59102333233999e-07  -0.00166362124741651      1.88436041036619 -0.000191750209110288   -0.0718083795130696 -8.69486145678627e-18  -7.4187711031206e-18 -8.19090090158634e-17 -1.96488207188544e-17 -0.000193304587553714
   6.144751105936e-10 -4.92656911404203e-06 -0.000191750209110288      1.99998973193047   0.00424736390100695  2.71425549528362e-16  8.49842475493573e-17  2.90592303984002e-15 -1.50231614952872e-16   7.1100212234309e-06
-4.84220798084628e-07 -8.16963383615774e-05   -0.0718083795130696   0.00424736390100695     0.039275399057357 -1.30805658788254e-18 -1.96560104092996e-16  1.18196891356701e-16  8.84016460801869e-18  -0.00338080699663953
-9.50880439432775e-18  2.16888902724981e-20 -8.69486145678627e-18  2.71425549528362e-16 -1.30805658788254e-18      1.98145415187135  -4.0896499314119e-16      -0.1839211260411   -0.0470346832972511 -3.34840300498742e-17
 4.26709235952996e-18 -9.40051056322794e-21  -7.4187711031206e-18  8.49842475493573e-17 -1.96560104092996e-16  -4.0896499314119e-16      1.98145415187135   -0.0470346832972545     0.183921126041097 -5.98837666442368e-17
 -8.3477756173123e-17  2.18550392302425e-19 -8.19090090158634e-17  2.90592303984002e-15  1.18196891356701e-16      -0.1839211260411   -0.0470346832972545    0.0567487780907514 -2.45890014928961e-17 -4.82851904281284e-16
 -6.6433247122174e-17  6.42217925422487e-20 -1.96488207188544e-17 -1.50231614952872e-16  8.84016460801869e-18   -0.0470346832972511     0.183921126041097 -2.45890014928961e-17    0.0567487780907464  5.05613458065048e-16
-9.21847203099932e-10 -1.16200816103112e-06 -0.000193304587553714   7.1100212234309e-06  -0.00338080699663953 -3.34840300498742e-17 -5.98837666442368e-17 -4.82851904281284e-16  5.05613458065048e-16      1.99999412785714
TOTAL ENERGY: -123.60660630352	 lambda: -9.15	 population of target: 3.99999967043937
1RDM: 
     1.99999999999969 -2.09789800300062e-09 -1.59887359288665e-07  6.41352761306425e-10 -4.97210315317569e-07 -9.50683380746937e-18  4.26242048935495e-18 -8.34701502197198e-17  -6.6382004289754e-17  -9.4523153047813e-10
-2.09789800300062e-09      1.99997447086494  -0.00166362125315355 -4.92704951544395e-06 -8.16963539661068e-05  2.16889466933607e-20 -9.39978862046165e-21   2.1854741880803e-19  6.42129407617065e-20 -1.16324369197841e-06
-1.59887359288665e-07  -0.00166362125315355      1.88436041063763 -0.000191819321824767    -0.071808367450054 -8.69432725695442e-18 -7.41934148749506e-18 -8.19070117483322e-17   -1.964803368946e-17 -0.000193482220647367
 6.41352761306425e-10 -4.92704951544395e-06 -0.000191819321824767      1.99998973640585   0.00424628861551363  2.71422096824084e-16  8.49412051276531e-17  2.90578328266442e-15 -1.49814352045099e-16  7.11389939343232e-06
