Naturals in-correctThe Davidson algorithm did not converge.lambda: -1
The Davidson algorithm did not converge.lambda: -0.9
The Davidson algorithm did not converge.lambda: -0.8
The Davidson algorithm did not converge.lambda: -0.7
The Davidson algorithm did not converge.lambda: -0.6
The Davidson algorithm did not converge.lambda: -0.5
The Davidson algorithm did not converge.lambda: -0.4
The Davidson algorithm did not converge.lambda: -0.3
The Davidson algorithm did not converge.lambda: -0.2
The Davidson algorithm did not converge.lambda: -0.1
TOTAL ENERGY: -127.172374575856	 lambda: 0	 population of target: 6.91600411729236
1RDM: 
     1.99999999528871  1.22098074120567e-16  9.65679475126787e-15  3.73168267275816e-13  4.22789465569806e-12 -1.40407474703364e-17  4.94762016452949e-19 -5.27101087295384e-17 -7.41746975031636e-18 -3.40649311576754e-12
 1.22098074120567e-16      1.99999992147322  2.28445337105547e-13  3.10691430611783e-12  3.67042033570842e-12 -1.76966423706823e-17  6.01630754102818e-17  -8.0294167390234e-17   1.2414581232046e-17 -2.63148379344021e-12
 9.65679475126787e-15  2.28445337105547e-13        1.999958554407 -1.46822803931877e-11 -2.50789368475336e-10 -4.32870207202966e-16 -4.53157061529776e-15 -4.89402921370667e-15  3.72831513379481e-16 -1.37055614063341e-11
 3.73168267275816e-13  3.10691430611783e-12 -1.46822803931877e-11       1.9970713276368  4.53439451774129e-11 -4.90783145770421e-16 -7.98957281403604e-15 -9.10146728446127e-15  2.97596345780984e-16  3.65889902585496e-10
 4.22789465569806e-12  3.67042033570842e-12 -2.50789368475336e-10  4.53439451774129e-11      1.35099179175015  4.14699873031142e-13  -5.3311696455934e-13  1.31432844698666e-12  3.70254578001982e-13 -1.72378491151351e-09
-1.40407474703364e-17 -1.76966423706823e-17 -4.32870207202966e-16 -4.90783145770421e-16  4.14699873031142e-13      1.05110815553932 -6.47458897521448e-16 -5.18229865149351e-11 -1.33013869726841e-11 -5.17685607643206e-13
 4.94762016452949e-19  6.01630754102818e-17 -4.53157061529776e-15 -7.98957281403604e-15  -5.3311696455934e-13 -6.47458897521448e-16      1.05110815553901  7.94174036068105e-11 -5.18233727307389e-11  1.53500351411295e-12
-5.27101087295384e-17  -8.0294167390234e-17 -4.89402921370667e-15 -9.10146728446127e-15  1.31432844698666e-12 -5.18229865149351e-11  7.94174036068105e-11     0.948976309762646 -6.45442349832749e-16 -8.61690491942872e-13
-7.41746975031636e-18   1.2414581232046e-17  3.72831513379481e-16  2.97596345780984e-16  3.70254578001982e-13 -1.33013869726841e-11 -5.18233727307389e-11 -6.45442349832749e-16     0.948976309762343 -5.17079115039406e-13
-3.40649311576754e-12 -2.63148379344021e-12 -1.37055614063341e-11  3.65889902585496e-10 -1.72378491151351e-09 -5.17685607643206e-13  1.53500351411295e-12 -8.61690491942872e-13 -5.17079115039406e-13     0.651809478840858
TOTAL ENERGY: -127.170216872543	 lambda: 0.1	 population of target: 6.97723000089077
1RDM: 
     1.99999999462806 -1.86204695367015e-09  4.98481022598977e-08  1.13989650222016e-07 -8.05115554975063e-06 -3.80809280462151e-19  1.16769617924397e-18 -1.97298436235146e-18  1.59621401323809e-19 -5.87916573883002e-06
-1.86204695367015e-09      1.99999994188546  3.84697946423551e-07 -3.34606653960679e-07  7.07277751286681e-05 -2.66488043486998e-17  7.04174285640454e-17 -1.01899919937592e-16  4.61828463840166e-18  0.000136533246773494
 4.98481022598977e-08  3.84697946423551e-07      1.99994474483898 -0.000117252715272203   0.00121220348477144  3.22881298304872e-18  5.75660119455699e-18  1.31834755921408e-18 -1.60317413052483e-17  0.000638475173281118
 1.13989650222016e-07 -3.34606653960679e-07 -0.000117252715272203      1.99898644616229   0.00850223971565772 -1.15531841214694e-18 -3.21539201214979e-18  1.07534024708802e-17  1.33183124534977e-17    0.0119110096202316
-8.05115554975063e-06  7.07277751286681e-05   0.00121220348477144   0.00850223971565772      1.19868621758112   2.3144394443378e-15 -3.94129273170332e-15  3.39948244535548e-15   2.3703647899013e-15   -0.0237185791138089
-3.80809280462151e-19 -2.66488043486998e-17  3.22881298304872e-18 -1.15531841214694e-18   2.3144394443378e-15      1.02943360355529 -7.93632614442635e-16  2.77021331158578e-10 -0.000498186627071901 -3.17998334032999e-15
 1.16769617924397e-18  7.04174285640454e-17  5.75660119455699e-18 -3.21539201214979e-18 -3.94129273170332e-15 -7.93632614442635e-16       1.0294336035546  0.000498186665146973  2.77021231701342e-10  4.76770672189405e-15
-1.97298436235146e-18 -1.01899919937592e-16  1.31834755921408e-18  1.07534024708802e-17  3.39948244535548e-15  2.77021331158578e-10  0.000498186665146973     0.970608809669032  -7.9263317876642e-16 -4.89613323866521e-15
 1.59621401323809e-19  4.61828463840166e-18 -1.60317413052483e-17  1.33183124534977e-17   2.3703647899013e-15 -0.000498186627071901  2.77021231701342e-10  -7.9263317876642e-16     0.970608809668343 -2.96528780997232e-15
-5.87916573883002e-06  0.000136533246773494  0.000638475173281118    0.0119110096202316   -0.0237185791138089 -3.17998334032999e-15  4.76770672189405e-15 -4.89613323866521e-15 -2.96528780997232e-15     0.802297828456821
TOTAL ENERGY: -127.168379005099	 lambda: 0.2	 population of target: 6.99032291450936
1RDM: 
     1.99999999395363 -1.88498361977153e-09  7.30373757750116e-08   1.0306605221519e-07 -1.34741091296084e-05 -1.86609379625611e-19  7.69865480374042e-19 -2.15035185202979e-18  1.39983782588866e-19 -3.96229813102504e-06
-1.88498361977153e-09      1.99999992356772  5.33809187691613e-07 -2.85340621139711e-06   0.00011497966075882 -2.66012767133597e-17  7.12735513813807e-17 -1.01445666020243e-16  4.05740417155566e-18  0.000188762080470522
 7.30373757750116e-08  5.33809187691613e-07      1.99993153275343 -0.000125462641073284   0.00184709789777336  6.48349234603815e-18  6.34167411503944e-20  1.82485337021698e-18 -1.62224665721418e-17  0.000499045700992238
  1.0306605221519e-07 -2.85340621139711e-06 -0.000125462641073284       1.9992113851607    0.0129486520463026 -1.29447524881717e-17  6.27985762410801e-18 -3.52460244323183e-18  1.56575839109978e-17    0.0156678040793732
-1.34741091296084e-05   0.00011497966075882   0.00184709789777336    0.0129486520463026      1.14429556415625  3.54939781900718e-17 -3.63915657217309e-17 -4.98276445596416e-17  -3.6055579896033e-17   -0.0236332697540293
-1.86609379625611e-19 -2.66012767133597e-17  6.48349234603815e-18 -1.29447524881717e-17  3.54939781900718e-17      1.02153225726567 -6.52873891547981e-17  8.44606220542131e-11 -0.000500895561718618   3.5577756954915e-17
 7.69865480374042e-19  7.12735513813807e-17  6.34167411503944e-20  6.27985762410801e-18 -3.63915657217309e-17 -6.52873891547981e-17      1.02153225726519  0.000500895589573163  8.44605506581347e-11   -4.924787046786e-17
-2.15035185202979e-18 -1.01445666020243e-16  1.82485337021698e-18 -3.52460244323183e-18 -4.98276445596416e-17  8.44606220542131e-11  0.000500895589573163     0.978501778136262   -6.528179397849e-17 -3.30475483065995e-17
 1.39983782588866e-19  4.05740417155566e-18 -1.62224665721418e-17  1.56575839109978e-17  -3.6055579896033e-17 -0.000500895561718618  8.44605506581347e-11   -6.528179397849e-17      0.97850177813578 -3.48943271651672e-17
-3.96229813102504e-06  0.000188762080470522  0.000499045700992238    0.0156678040793732   -0.0236332697540293   3.5577756954915e-17   -4.924787046786e-17 -3.30475483065995e-17 -3.48943271651672e-17     0.856493529605424
TOTAL ENERGY: -127.16721191824	 lambda: 0.3	 population of target: 6.99512031126551
1RDM: 
     1.99999999319173 -1.74044584154521e-09  7.25072167488902e-08  6.96031440161725e-08 -1.79182770236866e-05 -6.94708722120832e-20  4.88058033716213e-19 -2.42356681750424e-18  4.16460475882315e-20  3.94696079856605e-08
-1.74044584154521e-09      1.99999990461411  6.18993446872264e-07 -4.88575586816055e-06  0.000144352589006505 -2.62450321437413e-17  7.15097168433709e-17 -1.01102464118998e-16  3.64735649514353e-18  0.000221473339762861
 7.25072167488902e-08  6.18993446872264e-07      1.99992158894462 -0.000123760533298982   0.00229234268234393  8.33221247286965e-18  2.92820269233674e-18  4.40887535118603e-18 -1.87880955301427e-17  0.000154908235806825
 6.96031440161725e-08 -4.88575586816055e-06 -0.000123760533298982      1.99921040861712    0.0156678030806353 -1.58595928497142e-17  8.47280461620738e-18 -2.17590765660834e-18    2.188908115434e-17    0.0175891510751304
-1.79182770236866e-05  0.000144352589006505   0.00229234268234393    0.0156678030806353      1.11885836761156  3.30551691494547e-17 -4.56397183318376e-17 -5.85001168026548e-17 -4.12988526672709e-17   -0.0222690363064607
-6.94708722120832e-20 -2.62450321437413e-17  8.33221247286965e-18 -1.58595928497142e-17  3.30551691494547e-17       1.0178051342445 -1.13740102966964e-16   2.2067997166932e-10  -0.00047511028208851   3.9226089093133e-17
 4.88058033716213e-19  7.15097168433709e-17  2.92820269233674e-18  8.47280461620738e-18 -4.56397183318376e-17 -1.13740102966964e-16      1.01780513424383  0.000475110305115981  2.20679916159173e-10 -5.42452948674375e-17
-2.42356681750424e-18 -1.01102464118998e-16  4.40887535118603e-18 -2.17590765660834e-18 -5.85001168026548e-17   2.2067997166932e-10  0.000475110305115981     0.982226141998942 -1.13430389148669e-16 -3.94203206299707e-17
 4.16460475882315e-20  3.64735649514353e-18 -1.87880955301427e-17    2.188908115434e-17 -4.12988526672709e-17  -0.00047511028208851  2.20679916159173e-10 -1.13430389148669e-16     0.982226141998273 -3.01009797712626e-17
 3.94696079856605e-08  0.000221473339762861  0.000154908235806825    0.0175891510751304   -0.0222690363064607   3.9226089093133e-17 -5.42452948674375e-17 -3.94203206299707e-17 -3.01009797712626e-17     0.881947184535364
TOTAL ENERGY: -127.166384425553	 lambda: 0.4	 population of target: 6.99751650642692
1RDM: 
      1.9999999922263 -1.63098621429322e-09  5.69605942102943e-08  2.37968940431548e-08 -2.21526981532936e-05  4.18468509759783e-20  1.98353550134162e-19 -2.71476497554192e-18 -6.16066558894591e-20  5.19457092083325e-06
-1.63098621429322e-09      1.99999988753139   6.9737569847429e-07  -6.4842681501851e-06  0.000165331211486293 -2.58423351215017e-17  7.16072427948892e-17 -1.00935157597509e-16  3.22851533764845e-18  0.000246684359068201
 5.69605942102943e-08   6.9737569847429e-07      1.99991223259492 -0.000121914347633694   0.00267827891788439  1.04886579950413e-17  6.03480681507825e-18  7.40121461360672e-18 -2.15060741889724e-17 -0.000294055356926723
 2.37968940431548e-08  -6.4842681501851e-06 -0.000121914347633694      1.99916401456188    0.0175518474773602 -1.88509611997004e-17  1.06440402389908e-17 -4.93424471570198e-19  2.75306724157276e-17    0.0188148028551149
-2.21526981532936e-05  0.000165331211486293   0.00267827891788439    0.0175518474773602      1.10573677933158   3.0428183172681e-17 -5.31473586064395e-17 -6.60774899864877e-17 -4.50718634619039e-17   -0.0214545360518637
 4.18468509759783e-20 -2.58423351215017e-17  1.04886579950413e-17 -1.88509611997004e-17   3.0428183172681e-17       1.0158731158886 -1.14508651872777e-16  2.29773524809626e-10 -0.000459801809602939  4.23839710549115e-17
 1.98353550134162e-19  7.16072427948892e-17  6.03480681507825e-18  1.06440402389908e-17 -5.31473586064395e-17 -1.14508651872777e-16      1.01587311588787   0.00045980183012794  2.29773476894241e-10 -5.86939271802984e-17
-2.71476497554192e-18 -1.00935157597509e-16  7.40121461360672e-18 -4.93424471570198e-19 -6.60774899864877e-17  2.29773524809626e-10   0.00045980183012794     0.984157022732674 -1.14147446720835e-16 -4.44831641160022e-17
-6.16066558894591e-20  3.22851533764845e-18 -2.15060741889724e-17  2.75306724157276e-17 -4.50718634619039e-17 -0.000459801809602939  2.29773476894241e-10 -1.14147446720835e-16     0.984157022731943 -2.55891792500123e-17
 5.19457092083325e-06  0.000246684359068201 -0.000294055356926723    0.0188148028551149   -0.0214545360518637  4.23839710549115e-17 -5.86939271802984e-17 -4.44831641160022e-17 -2.55891792500123e-17     0.895126816512877
TOTAL ENERGY: -127.165702457723	 lambda: 0.5	 population of target: 6.99904130532474
1RDM: 
     1.99999999092829 -1.56735156571975e-09  2.76978809816917e-08 -3.40831031042148e-08 -2.65212459627767e-05  1.49353244227527e-19 -9.85166105266087e-20 -3.01882194429692e-18 -1.65147978845797e-19  1.13512680744079e-05
-1.56735156571975e-09      1.99999987210817  7.96614340327419e-07 -7.76921453238734e-06  0.000180852047616874 -2.54175560669451e-17  7.16272048713835e-17 -1.00870542323857e-16  2.80632461469344e-18  0.000268308088191166
 2.76978809816917e-08  7.96614340327419e-07      1.99990136060039 -0.000121646266491003   0.00305699796676901  1.29037915651893e-17  9.45186004566102e-18  1.08024732237757e-17 -2.44575126594475e-17 -0.000828549953068924
-3.40831031042148e-08 -7.76921453238734e-06 -0.000121646266491003      1.99910929088159    0.0189639258817259 -2.19442550157619e-17  1.28214979319739e-17  1.37592336399268e-18  3.28246850544702e-17    0.0196901158349983
-2.65212459627767e-05  0.000180852047616874   0.00305699796676901    0.0189639258817259      1.09942692987511  2.88948695037403e-17  -6.0959957955546e-17 -7.47248746727687e-17  -4.9191216843011e-17   -0.0213852324896598
 1.49353244227527e-19 -2.54175560669451e-17  1.29037915651893e-17 -2.19442550157619e-17  2.88948695037403e-17      1.01494110979971 -1.20063201542465e-16  1.94935463554828e-10 -0.000459421711816371  4.61333267482826e-17
-9.85166105266087e-20  7.16272048713835e-17  9.45186004566102e-18  1.28214979319739e-17  -6.0959957955546e-17 -1.20063201542465e-16      1.01494110979896  0.000459421731134302   1.9493541993808e-10 -6.42875118108608e-17
-3.01882194429692e-18 -1.00870542323857e-16  1.08024732237757e-17  1.37592336399268e-18 -7.47248746727687e-17  1.94935463554828e-10  0.000459421731134302     0.985088544535927 -1.19737175494624e-16 -4.97356831844628e-17
-1.65147978845797e-19  2.80632461469344e-18 -2.44575126594475e-17  3.28246850544702e-17  -4.9191216843011e-17 -0.000459421711816371   1.9493541993808e-10 -1.19737175494624e-16     0.985088544535179 -2.22697666795192e-17
 1.13512680744079e-05  0.000268308088191166 -0.000828549953068924    0.0196901158349983   -0.0213852324896598  4.61333267482826e-17 -6.42875118108608e-17 -4.97356831844628e-17 -2.22697666795192e-17     0.901503246936712
TOTAL ENERGY: -127.165024236236	 lambda: 0.6	 population of target: 7.00027601090611
1RDM: 
     1.99999998911169 -1.49383610085477e-09 -2.01373057464698e-08 -1.07025768077423e-07 -3.12169726959609e-05  2.53218600025795e-19 -4.02641346172134e-19 -3.33445432631286e-18 -2.66678299198615e-19  1.86062625193084e-05
-1.49383610085477e-09       1.9999998578215  9.42326656164361e-07 -8.81674732249748e-06  0.000192416818864638  -2.4979830579381e-17  7.15917704645998e-17 -1.00882156431198e-16  2.38328823460337e-18  0.000288194704491905
-2.01373057464698e-08  9.42326656164361e-07      1.99988661313382 -0.000123733102697012   0.00345534114439781   1.5592141517194e-17  1.32440875117243e-17  1.46524580894951e-17 -2.77100845987387e-17   -0.0014547525238909
-1.07025768077423e-07 -8.81674732249748e-06 -0.000123733102697012      1.99905574226022    0.0200788778305603 -2.51064560108401e-17  1.50221620359772e-17  3.37845278497241e-18  3.78696774733503e-17    0.0203560267093812
-3.12169726959609e-05  0.000192416818864638   0.00345534114439781    0.0200788778305603      1.09789155163017  2.87349117969963e-17 -7.04493717723315e-17  -8.5690405237317e-17 -5.47636391785494e-17   -0.0221454512842937
 2.53218600025795e-19  -2.4979830579381e-17   1.5592141517194e-17 -2.51064560108401e-17  2.87349117969963e-17      1.01471343370483 -1.37905314280257e-16  2.37420628948952e-10 -0.000475824684889789  5.12742332698114e-17
-4.02641346172134e-19  7.15917704645998e-17  1.32440875117243e-17  1.50221620359772e-17 -7.04493717723315e-17 -1.37905314280257e-16       1.0147134337042   0.00047582470391704  2.37420587967117e-10 -7.17553505666785e-17
-3.33445432631286e-18 -1.00882156431198e-16  1.46524580894951e-17  3.37845278497241e-18  -8.5690405237317e-17  2.37420628948952e-10   0.00047582470391704     0.985316093339945 -1.37587132576327e-16 -5.61348075513364e-17
-2.66678299198615e-19  2.38328823460337e-18 -2.77100845987387e-17  3.78696774733503e-17 -5.47636391785494e-17 -0.000475824684889789  2.37420587967117e-10 -1.37587132576327e-16     0.985316093339312 -2.00559384306091e-17
 1.86062625193084e-05  0.000288194704491905   -0.0014547525238909    0.0203560267093812   -0.0221454512842937  5.12742332698114e-17 -7.17553505666785e-17 -5.61348075513364e-17 -2.00559384306091e-17      0.90310719195434
TOTAL ENERGY: -127.164184640062	 lambda: 0.7	 population of target: 7.00156491962924
1RDM: 
     1.99999998646328 -1.26766388400917e-09 -1.00730373385848e-07 -2.01547627428458e-07 -3.63682129113059e-05  3.52848236100697e-19 -7.14252221730718e-19 -3.66186390577913e-18 -3.64225947022016e-19  2.72224906537766e-05
-1.26766388400917e-09      1.99999984400422  1.17459311722726e-06 -9.66680551547669e-06   0.00020086094564476 -2.45320972805793e-17  7.15060485289966e-17 -1.00965947655271e-16  1.96106524866318e-18   0.00030755379721809
-1.00730373385848e-07  1.17459311722726e-06      1.99986418893147 -0.000129274415996693   0.00389079765266262  1.85931158222095e-17  1.74749408732179e-17   1.9010717960798e-17  -3.1349722550879e-17  -0.00219513166731597
-2.01547627428458e-07 -9.66680551547669e-06 -0.000129274415996693      1.99900572611638    0.0209917604272833 -2.82922576297957e-17  1.72545132959266e-17   5.4869046257105e-18  4.27050542792309e-17      0.02088198722311
-3.63682129113059e-05   0.00020086094564476   0.00389079765266262    0.0209917604272833      1.10065735128651  3.05023231105866e-17 -8.30455436984347e-17 -1.00607320897401e-16 -6.28724374319044e-17   -0.0239534298518676
 3.52848236100697e-19 -2.45320972805793e-17  1.85931158222095e-17 -2.82922576297957e-17  3.05023231105866e-17      1.01512153567865 -1.58625667427332e-16  2.56757710624174e-10 -0.000513416145161934  5.85754430082993e-17
-7.14252221730718e-19  7.15060485289966e-17  1.74749408732179e-17  1.72545132959266e-17 -8.30455436984347e-17 -1.58625667427332e-16      1.01512153567793   0.00051341616471599  2.56757670631145e-10 -8.21051839032649e-17
-3.66186390577913e-18 -1.00965947655271e-16   1.9010717960798e-17   5.4869046257105e-18 -1.00607320897401e-16  2.56757710624174e-10   0.00051341616471599     0.984908152847044 -1.58256123685349e-16 -6.45313292275772e-17
-3.64225947022016e-19  1.96106524866318e-18  -3.1349722550879e-17  4.27050542792309e-17 -6.28724374319044e-17 -0.000513416145161934  2.56757670631145e-10 -1.58256123685349e-16     0.984908152846323 -1.90926167352289e-17
 2.72224906537766e-05   0.00030755379721809  -0.00219513166731597      0.02088198722311   -0.0239534298518676  5.85754430082993e-17 -8.21051839032649e-17 -6.45313292275772e-17 -1.90926167352289e-17     0.900413526148194
TOTAL ENERGY: -127.162885612195	 lambda: 0.8	 population of target: 7.00328923058099
1RDM: 
     1.99999998238449 -5.36533739575861e-10  -2.4924711374733e-07 -3.31040559520297e-07 -4.20504335970577e-05   4.4707778591459e-19 -1.03325996037538e-18 -4.00202702372351e-18 -4.55187019705617e-19  3.76829368434586e-05
-5.36533739575861e-10      1.99999982958252   1.5767154943073e-06 -1.03269125978113e-05  0.000206664842311189 -2.40733742065508e-17  7.13628197682678e-17 -1.01136383792601e-16  1.54106204747305e-18  0.000327501361281807
 -2.4924711374733e-07   1.5767154943073e-06      1.99982633474651 -0.000140499451528517   0.00437634431633616  2.19616860201646e-17  2.22026868161681e-17  2.39461784090255e-17 -3.55061944191278e-17  -0.00309332113807949
-3.31040559520297e-07 -1.03269125978113e-05 -0.000140499451528517      1.99895933107349    0.0217577057173538 -3.14341240326935e-17  1.95036575443208e-17  7.68093185466689e-18  4.73432647239874e-17    0.0213069247461385
-4.20504335970577e-05  0.000206664842311189   0.00437634431633616    0.0217577057173538      1.10844501332315  3.54946438141175e-17 -1.01094496464389e-16 -1.22330199555099e-16 -7.54042888288502e-17    -0.027339044420491
  4.4707778591459e-19 -2.40733742065508e-17  2.19616860201646e-17 -3.14341240326935e-17  3.54946438141175e-17       1.0162708679729 -1.89702557701376e-16  2.90846660292607e-10 -0.000582652457680839  6.93623053288359e-17
-1.03325996037538e-18  7.13628197682678e-17  2.22026868161681e-17  1.95036575443208e-17 -1.01094496464389e-16 -1.89702557701376e-16      1.01627086797215  0.000582652478724883  2.90846620041161e-10 -9.70833535901518e-17
-4.00202702372351e-18 -1.01136383792601e-16  2.39461784090255e-17  7.68093185466689e-18 -1.22330199555099e-16  2.90846660292607e-10  0.000582652478724883     0.983759350876289 -1.89307888756431e-16 -7.61967592121229e-17
-4.55187019705617e-19  1.54106204747305e-18 -3.55061944191278e-17  4.73432647239874e-17 -7.54042888288502e-17 -0.000582652457680839  2.90846620041161e-10 -1.89307888756431e-16     0.983759350875548 -1.99457927753361e-17
 3.76829368434586e-05  0.000327501361281807  -0.00309332113807949    0.0213069247461385    -0.027339044420491  6.93623053288359e-17 -9.70833535901518e-17 -7.61967592121229e-17 -1.99457927753361e-17     0.892709071192966
TOTAL ENERGY: -127.160398197648	 lambda: 0.9	 population of target: 7.0061977365999
1RDM: 
     1.99999997554509  1.66936547508161e-09 -5.59664717977124e-07 -5.26059383210462e-07 -4.82177187279508e-05  5.34096017695892e-19 -1.35827199466802e-18 -4.35626294482293e-18 -5.34895845702285e-19   5.0906085779216e-05
 1.66936547508161e-09      1.99999981214911  2.36030153183767e-06 -1.07565703594859e-05  0.000210115806935851 -2.35975847868604e-17  7.11380252921803e-17 -1.01436427890691e-16  1.12505929856747e-18  0.000349530196804395
-5.59664717977124e-07  2.36030153183767e-06      1.99975383729142 -0.000162549389061007   0.00491820150266052  2.57619606029451e-17  2.74524399013915e-17  2.95167401077881e-17 -4.04065152267038e-17  -0.00423560488745273
-5.26059383210462e-07 -1.07565703594859e-05 -0.000162549389061007      1.99891564568345     0.022406090013419 -3.44392237791091e-17  2.17130116488953e-17  9.89825542752226e-18  5.17456679060524e-17    0.0216546524084455
-4.82177187279508e-05  0.000210115806935851   0.00491820150266052     0.022406090013419      1.12370991236751  4.71220620017881e-17 -1.29439390938975e-16 -1.56873183402293e-16 -9.64905176992874e-17   -0.0335873603309388
 5.34096017695892e-19 -2.35975847868604e-17  2.57619606029451e-17 -3.44392237791091e-17  4.71220620017881e-17      1.01851884881324 -2.35598663606365e-16  3.50732439624949e-10 -0.000708381990564636  8.62660446685047e-17
-1.35827199466802e-18  7.11380252921803e-17  2.74524399013915e-17  2.17130116488953e-17 -1.29439390938975e-16 -2.35598663606365e-16      1.01851884881241  0.000708382014521649  3.50732397631431e-10 -1.20187404378349e-16
-4.35626294482293e-18 -1.01436427890691e-16  2.95167401077881e-17  9.89825542752226e-18 -1.56873183402293e-16  3.50732439624949e-10  0.000708382014521649     0.981512591577795 -2.35131851356397e-16 -9.34786761791773e-17
-5.34895845702285e-19  1.12505929856747e-18 -4.04065152267038e-17  5.17456679060524e-17 -9.64905176992874e-17 -0.000708381990564636  3.50732397631431e-10 -2.35131851356397e-16      0.98151259157696 -2.43248719148436e-17
  5.0906085779216e-05  0.000349530196804395  -0.00423560488745273    0.0216546524084455   -0.0335873603309388  8.62660446685047e-17 -1.20187404378349e-16 -9.34786761791773e-17 -2.43248719148436e-17     0.877557936183023
-------------------general-----------------------
mullikenoperator: 
 0.000301708823418798    0.0173645513614763  0.000157881250588944  0.000376263533198687 -1.09767459561513e-07  2.70180856475114e-17 -5.13873021489927e-17 -5.60087812693094e-17 -2.82837220551714e-17  3.63737763271478e-05
   0.0173645513614763     0.999554679728736    0.0118674683827248   0.00149969226019515  0.000504510253686814  6.55260961417178e-17  8.17853846968529e-17 -8.49971106345171e-17 -9.00767308373228e-17  0.000524337410010525
 0.000157881250588945    0.0118674683827248    0.0165591176772199    -0.127073564622619  0.000857946415892084  2.40443273195392e-17  5.48226810108201e-17  5.65269948421589e-17 -2.99629191791673e-17  -0.00960670526185431
 0.000376263533198683   0.00149969226019508    -0.127073564622619     0.982024007972073    0.0318376652794258 -2.94884215310516e-18  2.31769383517022e-17  9.39983663568078e-18   3.6370917090124e-17    0.0242455870342658
-1.09767459562394e-07  0.000504510253686808  0.000857946415892088    0.0318376652794259     0.389544217356241  6.26402373047747e-17 -6.85061045357474e-17  -6.7297154878064e-17 -8.27341538019256e-17    -0.486832591425607
 2.70180856477728e-17  6.55260961416075e-17  2.40443273156312e-17 -2.94884213594343e-18  6.26402371379247e-17     0.483983291909496 -1.06597954148282e-15  2.49698871385466e-07    -0.499746010876536 -4.17712316450191e-17
-5.13873021491827e-17  8.17853846969759e-17   5.4822681013791e-17  2.31769383458275e-17 -6.85061045308752e-17 -1.01677923267138e-15     0.483983291262558     0.499746010855803  2.49698871471091e-07   1.5610529432427e-17
-5.60087812695109e-17 -8.49971106343769e-17   5.6526994845438e-17  9.39983662795989e-18 -6.72971548639733e-17  2.49698871419452e-07     0.499746010855803     0.516016708737443 -7.09944228456971e-16  1.07517056975273e-17
-2.82837220554574e-17 -9.00767308372112e-17 -2.99629191749352e-17   3.6370917070821e-17 -8.27341535973468e-17    -0.499746010876536  2.49698871466372e-07 -7.16708148930217e-16     0.516016708090504  6.71806447584708e-17
 3.63737763271487e-05  0.000524337410010526  -0.00960670526185432    0.0242455870342658    -0.486832591425607  -4.1771231884574e-17   1.5610529434927e-17  1.07517057118886e-17  6.71806450475997e-17     0.612016268442315
selected BF: 
0 1 2 3 4
selected lambdas: 
  -1 -0.9 -0.8 -0.7 -0.6 -0.5 -0.4 -0.3 -0.2 -0.1    0  0.1  0.2  0.3  0.4  0.5  0.6  0.7  0.8  0.9
RHF C: 
-2.96168734360181e-05    -0.995345736370717     0.258968068811833    0.0260290398411227   0.00306429409024459  3.72570798077865e-13 -7.15746380690122e-12 -8.34188946724573e-14 -2.70396912682872e-12   0.00520168394746819
 0.000158295459741204   -0.0190714428239194     -1.02334744158348    -0.103069353455094    -0.012272418744296 -1.47860079642019e-12  2.88205354585386e-11  3.59894258924222e-13  1.06543402003134e-11    -0.021063903434035
 1.98867535002997e-14  3.98080559867465e-15 -7.33752091950805e-12  6.03456388299412e-12  6.82683224023207e-10    0.0298150258276361      0.18150091755886     0.918569010321995    -0.349871255945355   1.4167209774932e-11
 7.02782455958096e-15 -6.50192921522887e-14 -9.57671942969878e-12  2.41017385604089e-11   1.4995518767269e-09   -0.0795031046292976    0.0680659525208653     0.344479110555793     0.932947408031632  5.02014578936286e-11
 0.000266165001345256 -4.97044476003394e-05   -0.0145838879060254    0.0297290273130823     0.998857329496711  1.20522383090631e-10 -1.67036468642512e-10 -1.15304825125525e-09 -1.15570220519144e-09   -0.0464703986965291
   -0.995065933211576 -4.41927097250815e-05    0.0237373751211065    -0.261689186070882    0.0124590010237129  2.16007267858999e-12 -8.56554435522872e-12  -9.2122074229384e-12 -9.03158144294998e-12   0.00423539932161433
  -0.0200444371954416  0.000156429561307487   -0.0922264732477662      1.02374458834399   -0.0503632961682958 -8.77760242079658e-12  3.43038690395938e-11  3.78967414053166e-11   3.7197534717423e-11   -0.0164421899801766
 1.23751869893893e-13  2.20807673255739e-14  1.06030105710773e-11 -9.76119980940085e-12 -2.84850828275397e-11     0.349773088528233     0.917977733986077    -0.184468126683411    0.0309454033038927  7.93178968638137e-10
 8.12897606017903e-14  2.69918946448763e-14  7.68282498659797e-12 -1.04068465271869e-11  3.07955732843164e-12    -0.932685640457417     0.344257371710748   -0.0691787067458448    -0.082517306917022  1.69428197909729e-10
-5.03338412815826e-07 -0.000228382803281621   0.00705921389882205   -0.0170044647145019   -0.0199041170585244  1.13547246666076e-10  7.96938299285097e-10 -1.02004980842196e-10  7.55157379788214e-11     -1.00008796920691
RDM (no constraint): 
     1.99999998821153  2.96142726776406e-08  3.63299894645186e-06  2.06047403204201e-06  1.64183510649543e-05   3.2204615497478e-14 -1.59936612473856e-13 -2.42334849427564e-15 -1.50311861600702e-14  1.71176737889165e-05
 2.96142726776406e-08      1.99999939795503 -4.02918348143521e-05 -9.02500322094649e-06 -0.000108223261460468  -9.5666305866083e-15 -8.62715823077851e-14  1.63160340337872e-13  1.84697789458193e-13  0.000103809753457793
 3.63299894645186e-06 -4.02918348143521e-05      1.99505426247221   -0.0023464071948083   -0.0424858257550475 -1.14299934076906e-12  1.88209627016526e-12  6.13548499187743e-11  5.63751368215679e-11  -0.00491052610288339
 2.06047403204201e-06 -9.02500322094649e-06   -0.0023464071948083      1.99833698560381   -0.0294708192223503 -7.32149806208062e-12  2.71193574561867e-11  1.50135179809925e-11   1.3527751675638e-11   -0.0135670233176478
 1.64183510649543e-05 -0.000108223261460468   -0.0424858257550475   -0.0294708192223503     0.948289676961568 -1.05177633428039e-10 -2.06193204943973e-10  8.80396112488524e-11  3.59859211435557e-11     0.346310216588712
  3.2204615497478e-14  -9.5666305866083e-15 -1.14299934076906e-12 -7.32149806208062e-12 -1.05177633428039e-10      1.01045225196658 -4.85674542756466e-13 -4.44135275404403e-12   -0.0499935999436793  3.19063961869253e-11
-1.59936612473856e-13 -8.62715823077851e-14  1.88209627016526e-12  2.71193574561867e-11 -2.06193204943973e-10 -4.85674542756466e-13      1.02111760052979    0.0465140566823758 -4.43758712710523e-12 -1.06116820279312e-10
-2.42334849427564e-15  1.63160340337872e-13  6.13548499187743e-11  1.50135179809925e-11  8.80396112488524e-11 -4.44135275404403e-12    0.0465140566823758      0.97896686477552   4.9556361934197e-13 -3.50558529790391e-10
-1.50311861600702e-14  1.84697789458193e-13  5.63751368215679e-11   1.3527751675638e-11  3.59859211435557e-11   -0.0499935999436793 -4.43758712710523e-12   4.9556361934197e-13     0.989632213337296  -4.1038051305092e-10
 1.71176737889165e-05  0.000103809753457793  -0.00491052610288339   -0.0135670233176478     0.346310216588712  3.19063961869253e-11 -1.06116820279312e-10 -3.50558529790391e-10  -4.1038051305092e-10      1.05815075818665
RDM Eigenvectors: 
    0.999799889605378   -0.0174922853579241     0.009665053252614  0.000886615548581788  3.68141706219365e-05  1.18496579056228e-13 -2.31402964625157e-14  2.30023080353244e-14  8.51303039688737e-14 -1.11466641395501e-06
   0.0173691511235548      0.99967007785043    0.0136999240634057   -0.0130517252232613  1.03517576496312e-05  8.35041154349003e-15  3.08630215916516e-14  5.67374244281792e-14  3.46523442037376e-14  0.000111722685067593
 -0.00154231204775835   -0.0157123446411608      0.22062354659659     -0.97377925541368   -0.0485596812740353  1.95277468828489e-12  1.95620820958658e-12  6.99364018103982e-12  1.61081746546834e-11    0.0217235647882601
   0.0097978549342674    0.0103329638017657    -0.974618045295931    -0.218499338352059   -0.0455144816311735   6.2998413688247e-13 -9.70458848064019e-12 -1.90527911317551e-11 -1.90081310022886e-11    0.0101670439585133
-0.000268100136461906    0.0002914698077394    0.0257618452921817    0.0550124712484372    -0.645705503118592  7.93947758061098e-10 -8.20648094146066e-10 -8.26144414584469e-10   -8.538778843164e-10     0.761166343018606
-2.22714129352625e-14 -6.42435579173906e-14  5.40280720534095e-12  1.21062566827625e-12   1.3555719720654e-11  -5.3585577096716e-08     0.775839712840384    -0.630930059499163  -3.5882928951618e-07  1.62906576631285e-10
  1.8822608958457e-13  6.19984683228588e-14 -3.48177741888906e-11 -2.59228598671835e-11  7.35393300587814e-10     0.840448995442947  5.80418743735892e-08 -3.08197383280806e-07     0.541890658766916  3.58142783748282e-10
 1.09899147213461e-13 -6.55889634517883e-13 -8.11486198953099e-12 -6.81618400112346e-11  6.46082483124646e-10     0.541890658767003  3.73711742688784e-08  4.77920220405548e-07    -0.840448995442813 -9.54765293779964e-10
 1.10921031200516e-13 -6.02775932780482e-13 -9.17036491277912e-12 -6.71484898348732e-11  7.88414604190367e-10  4.35206818634896e-08    -0.630930059499264    -0.775839712840261 -4.41174461183677e-07 -8.48321141493152e-10
-0.000211586563540886  0.000150112536597327    0.0223638687194906    0.0285393632444159    -0.760680478976775  5.98657051392652e-10  5.69573632691477e-11  -1.1340165591069e-10  5.34967869535151e-10    -0.648113033137368
Total C: 
  -0.0174642244221672    -0.998815196133579    0.0183249062590832    -0.244557081274059   -0.0197058607994326  1.59894203219525e-17 -8.70479207859712e-17  8.32581081122744e-17 -5.66839855438287e-18   0.00474030371395149
 0.000403218601578963  -0.00406048288588037    -0.126368268076964      1.01800786433276    0.0783316506681137  6.07497209216083e-17  6.63541554669519e-17  5.31183962475992e-17 -1.35270837097312e-17   -0.0189703577359831
 1.04444585657427e-17   1.3587473117268e-16  4.84359184090909e-17  2.03315996530899e-18 -9.23859026006739e-16     0.650306213136366     0.243876018269783     0.252633201788902    -0.673656606531491  1.17663844741001e-15
 8.45829851380687e-17  3.33252205053823e-17 -5.32225666367195e-17 -2.84356042252154e-17  7.00086441202087e-16     0.243876018433305    -0.650306212700331    -0.673656606952412    -0.252633201631048  -7.6350773963335e-16
 0.000321060743493523  0.000766153117279814  -0.00749695391400132    0.0613299739549438    -0.610263452382635 -7.79081850403926e-16 -9.80558679434123e-16 -1.02259218327773e-15  8.63498465395145e-16     0.790400088184598
   -0.997472417300943      0.01428907162752      0.25108174298975    0.0339885624376508 -0.000545295811175917  1.62243444017634e-17 -6.85939832916537e-18 -3.65321691594429e-18   1.8645631566252e-17   0.00459451392334882
 -0.00984798472631548    0.0125172633142152      -1.0199640310944    -0.137138961146167   0.00290965802534199 -4.30874157189516e-17   2.1839862425986e-17  2.07274374048949e-17 -5.62336464478311e-17   -0.0192734400625272
 8.65262663912269e-17 -7.80226702121035e-18  -9.6263820693492e-17  1.93514971472668e-17 -1.09695104869125e-15     0.671551892281574     0.251843513802643    -0.244691399448726     0.652479471604216 -8.55712928617335e-16
 6.87342094340598e-17  1.86948582899056e-17 -3.36276471648246e-17  1.19147932144096e-17 -2.80688799338268e-16     0.251843513644261    -0.671551892703903     0.652479471169543     0.244691399611737 -2.00514654457167e-16
 3.49766308774158e-05 -0.000670849161284793  -0.00475144955958588   -0.0327925199186986     0.774030747191861  9.70651062451266e-16  8.21890125974594e-17 -1.27881333127334e-16  1.01093071844936e-15     0.633000143769694
Basis set used: STO-3G
Naturals: 
  1.9999999952887  1.99999992147323  1.99995855440792  1.99707132745533  1.35099179653741  1.05110815671369   1.0511081560986 0.948976309205283 0.948976308591615 0.651809474228214
Naturals: 
 1.99999999528871  1.99999992147322    1.999958554407   1.9970713276368  1.35099179175015  1.05110815553932  1.05110815553901 0.948976309762646 0.948976309762343 0.651809478840858
Version: Tmhuysen's fci hack
