TOTAL ENERGY: -124.33733281001	 lambda: -5	 population of target: 3.65893402727976
1RDM: 
     1.99984326791856  0.000130660390392389   0.00871575860307226   -0.0037400362297497  -0.00451543118753869  1.14012711413048e-16  -1.1548211136478e-27 -3.00825273164565e-17 -9.95461756039855e-28    0.0142444112585728
 0.000130660390392389      1.99987357554872  -0.00749242493706723   0.00375053566754247   0.00306806330778399 -5.96143353385205e-17  1.11642859608771e-28 -6.62203720589433e-18 -1.44878442476441e-28   -0.0117983847390183
  0.00871575860307226  -0.00749242493706723      1.51131827773055     0.218977424492146     0.239092793065875 -5.00152120744859e-15  1.19666381525877e-26  8.17404211384934e-17 -1.01371910384088e-26    -0.790961982818342
  -0.0037400362297497   0.00375053566754247     0.218977424492146      1.87921676137734   -0.0725927281319489   1.0882673856783e-15 -1.67122150251547e-26  6.57405741894808e-16 -1.95074417566876e-26     0.335720575791909
 -0.00451543118753869   0.00306806330778399     0.239092793065875   -0.0725927281319489      1.83033510111173 -8.87198011603448e-15  5.43253480931681e-26  1.76708263404381e-14  8.86758872710976e-27     0.415493302330461
 1.14012711413048e-16 -5.96143353385205e-17 -5.00152120744859e-15   1.0882673856783e-15 -8.87198011603448e-15      1.35867369754267 -1.79929818253559e-16      0.92046440586384   -4.624881363209e-12 -8.34721501846244e-15
 -1.1548211136478e-27  1.11642859608771e-28  1.19666381525877e-26 -1.67122150251547e-26  5.43253480931681e-26 -1.79929818253559e-16      1.35867369754264 -4.62475802336895e-12    -0.920464405863849  3.95885981100318e-26
-3.00825273164565e-17 -6.62203720589433e-18  8.17404211384934e-17  6.57405741894808e-16  1.76708263404381e-14      0.92046440586384 -4.62475802336895e-12     0.678879418471882 -1.93627633664387e-16 -2.98882920284904e-16
-9.95461756039855e-28 -1.44878442476441e-28 -1.01371910384088e-26 -1.95074417566876e-26  8.86758872710976e-27   -4.624881363209e-12    -0.920464405863849 -1.93627633664387e-16     0.678879418471915  1.12525625419015e-26
   0.0142444112585728   -0.0117983847390183    -0.790961982818342     0.335720575791909     0.415493302330461 -8.34721501846244e-15  3.95885981100318e-26 -2.98882920284904e-16  1.12525625419015e-26     0.704306784284053
First eigenvector coefficient: -0.286433830181821
TOTAL ENERGY: -124.343216896554	 lambda: -4.95	 population of target: 3.66011678962513
1RDM: 
     1.99984527402216   0.00012909635586424   0.00864075472134692  -0.00370097360522276  -0.00448662057009738  1.13540498328702e-16 -1.15116167454327e-27  -3.0286376212965e-17 -9.94151173477821e-28    0.0141683094892206
  0.00012909635586424      1.99987477222776  -0.00743615096916631   0.00372131865462655   0.00304644875324111 -5.92028186129259e-17  1.10173792934256e-28 -6.58916748808664e-18 -1.44626541451196e-28   -0.0117448745203139
  0.00864075472134692  -0.00743615096916631      1.51344189230833     0.217690769209664     0.238544615972119 -4.98955660014286e-15  1.18875461682184e-26   8.0470254404822e-17 -1.01749843536545e-26    -0.790084262633145
 -0.00370097360522276   0.00372131865462655     0.217690769209664      1.87988691349142   -0.0721027986797146  1.07749247373516e-15 -1.65817963243308e-26  6.59480963415291e-16 -1.94140529238879e-26      0.33470481697506
 -0.00448662057009738   0.00304644875324111     0.238544615972119   -0.0721027986797146      1.83024862547059 -8.84761643919035e-15  5.41334532037946e-26  1.76594965127103e-14   8.7661829252103e-27     0.415974929645352
 1.13540498328702e-16 -5.92028186129259e-17 -4.98955660014286e-15  1.07749247373516e-15 -8.84761643919035e-15      1.35972351949954 -1.79937433653527e-16     0.920055410743748 -4.62282703005754e-12 -8.35755883899758e-15
-1.15116167454327e-27  1.10173792934256e-28  1.18875461682184e-26 -1.65817963243308e-26  5.41334532037946e-26 -1.79937433653527e-16      1.35972351949952 -4.62270307047401e-12    -0.920055410743756  3.96138797191435e-26
 -3.0286376212965e-17 -6.58916748808664e-18   8.0470254404822e-17  6.59480963415291e-16  1.76594965127103e-14     0.920055410743748 -4.62270307047401e-12     0.677888095081963 -1.93427583293107e-16 -2.99224289228861e-16
-9.94151173477821e-28 -1.44626541451196e-28 -1.01749843536545e-26 -1.94140529238879e-26   8.7661829252103e-27 -4.62282703005754e-12    -0.920055410743756 -1.93427583293107e-16     0.677888095081993  1.12785455034342e-26
   0.0141683094892206   -0.0117448745203139    -0.790084262633145      0.33470481697506     0.415974929645352 -8.35755883899758e-15  3.96138797191435e-26 -2.99224289228861e-16  1.12785455034342e-26     0.701479293316816
First eigenvector coefficient: -0.287476779519187
TOTAL ENERGY: -124.349230486695	 lambda: -4.9	 population of target: 3.66133785627754
1RDM: 
     1.99984727695868  0.000127537441127269   0.00856535217938338  -0.00366178886546786  -0.00445744789330388   1.1307154183382e-16 -1.14746534946302e-27   -3.050862279782e-17 -9.92780760078854e-28    0.0140918395757434
 0.000127537441127269      1.99987596228368  -0.00737973631687424   0.00369207184452212   0.00302465276222951 -5.87557297167616e-17  1.08589116093991e-28 -6.59996042252756e-18 -1.44293354262837e-28   -0.0116914434204213
  0.00856535217938338  -0.00737973631687424      1.51560233946894     0.216387598385388     0.237973864756065 -4.98044489579333e-15  1.18167057056111e-26  8.40740848791839e-17 -1.02224479218626e-26    -0.789184650475471
 -0.00366178886546786   0.00369207184452212     0.216387598385388      1.88056398578308    -0.071602345469889  1.07556792137019e-15 -1.64783238599342e-26  6.48450451677613e-16 -1.92954440208784e-26     0.333674562353426
 -0.00445744789330388   0.00302465276222951     0.237973864756065    -0.071602345469889      1.83017526455443 -8.83337592398138e-15  5.39726290468705e-26  1.76628651995226e-14  8.63644961480458e-27     0.416445025481545
  1.1307154183382e-16 -5.87557297167616e-17 -4.98044489579333e-15  1.07556792137019e-15 -8.83337592398138e-15      1.36079965902133  -1.7994603805214e-16     0.919635540722127  -4.6207180737247e-12  -8.3668550563466e-15
-1.14746534946302e-27  1.08589116093991e-28  1.18167057056111e-26 -1.64783238599342e-26  5.39726290468705e-26  -1.7994603805214e-16       1.3607996590213 -4.62059347560134e-12    -0.919635540722138  3.96345001153642e-26
  -3.050862279782e-17 -6.59996042252756e-18  8.40740848791839e-17  6.48450451677613e-16  1.76628651995226e-14     0.919635540722127 -4.62059347560134e-12     0.676869761876814 -1.93220369912011e-16  -3.0061571788133e-16
-9.92780760078854e-28 -1.44293354262837e-28 -1.02224479218626e-26 -1.92954440208784e-26  8.63644961480458e-27  -4.6207180737247e-12    -0.919635540722138 -1.93220369912011e-16     0.676869761876851  1.13061706308231e-26
   0.0140918395757434   -0.0116914434204213    -0.789184650475471     0.333674562353426     0.416445025481545  -8.3668550563466e-15  3.96345001153642e-26  -3.0061571788133e-16  1.13061706308231e-26     0.698596329154908
First eigenvector coefficient: -0.288545010309647
TOTAL ENERGY: -124.355378170388	 lambda: -4.85	 population of target: 3.6625989545779
1RDM: 
     1.99984927660764  0.000125983689144694   0.00848954705862268  -0.00362248216624696  -0.00442790471658995   1.1258788565831e-16 -1.14367523572063e-27 -3.07198490745178e-17 -9.91406696345806e-28     0.014014999272319
 0.000125983689144694       1.9998771457154  -0.00732317706987753   0.00366279422056135   0.00300266935333674 -5.83376951137461e-17  1.07087851963678e-28 -6.56654136668939e-18 -1.44049383020634e-28   -0.0116380944544549
  0.00848954705862268  -0.00732317706987753      1.51780057299738     0.215067585366891     0.237379663710223 -4.96751461079225e-15  1.17335197811059e-26   8.2733334969518e-17 -1.02605438573613e-26     -0.78826237525867
 -0.00362248216624696   0.00366279422056135     0.215067585366891      1.88124808604359   -0.0710910632675442  1.06429479108071e-15 -1.63456258806563e-26  6.50664815794028e-16 -1.92027135111676e-26     0.332629469040261
 -0.00442790471658995   0.00300266935333674     0.237379663710223   -0.0710910632675442      1.83011574157257 -8.80835697765866e-15  5.37783741445411e-26  1.76508782580012e-14  8.53667550875136e-27     0.416902688348462
  1.1258788565831e-16 -5.83376951137461e-17 -4.96751461079225e-15  1.06429479108071e-15 -8.80835697765866e-15      1.36190312794338 -1.79950822649259e-16     0.919204324635274 -4.61855212273984e-12 -8.37679219001634e-15
-1.14367523572063e-27  1.07087851963678e-28  1.17335197811059e-26 -1.63456258806563e-26  5.37783741445411e-26 -1.79950822649259e-16      1.36190312794336 -4.61842688014328e-12    -0.919204324635281  3.96556113061057e-26
-3.07198490745178e-17 -6.56654136668939e-18   8.2733334969518e-17  6.50664815794028e-16  1.76508782580012e-14     0.919204324635274 -4.61842688014328e-12     0.675823367532728 -1.93015254054078e-16 -3.00945524361168e-16
-9.91406696345806e-28 -1.44049383020634e-28 -1.02605438573613e-26 -1.92027135111676e-26  8.53667550875136e-27 -4.61855212273984e-12    -0.919204324635281 -1.93015254054078e-16     0.675823367532756  1.13313258454785e-26
    0.014014999272319   -0.0116380944544549     -0.78826237525867     0.332629469040261     0.416902688348462 -8.37679219001634e-15  3.96556113061057e-26 -3.00945524361168e-16  1.13313258454785e-26     0.695656186111254
First eigenvector coefficient: -0.289639465819369
TOTAL ENERGY: -124.361664759807	 lambda: -4.8	 population of target: 3.66390191162857
1RDM: 
     1.99985127284686  0.000124435142382316   0.00841333533885898  -0.00358305366645848  -0.00439798230727528  1.12098278214627e-16 -1.13981661514467e-27 -3.09348936215002e-17 -9.89999151451673e-28    0.0139377862986222
 0.000124435142382316       1.9998783225234  -0.00726646911153354   0.00363348468619678   0.00298049227087022 -5.79161870857868e-17  1.05569854404547e-28  -6.5328862893808e-18 -1.43809114965841e-28   -0.0115848306892988
  0.00841333533885898  -0.00726646911153354      1.52003757999897     0.213730393941197     0.236761099045121 -4.95408224086277e-15   1.1648173109035e-26  8.13645230234011e-17 -1.02988601209408e-26    -0.787316629170936
 -0.00358305366645848   0.00363348468619678     0.213730393941197      1.88193932498417   -0.0705686360535129  1.05279084052844e-15 -1.62117312062081e-26  6.52919091292458e-16 -1.91101255700695e-26     0.331569180855294
 -0.00439798230727528   0.00298049227087022     0.236761099045121   -0.0705686360535129       1.8300708169201 -8.78302984361083e-15  5.35828763245022e-26  1.76385776665297e-14  8.43753277496362e-27     0.417346960428677
 1.12098278214627e-16 -5.79161870857868e-17 -4.95408224086277e-15  1.05279084052844e-15 -8.78302984361083e-15      1.36303498942025 -1.79954126335901e-16     0.918761264094198 -4.61632667595617e-12 -8.38648892665104e-15
-1.13981661514467e-27  1.05569854404547e-28   1.1648173109035e-26 -1.62117312062081e-26  5.35828763245022e-26 -1.79954126335901e-16      1.36303498942022 -4.61620077570601e-12    -0.918761264094206  3.96744359198197e-26
-3.09348936215002e-17  -6.5328862893808e-18  8.13645230234011e-17  6.52919091292458e-16  1.76385776665297e-14     0.918761264094198 -4.61620077570601e-12     0.674747807466766 -1.92807392553417e-16 -3.01285434136899e-16
-9.89999151451673e-28 -1.43809114965841e-28 -1.02988601209408e-26 -1.91101255700695e-26  8.43753277496362e-27 -4.61632667595617e-12    -0.918761264094206 -1.92807392553417e-16     0.674747807466792  1.13560813399585e-26
   0.0139377862986222   -0.0115848306892988    -0.787316629170936     0.331569180855294     0.417346960428677 -8.38648892665104e-15  3.96744359198197e-26 -3.01285434136899e-16  1.13560813399585e-26     0.692657088952514
First eigenvector coefficient: -0.290761136587297
TOTAL ENERGY: -124.368095303594	 lambda: -4.75	 population of target: 3.66524866145688
1RDM: 
     1.99985326555281  0.000122891842358037   0.00833671288429804  -0.00354350350516191  -0.00436767163599053   1.1160262759525e-16 -1.13588752285646e-27  -3.1153964560704e-17 -9.88556761304355e-28    0.0138601983235919
 0.000122891842358037      1.99987949271039  -0.00720960808984968   0.00360414203926081   0.00295811497014348 -5.74909587184382e-17  1.04034146505858e-28 -6.49916230925984e-18 -1.43572417895994e-28   -0.0115316552155145
  0.00833671288429804  -0.00720960808984968      1.52231438243116     0.212375676861858     0.236117217796977  -4.9401416061391e-15  1.15606332933684e-26  7.99864195440445e-17 -1.03374356355314e-26    -0.786346565410359
 -0.00354350350516191   0.00360414203926081     0.212375676861858      1.88263781728353   -0.0700347364067413  1.04108571216857e-15   -1.607671794625e-26   6.5516188843957e-16 -1.90175856869333e-26     0.330493325829496
 -0.00436767163599053   0.00295811497014348     0.236117217796977   -0.0700347364067413      1.83004128946243 -8.75742859800446e-15  5.33862302690232e-26  1.76260097134864e-14  8.33893159485817e-27     0.417776825023022
  1.1160262759525e-16 -5.74909587184382e-17  -4.9401416061391e-15  1.04108571216857e-15 -8.75742859800446e-15      1.36419636155969 -1.79955869370205e-16     0.918305831411347 -4.61403908265349e-12 -8.39592300756525e-15
-1.13588752285646e-27  1.04034146505858e-28  1.15606332933684e-26   -1.607671794625e-26  5.33862302690232e-26 -1.79955869370205e-16      1.36419636155966 -4.61391251107632e-12    -0.918305831411357  3.96908368342199e-26
 -3.1153964560704e-17 -6.49916230925984e-18  7.99864195440445e-17   6.5516188843957e-16  1.76260097134864e-14     0.918305831411347 -4.61391251107632e-12     0.673641919989882 -1.92596693875612e-16 -3.01639521027533e-16
-9.88556761304355e-28 -1.43572417895994e-28 -1.03374356355314e-26 -1.90175856869333e-26  8.33893159485817e-27 -4.61403908265349e-12    -0.918305831411357 -1.92596693875612e-16     0.673641919989914  1.13804249561921e-26
   0.0138601983235919   -0.0115316552155145    -0.786346565410359     0.330493325829496     0.417776825023022 -8.39592300756525e-15  3.96908368342199e-26 -3.01639521027533e-16  1.13804249561921e-26     0.689597189460561
First eigenvector coefficient: -0.291911063168172
TOTAL ENERGY: -124.374675101154	 lambda: -4.7	 population of target: 3.66664125256503
1RDM: 
     1.99985525460054  0.000121353829621056   0.00825967543814926  -0.00350383180258316  -0.00433696336147932  1.11100839769059e-16  -1.1318859086906e-27 -3.13772813593943e-17 -9.87078089209268e-28    0.0137822329611187
 0.000121353829621056      1.99988065628138  -0.00715258940616096   0.00357476496834688   0.00293553060146969 -5.70617561655475e-17  1.02479712718424e-28 -6.46553861582537e-18  -1.4333917851026e-28   -0.0114785711472189
  0.00825967543814926  -0.00715258940616096      1.52463203861541     0.211003075551305     0.235447025816213 -4.92568567202086e-15  1.14708661435019e-26  7.86178673709694e-17 -1.03763079213231e-26    -0.785351295771625
 -0.00350383180258316   0.00357476496834688     0.211003075551305      1.88334368162862   -0.0694890250702474  1.02920840022991e-15 -1.59406638146028e-26  6.57342187238555e-16  -1.8925003410782e-26     0.329401515508367
 -0.00433696336147932   0.00293553060146969     0.235447025816213   -0.0694890250702474      1.83002799868642   -8.731586866436e-15  5.31885312200774e-26  1.76132201089463e-14  8.24078710195764e-27     0.418191202386768
 1.11100839769059e-16 -5.70617561655475e-17 -4.92568567202086e-15  1.02920840022991e-15   -8.731586866436e-15      1.36538842081811 -1.79955965922034e-16     0.917837467500593 -4.61168653438623e-12 -8.40507132966498e-15
 -1.1318859086906e-27  1.02479712718424e-28  1.14708661435019e-26 -1.59406638146028e-26  5.31885312200774e-26 -1.79955965922034e-16      1.36538842081808  -4.6115592772936e-12    -0.917837467500603  3.97046707129688e-26
-3.13772813593943e-17 -6.46553861582537e-18  7.86178673709694e-17  6.57342187238555e-16  1.76132201089463e-14     0.917837467500593  -4.6115592772936e-12     0.672504482804615 -1.92383064275759e-16 -3.02011313577617e-16
-9.87078089209268e-28  -1.4333917851026e-28 -1.03763079213231e-26  -1.8925003410782e-26  8.24078710195764e-27 -4.61168653438623e-12    -0.917837467500603 -1.92383064275759e-16     0.672504482804651  1.14043422080495e-26
   0.0137822329611187   -0.0114785711472189    -0.785351295771625     0.329401515508367     0.418191202386768 -8.40507132966498e-15  3.97046707129688e-26 -3.02011313577617e-16  1.14043422080495e-26     0.686474562942213
First eigenvector coefficient: -0.293090339301748
TOTAL ENERGY: -124.38140971815	 lambda: -4.65	 population of target: 3.66808185614505
1RDM: 
     1.99985723986377  0.000119821143631418   0.00818221861479214  -0.00346403865575797  -0.00430584781679554  1.10592810042209e-16  -1.1278096050362e-27 -3.16050614927987e-17  -9.8556164628718e-28     0.013703887762156
 0.000119821143631418       1.9998818132438  -0.00709540819888493   0.00354535204389075   0.00291273199329041 -5.66283467407657e-17  1.00905588826917e-28 -6.43214770336481e-18 -1.43109373148253e-28   -0.0114255816150435
  0.00818221861479214  -0.00709540819888493       1.5269916448437     0.209612219523629     0.234749485842415 -4.91070363254529e-15  1.13788263462727e-26  7.72735079355104e-17 -1.04155053035111e-26    -0.784329888046188
 -0.00346403865575797   0.00354535204389075     0.209612219523629      1.88405704098255   -0.0689311504579818  1.01717959193812e-15 -1.58036216335181e-26  6.59420481441792e-16  -1.8832312789119e-26     0.328293343777338
 -0.00430584781679554   0.00291273199329041     0.234749485842415   -0.0689311504579818      1.83003182679082 -8.70552877669247e-15  5.29898457835095e-26  1.76002409172592e-14  8.14304302063763e-27     0.418588945561588
 1.10592810042209e-16 -5.66283467407657e-17 -4.91070363254529e-15  1.01717959193812e-15 -8.70552877669247e-15      1.36661240574849 -1.79954322231835e-16     0.917355579567762 -4.60926605338196e-12 -8.41391047426746e-15
 -1.1278096050362e-27  1.00905588826917e-28  1.13788263462727e-26 -1.58036216335181e-26  5.29898457835095e-26 -1.79954322231835e-16      1.36661240574847 -4.60913809605059e-12     -0.91735557956777  3.97157894877508e-26
-3.16050614927987e-17 -6.43214770336481e-18  7.72735079355104e-17  6.59420481441792e-16  1.76002409172592e-14     0.917355579567762 -4.60913809605059e-12     0.671334209117284 -1.92166410129309e-16 -3.02403074374884e-16
 -9.8556164628718e-28 -1.43109373148253e-28 -1.04155053035111e-26  -1.8832312789119e-26  8.14304302063763e-27 -4.60926605338196e-12     -0.91735557956777 -1.92166410129309e-16     0.671334209117309  1.14278148534783e-26
    0.013703887762156   -0.0114255816150435    -0.784329888046188     0.328293343777338     0.418588945561588 -8.41391047426746e-15  3.97157894877508e-26 -3.02403074374884e-16  1.14278148534783e-26     0.683287204543858
First eigenvector coefficient: 0.294300115268561
TOTAL ENERGY: -124.388305003146	 lambda: -4.6	 population of target: 3.66957277498121
1RDM: 
     1.99985922121495  0.000118293822628262   0.00810433789131063  -0.00342412413368562  -0.00427431499480637   1.1007833275442e-16 -1.12365603081374e-27 -3.18373708400903e-17 -9.84006156741933e-28    0.0136251602057239
 0.000118293822628262      1.99988296360778  -0.00703805932607625   0.00351590170849155    0.0028897116342746 -5.61908211551783e-17  9.93118353102812e-29 -6.39867234653755e-18  -1.4288381136274e-28   -0.0113726897579188
  0.00810433789131063  -0.00703805932607625      1.52939433706407     0.208202725768333     0.234023515492366 -4.89515027643357e-15  1.12843587591042e-26  7.59181135363496e-17 -1.04549646055996e-26    -0.783281363225297
 -0.00342412413368562   0.00351590170849155     0.208202725768333      1.88477802287511   -0.0683607481418011  1.00492906435926e-15 -1.56653534738623e-26  6.61489587394777e-16 -1.87396907182592e-26     0.327168385579022
 -0.00427431499480637    0.0028897116342746     0.234023515492366   -0.0683607481418011      1.83005370087686  -8.6791730912459e-15  5.27899026545345e-26  1.75869514987774e-14  8.04592203946632e-27     0.418968835906172
  1.1007833275442e-16 -5.61908211551783e-17 -4.89515027643357e-15  1.00492906435926e-15  -8.6791730912459e-15       1.3678696210322 -1.79950820708298e-16     0.916859538599575 -4.60677447991498e-12 -8.42242320675615e-15
-1.12365603081374e-27  9.93118353102812e-29  1.12843587591042e-26 -1.56653534738623e-26  5.27899026545345e-26 -1.79950820708298e-16      1.36786962103217 -4.60664580710951e-12    -0.916859538599585  3.97240609966488e-26
-3.18373708400903e-17 -6.39867234653755e-18  7.59181135363496e-17  6.61489587394777e-16  1.75869514987774e-14     0.916859538599575 -4.60664580710951e-12     0.670129743455496  -1.9194666885604e-16 -3.02808032062793e-16
-9.84006156741933e-28  -1.4288381136274e-28 -1.04549646055996e-26 -1.87396907182592e-26  8.04592203946632e-27 -4.60677447991498e-12    -0.916859538599585  -1.9194666885604e-16     0.670129743455529   1.1450806607158e-26
   0.0136251602057239   -0.0113726897579188    -0.783281363225297     0.327168385579022     0.418968835906172 -8.42242320675615e-15  3.97240609966488e-26 -3.02808032062793e-16   1.1450806607158e-26     0.680033025385904
First eigenvector coefficient: 0.29554160149833
TOTAL ENERGY: -124.395367105431	 lambda: -4.55	 population of target: 3.671116453101
1RDM: 
     1.99986119852531  0.000116771903487597   0.00802602859840712  -0.00338408827210442  -0.00424235453295311  1.09557350622253e-16 -1.11942298155332e-27  -3.2074539640692e-17 -9.82409791452408e-28    0.0135460476887178
 0.000116771903487597      1.99988410738632  -0.00698053734677236   0.00348641226654665   0.00286646165433763 -5.57487427729767e-17  9.76968231209459e-29 -6.36550457730481e-18 -1.42662015236788e-28   -0.0113198987136151
  0.00802602859840712  -0.00698053734677236       1.5318412926464     0.206774198101271     0.233267985156137 -4.87903226736625e-15  1.11874739550803e-26  7.45951704302735e-17 -1.04947666254199e-26     -0.78220469248849
 -0.00338408827210442   0.00348641226654665     0.206774198101271      1.88550675970958   -0.0677774403203009  9.92530545835689e-16 -1.55260806691486e-26  6.63431734884142e-16 -1.86469289608858e-26     0.326026195523523
 -0.00424235453295311   0.00286646165433763     0.233267985156137   -0.0677774403203009      1.83009459524368 -8.65260352819121e-15  5.25889557028948e-26  1.75734700420315e-14  7.94920856324093e-27      0.41932957829731
 1.09557350622253e-16 -5.57487427729767e-17 -4.87903226736625e-15  9.92530545835689e-16 -8.65260352819121e-15      1.36916144180869 -1.79945369806222e-16     0.916348676634133 -4.60420845863462e-12 -8.43057872901531e-15
-1.11942298155332e-27  9.76968231209459e-29  1.11874739550803e-26 -1.55260806691486e-26  5.25889557028948e-26 -1.79945369806222e-16      1.36916144180867 -4.60407905448605e-12    -0.916348676634139  3.97293056558963e-26
 -3.2074539640692e-17 -6.36550457730481e-18  7.45951704302735e-17  6.63431734884142e-16  1.75734700420315e-14     0.916348676634133 -4.60407905448605e-12     0.668889657177616 -1.91723708549135e-16 -3.03233953568161e-16
-9.82409791452408e-28 -1.42662015236788e-28 -1.04947666254199e-26 -1.86469289608858e-26  7.94920856324093e-27 -4.60420845863462e-12    -0.916348676634139 -1.91723708549135e-16     0.668889657177646   1.1473306228843e-26
   0.0135460476887178   -0.0113198987136151     -0.78220469248849     0.326026195523523      0.41932957829731 -8.43057872901531e-15  3.97293056558963e-26 -3.03233953568161e-16   1.1473306228843e-26     0.676709848516189
First eigenvector coefficient: 0.296816072426836
TOTAL ENERGY: -124.402602493737	 lambda: -4.5	 population of target: 3.67271548615371
1RDM: 
     1.99986317166485  0.000115255421650637   0.00794728591452712  -0.00334393107406399  -0.00420995569589925  1.09039442081312e-16 -1.11513944263579e-27 -3.23330185726972e-17 -9.80742035915926e-28    0.0134665475186623
 0.000115255421650637      1.99988524459547  -0.00692283650370396   0.00345688187792547   0.00284297380312731 -5.52696921059052e-17  9.59550818465357e-29 -6.37672415689793e-18 -1.42366032808934e-28   -0.0112672116105633
  0.00794728591452712  -0.00692283650370396      1.53433373212598     0.205326226798186     0.232481715642006 -4.86557345456515e-15  1.10986369592137e-26  7.81691072135506e-17 -1.05435500334038e-26    -0.781098793999105
 -0.00334393107406399   0.00345688187792547     0.205326226798186      1.88624338883207   -0.0671808353285708  9.88789544230559e-16 -1.54143966832282e-26  6.52319463357683e-16 -1.85310736903204e-26     0.324866306844268
 -0.00420995569589925   0.00284297380312731     0.232481715642006   -0.0671808353285708       1.8301555339425 -8.63598057165141e-15  5.24200058975832e-26  1.75745738303874e-14  7.82666301026189e-27     0.419669795668745
 1.09039442081312e-16 -5.52696921059052e-17 -4.86557345456515e-15  9.88789544230559e-16 -8.63598057165141e-15      1.37048931820984 -1.79939685889374e-16     0.915822283825694   -4.601564425921e-12 -8.43766286826127e-15
-1.11513944263579e-27  9.59550818465357e-29  1.10986369592137e-26 -1.54143966832282e-26  5.24200058975832e-26 -1.79939685889374e-16      1.37048931820981 -4.60143426874751e-12    -0.915822283825701    3.972911853844e-26
-3.23330185726972e-17 -6.37672415689793e-18  7.81691072135506e-17  6.52319463357683e-16  1.75745738303874e-14     0.915822283825694 -4.60143426874751e-12     0.667612443798095 -1.91493743522255e-16 -3.04486415441262e-16
-9.80742035915926e-28 -1.42366032808934e-28 -1.05435500334038e-26 -1.85310736903204e-26  7.82666301026189e-27   -4.601564425921e-12    -0.915822283825701 -1.91493743522255e-16     0.667612443798126  1.14967202019578e-26
   0.0134665475186623   -0.0112672116105633    -0.781098793999105     0.324866306844268     0.419669795668745 -8.43766286826127e-15    3.972911853844e-26 -3.04486415441262e-16  1.14967202019578e-26      0.67331540482331
First eigenvector coefficient: -0.29812487042205
TOTAL ENERGY: -124.410017978897	 lambda: -4.45	 population of target: 3.67437263325271
1RDM: 
     1.99986514050286  0.000113744410644354   0.00786810483955832  -0.00330365247789275  -0.00417710736428935  1.08502718297221e-16 -1.11073224892455e-27 -3.25767170305356e-17 -9.79065796116983e-28    0.0133866568849434
 0.000113744410644354      1.99988637525487  -0.00686495069136781   0.00342730852619307   0.00281923943410696 -5.48258118203421e-17  9.43201025598197e-29  -6.3335671126624e-18 -1.42171956535698e-28   -0.0112146315465578
  0.00786810483955832  -0.00686495069136781      1.53687292164766     0.203858386504459     0.231663476494635 -4.84746286710068e-15  1.09941304823092e-26  7.57333404360982e-17 -1.05818808287613e-26    -0.779962529221367
 -0.00330365247789275   0.00342730852619307     0.203858386504459      1.88698805398166   -0.0665705268061468  9.73938732414106e-16 -1.52661991204446e-26   6.5712075098442e-16 -1.84437826961234e-26      0.32368822781626
 -0.00417710736428935   0.00281923943410696     0.231663476494635   -0.0665705268061468      1.83023759266304 -8.60647897989275e-15  5.22090074146585e-26  1.75570753501244e-14  7.73742188917413e-27     0.419988024715135
 1.08502718297221e-16 -5.48258118203421e-17 -4.84746286710068e-15  9.73938732414106e-16 -8.60647897989275e-15      1.37185478106997 -1.79929562515583e-16     0.915279604984262 -4.59883858398689e-12 -8.44520212805727e-15
-1.11073224892455e-27  9.43201025598197e-29  1.09941304823092e-26 -1.52661991204446e-26  5.22090074146585e-26 -1.79929562515583e-16      1.37185478106994 -4.59870766303176e-12    -0.915279604984272  3.97283589869653e-26
-3.25767170305356e-17  -6.3335671126624e-18  7.57333404360982e-17   6.5712075098442e-16  1.75570753501244e-14     0.915279604984262 -4.59870766303176e-12     0.666296512958972 -1.91264865512426e-16 -3.04742106255748e-16
-9.79065796116983e-28 -1.42171956535698e-28 -1.05818808287613e-26 -1.84437826961234e-26  7.73742188917413e-27 -4.59883858398689e-12    -0.915279604984272 -1.91264865512426e-16     0.666296512959009  1.15177585955707e-26
   0.0133866568849434   -0.0112146315465578    -0.779962529221367      0.32368822781626     0.419988024715135 -8.44520212805727e-15  3.97283589869653e-26 -3.04742106255748e-16  1.15177585955707e-26     0.669847327892019
First eigenvector coefficient: 0.29946941128575
TOTAL ENERGY: -124.417620732012	 lambda: -4.4	 population of target: 3.67609082846879
1RDM: 
     1.99986710490763  0.000112238902148379   0.00778848020251267  -0.00326325238294912  -0.00414379800918752  1.07962465830122e-16 -1.10624861843502e-27   -3.283164556668e-17  -9.7733329548478e-28    0.0133063728556201
 0.000112238902148379      1.99988749938791  -0.00680687344217983   0.00339769002909929   0.00279524947425177 -5.43656541391875e-17  9.26248896376246e-29 -6.30608605334248e-18 -1.41955448373307e-28    -0.011162161572988
  0.00778848020251267  -0.00680687344217983      1.53946017405606     0.202370237344396     0.230811982967714 -4.82984483120792e-15  1.08906329455176e-26   7.5025891437753e-17 -1.06235406823874e-26    -0.778794699493128
 -0.00326325238294912   0.00339769002909929     0.202370237344396      1.88774090414675   -0.0659460935151837   9.6195482550981e-16 -1.51267628476838e-26  6.57335371045195e-16 -1.83484770600808e-26     0.322491442446898
 -0.00414379800918752   0.00279524947425177     0.230811982967714   -0.0659460935151837      1.83034190218005 -8.58028097759062e-15  5.20084474387097e-26  1.75444941564271e-14  7.63960194981459e-27     0.420282708435534
 1.07962465830122e-16 -5.43656541391875e-17 -4.82984483120792e-15   9.6195482550981e-16 -8.58028097759062e-15      1.37325944592558 -1.79917519525475e-16     0.914719836528631 -4.59602689762523e-12 -8.45207773395671e-15
-1.10624861843502e-27  9.26248896376246e-29  1.08906329455176e-26 -1.51267628476838e-26  5.20084474387097e-26 -1.79917519525475e-16      1.37325944592555 -4.59589519393039e-12    -0.914719836528641  3.97233176185988e-26
  -3.283164556668e-17 -6.30608605334248e-18   7.5025891437753e-17  6.57335371045195e-16  1.75444941564271e-14     0.914719836528631 -4.59589519393039e-12     0.664940186385206 -1.91031637138656e-16 -3.05274753374667e-16
 -9.7733329548478e-28 -1.41955448373307e-28 -1.06235406823874e-26 -1.83484770600808e-26  7.63960194981459e-27 -4.59602689762523e-12    -0.914719836528641 -1.91031637138656e-16      0.66494018638524  1.15386859479163e-26
   0.0133063728556201    -0.011162161572988    -0.778794699493128     0.322491442446898     0.420282708435534 -8.45207773395671e-15  3.97233176185988e-26 -3.05274753374667e-16  1.15386859479163e-26     0.666303150700092
First eigenvector coefficient: -0.300851187475326
TOTAL ENERGY: -124.425418312394	 lambda: -4.35	 population of target: 3.67787319521716
1RDM: 
     1.99986906474632  0.000110738926072536   0.00770840664617967  -0.00322273063233637  -0.00411001567813404  1.07413430173995e-16 -1.10166891078606e-27 -3.30895255646223e-17 -9.75557467316068e-28    0.0132256923771733
 0.000110738926072536      1.99988861702149  -0.00674859790872316   0.00336802402065016   0.00277099440410139 -5.39056701116293e-17  9.09229526863808e-29 -6.27152355104835e-18 -1.41756655018274e-28   -0.0111098047083267
  0.00770840664617967  -0.00674859790872316       1.5420968520117     0.200861323119108      0.22992589342415  -4.8110187355334e-15  1.07825743908908e-26  7.35357332586696e-17 -1.06641244102972e-26     -0.77759404158377
 -0.00322273063233637   0.00336802402065016     0.200861323119108      1.88850209475444   -0.0653070984385846  9.48337466070824e-16 -1.49813909194673e-26  6.59562152205256e-16 -1.82568015499643e-26     0.321275407606771
 -0.00411001567813404   0.00277099440410139      0.22992589342415   -0.0653070984385846      1.83046965075781 -8.55213412045932e-15  5.18011180556391e-26  1.75291788386311e-14  7.54661899470773e-27     0.420552190079409
 1.07413430173995e-16 -5.39056701116293e-17  -4.8110187355334e-15  9.48337466070824e-16 -8.55213412045932e-15      1.37470502053015 -1.79902819669225e-16     0.914142121983683 -4.59312506542514e-12 -8.45859029840476e-15
-1.10166891078606e-27  9.09229526863808e-29  1.07825743908908e-26 -1.49813909194673e-26  5.18011180556391e-26 -1.79902819669225e-16      1.37470502053013  -4.5929925610046e-12     -0.91414212198369  3.97148688440651e-26
-3.30895255646223e-17 -6.27152355104835e-18  7.35357332586696e-17  6.59562152205256e-16  1.75291788386311e-14     0.914142121983683  -4.5929925610046e-12     0.663541690130014 -1.90795143074598e-16 -3.05704513260156e-16
-9.75557467316068e-28 -1.41756655018274e-28 -1.06641244102972e-26 -1.82568015499643e-26  7.54661899470773e-27 -4.59312506542514e-12     -0.91414212198369 -1.90795143074598e-16      0.66354169013004  1.15587832320221e-26
   0.0132256923771733   -0.0111098047083267     -0.77759404158377     0.321275407606771     0.420552190079409 -8.45859029840476e-15  3.97148688440651e-26 -3.05704513260156e-16  1.15587832320221e-26     0.662680299387991
First eigenvector coefficient: -0.302271774381894
TOTAL ENERGY: -124.433418690417	 lambda: -4.3	 population of target: 3.67972306029767
1RDM: 
     1.99987101988574  0.000109244509734787   0.00762787860296036  -0.00318208699244246  -0.00407574797538514  1.06857079264361e-16 -1.09699532806678e-27 -3.33533421761797e-17 -9.73731397220832e-28    0.0131446122224864
 0.000109244509734787      1.99988972818722   -0.0066901168195135   0.00333830792228753   0.00274646423205326 -5.34403263683294e-17  8.91959498117089e-29  -6.2371908434771e-18 -1.41563075407401e-28   -0.0110575638770194
  0.00762787860296036   -0.0066901168195135      1.54478436955473     0.199331170312989     0.229003807419416 -4.79149398434683e-15  1.06716135431155e-26  7.20691931362899e-17 -1.07050465123962e-26    -0.776359223541668
 -0.00318208699244246   0.00333830792228753     0.199331170312989      1.88927178821464   -0.0646530882551521  9.34525052852185e-16 -1.48347578288343e-26  6.61675742532677e-16 -1.81650165455559e-26     0.320039550171316
 -0.00407574797538514   0.00274646423205326     0.229003807419416   -0.0646530882551521      1.83062208679129  -8.5237109623068e-15  5.15924688543592e-26  1.75135611959017e-14  7.45420453335133e-27     0.420794707001165
 1.06857079264361e-16 -5.34403263683294e-17 -4.79149398434683e-15  9.34525052852185e-16  -8.5237109623068e-15      1.37619330998012 -1.79885526545195e-16     0.913545548238459 -4.59012850031752e-12 -8.46459977117625e-15
-1.09699532806678e-27  8.91959498117089e-29  1.06716135431155e-26 -1.48347578288343e-26  5.15924688543592e-26 -1.79885526545195e-16      1.37619330998008 -4.58999517581382e-12     -0.91354554823847  3.97024552845199e-26
-3.33533421761797e-17  -6.2371908434771e-18  7.20691931362899e-17  6.61675742532677e-16  1.75135611959017e-14     0.913545548238459 -4.58999517581382e-12     0.662099149128515 -1.90554826190269e-16 -3.06153741245478e-16
-9.73731397220832e-28 -1.41563075407401e-28 -1.07050465123962e-26 -1.81650165455559e-26  7.45420453335133e-27 -4.59012850031752e-12     -0.91354554823847 -1.90554826190269e-16     0.662099149128551  1.15782362320935e-26
   0.0131446122224864   -0.0110575638770194    -0.776359223541668     0.320039550171316     0.420794707001165 -8.46459977117625e-15  3.97024552845199e-26 -3.06153741245478e-16  1.15782362320935e-26     0.658976089149157
First eigenvector coefficient: 0.303732835729868
TOTAL ENERGY: -124.441630276186	 lambda: -4.25	 population of target: 3.6816439701168
1RDM: 
     1.99987297019216  0.000107755677960316   0.00754689028764657   -0.0031413211520513  -0.00404098204171924  1.06293261495368e-16 -1.09222463946156e-27 -3.36233967909197e-17 -9.71852769266294e-28    0.0130631289874426
 0.000107755677960316      1.99989083292136  -0.00663142246032635   0.00330853893471873   0.00272164846747106 -5.29693605191317e-17  8.74427506766836e-29 -6.20317524903257e-18 -1.41374886935845e-28   -0.0110054419099432
  0.00754689028764657  -0.00663142246032635      1.54752419471753     0.197779287315368     0.228044262665901 -4.77124765212769e-15  1.05576692833143e-26  7.06357900654122e-17 -1.07463222634823e-26    -0.775088839820963
  -0.0031413211520513   0.00330853893471873     0.197779287315368      1.89005015425298   -0.0639835926818591  9.20525507323136e-16 -1.46868685994151e-26  6.63651715816136e-16 -1.80730838267286e-26     0.318783265139288
 -0.00404098204171924   0.00272164846747106     0.228044262665901   -0.0639835926818591      1.83080052189715 -8.49502011757613e-15  5.13825045063973e-26  1.74976497334938e-14  7.36234143064169e-27     0.421008382855298
 1.06293261495368e-16 -5.29693605191317e-17 -4.77124765212769e-15  9.20525507323136e-16 -8.49502011757613e-15      1.37772622401233 -1.79865473967251e-16     0.912929140711632 -4.58703230658823e-12 -8.47007060193522e-15
-1.09222463946156e-27  8.74427506766836e-29  1.05576692833143e-26 -1.46868685994151e-26  5.13825045063973e-26 -1.79865473967251e-16       1.3777262240123 -4.58689814185205e-12    -0.912929140711643  3.96858532936084e-26
-3.36233967909197e-17 -6.20317524903257e-18  7.06357900654122e-17  6.63651715816136e-16  1.74976497334938e-14     0.912929140711632 -4.58689814185205e-12     0.660610579697557 -1.90310565216594e-16 -3.06622150294346e-16
-9.71852769266294e-28 -1.41374886935845e-28 -1.07463222634823e-26 -1.80730838267286e-26  7.36234143064169e-27 -4.58703230658823e-12    -0.912929140711643 -1.90310565216594e-16     0.660610579697593  1.15970086930335e-26
   0.0130631289874426   -0.0110054419099432    -0.775088839820963     0.318783265139288     0.421008382855298 -8.47007060193522e-15  3.96858532936084e-26 -3.06622150294346e-16  1.15970086930335e-26     0.655187718599078
First eigenvector coefficient: 0.305236129513108
TOTAL ENERGY: -124.450061948972	 lambda: -4.2	 population of target: 3.68363970805198
1RDM: 
      1.9998749155315  0.000106272452756382   0.00746543568089738  -0.00310043271122071  -0.00400570453301917  1.05721943976031e-16 -1.08735386325447e-27  -3.3900218331673e-17 -9.69918768762241e-28    0.0129812390632197
 0.000106272452756382      1.99989193126523  -0.00657250664152531   0.00327871401857266   0.00269653609172614 -5.24921014722067e-17  8.56608463943047e-29 -6.17011143740642e-18 -1.41191373761934e-28   -0.0109534415151945
  0.00746543568089738  -0.00657250664152531      1.55031785188379     0.196205163418845     0.227045732323032 -4.75029457290501e-15  1.04407882601584e-26  6.93044747990748e-17 -1.07880652555404e-26    -0.773781406160736
 -0.00310043271122071   0.00327871401857266     0.196205163418845      1.89083737042822   -0.0632981238330937   9.0645377954752e-16 -1.45380879349762e-26  6.65306162588395e-16 -1.79807013382538e-26     0.317505912981426
 -0.00400570453301917   0.00269653609172614     0.227045732323032   -0.0632981238330937      1.83100633394448 -8.46619199254981e-15  5.11716361008678e-26  1.74816321959385e-14  7.27071277852476e-27     0.421191219725288
 1.05721943976031e-16 -5.24921014722067e-17 -4.75029457290501e-15   9.0645377954752e-16 -8.46619199254981e-15      1.37930578429174 -1.79842518135117e-16     0.912291858308218 -4.58383125445705e-12 -8.47495752913798e-15
-1.08735386325447e-27  8.56608463943047e-29  1.04407882601584e-26 -1.45380879349762e-26  5.11716361008678e-26 -1.79842518135117e-16      1.37930578429171 -4.58369622840481e-12    -0.912291858308229  3.96648006116475e-26
 -3.3900218331673e-17 -6.17011143740642e-18  6.93044747990748e-17  6.65306162588395e-16  1.74816321959385e-14     0.912291858308218 -4.58369622840481e-12      0.65907388196943 -1.90062163220229e-16 -3.07117582025342e-16
-9.69918768762241e-28 -1.41191373761934e-28 -1.07880652555404e-26 -1.79807013382538e-26  7.27071277852476e-27 -4.58383125445705e-12    -0.912291858308229 -1.90062163220229e-16     0.659073881969468  1.16150749469851e-26
   0.0129812390632197   -0.0109534415151945    -0.773781406160736     0.317505912981426     0.421191219725288 -8.47495752913798e-15  3.96648006116475e-26 -3.07117582025342e-16  1.16150749469851e-26     0.651312264424484
First eigenvector coefficient: -0.306783514548567
TOTAL ENERGY: -124.458723088519	 lambda: -4.15	 population of target: 3.68571431330376
1RDM: 
