TOTAL ENERGY: -124.234937010511	 lambda: -5	 population of target: 3.99338721660202
1RDM: 
     1.99999931944739  1.02345947049316e-06 -0.000129747363649845  0.000143165528110033 -0.000628996907384874  3.06528726602347e-16  4.05243316855077e-16    3.635921276204e-17 -1.16082371526835e-16  0.000950652961255045
 1.02345947049316e-06      1.99997319888103  0.000494619384375723  -0.00167765468409323  0.000401535909531275 -3.16420561357539e-16 -4.01293407536772e-16  1.31924368144618e-17 -1.57840531607851e-17 -0.000980520442549376
-0.000129747363649845  0.000494619384375723      1.97152920187294    0.0455495651702805    -0.113101734478478  6.40849565272582e-14  7.87458005360305e-14  5.74283274998153e-15 -9.55511804516687e-15     0.175612286423095
 0.000143165528110033  -0.00167765468409323    0.0455495651702805      1.88058597532825     0.098910282373753 -5.67766706192355e-14 -6.80186096862049e-14 -8.87263632866602e-15  1.38865360281783e-14    -0.172365904712687
-0.000628996907384874  0.000401535909531275    -0.113101734478478     0.098910282373753      1.40607416082635   3.3063419095341e-13  4.07224339074217e-13   2.9201518951425e-14 -4.95656596295533e-14     0.889074017404012
 3.06528726602347e-16 -3.16420561357539e-16  6.40849565272582e-14 -5.67766706192355e-14   3.3063419095341e-13      1.19550819124094  4.20169987457831e-14    -0.435794179951299    -0.860402612872649 -2.31020230446437e-13
 4.05243316855077e-16 -4.01293407536772e-16  7.87458005360305e-14 -6.80186096862049e-14  4.07224339074217e-13  4.20169987457831e-14      1.19550819124062     0.860402612872708    -0.435794179951312  -2.9570886465603e-13
   3.635921276204e-17  1.31924368144618e-17  5.74283274998153e-15 -8.87263632866602e-15   2.9201518951425e-14    -0.435794179951299     0.860402612872708     0.843730148757625 -1.04269881295924e-13  -2.3722349921402e-13
-1.16082371526835e-16 -1.57840531607851e-17 -9.55511804516687e-15  1.38865360281783e-14 -4.95656596295533e-14    -0.860402612872649    -0.435794179951312 -1.04269881295924e-13     0.843730148757367  5.28280996885858e-13
 0.000950652961255045 -0.000980520442549376     0.175612286423095    -0.172365904712687     0.889074017404012 -2.31020230446437e-13  -2.9570886465603e-13  -2.3722349921402e-13  5.28280996885858e-13     0.663361463647521
First eigenvector coefficient: -0.229092943582518
TOTAL ENERGY: -124.235185478765	 lambda: -4.95	 population of target: 3.9934371618388
1RDM: 
     1.99999932374339  1.02061679601106e-06  -0.00012915212759599  0.000142628729284789 -0.000626647562972222   3.0544867496868e-16  4.04011816200085e-16  3.60368991119364e-17 -1.15641205925328e-16  0.000947904889935099
 1.02061679601106e-06      1.99997319764446  0.000494313513989919  -0.00167763216394935  0.000400930645945652 -3.16239144404943e-16 -4.00947200285831e-16  1.30780438470226e-17 -1.56895440780417e-17 -0.000980976361111178
 -0.00012915212759599  0.000494313513989919      1.97160262116437    0.0454877348895833    -0.112858606049109  6.40009241314976e-14  7.86485712152261e-14   5.6990674384081e-15 -9.48028549809332e-15     0.175398341670003
 0.000142628729284789  -0.00167763216394935    0.0454877348895833      1.88062119959504    0.0987289805440582   -5.675609894821e-14 -6.80155913561501e-14 -8.79580710639776e-15  1.37660901270407e-14    -0.172271139687221
-0.000626647562972222  0.000400930645945652    -0.112858606049109    0.0987289805440582      1.40672049188978  3.30473991181065e-13  4.07018509242671e-13  2.90947062314861e-14  -4.9352347100835e-14     0.888829922666199
  3.0544867496868e-16 -3.16239144404943e-16  6.40009241314976e-14   -5.675609894821e-14  3.30473991181065e-13      1.19566421887339  4.03148157826239e-14    -0.435782275808276    -0.860379110067679 -2.31160216176082e-13
 4.04011816200085e-16 -4.00947200285831e-16  7.86485712152261e-14 -6.80155913561501e-14  4.07018509242671e-13  4.03148157826239e-14      1.19566421887307     0.860379110067738     -0.43578227580829 -2.95857328328606e-13
 3.60368991119364e-17  1.30780438470226e-17   5.6990674384081e-15 -8.79580710639776e-15  2.90947062314861e-14    -0.435782275808276     0.860379110067738     0.843569019926057 -1.03849628082821e-13 -2.37164428310763e-13
-1.15641205925328e-16 -1.56895440780417e-17 -9.48028549809332e-15  1.37660901270407e-14  -4.9352347100835e-14    -0.860379110067679     -0.43578227580829 -1.03849628082821e-13     0.843569019925805  5.28151467331786e-13
 0.000947904889935099 -0.000980976361111178     0.175398341670003    -0.172271139687221     0.888829922666199 -2.31160216176082e-13 -2.95857328328606e-13 -2.37164428310763e-13  5.28151467331786e-13     0.662616688364662
First eigenvector coefficient: 0.229283628337886
TOTAL ENERGY: -124.235442784969	 lambda: -4.9	 population of target: 3.99348940876159
1RDM: 
     1.99999932801901  1.01777524665883e-06 -0.000128554811578271  0.000142093619236013 -0.000624291537101167  3.04357696856158e-16  4.02758992233622e-16   3.5730508228923e-17 -1.15222210537865e-16  0.000945168042585709
 1.01777524665883e-06      1.99997319643876  0.000493999255777378  -0.00167760720980925  0.000400302733848625 -3.16327300146357e-16 -4.01128366373846e-16  1.33844087562053e-17 -1.61760769365612e-17 -0.000981439313002581
-0.000128554811578271  0.000493999255777378      1.97167747421611    0.0454250761217307    -0.112609754614957  6.38983318654891e-14  7.85165367438053e-14   5.6802501431529e-15 -9.43941603402526e-15     0.175180326146371
 0.000142093619236013  -0.00167760720980925    0.0454250761217307      1.88065642327597    0.0985454490058728 -5.66722975764732e-14 -6.78890982749678e-14 -8.81657920209059e-15  1.37796904321991e-14    -0.172178406803497
-0.000624291537101167  0.000400302733848625    -0.112609754614957    0.0985454490058728      1.40738866482907  3.30319686504292e-13  4.06828014291147e-13  2.89665067120837e-14 -4.91074154015971e-14     0.888576373930048
 3.04357696856158e-16 -3.16327300146357e-16  6.38983318654891e-14 -5.66722975764732e-14  3.30319686504292e-13      1.19582545855213  3.86008883457188e-14    -0.435769919361167    -0.860354714441283 -2.31304287635037e-13
 4.02758992233622e-16 -4.01128366373846e-16  7.85165367438053e-14 -6.78890982749678e-14  4.06828014291147e-13  3.86008883457188e-14      1.19582545855182     0.860354714441341     -0.43576991936118  -2.9601001501847e-13
  3.5730508228923e-17  1.33844087562053e-17   5.6802501431529e-15 -8.81657920209059e-15  2.89665067120837e-14    -0.435769919361167     0.860354714441341      0.84340273077484 -1.03358990949778e-13  -2.3710342785604e-13
-1.15222210537865e-16 -1.61760769365612e-17 -9.43941603402526e-15  1.37796904321991e-14 -4.91074154015971e-14    -0.860354714441283     -0.43576991936118 -1.03358990949778e-13     0.843402730774592   5.2801759008157e-13
 0.000945168042585709 -0.000981439313002581     0.175180326146371    -0.172178406803497     0.888576373930048 -2.31304287635037e-13  -2.9601001501847e-13  -2.3710342785604e-13   5.2801759008157e-13     0.661848534567734
First eigenvector coefficient: -0.229480356951628
TOTAL ENERGY: -124.235709418364	 lambda: -4.85	 population of target: 3.99354410495131
1RDM: 
     1.99999933227337  1.01493524241672e-06   -0.0001279553931705  0.000141560284833252 -0.000621928787057015  3.03269639479671e-16  4.01513953303989e-16  3.54162962414132e-17 -1.14794791404805e-16  0.000942443400564217
 1.01493524241672e-06      1.99997319526583  0.000493676268968579  -0.00167757961649018  0.000399651112303147 -3.16362539290629e-16 -4.01154224251595e-16   1.3561825268534e-17 -1.65372046891524e-17 -0.000981909570977823
  -0.0001279553931705  0.000493676268968579      1.97175381181411    0.0453615534919304    -0.112354949829124  6.37966701291467e-14  7.83910714066429e-14  5.65248796966332e-15 -9.38891201014132e-15      0.17495809838145
 0.000141560284833252  -0.00167757961649018    0.0453615534919304      1.88069166080419    0.0983595685921438 -5.65999765166758e-14 -6.77974356016352e-14 -8.80568867105374e-15  1.37610743743698e-14    -0.172087782063316
-0.000621928787057015  0.000399651112303147    -0.112354949829124    0.0983595685921438      1.40807974169855  3.30157581091089e-13  4.06624048999872e-13  2.88398593560304e-14 -4.88602303959218e-14     0.888312874333999
 3.03269639479671e-16 -3.16362539290629e-16  6.37966701291467e-14 -5.65999765166758e-14  3.30157581091089e-13      1.19599217019371  3.55182697660416e-14    -0.435757088194716    -0.860329381390087 -2.31452667279899e-13
 4.01513953303989e-16 -4.01154224251595e-16  7.83910714066429e-14 -6.77974356016352e-14  4.06624048999872e-13  3.55182697660416e-14       1.1959921701934     0.860329381390144     -0.43575708819473 -2.96167190428803e-13
 3.54162962414132e-17   1.3561825268534e-17  5.65248796966332e-15 -8.80568867105374e-15  2.88398593560304e-14    -0.435757088194716     0.860329381390144      0.84323102052923 -1.03065079115294e-13 -2.37040174518813e-13
-1.14794791404805e-16 -1.65372046891524e-17 -9.38891201014132e-15  1.37610743743698e-14 -4.88602303959218e-14    -0.860329381390087     -0.43575708819473 -1.03065079115294e-13     0.843231020528991  5.27878866952303e-13
 0.000942443400564217 -0.000981909570977823      0.17495809838145    -0.172087782063316     0.888312874333999 -2.31452667279899e-13 -2.96167190428803e-13 -2.37040174518813e-13  5.27878866952303e-13     0.661055876698608
First eigenvector coefficient: 0.229683426564554
TOTAL ENERGY: -124.235985904074	 lambda: -4.8	 population of target: 3.99360141001461
1RDM: 
     1.99999933650555  1.01209718271678e-06 -0.000127353848210158  0.000141028815786695 -0.000619559260902183  3.02184983860231e-16  4.00273816710985e-16  3.50977168899411e-17 -1.14360245841337e-16  0.000939732001957037
 1.01209718271678e-06      1.99997319412777  0.000493344212273383  -0.00167754921425496   0.00039897464335299 -3.16335859382302e-16 -4.01096010240401e-16  1.36908826144638e-17 -1.68022414887017e-17 -0.000982387417335749
-0.000127353848210158  0.000493344212273383      1.97183168667064    0.0452971315785548    -0.112093948178397  6.36964057998717e-14  7.82677447333166e-14  5.62069087884023e-15 -9.33047483916961e-15     0.174731510115688
 0.000141028815786695  -0.00167754921425496    0.0452971315785548      1.88072692145367    0.0981712111233942 -5.65411524627492e-14 -6.77239798954615e-14 -8.78202684091752e-15  1.37170351952998e-14    -0.171999345663684
-0.000619559260902183   0.00039897464335299    -0.112093948178397    0.0981712111233942      1.40879485402017  3.29986995116685e-13  4.06409208032672e-13  2.87111951631969e-14 -4.86092174327614e-14      0.88803889145429
 3.02184983860231e-16 -3.16335859382302e-16  6.36964057998717e-14 -5.65411524627492e-14  3.29986995116685e-13      1.19616463175795  4.13916844963418e-14    -0.435743757544691    -0.860303062205155 -2.31605575220597e-13
 4.00273816710985e-16 -4.01096010240401e-16  7.82677447333166e-14 -6.77239798954615e-14  4.06409208032672e-13  4.13916844963418e-14      1.19616463175764     0.860303062205212    -0.435743757544702 -2.96329078094063e-13
 3.50977168899411e-17  1.36908826144638e-17  5.62069087884023e-15 -8.78202684091752e-15  2.87111951631969e-14    -0.435743757544691     0.860303062205212     0.843053613103146 -9.81762764425114e-14 -2.36974567271168e-13
-1.14360245841337e-16 -1.68022414887017e-17 -9.33047483916961e-15  1.37170351952998e-14 -4.86092174327614e-14    -0.860303062205155    -0.435743757544702 -9.81762764425114e-14     0.843053613102901  5.27735025067076e-13
 0.000939732001957037 -0.000982387417335749     0.174731510115688    -0.171999345663684      0.88803889145429 -2.31605575220597e-13 -2.96329078094063e-13 -2.36974567271168e-13  5.27735025067076e-13     0.660237517500605
First eigenvector coefficient: -0.229893153627166
TOTAL ENERGY: -124.236272806707	 lambda: -4.75	 population of target: 3.99366149684258
1RDM: 
     1.99999934071459   1.0092615736457e-06 -0.000126750151736127  0.000140499309723504 -0.000617182893984812  3.01101833545566e-16  3.99035996952043e-16  3.47766122078736e-17 -1.13922294263172e-16  0.000937034944535564
  1.0092615736457e-06      1.99997319302672  0.000493002719569146  -0.00167751581722018  0.000398272125307713 -3.16297098482365e-16 -4.01021069932694e-16  1.38165489386364e-17 -1.70607292295266e-17 -0.000982873157190211
-0.000126750151736127  0.000493002719569146       1.9719111542742    0.0452317723463161    -0.111826492531557  6.35944155305056e-14  7.81423410915845e-14  5.58758409346751e-15 -9.26953736876553e-15     0.174500406142064
 0.000140499309723504  -0.00167751581722018    0.0452317723463161      1.88076221593405    0.0979802387140699 -5.64842266390716e-14 -6.76530405526297e-14 -8.75608951502266e-15  1.36684830906851e-14    -0.171913180675819
-0.000617182893984812  0.000398272125307713    -0.111826492531557    0.0979802387140699      1.40953520795472  3.29809708219732e-13  4.06185929795243e-13  2.85784159851023e-14  -4.8350205437388e-14     0.887753855964934
 3.01101833545566e-16 -3.16297098482365e-16  6.35944155305056e-14 -5.64842266390716e-14  3.29809708219732e-13      1.19634314022988  4.01184274562936e-14    -0.435729900757546    -0.860275704316038 -2.31763220850117e-13
 3.99035996952043e-16 -4.01021069932694e-16  7.81423410915845e-14 -6.76530405526297e-14  4.06185929795243e-13  4.01184274562936e-14      1.19634314022957     0.860275704316095    -0.435729900757559 -2.96495889960989e-13
 3.47766122078736e-17  1.38165489386364e-17  5.58758409346751e-15 -8.75608951502266e-15  2.85784159851023e-14    -0.435729900757546     0.860275704316095     0.842870214586556  -1.0127355826921e-13 -2.36906507042481e-13
-1.13922294263172e-16 -1.70607292295266e-17 -9.26953736876553e-15  1.36684830906851e-14  -4.8350205437388e-14    -0.860275704316038    -0.435729900757559  -1.0127355826921e-13     0.842870214586305  5.27585843669724e-13
 0.000937034944535564 -0.000982873157190211     0.174500406142064    -0.171913180675819     0.887753855964934 -2.31763220850117e-13 -2.96495889960989e-13 -2.36906507042481e-13  5.27585843669724e-13     0.659392178463414
First eigenvector coefficient: -0.230109875289101
TOTAL ENERGY: -124.236570734088	 lambda: -4.7	 population of target: 3.993724552962
1RDM: 
     1.99999934489949  1.00642889572837e-06 -0.000126144276787541  0.000139971865765884 -0.000614799609252922  3.00020107053502e-16  3.97800356727201e-16  3.44531749828061e-17 -1.13481365871428e-16  0.000934353391121691
 1.00642889572837e-06      1.99997319196512  0.000492651407108139  -0.00167747921480491  0.000397542273604254 -3.16253074682124e-16 -4.00938767152343e-16  1.39454893362301e-17 -1.73256826742137e-17 -0.000983367111709201
-0.000126144276787541  0.000492651407108139      1.97199227262614    0.0451654357193703    -0.111552311230488  6.34901837994188e-14  7.80141625757733e-14  5.55352933077551e-15 -9.20680818903764e-15     0.174264624320877
 0.000139971865765884  -0.00167747921480491    0.0451654357193703      1.88079755704745     0.097786503425992 -5.64275618941164e-14 -6.75823631808296e-14 -8.72936674607992e-15  1.36183265877022e-14    -0.171829374584186
-0.000614799609252922  0.000397542273604254    -0.111552311230488     0.097786503425992      1.41030209153263  3.29625680036023e-13  4.05954200932423e-13  2.84410230298652e-14 -4.80822226360486e-14     0.887457156464652
 3.00020107053502e-16 -3.16253074682124e-16  6.34901837994188e-14 -5.64275618941164e-14  3.29625680036023e-13      1.19652801364114  4.27341226199853e-14    -0.435715489454021    -0.860247251641453 -2.31925833166085e-13
 3.97800356727201e-16 -4.00938767152343e-16  7.80141625757733e-14 -6.75823631808296e-14  4.05954200932423e-13  4.27341226199853e-14      1.19652801364082     0.860247251641513    -0.435715489454033 -2.96667860498758e-13
 3.44531749828061e-17  1.39454893362301e-17  5.55352933077551e-15 -8.72936674607992e-15  2.84410230298652e-14    -0.435715489454021     0.860247251641513     0.842680509318347 -1.02534607508479e-13 -2.36835865446116e-13
-1.13481365871428e-16 -1.73256826742137e-17 -9.20680818903764e-15  1.36183265877022e-14 -4.80822226360486e-14    -0.860247251641453    -0.435715489454033 -1.02534607508479e-13     0.842680509318093  5.27431043650886e-13
 0.000934353391121691 -0.000983367111709201     0.174264624320877    -0.171829374584186     0.887457156464652 -2.31925833166085e-13 -2.96667860498758e-13 -2.36835865446116e-13  5.27431043650886e-13     0.658518496010826
First eigenvector coefficient: 0.230333952374512
TOTAL ENERGY: -124.236880341531	 lambda: -4.65	 population of target: 3.99379078207681
1RDM: 
     1.99999934905919  1.00359963059478e-06 -0.000125536194001968  0.000139446585634617 -0.000612409312222341  2.98940013414934e-16  3.96567159417294e-16  3.41273264557075e-17 -1.13037367006888e-16  0.000931688570718087
 1.00359963059478e-06      1.99997319094552    0.0004922898696687  -0.00167743918123258  0.000396783718423478 -3.16203806823715e-16 -4.00849058049431e-16  1.40780685689189e-17 -1.75979170129353e-17 -0.000983869619825235
-0.000125536194001968    0.0004922898696687       1.9720751025172    0.0450980792878882    -0.111271116996359    6.338360377651e-14  7.78830778341097e-14  5.51849673454234e-15 -9.14223727064956e-15     0.174023995168251
 0.000139446585634617  -0.00167743918123258    0.0450980792878882      1.88083295882991    0.0975898461580233 -5.63710924550656e-14 -6.75118693931811e-14 -8.70186493542583e-15  1.35665990408503e-14    -0.171748019115799
-0.000612409312222341  0.000396783718423478    -0.111271116996359    0.0975898461580233        1.411096882264  3.29434563892027e-13  4.05713586916412e-13  2.82987681509448e-14 -4.78047830219935e-14     0.887148135701187
 2.98940013414934e-16 -3.16203806823715e-16    6.338360377651e-14 -5.63710924550656e-14  3.29434563892027e-13      1.19671959222424  3.87517922050788e-14    -0.435700493209755    -0.860217644078815 -2.32093659326436e-13
 3.96567159417294e-16 -4.00849058049431e-16  7.78830778341097e-14 -6.75118693931811e-14  4.05713586916412e-13  3.87517922050788e-14      1.19671959222393     0.860217644078871    -0.435700493209768  -2.9684524346489e-13
 3.41273264557075e-17  1.40780685689189e-17  5.51849673454234e-15 -8.70186493542583e-15  2.82987681509448e-14    -0.435700493209755     0.860217644078871     0.842484159562324 -1.03172379993293e-13 -2.36762501821591e-13
-1.13037367006888e-16 -1.75979170129353e-17 -9.14223727064956e-15  1.35665990408503e-14 -4.78047830219935e-14    -0.860217644078815    -0.435700493209768 -1.03172379993293e-13     0.842484159562076  5.27270320506646e-13
 0.000931688570718087 -0.000983869619825235     0.174023995168251    -0.171748019115799     0.887148135701187 -2.32093659326436e-13  -2.9684524346489e-13 -2.36762501821591e-13  5.27270320506646e-13     0.657615012811656
First eigenvector coefficient: -0.230565770621055
TOTAL ENERGY: -124.237202336394	 lambda: -4.6	 population of target: 3.99386040575133
1RDM: 
     1.99999935319262  1.00077428704198e-06 -0.000124925872164603  0.000138923575684975 -0.000610011890972515  2.97861757429838e-16  3.95336658989396e-16  3.37989975251993e-17 -1.12590222942933e-16  0.000929041786442901
 1.00077428704198e-06      1.99997318997073  0.000491917677681466  -0.00167739547018358  0.000395994998346018 -3.16149666804422e-16 -4.00752454244548e-16  1.42150594838169e-17 -1.78789409481482e-17 -0.000984381039299569
-0.000124925872164603  0.000491917677681466      1.97215970772765     0.045029658075132     -0.11098260581373  6.32745416348891e-14  7.77489148426034e-14   5.4824793805711e-15  -9.0758129603266e-15     0.173778341367449
 0.000138923575684975  -0.00167739547018358     0.045029658075132      1.88086843680623    0.0973900956808252 -5.63146698269265e-14 -6.74413511354214e-14 -8.67368262336073e-15   1.3513488777438e-14    -0.171669210424264
-0.000610011890972515  0.000395994998346018     -0.11098260581373    0.0973900956808252       1.4119210541798   3.2923600249486e-13  4.05463644904993e-13  2.81513688714927e-14 -4.75173381407357e-14     0.886826086657354
 2.97861757429838e-16 -3.16149666804422e-16  6.32745416348891e-14 -5.63146698269265e-14   3.2923600249486e-13      1.19691824109268  3.83283284103527e-14    -0.435684879292201    -0.860186817017379 -2.32266962485742e-13
 3.95336658989396e-16 -4.00752454244548e-16  7.77489148426034e-14 -6.74413511354214e-14  4.05463644904993e-13  3.83283284103527e-14      1.19691824109238     0.860186817017436    -0.435684879292214 -2.97028308722194e-13
 3.37989975251993e-17  1.42150594838169e-17   5.4824793805711e-15 -8.67368262336073e-15  2.81513688714927e-14    -0.435684879292201     0.860186817017436     0.842280802861311 -1.00158951232141e-13 -2.36686265738508e-13
-1.12590222942933e-16 -1.78789409481482e-17  -9.0758129603266e-15   1.3513488777438e-14 -4.75173381407357e-14    -0.860186817017379    -0.435684879292214 -1.00158951232141e-13     0.842280802861068  5.27103348277223e-13
 0.000929041786442901 -0.000984381039299569     0.173778341367449    -0.171669210424264     0.886826086657354 -2.32266962485742e-13 -2.97028308722194e-13 -2.36686265738508e-13  5.27103348277223e-13     0.656680170215568
First eigenvector coefficient: -0.230805743315142
TOTAL ENERGY: -124.237537483357	 lambda: -4.55	 population of target: 3.99393366534561
1RDM: 
     1.99999935729863  9.97953387638336e-07 -0.000124313277594399  0.000138402945955187 -0.000607607212217788  2.96785574151293e-16  3.94109149681802e-16  3.34680917487664e-17 -1.12139810012566e-16  0.000926414419065709
 9.97953387638336e-07      1.99997318904384  0.000491534376791473  -0.00167734781372213  0.000395174551454396 -3.16090547418086e-16 -4.00648801454628e-16  1.43568454540815e-17 -1.81695101750856e-17 -0.000984901748915702
-0.000124313277594399  0.000491534376791473      1.97224615517216    0.0449601244007814    -0.110686455632763  6.31628854957712e-14  7.76115326349212e-14  5.44544155907324e-15 -9.00746797613683e-15     0.173527477406908
 0.000138402945955187  -0.00167734781372213    0.0449601244007814      1.88090400820559    0.0971870673939205 -5.62582455606039e-14 -6.73707391279021e-14 -8.64481809873705e-15  1.34589903951956e-14    -0.171593049369378
-0.000607607212217788  0.000395174551454396    -0.110686455632763    0.0971870673939205      1.41277618674736  3.29029591139515e-13  4.05203870271531e-13  2.79985419781963e-14 -4.72193381428114e-14     0.886490247620288
 2.96785574151293e-16 -3.16090547418086e-16  6.31628854957712e-14 -5.62582455606039e-14  3.29029591139515e-13      1.19712435226187  3.70672876425503e-14     -0.43566861249404    -0.860154700946328 -2.32446024088899e-13
 3.94109149681802e-16 -4.00648801454628e-16  7.76115326349212e-14 -6.73707391279021e-14  4.05203870271531e-13  3.70672876425503e-14      1.19712435226156     0.860154700946386    -0.435668612494054 -2.97217344588548e-13
 3.34680917487664e-17  1.43568454540815e-17  5.44544155907324e-15 -8.64481809873705e-15  2.79985419781963e-14     -0.43566861249404     0.860154700946386     0.842070050015781 -1.03354837235668e-13 -2.36606994204732e-13
-1.12139810012566e-16 -1.81695101750856e-17 -9.00746797613683e-15  1.34589903951956e-14 -4.72193381428114e-14    -0.860154700946328    -0.435668612494054 -1.03354837235668e-13     0.842070050015538  5.26929774183317e-13
 0.000926414419065709 -0.000984901748915702     0.173527477406908    -0.171593049369378     0.886490247620288 -2.32446024088899e-13 -2.97217344588548e-13 -2.36606994204732e-13  5.26929774183317e-13     0.655712298977761
First eigenvector coefficient: 0.231054313581992
TOTAL ENERGY: -124.23788661025	 lambda: -4.5	 population of target: 3.99401082417913
1RDM: 
     1.99999936137601  9.95137468899671e-07 -0.000123698373923173  0.000137884810289814 -0.000605195118260312  2.95711709416606e-16  3.92884939245311e-16  3.31345040286552e-17 -1.11685992345096e-16  0.000923807932618087
 9.95137468899671e-07      1.99997318816816  0.000491139485888206   -0.0016772959197536  0.000394320706568683  -3.1602633482329e-16 -4.00537942508792e-16  1.45038441678418e-17 -1.84704377629907e-17 -0.000985432149698989
-0.000123698373923173  0.000491139485888206      1.97233451508647    0.0448894276691273    -0.110382325018524  6.30485170544088e-14  7.74707816527719e-14  5.40734594575001e-15 -8.93713136102831e-15     0.173271209166669
 0.000137884810289814   -0.0016772959197536    0.0448894276691273      1.88093969217953    0.0969805620680344 -5.62017669314168e-14 -6.72999566477428e-14 -8.61527115392141e-15  1.34030989756682e-14    -0.171519641791496
-0.000605195118260312  0.000394320706568683    -0.110382325018524    0.0969805620680344      1.41366397433781  3.28814894824991e-13   4.0493372102514e-13  2.78399832447538e-14  -4.6910192875134e-14      0.88613979685721
 2.95711709416606e-16  -3.1602633482329e-16  6.30485170544088e-14 -5.62017669314168e-14  3.28814894824991e-13      1.19733834722682  3.92253936347871e-14    -0.435651654889877    -0.860121220991995 -2.32631145002854e-13
 3.92884939245311e-16 -4.00537942508792e-16  7.74707816527719e-14 -6.72999566477428e-14   4.0493372102514e-13  3.92253936347871e-14      1.19733834722651     0.860121220992053     -0.43565165488989 -2.97412658968446e-13
 3.31345040286552e-17  1.45038441678418e-17  5.40734594575001e-15 -8.61527115392141e-15  2.78399832447538e-14    -0.435651654889877     0.860121220992053     0.841851482477057 -1.01009047215635e-13 -2.36524511763876e-13
-1.11685992345096e-16 -1.84704377629907e-17 -8.93713136102831e-15  1.34030989756682e-14  -4.6910192875134e-14    -0.860121220991995     -0.43565165488989 -1.01009047215635e-13     0.841851482476811  5.26749218549273e-13
 0.000923807932618087 -0.000985432149698989     0.173271209166669    -0.171519641791496      0.88613979685721 -2.32631145002854e-13 -2.97412658968446e-13 -2.36524511763876e-13  5.26749218549273e-13     0.654709609444896
First eigenvector coefficient: -0.231311957178208
TOTAL ENERGY: -124.238250614649	 lambda: -4.45	 population of target: 3.99409216998463
1RDM: 
     1.99999936542354  9.92327078630607e-07 -0.000123081121755077  0.000137369286215423 -0.000602775423213692  2.94640421538853e-16  3.91664351445723e-16  3.27981181337704e-17 -1.11228617829985e-16  0.000921223880192522
 9.92327078630607e-07      1.99997318734732  0.000490732495019318  -0.00167723946930691   0.00039343167343311 -3.15956876471957e-16 -4.00419667277014e-16  1.46564765747586e-17 -1.87825424555983e-17 -0.000985972666463897
-0.000123081121755077  0.000490732495019318      1.97242486122783    0.0448175141391681    -0.110069851649501  6.29313129924522e-14  7.73265060789634e-14  5.36815129401576e-15 -8.86472453673692e-15        0.173009333488
 0.000137369286215423  -0.00167723946930691    0.0448175141391681      1.88097551002893    0.0967703643931181 -5.61451834061827e-14 -6.72289297846217e-14 -8.58503503785506e-15  1.33457964862096e-14    -0.171449098778321
-0.000602775423213692   0.00039343167343311    -0.110069851649501    0.0967703643931181      1.41458623686085  3.28591444138048e-13   4.0465261228409e-13   2.7675366970819e-14 -4.65892706453318e-14     0.885773846629182
 2.94640421538853e-16 -3.15956876471957e-16  6.29313129924522e-14 -5.61451834061827e-14  3.28591444138048e-13      1.19756067975477  3.91608216861083e-14     -0.43563396557087    -0.860086296391891 -2.32822647306401e-13
 3.91664351445723e-16 -4.00419667277014e-16  7.73265060789634e-14 -6.72289297846217e-14   4.0465261228409e-13  3.91608216861083e-14      1.19756067975447     0.860086296391947    -0.435633965570882  -2.9761458114174e-13
 3.27981181337704e-17  1.46564765747586e-17  5.36815129401576e-15 -8.58503503785506e-15   2.7675366970819e-14     -0.43563396557087     0.860086296391947     0.841624649568863 -9.82597381581511e-14 -2.36438629244328e-13
-1.11228617829985e-16 -1.87825424555983e-17 -8.86472453673692e-15  1.33457964862096e-14 -4.65892706453318e-14    -0.860086296391891    -0.435633965570882 -9.82597381581511e-14      0.84162464956862  5.26561272147873e-13
 0.000921223880192522 -0.000985972666463897        0.173009333488    -0.171449098778321     0.885773846629182 -2.32822647306401e-13  -2.9761458114174e-13 -2.36438629244328e-13  5.26561272147873e-13     0.653670180464887
First eigenvector coefficient: 0.23157918551035
TOTAL ENERGY: -124.238630471289	 lambda: -4.4	 population of target: 3.99417801768958
1RDM: 
     1.99999936943989  9.89522775866288e-07 -0.000122461478318553  0.000136856494951347 -0.000600347908568509  2.93571983097141e-16  3.90447728769871e-16  3.24588043215328e-17 -1.10767514352159e-16  0.000918663910138239
 9.89522775866288e-07      1.99997318658529  0.000490312863121992   -0.0016771781135859  0.000392505531843034  -3.1588193027738e-16 -4.00293640173258e-16  1.48151111334144e-17  -1.9106545451508e-17 -0.000986523749556495
-0.000122461478318553  0.000490312863121992       1.9725172710894    0.0447443266726363    -0.109748650670082  6.28111479050914e-14  7.71785481270149e-14  5.32780901861436e-15 -8.79015495798301e-15     0.172741637726585
 0.000136856494951347   -0.0016771781135859    0.0447443266726363      1.88101148545439    0.0965562413497729 -5.60884595150732e-14 -6.71576059174858e-14 -8.55408375207913e-15  1.32870280485239e-14    -0.171381536940951
-0.000600347908568509  0.000392505531843034    -0.109748650670082    0.0965562413497729      1.41554493160975  3.28358730037457e-13  4.04359909375214e-13  2.75043461120319e-14 -4.62558982699879e-14     0.885391436472817
 2.93571983097141e-16  -3.1588193027738e-16  6.28111479050914e-14 -5.60884595150732e-14  3.28358730037457e-13      1.19779183900398  3.99765401978524e-14     -0.43561550034789    -0.860049839904345 -2.33020876338668e-13
 3.90447728769871e-16 -4.00293640173258e-16  7.71785481270149e-14 -6.71576059174858e-14  4.04359909375214e-13  3.99765401978524e-14      1.19779183900366     0.860049839904405    -0.435615500347903 -2.97823463881566e-13
 3.24588043215328e-17  1.48151111334144e-17  5.32780901861436e-15 -8.55408375207913e-15  2.75043461120319e-14     -0.43561550034789     0.860049839904405     0.841389065385699 -1.03016987794553e-13 -2.36349142711352e-13
-1.10767514352159e-16  -1.9106545451508e-17 -8.79015495798301e-15  1.32870280485239e-14 -4.62558982699879e-14    -0.860049839904345    -0.435615500347903 -1.03016987794553e-13     0.841389065385453  5.26365493935003e-13
 0.000918663910138239 -0.000986523749556495     0.172741637726585    -0.171381536940951     0.885391436472817 -2.33020876338668e-13 -2.97823463881566e-13 -2.36349142711352e-13  5.26365493935003e-13     0.652591947042469
First eigenvector coefficient: 0.231856549046105
TOTAL ENERGY: -124.239027240432	 lambda: -4.35	 population of target: 3.99426871257045
1RDM: 
     1.99999937342372  9.86725130100394e-07 -0.000121839397104047  0.000136346561403324 -0.000597912318318512  2.92506677357069e-16   3.8923542737857e-16  3.21164214873971e-17 -1.10302494404503e-16  0.000916129772991928
 9.86725130100394e-07      1.99997318588644  0.000489880015435945  -0.00167711147055707  0.000391540219570149 -3.15801269882061e-16 -4.00159546604551e-16  1.49801739208751e-17 -1.94432816162057e-17 -0.000987085876525783
-0.000121839397104047  0.000489880015435945      1.97261182613097    0.0446698044535906    -0.109418312895932  6.26878869557717e-14  7.70267378311347e-14  5.28626935694019e-15 -8.71332793184143e-15     0.172467899287336
 0.000136346561403324  -0.00167711147055707    0.0446698044535906       1.8810476448505    0.0963379404168157 -5.60315482911253e-14 -6.70859166814578e-14 -8.52239633302259e-15  1.32267486334055e-14    -0.171317078718647
-0.000597912318318512  0.000391540219570149    -0.109418312895932    0.0963379404168157      1.41654216638227  3.28116204622952e-13  4.04054929504639e-13  2.73265455187768e-14 -4.59093480836288e-14     0.884991525673156
 2.92506677357069e-16 -3.15801269882061e-16  6.26878869557717e-14 -5.60315482911253e-14  3.28116204622952e-13      1.19803235305942  4.33822776441344e-14    -0.435596211415475    -0.860011757151687 -2.33226202597285e-13
  3.8923542737857e-16 -4.00159546604551e-16  7.70267378311347e-14 -6.70859166814578e-14  4.04054929504639e-13  4.33822776441344e-14      1.19803235305909     0.860011757151751    -0.435596211415488 -2.98039685237817e-13
 3.21164214873971e-17  1.49801739208751e-17  5.28626935694019e-15 -8.52239633302259e-15  2.73265455187768e-14    -0.435596211415475     0.860011757151751     0.841144205246139 -1.04327086910536e-13 -2.36255831742425e-13
-1.10302494404503e-16 -1.94432816162057e-17 -8.71332793184143e-15  1.32267486334055e-14 -4.59093480836288e-14    -0.860011757151687    -0.435596211415488 -1.04327086910536e-13     0.841144205245882  5.26161407348144e-13
 0.000916129772991928 -0.000987085876525783     0.172467899287336    -0.171317078718647     0.884991525673156 -2.33226202597285e-13 -2.98039685237817e-13 -2.36255831742425e-13  5.26161407348144e-13     0.651472686715545
First eigenvector coefficient: 0.232144641041395
TOTAL ENERGY: -124.239442077471	 lambda: -4.3	 population of target: 3.99436463387812
1RDM: 
     1.99999937737361  9.83934725598494e-07 -0.000121214827428598  0.000135839614454428 -0.000595468352284581  2.91444889907319e-16  3.88027942153337e-16  3.17707317315212e-17  -1.0983318781277e-16  0.000913623328224918
 9.83934725598494e-07      1.99997318525548  0.000489433342516456  -0.00167703912623459  0.000390533516724202 -3.15711980237634e-16  -4.0001339594726e-16  1.51496879054736e-17 -1.97888673320578e-17 -0.000987659554298703
-0.000121214827428598  0.000489433342516456      1.97270861198588    0.0445938828327508    -0.109078402721188  6.25615526300373e-14  7.68711212231639e-14  5.24332614277209e-15 -8.63384161487123e-15     0.172187885158167
 0.000135839614454428  -0.00167703912623459    0.0445938828327508      1.88108401717165    0.0961151873911545 -5.59750108700176e-14 -6.70146257718976e-14 -8.48938148058492e-15  1.31637922982442e-14    -0.171255852795502
-0.000595468352284581  0.000390533516724202    -0.109078402721188    0.0961151873911545      1.41758021480039   3.2786316198794e-13  4.03736778960436e-13  2.71416670331594e-14  -4.5549044690123e-14     0.884572984400608
 2.91444889907319e-16 -3.15711980237634e-16  6.25615526300373e-14 -5.59750108700176e-14   3.2786316198794e-13      1.19828279253918   3.9422071269816e-14     -0.43557604701921    -0.859971945863642 -2.33439029298312e-13
 3.88027942153337e-16  -4.0001339594726e-16  7.68711212231639e-14 -6.70146257718976e-14  4.03736778960436e-13   3.9422071269816e-14      1.19828279253887     0.859971945863701    -0.435576047019223 -2.98263657722744e-13
 3.17707317315212e-17  1.51496879054736e-17  5.24332614277209e-15 -8.48938148058492e-15  2.71416670331594e-14     -0.43557604701921     0.859971945863701     0.840889502220895  -1.0005899368831e-13 -2.36158454381208e-13
 -1.0983318781277e-16 -1.97888673320578e-17 -8.63384161487123e-15  1.31637922982442e-14  -4.5549044690123e-14    -0.859971945863642    -0.435576047019223  -1.0005899368831e-13     0.840889502220651  5.25948490621182e-13
 0.000913623328224918 -0.000987659554298703     0.172187885158167    -0.171255852795502     0.884572984400608 -2.33439029298312e-13 -2.98263657722744e-13 -2.36158454381208e-13  5.25948490621182e-13     0.650310003893449
First eigenvector coefficient: -0.232444102014827
TOTAL ENERGY: -124.239876242959	 lambda: -4.25	 population of target: 3.99446619877322
1RDM: 
     1.99999938128803  9.81152132798323e-07 -0.000120587713977482  0.000135335785321801 -0.000593015666147603  2.90386852884487e-16  3.86825554593309e-16  3.14216371525918e-17 -1.09359502684054e-16  0.000911146558293124
 9.81152132798323e-07      1.99997318469773   0.00048897218957165  -0.00167696060846039  0.000389483041722402 -3.15615545325419e-16 -3.99857325200685e-16  1.53258585687298e-17 -2.01474577038148e-17 -0.000988245321171478
-0.000120587713977482   0.00048897218957165      1.97280771900886    0.0445164922977805    -0.108728456173757  6.24318875270517e-14  7.67113552068399e-14   5.1990279970957e-15 -8.55178375596596e-15     0.171901350863853
 0.000135335785321801  -0.00167696060846039    0.0445164922977805      1.88112063636194    0.0958876849361286 -5.59183874925722e-14 -6.69430739476654e-14 -8.45541535063988e-15  1.30988531915754e-14    -0.171197994041953
-0.000593015666147603  0.000389483041722402    -0.108728456173757    0.0958876849361286      1.41866152936658  3.27599032333263e-13  4.03404762092362e-13   2.6949200254006e-14 -4.51740037909897e-14     0.884134586211674
 2.90386852884487e-16 -3.15615545325419e-16  6.24318875270517e-14 -5.59183874925722e-14  3.27599032333263e-13       1.1985437763931  4.13930893987774e-14    -0.435554950861565    -0.859930295049263 -2.33659781033474e-13
 3.86825554593309e-16 -3.99857325200685e-16  7.67113552068399e-14 -6.69430739476654e-14  4.03404762092362e-13  4.13930893987774e-14       1.1985437763928      0.85993029504932    -0.435554950861577 -2.98495812679724e-13
 3.14216371525918e-17  1.53258585687298e-17   5.1990279970957e-15 -8.45541535063988e-15   2.6949200254006e-14    -0.435554950861565      0.85993029504932     0.840624340894167 -1.00550669087573e-13 -2.36056751484289e-13
-1.09359502684054e-16 -2.01474577038148e-17 -8.55178375596596e-15  1.30988531915754e-14 -4.51740037909897e-14    -0.859930295049263    -0.435554950861577 -1.00550669087573e-13     0.840624340893916  5.25726182654321e-13
 0.000911146558293124 -0.000988245321171478     0.171901350863853    -0.171197994041953     0.884134586211674 -2.33659781033474e-13 -2.98495812679724e-13 -2.36056751484289e-13  5.25726182654321e-13     0.649101314702949
First eigenvector coefficient: -0.232755624224069
TOTAL ENERGY: -124.24033111695	 lambda: -4.2	 population of target: 3.99457386751743
1RDM: 
     1.99999938516544  9.78377974977537e-07 -0.000119957996397073  0.000134835209192592 -0.000590553844310761  2.89332703597328e-16  3.85628425873653e-16  3.10691137471944e-17 -1.08881519966629e-16  0.000908701559202972
 9.78377974977537e-07      1.99997318421879  0.000488495870119398   -0.0016768754226308  0.000388386217048728 -3.15518441928129e-16 -3.99699933590314e-16  1.55151316881198e-17  -2.0532082138902e-17 -0.000988843761283987
-0.000119957996397073  0.000488495870119398      1.97290924163883    0.0444375594200731    -0.108367978708212  6.22983070231422e-14   7.6546671732662e-14  5.15369285630584e-15 -8.46780683224519e-15     0.171608042733906
 0.000134835209192592   -0.0016768754226308    0.0444375594200731      1.88115753837416     0.095655107105561 -5.58600676720536e-14 -6.68691090184114e-14 -8.42184672205633e-15  1.30346661997994e-14     -0.17114364340648
-0.000590553844310761  0.000388386217048728    -0.108367978708212     0.095655107105561      1.41978876901806  3.27323422175767e-13  4.03058414930136e-13  2.67484089174965e-14 -4.47827750348156e-14     0.883674992462942
 2.89332703597328e-16 -3.15518441928129e-16  6.22983070231422e-14 -5.58600676720536e-14  3.27323422175767e-13      1.19881597434267  3.98672174153364e-14    -0.435532861789686    -0.859886683835323 -2.33888911188337e-13
 3.85628425873653e-16 -3.99699933590314e-16   7.6546671732662e-14 -6.68691090184114e-14  4.03058414930136e-13  3.98672174153364e-14      1.19881597434236     0.859886683835381    -0.435532861789699 -2.98736607474695e-13
 3.10691137471944e-17  1.55151316881198e-17  5.15369285630584e-15 -8.42184672205633e-15  2.67484089174965e-14    -0.435532861789686     0.859886683835381     0.840348056333753 -1.00539970797926e-13  -2.3595045833769e-13
-1.08881519966629e-16  -2.0532082138902e-17 -8.46780683224519e-15  1.30346661997994e-14 -4.47827750348156e-14    -0.859886683835323    -0.435532861789699 -1.00539970797926e-13     0.840348056333506  5.25493910103748e-13
 0.000908701559202972 -0.000988843761283987     0.171608042733906     -0.17114364340648     0.883674992462942 -2.33888911188337e-13 -2.98736607474695e-13  -2.3595045833769e-13  5.25493910103748e-13     0.647843820232445
First eigenvector coefficient: -0.233079957204638
TOTAL ENERGY: -124.240808209259	 lambda: -4.15	 population of target: 3.99468814799342
1RDM: 
