Lodwin Orthonormalized
TOTAL ENERGY: -123.606608193435	 lambda: -5	 population of target: 4.00000013289004
1RDM: 
     1.99997470018979   0.00165480908767167 -6.32244482913544e-05  6.62378492995894e-20  4.08354688376253e-07  2.58455149713482e-09  1.51498097607493e-07  8.36835511303116e-14 -3.98437344108934e-17  1.01976285237464e-17
  0.00165480908767167      1.88479362549379    0.0659874897120886 -2.62794441728552e-18 -5.84341212551326e-05 -3.93570093895002e-07 -2.13896525010721e-05   -2.173843985761e-11  1.03740259536864e-14 -1.42535081962561e-15
-6.32244482913544e-05    0.0659874897120886    0.0388263798383716 -7.02567465915585e-17  0.000969211953831314  6.88192922094306e-06  0.000350627603377481 -1.90677151883205e-12   9.0809270712687e-16  4.08226994364273e-15
 6.62378492995894e-20 -2.62794441728552e-18 -7.02567465915585e-17      1.99999999725714  3.39185743821726e-20  2.43632624227311e-22  1.22493520400247e-20 -6.52939377259502e-18  7.33480890751637e-05 -2.72422107988619e-22
 4.08354688376253e-07 -5.84341212551326e-05  0.000969211953831314  3.39185743821726e-20      1.99999951506328 -3.43811982278063e-09 -1.75487409433549e-07 -1.00028707680438e-11   -7.158664146839e-18 -3.76137417319188e-16
 2.58455149713482e-09 -3.93570093895002e-07  6.88192922094306e-06  2.43632624227311e-22 -3.43811982278063e-09      1.99999999997562 -1.24414910729532e-09  9.53202024354841e-17 -1.01436678562639e-19 -1.15881221607355e-20
 1.51498097607493e-07 -2.13896525010721e-05  0.000350627603377481  1.22493520400247e-20 -1.75487409433549e-07 -1.24414910729532e-09      1.99999993649439  6.66886524999884e-15 -2.25231473800449e-18 -5.28142843809246e-19
 8.36835511303116e-14   -2.173843985761e-11 -1.90677151883205e-12 -6.52939377259502e-18 -1.00028707680438e-11  9.53202024354841e-17  6.66886524999884e-15    0.0382029242151978  2.01525932007471e-16 -7.33480990942291e-05
-3.98437344108934e-17  1.03740259536864e-14   9.0809270712687e-16  7.33480890751637e-05   -7.158664146839e-18 -1.01436678562639e-19 -2.25231473800449e-18  2.01525932007471e-16    0.0382029242153115  7.64766778397069e-19
 1.01976285237464e-17 -1.42535081962561e-15  4.08226994364273e-15 -2.72422107988619e-22 -3.76137417319188e-16 -1.15881221607355e-20 -5.28142843809246e-19 -7.33480990942291e-05  7.64766778397069e-19      1.99999999725713
First eigenvector coefficient: 7.34286959375883e-09
TOTAL ENERGY: -123.60660829378	 lambda: -4.95	 population of target: 4.00000015306077
1RDM: 
     1.99997470018994   0.00165480907608552 -6.32243612038921e-05  1.63579607726143e-19  4.14715818998132e-07  2.59576238248751e-09  1.53375067760744e-07  1.86297542466502e-12 -7.71658808687139e-16  2.48034117501525e-16
  0.00165480907608552      1.88479362572911    0.0659874928805641 -1.55138089245829e-17 -5.94374466116537e-05 -3.95347189188759e-07 -2.16726210133357e-05 -5.01497803118996e-10  2.07749265393352e-13 -3.11684952595377e-14
-6.32243612038921e-05    0.0659874928805641    0.0388263991536656 -5.15659045560697e-17  0.000987247208586925  6.91397670187452e-06  0.000355535209031264 -4.48129894421994e-11  1.85625203004742e-14 -3.17795054191975e-15
 1.63579607726143e-19 -1.55138089245829e-17 -5.15659045560697e-17      1.99999999715341  3.04179334263723e-20  1.83828706431177e-22  1.08904253877559e-20 -7.00631186999602e-18  7.47221318276803e-05 -2.79106909395612e-22
 4.14715818998132e-07 -5.94374466116537e-05  0.000987247208586925  3.04179334263723e-20      1.99999949688749 -3.51827227907894e-09 -1.81243607775832e-07 -9.58169155780604e-12 -1.79960438290499e-16 -3.66720847456984e-16
 2.59576238248751e-09 -3.95347189188759e-07  6.91397670187452e-06  1.83828706431177e-22 -3.51827227907894e-09      1.99999999997539 -1.26740963753989e-09  9.94307677323302e-16 -4.54936277198736e-19  2.71389422353897e-20
 1.53375067760744e-07 -2.16726210133357e-05  0.000355535209031264  1.08904253877559e-20 -1.81243607775832e-07 -1.26740963753989e-09       1.9999999347071  1.55984886835153e-13 -6.34521630740166e-17  5.29689849643058e-18
 1.86297542466502e-12 -5.01497803118996e-10 -4.48129894421994e-11 -7.00631186999602e-18 -9.58169155780604e-12  9.94307677323302e-16  1.55984886835153e-13     0.038202924525168   1.9756370381163e-16 -7.47221430012821e-05
-7.71658808687139e-16  2.07749265393352e-13  1.85625203004742e-14  7.47221318276803e-05 -1.79960438290499e-16 -4.54936277198736e-19 -6.34521630740166e-17   1.9756370381163e-16    0.0382029245253004  3.29358712912491e-19
 2.48034117501525e-16 -3.11684952595377e-14 -3.17795054191975e-15 -2.79106909395612e-22 -3.66720847456984e-16  2.71389422353897e-20  5.29689849643058e-18 -7.47221430012821e-05  3.29358712912491e-19      1.99999999715341
First eigenvector coefficient: -7.5643985870296e-09
TOTAL ENERGY: -123.606608398674	 lambda: -4.9	 population of target: 4.00000017436001
1RDM: 
     1.99997470018987   0.00165480906842915 -6.32242057535664e-05  8.37098233153107e-20  4.21279766124219e-07   2.6071536783508e-09  1.55299338714194e-07  1.91711737310354e-12 -6.81435176670159e-16  2.64076800829621e-16
  0.00165480906842915        1.884793625984     0.065987496478572  1.42354122910911e-17  -6.0476147009495e-05 -3.97157354425897e-07 -2.19631759593134e-05 -5.07509629220525e-10  1.80605160496829e-13 -3.52177369387497e-14
-6.32242057535664e-05     0.065987496478572    0.0388264195390463 -7.82770416437905e-16   0.00100596504139207  6.94668077307385e-06  0.000360580954808283 -4.49901633550507e-11  1.60200772905619e-14  7.70357029206759e-14
 8.37098233153107e-20  1.42354122910911e-17 -7.82770416437905e-16      1.99999999704371   4.0699954217579e-19  2.76775139742566e-21  1.45869262840435e-19  5.31692672389633e-18  7.61484876662194e-05 -2.92451769896523e-22
 4.21279766124219e-07  -6.0476147009495e-05   0.00100596504139207   4.0699954217579e-19      1.99999947767132 -3.60179400471873e-09 -1.87288982434912e-07 -9.72370851074529e-12  -1.8104436438659e-16 -4.20542095894452e-16
  2.6071536783508e-09 -3.97157354425897e-07  6.94668077307385e-06  2.76775139742566e-21 -3.60179400471873e-09      1.99999999997516 -1.29144721626307e-09  3.07894352748723e-15 -9.07235100372564e-20 -1.76330496883072e-19
 1.55299338714194e-07 -2.19631759593134e-05  0.000360580954808283  1.45869262840435e-19 -1.87288982434912e-07 -1.29144721626307e-09      1.99999993284371  1.23307826468451e-13 -6.52118700354424e-17 -1.06756420926958e-17
 1.91711737310354e-12 -5.07509629220525e-10 -4.49901633550507e-11  5.31692672389633e-18 -9.72370851074529e-12  3.07894352748723e-15  1.23307826468451e-13    0.0382029248535622  1.93600878836312e-16 -7.61484922844795e-05
-6.81435176670159e-16  1.80605160496829e-13  1.60200772905619e-14  7.61484876662194e-05  -1.8104436438659e-16 -9.07235100372564e-20 -6.52118700354424e-17  1.93600878836312e-16    0.0382029248559381  1.28591085120589e-17
 2.64076800829621e-16 -3.52177369387497e-14  7.70357029206759e-14 -2.92451769896523e-22 -4.20542095894452e-16 -1.76330496883072e-19 -1.06756420926958e-17 -7.61484922844795e-05  1.28591085120589e-17      1.99999999704371
First eigenvector coefficient: 7.79153953627321e-09
TOTAL ENERGY: -123.606608508445	 lambda: -4.85	 population of target: 4.00000019687823
1RDM: 
     1.99997470018919    0.0016548090820128  -6.3224112358748e-05  1.64675724564829e-19  4.28056446944235e-07  2.61874350029094e-09  1.57273061016403e-07  8.38170437482457e-12 -2.50556430358387e-15  1.18251785291212e-15
   0.0016548090820128      1.88479362629825    0.0659875006653978  1.85690265280471e-17 -6.15522721079485e-05 -3.99000599206417e-07 -2.22616375950518e-05 -2.25331808749103e-09  6.73771363359438e-13 -1.51919106956454e-13
 -6.3224112358748e-05    0.0659875006653978    0.0388264408747609 -1.52590977760946e-15   0.00102540913990012  6.98000363796477e-06  0.000365770353077418 -2.01254048011756e-10  6.01869359911528e-14  1.30387552748258e-13
 1.64675724564829e-19  1.85690265280471e-17 -1.52590977760946e-15      1.99999999692752  8.24422130860683e-19  5.39274554748919e-21  2.94110391884906e-19  1.60405487143043e-17  7.76305018234042e-05 -3.08548651943077e-22
 4.28056446944235e-07 -6.15522721079485e-05   0.00102540913990012  8.24422130860683e-19      1.99999945732943 -3.68887519762403e-09 -1.93643942423393e-07 -8.13399515724251e-12 -7.35814654566356e-16 -4.06604799881267e-16
 2.61874350029094e-09 -3.99000599206417e-07  6.98000363796477e-06  5.39274554748919e-21 -3.68887519762403e-09      1.99999999997492 -1.31628679892323e-09  5.59249141468007e-15  6.23590107157009e-19 -3.48138255017694e-19
 1.57273061016403e-07 -2.22616375950518e-05  0.000365770353077418  2.94110391884906e-19 -1.93643942423393e-07 -1.31628679892323e-09      1.99999993089998  6.64024404475088e-13 -2.65115399423093e-16 -3.99769762937296e-18
 8.38170437482457e-12 -2.25331808749103e-09 -2.01254048011756e-10  1.60405487143043e-17 -8.13399515724251e-12  5.59249141468007e-15  6.64024404475088e-13    0.0382029252882125  1.89637969877886e-16 -7.76305062681952e-05
-2.50556430358387e-15  6.73771363359438e-13  6.01869359911528e-14  7.76305018234042e-05 -7.35814654566356e-16  6.23590107157009e-19 -2.65115399423093e-16  1.89637969877886e-16    0.0382029252902041  2.38455605556123e-17
 1.18251785291212e-15 -1.51919106956454e-13  1.30387552748258e-13 -3.08548651943077e-22 -4.06604799881267e-16 -3.48138255017694e-19 -3.99769762937296e-18 -7.76305062681952e-05  2.38455605556123e-17      1.99999999692752
First eigenvector coefficient: -8.03438557308011e-09
TOTAL ENERGY: -123.606608623417	 lambda: -4.8	 population of target: 4.00000022070785
1RDM: 
     1.99997470018941   0.00165480906651196 -6.32240083667787e-05  6.25587797970067e-20  4.35056499911157e-07  2.63052924189622e-09  1.59297959289178e-07  7.87376567422236e-12 -1.86590190979382e-15  1.13458211079714e-15
  0.00165480906651196      1.88479362664311    0.0659875052478628  3.27534749755111e-17 -6.26678163958448e-05  -4.0087895285527e-07 -2.25683269076736e-05 -2.11611572089468e-09  5.01661769990913e-13 -1.46121003164898e-13
-6.32240083667787e-05    0.0659875052478628    0.0388264635736895 -1.59812182575846e-15    0.0010456196375138  7.01401455655965e-06  0.000371109842027076 -1.88980399812189e-10   4.4811043335398e-14  1.39657025580361e-13
 6.25587797970067e-20  3.27534749755111e-17 -1.59812182575846e-15      1.99999999680436  8.75420664507488e-19  5.66921347187382e-21  3.10802604135171e-19  1.50988157932698e-17  7.91713116699796e-05 -3.18782729127072e-22
 4.35056499911157e-07 -6.26678163958448e-05    0.0010456196375138  8.75420664507488e-19      1.99999943577523 -3.77975299360089e-09 -2.00329712525859e-07 -8.23174588159448e-12 -6.05506128067035e-16 -4.22808644838139e-16
 2.63052924189622e-09  -4.0087895285527e-07  7.01401455655965e-06  5.66921347187382e-21 -3.77975299360089e-09      1.99999999997468 -1.34197697351938e-09  5.40576302451685e-15  1.04593465551579e-18 -3.83025797838267e-19
 1.59297959289178e-07 -2.25683269076736e-05  0.000371109842027076  3.10802604135171e-19 -2.00329712525859e-07 -1.34197697351938e-09      1.99999992887116  6.27951319048906e-13 -2.19187244017496e-16 -6.86919327200189e-18
 7.87376567422236e-12 -2.11611572089468e-09 -1.88980399812189e-10  1.50988157932698e-17 -8.23174588159448e-12  5.40576302451685e-15  6.27951319048906e-13    0.0382029256809198  1.85676207425187e-16 -7.91713168597864e-05
-1.86590190979382e-15  5.01661769990913e-13   4.4811043335398e-14  7.91713116699796e-05 -6.05506128067035e-16  1.04593465551579e-18 -2.19187244017496e-16  1.85676207425187e-16    0.0382029256830989  2.30055951289793e-17
 1.13458211079714e-15 -1.46121003164898e-13  1.39657025580361e-13 -3.18782729127072e-22 -4.22808644838139e-16 -3.83025797838267e-19 -6.86919327200189e-18 -7.91713168597864e-05  2.30055951289793e-17      1.99999999680436
First eigenvector coefficient: -8.29223425770166e-09
TOTAL ENERGY: -123.60660874396	 lambda: -4.75	 population of target: 4.00000024595362
1RDM: 
     1.99997470019027   0.00165480902981531 -6.32238978105561e-05  2.64254780757258e-20   4.4229122289211e-07   2.6425181719594e-09  1.61376089973378e-07  4.48797490551234e-12 -7.76507779756557e-16  6.56186691728225e-16
  0.00165480902981531      1.88479362702372    0.0659875102472465   2.8331053155646e-17 -6.38250177737826e-05 -4.02793784492664e-07 -2.28835882560017e-05 -1.19967478244599e-09  2.07822823887386e-13 -8.52343619610429e-14
-6.32238978105561e-05    0.0659875102472465    0.0388264877354347 -1.12643199640267e-15   0.00106664307814506  7.04874122831689e-06  0.000376605893591949 -1.06940402279484e-10  1.85364439945289e-14  1.05675936915275e-13
 2.64254780757258e-20   2.8331053155646e-17 -1.12643199640267e-15      1.99999999667363  6.23548423545984e-19  4.01749935489775e-21  2.20100603744089e-19  6.88486879480478e-18  8.07745052019695e-05 -3.22575882465972e-22
  4.4229122289211e-07 -6.38250177737826e-05   0.00106664307814506  6.23548423545984e-19      1.99999941291005 -3.87467238922511e-09 -2.07369825166462e-07 -9.09200422208893e-12 -2.81730535833662e-16 -4.41282662086874e-16
  2.6425181719594e-09 -4.02793784492664e-07  7.04874122831689e-06  4.01749935489775e-21 -3.87467238922511e-09      1.99999999997442 -1.36856007675917e-09   4.6546874313773e-15  6.92474036928346e-19 -2.47062501465836e-19
 1.61376089973378e-07 -2.28835882560017e-05  0.000376605893591949  2.20100603744089e-19 -2.07369825166462e-07 -1.36856007675917e-09      1.99999992675226  3.41669173968971e-13 -9.92101058014526e-17   -9.600327832899e-18
 4.48797490551234e-12 -1.19967478244599e-09 -1.06940402279484e-10  6.88486879480478e-18 -9.09200422208893e-12   4.6546874313773e-15  3.41669173968971e-13     0.038202926031803  1.81714538472481e-16 -8.07745129116392e-05
-7.76507779756557e-16  2.07822823887386e-13  1.85364439945289e-14  8.07745052019695e-05 -2.81730535833662e-16  6.92474036928346e-19 -9.92101058014526e-17  1.81714538472481e-16    0.0382029260347687  1.47270189118671e-17
 6.56186691728225e-16 -8.52343619610429e-14  1.05675936915275e-13 -3.22575882465972e-22 -4.41282662086874e-16 -2.47062501465836e-19   -9.600327832899e-18 -8.07745129116392e-05  1.47270189118671e-17      1.99999999667363
First eigenvector coefficient: 8.56456059288453e-09
TOTAL ENERGY: -123.606608870492	 lambda: -4.7	 population of target: 4.0000002727344
1RDM: 
     1.99997470019065   0.00165480900817843 -6.32238423627341e-05  3.89868116367818e-20  4.49772640488053e-07  2.65472750864184e-09  1.63509842442014e-07 -1.13735239260811e-12  1.31997231323249e-16  -1.6655741345272e-16
  0.00165480900817843       1.8847936274825    0.0659875160072423 -3.94846121012426e-19 -6.50263782933281e-05 -4.04745720077217e-07 -2.32077908755867e-05  3.07015023513103e-10 -3.56102178519953e-14  2.09171906630689e-14
-6.32238423627341e-05    0.0659875160072423    0.0388265130405275 -3.66755538141005e-17    0.0010885328892888    7.084166729341e-06  0.000382265044748351  2.75096675094622e-11 -3.19037505098746e-15  4.63833448286029e-15
 3.89868116367818e-20 -3.94846121012426e-19 -3.66755538141005e-17       1.9999999965347  1.81576524333229e-20  1.29269425648686e-22   6.3455533516028e-21 -7.58097369444127e-18   8.2444167498854e-05  -3.1837966485552e-22
 4.49772640488053e-07 -6.50263782933281e-05    0.0010885328892888  1.81576524333229e-20       1.9999993886216 -3.97388497262707e-09 -2.14790383046437e-07 -1.03130939117614e-11  3.46981000794568e-17 -4.33524230264832e-16
 2.65472750864184e-09 -4.04745720077217e-07    7.084166729341e-06  1.29269425648686e-22 -3.97388497262707e-09      1.99999999997416  -1.3960712006092e-09 -3.00494047090502e-16 -2.48918068968965e-20 -1.43860440101676e-20
 1.63509842442014e-07 -2.32077908755867e-05  0.000382265044748351   6.3455533516028e-21 -2.14790383046437e-07  -1.3960712006092e-09      1.99999992453806 -1.01677088325551e-13  1.26369704629502e-17 -4.30265729583462e-18
-1.13735239260811e-12  3.07015023513103e-10  2.75096675094622e-11 -7.58097369444127e-18 -1.03130939117614e-11 -3.00494047090502e-16 -1.01677088325551e-13    0.0382029265415556  1.77753047754094e-16 -8.24441785421355e-05
 1.31997231323249e-16 -3.56102178519953e-14 -3.19037505098746e-15   8.2444167498854e-05  3.46981000794568e-17 -2.48918068968965e-20  1.26369704629502e-17  1.77753047754094e-16    0.0382029265415346  2.79592107114561e-21
 -1.6655741345272e-16  2.09171906630689e-14  4.63833448286029e-15  -3.1837966485552e-22 -4.33524230264832e-16 -1.43860440101676e-20 -4.30265729583462e-18 -8.24441785421355e-05  2.79592107114561e-21       1.9999999965347
First eigenvector coefficient: 8.86002767052683e-09
TOTAL ENERGY: -123.60660900343	 lambda: -4.65	 population of target: 4.00000030117182
1RDM: 
     1.99997470019082   0.00165480898953982 -6.32237011143501e-05  4.04892392396075e-20  4.57513767627501e-07  2.66714963218648e-09  1.65701087478282e-07 -2.01857790186341e-12  1.28421999540977e-16 -3.02142724267147e-16
  0.00165480898953982      1.88479362797192    0.0659875222773207 -9.34589389663083e-19 -6.62743367488394e-05 -4.06737888491885e-07 -2.35413074812459e-05  5.45534850172309e-10 -3.46681598673411e-14  3.79999706370219e-14
-6.32237011143501e-05    0.0659875222773207     0.038826539984618  -2.3318434470937e-17   0.00111133810536081  7.12040561144881e-06  0.000388095064164134  4.88722325931959e-11 -3.10433334570923e-15  7.07652030405571e-15
 4.04892392396075e-20 -9.34589389663083e-19  -2.3318434470937e-17       1.9999999963869  1.09280467876855e-20  8.25378239753182e-23  3.78642685348405e-21  -7.7392416745811e-18  8.41841013104485e-05 -3.27399279942024e-22
 4.57513767627501e-07 -6.62743367488394e-05   0.00111133810536081  1.09280467876855e-20      1.99999936279551 -4.07770546768375e-09 -2.22618650321635e-07  -1.0567848653845e-11  3.52686883651168e-17 -4.52966624523003e-16
 2.66714963218648e-09 -4.06737888491885e-07  7.12040561144881e-06  8.25378239753182e-23 -4.07770546768375e-09       1.9999999999739 -1.42457631384676e-09 -1.82788581818796e-16 -5.30035283707847e-20 -6.06067305166487e-21
 1.65701087478282e-07 -2.35413074812459e-05  0.000388095064164134  3.78642685348405e-21 -2.22618650321635e-07 -1.42457631384676e-09       1.9999999222226 -1.85798375934666e-13   1.2720319305737e-17 -7.76833230245522e-18
-2.01857790186341e-12  5.45534850172309e-10  4.88722325931959e-11  -7.7392416745811e-18  -1.0567848653845e-11 -1.82788581818796e-16 -1.85798375934666e-13     0.038202927043328  1.73790877324749e-16 -8.41841115470966e-05
 1.28421999540977e-16 -3.46681598673411e-14 -3.10433334570923e-15  8.41841013104485e-05  3.52686883651168e-17 -5.30035283707847e-20   1.2720319305737e-17  1.73790877324749e-16    0.0382029270434912 -1.01874862849899e-19
-3.02142724267147e-16  3.79999706370219e-14  7.07652030405571e-15 -3.27399279942024e-22 -4.52966624523003e-16 -6.06067305166487e-21 -7.76833230245522e-18 -8.41841115470966e-05 -1.01874862849899e-19       1.9999999963869
First eigenvector coefficient: 9.16347512415226e-09
TOTAL ENERGY: -123.606609143271	 lambda: -4.6	 population of target: 4.00000033140937
1RDM: 
     1.99997470019102   0.00165480897111722 -6.32235781403277e-05   5.5000021131705e-20  4.65528503424027e-07  2.67980175881496e-09  1.67952426949735e-07 -1.63325705502269e-12  3.07858746709029e-17 -2.49052491817423e-16
  0.00165480897111722      1.88479362852066    0.0659875291643581 -2.73493397424326e-18 -6.75717749871913e-05 -4.08771088207894e-07 -2.38845490917401e-05  4.40896808940286e-10 -8.28644554981613e-15  3.13432407424468e-14
-6.32235781403277e-05    0.0659875291643581     0.038826568595782 -2.43829890720861e-17   0.00113512017259698  7.15744656656872e-06  0.000394103369097763  3.95426391354826e-11 -7.40848012854991e-16  5.73154323117733e-15
  5.5000021131705e-20 -2.73493397424326e-18 -2.43829890720861e-17      1.99999999622945   1.2732257908639e-20  8.72970714170969e-23  4.39599813189321e-21 -7.77456571795068e-18  8.59990466724021e-05 -3.37057609662794e-22
 4.65528503424027e-07 -6.75717749871913e-05   0.00113512017259698   1.2732257908639e-20      1.99999933529596 -4.18643272771772e-09 -2.30885613806143e-07 -1.04694601738194e-11  8.51836424336222e-18 -4.58468125527362e-16
 2.67980175881496e-09 -4.08771088207894e-07  7.15744656656872e-06  8.72970714170969e-23 -4.18643272771772e-09      1.99999999997363 -1.45411741667263e-09 -1.47333810532164e-16 -9.24621466747741e-20 -4.70164640653707e-21
 1.67952426949735e-07 -2.38845490917401e-05  0.000394103369097763  4.39599813189321e-21 -2.30885613806143e-07 -1.45411741667263e-09      1.99999991979982 -1.52006729936631e-13  3.18458746532834e-18   -6.474487781944e-18
-1.63325705502269e-12  4.40896808940286e-10  3.95426391354826e-11 -7.77456571795068e-18 -1.04694601738194e-11 -1.47333810532164e-16 -1.52006729936631e-13    0.0382029275821072  1.69828719006949e-16 -8.59990564112841e-05
 3.07858746709029e-17 -8.28644554981613e-15 -7.40848012854991e-16  8.59990466724021e-05  8.51836424336222e-18 -9.24621466747741e-20  3.18458746532834e-18  1.69828719006949e-16    0.0382029275821449 -7.79062155992371e-20
-2.49052491817423e-16  3.13432407424468e-14  5.73154323117733e-15 -3.37057609662794e-22 -4.58468125527362e-16 -4.70164640653707e-21   -6.474487781944e-18 -8.59990564112841e-05 -7.79062155992371e-20      1.99999999622945
First eigenvector coefficient: -9.48513686088824e-09
TOTAL ENERGY: -123.606609290549	 lambda: -4.55	 population of target: 4.00000036360321
1RDM: 
      1.9999747001912   0.00165480895203348 -6.32234573968581e-05  5.90520709635378e-20  4.73831728675938e-07  2.69269117795117e-09  1.70266383229529e-07 -2.09756471652851e-13 -1.03672763995132e-18 -3.19218981415181e-17
  0.00165480895203348      1.88479362913358    0.0659875366876431 -2.97112357700444e-18 -6.89217292682414e-05  -4.1084715002419e-07 -2.42379459628864e-05  5.64602959321449e-11  2.88658564958391e-16  4.04570864422948e-15
-6.32234573968581e-05    0.0659875366876431    0.0388265990506223  -3.4462913649564e-17   0.00115994318753355  7.19533174668948e-06   0.00040029814230632  5.20823913642983e-12   3.2397315155193e-17  8.93202157847011e-16
 5.90520709635378e-20 -2.97112357700444e-18  -3.4462913649564e-17      1.99999999606146  1.93298175732512e-20  1.24881154326459e-22  6.64395367830713e-21 -7.73510278651825e-18  8.78939568772504e-05 -3.47395723976051e-22
 4.73831728675938e-07 -6.89217292682414e-05   0.00115994318753355  1.93298175732512e-20      1.99999930597513 -4.30041333498273e-09 -2.39624895902568e-07 -1.00646257893707e-11 -8.59838658760924e-19 -4.50946102901775e-16
 2.69269117795117e-09  -4.1084715002419e-07  7.19533174668948e-06  1.24881154326459e-22 -4.30041333498273e-09      1.99999999997334 -1.48475100947788e-09 -8.94059300280067e-17  -1.0233232427851e-19 -4.68092582468555e-21
 1.70266383229529e-07 -2.42379459628864e-05   0.00040029814230632  6.64395367830713e-21 -2.39624895902568e-07 -1.48475100947788e-09      1.99999991726301 -1.57809735295921e-14 -6.09918932006043e-20 -7.10441132289304e-19
-2.09756471652851e-13  5.64602959321449e-11  5.20823913642983e-12 -7.73510278651825e-18 -1.00646257893707e-11 -8.94059300280067e-17 -1.57809735295921e-14    0.0382029281450319  1.65866526648577e-16 -8.78939668750877e-05
-1.03672763995132e-18  2.88658564958391e-16   3.2397315155193e-17  8.78939568772504e-05 -8.59838658760924e-19  -1.0233232427851e-19 -6.09918932006043e-20  1.65866526648577e-16    0.0382029281451035  2.65201331972226e-20
-3.19218981415181e-17  4.04570864422948e-15  8.93202157847011e-16 -3.47395723976051e-22 -4.50946102901775e-16 -4.68092582468555e-21 -7.10441132289304e-19 -8.78939668750877e-05  2.65201331972226e-20      1.99999999606145
First eigenvector coefficient: 9.82554095732955e-09
TOTAL ENERGY: -123.606609445855	 lambda: -4.5	 population of target: 4.00000039792705
1RDM: 
     1.99997470019146   0.00165480892923219  -6.3223315912921e-05  5.19071207792231e-20  4.82439436756305e-07  2.70582472916189e-09  1.72645626319243e-07   7.8011288922823e-13  4.24988914225177e-17  1.24887841136946e-16
  0.00165480892923219      1.88479362981462    0.0659875449147487 -2.22996578598483e-18 -7.03274935963929e-05 -4.12967965257177e-07 -2.46019546325732e-05 -2.10402171494772e-10 -1.14500018879989e-14 -1.56661377453818e-14
 -6.3223315912921e-05    0.0659875449147487    0.0388266314815383 -2.96652060289154e-17   0.00118587700435728  7.23410613307325e-06  0.000406688076551086 -1.86183998273177e-11 -1.00974931808822e-15 -3.39570989858408e-15
 5.19071207792231e-20 -2.22996578598483e-18 -2.96652060289154e-17        1.999999995882  1.63811156897646e-20  1.09119699101374e-22   5.6142512830313e-21 -7.82962102744426e-18  8.98742332860876e-05 -3.58122919935378e-22
 4.82439436756305e-07 -7.03274935963929e-05   0.00118587700435728  1.63811156897646e-20      1.99999927466855 -4.42002663263783e-09 -2.48873438415126e-07 -9.77821348350526e-12  1.22579227875177e-17  -4.4786248613161e-16
 2.70582472916189e-09 -4.12967965257177e-07  7.23410613307325e-06  1.09119699101374e-22 -4.42002663263783e-09      1.99999999997306 -1.51653771247827e-09  1.59227099410362e-16 -1.12807461834638e-19  7.74798649923688e-21
 1.72645626319243e-07 -2.46019546325732e-05  0.000406688076551086   5.6142512830313e-21 -2.48873438415126e-07 -1.51653771247827e-09      1.99999991460501  8.07974927637092e-14  3.91730266187783e-18  3.72396509259614e-18
  7.8011288922823e-13 -2.10402171494772e-10 -1.86183998273177e-11 -7.82962102744426e-18 -9.77821348350526e-12  1.59227099410362e-16  8.07974927637092e-14     0.038202928750866  1.61904353022948e-16 -8.98742431001458e-05
 4.24988914225177e-17 -1.14500018879989e-14 -1.00974931808822e-15  8.98742332860876e-05  1.22579227875177e-17 -1.12807461834638e-19  3.91730266187783e-18  1.61904353022948e-16    0.0382029287508915 -4.70690648752786e-21
 1.24887841136946e-16 -1.56661377453818e-14 -3.39570989858408e-15 -3.58122919935378e-22  -4.4786248613161e-16  7.74798649923688e-21  3.72396509259614e-18 -8.98742431001458e-05 -4.70690648752786e-21        1.999999995882
First eigenvector coefficient: 1.01864093343354e-08
TOTAL ENERGY: -123.606609609836	 lambda: -4.45	 population of target: 4.000000434573
1RDM: 
     1.99997470019233   0.00165480888283528 -6.32230833115466e-05  9.42241873889779e-20   4.9136881342107e-07  2.71920057452019e-09  1.75092903969523e-07 -4.79837641406863e-12 -2.27939766156851e-16 -7.76940458921495e-16
  0.00165480888283528      1.88479363054224    0.0659875539251029 -3.57743443649164e-17 -7.17926133929329e-05 -4.15135638398066e-07 -2.49770593316709e-05  1.29955496217236e-09  6.15324950817741e-14  9.96877174121129e-14
-6.32230833115466e-05    0.0659875539251029    0.0388266660346509  8.57643710993865e-16   0.00121299680250265  7.27383975278165e-06  0.000413282561742536  1.16925050086632e-10   5.5218780954822e-15 -2.70575472740673e-14
 9.42241873889779e-20 -3.57743443649164e-17  8.57643710993865e-16         1.99999999569 -5.30508417012385e-19 -3.13674161310383e-21 -1.79418740906076e-19 -1.46119692501281e-17  9.19457159058669e-05 -3.54278370956227e-22
  4.9136881342107e-07 -7.17926133929329e-05   0.00121299680250265 -5.30508417012385e-19      1.99999924119396 -4.54569800570145e-09 -2.58671766976532e-07 -1.21819956722718e-11 -2.13849158079509e-17 -5.41805140771469e-16
 2.71920057452019e-09 -4.15135638398066e-07  7.27383975278165e-06 -3.13674161310383e-21 -4.54569800570145e-09      1.99999999997276 -1.54954775191501e-09  1.03509753944707e-14 -1.08827836754966e-18  6.57111636411553e-19
 1.75092903969523e-07 -2.49770593316709e-05  0.000413282561742536 -1.79418740906076e-19 -2.58671766976532e-07 -1.54954775191501e-09      1.99999991181796 -7.07177361158143e-13  -3.5886912885945e-17  -2.3120392498743e-17
-4.79837641406863e-12  1.29955496217236e-09  1.16925050086632e-10 -1.46119692501281e-17 -1.21819956722718e-11  1.03509753944707e-14 -7.07177361158143e-13    0.0382029294330946  1.57940604951356e-16  -9.1945724058385e-05
-2.27939766156851e-16  6.15324950817741e-14   5.5218780954822e-15  9.19457159058669e-05 -2.13849158079509e-17 -1.08827836754966e-18  -3.5886912885945e-17  1.57940604951356e-16    0.0382029294329958 -7.04506866288161e-18
-7.76940458921495e-16  9.96877174121129e-14 -2.70575472740673e-14 -3.54278370956227e-22 -5.41805140771469e-16  6.57111636411553e-19  -2.3120392498743e-17  -9.1945724058385e-05 -7.04506866288161e-18         1.99999999569
First eigenvector coefficient: -1.05708964837838e-08
TOTAL ENERGY: -123.606609783231	 lambda: -4.4	 population of target: 4.0000004737608
1RDM: 
     1.99997470019135   0.00165480889947039 -6.32230052741611e-05  5.81366862077083e-21  5.00638727055844e-07  2.73284898839227e-09  1.77611597396935e-07  8.23469356001803e-12 -3.79499263038013e-17  1.36636101270365e-15
  0.00165480889947039        1.884793631386    0.0659875636469037 -1.39625885122237e-17 -7.33210935474965e-05 -4.17350905305447e-07 -2.53637757434976e-05 -2.21111262351263e-09  9.86694119717853e-15 -1.70251732460989e-13
-6.32230052741611e-05    0.0659875636469037     0.038826702964045  4.27675975658737e-16   0.00124138915575057  7.31449256971738e-06  0.000420090718709803 -1.97615770984069e-10  9.76376356384951e-16 -8.36802017764236e-14
 5.81366862077083e-21 -1.39625885122237e-17  4.27675975658737e-16      1.99999999548424 -2.70981239581091e-19 -1.56831385232957e-21  -9.0857727408868e-20  -1.1550041931644e-17  9.41149881086265e-05 -3.74331427578362e-22
 5.00638727055844e-07 -7.33210935474965e-05   0.00124138915575057 -2.70981239581091e-19      1.99999920534221 -4.67783976590809e-09 -2.69064955894321e-07 -7.42928400375118e-12  1.24936174605011e-17 -3.25779341250662e-16
 2.73284898839227e-09 -4.17350905305447e-07  7.31449256971738e-06 -1.56831385232957e-21 -4.67783976590809e-09      1.99999999997246 -1.58382935511689e-09  1.26381442584891e-15 -5.19789058517866e-19  2.43173986774825e-19
 1.77611597396935e-07 -2.53637757434976e-05  0.000420090718709803  -9.0857727408868e-20 -2.69064955894321e-07 -1.58382935511689e-09      1.99999990889375  8.30754146685904e-13 -1.37232878599739e-17  5.00441386601495e-17
 8.23469356001803e-12 -2.21111262351263e-09 -1.97615770984069e-10  -1.1550041931644e-17 -7.42928400375118e-12  1.26381442584891e-15  8.30754146685904e-13    0.0382029301403969   1.5398358990298e-16 -9.41149930620945e-05
-3.79499263038013e-17  9.86694119717853e-15  9.76376356384951e-16  9.41149881086265e-05  1.24936174605011e-17 -5.19789058517866e-19 -1.37232878599739e-17   1.5398358990298e-16    0.0382029301412944 -3.73958836632463e-18
 1.36636101270365e-15 -1.70251732460989e-13 -8.36802017764236e-14 -3.74331427578362e-22 -3.25779341250662e-16  2.43173986774825e-19  5.00441386601495e-17 -9.41149930620945e-05 -3.73958836632463e-18      1.99999999548424
First eigenvector coefficient: 1.09770613990661e-08
TOTAL ENERGY: -123.60660996683	 lambda: -4.35	 population of target: 4.000000515729
1RDM: 
     1.99997470019242   0.00165480884084027 -6.32228820889358e-05  9.32433467176194e-20   5.1026871101094e-07  2.74679379695721e-09  1.80204404167719e-07  7.41349011049722e-12  -4.5719632910266e-16  1.24372526495036e-15
  0.00165480884084027      1.88479363236712    0.0659875741797662 -2.55211517188873e-17 -7.49170707031095e-05 -4.19619350097556e-07 -2.57626230370818e-05 -1.96600239047636e-09   1.2092171346963e-13 -1.53914099384743e-13
-6.32228820889358e-05    0.0659875741797662    0.0388267426271676  4.71620560840877e-16   0.00127114274969485  7.35618780026528e-06  0.000427123108642081 -1.76068195916623e-10  1.08569901759112e-14 -1.00087910801325e-13
 9.32433467176194e-20 -2.55211517188873e-17  4.71620560840877e-16       1.9999999952634 -2.99834404015058e-19 -1.77560435493166e-21 -1.00463585762112e-19 -1.27651238720585e-17  9.63890004544238e-05 -3.85363460060496e-22
  5.1026871101094e-07 -7.49170707031095e-05   0.00127114274969485 -2.99834404015058e-19      1.99999916688652 -4.81698637255906e-09  -2.8010201306447e-07 -7.30100456343659e-12 -1.42611171429601e-16 -3.14477756836431e-16
 2.74679379695721e-09 -4.19619350097556e-07  7.35618780026528e-06 -1.77560435493166e-21 -4.81698637255906e-09      1.99999999997214 -1.61947239452569e-09 -3.24968697864761e-15 -3.70162932394419e-21  9.88317084560416e-20
 1.80204404167719e-07 -2.57626230370818e-05  0.000427123108642081 -1.00463585762112e-19  -2.8010201306447e-07 -1.61947239452569e-09      1.99999990582326  7.97057292761422e-13  -5.4239763647915e-17    5.384571260546e-17
 7.41349011049722e-12 -1.96600239047636e-09 -1.76068195916623e-10 -1.27651238720585e-17 -7.30100456343659e-12 -3.24968697864761e-15  7.97057292761422e-13    0.0382029308020197   1.5001871091699e-16 -9.63890134657976e-05
 -4.5719632910266e-16   1.2092171346963e-13  1.08569901759112e-14  9.63890004544238e-05 -1.42611171429601e-16 -3.70162932394419e-21  -5.4239763647915e-17   1.5001871091699e-16    0.0382029308025466 -4.91419126085489e-18
 1.24372526495036e-15 -1.53914099384743e-13 -1.00087910801325e-13 -3.85363460060496e-22 -3.14477756836431e-16  9.88317084560416e-20    5.384571260546e-17 -9.63890134657976e-05 -4.91419126085489e-18       1.9999999952634
First eigenvector coefficient: -1.14064099546736e-08
TOTAL ENERGY: -123.606610161539	 lambda: -4.3	 population of target: 4.00000056075158
1RDM: 
     1.99997470019355    0.0016548087827493 -6.32226628778595e-05   2.0888770258103e-19  5.20280660965714e-07     2.76101179556e-09  1.82874982727868e-07  5.85808698779349e-12 -7.10305905641452e-16  1.00721457025299e-15
   0.0016548087827493      1.88479363339244     0.065987585688539 -2.10438308124043e-17 -7.65852609636879e-05 -4.21940471782644e-07 -2.61742074829483e-05 -1.56906151466379e-09  1.90226699874572e-13 -1.26419095665747e-13
-6.32226628778595e-05     0.065987585688539    0.0388267850395206  -1.7290846173652e-17   0.00130235974146467  7.39895976230912e-06  0.000434391010123199 -1.40273180795353e-10    1.700246900588e-14 -4.88085315899501e-14
  2.0888770258103e-19 -2.10438308124043e-17  -1.7290846173652e-17      1.99999999502595  2.23224263918522e-20  1.13311207073827e-23  6.06743779458872e-21 -1.16366568294115e-17  9.87756765840811e-05 -4.06726230403661e-22
 5.20280660965714e-07 -7.65852609636879e-05   0.00130235974146467  2.23224263918522e-20      1.99999912556586 -4.96368258191766e-09 -2.91838266551603e-07 -7.60312473584436e-12 -2.91544542154074e-16 -3.67394981967929e-16
    2.76101179556e-09 -4.21940471782644e-07  7.39895976230912e-06  1.13311207073827e-23 -4.96368258191766e-09      1.99999999997182 -1.65655290711338e-09 -5.01154222152505e-15  6.54177936617898e-19 -1.63272437561915e-19
 1.82874982727868e-07 -2.61742074829483e-05  0.000434391010123199  6.06743779458872e-21 -2.91838266551603e-07 -1.65655290711338e-09      1.99999990259659  6.19110051691056e-13 -7.07328476204142e-17  3.61523613401722e-17
 5.85808698779349e-12 -1.56906151466379e-09 -1.40273180795353e-10 -1.16366568294115e-17 -7.60312473584436e-12 -5.01154222152505e-15  6.19110051691056e-13    0.0382029315940886  1.46055810894666e-16 -9.87756887151936e-05
-7.10305905641452e-16  1.90226699874572e-13    1.700246900588e-14  9.87756765840811e-05 -2.91544542154074e-16  6.54177936617898e-19 -7.07328476204142e-17  1.46055810894666e-16    0.0382029315942415 -3.55090336453557e-18
 1.00721457025299e-15 -1.26419095665747e-13 -4.88085315899501e-14 -4.06726230403661e-22 -3.67394981967929e-16 -1.63272437561915e-19  3.61523613401722e-17 -9.87756887151936e-05 -3.55090336453557e-18      1.99999999502595
First eigenvector coefficient: 1.18704755885904e-08
TOTAL ENERGY: -123.606610368356	 lambda: -4.25	 population of target: 4.00000060913329
1RDM: 
     1.99997470019398   0.00165480874680478 -6.32224677855491e-05  3.52397169323758e-19  5.30698207001698e-07  2.77552244858042e-09  1.85626951317063e-07  5.60165514915533e-12 -1.06232020561002e-15  9.79579742028703e-16
  0.00165480874680478      1.88479363453724    0.0659875981531195 -1.85157545056676e-17 -7.83307302993967e-05 -4.24317344408731e-07 -2.65991388646442e-05  -1.5034084230216e-09  2.85101324714499e-13  -1.2510282069754e-13
-6.32224677855491e-05    0.0659875981531195     0.038826830555756 -5.41794032354604e-16   0.00133514991650868  7.44286464063168e-06   0.00044190600046601 -1.34249263852252e-10  2.54517015197239e-14   1.8620487866468e-15
 3.52397169323758e-19 -1.85157545056676e-17 -5.41794032354604e-16      1.99999999477019  3.86945360695462e-19  1.95079066842315e-21  1.24743201013649e-19 -1.01744627888858e-17  0.000101283538750605 -4.30981019647157e-22
 5.30698207001698e-07 -7.83307302993967e-05   0.00133514991650868  3.86945360695462e-19      1.99999908108944 -5.11853371299476e-09 -3.04334238507438e-07 -7.56946041549307e-12 -4.89691751949538e-16 -4.08828968415653e-16
 2.77552244858042e-09 -4.24317344408731e-07  7.44286464063168e-06  1.95079066842315e-21 -5.11853371299476e-09      1.99999999997149 -1.69515551170001e-09 -5.53893685170819e-15    1.300247076388e-18 -3.85793156878791e-19
 1.85626951317063e-07 -2.65991388646442e-05   0.00044190600046601  1.24743201013649e-19 -3.04334238507438e-07 -1.69515551170001e-09       1.9999998992032  5.92897842861481e-13 -9.89766236120835e-17  2.44679502147298e-17
 5.60165514915533e-12  -1.5034084230216e-09 -1.34249263852252e-10 -1.01744627888858e-17 -7.56946041549307e-12 -5.53893685170819e-15  5.92897842861481e-13    0.0382029324541376  1.42093470303267e-16 -0.000101283549968056
-1.06232020561002e-15  2.85101324714499e-13  2.54517015197239e-14  0.000101283538750605 -4.89691751949538e-16    1.300247076388e-18 -9.89766236120835e-17  1.42093470303267e-16    0.0382029324544082 -1.81885716031836e-18
 9.79579742028703e-16  -1.2510282069754e-13   1.8620487866468e-15 -4.30981019647157e-22 -4.08828968415653e-16 -3.85793156878791e-19  2.44679502147298e-17 -0.000101283549968056 -1.81885716031836e-18      1.99999999477018
First eigenvector coefficient: 1.23656413853511e-08
TOTAL ENERGY: -123.606610588404	 lambda: -4.2	 population of target: 4.00000066121949
1RDM: 
     1.99997470019438   0.00165480871086395 -6.32222732101353e-05  5.23090606735901e-19  5.41546770590161e-07   2.7903413060419e-09  1.88464124481869e-07  5.95881164333259e-12 -1.60984686017806e-15  1.06161396072775e-15
  0.00165480871086395      1.88479363581858    0.0659876116384887 -2.38120972978486e-17 -8.01590616389361e-05 -4.26752844616985e-07 -2.70380684497109e-05 -1.59951659645205e-09  4.32110165357189e-13 -1.37172776092155e-13
-6.32222732101353e-05    0.0659876116384887    0.0388268795366267  -9.4770833059037e-16   0.00136963535903847  7.48795963251115e-06  0.000449680467256105 -1.42810805014347e-10  3.85748952146555e-14  3.85840877806227e-14
 5.23090606735901e-19 -2.38120972978486e-17  -9.4770833059037e-16      1.99999999449417  6.91239501952128e-19  3.46095614416668e-21   2.2162171374618e-19 -9.46622164643219e-18  0.000103922022470215 -4.55153275494907e-22
 5.41546770590161e-07 -8.01590616389361e-05   0.00136963535903847  6.91239501952128e-19      1.99999903312719 -5.28221178773591e-09 -3.17657473074239e-07 -7.36126177539981e-12 -7.62342459933578e-16 -4.35363485624442e-16
  2.7903413060419e-09 -4.26752844616985e-07  7.48795963251115e-06  3.46095614416668e-21 -5.28221178773591e-09      1.99999999997114 -1.73537090408967e-09  -5.4987390375093e-15  1.88304765184828e-18 -5.39712864923557e-19
 1.88464124481869e-07 -2.70380684497109e-05  0.000449680467256105   2.2162171374618e-19 -3.17657473074239e-07 -1.73537090408967e-09      1.99999989563161  6.41200476307653e-13 -1.51739577054065e-16  1.88492267301365e-17
 5.95881164333259e-12 -1.59951659645205e-09 -1.42810805014347e-10 -9.46622164643219e-18 -7.36126177539981e-12  -5.4987390375093e-15  6.41200476307653e-13    0.0382029333659508  1.38131124056276e-16 -0.000103922033390467
-1.60984686017806e-15  4.32110165357189e-13  3.85748952146555e-14  0.000103922022470215 -7.62342459933578e-16  1.88304765184828e-18 -1.51739577054065e-16  1.38131124056276e-16    0.0382029333661713 -8.66158620718445e-19
 1.06161396072775e-15 -1.37172776092155e-13  3.85840877806227e-14 -4.55153275494907e-22 -4.35363485624442e-16 -5.39712864923557e-19  1.88492267301365e-17 -0.000103922033390467 -8.66158620718445e-19      1.99999999449417
First eigenvector coefficient: -1.28941893111687e-08
TOTAL ENERGY: -123.606610822946	 lambda: -4.15	 population of target: 4.0000007174016
1RDM: 
