TOTAL ENERGY: -126.715784493489	 lambda: -1	 population of target: 5.11082861677358
1RDM: 
      1.9999798961121 -1.43642018796351e-05  0.000902932436999238 -0.000927924464474487  -0.00016218239670764  1.49759988711576e-17 -8.01612498549333e-18  2.46229724318146e-21 -1.01282469206385e-16   0.00475012035525465
-1.43642018796351e-05      1.99998098514047  0.000711620189044663 -0.000639521829599321  0.000175548085696198  6.67759555060426e-16 -1.84333222131943e-17  4.53146481479646e-16 -2.00543965843657e-15   0.00479594278428998
 0.000902932436999238  0.000711620189044663      1.93244595396519    0.0252443908338455    0.0305676603413615  8.27565244611426e-16 -4.92757024218209e-16 -3.29535513622684e-15 -9.93405214984226e-16    -0.326399110963073
-0.000927924464474487 -0.000639521829599321    0.0252443908338455      1.94424670034707   0.00866146179784419 -3.99661485270641e-16  4.75232911028109e-16  1.28560598506352e-15  2.01212105204991e-15     0.149626586332764
 -0.00016218239670764  0.000175548085696198    0.0305676603413615   0.00866146179784419      1.95549194274087  2.82324545823488e-15  1.89006430796498e-15  1.25388358553185e-14 -1.10738917070849e-14    0.0613113088752087
 1.49759988711576e-17  6.67759555060426e-16  8.27565244611426e-16 -3.99661485270641e-16  2.82324545823488e-15      1.87477577839418  4.07776201109724e-16   -0.0944077677666868      0.33653856389003  2.81198003440274e-15
-8.01612498549333e-18 -1.84333222131943e-17 -4.92757024218209e-16  4.75232911028109e-16  1.89006430796498e-15  4.07776201109724e-16      1.87477577839418    -0.336538563890039    -0.094407767766693  8.33266346538268e-16
 2.46229724318146e-21  4.53146481479646e-16 -3.29535513622684e-15  1.28560598506352e-15  1.25388358553185e-14   -0.0944077677666868    -0.336538563890039     0.150937701151669  5.57378958644413e-16  8.97203324327561e-16
-1.01282469206385e-16 -2.00543965843657e-15 -9.93405214984226e-16  2.01212105204991e-15 -1.10738917070849e-14      0.33653856389003    -0.094407767766693  5.57378958644413e-16     0.150937701151672    5.014467004313e-16
  0.00475012035525465   0.00479594278428998    -0.326399110963073     0.149626586332764    0.0613113088752087  2.81198003440274e-15  8.33266346538268e-16  8.97203324327561e-16    5.014467004313e-16     0.116427562602663
TOTAL ENERGY: -126.840582598019	 lambda: -0.9	 population of target: 5.24220155457564
1RDM: 
     1.99998157385098 -1.22621625363713e-05  0.000801061720897374 -0.000836281598620479 -0.000167176407793449  1.24897401805604e-17 -7.16068862273816e-18  9.06236644115317e-19 -9.77903424211872e-17   0.00444189964534896
-1.22621625363713e-05      1.99998327194107  0.000586705623945015 -0.000538901982050672  0.000191128870653132  6.29677225766568e-16 -1.50470534446394e-17  3.90057187333402e-16  -1.7519302591478e-15   0.00439241963586549
 0.000801061720897374  0.000586705623945015      1.93988010112493    0.0206675934987461    0.0294642396504725  7.85790742736303e-16 -4.03822126260043e-16 -3.09908745881097e-15 -8.81980694485006e-16    -0.302300750454522
-0.000836281598620479 -0.000538901982050672    0.0206675934987461      1.94915520522033   0.00788210630439005 -3.63486187657848e-16  4.51305042261631e-16  1.37644789740555e-15  1.99599296500653e-15     0.130954591151757
-0.000167176407793449  0.000191128870653132    0.0294642396504725   0.00788210630439005      1.95556846106493  2.46582262974587e-15  1.71017149741988e-15  1.18315091575974e-14 -1.04862936535855e-14    0.0546016732405361
 1.24897401805604e-17  6.29677225766568e-16  7.85790742736303e-16 -3.63486187657848e-16  2.46582262974587e-15      1.88048997906906  1.50188043630676e-15   -0.0807042117133176     0.283577937163974  2.73604909117186e-15
-7.16068862273816e-18 -1.50470534446394e-17 -4.03822126260043e-16  4.51305042261631e-16  1.71017149741988e-15  1.50188043630676e-15      1.88048997906905    -0.283577937163972   -0.0807042117133419  6.93884568958887e-16
 9.06236644115317e-19  3.90057187333402e-16 -3.09908745881097e-15  1.37644789740555e-15  1.18315091575974e-14   -0.0807042117133176    -0.283577937163972     0.143636159261358  2.00470869894519e-15  8.26398498543928e-16
-9.77903424211872e-17  -1.7519302591478e-15 -8.81980694485006e-16  1.99599296500653e-15 -1.04862936535855e-14     0.283577937163974   -0.0807042117133419  2.00470869894519e-15     0.143636159261361  4.42222548164097e-16
  0.00444189964534896   0.00439241963586549    -0.302300750454522     0.130954591151757    0.0546016732405361  2.73604909117186e-15  6.93884568958887e-16  8.26398498543928e-16  4.42222548164097e-16     0.107179110136999
TOTAL ENERGY: -126.952893176737	 lambda: -0.8	 population of target: 5.37433967721223
1RDM: 
     1.99998322620942 -1.02821851089844e-05  0.000702525215343979 -0.000747959110307912 -0.000170537966209955  1.06156234210991e-17 -7.37169592240735e-18  -1.9908196120991e-19 -9.54655199152682e-17   0.00411215248739249
-1.02821851089844e-05      1.99998541999289  0.000472339530401727 -0.000447508369018956  0.000202026471640399  6.09808037424138e-16 -1.35859417885513e-17   3.2529351650837e-16 -1.51016088846455e-15   0.00398144139324178
 0.000702525215343979  0.000472339530401727      1.94695764702382    0.0164222393426526    0.0282763231016513  7.67223268732379e-16 -4.11391575943762e-16 -3.11301747137369e-15 -8.98986030315786e-16    -0.276876765992564
-0.000747959110307912 -0.000447508369018956    0.0164222393426526      1.95382950344699     0.007195915139403 -2.88322837576612e-16  2.70736537393673e-16   1.0809584226734e-15  1.75220282983522e-15     0.111868097640883
-0.000170537966209955  0.000202026471640399    0.0282763231016513     0.007195915139403      1.95591100659109  2.24306808965096e-15  1.33490500320664e-15  1.04559299974677e-14 -1.03150531156206e-14     0.046709706772372
 1.06156234210991e-17  6.09808037424138e-16  7.67223268732379e-16 -2.88322837576612e-16  2.24306808965096e-15      1.88258747005774  2.04680939539946e-15    -0.067524423100002      0.23274725053788   2.6482303416205e-15
-7.37169592240735e-18 -1.35859417885513e-17 -4.11391575943762e-16  2.70736537393673e-16  1.33490500320664e-15  2.04680939539946e-15      1.88258747005776    -0.232747250537751   -0.0675244231000142  5.23604825283897e-16
 -1.9908196120991e-19   3.2529351650837e-16 -3.11301747137369e-15   1.0809584226734e-15  1.04559299974677e-14    -0.067524423100002    -0.232747250537751     0.139984545919949 -2.91033632491504e-15  6.56419898513637e-16
-9.54655199152682e-17 -1.51016088846455e-15 -8.98986030315786e-16  1.75220282983522e-15 -1.03150531156206e-14      0.23274725053788   -0.0675244231000142 -2.91033632491504e-15     0.139984545919975  3.37758235345357e-16
  0.00411215248739249   0.00398144139324178    -0.276876765992564     0.111868097640883     0.046709706772372   2.6482303416205e-15  5.23604825283897e-16  6.56419898513637e-16  3.37758235345357e-16    0.0981891647804531
TOTAL ENERGY: -127.052647116641	 lambda: -0.7	 population of target: 5.50735511018356
1RDM: 
     1.99998480888255 -8.42771624343193e-06  0.000610310570725061 -0.000664602022375774 -0.000176203165342913  8.59209423694013e-18 -6.09435371623263e-18  2.16107172512854e-18 -9.11497615144903e-17   0.00376125457529507
-8.42771624343193e-06      1.99998738435729  0.000368495668803451 -0.000364613269325166  0.000211029786166593  6.02816848663473e-16 -9.72885430268298e-18  2.69434019829833e-16 -1.27307086430477e-15   0.00356625552805455
 0.000610310570725061  0.000368495668803451      1.95347609344992     0.012612195975576    0.0272621801622831  7.18709308964493e-16 -2.94110117888687e-16 -2.77127927581745e-15 -7.24831160996588e-16     -0.25010496438887
-0.000664602022375774 -0.000364613269325166     0.012612195975576      1.95820055825627   0.00639634670223993 -2.80190755287716e-16  3.45140840749927e-16  1.41264685072365e-15   1.8546582543363e-15    0.0921756214803993
-0.000176203165342913  0.000211029786166593    0.0272621801622831   0.00639634670223993      1.95603951237749  1.96670529554493e-15  1.40711693843365e-15  1.02781676954121e-14 -9.50746437623535e-15    0.0374901631258801
 8.59209423694013e-18  6.02816848663473e-16  7.18709308964493e-16 -2.80190755287716e-16  1.96670529554493e-15      1.88195634734625  4.71532497013444e-16    -0.054812546487337     0.183803511701761  2.53809613563449e-15
-6.09435371623263e-18 -9.72885430268298e-18 -2.94110117888687e-16  3.45140840749927e-16  1.40711693843365e-15  4.71532497013444e-16      1.88195634734627     -0.18380351170172   -0.0548125464873521  3.50334896023426e-16
 2.16107172512854e-18  2.69434019829833e-16 -2.77127927581745e-15  1.41264685072365e-15  1.02781676954121e-14    -0.054812546487337     -0.18380351170172     0.139080883490599   -3.122318980704e-15  6.34662108155794e-16
-9.11497615144903e-17 -1.27307086430477e-15 -7.24831160996588e-16   1.8546582543363e-15 -9.50746437623535e-15     0.183803511701761   -0.0548125464873521   -3.122318980704e-15     0.139080883490615  3.27304767034076e-16
  0.00376125457529507   0.00356625552805455     -0.25010496438887    0.0921756214803993    0.0374901631258801  2.53809613563449e-15  3.50334896023426e-16  6.34662108155794e-16  3.27304767034076e-16    0.0902371810027675
TOTAL ENERGY: -127.139678115238	 lambda: -0.6	 population of target: 5.64125974213394
1RDM: 
     1.99998628340377 -6.70281709769982e-06  0.000527284618331411 -0.000587877832092907 -0.000187669527465485  6.91855716522319e-18 -6.58419136909681e-18  4.28125341303168e-19 -8.84778377221157e-17   0.00339405620698323
-6.70281709769982e-06      1.99998914639414   0.00027536498429866 -0.000289993543264102  0.000218715558311613  6.07471314055493e-16  -8.4350824407338e-18  2.08225315642017e-16 -1.04462897280264e-15   0.00314468846438257
 0.000527284618331411   0.00027536498429866      1.95922469322351   0.00935348195345132    0.0266618069198051  6.93523316714251e-16 -3.09723028204777e-16 -2.80933585310224e-15 -7.14224630571875e-16    -0.222368841574374
-0.000587877832092907 -0.000289993543264102   0.00935348195345132      1.96219644553236   0.00531242760246434 -2.47254609880471e-16  1.85927072852568e-16  1.13160930743379e-15  1.70047470318516e-15    0.0720115980835624
-0.000187669527465485  0.000218715558311613    0.0266618069198051   0.00531242760246434      1.95566737441569  1.77656836028904e-15   1.1043735039625e-15  8.85043025724049e-15 -9.22451550922685e-15    0.0276869318886414
 6.91855716522319e-18  6.07471314055493e-16  6.93523316714251e-16 -2.47254609880471e-16  1.77656836028904e-15      1.87902988332392  -8.9799317225575e-16   -0.0424276372856429      0.13619029938397   2.4211525168443e-15
-6.58419136909681e-18  -8.4350824407338e-18 -3.09723028204777e-16  1.85927072852568e-16   1.1043735039625e-15  -8.9799317225575e-16      1.87902988332393    -0.136190299384064   -0.0424276372856322  1.60732904904334e-16
 4.28125341303168e-19  2.08225315642017e-16 -2.80933585310224e-15  1.13160930743379e-15  8.85043025724049e-15   -0.0424276372856429    -0.136190299384064     0.140475065381904 -3.46797714588949e-15   4.6152077243547e-16
-8.84778377221157e-17 -1.04462897280264e-15 -7.14224630571875e-16  1.70047470318516e-15 -9.22451550922685e-15      0.13619029938397   -0.0424276372856322 -3.46797714588949e-15     0.140475065381915  2.58165187385388e-16
  0.00339405620698323   0.00314468846438257    -0.222368841574374    0.0720115980835624    0.0276869318886414   2.4211525168443e-15  1.60732904904334e-16   4.6152077243547e-16  2.58165187385388e-16    0.0839261596188871
TOTAL ENERGY: -127.213742499224	 lambda: -0.5	 population of target: 5.77593284690481
1RDM: 
     1.99998763438952 -5.11745138156138e-06   0.00045476037331861 -0.000518553511157032 -0.000205790511317881  5.42458889750209e-18  -5.7628310309685e-18  3.03470562230619e-18 -8.47763852750606e-17   0.00301677868438566
-5.11745138156138e-06      1.99999069956904   0.00019361168995591 -0.000224017455862971  0.000224223462215162  6.23444787674389e-16  -5.3042310399788e-18  1.54402507875366e-16 -8.17921838151691e-16   0.00271184743689059
  0.00045476037331861   0.00019361168995591      1.96409872882345   0.00669999021998301    0.0265385033409292  6.80801328369778e-16 -2.07801516922114e-16 -2.45353541133333e-15 -6.23266677341369e-16    -0.194175727558105
-0.000518553511157032 -0.000224017455862971   0.00669999021998301      1.96579012476151   0.00391041434120625 -2.13624882404509e-16   2.1525136150687e-16  1.40003226126802e-15  1.66997701875973e-15    0.0516997928541319
-0.000205790511317881  0.000224223462215162    0.0265385033409292   0.00391041434120625      1.95483120706378  1.63301933693185e-15  1.18718687101571e-15  8.69925596744166e-15 -8.67050072332771e-15    0.0183403484349458
 5.42458889750209e-18  6.23444787674389e-16  6.80801328369778e-16 -2.13624882404509e-16  1.63301933693185e-15      1.87380551072497  4.19872052662421e-15   -0.0302273286937982    0.0893594040328875  2.30637882050003e-15
 -5.7628310309685e-18  -5.3042310399788e-18 -2.07801516922114e-16   2.1525136150687e-16  1.18718687101571e-15  4.19872052662421e-15      1.87380551072501   -0.0893594040329373   -0.0302273286937707 -2.44728795286973e-17
 3.03470562230619e-18  1.54402507875366e-16 -2.45353541133333e-15  1.40003226126802e-15  8.69925596744166e-15   -0.0302273286937982   -0.0893594040329373     0.144157145627072 -5.11956643929009e-15  4.27509162114622e-16
-8.47763852750606e-17 -8.17921838151691e-16 -6.23266677341369e-16  1.66997701875973e-15 -8.67050072332771e-15    0.0893594040328875   -0.0302273286937707 -5.11956643929009e-15     0.144157145627109  2.19671522081767e-16
  0.00301677868438566   0.00271184743689059    -0.194175727558105    0.0516997928541319    0.0183403484349458  2.30637882050003e-15 -2.44728795286973e-17  4.27509162114622e-16  2.19671522081767e-16    0.0793762926885666
TOTAL ENERGY: -127.274637313836	 lambda: -0.4	 population of target: 5.91126644500305
1RDM: 
     1.99998886953855   -3.689484024781e-06  0.000392356845379078 -0.000456319833757426 -0.000228555101809357   3.5909111794084e-18 -6.54372293036222e-18  3.24396118086299e-19 -8.07055564912864e-17   0.00263367766475283
  -3.689484024781e-06      1.99999203780907  0.000124452720675112 -0.000167434931206345  0.000226087958606366  6.51503929946793e-16 -4.18853411220113e-18  9.40976161733337e-17 -5.92508686064751e-16   0.00226296425511639
 0.000392356845379078  0.000124452720675112      1.96811475541848    0.0046261334812593     0.026765617782561  6.37412201095876e-16 -2.25812108783122e-16 -2.53146343009804e-15 -5.12935898119032e-16    -0.165868035197303
-0.000456319833757426 -0.000167434931206345    0.0046261334812593      1.96900904308552    0.0022961094768376 -2.39587779138276e-16  6.88146864959883e-17  1.12866588031844e-15  1.65658951485203e-15    0.0315519147298586
-0.000228555101809357  0.000226087958606366     0.026765617782561    0.0022961094768376      1.95382747361195  1.41502394385125e-15  9.57338937827297e-16  7.13247782370413e-15 -8.03965517033457e-15    0.0101942126478345
  3.5909111794084e-18  6.51503929946793e-16  6.37412201095876e-16 -2.39587779138276e-16  1.41502394385125e-15      1.86597544660777  6.26310525675408e-15   -0.0181297562926535    0.0430052352868081    2.209438277195e-15
-6.54372293036222e-18 -4.18853411220113e-18 -2.25812108783122e-16  6.88146864959883e-17  9.57338937827297e-16  6.26310525675408e-15      1.86597544660782   -0.0430052352869336   -0.0181297562926499 -1.85487029771318e-16
 3.24396118086299e-19  9.40976161733337e-17 -2.53146343009804e-15  1.12866588031844e-15  7.13247782370413e-15   -0.0181297562926535   -0.0430052352869336      0.15043265171644 -5.07930277328758e-15  2.62743605667531e-16
-8.07055564912864e-17 -5.92508686064751e-16 -5.12935898119032e-16  1.65658951485203e-15 -8.03965517033457e-15    0.0430052352868081   -0.0181297562926499 -5.07930277328758e-15     0.150432651716483  1.83617941501006e-16
  0.00263367766475283   0.00226296425511639    -0.165868035197303    0.0315519147298586    0.0101942126478345    2.209438277195e-15 -1.85487029771318e-16  2.62743605667531e-16  1.83617941501006e-16    0.0762516238879876
TOTAL ENERGY: -127.322219749279	 lambda: -0.3	 population of target: 6.04723099833996
1RDM: 
     1.99999000435034 -2.44370893577472e-06  0.000338970428609507 -0.000400408342312561  -0.00025255253916559  3.28695884197052e-18 -5.44728707169077e-18  6.41284684663028e-18 -7.95103866309365e-17   0.00224503020855378
-2.44370893577472e-06      1.99999314943398   6.9566005755853e-05 -0.000121079805425401  0.000222856454346037   6.9578075769044e-16 -1.04871253275695e-18  4.44370378169088e-17 -3.72449235403618e-16   0.00179576205770018
 0.000338970428609507   6.9566005755853e-05      1.97134200667958   0.00306551460942511    0.0271330005957736  7.01344906477759e-16 -9.46777631059462e-17 -1.91709301916401e-15 -6.39177584732445e-16    -0.137460425271586
-0.000400408342312561 -0.000121079805425401   0.00306551460942511        1.971902314212    0.0006363558749458 -1.31156673879489e-16  1.37068168806011e-16    1.566540060944e-15  1.40991753404159e-15    0.0117096161541929
 -0.00025255253916559  0.000222856454346037    0.0271330005957736    0.0006363558749458      1.95301702812394  1.54042049133846e-15  1.21983580322022e-15  7.73554783105984e-15 -8.14455712767029e-15   0.00332993386706654
 3.28695884197052e-18   6.9578075769044e-16  7.01344906477759e-16 -1.31156673879489e-16  1.54042049133846e-15      1.85510495705024 -6.76785552415285e-16  -0.00615215045645613  -0.00279212662137709  2.10944488429475e-15
-5.44728707169077e-18 -1.04871253275695e-18 -9.46777631059462e-17  1.37068168806011e-16  1.21983580322022e-15 -6.76785552415285e-16      1.85510495705028   0.00279212662129593  -0.00615215045645876 -3.53016456024485e-16
 6.41284684663028e-18  4.44370378169088e-17 -1.91709301916401e-15    1.566540060944e-15  7.73554783105984e-15  -0.00615215045645613   0.00279212662129593     0.159749207125842 -1.02644656869371e-14  2.99656672382491e-16
-7.95103866309365e-17 -3.72449235403618e-16 -6.39177584732445e-16  1.40991753404159e-15 -8.14455712767029e-15  -0.00279212662137709  -0.00615215045645876 -1.02644656869371e-14     0.159749207125879  8.13291041401205e-17
  0.00224503020855378   0.00179576205770018    -0.137460425271586    0.0117096161541929   0.00332993386706654  2.10944488429475e-15 -3.53016456024485e-16  2.99656672382491e-16  8.13291041401205e-17    0.0740471688479763
TOTAL ENERGY: -127.356341888696	 lambda: -0.2	 population of target: 6.1837333041658
1RDM: 
     1.99999104176155 -1.40795668730906e-06   0.00029407853419084  -0.00035057925846495 -0.000275024382710155  8.62151044910532e-19 -6.88649064344497e-18  5.27780666935388e-20 -7.11652590705432e-17   0.00184724994212684
-1.40795668730906e-06      1.99999401724936  3.07972712567378e-05 -8.56201663103672e-05   0.00021346799275854  7.53966366358059e-16  -8.6588684161938e-19 -1.74861309347795e-17 -1.49004263000144e-16   0.00131185277410083
  0.00029407853419084  3.07972712567378e-05      1.97381130459595   0.00197288182824204    0.0274881064738762  5.78082654006997e-16 -1.66824424987582e-16 -2.24310319593164e-15 -2.32035269748649e-16    -0.108657529499075
 -0.00035057925846495 -8.56201663103672e-05   0.00197288182824204      1.97448746037332 -0.000944588118091081 -2.70413959600409e-16 -4.53519979658199e-17  1.13655649493042e-15  1.64166058992716e-15  -0.00789736184152837
-0.000275024382710155   0.00021346799275854    0.0274881064738762 -0.000944588118091081      1.95261840690733  1.19772012591136e-15  9.95424574003827e-16  5.45614113231329e-15 -6.59321004016265e-15  -0.00287541243224553
 8.62151044910532e-19  7.53966366358059e-16  5.78082654006997e-16 -2.70413959600409e-16  1.19772012591136e-15      1.84086145774446  2.44395870094403e-15   0.00558054849932902    -0.047540737000139  2.05278659855991e-15
-6.88649064344497e-18  -8.6588684161938e-19 -1.66824424987582e-16 -4.53519979658199e-17  9.95424574003827e-16  2.44395870094403e-15      1.84086145774454    0.0475407370000394   0.00558054849931752 -4.84131791991945e-16
 5.27780666935388e-20 -1.74861309347795e-17 -2.24310319593164e-15  1.13655649493042e-15  5.45614113231329e-15   0.00558054849932902    0.0475407370000394      0.17247013078571 -1.43239078350968e-14   8.7936097958682e-17
-7.11652590705432e-17 -1.49004263000144e-16 -2.32035269748649e-16  1.64166058992716e-15 -6.59321004016265e-15    -0.047540737000139   0.00558054849931752 -1.43239078350968e-14     0.172470130785776  1.21404667446472e-16
  0.00184724994212684   0.00131185277410083    -0.108657529499075  -0.00789736184152837  -0.00287541243224553  2.05278659855991e-15 -4.84131791991945e-16   8.7936097958682e-17  1.21404667446472e-16    0.0724345920520376
TOTAL ENERGY: -127.376838645017	 lambda: -0.1	 population of target: 6.32036646723353
1RDM: 
     1.99999195915272 -6.06730510758585e-07  0.000258510165519909 -0.000307842545605801 -0.000295290597028867  8.68029811080683e-19 -6.82876576749835e-18  2.74166373823306e-18  -6.9696619833201e-17   0.00143495008634102
-6.06730510758585e-07      1.99999462327383  9.69071885529325e-06 -6.14014786112896e-05   0.00019747040958635  8.30730632508769e-16  6.76386980005002e-19 -6.81481109535418e-17  5.93407166867198e-17  0.000816681775886061
 0.000258510165519909  9.69071885529325e-06      1.97546646114036   0.00136707525866885    0.0278217010348562  6.17446015241326e-16 -1.23965425982655e-16 -1.90007447326628e-15 -3.45803508087471e-16    -0.079020162668853
-0.000307842545605801 -6.14014786112896e-05   0.00136707525866885      1.97671211302621  -0.00243392190551093 -2.08586845351303e-16 -6.55340804533211e-17  1.27917029175209e-15  1.44072914365837e-15   -0.0274675925789484
-0.000295290597028867   0.00019747040958635    0.0278217010348562  -0.00243392190551093       1.9526034632762  1.36225171811753e-15  1.16339564566594e-15  5.22782611516254e-15 -6.61148050304708e-15  -0.00949742963087515
 8.68029811080683e-19  8.30730632508769e-16  6.17446015241326e-16 -2.08586845351303e-16  1.36225171811753e-15      1.82328204039565  8.04487606723681e-15    0.0168682295591528   -0.0904706776741913  1.95647009333866e-15
-6.82876576749835e-18  6.76386980005002e-19 -1.23965425982655e-16 -6.55340804533211e-17  1.16339564566594e-15  8.04487606723681e-15      1.82328204039571    0.0904706776740568    0.0168682295591767 -6.47342137927964e-16
 2.74166373823306e-18 -6.81481109535418e-17 -1.90007447326628e-15  1.27917029175209e-15  5.22782611516254e-15    0.0168682295591528    0.0904706776740568     0.188604981787664 -5.34665491290389e-15  4.87303791800958e-17
 -6.9696619833201e-17  5.93407166867198e-17 -3.45803508087471e-16  1.44072914365837e-15 -6.61148050304708e-15   -0.0904706776741913    0.0168682295591767 -5.34665491290389e-15      0.18860498178772  3.40662003387969e-17
  0.00143495008634102  0.000816681775886061    -0.079020162668853   -0.0274675925789484  -0.00949742963087515  1.95647009333866e-15 -6.47342137927964e-16  4.87303791800958e-17  3.40662003387969e-17    0.0714573357639832
TOTAL ENERGY: -127.383645248431	 lambda: 0	 population of target: 6.45629237460932
1RDM: 
     1.99999271076912 -5.43365048308277e-08  0.000234218941634685 -0.000274424497956634 -0.000314830799395376  6.05671644165802e-19 -7.22397365046131e-18  3.35236574193966e-18 -6.60554130289528e-17   0.00100386156991613
-5.43365048308277e-08       1.9999949542968  7.01337616743524e-06 -4.83721436450755e-05  0.000175138485941742  9.20496957556045e-16  1.52261724485583e-18 -1.17943204603805e-16  2.58176654286931e-16  0.000317830654456097
 0.000234218941634685  7.01337616743524e-06      1.97618830526609   0.00132768791102212    0.0282515599183379  6.09620352092924e-16 -1.13235894515397e-16 -1.71194809602721e-15  -3.0329239841832e-16   -0.0481817901358972
-0.000274424497956634 -4.83721436450755e-05   0.00132768791102212      1.97845765439582  -0.00393081503920028 -2.09920840187922e-16 -1.17727699731289e-16  1.29443738800408e-15  1.37469373993441e-15    -0.047175112027338
-0.000314830799395376  0.000175138485941742    0.0282515599183379  -0.00393081503920028      1.95274327410442  1.45556819740259e-15  1.30108058332269e-15  4.57904971350547e-15 -6.15309345010826e-15   -0.0176537640449714
 6.05671644165802e-19  9.20496957556045e-16  6.09620352092924e-16 -2.09920840187922e-16  1.45556819740259e-15      1.80298718799137  7.97276477535386e-15    0.0275090856171767    -0.130823544083903  1.84933904770365e-15
-7.22397365046131e-18  1.52261724485583e-18 -1.13235894515397e-16 -1.17727699731289e-16  1.30108058332269e-15  7.97276477535386e-15      1.80298718799142     0.130823544083842    0.0275090856172041 -8.30886692499117e-16
 3.35236574193966e-18 -1.17943204603805e-16 -1.71194809602721e-15  1.29443738800408e-15  4.57904971350547e-15    0.0275090856171767     0.130823544083842      0.20758796080076 -4.83089071778803e-15 -3.74721318923114e-17
-6.60554130289528e-17  2.58176654286931e-16  -3.0329239841832e-16  1.37469373993441e-15 -6.15309345010826e-15    -0.130823544083903    0.0275090856172041 -4.83089071778803e-15     0.207587960800813 -2.30375083510814e-18
  0.00100386156991613  0.000317830654456097   -0.0481817901358972    -0.047175112027338   -0.0176537640449714  1.84933904770365e-15 -8.30886692499117e-16 -3.74721318923114e-17 -2.30375083510814e-18    0.0714728035834173
TOTAL ENERGY: -127.376957179285	 lambda: 0.1	 population of target: 6.59043658105656
1RDM: 
     1.99999324414206  2.48934030296697e-07  0.000223276455229428 -0.000252955426819322 -0.000336157836537409  5.24224446745549e-19 -7.80372947683013e-18  3.67577354331771e-18 -6.22241589456414e-17  0.000553055882116898
 2.48934030296697e-07      1.99999500368248  2.25664716014892e-05   -4.608200689641e-05  0.000147451347144655  1.01800946399549e-15  2.00756818747482e-18 -1.64482899463696e-16  4.43311181419871e-16 -0.000177763082131697
 0.000223276455229428  2.25664716014892e-05      1.97586783296032   0.00194896202345649    0.0289264189712465  5.96295136084251e-16 -1.05883737349262e-16 -1.54577006428542e-15 -2.47519475172326e-16   -0.0159984588586225
-0.000252955426819322   -4.608200689641e-05   0.00194896202345649      1.97958507218735  -0.00558636625463881 -2.21785469600804e-16 -1.75927470433755e-16  1.29425260339064e-15  1.32637802646868e-15   -0.0670407776824671
-0.000336157836537409  0.000147451347144655    0.0289264189712465  -0.00558636625463881      1.95276111032264  1.57372783246011e-15  1.45145569723126e-15  3.91970139560714e-15  -5.6622777712456e-15   -0.0281275950886761
 5.24224446745549e-19  1.01800946399549e-15  5.96295136084251e-16 -2.21785469600804e-16  1.57372783246011e-15      1.78120148743635 -4.23505266234481e-15    0.0373881373201436    -0.168194063225972  1.71271818390391e-15
-7.80372947683013e-18  2.00756818747482e-18 -1.05883737349262e-16 -1.75927470433755e-16  1.45145569723126e-15 -4.23505266234481e-15       1.7812014874364     0.168194063225897    0.0373881373200891 -1.04765578508037e-15
 3.67577354331771e-18 -1.64482899463696e-16 -1.54577006428542e-15  1.29425260339064e-15  3.91970139560714e-15    0.0373881373201436     0.168194063225897     0.228245581073661 -1.62752415355068e-14 -1.39966395123982e-16
-6.22241589456414e-17  4.43311181419871e-16 -2.47519475172326e-16  1.32637802646868e-15  -5.6622777712456e-15    -0.168194063225972    0.0373881373200891 -1.62752415355068e-14      0.22824558107371 -2.19268024788771e-17
 0.000553055882116898 -0.000177763082131697   -0.0159984588586225   -0.0670407776824671   -0.0281275950886761  1.71271818390391e-15 -1.04765578508037e-15 -1.39966395123982e-16 -2.19268024788771e-17    0.0729035996850899
TOTAL ENERGY: -127.357254867999	 lambda: 0.2	 population of target: 6.72194528449025
1RDM: 
     1.99999351978525  3.14570150212167e-07  0.000226859295846683 -0.000245368709567027 -0.000361388599667892  6.08135782518489e-19 -8.60215456160731e-18  3.66067985870146e-18 -5.87646754511882e-17  8.53797145288941e-05
 3.14570150212167e-07      1.99999476742318  5.54970789610521e-05 -5.37666686163979e-05  0.000115821532418059  1.11570050211525e-15  2.18873422382917e-18 -2.07897764459268e-16  6.14816063530073e-16 -0.000666336051412628
 0.000226859295846683  5.54970789610521e-05      1.97446703024328   0.00328293157609168    0.0299274328475974  5.85152865263677e-16 -9.77165343017152e-17 -1.40208192164353e-15 -2.12187316061234e-16    0.0174333857996192
-0.000245368709567027 -5.37666686163979e-05   0.00328293157609168      1.97999495139495  -0.00752522098216968 -2.35004601195152e-16 -2.43361396084147e-16  1.28174828989931e-15  1.27549667534043e-15    -0.086902705048241
-0.000361388599667892  0.000115821532418059    0.0299274328475974  -0.00752522098216968      1.95248242075806  1.71216656148416e-15   1.5879922898195e-15  3.25633308802786e-15 -5.23334295303814e-15   -0.0411841254063359
 6.08135782518489e-19  1.11570050211525e-15  5.85152865263677e-16 -2.35004601195152e-16  1.71216656148416e-15      1.75951152759409  7.19337407197141e-15     0.046538538618069    -0.202758865010343   1.5415685703039e-15
-8.60215456160731e-18  2.18873422382917e-18 -9.77165343017152e-17 -2.43361396084147e-16   1.5879922898195e-15  7.19337407197141e-15      1.75951152759414     0.202758865010269    0.0465385386180822  -1.2986630907064e-15
 3.66067985870146e-18 -2.07897764459268e-16 -1.40208192164353e-15  1.28174828989931e-15  3.25633308802786e-15     0.046538538618069     0.202758865010269     0.249028727604545  -6.6851747712406e-15 -2.59844903621147e-16
-5.87646754511882e-17  6.14816063530073e-16 -2.12187316061234e-16  1.27549667534043e-15 -5.23334295303814e-15    -0.202758865010343    0.0465385386180822  -6.6851747712406e-15     0.249028727604599 -3.36189076391719e-17
 8.53797145288941e-05 -0.000666336051412628    0.0174333857996192    -0.086902705048241   -0.0411841254063359   1.5415685703039e-15  -1.2986630907064e-15 -2.59844903621147e-16 -3.36189076391719e-17    0.0759867999979136
TOTAL ENERGY: -127.325103917175	 lambda: 0.3	 population of target: 6.8506369714919
1RDM: 
     1.99999352179747  1.58142282304835e-07  0.000244964565528721 -0.000252176493361041 -0.000391518952526925  6.70126068502605e-19 -9.47401632420173e-18  3.69503055062045e-18 -5.53456607503712e-17 -0.000393738041513409
 1.58142282304835e-07      1.99999423702816  0.000104997859581858 -7.05172033492367e-05   8.1590937653176e-05  1.20602291101995e-15  2.25423902267851e-18 -2.48705389869849e-16   7.7633818630965e-16  -0.00114823696852904
 0.000244964565528721  0.000104997859581858      1.97201757992271   0.00530895925296959    0.0312410016211169  5.71710049227552e-16 -7.58802052056814e-17  -1.2527913813313e-15 -1.72384141237766e-16    0.0518594760385252
-0.000252176493361041 -7.05172033492367e-05   0.00530895925296959      1.97966529732134  -0.00979623265646425  -2.5193520907933e-16 -3.14251401866303e-16  1.27237929570582e-15   1.2333626046854e-15    -0.106490370664714
-0.000391518952526925   8.1590937653176e-05    0.0312410016211169  -0.00979623265646425      1.95188124617217   1.8370548418348e-15  1.71028283645521e-15  2.64456575266912e-15 -4.80993037955477e-15   -0.0566048836585898
 6.70126068502605e-19  1.20602291101995e-15  5.71710049227552e-16  -2.5193520907933e-16   1.8370548418348e-15      1.73944385625642  3.78287550882315e-15    0.0551461175212293     -0.23528078119317  1.33933592951871e-15
-9.47401632420173e-18  2.25423902267851e-18 -7.58802052056814e-17 -3.14251401866303e-16  1.71028283645521e-15  3.78287550882315e-15      1.73944385625648     0.235280781193105     0.055146117521234 -1.58084356586493e-15
 3.69503055062045e-18 -2.48705389869849e-16  -1.2527913813313e-15  1.27237929570582e-15  2.64456575266912e-15    0.0551461175212293     0.235280781193105     0.268430843043134 -1.06665779556652e-14 -3.88393095137212e-16
-5.53456607503712e-17   7.7633818630965e-16 -1.72384141237766e-16   1.2333626046854e-15 -4.80993037955477e-15     -0.23528078119317     0.055146117521234 -1.06665779556652e-14     0.268430843043192 -3.42945237374176e-17
-0.000393738041513409  -0.00114823696852904    0.0518594760385252    -0.106490370664714   -0.0566048836585898  1.33933592951871e-15 -1.58084356586493e-15 -3.88393095137212e-16 -3.42945237374176e-17    0.0806987191589559
TOTAL ENERGY: -127.280831880208	 lambda: 0.4	 population of target: 6.97716662029257
1RDM: 
     1.99999325506283 -2.09328353825669e-07  0.000276944979872059 -0.000272463924342455 -0.000426711497618813   8.6983259286234e-19 -9.86053943696219e-18  3.15406127853255e-18 -5.19710221287851e-17 -0.000877893474417124
-2.09328353825669e-07      1.99999339442296  0.000170967079785551 -9.54822290248455e-05  4.55443239522165e-05  1.28364899846948e-15  2.15579223510269e-18 -2.88453582707629e-16  9.33152033640548e-16  -0.00162690251180178
 0.000276944979872059  0.000170967079785551      1.96856270993648   0.00794413516485651    0.0328126723309937  5.60589356195323e-16 -3.09275187293022e-17 -1.10654179114358e-15 -1.33257717548117e-16     0.086954844151504
-0.000272463924342455 -9.54822290248455e-05   0.00794413516485651      1.97864956619905   -0.0123720161951757  -2.9493636702429e-16 -4.46242339462238e-16   1.3127983353169e-15   1.1849394924499e-15    -0.125539042303665
-0.000426711497618813  4.55443239522165e-05    0.0328126723309937   -0.0123720161951757      1.95100877630468  1.97775709265552e-15  1.89604312093956e-15  1.95134100696543e-15 -4.38624234992399e-15   -0.0738291138933222
  8.6983259286234e-19  1.28364899846948e-15  5.60589356195323e-16  -2.9493636702429e-16  1.97775709265552e-15      1.72204792747449  1.42313118673081e-14    0.0635006895204851    -0.266908262271134  1.10713146295353e-15
-9.86053943696219e-18  2.15579223510269e-18 -3.09275187293022e-17 -4.46242339462238e-16  1.89604312093956e-15  1.42313118673081e-14      1.72204792747457     0.266908262271059    0.0635006895204921 -1.89584640861423e-15
 3.15406127853255e-18 -2.88453582707629e-16 -1.10654179114358e-15   1.3127983353169e-15  1.95134100696543e-15    0.0635006895204851     0.266908262271059     0.285407783371065 -4.50950615959048e-15 -4.95141790416851e-16
-5.19710221287851e-17  9.33152033640548e-16 -1.33257717548117e-16   1.1849394924499e-15 -4.38624234992399e-15    -0.266908262271134    0.0635006895204921 -4.50950615959048e-15     0.285407783371142 -3.61779953903487e-17
-0.000877893474417124  -0.00162690251180178     0.086954844151504    -0.125539042303665   -0.0738291138933222  1.10713146295353e-15 -1.89584640861423e-15 -4.95141790416851e-16 -3.61779953903487e-17    0.0868808763827917
TOTAL ENERGY: -127.224295196165	 lambda: 0.5	 population of target: 7.10280665576997
1RDM: 
      1.9999927349537 -7.85741073607627e-07  0.000322296654777092 -0.000304433946241859 -0.000467043262165176  2.06950038235846e-18 -5.11162843004312e-18 -4.05573662636948e-19  -4.8791234127508e-17  -0.00136058036523518
-7.85741073607627e-07      1.99999221253618  0.000254194344805917 -0.000128018014788801  7.77414349714552e-06  1.34664676229926e-15  1.17009093954973e-18 -3.30247113662989e-16  1.09141593991076e-15  -0.00210666513317581
 0.000322296654777092  0.000254194344805917      1.96409550881421    0.0110796866724723    0.0346243845675237  5.63012606407835e-16  1.01252189620587e-16 -9.20786242153307e-16 -9.38236506079285e-17     0.122343593751775
-0.000304433946241859 -0.000128018014788801    0.0110796866724723      1.97704497475134   -0.0151816472337849 -4.45417365331425e-16 -1.08274319255743e-15  1.68749917084818e-15  1.16307270149561e-15    -0.143870094766016
-0.000467043262165176  7.77414349714552e-06    0.0346243845675237   -0.0151816472337849      1.94988082897704  2.33176674097845e-15   3.0982011972873e-15  5.10864009250651e-16 -3.99175808848388e-15   -0.0920695696141929
 2.06950038235846e-18  1.34664676229926e-15  5.63012606407835e-16 -4.45417365331425e-16  2.33176674097845e-15       1.7076404296796  2.29352012317128e-14    0.0719222398937609    -0.298883131486925  8.09379873134965e-16
-5.11162843004312e-18  1.17009093954973e-18  1.01252189620587e-16 -1.08274319255743e-15   3.0982011972873e-15  2.29352012317128e-14      1.70764042967973     0.298883131486815    0.0719222398937741 -2.40798560899562e-15
-4.05573662636948e-19 -3.30247113662989e-16 -9.20786242153307e-16  1.68749917084818e-15  5.10864009250651e-16    0.0719222398937609     0.298883131486815     0.299639619878284 -9.86406049016004e-15 -2.83044094073382e-16
 -4.8791234127508e-17  1.09141593991076e-15 -9.38236506079285e-17  1.16307270149561e-15 -3.99175808848388e-15    -0.298883131486925    0.0719222398937741 -9.86406049016004e-15     0.299639619878416 -4.20357445112551e-17
 -0.00136058036523518  -0.00210666513317581     0.122343593751775    -0.143870094766016   -0.0920695696141929  8.09379873134965e-16 -2.40798560899562e-15 -2.83044094073382e-16 -4.20357445112551e-17    0.0944336408515655
TOTAL ENERGY: -127.154897867304	 lambda: 0.6	 population of target: 7.22896625025613
1RDM: 
     1.99999197916059 -1.57578525099209e-06  0.000381002977558141 -0.000346067046093562  -0.00051286949883733  1.42383449562185e-16  1.45653759410474e-16 -5.67186528938792e-17 -1.66839548204281e-17  -0.00183512717279356
-1.57578525099209e-06      1.99999066150003   0.00035593593708874 -0.000167730893679007 -3.19578057712474e-05   1.3750081006917e-15 -2.29851439641337e-17 -4.47384114486194e-16  1.31060570009925e-15  -0.00259068771257217
 0.000381002977558141   0.00035593593708874      1.95854876686994     0.014616395974797    0.0367227606997892   2.1695808400931e-15  1.98241011896568e-15  2.76370339191558e-15 -1.97367666795823e-15     0.157559637916389
-0.000346067046093562 -0.000167730893679007     0.014616395974797      1.97495531456395   -0.0181452231854507 -1.27984230522926e-14 -1.51964609307215e-14  1.01461852541982e-14 -2.53229299937018e-15    -0.161403362526145
 -0.00051286949883733 -3.19578057712474e-05    0.0367227606997892   -0.0181452231854507      1.94842462461669  3.43961884312777e-14  3.77120339396474e-14  -2.0417255231202e-14  6.84879309358857e-15     -0.11036051175892
 1.42383449562185e-16   1.3750081006917e-15   2.1695808400931e-15 -1.27984230522926e-14  3.43961884312777e-14      1.69576546853718  1.22321339246844e-14     0.080690877095669    -0.332269648453757 -7.17575412835353e-15
 1.45653759410474e-16 -2.29851439641337e-17  1.98241011896568e-15 -1.51964609307215e-14  3.77120339396474e-14  1.22321339246844e-14      1.69576546853728     0.332269648453715    0.0806908770956881 -1.08659189453789e-14
-5.67186528938792e-17 -4.47384114486194e-16  2.76370339191558e-15  1.01461852541982e-14  -2.0417255231202e-14     0.080690877095669     0.332269648453715     0.311575809610443 -1.16555785538132e-14  1.24560963956199e-14
-1.66839548204281e-17  1.31060570009925e-15 -1.97367666795823e-15 -2.53229299937018e-15  6.84879309358857e-15    -0.332269648453757    0.0806908770956881 -1.16555785538132e-14     0.311575809610539 -7.47778769658175e-15
 -0.00183512717279356  -0.00259068771257217     0.157559637916389    -0.161403362526145     -0.11036051175892 -7.17575412835353e-15 -1.08659189453789e-14  1.24560963956199e-14 -7.47778769658175e-15     0.103406096993428
TOTAL ENERGY: -127.071864391627	 lambda: 0.7	 population of target: 7.35668596284635
1RDM: 
      1.9999910073351 -2.58413385678539e-06  0.000453130389058245 -0.000395540131944733 -0.000564359489496444 -3.49671836771694e-17 -5.95034331737621e-17 -3.55171271329823e-18 -3.66176968738233e-17  -0.00229441382810591
-2.58413385678539e-06      1.99998871705813  0.000477118976126241 -0.000214417640049613 -7.35455927002825e-05  1.44663557214855e-15   9.9105660417141e-18 -3.78972615816583e-16  1.40971290017932e-15  -0.00308004951053698
 0.000453130389058245  0.000477118976126241      1.95185261927373    0.0184801896716918    0.0391669744825442  2.62795949521528e-16 -1.90465877349726e-16 -2.93220945131992e-15  1.03775340045175e-15      0.19202169492687
-0.000395540131944733 -0.000214417640049613    0.0184801896716918      1.97246826253612   -0.0211885663724916   2.0773942021434e-15  3.10278091125906e-15  5.42962011078344e-16   8.3339655930231e-16    -0.178115512266383
