TOTAL ENERGY: -126.714417765237	 lambda: -1	 population of target: 5.06836818884026
1RDM: 
     1.99997998042755 -1.94508060211808e-05  0.000606400178770416  -0.00108169401715764 -0.000568201974250117 -7.15229026272385e-18 -8.91270411077804e-20  3.46006859787061e-17 -1.92958140961705e-17   0.00458045634168542
-1.94508060211808e-05      1.99996929868011  0.000869316670243591 -0.000990508568582975 -0.000736923597536268 -2.46793943459476e-16 -1.89941711073179e-17 -5.33259941344258e-16 -3.18120384997186e-16   0.00697171293655338
 0.000606400178770416  0.000869316670243591      1.97138362272202    0.0330764538515506    0.0186700272342999  8.91700582823351e-16 -1.92626782043877e-15  3.89052518043098e-15 -3.50851901902958e-15    -0.221665164826246
 -0.00108169401715764 -0.000990508568582975    0.0330764538515506      1.93364269635987   -0.0126891509145468 -2.31461843480924e-17 -3.52280098593204e-16  1.67925286703494e-15 -1.25901789124647e-15     0.219097548743077
-0.000568201974250117 -0.000736923597536268    0.0186700272342999   -0.0126891509145468      1.92877857509032  1.30758130781252e-15  1.94237092836852e-16  6.45098794446138e-15  1.97893556287027e-15     0.221633445894179
-7.15229026272385e-18 -2.46793943459476e-16  8.91700582823351e-16 -2.31461843480924e-17  1.30758130781252e-15      1.82633279640211   -0.0233254478700013    -0.394358962304168    -0.256900141662568  3.70554487537315e-15
-8.91270411077804e-20 -1.89941711073179e-17 -1.92626782043877e-15 -3.52280098593204e-16  1.94237092836852e-16   -0.0233254478700013      1.85910991051114     0.149640366725196    -0.380418482299533 -3.05748688367312e-15
 3.46006859787061e-17 -5.33259941344258e-16  3.89052518043098e-15  1.67925286703494e-15  6.45098794446138e-15    -0.394358962304168     0.149640366725196     0.172955554163953    0.0267397644264424 -4.42362264516726e-16
-1.92958140961705e-17 -3.18120384997186e-16 -3.50851901902958e-15 -1.25901789124647e-15  1.97893556287027e-15    -0.256900141662568    -0.380418482299533    0.0267397644264424     0.192718784350587  4.45196689443084e-16
  0.00458045634168542   0.00697171293655338    -0.221665164826246     0.219097548743077     0.221633445894179  3.70554487537315e-15 -3.05748688367312e-15 -4.42362264516726e-16  4.45196689443084e-16      0.11512878129235
TOTAL ENERGY: -126.841498561308	 lambda: -0.9	 population of target: 5.20214913279452
1RDM: 
     1.99998164409125 -1.67265334550751e-05  0.000516379379282246 -0.000978608702371254  -0.00052064213494487 -6.43803097793201e-18 -2.47064846013842e-18  4.51703661745593e-17 -2.75496069864607e-17    0.0042437203088971
-1.67265334550751e-05      1.99997348975626  0.000739618690076752 -0.000842295025573079 -0.000620079466658654 -2.25484523033563e-16 -1.21859957801546e-17  -4.7179787541335e-16 -2.74548793460339e-16    0.0064110885558862
 0.000516379379282246  0.000739618690076752      1.97548488072842    0.0280786149620975    0.0149483254818493  7.74082082044923e-16 -1.62785473544692e-15  3.22680443396512e-15 -2.83816353843441e-15    -0.204388056903611
-0.000978608702371254 -0.000842295025573079    0.0280786149620975      1.93988406017826    -0.010231524166508 -1.52405406904178e-16  6.16794553899752e-16   3.0145398617217e-16  3.98208026944229e-16     0.199269737709465
 -0.00052064213494487 -0.000620079466658654    0.0149483254818493    -0.010231524166508      1.93203429469835   1.0452148877663e-15  9.17911478839549e-16  4.74387214604317e-15  3.18976254548101e-15     0.202451585450915
-6.43803097793201e-18 -2.25484523033563e-16  7.74082082044923e-16 -1.52405406904178e-16   1.0452148877663e-15      1.84150060207334   -0.0204649935963079    -0.346969567896978    -0.232872829373669  3.45743682285081e-15
-2.47064846013842e-18 -1.21859957801546e-17 -1.62785473544692e-15  6.16794553899752e-16  9.17911478839549e-16   -0.0204649935963079      1.87025818087564     0.123812661168618    -0.332795096199297 -2.93399406555579e-15
 4.51703661745593e-17  -4.7179787541335e-16  3.22680443396512e-15   3.0145398617217e-16  4.74387214604317e-15    -0.346969567896978     0.123812661168618     0.159463665465428    0.0234606040540564 -8.92242932426738e-16
-2.75496069864607e-17 -2.74548793460339e-16 -2.83816353843441e-15  3.98208026944229e-16  3.18976254548101e-15    -0.232872829373669    -0.332795096199297    0.0234606040540564     0.176803285470068  1.03020455006352e-15
   0.0042437203088971    0.0064110885558862    -0.204388056903611     0.199269737709465     0.202451585450915  3.45743682285081e-15 -2.93399406555579e-15 -8.92242932426738e-16  1.03020455006352e-15     0.104615896663019
TOTAL ENERGY: -126.956175262725	 lambda: -0.8	 population of target: 5.33707292000861
1RDM: 
      1.9999832708692 -1.41533739227452e-05   0.00043091951418202 -0.000879019585487039 -0.000474864379658266 -6.35990750751143e-18 -1.85996841319787e-18  4.75951466468679e-17 -2.57375034853533e-17   0.00388617011917477
-1.41533739227452e-05      1.99997740183899  0.000618245208912989  -0.00070534994724282 -0.000514413360544702 -2.09404067993701e-16 -1.02091750737559e-17 -4.07498997663213e-16 -2.36902845001597e-16   0.00583074221304688
  0.00043091951418202  0.000618245208912989      1.97934029284873    0.0234388967654489    0.0115675868035615  7.00169044170222e-16 -1.52053905812207e-15  2.83426976832195e-15 -2.49485547821853e-15    -0.186402563232167
-0.000879019585487039  -0.00070534994724282    0.0234388967654489      1.94584639496842  -0.00793276175608676 -1.40046445046002e-16  6.27028424833267e-16  1.84090330025373e-16   4.9915147053366e-16     0.179161449126621
-0.000474864379658266 -0.000514413360544702    0.0115675868035615  -0.00793276175608676      1.93530984287226  9.30122892256009e-16  9.44834320701977e-16  4.21995514097735e-15  2.94040427642538e-15      0.18240960894221
-6.35990750751143e-18 -2.09404067993701e-16  7.00169044170222e-16 -1.40046445046002e-16  9.30122892256009e-16      1.85262980390195   -0.0176734142397082    -0.300690431021753    -0.209186988734037  3.25291167005006e-15
-1.85996841319787e-18 -1.02091750737559e-17 -1.52053905812207e-15  6.27028424833267e-16  9.44834320701977e-16   -0.0176734142397082      1.87746463253867    0.0988439142494264    -0.286349220154863 -3.13254714367078e-15
 4.75951466468679e-17 -4.07498997663213e-16  2.83426976832195e-15  1.84090330025373e-16  4.21995514097735e-15    -0.300690431021753    0.0988439142494264     0.149960642854892    0.0202604010246766 -8.11351624331839e-16
-2.57375034853533e-17 -2.36902845001597e-16 -2.49485547821853e-15   4.9915147053366e-16  2.94040427642538e-15    -0.209186988734037    -0.286349220154863    0.0202604010246766     0.164935007466031  9.50920152472451e-16
  0.00388617011917477   0.00583074221304688    -0.186402563232167     0.179161449126621      0.18240960894221  3.25291167005006e-15 -3.13254714367078e-15 -8.11351624331839e-16  9.50920152472451e-16    0.0945527098409523
TOTAL ENERGY: -127.058121915343	 lambda: -0.7	 population of target: 5.47301322061571
1RDM: 
     1.99998482136714 -1.17568741876062e-05   0.00035042302214612 -0.000784213742714762 -0.000434006974826128 -7.08463838634352e-18  2.64370530202722e-18  3.91204568088453e-17  -1.0829059931294e-17   0.00350609942455568
-1.17568741876062e-05       1.9999809912685  0.000506958943113015 -0.000579977997611304 -0.000419638728017266 -1.97395666285716e-16 -1.22710530552614e-17 -3.41933493639883e-16 -2.03391380382651e-16   0.00523258210712078
  0.00035042302214612  0.000506958943113015      1.98288253499819    0.0191442084001537   0.00849312341688591  6.69836876878629e-16 -1.60263123048075e-15  2.72068339657858e-15 -2.47392910704551e-15    -0.167837077536056
-0.000784213742714762 -0.000579977997611304    0.0191442084001537      1.95150093425134  -0.00590419407669768  2.80215024878987e-17 -3.25389093725838e-16   1.6209137017676e-15 -1.26290214653652e-15     0.158532822684457
-0.000434006974826128 -0.000419638728017266   0.00849312341688591  -0.00590419407669768      1.93829037879024  1.00475946834729e-15 -2.10427894939282e-17  5.61388409680695e-15  3.92452007787307e-16     0.161081300614257
-7.08463838634352e-18 -1.97395666285716e-16  6.69836876878629e-16  2.80215024878987e-17  1.00475946834729e-15      1.86055907313176   -0.0149559926649217    -0.255616380076523    -0.185943346222166  3.08748723249591e-15
 2.64370530202722e-18 -1.22710530552614e-17 -1.60263123048075e-15 -3.25389093725838e-16 -2.10427894939282e-17   -0.0149559926649217      1.88157535900562    0.0747254702894692    -0.241161471526901 -3.63249750600408e-15
 3.91204568088453e-17 -3.41933493639883e-16  2.72068339657858e-15   1.6209137017676e-15  5.61388409680695e-15    -0.255616380076523    0.0747254702894692     0.143593996645589    0.0171452108458434 -6.21748425498169e-17
 -1.0829059931294e-17 -2.03391380382651e-16 -2.47392910704551e-15 -1.26290214653652e-15  3.92452007787307e-16    -0.185943346222166    -0.241161471526901    0.0171452108458434     0.156265938916819  6.66802370177303e-17
  0.00350609942455568   0.00523258210712078    -0.167837077536056     0.158532822684457     0.161081300614257  3.08748723249591e-15 -3.63249750600408e-15 -6.21748425498169e-17  6.66802370177303e-17     0.085365971624826
TOTAL ENERGY: -127.147154997134	 lambda: -0.6	 population of target: 5.61000075405965
1RDM: 
     1.99998625350763 -9.56899638528833e-06  0.000275476858946304 -0.000695939679753257 -0.000401718407786317 -7.09635030482813e-18  1.21272504321103e-18  4.55328556006564e-17 -1.43082685872409e-17   0.00310646819050085
-9.56899638528833e-06      1.99998422147188  0.000406932219726553 -0.000467027708394882 -0.000337274764861085 -1.90065067612556e-16 -9.39991685555555e-18 -2.82033372231784e-16 -1.65439373984092e-16   0.00461832774821871
 0.000275476858946304  0.000406932219726553      1.98607499021226    0.0151960022382978   0.00575165034178355  6.09944505564547e-16 -1.46927927128011e-15  2.23121272957421e-15 -2.00786071013916e-15    -0.148685756247586
-0.000695939679753257 -0.000467027708394882    0.0151960022382978      1.95678440119396  -0.00431166009150522 -2.82806382482518e-17  8.62703750399235e-17  8.69613811174443e-16 -4.01069439725993e-16     0.137401968934931
-0.000401718407786317 -0.000337274764861085   0.00575165034178355  -0.00431166009150522      1.94064705092534  8.86602936921618e-16  3.93132313909172e-16  4.38757251203019e-15  1.02927562157377e-15      0.13877930042082
-7.09635030482813e-18 -1.90065067612556e-16  6.09944505564547e-16 -2.82806382482518e-17  8.86602936921618e-16      1.86585975422641   -0.0122965684783938    -0.211483777116525    -0.163037614927146  2.83800307477013e-15
 1.21272504321103e-18 -9.39991685555555e-18 -1.46927927128011e-15  8.62703750399235e-17  3.93132313909172e-16   -0.0122965684783938      1.88313899516707    0.0512799510015228    -0.196958714681258 -3.68804117051466e-15
 4.55328556006564e-17 -2.82033372231784e-16  2.23121272957421e-15  8.69613811174443e-16  4.38757251203019e-15    -0.211483777116525    0.0512799510015228     0.139799382607638    0.0140965073360995 -2.69064611172446e-16
-1.43082685872409e-17 -1.65439373984092e-16 -2.00786071013916e-15 -4.01069439725993e-16  1.02927562157377e-15    -0.163037614927146    -0.196958714681258    0.0140965073360995      0.15021804268732  3.26189795375217e-16
  0.00310646819050085   0.00461832774821871    -0.148685756247586     0.137401968934931      0.13877930042082  2.83800307477013e-15 -3.68804117051466e-15 -2.69064611172446e-16  3.26189795375217e-16    0.0775069080005417
TOTAL ENERGY: -127.223061801908	 lambda: -0.5	 population of target: 5.74802847251349
1RDM: 
     1.99998754193593 -7.61762478868437e-06  0.000206865242427675 -0.000615431191278861 -0.000379835214042586  -7.5316454537388e-18  1.00383596325599e-18  4.82089367879739e-17 -1.33346818321531e-17   0.00269253602528488
-7.61762478868437e-06       1.9999870621743  0.000319068382695417 -0.000367387101363008 -0.000268963503147476   -1.861181937477e-16 -8.21747744285929e-18 -2.21740067287342e-16 -1.29155219589555e-16   0.00398937542250836
 0.000206865242427675  0.000319068382695417      1.98889246258742    0.0116128347211894   0.00339963464246567  5.72129198823387e-16 -1.41120881442825e-15  1.84309292381169e-15 -1.65883239390192e-15    -0.128873419236308
-0.000615431191278861 -0.000367387101363008    0.0116128347211894      1.96164587662677  -0.00325459305385405 -3.37858655456652e-17  1.50106585436026e-16  6.53266155707528e-16 -1.85951044983903e-16     0.115977829686961
-0.000379835214042586 -0.000268963503147476   0.00339963464246567  -0.00325459305385405        1.942251081907  8.38612007265557e-16  4.72505997122555e-16  3.79017837397038e-15  9.07412896448524e-16     0.116180094245372
 -7.5316454537388e-18   -1.861181937477e-16  5.72129198823387e-16 -3.37858655456652e-17  8.38612007265557e-16       1.8687322076742  -0.00967332545324188    -0.167931884912853    -0.140291887101403  2.60488308199318e-15
 1.00383596325599e-18 -8.21747744285929e-18 -1.41120881442825e-15  1.50106585436026e-16  4.72505997122555e-16  -0.00967332545324188      1.88232524622065    0.0283050303830526    -0.153377036582158 -3.84891754533285e-15
 4.82089367879739e-17 -2.21740067287342e-16  1.84309292381169e-15  6.53266155707528e-16  3.79017837397038e-15    -0.167931884912853    0.0283050303830526     0.138393221967139     0.011089281288524 -2.48149745485506e-16
-1.33346818321531e-17 -1.29155219589555e-16 -1.65883239390192e-15 -1.85951044983903e-16  9.07412896448524e-16    -0.140291887101403    -0.153377036582158     0.011089281288524     0.146589255275081  3.08239417444531e-16
  0.00269253602528488   0.00398937542250836    -0.128873419236308     0.115977829686961     0.116180094245372  2.60488308199318e-15 -3.84891754533285e-15 -2.48149745485506e-16  3.08239417444531e-16    0.0711960436315422
TOTAL ENERGY: -127.285600412946	 lambda: -0.4	 population of target: 5.88701997360224
1RDM: 
     1.99998868274894 -5.92211237797215e-06  0.000145537881139778 -0.000543004196152369 -0.000367690564815211 -8.24147527474612e-18  9.99225721428727e-19  4.97666264172801e-17 -1.11568932578029e-17   0.00226884697875629
-5.92211237797215e-06      1.99998948699374  0.000244275880245775 -0.000281603293364589 -0.000215546248068214 -1.85891901444496e-16 -7.68862547612979e-18   -1.616980704285e-16 -9.31889072267252e-17   0.00334637564621232
 0.000145537881139778  0.000244275880245775      1.99130518820555   0.00842499178239641   0.00149502140478348  5.49778784720571e-16 -1.38487748316244e-15  1.48121713057218e-15 -1.33822952651015e-15    -0.108327217769687
-0.000543004196152369 -0.000281603293364589   0.00842499178239641       1.9660712326539  -0.00271703990038424 -2.88862441246827e-17  1.27439372118026e-16  5.74237511336527e-16 -1.34044171838177e-16    0.0945164663066871
-0.000367690564815211 -0.000215546248068214   0.00149502140478348  -0.00271703990038424      1.94321888148466  8.26634322735811e-16  4.63260214395623e-16  3.37899147560337e-15  5.66374472123109e-16     0.093870319013533
-8.24147527474612e-18 -1.85891901444496e-16  5.49778784720571e-16 -2.88862441246827e-17  8.26634322735811e-16      1.86906345065551  -0.00707158836896424    -0.124715948733249     -0.11757028043651   2.3811890179324e-15
 9.99225721428727e-19 -7.68862547612979e-18 -1.38487748316244e-15  1.27439372118026e-16  4.63260214395623e-16  -0.00707158836896424      1.87900050657773   0.00568082623348401     -0.11017375798241 -4.02834982474839e-15
 4.97666264172801e-17   -1.616980704285e-16  1.48121713057218e-15  5.74237511336527e-16  3.37899147560337e-15    -0.124715948733249   0.00568082623348401     0.139506031539161   0.00810670898307319 -1.69460105435194e-16
-1.11568932578029e-17 -9.31889072267252e-17 -1.33822952651015e-15 -1.34044171838177e-16  5.66374472123109e-16     -0.11757028043651     -0.11017375798241   0.00810670898307319     0.145497659901523  2.20207167384821e-16
  0.00226884697875629   0.00334637564621232    -0.108327217769687    0.0945164663066871     0.093870319013533   2.3811890179324e-15 -4.02834982474839e-15 -1.69460105435194e-16  2.20207167384821e-16    0.0663588792393067
TOTAL ENERGY: -127.334530213044	 lambda: -0.3	 population of target: 6.02683674562056
1RDM: 
     1.99998968310737 -4.49642461536108e-06  9.25688679564718e-05 -0.000478373071105228 -0.000363064394921541 -9.14147286214399e-18  8.16496444365663e-19  5.12076781647878e-17 -8.98324451929292e-18   0.00183704475591728
-4.49642461536108e-06      1.99999146948205  0.000183615402529982  -0.00020985072693449 -0.000177168902147355 -1.89834746486589e-16 -7.56729911642153e-18 -1.02081500993978e-16 -5.73516199974412e-17   0.00268911329904697
 9.25688679564718e-05  0.000183615402529982       1.9932717003261   0.00566767242305733  8.33733262318642e-05  5.41627907435066e-16 -1.37844864028092e-15     1.12313319787e-15 -1.02092542300434e-15   -0.0870352603569709
-0.000478373071105228  -0.00020985072693449   0.00566767242305733      1.97007352927113  -0.00259845502543029 -2.63131011115215e-17  9.72377425940638e-17  4.93939735812948e-16 -8.42085142523268e-17    0.0731851498253095
-0.000363064394921541 -0.000177168902147355  8.33733262318642e-05  -0.00259845502543029      1.94380018303911  8.41252345273578e-16  4.58648796786477e-16  2.96178540242887e-15  2.29527530693583e-16    0.0720211644179109
-9.14147286214399e-18 -1.89834746486589e-16  5.41627907435066e-16 -2.63131011115215e-17  8.41252345273578e-16      1.86657549229443   -0.0044916200477203   -0.0818379318768165   -0.0948566931372635   2.1652477576202e-15
 8.16496444365663e-19 -7.56729911642153e-18 -1.37844864028092e-15  9.72377425940638e-17  4.58648796786477e-16   -0.0044916200477203      1.87288715541116   -0.0165719867394536   -0.0673556238052041 -4.20263791149862e-15
 5.12076781647878e-17 -1.02081500993978e-16     1.12313319787e-15  4.93939735812948e-16  2.96178540242887e-15   -0.0818379318768165   -0.0165719867394536     0.143429037471491   0.00514909190042995 -9.45384772829022e-17
-8.98324451929292e-18 -5.73516199974412e-17 -1.02092542300434e-15 -8.42085142523268e-17  2.29527530693583e-16   -0.0948566931372635   -0.0673556238052041   0.00514909190042995     0.147234705659443  1.33543566807864e-16
  0.00183704475591728   0.00268911329904697   -0.0870352603569709    0.0731851498253095    0.0720211644179109   2.1652477576202e-15 -4.20263791149862e-15 -9.45384772829022e-17  1.33543566807864e-16    0.0627470439377214
TOTAL ENERGY: -127.369624271272	 lambda: -0.2	 population of target: 6.16722590251468
1RDM: 
     1.99999054382443 -3.35573924325341e-06  4.90911896427792e-05 -0.000421398069997442 -0.000363910974616226 -1.02095541433202e-17  4.76458433565137e-19  5.23585020118775e-17 -6.67376743254767e-18   0.00139540196436535
-3.35573924325341e-06      1.99999298034339  0.000138282550904635  -0.00015217686081189 -0.000153953535422198 -1.98282645631646e-16 -7.92130662375143e-18 -4.33143450873275e-17 -2.18420123430098e-17    0.0020169961048838
 4.90911896427792e-05  0.000138282550904635       1.9947415071216   0.00337582355699819 -0.000803232666143138  5.49286652344494e-16 -1.39538033106573e-15  7.73487603790164e-16 -7.11493619552796e-16   -0.0650812917904833
-0.000421398069997442  -0.00015217686081189   0.00337582355699819      1.97365997213146  -0.00278904593093286 -2.24215155047151e-17  5.25186786928966e-17  4.27999312566058e-16 -5.27342437237655e-17    0.0520000510396294
-0.000363910974616226 -0.000153953535422198 -0.000803232666143138  -0.00278904593093286      1.94420361578159  8.91963046397481e-16  4.47091303302869e-16  2.57006728705301e-15  -1.3240057547769e-16     0.050300307326541
-1.02095541433202e-17 -1.98282645631646e-16  5.49286652344494e-16 -2.24215155047151e-17  8.91963046397481e-16      1.86102419292291   -0.0019505321572315   -0.0395799572048372   -0.0722843517798292  1.95440045651786e-15
 4.76458433565137e-19 -7.92130662375143e-18 -1.39538033106573e-15  5.25186786928966e-17  4.47091303302869e-16   -0.0019505321572315      1.86376510096359   -0.0382884052562958   -0.0252089013997817 -4.37445247430174e-15
 5.23585020118775e-17 -4.33143450873275e-17  7.73487603790164e-16  4.27999312566058e-16  2.57006728705301e-15   -0.0395799572048372   -0.0382884052562958     0.150414564853244   0.00223604745403724 -1.71026837573293e-17
-6.67376743254767e-18 -2.18420123430098e-17 -7.11493619552796e-16 -5.27342437237655e-17  -1.3240057547769e-16   -0.0722843517798292   -0.0252089013997817   0.00223604745403724     0.152067213487364   4.2141039072143e-17
  0.00139540196436535    0.0020169961048838   -0.0650812917904833    0.0520000510396294     0.050300307326541  1.95440045651786e-15 -4.37445247430174e-15 -1.71026837573293e-17   4.2141039072143e-17    0.0601403085704576
TOTAL ENERGY: -127.39070135399	 lambda: -0.1	 population of target: 6.30772910018529
1RDM: 
     1.99999124621064 -2.52040157454124e-06  1.61755081541632e-05 -0.000372743394616477 -0.000369738465337425 -1.13958215603174e-17 -1.13531972161242e-19  5.33800191021552e-17 -4.44943004600772e-18  0.000940101923215548
-2.52040157454124e-06      1.99999398882188  0.000109441508314905 -0.000108769092588875 -0.000146525874343644 -2.11226984084745e-16  -8.7540382469033e-18  1.39298059563631e-17   1.2920998837447e-17   0.00132990993010743
 1.61755081541632e-05  0.000109441508314905      1.99566475082825   0.00157991697476441   -0.0011424230656447  5.72437611488971e-16 -1.43336112144632e-15  4.32944968102704e-16 -4.10088724914018e-16   -0.0426476457633038
-0.000372743394616477 -0.000108769092588875   0.00157991697476441      1.97680019643991   -0.0032379833354991 -1.83874797675745e-17  2.74551496786873e-18  3.55563895417472e-16 -1.76647700216568e-17    0.0308588320337868
-0.000369738465337425 -0.000146525874343644   -0.0011424230656447   -0.0032379833354991      1.94447249358115  9.78292822016541e-16  4.40173412676344e-16  2.17073425953328e-15 -4.75442784237002e-16    0.0280188381073923
-1.13958215603174e-17 -2.11226984084745e-16  5.72437611488971e-16 -1.83874797675745e-17  9.78292822016541e-16      1.85241345132587  0.000522375175030656    0.0015713479595759   -0.0501088879913781  1.74031076328425e-15
-1.13531972161242e-19  -8.7540382469033e-18 -1.43336112144632e-15  2.74551496786873e-18  4.40173412676344e-16  0.000522375175030656      1.85167940399006   -0.0592134161903866    0.0157798992152099 -4.54291046087981e-15
 5.33800191021552e-17  1.39298059563631e-17  4.32944968102704e-16  3.55563895417472e-16  2.17073425953328e-15    0.0015713479595759   -0.0592134161903866     0.160464987252585   -0.0005988398569843  5.21815111859294e-17
-4.44943004600772e-18   1.2920998837447e-17 -4.10088724914018e-16 -1.76647700216568e-17 -4.75442784237002e-16   -0.0501088879913781    0.0157798992152099   -0.0005988398569843     0.160022388883637 -4.21627951735181e-17
 0.000940101923215548   0.00132990993010743   -0.0426476457633038    0.0308588320337868    0.0280188381073923  1.74031076328425e-15 -4.54291046087981e-15  5.21815111859294e-17 -4.21627951735181e-17    0.0584970926660636
TOTAL ENERGY: -127.397706097467	 lambda: 0	 population of target: 6.44766471754143
1RDM: 
     1.99999175118684 -2.01376377876211e-06 -5.34266105740468e-06 -0.000334007794919319 -0.000381894456828811  -1.2672578959186e-17 -9.60869726287875e-19  5.42155345740525e-17 -2.28181876621832e-18  0.000467507905956685
-2.01376377876211e-06      1.99999446815064  9.80023739782782e-05 -8.00080643459187e-05  -0.00015595889620135 -2.28062232366796e-16  -1.0076231306518e-17  6.89252225625754e-17  4.64911169220463e-17  0.000628842948124399
-5.34266105740468e-06  9.80023739782782e-05      1.99600310364554  0.000300675451033687 -0.000919788102906138  6.09784828648157e-16 -1.48914460131987e-15  1.06957729435699e-16  -1.2150872534367e-16   -0.0199835338018741
-0.000334007794919319 -8.00080643459187e-05  0.000300675451033687      1.97941873806851  -0.00397621918241268  -1.3443818355043e-17 -5.51724558522642e-17  2.82859191944353e-16   1.4715695059465e-17   0.00963836821622272
-0.000381894456828811  -0.00015595889620135 -0.000919788102906138  -0.00397621918241268      1.94447690739732  1.09735503694314e-15  4.29330351990447e-16  1.78016235531292e-15 -8.05723396401374e-16   0.00441642446995838
 -1.2672578959186e-17 -2.28062232366796e-16  6.09784828648157e-16  -1.3443818355043e-17  1.09735503694314e-15       1.8411588014488   0.00289614043651396    0.0410982042975152   -0.0286269808971569  1.51387401974899e-15
-9.60869726287875e-19  -1.0076231306518e-17 -1.48914460131987e-15 -5.51724558522642e-17  4.29330351990447e-16   0.00289614043651396      1.83708912030162   -0.0791039753825211    0.0550999257882968 -4.71017483444306e-15
 5.42155345740525e-17  6.89252225625754e-17  1.06957729435699e-16  2.82859191944353e-16  1.78016235531292e-15    0.0410982042975152   -0.0791039753825211     0.173174965312264  -0.00332006990787098   1.1546694422177e-16
-2.28181876621832e-18  4.64911169220463e-17  -1.2150872534367e-16   1.4715695059465e-17 -8.05723396401374e-16   -0.0286269808971569    0.0550999257882968  -0.00332006990787098     0.170721118068644 -1.20599929384457e-16
 0.000467507905956685  0.000628842948124399   -0.0199835338018741   0.00963836821622272   0.00441642446995838  1.51387401974899e-15 -4.71017483444306e-15   1.1546694422177e-16 -1.20599929384457e-16    0.0579710264198407
TOTAL ENERGY: -127.39078955605	 lambda: 0.1	 population of target: 6.58627391872177
1RDM: 
     1.99999201071145 -1.85561750147268e-06 -1.50229288871558e-05 -0.000307240672602153 -0.000402779003405657 -1.40128918733622e-17 -2.06668514409655e-18  5.48934655154408e-17 -1.97799565834199e-19 -2.37661975709003e-05
-1.85561750147268e-06      1.99999440089481  0.000104486010096511 -6.62621175961733e-05 -0.000183244964071345 -2.47558288169877e-16 -1.18393237253906e-17  1.21212829708757e-16   7.8547742166045e-17 -8.41900306473848e-05
-1.50229288871558e-05  0.000104486010096511      1.99573561129818 -0.000457311200568174 -0.000130472338291368  6.58064905677261e-16 -1.55489666146604e-15 -2.01543550827079e-16  1.51934757864707e-16   0.00265251968414323
-0.000307240672602153 -6.62621175961733e-05 -0.000457311200568174      1.98141775009943  -0.00508839954814031  -8.7097260107828e-18 -1.20738012212078e-16  2.09920671124484e-16  4.49559465617088e-17   -0.0117052165500858
-0.000402779003405657 -0.000183244964071345 -0.000130472338291368  -0.00508839954814031      1.94400662496963   1.2383531847238e-15  4.10050261195031e-16  1.40289273297217e-15 -1.11864547351971e-15   -0.0210582648461764
-1.40128918733622e-17 -2.47558288169877e-16  6.58064905677261e-16  -8.7097260107828e-18   1.2383531847238e-15      1.82811564996586   0.00515096145383987     0.078664683761205  -0.00806594622741853  1.26763633001951e-15
-2.06668514409655e-18 -1.18393237253906e-17 -1.55489666146604e-15 -1.20738012212078e-16  4.10050261195031e-16   0.00515096145383987      1.82087747574625    -0.097842334988204     0.092429512637177  -4.8774390087202e-15
 5.48934655154408e-17  1.21212829708757e-16 -2.01543550827079e-16  2.09920671124484e-16  1.40289273297217e-15     0.078664683761205    -0.097842334988204     0.187709395024852  -0.00590494546606907  1.72906715651367e-16
-1.97799565834199e-19   7.8547742166045e-17  1.51934757864707e-16  4.49559465617088e-17 -1.11864547351971e-15  -0.00806594622741853     0.092429512637177  -0.00590494546606907     0.183345078703694 -1.92278199502421e-16
-2.37661975709003e-05 -8.41900306473848e-05   0.00265251968414323   -0.0117052165500858   -0.0210582648461764  1.26763633001951e-15  -4.8774390087202e-15  1.72906715651367e-16 -1.92278199502421e-16    0.0588060025858363
TOTAL ENERGY: -127.370297734532	 lambda: 0.2	 population of target: 6.72299901983422
1RDM: 
     1.99999198377828 -2.05670404087031e-06 -1.28763154844319e-05 -0.000294157670535851  -0.00043468530591426 -1.53944239560284e-17  -3.3978934236897e-18  5.54544003246257e-17  1.79309091213453e-18 -0.000531918615328317
-2.05670404087031e-06       1.9999937789494  0.000129078612678051 -6.75919314703125e-05 -0.000228825342995064 -2.68097432625933e-16 -1.39577214081762e-17  1.70848674584133e-16  1.09081247158429e-16 -0.000806824149406842
-1.28763154844319e-05  0.000129078612678051      1.99485628656473 -0.000710088436403927   0.00121972095064287  7.13015905100461e-16 -1.62000777883372e-15 -4.93283313470346e-16  4.10215656807504e-16     0.025053727239476
-0.000294157670535851 -6.75919314703125e-05 -0.000710088436403927      1.98271552717574  -0.00666000494641232 -7.80899450841281e-18  -1.9336778498096e-16  1.39428395862896e-16  7.56474697205523e-17   -0.0330913221238801
 -0.00043468530591426 -0.000228825342995064   0.00121972095064287  -0.00666000494641232      1.94288440594587  1.38873530517305e-15  3.79237692090645e-16  1.03880923915566e-15 -1.41730261324804e-15   -0.0485868852752376
-1.53944239560284e-17 -2.68097432625933e-16  7.13015905100461e-16 -7.80899450841281e-18  1.38873530517305e-15      1.81442847597523   0.00728792664583474     0.114279383524922    0.0115108537487067  9.98044170084765e-16
 -3.3978934236897e-18 -1.39577214081762e-17 -1.62000777883372e-15  -1.9336778498096e-16  3.79237692090645e-16   0.00728792664583474       1.8041874205752    -0.115510816967634     0.127796189673757 -5.04566006178512e-15
 5.54544003246257e-17  1.70848674584133e-16 -4.93283313470346e-16  1.39428395862896e-16  1.03880923915566e-15     0.114279383524922    -0.115510816967634     0.202957997242011  -0.00835471387476868  2.26556369348898e-16
 1.79309091213453e-18  1.09081247158429e-16  4.10215656807504e-16  7.56474697205523e-17 -1.41730261324804e-15    0.0115108537487067     0.127796189673757  -0.00835471387476868     0.196783068938884 -2.57026544128575e-16
-0.000531918615328317 -0.000806824149406842     0.025053727239476   -0.0330913221238801   -0.0485868852752376  9.98044170084765e-16 -5.04566006178512e-15  2.26556369348898e-16 -2.57026544128575e-16    0.0612010548546754
TOTAL ENERGY: -127.336626820698	 lambda: 0.3	 population of target: 6.85774432774507
1RDM: 
     1.99999164735761 -2.61869621932024e-06  7.22504007993746e-07 -0.000295533830990758 -0.000479075617043514 -1.68105647887103e-17 -4.89920100976545e-18  5.59659294212877e-17  3.70850762861468e-18  -0.00105228060147162
-2.61869621932024e-06       1.9999925969235  0.000171846536294006  -8.3598303044761e-05 -0.000292622148343934 -2.88017070112776e-16 -1.63232051560657e-17  2.18359287388543e-16  1.38343811464577e-16  -0.00153699251898715
 7.22504007993746e-07  0.000171846536294006      1.99336550979111 -0.000493354143303888   0.00311711764401902  7.69821917120759e-16 -1.67403022357667e-15 -7.70771711302579e-16  6.56225820993658e-16    0.0471038834830095
-0.000295533830990758  -8.3598303044761e-05 -0.000493354143303888      1.98327717363709  -0.00873614056769432 -1.05992627035784e-17 -2.71868013441834e-16  6.94345411001663e-17  1.05364713219362e-16    -0.054339679333052
-0.000479075617043514 -0.000292622148343934   0.00311711764401902  -0.00873614056769432      1.94101847669976  1.53175961280744e-15  3.35511839773788e-16  6.91735971766829e-16 -1.70393529661494e-15   -0.0779660958494964
-1.68105647887103e-17 -2.88017070112776e-16  7.69821917120759e-16 -1.05992627035784e-17  1.53175961280744e-15      1.80124637080519   0.00933137356000985     0.148337086416681     0.030243014122312  7.06057807908947e-16
-4.89920100976545e-18 -1.63232051560657e-17 -1.67403022357667e-15 -2.71868013441834e-16  3.35511839773788e-16   0.00933137356000985      1.78813384680936    -0.132394011750272     0.161613583794603  -5.2154262914906e-15
 5.59659294212877e-17  2.18359287388543e-16 -7.70771711302579e-16  6.94345411001663e-17  6.91735971766829e-16     0.148337086416681    -0.132394011750272     0.217819232123494   -0.0106972751187727  2.78011389767297e-16
 3.70850762861468e-18  1.38343811464577e-16  6.56225820993658e-16  1.05364713219362e-16 -1.70393529661494e-15     0.030243014122312     0.161613583794603   -0.0106972751187727     0.209912928541546 -3.16608279559228e-16
 -0.00105228060147162  -0.00153699251898715    0.0471038834830095    -0.054339679333052   -0.0779660958494964  7.06057807908947e-16  -5.2154262914906e-15  2.78011389767297e-16 -3.16608279559228e-16    0.0652422173113963
TOTAL ENERGY: -127.290011229799	 lambda: 0.4	 population of target: 6.99095925278104
1RDM: 
     1.99999099800199 -3.53889870762906e-06  2.52146662006695e-05 -0.000311066616946061 -0.000536574811893237 -1.82697857778037e-17 -6.50938641756541e-18  5.64877158684426e-17   5.5926083210247e-18  -0.00157826823755745
-3.53889870762906e-06      1.99999084364507  0.000232963011943921  -0.00011351151440045 -0.000374497020910911 -3.06040550505638e-16 -1.87785732417867e-17  2.64663571907891e-16  1.66759474790695e-16  -0.00227292099230566
 2.52146662006695e-05  0.000232963011943921      1.99126083986182  0.000144715285009903   0.00554508341562038  8.23730846994469e-16 -1.70995378002928e-15 -1.03880927358981e-15  8.97689017672949e-16    0.0687808380753961
-0.000311066616946061  -0.00011351151440045  0.000144715285009903      1.98312198828997   -0.0113121433626765 -1.11262492238778e-17 -3.49697652757018e-16 -4.83605208975025e-18  1.25319070154313e-16   -0.0752340840329611
-0.000536574811893237 -0.000374497020910911   0.00554508341562038   -0.0113121433626765      1.93837588435296  1.64407969529438e-15  2.72217006751594e-16  3.67008969157473e-16 -1.96845679868165e-15    -0.108678445542645
-1.82697857778037e-17 -3.06040550505638e-16  8.23730846994469e-16 -1.11262492238778e-17  1.64407969529438e-15      1.78941868563656    0.0113234631503179     0.181531140972672    0.0484452509587374  3.98209361753367e-16
-6.50938641756541e-18 -1.87785732417867e-17 -1.70995378002928e-15 -3.49697652757018e-16  2.72217006751594e-16    0.0113234631503179      1.77350686082677    -0.148912021827537     0.194588740962909 -5.38516982218873e-15
 5.64877158684426e-17  2.64663571907891e-16 -1.03880927358981e-15 -4.83605208975025e-18  3.67008969157473e-16     0.181531140972672    -0.148912021827537     0.231499717425007   -0.0129809614738077  3.26717027520411e-16
  5.5926083210247e-18  1.66759474790695e-16  8.97689017672949e-16  1.25319070154313e-16 -1.96845679868165e-15    0.0484452509587374     0.194588740962909   -0.0129809614738077     0.221905552354596 -3.77853694998981e-16
 -0.00157826823755745  -0.00227292099230566    0.0687808380753961   -0.0752340840329611    -0.108678445542645  3.98209361753367e-16 -5.38516982218873e-15  3.26717027520411e-16 -3.77853694998981e-16    0.0709286296053207
TOTAL ENERGY: -127.230375431878	 lambda: 0.5	 population of target: 7.12348708164534
1RDM: 
     1.99999004734734  -4.8145161624297e-06  6.00234907505449e-05 -0.000339648848073628 -0.000607303214044332 -1.97755996484774e-17 -8.09756748277964e-18  5.70052404630785e-17  7.16448902098405e-18  -0.00210223934096896
 -4.8145161624297e-06      1.99998849904903   0.00031279352451926 -0.000156422092103132 -0.000474602279077576 -3.22872202561886e-16 -2.26582133639061e-17  3.11512963962181e-16  1.97115224997959e-16   -0.0030124241540936
 6.00234907505449e-05   0.00031279352451926      1.98853231174312   0.00115377952134724   0.00848566332735595  8.95394031592977e-16 -1.69665481879845e-15 -1.31974570364653e-15   1.0828623175971e-15    0.0901307862496507
-0.000339648848073628 -0.000156422092103132   0.00115377952134724      1.98230933059192   -0.0143494829410364 -1.17984543157875e-16 -5.50927560996761e-16  -3.4632327703879e-17  3.09180805053228e-16   -0.0955780708496433
-0.000607303214044332 -0.000474602279077576   0.00848566332735595   -0.0143494829410364      1.93492906076495  1.90239877146771e-15  4.01668126825027e-16  -3.8869986800731e-17 -2.53652239422815e-15    -0.139975320173528
-1.97755996484774e-17 -3.22872202561886e-16  8.95394031592977e-16 -1.17984543157875e-16  1.90239877146771e-15      1.77928260462295    0.0133139131645319     0.214684693220666    0.0665312853172658  4.64865891989875e-17
-8.09756748277964e-18 -2.26582133639061e-17 -1.69665481879845e-15 -5.50927560996761e-16  4.01668126825027e-16    0.0133139131645319      1.76057378274308    -0.165517630631044     0.227549883394086 -5.59546509409282e-15
 5.70052404630785e-17  3.11512963962181e-16 -1.31974570364653e-15  -3.4632327703879e-17  -3.8869986800731e-17     0.214684693220666    -0.165517630631044     0.243718681210163   -0.0152627681674926  4.06957184740043e-16
 7.16448902098405e-18  1.97115224997959e-16   1.0828623175971e-15  3.09180805053228e-16 -2.53652239422815e-15    0.0665312853172658     0.227549883394086   -0.0152627681674926     0.232438043729501 -3.34626770468164e-16
 -0.00210223934096896   -0.0030124241540936    0.0901307862496507   -0.0955780708496433    -0.139975320173528  4.64865891989875e-17 -5.59546509409282e-15  4.06957184740043e-16 -3.34626770468164e-16     0.078237638198015
TOTAL ENERGY: -127.157347738335	 lambda: 0.6	 population of target: 7.25625480740898
1RDM: 
     1.99998881794341 -6.44170854938638e-06  0.000104630853949988 -0.000379767191230149 -0.000690950516799954 -2.23358292886854e-17 -9.99169803477169e-18  6.10395522705525e-17  1.15690722465107e-17  -0.00261603990448514
-6.44170854938638e-06      1.99998554025655  0.000411791481969746 -0.000211465298220147  -0.00059313319672899 -3.12603196853883e-16  -2.2786124559013e-17   3.3904211136988e-16  2.12553970007328e-16  -0.00375212203682659
 0.000104630853949988  0.000411791481969746      1.98516398815004   0.00249027944334708    0.0119148881101847  3.51080297702106e-16 -1.74191027218774e-15  -8.7833890424256e-16  1.81284572267353e-15      0.11123127986373
-0.000379767191230149 -0.000211465298220147   0.00249027944334708      1.98091672854844   -0.0177954209785707  2.13284606116032e-15 -4.51033046565731e-16 -1.89127458635362e-15 -9.03129379938746e-16    -0.115215036177308
-0.000690950516799954  -0.00059313319672899    0.0119148881101847   -0.0177954209785707      1.93064633630961 -2.18485273561199e-15  1.38834536916684e-17  3.12551462635147e-15 -4.95021706182402e-16    -0.170950244479362
-2.23358292886854e-17 -3.12603196853883e-16  3.51080297702106e-16  2.13284606116032e-15 -2.18485273561199e-15      1.77059967696678    0.0153487976280163     0.248565253535055    0.0849200359547396  7.72680062556545e-16
-9.99169803477169e-18  -2.2786124559013e-17 -1.74191027218774e-15 -4.51033046565731e-16  1.38834536916684e-17    0.0153487976280163      1.74903142100074     -0.18259499784335     0.261259995844405 -5.68443271894939e-15
 6.10395522705525e-17   3.3904211136988e-16  -8.7833890424256e-16 -1.89127458635362e-15  3.12551462635147e-15     0.248565253535055     -0.18259499784335     0.254762156179219   -0.0175955124473592 -9.72517793353124e-16
 1.15690722465107e-17  2.12553970007328e-16  1.81284572267353e-15 -9.03129379938746e-16 -4.95021706182402e-16    0.0849200359547396     0.261259995844405   -0.0175955124473592     0.241757396195331 -1.33970777317516e-15
 -0.00261603990448514  -0.00375212203682659      0.11123127986373    -0.115215036177308    -0.170950244479362  7.72680062556545e-16 -5.68443271894939e-15 -9.72517793353124e-16 -1.33970777317516e-15    0.0871479384499026
TOTAL ENERGY: -127.070432143927	 lambda: 0.7	 population of target: 7.38995628978069
1RDM: 
     1.99998734295566 -8.40943672888687e-06  0.000158560479013095 -0.000429770507061139 -0.000786351048187699 -2.30695414251869e-17 -1.15070045524717e-17  5.78559790456696e-17  1.11807416613495e-17  -0.00311158913987072
-8.40943672888687e-06      1.99998195360416  0.000530283937491638   -0.0002778470947457 -0.000729514589612814 -3.51134828034548e-16 -2.60883089671346e-17  4.09513485943481e-16  2.54864278858444e-16  -0.00448743491435859
 0.000158560479013095  0.000530283937491638      1.98114029765892   0.00412178726974352    0.0157950963558819  1.04557083379125e-15 -1.71546278230748e-15 -1.95326427192868e-15  1.60843366749509e-15     0.132159238282949
-0.000429770507061139   -0.0002778470947457   0.00412178726974352       1.9790241601711   -0.0215900213773408 -2.72288024260374e-16 -5.44899331111429e-16 -3.78618179608006e-17  2.51654559073447e-16    -0.134017111889391
