TOTAL ENERGY: -126.618640186351	 lambda: -1	 population of target: 4.82293633216911
1RDM: 
     1.99980004086157  0.000110888857912071  -0.00296953049816037   0.00263012520001539  0.000454779132340836 -0.000132834180582005    0.0021848590846563 -0.000621888094755905  0.000189876604760924   -0.0189476481510795
 0.000110888857912071      1.99991712156386   0.00108668664471622  -0.00113749307280539 -0.000137903057262767  7.04585235794965e-05  -0.00261400414986443   0.00511683921902203  -0.00154021794937194    0.0101003442387545
 -0.00296953049816037   0.00108668664471622      1.93610040035334    0.0436386409147131    0.0169240471208562  -0.00396989608912661   -0.0102313004627218     0.135808180476455   -0.0407535210133431    -0.305151036636934
  0.00263012520001539  -0.00113749307280539    0.0436386409147131      1.94175601933171   0.00837714407863789  -0.00298720902428065   0.00246818732764582   -0.0996981455209763    0.0300449480276034     0.226507656805785
 0.000454779132340836 -0.000137903057262767    0.0169240471208562   0.00837714407863789      1.95280619817111    -0.035248491672946   -0.0110036132875894    0.0622286852267088     0.134096839882269    0.0762581534373061
-0.000132834180582005  7.04585235794965e-05  -0.00396989608912661  -0.00298720902428065    -0.035248491672946       1.8487958834536   0.00572733873128998     0.122952749479488     0.463268595015458   -0.0215725218769523
   0.0021848590846563  -0.00261400414986443   -0.0102313004627218   0.00246818732764582   -0.0110036132875894   0.00572733873128998      1.85130775801001     0.425477926899546    -0.128070121730157     0.187256466984983
-0.000621888094755905   0.00511683921902203     0.135808180476455   -0.0996981455209763    0.0622286852267088     0.122952749479488     0.425477926899546     0.171199516250789   0.00134979248616373    0.0102505112913086
 0.000189876604760924  -0.00154021794937194   -0.0407535210133431    0.0300449480276034     0.134096839882269     0.463268595015458    -0.128070121730157   0.00134979248616373      0.18502174824572  -0.00261683048995467
  -0.0189476481510795    0.0101003442387545    -0.305151036636934     0.226507656805785    0.0762581534373061   -0.0215725218769523     0.187256466984983    0.0102505112913086  -0.00261683048995467     0.113295313758369
TOTAL ENERGY: -126.754978784988	 lambda: -0.9	 population of target: 4.96650115787432
1RDM: 
     1.99983342527841  9.32324646375911e-05  -0.00247629293097069   0.00219052995830739  0.000365129265993473  -0.00010700187315902   0.00185918517627253 -0.000556954069143313  0.000169792567296337   -0.0172715732352015
 9.32324646375911e-05      1.99992869812043   0.00089447175763238 -0.000949710631981876 -8.47267093405799e-05  5.20716453125483e-05  -0.00224760038808995   0.00457792188188907  -0.00137776198076581   0.00929233219897838
 -0.00247629293097069   0.00089447175763238      1.94547828090238     0.035876412262209    0.0153921764515322  -0.00362295012461764  -0.00909294654207033     0.121492752940699   -0.0364561837561421    -0.280761008894677
  0.00219052995830739 -0.000949710631981876     0.035876412262209      1.94870869115349   0.00815330523959611  -0.00285927023302784   0.00232083876642579   -0.0891761559315758    0.0268780941958966      0.20249401848123
 0.000365129265993473 -8.47267093405799e-05    0.0153921764515322   0.00815330523959611      1.95565776151094   -0.0296298285444768   -0.0098242274436754    0.0585692894524309     0.121135269162252    0.0707709028736384
 -0.00010700187315902  5.20716453125483e-05  -0.00362295012461764  -0.00285927023302784   -0.0296298285444768      1.86878128931017    0.0051180194533817      0.10883039764957     0.417429807383061    -0.020022107106204
  0.00185918517627253  -0.00224760038808995  -0.00909294654207033   0.00232083876642579   -0.0098242274436754    0.0051180194533817      1.87146995391879     0.380616872328357      -0.1145666964086     0.174622517254733
-0.000556954069143313   0.00457792188188907     0.121492752940699   -0.0891761559315758    0.0585692894524309      0.10883039764957     0.380616872328357     0.149726954770735   0.00120731738796033   0.00920868713416657
 0.000169792567296337  -0.00137776198076581   -0.0364561837561421    0.0268780941958966     0.121135269162252     0.417429807383061      -0.1145666964086   0.00120731738796033     0.162093353989048  -0.00233700552742611
  -0.0172715732352015   0.00929233219897838    -0.280761008894677      0.20249401848123    0.0707709028736384    -0.020022107106204     0.174622517254733   0.00920868713416657  -0.00233700552742611    0.0983215910456632
TOTAL ENERGY: -126.881334615128	 lambda: -0.8	 population of target: 5.11519972680326
1RDM: 
     1.99986416132663  7.67387216137379e-05   -0.0020164005012199    0.0017890730860065  0.000290698956591585 -8.54791628157276e-05   0.00155699684697103 -0.000490654862561181  0.000149391014981239   -0.0155387559064231
 7.67387216137379e-05       1.9999394282488   0.00070482693164424 -0.000771387011672027 -3.98353527663999e-05  3.59780609250044e-05  -0.00192514578151137   0.00402965535849786  -0.00121254406986786   0.00843703054518192
  -0.0020164005012199   0.00070482693164424       1.9541113731238    0.0288795261434425    0.0140712396977772  -0.00333732439413618  -0.00867665943222064     0.106936326681223   -0.0320850507753533    -0.255047431618512
   0.0017890730860065 -0.000771387011672027    0.0288795261434425      1.95498441648413   0.00774569270102966  -0.00267810865882613    0.0025968739339135   -0.0784771129430797    0.0236568490706332     0.178108290081097
 0.000290698956591585 -3.98353527663999e-05    0.0140712396977772   0.00774569270102966      1.95821145636678   -0.0249036629488777  -0.00875819552632267    0.0547950729851859     0.107915858507564    0.0659360984273566
-8.54791628157276e-05  3.59780609250044e-05  -0.00333732439413618  -0.00267810865882613   -0.0249036629488777      1.88555661156946   0.00453615304267732    0.0944933298867431     0.370700733094684   -0.0186568380525608
  0.00155699684697103  -0.00192514578151137  -0.00867665943222064    0.0025968739339135  -0.00875819552632267   0.00453615304267732      1.88848806669327     0.334987205148159    -0.100832729912433     0.161381911903974
-0.000490654862561181   0.00402965535849786     0.106936326681223   -0.0784771129430797    0.0547950729851859    0.0944933298867431     0.334987205148159     0.131741149294414   0.00106248775036268   0.00816044835774644
 0.000149391014981239  -0.00121254406986786   -0.0320850507753533    0.0236568490706332     0.107915858507564     0.370700733094684    -0.100832729912433   0.00106248775036268      0.14262603024635  -0.00205125531418536
  -0.0155387559064231   0.00843703054518192    -0.255047431618512     0.178108290081097    0.0659360984273566   -0.0186568380525608     0.161381911903974   0.00816044835774644  -0.00205125531418536    0.0844773066464004
TOTAL ENERGY: -126.995907360275	 lambda: -0.7	 population of target: 5.26800454889891
1RDM: 
     1.99989202149699  6.15968904858578e-05  -0.00159457547051513   0.00142685172317048    0.0002275089853051 -6.71423273058861e-05   0.00127988468660397 -0.000423842937742863  0.000128904058444297   -0.0137511529742359
 6.15968904858578e-05      1.99994919031843  0.000521695871335579 -0.000604393009020768 -1.32670652602804e-06   2.1677712467019e-05   -0.0016467135152207   0.00347851393351741  -0.00104650032790809   0.00753853580479179
 -0.00159457547051513  0.000521695871335579      1.96192012254601    0.0226665219522734    0.0129044398391073  -0.00309586513012418  -0.00890755540008016     0.092308704033474   -0.0276915544403847    -0.228012607880105
  0.00142685172317048 -0.000604393009020768    0.0226665219522734      1.96059078148847   0.00721165922148408    -0.002460759949018   0.00326084119732548   -0.0677258355025665    0.0204191147535447     0.153259579416704
   0.0002275089853051 -1.32670652602804e-06    0.0129044398391073   0.00721165922148408      1.96049533791852   -0.0210457605403751  -0.00777565479518036    0.0509554577202794    0.0945971045273042    0.0614797590638728
-6.71423273058861e-05   2.1677712467019e-05  -0.00309586513012418    -0.002460759949018   -0.0210457605403751      1.89924141507219    0.0039765515784136    0.0801073882218068     0.323639555206521   -0.0173989386617179
  0.00127988468660397   -0.0016467135152207  -0.00890755540008016   0.00326084119732548  -0.00777565479518036    0.0039765515784136      1.90247229712406     0.289125311910467   -0.0870294095593296     0.147515638633115
-0.000423842937742863   0.00347851393351741     0.092308704033474   -0.0677258355025665    0.0509554577202794    0.0801073882218068     0.289125311910467     0.117107653848089   0.00091699983210955   0.00711305483837473
 0.000128904058444297  -0.00104650032790809   -0.0276915544403847    0.0204191147535447    0.0945971045273042     0.323639555206521   -0.0870294095593296   0.00091699983210955     0.126502796765213  -0.00176344187839529
  -0.0137511529742359   0.00753853580479179    -0.228012607880105     0.153259579416704    0.0614797590638728   -0.0173989386617179     0.147515638633115   0.00711305483837473  -0.00176344187839529    0.0718283834220951
TOTAL ENERGY: -127.097422453912	 lambda: -0.6	 population of target: 5.42422202936415
1RDM: 
     1.99991677676744  4.79762980929166e-05  -0.00121587754166199   0.00110577588867337  0.000173364351117809 -5.13716572838039e-05   0.00102956601293941 -0.000357014401043938  0.000108467519313479   -0.0119110604465422
 4.79762980929166e-05      1.99995789417492  0.000349295812504687 -0.000450940346012726  3.20466403966317e-05  8.83987018610332e-06  -0.00141107153791971   0.00292828242258169 -0.000880761743475123   0.00660016006455255
 -0.00121587754166199  0.000349295812504687      1.96882632870842    0.0172628641728492    0.0118626474765283  -0.00288969976246753  -0.00967051302746018    0.0777091595874239   -0.0233057416847532    -0.199682010775947
  0.00110577588867337 -0.000450940346012726    0.0172628641728492       1.9655170094437   0.00657440824678723  -0.00221425460177369   0.00424141891759122   -0.0569954055279956    0.0171870186788061     0.127902381017887
 0.000173364351117809  3.20466403966317e-05    0.0118626474765283   0.00657440824678723      1.96252643901648   -0.0179910913511757  -0.00686236735188663    0.0470815114384843    0.0812732813695666    0.0572183696080645
-5.13716572838039e-05  8.83987018610332e-06  -0.00288969976246753  -0.00221425460177369   -0.0179910913511757      1.91007113691446   0.00343709486947424     0.065768293864023      0.27657739768543   -0.0161963194026975
  0.00102956601293941  -0.00141107153791971  -0.00967051302746018   0.00424141891759122  -0.00686236735188663   0.00343709486947424      1.91363225883344     0.243344541355738   -0.0732509203863818     0.133023899877722
-0.000357014401043938   0.00292828242258169    0.0777091595874239   -0.0569954055279956    0.0470815114384843     0.065768293864023     0.243344541355738     0.105569160852205  0.000771838321898292   0.00607039111267463
 0.000108467519313479 -0.000880761743475123   -0.0233057416847532    0.0171870186788061    0.0812732813695666      0.27657739768543   -0.0732509203863818  0.000771838321898292       0.1134765874755  -0.00147585741309049
  -0.0119110604465422   0.00660016006455255    -0.199682010775947     0.127902381017887    0.0572183696080645   -0.0161963194026975     0.133023899877722   0.00607039111267463  -0.00147585741309049    0.0605064078134966
TOTAL ENERGY: -127.184942299106	 lambda: -0.5	 population of target: 5.58339087630458
1RDM: 
     1.99993819379809  3.60346529723869e-05 -0.000885560009652017   0.00082835642921108  0.000127341526825033 -3.79065094697055e-05  0.000808003962994729 -0.000290395945991933  8.81438512900092e-05   -0.0100220378249899
 3.60346529723869e-05       1.9999654612454     0.000191722920472 -0.000313329606362461  6.09285876999432e-05 -2.70747259974301e-06  -0.00121709070135723   0.00238070205937686  -0.00071584820714376   0.00562469181296144
-0.000885560009652017     0.000191722920472      1.97474526056581    0.0127048300685144    0.0109359259054515  -0.00271572997142319   -0.0108485818032861    0.0631833879146504   -0.0189414123343308    -0.170113810917694
  0.00082835642921108 -0.000313329606362461    0.0127048300685144       1.9697370490841   0.00584038510940176   -0.0019406282895257   0.00546140013100467    -0.046319490394636    0.0139707324333967     0.102058148216706
 0.000127341526825033  6.09285876999432e-05    0.0109359259054515   0.00584038510940176      1.96431397657402   -0.0156729684330602  -0.00601395937250908    0.0431890684238191    0.0679889351411537    0.0530713611048542
-3.79065094697055e-05 -2.70747259974301e-06  -0.00271572997142319   -0.0019406282895257   -0.0156729684330602      1.91827468109753   0.00291742347871023    0.0515192144285471     0.229670089814236   -0.0150261114235234
 0.000808003962994729  -0.00121709070135723   -0.0108485818032861   0.00546140013100467  -0.00601395937250908   0.00291742347871023      1.92216412181617     0.197788922620973   -0.0595405552915605     0.117932114569159
-0.000290395945991933   0.00238070205937686    0.0631833879146504    -0.046319490394636    0.0431890684238191    0.0515192144285471     0.197788922620973    0.0968802182510709  0.000627453367434566   0.00503430033233162
 8.81438512900092e-05  -0.00071584820714376   -0.0189414123343308    0.0139707324333967    0.0679889351411537     0.229670089814236   -0.0595405552915605  0.000627453367434566     0.103306687443615  -0.00118955002185596
  -0.0100220378249899   0.00562469181296144    -0.170113810917694     0.102058148216706    0.0530713611048542   -0.0150261114235234     0.117932114569159   0.00503430033233162  -0.00118955002185596    0.0506743501242107
TOTAL ENERGY: -127.257711224353	 lambda: -0.4	 population of target: 5.74514410831769
1RDM: 
     1.99995604504343   2.5921911736142e-05 -0.000608770696959017  0.000597223506612468  8.89855923848089e-05 -2.66184475758977e-05  0.000617303198351893 -0.000224087014862346  6.79602732870933e-05  -0.00808916373896226
  2.5921911736142e-05       1.9999718119621  5.27262275478249e-05 -0.000193711888278836   8.5618087806035e-05 -1.30444973797047e-05  -0.00106442713878734   0.00183652976528949 -0.000551985744270212   0.00461484540594095
-0.000608770696959017  5.27262275478249e-05      1.97958586866833   0.00903468202363453    0.0101204450462371   -0.0025727465701634   -0.0123454345147786    0.0487512535631942   -0.0146045757435303    -0.139396552378045
 0.000597223506612468 -0.000193711888278836   0.00903468202363453      1.97321863887616   0.00501753073494633  -0.00164222227376019   0.00685719126634392   -0.0357126411839391    0.0107746813793937     0.075804837152572
 8.89855923848089e-05   8.5618087806035e-05    0.0101204450462371   0.00501753073494633      1.96586633036531    -0.014045229243263  -0.00522788079178842    0.0392857850708052    0.0547640028333938    0.0490224718609492
-2.66184475758977e-05 -1.30444973797047e-05   -0.0025727465701634  -0.00164222227376019    -0.014045229243263      1.92401161239825    0.0024171983620442     0.037378508200108     0.182987078081455   -0.0138836938056323
 0.000617303198351893  -0.00106442713878734   -0.0123454345147786   0.00685719126634392  -0.00522788079178842    0.0024171983620442       1.9281958298033     0.152521059506466   -0.0459171496369314     0.102287141709889
-0.000224087014862346   0.00183652976528949    0.0487512535631942   -0.0357126411839391    0.0392857850708052     0.037378508200108     0.152521059506466     0.090876159191806  0.000484038552560906   0.00400587055826129
 6.79602732870933e-05 -0.000551985744270212   -0.0146045757435303    0.0107746813793937    0.0547640028333938     0.182987078081455   -0.0459171496369314  0.000484038552560906    0.0958305059575763 -0.000904946541821114
 -0.00808916373896226   0.00461484540594095    -0.139396552378045     0.075804837152572    0.0490224718609492   -0.0138836938056323     0.102287141709889   0.00400587055826129 -0.000904946541821114    0.0424871977337634
TOTAL ENERGY: -127.315079574001	 lambda: -0.3	 population of target: 5.90910117327386
1RDM: 
     1.99997012259414  1.77791449361116e-05 -0.000390270719622681  0.000414711295274287  5.77491148669184e-05 -1.73527252800453e-05  0.000459509058176584 -0.000158181408168552  4.79416658175412e-05  -0.00611872720062998
 1.77791449361116e-05      1.99997686394955  -6.4327304351933e-05 -9.39688153142653e-05   0.00010631564275939 -2.22238109463679e-05 -0.000953432002211162    0.0012964639801088  -0.00038938313458156   0.00357363734266239
-0.000390270719622681  -6.4327304351933e-05      1.98325652284636   0.00629266179202418   0.00940967874957497  -0.00245878636564975   -0.0140877131932667    0.0344310712732308   -0.0103007798410224    -0.107639586191027
 0.000414711295274287 -9.39688153142653e-05   0.00629266179202418      1.97593112744444   0.00412448071039235   -0.0013244052310854    0.0083826525051431   -0.0251881326888983   0.00760297041254642    0.0492483992245563
 5.77491148669184e-05   0.00010631564275939   0.00940967874957497   0.00412448071039235      1.96719579168127   -0.0130833358307163  -0.00449827411918025    0.0353780032318095    0.0416163208691955    0.0450613589377994
-1.73527252800453e-05 -2.22238109463679e-05  -0.00245878636564975   -0.0013244052310854   -0.0130833358307163      1.92737517242855   0.00193511171638277     0.023363530613898     0.136590798692573   -0.0127661260585571
 0.000459509058176584 -0.000953432002211162   -0.0140877131932667    0.0083826525051431  -0.00449827411918025   0.00193511171638277       1.9317938532834     0.107598857879477   -0.0323980809280013    0.0861481396776547
-0.000158181408168552    0.0012964639801088    0.0344310712732308   -0.0251881326888983    0.0353780032318095     0.023363530613898     0.107598857879477    0.0874694315794256  0.000341775002115121   0.00298617767197247
 4.79416658175412e-05  -0.00038938313458156   -0.0103007798410224   0.00760297041254642    0.0416163208691955     0.136590798692573   -0.0323980809280013  0.000341775002115121    0.0909623907731961 -0.000622434076088019
 -0.00611872720062998   0.00357363734266239    -0.107639586191027    0.0492483992245563    0.0450613589377994   -0.0127661260585571    0.0861481396776547   0.00298617767197247 -0.000622434076088019    0.0360687234196969
TOTAL ENERGY: -127.356496098396	 lambda: -0.2	 population of target: 6.07481779676324
1RDM: 
     1.99998024850914  1.17344944968263e-05 -0.000234270654919476  0.000282682602866059  3.28957096917779e-05 -9.90131766639019e-06  0.000336429604455412 -9.28257047002052e-05  2.81275575002735e-05  -0.00411774929206863
 1.17344944968263e-05      1.99998053833109 -0.000156358049147712 -1.57318891973305e-05  0.000123226207555322 -3.02968024941936e-05 -0.000884583575619462  0.000761609946451277 -0.000228371627382855   0.00250457412336266
-0.000234270654919476 -0.000156358049147712       1.9856724337273   0.00451057484433368   0.00879359179415915  -0.00237082453523614   -0.0160130213749028    0.0202518720743371  -0.00603881704793048   -0.0749642043376672
 0.000282682602866059 -1.57318891973305e-05   0.00451057484433368      1.97784851317208   0.00318827703658811 -0.000994978528382705    0.0100005992309471    -0.014767044861149   0.00446210960019473    0.0224957379252616
 3.28957096917779e-05  0.000123226207555322   0.00879359179415915   0.00318827703658811      1.96831842362373   -0.0127706182321033  -0.00381583873584448    0.0314747829313004    0.0285734388396489     0.041138933369962
-9.90131766639019e-06 -3.02968024941936e-05  -0.00237082453523614 -0.000994978528382705   -0.0127706182321033       1.9284376868206   0.00146908686103221   0.00950232661497179     0.090578001749634   -0.0116594733759565
 0.000336429604455412 -0.000884583575619462   -0.0160130213749028    0.0100005992309471  -0.00381583873584448   0.00146908686103221       1.9330079812351    0.0631141066475202   -0.0190109052230993    0.0695784952964076
-9.28257047002052e-05  0.000761609946451277    0.0202518720743371    -0.014767044861149    0.0314747829313004   0.00950232661497179    0.0631141066475202    0.0865990333511953  0.000200951484959795   0.00197642941724441
 2.81275575002735e-05 -0.000228371627382855  -0.00603881704793048   0.00446210960019473    0.0285734388396489     0.090578001749634   -0.0190109052230993  0.000200951484959795    0.0886443353092061 -0.000342676436992111
 -0.00411774929206863   0.00250457412336266   -0.0749642043376672    0.0224957379252616     0.041138933369962   -0.0116594733759565    0.0695784952964076   0.00197642941724441 -0.000342676436992111    0.0315108059205731
TOTAL ENERGY: -127.381533647099	 lambda: -0.1	 population of target: 6.24178992024364
1RDM: 
     1.99998628029176  7.89852827205828e-06 -0.000144365474191102  0.000202550606680821  1.37519038057245e-05 -4.07431424966064e-06  0.000249526291641667 -2.82093330408774e-05  8.57083946731505e-06  -0.00209369797446889
 7.89852827205828e-06      1.99998276877727   -0.0002204517760809  3.95210092003186e-05  0.000136518663038264 -3.73024351937299e-05 -0.000857835420227339  0.000233428409183564 -6.93896728712793e-05   0.00141167354388265
-0.000144365474191102   -0.0002204517760809      1.98676216652072   0.00370855811038552   0.00826364204304371  -0.00230620174604268   -0.0180539067915473    0.0062521377763166  -0.00183031795418837    -0.041501214551671
 0.000202550606680821  3.95210092003186e-05   0.00370855811038552      1.97894887800314   0.00223490229284601 -0.000661484990334923    0.0116700295680333  -0.00447741871868166   0.00136069309675164  -0.00435704477253822
 1.37519038057245e-05  0.000136518663038264   0.00826364204304371   0.00223490229284601      1.96925050956418   -0.0130803734863923  -0.00317134040756993     0.027588215006961    0.0156719083110576    0.0371559348083109
-4.07431424966064e-06 -3.73024351937299e-05  -0.00230620174604268 -0.000661484990334923   -0.0130803734863923      1.92730494315459   0.00101724722896154  -0.00416807332206287    0.0450770506309537   -0.0105355679569043
 0.000249526291641667 -0.000857835420227339   -0.0180539067915473    0.0116700295680333  -0.00317134040756993   0.00101724722896154      1.93192263205075    0.0191881938877168  -0.00579208476166833    0.0526432729190576
-2.82093330408774e-05  0.000233428409183564    0.0062521377763166  -0.00447741871868166     0.027588215006961  -0.00416807332206287    0.0191881938877168    0.0881698062223683  6.19496401621358e-05  0.000977699335859119
 8.57083946731505e-06 -6.93896728712793e-05  -0.00183031795418837   0.00136069309675164    0.0156719083110576    0.0450770506309537  -0.00579208476166833  6.19496401621358e-05    0.0887851489094271 -6.66045070074333e-05
 -0.00209369797446889   0.00141167354388265    -0.041501214551671  -0.00435704477253822    0.0371559348083109   -0.0105355679569043    0.0526432729190576  0.000977699335859119 -6.66045070074333e-05    0.0288868665058222
TOTAL ENERGY: -127.389914884915	 lambda: 0	 population of target: 6.40949416531205
1RDM: 
     1.99998811447899  6.36022506094059e-06 -0.000123481697325454  0.000175333450131166  2.10657483794045e-08  2.11364484935788e-07  0.000199855166498256   3.5492148992608e-05 -1.06774927882153e-05 -5.45021372890559e-05
 6.36022506094059e-06       1.9999835083139 -0.000253809076556211  7.03940288718955e-05  0.000146231085696176 -4.32429842838996e-05 -0.000872198928882959 -0.000286687595584216  8.71438911794039e-05  0.000299383789327608
-0.000123481697325454 -0.000253809076556211      1.98647227855214   0.00389405535368781   0.00781844616330607   -0.0022642998834876    -0.020127601459199  -0.00753128097097222   0.00231362319880702  -0.00739542628955712
 0.000175333450131166  7.03940288718955e-05   0.00389405535368781      1.97921376326735    0.0012795921933095 -0.000328412284085676      0.01333742339901    0.0056538244695071  -0.00169308650383881   -0.0312184905546443
 2.10657483794045e-08  0.000146231085696176   0.00781844616330607    0.0012795921933095      1.97000484865989   -0.0139637111450635   -0.0025596655832052    0.0237307491103122    0.0029473653449093    0.0329849486898109
 2.11364484935788e-07 -4.32429842838996e-05   -0.0022642998834876 -0.000328412284085676   -0.0139637111450635      1.92415105060961  0.000578851684661433    -0.017612805881218  0.000212721347630864  -0.00935825757002396
 0.000199855166498256 -0.000872198928882959    -0.020127601459199      0.01333742339901   -0.0025596655832052  0.000578851684661433        1.928688778967   -0.0240630193539674   0.00722355485757735    0.0354126082066775
  3.5492148992608e-05 -0.000286687595584216  -0.00753128097097222    0.0056538244695071    0.0237307491103122    -0.017612805881218   -0.0240630193539674    0.0920129691412316  -7.4868485043195e-05 -9.48536990532458e-06
-1.06774927882153e-05  8.71438911794039e-05   0.00231362319880702  -0.00169308650383881    0.0029473653449093  0.000212721347630864   0.00722355485757735  -7.4868485043195e-05    0.0912198577462607  0.000204842901998502
-5.45021372890559e-05  0.000299383789327608  -0.00739542628955712   -0.0312184905546443    0.0329849486898109  -0.00935825757002396    0.0354126082066775 -9.48536990532458e-06  0.000204842901998502    0.0282648302636813
TOTAL ENERGY: -127.381517120471	 lambda: 0.1	 population of target: 6.57744474364189
1RDM: 
     1.99998569127789  7.18401824769288e-06 -0.000173768357575001  0.000201602163407862 -8.08421345412614e-06  2.89483877243382e-06  0.000188025524483165  9.81857371245334e-05 -2.95881544870965e-05   0.00199128338280486
 7.18401824769288e-06       1.9999827309593 -0.000253821938981636  7.56089070339594e-05  0.000152220605656593 -4.80731244245468e-05 -0.000925724426031968 -0.000797956927388885  0.000240993182453102 -0.000827543199668632
-0.000173768357575001 -0.000253821938981636      1.98476988607775   0.00506146485740254   0.00746577258891337  -0.00224719533739213   -0.0221372024165361   -0.0210775223540687   0.00638677663161406    0.0271871265549643
 0.000201602163407862  7.56089070339594e-05   0.00506146485740254       1.9786301334998  0.000322202629013567  4.18678262139769e-06    0.0149372817665964    0.0156114057395759  -0.00469463431547487   -0.0579852060730388
-8.08421345412614e-06  0.000152220605656593   0.00746577258891337  0.000322202629013567      1.97058906150413   -0.0153487831368494  -0.00198177747086869     0.019911193062311  -0.00957872990231592    0.0285110605797198
 2.89483877243382e-06 -4.80731244245468e-05  -0.00224719533739213  4.18678262139769e-06   -0.0153487831368494      1.91921815137357  0.000154572146422232   -0.0308132374409703    -0.043940532112716   -0.0080949421782785
 0.000188025524483165 -0.000925724426031968   -0.0221372024165361    0.0149372817665964  -0.00198177747086869  0.000154572146422232      1.92352295062195   -0.0665744128392014    0.0200164169489578    0.0179678274975203
 9.81857371245334e-05 -0.000797956927388885   -0.0210775223540687    0.0156114057395759     0.019911193062311   -0.0308132374409703   -0.0665744128392014    0.0978851156067758 -0.000209302410656684 -0.000985487887535509
-2.95881544870965e-05  0.000240993182453102   0.00638677663161406  -0.00469463431547487  -0.00957872990231592    -0.043940532112716    0.0200164169489578 -0.000209302410656684    0.0957072336844529  0.000471071311467181
  0.00199128338280486 -0.000827543199668632    0.0271871265549643   -0.0579852060730388    0.0285110605797198   -0.0080949421782785    0.0179678274975203 -0.000985487887535509  0.000471071311467181    0.0297090453944041
TOTAL ENERGY: -127.356349335757	 lambda: 0.2	 population of target: 6.74524707092176
1RDM: 
     1.99997900029594  1.04080831096357e-05 -0.000296433176267132  0.000281298739405386 -9.96715411505797e-06  3.80702969468984e-06  0.000214165594062872  0.000159909612424898 -4.81689802393574e-05   0.00403439991446267
 1.04080831096357e-05      1.99998042783706 -0.000218272250964439  5.41663395630917e-05  0.000154206564829862  -5.1714706650421e-05  -0.00101587597606881   -0.0013006201918317  0.000392228891536897  -0.00196419250279925
-0.000296433176267132 -0.000218272250964439      1.98164306213576   0.00719187716740934   0.00721962086978381  -0.00225889701897091   -0.0239844454280458   -0.0343926317158494     0.010391047935545    0.0620547212657192
 0.000281298739405386  5.41663395630917e-05   0.00719187716740934      1.97719488255205 -0.000650975396624343  0.000340228422890947    0.0164022734531558    0.0253997257301141   -0.0076453576429002   -0.0845263158824582
-9.96715411505797e-06  0.000154206564829862   0.00721962086978381 -0.000650975396624343      1.97100581546078   -0.0171516250813787  -0.00144372584744413    0.0161312376500878   -0.0219094570344062    0.0236712753765422
 3.80702969468984e-06  -5.1714706650421e-05  -0.00225889701897091  0.000340228422890947   -0.0171516250813787      1.91278067290018 -0.000253995776387321   -0.0437773436977733   -0.0873949805357949  -0.00672775779905222
 0.000214165594062872  -0.00101587597606881   -0.0239844454280458    0.0164022734531558  -0.00144372584744413 -0.000253995776387321      1.91667376310973    -0.108365730080887    0.0325924040595519  0.000405890684402193
 0.000159909612424898   -0.0013006201918317   -0.0343926317158494    0.0253997257301141    0.0161312376500878   -0.0437773436977733    -0.108365730080887      0.10550603463823 -0.000341421526472719  -0.00195168908943359
-4.81689802393574e-05  0.000392228891536897     0.010391047935545   -0.0076453576429002   -0.0219094570344062   -0.0873949805357949    0.0325924040595519 -0.000341421526472719     0.101966494114055  0.000732110411536246
  0.00403439991446267  -0.00196419250279925    0.0620547212657192   -0.0845263158824582    0.0236712753765422  -0.00672775779905222  0.000405890684402193  -0.00195168908943359  0.000732110411536246    0.0332698469562819
TOTAL ENERGY: -127.31450789316	 lambda: 0.3	 population of target: 6.91262998254639
1RDM: 
     1.99996808496173  1.60440046417458e-05 -0.000491582202496754  0.000413507442942961 -4.94639861844783e-06  2.75571191227895e-06  0.000277908544532809   0.00022084100895395 -6.64691123541338e-05   0.00606504332450743
 1.60440046417458e-05      1.99997659960896 -0.000145594078058348  5.58299436504562e-06  0.000151892448862913   -5.409195927932e-05  -0.00114015498104502   -0.0017960405075248   0.00054125925592257  -0.00310562603732522
-0.000491582202496754 -0.000145594078058348      1.97709917882199     0.010253336673212   0.00709403619562407  -0.00230360826937268   -0.0255894301364059   -0.0475123684634916    0.0143372812759183    0.0969918572718598
 0.000413507442942961  5.58299436504562e-06     0.010253336673212      1.97491976374786  -0.00166089031149139  0.000685816875181579    0.0176791130381815    0.0350449588878443   -0.0105532581985195    -0.110677614616202
-4.94639861844783e-06  0.000151892448862913   0.00709403619562407  -0.00166089031149139      1.97125375882486   -0.0192943449345621 -0.000953558997592055     0.012383958387533   -0.0340755223074199    0.0184771679532377
 2.75571191227895e-06   -5.409195927932e-05  -0.00230360826937268  0.000685816875181579   -0.0192943449345621      1.90508708291711 -0.000645261100611223   -0.0565419601127211    -0.130260188055942  -0.00526000191364747
 0.000277908544532809  -0.00114015498104502   -0.0255894301364059    0.0176791130381815 -0.000953558997592055 -0.000645261100611223      1.90836826285242    -0.149550059728604    0.0449854902689467   -0.0171608460320514
  0.00022084100895395   -0.0017960405075248   -0.0475123684634916    0.0350449588878443     0.012383958387533   -0.0565419601127211    -0.149550059728604     0.114621121661166 -0.000471589432046888  -0.00291032392373343
-6.64691123541338e-05   0.00054125925592257    0.0143372812759183   -0.0105532581985195   -0.0340755223074199    -0.130260188055942    0.0449854902689467 -0.000471589432046888     0.109739422903965  0.000988703523689782
  0.00606504332450743  -0.00310562603732522    0.0969918572718598    -0.110677614616202    0.0184771679532377  -0.00526000191364747   -0.0171608460320514  -0.00291032392373343  0.000988703523689782    0.0389667237000073
TOTAL ENERGY: -127.256127938	 lambda: 0.4	 population of target: 7.07944439836724
1RDM: 
     1.99995304322278  2.40777383479443e-05 -0.000758128653063611  0.000596291888174147  7.42063275799431e-06 -3.82968506339502e-07  0.000378413268984119   0.00028126016178051 -8.45701590489776e-05   0.00807325149242848
 2.40777383479443e-05      1.99997124826393 -3.51164259614162e-05 -6.98831293929024e-05  0.000145111488099838 -5.51712230323327e-05  -0.00129675134882899  -0.00228644674377865  0.000688753786571557  -0.00424701482278403
-0.000758128653063611 -3.51164259614162e-05      1.97116185097579    0.0142022085612031   0.00709649227305148  -0.00238380996715736   -0.0269102798601493   -0.0604955739350306    0.0182432238468565     0.131768126610036
 0.000596291888174147 -6.98831293929024e-05    0.0142022085612031       1.9718344405184   -0.0027281182682005   0.00104705383810267    0.0187442698006067    0.0445902058602206   -0.0134314289319285    -0.136247964935373
 7.42063275799431e-06  0.000145111488099838   0.00709649227305148   -0.0027281182682005      1.97132857385915   -0.0217242252227231 -0.000517711812749503   0.00865492600183403   -0.0461296611754876    0.0130140462895759
-3.82968506339502e-07 -5.51712230323327e-05  -0.00238380996715736   0.00104705383810267   -0.0217242252227231      1.89629951664939  -0.00101853296016697   -0.0691657808344482    -0.172722943264778   -0.0037158930207122
 0.000378413268984119  -0.00129675134882899   -0.0269102798601493    0.0187442698006067 -0.000517711812749503  -0.00101853296016697      1.89875678221612    -0.190312626517959    0.0572513572197106   -0.0346100075444892
  0.00028126016178051  -0.00228644674377865   -0.0604955739350306    0.0445902058602206   0.00865492600183403   -0.0691657808344482    -0.190312626517959      0.12506611821284 -0.000600396327301215  -0.00386404244378626
-8.45701590489776e-05  0.000688753786571557    0.0182432238468565   -0.0134314289319285   -0.0461296611754876    -0.172722943264778    0.0572513572197106 -0.000600396327301215     0.118855777966047   0.00124217016217275
  0.00807325149242848  -0.00424701482278403     0.131768126610036    -0.136247964935373    0.0130140462895759   -0.0037158930207122   -0.0346100075444892  -0.00386404244378626   0.00124217016217275    0.0467726481155643
TOTAL ENERGY: -127.181350861822	 lambda: 0.5	 population of target: 7.24562767186817
1RDM: 
     1.99993402378444  3.44715783207748e-05  -0.00109380870010018  0.000826670957601726  2.71257532277899e-05 -5.60475778552991e-06  0.000514419308166882  0.000341481245047784   -0.0001025666780209    0.0100494192921082
 3.44715783207748e-05      1.99996437114217  0.000112792822030229 -0.000171103413962553  0.000133930828775109 -5.49871899133715e-05  -0.00148500574014481  -0.00277439593156162  0.000835482180758387  -0.00538377596495137
 -0.00109380870010018  0.000112792822030229      1.96386755922711    0.0189857094404984   0.00722336583486206    -0.002498889611607   -0.0279561115661041   -0.0734100397452044    0.0221292475465953     0.166152484691203
 0.000826670957601726 -0.000171103413962553    0.0189857094404984      1.96798661258378  -0.00386678309019757   0.00142824940927413    0.0196140874118092    0.0540851385874116   -0.0162949014931035    -0.161035252870934
 2.71257532277899e-05  0.000133930828775109   0.00722336583486206  -0.00386678309019757      1.97122464613586   -0.0244276305672459 -0.000138271915950686   0.00492559803335755   -0.0581339893157683   0.00741788214035881
-5.60475778552991e-06 -5.49871899133715e-05    -0.002498889611607   0.00142824940927413   -0.0244276305672459      1.88645143679987  -0.00137452135697497    -0.081715185221668    -0.215002410019572   -0.0021340238982648
 0.000514419308166882  -0.00148500574014481   -0.0279561115661041    0.0196140874118092 -0.000138271915950686  -0.00137452135697497       1.8878746274232    -0.230866164221099    0.0694539924747958   -0.0518182458208808
 0.000341481245047784  -0.00277439593156162   -0.0734100397452044    0.0540851385874116   0.00492559803335755    -0.081715185221668    -0.230866164221099     0.136812207556334 -0.000728516680309471  -0.00481531067391292
  -0.0001025666780209  0.000835482180758387    0.0221292475465953   -0.0162949014931035   -0.0581339893157683    -0.215002410019572    0.0694539924747958 -0.000728516680309471     0.129279833615639   0.00149408493822641
   0.0100494192921082  -0.00538377596495137     0.166152484691203    -0.161035252870934   0.00741788214035881   -0.0021340238982648   -0.0518182458208808  -0.00481531067391292   0.00149408493822641    0.0566046817316355
TOTAL ENERGY: -127.09032187356	 lambda: 0.6	 population of target: 7.41114535205822
1RDM: 
     1.99991121875236  4.71668235792975e-05  -0.00149531142607943   0.00110074726738352  5.36960455259652e-05 -1.27738575598517e-05  0.000684322653592128  0.000401770978054563 -0.000120541820231038    0.0119848188470043
 4.71668235792975e-05      1.99995595894456  0.000296736438422086 -0.000296097526298181  0.000118658162113916 -5.36407921580163e-05   -0.0017055400414095   -0.0032621134713385    0.0009821158507885  -0.00651171891619144
 -0.00149531142607943  0.000296736438422086      1.95526281692282    0.0245451626457045   0.00745927134251923   -0.0026448445356355   -0.0287890751388587   -0.0863150533248204    0.0260130957573689     0.199930275793638
  0.00110074726738352 -0.000296097526298181    0.0245451626457045      1.96343949744694  -0.00508183453855569   0.00183107550142509    0.0203460559863062    0.0635731702283252   -0.0191567643452619    -0.184846947610882
 5.36960455259652e-05  0.000118658162113916   0.00745927134251923  -0.00508183453855569       1.9709377245317   -0.0274345580991039    0.0001879325646045   0.00117809555185348   -0.0701439880201058   0.00183652037344001
-1.27738575598517e-05 -5.36407921580163e-05   -0.0026448445356355   0.00183107550142509   -0.0274345580991039      1.87543685523784  -0.00171526120291702   -0.0942471161330887    -0.257293699867533 -0.000556349242907893
 0.000684322653592128   -0.0017055400414095   -0.0287890751388587    0.0203460559863062    0.0001879325646045  -0.00171526120291702       1.8756327562168    -0.271396057922941     0.081649189366084   -0.0686716946965208
 0.000401770978054563   -0.0032621134713385   -0.0863150533248204    0.0635731702283252   0.00117809555185348   -0.0942471161330887    -0.271396057922941      0.14997683156997 -0.000856534454694253  -0.00576583107450634
-0.000120541820231038    0.0009821158507885    0.0260130957573689   -0.0191567643452619   -0.0701439880201058    -0.257293699867533     0.081649189366084 -0.000856534454694253     0.141122973612529   0.00174586541608259
   0.0119848188470043  -0.00651171891619144     0.199930275793638    -0.184846947610882   0.00183652037344001 -0.000556349242907893   -0.0686716946965208  -0.00576583107450634   0.00174586541608259    0.0683233667645532
TOTAL ENERGY: -126.983218825127	 lambda: 0.7	 population of target: 7.57592940302965
1RDM: 
     1.99988485397707  6.20870466254603e-05  -0.00195851103778296   0.00141396167546447  8.64088292477372e-05  -2.1684308977242e-05  0.000886259612197752  0.000462278809471333 -0.000138544953556359    0.0138720280121189
 6.20870466254603e-05      1.99994599794218   0.00051446797546696 -0.000442210386054531  9.97197529028019e-05 -5.12609175220684e-05  -0.00196002252705014  -0.00375089915040461   0.00112904844145425  -0.00762718854551672
 -0.00195851103778296   0.00051446797546696      1.94540208030399    0.0308194382512166   0.00778123730444209  -0.00281537206800893   -0.0295144760902133   -0.0992455576341038    0.0299051406978037     0.232919548248522
  0.00141396167546447 -0.000442210386054531    0.0308194382512166      1.95826752311324   -0.0063705339475439   0.00225490959973216    0.0210306914836251    0.0730798167902425   -0.0220246795171082    -0.207520229142323
