TOTAL ENERGY: -126.699684569024	 lambda: -1	 population of target: 5.21314029868348
1RDM: 
     1.99998248763607 -1.00579565090421e-05 -0.000910080929110302  0.000836752765883498 -0.000356048786160168  4.49082872978863e-16   7.6916661922963e-16  1.35703363196358e-14 -7.38636215787416e-15   0.00466244061222284
-1.00579565090421e-05      1.99998978508831 -0.000530940764067183  0.000473978277540522  6.16151751252248e-05  2.31878659725472e-15  3.55783350356716e-15  2.01835487314719e-14 -1.14411281983791e-14    0.0033132094673754
-0.000910080929110302 -0.000530940764067183      1.93529423951188    0.0272064367875439   -0.0401762629591251  -2.5070913935137e-13 -4.23826424069451e-13 -8.99961254359278e-13  4.73999498648951e-13     0.318545317880102
 0.000836752765883498  0.000473978277540522    0.0272064367875439      1.94045962350955   -0.0015114320836441 -2.09837993812572e-13 -3.61009058491344e-13 -1.23507775674752e-12  6.43507418075868e-13    -0.136537815617922
-0.000356048786160168  6.16151751252248e-05   -0.0401762629591251   -0.0015114320836441      1.92696531484848  5.03482248579679e-13  8.30327513727681e-13  5.82119980328974e-12  -3.1942461260914e-12    0.0968591799431647
 4.49082872978863e-16  2.31878659725472e-15  -2.5070913935137e-13 -2.09837993812572e-13  5.03482248579679e-13      1.89154207332472 -1.08126671479381e-14  -0.00869295703868709     0.122118696719663   5.3826036527712e-13
  7.6916661922963e-16  3.55783350356716e-15 -4.23826424069451e-13 -3.61009058491344e-13  8.30327513727681e-13 -1.08126671479381e-14       1.8915420733245    -0.122118696721329  -0.00869295703865971   8.9379290632935e-13
 1.35703363196358e-14  2.01835487314719e-14 -8.99961254359278e-13 -1.23507775674752e-12  5.82119980328974e-12  -0.00869295703868709    -0.122118696721329     0.133675843501608  5.57985188880491e-15  5.46711072752191e-13
-7.38636215787416e-15 -1.14411281983791e-14  4.73999498648951e-13  6.43507418075868e-13  -3.1942461260914e-12     0.122118696719663  -0.00869295703865971  5.57985188880491e-15     0.133675843501384 -2.95525077185219e-13
  0.00466244061222284    0.0033132094673754     0.318545317880102    -0.136537815617922    0.0968591799431647   5.3826036527712e-13   8.9379290632935e-13  5.46711072752191e-13 -2.95525077185219e-13       0.1468727157535
TOTAL ENERGY: -126.817731588144	 lambda: -0.9	 population of target: 5.33742073969532
1RDM: 
     1.99998393644279 -8.82588698209016e-06 -0.000818791957091476  0.000752626471055922 -0.000331781541160866 -2.36398530095441e-15 -3.94906812942873e-15 -4.20840035954742e-15  2.16321368165797e-15   0.00441210492653773
-8.82588698209016e-06      1.99999091044715 -0.000460113960295164  0.000409923892916449  6.56847347496184e-05 -1.97303916114701e-15 -3.64892032539853e-15 -8.51922875961427e-15  4.13371792672683e-15   0.00305874092016711
-0.000818791957091476 -0.000460113960295164      1.94168300623316    0.0228955579964682   -0.0376456255287385 -2.81452668400395e-14  -5.0679586428246e-14  7.89472104596549e-13 -4.34714802854861e-13     0.298328552928323
 0.000752626471055922  0.000409923892916449    0.0228955579964682      1.94562600706735  -0.00221586054036706  2.40201081581916e-13  3.95616272613289e-13   1.4636057256694e-12 -8.12158478436675e-13    -0.121263872623872
-0.000331781541160866  6.56847347496184e-05   -0.0376456255287385  -0.00221586054036706      1.92935951107246 -1.77295066205165e-13 -3.01568821019303e-13 -3.15713291376558e-13   1.1487792907915e-13    0.0850892391564766
-2.36398530095441e-15 -1.97303916114701e-15 -2.81452668400395e-14  2.40201081581916e-13 -1.77295066205165e-13      1.87814487620429 -7.92196542590118e-15  -0.00701498302951961    0.0716654621470246  5.22465134079999e-13
-3.94906812942873e-15 -3.64892032539853e-15  -5.0679586428246e-14  3.95616272613289e-13 -3.01568821019303e-13 -7.92196542590118e-15      1.87814487620415   -0.0716654621486197  -0.00701498302948742  8.74556461831108e-13
-4.20840035954742e-15 -8.51922875961427e-15  7.89472104596549e-13   1.4636057256694e-12 -3.15713291376558e-13  -0.00701498302951961   -0.0716654621486197     0.145423006116864  5.20452715990409e-15 -3.58024838346254e-13
 2.16321368165797e-15  4.13371792672683e-15 -4.34714802854861e-13 -8.12158478436675e-13   1.1487792907915e-13    0.0716654621470246  -0.00701498302948742  5.20452715990409e-15     0.145423006116728  1.92718601104039e-13
  0.00441210492653773   0.00305874092016711     0.298328552928323    -0.121263872623872    0.0850892391564766  5.22465134079999e-13  8.74556461831108e-13 -3.58024838346254e-13  1.92718601104039e-13     0.136220864095129
TOTAL ENERGY: -126.925456136814	 lambda: -0.8	 population of target: 5.46417879596707
1RDM: 
     1.99998534568006 -7.67743910285916e-06 -0.000730849588097861  0.000670287255829513 -0.000308979618431547 -2.12334218796476e-15 -3.50563668377298e-15 -4.12867101233523e-15  2.23452392717333e-15   0.00413693878405072
-7.67743910285916e-06      1.99999193703977 -0.000395874209281969  0.000350066179829688  6.99672567078644e-05 -1.59640531710952e-15 -3.00148708590859e-15 -6.91499282972396e-15  3.48136579679866e-15   0.00281386660791207
-0.000730849588097861 -0.000395874209281969      1.94777508997159    0.0187927960071433   -0.0353114636062274 -3.30762096047061e-14 -6.19617371169975e-14  7.09009478315723e-13 -3.99207494022596e-13     0.275947135476759
 0.000670287255829513  0.000350066179829688    0.0187927960071433      1.95068210861641  -0.00275195104578619  2.04709502340048e-13  3.32014514189688e-13  1.23472919855489e-12 -6.99134241295725e-13    -0.104506434542052
-0.000308979618431547  6.99672567078644e-05   -0.0353114636062274  -0.00275195104578619      1.93046100983477 -1.44284342077989e-13 -2.34817390725617e-13 -1.97553325709121e-13  8.38262201182932e-14    0.0680219431903879
-2.12334218796476e-15 -1.59640531710952e-15 -3.30762096047061e-14  2.04709502340048e-13 -1.44284342077989e-13      1.86308916049371  -5.4781932127402e-15  -0.00544289973538864    0.0248188267325578  4.88595996319735e-13
-3.50563668377298e-15 -3.00148708590859e-15 -6.19617371169975e-14  3.32014514189688e-13 -2.34817390725617e-13  -5.4781932127402e-15      1.86308916049371   -0.0248188267342979  -0.00544289973536019  8.18422419392366e-13
-4.12867101233523e-15 -6.91499282972396e-15  7.09009478315723e-13  1.23472919855489e-12 -1.97553325709121e-13  -0.00544289973538864   -0.0248188267342979     0.158864973426904  4.37786520150877e-15 -3.08474191341455e-13
 2.23452392717333e-15  3.48136579679866e-15 -3.99207494022596e-13 -6.99134241295725e-13  8.38262201182932e-14    0.0248188267325578  -0.00544289973536019  4.37786520150877e-15     0.158864973426897  1.70763445522462e-13
  0.00413693878405072   0.00281386660791207     0.275947135476759    -0.104506434542052    0.0680219431903879  4.88595996319735e-13  8.18422419392366e-13 -3.08474191341455e-13  1.70763445522462e-13     0.127196241016202
TOTAL ENERGY: -127.021778914573	 lambda: -0.7	 population of target: 5.59261851055499
1RDM: 
     1.99998664564643 -6.61155023050856e-06 -0.000651899938533683  0.000593588137429569 -0.000299506356445112 -5.31130673866718e-17 -2.42839659995602e-16  1.17169182606534e-14 -6.79146586627702e-15   0.00384651601456691
-6.61155023050856e-06      1.99999285839989 -0.000338092696335783  0.000294300067565031  7.45770708644671e-05  1.35884581254988e-15  1.64018581711405e-15  1.20061372788006e-14 -7.26713181657164e-15   0.00257731761324309
-0.000651899938533683 -0.000338092696335783        1.953109198143    0.0151900706085534   -0.0340676667905003 -1.80518184492413e-13 -2.93832858446595e-13 -6.84087337400814e-13   3.9738721596526e-13     0.252359459210501
 0.000593588137429569  0.000294300067565031    0.0151900706085534       1.9553995937732  -0.00249753376668852 -1.09544702643433e-13 -1.68019047407553e-13 -4.40793740533297e-13  2.59389836347764e-13   -0.0866033929955402
-0.000299506356445112  7.45770708644671e-05   -0.0340676667905003  -0.00249753376668852       1.9288642284973  2.94840167996781e-13  4.52409476131985e-13  4.59596193708893e-12 -2.66090532542311e-12    0.0485833183132608
-5.31130673866718e-17  1.35884581254988e-15 -1.80518184492413e-13 -1.09544702643433e-13  2.94840167996781e-13      1.84630065569955  5.72094785506463e-16  -0.00394380716660562   -0.0194428886747502  3.98034440394037e-13
-2.42839659995602e-16  1.64018581711405e-15 -2.93832858446595e-13 -1.68019047407553e-13  4.52409476131985e-13  5.72094785506463e-16       1.8463006556996    0.0194428886731655  -0.00394380716655329   6.6993307453738e-13
 1.17169182606534e-14  1.20061372788006e-14 -6.84087337400814e-13 -4.40793740533297e-13  4.59596193708893e-12  -0.00394380716660562    0.0194428886731655      0.17404131549614  7.57322571244185e-15  2.64870873993425e-13
-6.79146586627702e-15 -7.26713181657164e-15   3.9738721596526e-13  2.59389836347764e-13 -2.66090532542311e-12   -0.0194428886747502  -0.00394380716655329  7.57322571244185e-15     0.174041315496182 -1.55452757869346e-13
  0.00384651601456691   0.00257731761324309     0.252359459210501   -0.0866033929955402    0.0485833183132608  3.98034440394037e-13   6.6993307453738e-13  2.64870873993425e-13 -1.55452757869346e-13     0.121963533148762
TOTAL ENERGY: -127.105203361302	 lambda: -0.6	 population of target: 5.72095122193125
1RDM: 
     1.99998781189017 -5.61889105467013e-06 -0.000584152115462872  0.000524742928542342  -0.00030773322785837 -5.94451362739769e-16 -1.12513174802177e-15  6.82307662767844e-15  -4.1407562250445e-15   0.00355406811803243
-5.61889105467013e-06      1.99999368093281 -0.000286171169806255  0.000243068215516589  7.84158444172249e-05  6.27144543444433e-16  3.98708847843097e-16  6.06836251738207e-15 -3.92106384601886e-15   0.00234201958505593
-0.000584152115462872 -0.000286171169806255      1.95749739792083    0.0122367554695938   -0.0341929225794749 -1.31344805988151e-13 -2.13090341904009e-13 -3.03336891710271e-13  1.91424768925129e-13     0.228856616009347
 0.000524742928542342  0.000243068215516589    0.0122367554695938      1.95964132066558   -0.0012768760496161 -2.52680546896819e-14  -2.7692057836991e-14  5.05706792693942e-14  -1.2844575604658e-14    -0.068440581491172
 -0.00030773322785837  7.84158444172249e-05   -0.0341929225794749   -0.0012768760496161      1.92472245935252   1.5563897469756e-13  2.29578294392347e-13  3.04850941274327e-12 -1.81656798815823e-12    0.0306093812688757
-5.94451362739769e-16  6.27144543444433e-16 -1.31344805988151e-13 -2.52680546896819e-14   1.5563897469756e-13      1.82732804425147 -2.76395625806185e-15  -0.00248190304510102   -0.0621676800222905  3.70694212243596e-13
-1.12513174802177e-15  3.98708847843097e-16 -2.13090341904009e-13  -2.7692057836991e-14  2.29578294392347e-13 -2.76395625806185e-15      1.82732804425157    0.0621676800206617  -0.00248190304507594  6.27146791557261e-13
 6.82307662767844e-15  6.06836251738207e-15 -3.03336891710271e-13  5.05706792693942e-14  3.04850941274327e-12  -0.00248190304510102    0.0621676800206617     0.191369886811648  2.88703105366753e-15  7.91634400384156e-14
 -4.1407562250445e-15 -3.92106384601886e-15  1.91424768925129e-13  -1.2844575604658e-14 -1.81656798815823e-12   -0.0621676800222905  -0.00248190304507594  2.88703105366753e-15     0.191369886811751 -5.26228802005137e-14
  0.00355406811803243   0.00234201958505593     0.228856616009347    -0.068440581491172    0.0306093812688757  3.70694212243596e-13  6.27146791557261e-13  7.91634400384156e-14 -5.26228802005137e-14     0.120761467111677
TOTAL ENERGY: -127.175022624488	 lambda: -0.5	 population of target: 5.84787078511833
1RDM: 
     1.99998887531075 -4.68931539356018e-06 -0.000525612764983748  0.000463002356377024  -0.00032890109643873 -4.20282010048292e-15 -6.97838923983529e-15  -3.3545512891963e-14  1.79389090155509e-14   0.00326952221499136
-4.68931539356018e-06      1.99999441350943  -0.00023961826851749  0.000196945879907286  7.97385263071745e-05 -4.63149189522388e-15 -8.32926086014526e-15 -3.16341540807501e-14  1.69155523578832e-14   0.00209770442450188
-0.000525612764983748  -0.00023961826851749      1.96108272912971   0.00985894975019715   -0.0352679231924094  1.70400907089373e-13  2.79815663140606e-13  2.86944359613046e-12 -1.54889583380447e-12     0.206368645743988
 0.000463002356377024  0.000196945879907286   0.00985894975019715      1.96345193505261  0.000573992772914324  5.75893388094173e-13  9.75968065360486e-13  2.85685212553749e-12 -1.56022512826713e-12   -0.0509284685380781
 -0.00032890109643873  7.97385263071745e-05   -0.0352679231924094  0.000573992772914324      1.91956793502044  -6.3249002808962e-13 -1.03791325858654e-12 -8.03496676143409e-12  4.27673927984055e-12    0.0169885299166813
-4.20282010048292e-15 -4.63149189522388e-15  1.70400907089373e-13  5.75893388094173e-13  -6.3249002808962e-13      1.80558347554442  -8.7500172242654e-17  -0.00102553211451521    -0.104249819739251  4.77741435469905e-13
-6.97838923983529e-15 -8.32926086014526e-15  2.79815663140606e-13  9.75968065360486e-13 -1.03791325858654e-12  -8.7500172242654e-17      1.80558347554468      0.10424981973764  -0.00102553211449191  8.07468547090432e-13
 -3.3545512891963e-14 -3.16341540807501e-14  2.86944359613046e-12  2.85685212553749e-12 -8.03496676143409e-12  -0.00102553211451521      0.10424981973764      0.21141068569202  5.98970193070169e-16  -1.0814556189453e-12
 1.79389090155509e-14  1.69155523578832e-14 -1.54889583380447e-12 -1.56022512826713e-12  4.27673927984055e-12    -0.104249819739251  -0.00102553211449191  5.98970193070169e-16     0.211410685692277   5.8227341792753e-13
  0.00326952221499136   0.00209770442450188     0.206368645743988   -0.0509284685380781    0.0169885299166813  4.77741435469905e-13  8.07468547090432e-13  -1.0814556189453e-12   5.8227341792753e-13     0.121925789503654
TOTAL ENERGY: -127.231598711457	 lambda: -0.4	 population of target: 5.97358438921911
1RDM: 
     1.99998989982867 -3.82226113370438e-06 -0.000471945237832541  0.000405236274895048 -0.000352885076503857  -6.2914341141342e-16 -9.28320301024793e-16  7.79364217758053e-15 -3.65338525384195e-15   0.00299424235929401
-3.82226113370438e-06      1.99999505786614 -0.000198844557209681  0.000156382122229318  7.61250164760203e-05  7.09616683022233e-16  8.08701798799152e-16   6.2241652542277e-15 -2.92394685134832e-15   0.00183468676676858
-0.000471945237832541 -0.000198844557209681      1.96417778264098   0.00782598807725875   -0.0365261801678609 -1.18278690815821e-13 -2.12625965052066e-13 -4.44724948685812e-13   1.9130642819594e-13     0.185009544301812
 0.000405236274895048  0.000156382122229318   0.00782598807725875      1.96702841043864   0.00243855531891583 -1.44977287023255e-14 -5.17725268932869e-14  1.52549987927843e-14 -6.19451375195251e-14   -0.0345106784167245
-0.000352885076503857  7.61250164760203e-05   -0.0365261801678609   0.00243855531891583      1.91536760127715  1.24787434896624e-13  2.39086071531182e-13  3.11456210027416e-12 -1.58413063407897e-12   0.00846498710903602
 -6.2914341141342e-16  7.09616683022233e-16 -1.18278690815821e-13 -1.44977287023255e-14  1.24787434896624e-13      1.78031374987321  1.64779174245376e-14  0.000440818105399707    -0.146047911373822  2.99753654040051e-13
-9.28320301024793e-16  8.08701798799152e-16 -2.12625965052066e-13 -5.17725268932869e-14  2.39086071531182e-13  1.64779174245376e-14      1.78031374987355     0.146047911372257  0.000440818105470415   5.0203426476807e-13
 7.79364217758053e-15   6.2241652542277e-15 -4.44724948685812e-13  1.52549987927843e-14  3.11456210027416e-12  0.000440818105399707     0.146047911372257     0.234902347748943  1.35548067548797e-14   9.6314007057436e-14
-3.65338525384195e-15 -2.92394685134832e-15   1.9130642819594e-13 -6.19451375195251e-14 -1.58413063407897e-12    -0.146047911373822  0.000440818105470415  1.35548067548797e-14     0.234902347749284 -3.10504755276935e-14
  0.00299424235929401   0.00183468676676858     0.185009544301812   -0.0345106784167245   0.00846498710903602  2.99753654040051e-13   5.0203426476807e-13   9.6314007057436e-14 -3.10504755276935e-14      0.12300905270346
TOTAL ENERGY: -127.275704203861	 lambda: -0.3	 population of target: 6.09963051862972
1RDM: 
     1.99999094226365 -3.03427975308004e-06 -0.000419532778590875  0.000348011965527297 -0.000370395898798962 -1.10695655969795e-15 -1.85051595232841e-15  6.62335501448857e-16 -3.48991626975953e-16    0.0027197864784923
-3.03427975308004e-06      1.99999560313051 -0.000165631654266077  0.000121668135135231  6.44585581947633e-05  9.27097712492751e-17 -5.10792787767729e-16 -1.47541649266948e-17  6.25125276069742e-17   0.00154794886069698
-0.000419532778590875 -0.000165631654266077      1.96701547568054   0.00590842360242443    -0.037367605340087 -7.31080294745877e-14 -1.26453242286291e-13  7.98306762163707e-14 -4.82883929607314e-14     0.164037973548336
 0.000348011965527297  0.000121668135135231   0.00590842360242443      1.97058724950473   0.00378494843896022  6.84460566649301e-14  1.13312540017718e-13  4.17396357126569e-13 -2.45792985450262e-13   -0.0189476227994999
-0.000370395898798962  6.44585581947633e-05    -0.037367605340087   0.00378494843896022       1.9134037283813  1.86588284507808e-14   3.8922499535496e-14  1.23544297061173e-12   -7.093010879814e-13   0.00342211497295021
-1.10695655969795e-15  9.27097712492751e-17 -7.31080294745877e-14  6.84460566649301e-14  1.86588284507808e-14      1.75062055915719  1.09300805157113e-14   0.00190215911688195    -0.186937453672584  2.90782199434586e-13
-1.85051595232841e-15 -5.10792787767729e-16 -1.26453242286291e-13  1.13312540017718e-13   3.8922499535496e-14  1.09300805157113e-14      1.75062055915759     0.186937453671126    0.0019021591169193  4.94909230776396e-13
 6.62335501448857e-16 -1.47541649266948e-17  7.98306762163707e-14  4.17396357126569e-13  1.23544297061173e-12   0.00190215911688195     0.186937453671126     0.262755380575097  5.99857420282674e-15  -1.0791143788845e-13
-3.48991626975953e-16  6.25125276069742e-17 -4.82883929607314e-14 -2.45792985450262e-13   -7.093010879814e-13    -0.186937453672584    0.0019021591169193  5.99857420282674e-15     0.262755380575495  6.42751980580537e-14
   0.0027197864784923   0.00154794886069698     0.164037973548336   -0.0189476227994999   0.00342211497295021  2.90782199434586e-13  4.94909230776396e-13  -1.0791143788845e-13  6.42751980580537e-14     0.122255121573934
TOTAL ENERGY: -127.307686066974	 lambda: -0.2	 population of target: 6.22763941662651
1RDM: 
     1.99999201437124 -2.35844430000496e-06 -0.000368031091599986  0.000290004001470989 -0.000378235731139681 -9.64580041106897e-16 -1.63526015148479e-15   1.5360623619576e-15 -8.95747390532295e-16   0.00243121476919626
-2.35844430000496e-06      1.99999602881895 -0.000142860166847583  9.30660345368527e-05  4.12994951819389e-05  3.63382514308244e-16 -1.78850234594332e-16  5.78060509019761e-16 -2.45605802552418e-16   0.00124024126241798
-0.000368031091599986 -0.000142860166847583       1.9695629915088   0.00403234743535216   -0.0377406419979124 -7.81309085134209e-14 -1.33183149291809e-13 -2.38800696701704e-14  1.54898290708741e-14     0.142212879433179
 0.000290004001470989  9.30660345368527e-05   0.00403234743535216      1.97420883712753   0.00446160236223316  5.49194661409322e-14  9.44701391958319e-14   3.3924979931658e-13 -1.98852909934749e-13  -0.00345494040564501
-0.000378235731139681  4.12994951819389e-05   -0.0377406419979124   0.00446160236223316      1.91355815390106  5.25162446843837e-14  9.37184900503851e-14  1.40909882503367e-12 -8.23674113333208e-13  -0.00144831072100987
-9.64580041106897e-16  3.63382514308244e-16 -7.81309085134209e-14  5.49194661409322e-14  5.25162446843837e-14      1.71582404814071  3.59140264461589e-15   0.00330705728794685     -0.22518501148927  2.56763128031379e-13
-1.63526015148479e-15 -1.78850234594332e-16 -1.33183149291809e-13  9.44701391958319e-14  9.37184900503851e-14  3.59140264461589e-15      1.71582404814101     0.225185011488061   0.00330705728796988  4.40761022728863e-13
  1.5360623619576e-15  5.78060509019761e-16 -2.38800696701704e-14   3.3924979931658e-13  1.40909882503367e-12   0.00330705728794685     0.225185011488061      0.29570067050539  9.17643207865816e-16 -9.22146866086394e-14
-8.95747390532295e-16 -2.45605802552418e-16  1.54898290708741e-14 -1.98852909934749e-13 -8.23674113333208e-13     -0.22518501148927   0.00330705728796988  9.17643207865816e-16     0.295700670505693  5.47110961991261e-14
  0.00243121476919626   0.00124024126241798     0.142212879433179  -0.00345494040564501  -0.00144831072100987  2.56763128031379e-13  4.40761022728863e-13 -9.22146866086394e-14  5.47110961991261e-14     0.119632536979688
TOTAL ENERGY: -127.327196967981	 lambda: -0.1	 population of target: 6.35779667566549
1RDM: 
     1.99999306532063 -1.83200308181595e-06 -0.000321065836495446   0.00023349749513824 -0.000381190893217738 -9.28201730262492e-16 -1.56827873243169e-15  1.23583322974783e-15 -7.03591545414654e-16   0.00211410786361249
-1.83200308181595e-06      1.99999631765202 -0.000133266333112506  7.09330332668235e-05  4.09503640477237e-06  4.76950953723659e-16 -9.17062497764269e-17  2.01035194437795e-16  5.10828144900857e-17  0.000922500320162103
-0.000321065836495446 -0.000133266333112506      1.97150715486699   0.00235076821634334   -0.0381978676579802 -7.39723915153314e-14  -1.2674818687516e-13 -3.98504060333041e-14  2.36229287796895e-14     0.118403041122251
  0.00023349749513824  7.09330332668235e-05   0.00235076821634334      1.97774680763929   0.00479239622711462  6.05829346481382e-14  1.04208723207384e-13  3.27446671350615e-13 -1.93614651883295e-13    0.0128603003882243
-0.000381190893217738  4.09503640477237e-06   -0.0381978676579802   0.00479239622711462      1.91432418254447  7.10771182866826e-14  1.29094772388375e-13  1.29971614868395e-12 -7.58916665447731e-13  -0.00982234421800338
-9.28201730262492e-16  4.76950953723659e-16 -7.39723915153314e-14  6.05829346481382e-14  7.10771182866826e-14      1.67614405685588  8.86618790456122e-15   0.00458063111455586    -0.258473152594637  2.26229488713496e-13
-1.56827873243169e-15 -9.17062497764269e-17  -1.2674818687516e-13  1.04208723207384e-13  1.29094772388375e-13  8.86618790456122e-15      1.67614405685644     0.258473152593351    0.0045806311145827  3.91082814581348e-13
 1.23583322974783e-15  2.01035194437795e-16 -3.98504060333041e-14  3.27446671350615e-13  1.29971614868395e-12   0.00458063111455586     0.258473152593351     0.333606739011031 -1.91110946137218e-15  -1.2076543157547e-13
-7.03591545414654e-16  5.10828144900857e-17  2.36229287796895e-14 -1.93614651883295e-13 -7.58916665447731e-13    -0.258473152594637    0.0045806311145827 -1.91110946137218e-15     0.333606739011582  7.24345080826598e-14
  0.00211410786361249  0.000922500320162103     0.118403041122251    0.0128603003882243  -0.00982234421800338  2.26229488713496e-13  3.91082814581348e-13  -1.2076543157547e-13  7.24345080826598e-14     0.116930880241713
TOTAL ENERGY: -127.333721248388	 lambda: 0	 population of target: 6.48800589541233
1RDM: 
     1.99999399933288 -1.47424025069248e-06 -0.000284310230923381  0.000183955814725753  -0.00038913387471265 -8.84762802142566e-16 -1.50122467476933e-15  8.74507523500828e-16 -5.13216249563147e-16   0.00176238327017487
-1.47424025069248e-06      1.99999647121517 -0.000137541556185748  5.56242114849837e-05 -4.66852746269204e-05  5.90536426062505e-16 -2.89881401961465e-17 -1.91630590779335e-16  3.16856529886933e-16  0.000609887543875082
-0.000284310230923381 -0.000137541556185748      1.97245189997441   0.00118330112388125   -0.0395459590027092 -7.07537335264933e-14 -1.21026711189854e-13 -5.80524175458876e-14  3.59088682448855e-14    0.0921686272585977
 0.000183955814725753  5.56242114849837e-05   0.00118330112388125      1.98086406087468   0.00542164236191167  6.77263562989518e-14  1.17491444458842e-13  3.20850015855283e-13 -1.89456982705586e-13    0.0304531445463749
 -0.00038913387471265 -4.66852746269204e-05   -0.0395459590027092   0.00542164236191167      1.91362664891872  9.84337289869401e-14  1.76333503348418e-13  1.18736012844559e-12 -7.00074418485491e-13   -0.0242207252420634
-8.84762802142566e-16  5.90536426062505e-16 -7.07537335264933e-14  6.77263562989518e-14  9.84337289869401e-14      1.63329466486365  1.65454141441553e-14   0.00565708383419297    -0.285023744473285   1.9281474937259e-13
-1.50122467476933e-15 -2.89881401961465e-17 -1.21026711189854e-13  1.17491444458842e-13  1.76333503348418e-13  1.65454141441553e-14      1.63329466486414     0.285023744472057   0.00565708383423136     3.36571893485e-13
 8.74507523500828e-16 -1.91630590779335e-16 -5.80524175458876e-14  3.20850015855283e-13  1.18736012844559e-12   0.00565708383419297     0.285023744472057     0.374863342408032  7.33601053421054e-15 -1.59920318042488e-13
-5.13216249563147e-16  3.16856529886933e-16  3.59088682448855e-14 -1.89456982705586e-13 -7.00074418485491e-13    -0.285023744473285   0.00565708383423136  7.33601053421054e-15     0.374863342408523  9.49482701304795e-14
  0.00176238327017487  0.000609887543875082    0.0921686272585977    0.0304531445463749   -0.0242207252420634   1.9281474937259e-13     3.36571893485e-13 -1.59920318042488e-13  9.49482701304795e-14     0.116750905139833
TOTAL ENERGY: -127.32744034118	 lambda: 0.1	 population of target: 6.61455817165428
1RDM: 
      1.9999947250026  -1.2683678682786e-06 -0.000261766574700114  0.000147501508163323 -0.000410424651093226 -8.51381402063495e-16 -1.44108542848371e-15    4.699002596512e-16 -2.70454760768151e-16   0.00138178154401815
 -1.2683678682786e-06      1.99999651401592 -0.000153113067366119  4.71457874407973e-05 -0.000105907625707303  6.89177184184315e-16  1.56613424697175e-17  -5.6562072409704e-16  5.80692789685812e-16  0.000314115479313306
-0.000261766574700114 -0.000153113067366119       1.9722226601565  0.000840242608508514   -0.0422547630727533 -6.79838115315766e-14 -1.16670285938469e-13 -8.04989038589047e-14  4.85082347428459e-14    0.0639218155376769
 0.000147501508163323  4.71457874407973e-05  0.000840242608508514      1.98319310753667   0.00697202517060515  7.66717964952626e-14  1.32929404061604e-13   3.1941595180951e-13 -1.89459281390632e-13    0.0490166383643993
-0.000410424651093226 -0.000105907625707303   -0.0422547630727533   0.00697202517060515      1.91009447076856  1.28093774607265e-13  2.29228246856925e-13  1.07885121564713e-12 -6.37357357910094e-13   -0.0451257688903498
-8.51381402063495e-16  6.89177184184315e-16 -6.79838115315766e-14  7.66717964952626e-14  1.28093774607265e-13      1.59042434507958  1.08213592800461e-14   0.00651523220001576    -0.304704138274388  1.56769511358997e-13
-1.44108542848371e-15  1.56613424697175e-17 -1.16670285938469e-13  1.32929404061604e-13  2.29228246856925e-13  1.08213592800461e-14       1.5904243450801     0.304704138273291   0.00651523220003857  2.76900477639431e-13
   4.699002596512e-16  -5.6562072409704e-16 -8.04989038589047e-14   3.1941595180951e-13  1.07885121564713e-12   0.00651523220001576     0.304704138273291     0.416407469969134  9.40919918927992e-17 -2.04993233932549e-13
-2.70454760768151e-16  5.80692789685812e-16  4.85082347428459e-14 -1.89459281390632e-13 -6.37357357910094e-13    -0.304704138274388   0.00651523220003857  9.40919918927992e-17      0.41640746996966  1.21776007131076e-13
  0.00138178154401815  0.000314115479313306    0.0639218155376769    0.0490166383643993   -0.0451257688903498  1.56769511358997e-13  2.76900477639431e-13 -2.04993233932549e-13  1.21776007131076e-13     0.120834892421269
TOTAL ENERGY: -127.30957437964	 lambda: 0.2	 population of target: 6.73411253622876
1RDM: 
     1.99999520281546 -1.16543576327141e-06 -0.000253050282133317  0.000127838531606395 -0.000446366323849941 -7.86857877938765e-16 -1.35868894121592e-15  1.31550111092347e-16 -1.05377718979222e-16  0.000985835171833155
-1.16543576327141e-06      1.99999647794272 -0.000175086604906724  4.48833146260843e-05 -0.000164906037547174  7.97687391221929e-16  7.24857962376558e-17 -8.49250701635645e-16  7.62826181163491e-16   3.6739302262302e-05
-0.000253050282133317 -0.000175086604906724      1.97102951547644   0.00144470666235636   -0.0460732050472118 -6.73121773735374e-14 -1.14549316778343e-13 -1.13241443134534e-13  6.99251904967881e-14    0.0345101212008851
 0.000127838531606395  4.48833146260843e-05   0.00144470666235636      1.98452136756793   0.00972560115964364  8.54702347158502e-14  1.48007434246087e-13  3.19061186704332e-13 -1.89029867340442e-13    0.0676395478113858
-0.000446366323849941 -0.000164906037547174   -0.0460732050472118   0.00972560115964364      1.90391403483463  1.64225078755922e-13  2.85964259033835e-13  9.92103782215922e-13 -5.93279505488624e-13   -0.0713630538060697
-7.86857877938765e-16  7.97687391221929e-16 -6.73121773735374e-14  8.54702347158502e-14  1.64225078755922e-13      1.55120847988565 -1.40542611520432e-15   0.00719242809676626    -0.319310509667654  1.17057883634571e-13
-1.35868894121592e-15  7.24857962376558e-17 -1.14549316778343e-13  1.48007434246087e-13  2.85964259033835e-13 -1.40542611520432e-15      1.55120847988624     0.319310509666626   0.00719242809678406  2.12370401634325e-13
 1.31550111092347e-16 -8.49250701635645e-16 -1.13241443134534e-13  3.19061186704332e-13  9.92103782215922e-13   0.00719242809676626     0.319310509666626     0.454606088989079 -1.59149690777246e-14 -2.46841064839902e-13
-1.05377718979222e-16  7.62826181163491e-16  6.99251904967881e-14 -1.89029867340442e-13 -5.93279505488624e-13    -0.319310509667654   0.00719242809678406 -1.59149690777246e-14     0.454606088989676  1.44614835522249e-13
 0.000985835171833155   3.6739302262302e-05    0.0345101212008851    0.0676395478113858   -0.0713630538060697  1.17057883634571e-13  2.12370401634325e-13 -2.46841064839902e-13  1.44614835522249e-13     0.128914263612212
TOTAL ENERGY: -127.281767822681	 lambda: 0.3	 population of target: 6.84559482896213
1RDM: 
     1.99999545450537 -1.11053449167137e-06 -0.000253939732700772  0.000124831174335836 -0.000491213475564643 -7.56255888978811e-16 -1.28178601937158e-15 -2.65921996822593e-16  1.56282102749739e-16  0.000587640160101052
-1.11053449167137e-06      1.99999637752575 -0.000199023893004662  4.77228726290372e-05 -0.000215453445366475  8.83391187573485e-16  1.30998442402238e-16    -1.16089317024e-15  9.85334254763405e-16 -0.000231607104484575
-0.000253939732700772 -0.000199023893004662      1.96933607520923   0.00288179716395413   -0.0501851832444064 -6.44918070142418e-14 -1.10802621014264e-13 -1.43557986285228e-13    8.541556013395e-14   0.00458125219471605
 0.000124831174335836  4.77228726290372e-05   0.00288179716395413      1.98487045498695    0.0135417800492302  9.34598413708552e-14  1.62209850861128e-13  3.24733897211849e-13 -1.93338070157009e-13    0.0853125172060158
-0.000491213475564643 -0.000215453445366475   -0.0501851832444064    0.0135417800492302      1.89659026962368  1.87911700367734e-13  3.32906253918756e-13  9.01794131543748e-13  -5.3737628623669e-13    -0.101320492040537
-7.56255888978811e-16  8.83391187573485e-16 -6.44918070142418e-14  9.34598413708552e-14  1.87911700367734e-13      1.51863181171174  1.17663543870228e-14   0.00776851530849815    -0.331857015785958  7.73018958643919e-14
-1.28178601937158e-15  1.30998442402238e-16 -1.10802621014264e-13  1.62209850861128e-13  3.32906253918756e-13  1.17663543870228e-14      1.51863181171243     0.331857015784934   0.00776851530851767   1.4454203009874e-13
-2.65921996822593e-16    -1.16089317024e-15 -1.43557986285228e-13  3.24733897211849e-13  9.01794131543748e-13   0.00776851530849815     0.331857015784934     0.486473157515804 -4.70946140273075e-15 -2.87075662728819e-13
 1.56282102749739e-16  9.85334254763405e-16    8.541556013395e-14 -1.93338070157009e-13  -5.3737628623669e-13    -0.331857015785958   0.00776851530851767 -4.70946140273075e-15     0.486473157516493  1.69967195378595e-13
 0.000587640160101052 -0.000231607104484575   0.00458125219471605    0.0853125172060158    -0.101320492040537  7.73018958643919e-14   1.4454203009874e-13 -2.87075662728819e-13  1.69967195378595e-13     0.139001429692609
TOTAL ENERGY: -127.245002964471	 lambda: 0.4	 population of target: 6.95074907678042
1RDM: 
     1.99999553457042  -1.0712479265901e-06 -0.000259369836159143  0.000135356461700729 -0.000536961074798668 -7.11882593455274e-16 -1.20620916195294e-15 -6.89701820799833e-16  4.02964897502058e-16  0.000194096498958997
 -1.0712479265901e-06      1.99999619376747 -0.000223518954744807  5.44479755255083e-05 -0.000253746136044935  9.67848024050567e-16  2.03529046779021e-16 -1.46542603901092e-15    1.190259628704e-15 -0.000506141584675569
-0.000259369836159143 -0.000223518954744807      1.96755684305053   0.00488458608274224   -0.0537385356055941  -6.0502259616804e-14 -1.04123281587124e-13 -1.72113082502197e-13  1.02073543682203e-13    -0.025752472007368
 0.000135356461700729  5.44479755255083e-05   0.00488458608274224      1.98443710377874    0.0180151182494331  9.94543295997766e-14  1.72674110976301e-13  3.29835810985725e-13 -1.96653678880384e-13     0.101374052646514
-0.000536961074798668 -0.000253746136044935   -0.0537385356055941    0.0180151182494331       1.8899027857242  2.05048035657773e-13  3.63280132977312e-13  8.12099521906953e-13 -4.86369970851446e-13    -0.133916270663511
-7.11882593455274e-16  9.67848024050567e-16  -6.0502259616804e-14  9.94543295997766e-14  2.05048035657773e-13      1.49422300400825  2.03435658362961e-14   0.00833619944272331    -0.345513695791692  3.61951535116152e-14
-1.20620916195294e-15  2.03529046779021e-16 -1.04123281587124e-13  1.72674110976301e-13  3.63280132977312e-13  2.03435658362961e-14      1.49422300400903     0.345513695790629   0.00833619944273822  7.58028500013611e-14
-6.89701820799833e-16 -1.46542603901092e-15 -1.72113082502197e-13  3.29835810985725e-13  8.12099521906953e-13   0.00833619944272331     0.345513695790629     0.510453632305849  6.77382277049899e-16 -3.24731661100212e-13
 4.02964897502058e-16    1.190259628704e-15  1.02073543682203e-13 -1.96653678880384e-13 -4.86369970851446e-13    -0.345513695791692   0.00833619944273822  6.77382277049899e-16     0.510453632306641  1.92101775820267e-13
 0.000194096498958997 -0.000506141584675569    -0.025752472007368     0.101374052646514    -0.133916270663511  3.61951535116152e-14  7.58028500013611e-14 -3.24731661100212e-13  1.92101775820267e-13      0.14875826647895
TOTAL ENERGY: -127.198837660065	 lambda: 0.5	 population of target: 7.05334490054727
1RDM: 
     1.99999549307776 -1.05146822872523e-06 -0.000266382492097535  0.000155171230604812 -0.000578606843642174 -7.26678994156472e-16 -1.19825277710547e-15 -7.06139923854963e-16  3.66968061383857e-16   -0.0001943675118319
-1.05146822872523e-06      1.99999587370856 -0.000251114571520365  6.40803690521252e-05 -0.000281997436728572  1.18391488286538e-15   4.7452594357234e-16 -1.92302463243448e-15  1.50772437461682e-15 -0.000801111973256038
-0.000266382492097535 -0.000251114571520365      1.96581021307185   0.00716210167309634   -0.0563293100442167  -5.1462362875903e-14 -9.01053073916845e-14 -2.19252374500344e-13  1.31554147836984e-13    -0.056792651807924
 0.000155171230604812  6.40803690521252e-05   0.00716210167309634      1.98347439589412    0.0227006817793264  8.09952332686887e-14  1.50375789156246e-13  3.66712571230594e-13 -2.22738390945992e-13     0.115660151198218
-0.000578606843642174 -0.000281997436728572   -0.0563293100442167    0.0227006817793264      1.88488785448327  2.11021388226059e-13  3.78304772750159e-13  7.99760668276713e-13  -4.8981055934305e-13    -0.168721801428535
-7.26678994156472e-16  1.18391488286538e-15  -5.1462362875903e-14  8.09952332686887e-14  2.11021388226059e-13      1.47794926060066  1.34392064901439e-14   0.00897782345538054    -0.362858975447001  -2.1355089364281e-14
-1.19825277710547e-15   4.7452594357234e-16 -9.01053073916845e-14  1.50375789156246e-13  3.78304772750159e-13  1.34392064901439e-14      1.47794926060141      0.36285897544611   0.00897782345537917 -1.67960279085687e-14
-7.06139923854963e-16 -1.92302463243448e-15 -2.19252374500344e-13  3.66712571230594e-13  7.99760668276713e-13   0.00897782345538054      0.36285897544611     0.526550207912408 -6.01605629241467e-15 -3.52501604588843e-13
 3.66968061383857e-16  1.50772437461682e-15  1.31554147836984e-13 -2.22738390945992e-13  -4.8981055934305e-13    -0.362858975447001   0.00897782345537917 -6.01605629241467e-15     0.526550207913163  2.08538801740939e-13
  -0.0001943675118319 -0.000801111973256038    -0.056792651807924     0.115660151198218    -0.168721801428535  -2.1355089364281e-14 -1.67960279085687e-14 -3.52501604588843e-13  2.08538801740939e-13     0.156837232736891
TOTAL ENERGY: -127.141369430852	 lambda: 0.6	 population of target: 7.15777371344456
1RDM: 
     1.99999535215213 -1.08900254151061e-06 -0.000275582626490327  0.000180464198800725 -0.000616953034822236 -5.87722770910187e-15 -8.96259564007008e-15  1.27910506552806e-14 -7.80921529195708e-15 -0.000580198527291894
-1.08900254151061e-06      1.99999534324578 -0.000287553541360543  7.60372085972867e-05  -0.00030748148635675  5.85024206415544e-15  7.54502259426338e-15 -6.60808298641706e-15  4.41127050267697e-15  -0.00112427639127553
-0.000275582626490327 -0.000287553541360543      1.96383524941614   0.00949262218625736    -0.058207847773685   1.2436465504401e-13  1.81896294103245e-13 -8.61472173112095e-13  5.14494779691367e-13   -0.0888535865421003
 0.000180464198800725  7.60372085972867e-05   0.00949262218625736      1.98219585676374    0.0272703444071438 -9.13487306488219e-13 -1.35484308783428e-12  1.64897049220428e-12 -1.00523611551847e-12     0.128421085325081
-0.000616953034822236  -0.00030748148635675    -0.058207847773685    0.0272703444071438      1.88135728944584 -6.84640863763301e-13 -9.26722914192051e-13  3.85794357884812e-12 -2.36052521479863e-12    -0.205410678891517
-5.87722770910187e-15  5.85024206415544e-15   1.2436465504401e-13 -9.13487306488219e-13 -6.84640863763301e-13      1.46845171451609   1.3106597863529e-14   0.00975397055220076    -0.385561476250419 -3.01822371480523e-13
-8.96259564007008e-15  7.54502259426338e-15  1.81896294103245e-13 -1.35484308783428e-12 -9.26722914192051e-13   1.3106597863529e-14      1.46845171451692     0.385561476249421   0.00975397055221364 -4.96395079918449e-13
 1.27910506552806e-14 -6.60808298641706e-15 -8.61472173112095e-13  1.64897049220428e-12  3.85794357884812e-12   0.00975397055220076     0.385561476249421     0.536101117328461 -8.08964055506027e-15 -6.94610348321504e-13
-7.80921529195708e-15  4.41127050267697e-15  5.14494779691367e-13 -1.00523611551847e-12 -2.36052521479863e-12    -0.385561476250419   0.00975397055221364 -8.08964055506027e-15     0.536101117329289  4.30288298172763e-13
-0.000580198527291894  -0.00112427639127553   -0.0888535865421003     0.128421085325081    -0.205410678891517 -3.01822371480523e-13 -4.96395079918449e-13 -6.94610348321504e-13  4.30288298172763e-13     0.163515245285713
TOTAL ENERGY: -127.069952568239	 lambda: 0.7	 population of target: 7.26756198331759
1RDM: 
     1.99999510136899 -1.24105101264803e-06  -0.00029090580455421  0.000208695693696222 -0.000658318592589468  2.44171604728818e-16 -2.20624836802496e-16 -2.59023782141671e-15  1.88350410808106e-15 -0.000963963632531367
-1.24105101264803e-06      1.99999453070515 -0.000339772612520269  9.01634535918616e-05 -0.000339684249513357  7.48940476165894e-16  1.51735718875786e-16 -2.33795452217417e-15  1.72750581265647e-15  -0.00147354441796865
 -0.00029090580455421 -0.000339772612520269       1.9610768513359     0.011768347910647    -0.060179079679504 -6.02014278575161e-14 -8.58487905942309e-14 -2.30512160838951e-13  1.21491201788727e-13    -0.121806420594705
 0.000208695693696222  9.01634535918616e-05     0.011768347910647      1.98072815857071    0.0315744787653844  2.22049443094453e-13  2.78809064501455e-13  2.61385776348535e-13 -1.21595832987614e-13     0.140147771214999
