TOTAL ENERGY: -126.707366031038	 lambda: -1	 population of target: 5.02047895762871
1RDM: 
     1.99997790190197 -2.07108033476693e-05  0.000880037977466197  -0.00103404418776739  8.83011982614015e-05  1.68324249359099e-19 -3.01062477605638e-18 -9.19942457248173e-18  3.31199353049224e-18   0.00487190388280428
-2.07108033476693e-05      1.99996599819013  0.000994336787803714 -0.000957293151012856  0.000391839999000937  6.65052181133203e-16  -4.2431506764078e-17 -4.69744911761601e-17 -1.90675271764729e-15   0.00670897791176412
 0.000880037977466197  0.000994336787803714      1.93013577886207    0.0291363032557718    0.0187146793319171  -2.7723077583735e-16 -5.49983688982313e-18 -2.81109378692093e-16  8.93179252202807e-16    -0.334949742997998
 -0.00103404418776739 -0.000957293151012856    0.0291363032557718       1.9448734510791    0.0149892954185183  2.66097422522772e-16 -1.58711689839142e-16 -6.63247208557491e-16 -6.12312242317351e-16      0.18534789834903
 8.83011982614015e-05  0.000391839999000937    0.0187146793319171    0.0149892954185183      1.96726068196642  1.52605718566436e-15  2.90342106810488e-16  1.50928408448101e-15 -5.85647137813664e-15   0.00847068210246828
 1.68324249359099e-19  6.65052181133203e-16  -2.7723077583735e-16  2.66097422522772e-16  1.52605718566436e-15       1.8360610616847    0.0218456169289861    0.0589922457126016     0.466690433144512 -3.70849859350917e-16
-3.01062477605638e-18  -4.2431506764078e-17 -5.49983688982313e-18 -1.58711689839142e-16  2.90342106810488e-16    0.0218456169289861       1.8539635537487    -0.436990305730316   -0.0226920815631947  9.88922256387099e-17
-9.19942457248173e-18 -4.69744911761601e-17 -2.81109378692093e-16 -6.63247208557491e-16  1.50928408448101e-15    0.0589922457126016    -0.436990305730316     0.173013111010084    0.0224932025856995 -5.49312656836711e-17
 3.31199353049224e-18 -1.90675271764729e-15  8.93179252202807e-16 -6.12312242317351e-16 -5.85647137813664e-15     0.466690433144512   -0.0226920815631947    0.0224932025856995     0.187353489862619 -4.06059120296239e-16
  0.00487190388280428   0.00670897791176412    -0.334949742997998      0.18534789834903   0.00847068210246828 -3.70849859350917e-16  9.88922256387099e-17 -5.49312656836711e-17 -4.06059120296239e-16     0.107394971694237
TOTAL ENERGY: -126.836595649546	 lambda: -0.9	 population of target: 5.15652986032638
1RDM: 
     1.99997971781761 -1.75463142594097e-05  0.000769971478221038 -0.000932114499110736  5.97603270293952e-05  2.33117440290819e-19 -2.72121279727963e-18 -7.97798930268997e-18  2.00551815054802e-18    0.0045304474572588
-1.75463142594097e-05      1.99997030022203  0.000805154770374325 -0.000799485228967939  0.000392355473954639  5.97238760662427e-16 -3.74173374491647e-17 -3.96651073862273e-17 -1.69173034808787e-15   0.00613781739555239
 0.000769971478221038  0.000805154770374325      1.93854223625504    0.0237009604926598    0.0186782199410398  -2.4071413938971e-16  9.26007158963617e-18  -2.6121344298341e-16  9.25997564334171e-16    -0.308680445455144
-0.000932114499110736 -0.000799485228967939    0.0237009604926598      1.95024592207504     0.013258211859113  2.49599529745911e-16 -1.33453127989694e-16 -6.36777723275813e-16 -6.19019598399905e-16      0.16369233314248
 5.97603270293952e-05  0.000392355473954639    0.0186782199410398     0.013258211859113      1.96732154014356  1.37660817134649e-15  2.50383136262562e-16  1.47236287901977e-15 -5.88667154922367e-15   0.00556551556373048
 2.33117440290819e-19  5.97238760662427e-16  -2.4071413938971e-16  2.49599529745911e-16  1.37660817134649e-15      1.85275196473976    0.0192776706303087    0.0576625831204863     0.413869006898476 -3.77340961644676e-16
-2.72121279727963e-18 -3.74173374491647e-17  9.26007158963617e-18 -1.33453127989694e-16  2.50383136262562e-16    0.0192776706303087      1.86855002376734    -0.383584307740006   -0.0256294934215638  8.19164887150441e-17
-7.97798930268997e-18 -3.96651073862273e-17  -2.6121344298341e-16 -6.36777723275813e-16  1.47236287901977e-15    0.0576625831204863    -0.383584307740006      0.15672670688175    0.0198491328167108 -4.50579435092813e-17
 2.00551815054802e-18 -1.69173034808787e-15  9.25997564334171e-16 -6.19019598399905e-16 -5.88667154922367e-15     0.413869006898476   -0.0256294934215638    0.0198491328167108     0.169381378185333 -3.71401916748074e-16
   0.0045304474572588   0.00613781739555239    -0.308680445455144      0.16369233314248   0.00556551556373048 -3.77340961644676e-16  8.19164887150441e-17 -4.50579435092813e-17 -3.71401916748074e-16    0.0965302099125572
TOTAL ENERGY: -126.953813219375	 lambda: -0.8	 population of target: 5.29444825747385
1RDM: 
     1.99998149908218 -1.45474949456379e-05  0.000665110053233374 -0.000834894319301186  3.16081612183325e-05 -4.71767386350181e-19 -2.91267541298021e-18 -7.63117101782137e-18   2.2590127322683e-18   0.00416912606063032
-1.45474949456379e-05       1.9999743885527  0.000630847401169553 -0.000655727079087191  0.000386680815255946  5.44710092644253e-16 -3.31659334676968e-17 -3.40565386928262e-17 -1.47584300027702e-15   0.00554207780374135
 0.000665110053233374  0.000630847401169553      1.94639587388437    0.0187599032966467    0.0186604955069742 -2.63397809179398e-16 -1.00387509242107e-17 -3.32970266200989e-16   1.1142269680518e-15    -0.281479015565175
-0.000834894319301186 -0.000655727079087191    0.0187599032966467      1.95525412784089     0.011581248352127  1.24905969049971e-16 -1.72823709636479e-16 -7.80101541648581e-16 -3.36065489824341e-16     0.141852309315994
 3.16081612183325e-05  0.000386680815255946    0.0186604955069742     0.011581248352127      1.96757446077932  1.05453784769425e-15  1.15273906499073e-16  1.15477544795705e-15 -5.42917109931114e-15   0.00302525481535228
-4.71767386350181e-19  5.44710092644253e-16 -2.63397809179398e-16  1.24905969049971e-16  1.05453784769425e-15      1.86538775224068    0.0167429707142881    0.0561617251119058     0.361662936030118 -3.89857245941117e-16
-2.91267541298021e-18 -3.31659334676968e-17 -1.00387509242107e-17 -1.72823709636479e-16  1.15273906499073e-16    0.0167429707142881      1.87910862354792    -0.330938245297447   -0.0283404654404786  5.80980881714073e-17
-7.63117101782137e-18 -3.40565386928262e-17 -3.32970266200989e-16 -7.80101541648581e-16  1.15477544795705e-15    0.0561617251119058    -0.330938245297447     0.144492222423218    0.0172392949926822  -6.7535488389579e-17
  2.2590127322683e-18 -1.47584300027702e-15   1.1142269680518e-15 -3.36065489824341e-16 -5.42917109931114e-15     0.361662936030118   -0.0283404654404786    0.0172392949926822     0.155483010281282 -2.85389117227043e-16
  0.00416912606063032   0.00554207780374135    -0.281479015565175     0.141852309315994   0.00302525481535228 -3.89857245941117e-16  5.80980881714073e-17  -6.7535488389579e-17 -2.85389117227043e-16    0.0863480413674892
TOTAL ENERGY: -127.058321695413	 lambda: -0.7	 population of target: 5.43380797025354
1RDM: 
     1.99998321962231 -1.17337571705122e-05  0.000566760979922356 -0.000743197463062064  3.31168759151642e-06 -5.42290138876871e-19 -2.80720850639001e-18 -6.46266897884668e-18  1.03753873376983e-18   0.00378556576030954
-1.17337571705122e-05      1.99997816587451  0.000472368375408806 -0.000525891756882641  0.000378155916081749  5.07226595242666e-16 -2.82770516445461e-17 -2.63714188147836e-17 -1.26717246811474e-15   0.00492831550858925
 0.000566760979922356  0.000472368375408806      1.95363505464124    0.0143348200962172    0.0186658201013619 -2.23516977446707e-16  4.42247845854469e-18 -3.16119015079907e-16  1.14593408553235e-15    -0.253138479546286
-0.000743197463062064 -0.000525891756882641    0.0143348200962172      1.95988026476081   0.00992455779195881  1.17908417581939e-16 -1.48626348841859e-16 -7.50543956349672e-16 -3.46594262267279e-16     0.119604795423164
 3.31168759151642e-06  0.000378155916081749    0.0186658201013619   0.00992455779195881      1.96788611310516   9.2374973475174e-16  8.78797193335954e-17  1.11164378085803e-15 -5.43532685864418e-15  0.000369092540292923
-5.42290138876871e-19  5.07226595242666e-16 -2.23516977446707e-16  1.17908417581939e-16   9.2374973475174e-16      1.87465708270269    0.0142568644515024    0.0545365846981814     0.310402069500476 -3.92690110868871e-16
-2.80720850639001e-18 -2.82770516445461e-17  4.42247845854469e-18 -1.48626348841859e-16  8.78797193335954e-17    0.0142568644515024      1.88634058842923    -0.279357126032768   -0.0308464093644474  3.57873901793916e-17
-6.46266897884668e-18 -2.63714188147836e-17 -3.16119015079907e-16 -7.50543956349672e-16  1.11164378085803e-15    0.0545365846981814    -0.279357126032768     0.135607086303446    0.0146794913531275 -5.94000978576218e-17
 1.03753873376983e-18 -1.26717246811474e-15  1.14593408553235e-15 -3.46594262267279e-16 -5.43532685864418e-15     0.310402069500476   -0.0308464093644474    0.0146794913531275     0.144965889147281 -2.53172425201034e-16
  0.00378556576030954   0.00492831550858925    -0.253138479546286     0.119604795423164  0.000369092540292923 -3.92690110868871e-16  3.57873901793916e-17 -5.94000978576218e-17 -2.53172425201034e-16    0.0770665354132991
TOTAL ENERGY: -127.149764796236	 lambda: -0.6	 population of target: 5.57450670739379
1RDM: 
     1.99998484410661 -9.12325878533567e-06  0.000477073983697248 -0.000658401752587333  -2.6443176432666e-05  -6.9824250886148e-19 -2.78848465362853e-18 -5.32062262707143e-18 -1.26538632804748e-19   0.00338076398388002
-9.12325878533567e-06      1.99998157267225  0.000330671583337824 -0.000409950477146267  0.000368425213166801  4.81119858262355e-16 -2.35137623321408e-17 -1.86630914447187e-17 -1.06190888252471e-15   0.00429824558675542
 0.000477073983697248  0.000330671583337824      1.96013015593876     0.010497162770574    0.0187617663644236 -1.84860057487563e-16  1.75333746071682e-17 -3.02737819190249e-16  1.18140181140685e-15    -0.223704188077323
-0.000658401752587333 -0.000409950477146267     0.010497162770574      1.96407539871313   0.00821586997588334  1.06546091025195e-16  -1.2925921004038e-16 -7.27540336367037e-16 -3.44202158522303e-16    0.0969181410496313
 -2.6443176432666e-05  0.000368425213166801    0.0187617663644236   0.00821586997588334      1.96813863673083  7.91848016987914e-16  6.08621006279477e-17  1.05994546900795e-15 -5.41925850826079e-15  -0.00242275321932312
 -6.9824250886148e-19  4.81119858262355e-16 -1.84860057487563e-16  1.06546091025195e-16  7.91848016987914e-16      1.88111981507571    0.0118152225103097     0.052811258987268      0.26001103278228  -3.9596625837707e-16
-2.78848465362853e-18 -2.35137623321408e-17  1.75333746071682e-17  -1.2925921004038e-16  6.08621006279477e-17    0.0118152225103097      1.89080239503165     -0.22874554708429   -0.0331782818171811  1.00995677226082e-17
-5.32062262707143e-18 -1.86630914447187e-17 -3.02737819190249e-16 -7.27540336367037e-16  1.05994546900795e-15     0.052811258987268     -0.22874554708429     0.129508542246381    0.0121654700461128 -5.42330356225971e-17
-1.26538632804748e-19 -1.06190888252471e-15  1.18140181140685e-15 -3.44202158522303e-16 -5.41925850826079e-15      0.26001103278228   -0.0331782818171811    0.0121654700461128     0.137264550038476 -2.17192164571037e-16
  0.00338076398388002   0.00429824558675542    -0.223704188077323    0.0969181410496313  -0.00242275321932312  -3.9596625837707e-16  1.00995677226082e-17 -5.42330356225971e-17 -2.17192164571037e-16    0.0689940894462259
TOTAL ENERGY: -127.227861640494	 lambda: -0.5	 population of target: 5.7165205431204
1RDM: 
     1.99998634223043 -6.73916136532012e-06  0.000397968827819586 -0.000581748343723288 -5.84249567869549e-05 -8.25693216057035e-19  -2.7994237916137e-18 -4.03017213540617e-18 -1.55647258204808e-18   0.00295796525259319
-6.73916136532012e-06      1.99998457237738  0.000207044684890702 -0.000308308464690921  0.000357812969860247  4.65404636154669e-16 -1.87778461342675e-17 -1.06390652445794e-17 -8.59588496460141e-16   0.00365063807170782
 0.000397968827819586  0.000207044684890702      1.96575837190908   0.00731482910598149    0.0189945225789303 -1.37892970063245e-16  3.40225121078209e-17 -2.78397279176421e-16  1.19224251324116e-15    -0.193386156147909
-0.000581748343723288 -0.000308308464690921   0.00731482910598149      1.96779536487384   0.00641259477661985  1.04443423978126e-16 -1.07647334223253e-16 -6.89338161248147e-16 -3.69041094941715e-16    0.0739226245329628
-5.84249567869549e-05  0.000357812969860247    0.0189945225789303   0.00641259477661985       1.9682894870139  6.84216949692969e-16  4.66032901914735e-17  1.04380199414648e-15 -5.46427997859375e-15  -0.00508090427210642
-8.25693216057035e-19  4.65404636154669e-16 -1.37892970063245e-16  1.04443423978126e-16  6.84216949692969e-16      1.88505738552784   0.00940596684590529    0.0509893665174625     0.210244949625852  -3.9914769824738e-16
 -2.7994237916137e-18 -1.87778461342675e-17  3.40225121078209e-17 -1.07647334223253e-16  4.66032901914735e-17   0.00940596684590529      1.89276557950484    -0.178848716080421   -0.0353597719871955 -1.88627744895078e-17
-4.03017213540617e-18 -1.06390652445794e-17 -2.78397279176421e-16 -6.89338161248147e-16  1.04380199414648e-15    0.0509893665174625    -0.178848716080421     0.125920671949087   0.00968479510564361 -4.82167687117023e-17
-1.55647258204808e-18 -8.59588496460141e-16  1.19224251324116e-15 -3.69041094941715e-16 -5.46427997859375e-15     0.210244949625852   -0.0353597719871955   0.00968479510564361     0.132095143287222 -1.84936897794115e-16
  0.00295796525259319   0.00365063807170782    -0.193386156147909    0.0739226245329628  -0.00508090427210642  -3.9914769824738e-16 -1.88627744895078e-17 -4.82167687117023e-17 -1.84936897794115e-16    0.0623470813264376
TOTAL ENERGY: -127.292313741648	 lambda: -0.4	 population of target: 5.85976896419349
1RDM: 
     1.99998769579421  -4.6114439471123e-06  0.000330529717260112 -0.000513949310358148 -9.21930196817393e-05 -8.31393000251144e-19 -2.80884303947101e-18 -2.40052871758057e-18 -3.64786577628033e-18     0.002520731919051
 -4.6114439471123e-06      1.99998713637376   0.00010317766602381 -0.000221782288270111  0.000345981048031585  4.60110651927086e-16 -1.40261259655667e-17 -2.06654399707681e-18 -6.59853177945818e-16   0.00298370025907361
 0.000330529717260112   0.00010317766602381      1.97044769617364    0.0048187593209449    0.0193450383036389 -7.55717978349392e-17  5.68031279961032e-17 -2.30435924977521e-16  1.15027938645406e-15      -0.1624129338606
-0.000513949310358148 -0.000221782288270111    0.0048187593209449       1.9710208735572   0.00453272430409461   1.1801977046872e-16 -8.13306100225332e-17 -6.25449821903906e-16 -4.43495448400543e-16    0.0508125187258508
-9.21930196817393e-05  0.000345981048031585    0.0193450383036389   0.00453272430409461      1.96838002340379  6.17655968161801e-16  5.12806997595254e-17   1.0989922971177e-15 -5.64602139372195e-15  -0.00730503688141025
-8.31393000251144e-19  4.60110651927086e-16 -7.55717978349392e-17   1.1801977046872e-16  6.17655968161801e-16      1.88648336750211   0.00701951837327574    0.0490633254198259     0.160905844335028 -4.03126987241061e-16
-2.80884303947101e-18 -1.40261259655667e-17  5.68031279961032e-17 -8.13306100225332e-17  5.12806997595254e-17   0.00701951837327574      1.89223586638508    -0.129468377599085   -0.0373992147922943 -5.18637078521478e-17
-2.40052871758057e-18 -2.06654399707681e-18 -2.30435924977521e-16 -6.25449821903906e-16   1.0989922971177e-15    0.0490633254198259    -0.129468377599085     0.124840838015744   0.00722760349377459 -3.97707749877122e-17
-3.64786577628033e-18 -6.59853177945818e-16  1.15027938645406e-15 -4.43495448400543e-16 -5.64602139372195e-15     0.160905844335028   -0.0373992147922943   0.00722760349377459      0.12944874487869 -1.61066422873182e-16
    0.002520731919051   0.00298370025907361      -0.1624129338606    0.0508125187258508  -0.00730503688141025 -4.03126987241061e-16 -5.18637078521478e-17 -3.97707749877122e-17 -1.61066422873182e-16    0.0571677579158321
TOTAL ENERGY: -127.342809134502	 lambda: -0.3	 population of target: 6.00406320799061
1RDM: 
     1.99998889578703 -2.77500267003521e-06  0.000275083380102027 -0.000455279035970462 -0.000126285513673674  -1.3118791218484e-18 -3.09380810833379e-18  -1.4308263230419e-18 -4.40599785060145e-18   0.00207125841400211
-2.77500267003521e-06      1.99998923495409  2.10314629018659e-05  -0.00015137088057288  0.000332493177970248  4.65096523382206e-16 -9.57216283366831e-18  5.60145368085316e-18 -4.59774808660082e-16   0.00229703157877987
 0.000275083380102027  2.10314629018659e-05      1.97417422997127   0.00300267792543446    0.0197390645092437 -4.49473758292982e-17  6.45684985703286e-17 -2.40125193895569e-16  1.21363914966151e-15    -0.130909078892206
-0.000455279035970462  -0.00015137088057288   0.00300267792543446      1.97375255137467    0.0026425216370371  8.86157835465384e-17 -7.83050764171586e-17 -6.34722241733629e-16 -3.77639983907137e-16    0.0277424099811216
-0.000126285513673674  0.000332493177970248    0.0197390645092437    0.0026425216370371      1.96849814105371  4.61937846722279e-16  1.44511442909663e-17  9.86613272578145e-16 -5.50485160635348e-15  -0.00898022517920471
 -1.3118791218484e-18  4.65096523382206e-16 -4.49473758292982e-17  8.86157835465384e-17  4.61937846722279e-16      1.88525940257821   0.00465540305630916    0.0470255921184132     0.111981287094337 -4.01830477179275e-16
-3.09380810833379e-18 -9.57216283366831e-18  6.45684985703286e-17 -7.83050764171586e-17  1.44511442909663e-17   0.00465540305630916      1.88907450720954   -0.0805972985775699   -0.0392898572626341 -8.47005249905374e-17
 -1.4308263230419e-18  5.60145368085316e-18 -2.40125193895569e-16 -6.34722241733629e-16  9.86613272578145e-16    0.0470255921184132   -0.0805972985775699     0.126421796416942   0.00479340648391403 -4.50682064474215e-17
-4.40599785060145e-18 -4.59774808660082e-16  1.21363914966151e-15 -3.77639983907137e-16 -5.50485160635348e-15     0.111981287094337   -0.0392898572626341   0.00479340648391403     0.129477798092015 -1.15745087083687e-16
  0.00207125841400211   0.00229703157877987    -0.130909078892206    0.0277424099811216  -0.00898022517920471 -4.01830477179275e-16 -8.47005249905374e-17 -4.50682064474215e-17 -1.15745087083687e-16    0.0533634425624987
TOTAL ENERGY: -127.379059140216	 lambda: -0.2	 population of target: 6.14908037214935
1RDM: 
     1.99998993289393 -1.26558322334688e-06  0.000231739462786596 -0.000406007156115507 -0.000158971149743687 -2.00630370175548e-18 -3.53309890090914e-18  -8.1339260884378e-19 -4.43626240603468e-18   0.00160968863813618
-1.26558322334688e-06      1.99999083545243  -3.7406715390379e-05 -9.79875343205998e-05  0.000317121134424761  4.81273575239851e-16 -5.24034353662709e-18  1.29860882240838e-17 -2.61447488950076e-16   0.00159267274533914
 0.000231739462786596  -3.7406715390379e-05      1.97692845393684   0.00184700255874835    0.0200917134423298 -2.47956128400734e-17  6.83155108158659e-17 -2.75282825517249e-16  1.32182772056147e-15   -0.0988498880451083
-0.000406007156115507 -9.79875343205998e-05   0.00184700255874835      1.97598856027746  0.000817991108930697   5.0025943734228e-17  -8.2072968960885e-17  -6.6060683852776e-16 -2.76293490703598e-16   0.00476966594363176
-0.000158971149743687  0.000317121134424761    0.0200917134423298  0.000817991108930697       1.9687222603366  2.84710401280965e-16 -3.04871946871876e-17  8.09237267830529e-16  -5.2315012577218e-15   -0.0102718544986331
-2.00630370175548e-18  4.81273575239851e-16 -2.47956128400734e-17   5.0025943734228e-17  2.84710401280965e-16      1.88126020170461   0.00232404429281228    0.0448782930455421    0.0636845198614926 -3.95083317629075e-16
-3.53309890090914e-18 -5.24034353662709e-18  6.83155108158659e-17  -8.2072968960885e-17 -3.04871946871876e-17   0.00232404429281228      1.88316475865377   -0.0324534861279028   -0.0410165027327978 -1.17393265182892e-16
 -8.1339260884378e-19  1.29860882240838e-17 -2.75282825517249e-16  -6.6060683852776e-16  8.09237267830529e-16    0.0448782930455421   -0.0324534861279028     0.130805997935464   0.00239293767281983 -5.60095187398527e-17
-4.43626240603468e-18 -2.61447488950076e-16  1.32182772056147e-15 -2.76293490703598e-16  -5.2315012577218e-15    0.0636845198614926   -0.0410165027327978   0.00239293767281983     0.132331599249166 -6.47325412704671e-17
  0.00160968863813618   0.00159267274533914   -0.0988498880451083   0.00476966594363176   -0.0102718544986331 -3.95083317629075e-16 -1.17393265182892e-16 -5.60095187398527e-17 -6.47325412704671e-17    0.0508173995597532
TOTAL ENERGY: -127.400849760834	 lambda: -0.1	 population of target: 6.29434970725625
1RDM: 
      1.9999907882699 -1.15028464835489e-07  0.000200953650568453 -0.000366836398438005 -0.000189056415456294 -2.49950672867491e-18 -3.93937276349517e-18  2.94135968117337e-19 -5.36024839937328e-18    0.0011346447663608
-1.15028464835489e-07      1.99999190550742 -7.04008954758483e-05  -6.2256763609063e-05  0.000299905672952139  5.08842915868073e-16 -8.82801047475358e-19  2.10885153468943e-17 -6.84259880340967e-17  0.000875079820170667
 0.000200953650568453 -7.04008954758483e-05      1.97868082561482   0.00134575698218119    0.0203527129589429  1.51498973089828e-17  8.27626153634652e-17 -2.72198780928742e-16  1.35695191005945e-15   -0.0661018055390475
-0.000366836398438005  -6.2256763609063e-05   0.00134575698218119      1.97770268547553 -0.000893619575969907   3.5709516970575e-17 -7.62377166216386e-17 -6.43799248995964e-16 -2.48610796439931e-16   -0.0181364669702492
-0.000189056415456294  0.000299905672952139    0.0203527129589429 -0.000893619575969907      1.96907917514288  1.66517644020594e-16 -4.60919231353452e-17  7.43066916644232e-16  -5.1508666770281e-15   -0.0115821354647508
-2.49950672867491e-18  5.08842915868073e-16  1.51498973089828e-17   3.5709516970575e-17  1.66517644020594e-16      1.87453781013039  4.37500020101024e-05    0.0426387294559997    0.0163949726893018 -3.89392445302904e-16
-3.93937276349517e-18 -8.82801047475358e-19  8.27626153634652e-17 -7.62377166216386e-17 -4.60919231353452e-17  4.37500020101024e-05      1.87457366215919    0.0145851790637905   -0.0425660314137844 -1.53613782336791e-16
 2.94135968117337e-19  2.10885153468943e-17 -2.72198780928742e-16 -6.43799248995964e-16  7.43066916644232e-16    0.0426387294559997    0.0145851790637905     0.137961472357028  4.50468486179303e-05 -6.30436476595359e-17
-5.36024839937328e-18 -6.84259880340967e-17  1.35695191005945e-15 -2.48610796439931e-16  -5.1508666770281e-15    0.0163949726893018   -0.0425660314137844  4.50468486179303e-05     0.137990190908282 -2.56775655802666e-17
   0.0011346447663608  0.000875079820170667   -0.0661018055390475   -0.0181364669702492   -0.0115821354647508 -3.89392445302904e-16 -1.53613782336791e-16 -6.30436476595359e-17 -2.56775655802666e-17    0.0494914844346269
TOTAL ENERGY: -127.408101955309	 lambda: 0	 population of target: 6.43928732576443
1RDM: 
     1.99999143064118  6.52799784217726e-07  0.000183746594940182 -0.000339032670136944 -0.000216318823491457  -2.9471770456574e-18 -4.39368772544227e-18  1.56049370341691e-18 -6.65148875160966e-18  0.000644587047244571
 6.52799784217726e-07      1.99999241771702 -7.66909819762421e-05 -4.44096117013435e-05  0.000281078228340569  5.46215543536103e-16  3.35800411564502e-18  2.93366396903895e-17  1.18431691078041e-16  0.000150133825331461
 0.000183746594940182 -7.66909819762421e-05      1.97937035997782    0.0015177339766066    0.0205256159180108  6.10379505684025e-17  1.00611824839705e-16   -2.566026487411e-16  1.36308884035153e-15   -0.0325155623707214
-0.000339032670136944 -4.44096117013435e-05    0.0015177339766066      1.97883909166769  -0.00249190364938722   2.8848598378043e-17 -6.98996733775688e-17 -6.18120127700305e-16 -2.37742060430262e-16   -0.0410353048335656
-0.000216318823491457  0.000281078228340569    0.0205256159180108  -0.00249190364938722      1.96953547782854  6.96108746493931e-17 -5.32742712835326e-17  7.08262186861402e-16 -5.13161161370021e-15   -0.0134076171604039
 -2.9471770456574e-18  5.46215543536103e-16  6.10379505684025e-17   2.8848598378043e-17  6.96108746493931e-17      1.86543218803733  -0.00216607569479947    0.0403391720454934   -0.0294801546519513 -3.84216088551029e-16
-4.39368772544227e-18  3.35800411564502e-18  1.00611824839705e-16 -6.98996733775688e-17 -5.32742712835326e-17  -0.00216607569479947       1.8636570874183    0.0601232070290908    -0.043938470530961 -1.91671166542655e-16
 1.56049370341691e-18  2.93366396903895e-17   -2.566026487411e-16 -6.18120127700305e-16  7.08262186861402e-16    0.0403391720454934    0.0601232070290908     0.147571552154896  -0.00223028628544761  -7.1396738666004e-17
-6.65148875160966e-18  1.18431691078041e-16  1.36308884035153e-15 -2.37742060430262e-16 -5.13161161370021e-15   -0.0294801546519513    -0.043938470530961  -0.00223028628544761     0.146149648764205   1.1197241759118e-17
 0.000644587047244571  0.000150133825331461   -0.0325155623707214   -0.0410353048335656   -0.0134076171604039 -3.84216088551029e-16 -1.91671166542655e-16  -7.1396738666004e-17   1.1197241759118e-17    0.0494607457930676
TOTAL ENERGY: -127.400910386776	 lambda: 0.1	 population of target: 6.58331255336131
1RDM: 
     1.99999182139325  1.02424132712433e-06  0.000181497389124596 -0.000324153199113952 -0.000241432014512879 -3.49556909133527e-18 -4.93577561996372e-18  2.63911318959712e-18 -7.57621023108026e-18  0.000139272345389352
 1.02424132712433e-06      1.99999235205224  -5.5580503183664e-05 -4.42696373910455e-05   0.00026095757540621  5.90652625265725e-16  7.40895349406485e-18   3.7269848651141e-17  2.98814432128853e-16   -0.0005763945958962
 0.000181497389124596  -5.5580503183664e-05      1.97891915803632    0.0023966045357218    0.0206556621870677  1.00822966551212e-16  1.17066439706016e-16 -2.50600472923189e-16  1.38894148229311e-15   0.00197994503797825
-0.000324153199113952 -4.42696373910455e-05    0.0023966045357218      1.97932787468267  -0.00401596594728237  1.76577049366948e-17 -6.77745266470629e-17 -6.00248159483908e-16 -2.09896621682109e-16    -0.063945014754079
-0.000241432014512879   0.00026095757540621    0.0206556621870677  -0.00401596594728237       1.9700196388661 -3.34608495859068e-17 -6.31062639848866e-17  6.46768752193409e-16 -5.05407384669759e-15   -0.0161699882005938
-3.49556909133527e-18  5.90652625265725e-16  1.00822966551212e-16  1.76577049366948e-17 -3.34608495859068e-17      1.85457927587759  -0.00429304537091309    0.0380204870361376   -0.0736735339305931  -3.7788459442992e-16
-4.93577561996372e-18  7.40895349406485e-18  1.17066439706016e-16 -6.77745266470629e-17 -6.31062639848866e-17  -0.00429304537091309      1.85106112293722     0.103915518069588   -0.0451541033486347 -2.29592332020498e-16
 2.63911318959712e-18   3.7269848651141e-17 -2.50600472923189e-16 -6.00248159483908e-16  6.46768752193409e-16    0.0380204870361376     0.103915518069588     0.159026839957213  -0.00442030728840352 -8.39498206748079e-17
-7.57621023108026e-18  2.98814432128853e-16  1.38894148229311e-15 -2.09896621682109e-16 -5.05407384669759e-15   -0.0736735339305931   -0.0451541033486347  -0.00442030728840352     0.156208704512003  5.39412413698588e-17
 0.000139272345389352   -0.0005763945958962   0.00197994503797825    -0.063945014754079   -0.0161699882005938  -3.7788459442992e-16 -2.29592332020498e-16 -8.39498206748079e-17  5.39412413698588e-17    0.0508732116854146
TOTAL ENERGY: -127.379515872734	 lambda: 0.2	 population of target: 6.72602173755821
1RDM: 
     1.99999192432527  9.95539479604559e-07  0.000195518482300214 -0.000323541614236452 -0.000265558096809959 -4.05948689437704e-18 -5.51266196375596e-18  3.66948367057376e-18  -8.4407115606376e-18 -0.000379354996107508
 9.95539479604559e-07      1.99999169432275  -6.8493621584615e-06 -6.13118833808573e-05  0.000239889051869763  6.38867131349543e-16  1.12934988042354e-17  4.49783969320572e-17  4.72388051446708e-16  -0.00130028082616934
 0.000195518482300214  -6.8493621584615e-06      1.97725703403154   0.00400939032105139    0.0208016661410679  1.39644068493038e-16  1.33874313695968e-16 -2.44290880796044e-16   1.4144707643378e-15    0.0373234526164635
-0.000323541614236452 -6.13118833808573e-05   0.00400939032105139      1.97911160414288  -0.00552160124428684   7.1010380821342e-18 -6.70254611911074e-17 -5.82635654646046e-16 -1.81329657595063e-16   -0.0868015654376691
-0.000265558096809959  0.000239889051869763    0.0208016661410679  -0.00552160124428684       1.9704540446562 -1.31856147130916e-16 -7.14365806409339e-17  5.84769010293468e-16 -4.97482669505525e-15   -0.0200891251868225
-4.05948689437704e-18  6.38867131349543e-16  1.39644068493038e-16   7.1010380821342e-18 -1.31856147130916e-16      1.84279937750013  -0.00633799101547223    0.0357215132417766    -0.116187986791979 -3.72373088951991e-16
-5.51266196375596e-18  1.12934988042354e-17  1.33874313695968e-16 -6.70254611911074e-17 -7.14365806409339e-17  -0.00633799101547223      1.83760539116895     0.145993680915329   -0.0462531500174014 -2.67908588562863e-16
 3.66948367057376e-18  4.49783969320572e-17 -2.44290880796044e-16 -5.82635654646046e-16  5.84769010293468e-16    0.0357215132417766     0.145993680915329     0.171536241802653  -0.00652587274292307  -9.8553204728341e-17
 -8.4407115606376e-18  4.72388051446708e-16   1.4144707643378e-15 -1.81329657595063e-16 -4.97482669505525e-15    -0.116187986791979   -0.0462531500174014  -0.00652587274292307     0.167375718605417  1.00197525932502e-16
-0.000379354996107508  -0.00130028082616934    0.0373234526164635   -0.0868015654376691   -0.0200891251868225 -3.72373088951991e-16 -2.67908588562863e-16  -9.8553204728341e-17  1.00197525932502e-16    0.0538769694442603
TOTAL ENERGY: -127.344198136455	 lambda: 0.3	 population of target: 6.86733650231231
1RDM: 
     1.99999171456393  5.70432023838631e-07  0.000226705912061122 -0.000337883022131783  -0.00028990777310119 -4.62189965149377e-18  -6.0963646393513e-18  4.67518105619144e-18 -9.27683781548891e-18 -0.000907074995332756
 5.70432023838631e-07      1.99999043179234  6.94534783007581e-05 -9.47722662063602e-05  0.000218243660561258  6.87559605285018e-16  1.50405709971128e-17  5.24538254572201e-17  6.40409752801975e-16  -0.00201959654993153
 0.000226705912061122  6.94534783007581e-05      1.97433746629286   0.00635841579705728    0.0210129701310023   1.7815967946869e-16  1.50891709391766e-16 -2.37220053164742e-16  1.43894778481709e-15    0.0733152739432794
-0.000337883022131783 -9.47722662063602e-05   0.00635841579705728      1.97816719605991  -0.00705840232977059 -2.83881231040812e-18 -6.69371705457835e-17 -5.64839664319917e-16 -1.52817378097904e-16     -0.10946083795738
 -0.00028990777310119  0.000218243660561258    0.0210129701310023  -0.00705840232977059      1.97077523367066 -2.27452695509833e-16 -7.88154293102844e-17  5.24380308317827e-16 -4.89912872504077e-15   -0.0251318579206769
-4.62189965149377e-18  6.87559605285018e-16   1.7815967946869e-16 -2.83881231040812e-18 -2.27452695509833e-16      1.83090041626178  -0.00831674845160122    0.0334679501302654    -0.157336937942639 -3.68194516378907e-16
 -6.0963646393513e-18  1.50405709971128e-17  1.50891709391766e-16 -6.69371705457835e-17 -7.88154293102844e-17  -0.00831674845160122      1.82408483708252     0.186699376660173   -0.0472876257390315 -3.06805138817346e-16
 4.67518105619144e-18  5.24538254572201e-17 -2.37220053164742e-16 -5.64839664319917e-16  5.24380308317827e-16    0.0334679501302654     0.186699376660173     0.184322463620045  -0.00856328796321392 -1.14297794774648e-16
-9.27683781548891e-18  6.40409752801975e-16  1.43894778481709e-15 -1.52817378097904e-16 -4.89912872504077e-15    -0.157336937942639   -0.0472876257390315  -0.00856328796321392     0.178863000745615  1.49909896663498e-16
-0.000907074995332756  -0.00201959654993153    0.0733152739432794     -0.10946083795738   -0.0251318579206769 -3.68194516378907e-16 -3.06805138817346e-16 -1.14297794774648e-16  1.49909896663498e-16    0.0585672399103752
TOTAL ENERGY: -127.295134281359	 lambda: 0.4	 population of target: 7.00753972481339
1RDM: 
     1.99999118310286 -2.42916925355656e-07  0.000275405411893085 -0.000367020826657721 -0.000315453534659686 -5.11586973817591e-18 -6.72683313580688e-18  5.79849464578869e-18 -9.97214808454312e-18   -0.0014378859921812
-2.42916925355656e-07       1.9999885488068  0.000173205267519523 -0.000143774143015203  0.000196471983046101  7.34319919061336e-16  1.87105458779193e-17  5.97464577059845e-17  8.05202426919861e-16  -0.00273457239283011
 0.000275405411893085  0.000173205267519523      1.97013944743337   0.00941586836480599    0.0213209059360458  2.17685436385877e-16  1.67276488390271e-16 -2.28411424927208e-16  1.46468286946135e-15     0.109641175632257
-0.000367020826657721 -0.000143774143015203   0.00941586836480599      1.97651300728988  -0.00865671975318758 -1.83721512426991e-17 -6.14494036986089e-17 -5.56212068690232e-16 -1.33769949454079e-16     -0.13173023052697
-0.000315453534659686  0.000196471983046101    0.0213209059360458  -0.00865671975318758      1.97093568344434 -3.15266160788163e-16 -9.36115046066963e-17  4.80501553803232e-16 -4.81231608986633e-15   -0.0310283773249335
-5.11586973817591e-18  7.34319919061336e-16  2.17685436385877e-16 -1.83721512426991e-17 -3.15266160788163e-16      1.81946880436485   -0.0102570573123237    0.0312647310221117    -0.197683943881612 -3.64898673854679e-16
-6.72683313580688e-18  1.87105458779193e-17  1.67276488390271e-16 -6.14494036986089e-17 -9.36115046066963e-17   -0.0102570573123237      1.81106314156361     0.226616507481885   -0.0483085575717159 -3.46955600902259e-16
 5.79849464578869e-18  5.97464577059845e-17 -2.28411424927208e-16 -5.56212068690232e-16  4.80501553803232e-16    0.0312647310221117     0.226616507481885     0.196829133427823   -0.0105611149144826 -1.31415777580982e-16
-9.97214808454312e-18  8.05202426919861e-16  1.46468286946135e-15 -1.33769949454079e-16 -4.81231608986633e-15    -0.197683943881612   -0.0483085575717159   -0.0105611149144826     0.190095970935541  2.01724531528156e-16
  -0.0014378859921812  -0.00273457239283011     0.109641175632257     -0.13173023052697   -0.0310283773249335 -3.64898673854679e-16 -3.46955600902259e-16 -1.31415777580982e-16  2.01724531528156e-16    0.0649750796309544
TOTAL ENERGY: -127.232302697677	 lambda: 0.5	 population of target: 7.14717036963886
1RDM: 
     1.99999033722013 -1.43406454734745e-06  0.000341412520028727 -0.000410036302221848 -0.000342770861401774 -5.88473526644064e-18 -7.35119619667677e-18  6.88136037674727e-18 -1.11777910996707e-17  -0.00196471361568303
-1.43406454734745e-06      1.99998602494761  0.000304272673354722 -0.000207432092123468  0.000175195791648301   7.7832137925095e-16  2.23502154622518e-17  6.69315209720239e-17  9.69460846606137e-16  -0.00344682214249396
 0.000341412520028727  0.000304272673354722      1.96466521734494    0.0131292513487595    0.0217379310234274  2.55141316610709e-16  1.83742571004076e-16   -2.218016635981e-16  1.48329503611819e-15      0.14590559405654
-0.000410036302221848 -0.000207432092123468    0.0131292513487595      1.97420203146182   -0.0103245214146937 -6.07389351681686e-18 -5.53122334586273e-17 -5.42679444038053e-16 -7.26889011750408e-17    -0.153404480012674
-0.000342770861401774  0.000175195791648301    0.0217379310234274   -0.0103245214146937      1.97089812964625 -4.45092311212902e-16 -1.11123540695647e-16    4.331030060151e-16 -4.79467107800108e-15   -0.0373295456055977
-5.88473526644064e-18   7.7832137925095e-16  2.55141316610709e-16 -6.07389351681686e-18 -4.45092311212902e-16      1.80872078128713   -0.0121920464490932     0.029094225874913     -0.23791063532105 -3.63198546756169e-16
-7.35119619667677e-18  2.23502154622518e-17  1.83742571004076e-16 -5.53122334586273e-17 -1.11123540695647e-16   -0.0121920464490932      1.79872939321349     0.266433899592563   -0.0493533588855468 -3.88024562971729e-16
 6.88136037674727e-18  6.69315209720239e-17   -2.218016635981e-16 -5.42679444038053e-16    4.331030060151e-16     0.029094225874913     0.266433899592563     0.208866619001949     -0.01255346424692 -1.48918590226789e-16
-1.11777910996707e-17  9.69460846606137e-16  1.48329503611819e-15 -7.26889011750408e-17 -4.79467107800108e-15     -0.23791063532105   -0.0493533588855468     -0.01255346424692     0.200863247332232  2.60080732677389e-16
 -0.00196471361568303  -0.00344682214249396      0.14590559405654    -0.153404480012674   -0.0373295456055977 -3.63198546756169e-16 -3.88024562971729e-16 -1.48918590226789e-16  2.60080732677389e-16    0.0730782185444994
TOTAL ENERGY: -127.155490377313	 lambda: 0.6	 population of target: 7.28682471439406
1RDM: 
     1.99998919915289 -2.99093194196371e-06  0.000423946814874236 -0.000465453649348639 -0.000371886471207889 -3.78331314119155e-18 -9.80595799624343e-18  1.09478516591841e-17 -8.10385446971742e-18  -0.00248015747053605
-2.99093194196371e-06      1.99998283637847  0.000462428204203013 -0.000284906343516432  0.000155287987957983  8.19878130626868e-16  2.63457447065569e-17  7.47314877602983e-17  1.13682127244339e-15   -0.0041584152265711
 0.000423946814874236  0.000462428204203013      1.95794636191093    0.0174299319726628    0.0222521820644131  3.24958315564626e-16  1.81145012956988e-16 -1.92236423276143e-16  1.53793709370041e-15     0.181670941445926
-0.000465453649348639 -0.000284906343516432    0.0174299319726628      1.97130948889684   -0.0120486553929091 -2.75840988903372e-16  1.34251989713633e-16 -7.98955312796698e-16  -3.9819125716539e-16    -0.174289204944045
-0.000371886471207889  0.000155287987957983    0.0222521820644131   -0.0120486553929091       1.9706386524105 -1.35820382852389e-16 -4.19674336732508e-16  8.28941431548602e-16 -4.14898896458346e-15   -0.0434877791500017
-3.78331314119155e-18  8.19878130626868e-16  3.24958315564626e-16 -2.75840988903372e-16 -1.35820382852389e-16      1.79845572135698   -0.0141526246004089    0.0269203651437483    -0.278660091700614 -3.63532681384303e-16
-9.80595799624343e-18  2.63457447065569e-17  1.81145012956988e-16  1.34251989713633e-16 -4.19674336732508e-16   -0.0141526246004089      1.78685764152075     0.306787064460651   -0.0504373285081474 -4.29339625258332e-16
 1.09478516591841e-17  7.47314877602983e-17 -1.92236423276143e-16 -7.98955312796698e-16  8.28941431548602e-16    0.0269203651437483     0.306787064460651     0.220655066506287   -0.0145721611772283 -2.07225538824245e-16
-8.10385446971742e-18  1.13682127244339e-15  1.53793709370041e-15  -3.9819125716539e-16 -4.14898896458346e-15    -0.278660091700614   -0.0504373285081474   -0.0145721611772283     0.211364691896617  2.59995833601647e-16
 -0.00248015747053605   -0.0041584152265711     0.181670941445926    -0.174289204944045   -0.0434877791500017 -3.63532681384303e-16 -4.29339625258332e-16 -2.07225538824245e-16  2.59995833601647e-16    0.0828003399697579
TOTAL ENERGY: -127.064399617994	 lambda: 0.7	 population of target: 7.42695631707174
1RDM: 
     1.99998780447191 -4.89970889695819e-06  0.000521562961135853 -0.000531440617570511 -0.000402110323896503 -4.54012620386221e-18 -1.00762924448595e-17  1.12535936531604e-17 -9.70838175127682e-18  -0.00297733567554999
-4.89970889695819e-06      1.99997895931816  0.000647228077914734 -0.000375410549158541  0.000137845627565398  8.62189262574912e-16  3.00575232231484e-17  8.20109986692332e-17  1.30743693216033e-15  -0.00487119171070038
 0.000521562961135853  0.000647228077914734      1.95005843649754    0.0222392978702202    0.0228149202771714  3.64535001580744e-16  2.04920481133924e-16  -2.0808419182644e-16  1.53768507844473e-15     0.216514540159373
-0.000531440617570511 -0.000375410549158541    0.0222392978702202      1.96792274466195    -0.013797063336615 -2.63313627516546e-16   1.0310422571974e-16 -7.16960804036152e-16 -3.17890517644479e-16     -0.19421239621013
