TOTAL ENERGY: -126.664277940574	 lambda: -1	 population of target: 4.90092978329921
1RDM: 
     1.99984699978463   7.9891852801934e-05  -0.00268749192619781   0.00263402483144553  0.000644841478366421 -0.000380639229295402  -0.00106396337670804 -0.000587977536367758 -0.000294619981407552   -0.0164467731245635
  7.9891852801934e-05      1.99994404792956  0.000928252923529278  -0.00123182532741559 -0.000131976290691707  0.000147475097590719    0.0016322423559443   0.00363398733268908   0.00174459480797882   0.00833209610867638
 -0.00268749192619781  0.000928252923529278      1.92902049536304    0.0470890187362037    0.0249380328097309   -0.0114773646724037    0.0306055838402167     0.141052775866931    0.0671210219526006    -0.313740755545993
  0.00263402483144553  -0.00123182532741559    0.0470890187362037      1.93463202071041  0.000436938706366153   -0.0012356017528811 -0.000687120921976397   -0.0497753769207373   -0.0238688864017444     0.252628373807348
 0.000644841478366421 -0.000131976290691707    0.0249380328097309  0.000436938706366153      1.92629804088097   -0.0469591622889041  -0.00153948635183397    0.0852862797824207    -0.237924086808935     0.103019749535924
-0.000380639229295402  0.000147475097590719   -0.0114773646724037   -0.0012356017528811   -0.0469591622889041      1.88807846291632  -0.00700751923518882     0.152028997804271    -0.352497480221883   -0.0591629029354947
 -0.00106396337670804    0.0016322423559443    0.0306055838402167 -0.000687120921976397  -0.00153948635183397  -0.00700751923518882      1.86309260844857    -0.398398783587118    -0.190945241605075   -0.0964821111606337
-0.000587977536367758   0.00363398733268908     0.141052775866931   -0.0497753769207373    0.0852862797824207     0.152028997804271    -0.398398783587118     0.167502246445464   0.00768596228505502   -0.0107072744949008
-0.000294619981407552   0.00174459480797882    0.0671210219526006   -0.0238688864017444    -0.237924086808935    -0.352497480221883    -0.190945241605075   0.00768596228505502     0.173949798599054  -0.00717245257334504
  -0.0164467731245635   0.00833209610867638    -0.313740755545993     0.252628373807348     0.103019749535924   -0.0591629029354947   -0.0964821111606337   -0.0107072744949008  -0.00717245257334504     0.117635278922067
TOTAL ENERGY: -126.797901010587	 lambda: -0.9	 population of target: 5.0416254575834
1RDM: 
     1.99987265456349  6.69442124081582e-05  -0.00225373186011147   0.00222460577848676  0.000537245200417017 -0.000317799211178857 -0.000870669492601354 -0.000523822415904262 -0.000261736238263045   -0.0149593924394685
 6.69442124081582e-05      1.99995179601394   0.00076411184431345   -0.0010419495904263 -8.22806099356223e-05  0.000111190764247337     0.001394094317462    0.0032376808815307   0.00155363812021231   0.00763555425605237
 -0.00225373186011147   0.00076411184431345      1.93878791246375    0.0395386832154504    0.0225124468700816   -0.0103939327842945    0.0275903648245771     0.125671312603696    0.0597958199092402    -0.290285436544453
  0.00222460577848676   -0.0010419495904263    0.0395386832154504        1.941737016968  0.000977828703685703  -0.00143765487239025  -0.00123660895464371   -0.0443482151322201   -0.0212780431401904     0.229569250992863
 0.000537245200417017 -8.22806099356223e-05    0.0225124468700816  0.000977828703685703      1.93251936710419   -0.0392506843718701  -0.00145482780201629    0.0738706314898087    -0.215187556336421     0.096074380552921
-0.000317799211178857  0.000111190764247337   -0.0103939327842945  -0.00143765487239025   -0.0392506843718701      1.90150874097044  -0.00619576231603144     0.132148437971308    -0.311991493430476   -0.0551655306457614
-0.000870669492601354     0.001394094317462    0.0275903648245771  -0.00123660895464371  -0.00145482780201629  -0.00619576231603144      1.88094781187565     -0.35495514187245    -0.170121855339324   -0.0844137086219544
-0.000523822415904262    0.0032376808815307     0.125671312603696   -0.0443482151322201    0.0738706314898087     0.132148437971308     -0.35495514187245     0.147788483403634   0.00684774795632068  -0.00954417012546604
-0.000261736238263045   0.00155363812021231    0.0597958199092402   -0.0212780431401904    -0.215187556336421    -0.311991493430476    -0.170121855339324   0.00684774795632068     0.153531102683675  -0.00647738830646525
  -0.0149593924394685   0.00763555425605237    -0.290285436544453     0.229569250992863     0.096074380552921   -0.0551655306457614   -0.0844137086219544  -0.00954417012546604  -0.00647738830646525     0.103355113953321
TOTAL ENERGY: -126.920810627944	 lambda: -0.8	 population of target: 5.18625833368787
1RDM: 
     1.99989614024061  5.49270048701711e-05  -0.00184969373948875   0.00184839459925269  0.000443739604162929 -0.000263012393992564 -0.000698741447288254 -0.000459167314041055 -0.000228891835957206   -0.0134279041022149
 5.49270048701711e-05      1.99995895714348  0.000601762247996725 -0.000863367105025896 -4.03339625063165e-05  7.92777458638812e-05   0.00119319778451414   0.00283819823234167   0.00136131225123409   0.00690158694521285
 -0.00184969373948875  0.000601762247996725      1.94771407835066    0.0326395288136082    0.0202993526436908   -0.0094345474889391    0.0254921199218614     0.110166002207386    0.0524070423973848    -0.265617507745557
  0.00184839459925269 -0.000863367105025896    0.0326395288136082      1.94832210754955   0.00134106572395269  -0.00153718221935093  -0.00195137071685599   -0.0388772518594351    -0.018662683779724     0.206208570254202
 0.000443739604162929 -4.03339625063165e-05    0.0202993526436908   0.00134106572395269      1.93778259949588   -0.0331369335008867  -0.00127944795432393    0.0624348634630176    -0.192210918343021    0.0896275677314962
-0.000263012393992564  7.92777458638812e-05   -0.0094345474889391  -0.00153718221935093   -0.0331369335008867      1.91209186795932  -0.00542900691127138     0.112226013194303    -0.271201008629409   -0.0514532733555861
-0.000698741447288254   0.00119319778451414    0.0254921199218614  -0.00195137071685599  -0.00127944795432393  -0.00542900691127138      1.89538830957467    -0.311162482021124    -0.149132956691095   -0.0720067463629085
-0.000459167314041055   0.00283819823234167     0.110166002207386   -0.0388772518594351    0.0624348634630176     0.112226013194303    -0.311162482021124     0.131837015477632   0.00600285871678116  -0.00837229808564295
-0.000228891835957206   0.00136131225123409    0.0524070423973848    -0.018662683779724    -0.192210918343021    -0.271201008629409    -0.149132956691095   0.00600285871678116     0.136870224501493  -0.00578799230740269
  -0.0134279041022149   0.00690158694521285    -0.265617507745557     0.206208570254202    0.0896275677314962   -0.0514532733555861   -0.0720067463629085  -0.00837229808564295  -0.00578799230740269    0.0901386997067789
TOTAL ENERGY: -127.03153381178	 lambda: -0.7	 population of target: 5.33391936798937
1RDM: 
     1.99991731701513  4.39735438897511e-05  -0.00147883092545197   0.00150570188564022  0.000360981315155838 -0.000214379406416466   -0.0005489622455982 -0.000394709759574488  -0.00019635491817798   -0.0118528373808742
 4.39735438897511e-05      1.99996544853847  0.000444853686822315 -0.000697483657130314 -4.39834802708505e-06  5.08273764899635e-05   0.00102804041259358   0.00243987480452333   0.00116966112032871   0.00613446078763992
 -0.00147883092545197  0.000444853686822315      1.95575986659199    0.0263918350315605    0.0182486323880098   -0.0085671943760647    0.0241854859771385     0.094705283841463    0.0450364251244154    -0.239727669904227
  0.00150570188564022 -0.000697483657130314    0.0263918350315605      1.95440130148196   0.00157508712274051  -0.00156307871007406  -0.00279024077097968   -0.0334219446632791   -0.0160522715288212     0.182411996301872
 0.000360981315155838 -4.39834802708505e-06    0.0182486323880098   0.00157508712274051      1.94217833399252   -0.0284933589830151  -0.00103717674898408     0.051094231813221    -0.169251317381431    0.0833415472924997
-0.000214379406416466  5.08273764899635e-05   -0.0085671943760647  -0.00156307871007406   -0.0284933589830151      1.92008507154042  -0.00470303298578141    0.0924634170592449    -0.230563549154971   -0.0478330961919806
  -0.0005489622455982   0.00102804041259358    0.0241854859771385  -0.00279024077097968  -0.00103717674898408  -0.00470303298578141      1.90667802791049    -0.267496294735916    -0.128206008602486   -0.0592338229266386
-0.000394709759574488   0.00243987480452333     0.094705283841463   -0.0334219446632791     0.051094231813221    0.0924634170592449    -0.267496294735916     0.119330675940172   0.00516046191588719  -0.00720395681669925
 -0.00019635491817798   0.00116966112032871    0.0450364251244154   -0.0160522715288212    -0.169251317381431    -0.230563549154971    -0.128206008602486   0.00516046191588719     0.123657565742464  -0.00510347247766958
  -0.0118528373808742   0.00613446078763992    -0.239727669904227     0.182411996301872    0.0833415472924997   -0.0478330961919806   -0.0592338229266386  -0.00720395681669925  -0.00510347247766958    0.0780263912464194
TOTAL ENERGY: -127.129125991919	 lambda: -0.6	 population of target: 5.48409118935334
1RDM: 
     1.99993603037127  3.41989682389343e-05  -0.00114512308709971   0.00119793122745998  0.000287872095778718 -0.000171277921591186 -0.000422314638396123 -0.000330758042281215 -0.000164251558523963   -0.0102354440634728
 3.41989682389343e-05      1.99997121037279  0.000297050438498725 -0.000545812266406925  2.64208182980003e-05  2.53656298884521e-05  0.000896520916207556   0.00204462412048446  0.000979584229575631   0.00533707413491685
 -0.00114512308709971  0.000297050438498725      1.96288067988454    0.0208159998608859    0.0163483743015998  -0.00778358521552784    0.0235165556211344    0.0793634966006821    0.0377198402630532    -0.212640987154656
  0.00119793122745998 -0.000545812266406925    0.0208159998608859      1.95995654174664   0.00168249405283707  -0.00151735200949321  -0.00369408015151438   -0.0280085220075277   -0.0134594288715676     0.158119509802995
 0.000287872095778718  2.64208182980003e-05    0.0163483743015998   0.00168249405283707      1.94578489864241   -0.0251461594535844 -0.000731872460878035     0.039895135940783    -0.146425342309304    0.0770409890355952
-0.000171277921591186  2.53656298884521e-05  -0.00778358521552784  -0.00151735200949321   -0.0251461594535844       1.9257798788462  -0.00401978884017956    0.0729422589042611     -0.19026996481403   -0.0442047771427568
-0.000422314638396123  0.000896520916207556    0.0235165556211344  -0.00369408015151438 -0.000731872460878035  -0.00401978884017956      1.91513974830629    -0.224166473487544    -0.107441549818225   -0.0460897254161582
-0.000330758042281215   0.00204462412048446    0.0793634966006821   -0.0280085220075277     0.039895135940783    0.0729422589042611    -0.224166473487544     0.109883888263751   0.00432459945167083  -0.00604454774890537
-0.000164251558523963  0.000979584229575631    0.0377198402630532   -0.0134594288715676    -0.146425342309304     -0.19026996481403    -0.107441549818225   0.00432459945167083      0.11351080477439  -0.00442294660357467
  -0.0102354440634728   0.00533707413491685    -0.212640987154656     0.158119509802995    0.0770409890355952   -0.0442047771427568   -0.0460897254161582  -0.00604454774890537  -0.00442294660357467    0.0671563187917676
TOTAL ENERGY: -127.212923128212	 lambda: -0.5	 population of target: 5.63648147927371
1RDM: 
     1.99995211427907  2.57097648716156e-05 -0.000852792307417687  0.000927176306901787  0.000224563248642475 -0.000133795624207521 -0.000320033834024256  -0.00026736851399235 -0.000132611744766415  -0.00857867039722437
 2.57097648716156e-05      1.99997618930311  0.000161666899955657 -0.000409895248453086  5.23557793429161e-05  2.76648530139522e-06  0.000797217635645341   0.00165279356766316  0.000791243487558014   0.00451143560503073
-0.000852792307417687  0.000161666899955657      1.96901617589889    0.0159491265589993     0.014606900823522  -0.00708821529360327     0.023354929672705    0.0641541265486817    0.0304635849333667    -0.184421657604243
 0.000927176306901787 -0.000409895248453086    0.0159491265589993      1.96495110964473   0.00164951707289475   -0.0013922170216576  -0.00460859246587883   -0.0226417309277762   -0.0108861603887598     0.133363479435262
 0.000224563248642475  5.23557793429161e-05     0.014606900823522   0.00164951707289475      1.94865559275246   -0.0229546807674931 -0.000358978115417299    0.0288418441539498    -0.123757062937475    0.0707028660567316
-0.000133795624207521  2.76648530139522e-06  -0.00708821529360327   -0.0013922170216576   -0.0229546807674931      1.92939651402645  -0.00338263632353531      0.05367047336243    -0.150352767107453   -0.0405551586318687
-0.000320033834024256  0.000797217635645341     0.023354929672705  -0.00460859246587883 -0.000358978115417299  -0.00338263632353531       1.9210208554187    -0.181211132576647    -0.086857935621843   -0.0325977112161471
 -0.00026736851399235   0.00165279356766316    0.0641541265486817   -0.0226417309277762    0.0288418441539498      0.05367047336243    -0.181211132576647     0.103200398320273   0.00349600131271634  -0.00489506123499216
-0.000132611744766415  0.000791243487558014    0.0304635849333667   -0.0108861603887598    -0.123757062937475    -0.150352767107453    -0.086857935621843   0.00349600131271634     0.106134198563714  -0.00374643333932385
 -0.00857867039722437   0.00451143560503073    -0.184421657604243     0.133363479435262    0.0707028660567316   -0.0405551586318687   -0.0325977112161471  -0.00489506123499216  -0.00374643333932385    0.0576968517926702
TOTAL ENERGY: -127.28237503084	 lambda: -0.4	 population of target: 5.79085333269097
1RDM: 
     1.99996540619892  1.86080888207024e-05  -0.00060590584585367  0.000695588191437983  0.000171340633026768 -0.000102095637473992 -0.000243471845921758 -0.000204518481547741 -0.000101430220391689   -0.0068870806226547
 1.86080888207024e-05      1.99998032884556  4.15384373821942e-05 -0.000291175939888277  7.33376372919081e-05 -1.69334412448659e-05  0.000729817381329556   0.00126424112882309  0.000604572174201683   0.00365930243669409
 -0.00060590584585367  4.15384373821942e-05      1.97409265806245    0.0118336183443885    0.0130327425240242  -0.00648607530395915    0.0236153697590155    0.0490716519585365    0.0232648414811536    -0.155160851570536
 0.000695588191437983 -0.000291175939888277    0.0118336183443885       1.9693460684532   0.00147249062662077   -0.0011855373369245  -0.00549666306311468    -0.017319619411403  -0.00833145717586227     0.108242089718717
 0.000171340633026768  7.33376372919081e-05    0.0130327425240242   0.00147249062662077       1.9508243867281   -0.0218473273462247  8.38939893334755e-05    0.0179275814658479    -0.101240266013368    0.0643793178742936
-0.000102095637473992 -1.69334412448659e-05  -0.00648607530395915   -0.0011855373369245   -0.0218473273462247      1.93105242564923  -0.00279263392606909    0.0346364690736823    -0.110796022288154   -0.0369140696425571
-0.000243471845921758  0.000729817381329556    0.0236153697590155  -0.00549666306311468  8.38939893334755e-05  -0.00279263392606909      1.92444668656448    -0.138614700834047   -0.0664477476008063   -0.0188017222782419
-0.000204518481547741   0.00126424112882309    0.0490716519585365    -0.017319619411403    0.0179275814658479    0.0346364690736823    -0.138614700834047     0.099129966920776   0.00267436451408967  -0.00375513680353508
-0.000101430220391689  0.000604572174201683    0.0232648414811536  -0.00833145717586227    -0.101240266013368    -0.110796022288154   -0.0664477476008063   0.00267436451408967      0.10137720643694   -0.0030747919523816
  -0.0068870806226547   0.00365930243669409    -0.155160851570536     0.108242089718717    0.0643793178742936   -0.0369140696425571   -0.0188017222782419  -0.00375513680353508   -0.0030747919523816    0.0497848661403899
TOTAL ENERGY: -127.336983743798	 lambda: -0.3	 population of target: 5.94691423831253
1RDM: 
     1.99997576110882  1.29911920879443e-05 -0.000408108074825047  0.000504939620434773  0.000128023012617482 -7.60748871826194e-05 -0.000193915469089707 -0.000142239324559078 -7.07184909562219e-05   -0.0051661266226107
 1.29911920879443e-05      1.99998356865672 -6.08927947671963e-05 -0.000190916646268763  8.92800586719906e-05 -3.36808721170215e-05  0.000694799564276091  0.000879162343106395  0.000419665865867541   0.00278267270164713
-0.000408108074825047 -6.08927947671963e-05      1.97803235296758   0.00850663358288935    0.0116243316597772  -0.00597611816118656    0.0242493846939852    0.0341236558699912    0.0161272869036685    -0.124958411369944
 0.000504939620434773 -0.000190916646268763   0.00850663358288935      1.97310938217402   0.00116851033372136 -0.000907149262329712  -0.00633756290385295    -0.012044885224315  -0.00579695104835302    0.0828725695343725
 0.000128023012617482  8.92800586719906e-05    0.0116243316597772   0.00116851033372136      1.95231863243145   -0.0218092248378181  0.000592714063244525   0.00715692995176377     -0.07888717117013    0.0581053031200165
-7.60748871826194e-05 -3.36808721170215e-05  -0.00597611816118656 -0.000907149262329712   -0.0218092248378181      1.93079336023828   -0.0022478994207973    0.0158483745348941   -0.0716190056952955   -0.0333015265959219
-0.000193915469089707  0.000694799564276091    0.0242493846939852  -0.00633756290385295  0.000592714063244525   -0.0022478994207973      1.92545247007121   -0.0963985922706177   -0.0462211896041413  -0.00475244189062301
-0.000142239324559078  0.000879162343106395    0.0341236558699912    -0.012044885224315   0.00715692995176377    0.0158483745348941   -0.0963985922706177    0.0976331271359801   0.00186010169247409  -0.00262538113925892
-7.07184909562219e-05  0.000419665865867541    0.0161272869036685  -0.00579695104835302     -0.07888717117013   -0.0716190056952955   -0.0462211896041413   0.00186010169247409    0.0992006965129866  -0.00240900648932903
  -0.0051661266226107   0.00278267270164713    -0.124958411369944    0.0828725695343725    0.0581053031200165   -0.0333015265959219  -0.00475244189062301  -0.00262538113925892  -0.00240900648932903    0.0435006487029716
TOTAL ENERGY: -127.376314805892	 lambda: -0.2	 population of target: 6.10427428685929
1RDM: 
     1.99998305794567  8.94823359735291e-06 -0.000262561556100154  0.000356545353919697   9.4019523556345e-05 -5.53980496385306e-05 -0.000172448112042022  -8.0672246990741e-05 -4.05325308908165e-05  -0.00342143272891108
 8.94823359735291e-06      1.99998585025687  -0.00014337364171307 -0.000110206280248442  0.000100167246930534 -4.74494059388253e-05  0.000692721114448059  0.000498434456769448  0.000236945282524054    0.0018840326101938
-0.000262561556100154  -0.00014337364171307      1.98076382242244   0.00599514705934399    0.0103721530663731  -0.00555222421283946    0.0252188595424446    0.0193442100313884   0.00906743316573193   -0.0939109483407583
 0.000356545353919697 -0.000110206280248442   0.00599514705934399      1.97621511241678  0.000769182880531362 -0.000575377157061866  -0.00711686392598872  -0.00682957703424446  -0.00328904325187629    0.0573527109123726
  9.4019523556345e-05  0.000100167246930534    0.0103721530663731  0.000769182880531362      1.95317015551646   -0.0228397985117443   0.00115949061916634  -0.00344608582189698   -0.0567494937973245    0.0518374533207671
-5.53980496385306e-05 -4.74494059388253e-05  -0.00555222421283946 -0.000575377157061866   -0.0228397985117443      1.92865591475123  -0.00174576420859634  -0.00265182481966654   -0.0329104638849994   -0.0296927621631518
-0.000172448112042022  0.000692721114448059    0.0252188595424446  -0.00711686392598872   0.00115949061916634  -0.00174576420859634       1.9240581591688   -0.0546589821102644   -0.0262241899517408   0.00950363224836597
 -8.0672246990741e-05  0.000498434456769448    0.0193442100313884  -0.00682957703424446  -0.00344608582189698  -0.00265182481966654   -0.0546589821102644    0.0986948308251896   0.00105506763381978  -0.00150830794841707
-4.05325308908165e-05  0.000236945282524054   0.00906743316573193  -0.00328904325187629   -0.0567494937973245   -0.0329104638849994   -0.0262241899517408   0.00105506763381978    0.0995911678674291  -0.00174942243882132
 -0.00342143272891108    0.0018840326101938   -0.0939109483407583    0.0573527109123726    0.0518374533207671   -0.0296927621631518   0.00950363224836597  -0.00150830794841707  -0.00174942243882132    0.0388819288291906
TOTAL ENERGY: -127.400037830536	 lambda: -0.1	 population of target: 6.26245954994993
1RDM: 
     1.99998720033037   6.5563693105047e-06 -0.000172006156308213  0.000251413231845729  6.87758475477115e-05 -3.97524254743312e-05 -0.000179864130216283 -2.00442811064375e-05 -1.09701884141922e-05  -0.00165855495316149
  6.5563693105047e-06      1.99998712495482 -0.000203640358868415 -5.00275606840163e-05  0.000105982856254118 -5.82017942735486e-05  0.000723478480326659  0.000123466034280954   5.7085953210068e-05  0.000966391737934414
-0.000172006156308213 -0.000203640358868415      1.98223050543732   0.00431596297698787   0.00926809993142416  -0.00520867165711848    0.0264674274971468   0.00478800631345482   0.00211165923702386   -0.0621129935051916
 0.000251413231845729 -5.00275606840163e-05   0.00431596297698787      1.97863735779905  0.000305386806710192 -0.000208273554670028   -0.0078141741605895  -0.00169301899722088 -0.000817608876674899    0.0317486698524962
 6.87758475477115e-05  0.000105982856254118   0.00926809993142416  0.000305386806710192      1.95342208235522   -0.0249053964111228   0.00177799527973331   -0.0138438660302607   -0.0349106880199525      0.04544666370236
-3.97524254743312e-05 -5.82017942735486e-05  -0.00520867165711848 -0.000208273554670028   -0.0249053964111228      1.92472934138189  -0.00128572170573909   -0.0207983284714988   0.00518746611241736   -0.0260139778525739
-0.000179864130216283  0.000723478480326659    0.0264674274971468   -0.0078141741605895   0.00177799527973331  -0.00128572170573909      1.92034616218015   -0.0135502892379662  -0.00653064890901089    0.0239268096020807
-2.00442811064375e-05  0.000123466034280954   0.00478800631345482  -0.00169301899722088   -0.0138438660302607   -0.0207983284714988   -0.0135502892379662     0.102233665386649  0.000262239801885015 -0.000407891131283899
-1.09701884141922e-05   5.7085953210068e-05   0.00211165923702386 -0.000817608876674899   -0.0349106880199525   0.00518746611241736  -0.00653064890901089  0.000262239801885015     0.102469669569706  -0.00109538845558557
 -0.00165855495316149  0.000966391737934414   -0.0621129935051916    0.0317486698524962      0.04544666370236   -0.0260139778525739    0.0239268096020807 -0.000407891131283899  -0.00109538845558557    0.0359568906048795
TOTAL ENERGY: -127.407962454392	 lambda: 0	 population of target: 6.42096411419907
1RDM: 
     1.99998811733216  5.87713250694657e-06  -0.00013878405628335  0.000190377628411071  5.21963988371266e-05 -2.90879264216631e-05 -0.000216606441043845  3.94118727170065e-05  1.78588939584369e-05  0.000116764052293942
 5.87713250694657e-06      1.99998735990179 -0.000239329762239912 -1.13081598404648e-05   0.00010659794724272 -6.58357337029582e-05  0.000785846092067941 -0.000244302584731466 -0.000119219133841134  3.31747424591483e-05
 -0.00013878405628335 -0.000239329762239912      1.98239637303125   0.00347717268636753    0.0083139440466919  -0.00494536728264648    0.0279031075126438  -0.00948904219609403    -0.004713268742948   -0.0296690388604873
 0.000190377628411071 -1.13081598404648e-05   0.00347717268636753      1.98034614983471 -0.000206514682052801  0.000184407063328216  -0.00839562569851121   0.00334504431195276   0.00160756381952168   0.00610990604826606
 5.21963988371266e-05   0.00010659794724272    0.0083139440466919 -0.000206514682052801      1.95313166660099   -0.0279090296819218    0.0024484326959327   -0.0240001724593751    -0.013457488566902    0.0387591367872063
-2.90879264216631e-05 -6.58357337029582e-05  -0.00494536728264648  0.000184407063328216   -0.0279090296819218      1.91919160439737  -0.00087101564327014    -0.038527541364514      0.04253050584598   -0.0221658013737898
-0.000216606441043845  0.000785846092067941    0.0279031075126438  -0.00839562569851121    0.0024484326959327  -0.00087101564327014      1.91450947085735    0.0267695869910437    0.0127837399931943    0.0384788436487848
 3.94118727170065e-05 -0.000244302584731466  -0.00948904219609403   0.00334504431195276   -0.0240001724593751    -0.038527541364514    0.0267695869910437     0.108044940261404 -0.000515339860748725  0.000671849632893086
 1.78588939584369e-05 -0.000119219133841134    -0.004713268742948   0.00160756381952168    -0.013457488566902      0.04253050584598    0.0127837399931943 -0.000515339860748725     0.107633983591195 -0.000445390083132554
 0.000116764052293942  3.31747424591483e-05   -0.0296690388604873   0.00610990604826606    0.0387591367872063   -0.0221658013737898    0.0384788436487848  0.000671849632893086 -0.000445390083132554    0.0347703341918491
TOTAL ENERGY: -127.400047259161	 lambda: 0.1	 population of target: 6.579325197088
1RDM: 
       1.999985767726  6.95381942290543e-06 -0.000164744071655528  0.000174044636702327  4.47609201763187e-05 -2.36818469499569e-05 -0.000282716100336725  9.75562270394167e-05  4.58780921331826e-05   0.00189816766102269
 6.95381942290543e-06      1.99998653954719 -0.000248053458946547  5.10871417106278e-06  0.000101724525896309 -7.01693312833817e-05    0.0008774615563136   -0.0006040080530405 -0.000291550406156777   -0.0009119635858671
-0.000164744071655528 -0.000248053458946547      1.98124799347482   0.00347825573199724   0.00752342075682933  -0.00476950784376186    0.0293998087582829   -0.0234534433397202   -0.0113915662768528   0.00329182504266411
 0.000174044636702327  5.10871417106278e-06   0.00347825573199724      1.98130978023675 -0.000770129733336016  0.000604495095868957  -0.00881503410989372   0.00827279425684242   0.00398088114762205   -0.0195020780776307
 4.47609201763187e-05  0.000101724525896309   0.00752342075682933 -0.000770129733336016      1.95236848217392    -0.031689516415111   0.00317841135235087    -0.033897124034452    0.0075555242672823    0.0316209362357548
-2.36818469499569e-05 -7.01693312833817e-05  -0.00476950784376186  0.000604495095868957    -0.031689516415111      1.91230573540634 -0.000507873261538161   -0.0558077198729151    0.0790341244198412   -0.0180601925474572
-0.000282716100336725    0.0008774615563136    0.0293998087582829  -0.00881503410989372   0.00317841135235087 -0.000507873261538161      1.90685145493591    0.0662060169763203    0.0316734624203995    0.0531140149075154
 9.75562270394167e-05   -0.0006040080530405   -0.0234534433397202   0.00827279425684242    -0.033897124034452   -0.0558077198729151    0.0662060169763203     0.115799753087444  -0.00127585227336547   0.00172855755825183
 4.58780921331826e-05 -0.000291550406156777   -0.0113915662768528   0.00398088114762205    0.0075555242672823    0.0790341244198412    0.0316734624203995  -0.00127585227336547     0.114756614749826  0.000202490819970992
  0.00189816766102269   -0.0009119635858671   0.00329182504266411   -0.0195020780776307    0.0316209362357548   -0.0180601925474572    0.0531140149075154   0.00172855755825183  0.000202490819970992     0.035387878661842
TOTAL ENERGY: -127.376371095171	 lambda: 0.2	 population of target: 6.73719995708054
1RDM: 
     1.99998014628865  9.81057843135524e-06 -0.000251054475408359   0.00020255751200479  4.73067585054633e-05 -2.40127885335532e-05 -0.000377815834459428  0.000154416590358515  7.30841629036595e-05   0.00367845430873233
 9.81057843135524e-06      1.99998466185589 -0.000227618196929051 -1.41540144438518e-06  9.09733237260836e-05 -7.09833373062485e-05    0.0009952651866122 -0.000955827302893852 -0.000459984974924427  -0.00186533244406465
-0.000251054475408359 -0.000227618196929051       1.9787923098906   0.00430860253013084   0.00691747510987781  -0.00469321528723186    0.0308174365720796   -0.0371121037149242   -0.0179269592950667    0.0366071431072378
  0.00020255751200479 -1.41540144438518e-06   0.00430860253013084      1.98150283420088  -0.00140536899122331   0.00106343285236912  -0.00902330983311311     0.013092681848077   0.00630391183160348   -0.0449888904838411
 4.73067585054633e-05  9.09733237260836e-05   0.00691747510987781  -0.00140536899122331      1.95120624868399   -0.0360495246903706   0.00398021092015952   -0.0435470918854929    0.0281335537425419    0.0239565031554779
-2.40127885335532e-05 -7.09833373062485e-05  -0.00469321528723186   0.00106343285236912   -0.0360495246903706      1.90437653833244  -0.00020293696148176   -0.0726598137630993     0.114720128912096   -0.0136539025406014
-0.000377815834459428    0.0009952651866122    0.0308174365720796  -0.00902330983311311   0.00398021092015952  -0.00020293696148176      1.89773652791453     0.104778429012716    0.0501475890530239    0.0677718140186662
 0.000154416590358515 -0.000955827302893852   -0.0371121037149242     0.013092681848077   -0.0435470918854929   -0.0726598137630993     0.104778429012716     0.125100951781427  -0.00201967988478418   0.00276282874480218
 7.30841629036595e-05 -0.000459984974924427   -0.0179269592950667   0.00630391183160348    0.0281335537425419     0.114720128912096    0.0501475890530239  -0.00201967988478418     0.123439957049767  0.000850036109068346
  0.00367845430873233  -0.00186533244406465    0.0366071431072378   -0.0449888904838411    0.0239565031554779   -0.0136539025406014    0.0677718140186662   0.00276282874480218  0.000850036109068346    0.0378798240018457
TOTAL ENERGY: -127.337072773801	 lambda: 0.3	 population of target: 6.89441615174827
1RDM: 
     1.99997128806219   1.4453438221977e-05 -0.000398019863273605  0.000275323343103439  6.06351838486655e-05 -3.05349509944372e-05 -0.000501153216179579  0.000210210869407056  9.95657012307678e-05   0.00544970142244504
  1.4453438221977e-05      1.99998173089544 -0.000176321515625546 -3.11475736187813e-05   7.3988900607092e-05 -6.81011663390836e-05   0.00113623756085836  -0.00130111362320871 -0.000625164503201468  -0.00282334453393922
-0.000398019863273605 -0.000176321515625546      1.97505050228382   0.00594611062204221   0.00651591070328029  -0.00472886265556781    0.0320332291933748   -0.0505175977961031   -0.0243450422322062    0.0700821501195749
 0.000275323343103439 -3.11475736187813e-05   0.00594611062204221       1.9809155717804  -0.00213936446425892   0.00157711408095034  -0.00898214328452782    0.0178232746360993   0.00858609343466744   -0.0702059697846166
 6.06351838486655e-05   7.3988900607092e-05   0.00651591070328029  -0.00213936446425892      1.94970848034219   -0.0408011404153334   0.00486612620481682   -0.0529947845310813    0.0483506492432114     0.015800556342839
-3.05349509944372e-05 -6.81011663390836e-05  -0.00472886265556781   0.00157711408095034   -0.0408011404153334      1.89568204970207  3.96964462747083e-05   -0.0891612581990885      0.14972962280256  -0.00896672056806451
-0.000501153216179579   0.00113623756085836    0.0320332291933748  -0.00898214328452782   0.00486612620481682  3.96964462747083e-05      1.88750880758623     0.142635221424708    0.0682770123137812    0.0823742961182405
 0.000210210869407056  -0.00130111362320871   -0.0505175977961031    0.0178232746360993   -0.0529947845310813   -0.0891612581990885     0.142635221424708     0.135575963802503  -0.00274969187826124   0.00377857536117229
 9.95657012307678e-05 -0.000625164503201468   -0.0243450422322062   0.00858609343466744    0.0483506492432114      0.14972962280256    0.0682770123137812  -0.00274969187826124     0.133308912918802   0.00149843369818634
  0.00544970142244504  -0.00282334453393922    0.0700821501195749   -0.0702059697846166     0.015800556342839  -0.00896672056806451    0.0823742961182405   0.00377857536117229   0.00149843369818634    0.0422966926264073
TOTAL ENERGY: -127.282282775856	 lambda: 0.4	 population of target: 7.05097361233542
1RDM: 
     1.99995926798171  2.08726154580409e-05 -0.000604978572528373  0.000390846112728652  8.51341971599046e-05 -4.34630383853778e-05 -0.000651698184997688  0.000265308836365783  0.000125492277242005   0.00720366100413292
 2.08726154580409e-05      1.99997774884885 -9.32330325360881e-05 -8.38360461119556e-05  5.06066046465621e-05 -6.14739371335195e-05   0.00129817494422764  -0.00164215669194026 -0.000788183304660214  -0.00378257522550267
-0.000604978572528373 -9.32330325360881e-05      1.97005016360578   0.00835737419896293    0.0063292057637687  -0.00488420647979589    0.0329733271073807   -0.0637588418646508   -0.0306886445351374     0.103499687651607
 0.000390846112728652 -8.38360461119556e-05   0.00835737419896293      1.97956031696786  -0.00299662799700634   0.00216018670628638  -0.00867674989007321    0.0224959653323308    0.0108429598598329   -0.0949702579888233
 8.51341971599046e-05  5.06066046465621e-05    0.0063292057637687  -0.00299662799700634      1.94791244159753    -0.045812797939208   0.00584387669427336    -0.062308785440491     0.068336976856384   0.00729684665049261
-4.34630383853778e-05 -6.14739371335195e-05  -0.00488420647979589   0.00216018670628638    -0.045812797939208      1.88640346148182  0.000220580511350355    -0.105431348539781     0.184297696055829  -0.00408077580908658
-0.000651698184997688   0.00129817494422764    0.0329733271073807  -0.00867674989007321   0.00584387669427336  0.000220580511350355      1.87640703734011     0.180027446943137     0.086181921800015    0.0968285236384769
 0.000265308836365783  -0.00164215669194026   -0.0637588418646508    0.0224959653323308    -0.062308785440491    -0.105431348539781     0.180027446943137     0.146973674394145  -0.00347073553416443   0.00478232744212122
 0.000125492277242005 -0.000788183304660214   -0.0306886445351374    0.0108429598598329     0.068336976856384     0.184297696055829     0.086181921800015  -0.00347073553416443     0.144108231451988   0.00214796735332438
  0.00720366100413292  -0.00378257522550267     0.103499687651607   -0.0949702579888233   0.00729684665049261  -0.00408077580908658    0.0968285236384769   0.00478232744212122   0.00214796735332438     0.048647656330249
TOTAL ENERGY: -127.212078187764	 lambda: 0.5	 population of target: 7.20699231598038
1RDM: 
     1.99994419652242  2.90449098164261e-05 -0.000870298730584011  0.000546723437826814  0.000120542139592438 -6.26386888119536e-05  -0.00082825615575999  0.000320146100743707  0.000151077875027286   0.00893225247002874
 2.90449098164261e-05      1.99997271044285   2.1617734252346e-05 -0.000158633328581229  2.09763563143186e-05 -5.12407640440117e-05   0.00148024371425793  -0.00198165082868157 -0.000950335917794624  -0.00473977753742917
-0.000870298730584011   2.1617734252346e-05      1.96381903083194    0.0114996121435533   0.00635281375051876  -0.00515871639040945    0.0336343533446081   -0.0769404209693212   -0.0370078103398182     0.136636010800892
 0.000546723437826814 -0.000158633328581229    0.0114996121435533      1.97747312205364  -0.00399155777249018   0.00282161975877784  -0.00812352469799365    0.0271476727336859    0.0130924941355789    -0.119078983743664
 0.000120542139592438  2.09763563143186e-05   0.00635281375051876  -0.00399155777249018      1.94581875189602   -0.0510432483761724   0.00691335327264763   -0.0715654564173975    0.0882487177293203  -0.00133238854463464
-6.26386888119536e-05 -5.12407640440117e-05  -0.00515871639040945   0.00282161975877784   -0.0510432483761724      1.87657729222843  0.000345625684200854    -0.121603243766433     0.218698686043202  0.000876911157567036
 -0.00082825615575999   0.00148024371425793    0.0336343533446081  -0.00812352469799365   0.00691335327264763  0.000345625684200854       1.8645039276927     0.217250467577105     0.104003906979075     0.111033049867713
 0.000320146100743707  -0.00198165082868157   -0.0769404209693212    0.0271476727336859   -0.0715654564173975    -0.121603243766433     0.217250467577105     0.159232844554398   -0.0041885095761877   0.00578171116124363
 0.000151077875027286 -0.000950335917794624   -0.0370078103398182    0.0130924941355789    0.0882487177293203     0.218698686043202     0.104003906979075   -0.0041885095761877     0.155771889828007   0.00279789254484724
  0.00893225247002874  -0.00473977753742917     0.136636010800892    -0.119078983743664  -0.00133238854463464  0.000876911157567036     0.111033049867713   0.00578171116124363   0.00279789254484724    0.0568862339496356
TOTAL ENERGY: -127.126482434118	 lambda: 0.6	 population of target: 7.36262579154362
1RDM: 
     1.99992621360316  3.89354733371988e-05  -0.00119146006704368  0.000739781193189815  0.000165911474019441 -8.75118767917822e-05  -0.00102955561139418  0.000375117824172226  0.000176530689529978    0.0106280441492978
 3.89354733371988e-05      1.99996660136083  0.000167204796534845 -0.000254114804381102 -1.43985987327921e-05 -3.77379359321668e-05   0.00168315060150491  -0.00232203513383517  -0.00111280145916004  -0.00569192933698413
 -0.00119146006704368  0.000167204796534845      1.95638252376151    0.0153235017624935   0.00656518169674852  -0.00554193308056816    0.0340886535366949   -0.0901569885029289   -0.0433474847354566     0.169279983812769
 0.000739781193189815 -0.000254114804381102    0.0153235017624935      1.97471146932261  -0.00512471477242126   0.00356239659178812  -0.00737060567675983    0.0318117997140597    0.0153507184747355    -0.142332563468579
 0.000165911474019441 -1.43985987327921e-05   0.00656518169674852  -0.00512471477242126      1.94339219426121   -0.0565537819015691   0.00806545541189643   -0.0808301612325526      0.10822983712899  -0.00983809294010232
-8.75118767917822e-05 -3.77379359321668e-05  -0.00554193308056816   0.00356239659178812   -0.0565537819015691      1.86608490635751  0.000425334365497561     -0.13779127473328     0.253178994456349   0.00576395970104077
 -0.00102955561139418   0.00168315060150491    0.0340886535366949  -0.00737060567675983   0.00806545541189643  0.000425334365497561      1.85168814164566     0.254571650530079     0.121871308157278     0.124887234047554
 0.000375117824172226  -0.00232203513383517   -0.0901569885029289    0.0318117997140597   -0.0808301612325526     -0.13779127473328     0.254571650530079     0.172501132974336  -0.00490816830936237   0.00678357979028018
 0.000176530689529978  -0.00111280145916004   -0.0433474847354566    0.0153507184747355      0.10822983712899     0.253178994456349     0.121871308157278  -0.00490816830936237     0.168443284579235   0.00344656275752665
   0.0106280441492978  -0.00569192933698413     0.169279983812769    -0.142332563468579  -0.00983809294010232   0.00576395970104077     0.124887234047554   0.00678357979028018   0.00344656275752665    0.0669035321339761
TOTAL ENERGY: -127.025509947744	 lambda: 0.7	 population of target: 7.51797157937917
1RDM: 
     1.99990548212409   5.0499238276679e-05  -0.00156521882883786   0.00096629611782363  0.000219810721621231 -0.000117258386122766   -0.0012542951915281  0.000430480743041287  0.000202002127557082    0.0122846843484247
  5.0499238276679e-05      1.99995940044424  0.000341651774926999 -0.000368397986538381 -5.47571294479059e-05 -2.14322958470771e-05   0.00190889967569807  -0.00266488996153863  -0.00127635256842095  -0.00663635661119345
 -0.00156521882883786  0.000341651774926999      1.94776502909916    0.0197762225577648   0.00693082671987994  -0.00601476557874204    0.0344716866542208    -0.103469831660321   -0.0497363434651209     0.201253218765045
  0.00096629611782363 -0.000368397986538381    0.0197762225577648      1.97134953121268  -0.00638366957024042   0.00437583342232203  -0.00649132445557766      0.03650997018073    0.0176277520659994    -0.164556867054657
