TOTAL ENERGY: -126.707603577178	 lambda: -1	 population of target: 5.18286182175338
1RDM: 
     1.99998424194842 -9.22564296061596e-06 -0.000993298433625194  0.000933034782170642  -0.00144447540196665   -6.492555284397e-15  -2.6487163681877e-15 -4.56590910221765e-15  9.99987060311013e-15  -0.00380996917629319
-9.22564296061596e-06      1.99998909479134 -0.000658715355299118  0.000572244275868905 -0.000848760786459742 -1.44967674355739e-14 -5.34251759869814e-15 -1.36372987673467e-14  3.30795852819894e-14  -0.00320023941960176
-0.000993298433625194 -0.000658715355299118      1.90381376452347     0.042652407973571    -0.153167124535009  4.77396201517526e-13  2.10505660832514e-13  6.57013706073328e-13 -1.27640031127399e-12    -0.367054655317413
 0.000933034782170642  0.000572244275868905     0.042652407973571      1.93298778267117    0.0514589193573316   1.5788764493108e-12   5.7905048422861e-13  1.61231764947301e-12 -3.88521373870024e-12     0.177010765526869
 -0.00144447540196665 -0.000848760786459742    -0.153167124535009    0.0514589193573316      1.74407348342132 -2.59154236286619e-12 -1.02146015389368e-12 -2.84028711451677e-12  6.42209057386954e-12    -0.556991494505981
  -6.492555284397e-15 -1.44967674355739e-14  4.77396201517526e-13   1.5788764493108e-12 -2.59154236286619e-12       1.8858034493127  -0.00975983781149068   -0.0632409695409977     0.225342456459562  1.27261076438202e-12
 -2.6487163681877e-15 -5.34251759869814e-15  2.10505660832514e-13   5.7905048422861e-13 -1.02146015389368e-12  -0.00975983781149068      1.78094219736452    -0.472335634355357   -0.0614745476188306  4.88034911467166e-13
-4.56590910221765e-15 -1.36372987673467e-14  6.57013706073328e-13  1.61231764947301e-12 -2.84028711451677e-12   -0.0632409695409977    -0.472335634355357      0.24470772519736   0.00900894091365674  1.82656404617244e-12
 9.99987060311013e-15  3.30795852819894e-14 -1.27640031127399e-12 -3.88521373870024e-12  6.42209057386954e-12     0.225342456459562   -0.0614745476188306   0.00900894091365674     0.139578015621866 -4.24275158322271e-12
 -0.00380996917629319  -0.00320023941960176    -0.367054655317413     0.177010765526869    -0.556991494505981  1.27261076438202e-12  4.88034911467166e-13  1.82656404617244e-12 -4.24275158322271e-12     0.368120245147915
TOTAL ENERGY: -126.8276665375	 lambda: -0.9	 population of target: 5.30925382176411
1RDM: 
      1.9999856122605  -7.9078092151514e-06 -0.000893369284073461  0.000844593801567216  -0.00135651860602496  1.25265294290559e-14  7.46693982171469e-15  1.47447492034919e-14  -2.0989989427689e-14  -0.00355806245946474
 -7.9078092151514e-06      1.99999037644476 -0.000565319219166643  0.000494938442356483 -0.000757912949101682  2.54497731911656e-14  1.38932856126933e-14  3.38081049064688e-14 -5.98342345370199e-14  -0.00292396831045141
-0.000893369284073461 -0.000565319219166643      1.91225938945479    0.0371076610754332    -0.144982986618895 -9.45144552008895e-13 -5.96325705565205e-13 -1.54329850374605e-12  2.60248158292803e-12    -0.348242015556482
 0.000844593801567216  0.000494938442356483    0.0371076610754332      1.93883951598536    0.0466310827809935 -2.76573748006953e-12 -1.47616892460767e-12 -3.91565243979991e-12  7.04474138991414e-12      0.16234350553865
 -0.00135651860602496 -0.000757912949101682    -0.144982986618895    0.0466310827809935      1.74958766704368  4.80877936977219e-12   2.6809781155578e-12  7.06111133327856e-12 -1.23821698372747e-11     -0.55259422875987
 1.25265294290559e-14  2.54497731911656e-14 -9.45144552008895e-13 -2.76573748006953e-12  4.80877936977219e-12       1.8805487398172  -0.00831087759223304   -0.0539868467306376     0.173049345884518 -2.20890131529379e-12
 7.46693982171469e-15  1.38932856126933e-14 -5.96325705565205e-13 -1.47616892460767e-12   2.6809781155578e-12  -0.00831087759223304      1.79125535456965    -0.421050357400015   -0.0522132162684343 -1.42174291338177e-12
 1.47447492034919e-14  3.38081049064688e-14 -1.54329850374605e-12 -3.91565243979991e-12  7.06111133327856e-12   -0.0539868467306376    -0.421050357400015     0.232736192459618   0.00767145985241445 -4.32843155454827e-12
 -2.0989989427689e-14 -5.98342345370199e-14  2.60248158292803e-12  7.04474138991414e-12 -1.23821698372747e-11     0.173049345884518   -0.0522132162684343   0.00767145985241445     0.143214205132718  7.77705845908936e-12
 -0.00355806245946474  -0.00292396831045141    -0.348242015556482      0.16234350553865     -0.55259422875987 -2.20890131529379e-12 -1.42174291338177e-12 -4.32843155454827e-12  7.77705845908936e-12     0.351582946831682
TOTAL ENERGY: -126.936279931037	 lambda: -0.8	 population of target: 5.43704942787409
1RDM: 
     1.99998693806935    -6.68349522407e-06 -0.000795743800068335   0.00075795735612349   -0.0012620110059763 -3.16115757309683e-14 -3.28248296881942e-15 -1.55466421375751e-14  6.50485615494042e-14  -0.00328270667464681
   -6.68349522407e-06      1.99999155191291 -0.000479828611356331  0.000423537794764485 -0.000670220626822744  -5.9475023983905e-14   -5.224421523314e-15 -3.37931705246556e-14  1.60810105950072e-13  -0.00265134884267154
-0.000795743800068335 -0.000479828611356331      1.92061244798732    0.0316891940899374    -0.136064332496104  2.40722081496803e-12  3.09543029835591e-13  1.82400072486816e-12  -7.6115865419141e-12    -0.327631485705183
  0.00075795735612349  0.000423537794764485    0.0316891940899374      1.94460613515593    0.0414000594997345   6.3741084121522e-12  6.27192705396192e-13  4.01637345173364e-12 -1.86095612975585e-11     0.146722084919997
  -0.0012620110059763 -0.000670220626822744    -0.136064332496104    0.0414000594997345      1.75694038733431 -1.17197644226432e-11 -1.35051554983319e-12 -7.86884218620296e-12  3.44808067645546e-11    -0.544779086184088
-3.16115757309683e-14  -5.9475023983905e-14  2.40722081496803e-12   6.3741084121522e-12 -1.17197644226432e-11      1.87282394883365  -0.00693969192534401   -0.0452265103057383     0.123973632983351  4.90871312627525e-12
-3.28248296881942e-15   -5.224421523314e-15  3.09543029835591e-13  6.27192705396192e-13 -1.35051554983319e-12  -0.00693969192534401      1.79826278935322    -0.372107489127524   -0.0434519355842927  6.70579627654037e-13
-1.55466421375751e-14 -3.37931705246556e-14  1.82400072486816e-12  4.01637345173364e-12 -7.86884218620296e-12   -0.0452265103057383    -0.372107489127524     0.224109836366921   0.00640576966133354  4.61498713620015e-12
 6.50485615494042e-14  1.60810105950072e-13  -7.6115865419141e-12 -1.86095612975585e-11  3.44808067645546e-11     0.123973632983351   -0.0434519355842927   0.00640576966133354     0.149357790797407  -2.0698339604436e-11
 -0.00328270667464681  -0.00265134884267154    -0.327631485705183     0.146722084919997    -0.544779086184088  4.90871312627525e-12  6.70579627654037e-13  4.61498713620015e-12  -2.0698339604436e-11     0.333308174189031
TOTAL ENERGY: -127.033109973663	 lambda: -0.7	 population of target: 5.56616713817368
1RDM: 
     1.99998815918546 -5.55062462129653e-06 -0.000705419897443316  0.000676219166583415  -0.00117112651588864  4.25381769262675e-15 -2.26629514351811e-14 -3.55372614502989e-14 -1.81954931526269e-14  -0.00298748316034384
-5.55062462129653e-06      1.99999260575988 -0.000401993898807589  0.000357528520968898 -0.000584324250091914  7.51525805637077e-15 -3.67248906605389e-14  -6.6549811644997e-14 -3.82793591849087e-14  -0.00238305150667885
-0.000705419897443316 -0.000401993898807589      1.92845354689465    0.0266261412210113    -0.127237614309083 -3.21930114910183e-13  1.76046422752855e-12  3.71296294519198e-12  1.99900642131658e-12    -0.305431202753159
 0.000676219166583415  0.000357528520968898    0.0266261412210113      1.95013394068956    0.0362473529452504 -8.16641186694762e-13  3.71667937808989e-12  7.09628249840915e-12    4.302051544214e-12     0.129992776296888
 -0.00117112651588864 -0.000584324250091914    -0.127237614309083    0.0362473529452504      1.76447291572072    1.554575022314e-12  -7.6138549326597e-12 -1.47894199632079e-11 -8.54887914143341e-12    -0.533920348343731
 4.25381769262675e-15  7.51525805637077e-15 -3.21930114910183e-13 -8.16641186694762e-13    1.554575022314e-12      1.86309436471239  -0.00562509491086863   -0.0368252420688167    0.0772687565325135  -5.5866349162888e-13
-2.26629514351811e-14 -3.67248906605389e-14  1.76046422752855e-12  3.71667937808989e-12  -7.6138549326597e-12  -0.00562509491086863      1.80265744571059    -0.324838921968878   -0.0350546994246711  3.31883251674755e-12
-3.55372614502989e-14  -6.6549811644997e-14  3.71296294519198e-12  7.09628249840915e-12 -1.47894199632079e-11   -0.0368252420688167    -0.324838921968878     0.218107789712305   0.00519231386813442  8.35550507026336e-12
-1.81954931526269e-14 -3.82793591849087e-14  1.99900642131658e-12    4.302051544214e-12 -8.54887914143341e-12    0.0772687565325135   -0.0350546994246711   0.00519231386813442     0.157516144233594  4.91634686443912e-12
 -0.00298748316034384  -0.00238305150667885    -0.305431202753159     0.129992776296888    -0.533920348343731  -5.5866349162888e-13  3.31883251674755e-12  8.35550507026336e-12  4.91634686443912e-12     0.315583087380863
TOTAL ENERGY: -127.117360257426	 lambda: -0.6	 population of target: 5.69578312354674
1RDM: 
     1.99998924963692 -4.50508892423213e-06 -0.000625288476564061  0.000601503178712932  -0.00109067239616372  2.00271157044044e-14  5.18668776009193e-14   1.0310419782342e-13 -3.21081694632729e-14  -0.00268124983375998
-4.50508892423213e-06       1.9999935366868 -0.000331176098128952  0.000296816136707593 -0.000498929322026698  3.13456340306393e-14  7.74385810762017e-14  1.71746298424508e-13 -6.42210188232892e-14   -0.0021138114582549
-0.000625288476564061 -0.000331176098128952      1.93548017105676    0.0221087353856316    -0.119186317959903 -1.57525922142383e-12 -4.14308011449951e-12 -1.01384760519386e-11  3.62700233898955e-12    -0.282371971277104
 0.000601503178712932  0.000296816136707593    0.0221087353856316       1.9552874124214    0.0315898712649849 -3.26552903613611e-12 -7.79783905453698e-12 -1.81103952608865e-11  7.31884539218083e-12     0.112552293182489
 -0.00109067239616372 -0.000498929322026698    -0.119186317959903    0.0315898712649849       1.7706533547807  6.87913160904685e-12  1.72188522424303e-11  4.02638416471924e-11 -1.56283721984812e-11    -0.521852362234077
 2.00271157044044e-14  3.13456340306393e-14 -1.57525922142383e-12 -3.26552903613611e-12  6.87913160904685e-12      1.85128058572161  -0.00434096155272152   -0.0286162073530948    0.0319896927763556 -2.49174997611478e-12
 5.18668776009193e-14  7.74385810762017e-14 -4.14308011449951e-12 -7.79783905453698e-12  1.72188522424303e-11  -0.00434096155272152      1.80464059690616    -0.278322249652053   -0.0268545118205071 -7.34514484885863e-12
  1.0310419782342e-13  1.71746298424508e-13 -1.01384760519386e-11 -1.81103952608865e-11  4.02638416471924e-11   -0.0286162073530948    -0.278322249652053     0.214500073669438   0.00400697843774372 -2.18134810304824e-11
-3.21081694632729e-14 -6.42210188232892e-14  3.62700233898955e-12  7.31884539218083e-12 -1.56283721984812e-11    0.0319896927763556   -0.0268545118205071   0.00400697843774372      0.16774068027201  8.48786143114839e-12
 -0.00268124983375998   -0.0021138114582549    -0.282371971277104     0.112552293182489    -0.521852362234077 -2.49174997611478e-12 -7.34514484885863e-12 -2.18134810304824e-11  8.48786143114839e-12     0.300434338848289
TOTAL ENERGY: -127.18848914787	 lambda: -0.5	 population of target: 5.82510080918918
1RDM: 
     1.99999022823073 -3.54637460413064e-06 -0.000554902606570789  0.000533750212137925  -0.00102071184654796 -6.68168840493437e-14 -1.05693367019365e-13 -2.38735973829547e-13  1.52715381784953e-13  -0.00237326451289578
-3.54637460413064e-06      1.99999434706898 -0.000266902975700829  0.000241603364902485   -0.0004129175973485 -9.74199230855844e-14 -1.45786559855946e-13 -3.62250917924319e-13   2.6728204667418e-13  -0.00183516407592015
-0.000554902606570789 -0.000266902975700829      1.94164605891237    0.0181780708970536      -0.1120989645505   5.2524332453172e-12  8.55129886227647e-12  2.31465510143989e-11 -1.62550343363594e-11    -0.259270143581303
 0.000533750212137925  0.000241603364902485    0.0181780708970536      1.96003794416141    0.0275548896055122  1.00377669070666e-11  1.45501607106872e-11  3.69348059816933e-11 -2.92143441607261e-11    0.0950691553367875
 -0.00102071184654796   -0.0004129175973485      -0.1120989645505    0.0275548896055122      1.77483315618245 -2.21815736228272e-11 -3.44500463087274e-11 -8.93931338635722e-11  6.71655371143938e-11    -0.510835307496405
-6.68168840493437e-14 -9.74199230855844e-14   5.2524332453172e-12  1.00377669070666e-11 -2.21815736228272e-11      1.83697762191742  -0.00306425923356939   -0.0204519515781565   -0.0126462118238956  7.10684392315298e-12
-1.05693367019365e-13 -1.45786559855946e-13  8.55129886227647e-12  1.45501607106872e-11 -3.44500463087274e-11  -0.00306425923356939      1.80405473151548    -0.231693564100737   -0.0187045049134405  1.40264954463655e-11
-2.38735973829547e-13 -3.62250917924319e-13  2.31465510143989e-11  3.69348059816933e-11 -8.93931338635722e-11   -0.0204519515781565    -0.231693564100737      0.21342123975007   0.00282850276213551  4.66076180659144e-11
 1.52715381784953e-13   2.6728204667418e-13 -1.62550343363594e-11 -2.92143441607261e-11  6.71655371143938e-11   -0.0126462118238956   -0.0187045049134405   0.00282850276213551     0.180414062663945 -3.50930465550601e-11
 -0.00237326451289578  -0.00183516407592015    -0.259270143581303    0.0950691553367875    -0.510835307496405  7.10684392315298e-12  1.40264954463655e-11  4.66076180659144e-11 -3.50930465550601e-11     0.288630609597151
TOTAL ENERGY: -127.246519625273	 lambda: -0.4	 population of target: 5.95405535433361
1RDM: 
     1.99999114148087 -2.68343980529558e-06 -0.000491460335948802  0.000470946356120585 -0.000955370894938447 -1.27681474617944e-14 -2.42212673975213e-14 -5.73717462903336e-14  3.13988320492824e-14  -0.00206816595399643
-2.68343980529558e-06      1.99999503485246 -0.000209519900354448  0.000192247892322138 -0.000325995890947462 -1.72762571970888e-14 -3.10140209721699e-14 -7.98685408710947e-14  4.95755694219398e-14  -0.00153873798211486
-0.000491460335948802 -0.000209519900354448      1.94711438304348    0.0147243785206472    -0.105662630268292  1.00716652826092e-12  1.96443292265648e-12  5.47858862034989e-12 -3.24137845791877e-12     -0.23657673685977
 0.000470946356120585  0.000192247892322138    0.0147243785206472      1.96447645125214    0.0239480232498689  1.76145130003394e-12  3.05387496082266e-12  7.73226599172054e-12 -5.22724339743027e-12    0.0780924371269064
-0.000955370894938447 -0.000325995890947462    -0.105662630268292    0.0239480232498689      1.77741735975935  -4.0742196238525e-12 -7.65550522147151e-12  -2.0471592247492e-11  1.30433875110127e-11    -0.502427068611727
-1.27681474617944e-14 -1.72762571970888e-14  1.00716652826092e-12  1.76145130003394e-12  -4.0742196238525e-12      1.81955213159995   -0.0017827189136233   -0.0122534747617734   -0.0569928137775608   1.1767640422324e-12
-2.42212673975213e-14 -3.10140209721699e-14  1.96443292265648e-12  3.05387496082266e-12 -7.65550522147151e-12   -0.0017827189136233      1.80039832065326    -0.184429742073563   -0.0105268926702373  2.96420459767595e-12
-5.73717462903336e-14 -7.98685408710947e-14  5.47858862034989e-12  7.73226599172054e-12  -2.0471592247492e-11   -0.0122534747617734    -0.184429742073563     0.215362554208094   0.00164556046064448  1.03189032907096e-11
 3.13988320492824e-14  4.95755694219398e-14 -3.24137845791877e-12 -5.22724339743027e-12  1.30433875110127e-11   -0.0569928137775608   -0.0105268926702373   0.00164556046064448     0.196159706765344 -6.54646283235175e-12
 -0.00206816595399643  -0.00153873798211486     -0.23657673685977    0.0780924371269064    -0.502427068611727   1.1767640422324e-12  2.96420459767595e-12  1.03189032907096e-11 -6.54646283235175e-12     0.279532916385114
TOTAL ENERGY: -127.29176500366	 lambda: -0.3	 population of target: 6.08334692284426
1RDM: 
     1.99999203008479 -1.93761526553176e-06 -0.000432108839956814   0.00041062089654715 -0.000886650515805129 -2.55591202275698e-15  -5.5729690368787e-15 -1.35400890162989e-14  6.85345396618347e-15  -0.00176324198616597
-1.93761526553176e-06      1.99999558991807 -0.000160574283012528  0.000149205159299637 -0.000239440822967784 -3.29401534627496e-15 -6.59412742180934e-15 -1.76651960756884e-14  9.81256473797648e-15  -0.00121962588379023
-0.000432108839956814 -0.000160574283012528      1.95209053311655    0.0115791805374869     -0.09932515448534  1.99919393616769e-13  4.45872542185197e-13  1.32321756303169e-12 -6.83208866483745e-13     -0.21413092708716
  0.00041062089654715  0.000149205159299637    0.0115791805374869      1.96874161866469     0.020397593341872  3.28444550628943e-13  6.47639252359242e-13  1.58911908841905e-12 -9.91197738611401e-13    0.0617575410667548
-0.000886650515805129 -0.000239440822967784     -0.09932515448534     0.020397593341872      1.77951891039918 -7.76436200050283e-13 -1.68615285419608e-12 -4.72069955257483e-12  2.66799562196795e-12    -0.496713644126784
-2.55591202275698e-15 -3.29401534627496e-15  1.99919393616769e-13  3.28444550628943e-13 -7.76436200050283e-13       1.7982353118922 -0.000502526445592739  -0.00405943880118304    -0.100707413232003  1.98932637872748e-13
 -5.5729690368787e-15 -6.59412742180934e-15  4.45872542185197e-13  6.47639252359242e-13 -1.68615285419608e-12 -0.000502526445592739      1.79283608723896    -0.136630317400243  -0.00236206768323348    6.161265398511e-13
-1.35400890162989e-14 -1.76651960756884e-14  1.32321756303169e-12  1.58911908841905e-12 -4.72069955257483e-12  -0.00405943880118304    -0.136630317400243     0.221171116679895  0.000463863596426428  2.31195557628164e-12
 6.85345396618347e-15  9.81256473797648e-15 -6.83208866483745e-13 -9.91197738611401e-13  2.66799562196795e-12    -0.100707413232003  -0.00236206768323348  0.000463863596426428      0.21575806937425 -1.29328963219139e-12
 -0.00176324198616597  -0.00121962588379023     -0.21413092708716    0.0617575410667548    -0.496713644126784  1.98932637872748e-13    6.161265398511e-13  2.31195557628164e-12 -1.29328963219139e-12      0.27166073263146
TOTAL ENERGY: -127.32435493595	 lambda: -0.2	 population of target: 6.21374994399438
1RDM: 
     1.99999289734405 -1.33925767617821e-06 -0.000376124643760462  0.000351741669063658 -0.000808909593282944  6.31285851205367e-15  1.12775671932389e-14  3.14323395925157e-14 -2.11633211100653e-14   -0.0014492923747944
-1.33925767617821e-06      1.99999599696269 -0.000122595895587396  0.000113030177819567 -0.000156373600414041  7.28759221903079e-15  1.26558632222753e-14  3.68049792495669e-14   -2.762684390651e-14 -0.000878911984050536
-0.000376124643760462 -0.000122595895587396      1.95665319381591   0.00863793372215143   -0.0926358699635263 -5.05770566102296e-13 -9.41761110530753e-13 -2.76851497707302e-12  2.07284761368559e-12    -0.191225290140416
 0.000351741669063658  0.000113030177819567   0.00863793372215143      1.97290890674275    0.0165760661276585  -7.8024718991698e-13  -1.2007140897507e-12 -3.21181324729979e-12  2.59806408876988e-12    0.0457333950570738
-0.000808909593282944 -0.000156373600414041   -0.0926358699635263    0.0165760661276585      1.78238269971548  1.85242711778695e-12  3.34925934681836e-12  9.77410194218528e-12 -7.79903911219998e-12    -0.492184967960859
 6.31285851205367e-15  7.28759221903079e-15 -5.05770566102296e-13  -7.8024718991698e-13  1.85242711778695e-12      1.77240743621247  0.000748081104136292   0.00395060126910675    -0.142661474035423 -4.49355969863694e-13
 1.12775671932389e-14  1.26558632222753e-14 -9.41761110530753e-13  -1.2007140897507e-12  3.34925934681836e-12  0.000748081104136292      1.78044490929931   -0.0891854174935091   0.00560870338658962 -1.26559054490443e-12
 3.14323395925157e-14  3.68049792495669e-14 -2.76851497707302e-12 -3.21181324729979e-12  9.77410194218528e-12   0.00395060126910675   -0.0891854174935091     0.231811904183486 -0.000690525544508491 -4.68874979199086e-12
-2.11633211100653e-14   -2.762684390651e-14  2.07284761368559e-12  2.59806408876988e-12 -7.79903911219998e-12    -0.142661474035423   0.00560870338658962 -0.000690525544508491     0.239869953984739  3.67426357733935e-12
  -0.0014492923747944 -0.000878911984050536    -0.191225290140416    0.0457333950570738    -0.492184967960859 -4.49355969863694e-13 -1.26559054490443e-12 -4.68874979199086e-12  3.67426357733935e-12     0.263532101739171
TOTAL ENERGY: -127.34406293067	 lambda: -0.1	 population of target: 6.34516577694135
1RDM: 
     1.99999369661218 -9.16821530316617e-07 -0.000325722566687374   0.00029594405976219 -0.000721795396987971  3.65377410030184e-15  8.15712148968563e-15  2.33588808591707e-14 -1.30497332269942e-14  -0.00111494181593062
-9.16821530316617e-07      1.99999624437349  -9.8131009864141e-05  8.43269089397523e-05 -8.09863414389598e-05  3.87779640354412e-15  8.61029871971217e-15  2.55574308371449e-14 -1.57991425265893e-14 -0.000524151526313897
-0.000325722566687374  -9.8131009864141e-05      1.96068792709753   0.00594237144359685   -0.0854765736456577 -2.95364096378948e-13 -6.84893467143393e-13 -2.01214539092788e-12  1.25642591387773e-12    -0.166954427434198
  0.00029594405976219  8.43269089397523e-05   0.00594237144359685      1.97690792407051    0.0123858902274094  -4.3751642540906e-13 -7.97681849280233e-13 -2.08474726221641e-12  1.38004169449064e-12    0.0294345053048978
-0.000721795396987971 -8.09863414389598e-05   -0.0854765736456577    0.0123858902274094      1.78686995498092  1.02193412373989e-12  2.31619515704569e-12  6.75811002897866e-12 -4.54076794869339e-12    -0.486319263445585
 3.65377410030184e-15  3.87779640354412e-15 -2.95364096378948e-13  -4.3751642540906e-13  1.02193412373989e-12       1.7421011645083   0.00192479818713491    0.0114938319702916    -0.181235530269192 -2.42910206290177e-13
 8.15712148968563e-15  8.61029871971217e-15 -6.84893467143393e-13 -7.97681849280233e-13  2.31619515704569e-12   0.00192479818713491      1.76278149831974   -0.0436421164011437    0.0131020915009449 -8.61107448816941e-13
 2.33588808591707e-14  2.55574308371449e-14 -2.01214539092788e-12 -2.08474726221641e-12  6.75811002897866e-12    0.0114938319702916   -0.0436421164011437     0.247798830666517  -0.00177670911856497 -3.18932145284193e-12
-1.30497332269942e-14 -1.57991425265893e-14  1.25642591387773e-12  1.38004169449064e-12 -4.54076794869339e-12    -0.181235530269192    0.0131020915009449  -0.00177670911856497     0.268532108971767  2.08595342328138e-12
 -0.00111494181593062 -0.000524151526313897    -0.166954427434198    0.0294345053048978    -0.486319263445585 -2.42910206290177e-13 -8.61107448816941e-13 -3.18932145284193e-12  2.08595342328138e-12     0.254330650399056
TOTAL ENERGY: -127.35062361568	 lambda: 0	 population of target: 6.47611149604062
1RDM: 
     1.99999434755488 -6.81696295271836e-07 -0.000284901453153135  0.000247280214776397 -0.000630078165913183 -8.48589566237127e-16 -2.62850349967856e-15 -6.82110820313527e-15  2.87166361088535e-15 -0.000752542727185896
-6.81696295271836e-07      1.99999633329732 -8.83295758092692e-05   6.3532957896314e-05 -1.65072610123501e-05  -1.0215480891925e-15 -2.49570537408483e-15 -7.45378989603059e-15  3.15971959238265e-15 -0.000166827956195529
-0.000284901453153135 -8.83295758092692e-05      1.96397068880767   0.00367309372959374   -0.0780556822001239   6.3889961852347e-14  1.98861962089332e-13   6.6239077759611e-13 -2.67503000231364e-13    -0.140680069782455
 0.000247280214776397   6.3532957896314e-05   0.00367309372959374      1.98052265038052   0.00802194278821915  9.88786040574704e-14  2.44995146031627e-13  5.06107329369248e-13 -2.68624017245404e-13    0.0123919081957784
-0.000630078165913183 -1.65072610123501e-05   -0.0780556822001239   0.00802194278821915      1.79322618278236 -2.12710860856673e-13 -6.47493475848022e-13 -2.03453333439929e-12  9.10369905455429e-13     -0.47666830758998
-8.48589566237127e-16  -1.0215480891925e-15   6.3889961852347e-14  9.88786040574704e-14 -2.12710860856673e-13      1.70847189394721   0.00298412517012697    0.0182913671900336    -0.215006937639836  4.50608385707463e-14
-2.62850349967856e-15 -2.49570537408483e-15  1.98861962089332e-13  2.44995146031627e-13 -6.47493475848022e-13   0.00298412517012697      1.74053380521043  -0.00168794668567277    0.0198411064004088  2.30211397342152e-13
-6.82110820313527e-15 -7.45378989603059e-15   6.6239077759611e-13  5.06107329369248e-13 -2.03453333439929e-12    0.0182913671900336  -0.00168794668567277       0.2685281174891  -0.00275453411601984  9.52729812667283e-13
 2.87166361088535e-15  3.15971959238265e-15 -2.67503000231364e-13 -2.68624017245404e-13  9.10369905455429e-13    -0.215006937639836    0.0198411064004088  -0.00275453411601984     0.300672111594851 -4.07461698993635e-13
-0.000752542727185896 -0.000166827956195529    -0.140680069782455    0.0123919081957784     -0.47666830758998  4.50608385707463e-14  2.30211397342152e-13  9.52729812667283e-13 -4.07461698993635e-13     0.244083868935671
TOTAL ENERGY: -127.344256473237	 lambda: 0.1	 population of target: 6.60414946928379
1RDM: 
      1.9999947747043 -6.18487323307187e-07 -0.000256933507329025  0.000210440607226449 -0.000540364576409923 -1.61597460605596e-16 -1.66153508394072e-15 -3.92021703977179e-15 -2.84964861382061e-16 -0.000362225390621103
-6.18487323307187e-07      1.99999627799788 -9.20000568400545e-05  5.05855801749126e-05  3.71471568274409e-05 -3.05695813043564e-16 -1.44019454642663e-15 -4.20611689546698e-15  -3.6251750881333e-16   0.00018273873090754
-0.000256933507329025 -9.20000568400545e-05      1.96634992627904   0.00205027072743943   -0.0706676406063554  8.82902635060576e-15  1.16184219480118e-13  3.97106118518696e-13   2.4384404428291e-14    -0.112335881921412
 0.000210440607226449  5.05855801749126e-05   0.00205027072743943      1.98348323500364   0.00387345592894758   1.5380208108133e-14  1.46593555782768e-13   2.3694508374959e-13  1.21767196929941e-14   -0.0054352548163586
-0.000540364576409923  3.71471568274409e-05   -0.0706676406063554   0.00387345592894758      1.80124028478839 -2.69521042688869e-14 -3.53575209728758e-13 -1.13124868278253e-12 -7.61740704435299e-14    -0.461900112195138
-1.61597460605596e-16 -3.05695813043564e-16  8.82902635060576e-15   1.5380208108133e-14 -2.69521042688869e-14      1.67383997025059   0.00390385520157111    0.0241989930061299    -0.243507755410821  3.01935424140096e-15
-1.66153508394072e-15 -1.44019454642663e-15  1.16184219480118e-13  1.46593555782768e-13 -3.53575209728758e-13   0.00390385520157111      1.71578360295205    0.0355577082628935    0.0256861915600045  1.25113912943832e-13
-3.92021703977179e-15 -4.20611689546698e-15  3.97106118518696e-13   2.3694508374959e-13 -1.13124868278253e-12    0.0241989930061299    0.0355577082628935     0.291991622927549  -0.00360350243902303  5.28384142529433e-13
-2.84964861382061e-16  -3.6251750881333e-16   2.4384404428291e-14  1.21767196929941e-14 -7.61740704435299e-14    -0.243507755410821    0.0256861915600045  -0.00360350243902303     0.334042636629576  3.97637406994838e-14
-0.000362225390621103   0.00018273873090754    -0.112335881921412   -0.0054352548163586    -0.461900112195138  3.01935424140096e-15  1.25113912943832e-13  5.28384142529433e-13  3.97637406994838e-14     0.233277668467039
TOTAL ENERGY: -127.32585932349	 lambda: 0.2	 population of target: 6.72711690764952
1RDM: 
     1.99999494300786 -6.90526779678844e-07 -0.000242323235387707  0.000188506389413692  -0.00045697331950762  1.92411241164866e-17 -1.96011299338626e-16  1.87686870596386e-17 -3.34963876498415e-16  4.87358583548225e-05
-6.90526779678844e-07       1.9999960940476 -0.000106093578886953  4.47274385178478e-05  8.41076410529377e-05 -1.75703446193527e-16  -8.2403981425168e-17 -2.47571511683896e-16  -4.4303764020371e-16  0.000520377621637616
-0.000242323235387707 -0.000106093578886953       1.9678813347836   0.00120524043913998   -0.0634039808199407 -5.81375384697493e-15 -3.41105526096624e-15  4.81720663849854e-14  3.16426084306539e-14   -0.0823628713305128
 0.000188506389413692  4.47274385178478e-05   0.00120524043913998       1.9855939102646  0.000321132734524882 -1.83846796623282e-15    2.670136817587e-14  -3.1399228534452e-14   1.6276929739169e-14   -0.0236169114824854
 -0.00045697331950762  8.41076410529377e-05   -0.0634039808199407  0.000321132734524882      1.81065096640212  1.72909845623086e-14  1.29651074229934e-14 -1.31069169092544e-13 -1.03164852338871e-13    -0.442165964592149
 1.92411241164866e-17 -1.75703446193527e-16 -5.81375384697493e-15 -1.83846796623282e-15  1.72909845623086e-14      1.64112471098084   0.00469498268687775    0.0292837817655613    -0.267575923584955 -8.59039115109076e-15
-1.96011299338626e-16  -8.2403981425168e-17 -3.41105526096624e-15    2.670136817587e-14  1.29651074229934e-14   0.00469498268687775      1.69156834162944    0.0680429715684629    0.0307107837131922  1.19717081326314e-15
 1.87686870596386e-17 -2.47571511683896e-16  4.81720663849854e-14  -3.1399228534452e-14 -1.31069169092544e-13    0.0292837817655613    0.0680429715684629     0.315195734502874  -0.00433376289855773   6.5943623470574e-14
-3.34963876498415e-16  -4.4303764020371e-16  3.16426084306539e-14   1.6276929739169e-14 -1.03164852338871e-13    -0.267575923584955    0.0307107837131922  -0.00433376289855773     0.365768507126874  4.83225968093641e-14
 4.87358583548225e-05  0.000520377621637616   -0.0823628713305128   -0.0236169114824854    -0.442165964592149 -8.59039115109076e-15  1.19717081326314e-15   6.5943623470574e-14  4.83225968093641e-14     0.222225457254185
TOTAL ENERGY: -127.296596591107	 lambda: 0.3	 population of target: 6.8443491944633
1RDM: 
     1.99999486555628  -8.5924229703194e-07 -0.000238830861190408  0.000181722070085113 -0.000380114101369404  -9.7193216374791e-18 -1.24287719303256e-16  1.71973849811027e-16 -1.13629495351789e-16  0.000470483285307457
 -8.5924229703194e-07      1.99999578176578 -0.000127532692413116  4.46688634549858e-05  0.000130686746031025 -2.23730865937261e-16 -1.52774898242601e-17 -8.80512360930357e-17 -2.35655985692101e-16  0.000849787630203344
-0.000238830861190408 -0.000127532692413116      1.96879489983685   0.00111131963595665   -0.0560619242034973 -3.73567595944285e-15 -1.04950091548601e-14  2.84749480727474e-14  1.08404259180748e-14   -0.0513527959886628
 0.000181722070085113  4.46688634549858e-05   0.00111131963595665      1.98681222036197  -0.00243723248730487  2.20643701646086e-15  2.25905194319976e-14 -4.23511087579126e-14  9.60945755408512e-16   -0.0414909006450163
-0.000380114101369404  0.000130686746031025   -0.0560619242034973  -0.00243723248730487      1.82143810246878  1.13036570365153e-14  3.64960758028692e-14  -9.1449590927723e-14 -4.25368500494712e-14     -0.41863080134326
 -9.7193216374791e-18 -2.23730865937261e-16 -3.73567595944285e-15  2.20643701646086e-15  1.13036570365153e-14      1.61295019097856   0.00539826488610829    0.0338030769778981    -0.289095177671435 -6.37299852356246e-15
-1.24287719303256e-16 -1.52774898242601e-17 -1.04950091548601e-14  2.25905194319976e-14  3.64960758028692e-14   0.00539826488610829      1.67094999536111    0.0967975332916622    0.0351783340946691 -1.14886018224539e-15
 1.71973849811027e-16 -8.80512360930357e-17  2.84749480727474e-14 -4.23511087579126e-14  -9.1449590927723e-14    0.0338030769778981    0.0967975332916622     0.335088983792838  -0.00498293594291279  4.81337870456871e-14
-1.13629495351789e-16 -2.35655985692101e-16  1.08404259180748e-14  9.60945755408512e-16 -4.25368500494712e-14    -0.289095177671435    0.0351783340946691  -0.00498293594291279      0.39323727488315  2.11897951208279e-14
 0.000470483285307457  0.000849787630203344   -0.0513527959886628   -0.0414909006450163     -0.41863080134326 -6.37299852356246e-15 -1.14886018224539e-15  4.81337870456871e-14  2.11897951208279e-14     0.210737684994724
TOTAL ENERGY: -127.25715662536	 lambda: 0.4	 population of target: 6.95711326441146
1RDM: 
     1.99999458288527 -1.10442192431467e-06 -0.000243360370877961  0.000187874716071965 -0.000307403343585468 -2.77773401976631e-17 -1.14906897030562e-16  1.66332312568823e-16 -1.10454962160226e-17  0.000895244010458837
-1.10442192431467e-06      1.99999531639576 -0.000155158744133046  4.90151518097124e-05  0.000182137539012992 -2.52964708715067e-16 -3.91882071011043e-18 -8.50255768211004e-17 -1.53994782155858e-16   0.00118016012551478
-0.000243360370877961 -0.000155158744133046      1.96932101628882   0.00160913617508526   -0.0483188974453163 -2.53581798721003e-15  -1.2306331184229e-14  2.24010746386289e-14  7.58784952932814e-16   -0.0197055050990686
 0.000187874716071965  4.90151518097124e-05   0.00160913617508526      1.98723920092689  -0.00443239171258165  4.30756522740561e-15  2.31748563943036e-14 -4.36932997858777e-14 -4.77663135714715e-15   -0.0584865727449845
-0.000307403343585468  0.000182137539012992   -0.0483188974453163  -0.00443239171258165      1.83374840169071  8.24098751153646e-15  4.45017712583587e-14 -8.99176267524411e-14 -1.78276497828789e-14     -0.39265305338074
-2.77773401976631e-17 -2.52964708715067e-16 -2.53581798721003e-15  4.30756522740561e-15  8.24098751153646e-15      1.59092152773155   0.00607011869117662    0.0381152887308524    -0.310370050127355 -4.71622971196552e-15
-1.14906897030562e-16 -3.91882071011043e-18  -1.2306331184229e-14  2.31748563943036e-14  4.45017712583587e-14   0.00607011869117662      1.65613983710112     0.123549890043722    0.0394513723941881  1.90539498257557e-15
 1.66332312568823e-16 -8.50255768211004e-17  2.24010746386289e-14 -4.36932997858777e-14 -8.99176267524411e-14    0.0381152887308524     0.123549890043722     0.349448071135196  -0.00560309924901665  4.69374792946907e-14
-1.10454962160226e-17 -1.53994782155858e-16  7.58784952932814e-16 -4.77663135714715e-15 -1.78276497828789e-14    -0.310370050127355    0.0394513723941881  -0.00560309924901665     0.414833347600224  1.01037378933179e-14
 0.000895244010458837   0.00118016012551478   -0.0197055050990686   -0.0584865727449845     -0.39265305338074 -4.71622971196552e-15  1.90539498257557e-15  4.69374792946907e-14  1.01037378933179e-14     0.198358698244509
TOTAL ENERGY: -127.207206769596	 lambda: 0.5	 population of target: 7.06811613689403
1RDM: 
     1.99999413394848 -1.43339405746686e-06 -0.000254158053372736  0.000203637816731393 -0.000237021083753585  -2.9390303248099e-17 -1.22393070594691e-16  1.24762990986096e-16 -1.89730901611436e-17    0.0013190174465674
-1.43339405746686e-06      1.99999465058118 -0.000190606036319639  5.66831971866166e-05  0.000240161826828067 -2.62714884221803e-16 -5.76055090502406e-18 -1.18101958784012e-16 -1.76602935781237e-16   0.00152152930502162
-0.000254158053372736 -0.000190606036319639       1.9695076112855   0.00248919225244451   -0.0400237326555508 -2.55182301901419e-15 -1.25277685784683e-14  1.94062772043422e-14  1.44633710531783e-16    0.0124622883744819
 0.000203637816731393  5.66831971866166e-05   0.00248919225244451       1.9870499262131  -0.00585099100779869  4.54661691059219e-15  2.46073150202584e-14 -4.35041852663759e-14 -4.41088866197139e-15   -0.0743311269304554
-0.000237021083753585  0.000240161826828067   -0.0400237326555508  -0.00585099100779869      1.84753725583166  8.84584935405972e-15  4.81710561206088e-14 -9.64114980810891e-14 -1.79973387092258e-14    -0.365237049288974
 -2.9390303248099e-17 -2.62714884221803e-16 -2.55182301901419e-15  4.54661691059219e-15  8.84584935405972e-15      1.57533211375829   0.00676747281050065    0.0425834832370552    -0.333526815503446 -3.84767924424945e-15
-1.22393070594691e-16 -5.76055090502406e-18 -1.25277685784683e-14  2.46073150202584e-14  4.81710561206088e-14   0.00676747281050065       1.6480429015564     0.150243162813633    0.0438942747315515  6.52118016477767e-15
 1.24762990986096e-16 -1.18101958784012e-16  1.94062772043422e-14 -4.35041852663759e-14 -9.64114980810891e-14    0.0425834832370552     0.150243162813633       0.3573486073075  -0.00624680061192606  4.84476448796638e-14
-1.89730901611436e-17 -1.76602935781237e-16  1.44633710531783e-16 -4.41088866197139e-15 -1.79973387092258e-14    -0.333526815503446    0.0438942747315515  -0.00624680061192606     0.430245543922395  9.91528530267793e-15
   0.0013190174465674   0.00152152930502162    0.0124622883744819   -0.0743311269304554    -0.365237049288974 -3.84767924424945e-15  6.52118016477767e-15  4.84476448796638e-14  9.91528530267793e-15      0.18494725559555
TOTAL ENERGY: -127.145390797072	 lambda: 0.6	 population of target: 7.18046690593334
1RDM: 
     1.99999353777379 -1.87618855927786e-06 -0.000271970263308636   0.00022592133708261 -0.000170143342216131 -3.10349290951574e-17 -1.28823654434646e-16  8.50569487381918e-17 -2.65220527302793e-17   0.00174003846677912
-1.87618855927786e-06      1.99999372785621 -0.000237748413426384  6.71341923549546e-05  0.000302368576252862 -2.68758718077534e-16  -7.0221598780489e-18 -1.52367692052036e-16  -2.0134962084661e-16   0.00188021429138715
-0.000271970263308636 -0.000237748413426384      1.96913960810254   0.00357528616597549   -0.0314078290936374 -2.55471082423712e-15 -1.26205294337101e-14  1.63691271856621e-14 -5.08286436362582e-16    0.0451429670781182
  0.00022592133708261  6.71341923549546e-05   0.00357528616597549      1.98641801829189  -0.00692056712752455  4.71256381514137e-15  2.56952499629145e-14 -4.37087787425342e-14 -4.09175122497269e-15   -0.0890797513580031
-0.000170143342216131  0.000302368576252862   -0.0314078290936374  -0.00692056712752455      1.86220269020937  9.20982311901657e-15   5.1319515136089e-14 -1.03607336263923e-13 -1.82000683064663e-14    -0.337016204611299
-3.10349290951574e-17 -2.68758718077534e-16 -2.55471082423712e-15  4.71256381514137e-15  9.20982311901657e-15      1.56522864808733   0.00753706999047369    0.0475070623067649    -0.360131669151192 -2.89152568542906e-15
-1.28823654434646e-16  -7.0221598780489e-18 -1.26205294337101e-14  2.56952499629145e-14   5.1319515136089e-14   0.00753706999047369      1.64620810803899     0.178652633509799    0.0488049477547701  1.16311661044729e-14
 8.50569487381918e-17 -1.52367692052036e-16  1.63691271856621e-14 -4.37087787425342e-14 -1.03607336263923e-13    0.0475070623067649     0.178652633509799     0.359225967916928  -0.00695718705081035  4.93762415397318e-14
-2.65220527302793e-17  -2.0134962084661e-16 -5.08286436362582e-16 -4.09175122497269e-15 -1.82000683064663e-14    -0.360131669151192    0.0488049477547701  -0.00695718705081035      0.44041274549962   9.5801327183613e-15
  0.00174003846677912   0.00188021429138715    0.0451429670781182   -0.0890797513580031    -0.337016204611299 -2.89152568542906e-15  1.16311661044729e-14  4.93762415397318e-14   9.5801327183613e-15     0.171176948223365
TOTAL ENERGY: -127.069904242603	 lambda: 0.7	 population of target: 7.2965428262925
1RDM: 
      1.9999927929685 -2.46989251722795e-06 -0.000299645223413713  0.000252694256861144 -0.000111197709411972 -3.29491101863783e-17 -1.35179375224178e-16   4.7502214837957e-17 -3.39005555645731e-17   0.00215565318454186
-2.46989251722795e-06      1.99999250283287 -0.000300986550780821  8.03954251473481e-05  0.000363769091567662 -2.72413600763769e-16 -8.35956026713161e-18 -1.87650007219817e-16 -2.29019820457306e-16   0.00225596070470886
-0.000299645223413713 -0.000300986550780821      1.96780427462884   0.00477567638734863   -0.0230914704022122  -2.5746283067626e-15 -1.26875619960381e-14  1.33837558862209e-14 -1.15200555626798e-15    0.0781360901591174
 0.000252694256861144  8.03954251473481e-05   0.00477567638734863      1.98546678404698  -0.00781653172770589  4.81189591352044e-15  2.65759655578391e-14 -4.42984570328902e-14  -3.7968078167731e-15    -0.103012826899099
