TOTAL ENERGY: -126.691969879674	 lambda: -1	 population of target: 4.96551969157352
1RDM: 
     1.99987699139466  5.70505134010746e-05  -0.00252709916212115   0.00207994268784736  -0.00050438759331974  4.34499088802681e-17 -1.99496192178203e-16 -1.83445634985172e-16  9.38251959780148e-17    0.0146662540931249
 5.70505134010746e-05       1.9999654722783  0.000916401808396595  -0.00103916171041743  0.000567629803782991 -3.98843379618076e-17  1.65886439152148e-16   3.2382213882001e-16 -2.69850513667635e-17  -0.00648889942933797
 -0.00252709916212115  0.000916401808396595      1.93046430801855    0.0318860238063115    0.0116107763615458 -1.07292370730125e-17  6.64321391736509e-16  1.24241670318327e-14  3.42341990730591e-15     0.335354162510825
  0.00207994268784736  -0.00103916171041743    0.0318860238063115      1.94552865452837     0.019236795281403 -1.74003431112129e-16  4.05416331781709e-16 -5.81217152874369e-15 -2.59376843785602e-15    -0.206436331856907
 -0.00050438759331974  0.000567629803782991    0.0116107763615458     0.019236795281403      1.96889406921643 -3.86448614618879e-16  5.15039076066543e-17  5.57691204125049e-16 -1.25335195739846e-15    0.0268512487567234
 4.34499088802681e-17 -3.98843379618076e-17 -1.07292370730125e-17 -1.74003431112129e-16 -3.86448614618879e-16      1.84480475173619    0.0196201458696235      0.14228237187216    -0.446739429298883 -4.52250730147382e-16
-1.99496192178203e-16  1.65886439152148e-16  6.64321391736509e-16  4.05416331781709e-16  5.15039076066543e-17    0.0196201458696235      1.84936287286138    -0.455063217637666   -0.0716083946786518  1.86763409547697e-14
-1.83445634985172e-16   3.2382213882001e-16  1.24241670318327e-14 -5.81217152874369e-15  5.57691204125049e-16      0.14228237187216    -0.455063217637666     0.184290221757132   -0.0185537736774317 -1.75904770325026e-15
 9.38251959780148e-17 -2.69850513667635e-17  3.42341990730591e-15 -2.59376843785602e-15 -1.25335195739846e-15    -0.446739429298883   -0.0716083946786518   -0.0185537736774317     0.170740059633969  3.58362691941329e-16
   0.0146662540931249  -0.00648889942933797     0.335354162510825    -0.206436331856907    0.0268512487567234 -4.52250730147382e-16  1.86763409547697e-14 -1.75904770325026e-15  3.58362691941329e-16     0.106072598575035
TOTAL ENERGY: -126.823313589048	 lambda: -0.9	 population of target: 5.10380562783816
1RDM: 
     1.99989710127395  4.80731046529172e-05  -0.00211631531948682   0.00174581591495397 -0.000448808243956128   3.8466788741108e-17 -1.74868037905445e-16 -1.83874890113477e-16  9.19915863606619e-17    0.0133496792400541
 4.80731046529172e-05      1.99996948693531    0.0007349449627484 -0.000875332346096855  0.000545153594669639 -3.32560849963715e-17  1.54175468000342e-16  3.11227728020172e-16 -1.35391736629086e-17  -0.00595940719338076
 -0.00211631531948682    0.0007349449627484      1.93918065513432    0.0259358880407669    0.0123005209574914  8.32568187621028e-17  9.91822533963387e-16  1.17811558599971e-14  3.61119952100026e-15     0.308648867956591
  0.00174581591495397 -0.000875332346096855    0.0259358880407669        1.951207261147    0.0168721997318594 -1.28166872917623e-17   9.8161811031514e-16 -3.65623406889278e-15 -1.64017140499655e-15    -0.183292851440808
-0.000448808243956128  0.000545153594669639    0.0123005209574914    0.0168721997318594      1.96936084479733 -1.20572288514728e-16   1.2711078729694e-15   2.9982977425336e-15 -1.84747811996396e-16    0.0269213608870963
  3.8466788741108e-17 -3.32560849963715e-17  8.32568187621028e-17 -1.28166872917623e-17 -1.20572288514728e-16      1.86269448866152    0.0174017485564659     0.130966772214473    -0.395665772858455 -4.35226422244011e-16
-1.74868037905445e-16  1.54175468000342e-16  9.91822533963387e-16   9.8161811031514e-16   1.2711078729694e-15    0.0174017485564659      1.86673723562722    -0.404172451241429   -0.0587399372457468  1.77196407266746e-14
-1.83874890113477e-16  3.11227728020172e-16  1.17811558599971e-14 -3.65623406889278e-15   2.9982977425336e-15     0.130966772214473    -0.404172451241429     0.164472296904836   -0.0164559484732072 -1.80982679270512e-15
 9.19915863606619e-17 -1.35391736629086e-17  3.61119952100026e-15 -1.64017140499655e-15 -1.84747811996396e-16    -0.395665772858455   -0.0587399372457468   -0.0164559484732072     0.152454215232632  2.17773913160976e-16
   0.0133496792400541  -0.00595940719338076     0.308648867956591    -0.183292851440808    0.0269213608870963 -4.35226422244011e-16  1.77196407266746e-14 -1.80982679270512e-15  2.17773913160976e-16    0.0940264142859004
TOTAL ENERGY: -126.943242145196	 lambda: -0.8	 population of target: 5.24492143590715
1RDM: 
     1.99991550517476   3.9683004478778e-05  -0.00173877175477097   0.00144206535629143 -0.000389694381193544   3.4241717748362e-17 -1.48917660253689e-16  -1.7206369840668e-16  9.59026476612344e-17    0.0119987825087366
  3.9683004478778e-05      1.99997338899624  0.000566095173355764 -0.000724537702551542  0.000517650138521432 -3.14672280702142e-17   1.2513992365921e-16  2.50007367095918e-16 -2.52221397758462e-17   -0.0053970747690488
 -0.00173877175477097  0.000566095173355764      1.94728160096792    0.0205579214376447    0.0130220214518778  -7.0374722702901e-18   5.2522754282994e-16  9.06483751869128e-15  2.71110467016413e-15     0.281051035730715
  0.00144206535629143 -0.000724537702551542    0.0205579214376447      1.95644246489035    0.0145551529346224 -1.55289370926966e-16  3.74854106792026e-17 -5.08793377253669e-15 -2.56799192593611e-15    -0.159981761978984
-0.000389694381193544  0.000517650138521432    0.0130220214518778    0.0145551529346224      1.96996691962312 -3.68883488143567e-16 -1.27029861042258e-16 -4.71819341446516e-16 -2.21090598051586e-15    0.0262271984766024
  3.4241717748362e-17 -3.14672280702142e-17  -7.0374722702901e-18 -1.55289370926966e-16 -3.68883488143567e-16      1.87663517736168    0.0151879768786842     0.119508942117024    -0.344718149057926 -4.10321658459368e-16
-1.48917660253689e-16   1.2513992365921e-16   5.2522754282994e-16  3.74854106792026e-17 -1.27029861042258e-16    0.0151879768786842      1.88016362453038    -0.353368275417997   -0.0460641379806574  1.67792126498318e-14
 -1.7206369840668e-16  2.50007367095918e-16  9.06483751869128e-15 -5.08793377253669e-15 -4.71819341446516e-16     0.119508942117024    -0.353368275417997     0.148618678819215   -0.0143624971054171 -1.33537875849482e-15
 9.59026476612344e-17 -2.52221397758462e-17  2.71110467016413e-15 -2.56799192593611e-15 -2.21090598051586e-15    -0.344718149057926   -0.0460641379806574   -0.0143624971054171      0.13812948368671  3.50836328332064e-16
   0.0119987825087366   -0.0053970747690488     0.281051035730715    -0.159981761978984    0.0262271984766024 -4.10321658459368e-16  1.67792126498318e-14 -1.33537875849482e-15  3.50836328332064e-16    0.0828731559496775
TOTAL ENERGY: -127.050658086669	 lambda: -0.7	 population of target: 5.38816404401426
1RDM: 
      1.9999321116575   3.1999375743553e-05  -0.00139585425565316   0.00116839176678093 -0.000330897430923704  3.02499691641846e-17 -1.24891119871494e-16  -1.6022869969023e-16  9.98688052021137e-17    0.0106128945100855
  3.1999375743553e-05      1.99997707157298  0.000411557799295637 -0.000587336305531668  0.000488100245636429 -2.99318025524134e-17  1.02877127107107e-16  1.96180151800446e-16 -3.42894543132889e-17  -0.00480926587276333
 -0.00139585425565316  0.000411557799295637      1.95473393976547    0.0157511206151625     0.013723517186394 -8.71939920531133e-17  2.88638305065109e-16  6.61901680160975e-15   1.8915822285632e-15     0.252368222271938
  0.00116839176678093 -0.000587336305531668    0.0157511206151625      1.96123468456789     0.012301600325448 -2.59214348862145e-16 -6.09457201385626e-16 -5.90867499220186e-15  -3.2534555088863e-15    -0.136297545141382
-0.000330897430923704  0.000488100245636429     0.013723517186394     0.012301600325448      1.97063996222767 -5.58163178401124e-16 -1.05450293709912e-15 -3.20714225579572e-15 -3.99336838622919e-15    0.0252033034757138
 3.02499691641846e-17 -2.99318025524134e-17 -8.71939920531133e-17 -2.59214348862145e-16 -5.58163178401124e-16      1.88713092648918    0.0129988074292564     0.108039167435028     -0.29435312110935 -3.93807754440849e-16
-1.24891119871494e-16  1.02877127107107e-16  2.88638305065109e-16 -6.09457201385626e-16 -1.05450293709912e-15    0.0129988074292564      1.89015078868856    -0.303112296412058    -0.033668486298002  1.57404007666889e-14
 -1.6022869969023e-16  1.96180151800446e-16  6.61901680160975e-15 -5.90867499220186e-15 -3.20714225579572e-15     0.108039167435028    -0.303112296412058     0.136231710822736   -0.0122923107781566 -9.70382065300376e-16
 9.98688052021137e-17 -3.42894543132889e-17   1.8915822285632e-15  -3.2534555088863e-15 -3.99336838622919e-15     -0.29435312110935    -0.033668486298002   -0.0122923107781566     0.127254410207454  4.35333203411987e-16
   0.0106128945100855  -0.00480926587276333     0.252368222271938    -0.136297545141382    0.0252033034757138 -3.93807754440849e-16  1.57404007666889e-14 -9.70382065300376e-16  4.35333203411987e-16    0.0727143940006198
TOTAL ENERGY: -127.144934573475	 lambda: -0.6	 population of target: 5.53322711625089
1RDM: 
     1.99994680858019  2.51046185048843e-05  -0.00109066019945952  0.000925920706390909 -0.000273580234147179  2.62637700523126e-17 -1.03673655268943e-16 -1.52866068803448e-16  1.01328047321791e-16   0.00919267203505581
 2.51046185048843e-05       1.9999804594502   0.00027276052411277 -0.000464095559809099   0.00045839528694834 -2.75501622468172e-17  8.99710740094551e-17  1.60350759166822e-16 -3.39275026355299e-17  -0.00419939800393043
 -0.00109066019945952   0.00027276052411277      1.96144173838759    0.0115656753656026    0.0144086680334048 -1.01428734265571e-16  4.36690078581572e-16  4.96042011072237e-15  1.48122282446788e-15     0.222575906865948
 0.000925920706390909 -0.000464095559809099    0.0115656753656026      1.96554579697623    0.0100851989556227 -2.50375334768375e-16 -7.48876747890133e-16 -5.43657360999355e-15 -3.23488302858645e-15     -0.11217505062756
-0.000273580234147179   0.00045839528694834    0.0144086680334048    0.0100851989556227      1.97131182166302 -5.31998780694513e-16 -1.01586243701728e-15 -3.74421576894114e-15 -4.59610957773813e-15    0.0239987905354759
 2.62637700523126e-17 -2.75501622468172e-17 -1.01428734265571e-16 -2.50375334768375e-16 -5.31998780694513e-16      1.89467242286716    0.0108385572455176     0.096601799419548    -0.244667457577065 -3.78084336000294e-16
-1.03673655268943e-16  8.99710740094551e-17  4.36690078581572e-16 -7.48876747890133e-16 -1.01586243701728e-15    0.0108385572455176      1.89719041962565    -0.253506174712119    -0.021555693778591  1.46347821946592e-14
-1.52866068803448e-16  1.60350759166822e-16  4.96042011072237e-15 -5.43657360999355e-15 -3.74421576894114e-15     0.096601799419548    -0.253506174712119     0.126820472982957   -0.0102494724398943 -7.84254666282027e-16
 1.01328047321791e-16 -3.39275026355299e-17  1.48122282446788e-15 -3.23488302858645e-15 -4.59610957773813e-15    -0.244667457577065    -0.021555693778591   -0.0102494724398943     0.119335095811651  4.20985950003737e-16
  0.00919267203505581  -0.00419939800393043     0.222575906865948     -0.11217505062756    0.0239987905354759 -3.78084336000294e-16  1.46347821946592e-14 -7.84254666282027e-16  4.20985950003737e-16    0.0637549636553881
TOTAL ENERGY: -127.225633505158	 lambda: -0.5	 population of target: 5.67997715831977
1RDM: 
     1.99995947149064  1.90653806076807e-05 -0.000826958456071287  0.000716469736641139 -0.000217872012563266  2.21943086325153e-17 -8.52751099554072e-17 -1.51074680473838e-16  9.90378576552073e-17   0.00774087712369246
 1.90653806076807e-05      1.99998350047724  0.000151227394448352 -0.000355398627234223  0.000429437893161831 -2.43727561780834e-17  8.37776593526136e-17  1.39340230154261e-16  -2.4106668609464e-17  -0.00356805876455975
-0.000826958456071287  0.000151227394448352      1.96729405502066     0.008063917309452    0.0150874937360502 -4.27561129132388e-17  8.79504236161155e-16  4.00857665339213e-15  1.51911888904852e-15     0.191786568852512
 0.000716469736641139 -0.000355398627234223     0.008063917309452      1.96932965355796   0.00788482212211578  -1.4109069645606e-16 -5.71506298311504e-16 -4.03378337272548e-15 -2.59837054418976e-15   -0.0876875359155507
-0.000217872012563266  0.000429437893161831    0.0150874937360502   0.00788482212211578      1.97194769224905 -2.84232148173014e-16 -2.70449592522533e-16  -2.3461090488542e-15 -3.93626035493321e-15    0.0225472756799399
 2.21943086325153e-17 -2.43727561780834e-17 -4.27561129132388e-17  -1.4109069645606e-16 -2.84232148173014e-16      1.89957254783033   0.00870320773021779    0.0851881443061611    -0.195567236491939 -3.52842066793079e-16
-8.52751099554072e-17  8.37776593526136e-17  8.79504236161155e-16 -5.71506298311504e-16 -2.70449592522533e-16   0.00870320773021779      1.90159446281002    -0.204459122771013  -0.00969064655629413  1.35037576134534e-14
-1.51074680473838e-16  1.39340230154261e-16  4.00857665339213e-15 -4.03378337272548e-15  -2.3461090488542e-15    0.0851881443061611    -0.204459122771013     0.120071733056272  -0.00823018084255665 -7.09077094466452e-16
 9.90378576552073e-17  -2.4106668609464e-17  1.51911888904852e-15 -2.59837054418976e-15 -3.93626035493321e-15    -0.195567236491939  -0.00969064655629413  -0.00823018084255665     0.114061080490656  3.32400562804746e-16
  0.00774087712369246  -0.00356805876455975     0.191786568852512   -0.0876875359155507    0.0225472756799399 -3.52842066793079e-16  1.35037576134534e-14 -7.09077094466452e-16  3.32400562804746e-16    0.0561858030172642
TOTAL ENERGY: -127.292356897682	 lambda: -0.4	 population of target: 5.82827835687986
1RDM: 
     1.99996998020088  1.39477961510116e-05 -0.000608177324721603  0.000541729321606707 -0.000164257215895494  1.80664515876615e-17 -6.98787726455038e-17 -1.57649152120174e-16  9.14235987992284e-17   0.00626182724609139
 1.39477961510116e-05      1.99998615374956  4.87431867948779e-05  -0.00026215535212202  0.000401536124245254 -2.08355039743411e-17  8.32119034780838e-17  1.33943329907164e-16 -4.65809404652505e-18  -0.00291488790677124
-0.000608177324721603  4.87431867948779e-05      1.97220286845402   0.00528835489590789    0.0157425770637023    7.725280611164e-17  1.59595584103949e-15  3.86756379251834e-15  2.05535017562971e-15      0.16016266614567
 0.000541729321606707  -0.00026215535212202   0.00528835489590789      1.97255471743359   0.00571304168901192  3.32511915953291e-17 -1.65728797706595e-16 -1.85307318938014e-15 -1.46226065956918e-15   -0.0629823309962636
-0.000164257215895494  0.000401536124245254    0.0157425770637023   0.00571304168901192      1.97255264156299  1.31885801140437e-16  1.07218782241409e-15  1.16020816609797e-15 -1.95113237716265e-15    0.0207162860785063
 1.80664515876615e-17 -2.08355039743411e-17    7.725280611164e-17  3.32511915953291e-17  1.31885801140437e-16      1.90193703777345   0.00658807620334271    0.0737769971504075    -0.146944345609357 -3.09525519271493e-16
-6.98787726455038e-17  8.32119034780838e-17  1.59595584103949e-15 -1.65728797706595e-16  1.07218782241409e-15   0.00658807620334271      1.90346756878967    -0.155864030685933   0.00195649764520523  1.23826162260423e-14
-1.57649152120174e-16  1.33943329907164e-16  3.86756379251834e-15 -1.85307318938014e-15  1.16020816609797e-15    0.0737769971504075    -0.155864030685933     0.115885019255399  -0.00623000846705928 -7.19937160503484e-16
 9.14235987992284e-17 -4.65809404652505e-18  2.05535017562971e-15 -1.46226065956918e-15 -1.95113237716265e-15    -0.146944345609357   0.00195649764520523  -0.00623000846705928     0.111335129149143   1.8990104530675e-16
  0.00626182724609139  -0.00291488790677124      0.16016266614567   -0.0629823309962636    0.0207162860785063 -3.09525519271493e-16  1.23826162260423e-14 -7.19937160503484e-16   1.8990104530675e-16    0.0501088836313619
TOTAL ENERGY: -127.344714576973	 lambda: -0.3	 population of target: 5.97789946140658
1RDM: 
     1.99997823001853  9.82234058232487e-06 -0.000436968553289894  0.000402859771603297 -0.000114065291078011  1.46559109047207e-17 -5.42847829063698e-17 -1.50175580848772e-16   9.1823748489384e-17    0.0047602831981495
 9.82234058232487e-06      1.99998838099574 -3.26998173302628e-05 -0.000185477268072989  0.000374811352901307 -2.03275110901487e-17   7.5649162488521e-17  9.65427323990269e-17 -4.69225792990781e-18  -0.00224028812407092
-0.000436968553289894 -3.26998173302628e-05      1.97611311000383   0.00325221257570075    0.0163250195650348  5.40494188179082e-17  1.82735281560682e-15  2.18146080230425e-15  1.63771149283853e-15     0.127828517712151
 0.000402859771603297 -0.000185477268072989   0.00325221257570075      1.97520750177658   0.00361628526946976  2.64990250902615e-17  -4.2552938185788e-16 -1.64498876487559e-15 -1.53528626345063e-15   -0.0382003098844607
-0.000114065291078011  0.000374811352901307    0.0163250195650348   0.00361628526946976      1.97315662005358  1.73349269578255e-16   9.6976680547668e-16   3.7399065436297e-16 -2.58800617367279e-15    0.0184519292668996
 1.46559109047207e-17 -2.03275110901487e-17  5.40494188179082e-17  2.64990250902615e-17  1.73349269578255e-16      1.90173920242785   0.00449309423760949    0.0623665482011187   -0.0987973688162932  -2.8862235086915e-16
-5.42847829063698e-17   7.5649162488521e-17  1.82735281560682e-15  -4.2552938185788e-16   9.6976680547668e-16   0.00449309423760949      1.90278303032774     -0.10771914104438    0.0133846819306623  1.11589534585352e-14
-1.50175580848772e-16  9.65427323990269e-17  2.18146080230425e-15 -1.64498876487559e-15   3.7399065436297e-16    0.0623665482011187     -0.10771914104438     0.114301397386793  -0.00424889054419698 -4.94174931616057e-16
  9.1823748489384e-17 -4.69225792990781e-18  1.63771149283853e-15 -1.53528626345063e-15 -2.58800617367279e-15   -0.0987973688162932    0.0133846819306623  -0.00424889054419698     0.111198354002775  1.90027713879769e-16
   0.0047602831981495  -0.00224028812407092     0.127828517712151   -0.0382003098844607    0.0184519292668996  -2.8862235086915e-16  1.11589534585352e-14 -4.94174931616057e-16  1.90027713879769e-16    0.0455341730066235
TOTAL ENERGY: -127.382354493417	 lambda: -0.2	 population of target: 6.12848400757104
1RDM: 
     1.99998413364528  6.75989938397485e-06 -0.000315367058790838  0.000300581939496852 -6.91078041864953e-05  1.14938099637072e-17 -4.05884977329472e-17 -1.39765532404105e-16  9.37406073992897e-17   0.00324066853658815
 6.75989938397485e-06      1.99999014350788 -9.10938262782159e-05 -0.000126453351531912  0.000349450480555763 -2.05663426080089e-17  6.99503713175886e-17  5.57053644426093e-17 -7.06581246314522e-18  -0.00154639641530595
-0.000315367058790838 -9.10938262782159e-05      1.97898807597179   0.00195084956560971    0.0167745650605505  1.46968389990863e-17  2.05002845895585e-15   3.0350653003197e-16  1.08577946911829e-15     0.094824752715031
 0.000300581939496852 -0.000126453351531912   0.00195084956560971      1.97727968575831   0.00165397827266526  7.84803675674435e-18 -7.22346941888165e-16 -1.57291000213293e-15 -1.69395964083851e-15   -0.0134222276908815
-6.91078041864953e-05  0.000349450480555763    0.0167745650605505   0.00165397827266526      1.97378941835591  1.97542236645547e-16  7.73071846956066e-16 -9.07624130312008e-16 -3.53817900675901e-15    0.0158578827144863
 1.14938099637072e-17 -2.05663426080089e-17  1.46968389990863e-17  7.84803675674435e-18  1.97542236645547e-16      1.89894542308161   0.00242458062651977    0.0509893707520939   -0.0512717552114718 -2.73474677570016e-16
-4.05884977329472e-17  6.99503713175886e-17  2.05002845895585e-15 -7.22346941888165e-16  7.73071846956066e-16   0.00242458062651977       1.8995086970981   -0.0601694693745152    0.0245575903377338  9.88102735639801e-15
-1.39765532404105e-16  5.57053644426093e-17   3.0350653003197e-16 -1.57291000213293e-15 -9.07624130312008e-16    0.0509893707520939   -0.0601694693745152     0.115378594520092  -0.00229280245025098 -2.50940369285758e-16
 9.37406073992897e-17 -7.06581246314522e-18  1.08577946911829e-15 -1.69395964083851e-15 -3.53817900675901e-15   -0.0512717552114718    0.0245575903377338  -0.00229280245025098     0.113704118304858  2.00672723281654e-16
  0.00324066853658815  -0.00154639641530595     0.094824752715031   -0.0134222276908815    0.0158578827144863 -2.73474677570016e-16  9.88102735639801e-15 -2.50940369285758e-16  2.00672723281654e-16    0.0424317097562084
TOTAL ENERGY: -127.405014440814	 lambda: -0.1	 population of target: 6.27956336175732
1RDM: 
     1.99998761899995  4.82364715361441e-06 -0.000245179811042604  0.000235486543775019 -3.09498022882298e-05  8.36502401895983e-18 -2.98954925649973e-17 -1.35977822510618e-16  9.13303448014038e-17   0.00170705720562005
 4.82364715361441e-06      1.99999140359702 -0.000124642278215506 -8.59473875374563e-05  0.000325766579805016  -2.0644950167561e-17  6.94170156318877e-17   2.7115351509886e-17 -2.00718362096753e-18 -0.000837141479271271
-0.000245179811042604 -0.000124642278215506      1.98078734933904   0.00138074543247709    0.0170463860685622  2.18975234888757e-17   2.4852999661423e-15 -9.38663258496174e-16  9.22588045884483e-16    0.0611202218557351
 0.000235486543775019 -8.59473875374563e-05   0.00138074543247709      1.97875149680202 -0.000127463822563292  4.30848390957127e-17 -8.29873764447514e-16 -9.41238776498759e-16  -1.4894117066837e-15    0.0113367854531432
-3.09498022882298e-05  0.000325766579805016    0.0170463860685622 -0.000127463822563292      1.97446014631435  3.49509057257072e-16  1.01316656235712e-15 -6.41124578414505e-16 -3.50144793055829e-15    0.0131875542243114
 8.36502401895983e-18  -2.0644950167561e-17  2.18975234888757e-17  4.30848390957127e-17  3.49509057257072e-16      1.89363916928651  0.000393580611496055    0.0397086443879656  -0.00462098427209749  -2.4448304812936e-16
-2.98954925649973e-17  6.94170156318877e-17   2.4852999661423e-15 -8.29873764447514e-16  1.01316656235712e-15  0.000393580611496055      1.89373060530163   -0.0134691973610372    0.0354179905985622  8.60243645326678e-15
-1.35977822510618e-16   2.7115351509886e-17 -9.38663258496174e-16 -9.41238776498759e-16 -6.41124578414505e-16    0.0397086443879656   -0.0134691973610372     0.119064679716881 -0.000372189162220174  -8.2127997745823e-17
 9.13303448014038e-17 -2.00718362096753e-18  9.22588045884483e-16  -1.4894117066837e-15 -3.50144793055829e-15  -0.00462098427209749    0.0354179905985622 -0.000372189162220174     0.118792863133277  1.65456374268498e-16
  0.00170705720562005 -0.000837141479271271    0.0611202218557351    0.0113367854531432    0.0131875542243114  -2.4448304812936e-16  8.60243645326678e-15  -8.2127997745823e-17  1.65456374268498e-16    0.0407946675093364
TOTAL ENERGY: -127.412569250226	 lambda: 0	 population of target: 6.43061040464962
1RDM: 
     1.99998863022034  4.06160618465917e-06 -0.000228195425171048  0.000208204634953484 -3.56112022117567e-07  5.52020707608806e-18 -2.11934686962575e-17 -1.29091798025072e-16  9.06247953654173e-17  0.000163740700963049
 4.06160618465917e-06      1.99999212782325 -0.000131932213068973 -6.44781592215241e-05  0.000304130434853367 -2.15274875680272e-17  7.02691382974675e-17 -5.51899478329632e-18  5.55106239524754e-20 -0.000117534179354747
-0.000228195425171048 -0.000131932213068973        1.981454500756   0.00155145015279668    0.0171275493549578  7.75662119085377e-18  2.87904658634461e-15 -2.39764266861528e-15  6.01736337454271e-16    0.0266664197479969
 0.000208204634953484 -6.44781592215241e-05   0.00155145015279668      1.97958445048513  -0.00171134455444962  5.77173958224354e-17  -9.9987691185039e-16 -5.27128284412388e-16 -1.41929562899358e-15    0.0360910297329614
-3.56112022117567e-07  0.000304130434853367    0.0171275493549578  -0.00171134455444962      1.97515074145094  4.65460964703214e-16  1.09595817919815e-15 -9.86466855422749e-16 -3.85115080267254e-15    0.0107668781841101
 5.52020707608806e-18 -2.15274875680272e-17  7.75662119085377e-18  5.77173958224354e-17  4.65460964703214e-16      1.88609857073765  -0.00158828101506678    0.0285988926276125    0.0408891008838904 -2.18636412046839e-16
-2.11934686962575e-17  7.02691382974675e-17  2.87904658634461e-15  -9.9987691185039e-16  1.09595817919815e-15  -0.00158828101506678      1.88572958405284    0.0321132100899919    0.0459136789242262  7.27183549303168e-15
-1.29091798025072e-16 -5.51899478329632e-18 -2.39764266861528e-15 -5.27128284412388e-16 -9.86466855422749e-16    0.0285988926276125    0.0321132100899919     0.125115877676039    0.0015019564913182  1.12051434993726e-16
 9.06247953654173e-17  5.55106239524754e-20  6.01736337454271e-16 -1.41929562899358e-15 -3.85115080267254e-15    0.0408891008838904    0.0459136789242262    0.0015019564913182     0.126212784344949  1.45685257276875e-16
 0.000163740700963049 -0.000117534179354747    0.0266664197479969    0.0360910297329614    0.0107668781841101 -2.18636412046839e-16  7.27183549303168e-15  1.12051434993726e-16  1.45685257276875e-16    0.0406727324529072
TOTAL ENERGY: -127.405049164302	 lambda: 0.1	 population of target: 6.58113405235804
1RDM: 
     1.99998713406539  4.50330815571263e-06  -0.00026605022000594  0.000219264348761772  2.27995017611324e-05  2.86711958307407e-18 -1.49038233062647e-17 -1.23053403205585e-16  8.92141688767322e-17  -0.00138418499927425
 4.50330815571263e-06      1.99999228918967 -0.000112000782149261  -6.2187791786843e-05  0.000284874107588183 -2.27679270571698e-17  7.35067651362798e-17 -3.60391000414944e-17  2.97495119529545e-18  0.000607428265170345
 -0.00026605022000594 -0.000112000782149261      1.98092119700972   0.00248366936300023    0.0170362232213885 -2.36292092490218e-18  3.30103525845386e-15 -3.74661719297269e-15  3.32137583493581e-16  -0.00853771979243373
 0.000219264348761772  -6.2187791786843e-05   0.00248366936300023      1.97972876520126  -0.00311211117525108  7.74428051738376e-17 -1.13994682827444e-15 -7.57467803748861e-17 -1.31653835751521e-15    0.0608326765814938
 2.27995017611324e-05  0.000284874107588183    0.0170362232213885  -0.00311211117525108      1.97582333018284  5.98424175504125e-16   1.2172339558529e-15 -1.16518901016046e-15  -4.0849962851873e-15   0.00888950722307561
 2.86711958307407e-18 -2.27679270571698e-17 -2.36292092490218e-18  7.74428051738376e-17  5.98424175504125e-16      1.87679680401398  -0.00351374060755393    0.0177191393538769    0.0850938566966988 -1.87321397393862e-16
-1.49038233062647e-17  7.35067651362798e-17  3.30103525845386e-15 -1.13994682827444e-15   1.2172339558529e-15  -0.00351374060755393      1.87598049767115    0.0764085298482243    0.0560244923999378  5.91279259111003e-15
-1.23053403205585e-16 -3.60391000414944e-17 -3.74661719297269e-15 -7.57467803748861e-17 -1.16518901016046e-15    0.0177191393538769    0.0764085298482243     0.133090651613558   0.00332276564544735  2.94564667587691e-16
 8.92141688767322e-17  2.97495119529545e-18  3.32137583493581e-16 -1.31653835751521e-15  -4.0849962851873e-15    0.0850938566966988    0.0560244923999378   0.00332276564544735     0.135517328729893   1.1838555082513e-16
 -0.00138418499927425  0.000607428265170345  -0.00853771979243373    0.0608326765814938   0.00888950722307561 -1.87321397393862e-16  5.91279259111003e-15  2.94564667587691e-16   1.1838555082513e-16    0.0421620023225411
TOTAL ENERGY: -127.382608469775	 lambda: 0.2	 population of target: 6.73079238040343
1RDM: 
     1.99998312746387  6.16152711044346e-06 -0.000359885202753397  0.000268734141435827  3.92154373450062e-05  4.01196722067861e-19 -1.09441654945675e-17 -1.17020096530357e-16  8.76916324950321e-17  -0.00293067127877214
 6.16152711044346e-06      1.99999186680683 -6.42959667618212e-05 -7.88728363073983e-05  0.000268248915763658 -2.43189051882402e-17   7.8533123291723e-17 -6.57426485792345e-17  5.88913615533602e-18   0.00133377120630413
-0.000359885202753397 -6.42959667618212e-05      1.97912209107051   0.00419691325232287    0.0168083448610576 -1.30366490105202e-17  3.71274994523197e-15 -5.05638122446609e-15  6.71186822216459e-17     -0.04440016001502
 0.000268734141435827 -7.88728363073983e-05   0.00419691325232287      1.97914067588297  -0.00436483012180637  9.62822296168968e-17 -1.26085317203136e-15  3.61779772696287e-16 -1.21548568552178e-15    0.0854936404506545
 3.92154373450062e-05  0.000268248915763658    0.0168083448610576  -0.00436483012180637       1.9764333726099   7.3396593779982e-16  1.33414526085918e-15 -1.34245140918456e-15 -4.31292169872657e-15   0.00772835645397232
 4.01196722067861e-19 -2.43189051882402e-17 -1.30366490105202e-17  9.62822296168968e-17   7.3396593779982e-16      1.86632048710779  -0.00538366810954977   0.00708894784339214     0.128016147435308 -1.51710356580213e-16
-1.09441654945675e-17   7.8533123291723e-17  3.71274994523197e-15 -1.26085317203136e-15  1.33414526085918e-15  -0.00538366810954977      1.86506976223648     0.119433899303838    0.0657794837355921  4.52698966380433e-15
-1.17020096530357e-16 -6.57426485792345e-17 -5.05638122446609e-15  3.61779772696287e-16 -1.34245140918456e-15   0.00708894784339214     0.119433899303838     0.142426706885573   0.00509106091407238  4.72693839020328e-16
 8.76916324950321e-17  5.88913615533602e-18  6.71186822216459e-17 -1.21548568552178e-15 -4.31292169872657e-15     0.128016147435308    0.0657794837355921   0.00509106091407238     0.146144802721671  8.82460666363026e-17
 -0.00293067127877214   0.00133377120630413     -0.04440016001502    0.0854936404506545   0.00772835645397232 -1.51710356580213e-16  4.52698966380433e-15  4.72693839020328e-16  8.82460666363026e-17    0.0453671072144187
TOTAL ENERGY: -127.345445019444	 lambda: 0.3	 population of target: 6.87947768716098
1RDM: 
     1.99997664023597  9.03752756088063e-06 -0.000510044672830585  0.000355900229650499  4.96868345159833e-05 -1.91586288592259e-18  -9.2711911438669e-18  -1.1101985506963e-16  8.60668334971894e-17  -0.00446905707114533
 9.03752756088063e-06      1.99999084339025  1.14202924932553e-05  -0.00011404680079776  0.000254467127384685 -2.60545265839294e-17  8.50059615066209e-17 -9.47624212703498e-17  8.82194850645764e-18    0.0020590979282001
-0.000510044672830585  1.14202924932553e-05      1.97601016114677   0.00669564213787444    0.0164816677021127 -2.32555445575315e-17  4.09540612837381e-15 -6.33356963860807e-15 -1.93906098966467e-16   -0.0807219089063009
 0.000355900229650499  -0.00011404680079776   0.00669564213787444      1.97779959312986   -0.0055106842527331  1.14101410607105e-16 -1.35582627404111e-15  7.88586238506444e-16  -1.1148584369464e-15     0.109935830397219
 4.96868345159833e-05  0.000254467127384685    0.0164816677021127   -0.0055106842527331      1.97693971373837  8.70332794581492e-16  1.44596002839449e-15 -1.51704472782773e-15 -4.53456080345835e-15   0.00729027938137048
-1.91586288592259e-18 -2.60545265839294e-17 -2.32555445575315e-17  1.14101410607105e-16  8.70332794581492e-16      1.85523298799052  -0.00720821376503028  -0.00332356699417709     0.169891993301503 -1.12099248105142e-16
 -9.2711911438669e-18  8.50059615066209e-17  4.09540612837381e-15 -1.35582627404111e-15  1.44596002839449e-15  -0.00720821376503028      1.85355838767428     0.161419817870309    0.0752574152565622  3.12398404736567e-15
 -1.1101985506963e-16 -9.47624212703498e-17 -6.33356963860807e-15  7.88586238506444e-16 -1.51704472782773e-15  -0.00332356699417709     0.161419817870309     0.152575383372726   0.00681644089756326  6.46841977682992e-16
 8.60668334971894e-17  8.82194850645764e-18 -1.93906098966467e-16  -1.1148584369464e-15 -4.53456080345835e-15     0.169891993301503    0.0752574152565622   0.00681644089756326     0.157553556062027  5.56589437733566e-17
 -0.00446905707114533    0.0020590979282001   -0.0807219089063009     0.109935830397219   0.00729027938137048 -1.12099248105142e-16  3.12398404736567e-15  6.46841977682992e-16  5.56589437733566e-17    0.0503627332592677
TOTAL ENERGY: -127.29370310737	 lambda: 0.4	 population of target: 7.02732839075625
1RDM: 
     1.99996773109394  1.31268580585996e-05 -0.000715953339734882  0.000479160449488177  5.47026119926958e-05 -4.82333349107986e-18 -1.07047296343407e-17  -1.0333820066927e-16   8.6379742467115e-17   -0.0059926023373503
 1.31268580585996e-05        1.999989202213  0.000115159533985163 -0.000167009037455452  0.000243803120875959 -2.79148771594357e-17  9.26165415818647e-17 -1.23677199089525e-16  1.14531200066146e-17   0.00278257714159028
-0.000715953339734882  0.000115159533985163      1.97156667645072   0.00996093736778546    0.0160838383538253  -2.4011527937775e-17  4.44658354025773e-15 -7.61280449148107e-15  -4.7979429435727e-16    -0.117210820662076
 0.000479160449488177 -0.000167009037455452   0.00996093736778546      1.97571732041085  -0.00658495664540296  6.02945767748618e-17 -1.51398479804959e-15  1.33622687530775e-15  -8.6245899514443e-16     0.133966395518376
 5.47026119926958e-05  0.000243803120875959    0.0160838383538253  -0.00658495664540296      1.97730849998774  1.10041140569547e-15   1.6774498001372e-15 -1.87375941004061e-15 -4.97003982088401e-15   0.00741799142328875
-4.82333349107986e-18 -2.79148771594357e-17  -2.4011527937775e-17  6.02945767748618e-17  1.10041140569547e-15      1.84393097875197  -0.00900497367410269   -0.0135978145941484     0.211127729812905 -7.65616526525923e-17
-1.07047296343407e-17  9.26165415818647e-17  4.44658354025773e-15 -1.51398479804959e-15   1.6774498001372e-15  -0.00900497367410269      1.84183895811128     0.202768732744713    0.0845707081669946  1.70621664361468e-15
 -1.0333820066927e-16 -1.23677199089525e-16 -7.61280449148107e-15  1.33622687530775e-15 -1.87375941004061e-15   -0.0135978145941484     0.202768732744713     0.163145344307161   0.00851554529477905  8.15775936254736e-16
  8.6379742467115e-17  1.14531200066146e-17  -4.7979429435727e-16  -8.6245899514443e-16 -4.97003982088401e-15     0.211127729812905    0.0845707081669946   0.00851554529477905     0.169364404414376  1.98028940184597e-17
  -0.0059926023373503   0.00278257714159028    -0.117210820662076     0.133966395518376   0.00741799142328875 -7.65616526525923e-17  1.70621664361468e-15  8.15775936254736e-16  1.98028940184597e-17    0.0571708842590139
TOTAL ENERGY: -127.227408852577	 lambda: 0.5	 population of target: 7.17465528639794
1RDM: 
     1.99995648032785  1.84230656654329e-05 -0.000976129699075798  0.000636138498067018   5.4204636200824e-05  1.09774630677719e-18 -6.85967430598162e-18 -1.07020760255013e-16  6.45200085092447e-17  -0.00749491093443592
 1.84230656654329e-05      1.99998692517519  0.000246743129301731 -0.000236904980431002  0.000236695434711165 -2.93693859880152e-17  1.01726927899194e-16 -1.50087059066394e-16  1.82330785400265e-17   0.00350450653756825
-0.000976129699075798  0.000246743129301731      1.96580704681666    0.0139490398896711    0.0156246582415677 -1.24674292403031e-16  4.66855762148363e-15 -8.75136307880234e-15 -5.17634041395115e-16    -0.153513432379624
 0.000636138498067018 -0.000236904980431002    0.0139490398896711      1.97293798645049  -0.00760962756284711  9.51907329141736e-16 -8.33622791691158e-16  1.00751898021045e-15  -2.3538621616932e-15     0.157364747667717
  5.4204636200824e-05  0.000236695434711165    0.0156246582415677  -0.00760962756284711      1.97751472719212  2.13522554401369e-17  7.89950738219516e-16 -9.45735539171442e-16 -2.86337740701742e-15   0.00782958852943396
 1.09774630677719e-18 -2.93693859880152e-17 -1.24674292403031e-16  9.51907329141736e-16  2.13522554401369e-17      1.83254223879312   -0.0107949304590091   -0.0238429131679155      0.25220617937793  4.33871092320985e-17
-6.85967430598162e-18  1.01726927899194e-16  4.66855762148363e-15 -8.33622791691158e-16  7.89950738219516e-16   -0.0107949304590091      1.83003437828706      0.24396223058472    0.0938389803625689  3.65610796960434e-16
-1.07020760255013e-16 -1.50087059066394e-16 -8.75136307880234e-15  1.00751898021045e-15 -9.45735539171442e-16   -0.0238429131679155      0.24396223058472     0.174006681352802    0.0102082163276863  1.00656409228443e-15
 6.45200085092447e-17  1.82330785400265e-17 -5.17634041395115e-16  -2.3538621616932e-15 -2.86337740701742e-15      0.25220617937793    0.0938389803625689    0.0102082163276863     0.181461930280924  1.48392102158141e-17
 -0.00749491093443592   0.00350450653756825    -0.153513432379624     0.157364747667717   0.00782958852943396  4.33871092320985e-17  3.65610796960434e-16  1.00656409228443e-15  1.48392102158141e-17    0.0657516053238178
TOTAL ENERGY: -127.146472721783	 lambda: 0.6	 population of target: 7.32181205492374
1RDM: 
     1.99994298411259  2.49183391809164e-05  -0.00128823780583629  0.000823900713809531  4.75125123036157e-05  -1.1675749264666e-17 -1.80638670703216e-17 -9.30614398862381e-17   8.7340044380724e-17  -0.00897017469346692
 2.49183391809164e-05      1.99998399284046  0.000405800283359736 -0.000322774337468072  0.000233777284993234 -3.19304394208541e-17  1.11335365964282e-16  -1.8062540637618e-16  1.66008095837064e-17   0.00422571384754379
 -0.00128823780583629  0.000405800283359736      1.95878554319326    0.0185943361566599    0.0150901411858763 -1.28848196518226e-17  4.99547250042478e-15 -1.01007272362117e-14 -1.03207123917443e-15    -0.189259697783883
 0.000823900713809531 -0.000322774337468072    0.0185943361566599      1.96953225768215  -0.00858998948329598  -2.2124841165913e-16 -1.56401515303252e-15  2.04619484205741e-15 -2.29930740014856e-16     0.179910297694579
 4.75125123036157e-05  0.000233777284993234    0.0150901411858763  -0.00858998948329598      1.97754687475838  1.83494299676422e-15  1.90747310966845e-15 -2.02809312738405e-15 -6.02389266217889e-15   0.00818467094811614
 -1.1675749264666e-17 -3.19304394208541e-17 -1.28848196518226e-17  -2.2124841165913e-16  1.83494299676422e-15      1.82089407591911   -0.0125975019190153   -0.0341720523944617     0.293572731945758 -1.03490148358588e-17
-1.80638670703216e-17  1.11335365964282e-16  4.99547250042478e-15 -1.56401515303252e-15  1.90747310966845e-15   -0.0125975019190153      1.81796744459536      0.28544743166116     0.103160731604134 -1.07536531631918e-15
-9.30614398862381e-17  -1.8062540637618e-16 -1.01007272362117e-14  2.04619484205741e-15 -2.02809312738405e-15   -0.0341720523944617      0.28544743166116     0.185324754565427    0.0119128164730325  1.15699107070849e-15
  8.7340044380724e-17  1.66008095837064e-17 -1.03207123917443e-15 -2.29930740014856e-16 -6.02389266217889e-15     0.293572731945758     0.103160731604134    0.0119128164730325     0.194024904031984 -6.13098720879664e-17
 -0.00897017469346692   0.00422571384754379    -0.189259697783883     0.179910297694579   0.00818467094811614 -1.03490148358588e-17 -1.07536531631918e-15  1.15699107070849e-15 -6.13098720879664e-17    0.0759971683013581
TOTAL ENERGY: -127.050757343001	 lambda: 0.7	 population of target: 7.46906420691539
1RDM: 
     1.99992735231944   3.2601776572732e-05     -0.00164917935963    0.0010391714778856    3.344488320556e-05 -1.37426171412313e-17 -2.27393164735788e-17 -9.04984773115148e-17  8.41186284658469e-17   -0.0104133739597534
  3.2601776572732e-05      1.99998038635408  0.000591782206026911 -0.000423593737144895  0.000235773815920688 -3.41184095364397e-17  1.22830268429518e-16 -2.08930507118036e-16  1.99737238115929e-17   0.00494700591478638
    -0.00164917935963  0.000591782206026911      1.95059692302294    0.0238149834257435    0.0144395259193311 -2.42646297451629e-17  5.20888049407985e-15 -1.13614268054209e-14 -1.27262161271675e-15    -0.224119175368548
   0.0010391714778856 -0.000423593737144895    0.0238149834257435      1.96558975094857  -0.00951525174068603 -2.29631972831755e-16 -1.31453970795989e-15  2.15672888752931e-15 -1.96508611788429e-16     0.201407368367828
