TOTAL ENERGY: -126.547195007755	 lambda: -1	 population of target: 4.7261635505004
1RDM: 
     1.99974238595443  0.000145403078356386  -0.00356181729942676    0.0030056181980374  3.82399990389538e-05  8.15868487511668e-05   0.00255811548770147  -0.00013849989494172  0.000441873744178994   -0.0215967735636523
 0.000145403078356386      1.99988656118172   0.00143684796767527  -0.00109227230624633   6.6374819234491e-05  5.51400557804599e-05  -0.00319435889791463   0.00198199947182171  -0.00634729937830718    0.0117429321490975
 -0.00356181729942676   0.00143684796767527      1.93635328747794     0.048188777818094   0.00604390283561164    0.0107376504601168   0.00218748066200263    0.0335531114764956    -0.107644373675038    -0.318612457344925
   0.0030056181980374  -0.00109227230624633     0.048188777818094      1.93533188012479   0.00479093447206401    0.0114356275746914    0.0138521943141299   -0.0485507366270632     0.155232731722702     0.235783915067446
 3.82399990389538e-05   6.6374819234491e-05   0.00604390283561164   0.00479093447206401      1.88688902366254    0.0430406929613589 -0.000305226163242973     0.391395026652434     0.120984449136356    0.0180167730443253
 8.15868487511668e-05  5.51400557804599e-05    0.0107376504601168    0.0114356275746914    0.0430406929613589      1.94480189383622  -0.00570785805791242    -0.199680014820314   -0.0854874213689138    0.0358132852199717
  0.00255811548770147  -0.00319435889791463   0.00218748066200263    0.0138521943141299 -0.000305226163242973  -0.00570785805791242      1.85453709584873     0.131062639588929    -0.419541875921094     0.199316989912393
 -0.00013849989494172   0.00198199947182171    0.0335531114764956   -0.0485507366270632     0.391395026652434    -0.199680014820314     0.131062639588929     0.156813555659961  -0.00102704462322442   0.00224381183898424
 0.000441873744178994  -0.00634729937830718    -0.107644373675038     0.155232731722702     0.120984449136356   -0.0854874213689138    -0.419541875921094  -0.00102704462322442     0.168618647093419  -0.00788385617863618
  -0.0215967735636523    0.0117429321490975    -0.318612457344925     0.235783915067446    0.0180167730443253    0.0358132852199717     0.199316989912393   0.00224381183898424  -0.00788385617863618     0.117025669160304
TOTAL ENERGY: -126.686999781715	 lambda: -0.9	 population of target: 4.87338799575289
1RDM: 
     1.99978554390436  0.000122148388917755  -0.00297322327122292   0.00250019252277725   1.8471893923217e-05   4.1643379725427e-05   0.00216505124635509 -0.000124284201518997   0.00039713606219557   -0.0197072656435902
 0.000122148388917755      1.99990282980826   0.00119092040904375 -0.000912672295642339  7.58044223803824e-05  8.18159163319872e-05  -0.00272997131123335   0.00177932133617149  -0.00569885913348748    0.0107989799552906
 -0.00297322327122292   0.00119092040904375       1.9457070703961    0.0396726185276531    0.0055894420468739   0.00996557279350669   0.00160083206318836     0.030122388032543   -0.0966443606898551     -0.29384396969813
  0.00250019252277725 -0.000912672295642339    0.0396726185276531      1.94372603833413    0.0045250886357383    0.0107128045749232    0.0117619306773582   -0.0435881916306238     0.139357127562076     0.211840501767537
  1.8471893923217e-05  7.58044223803824e-05    0.0055894420468739    0.0045250886357383      1.90283494444699    0.0353321433920447 -0.000240973200955609     0.348862989999451     0.107781934177572    0.0166149802617084
  4.1643379725427e-05  8.18159163319872e-05   0.00996557279350669    0.0107128045749232    0.0353321433920447      1.94989459662821  -0.00505848191604809    -0.178375035087734   -0.0791828893321969    0.0330290309338616
  0.00216505124635509  -0.00272997131123335   0.00160083206318836    0.0117619306773582 -0.000240973200955609  -0.00505848191604809      1.87522208642514     0.117663973551703    -0.376652968811612     0.184780114578936
-0.000124284201518997   0.00177932133617149     0.030122388032543   -0.0435881916306238     0.348862989999451    -0.178375035087734     0.117663973551703     0.135814231095306 -0.000922213458583201   0.00201284952502697
  0.00039713606219557  -0.00569885913348748   -0.0966443606898551     0.139357127562076     0.107781934177572   -0.0791828893321969    -0.376652968811612 -0.000922213458583201     0.146411257579342  -0.00708996274460725
  -0.0197072656435902    0.0107989799552906     -0.29384396969813     0.211840501767537    0.0166149802617084    0.0330290309338616     0.184780114578936   0.00201284952502697  -0.00708996274460725     0.100701401382238
TOTAL ENERGY: -126.817541573296	 lambda: -0.8	 population of target: 5.02702378932075
1RDM: 
     1.99982545671345   0.00010034987741923  -0.00242127601610742   0.00203647938850056  4.93285507330604e-06  1.40992374822725e-05    0.0017988909285413 -0.000109738501269335  0.000351099595684951   -0.0177451473746991
  0.00010034987741923      1.99991792601146  0.000950274092838999 -0.000738016093730099  8.16948761440272e-05  0.000101635495908644  -0.00231608790709372   0.00157160814690942  -0.00503416316998842   0.00979870938045593
 -0.00242127601610742  0.000950274092838999      1.95448257963551    0.0319284942219581   0.00521417724943135     0.009354640045972  0.000602000903187592    0.0266058829494663   -0.0853728285940674    -0.267516216385585
  0.00203647938850056 -0.000738016093730099    0.0319284942219581      1.95124636932925   0.00418736890105808   0.00984194530871176    0.0103432200382426   -0.0385017992404707     0.123087863627248     0.187361457859504
 4.93285507330604e-06  8.16948761440272e-05   0.00521417724943135   0.00418736890105808       1.9161974053546    0.0289029898275679 -0.000228874833540275      0.30535629813103    0.0942607555319595    0.0155455337271466
 1.40992374822725e-05  0.000101635495908644     0.009354640045972   0.00984194530871176    0.0289029898275679      1.95432728336783  -0.00450005223242769    -0.156575096008635   -0.0726742493161649      0.03090729151357
   0.0017988909285413  -0.00231608790709372  0.000602000903187592    0.0103432200382426 -0.000228874833540275  -0.00450005223242769      1.89307840134891     0.103931748133841    -0.332694254725478     0.169570298638659
-0.000109738501269335   0.00157160814690942    0.0266058829494663   -0.0385017992404707      0.30535629813103    -0.156575096008635     0.103931748133841      0.11803223245034 -0.000814698003029456   0.00177481774220009
 0.000351099595684951  -0.00503416316998842   -0.0853728285940674     0.123087863627248    0.0942607555319595   -0.0726742493161649    -0.332694254725478 -0.000814698003029456     0.127391648752294   -0.0062863705550333
  -0.0177451473746991   0.00979870938045593    -0.267516216385585     0.187361457859504    0.0155455337271466      0.03090729151357     0.169570298638659   0.00177481774220009   -0.0062863705550333     0.085500697036392
TOTAL ENERGY: -126.936739985739	 lambda: -0.7	 population of target: 5.18600943439059
1RDM: 
     1.99986177260968  8.02686431874457e-05  -0.00191248649644392   0.00161675132780688 -4.29503075634007e-06 -4.86080817094532e-06   0.00146218913683821 -9.50286598939824e-05  0.000304369854615967   -0.0157133110241341
 8.02686431874457e-05      1.99993167111273  0.000719332766503339 -0.000570480133568997  8.50248140546881e-05  0.000116452665100863  -0.00195468544894042   0.00136133091419437  -0.00436115987722177   0.00874563810220479
 -0.00191248649644392  0.000719332766503339      1.96256426470746    0.0250028144411024    0.0048936450329847   0.00885447226569984 -0.000761757045958682    0.0230455991981306   -0.0739632799360438    -0.239639423799495
  0.00161675132780688 -0.000570480133568997    0.0250028144411024       1.9578837609315   0.00380381572794228   0.00887730089361604   0.00958126815298415   -0.0333522388315113      0.10661817992692     0.162292401968369
-4.29503075634007e-06  8.50248140546881e-05    0.0048936450329847   0.00380381572794228       1.9269927300347    0.0237527810191364 -0.000251781544880655     0.261388391946525    0.0805813114336283    0.0147220263056292
-4.86080817094532e-06  0.000116452665100863   0.00885447226569984   0.00887730089361604    0.0237527810191364      1.95810779121766  -0.00400476055226787    -0.134537897049058   -0.0660420004311174    0.0292757671481054
  0.00146218913683821  -0.00195468544894042 -0.000761757045958682   0.00958126815298415 -0.000251781544880655  -0.00400476055226787      1.90809024839428    0.0900295163060387    -0.288189962844186      0.15366798158494
-9.50286598939824e-05   0.00136133091419437    0.0230455991981306   -0.0333522388315113     0.261388391946525    -0.134537897049058    0.0900295163060387     0.103461557065921 -0.000705783104790974   0.00153290786151176
 0.000304369854615967  -0.00436115987722177   -0.0739632799360438      0.10661817992692    0.0805813114336283   -0.0660420004311174    -0.288189962844186 -0.000705783104790974     0.111568536001626  -0.00547993378966038
  -0.0157133110241341   0.00874563810220479    -0.239639423799495     0.162292401968369    0.0147220263056292    0.0292757671481054      0.15366798158494   0.00153290786151176  -0.00547993378966038    0.0715376679244818
TOTAL ENERGY: -127.042994111489	 lambda: -0.6	 population of target: 5.34953118514561
1RDM: 
     1.99989414791474  6.21479739158593e-05  -0.00145357203542255   0.00124383821456314 -1.05972229036648e-05 -1.79929879666185e-05   0.00115761534220503 -8.02687377535963e-05  0.000257366102491449   -0.0136150234318449
 6.21479739158593e-05      1.99994392590169  0.000502930713949226 -0.000412956739321385  8.65613528294058e-05  0.000127729828930626  -0.00164594053520207     0.001150193290681  -0.00368533201951912   0.00764307379832505
 -0.00145357203542255  0.000502930713949226      1.96983645075989     0.018940164837727   0.00461020086678333   0.00842878283108577  -0.00240677092468821     0.019470496331956   -0.0625077403698032    -0.210243866190328
  0.00124383821456314 -0.000412956739321385     0.018940164837727      1.96362799404493   0.00339099184566541   0.00785349868766744   0.00940780884521559   -0.0281813509106367    0.0900813470225283     0.136605863223824
-1.05972229036648e-05  8.65613528294058e-05   0.00461020086678333   0.00339099184566541      1.93534559602477     0.019820874419282 -0.000298002216399478     0.217310048032785      0.06685384903425    0.0140742545138948
-1.79929879666185e-05  0.000127729828930626   0.00842878283108577   0.00785349868766744     0.019820874419282       1.9612650006882  -0.00355369571754032    -0.112439726808994   -0.0593433430107948    0.0279944794825266
  0.00115761534220503  -0.00164594053520207  -0.00240677092468821   0.00940780884521559 -0.000298002216399478  -0.00355369571754032      1.92035568665107    0.0760700478757412    -0.243501529577767      0.13707047442768
-8.02687377535963e-05     0.001150193290681     0.019470496331956   -0.0281813509106367     0.217310048032785    -0.112439726808994    0.0760700478757412    0.0919559217197188 -0.000596358451102454   0.00128935886851224
 0.000257366102491449  -0.00368533201951912   -0.0625077403698032    0.0900813470225283      0.06685384903425   -0.0593433430107948    -0.243501529577767 -0.000596358451102454    0.0988057565079822  -0.00467508663980496
  -0.0136150234318449   0.00764307379832505    -0.210243866190328     0.136605863223824    0.0140742545138948    0.0279944794825266      0.13707047442768   0.00128935886851224  -0.00467508663980496    0.0589695197870684
TOTAL ENERGY: -127.135059099441	 lambda: -0.5	 population of target: 5.516977551496
1RDM: 
      1.9999222430739  4.62181248590406e-05  -0.00105138762438734  0.000921055501586249 -1.48893161520372e-05 -2.71190812630732e-05  0.000888031430376468 -6.55274981764711e-05  0.000210343939820291   -0.0114546944907981
 4.62181248590406e-05      1.99995457010079  0.000305982833451619 -0.000268628310875398  8.68455297199245e-05  0.000136504902360519   -0.0013895409366846  0.000939224347172744  -0.00300999571192217   0.00649426702078543
 -0.00105138762438734  0.000305982833451619      1.97618003458163    0.0137897335936071   0.00435232255709051   0.00805393186277592  -0.00423583353748005    0.0158980839873167   -0.0510618102583685    -0.179389315204773
 0.000921055501586249 -0.000268628310875398    0.0137897335936071      1.96846045196955    0.0029594162247718   0.00679248613049858   0.00973436830597239   -0.0230144167108682    0.0735579045695998     0.110321863493769
-1.48893161520372e-05  8.68455297199245e-05   0.00435232255709051    0.0029594162247718      1.94140858548297    0.0170292925056843 -0.000360009624828473      0.17333108278757    0.0531447960427357    0.0135569323621275
-2.71190812630732e-05  0.000136504902360519   0.00805393186277592   0.00679248613049858    0.0170292925056843      1.96383197245688  -0.00313451388901826    -0.090386215810705   -0.0526139670136492    0.0269731398179352
 0.000888031430376468   -0.0013895409366846  -0.00423583353748005   0.00973436830597239 -0.000360009624828473  -0.00313451388901826      1.93000210782806    0.0621214952334131    -0.198847435402322      0.11980046781716
-6.55274981764711e-05  0.000939224347172744    0.0158980839873167   -0.0230144167108682      0.17333108278757    -0.090386215810705    0.0621214952334131    0.0833326410582416 -0.000486962600522026   0.00104553344784193
 0.000210343939820291  -0.00300999571192217   -0.0510618102583685    0.0735579045695998    0.0531447960427357   -0.0526139670136492    -0.198847435402322 -0.000486962600522026    0.0889267341659604  -0.00387443113132917
  -0.0114546944907981   0.00649426702078543    -0.179389315204773     0.110321863493769    0.0135569323621275    0.0269731398179352      0.11980046781716   0.00104553344784193  -0.00387443113132917    0.0479806592820698
TOTAL ENERGY: -127.211921674739	 lambda: -0.4	 population of target: 5.68784208677013
1RDM: 
     1.99994573017885  3.26980084790212e-05 -0.000712697459094795  0.000651860615912883 -1.78215686955675e-05 -3.35332322793015e-05  0.000656382040431266 -5.08453207265947e-05  0.000163457843365004  -0.00923828165869774
 3.26980084790212e-05      1.99996348794227  0.000133233932042185 -0.000140589795794528  8.62634504243584e-05  0.000143523543085749   -0.0011854758188797  0.000729034403440352  -0.00233711951185339   0.00530272162625709
-0.000712697459094795  0.000133233932042185      1.98147362418727   0.00960445054856038   0.00411181027692868   0.00771317601120058  -0.00615550381385121    0.0123387518122314   -0.0396584276960086    -0.147168098389253
 0.000651860615912883 -0.000140589795794528   0.00960445054856038      1.97235498854679   0.00251818321127192   0.00571296823756196    0.0104770211791045   -0.0178664437243555    0.0570955417648828     0.083507645823636
-1.78215686955675e-05  8.62634504243584e-05   0.00411181027692868   0.00251818321127192      1.94531239182016    0.0153106634074703 -0.000431942610009085     0.129574868342148    0.0394934474932267    0.0131436132052123
-3.35332322793015e-05  0.000143523543085749   0.00771317601120058   0.00571296823756196    0.0153106634074703      1.96583702341359  -0.00273710753743824   -0.0684395377435171   -0.0458755850353712    0.0261590181730165
 0.000656382040431266   -0.0011854758188797  -0.00615550381385121    0.0104770211791045 -0.000431942610009085  -0.00273710753743824      1.93713446404992    0.0482242784085019     -0.15435729469295     0.101905988445102
-5.08453207265947e-05  0.000729034403440352    0.0123387518122314   -0.0178664437243555     0.129574868342148   -0.0684395377435171    0.0482242784085019    0.0774382702244509  -0.00037791654178979  0.000802238844789668
 0.000163457843365004  -0.00233711951185339   -0.0396584276960086    0.0570955417648828    0.0394934474932267   -0.0458755850353712     -0.15435729469295  -0.00037791654178979    0.0817816346653637  -0.00307952157582231
 -0.00923828165869774   0.00530272162625709    -0.147168098389253     0.083507645823636    0.0131436132052123    0.0261590181730165     0.101905988445102  0.000802238844789668  -0.00307952157582231    0.0387583849713788
TOTAL ENERGY: -127.272726008368	 lambda: -0.3	 population of target: 5.86163232146223
1RDM: 
     1.99996430671369  2.17926030113222e-05 -0.000443885391645633  0.000439476023055821 -1.99577822411957e-05 -3.83577309296887e-05  0.000465495901615907 -3.62517273254756e-05  0.000116824415236248   -0.0069732676988636
 2.17926030113222e-05      1.99997056478819 -1.08753870868475e-05   -3.164811909752e-05  8.51287384866805e-05   0.00014939311446654  -0.00103415236065385  0.000520075079783664  -0.00166816102271262   0.00407245965103391
-0.000443885391645633 -1.08753870868475e-05      1.98559817315665   0.00643559340588182   0.00388133268800311   0.00739160715359445  -0.00808307437171612   0.00880019338719822   -0.0283219351491933     -0.11370240836342
 0.000439476023055821   -3.164811909752e-05   0.00643559340588182      1.97528315824966   0.00207782261538739   0.00463635919149597    0.0115653643815364   -0.0127485578977477    0.0407294501403956    0.0562631240730982
-1.99577822411957e-05  8.51287384866805e-05   0.00388133268800311   0.00207782261538739      1.94715612132072     0.014614771211523 -0.000507700447725069    0.0861327204464171    0.0259288958454219    0.0128128781930676
-3.83577309296887e-05   0.00014939311446654   0.00739160715359445   0.00463635919149597     0.014614771211523      1.96730296103924  -0.00235048383818757   -0.0466457198061831   -0.0391442479841497    0.0255094116256011
 0.000465495901615907  -0.00103415236065385  -0.00808307437171612    0.0115653643815364 -0.000507700447725069  -0.00235048383818757      1.94182589061511    0.0344083108779303    -0.110127087853689     0.083454406195584
-3.62517273254756e-05  0.000520075079783664   0.00880019338719822   -0.0127485578977477    0.0861327204464171   -0.0466457198061831    0.0344083108779303    0.0741626151498367 -0.000269458150615503  0.000560079024174331
 0.000116824415236248  -0.00166816102271262   -0.0283219351491933    0.0407294501403956    0.0259288958454219   -0.0391442479841497    -0.110127087853689 -0.000269458150615503    0.0772629378776024  -0.00229145803459388
  -0.0069732676988636   0.00407245965103391     -0.11370240836342    0.0562631240730982    0.0128128781930676    0.0255094116256011     0.083454406195584  0.000560079024174331  -0.00229145803459388    0.0314732710893292
TOTAL ENERGY: -127.316754973177	 lambda: -0.2	 population of target: 6.03781872314071
1RDM: 
      1.9999777092452  1.36875849299905e-05 -0.000250697208823984  0.000286642493991436 -2.18327147034048e-05 -4.26570031722991e-05  0.000317899953890846 -2.17762286468486e-05  7.05588911495149e-05  -0.00466840108510661
 1.36875849299905e-05      1.99997569277717 -0.000122248300424692  5.56937022735164e-05  8.37220111009997e-05  0.000154655319516407 -0.000936038052755377  0.000312795181444314  -0.00100456810956297   0.00280814534204272
-0.000250697208823984 -0.000122248300424692      1.98844297202771    0.0043266675513411   0.00365376595177212   0.00707473273855145  -0.00994462724574443   0.00529005447783742   -0.0170765302468997   -0.0791396390406517
 0.000286642493991436  5.56937022735164e-05    0.0043266675513411      1.97721968804154   0.00165021490254043   0.00358676283859447     0.012937985440449  -0.00767181236158707    0.0244945628883663    0.0287040258979713
-2.18327147034048e-05  8.37220111009997e-05   0.00365376595177212   0.00165021490254043      1.94702613513377    0.0148989001121508 -0.000580606306515655    0.0430957754220664    0.0124800919759546    0.0125360378117211
-4.26570031722991e-05  0.000154655319516407   0.00707473273855145   0.00358676283859447    0.0148989001121508      1.96825104004026  -0.00196249498509281   -0.0250506557212363   -0.0324356976402388    0.0249671276888789
 0.000317899953890846 -0.000936038052755377  -0.00994462724574443     0.012937985440449 -0.000580606306515655  -0.00196249498509281      1.94413839014183    0.0207033084834109   -0.0662522116971663      0.06452554420025
-2.17762286468486e-05  0.000312795181444314   0.00529005447783742  -0.00767181236158707    0.0430957754220664   -0.0250506557212363    0.0207033084834109    0.0734149766735116 -0.000161822673192439  0.000319680672363273
 7.05588911495149e-05  -0.00100456810956297   -0.0170765302468997    0.0244945628883663    0.0124800919759546   -0.0324356976402388   -0.0662522116971663 -0.000161822673192439    0.0752826036225155  -0.00151113018837712
 -0.00466840108510661   0.00280814534204272   -0.0791396390406517    0.0287040258979713    0.0125360378117211    0.0249671276888789      0.06452554420025  0.000319680672363273  -0.00151113018837712    0.0262707922965444
TOTAL ENERGY: -127.343443758309	 lambda: -0.1	 population of target: 6.21582889672439
1RDM: 
     1.99998572412908  8.54323225632889e-06 -0.000138043344212301  0.000195516863188663 -2.38966853531904e-05   -4.732715923057e-05  0.000215690234871391 -7.44974970378688e-06  2.47777482723142e-05  -0.00233343688326806
 8.54323225632889e-06      1.99997877997896 -0.000197137342661441  0.000119158156057909  8.22786388262684e-05  0.000159761042618731 -0.000891169032913778  0.000107660095275446 -0.000347839688019878   0.00151507431765351
-0.000138043344212301 -0.000197137342661441      1.98991131581429   0.00330892996450762   0.00342318489932097   0.00675043815723799   -0.0116694004750888   0.00181625239575762  -0.00594732942029689   -0.0436494797979654
 0.000195516863188663  0.000119158156057909   0.00330892996450762      1.97814621755489   0.00124630046180607   0.00258642461266658      0.01453244795997  -0.00264766220038459   0.00842712200521761  0.000952488582518656
-2.38966853531904e-05  8.22786388262684e-05   0.00342318489932097   0.00124630046180607      1.94502299732458    0.0161129020800803 -0.000644433751585661  0.000558188033980112 -0.000822985069407302    0.0122726992348195
  -4.732715923057e-05  0.000159761042618731   0.00675043815723799   0.00258642461266658    0.0161129020800803      1.96870558447606  -0.00156193280779248  -0.00370179116843222   -0.0257664028015065    0.0244516525456671
 0.000215690234871391 -0.000891169032913778   -0.0116694004750888      0.01453244795997 -0.000644433751585661  -0.00156193280779248      1.94415206777349   0.00714007601336686   -0.0228315193093574    0.0452080443591258
-7.44974970378688e-06  0.000107660095275446   0.00181625239575762  -0.00264766220038459  0.000558188033980112  -0.00370179116843222   0.00714007601336686    0.0750886526916401 -5.52547880417199e-05  8.17315111287969e-05
 2.47777482723142e-05 -0.000347839688019878  -0.00594732942029689   0.00842712200521761 -0.000822985069407302   -0.0257664028015065   -0.0228315193093574 -5.52547880417199e-05    0.0757366847253083 -0.000739167984882852
 -0.00233343688326806   0.00151507431765351   -0.0436494797979654  0.000952488582518656    0.0122726992348195    0.0244516525456671    0.0452080443591258  8.17315111287969e-05 -0.000739167984882852    0.0232719755317723
TOTAL ENERGY: -127.352398155368	 lambda: 0	 population of target: 6.39507433633507
1RDM: 
     1.99998819579315  6.48892277908401e-06 -0.000109834302747512  0.000167623062322606 -2.64233158151106e-05 -5.29123709663171e-05  0.000160445638289997  6.70087465688239e-06 -2.04225152391355e-05  2.09975951642906e-05
 6.48892277908401e-06      1.99997975763424 -0.000232181217151635   0.00015664461705201  8.09516626936604e-05  0.000164999778738557 -0.000898817856331525 -9.49326149120166e-05  0.000300745606898358  0.000199087462092724
-0.000109834302747512 -0.000232181217151635      1.98992520527303   0.00339893705996112   0.00318630134967618   0.00641190810357013   -0.0131861503842922  -0.00161445706942773   0.00504417170932475  -0.00742390709290739
 0.000167623062322606   0.00015664461705201   0.00339893705996112      1.97805352785275  0.000873339050708708    0.0016501908988007    0.0162784181834893   0.00231411841071092  -0.00744186829783402   -0.0268619325510056
-2.64233158151106e-05  8.09516626936604e-05   0.00318630134967618  0.000873339050708708      1.94127841965399    0.0181892970989343 -0.000694859976313723   -0.0414009325546928   -0.0139548625072615    0.0119753167997546
-5.29123709663171e-05  0.000164999778738557   0.00641190810357013    0.0016501908988007    0.0181892970989343      1.96869643975358  -0.00114120670264448    0.0173609184249862   -0.0191510766289416    0.0238682206755485
 0.000160445638289997 -0.000898817856331525   -0.0131861503842922    0.0162784181834893 -0.000694859976313723  -0.00114120670264448      1.94198407600468  -0.00625508037590952    0.0200506102779207    0.0256000931594443
 6.70087465688239e-06 -9.49326149120166e-05  -0.00161445706942773   0.00231411841071092   -0.0414009325546928    0.0173609184249862  -0.00625508037590952    0.0790373430213287  5.00355359444458e-05 -0.000153134481566952
-2.04225152391355e-05  0.000300745606898358   0.00504417170932475  -0.00744186829783402   -0.0139548625072615   -0.0191510766289416    0.0200506102779207  5.00355359444458e-05    0.0784812227865148  2.42491089534977e-05
 2.09975951642906e-05  0.000199087462092724  -0.00742390709290739   -0.0268619325510056    0.0119753167997546    0.0238682206755485    0.0256000931594443 -0.000153134481566952  2.42491089534977e-05    0.0225758122267776
TOTAL ENERGY: -127.3433989089	 lambda: 0.1	 population of target: 6.57499143037404
1RDM: 
     1.99998503427563  7.61860938424917e-06 -0.000168812576081018  0.000203757941471234 -2.94589532907499e-05  -5.9504443802435e-05  0.000153151324161056  2.06612913636479e-05 -6.49940439151474e-05   0.00238346380260475
 7.61860938424917e-06       1.9999785824248 -0.000224513315670702  0.000166302034048685  7.97859190175918e-05  0.000170452760454799 -0.000957470660602626   -0.0002947745743194  0.000940518959755967  -0.00113354684631348
-0.000168812576081018 -0.000224513315670702       1.9884290379809   0.00459743783315443   0.00294310678900349   0.00605898836981549   -0.0144250613048885  -0.00499854241611613    0.0158866666164773    0.0293217054352973
 0.000203757941471234  0.000166302034048685   0.00459743783315443      1.97694320962787  0.000533291787373799  0.000782167772662363    0.0180992619838661   0.00720841738259254   -0.0230961163914469   -0.0545946545346139
-2.94589532907499e-05  7.97859190175918e-05   0.00294310678900349  0.000533291787373799      1.93595269070564    0.0210440972537029 -0.000730395276110055    -0.082742683173821   -0.0269024399251769    0.0115993527657253
 -5.9504443802435e-05  0.000170452760454799   0.00605898836981549  0.000782167772662363    0.0210440972537029      1.96825801534586  -0.00069788495352397    0.0381176292782399   -0.0125987161442545    0.0231280697204472
 0.000153151324161056 -0.000957470660602626   -0.0144250613048885    0.0180992619838661 -0.000730395276110055  -0.00069788495352397      1.93778739584353     -0.01946837691606    0.0623499977381803   0.00581252600732501
 2.06612913636479e-05   -0.0002947745743194  -0.00499854241611613   0.00720841738259254    -0.082742683173821    0.0381176292782399     -0.01946837691606    0.0850763077822806  0.000153935666059504 -0.000384514798158678
-6.49940439151474e-05  0.000940518959755967    0.0158866666164773   -0.0230961163914469   -0.0269024399251769   -0.0125987161442545    0.0623499977381803  0.000153935666059504    0.0833326878593223  0.000779565615998873
  0.00238346380260475  -0.00113354684631348    0.0293217054352973   -0.0545946545346139    0.0115993527657253    0.0231280697204472   0.00581252600732501 -0.000384514798158678  0.000779565615998873    0.0242570381542251
TOTAL ENERGY: -127.316386075537	 lambda: 0.2	 population of target: 6.75507989585943
1RDM: 
     1.99997622220162  1.19874136742697e-05 -0.000316379680050002   0.00030382330223203 -3.28488777337893e-05 -6.67952452061061e-05  0.000194118668833238  3.44358690415219e-05 -0.000108956917892659   0.00474183496730194
 1.19874136742697e-05      1.99997523347253 -0.000171939636591415   0.00014673936121728   7.8725024751519e-05  0.000176010383189723  -0.00106511011155414 -0.000491936449892691   0.00157170880645797  -0.00247626954187636
-0.000316379680050002 -0.000171939636591415      1.98539223776421   0.00688902980454659   0.00269620253370151   0.00569690975269119   -0.0153254849810137  -0.00833721365893449    0.0265839265917897    0.0663494983785349
  0.00030382330223203   0.00014673936121728   0.00688902980454659      1.97482914696308  0.000222952790423108 -2.40998491926368e-05    0.0199225636673841    0.0120369805314415    -0.038541090178106   -0.0820788794262396
-3.28488777337893e-05   7.8725024751519e-05   0.00269620253370151  0.000222952790423108      1.92921290443981    0.0245883758903349 -0.000752337745872716    -0.123486410339519   -0.0396707592729586    0.0111137647434294
-6.67952452061061e-05  0.000176010383189723   0.00569690975269119 -2.40998491926368e-05    0.0245883758903349      1.96742504397208 -0.000234371755573404    0.0585777119047254  -0.00610937436462098    0.0221693432769572
 0.000194118668833238  -0.00106511011155414   -0.0153254849810137    0.0199225636673841 -0.000752337745872716 -0.000234371755573404       1.9317296477614    -0.032504496531881     0.104081680299509   -0.0140290706774951
 3.44358690415219e-05 -0.000491936449892691  -0.00833721365893449    0.0120369805314415    -0.123486410339519    0.0585777119047254    -0.032504496531881    0.0930084092743539  0.000256478156020943 -0.000612380762334666
-0.000108956917892659   0.00157170880645797    0.0265839265917897    -0.038541090178106   -0.0396707592729586  -0.00610937436462098     0.104081680299509  0.000256478156020943    0.0900934873477697    0.0015278975157184
  0.00474183496730194  -0.00247626954187636    0.0663494983785349   -0.0820788794262396    0.0111137647434294    0.0221693432769572   -0.0140290706774951 -0.000612380762334666    0.0015278975157184     0.028357666803184
TOTAL ENERGY: -127.271428080928	 lambda: 0.3	 population of target: 6.93492589277753
1RDM: 
     1.99996181955388  1.96096234306816e-05  -0.00055245617018162  0.000466634521173469 -3.63242694376625e-05  -7.4250070281066e-05   0.00028291766297625  4.80489598178549e-05 -0.000152399487887811   0.00708358666515104
 1.96096234306816e-05      1.99996970585675 -7.31440630074511e-05  9.73146210188939e-05  7.76498800933141e-05  0.000181449410426844  -0.00121968668435383 -0.000686780268391044    0.0021954787775411  -0.00382239350439261
 -0.00055245617018162 -7.31440630074511e-05      1.98081056545556    0.0102425439936148   0.00244914473948631   0.00533299784127048   -0.0158469603320207   -0.0116366227513342    0.0371555064617511      0.10340444660003
 0.000466634521173469  9.73146210188939e-05    0.0102425439936148      1.97173840283731 -6.44942240351909e-05  -0.00078254051129468    0.0216958552433844    0.0168087064732086   -0.0538050114486744    -0.109124697488127
-3.63242694376625e-05  7.76498800933141e-05   0.00244914473948631 -6.44942240351909e-05      1.92119997828841    0.0287461811889511 -0.000763883915234821    -0.163711293903557   -0.0522836998361735     0.010507314561846
 -7.4250070281066e-05  0.000181449410426844   0.00533299784127048  -0.00078254051129468    0.0287461811889511      1.96622634789929  0.000243895660440203    0.0787806158049061  0.000326710228306424    0.0209696626754656
  0.00028291766297625  -0.00121968668435383   -0.0158469603320207    0.0216958552433844 -0.000763883915234821  0.000243895660440203      1.92395986391037   -0.0453873913621963     0.145322460505472   -0.0337859196890818
 4.80489598178549e-05 -0.000686780268391044   -0.0116366227513342    0.0168087064732086    -0.163711293903557    0.0787806158049061   -0.0453873913621963     0.102665095442927  0.000357847456854724 -0.000837114154939869
-0.000152399487887811    0.0021954787775411    0.0371555064617511   -0.0538050114486744   -0.0522836998361735  0.000326710228306424     0.145322460505472  0.000357847456854724    0.0985928848770933   0.00227090416502122
  0.00708358666515104  -0.00382239350439261      0.10340444660003    -0.109124697488127     0.010507314561846    0.0209696626754656   -0.0337859196890818 -0.000837114154939869   0.00227090416502122    0.0348753358784341
TOTAL ENERGY: -127.208687070517	 lambda: 0.4	 population of target: 7.11420279453467
1RDM: 
     1.99994196410031   3.0458512040917e-05 -0.000875425564144212  0.000689791247061806 -3.96043633065044e-05 -8.13109745920867e-05   0.00041835077871913  6.15397278179602e-05 -0.000195458110576902   0.00939626231331984
  3.0458512040917e-05      1.99996200336137  7.21419813257959e-05  1.84003139934667e-05  7.64297689576345e-05  0.000186531760883174  -0.00141960753980944 -0.000879881317048905   0.00281367552401783  -0.00516529944348056
-0.000875425564144212  7.21419813257959e-05      1.97470585914074     0.014612409213721   0.00220461403400108   0.00497297289052707   -0.0159795616549483   -0.0149065305224483    0.0476325518379712     0.140224608208736
 0.000689791247061806  1.84003139934667e-05     0.014612409213721      1.96771092554872 -0.000337339070681911  -0.00151022361552314    0.0234018140178718    0.0215377235598921   -0.0689327798695918    -0.135526644507654
-3.96043633065044e-05  7.64297689576345e-05   0.00220461403400108 -0.000337339070681911      1.91199618019173    0.0334724031627534 -0.000768873941447942    -0.203539165139944   -0.0647788142730268   0.00978843263708304
-8.13109745920867e-05  0.000186531760883174   0.00497297289052707  -0.00151022361552314    0.0334724031627534      1.96467875611155  0.000730744886590898     0.098787321163373   0.00672705707709001    0.0195458532531146
  0.00041835077871913  -0.00141960753980944   -0.0159795616549483    0.0234018140178718 -0.000768873941447942  0.000730744886590898      1.91457494802052   -0.0581551157180761      0.18619430859275   -0.0533120376625083
 6.15397278179602e-05 -0.000879881317048905   -0.0149065305224483    0.0215377235598921    -0.203539165139944     0.098787321163373   -0.0581551157180761     0.113947437670832  0.000458340358468911  -0.00105941564544311
-0.000195458110576902   0.00281367552401783    0.0476325518379712   -0.0689327798695918   -0.0647788142730268   0.00672705707709001      0.18619430859275  0.000458340358468911     0.108728512004775   0.00301050078503413
  0.00939626231331984  -0.00516529944348056     0.140224608208736    -0.135526644507654   0.00978843263708304    0.0195458532531146   -0.0533120376625083  -0.00105941564544311   0.00301050078503413    0.0437534138494957
TOTAL ENERGY: -127.128393886965	 lambda: 0.5	 population of target: 7.29264963890162
1RDM: 
      1.9999168663638  4.44682681195461e-05  -0.00128219721891425  0.000969678300061147 -4.24655034690642e-05 -8.75340280829041e-05  0.000598488604913764  7.49520487045272e-05 -0.000238281871425148    0.0116680367231596
 4.44682681195461e-05      1.99995213299217  0.000263066028205703 -8.84754119094868e-05  7.49604669565819e-05   0.00019107463872326  -0.00166407932766063  -0.00107187901546279   0.00342834989919938  -0.00649866084711475
 -0.00128219721891425  0.000263066028205703      1.96712416774477    0.0199410948947001   0.00196324880058684     0.004618530249273   -0.0157498385594329   -0.0181577764121084    0.0580497326193929     0.176555001447556
 0.000969678300061147 -8.84754119094868e-05    0.0199410948947001      1.96279794075763 -0.000603506266637492   -0.0022235476827135    0.0250675270117018    0.0262397223375567   -0.0839743221504623    -0.161078174395843
-4.24655034690642e-05  7.49604669565819e-05   0.00196324880058684 -0.000603506266637492      1.90160434686331    0.0387645947292938 -0.000770717782059598    -0.243102912132896   -0.0771975829722261   0.00897877894386252
-8.75340280829041e-05   0.00019107463872326     0.004618530249273   -0.0022235476827135    0.0387645947292938      1.96278347801618   0.00122102821967267     0.118664500893381    0.0131124059911022    0.0179411086289658
 0.000598488604913764  -0.00166407932766063   -0.0157498385594329    0.0250675270117018 -0.000770717782059598   0.00122102821967267      1.90359716401416   -0.0708499582508892      0.22683272566926   -0.0724635618737687
 7.49520487045272e-05  -0.00107187901546279   -0.0181577764121084    0.0262397223375567    -0.243102912132896     0.118664500893381   -0.0708499582508892     0.126852891945635   0.00055828870481244  -0.00128010796918343
-0.000238281871425148   0.00342834989919938    0.0580497326193929   -0.0839743221504623   -0.0771975829722261    0.0131124059911022      0.22683272566926   0.00055828870481244      0.12049401784538   0.00374847795142136
   0.0116680367231596  -0.00649866084711475     0.176555001447556    -0.161078174395843   0.00897877894386252    0.0179411086289658   -0.0724635618737687  -0.00128010796918343   0.00374847795142136    0.0548769934570664
TOTAL ENERGY: -127.030842075005	 lambda: 0.6	 population of target: 7.47003442159027
1RDM: 
     1.99988679952967  6.15380355428216e-05   -0.0017683942626341   0.00130162009253246 -4.47442259035952e-05  -9.2594903112662e-05  0.000820769564745258  8.83220042554109e-05 -0.000280992628842875    0.0138882630230139
 6.15380355428216e-05      1.99994010285565  0.000497715726797772 -0.000220675412203894  7.31679405172934e-05  0.000194950957573738   -0.0019531960232014  -0.00126329828653087   0.00404118512552439   -0.0078166764532857
  -0.0017683942626341  0.000497715726797772      1.95813246682508    0.0261624048414672   0.00172374720643913   0.00426742118997053   -0.0152200195687724   -0.0213992513395115    0.0684355609873823     0.212162596643881
  0.00130162009253246 -0.000220675412203894    0.0261624048414672      1.95705943557278 -0.000869648016055459  -0.00293627131762448    0.0267644744009274      0.03092758710045   -0.0989706188883217    -0.185589273247318
-4.47442259035952e-05  7.31679405172934e-05   0.00172374720643913 -0.000869648016055459       1.8899459849931    0.0446647880675604  -0.00077191295252477    -0.282509330836899   -0.0895738468455906   0.00810252639451429
 -9.2594903112662e-05  0.000194950957573738   0.00426742118997053  -0.00293627131762448    0.0446647880675604      1.96052634649819   0.00171111936626398     0.138465923237133    0.0195009295562373    0.0162036225258815
 0.000820769564745258   -0.0019531960232014   -0.0152200195687724    0.0267644744009274  -0.00077191295252477   0.00171111936626398      1.89097020846852   -0.0835066347907085     0.267348938793238    -0.091109249617598
 8.83220042554109e-05  -0.00126329828653087   -0.0213992513395115      0.03092758710045    -0.282509330836899     0.138465923237133   -0.0835066347907085     0.141478404184343  0.000657967406105705   -0.0014998893878424
-0.000280992628842875   0.00404118512552439    0.0684355609873823   -0.0989706188883217   -0.0895738468455906    0.0195009295562373     0.267348938793238  0.000657967406105705     0.133983240093671   0.00448613043538942
   0.0138882630230139   -0.0078166764532857     0.212162596643881    -0.185589273247318   0.00810252639451429    0.0162036225258815    -0.091109249617598   -0.0014998893878424   0.00448613043538942    0.0680770109790379
TOTAL ENERGY: -126.916402465159	 lambda: 0.7	 population of target: 7.64611380375039
1RDM: 
     1.99985208590829  8.15376326349056e-05  -0.00232864239526924   0.00168016486296013 -4.62673696095383e-05 -9.61491713266657e-05   0.00108214866562766   0.00010166663382006 -0.000323651850568867    0.0160478892617918
 8.15376326349056e-05      1.99992592378971  0.000773316921887699 -0.000374694510550014  7.09692563216619e-05  0.000198005303094225  -0.00228774446483255  -0.00145439252094075   0.00465299571420078  -0.00911426609134873
 -0.00232864239526924  0.000773316921887699      1.94781432210853    0.0332051144108452   0.00148441945195319   0.00391644400817243   -0.0144801791316987   -0.0246352457923288    0.0788038408288315     0.246849220032102
  0.00168016486296013 -0.000374694510550014    0.0332051144108452      1.95056139514704  -0.00114143533242384  -0.00365993903868259    0.0285987561305269    0.0356075507470483    -0.113941397692361    -0.208902741436143
