TOTAL ENERGY: -126.607685652659	 lambda: -1	 population of target: 5.33608030881207
1RDM: 
     1.99999752488755  8.65091485549209e-06 -8.06079207377895e-05  0.000312251020869467 -0.000123472829864954  8.03278429760054e-18 -1.43576459113584e-15 -5.02626795463372e-16   1.2090164404698e-15 -0.000852134326080693
 8.65091485549209e-06       1.9999594597614  7.77837405196733e-05  -0.00144004965786028 -0.000365022011720808  4.80634154998222e-15  4.14295525502567e-15 -5.05512880533653e-15  3.05487641987768e-16  0.000293127321306631
-8.06079207377895e-05  7.77837405196733e-05      1.99176831648534   0.00330538692964038   -0.0248796328170267 -1.29350739519201e-13 -5.13234984978913e-14  8.46192455545735e-15 -1.43250605907565e-13   -0.0954946384513591
 0.000312251020869467  -0.00144004965786028   0.00330538692964038      1.94584118827006  -0.00578569614414408 -4.63899388278436e-13  1.23248490022848e-13  2.96200726238425e-13  -8.4007517468113e-13   -0.0139653961341702
-0.000123472829864954 -0.000365022011720808   -0.0248796328170267  -0.00578569614414408      1.87778377035764  5.38975780390692e-13 -1.00427755987644e-14 -6.57701055241491e-13  2.50397358859635e-13     -0.18319760317293
 8.03278429760054e-18  4.80634154998222e-15 -1.29350739519201e-13 -4.63899388278436e-13  5.38975780390692e-13      1.49606028049822   -0.0982821056294199     0.161677050635525    -0.494427893276535 -5.92799869529154e-14
-1.43576459113584e-15  4.14295525502567e-15 -5.13234984978913e-14  1.23248490022848e-13 -1.00427755987644e-14   -0.0982821056294199      1.39459508524396    -0.496473594068658    -0.335106771793725  3.85224745760486e-14
-5.02626795463372e-16 -5.05512880533653e-15  8.46192455545735e-15  2.96200726238425e-13 -6.57701055241491e-13     0.161677050635525    -0.496473594068658     0.527819688414531    0.0994514454449568  1.74459068538644e-13
  1.2090164404698e-15  3.05487641987768e-16 -1.43250605907565e-13  -8.4007517468113e-13  2.50397358859635e-13    -0.494427893276535    -0.335106771793725    0.0994514454449568     0.624620075209824 -4.77457239604623e-14
-0.000852134326080693  0.000293127321306631   -0.0954946384513591   -0.0139653961341702     -0.18319760317293 -5.92799869529154e-14  3.85224745760486e-14  1.74459068538644e-13 -4.77457239604623e-14     0.141554610871555
TOTAL ENERGY: -126.754879125637	 lambda: -0.9	 population of target: 5.49124014290465
1RDM: 
     1.99999773180014   7.6634143561604e-06 -7.37198044390366e-05   0.00027946714431697 -0.000144160997555958 -4.63942341422494e-17  1.14329764407992e-16 -7.82381399604785e-16 -9.01266255670866e-16 -0.000664730810427565
  7.6634143561604e-06      1.99996335315295  4.76289396741054e-05  -0.00130335987922186 -0.000372289905212795 -2.25206756433571e-15 -1.98476193670291e-15  2.31270822684156e-15  1.75500352057239e-16 -2.77490797545328e-06
-7.37198044390366e-05  4.76289396741054e-05      1.99230101513488   0.00231101691103567   -0.0250772626006164  4.28795365024355e-14 -4.10749815433485e-14 -1.18844343272067e-13  1.69409804511454e-14   -0.0765958311772451
  0.00027946714431697  -0.00130335987922186   0.00231101691103567      1.95015569589656  -0.00471532140044567  1.45525832812836e-13 -3.24849033662382e-14 -7.01435997537311e-14  3.50529286596519e-13   -0.0382301507329715
-0.000144160997555958 -0.000372289905212795   -0.0250772626006164  -0.00471532140044567      1.87310835770403 -4.61891082482835e-13 -3.53550266186891e-14  2.95775673412531e-14  -8.8285385946773e-13     -0.10520443553371
-4.63942341422494e-17 -2.25206756433571e-15  4.28795365024355e-14  1.45525832812836e-13 -4.61891082482835e-13      1.50763171991144   -0.0919326330121917     0.142513289208651    -0.462382739671655  2.61708761365302e-14
 1.14329764407992e-16 -1.98476193670291e-15 -4.10749815433485e-14 -3.24849033662382e-14 -3.53550266186891e-14   -0.0919326330121917      1.41272163971589    -0.464501984975245    -0.322175996565758 -1.93124798672388e-15
-7.82381399604785e-16  2.31270822684156e-15 -1.18844343272067e-13 -7.01435997537311e-14  2.95775673412531e-14     0.142513289208651    -0.464501984975245     0.514560247526233     0.093026430808219 -1.00239636418929e-13
-9.01266255670866e-16  1.75500352057239e-16  1.69409804511454e-14  3.50529286596519e-13  -8.8285385946773e-13    -0.462382739671655    -0.322175996565758     0.093026430808219     0.605106876569669  7.29062303872561e-14
-0.000664730810427565 -2.77490797545328e-06   -0.0765958311772451   -0.0382301507329715     -0.10520443553371  2.61708761365302e-14 -1.93124798672388e-15 -1.00239636418929e-13  7.29062303872561e-14     0.144453362588182
TOTAL ENERGY: -126.893937956103	 lambda: -0.8	 population of target: 5.65474305143699
1RDM: 
     1.99999781385874  6.81266242644652e-06 -7.95129344731767e-05  0.000257503506950203 -0.000223244815741647 -6.30462934081553e-17  -3.4432334261464e-15 -1.38915268831945e-15  4.80348370150964e-15 -0.000528355090157071
 6.81266242644652e-06      1.99996728977422   3.5013224772314e-05  -0.00117922913491279 -0.000295343841680115  1.29530592126452e-14  8.85485556395977e-15 -1.14633127509874e-14 -1.27309152537654e-15  -0.00031799291929906
-7.95129344731767e-05   3.5013224772314e-05      1.99157020817468   0.00254124412587342   -0.0316275940934989 -3.52071196934901e-13 -1.12365981572243e-14  2.40511681247535e-13 -4.29187772083237e-13   -0.0614820636373806
 0.000257503506950203  -0.00117922913491279   0.00254124412587342       1.9531831866352   0.00262275962460897 -5.14531830865311e-13   3.6656127903911e-13  7.13154672211999e-13 -2.09335098820409e-12   -0.0612082371952922
-0.000223244815741647 -0.000295343841680115   -0.0316275940934989   0.00262275962460897      1.83279252410427   1.7742543863751e-12 -4.85275050286637e-13 -2.12226746528256e-12  2.30382655257564e-12    -0.044537559107574
-6.30462934081553e-17  1.29530592126452e-14 -3.52071196934901e-13 -5.14531830865311e-13   1.7742543863751e-12      1.50325949124235   -0.0847367409270338     0.124286122437822    -0.426106982460479  5.04057338149685e-13
 -3.4432334261464e-15  8.85485556395977e-15 -1.12365981572243e-14   3.6656127903911e-13 -4.85275050286637e-13   -0.0847367409270338      1.41577835498636    -0.428227192188434    -0.304030303851828  5.85075783837956e-13
-1.38915268831945e-15 -1.14633127509874e-14  2.40511681247535e-13  7.13154672211999e-13 -2.12226746528256e-12     0.124286122437822    -0.428227192188434     0.517037898728588    0.0857449234343748  5.16778568131835e-13
 4.80348370150964e-15 -1.27309152537654e-15 -4.29187772083237e-13 -2.09335098820409e-12  2.30382655257564e-12    -0.426106982460479    -0.304030303851828    0.0857449234343748     0.600497126062425  1.80750901418153e-14
-0.000528355090157071  -0.00031799291929906   -0.0614820636373806   -0.0612082371952922    -0.044537559107574  5.04057338149685e-13  5.85075783837956e-13  5.16778568131835e-13  1.80750901418153e-14     0.185916106433211
TOTAL ENERGY: -126.999171239012	 lambda: -0.7	 population of target: 5.79468179268737
1RDM: 
      1.9999978304967  6.22063691438879e-06 -8.99882505120535e-05  0.000245895023718585 -0.000320013467646126 -7.82615882629827e-17 -6.96279134850959e-16  -8.1234590067566e-16  3.09470760708391e-16 -0.000458152776399114
 6.22063691438879e-06      1.99997051025318  3.81412602533185e-05  -0.00108707896902129 -0.000172211451106593  8.45660536906181e-16   3.4827190915492e-16 -7.00861223369486e-16 -1.30820697144955e-16  -0.00054731180516398
-8.99882505120535e-05  3.81412602533185e-05      1.99034053275449   0.00349270128350504   -0.0407572234717914 -3.58533332532999e-14 -3.89768219238043e-14 -3.73809288076809e-14 -6.51347306438239e-14   -0.0531596189037306
 0.000245895023718585  -0.00108707896902129   0.00349270128350504      1.95481379831529    0.0122051460197088  7.74392112772012e-15  6.05612056524676e-14  8.01914424801979e-14 -1.48565393568871e-13   -0.0769335460217724
-0.000320013467646126 -0.000172211451106593   -0.0407572234717914    0.0122051460197088      1.77790532432252 -1.80409877697256e-14 -1.48810501239374e-13 -4.15736148501478e-13 -2.34572903073433e-13   -0.0269493901073923
-7.82615882629827e-17  8.45660536906181e-16 -3.58533332532999e-14  7.74392112772012e-15 -1.80409877697256e-14      1.48675768141017   -0.0765692877752187     0.105906509458136    -0.384960658665411  1.27686258596861e-13
-6.96279134850959e-16   3.4827190915492e-16 -3.89768219238043e-14  6.05612056524676e-14 -1.48810501239374e-13   -0.0765692877752187      1.40770852255708    -0.387027494244868    -0.281126107438336  1.52363189273053e-13
 -8.1234590067566e-16 -7.00861223369486e-16 -3.73809288076809e-14  8.01914424801979e-14 -4.15736148501478e-13     0.105906509458136    -0.387027494244868     0.531448258571603    0.0774802957723142  3.17052002552161e-15
 3.09470760708391e-16 -1.30820697144955e-16 -6.51347306438239e-14 -1.48565393568871e-13 -2.34572903073433e-13    -0.384960658665411    -0.281126107438336    0.0774802957723142     0.606863163429599  2.17123297296716e-14
-0.000458152776399114  -0.00054731180516398   -0.0531596189037306   -0.0769335460217724   -0.0269493901073923  1.27686258596861e-13  1.52363189273053e-13  3.17052002552161e-15  2.17123297296716e-14     0.244194377889436
TOTAL ENERGY: -127.068932795606	 lambda: -0.6	 population of target: 5.90162683977259
1RDM: 
     1.99999786987198   5.8086245309368e-06 -9.59511599336521e-05  0.000236880674416135  -0.00038743824046307  8.08949706991609e-16  2.76785612376373e-15  1.78768791623041e-15 -4.62428509565592e-15 -0.000432444630316963
  5.8086245309368e-06      1.99997291652546  4.44159876049145e-05  -0.00101846182846367 -7.47319997022351e-05 -6.30191837416999e-15  -2.9626732403849e-15  6.54879267543052e-15  1.92064971968343e-15 -0.000653102527918314
-9.59511599336521e-05  4.44159876049145e-05      1.98953871980549   0.00422565277814969   -0.0474107790144613  1.44557073831056e-13 -2.24578864282329e-13 -4.56334594592434e-13  3.77598438544261e-13   -0.0504342841190577
 0.000236880674416135  -0.00101846182846367   0.00422565277814969        1.956079193249    0.0183641071723907 -6.86742282380937e-13 -2.58363887072445e-13 -3.73436338091986e-13   1.0886628309537e-12   -0.0846988093512993
 -0.00038743824046307 -7.47319997022351e-05   -0.0474107790144613    0.0183641071723907      1.73792565592482 -2.80436824150488e-13  1.58190098021671e-12  2.31010766618109e-12 -3.55753352293173e-12   -0.0521980101613791
 8.08949706991609e-16 -6.30191837416999e-15  1.44557073831056e-13 -6.86742282380937e-13 -2.80436824150488e-13      1.46774103814391   -0.0672022785154027    0.0848508283493206    -0.337771413167835 -1.84808054132311e-12
 2.76785612376373e-15  -2.9626732403849e-15 -2.24578864282329e-13 -2.58363887072445e-13  1.58190098021671e-12   -0.0672022785154027      1.39836225665169     -0.33977651762497    -0.254834655244481 -9.52410484150054e-13
 1.78768791623041e-15  6.54879267543052e-15 -4.56334594592434e-13 -3.73436338091986e-13  2.31010766618109e-12    0.0848508283493206     -0.33977651762497     0.548117691302656    0.0680018391487235 -5.33315516111781e-13
-4.62428509565592e-15  1.92064971968343e-15  3.77598438544261e-13   1.0886628309537e-12 -3.55753352293173e-12    -0.337771413167835    -0.254834655244481    0.0680018391487235     0.614306812066133  -9.2184306776255e-13
-0.000432444630316963 -0.000653102527918314   -0.0504342841190577   -0.0846988093512993   -0.0521980101613791 -1.84808054132311e-12 -9.52410484150054e-13 -5.33315516111781e-13  -9.2184306776255e-13     0.287957846458933
TOTAL ENERGY: -127.115629682592	 lambda: -0.5	 population of target: 5.98631276499611
1RDM: 
     1.99999798843691  5.43090472388789e-06 -9.29708857982821e-05   0.00022353834725857 -0.000402730073822066 -9.74029922446799e-16 -1.76573909657053e-15 -1.70415684642582e-15  1.19026616125851e-15 -0.000413217460069666
 5.43090472388789e-06      1.99997485869877  4.36357299277348e-05 -0.000954576083622994 -4.27935571215874e-05  1.85959192239601e-18 -7.90655652534109e-17 -1.24041865342795e-15 -9.75791803100226e-16 -0.000662986622051037
-9.29708857982821e-05  4.36357299277348e-05      1.98960362398995   0.00419460130439577   -0.0490171271927602  2.17699500646642e-14  6.08349402696023e-14  7.86223027545674e-14 -1.49599423284571e-13   -0.0496429233872902
  0.00022353834725857 -0.000954576083622994   0.00419460130439577      1.95796096595344     0.018401474738964  5.44847634859686e-13  1.11836818308805e-13  4.07554741650073e-14  -1.3699141637123e-13   -0.0877013811637154
-0.000402730073822066 -4.27935571215874e-05   -0.0490171271927602     0.018401474738964      1.72735903894983  -8.9220701600322e-13 -9.19045465167491e-13 -1.22704089934819e-12  4.73379943079933e-13    -0.102456490595164
-9.74029922446799e-16  1.85959192239601e-18  2.17699500646642e-14  5.44847634859686e-13  -8.9220701600322e-13       1.4504407896493   -0.0566386480249155    0.0602810170042603    -0.284544088077975  1.18029465594649e-12
-1.76573909657053e-15 -7.90655652534109e-17  6.08349402696023e-14  1.11836818308805e-13 -9.19045465167491e-13   -0.0566386480249155      1.39196778447048    -0.286499031210369    -0.226008747115769  5.02325585998788e-13
-1.70415684642582e-15 -1.24041865342795e-15  7.86223027545674e-14  4.07554741650073e-14 -1.22704089934819e-12    0.0602810170042603    -0.286499031210369     0.562801245449792    0.0573125207340364  8.58221613500807e-14
 1.19026616125851e-15 -9.75791803100226e-16 -1.49599423284571e-13  -1.3699141637123e-13  4.73379943079933e-13    -0.284544088077975    -0.226008747115769    0.0573125207340364     0.618585995272769  7.14007541547005e-13
-0.000413217460069666 -0.000662986622051037   -0.0496429233872902   -0.0877013811637154    -0.102456490595164  1.18029465594649e-12  5.02325585998788e-13  8.58221613500807e-14  7.14007541547005e-13     0.301307709128849
TOTAL ENERGY: -127.151000622368	 lambda: -0.4	 population of target: 6.06495810941532
1RDM: 
      1.9999981988149  4.97636377391377e-06 -8.13446671567991e-05  0.000203344581761518 -0.000365469938190885  -5.8221153176235e-15 -4.73893276451809e-15 -3.36216800487145e-15  1.16840019240712e-15 -0.000357538191504078
 4.97636377391377e-06      1.99997670410287  3.16736475024475e-05 -0.000882627379073647 -7.66926555592297e-05 -8.94657491873625e-15 -2.86842219909804e-15  3.99025484604044e-16 -4.01308246956371e-15 -0.000630604491982573
-8.13446671567991e-05  3.16736475024475e-05      1.99047269937837   0.00339113407916041   -0.0455529041286128  5.18181448244012e-13   3.8960236871608e-13  2.80853314901141e-13 -1.92724983094694e-13   -0.0463139741322569
 0.000203344581761518 -0.000882627379073647   0.00339113407916041      1.96076248593576    0.0129488953612318  2.42987502525111e-12  1.06746265553258e-13 -4.70658593520669e-13  6.41929783298927e-13   -0.0904318654988193
-0.000365469938190885 -7.66926555592297e-05   -0.0455529041286128    0.0129488953612318      1.74571168004757 -6.38294666490028e-12 -3.43589946868361e-12 -2.35771040720417e-12  9.16002733002209e-13     -0.15299792045943
 -5.8221153176235e-15 -8.94657491873625e-15  5.18181448244012e-13  2.42987502525111e-12 -6.38294666490028e-12      1.43436281910337   -0.0455147657810648    0.0339832428754661    -0.228488914653651  4.92484811319395e-12
-4.73893276451809e-15 -2.86842219909804e-15   3.8960236871608e-13  1.06746265553258e-13 -3.43589946868361e-12   -0.0455147657810648      1.38737394401075    -0.230400903643187    -0.196078968587618  1.64294741925713e-12
-3.36216800487145e-15  3.99025484604044e-16  2.80853314901141e-13 -4.70658593520669e-13 -2.35771040720417e-12    0.0339832428754661    -0.230400903643187     0.576144536993482    0.0460562992840443 -3.36597990915695e-13
 1.16840019240712e-15 -4.01308246956371e-15 -1.92724983094694e-13  6.41929783298927e-13  9.16002733002209e-13    -0.228488914653651    -0.196078968587618    0.0460562992840443     0.620973093372694  3.41627341860518e-12
-0.000357538191504078 -0.000630604491982573   -0.0463139741322569   -0.0904318654988193     -0.15299792045943  4.92484811319395e-12  1.64294741925713e-12 -3.36597990915695e-13  3.41627341860518e-12     0.284223838240295
TOTAL ENERGY: -127.182269071924	 lambda: -0.3	 population of target: 6.15477877792588
1RDM: 
     1.99999846434901  4.36830169352329e-06 -6.61522694048263e-05  0.000177485342084661 -0.000295139573319051 -1.47794078101843e-14 -6.80054307694249e-15 -2.07038313235357e-15 -3.68551490138885e-15 -0.000225925078314802
 4.36830169352329e-06      1.99997876099202   8.0232565357856e-06 -0.000796055710486603 -0.000158869271477404 -2.75206733977958e-14 -6.41851531800089e-15  7.04168920211119e-15 -8.86877905544929e-15 -0.000620723793537553
-6.61522694048263e-05   8.0232565357856e-06      1.99159889495861   0.00217870381085457   -0.0390874682034903  1.59524871381207e-12  7.14221648117279e-13  1.50768685584605e-13  2.19726061349939e-13   -0.0363172344172272
 0.000177485342084661 -0.000796055710486603   0.00217870381085457      1.96425470666455   0.00457438495222794  4.48746743692894e-12 -1.37235070203334e-13 -1.63061059533962e-12  2.47625178297913e-12   -0.0975720058041456
-0.000295139573319051 -0.000158869271477404   -0.0390874682034903   0.00457438495222794      1.78332924677338  -1.6559602453076e-11 -5.40017391329033e-12  -7.3000673295779e-13 -2.18054170823474e-12    -0.178385608737154
-1.47794078101843e-14 -2.75206733977958e-14  1.59524871381207e-12  4.48746743692894e-12  -1.6559602453076e-11      1.41748935434206   -0.0347800048243327    0.0088785741389488    -0.174397607958559  9.13331612233722e-12
-6.80054307694249e-15 -6.41851531800089e-15  7.14221648117279e-13 -1.37235070203334e-13 -5.40017391329033e-12   -0.0347800048243327      1.38158294350869    -0.176261895941008    -0.166922905319606  2.39368727806625e-12
-2.07038313235357e-15  7.04168920211119e-15  1.50768685584605e-13 -1.63061059533962e-12  -7.3000673295779e-13    0.0088785741389488    -0.176261895941008      0.59040131153226    0.0351938027874611 -1.97518314887049e-12
-3.68551490138885e-15 -8.86877905544929e-15  2.19726061349939e-13  2.47625178297913e-12 -2.18054170823474e-12    -0.174397607958559    -0.166922905319606    0.0351938027874611     0.624656972128961   7.4220240731484e-12
-0.000225925078314802 -0.000620723793537553   -0.0363172344172272   -0.0975720058041456    -0.178385608737154  9.13331612233722e-12  2.39368727806625e-12 -1.97518314887049e-12   7.4220240731484e-12     0.246709344750563
TOTAL ENERGY: -127.211700566224	 lambda: -0.2	 population of target: 6.27374661522074
1RDM: 
     1.99999868905015  3.56077170542539e-06 -5.82181453587651e-05  0.000150169275391022 -0.000236395417323037  -5.4075289996777e-16  -2.5233927928704e-16 -5.99543463939724e-16 -4.01137254847463e-16  1.07849334884326e-06
 3.56077170542539e-06      1.99998133757374 -2.47943047092353e-05  -0.00069132995715822 -0.000267026034322312  -8.3862240649325e-16 -2.85166195916222e-16  4.48034604834788e-16  -1.1240868644736e-16 -0.000705691864670662
-5.82181453587651e-05 -2.47943047092353e-05      1.99188150893171   0.00119675265879178   -0.0341298936277704  3.97672966334825e-14 -7.90788500086768e-15 -7.97057092447728e-14 -2.62456987905074e-14    -0.017526504034974
 0.000150169275391022  -0.00069132995715822   0.00119675265879178      1.96791320213753  -0.00314097162817616  1.15421281027964e-13 -6.53776175276309e-15 -3.45980792769927e-14  8.02487086924336e-14    -0.113086059446615
-0.000236395417323037 -0.000267026034322312   -0.0341298936277704  -0.00314097162817616      1.82181514140966 -5.37760025780937e-13  1.71233281250417e-13 -3.86754961339251e-13 -7.49851817735834e-13    -0.159235398771083
 -5.4075289996777e-16  -8.3862240649325e-16  3.97672966334825e-14  1.15421281027964e-13 -5.37760025780937e-13      1.39528282308584   -0.0251182594459878   -0.0123126232293853    -0.125729792016673  2.79404786224308e-13
 -2.5233927928704e-16 -2.85166195916222e-16 -7.90788500086768e-15 -6.53776175276309e-15  1.71233281250417e-13   -0.0251182594459878       1.3693510691859    -0.127517922798275    -0.139277158713612 -2.56373280660447e-14
-5.99543463939724e-16  4.48034604834788e-16 -7.97057092447728e-14 -3.45980792769927e-14 -3.86754961339251e-13   -0.0123126232293853    -0.127517922798275      0.61028581948926    0.0254171060901306 -1.01035477989656e-13
-4.01137254847463e-16  -1.1240868644736e-16 -2.62456987905074e-14  8.02487086924336e-14 -7.49851817735834e-13    -0.125729792016673    -0.139277158713612    0.0254171060901306     0.635025394546584  3.09345725949747e-13
 1.07849334884326e-06 -0.000705691864670662    -0.017526504034974    -0.113086059446615    -0.159235398771083  2.79404786224308e-13 -2.56373280660447e-14 -1.01035477989656e-13  3.09345725949747e-13     0.208465014589634
TOTAL ENERGY: -127.235024202898	 lambda: -0.1	 population of target: 6.43118654445145
1RDM: 
     1.99999873259331  2.61815838893996e-06  -7.1694042229571e-05  0.000129778846276753 -0.000257103531105149 -3.30250456519658e-15 -6.45422194216229e-16  3.40655586490361e-16 -1.96348575302439e-15  0.000295387820787283
 2.61815838893996e-06      1.99998458227437 -5.68800795796614e-05 -0.000574072473016225 -0.000362747179412577 -5.37740064720421e-15 -6.66536685289816e-16  2.21517863851567e-15 -1.78130489085415e-15 -0.000939655740812932
 -7.1694042229571e-05 -5.68800795796614e-05      1.98994126587949    0.0013344097641366   -0.0373909948521209  3.55371949114822e-13  5.23070499809475e-14 -1.55231584700508e-13  1.26231057950442e-13   0.00761584147181481
 0.000129778846276753 -0.000574072473016225    0.0013344097641366      1.97083037742997  -0.00567695188939255  5.67960983979375e-13 -6.09842244856007e-14 -3.32425011251682e-13  4.80517438491646e-13    -0.137772645839624
-0.000257103531105149 -0.000362747179412577   -0.0373909948521209  -0.00567695188939255      1.83141008276272 -3.19596266102148e-12  -2.4550397520029e-14  3.81425202561634e-13 -1.84376384853506e-12    -0.092828576726493
-3.30250456519658e-15 -5.37740064720421e-15  3.55371949114822e-13  5.67960983979375e-13 -3.19596266102148e-12      1.35995913508457   -0.0169400133397295   -0.0269471023154785   -0.0845735792706276  1.16552678041863e-12
-6.45422194216229e-16 -6.66536685289816e-16  5.23070499809475e-14 -6.09842244856007e-14  -2.4550397520029e-14   -0.0169400133397295      1.34247047982845   -0.0862193228533297    -0.112573313365843  1.52667381446572e-13
 3.40655586490361e-16  2.21517863851567e-15 -1.55231584700508e-13 -3.32425011251682e-13  3.81425202561634e-13   -0.0269471023154785   -0.0862193228533297     0.643694320739082    0.0171415633782891 -6.80339760547389e-13
-1.96348575302439e-15 -1.78130489085415e-15  1.26231057950442e-13  4.80517438491646e-13 -1.84376384853506e-12   -0.0845735792706276    -0.112573313365843    0.0171415633782891     0.660378939109399  1.37593153250901e-12
 0.000295387820787283 -0.000939655740812932   0.00761584147181481    -0.137772645839624    -0.092828576726493  1.16552678041863e-12  1.52667381446572e-13 -6.80339760547389e-13  1.37593153250901e-12     0.201332084298649
TOTAL ENERGY: -127.243781474847	 lambda: 0	 population of target: 6.60535706140436
1RDM: 
     1.99999852342544  1.80338808262569e-06 -0.000110586220995959  0.000126376055675636 -0.000395796550858568  1.54427861998013e-14  6.15350579321586e-16 -6.92460798026729e-15  9.10906857766219e-15  0.000569858742456822
 1.80338808262569e-06      1.99998803225169 -7.07614918842147e-05 -0.000469520188338102 -0.000386993027901291  2.37730278348216e-14 -6.45715600179906e-16 -1.04217728525266e-14  1.07261061119777e-14  -0.00128321905663754
-0.000110586220995959 -7.07614918842147e-05      1.98550534723149   0.00321220788082217    -0.052492450699422  -1.8035880375991e-12 -2.03449222017188e-13  5.61344433687798e-13 -9.64965389269059e-13    0.0310407502730988
 0.000126376055675636 -0.000469520188338102   0.00321220788082217      1.97187096612195  0.000375944584515867 -2.11646212500253e-12  3.75835573193937e-13   1.5946329228789e-12  -1.9135707419072e-12    -0.165594330859308
-0.000395796550858568 -0.000386993027901291    -0.052492450699422  0.000375944584515867      1.78773967668325   1.3494746652306e-11  4.75634381096379e-13 -5.51848908842241e-12  5.55009107214325e-12   -0.0059090777757185
 1.54427861998013e-14  2.37730278348216e-14  -1.8035880375991e-12 -2.11646212500253e-12   1.3494746652306e-11      1.30955884145948   -0.0107235716901297   -0.0333657332786137   -0.0533454229355989  -3.8667450826637e-12
 6.15350579321586e-16 -6.45715600179906e-16 -2.03449222017188e-13  3.75835573193937e-13  4.75634381096379e-13   -0.0107235716901297      1.29848796344421   -0.0547719466811692    -0.087569863996037 -2.53009902513053e-13
-6.92460798026729e-15 -1.04217728525266e-14  5.61344433687798e-13   1.5946329228789e-12 -5.51848908842241e-12   -0.0333657332786137   -0.0547719466811692     0.692698313607809    0.0108511586688514  3.14298800478642e-12
 9.10906857766219e-15  1.07261061119777e-14 -9.64965389269059e-13  -1.9135707419072e-12  5.55009107214325e-12   -0.0533454229355989    -0.087569863996037    0.0108511586688514     0.703260213129108 -5.63524862916735e-12
 0.000569858742456822  -0.00128321905663754    0.0310407502730988    -0.165594330859308   -0.0059090777757185  -3.8667450826637e-12 -2.53009902513053e-13  3.14298800478642e-12 -5.63524862916735e-12     0.250892122645627
TOTAL ENERGY: -127.236818000762	 lambda: 0.1	 population of target: 6.75202619442858
1RDM: 
     1.99999817274689  1.36527126658836e-06 -0.000158650062346524  0.000141019985578897 -0.000597137003642089 -1.63474416400111e-16  -4.2699873172187e-16  -3.1349096370438e-16 -2.87403118896103e-17  0.000754245885931543
 1.36527126658836e-06      1.99999081472929 -5.91087786443527e-05 -0.000403660122948526 -0.000317985736358222  2.93326681339275e-17 -2.66625166474748e-16  2.11219376480828e-17   2.6171073666739e-16  -0.00160332280020825
-0.000158650062346524 -5.91087786443527e-05      1.98034892067283   0.00632856400224181   -0.0735192188551679 -1.37384709390036e-14 -3.76137915799416e-14 -4.05400693237803e-14 -1.66676523630227e-14    0.0461992112065324
 0.000141019985578897 -0.000403660122948526   0.00632856400224181      1.97083154359656    0.0130050842338645  1.85976799272208e-14  3.00751946088042e-14 -2.62117205026982e-16  1.73731443513031e-15    -0.187660616124619
-0.000597137003642089 -0.000317985736358222   -0.0735192188551679    0.0130050842338645      1.70664718473766 -3.48200436851206e-14  2.96699712827522e-13 -3.94004847888551e-13 -5.70643174297676e-13    0.0638611108700372
-1.63474416400111e-16  2.93326681339275e-17 -1.37384709390036e-14  1.85976799272208e-14 -3.48200436851206e-14      1.25696702189765  -0.00668995637201133   -0.0335567003103889   -0.0331295286799973  6.69098002506811e-14
 -4.2699873172187e-16 -2.66625166474748e-16 -3.76137915799416e-14  3.00751946088042e-14  2.96699712827522e-13  -0.00668995637201133      1.25006039850776   -0.0343200585861748   -0.0673722174390623  1.08630944178686e-13
 -3.1349096370438e-16  2.11219376480828e-17 -4.05400693237803e-14 -2.62117205026982e-16 -3.94004847888551e-13   -0.0335567003103889   -0.0343200585861748     0.744434420100686   0.00676955249060482 -1.12049058745538e-13
-2.87403118896103e-17   2.6171073666739e-16 -1.66676523630227e-14  1.73731443513031e-15 -5.70643174297676e-13   -0.0331295286799973   -0.0673722174390623   0.00676955249060482     0.751023513193019 -2.05500884220595e-14
 0.000754245885931543  -0.00160332280020825    0.0461992112065324    -0.187660616124619    0.0638611108700372  6.69098002506811e-14  1.08630944178686e-13 -1.12049058745538e-13 -2.05500884220595e-14     0.339698009817675
TOTAL ENERGY: -127.222102202246	 lambda: 0.2	 population of target: 6.85255491194412
1RDM: 
     1.99999783536077   1.2785244994929e-06 -0.000198486504586941  0.000165353815095668  -0.00077850430981981  -1.4095954216886e-16 -5.46659058308291e-16 -1.94508733354462e-16  1.17611328315221e-16  0.000862256026292002
  1.2785244994929e-06      1.99999261491947 -3.19475066261463e-05  -0.00037473115215501 -0.000195434100006088  7.88314150602068e-17 -1.45897488137923e-16 -8.62730086953418e-17   2.2443306974799e-16  -0.00181942929598578
-0.000198486504586941 -3.19475066261463e-05       1.9762420451657   0.00966180188093442   -0.0919415920794246 -1.75216193292465e-14 -5.14636984640593e-14 -2.73924991578818e-14 -6.00296769726303e-15    0.0543863816855995
 0.000165353815095668  -0.00037473115215501   0.00966180188093442      1.96866029496777    0.0270998968281609  1.72574317312399e-14  4.16170186980167e-14   -9.793682135139e-15 -9.41563684177222e-15    -0.201551333943742
 -0.00077850430981981 -0.000195434100006088   -0.0919415920794246    0.0270998968281609       1.6260696030249 -1.29622873309658e-14  2.81300936927471e-13 -3.45051952038986e-13 -4.94928152291718e-13     0.105943896846285
 -1.4095954216886e-16  7.88314150602068e-17 -1.75216193292465e-14  1.72574317312399e-14 -1.29622873309658e-14      1.21579371484344  -0.00436088093047718   -0.0315071091074407   -0.0214820197249491  5.37423245758805e-14
-5.46659058308291e-16 -1.45897488137923e-16 -5.14636984640593e-14  4.16170186980167e-14  2.81300936927471e-13  -0.00436088093047718      1.21129159749194   -0.0224853294420898   -0.0535499288998632  1.31359675320158e-13
-1.94508733354462e-16 -8.62730086953418e-17 -2.73924991578818e-14   -9.793682135139e-15 -3.45051952038986e-13   -0.0315071091074407   -0.0224853294420898      0.78514904628323    0.0044127659237957 -1.21993537243661e-13
 1.17611328315221e-16   2.2443306974799e-16 -6.00296769726303e-15 -9.41563684177222e-15 -4.94928152291718e-13   -0.0214820197249491   -0.0535499288998632    0.0044127659237957     0.789444180550413 -5.88829649990487e-14
 0.000862256026292002  -0.00181942929598578    0.0543863816855995    -0.201551333943742     0.105943896846285  5.37423245758805e-14  1.31359675320158e-13 -1.21993537243661e-13 -5.88829649990487e-14     0.427359067392367
TOTAL ENERGY: -127.206094403841	 lambda: 0.3	 population of target: 6.91749625731101
1RDM: 
     1.99999756699169  1.39366420377704e-06 -0.000225774335014663  0.000192454133340398 -0.000908709712109359  -1.6571662465499e-16 -6.58221554288781e-16 -1.03208926501821e-16  1.88882659583466e-16  0.000939012649366069
 1.39366420377704e-06      1.99999368623513 -3.85130506131217e-07 -0.000366521304857718 -6.05039880552609e-05  6.32387188915059e-17  -4.7940867185223e-17 -1.70584710363283e-16  1.30346613707611e-16  -0.00193955013434228
-0.000225774335014663 -3.85130506131217e-07      1.97355148054224    0.0127081602225841    -0.104612419919583 -1.58128247761297e-14 -5.85545998425592e-14  -1.8996832852228e-14  4.55364773271547e-15    0.0598135438146176
 0.000192454133340398 -0.000366521304857718    0.0127081602225841      1.96624859181451    0.0398083327873881  1.95539855904759e-14  5.31804587445511e-14 -1.85010073024225e-14 -1.55448031167978e-14    -0.209920632034612
-0.000908709712109359 -6.05039880552609e-05    -0.104612419919583    0.0398083327873881      1.56575668334134 -2.17279900038304e-14  2.53829943064256e-13 -3.04025812657001e-13 -4.55479999806791e-13     0.130731659004401
 -1.6571662465499e-16  6.32387188915059e-17 -1.58128247761297e-14  1.95539855904759e-14 -2.17279900038304e-14      1.18897477602717  -0.00304110878672588   -0.0296470344459875   -0.0148901869701379  5.09606415015779e-14
-6.58221554288781e-16  -4.7940867185223e-17 -5.85545998425592e-14  5.31804587445511e-14  2.53829943064256e-13  -0.00304110878672588      1.18583517503743   -0.0157709253386381   -0.0450188350447811  1.47048425123833e-13
-1.03208926501821e-16 -1.70584710363283e-16  -1.8996832852228e-14 -1.85010073024225e-14 -3.04025812657001e-13   -0.0296470344459875   -0.0157709253386381     0.811734530178097   0.00307729119645154 -1.26943698731939e-13
 1.88882659583466e-16  1.30346613707611e-16  4.55364773271547e-15 -1.55448031167978e-14 -4.55479999806791e-13   -0.0148901869701379   -0.0450188350447811   0.00307729119645154      0.81472978975537 -7.11668696323531e-14
 0.000939012649366069  -0.00193955013434228    0.0598135438146176    -0.209920632034612     0.130731659004401  5.09606415015779e-14  1.47048425123833e-13 -1.26943698731939e-13 -7.11668696323531e-14     0.493177720077065
TOTAL ENERGY: -127.190535773421	 lambda: 0.4	 population of target: 6.96227555925495
1RDM: 
     1.99999735791687  1.60568113283861e-06 -0.000242989121478283  0.000219857405132745 -0.000991746234061303 -1.79913476117194e-16 -7.31706698032238e-16 -3.49570666159305e-17  2.40192601016958e-16   0.00101547063000084
 1.60568113283861e-06      1.99999433784185  3.05849788342925e-05 -0.000366734931549389  7.04772482154583e-05   5.6303929879162e-17  6.05939803331286e-17  -2.4435573487587e-16  4.44025303970886e-17  -0.00199421580829294
-0.000242989121478283  3.05849788342925e-05       1.9719593625325    0.0154317388705483    -0.111972095392669 -1.53599192805616e-14 -6.33846569572606e-14 -1.40048468252394e-14  1.01855699606582e-14    0.0653530721509469
 0.000219857405132745 -0.000366734931549389    0.0154317388705483      1.96399159933364    0.0506994427571318  2.05687799450187e-14  5.92648807301338e-14 -2.27281993918345e-14 -2.01912185225918e-14    -0.215500594794484
-0.000991746234061303  7.04772482154583e-05    -0.111972095392669    0.0506994427571318      1.52797613214646 -2.68301229174162e-14  2.30027317669891e-13 -2.71856071629988e-13 -4.21807523801633e-13     0.149431510484754
-1.79913476117194e-16   5.6303929879162e-17 -1.53599192805616e-14  2.05687799450187e-14 -2.68301229174162e-14      1.17414687563646  -0.00225087734119021   -0.0287763276409888   -0.0109403755699128  4.62461596876446e-14
-7.31706698032238e-16  6.05939803331286e-17 -6.33846569572606e-14  5.92648807301338e-14  2.30027317669891e-13  -0.00225087734119021      1.17182309892856   -0.0117534563110217   -0.0401537714008688  1.52766096050287e-13
-3.49570666159305e-17  -2.4435573487587e-16 -1.40048468252394e-14 -2.27281993918345e-14 -2.71856071629988e-13   -0.0287763276409888   -0.0117534563110217     0.826447346622117   0.00227765785546359 -1.25561096389885e-13
 2.40192601016958e-16  4.44025303970886e-17  1.01855699606582e-14 -2.01912185225918e-14 -4.21807523801633e-13   -0.0109403755699128   -0.0401537714008688   0.00227765785546359     0.828664288712017 -7.61730464359165e-14
  0.00101547063000084  -0.00199421580829294    0.0653530721509469    -0.215500594794484     0.149431510484754  4.62461596876446e-14  1.52766096050287e-13 -1.25561096389885e-13 -7.61730464359165e-14     0.534999600329519
TOTAL ENERGY: -127.174382561059	 lambda: 0.5	 population of target: 6.99825155820451
1RDM: 
     1.99999718205744  1.86552895256603e-06 -0.000253437410483114  0.000247483917367375  -0.00103908988483446 -1.83821310995271e-16 -7.52707355671641e-16 -3.10802551994333e-18  2.59521303436197e-16   0.00110869305239713
 1.86552895256603e-06      1.99999476311512  5.94731213371366e-05 -0.000369051232316002  0.000195796465081674  6.45357169166029e-17  1.60671654122751e-16 -2.98458680097707e-16 -4.34874101393154e-17   -0.0020047774869819
-0.000253437410483114  5.94731213371366e-05      1.97108222966013    0.0179491792950851     -0.11513920122111 -1.58490133674407e-14 -6.64582951007848e-14 -1.12168513302992e-14  1.13208836242993e-14    0.0726041693230337
 0.000247483917367375 -0.000369051232316002    0.0179491792950851      1.96199992369984      0.06023655953439  2.03062161145397e-14  7.42766433376521e-14 -3.52144600439377e-14 -3.00235385170833e-14    -0.219891317842116
 -0.00103908988483446  0.000195796465081674     -0.11513920122111      0.06023655953439      1.50991276258296 -1.98997155548838e-14  2.45509844017141e-13 -2.77729077852066e-13 -4.29681673863078e-13     0.169498788814824
-1.83821310995271e-16  6.45357169166029e-17 -1.58490133674407e-14  2.03062161145397e-14 -1.98997155548838e-14      1.16890985310008  -0.00172471361478759   -0.0291187840689789  -0.00829957939525202  4.97931139163121e-14
-7.52707355671641e-16  1.60671654122751e-16 -6.64582951007848e-14  7.42766433376521e-14  2.45509844017141e-13  -0.00172471361478759       1.1671292801393   -0.0090893675234677    -0.037836652613753  1.84710255588918e-13
-3.10802551994333e-18 -2.98458680097707e-16 -1.12168513302992e-14 -3.52144600439377e-14 -2.77729077852066e-13   -0.0291187840689789   -0.0090893675234677     0.831636661650663   0.00174523403266882 -1.52449345183726e-13
 2.59521303436197e-16 -4.34874101393154e-17  1.13208836242993e-14 -3.00235385170833e-14 -4.29681673863078e-13  -0.00829957939525202    -0.037836652613753   0.00174523403266882     0.833335373255317 -1.11568629341958e-13
  0.00110869305239713   -0.0020047774869819    0.0726041693230337    -0.219891317842116     0.169498788814824  4.97931139163121e-14  1.84710255588918e-13 -1.52449345183726e-13 -1.11568629341958e-13     0.556001970739183
TOTAL ENERGY: -127.154792852076	 lambda: 0.6	 population of target: 7.03381645095975
1RDM: 
     1.99999700996552  2.15264114929293e-06 -0.000259998064188307  0.000276157066456289  -0.00106121546865442 -1.84300705595239e-16 -9.13150796026411e-16  9.48978618334429e-17   2.8362101739891e-16   0.00123088331185965
 2.15264114929293e-06      1.99999505948883  8.55331783232864e-05 -0.000370456767244383  0.000318387203700882  1.42197590082127e-17  2.07504231856634e-16 -3.25066170746908e-16 -3.90432738281368e-17   -0.0019811485177789
-0.000259998064188307  8.55331783232864e-05      1.97057909922861    0.0203991784792147    -0.115010384483141 -1.85841499886081e-14 -6.61076087225377e-14 -3.33037091354958e-15  1.98584271313423e-14    0.0827837431707141
 0.000276157066456289 -0.000370456767244383    0.0203991784792147      1.96028735743981    0.0690642275924676  3.62061242983712e-14  3.53956153043971e-14  9.00045887233625e-15 -2.12256036403856e-14    -0.223930999351155
 -0.00106121546865442  0.000318387203700882    -0.115010384483141    0.0690642275924676      1.50897892966124 -5.12130847007558e-14  -4.9565425846121e-15 -7.42780437192716e-14 -2.69614669126664e-13      0.19661220673277
-1.84300705595239e-16  1.42197590082127e-17 -1.85841499886081e-14  3.62061242983712e-14 -5.12130847007558e-14      1.17223089092812  -0.00130797140266516   -0.0308766618103462  -0.00619041881992356  2.73148075511487e-14
-9.13150796026411e-16  2.07504231856634e-16 -6.61076087225377e-14  3.53956153043971e-14  -4.9565425846121e-15  -0.00130797140266516      1.17088055751462  -0.00699683011475358   -0.0374880272227853  1.11290426794581e-15
 9.48978618334429e-17 -3.25066170746908e-16 -3.33037091354958e-15  9.00045887233625e-15 -7.42780437192716e-14   -0.0308766618103462  -0.00699683011475358     0.828315867885523   0.00132353352569211  6.21565638570438e-14
  2.8362101739891e-16 -3.90432738281368e-17  1.98584271313423e-14 -2.12256036403856e-14 -2.69614669126664e-13  -0.00619041881992356   -0.0374880272227853   0.00132353352569211     0.829604119873983  6.17353551703415e-14
  0.00123088331185965   -0.0019811485177789    0.0827837431707141    -0.223930999351155      0.19661220673277  2.73148075511487e-14  1.11290426794581e-15  6.21565638570438e-14  6.17353551703415e-14     0.559131108013757
TOTAL ENERGY: -127.126450492407	 lambda: 0.7	 population of target: 7.07725788348302
1RDM: 
     1.99999680426031  2.45479810508509e-06 -0.000265769004780938  0.000307077558467856  -0.00106862151011964 -2.05292312621264e-16 -8.07321624514802e-16  5.58044743287771e-17  2.57269280890785e-16   0.00139502056396247
 2.45479810508509e-06      1.99999526266651  0.000107062442161345  -0.00036932535401951  0.000440925314066398  5.88283604650245e-17  3.53402281407447e-16 -4.01821430724046e-16 -2.07948565018804e-16  -0.00192456728424237
-0.000265769004780938  0.000107062442161345      1.97005022698479    0.0229173963054371    -0.112341830316594 -1.75403275491873e-14 -6.59223121415575e-14 -9.19803234360211e-15  7.43361847663998e-15    0.0973261750256005
 0.000307077558467856  -0.00036932535401951    0.0229173963054371       1.9588548691701    0.0778523818155298  2.17025979304061e-14  8.46211737773656e-14 -4.06514992344258e-14 -3.93155835885885e-14    -0.228045486722057
