TOTAL ENERGY: -126.650955972894	 lambda: -1	 population of target: 5.29898502149692
1RDM: 
       1.999989896792  1.17123992898829e-05 -0.000247730622914798  0.000607999852406442 -0.000341159950613963  -6.7134639061682e-11  3.89103801208602e-11  4.41682648742575e-11  1.99265847608882e-11   0.00280893107030682
 1.17123992898829e-05      1.99996666631877  9.05248535703371e-05  -0.00129655769226897 -0.000425356829455823 -2.46089542514217e-11  1.86146209791907e-11 -1.64365524983749e-11   2.2176297940688e-11  0.000936432872293889
-0.000247730622914798  9.05248535703371e-05      1.98957986366855   0.00916772067249012  -0.00645821935342757 -1.74666397968675e-09 -4.01591397682043e-10  7.97893773395497e-09  4.52967844782739e-09     0.125699703359501
 0.000607999852406442  -0.00129655769226897   0.00916772067249012      1.94368627771018  -0.00676960470630241  1.47387191212103e-09  1.22328739969731e-09 -5.71671098802868e-09  1.28431163972185e-09   -0.0385992186185808
-0.000341159950613963 -0.000425356829455823  -0.00645821935342757  -0.00676960470630241      1.87763987372594 -2.05540456690938e-08  2.01707945928748e-08  -4.5872161758954e-08 -5.01691985893866e-08     0.203989051616928
 -6.7134639061682e-11 -2.46089542514217e-11 -1.74666397968675e-09  1.47387191212103e-09 -2.05540456690938e-08      1.65706873246018  8.35234292180851e-06 -1.03693817227797e-05    -0.469878884430697  3.88781394265105e-08
 3.89103801208602e-11  1.86146209791907e-11 -4.01591397682043e-10  1.22328739969731e-09  2.01707945928748e-08  8.35234292180851e-06      1.65814549000057     0.468396231581527  1.26522564981985e-05 -2.67487882150443e-08
 4.41682648742575e-11 -1.64365524983749e-11  7.97893773395497e-09 -5.71671098802868e-09  -4.5872161758954e-08 -1.03693817227797e-05     0.468396231581527         0.36509902045  8.36581661250701e-06 -1.64765715660256e-08
 1.99265847608882e-11   2.2176297940688e-11  4.52967844782739e-09  1.28431163972185e-09 -5.01691985893866e-08    -0.469878884430697  1.26522564981985e-05  8.36581661250701e-06     0.366175777304074 -1.85169940328848e-08
  0.00280893107030682  0.000936432872293889     0.125699703359501   -0.0385992186185808     0.203989051616928  3.88781394265105e-08 -2.67487882150443e-08 -1.64765715660256e-08 -1.85169940328848e-08     0.142648401569792
TOTAL ENERGY: -126.77226733625	 lambda: -0.9	 population of target: 5.42680019830054
1RDM: 
      1.9999908812076  1.06731087407942e-05 -0.000216060611154735  0.000545705182710252 -0.000279031159628397 -6.15862894629407e-11  3.66318916508411e-11  3.75952834231163e-11  1.79861710716388e-11   0.00260927366900524
 1.06731087407942e-05      1.99996885391357  7.20270941125815e-05  -0.00120791228819089 -0.000426073032130182 -2.60122566118966e-11   1.8429627100838e-11 -1.42713212666882e-11  2.18598170101775e-11   0.00099631882593177
-0.000216060611154735  7.20270941125815e-05      1.99084841975353   0.00764438400085596  -0.00465599299669602 -1.46586935611525e-09 -3.54010334241073e-10  7.65269240080603e-09  4.40062003417025e-09     0.118254663825894
 0.000545705182710252  -0.00120791228819089   0.00764438400085596      1.94793431868566   -0.0094888646689162  1.28073151689504e-09   1.1866457575997e-09 -5.30364439415394e-09  1.40550757050991e-09    -0.028694737634679
-0.000279031159628397 -0.000426073032130182  -0.00465599299669602   -0.0094888646689162       1.8865681767327 -2.00123779171667e-08  1.85109897384457e-08  -4.6271148690458e-08 -4.91095764047027e-08     0.160045684525452
-6.15862894629407e-11 -2.60122566118966e-11 -1.46586935611525e-09  1.28073151689504e-09 -2.00123779171667e-08       1.6159782192346  0.000370953682899446 -0.000509601955920424    -0.489761967871576  3.80139711397093e-08
 3.66318916508411e-11   1.8429627100838e-11 -3.54010334241073e-10   1.1866457575997e-09  1.85109897384457e-08  0.000370953682899446      1.66378465240912     0.423934290514653  0.000511833499710398  -2.6888550150089e-08
 3.75952834231163e-11 -1.42713212666882e-11  7.65269240080603e-09 -5.30364439415394e-09  -4.6271148690458e-08 -0.000509601955920424     0.423934290514653     0.357852666499099  0.000370848851613394 -1.48892038728408e-08
 1.79861710716388e-11  2.18598170101775e-11  4.40062003417025e-09  1.40550757050991e-09 -4.91095764047027e-08    -0.489761967871576  0.000511833499710398  0.000370848851613394      0.40565910334657 -1.75613875950137e-08
  0.00260927366900524   0.00099631882593177     0.118254663825894    -0.028694737634679     0.160045684525452  3.80139711397093e-08  -2.6888550150089e-08 -1.48892038728408e-08 -1.75613875950137e-08     0.131414708217605
TOTAL ENERGY: -126.888864586881	 lambda: -0.8	 population of target: 5.56401476948929
1RDM: 
     1.99999178765374  9.56517828534207e-06 -0.000186851746204691  0.000482300497195601  -0.00024139051843637 -5.59276453689341e-11  3.36908292005211e-11  3.16247334699821e-11  1.69599839370319e-11   0.00240321034685146
 9.56517828534207e-06      1.99997119031214  5.22572255734022e-05  -0.00111486102450706 -0.000423233293776021 -2.79984324072563e-11  1.88105622352671e-11 -1.15808547344675e-11  2.13723902292731e-11   0.00107829162659031
-0.000186851746204691  5.22572255734022e-05      1.99184689518445   0.00614652549601599   -0.0021936039294712 -1.21393445513537e-09 -2.98550808716215e-10  7.31763714771903e-09  4.24916579178596e-09     0.111512178842223
 0.000482300497195601  -0.00111486102450706   0.00614652549601599      1.95229910740152    -0.011847752629685  1.04386356666382e-09  1.20197533002512e-09 -4.84830645445912e-09  1.52796046555759e-09   -0.0169783915365788
 -0.00024139051843637 -0.000423233293776021   -0.0021936039294712    -0.011847752629685      1.88000704540818 -1.92202815064646e-08  1.65835670255408e-08 -4.62764530085808e-08 -4.76313554306149e-08     0.111225240715581
-5.59276453689341e-11 -2.79984324072563e-11 -1.21393445513537e-09  1.04386356666382e-09 -1.92202815064646e-08      1.57451567368761  0.000694120432402755 -0.000954535517058248    -0.504044792212473  3.67273838489437e-08
 3.36908292005211e-11  1.88105622352671e-11 -2.98550808716215e-10  1.20197533002512e-09  1.65835670255408e-08  0.000694120432402755      1.66396918400135     0.380870654163133  0.000956717364552649 -2.68973779404655e-08
 3.16247334699821e-11 -1.15808547344675e-11  7.31763714771903e-09 -4.84830645445912e-09 -4.62764530085808e-08 -0.000954535517058248     0.380870654163133     0.356020213366349  0.000693900446669958  -1.2946457337061e-08
 1.69599839370319e-11  2.13723902292731e-11  4.24916579178596e-09  1.52796046555759e-09 -4.76313554306149e-08    -0.504044792212473  0.000956717364552649  0.000693900446669958     0.445473730694946 -1.63141536257643e-08
  0.00240321034685146   0.00107829162659031     0.111512178842223   -0.0169783915365788     0.111225240715581  3.67273838489437e-08 -2.68973779404655e-08  -1.2946457337061e-08 -1.63141536257643e-08     0.135905172289704
TOTAL ENERGY: -126.990301916047	 lambda: -0.7	 population of target: 5.69917567521046
1RDM: 
      1.9999925782047  8.51035272789755e-06 -0.000159052749539602  0.000422736202926829 -0.000238180810263433  -5.0615615351071e-11  3.00008280546475e-11   2.6825349746081e-11  1.66330045167906e-11   0.00220369622487681
 8.51035272789755e-06      1.99997347880971  3.44004586747787e-05  -0.00102598989631495 -0.000415920288160442 -3.02531858838403e-11  1.96043732846384e-11 -8.54705772491699e-12  2.10205010087169e-11    0.0011716072080237
-0.000159052749539602  3.44004586747787e-05      1.99271287587359   0.00473427405722027  0.000481303488641102 -9.60645219102694e-10 -2.63879287102445e-10    6.946532618008e-09  4.05639921861067e-09     0.104142961867492
 0.000422736202926829  -0.00102598989631495   0.00473427405722027      1.95640683473453   -0.0132600071015158   7.7028157109876e-10   1.2777244658407e-09 -4.37025783099907e-09  1.53419734552224e-09  -0.00389741391777347
-0.000238180810263433 -0.000415920288160442  0.000481303488641102   -0.0132600071015158      1.85903708994971 -1.84364168812761e-08  1.46063262676789e-08  -4.5478825944749e-08 -4.53194842476462e-08    0.0726167238665553
 -5.0615615351071e-11 -3.02531858838403e-11 -9.60645219102694e-10   7.7028157109876e-10 -1.84364168812761e-08      1.53094888065059  0.000981028381590557  -0.00134957074374753    -0.511915441727802  3.50503867412597e-08
 3.00008280546475e-11  1.96043732846384e-11 -2.63879287102445e-10   1.2777244658407e-09  1.46063262676789e-08  0.000981028381590557      1.65737807586135     0.337827165290027   0.00135167222057346 -2.63741294972835e-08
  2.6825349746081e-11 -8.54705772491699e-12    6.946532618008e-09 -4.37025783099907e-09  -4.5478825944749e-08  -0.00134957074374753     0.337827165290027     0.360885111058302  0.000980712130543849 -1.10744031454368e-08
 1.66330045167906e-11  2.10205010087169e-11  4.05639921861067e-09  1.53419734552224e-09 -4.53194842476462e-08    -0.511915441727802   0.00135167222057346  0.000980712130543849     0.487314316068905 -1.51941986581021e-08
  0.00220369622487681    0.0011716072080237     0.104142961867492  -0.00389741391777347    0.0726167238665553  3.50503867412597e-08 -2.63741294972835e-08 -1.10744031454368e-08 -1.51941986581021e-08     0.155350758788585
TOTAL ENERGY: -127.070828811657	 lambda: -0.6	 population of target: 5.8228885453709
1RDM: 
     1.99999326745215   7.5984410400256e-06 -0.000131856147997813  0.000370127755906078 -0.000259669306960965 -4.57367218624473e-11  2.59010537790373e-11  2.31511796139498e-11  1.72891544601414e-11   0.00202094664269252
  7.5984410400256e-06      1.99997555036334  2.08663604577651e-05 -0.000947392729028491 -0.000407141204036254 -3.24013063523877e-11  2.03856025213244e-11 -5.49932104061884e-12  2.04751124178326e-11   0.00125862784224925
-0.000131856147997813  2.08663604577651e-05      1.99358164127438   0.00347661609747431   0.00273761007602306 -6.70199768315413e-10 -2.71025119547127e-10   6.5284951286244e-09  3.87651840840135e-09     0.095034045970211
 0.000370127755906078 -0.000947392729028491   0.00347661609747431      1.96001218926826   -0.0137288890625112  4.98257126909861e-10  1.38788237238171e-09 -3.89106019252694e-09  1.53679869914096e-09   0.00947030939291434
-0.000259669306960965 -0.000407141204036254   0.00273761007602306   -0.0137288890625112      1.83362105146375  -1.8042568314616e-08  1.28569481863839e-08  -4.3918829791235e-08 -4.28807493441243e-08    0.0539137235133493
-4.57367218624473e-11 -3.24013063523877e-11 -6.70199768315413e-10  4.98257126909861e-10  -1.8042568314616e-08      1.48392365424402   0.00125596714622709  -0.00172814886263206    -0.515694830072591   3.3204447435833e-08
 2.59010537790373e-11  2.03856025213244e-11 -2.71025119547127e-10  1.38788237238171e-09  1.28569481863839e-08   0.00125596714622709      1.64578566987272     0.292816885247823   0.00173014229064777 -2.51906479003613e-08
 2.31511796139498e-11 -5.49932104061884e-12   6.5284951286244e-09 -3.89106019252694e-09  -4.3918829791235e-08  -0.00172814886263206     0.292816885247823     0.370633278956747   0.00125556890345768 -9.69576312635505e-09
 1.72891544601414e-11  2.04751124178326e-11  3.87651840840135e-09  1.53679869914096e-09 -4.28807493441243e-08    -0.515694830072591   0.00173014229064777   0.00125556890345768     0.532495307134488 -1.46786393424875e-08
  0.00202094664269252   0.00125862784224925     0.095034045970211   0.00947030939291434    0.0539137235133493   3.3204447435833e-08 -2.51906479003613e-08 -9.69576312635505e-09 -1.46786393424875e-08     0.179978389970192
TOTAL ENERGY: -127.132128102372	 lambda: -0.5	 population of target: 5.93418767140173
1RDM: 
     1.99999391627004  6.82902021338986e-06 -0.000104987339977385  0.000323626644376004 -0.000284923582109098 -4.12016337206348e-11  2.18496222640013e-11  1.99833867206254e-11  1.81313044192358e-11    0.0018543987680732
 6.82902021338986e-06      1.99997737655251  1.19094188990582e-05 -0.000878651021062763 -0.000402783449231809 -3.41361814398485e-11  2.07507268073791e-11 -2.58214246925278e-12  2.00310018155776e-11   0.00132720705073727
-0.000104987339977385  1.19094188990582e-05      1.99452247087158   0.00240375822149719   0.00405881546372413 -3.22107307211057e-10 -3.29273485268863e-10  6.06296918585267e-09  3.72188260049007e-09    0.0836281841852036
 0.000323626644376004 -0.000878651021062763   0.00240375822149719      1.96316328167243    -0.013815948148168  2.46752975834835e-10  1.49719413987913e-09 -3.41557270623717e-09  1.53741459757287e-09    0.0222870000347538
-0.000284923582109098 -0.000402783449231809   0.00405881546372413    -0.013815948148168      1.81561949651745 -1.80966877705973e-08  1.15130033624936e-08 -4.19126396920057e-08 -4.06176297255695e-08    0.0551988636691273
-4.12016337206348e-11 -3.41361814398485e-11 -3.22107307211057e-10  2.46752975834835e-10 -1.80966877705973e-08      1.43217273991295   0.00154586232640109  -0.00212731640224393    -0.518128587640616   3.1455842430855e-08
 2.18496222640013e-11  2.07507268073791e-11 -3.29273485268863e-10  1.49719413987913e-09  1.15130033624936e-08   0.00154586232640109        1.631394339227     0.243807891546334   0.00212919593470678 -2.34830437573834e-08
 1.99833867206254e-11 -2.58214246925278e-12  6.06296918585267e-09 -3.41557270623717e-09 -4.19126396920057e-08  -0.00212731640224393     0.243807891546334     0.383014719397224   0.00154537080454794 -9.01708725633919e-09
 1.81313044192358e-11  2.00310018155776e-11  3.72188260049007e-09  1.53741459757287e-09 -4.06176297255695e-08    -0.518128587640616   0.00212919593470678   0.00154537080454794     0.582236334156863 -1.48266444608143e-08
   0.0018543987680732   0.00132720705073727    0.0836281841852036    0.0222870000347538    0.0551988636691273   3.1455842430855e-08 -2.34830437573834e-08 -9.01708725633919e-09 -1.48266444608143e-08      0.19790532542201
TOTAL ENERGY: -127.179544339118	 lambda: -0.4	 population of target: 6.03953264265711
1RDM: 
     1.99999459814625  6.13277389682532e-06 -7.88160777214662e-05  0.000279770165676391 -0.000293857998640168  -3.6706739392057e-11  1.81312227223005e-11  1.64818695849147e-11  1.82856305646557e-11   0.00169078576655529
 6.13277389682532e-06      1.99997905154146  5.82688322787519e-06 -0.000814648111438415 -0.000407321549870604  -3.5354371992506e-11  2.05531878480153e-11  2.57797443492614e-13  1.99105098398185e-11   0.00137438227243964
-7.88160777214662e-05  5.82688322787519e-06      1.99550930815111   0.00149699084900529   0.00425542379876968  8.22632878164146e-11 -4.41725399127701e-10  5.55370274128753e-09  3.58591228493807e-09     0.069942313009804
 0.000279770165676391 -0.000814648111438415   0.00149699084900529      1.96609732925925   -0.0142086997759352  2.01377006473291e-11  1.58625894380882e-09 -2.93008753058795e-09  1.52889026270176e-09    0.0343562049684163
-0.000293857998640168 -0.000407321549870604   0.00425542379876968   -0.0142086997759352         1.81210819368 -1.83246235003231e-08   1.0617784013494e-08 -3.98294820637562e-08 -3.85868163242905e-08     0.068180272133409
 -3.6706739392057e-11  -3.5354371992506e-11  8.22632878164146e-11  2.01377006473291e-11 -1.83246235003231e-08      1.37523834412612   0.00185465099059227  -0.00255250343233955    -0.519422938715568  2.99669260445377e-08
 1.81312227223005e-11  2.05531878480153e-11 -4.41725399127701e-10  1.58625894380882e-09   1.0617784013494e-08   0.00185465099059227      1.61425473734891     0.190306299531133    0.0025542545521484 -2.15286630500277e-08
 1.64818695849147e-11  2.57797443492614e-13  5.55370274128753e-09 -2.93008753058795e-09 -3.98294820637562e-08  -0.00255250343233955     0.190306299531133     0.397967739193531   0.00185406129298356 -8.98702541131549e-09
 1.82856305646557e-11  1.99105098398185e-11  3.58591228493807e-09  1.52889026270176e-09 -3.85868163242905e-08    -0.519422938715568    0.0025542545521484   0.00185406129298356     0.636984150831884 -1.53363959194081e-08
  0.00169078576655529   0.00137438227243964     0.069942313009804    0.0343562049684163     0.068180272133409  2.99669260445377e-08 -2.15286630500277e-08 -8.98702541131549e-09 -1.53363959194081e-08     0.201866547721544
TOTAL ENERGY: -127.217650295253	 lambda: -0.3	 population of target: 6.14861367257394
1RDM: 
     1.99999536446835   5.4157024181508e-06 -5.44292942244608e-05  0.000234729886841322 -0.000275945552441197 -3.16110278447108e-11  1.47257147542737e-11  1.18942028336727e-11  1.75252225884834e-11    0.0015076937048011
  5.4157024181508e-06      1.99998071424494 -2.03822682648355e-07 -0.000749446613972574 -0.000422733366028285 -3.62095873041916e-11  1.99530173430563e-11  3.16127060738505e-12  2.01360281013186e-11    0.0014048622570872
-5.44292942244608e-05 -2.03822682648355e-07      1.99644126877631  0.000698082786588818   0.00338175689264853  5.20477023677447e-10  -6.0990591319733e-10   5.0145329774714e-09  3.47616062277172e-09     0.054574403423351
 0.000234729886841322 -0.000749446613972574  0.000698082786588818      1.96904899850737   -0.0153868347015197  -1.9424017588735e-10  1.66099647235811e-09 -2.41485598775978e-09  1.54771248213274e-09    0.0460351885061907
-0.000275945552441197 -0.000422733366028285   0.00338175689264853   -0.0153868347015197      1.82272255302504 -1.83338530099128e-08  1.00934104396254e-08 -3.79759953734363e-08 -3.69646434459355e-08    0.0793309334988169
-3.16110278447108e-11 -3.62095873041916e-11  5.20477023677447e-10  -1.9424017588735e-10 -1.83338530099128e-08      1.31444655352649   0.00215408682199792  -0.00296482036305127    -0.516686804225494   2.8720699949562e-08
 1.47257147542737e-11  1.99530173430563e-11  -6.0990591319733e-10  1.66099647235811e-09  1.00934104396254e-08   0.00215408682199792      1.59205225209023     0.134434127770963   0.00296642801907017 -1.96749562068444e-08
 1.18942028336727e-11  3.16127060738505e-12   5.0145329774714e-09 -2.41485598775978e-09 -3.79759953734363e-08  -0.00296482036305127     0.134434127770963     0.417877388020983   0.00215340014000366 -9.33290948467337e-09
 1.75252225884834e-11  2.01360281013186e-11  3.47616062277172e-09  1.54771248213274e-09 -3.69646434459355e-08    -0.516686804225494   0.00296642801907017   0.00215340014000366     0.695483108098674  -1.5691229167506e-08
   0.0015076937048011    0.0014048622570872     0.054574403423351    0.0460351885061907    0.0793309334988169   2.8720699949562e-08 -1.96749562068444e-08 -9.33290948467337e-09  -1.5691229167506e-08     0.191951799241683
TOTAL ENERGY: -127.247913862036	 lambda: -0.2	 population of target: 6.27018449015229
1RDM: 
     1.99999621311218  4.59403442049064e-06 -3.35472206244331e-05  0.000186042895399377 -0.000237162991102067 -2.54215525781904e-11  1.12637753969226e-11  5.92973222698391e-12  1.59748638544493e-11   0.00128246324056811
 4.59403442049064e-06      1.99998248292613 -8.91291809481385e-06 -0.000679322025639718 -0.000451147809437815 -3.70175747575631e-11    1.927496727804e-11  6.43605607303258e-12  2.08117685579976e-11   0.00143051918509018
-3.35472206244331e-05 -8.91291809481385e-06      1.99720320760838 -6.23673081502244e-05   0.00152439121514561   9.4567363647933e-10 -8.34246313388066e-10  4.47775817352369e-09  3.38946059523606e-09    0.0387862172874557
 0.000186042895399377 -0.000679322025639718 -6.23673081502244e-05      1.97210132539097   -0.0175438517364059 -4.20022078555704e-10  1.74718140690606e-09 -1.85345268817183e-09  1.58789229770199e-09    0.0580264601758733
-0.000237162991102067 -0.000451147809437815   0.00152439121514561   -0.0175438517364059      1.83916546194301 -1.76159981361443e-08  9.75235447246994e-09 -3.64904148196023e-08 -3.55462052903549e-08    0.0743313670489633
-2.54215525781904e-11 -3.70175747575631e-11   9.4567363647933e-10 -4.20022078555704e-10 -1.76159981361443e-08      1.25303752045977   0.00239183240062466  -0.00329221722242881     -0.50512602207551  2.75605533221691e-08
 1.12637753969226e-11    1.927496727804e-11 -8.34246313388066e-10  1.74718140690606e-09  9.75235447246994e-09   0.00239183240062466      1.56128267923166     0.080683987033656   0.00329366278147461 -1.82204453539787e-08
 5.92973222698391e-12  6.43605607303258e-12  4.47775817352369e-09 -1.85345268817183e-09 -3.64904148196023e-08  -0.00329221722242881     0.080683987033656     0.446399061492148    0.0023910720601029 -9.63048550092453e-09
 1.59748638544493e-11  2.08117685579976e-11  3.38946059523606e-09  1.58789229770199e-09 -3.55462052903549e-08     -0.50512602207551   0.00329366278147461    0.0023910720601029     0.754644243407412 -1.52713734347855e-08
  0.00128246324056811   0.00143051918509018    0.0387862172874557    0.0580264601758733    0.0743313670489633  2.75605533221691e-08 -1.82204453539787e-08 -9.63048550092453e-09 -1.52713734347855e-08     0.176187804428417
TOTAL ENERGY: -127.268304425731	 lambda: -0.1	 population of target: 6.40684615958153
1RDM: 
     1.99999706684498   3.6412670574472e-06 -1.78782741763938e-05  0.000134518401296288 -0.000201992870433617 -1.80470722205216e-11  7.15981457258525e-12 -8.87743184066285e-13  1.44433721150637e-11   0.00100698887517355
  3.6412670574472e-06      1.99998439921129 -2.10877191581343e-05 -0.000604978671285288 -0.000494667465212121 -3.82130118527602e-11   1.8885435691577e-11  1.04554722120103e-11  2.20219894879701e-11   0.00146743671423093
-1.78782741763938e-05 -2.10877191581343e-05       1.9977375677933 -0.000802178526282171  -0.00118469550995693  1.29808229050775e-09 -1.10668303866399e-09  3.99203148434551e-09  3.32833988213774e-09    0.0243795094102684
 0.000134518401296288 -0.000604978671285288 -0.000802178526282171       1.9750940245271   -0.0205481896364381 -6.80849887191574e-10  1.87641390628988e-09 -1.24302467868716e-09  1.64239517010128e-09    0.0709869779332623
-0.000201992870433617 -0.000494667465212121  -0.00118469550995693   -0.0205481896364381      1.84694897023471 -1.58665160560406e-08   9.3448992571322e-09 -3.52489556026589e-08  -3.3997957374594e-08     0.044952991644433
-1.80470722205216e-11 -3.82130118527602e-11  1.29808229050775e-09 -6.80849887191574e-10 -1.58665160560406e-08      1.19543992881401   0.00251310275440185  -0.00345926262103785    -0.480463232335709  2.62147775565709e-08
 7.15981457258525e-12   1.8885435691577e-11 -1.10668303866399e-09  1.87641390628988e-09   9.3448992571322e-09   0.00251310275440185      1.51931372822456    0.0345011276248453   0.00346053345150522 -1.72735299193394e-08
-8.87743184066285e-13  1.04554722120103e-11  3.99203148434551e-09 -1.24302467868716e-09 -3.52489556026589e-08  -0.00345926262103785    0.0345011276248453     0.486353277278489   0.00251230347655474 -9.45485177031145e-09
 1.44433721150637e-11  2.20219894879701e-11  3.32833988213774e-09  1.64239517010128e-09  -3.3997957374594e-08    -0.480463232335709   0.00346053345150522   0.00251230347655474     0.810227101205673 -1.36837446066536e-08
  0.00100698887517355   0.00146743671423093    0.0243795094102684    0.0709869779332623     0.044952991644433  2.62147775565709e-08 -1.72735299193394e-08 -9.45485177031145e-09 -1.36837446066536e-08     0.168903935865965
TOTAL ENERGY: -127.275471483334	 lambda: 0	 population of target: 6.54993784473951
1RDM: 
     1.99999779414741  2.64248520707398e-06 -7.89812312927043e-06  8.57457659693044e-05 -0.000200423875524442 -1.00879012585001e-11  2.06068438084625e-12  -7.3353611024049e-12   1.3961392106393e-11  0.000700433894914137
 2.64248520707398e-06      1.99998637875663 -3.42866162208567e-05 -0.000532195656790251 -0.000547638179002712 -3.99696092314708e-11  1.90666684649249e-11  1.51482277219501e-11  2.36296430970902e-11    0.0015239490565162
-7.89812312927043e-06 -3.42866162208567e-05      1.99806965999636  -0.00143275788049946  -0.00425698758705137  1.53417047611314e-09 -1.39855262015589e-09   3.5976965341691e-09  3.28405304489993e-09    0.0129696902109852
 8.57457659693044e-05 -0.000532195656790251  -0.00143275788049946      1.97766859184727   -0.0237509712513032 -9.77488930482423e-10  2.06590872356143e-09 -6.18367824551337e-10  1.68579062645758e-09     0.084795296053888
-0.000200423875524442 -0.000547638179002712  -0.00425698758705137   -0.0237509712513032      1.83288445748825 -1.32405170920296e-08  8.67943764253957e-09 -3.39459710704619e-08 -3.20040529438331e-08  -0.00472650788820928
-1.00879012585001e-11 -3.99696092314708e-11  1.53417047611314e-09 -9.77488930482423e-10 -1.32405170920296e-08      1.14615404243012   0.00249568051673774  -0.00343536598906156    -0.442897093110747  2.44769436999417e-08
 2.06068438084625e-12  1.90666684649249e-11 -1.39855262015589e-09  2.06590872356143e-09  8.67943764253957e-09   0.00249568051673774      1.46778254863231  2.66441691772994e-05   0.00343645817929602  -1.6690406072528e-08
 -7.3353611024049e-12  1.51482277219501e-11   3.5976965341691e-09 -6.18367824551337e-10 -3.39459710704619e-08  -0.00343536598906156  2.66441691772994e-05     0.536264621329764   0.00249488644729389 -8.60980855161743e-09
  1.3961392106393e-11  2.36296430970902e-11  3.28405304489993e-09  1.68579062645758e-09 -3.20040529438331e-08    -0.442897093110747   0.00343645817929602   0.00249488644729389     0.857893152582268 -1.10643787372448e-08
 0.000700433894914137    0.0015239490565162    0.0129696902109852     0.084795296053888  -0.00472650788820928  2.44769436999417e-08  -1.6690406072528e-08 -8.60980855161743e-09 -1.10643787372448e-08     0.183298752789703
TOTAL ENERGY: -127.268991852959	 lambda: 0.1	 population of target: 6.68262749598532
1RDM: 
      1.9999982915918  1.76786325863686e-06 -2.26023196019857e-06   4.7679596777518e-05 -0.000243448709462482 -2.52620855820368e-12 -3.72564614484585e-12 -1.23686663611331e-11  1.49759093671818e-11  0.000401036959180381
 1.76786325863686e-06      1.99998824047735  -4.4544091223584e-05 -0.000468256392408404 -0.000592029808655305 -4.19354693422497e-11  1.98889109957125e-11  1.95940855077633e-11  2.50104660268695e-11   0.00158891639200994
-2.26023196019857e-06  -4.4544091223584e-05      1.99825579290012  -0.00181470336036231  -0.00685903142557898   1.6618356486193e-09 -1.66560709318258e-09  3.29928427486586e-09  3.24378573964972e-09   0.00491673245483217
  4.7679596777518e-05 -0.000468256392408404  -0.00181470336036231      1.97954569822262   -0.0259955776227999 -1.27773004637537e-09  2.30374127262951e-09  -5.8091459571757e-11  1.69280206969998e-09    0.0981768320219902
-0.000243448709462482 -0.000592029808655305  -0.00685903142557898   -0.0259955776227999      1.79603991094514  -1.0335095191067e-08  7.75060436565323e-09 -3.24376224926028e-08 -2.96168960172626e-08    -0.060978219004186
-2.52620855820368e-12 -4.19354693422497e-11   1.6618356486193e-09 -1.27773004637537e-09  -1.0335095191067e-08      1.10808262384417   0.00237602842656541  -0.00327071707340568    -0.399452897131301  2.24312584128107e-08
-3.72564614484585e-12  1.98889109957125e-11 -1.66560709318258e-09  2.30374127262951e-09  7.75060436565323e-09   0.00237602842656541      1.41429123685277   -0.0221849294113089   0.00327164835123513 -1.62477934281856e-08
-1.23686663611331e-11  1.95940855077633e-11  3.29928427486586e-09  -5.8091459571757e-11 -3.24376224926028e-08  -0.00327071707340568   -0.0221849294113089     0.588598744281326   0.00237527376963648 -7.25451659340658e-09
 1.49759093671818e-11  2.50104660268695e-11  3.24378573964972e-09  1.69280206969998e-09 -2.96168960172626e-08    -0.399452897131301   0.00327164835123513   0.00237527376963648     0.894807380942895 -8.06192691613524e-09
 0.000401036959180381   0.00158891639200994   0.00491673245483217    0.0981768320219902    -0.060978219004186  2.24312584128107e-08 -1.62477934281856e-08 -7.25451659340658e-09 -8.06192691613524e-09     0.220392079941889
TOTAL ENERGY: -127.252715128589	 lambda: 0.2	 population of target: 6.79253900145568
1RDM: 
     1.99999855109682  1.14625894670957e-06  1.12415801929013e-06  2.48634932933929e-05 -0.000316025905578577  3.98252240308328e-12 -9.46837413586357e-12 -1.58893411862134e-11  1.70583556505567e-11  0.000137859846752424
 1.14625894670957e-06        1.999989839233 -4.98710897895124e-05  -0.00041618820575088 -0.000608380160803708 -4.34286428727803e-11  2.11850389251496e-11  2.25846012726136e-11  2.54940287103452e-11   0.00163934017359888
 1.12415801929013e-06 -4.98710897895124e-05      1.99832210277279  -0.00188874395095022  -0.00843938716299057  1.73227007555629e-09 -1.87638897502519e-09  3.06939769468089e-09  3.19786271902725e-09 -0.000803786444822187
 2.48634932933929e-05  -0.00041618820575088  -0.00188874395095022      1.98078293168545   -0.0262285771499497 -1.53565707375649e-09  2.55927452646577e-09  3.59574340246795e-10  1.64027554285891e-09     0.109523143141841
-0.000316025905578577 -0.000608380160803708  -0.00843938716299057   -0.0262285771499497      1.74856057369653 -7.74679858353456e-09  6.70569679643462e-09 -3.09302799703824e-08  -2.7220522215363e-08    -0.112096136922504
 3.98252240308328e-12 -4.34286428727803e-11  1.73227007555629e-09 -1.53565707375649e-09 -7.74679858353456e-09       1.0811705216996   0.00222637724287527   -0.0030647500172346    -0.359896545946268  2.04135064000998e-08
-9.46837413586357e-12  2.11850389251496e-11 -1.87638897502519e-09  2.55927452646577e-09  6.70569679643462e-09   0.00222637724287527      1.36809275028089   -0.0351846259790468   0.00306555110081776 -1.58745946916632e-08
-1.58893411862134e-11  2.25846012726136e-11  3.06939769468089e-09  3.59574340246795e-10 -3.09302799703824e-08   -0.0030647500172346   -0.0351846259790468     0.634054354866172   0.00222566921634622 -5.72470246510147e-09
 1.70583556505567e-11  2.54940287103452e-11  3.19786271902725e-09  1.64027554285891e-09  -2.7220522215363e-08    -0.359896545946268   0.00306555110081776   0.00222566921634622     0.920976605470391 -5.32696950218325e-09
 0.000137859846752424   0.00163934017359888 -0.000803786444822187     0.109523143141841    -0.112096136922504  2.04135064000998e-08 -1.58745946916632e-08 -5.72470246510147e-09 -5.32696950218325e-09     0.268051769198432
TOTAL ENERGY: -127.231299185225	 lambda: 0.3	 population of target: 6.87889871129805
1RDM: 
     1.99999863318122  7.95339548076546e-07  3.72142701734454e-06  1.64288522920975e-05 -0.000395385627382178  9.41320742670463e-12  -1.4624372760566e-11 -1.84989434953354e-11  1.94815704854587e-11 -8.41219822832659e-05
 7.95339548076546e-07       1.9999911490634 -5.11891634897806e-05 -0.000373689071610272 -0.000587938732087729 -4.39451353764416e-11  2.26956502993332e-11  2.34224137766208e-11  2.47604266747017e-11   0.00165740168128497
 3.72142701734454e-06 -5.11891634897806e-05      1.99825720526131  -0.00170731687726588  -0.00906780894449218  1.79861237556976e-09  -2.0275654655004e-09   2.8766666362327e-09  3.14939981920866e-09  -0.00559624159587393
 1.64288522920975e-05 -0.000373689071610272  -0.00170731687726588      1.98168640421985   -0.0240377001194943 -1.72167374203967e-09  2.80548817966335e-09  6.00537893987724e-10  1.52202855001702e-09     0.117899330178397
-0.000395385627382178 -0.000587938732087729  -0.00906780894449218   -0.0240377001194943      1.70454332906107 -5.72423893813813e-09   5.6838629444592e-09 -2.97693232935975e-08 -2.52010069215118e-08    -0.155266533168264
 9.41320742670463e-12 -4.39451353764416e-11  1.79861237556976e-09 -1.72167374203967e-09 -5.72423893813813e-09      1.06308743192998   0.00210661026969288  -0.00289990753117764    -0.330691258569432  1.87292052027511e-08
 -1.4624372760566e-11  2.26956502993332e-11  -2.0275654655004e-09  2.80548817966335e-09   5.6838629444592e-09   0.00210661026969288      1.33457479156219   -0.0431366927702569   0.00290061677867138 -1.56579431826557e-08
-1.84989434953354e-11  2.34224137766208e-11   2.8766666362327e-09  6.00537893987724e-10 -2.97693232935975e-08  -0.00289990753117764   -0.0431366927702569     0.667135545977512   0.00210594016062723 -4.25098467238847e-09
 1.94815704854587e-11  2.47604266747017e-11  3.14939981920866e-09  1.52202855001702e-09 -2.52010069215118e-08    -0.330691258569432   0.00290061677867138   0.00210594016062723      0.93862292659521 -3.12402857430356e-09
-8.41219822832659e-05   0.00165740168128497  -0.00559624159587393     0.117899330178397    -0.155266533168264  1.87292052027511e-08 -1.56579431826557e-08 -4.25098467238847e-09 -3.12402857430356e-09     0.312102583148298
TOTAL ENERGY: -127.206993282113	 lambda: 0.4	 population of target: 6.94863346908002
1RDM: 
     1.99999860437098  6.64241234873349e-07   6.1392815337753e-06  1.88693556342301e-05 -0.000466663161691091  1.40985014039526e-11 -1.90515513398256e-11 -2.08721502306445e-11  2.17492088068101e-11 -0.000275488473920158
 6.64241234873349e-07      1.99999222200621 -5.08457850753546e-05  -0.00033646009543947 -0.000531736972630421 -4.32722089193834e-11  2.41955685837045e-11  2.19762103604476e-11  2.28225179941588e-11   0.00163489887130118
  6.1392815337753e-06 -5.08457850753546e-05      1.99802386717073  -0.00136965047274839  -0.00915378732499912  1.89318518857909e-09 -2.13229695237535e-09  2.70109057558705e-09  3.10781044795964e-09   -0.0104775587001301
 1.88693556342301e-05  -0.00033646009543947  -0.00136965047274839      1.98257458742585   -0.0195340458258435  -1.8256718897184e-09  3.02699790081875e-09  6.68323708463973e-10  1.34386609935362e-09     0.123073491565048
-0.000466663161691091 -0.000531736972630421  -0.00915378732499912   -0.0195340458258435        1.672249799976 -4.22524160086927e-09  4.72559390449972e-09 -2.92062665725408e-08 -2.37418174018152e-08    -0.193913861707698
 1.40985014039526e-11 -4.32722089193834e-11  1.89318518857909e-09  -1.8256718897184e-09 -4.22524160086927e-09      1.05100213168061   0.00204740604980678  -0.00281842690285223    -0.313974266561832  1.75074146036938e-08
-1.90515513398256e-11  2.41955685837045e-11 -2.13229695237535e-09  3.02699790081875e-09  4.72559390449972e-09   0.00204740604980678      1.31485964741582   -0.0493476745094906   0.00281907987166375 -1.57212796321352e-08
-2.08721502306445e-11  2.19762103604476e-11  2.70109057558705e-09  6.68323708463973e-10 -2.92062665725408e-08  -0.00281842690285223   -0.0493476745094906     0.686621215173969   0.00204675514233696 -2.87419333920667e-09
 2.17492088068101e-11  2.28225179941588e-11  3.10781044795964e-09  1.34386609935362e-09 -2.37418174018152e-08    -0.313974266561832   0.00281907987166375   0.00204675514233696     0.950478751276885 -1.39399519797625e-09
-0.000275488473920158   0.00163489887130118   -0.0104775587001301     0.123073491565048    -0.193913861707698  1.75074146036938e-08 -1.57212796321352e-08 -2.87419333920667e-09 -1.39399519797625e-09     0.344199173503019
TOTAL ENERGY: -127.179020545953	 lambda: 0.5	 population of target: 7.0108490019921
1RDM: 
     1.99999850826173  6.90659452678632e-07  8.49303789630421e-06  2.86669569980077e-05 -0.000524554407209409   1.8428164309804e-11  -2.2870271026552e-11 -2.34816155918469e-11  2.36739329099945e-11 -0.000450543336527295
 6.90659452678632e-07      1.99999311762678 -5.15345638403908e-05 -0.000300981751461078 -0.000444916089869152 -4.13269199591002e-11  2.54902769544546e-11  1.83451067603265e-11  1.98377494184571e-11   0.00156790686237024
 8.49303789630421e-06 -5.15345638403908e-05      1.99755546139043 -0.000975449047856553  -0.00914244595170291  2.03147556353353e-09 -2.20595051628695e-09  2.53315240903006e-09   3.0827072192561e-09    -0.016021264551401
 2.86669569980077e-05 -0.000300981751461078 -0.000975449047856553      1.98366526276954   -0.0130277249874941 -1.84508153653233e-09   3.2142906125304e-09  5.78345397686539e-10  1.11565049673989e-09     0.125042408155448
-0.000524554407209409 -0.000444916089869152  -0.00914244595170291   -0.0130277249874941      1.65426418548836 -3.10369849888028e-09  3.78091152818253e-09  -2.9368418552272e-08 -2.28539782231446e-08    -0.233420038812234
  1.8428164309804e-11 -4.13269199591002e-11  2.03147556353353e-09 -1.84508153653233e-09 -3.10369849888028e-09      1.04256419592387   0.00206161360872593  -0.00283800049308309    -0.309802316503545  1.67395001627973e-08
 -2.2870271026552e-11  2.54902769544546e-11 -2.20595051628695e-09   3.2142906125304e-09  3.78091152818253e-09   0.00206161360872593      1.30825272737472   -0.0560408626441914   0.00283862660783887 -1.61625398304644e-08
-2.34816155918469e-11  1.83451067603265e-11  2.53315240903006e-09  5.78345397686539e-10  -2.9368418552272e-08  -0.00283800049308309   -0.0560408626441914     0.693144167099883   0.00206095822226886 -1.50379726463046e-09
 2.36739329099945e-11  1.98377494184571e-11   3.0827072192561e-09  1.11565049673989e-09 -2.28539782231446e-08    -0.309802316503545   0.00283862660783887   0.00206095822226886     0.958832718931908  4.31672045465415e-11
-0.000450543336527295   0.00156790686237024    -0.016021264551401     0.125042408155448    -0.233420038812234  1.67395001627973e-08 -1.61625398304644e-08 -1.50379726463046e-09  4.31672045465415e-11       0.3617296551328
TOTAL ENERGY: -127.143840276645	 lambda: 0.6	 population of target: 7.07471878755999
1RDM: 
     1.99999836530046  8.22004531260483e-07  1.06585786650636e-05  4.30016869926636e-05  -0.00057005579628047  2.27349638538804e-11 -2.63187653286311e-11 -2.65975477468981e-11  2.52816967999734e-11 -0.000622182844824026
 8.22004531260483e-07      1.99999386299244 -5.62586739083582e-05  -0.00026557870265599 -0.000334896237014315 -3.80260927783092e-11  2.63383083989767e-11  1.26715220781948e-11   1.6042906130011e-11   0.00145210866297173
 1.06585786650636e-05 -5.62586739083582e-05      1.99674088071453  -0.00062101754966849  -0.00944317538975861  2.22140268522181e-09 -2.26107608882398e-09  2.36961648191923e-09  3.08321151136301e-09   -0.0225474340736778
 4.30016869926636e-05  -0.00026557870265599  -0.00062101754966849      1.98506035509073  -0.00493056256178402 -1.77628081527112e-09  3.35554612610352e-09  3.45525266164117e-10    8.504160105186e-10     0.123716360405625
 -0.00057005579628047 -0.000334896237014315  -0.00944317538975861  -0.00493056256178402      1.64972985776048  -2.2124483767206e-09  2.73363583713839e-09 -3.03041399786728e-08 -2.24482413731061e-08     -0.27923994339541
 2.27349638538804e-11 -3.80260927783092e-11  2.22140268522181e-09 -1.77628081527112e-09  -2.2124483767206e-09      1.03593528444349   0.00215726638693247  -0.00296969064238401    -0.317938420301168  1.63404517054488e-08
-2.63187653286311e-11  2.63383083989767e-11 -2.26107608882398e-09  3.35554612610352e-09  2.73363583713839e-09   0.00215726638693247      1.31395093518805   -0.0648787448693946   0.00297031486585194 -1.70482079447854e-08
-2.65975477468981e-11  1.26715220781948e-11  2.36961648191923e-09  3.45525266164117e-10 -3.03041399786728e-08  -0.00296969064238401   -0.0648787448693946     0.687481581862541   0.00215658031150271  2.75479273495395e-11
 2.52816967999734e-11   1.6042906130011e-11  3.08321151136301e-09    8.504160105186e-10 -2.24482413731061e-08    -0.317938420301168   0.00297031486585194   0.00215658031150271     0.965497253987565  1.37809527453821e-09
-0.000622182844824026   0.00145210866297173   -0.0225474340736778     0.123716360405625     -0.27923994339541  1.63404517054488e-08 -1.70482079447854e-08  2.75479273495395e-11  1.37809527453821e-09     0.365611622659788
TOTAL ENERGY: -127.095166359653	 lambda: 0.7	 population of target: 7.14940472806544
1RDM: 
     1.99999817946246  1.01185422443249e-06  1.22751944553434e-05  5.94102106718424e-05 -0.000608679622426739  2.72735638282011e-11 -2.97051698608055e-11 -3.03138338949267e-11  2.67524696379751e-11 -0.000800766273330423
 1.01185422443249e-06      1.99999443470642 -6.86526861579987e-05  -0.00023093534681311 -0.000214061485091177 -3.32829890858567e-11  2.63630986020258e-11  5.20750135790586e-12  1.18425048982972e-11   0.00128238652349274
 1.22751944553434e-05 -6.86526861579987e-05      1.99541025708609 -0.000408019103297647   -0.0104725409836069  2.46747031509042e-09 -2.30829731816903e-09  2.21108847717945e-09  3.11892963490805e-09   -0.0302395635445818
 5.94102106718424e-05  -0.00023093534681311 -0.000408019103297647       1.9867307136521   0.00407949283477683 -1.61469035327728e-09  3.43089673107406e-09 -1.06107001262065e-11  5.70323864870233e-10     0.118916429294999
