TOTAL ENERGY: -126.578441662346	 lambda: -1	 population of target: 5.37147108505545
1RDM: 
     1.99999883517051  6.47433270143056e-06 -5.47726341595527e-05  0.000221766077638213  0.000311479298284095  -4.6419361270121e-15  1.38410474051172e-15 -8.08041687550952e-15  9.86887853536961e-15    0.0003831700679722
 6.47433270143056e-06      1.99995662805741  0.000144689094627262  -0.00152633922022666  -0.00033755962841121  9.80758700743859e-16 -7.91389074048759e-16  5.26333579907663e-15 -8.44005650607212e-15 -2.39143062897541e-05
-5.47726341595527e-05  0.000144689094627262      1.99106868980126   0.00355387025618423    0.0696155364890554 -5.75734091662885e-13 -2.41134885716065e-13 -6.95624240557856e-13  6.77734227658769e-13    0.0991120369581846
 0.000221766077638213  -0.00152633922022666   0.00355387025618423      1.94452195836404    0.0027625029324572  3.00904734504027e-13 -3.55716131460298e-13  4.93575751460357e-13 -7.27780451978196e-13    0.0186119404993598
 0.000311479298284095  -0.00033755962841121    0.0696155364890554    0.0027625029324572      1.39917222967021 -7.04265009126531e-14  8.72743421310963e-12 -7.15225370009834e-12   5.2937712013244e-12    -0.794388395322718
 -4.6419361270121e-15  9.80758700743859e-16 -5.75734091662885e-13  3.00904734504027e-13 -7.04265009126531e-14      1.45774893235955  1.87653546777941e-14  -0.00128751175549383     0.465458251569899     1.93898993875e-12
 1.38410474051172e-15 -7.91389074048759e-16 -2.41134885716065e-13 -3.55716131460298e-13  8.72743421310963e-12  1.87653546777941e-14      1.45774893235911     0.465458251570145   0.00128751175570517   2.7157831859382e-12
-8.08041687550952e-15  5.26333579907663e-15 -6.95624240557856e-13  4.93575751460357e-13 -7.15225370009834e-12  -0.00128751175549383     0.465458251570145     0.562415711934003 -1.46197967654181e-14  1.03876838051551e-11
 9.86887853536961e-15 -8.44005650607212e-15  6.77734227658769e-13 -7.27780451978196e-13   5.2937712013244e-12     0.465458251569899   0.00128751175570517 -1.46197967654181e-14     0.562415711933575 -5.69826427626271e-12
   0.0003831700679722 -2.39143062897541e-05    0.0991120369581846    0.0186119404993598    -0.794388395322718     1.93898993875e-12   2.7157831859382e-12  1.03876838051551e-11 -5.69826427626271e-12     0.624952370350377
TOTAL ENERGY: -126.779655438475	 lambda: -0.9	 population of target: 5.58347754316207
1RDM: 
     1.99999896940083  5.46217628472139e-06 -5.18734775969207e-05  0.000184717105933543  0.000327971255051135 -5.13719129698493e-15  1.89723809719253e-15 -8.81809340696718e-15  1.05618240255966e-14   0.00039632811862239
 5.46217628472139e-06      1.99996252433272  9.00913019693331e-05  -0.00132937150721048 -4.08682699206022e-05 -5.01370225924228e-16 -1.10704442567825e-15  2.12610183918789e-16 -3.16033725030887e-15   0.00030261784011352
-5.18734775969207e-05  9.00913019693331e-05      1.99056598299972   0.00101291950064286    0.0790379789679411 -5.39292446451717e-13 -1.71223796951451e-13 -7.27544025070914e-13  7.11640926310809e-13    0.0957437106404526
 0.000184717105933543  -0.00132937150721048   0.00101291950064286      1.95086031582165    0.0196905849504832  1.74784888094846e-13 -3.13497990233667e-13  1.37236994280874e-13 -3.60627565845451e-13    0.0355782652366374
 0.000327971255051135 -4.08682699206022e-05    0.0790379789679411    0.0196905849504832      1.26386076576275  7.16993084724551e-13  6.68361137144106e-12 -4.56348328341639e-12  2.86249503836863e-12     -0.77611391439773
-5.13719129698493e-15 -5.01370225924228e-16 -5.39292446451717e-13  1.74784888094846e-13  7.16993084724551e-13      1.46299267240324  1.95529922372821e-14  -0.00165706314803383     0.428526024342559  1.03165923339199e-12
 1.89723809719253e-15 -1.10704442567825e-15 -1.71223796951451e-13 -3.13497990233667e-13  6.68361137144106e-12  1.95529922372821e-14      1.46299267240288     0.428526024343535   0.00165706314805613  2.19269436914077e-12
-8.81809340696718e-15  2.12610183918789e-16 -7.27544025070914e-13  1.37236994280874e-13 -4.56348328341639e-12  -0.00165706314803383     0.428526024343535     0.555593396261823 -1.05074329843515e-14  8.78395848225297e-12
 1.05618240255966e-14 -3.16033725030887e-15  7.11640926310809e-13 -3.60627565845451e-13  2.86249503836863e-12     0.428526024342559   0.00165706314805613 -1.05074329843515e-14     0.555593396261452 -4.65458004900721e-12
  0.00039632811862239   0.00030261784011352    0.0957437106404526    0.0355782652366374     -0.77611391439773  1.03165923339199e-12  2.19269436914077e-12  8.78395848225297e-12 -4.65458004900721e-12     0.757579304352926
TOTAL ENERGY: -126.939675338648	 lambda: -0.8	 population of target: 5.77110915799921
1RDM: 
     1.99999906385121  4.60853905500157e-06 -5.07395623087672e-05  0.000154009840897992  0.000343846625352616 -3.17116809319445e-15 -3.58246200512496e-16 -6.31772034868291e-15   8.3483171315918e-15  0.000400612171866837
 4.60853905500157e-06      1.99996754638524  4.39955490992291e-05    -0.001171880566884  0.000290450910721233 -5.12700407511147e-16 -6.06334776442521e-16 -1.74196367172066e-15 -4.70138724006646e-16  0.000464870759866438
-5.07395623087672e-05  4.39955490992291e-05      1.99044432019934  -0.00110226959674923    0.0830526892127659 -5.49170080897072e-13 -4.36202492489481e-14 -8.89265542671772e-13  8.47873251347113e-13    0.0872488061873239
 0.000154009840897992    -0.001171880566884  -0.00110226959674923      1.95548523560436    0.0367420764984407  2.94712258301778e-13 -4.40456933198948e-13  2.59186923585843e-13 -4.11943357902096e-13    0.0447324836495745
 0.000343846625352616  0.000290450910721233    0.0830526892127659    0.0367420764984407      1.19416698198811 -2.68475203023749e-12  9.29165770950495e-12 -8.81125535125864e-12  6.57495430794625e-12    -0.685593625090109
-3.17116809319445e-15 -5.12700407511147e-16 -5.49170080897072e-13  2.94712258301778e-13 -2.68475203023749e-12      1.43517122267074  2.54135952037476e-14  -0.00170802642225388     0.384880565741596  1.61983153539768e-12
-3.58246200512496e-16 -6.06334776442521e-16 -4.36202492489481e-14 -4.40456933198948e-13  9.29165770950495e-12  2.54135952037476e-14      1.43517122267031     0.384880565741938   0.00170802642234401  9.96453398377057e-13
-6.31772034868291e-15 -1.74196367172066e-15 -8.89265542671772e-13  2.59186923585843e-13 -8.81125535125864e-12  -0.00170802642225388     0.384880565741938     0.581477196737267 -2.25970497334929e-14    9.931333805772e-12
  8.3483171315918e-15 -4.70138724006646e-16  8.47873251347113e-13 -4.11943357902096e-13  6.57495430794625e-12     0.384880565741596   0.00170802642234401 -2.25970497334929e-14     0.581477196736853 -5.85404261846893e-12
 0.000400612171866837  0.000464870759866438    0.0872488061873239    0.0447324836495745    -0.685593625090109  1.61983153539768e-12  9.96453398377057e-13    9.931333805772e-12 -5.85404261846893e-12     0.826640013156551
TOTAL ENERGY: -127.029656424557	 lambda: -0.7	 population of target: 5.89038673308164
1RDM: 
     1.99999913138264  4.10785170710738e-06 -4.75665553219019e-05  0.000136336741024538  0.000330776414141847 -4.53104371115901e-15  1.53706016411874e-15 -7.90864279033309e-15  9.58176014465339e-15  0.000381300049511097
 4.10785170710738e-06      1.99997066968348  2.19154775849127e-05  -0.00107734465755404  0.000472183007004123 -4.95974774707787e-16   9.7083274906118e-16 -5.00653025469458e-15  3.08523919487884e-15  0.000472276723395921
-4.75665553219019e-05  2.19154775849127e-05       1.9910864350218  -0.00211846365861808    0.0788090315325236 -5.17452804107692e-13 -3.64520577410333e-15 -6.73169853879279e-13  6.49499256952802e-13    0.0779400921740115
 0.000136336741024538  -0.00107734465755404  -0.00211846365861808      1.95806374740971    0.0460230481882834  1.75597380305381e-13 -2.59463797038132e-13 -1.35042712654763e-13 -3.19941331239774e-14    0.0479533149197618
 0.000330776414141847  0.000472183007004123    0.0788090315325236    0.0460230481882834       1.2170920947385   -1.305577909342e-13  5.58704565961308e-12 -4.93043048065644e-12  3.60312978495066e-12    -0.597977289309278
-4.53104371115901e-15 -4.95974774707787e-16 -5.17452804107692e-13  1.75597380305381e-13   -1.305577909342e-13       1.3987757695993  4.04562981989505e-16  -0.00174959077559996     0.330700170165918  1.27721304672312e-12
 1.53706016411874e-15   9.7083274906118e-16 -3.64520577410333e-15 -2.59463797038132e-13  5.58704565961308e-12  4.04562981989505e-16       1.3987757695989     0.330700170166189   0.00174959077540731  1.65754918626079e-12
-7.90864279033309e-15 -5.00653025469458e-15 -6.73169853879279e-13 -1.35042712654763e-13 -4.93043048065644e-12  -0.00174959077559996     0.330700170166189     0.615573187295326 -3.72108104091224e-15  6.94489369012935e-12
 9.58176014465339e-15  3.08523919487884e-15  6.49499256952802e-13 -3.19941331239774e-14  3.60312978495066e-12     0.330700170165918   0.00174959077540731 -3.72108104091224e-15     0.615573187294929 -3.86758056566618e-12
 0.000381300049511097  0.000472276723395921    0.0779400921740115    0.0479533149197618    -0.597977289309278  1.27721304672312e-12  1.65754918626079e-12  6.94489369012935e-12 -3.86758056566618e-12     0.805090007975486
TOTAL ENERGY: -127.076816172408	 lambda: -0.6	 population of target: 5.96252863704851
1RDM: 
     1.99999919857104  3.85206679048835e-06 -4.13650963028943e-05  0.000127854245643155  0.000287992197600485 -4.34223373993688e-15    1.454641547755e-15 -7.10049370553699e-15  8.63406056785721e-15  0.000343816113065044
 3.85206679048835e-06      1.99997263380676  1.93742513142962e-05  -0.00101457239417761  0.000483737576020842 -2.60697131322488e-16  1.43357427801559e-15 -4.81022019957435e-15  3.20066414378337e-15  0.000425854310182976
-4.13650963028943e-05  1.93742513142962e-05        1.992320839514  -0.00221535894442619    0.0688148794603106 -5.48090188941146e-13  1.79270054231235e-14 -5.36599788602266e-13  4.81878818951161e-13    0.0704107751662777
 0.000127854245643155  -0.00101457239417761  -0.00221535894442619      1.95987410783514    0.0472496248583903  1.47096094621938e-13 -2.55158557052436e-13 -1.83533282888135e-13  3.13621990307225e-14    0.0504116035480856
 0.000287992197600485  0.000483737576020842    0.0688148794603106    0.0472496248583903      1.29954347694889  5.88126672420708e-13  5.31237900870141e-12 -5.36759431858134e-12  4.56808212181728e-12    -0.553354780851604
-4.34223373993688e-15 -2.60697131322488e-16 -5.48090188941146e-13  1.47096094621938e-13  5.88126672420708e-13      1.36574442112042  2.94304640728363e-14  -0.00192550224947063     0.264987010287467  2.00703940951649e-12
   1.454641547755e-15  1.43357427801559e-15  1.79270054231235e-14 -2.55158557052436e-13  5.31237900870141e-12  2.94304640728363e-14      1.36574442112051     0.264987010288399    0.0019255022494968  1.92974907082335e-12
-7.10049370553699e-15 -4.81022019957435e-15 -5.36599788602266e-13 -1.83533282888135e-13 -5.36759431858134e-12  -0.00192550224947063     0.264987010288399     0.645927247647122 -1.69461725102813e-14  6.75294870929849e-12
 8.63406056785721e-15  3.20066414378337e-15  4.81878818951161e-13  3.13621990307225e-14  4.56808212181728e-12     0.264987010287467    0.0019255022494968 -1.69461725102813e-14     0.645927247647193  -4.2334306461836e-12
 0.000343816113065044  0.000425854310182976    0.0704107751662777    0.0504116035480856    -0.553354780851604  2.00703940951649e-12  1.92974907082335e-12  6.75294870929849e-12  -4.2334306461836e-12     0.724946405789036
TOTAL ENERGY: -127.105200182071	 lambda: -0.5	 population of target: 6.013977380244
1RDM: 
     1.99999927307934  3.69759273630023e-06 -3.33721783430448e-05  0.000123572625312047   0.00022943859528258  1.41121987072328e-15 -1.43349362553527e-14  1.33944663343333e-14  7.29242353618536e-16  0.000284927808878366
 3.69759273630023e-06      1.99997411740127  2.56660445319177e-05 -0.000960982273460081  0.000393441324366863  3.72737741613677e-15 -1.05458135636941e-14  5.66234910909719e-15 -1.10051691838898e-15  0.000380544998678044
-3.33721783430448e-05  2.56660445319177e-05      1.99376612224637  -0.00185719502244033    0.0570287118333119 -7.05218154169397e-13  3.45223209491682e-13  -1.3759537573707e-12  6.39828556744696e-13    0.0641984704900081
 0.000123572625312047 -0.000960982273460081  -0.00185719502244033      1.96162582775661    0.0441276938497248  4.58858530338668e-13 -1.33640795664984e-12  8.70573378569872e-13 -3.24997399109423e-13    0.0544244318966824
  0.00022943859528258  0.000393441324366863    0.0570287118333119    0.0441276938497248      1.39505337416795 -7.76476916140937e-12  3.25932297345655e-11  -4.3636356062656e-11  1.85783591091598e-11     -0.55266677423091
 1.41121987072328e-15  3.72737741613677e-15 -7.05218154169397e-13  4.58858530338668e-13 -7.76476916140937e-12      1.33696168880065  4.08589714586546e-15  -0.00216799326733363     0.197054946145323  4.01284973751685e-12
-1.43349362553527e-14 -1.05458135636941e-14  3.45223209491682e-13 -1.33640795664984e-12  3.25932297345655e-11  4.08589714586546e-15      1.33696168879987     0.197054946144265   0.00216799326733481 -1.64173487764614e-12
 1.33944663343333e-14  5.66234910909719e-15  -1.3759537573707e-12  8.70573378569872e-13  -4.3636356062656e-11  -0.00216799326733363     0.197054946144265     0.671989918689862 -2.17695414505622e-14  2.37813474594066e-11
 7.29242353618536e-16 -1.10051691838898e-15  6.39828556744696e-13 -3.24997399109423e-13  1.85783591091598e-11     0.197054946145323   0.00216799326733481 -2.17695414505622e-14     0.671989918689135 -1.08385486045016e-11
 0.000284927808878366  0.000380544998678044    0.0641984704900081    0.0544244318966824     -0.55266677423091  4.01284973751685e-12 -1.64173487764614e-12  2.37813474594066e-11 -1.08385486045016e-11     0.631678070368918
TOTAL ENERGY: -127.127518655477	 lambda: -0.4	 population of target: 6.06370603477723
1RDM: 
     1.99999935242901  3.53543430245141e-06 -2.49458733551164e-05  0.000119707365010853  0.000164932916948584  2.85265632042645e-15 -1.02894619138791e-14  1.01196083940113e-14 -1.08199674212623e-15  0.000199156926741509
 3.53543430245141e-06      1.99997549852511  3.11757197925953e-05 -0.000906250571904981  0.000273705616913359  4.58827173352896e-15 -8.29983652199826e-15  6.26635419047031e-15 -3.03115825633284e-15  0.000363957536740826
-2.49458733551164e-05  3.11757197925953e-05       1.9951051690565  -0.00148742272081883    0.0464946558452406 -6.88569561384143e-13  2.89379669359364e-13 -8.41297095765397e-13  4.83528643522727e-13    0.0583336748884993
 0.000119707365010853 -0.000906250571904981  -0.00148742272081883      1.96351487150561    0.0407906674831059  3.55399698803712e-13 -8.71616910087622e-13  3.58658430647008e-13 -1.91719935958086e-13     0.060710710908839
 0.000164932916948584  0.000273705616913359    0.0464946558452406    0.0407906674831059      1.46453265476777 -8.60933386429261e-12  2.70730049944403e-11 -3.68884225762692e-11  2.12226931512697e-11     -0.58720256804258
 2.85265632042645e-15  4.58827173352896e-15 -6.88569561384143e-13  3.55399698803712e-13 -8.60933386429261e-12      1.31478594334973  3.62575084084387e-14  -0.00241529554004983     0.137478344567432  3.77811549239344e-12
-1.02894619138791e-14 -8.29983652199826e-15  2.89379669359364e-13 -8.71616910087622e-13  2.70730049944403e-11  3.62575084084387e-14         1.31478594335     0.137478344568405   0.00241529554010356 -2.26434576295127e-12
 1.01196083940113e-14  6.26635419047031e-15 -8.41297095765397e-13  3.58658430647008e-13 -3.68884225762692e-11  -0.00241529554004983     0.137478344568405     0.691804096280465 -2.16203960205423e-14  2.03693096800568e-11
-1.08199674212623e-15 -3.03115825633284e-15  4.83528643522727e-13 -1.91719935958086e-13  2.12226931512697e-11     0.137478344567432   0.00241529554010356 -2.16203960205423e-14     0.691804096280715 -1.36140718541954e-11
 0.000199156926741509  0.000363957536740826    0.0583336748884993     0.060710710908839     -0.58720256804258  3.77811549239344e-12 -2.26434576295127e-12  2.03693096800568e-11 -1.36140718541954e-11     0.563692374455126
TOTAL ENERGY: -127.151004595902	 lambda: -0.3	 population of target: 6.13153580429215
1RDM: 
     1.99999943478444  3.27023331925631e-06 -1.66826100659044e-05  0.000113035162153663  9.20376231845464e-05 -3.30762178983146e-15  3.20059175604751e-15 -4.98094007313695e-15  5.08253165568691e-15  8.83679776196429e-05
 3.27023331925631e-06       1.9999771801658  2.93029245141126e-05 -0.000839085060905832  0.000171580845101186 -1.58260602474734e-15   1.8514025794219e-15 -2.30535404726954e-15  3.24580676036052e-16  0.000411748175106827
-1.66826100659044e-05  2.93029245141126e-05      1.99621038260827  -0.00142249312294548    0.0382924385304174 -6.36662990171959e-13  5.36501382144869e-14 -7.46120696608471e-14 -2.77589800032991e-14    0.0526034319630253
 0.000113035162153663 -0.000839085060905832  -0.00142249312294548      1.96575937528264    0.0403488544320687 -6.08121838041183e-14 -3.30024091150202e-13 -2.63157279955272e-13  1.32699198747503e-13    0.0703337313550347
 9.20376231845464e-05  0.000171580845101186    0.0382924385304174    0.0403488544320687      1.48375637353982  4.68455710134138e-12  2.31397648369813e-12 -1.37644386993009e-12  5.00557179336675e-12     -0.64909175461023
-3.30762178983146e-15 -1.58260602474734e-15 -6.36662990171959e-13 -6.08121838041183e-14  4.68455710134138e-12      1.30064036773666 -7.16629531566214e-15  -0.00265962556529271    0.0891265317041393  3.24347431985412e-12
 3.20059175604751e-15   1.8514025794219e-15  5.36501382144869e-14 -3.30024091150202e-13  2.31397648369813e-12 -7.16629531566214e-15      1.30064036773665    0.0891265317042591   0.00265962556524506  1.60321439056509e-12
-4.98094007313695e-15 -2.30535404726954e-15 -7.46120696608471e-14 -2.63157279955272e-13 -1.37644386993009e-12  -0.00265962556529271    0.0891265317042591     0.704056039891239  7.89686528652972e-15  5.98042040412958e-12
 5.08253165568691e-15  3.24580676036052e-16 -2.77589800032991e-14  1.32699198747503e-13  5.00557179336675e-12    0.0891265317041393   0.00265962556524506  7.89686528652972e-15     0.704056039891234 -6.92148296684937e-12
 8.83679776196429e-05  0.000411748175106827    0.0526034319630253    0.0703337313550347     -0.64909175461023  3.24347431985412e-12  1.60321439056509e-12  5.98042040412958e-12 -6.92148296684937e-12     0.544904438363331
TOTAL ENERGY: -127.179427097408	 lambda: -0.2	 population of target: 6.24746554177776
1RDM: 
     1.99999952360405  2.79022557923942e-06 -8.60071121857311e-06  9.97454374725867e-05 -5.05839237957072e-07 -2.24860560989363e-15  1.91922216460803e-15 -1.77134371779597e-15  2.96771381587917e-15 -3.00510077773716e-05
 2.79022557923942e-06      1.99997982793004  1.47880796396623e-05 -0.000740628992096733  0.000132843555991291 -2.58772637108331e-15 -4.77642312158613e-16  -1.4498693237688e-15  3.16761000796923e-16   0.00059001111389219
-8.60071121857311e-06  1.47880796396623e-05      1.99706723573393  -0.00193395909622814    0.0325432896894171 -6.46008816103864e-13  7.41273590606446e-14 -2.91645374535599e-14 -1.15650498444216e-13    0.0477908482520489
 9.97454374725867e-05 -0.000740628992096733  -0.00193395909622814      1.96876210678515    0.0457778983641222  -1.5559743871139e-13 -3.85872499311571e-13 -3.95903414178312e-13  2.72411380981109e-13    0.0852853201809798
-5.05839237957072e-07  0.000132843555991291    0.0325432896894171    0.0457778983641222      1.43177815064337  4.72386300875478e-12  4.99524787780258e-12 -4.18483849948563e-12  5.16889221285583e-12    -0.723402777530634
-2.24860560989363e-15 -2.58772637108331e-15 -6.46008816103864e-13  -1.5559743871139e-13  4.72386300875478e-12      1.28916126842187  6.51408387983187e-15  -0.00285968554510681    0.0496709499377869   2.8355762617841e-12
 1.91922216460803e-15 -4.77642312158613e-16  7.41273590606446e-14 -3.85872499311571e-13  4.99524787780258e-12  6.51408387983187e-15      1.28916126842234    0.0496709499382437    0.0028596855450855  3.52606650928064e-13
-1.77134371779597e-15  -1.4498693237688e-15 -2.91645374535599e-14 -3.95903414178312e-13 -4.18483849948563e-12  -0.00285968554510681    0.0496709499382437     0.713996373657297  2.52872162320166e-15  8.27046610786621e-12
 2.96771381587917e-15  3.16761000796923e-16 -1.15650498444216e-13  2.72411380981109e-13  5.16889221285583e-12    0.0496709499377869    0.0028596855450855  2.52872162320166e-15     0.713996373657765 -8.43749231205718e-12
-3.00510077773716e-05   0.00059001111389219    0.0477908482520489    0.0852853201809798    -0.723402777530634   2.8355762617841e-12  3.52606650928064e-13  8.27046610786621e-12 -8.43749231205718e-12     0.596097871144244
TOTAL ENERGY: -127.207906295625	 lambda: -0.1	 population of target: 6.44168694881594
1RDM: 
     1.99999962611846  2.02686723306804e-06 -8.12189185366812e-07  7.69996227255017e-05 -0.000114453621292991 -2.00028347051152e-15  1.77485026941045e-15 -7.42347793962281e-17  1.19346984762626e-15 -0.000109711049748551
 2.02686723306804e-06      1.99998411785004 -1.50755440665772e-05 -0.000597002013791377  0.000240446359447208 -4.77607829936546e-15 -1.77141121241339e-15 -4.18786437670831e-15  3.05416145284705e-15  0.000951181660293562
-8.12189185366812e-07 -1.50755440665772e-05      1.99765245510481  -0.00321755904977585    0.0299270455566467 -6.66149501618322e-13  9.93637839471645e-14  3.70876558472967e-15 -1.61521486295692e-13    0.0449449137629107
 7.69996227255017e-05 -0.000597002013791377  -0.00321755904977585      1.97260719619609    0.0600859743414417 -2.60661502079295e-13 -4.26278600056693e-13 -6.44511919793136e-13   5.3913250143787e-13     0.105501922866293
-0.000114453621292991  0.000240446359447208    0.0299270455566467    0.0600859743414417      1.29536737602027  5.05565893749777e-12  4.35182391957958e-12 -2.25796705471274e-12  3.26962440925297e-12    -0.757729459585201
-2.00028347051152e-15 -4.77607829936546e-15 -6.66149501618322e-13 -2.60661502079295e-13  5.05565893749777e-12      1.26344863259381  3.80777440823491e-14   -0.0028285845699993     0.018567900829795  1.78445013078394e-12
 1.77485026941045e-15 -1.77141121241339e-15  9.93637839471645e-14 -4.26278600056693e-13  4.35182391957958e-12  3.80777440823491e-14      1.26344863259411    0.0185679008300981   0.00282858457000892 -8.10802076236208e-13
-7.42347793962281e-17 -4.18786437670831e-15  3.70876558472967e-15 -6.44511919793136e-13 -2.25796705471274e-12   -0.0028285845699993    0.0185679008300981     0.738433875924209  -3.1685383156978e-14  7.95411754772341e-12
 1.19346984762626e-15  3.05416145284705e-15 -1.61521486295692e-13   5.3913250143787e-13  3.26962440925297e-12     0.018567900829795   0.00282858457000892  -3.1685383156978e-14     0.738433875924505 -8.61905467858724e-12
-0.000109711049748551  0.000951181660293562    0.0449449137629107     0.105501922866293    -0.757729459585201  1.78445013078394e-12 -8.10802076236208e-13  7.95411754772341e-12 -8.61905467858724e-12     0.730624211673787
TOTAL ENERGY: -127.219425747786	 lambda: 0	 population of target: 6.66731153780115
1RDM: 
     1.99999972641563  1.22735041300271e-06  5.24396542241466e-06  5.23895464955648e-05 -0.000210845137587072 -2.34872231688556e-15  1.45523017383019e-15  9.93085169548364e-16 -8.63050723967633e-17 -0.000112965534067342
 1.22735041300271e-06      1.99998900413866 -4.91719609327813e-05 -0.000450590222882597  0.000518998436078685 -6.66722288469164e-15 -2.32359784750119e-15 -8.88311675976406e-15   7.9075931999913e-15   0.00134086327738135
 5.24396542241466e-06 -4.91719609327813e-05      1.99791486984603   -0.0047951872519677    0.0309062194319383 -6.90420071266082e-13  1.33681340293404e-13 -7.45380245521248e-15 -1.42156302502216e-13    0.0428425431916837
 5.23895464955648e-05 -0.000450590222882597   -0.0047951872519677      1.97583956707658    0.0798522951077757 -3.13074014242054e-13 -4.13879639667059e-13 -9.55560390161785e-13   8.6116110594717e-13     0.122213583077913
-0.000210845137587072  0.000518998436078685    0.0309062194319383    0.0798522951077757      1.13224664013594  4.52017639476176e-12  3.20520307079828e-12 -2.82626987555174e-13  1.15983327291331e-12    -0.686583035927095
-2.34872231688556e-15 -6.66722288469164e-15 -6.90420071266082e-13 -3.13074014242054e-13  4.52017639476176e-12      1.21328293021047  2.11493811563728e-14   -0.0024149979051976  6.72703623149235e-05  5.83594164375868e-13
 1.45523017383019e-15 -2.32359784750119e-15  1.33681340293404e-13 -4.13879639667059e-13  3.20520307079828e-12  2.11493811563728e-14      1.21328293021078  6.72703625641097e-05   0.00241499790519327 -1.67718406632877e-12
 9.93085169548364e-16 -8.88311675976406e-15 -7.45380245521248e-15 -9.55560390161785e-13 -2.82626987555174e-13   -0.0024149979051976  6.72703625641097e-05     0.787705801685012 -1.56450978481136e-14  6.61374215395989e-12
-8.63050723967633e-17   7.9075931999913e-15 -1.42156302502216e-13   8.6116110594717e-13  1.15983327291331e-12  6.72703623149235e-05   0.00241499790519327 -1.56450978481136e-14     0.787705801685321 -7.49928460758049e-12
-0.000112965534067342   0.00134086327738135    0.0428425431916837     0.122213583077913    -0.686583035927095  5.83594164375868e-13 -1.67718406632877e-12  6.61374215395989e-12 -7.49928460758049e-12     0.892032728595625
TOTAL ENERGY: -127.212348423857	 lambda: 0.1	 population of target: 6.82378097379762
1RDM: 
     1.99999978907671  7.50282148584345e-07  8.54763229334853e-06  3.84181540295892e-05 -0.000259591853825686 -2.81558630924137e-15  1.18685503865878e-15  1.44907637536184e-15  -6.6617757237686e-16 -8.52673181948861e-05
 7.50282148584345e-07      1.99999230533307 -7.07941074330063e-05 -0.000363411499869625  0.000810362517568812 -7.21079264049863e-15 -1.82196490614834e-15 -1.28826644749554e-14  1.21532556530122e-14   0.00153924099283768
 8.54763229334853e-06 -7.07941074330063e-05      1.99795981589801  -0.00581795257332207    0.0331550556165487 -6.97380851642455e-13  1.77782908512765e-13 -3.49030453594964e-14 -1.05303197101598e-13    0.0396297973543922
 3.84181540295892e-05 -0.000363411499869625  -0.00581795257332207      1.97710987440372     0.095954736370978 -2.97557573570294e-13 -3.76670467510622e-13 -1.16996877673785e-12  1.09511286517753e-12      0.12843131501098
-0.000259591853825686  0.000810362517568812    0.0331550556165487     0.095954736370978      1.02914980687035  3.63228976081322e-12  2.22431266098528e-12  7.48786038038724e-13 -8.77177323437059e-14    -0.562920834711165
-2.81558630924137e-15 -7.21079264049863e-15 -6.97380851642455e-13 -2.97557573570294e-13  3.63228976081322e-12      1.16309832452811  1.02246973147245e-14  -0.00190381887379149  -0.00679620844498167 -1.38039331353814e-13
 1.18685503865878e-15 -1.82196490614834e-15  1.77782908512765e-13 -3.76670467510622e-13  2.22431266098528e-12  1.02246973147245e-14      1.16309832452866  -0.00679620844479951   0.00190381887377987 -1.91466459628048e-12
 1.44907637536184e-15 -1.28826644749554e-14 -3.49030453594964e-14 -1.16996877673785e-12  7.48786038038724e-13  -0.00190381887379149  -0.00679620844479951     0.837439370530309 -3.65703551040096e-15  5.06361957437491e-12
 -6.6617757237686e-16  1.21532556530122e-14 -1.05303197101598e-13  1.09511286517753e-12 -8.77177323437059e-14  -0.00679620844498167   0.00190381887377987 -3.65703551040096e-15     0.837439370530854 -5.92800389397546e-12
-8.52673181948861e-05   0.00153924099283768    0.0396297973543922      0.12843131501098    -0.562920834711165 -1.38039331353814e-13 -1.91466459628048e-12  5.06361957437491e-12 -5.92800389397546e-12     0.994713018300275
TOTAL ENERGY: -127.200436171634	 lambda: 0.2	 population of target: 6.90625389597004
1RDM: 
     1.99999981545398  5.60671955672949e-07  1.03549169745213e-05  3.45311254256007e-05 -0.000281885152838908 -3.07397020071384e-15  1.08514430045294e-15  1.66524853827183e-15 -9.47560980020583e-16 -7.14281797176544e-05
 5.60671955672949e-07      1.99999398122375 -8.02194816463614e-05 -0.000325915989331224    0.0010185370241239 -6.93394058041742e-15 -9.50653462717737e-16 -1.52899711041659e-14  1.47935909515961e-14   0.00158279141514231
 1.03549169745213e-05 -8.02194816463614e-05      1.99796022824789   -0.0062542278580088    0.0347066463566543 -6.89482792014206e-13   2.1444959567016e-13 -4.70570199072928e-14 -8.47626530044494e-14    0.0359289741332995
 3.45311254256007e-05 -0.000325915989331224   -0.0062542278580088      1.97710913566342     0.106744112211301 -2.58296017230511e-13 -3.30696211616049e-13 -1.29399944056606e-12  1.23459353586013e-12     0.128488206413282
-0.000281885152838908    0.0010185370241239    0.0347066463566543     0.106744112211301     0.981870079668611  2.94499268373585e-12  1.61423522413596e-12  1.12405020676464e-12 -6.14416648490749e-13     -0.46371829764577
-3.07397020071384e-15 -6.93394058041742e-15 -6.89482792014206e-13 -2.58296017230511e-13  2.94499268373585e-12      1.12976357088264  1.63277306792472e-15  -0.00154146851504071  -0.00863330323106461 -4.46770801451013e-13
 1.08514430045294e-15 -9.50653462717737e-16   2.1444959567016e-13 -3.30696211616049e-13  1.61423522413596e-12  1.63277306792472e-15      1.12976357088285  -0.00863330323093022    0.0015414685150314 -1.86689315619108e-12
 1.66524853827183e-15 -1.52899711041659e-14 -4.70570199072928e-14 -1.29399944056606e-12  1.12405020676464e-12  -0.00154146851504071  -0.00863330323093022     0.870582767318989  1.55445135675945e-15  3.96773591238014e-12
-9.47560980020583e-16  1.47935909515961e-14 -8.47626530044494e-14  1.23459353586013e-12 -6.14416648490749e-13  -0.00863330323106461    0.0015414685150314  1.55445135675945e-15     0.870582767319193 -4.74963414002218e-12
-7.14281797176544e-05   0.00158279141514231    0.0359289741332995     0.128488206413282     -0.46371829764577 -4.46770801451013e-13 -1.86689315619108e-12  3.96773591238014e-12 -4.74963414002218e-12       1.0423740833387
TOTAL ENERGY: -127.189732101256	 lambda: 0.3	 population of target: 6.94990921901509
1RDM: 
     1.99999982121816  5.14419844605756e-07  1.17885027969521e-05  3.59921920324757e-05 -0.000297790059391085 -3.14361781604778e-15  1.07865955400866e-15  1.88018160245597e-15 -1.19460514238344e-15 -7.60451876343451e-05
 5.14419844605756e-07      1.99999482499771  -8.3335378427015e-05 -0.000310662147546674   0.00115868005829761 -6.40122826964849e-15 -9.74412745972334e-17 -1.66655165346274e-14  1.63586572182408e-14   0.00156033763537025
 1.17885027969521e-05  -8.3335378427015e-05      1.99797417974988  -0.00637308783382089    0.0354191003747632  -6.7534849015025e-13  2.41907896446908e-13 -4.57371131424319e-14 -8.02487793961857e-14    0.0323863123974968
 3.59921920324757e-05 -0.000310662147546674  -0.00637308783382089      1.97667168849085     0.114518630796757 -2.18958571310316e-13 -2.86699187685907e-13 -1.37268315692819e-12  1.32523600593625e-12     0.126634731976498
-0.000297790059391085   0.00115868005829761    0.0354191003747632     0.114518630796757     0.959608711621385  2.51471888651037e-12    1.261403282219e-12  1.26014208731967e-12 -8.40573276232466e-13    -0.400628187593263
-3.14361781604778e-15 -6.40122826964849e-15  -6.7534849015025e-13 -2.18958571310316e-13  2.51471888651037e-12      1.11048782684628 -9.43661218926233e-16  -0.00132720559691759  -0.00913400962550351 -5.81354914793981e-13
 1.07865955400866e-15 -9.74412745972334e-17  2.41907896446908e-13 -2.86699187685907e-13    1.261403282219e-12 -9.43661218926233e-16      1.11048782684648  -0.00913400962539674   0.00132720559690829 -1.78370481726408e-12
 1.88018160245597e-15 -1.66655165346274e-14 -4.57371131424319e-14 -1.37268315692819e-12  1.26014208731967e-12  -0.00132720559691759  -0.00913400962539674     0.889776095862551  3.85093631307919e-15  3.29905396660309e-12
-1.19460514238344e-15  1.63586572182408e-14 -8.02487793961857e-14  1.32523600593625e-12 -8.40573276232466e-13  -0.00913400962550351   0.00132720559690829  3.85093631307919e-15     0.889776095862749 -4.01604272942135e-12
-7.60451876343451e-05   0.00156033763537025    0.0323863123974968     0.126634731976498    -0.400628187593263 -5.81354914793981e-13 -1.78370481726408e-12  3.29905396660309e-12 -4.01604272942135e-12        1.065222928504
TOTAL ENERGY: -127.180589297709	 lambda: 0.4	 population of target: 6.97628948689583
1RDM: 
     1.99999981457619  5.35467353023966e-07  1.32764171084764e-05   4.0252007633242e-05 -0.000314962873192678 -3.08848387162369e-15  1.11813096791299e-15  2.16151150691274e-15 -1.49197577127345e-15 -9.47403761468738e-05
 5.35467353023966e-07      1.99999529959397 -8.35734909406327e-05 -0.000303623856572467    0.0012586074430843 -5.80231408388417e-15  6.78448747535952e-16 -1.74834733879477e-14   1.7333793305999e-14    0.0015111477142578
 1.32764171084764e-05 -8.35734909406327e-05      1.99799642139315  -0.00633028135708995    0.0355671070890581 -6.58529757679088e-13  2.62979653833796e-13  -3.5903027114267e-14 -8.62425940714893e-14    0.0290698267508659
  4.0252007633242e-05 -0.000303623856572467  -0.00633028135708995      1.97615250751314     0.120902357207077 -1.83831061352653e-13 -2.45226986944809e-13 -1.43156503003268e-12  1.39405248195442e-12     0.124333686409125
-0.000314962873192678    0.0012586074430843    0.0355671070890581     0.120902357207077     0.946004956933241  2.26807460800704e-12  1.05187520549561e-12  1.34121027191667e-12 -9.72846795024997e-13    -0.364817982608599
-3.08848387162369e-15 -5.80231408388417e-15 -6.58529757679088e-13 -1.83831061352653e-13  2.26807460800704e-12      1.10024112725784  2.57245517131296e-15  -0.00121386047275506   -0.0094736262201313 -6.60843342563265e-13
 1.11813096791299e-15  6.78448747535952e-16  2.62979653833796e-13 -2.45226986944809e-13  1.05187520549561e-12  2.57245517131296e-15      1.10024112725798   -0.0094736262200303   0.00121386047274769 -1.73957495793004e-12
 2.16151150691274e-15 -1.74834733879477e-14  -3.5903027114267e-14 -1.43156503003268e-12  1.34121027191667e-12  -0.00121386047275506   -0.0094736262200303     0.899986186832047 -2.42045115866299e-16  2.90931547268133e-12
-1.49197577127345e-15   1.7333793305999e-14 -8.62425940714893e-14  1.39405248195442e-12 -9.72846795024997e-13   -0.0094736262201313   0.00121386047274769 -2.42045115866299e-16     0.899986186832193 -3.59124698856243e-12
-9.47403761468738e-05    0.0015111477142578    0.0290698267508659     0.124333686409125    -0.364817982608599 -6.60843342563265e-13 -1.73957495793004e-12  2.90931547268133e-12 -3.59124698856243e-12      1.07939637181025
TOTAL ENERGY: -127.171900208323	 lambda: 0.5	 population of target: 6.99566749008081
1RDM: 
     1.99999979757064  5.92711348518639e-07   1.4974442592684e-05   4.6325069021748e-05   -0.0003365706355478 -2.94513254762162e-15  1.17962256905179e-15  2.53317458619193e-15 -1.87199146183822e-15 -0.000124644955654185
 5.92711348518639e-07      1.99999560778157 -8.26263093206686e-05 -0.000299029825534148   0.00133583786791498 -5.16909090716466e-15  1.40695779944312e-15 -1.79836090304388e-14  1.79734663778302e-14   0.00144707117270661
  1.4974442592684e-05 -8.26263093206686e-05      1.99800342362933  -0.00619539197442707    0.0353456356937015 -6.39809183222525e-13  2.80077331388718e-13 -2.02020758783076e-14 -9.95316752027881e-14    0.0258766438640743
  4.6325069021748e-05 -0.000299029825534148  -0.00619539197442707      1.97568030577522     0.126771268828488 -1.51717925388902e-13 -2.04098226889086e-13  -1.4821719326505e-12  1.45367099780936e-12     0.121885600194748
  -0.0003365706355478   0.00133583786791498    0.0353456356937015     0.126771268828488     0.933818242013903  2.14932003205319e-12  9.21900796386499e-13  1.43899434270962e-12 -1.09714056591229e-12    -0.348984599537338
-2.94513254762162e-15 -5.16909090716466e-15 -6.39809183222525e-13 -1.51717925388902e-13  2.14932003205319e-12      1.09615033534056  9.20395248811936e-16  -0.00117208078043174   -0.0100354371860937 -7.35096201010586e-13
 1.17962256905179e-15  1.40695779944312e-15  2.80077331388718e-13 -2.04098226889086e-13  9.21900796386499e-13  9.20395248811936e-16      1.09615033534073   -0.0100354371860105    0.0011720807804243 -1.75381973092537e-12
 2.53317458619193e-15 -1.79836090304388e-14 -2.02020758783076e-14  -1.4821719326505e-12  1.43899434270962e-12  -0.00117208078043174   -0.0100354371860105     0.904063093629371  1.36215494739455e-15  2.70148154215052e-12
-1.87199146183822e-15  1.79734663778302e-14 -9.95316752027881e-14  1.45367099780936e-12 -1.09714056591229e-12   -0.0100354371860937    0.0011720807804243  1.36215494739455e-15     0.904063093629534 -3.37756128856087e-12
-0.000124644955654185   0.00144707117270661    0.0258766438640743     0.121885600194748    -0.348984599537338 -7.35096201010586e-13 -1.75381973092537e-12  2.70148154215052e-12 -3.37756128856087e-12       1.0920757652892
TOTAL ENERGY: -127.161929692876	 lambda: 0.6	 population of target: 7.01377908878613
1RDM: 
     1.99999976851648  6.73832586751218e-07  1.69851535776537e-05    5.392518333322e-05 -0.000365334867451381 -2.73038798565875e-15  1.24700343168283e-15  3.02051797842358e-15 -2.36499878477514e-15  -0.00016475558440461
 6.73832586751218e-07      1.99999583712923 -8.16106283615144e-05 -0.000294307466406553   0.00140025494954871 -4.48262741703663e-15  2.13303088448324e-15 -1.82744913001427e-14  1.83983581864779e-14   0.00136926098606064
 1.69851535776537e-05 -8.16106283615144e-05       1.9979567747312  -0.00600280345340187    0.0348426745356416 -6.18981331964016e-13  2.94613981766189e-13  5.57054756503688e-16 -1.19040274054688e-13    0.0226929836983705
   5.392518333322e-05 -0.000294307466406553  -0.00600280345340187       1.9753128752603     0.132692693072312 -1.20185205166776e-13 -1.60216844072604e-13 -1.53034724829425e-12  1.51079474402022e-12     0.119196552484901
-0.000365334867451381   0.00140025494954871    0.0348426745356416     0.132692693072312     0.918814908146436  2.13040683023234e-12  8.35968588176317e-13  1.59379923000563e-12  -1.2608137948914e-12    -0.349720231281577
-2.73038798565875e-15 -4.48262741703663e-15 -6.18981331964016e-13 -1.20185205166776e-13  2.13040683023234e-12       1.0970951053128 -6.24737026267004e-15  -0.00119099853925028   -0.0110413367088312   -8.318110264437e-13
 1.24700343168283e-15  2.13303088448324e-15  2.94613981766189e-13 -1.60216844072604e-13  8.35968588176317e-13 -6.24737026267004e-15      1.09709510531281   -0.0110413367087224    0.0011909985392451 -1.83912789635412e-12
 3.02051797842358e-15 -1.82744913001427e-14  5.57054756503688e-16 -1.53034724829425e-12  1.59379923000563e-12  -0.00119099853925028   -0.0110413367087224     0.903119632693106  7.56483245142546e-15  2.62478394386483e-12
-2.36499878477514e-15  1.83983581864779e-14 -1.19040274054688e-13  1.51079474402022e-12  -1.2608137948914e-12   -0.0110413367088312    0.0011909985392451  7.56483245142546e-15     0.903119632693118 -3.32521182441476e-12
 -0.00016475558440461   0.00136926098606064    0.0226929836983705     0.119196552484901    -0.349720231281577   -8.318110264437e-13 -1.83912789635412e-12  2.62478394386483e-12 -3.32521182441476e-12      1.10749036020454
TOTAL ENERGY: -127.147693594071	 lambda: 0.7	 population of target: 7.03559616991793
1RDM: 
     1.99999972221985  7.74126596829271e-07  1.94482554341807e-05  6.30986896334515e-05 -0.000405517588892372 -2.45271122162537e-15  1.29905851953616e-15   3.6682569874738e-15  -3.0207092020147e-15 -0.000215154277860605
 7.74126596829271e-07      1.99999602365128 -8.18030695942586e-05 -0.000287959317853264   0.00145706129478908 -3.70122939719834e-15  2.90400297146741e-15 -1.83886644756866e-14  1.86513395696235e-14   0.00127350232579103
 1.94482554341807e-05 -8.18030695942586e-05      1.99778498015777  -0.00577627781693264    0.0340520664456832 -5.95434258106114e-13  3.07123084134109e-13  2.69855890348162e-14 -1.45429210288167e-13    0.0194247483934372
 6.30986896334515e-05 -0.000287959317853264  -0.00577627781693264      1.97509965988636     0.139163135945098 -8.60424185256052e-14 -1.09357007229548e-13 -1.57970347403014e-12  1.56989051781131e-12     0.115950917604151
