TOTAL ENERGY: -126.595275841625	 lambda: -1	 population of target: 5.34682825325118
1RDM: 
       1.999997246419  9.23012705112042e-06 -7.59152012432935e-05  0.000413642548319639 -2.62450252386683e-05  4.66961178827442e-14  1.54448489707596e-13  1.79438964793265e-14 -5.75227719476009e-14  0.000916092470166127
 9.23012705112042e-06      1.99996165578609  0.000146565201120975  -0.00145915346394393 -0.000180862882346451   2.5894836173066e-14 -2.84858261176818e-14 -3.26258483038108e-14  1.25964920770056e-14 -0.000271196681133572
-7.59152012432935e-05  0.000146565201120975      1.99535666513016     0.010912315626315  -0.00131952205192594  4.69593649804139e-12  1.08187375114563e-11 -8.16402109949082e-12 -3.50036941026077e-12     0.075630479483341
 0.000413642548319639  -0.00145915346394393     0.010912315626315      1.93408795336388   0.00858990549931043 -3.18171171901448e-13   -1.933981678725e-11  1.50007027210056e-12 -2.39477443946312e-12    -0.136261013842221
-2.62450252386683e-05 -0.000180862882346451  -0.00131952205192594   0.00858990549931043      1.86877506124511 -4.45988507992527e-11  1.01224470551318e-10  1.87386189934578e-10  5.48574079242451e-11     0.223268270095715
 4.66961178827442e-14   2.5894836173066e-14  4.69593649804139e-12 -3.18171171901448e-13 -4.45988507992527e-11      1.51704839073634  -0.00481346371485082  -0.00529713704048762     0.472005301993509 -3.64099809384182e-11
 1.54448489707596e-13 -2.84858261176818e-14  1.08187375114563e-11   -1.933981678725e-11  1.01224470551318e-10  -0.00481346371485082      1.51699810402225    -0.472062243754351   0.00503276212561803 -1.86645988599188e-10
 1.79438964793265e-14 -3.26258483038108e-14 -8.16402109949082e-12  1.50007027210056e-12  1.87386189934578e-10  -0.00529713704048762    -0.472062243754351     0.504044759276827  -0.00481344886053551  9.59705721273518e-11
-5.75227719476009e-14  1.25964920770056e-14 -3.50036941026077e-12 -2.39477443946312e-12  5.48574079242451e-11     0.472005301993509   0.00503276212561803  -0.00481344886053551     0.503989076929344  5.40339239959768e-12
 0.000916092470166127 -0.000271196681133572     0.075630479483341    -0.136261013842221     0.223268270095715 -3.64099809384182e-11 -1.86645988599188e-10  9.59705721273518e-11  5.40339239959768e-12     0.159741087091082
TOTAL ENERGY: -126.757274500204	 lambda: -0.9	 population of target: 5.51759475174597
1RDM: 
      1.9999975438937  8.09209476807626e-06 -6.72625458990128e-05  0.000365351374422426  -6.3589441748228e-06  4.71571271027172e-14  1.44530813421782e-13  2.12002588758367e-14 -5.05556397468562e-14  0.000876035023093555
 8.09209476807626e-06      1.99996579281994  0.000114298745317219    -0.001283158360818 -0.000209908306050751  2.74255588097741e-14  2.16566781457735e-14 -6.14874829842771e-14 -2.23991173760296e-14  2.86341596753021e-05
-6.72625458990128e-05  0.000114298745317219      1.99541956227473   0.00964605059693394   0.00220891184935975  3.97424390813743e-12  1.17674540625996e-11 -7.52726863681154e-12  -2.6930962698897e-12    0.0780334933048461
 0.000365351374422426    -0.001283158360818   0.00964605059693394      1.94237379189729 -0.000325935030946144   -6.195024544005e-13 -1.52325254110125e-11  1.45001302643211e-12 -2.12211895540972e-12    -0.118260570732894
 -6.3589441748228e-06 -0.000209908306050751   0.00220891184935975 -0.000325935030946144      1.85646184445951 -4.17901530759284e-11  8.02384284013624e-11  1.83422811857464e-10  5.08909237693955e-11     0.125824906501703
 4.71571271027172e-14  2.74255588097741e-14  3.97424390813743e-12   -6.195024544005e-13 -4.17901530759284e-11      1.52537606298622  -0.00442999646113517  -0.00537937083753248     0.434400066302637 -2.31257464869515e-11
 1.44530813421782e-13  2.16566781457735e-14  1.17674540625996e-11 -1.52325254110125e-11  8.02384284013624e-11  -0.00442999646113517      1.52532978520136    -0.434457816489869   0.00513603048669216 -1.90099454205694e-10
 2.12002588758367e-14 -6.14874829842771e-14 -7.52726863681154e-12  1.45001302643211e-12  1.83422811857464e-10  -0.00537937083753248    -0.434457816489869     0.494180963451069   -0.0044299828102152  7.69138950878728e-11
-5.05556397468562e-14 -2.23991173760296e-14  -2.6930962698897e-12 -2.12211895540972e-12  5.08909237693955e-11     0.434400066302637   0.00513603048669216   -0.0044299828102152     0.494129727507274  4.59284715712697e-12
 0.000876035023093555  2.86341596753021e-05    0.0780334933048461    -0.118260570732894     0.125824906501703 -2.31257464869515e-11 -1.90099454205694e-10  7.69138950878728e-11  4.59284715712697e-12     0.166764925508938
TOTAL ENERGY: -126.905096374772	 lambda: -0.8	 population of target: 5.69128427930401
1RDM: 
     1.99999780016844  6.98658947385872e-06 -6.06333457007348e-05  0.000319745517665649  6.24939784113383e-06  4.13966441821317e-14  1.45959666120034e-13  1.73256740749315e-14 -4.91227031322389e-14  0.000840248320840579
 6.98658947385872e-06      1.99996986508262  7.99919327836849e-05  -0.00111597442332801 -0.000137662072189025  3.10916011494045e-14  5.73992364790901e-14 -2.79799481910389e-14 -1.40269567802378e-14  0.000330338875688679
-6.06333457007348e-05  7.99919327836849e-05      1.99528756219903   0.00814190077427704   0.00792897714518757  3.65492765460628e-12  1.19951195370076e-11 -7.68665783835141e-12 -2.90111484700711e-12    0.0780308287813697
 0.000319745517665649  -0.00111597442332801   0.00814190077427704      1.95036892284854  -0.00307857918765998  1.77332781827836e-12 -1.43767873060334e-11 -1.54887029490211e-13 -3.96363343440526e-12   -0.0963227593784408
 6.24939784113383e-06 -0.000137662072189025   0.00792897714518757  -0.00307857918765998      1.79742172304215 -3.82925815517658e-11  6.68098359749973e-11  1.76932434365047e-10  5.07223515371321e-11    0.0595618467147599
 4.13966441821317e-14  3.10916011494045e-14  3.65492765460628e-12  1.77332781827836e-12 -3.82925815517658e-11      1.51169221328426  -0.00401285585050675  -0.00523744510068322     0.393493711979221 -1.47071716859343e-11
 1.45959666120034e-13  5.73992364790901e-14  1.19951195370076e-11 -1.43767873060334e-11  6.68098359749973e-11  -0.00401285585050675      1.51165029188657    -0.393550113261344   0.00501701795939555 -1.81125859396951e-10
 1.73256740749315e-14 -2.79799481910389e-14 -7.68665783835141e-12 -1.54887029490211e-13  1.76932434365047e-10  -0.00523744510068322    -0.393550113261344     0.506085877970547  -0.00401284346897082  6.38122405119675e-11
-4.91227031322389e-14 -1.40269567802378e-14 -2.90111484700711e-12 -3.96363343440526e-12  5.07223515371321e-11     0.393493711979221   0.00501701795939555  -0.00401284346897082     0.506039462245834  4.68894689114748e-12
 0.000840248320840579  0.000330338875688679    0.0780308287813697   -0.0963227593784408    0.0595618467147599 -1.47071716859343e-11 -1.81125859396951e-10  6.38122405119675e-11  4.68894689114748e-12     0.221486281272023
TOTAL ENERGY: -127.008144229612	 lambda: -0.7	 population of target: 5.82818131599589
1RDM: 
     1.99999800302379  6.16756527230328e-06 -5.41733186417494e-05  0.000284093869508419  8.28322835661803e-06  3.81716560586989e-14  1.28470823229564e-13   2.1752218886314e-14 -4.63601330090779e-14  0.000787891390425454
 6.16756527230328e-06      1.99997295919167  5.39528488782862e-05 -0.000996123826351623 -2.00093538132051e-05   2.2410579994118e-14  1.03810463727665e-13 -8.12890375635529e-14  1.56408293268733e-16  0.000516325104728736
-5.41733186417494e-05  5.39528488782862e-05       1.9953142765685   0.00660329659410871     0.013052319693072  3.72678715374808e-12   1.3498329365099e-11 -4.69412479559853e-12 -3.17683659622974e-12    0.0728092118394982
 0.000284093869508419 -0.000996123826351623   0.00660329659410871      1.95624662905413  8.39002270698715e-05   3.5944636552134e-12 -5.57384301451816e-12  4.98203643182885e-12 -6.16359989245211e-12   -0.0776004521176714
 8.28322835661803e-06 -2.00093538132051e-05     0.013052319693072  8.39002270698715e-05      1.72839584503299 -3.82381141760259e-11  4.22895383467516e-11  1.39162155808039e-10  5.29989085706216e-11    0.0521993392876328
 3.81716560586989e-14   2.2410579994118e-14  3.72678715374808e-12   3.5944636552134e-12 -3.82381141760259e-11      1.48491054837935  -0.00354349776206552  -0.00496163329137519     0.347467442209952 -1.59682736910006e-11
 1.28470823229564e-13  1.03810463727665e-13   1.3498329365099e-11 -5.57384301451816e-12  4.22895383467516e-11  -0.00354349776206552      1.48487352180938    -0.347520922038656   0.00476698530020906  -1.7383529607485e-10
  2.1752218886314e-14 -8.12890375635529e-14 -4.69412479559853e-12  4.98203643182885e-12  1.39162155808039e-10  -0.00496163329137519    -0.347520922038656     0.530871139816566  -0.00354348683242145  4.71666086663129e-11
-4.63601330090779e-14  1.56408293268733e-16 -3.17683659622974e-12 -6.16359989245211e-12  5.29989085706216e-11     0.347467442209952   0.00476698530020906  -0.00354348683242145     0.530830145770687  6.79158512055308e-12
 0.000787891390425454  0.000516325104728736    0.0728092118394982   -0.0776004521176714    0.0521993392876328 -1.59682736910006e-11  -1.7383529607485e-10  4.71666086663129e-11  6.79158512055308e-12     0.288586931353014
TOTAL ENERGY: -127.071309700475	 lambda: -0.6	 population of target: 5.9249384595143
1RDM: 
     1.99999817920626  5.64051048953668e-06 -4.62559179150169e-05  0.000257571278385062 -6.77422135281044e-07  4.20536162501081e-14   1.3580113595761e-13   7.7682565246333e-15 -3.95426366827079e-14   0.00071261982380008
 5.64051048953668e-06      1.99997511902133  4.02375667244966e-05 -0.000918372486021815  6.04685008732476e-05  9.00978875762507e-15  9.72033551778346e-14  2.68828616844012e-14 -7.92627681902434e-15  0.000566584481502792
-4.62559179150169e-05  4.02375667244966e-05      1.99571364479836   0.00524903450741921    0.0152822779266461  3.61440450700008e-12  1.01171226110646e-11 -8.80326499520146e-12 -2.27866445546059e-12    0.0627480679612712
 0.000257571278385062 -0.000918372486021815   0.00524903450741921      1.96013971170552   0.00508567138787032  2.57818949870685e-12  -1.3488174096089e-11 -2.27675741105842e-12 -6.55109810503028e-12   -0.0654717844675874
-6.77422135281044e-07  6.04685008732476e-05    0.0152822779266461   0.00508567138787032       1.6865623509272  -3.7927945973257e-11  7.34679781570686e-11  1.77278892036118e-10  4.73098844750777e-11    0.0943584155118707
 4.20536162501081e-14  9.00978875762507e-15  3.61440450700008e-12  2.57818949870685e-12  -3.7927945973257e-11      1.45718071126184  -0.00298852171810991  -0.00467522925733578     0.293045006508818 -2.40787161500204e-11
  1.3580113595761e-13  9.72033551778346e-14  1.01171226110646e-11  -1.3488174096089e-11  7.34679781570686e-11  -0.00298852171810991      1.45714948908292    -0.293095545700762   0.00451107188137406 -1.51431850473634e-10
  7.7682565246333e-15  2.68828616844012e-14 -8.80326499520146e-12 -2.27675741105842e-12  1.77278892036118e-10  -0.00467522925733578    -0.293095545700762     0.556323541994306   -0.0029885124930669  6.32368560821137e-11
-3.95426366827079e-14 -7.92627681902434e-15 -2.27866445546059e-12 -6.55109810503028e-12  4.73098844750777e-11     0.293045006508818   0.00451107188137406   -0.0029885124930669     0.556288972449753  8.50149139776835e-12
  0.00071261982380008  0.000566584481502792    0.0627480679612712   -0.0654717844675874    0.0943584155118707 -2.40787161500204e-11 -1.51431850473634e-10  6.32368560821137e-11  8.50149139776835e-12     0.330668279552547
TOTAL ENERGY: -127.111871099929	 lambda: -0.5	 population of target: 5.99847776359979
1RDM: 
     1.99999835565546   5.2769681531283e-06 -3.70108275672757e-05  0.000235509545196706 -1.21705177794331e-05  4.64245457320825e-14  1.18844919137828e-13  1.67235091680336e-15  -2.7247538588138e-14  0.000614052189602381
  5.2769681531283e-06      1.99997679313453  3.58967762728389e-05 -0.000860579975562515  7.21861674178316e-05  7.29947904952078e-15  1.01012407880553e-13  1.73798065655048e-14 -3.47323153808092e-14  0.000523797057074844
-3.70108275672757e-05  3.58967762728389e-05      1.99641525480557   0.00413174050102421    0.0146214541652187  2.73524403057769e-12  8.79594810799071e-12 -9.20126984485146e-12  4.76945531555142e-13    0.0495042490264483
 0.000235509545196706 -0.000860579975562515   0.00413174050102421      1.96303101906404   0.00861881994162603 -1.52201469444267e-12 -1.23493955351916e-11 -2.17034125994128e-12  -3.1326633596755e-12   -0.0589940433740249
-1.21705177794331e-05  7.21861674178316e-05    0.0146214541652187   0.00861881994162603      1.68309500898771 -2.01943880973953e-11  8.39763322937425e-11  1.84833775712088e-10  5.90404703898197e-12     0.159199037450019
 4.64245457320825e-14  7.29947904952078e-15  2.73524403057769e-12 -1.52201469444267e-12 -2.01943880973953e-11      1.43192282879289  -0.00236058915627584  -0.00441315281974704     0.231465563660529 -2.89771881993659e-11
 1.18844919137828e-13  1.01012407880553e-13  8.79594810799071e-12 -1.23493955351916e-11  8.39763322937425e-11  -0.00236058915627584       1.4318981660408      -0.2315134122883   0.00428349171994769 -1.42535208829664e-10
 1.67235091680336e-15  1.73798065655048e-14 -9.20126984485146e-12 -2.17034125994128e-12  1.84833775712088e-10  -0.00441315281974704      -0.2315134122883     0.579071900202302  -0.00236057942901181  6.83300483339446e-11
 -2.7247538588138e-14 -3.47323153808092e-14  4.76945531555142e-13  -3.1326633596755e-12  5.90404703898197e-12     0.231465563660529   0.00428349171994769  -0.00236057942901181     0.579044593463165 -1.37876454056551e-12
 0.000614052189602381  0.000523797057074844    0.0495042490264483   -0.0589940433740249     0.159199037450019 -2.89771881993659e-11 -1.42535208829664e-10  6.83300483339446e-11 -1.37876454056551e-12     0.335546079853574
TOTAL ENERGY: -127.142748327008	 lambda: -0.4	 population of target: 6.06716931645726
1RDM: 
     1.99999854527773  4.93933447264162e-06  -2.7656106306707e-05  0.000213153604421764 -1.45212450921162e-05  4.40885657660301e-14  1.04886529220607e-13  8.57877720619588e-15 -1.66933126102715e-14  0.000490655463531223
 4.93933447264162e-06      1.99997835310169  3.49763173722673e-05 -0.000804773805841715  2.31826679857227e-05  1.66685146742653e-14  7.87008398383799e-14 -3.26421167501684e-14  -2.8319819460772e-14  0.000445852458068126
 -2.7656106306707e-05  3.49763173722673e-05      1.99720432231581   0.00317493606006323    0.0122462371295606  3.10281719367174e-12  9.65455770650896e-12 -6.58492276221081e-12  1.75863998786358e-12    0.0349460863774266
 0.000213153604421764 -0.000804773805841715   0.00317493606006323      1.96578065676811   0.00903013403377068 -1.89634956642153e-12 -5.74134397605442e-12   5.1113424827458e-12 -2.57140773835844e-12   -0.0554927002932507
-1.45212450921162e-05  2.31826679857227e-05    0.0122462371295606   0.00903013403377068      1.71246930754728 -2.08526971963802e-11  3.39055496271618e-11   1.0737510433692e-10 -1.55141085231089e-11     0.215699560518372
 4.40885657660301e-14  1.66685146742653e-14  3.10281719367174e-12 -1.89634956642153e-12 -2.08526971963802e-11      1.40917592343825  -0.00172451774355986  -0.00417659855723191     0.169094001449899 -3.79359227594455e-11
 1.04886529220607e-13  7.87008398383799e-14  9.65455770650896e-12 -5.74134397605442e-12  3.39055496271618e-11  -0.00172451774355986       1.4091579088633    -0.169139448041767   0.00408186935738171 -1.59367843282517e-10
 8.57877720619588e-15 -3.26421167501684e-14 -6.58492276221081e-12   5.1113424827458e-12   1.0737510433692e-10  -0.00417659855723191    -0.169139448041767     0.599311357890945  -0.00172451346416687  3.64150297858311e-11
-1.66933126102715e-14  -2.8319819460772e-14  1.75863998786358e-12 -2.57140773835844e-12 -1.55141085231089e-11     0.169094001449899   0.00408186935738171  -0.00172451346416687     0.599291411379173 -2.54885869824586e-12
 0.000490655463531223  0.000445852458068126    0.0349460863774266   -0.0554927002932507     0.215699560518372 -3.79359227594455e-11 -1.59367843282517e-10  3.64150297858311e-11 -2.54885869824586e-12     0.307632213417694
TOTAL ENERGY: -127.171445207656	 lambda: -0.3	 population of target: 6.14973799701266
1RDM: 
      1.9999987545921  4.49973432116229e-06 -1.92929834569445e-05  0.000186006503929482 -4.25823946441911e-06  4.72959469788054e-14  7.47466889657222e-14 -8.48582775469745e-15 -1.54961365046221e-14  0.000340778229986369
 4.49973432116229e-06      1.99998012540955  3.17731159769969e-05 -0.000736066505120179 -7.19448874175943e-05  1.70343304850282e-14   9.4703596101449e-14 -1.83001886399041e-14 -8.58433178389083e-15  0.000396044918399973
-1.92929834569445e-05  3.17731159769969e-05      1.99790416656198   0.00225894418565417   0.00901039517159591  5.05465575626667e-12  5.68783931264253e-12 -1.06117598989767e-11  9.80449327159876e-13    0.0209033216029448
 0.000186006503929482 -0.000736066505120179   0.00225894418565417      1.96911253613949   0.00555704307042316  1.86767949211556e-12  -1.1378588172621e-11 -3.21624937204636e-12 -7.03981674464065e-12   -0.0515803525429204
-4.25823946441911e-06 -7.19448874175943e-05   0.00901039517159591   0.00555704307042316      1.76198585918763 -7.04903864039211e-11  1.02960903644463e-10  2.16693827063079e-10  3.46071366879632e-11     0.235948194914838
 4.72959469788054e-14  1.70343304850282e-14  5.05465575626667e-12  1.86767949211556e-12 -7.04903864039211e-11      1.38850349360907  -0.00114430848910509  -0.00396141970984761     0.112195577118252 -5.78154672601182e-11
 7.47466889657222e-14   9.4703596101449e-14  5.68783931264253e-12  -1.1378588172621e-11  1.02960903644463e-10  -0.00114430848910509      1.38849154758439    -0.112238840673302   0.00389856383221295 -1.37975677148935e-10
-8.48582775469745e-15 -1.83001886399041e-14 -1.06117598989767e-11 -3.21624937204636e-12  2.16693827063079e-10  -0.00396141970984761    -0.112238840673302     0.617711907855676  -0.00114430509718585  7.50690401242573e-11
-1.54961365046221e-14 -8.58433178389083e-15  9.80449327159876e-13 -7.03981674464065e-12  3.46071366879632e-11     0.112195577118252   0.00389856383221295  -0.00114430509718585     0.617698679522358  2.56780846285295e-11
 0.000340778229986369  0.000396044918399973    0.0209033216029448   -0.0515803525429204     0.235948194914838 -5.78154672601182e-11 -1.37975677148935e-10  7.50690401242573e-11  2.56780846285295e-11     0.258612929537879
TOTAL ENERGY: -127.200617436593	 lambda: -0.2	 population of target: 6.26798361863464
1RDM: 
     1.99999898979781  3.83911797041491e-06 -1.22511226048223e-05  0.000150101509329361  7.02050404141114e-06  3.81944562279254e-14   6.1122973918429e-14  1.91207950656837e-15  2.13556807051557e-15  0.000168680983006804
 3.83911797041491e-06      1.99998251407615  2.28965533847261e-05 -0.000638215545009633 -0.000203455470046686    4.931481921816e-14  8.22573256986398e-14 -5.17776547398557e-14 -1.91406931392897e-14  0.000448594742572216
-1.22511226048223e-05  2.28965533847261e-05      1.99847068207756   0.00131423618260131   0.00499100433778269  4.75478036999984e-12  6.14202762233425e-12 -9.18302476017913e-12  3.23220734803513e-12   0.00938315282482971
 0.000150101509329361 -0.000638215545009633   0.00131423618260131      1.97375174153139  -0.00210033439037829  6.26452052356706e-13 -6.68732857643765e-12  1.04162548947942e-12 -3.90034498256903e-12   -0.0430011397487277
 7.02050404141114e-06 -0.000203455470046686   0.00499100433778269  -0.00210033439037829      1.81034022455027 -4.89364002945121e-11  4.26723305780632e-11  1.43476747315998e-10 -1.99484154262293e-11     0.200239403041201
 3.81944562279254e-14    4.931481921816e-14  4.75478036999984e-12  6.26452052356706e-13 -4.89364002945121e-11      1.36545431859443 -0.000651340647569511  -0.00372273620639649    0.0638535212882134  -4.3603586693299e-11
  6.1122973918429e-14  8.22573256986398e-14  6.14202762233425e-12 -6.68732857643765e-12  4.26723305780632e-11 -0.000651340647569511      1.36544751480488   -0.0638942975634702   0.00368695884983256 -1.60542353140799e-10
 1.91207950656837e-15 -5.17776547398557e-14 -9.18302476017913e-12  1.04162548947942e-12  1.43476747315998e-10  -0.00372273620639649   -0.0638942975634702     0.638819558717889 -0.000651338638299573  3.26350395029068e-11
 2.13556807051557e-15 -1.91406931392897e-14  3.23220734803513e-12 -3.90034498256903e-12 -1.99484154262293e-11    0.0638535212882134   0.00368695884983256 -0.000651338638299573      0.63881202526064  9.34538509172988e-12
 0.000168680983006804  0.000448594742572216   0.00938315282482971   -0.0430011397487277     0.200239403041201  -4.3603586693299e-11 -1.60542353140799e-10  3.26350395029068e-11  9.34538509172988e-12     0.208922430589048
TOTAL ENERGY: -127.225430364579	 lambda: -0.1	 population of target: 6.43598676965193
1RDM: 
     1.99999924532162  2.92315955606809e-06 -6.12968659788275e-06  0.000105831597826922  -3.0385807018968e-06   4.9318649969044e-14  2.83629891902363e-14 -1.02407136779475e-14   1.4064455548143e-15 -2.95242951800544e-06
 2.92315955606809e-06      1.99998580592896  8.76822277114634e-06 -0.000502832746562006 -0.000338830071838427  5.46295183165948e-14   1.2821671371706e-13 -5.93857334478444e-14 -1.79633693086324e-14  0.000670395675102008
-6.12968659788275e-06  8.76822277114634e-06      1.99895197124367  0.000421616434699031  0.000670591966074392  7.27451951440372e-12  4.17543787696596e-12  -1.1662635490288e-11  1.75995215519915e-12   0.00287793396617076
 0.000105831597826922 -0.000502832746562006  0.000421616434699031      1.97996181620791   -0.0125981589866017  5.42849106512656e-12 -7.43925479628357e-12 -4.37221790795963e-12 -8.75455227456686e-12   -0.0254314825383576
 -3.0385807018968e-06 -0.000338830071838427  0.000670591966074392   -0.0125981589866017      1.81907832332103 -1.10448864271797e-10  7.52692855912797e-11  2.12364427288883e-10   5.5116971568467e-11     0.107679620901848
  4.9318649969044e-14  5.46295183165948e-14  7.27451951440372e-12  5.42849106512656e-12 -1.10448864271797e-10      1.32952660429054 -0.000269028203419761  -0.00335391331203709    0.0263648073857558  -5.2700401150733e-11
 2.83629891902363e-14   1.2821671371706e-13  4.17543787696596e-12 -7.43925479628357e-12  7.52692855912797e-11 -0.000269028203419761      1.32952379417012   -0.0264016398702783   0.00333913538467349 -1.37164645428196e-10
-1.02407136779475e-14 -5.93857334478444e-14  -1.1662635490288e-11 -4.37221790795963e-12  2.12364427288883e-10  -0.00335391331203709   -0.0264016398702783     0.673170890416338 -0.000269027615508195  4.46138092484432e-11
  1.4064455548143e-15 -1.79633693086324e-14  1.75995215519915e-12 -8.75455227456686e-12   5.5116971568467e-11    0.0263648073857558   0.00333913538467349 -0.000269027615508195     0.673167778910381  4.45619949355922e-11
-2.95242951800544e-06  0.000670395675102008   0.00287793396617076   -0.0254314825383576     0.107679620901848  -5.2700401150733e-11 -1.37164645428196e-10  4.46138092484432e-11  4.45619949355922e-11     0.196633770189483
TOTAL ENERGY: -127.234974496623	 lambda: 0	 population of target: 6.62513937737304
1RDM: 
     1.99999947570155  1.96905692567907e-06 -7.61114337469214e-07  6.41907012916612e-05 -4.17996479608975e-05  4.88676627182326e-14  1.99349545235756e-14 -9.19248196663551e-15  1.52561918828294e-14 -0.000134576666100701
 1.96905692567907e-06      1.99998945573275  -5.7699795595396e-06 -0.000357572959868148 -0.000399824137769865   8.2496074716129e-14  1.66979494814708e-13 -7.61244665823317e-14 -3.94709823423528e-14    0.0010190279835081
-7.61114337469214e-07  -5.7699795595396e-06      1.99932715272668 -0.000205231950626671  -0.00168179865638328   7.2053326571862e-12   5.6857542642024e-12 -1.04391032336683e-11  3.09990933901517e-12    0.0021888497833115
 6.41907012916612e-05 -0.000357572959868148 -0.000205231950626671      1.98636115166281   -0.0211247325771842  5.25439401444013e-12 -2.11847849537229e-12 -2.57783350606943e-12 -6.78674181609951e-12 -0.000160741977075352
-4.17996479608975e-05 -0.000399824137769865  -0.00168179865638328   -0.0211247325771842      1.75599476549789 -7.78955566128142e-11  2.07641226711628e-11  1.44025159294855e-10  8.20381910742794e-12  -0.00268930144218627
 4.88676627182326e-14   8.2496074716129e-14   7.2053326571862e-12  5.25439401444013e-12 -7.78955566128142e-11      1.27673340985756 -2.86910211848673e-05  -0.00281467233505944   0.00279844325266414 -2.16965199075831e-11
 1.99349545235756e-14  1.66979494814708e-13   5.6857542642024e-12 -2.11847849537229e-12  2.07641226711628e-11 -2.86910211848673e-05      1.27673311007937  -0.00282941330670546   0.00281309632420354 -1.41060543803885e-10
-9.19248196663551e-15 -7.61244665823317e-14 -1.04391032336683e-11 -2.57783350606943e-12  1.44025159294855e-10  -0.00281467233505944  -0.00282941330670546     0.724843947890637 -2.86909958557043e-05  6.33386669212088e-12
 1.52561918828294e-14 -3.94709823423528e-14  3.09990933901517e-12 -6.78674181609951e-12  8.20381910742794e-12   0.00279844325266414   0.00281309632420354 -2.86909958557043e-05       0.7248436159748  2.49605804513899e-11
-0.000134576666100701    0.0010190279835081    0.0021888497833115 -0.000160741977075352  -0.00268930144218627 -2.16965199075831e-11 -1.41060543803885e-10  6.33386669212088e-12  2.49605804513899e-11     0.255173914876038
TOTAL ENERGY: -127.227897277887	 lambda: 0.1	 population of target: 6.77627729244404
1RDM: 
     1.99999962562887  1.29464772250709e-06  3.21679655337748e-06  3.77226208114555e-05 -8.63997994596918e-05  5.58378613022907e-14  1.18098304441147e-14 -1.42285085778408e-14  2.01074963010009e-14 -0.000213989997669287
 1.29464772250709e-06      1.99999231510484 -1.59539426312599e-05   -0.0002500395260648 -0.000351004410863027  8.33461703533921e-14  2.11603591985956e-13 -7.16315975491488e-14 -5.61032681328589e-14   0.00133236717078006
 3.21679655337748e-06 -1.59539426312599e-05      1.99950153470732 -0.000499772443889256 -0.000711471375057933  7.40408435115928e-12  6.74607026111711e-12 -9.66095168015249e-12   3.2651340365363e-12   0.00406142612202174
 3.77226208114555e-05   -0.0002500395260648 -0.000499772443889256      1.99087494346544   -0.0235967986323889  5.73108449544701e-12  1.50723608780723e-12 -2.41211959729608e-12 -7.07113514631835e-12    0.0238807888012476
-8.63997994596918e-05 -0.000351004410863027 -0.000711471375057933   -0.0235967986323889      1.65063523350224 -6.54094543026521e-11 -8.75513710129452e-13  1.13197049607431e-10    5.371172097588e-13    -0.081112947366444
 5.58378613022907e-14  8.33461703533921e-14  7.40408435115928e-12  5.73108449544701e-12 -6.54094543026521e-11      1.22308521334502  8.28213705952604e-05  -0.00226782290449195  -0.00813438029595282 -3.83400428504485e-12
 1.18098304441147e-14  2.11603591985956e-13  6.74607026111711e-12  1.50723608780723e-12 -8.75513710129452e-13  8.28213705952604e-05      1.22308607848817   0.00810939522906143   0.00227237224825496 -1.24135786731313e-10
-1.42285085778408e-14 -7.16315975491488e-14 -9.66095168015249e-12 -2.41211959729608e-12  1.13197049607431e-10  -0.00226782290449195   0.00810939522906143     0.777848870905396  8.28211140263856e-05  -1.0348640713772e-11
 2.01074963010009e-14 -5.61032681328589e-14   3.2651340365363e-12 -7.07113514631835e-12    5.371172097588e-13  -0.00813438029595282   0.00227237224825496  8.28211140263856e-05      0.77784982883063  1.98199938585597e-11
-0.000213989997669287   0.00133236717078006   0.00406142612202174    0.0238807888012476    -0.081112947366444 -3.83400428504485e-12 -1.24135786731313e-10  -1.0348640713772e-11  1.98199938585597e-11     0.357126356022041
TOTAL ENERGY: -127.21397465373	 lambda: 0.2	 population of target: 6.87180988221172
1RDM: 
     1.99999969603143  9.46496832289891e-07  5.72202676016639e-06  2.59500927017953e-05 -0.000118987698444767  6.22869743894979e-14  6.10226904520299e-15 -1.85064661485501e-14  2.25925511856409e-14 -0.000265434641180836
 9.46496832289891e-07      1.99999406434909 -2.14741379427005e-05 -0.000189273786282579 -0.000242947905326783  7.41159380344605e-14  2.44177611542298e-13 -5.81558339353815e-14 -6.42836341793858e-14   0.00152890094738149
 5.72202676016639e-06 -2.14741379427005e-05      1.99949989543564 -0.000597054856135509   0.00201956770875003  7.35225291723852e-12  7.35108222410595e-12 -9.02039308336487e-12  3.22194798838456e-12   0.00524063070782256
 2.59500927017953e-05 -0.000189273786282579 -0.000597054856135509      1.99326760473651   -0.0212209346675286  5.77800018381615e-12  3.98100353801328e-12  -2.1572867854337e-12 -7.49564261356787e-12    0.0411502411064977
-0.000118987698444767 -0.000242947905326783   0.00201956770875003   -0.0212209346675286      1.55523275045343 -5.62251359146627e-11 -8.94218974051476e-12   9.5157781097534e-11  9.69335554181561e-13    -0.122327416338244
 6.22869743894979e-14  7.41159380344605e-14  7.35225291723852e-12  5.77800018381615e-12 -5.62251359146627e-11      1.18338502503359  0.000124749565225453  -0.00186345834129412   -0.0122438856922032  3.80347778556409e-12
 6.10226904520299e-15  2.44177611542298e-13  7.35108222410595e-12  3.98100353801328e-12 -8.94218974051476e-12  0.000124749565225453      1.18338632818278    0.0122233384503127    0.0018703107914635 -1.06904298680587e-10
-1.85064661485501e-14 -5.81558339353815e-14 -9.02039308336487e-12  -2.1572867854337e-12   9.5157781097534e-11  -0.00186345834129412    0.0122233384503127     0.817231195197668  0.000124749178565085 -1.63931932168457e-11
 2.25925511856409e-14 -6.42836341793858e-14  3.22194798838456e-12 -7.49564261356787e-12  9.69335554181561e-13   -0.0122438856922032    0.0018703107914635  0.000124749178565085     0.817232638099197   1.5918314100417e-11
-0.000265434641180836   0.00152890094738149   0.00524063070782256    0.0411502411064977    -0.122327416338244  3.80347778556409e-12 -1.06904298680587e-10 -1.63931932168457e-11   1.5918314100417e-11       0.4507708024807
TOTAL ENERGY: -127.19979896296	 lambda: 0.3	 population of target: 6.92942904832895
1RDM: 
     1.99999971636769  8.05819343889822e-07   7.3048506077016e-06  2.26014037875019e-05 -0.000139634492560821  6.59764396756254e-14  5.68353430300215e-16 -2.11132197053228e-14  2.45322998601472e-14 -0.000310757864459267
 8.05819343889822e-07      1.99999506527459 -2.41120353137322e-05 -0.000157818000189558 -0.000123195647498914  5.89551011715789e-14  2.62636121986339e-13 -4.25982839652181e-14 -6.91586765211453e-14   0.00163010679938391
  7.3048506077016e-06 -2.41120353137322e-05      1.99940181983585 -0.000614024380802943   0.00488040614803374  7.16527386905652e-12  7.60181750206211e-12 -8.46815468661942e-12  3.17070094565984e-12   0.00497235154991749
 2.26014037875019e-05 -0.000157818000189558 -0.000614024380802943      1.99439815939315   -0.0166458206693781   5.3737893845091e-12  5.63626837775201e-12 -1.60759551878508e-12 -7.86848457548336e-12    0.0522672542732797
-0.000139634492560821 -0.000123195647498914   0.00488040614803374   -0.0166458206693781      1.48833976401735 -5.05040109431511e-11 -1.34011639897284e-11  8.33083119241465e-11  1.97454391742954e-12    -0.144186885897859
 6.59764396756254e-14  5.89551011715789e-14  7.16527386905652e-12   5.3737893845091e-12 -5.05040109431511e-11      1.15861819014142  0.000141596723518249  -0.00161121156868052   -0.0138946103303905  8.62502019544456e-12
 5.68353430300215e-16  2.62636121986339e-13  7.60181750206211e-12  5.63626837775201e-12 -1.34011639897284e-11  0.000141596723518249      1.15861966926567     0.013876834266705   0.00161898937088694 -9.46531149025074e-11
-2.11132197053228e-14 -4.25982839652181e-14 -8.46815468661942e-12 -1.60759551878508e-12  8.33083119241465e-11  -0.00161121156868052     0.013876834266705     0.841846986915359  0.000141596286713293 -1.96006240324618e-11
 2.45322998601472e-14 -6.91586765211453e-14  3.17070094565984e-12 -7.86848457548336e-12  1.97454391742954e-12   -0.0138946103303905   0.00161898937088694  0.000141596286713293      0.84184862466434  1.42231833352301e-11
-0.000310757864459267   0.00163010679938391   0.00497235154991749    0.0522672542732797    -0.144186885897859  8.62502019544456e-12 -9.46531149025074e-11 -1.96006240324618e-11  1.42231833352301e-11     0.516932004124585
TOTAL ENERGY: -127.186661225277	 lambda: 0.4	 population of target: 6.96727635787722
1RDM: 
     1.99999970707684  7.75716766861091e-07  8.42355518100889e-06   2.3345280684372e-05 -0.000153128650287584  6.78742183503363e-14 -5.94056358805798e-15 -2.27539870395921e-14  2.66384736448106e-14 -0.000359727764031046
 7.75716766861091e-07      1.99999566500516 -2.54628653954715e-05 -0.000140765356594001 -7.86342362277724e-06  4.31440483000393e-14  2.72030130760796e-13 -2.75983965071712e-14 -7.13754136888279e-14   0.00167106880364772
 8.42355518100889e-06 -2.54628653954715e-05      1.99924170945896   -0.0006035585567555   0.00725565039072152  6.91957989026862e-12  7.57109828765432e-12 -8.06139680376797e-12   3.1983989071112e-12   0.00350236264246959
  2.3345280684372e-05 -0.000140765356594001   -0.0006035585567555      1.99494395638587   -0.0112944127467253  4.75209248588926e-12   6.7315959281055e-12  -9.4275774517546e-13 -8.11647129716593e-12    0.0591654957146707
-0.000153128650287584 -7.86342362277724e-06   0.00725565039072152   -0.0112944127467253      1.44775566917542 -4.68466495788127e-11 -1.65141158716399e-11  7.63517437664297e-11  2.66794817900068e-12    -0.160174425616544
 6.78742183503363e-14  4.31440483000393e-14  6.91957989026862e-12  4.75209248588926e-12 -4.68466495788127e-11      1.14511222012001  0.000152885049666165  -0.00147353491217874   -0.0150008475281875  1.19062152910737e-11
-5.94056358805798e-15  2.72030130760796e-13  7.57109828765432e-12   6.7315959281055e-12 -1.65141158716399e-11  0.000152885049666165      1.14511381716538    0.0149845833394193   0.00148193288519514 -8.74741710331755e-11
-2.27539870395921e-14 -2.75983965071712e-14 -8.06139680376797e-12  -9.4275774517546e-13  7.63517437664297e-11  -0.00147353491217874    0.0149845833394193     0.855282841559424  0.000152884579451309 -2.18897901361631e-11
 2.66384736448106e-14 -7.13754136888279e-14   3.1983989071112e-12 -8.11647129716593e-12  2.66794817900068e-12   -0.0150008475281875   0.00148193288519514  0.000152884579451309     0.855284609877661  1.31253703837648e-11
-0.000359727764031046   0.00167106880364772   0.00350236264246959    0.0591654957146707    -0.160174425616544  1.19062152910737e-11 -8.74741710331755e-11 -2.18897901361631e-11  1.31253703837648e-11     0.557269804175325
TOTAL ENERGY: -127.17345647606	 lambda: 0.5	 population of target: 6.99669957024245
1RDM: 
      1.9999996765161   8.0495536373932e-07  9.33243234647539e-06  2.60416439922694e-05 -0.000163614477625035  6.86787648885696e-14 -1.39763247557044e-14 -2.40122273963802e-14  2.91454483149534e-14 -0.000416584648451075
  8.0495536373932e-07       1.9999960563644 -2.67881287411371e-05 -0.000130120610104146  0.000102080245681578  2.72528536740532e-14  2.75358475820138e-13 -1.33452559582825e-14 -7.18519563327792e-14     0.001672569249785
 9.33243234647539e-06 -2.67881287411371e-05      1.99900741474598 -0.000594112605697303   0.00900508733821733  6.66918974833972e-12  7.32669465416992e-12 -7.79855612433594e-12  3.29322929343554e-12   0.00110579823252371
 2.60416439922694e-05 -0.000130120610104146 -0.000594112605697303      1.99526110537381  -0.00564148727750209  4.00961960744543e-12  7.43343277263034e-12 -2.24880573469544e-13 -8.27939314918249e-12    0.0631312114247796
-0.000163614477625035  0.000102080245681578   0.00900508733821733  -0.00564148727750209      1.42818875180506 -4.50439702134254e-11 -1.95553562787315e-11  7.31865228782547e-11  3.28643933266602e-12    -0.177749101442445
 6.86787648885696e-14  2.72528536740532e-14  6.66918974833972e-12  4.00961960744543e-12 -4.50439702134254e-11      1.14004805508336   0.00016668175975491  -0.00142164800713785   -0.0163535338200624  1.48485553981176e-11
-1.39763247557044e-14  2.75358475820138e-13  7.32669465416992e-12  7.43343277263034e-12 -1.95553562787315e-11   0.00016668175975491       1.1400497987636    0.0163378364979622   0.00143080370022402 -8.44783212712032e-11
-2.40122273963802e-14 -1.33452559582825e-14 -7.79855612433594e-12 -2.24880573469544e-13  7.31865228782547e-11  -0.00142164800713785    0.0163378364979622     0.860320985345476  0.000166681245506042 -2.43744704027056e-11
 2.91454483149534e-14 -7.18519563327792e-14  3.29322929343554e-12 -8.27939314918249e-12  3.28643933266602e-12   -0.0163535338200624   0.00143080370022402  0.000166681245506042     0.860322915731838   1.2569768961111e-11
-0.000416584648451075     0.001672569249785   0.00110579823252371    0.0631312114247796    -0.177749101442445  1.48485553981176e-11 -8.44783212712032e-11 -2.43744704027056e-11   1.2569768961111e-11     0.576805240270426
TOTAL ENERGY: -127.157727232902	 lambda: 0.6	 population of target: 7.02526013835177
1RDM: 
     1.99999962544699   8.6835619190658e-07  1.01903553280672e-05  2.96105164056755e-05 -0.000174935807288791  6.89689448838001e-14 -2.39826593318273e-14 -2.54034186415609e-14  3.22179050288521e-14 -0.000484248030013993
  8.6835619190658e-07       1.9999963302543 -2.94403282401748e-05  -0.00012199249717702  0.000209802431067548  1.09915881273976e-14   2.7395264371538e-13  5.59785986672848e-16 -7.09800819404149e-14   0.00164313782245568
 1.01903553280672e-05 -2.94403282401748e-05      1.99864697919326 -0.000615170441382674    0.0100593922342936  6.43832010368909e-12  6.89841793146787e-12 -7.68359917572867e-12  3.45102611758826e-12   -0.0020831195092512
 2.96105164056755e-05  -0.00012199249717702 -0.000615170441382674      1.99552833033252   0.00024230834366146  3.16760675662703e-12  7.81775863779863e-12  5.35402725265235e-13 -8.37557550237134e-12    0.0647311412457223
-0.000174935807288791  0.000209802431067548    0.0100593922342936   0.00024230834366146      1.42618678857501 -4.48643208099697e-11 -2.33912686352494e-11  7.32226077845092e-11  3.99939140713815e-12    -0.202151124667153
 6.89689448838001e-14  1.09915881273976e-14  6.43832010368909e-12  3.16760675662703e-12 -4.48643208099697e-11      1.14225932367073  0.000187958018771901  -0.00144358455605617   -0.0184401230795649  1.82797125041526e-11
-2.39826593318273e-14   2.7395264371538e-13  6.89841793146787e-12  7.81775863779863e-12 -2.33912686352494e-11  0.000187958018771901      1.14226128710139     0.018424177935571   0.00145390894070079 -8.51628646166159e-11
-2.54034186415609e-14  5.59785986672848e-16 -7.68359917572867e-12  5.35402725265235e-13  7.32226077845092e-11  -0.00144358455605617     0.018424177935571     0.858115197669308  0.000187957438174663 -2.78088584948054e-11
 3.22179050288521e-14 -7.09800819404149e-14  3.45102611758826e-12 -8.37557550237134e-12  3.99939140713815e-12   -0.0184401230795649   0.00145390894070079  0.000187957438174663     0.858117371661115  1.24881335863132e-11
-0.000484248030013993   0.00164313782245568   -0.0020831195092512    0.0647311412457223    -0.202151124667153  1.82797125041526e-11 -8.51628646166159e-11 -2.78088584948054e-11  1.24881335863132e-11     0.578888766095431
TOTAL ENERGY: -127.134957802423	 lambda: 0.7	 population of target: 7.06015488563885
1RDM: 
     1.99999954926823  9.52358832033952e-07  1.11510105249912e-05  3.33183197191255e-05 -0.000192195502883656  6.94134921588087e-14 -3.65571688916476e-14 -2.76117054864252e-14  3.60502326885724e-14 -0.000565862026512486
 9.52358832033952e-07      1.99999651804811 -3.54478112630666e-05  -0.00011457599297108  0.000318188366694471 -6.08024740952943e-15  2.67861550981329e-13  1.44738811122052e-14 -6.87762513731521e-14   0.00158271339439726
 1.11510105249912e-05 -3.54478112630666e-05      1.99805043331985 -0.000712119637672225    0.0102382675061663  6.25088383255193e-12  6.28462511501562e-12 -7.74623053464085e-12  3.67787944890829e-12  -0.00604993809938725
 3.33183197191255e-05  -0.00011457599297108 -0.000712119637672225      1.99584087727206   0.00638500372021547  2.21865463663865e-12  7.88377087309455e-12  1.34440914183917e-12  -8.4055056891892e-12    0.0639650019174804
