TOTAL ENERGY: -126.636266648083	 lambda: -1	 population of target: 5.31299307462852
1RDM: 
       1.999991090221  1.17580150939058e-05 -0.000203026200648095  0.000566543076510767 -0.000288663433086919  2.40630439415157e-16   1.6891797675662e-16 -5.58195757319065e-16  4.91431805971892e-16  -0.00248825768798171
 1.17580150939058e-05      1.99996718479339  9.08773285496521e-05  -0.00130971183113747 -0.000380389853083796 -5.88410061050379e-16  2.30759496822776e-16  2.44702307867997e-17 -1.53785966178078e-16 -0.000841184299359172
-0.000203026200648095  9.08773285496521e-05      1.99167351389504   0.00730408869246233  -0.00533070444084387  1.56047591297347e-13 -8.17524828589562e-15 -1.15479229646403e-13  2.41682721900116e-13    -0.110706579682831
 0.000566543076510767  -0.00130971183113747   0.00730408869246233      1.94365036506167  -0.00958556284891906 -1.34997524264579e-13   5.1547884292604e-15  4.71307697916744e-14 -2.13764930186392e-13    0.0187647702418821
-0.000288663433086919 -0.000380389853083796  -0.00533070444084387  -0.00958556284891906      1.87490311265131 -1.42415804186261e-12  1.94379877833499e-13  1.04718329312141e-12 -2.37129676988137e-12    -0.204803006395998
 2.40630439415157e-16 -5.88410061050379e-16  1.56047591297347e-13 -1.34997524264579e-13 -1.42415804186261e-12      1.33762935413903 -7.28804796726135e-08 -6.59025606472129e-08    -0.699517925600013  1.33431018030545e-13
  1.6891797675662e-16  2.30759496822776e-16 -8.17524828589562e-15   5.1547884292604e-15  1.94379877833499e-13 -7.28804796726135e-08      1.72187003039425    -0.301548258082816 -7.95705246091454e-08  1.70936710867551e-13
-5.58195757319065e-16  2.44702307867997e-17 -1.15479229646403e-13  4.71307697916744e-14  1.04718329312141e-12 -6.59025606472129e-08    -0.301548258082816     0.300794886458634   6.7640234442455e-08 -1.84490961479314e-13
 4.91431805971892e-16 -1.53785966178078e-16  2.41682721900116e-13 -2.13764930186392e-13 -2.37129676988137e-12    -0.699517925600013 -7.95705246091454e-08   6.7640234442455e-08     0.685035562598768  3.84353146949658e-13
 -0.00248825768798171 -0.000841184299359172    -0.110706579682831    0.0187647702418821    -0.204803006395998  1.33431018030545e-13  1.70936710867551e-13 -1.84490961479314e-13  3.84353146949658e-13     0.144484899786946
TOTAL ENERGY: -126.763362228528	 lambda: -0.9	 population of target: 5.44693100895492
1RDM: 
     1.99999198412068  1.06549359896429e-05 -0.000177079366718094  0.000506225788928632  -0.00022697903844001  1.55625415400205e-16  1.49178820796956e-16 -4.86343006471991e-16  3.36231697183798e-16  -0.00230276131432336
 1.06549359896429e-05      1.99996952028062  7.17266665311662e-05  -0.00121454019887369 -0.000386802142078169 -6.04734247518909e-16  2.35984895389749e-16  3.20768448793719e-19 -1.01989156144729e-16 -0.000907625994115736
-0.000177079366718094  7.17266665311662e-05       1.9926183685877   0.00596389063067434  -0.00344142732618621   1.5670835800777e-13 -9.98060181701826e-15 -1.11102749486323e-13  2.31591763014972e-13    -0.105078302659411
 0.000506225788928632  -0.00121454019887369   0.00596389063067434      1.94793804165999   -0.0122562566547025 -1.32505042115278e-13   5.8433066263681e-15  4.12836792991809e-14 -1.98528772142141e-13   0.00927357794599954
 -0.00022697903844001 -0.000386802142078169  -0.00344142732618621   -0.0122562566547025      1.88226202012243 -1.45528400408018e-12   2.0182576685389e-13   1.0319221653572e-12 -2.32996698025154e-12    -0.149558228925342
 1.55625415400205e-16 -6.04734247518909e-16   1.5670835800777e-13 -1.32505042115278e-13 -1.45528400408018e-12      1.29387527484517  -7.7137586468227e-08 -5.42705902371389e-08    -0.697273452028204  1.05691780482366e-13
 1.49178820796956e-16  2.35984895389749e-16 -9.98060181701826e-15   5.8433066263681e-15   2.0182576685389e-13  -7.7137586468227e-08      1.68764802105773    -0.328626732731209 -8.05189773414473e-08  1.61880516521265e-13
-4.86343006471991e-16  3.20768448793719e-19 -1.11102749486323e-13  4.12836792991809e-14   1.0319221653572e-12 -5.42705902371389e-08    -0.328626732731209     0.333436187807366  6.70505495236222e-08 -1.53409068791683e-13
 3.36231697183798e-16 -1.01989156144729e-16  2.31591763014972e-13 -1.98528772142141e-13 -2.32996698025154e-12    -0.697273452028204 -8.05189773414473e-08  6.70505495236222e-08     0.727208933945893  3.06558061031608e-13
 -0.00230276131432336 -0.000907625994115736    -0.105078302659411   0.00927357794599954    -0.149558228925342  1.05691780482366e-13  1.61880516521265e-13 -1.53409068791683e-13  3.06558061031608e-13     0.135051647572497
TOTAL ENERGY: -126.886130852102	 lambda: -0.8	 population of target: 5.5913872233291
1RDM: 
     1.99999280119265  9.47528691306079e-06 -0.000153193526508702  0.000444204235504253 -0.000196976176557707  8.61231018541951e-17  1.36878389728443e-16 -4.33756183082655e-16  2.35767961194234e-16  -0.00211360277956538
 9.47528691306079e-06      1.99997204149389  5.14279787330608e-05  -0.00111423694498621 -0.000387767792101396 -6.12533716052949e-16   2.3676258545714e-16 -3.01732547701519e-17 -3.97886909129985e-17  -0.00100367880417251
-0.000153193526508702  5.14279787330608e-05       1.9933267650664   0.00463964690092887 -0.000776186050801699  1.56284861680783e-13 -1.15193194421512e-14 -1.06012388754191e-13  2.19752379537172e-13   -0.0999123349368564
 0.000444204235504253  -0.00111423694498621   0.00463964690092887      1.95233758625437   -0.0146190595866413 -1.28252994838659e-13  6.25823167992248e-15  3.60637314620351e-14 -1.83164196069943e-13  -0.00237486215607476
-0.000196976176557707 -0.000387767792101396 -0.000776186050801699   -0.0146190595866413      1.86764930549254 -1.46297795326642e-12  2.08672539877664e-13  9.99239258257065e-13 -2.24838216402814e-12    -0.093722612969377
 8.61231018541951e-17 -6.12533716052949e-16  1.56284861680783e-13 -1.28252994838659e-13 -1.46297795326642e-12      1.25232336949239 -7.97140261133032e-08 -4.44735707315429e-08    -0.687346188522225  7.48320553795831e-14
 1.36878389728443e-16   2.3676258545714e-16 -1.15193194421512e-14  6.25823167992248e-15  2.08672539877664e-13 -7.97140261133032e-08      1.64991153815759    -0.348494353979345 -7.94162282579783e-08  1.50329243020761e-13
-4.33756183082655e-16 -3.01732547701519e-17 -1.06012388754191e-13  3.60637314620351e-14  9.99239258257065e-13 -4.44735707315429e-08    -0.348494353979345     0.369509206682972  6.63232578533764e-08 -1.18009622326932e-13
 2.35767961194234e-16 -3.97886909129985e-17  2.19752379537172e-13 -1.83164196069943e-13 -2.24838216402814e-12    -0.687346188522225 -7.94162282579783e-08  6.63232578533764e-08     0.767097375298869  2.19494073257619e-13
 -0.00211360277956538  -0.00100367880417251   -0.0999123349368564  -0.00237486215607476    -0.093722612969377  7.48320553795831e-14  1.50329243020761e-13 -1.18009622326932e-13  2.19494073257619e-13     0.147880010868345
TOTAL ENERGY: -126.989732796629	 lambda: -0.7	 population of target: 5.72936411120439
1RDM: 
     1.99999349681971  8.39213234794681e-06 -0.000130381365692271   0.00038723018513401 -0.000205465151729853  3.86591185473051e-17  1.33384735079797e-16 -4.13869798963171e-16  2.13970574973884e-16  -0.00193533139459985
 8.39213234794681e-06      1.99997445059457  3.41294731410488e-05  -0.00102137279765543 -0.000381461466862189  -6.1057640843204e-16   2.3444503801618e-16 -5.38664591406284e-17  2.00430424193371e-17  -0.00110790758050755
-0.000130381365692271  3.41294731410488e-05      1.99395168580497   0.00343431789140055   0.00207156856009371  1.54459889172773e-13  -1.2682119603032e-14 -1.00445712868784e-13  2.06561269271421e-13   -0.0935819733212851
  0.00038723018513401  -0.00102137279765543   0.00343431789140055       1.9563243513412   -0.0160865567091673  -1.2233452200061e-13  6.01023213170764e-15  3.08000665000106e-14 -1.68555952001224e-13   -0.0154567215505797
-0.000205465151729853 -0.000381461466862189   0.00207156856009371   -0.0160865567091673        1.835994416871  -1.4426235879742e-12  2.13576577217352e-13  9.49328216155379e-13 -2.12637301091851e-12   -0.0565946091087949
 3.86591185473051e-17  -6.1057640843204e-16  1.54459889172773e-13  -1.2233452200061e-13  -1.4426235879742e-12      1.21184904586545 -8.05822883699813e-08 -3.44239302018547e-08    -0.668596238684366  4.88543299223101e-14
 1.33384735079797e-16   2.3444503801618e-16  -1.2682119603032e-14  6.01023213170764e-15  2.13576577217352e-13 -8.05822883699813e-08      1.60705894739709    -0.361048186299134 -7.79487698881054e-08  1.40951931620914e-13
-4.13869798963171e-16 -5.38664591406284e-17 -1.00445712868784e-13  3.08000665000106e-14  9.49328216155379e-13 -3.44239302018547e-08    -0.361048186299134     0.410590940023735  6.38765811441228e-08 -9.40894448739956e-14
 2.13970574973884e-16  2.00430424193371e-17  2.06561269271421e-13 -1.68555952001224e-13 -2.12637301091851e-12    -0.668596238684366 -7.79487698881054e-08  6.38765811441228e-08     0.805800841269948  1.62203484099711e-13
 -0.00193533139459985  -0.00110790758050755   -0.0935819733212851   -0.0154567215505797   -0.0565946091087949  4.88543299223101e-14  1.40951931620914e-13 -9.40894448739956e-14  1.62203484099711e-13     0.178461824012362
TOTAL ENERGY: -127.068093356552	 lambda: -0.6	 population of target: 5.84967355315918
1RDM: 
     1.99999408878586  7.50607998021091e-06  -0.00010790113236545  0.000338789115218144 -0.000236975353103859   8.4925770466216e-18  1.35879291383814e-16 -4.13914448389347e-16  2.45668346190595e-16  -0.00177754387054712
 7.50607998021091e-06      1.99997653668027  2.22910142798779e-05 -0.000943095615270418 -0.000373571903981222 -6.11730489614066e-16  2.29665474975784e-16 -7.62909572965587e-17  7.88010006958108e-17   -0.0011958392552423
 -0.00010790113236545  2.22910142798779e-05      1.99463623400743   0.00242533186408172   0.00426814558230177  1.51686389418091e-13  -1.3578507170745e-14 -9.46721226659422e-14  1.92933290004411e-13   -0.0849542112990086
 0.000338789115218144 -0.000943095615270418   0.00242533186408172      1.95963818463069    -0.016719995540041  -1.1578233616082e-13  5.31596487630189e-15  2.60692247931818e-14 -1.54805851732519e-13    -0.028700029939374
-0.000236975353103859 -0.000373571903981222   0.00426814558230177    -0.016719995540041      1.80330108816883 -1.40305534325007e-12  2.16573087844324e-13  8.90601738838946e-13 -1.98472563822999e-12   -0.0473652042477797
  8.4925770466216e-18 -6.11730489614066e-16  1.51686389418091e-13  -1.1578233616082e-13 -1.40305534325007e-12       1.1693340502337 -8.10257146096495e-08 -2.42788098626575e-08    -0.644161820339102  3.35812606613637e-14
 1.35879291383814e-16  2.29665474975784e-16  -1.3578507170745e-14  5.31596487630189e-15  2.16573087844324e-13 -8.10257146096495e-08      1.55886738464832     -0.37069338325367 -7.56468542755914e-08  1.37403105452386e-13
-4.13914448389347e-16 -7.62909572965587e-17 -9.46721226659422e-14  2.60692247931818e-14  8.90601738838946e-13 -2.42788098626575e-08     -0.37069338325367     0.456863917859205  6.13101661002171e-08 -9.11949116709334e-14
 2.45668346190595e-16  7.88010006958108e-17  1.92933290004411e-13 -1.54805851732519e-13 -1.98472563822999e-12    -0.644161820339102 -7.56468542755914e-08  6.13101661002171e-08     0.846397252181184   1.5924576645369e-13
 -0.00177754387054712   -0.0011958392552423   -0.0849542112990086    -0.028700029939374   -0.0473652042477797  3.35812606613637e-14  1.37403105452386e-13 -9.11949116709334e-14   1.5924576645369e-13     0.210991262804556
TOTAL ENERGY: -127.125398195593	 lambda: -0.5	 population of target: 5.95367650828518
1RDM: 
     1.99999464413677  6.79260437411048e-06 -8.55152197940902e-05   0.00029729352950464 -0.000267013959143282 -1.61575822693933e-17  1.38609065760091e-16 -4.15584159195168e-16  2.84835295228444e-16  -0.00163654704718441
 6.79260437411048e-06      1.99997830520135  1.55261117955747e-05 -0.000877127426396042 -0.000372485468001708 -6.21521002321631e-16  2.25139988386171e-16 -1.01617633174409e-16  1.45651919429305e-16  -0.00125550009048599
-8.55152197940902e-05  1.55261117955747e-05      1.99543588307807   0.00162529224548149   0.00525693061346618  1.48526746843523e-13 -1.43117141595505e-14 -8.89943156148308e-14  1.79684324305379e-13   -0.0736779518122387
  0.00029729352950464 -0.000877127426396042   0.00162529224548149      1.96241764098663   -0.0171037609830202 -1.09208276858003e-13  4.40731414359094e-15  2.13971797858538e-14 -1.40862124938467e-13   -0.0413109743022092
-0.000267013959143282 -0.000372485468001708   0.00525693061346618   -0.0171037609830202      1.78455951243334 -1.35675111896271e-12  2.16728142608738e-13  8.33740183011492e-13 -1.84905018565615e-12   -0.0619691432715743
-1.61575822693933e-17 -6.21521002321631e-16  1.48526746843523e-13 -1.09208276858003e-13 -1.35675111896271e-12      1.12196950565358 -8.15481674921985e-08 -1.29564269592105e-08     -0.61684519785168  3.03591442203195e-14
 1.38609065760091e-16  2.25139988386171e-16 -1.43117141595505e-14  4.40731414359094e-15  2.16728142608738e-13 -8.15481674921985e-08      1.50511802232496    -0.381375572060671 -7.30705493395457e-08  1.40063397955774e-13
-4.15584159195168e-16 -1.01617633174409e-16 -8.89943156148308e-14  2.13971797858538e-14  8.33740183011492e-13 -1.29564269592105e-08    -0.381375572060671     0.508498074359959  5.84700046578882e-08 -1.09232421127575e-13
 2.84835295228444e-16  1.45651919429305e-16  1.79684324305379e-13 -1.40862124938467e-13 -1.84905018565615e-12     -0.61684519785168 -7.30705493395457e-08  5.84700046578882e-08     0.891646591030002  2.09981352898516e-13
 -0.00163654704718441  -0.00125550009048599   -0.0736779518122387   -0.0413109743022092   -0.0619691432715743  3.03591442203195e-14  1.40063397955774e-13 -1.09232421127575e-13  2.09981352898516e-13     0.230381820795425
TOTAL ENERGY: -127.169221357319	 lambda: -0.4	 population of target: 6.05105129496107
1RDM: 
     1.99999523901275  6.15683007015972e-06 -6.35772299352806e-05  0.000258702537250183 -0.000274730722946046 -4.77204401342784e-17  1.35944971680318e-16 -4.00797198868425e-16  2.85146035862606e-16  -0.00149513623213613
 6.15683007015972e-06       1.9999799007115  1.13862193713612e-05 -0.000816175225219188 -0.000382419646184509 -6.38979241995179e-16  2.21653234238641e-16 -1.32219320030309e-16  2.26792802687561e-16  -0.00128678351460342
-6.35772299352806e-05  1.13862193713612e-05      1.99629730882404  0.000990682363233188   0.00498464438638651  1.45067980643622e-13 -1.48577640631287e-14 -8.35185316264427e-14  1.67067566739615e-13   -0.0600206839652293
 0.000258702537250183 -0.000816175225219188  0.000990682363233188      1.96498308960348   -0.0178173919303311 -1.02489243720418e-13  3.40683881054243e-15   1.6385870792636e-14 -1.25789203341642e-13   -0.0531593444002941
-0.000274730722946046 -0.000382419646184509   0.00498464438638651   -0.0178173919303311       1.7862734920794  -1.3102886914787e-12  2.11940099655276e-13  7.86118075700811e-13 -1.73787917752031e-12    -0.087027312615705
-4.77204401342784e-17 -6.38979241995179e-16  1.45067980643622e-13 -1.02489243720418e-13  -1.3102886914787e-12      1.07000872768616  -8.2092401604749e-08 -5.00206037314392e-10    -0.586794450975392  3.68998773178678e-14
 1.35944971680318e-16  2.21653234238641e-16 -1.48577640631287e-14  3.40683881054243e-15  2.11940099655276e-13  -8.2092401604749e-08      1.44609999466609    -0.393039996145958 -7.03325173924265e-08  1.46033239116776e-13
-4.00797198868425e-16 -1.32219320030309e-16 -8.35185316264427e-14   1.6385870792636e-14  7.86118075700811e-13 -5.00206037314392e-10    -0.393039996145958     0.565218262610413  5.53232633864255e-08 -1.39515371809127e-13
 2.85146035862606e-16  2.26792802687561e-16  1.67067566739615e-13 -1.25789203341642e-13 -1.73787917752031e-12    -0.586794450975392 -7.03325173924265e-08  5.53232633864255e-08     0.941309529974723  2.92208266571318e-13
 -0.00149513623213613  -0.00128678351460342   -0.0600206839652293   -0.0531593444002941    -0.087027312615705  3.68998773178678e-14  1.46033239116776e-13 -1.39515371809127e-13  2.92208266571318e-13      0.22983445483151
TOTAL ENERGY: -127.205253153539	 lambda: -0.3	 population of target: 6.15428918574903
1RDM: 
     1.99999592621056   5.4850053621506e-06  -4.3110689773422e-05  0.000218836121765973 -0.000250589502029131 -9.55118480290602e-17     1.33714783914e-16 -3.49505649524383e-16  2.15716289273265e-16  -0.00132768268808687
  5.4850053621506e-06      1.99998149952833   6.3883433127614e-06 -0.000752867216831761 -0.000404446782502954 -6.57031942226432e-16  2.17780282601498e-16 -1.79220046695022e-16   3.2569016620316e-16  -0.00129802475072965
 -4.3110689773422e-05   6.3883433127614e-06      1.99709851106179    0.0004309147814482   0.00364230408419869  1.41053676738514e-13 -1.50659581132192e-14 -7.76998710872314e-14  1.55355628286961e-13   -0.0448223488866626
 0.000218836121765973 -0.000752867216831761    0.0004309147814482      1.96761374146627   -0.0191898470439365 -9.50200889524452e-14  2.13299677114774e-15  1.26346544116887e-14 -1.09402243808461e-13   -0.0645644478002525
-0.000250589502029131 -0.000404446782502954   0.00364230408419869   -0.0191898470439365      1.80542601078476 -1.26401389556369e-12  1.95973155417469e-13  7.43798551002495e-13 -1.66004847263699e-12    -0.104323152672446
-9.55118480290602e-17 -6.57031942226432e-16  1.41053676738514e-13 -9.50200889524452e-14 -1.26401389556369e-12      1.01729668164668 -8.20822694203265e-08  1.20583610506156e-08    -0.552314016495861  4.82289209230495e-14
    1.33714783914e-16  2.17780282601498e-16 -1.50659581132192e-14  2.13299677114774e-15  1.95973155417469e-13 -8.20822694203265e-08      1.38355099415221     -0.40189218464357 -6.70486322403358e-08   1.5086810804839e-13
-3.49505649524383e-16 -1.79220046695022e-16 -7.76998710872314e-14  1.26346544116887e-14  7.43798551002495e-13  1.20583610506156e-08     -0.40189218464357     0.625401165455052  5.17515912217877e-08 -1.67849955214946e-13
 2.15716289273265e-16   3.2569016620316e-16  1.55355628286961e-13 -1.09402243808461e-13 -1.66004847263699e-12    -0.552314016495861 -6.70486322403358e-08  5.17515912217877e-08     0.991655479028251  3.69496374691021e-13
 -0.00132768268808687  -0.00129802475072965   -0.0448223488866626   -0.0645644478002525    -0.104323152672446  4.82289209230495e-14   1.5086810804839e-13 -1.67849955214946e-13  3.69496374691021e-13     0.211979990666146
TOTAL ENERGY: -127.235209942715	 lambda: -0.2	 population of target: 6.27483398304228
1RDM: 
     1.99999670728824  4.67114434871735e-06 -2.57451339059095e-05  0.000174486946034064 -0.000203767219144032 -1.60957595979567e-16  1.27274194396988e-16 -2.73138981156889e-16  8.00223857401986e-17  -0.00111041138429552
 4.67114434871735e-06      1.99998325227979 -2.63689703506628e-06  -0.00068256039355429 -0.000442376159170269 -6.61867146930095e-16    2.182899064807e-16 -2.43646465082132e-16  4.55145678331688e-16  -0.00130737591225409
-2.57451339059095e-05 -2.63689703506628e-06      1.99772593857862 -0.000164258714739725   0.00131319908248559   1.3622159982138e-13 -1.45551454681999e-14 -7.19947731484243e-14  1.45481227046201e-13   -0.0295942593343685
 0.000174486946034064  -0.00068256039355429 -0.000164258714739725      1.97040978856345   -0.0214277878481335 -8.58771199395593e-14  2.35695714515875e-17  9.34733728373088e-15 -9.18571049096045e-14   -0.0761967690741907
-0.000203767219144032 -0.000442376159170269   0.00131319908248559   -0.0214277878481335        1.829670631047 -1.21233300548054e-12   1.6831599873339e-13  7.07552830286553e-13 -1.61033999182259e-12   -0.0965571771968869
-1.60957595979567e-16 -6.61867146930095e-16   1.3622159982138e-13 -8.58771199395593e-14 -1.21233300548054e-12     0.969927991934308  -8.0326590640907e-08  2.26549103471928e-08    -0.510738022465277  5.77949208363467e-14
 1.27274194396988e-16    2.182899064807e-16 -1.45551454681999e-14  2.35695714515875e-17   1.6831599873339e-13  -8.0326590640907e-08      1.32023983308103    -0.401933024474983 -6.23807570476671e-08  1.48071542984429e-13
-2.73138981156889e-16 -2.43646465082132e-16 -7.19947731484243e-14  9.34733728373088e-15  7.07552830286553e-13  2.26549103471928e-08    -0.401933024474983     0.686457215197982   4.7665138329179e-08  -1.7844529568259e-13
 8.00223857401986e-17  4.55145678331688e-16  1.45481227046201e-13 -9.18571049096045e-14 -1.61033999182259e-12    -0.510738022465277 -6.23807570476671e-08   4.7665138329179e-08      1.03676905641672  4.02281816286737e-13
 -0.00111041138429552  -0.00130737591225409   -0.0295942593343685   -0.0761967690741907   -0.0965571771968869  5.77949208363467e-14  1.48071542984429e-13  -1.7844529568259e-13  4.02281816286737e-13     0.188819585612966
TOTAL ENERGY: -127.256328751649	 lambda: -0.1	 population of target: 6.41666515575609
1RDM: 
     1.99999750701135  3.67372109986318e-06  -1.3093636496545e-05  0.000125563148343819 -0.000164546897402069 -2.32620265874598e-16  8.43831290579197e-17 -2.17850426016927e-16 -7.11995095153234e-17 -0.000838291317442408
 3.67372109986318e-06      1.99998522410891 -1.62545881466904e-05 -0.000605869934781459  -0.00050157883445111 -6.35772814236978e-16  2.14430615592173e-16 -2.77382084959861e-16   6.3525710091353e-16   -0.0013395810058681
 -1.3093636496545e-05 -1.62545881466904e-05      1.99814717623848 -0.000835918116374601  -0.00192299014493345  1.30506523263911e-13 -1.27892806590104e-14  -7.0938546202602e-14  1.38638915638093e-13   -0.0164059894537908
 0.000125563148343819 -0.000605869934781459 -0.000835918116374601      1.97318243940133   -0.0246667053952862 -7.41845349255861e-14 -3.66653110716509e-16 -1.07592409066358e-15 -7.35039435897637e-14   -0.0887621059324535
-0.000164546897402069  -0.00050157883445111  -0.00192299014493345   -0.0246667053952862      1.83913473589647 -1.14449940324857e-12  1.49435675226011e-13  6.99710397003085e-13 -1.56548971064137e-12    -0.056268415225874
-2.32620265874598e-16 -6.35772814236978e-16  1.30506523263911e-13 -7.41845349255861e-14 -1.14449940324857e-12     0.934251101785823 -7.61525365609419e-08  3.04614632941017e-08    -0.459644028065347  5.98135523501643e-14
 8.43831290579197e-17  2.14430615592173e-16 -1.27892806590104e-14 -3.66653110716509e-16  1.49435675226011e-13 -7.61525365609419e-08      1.25928753711688    -0.387176778474299 -5.69340319648258e-08  1.33175783755334e-13
-2.17850426016927e-16 -2.77382084959861e-16  -7.0938546202602e-14 -1.07592409066358e-15  6.99710397003085e-13  3.04614632941017e-08    -0.387176778474299     0.745451455947226  4.26098337411839e-08 -1.61156882666112e-13
-7.11995095153234e-17   6.3525710091353e-16  1.38638915638093e-13 -7.35039435897637e-14 -1.56548971064137e-12    -0.459644028065347 -5.69340319648258e-08  4.26098337411839e-08      1.07048789181103  3.65644693794898e-13
-0.000838291317442408   -0.0013395810058681   -0.0164059894537908   -0.0887621059324535    -0.056268415225874  5.98135523501643e-14  1.33175783755334e-13 -1.61156882666112e-13  3.65644693794898e-13     0.180074930682521
TOTAL ENERGY: -127.263903601425	 lambda: 0	 population of target: 6.56783145170774
1RDM: 
     1.99999818667559  2.60193919343511e-06 -5.48605993957531e-06  7.79985962162688e-05 -0.000167413023744578 -2.90670692708576e-16  7.15805956957633e-17 -1.71136459079763e-16 -1.64642509351663e-16 -0.000539517746956677
 2.60193919343511e-06      1.99998730489364 -3.08441743344588e-05 -0.000530278590649902 -0.000574680867285417 -5.75652411503501e-16   2.1346086549855e-16 -3.50144402757111e-16  8.54014479538841e-16  -0.00140633026964616
-5.48605993957531e-06 -3.08441743344588e-05      1.99841350168614  -0.00146134852083427  -0.00541657403928113    1.241830172784e-13 -1.00710123989581e-14 -6.93212760243596e-14  1.34903597642799e-13  -0.00696752564712408
 7.79985962162688e-05 -0.000530278590649902  -0.00146134852083427      1.97549322313337   -0.0284847709499469 -6.02420697828547e-14 -1.90705640814241e-15 -7.20737671598605e-15 -5.56520335806278e-14    -0.102083741142248
-0.000167413023744578 -0.000574680867285417  -0.00541657403928113   -0.0284847709499469      1.81691498794054 -1.05394610683229e-12  1.16914663495835e-13   6.6347560813301e-13 -1.49674819560235e-12   0.00648231305720397
-2.90670692708576e-16 -5.75652411503501e-16    1.241830172784e-13 -6.02420697828547e-14 -1.05394610683229e-12      0.91391935077045 -6.92617481543405e-08  3.39615575953715e-08    -0.400932585340266  5.23469995172834e-14
 7.15805956957633e-17   2.1346086549855e-16 -1.00710123989581e-14 -1.90705640814241e-15  1.16914663495835e-13 -6.92617481543405e-08      1.20469968260504    -0.356640430631878 -5.01423551509993e-08  1.09949867370296e-13
-1.71136459079763e-16 -3.50144402757111e-16 -6.93212760243596e-14 -7.20737671598605e-15   6.6347560813301e-13  3.39615575953715e-08    -0.356640430631878      0.79852456563091   3.6983527155242e-08 -1.20160635460646e-13
-1.64642509351663e-16  8.54014479538841e-16  1.34903597642799e-13 -5.56520335806278e-14 -1.49674819560235e-12    -0.400932585340266 -5.01423551509993e-08   3.6983527155242e-08      1.08930489803577   2.6853410850999e-13
-0.000539517746956677  -0.00140633026964616  -0.00696752564712408    -0.102083741142248   0.00648231305720397  5.23469995172834e-14  1.09949867370296e-13 -1.20160635460646e-13   2.6853410850999e-13     0.202744298628572
TOTAL ENERGY: -127.257265986186	 lambda: 0.1	 population of target: 6.70476164249109
1RDM: 
     1.99999863766573  1.67823278946477e-06  -1.4287809526898e-06  4.11841246847781e-05 -0.000219682517877081 -3.24130401684604e-16    7.144155226726e-17 -1.63358826447571e-16 -1.67389870401794e-16  -0.00026116970014909
 1.67823278946477e-06      1.99998923720757 -4.13305321843597e-05 -0.000465397827621526  -0.00063566504103423 -5.02407895158833e-16  2.10161460458247e-16 -4.16271259674539e-16  1.05010222386041e-15  -0.00148828301168516
 -1.4287809526898e-06 -4.13305321843597e-05      1.99858028911311  -0.00183511867532041  -0.00805228337799646  1.17906513862817e-13 -7.06152529271948e-15 -6.81341797415028e-14  1.32530955605083e-13   -0.0012363491014219
 4.11841246847781e-05 -0.000465397827621526  -0.00183511867532041      1.97703804861507   -0.0315522492547501 -4.64390391948606e-14 -3.71875532372681e-15 -1.16977528089806e-14 -4.14686207779553e-14    -0.114656535993426
-0.000219682517877081  -0.00063566504103423  -0.00805228337799646   -0.0315522492547501      1.76545004191061 -9.51880350207231e-13   8.7522812510152e-14   6.1416624544274e-13 -1.39812560570012e-12    0.0705356033972208
-3.24130401684604e-16 -5.02407895158833e-16  1.17906513862817e-13 -4.64390391948606e-14 -9.51880350207231e-13     0.906839530292429 -6.11721185381687e-08  3.38896021872341e-08    -0.343371595798088  3.85508083992027e-14
   7.144155226726e-17  2.10161460458247e-16 -7.06152529271948e-15 -3.71875532372681e-15   8.7522812510152e-14 -6.11721185381687e-08       1.1607927787331    -0.318255413498386 -4.30618952237223e-08  8.40901698936425e-14
-1.63358826447571e-16 -4.16271259674539e-16 -6.81341797415028e-14 -1.16977528089806e-14   6.1416624544274e-13  3.38896021872341e-08    -0.318255413498386     0.841404084515682   3.1628231496358e-08 -7.05753511862121e-14
-1.67389870401794e-16  1.05010222386041e-15  1.32530955605083e-13 -4.14686207779553e-14 -1.39812560570012e-12    -0.343371595798088 -4.30618952237223e-08   3.1628231496358e-08      1.09535733306104  1.49391813366602e-13
 -0.00026116970014909  -0.00148828301168516   -0.0012363491014219    -0.114656535993426    0.0705356033972208  3.85508083992027e-14  8.40901698936425e-14 -7.05753511862121e-14  1.49391813366602e-13     0.254550018885722
TOTAL ENERGY: -127.2414022848	 lambda: 0.2	 population of target: 6.81225654623506
1RDM: 
      1.9999988611528   1.0474216022679e-06  1.06287273208061e-06  1.99691630364636e-05 -0.000298377654736401 -3.39598029364946e-16  7.90520193649681e-17 -1.82165064562168e-16 -1.08664920462289e-16 -3.09121264528595e-05
  1.0474216022679e-06      1.99999083328343 -4.58820212837215e-05 -0.000414510560146828 -0.000660835792337942 -4.45998400524988e-16  2.00875819807327e-16 -4.48379286639118e-16  1.16023329123087e-15  -0.00155255962567977
 1.06287273208061e-06 -4.58820212837215e-05      1.99865597664352  -0.00187416451739251  -0.00929224569835024  1.12387163242513e-13 -4.62623974564236e-15 -6.70538093750402e-14   1.2985398041699e-13   0.00241038467440572
 1.99691630364636e-05 -0.000414510560146828  -0.00187416451739251       1.9779635856554   -0.0324976416858326   -3.547728063133e-14 -5.46601181143077e-15 -1.41190972199446e-14 -3.36398859932425e-14    -0.124859227993326
-0.000298377654736401 -0.000660835792337942  -0.00929224569835024   -0.0324976416858326       1.7043625322989  -8.6022263899857e-13   6.6556736106818e-14  5.64242086808044e-13 -1.29211295823252e-12      0.12222048373592
-3.39598029364946e-16 -4.45998400524988e-16  1.12387163242513e-13   -3.547728063133e-14  -8.6022263899857e-13     0.906791223254735 -5.41084740850347e-08  3.26548229838504e-08    -0.296422011249413  2.31156762406553e-14
 7.90520193649681e-17  2.00875819807327e-16 -4.62623974564236e-15 -5.46601181143077e-15   6.6556736106818e-14 -5.41084740850347e-08      1.12926366482182     -0.28318772556471 -3.75155766637192e-08  6.18221920159161e-14
-1.82165064562168e-16 -4.48379286639118e-16 -6.70538093750402e-14 -1.41190972199446e-14  5.64242086808044e-13  3.26548229838504e-08     -0.28318772556471     0.872311791450975  2.71748427223397e-08  -2.6272551950494e-14
-1.08664920462289e-16  1.16023329123087e-15   1.2985398041699e-13 -3.36398859932425e-14 -1.29211295823252e-12    -0.296422011249413 -3.75155766637192e-08  2.71748427223397e-08      1.09478423293529  4.21671824453182e-14
-3.09121264528595e-05  -0.00155255962567977   0.00241038467440572    -0.124859227993326      0.12222048373592  2.31156762406553e-14  6.18221920159161e-14  -2.6272551950494e-14  4.21671824453182e-14     0.315877298503183
TOTAL ENERGY: -127.221744355998	 lambda: 0.3	 population of target: 6.8916838421468
1RDM: 
     1.99999892657903  7.03069885921372e-07  3.15913754291005e-06  1.26731491597369e-05 -0.000378078794637904 -3.50028521573526e-16  8.88009834893615e-17 -2.08914938987615e-16 -3.42068124885269e-17  0.000154101741082337
 7.03069885921372e-07        1.999992086805 -4.61141906790279e-05 -0.000373979349570622 -0.000644224744557858 -4.22487155110659e-16  1.85241252574206e-16 -4.42454697640473e-16  1.16348035864326e-15  -0.00157953073052444
 3.15913754291005e-06 -4.61141906790279e-05       1.9986223070402  -0.00164461349057682  -0.00944133408430481    1.079808077053e-13 -3.09948332987554e-15 -6.56865741699835e-14  1.26462387520693e-13   0.00560692473262269
 1.26731491597369e-05 -0.000373979349570622  -0.00164461349057682      1.97866164309292   -0.0307991882614583 -2.85378020681753e-14 -7.24900502424043e-15 -1.40001430536392e-14 -3.27741681841025e-14    -0.132056033519349
-0.000378078794637904 -0.000644224744557858  -0.00944133408430481   -0.0307991882614583      1.65144296275005  -7.9377414908027e-13  5.38185839084197e-14  5.23416372998414e-13 -1.20332133365834e-12     0.161526868230528
-3.50028521573526e-16 -4.22487155110659e-16    1.079808077053e-13 -2.85378020681753e-14  -7.9377414908027e-13     0.908249756028876 -4.88992350450432e-08  3.09552846922282e-08    -0.263832082320797  8.45611541265585e-15
 8.88009834893615e-17  1.85241252574206e-16 -3.09948332987554e-15 -7.24900502424043e-15  5.38185839084197e-14 -4.88992350450432e-08      1.10849756314094    -0.257875585600688  -3.3213338581857e-08  4.49743808890655e-14
-2.08914938987615e-16 -4.42454697640473e-16 -6.56865741699835e-14 -1.40001430536392e-14  5.23416372998414e-13  3.09552846922282e-08    -0.257875585600688     0.892731234402996   2.4254112498692e-08  9.03555810561164e-15
-3.42068124885269e-17  1.16348035864326e-15  1.26462387520693e-13 -3.27741681841025e-14 -1.20332133365834e-12    -0.263832082320797  -3.3213338581857e-08   2.4254112498692e-08      1.09297904144492 -4.38649837156317e-14
 0.000154101741082337  -0.00157953073052444   0.00560692473262269    -0.132056033519349     0.161526868230528  8.45611541265585e-15  4.49743808890655e-14  9.03555810561164e-15 -4.38649837156317e-14     0.368824478715094
TOTAL ENERGY: -127.200558313564	 lambda: 0.4	 population of target: 6.95253215206891
1RDM: 
     1.99999889934353  5.71528056828365e-07  5.25512464270317e-06  1.52831368086725e-05 -0.000446120338972436 -3.64790427873244e-16  9.72805946752315e-17 -2.31504135337146e-16  2.79936165057639e-17  0.000309814522985348
 5.71528056828365e-07      1.99999308490513 -4.46462938319445e-05 -0.000338373053034501 -0.000590549589458058 -4.34660550169436e-16  1.63950722210805e-16 -4.00939632801218e-16   1.0677586104137e-15   -0.0015638216886777
 5.25512464270317e-06 -4.46462938319445e-05      1.99844832147579  -0.00125478963338974  -0.00906336532332771   1.0472555046071e-13 -2.44367562990146e-15 -6.41757074943865e-14  1.22660378938438e-13   0.00927053740986621
 1.52831368086725e-05 -0.000338373053034501  -0.00125478963338974      1.97947200437334   -0.0265726104294726 -2.55888628042045e-14  -9.0570294341761e-15  -1.1622703342776e-14 -3.82164309531544e-14    -0.136298625552728
-0.000446120338972436 -0.000590549589458058  -0.00906336532332771   -0.0265726104294726      1.61448520501388 -7.56795281908942e-13  4.75980723131245e-14  4.96417183715858e-13 -1.14342317549636e-12     0.194710378369259
-3.64790427873244e-16 -4.34660550169436e-16   1.0472555046071e-13 -2.55888628042045e-14 -7.56795281908942e-13      0.90817820704395 -4.61343413691769e-08  3.07309869448421e-08     -0.24486480739183 -5.54674552406337e-15
 9.72805946752315e-17  1.63950722210805e-16 -2.44367562990146e-15  -9.0570294341761e-15  4.75980723131245e-14 -4.61343413691769e-08      1.09573101802434    -0.243768467517815 -3.10822629830688e-08  3.25589817957079e-14
-2.31504135337146e-16 -4.00939632801218e-16 -6.41757074943865e-14  -1.1622703342776e-14  4.96417183715858e-13  3.07309869448421e-08    -0.243768467517815     0.905321904689882  2.24020651689006e-08  3.79209108511534e-14
 2.79936165057639e-17   1.0677586104137e-15  1.22660378938438e-13 -3.82164309531544e-14 -1.14342317549636e-12     -0.24486480739183 -3.10822629830688e-08  2.24020651689006e-08      1.09287471569514 -1.15257835377789e-13
 0.000309814522985348   -0.0015638216886777   0.00927053740986621    -0.136298625552728     0.194710378369259 -5.54674552406337e-15  3.25589817957079e-14  3.79209108511534e-14 -1.15257835377789e-13     0.405496639435044
TOTAL ENERGY: -127.176981927456	 lambda: 0.5	 population of target: 7.00499123774736
1RDM: 
     1.99999881738772   5.8298695511643e-07   7.4171435782269e-06  2.43728815185278e-05 -0.000499852359773351 -3.88815839191777e-16  1.03181918447267e-16 -2.45575361437577e-16  6.79031864013358e-17  0.000451901111598808
  5.8298695511643e-07      1.99999391183275 -4.40227266424846e-05 -0.000303505179366421 -0.000506063593931587 -4.81505698265832e-16  1.37790346744003e-16 -3.28877589138931e-16  8.85681800141424e-16  -0.00150396068861636
  7.4171435782269e-06 -4.40227266424846e-05      1.99807857078657 -0.000800304275958039  -0.00863030008476359  1.02572300037666e-13 -2.51562097556507e-15 -6.26499297197815e-14  1.18883065576127e-13    0.0138138197831489
 2.43728815185278e-05 -0.000303505179366421 -0.000800304275958039      1.98061259438015   -0.0200768207362172 -2.63010192287268e-14  -1.0940832884307e-14 -7.23267377643245e-15 -4.91867357534663e-14    -0.137687828786983
-0.000499852359773351 -0.000506063593931587  -0.00863030008476359   -0.0200768207362172      1.59471946476956 -7.49061199274977e-13  4.65026298670268e-14  4.83727928246781e-13  -1.1144750887589e-12     0.228555420003211
-3.88815839191777e-16 -4.81505698265832e-16  1.02572300037666e-13 -2.63010192287268e-14 -7.49061199274977e-13     0.905078935288004 -4.54055607966115e-08  3.14228897926615e-08    -0.237738982567468 -2.03901348200076e-14
 1.03181918447267e-16  1.37790346744003e-16 -2.51562097556507e-15  -1.0940832884307e-14  4.65026298670268e-14 -4.54055607966115e-08      1.08865169604688    -0.240525023123194 -3.04140394281247e-08  2.28622372444163e-14
-2.45575361437577e-16 -3.28877589138931e-16 -6.26499297197815e-14 -7.23267377643245e-15  4.83727928246781e-13  3.14228897926615e-08    -0.240525023123194     0.912337427731283  2.16715902251006e-08  6.47434675221744e-14
 6.79031864013358e-17  8.85681800141424e-16  1.18883065576127e-13 -4.91867357534663e-14  -1.1144750887589e-12    -0.237738982567468 -3.04140394281247e-08  2.16715902251006e-08      1.09591018842616 -1.82877851187113e-13
 0.000451901111598808  -0.00150396068861636    0.0138138197831489    -0.137687828786983     0.228555420003211 -2.03901348200076e-14  2.28622372444163e-14  6.47434675221744e-14 -1.82877851187113e-13     0.424618393350951
TOTAL ENERGY: -127.147564409569	 lambda: 0.6	 population of target: 7.05839376072544
1RDM: 
     1.99999869619903   6.8761537675391e-07  9.60162640116766e-06  3.75241063955923e-05 -0.000541578026855316 -4.24764976431899e-16  1.06594457488825e-16 -2.50777449017101e-16  8.56664263269734e-17  0.000592716617188221
  6.8761537675391e-07      1.99999461116756 -4.69857120015997e-05 -0.000267044348251562 -0.000396663454922762 -5.62843528645151e-16  1.07572058685562e-16  -2.3008377675882e-16  6.27577387955104e-16  -0.00139593627686358
 9.60162640116766e-06 -4.69857120015997e-05      1.99741206566019 -0.000369039274871277  -0.00852685927014272  1.01540885908451e-13 -3.20835462015295e-15 -6.12682541753093e-14  1.15565749685931e-13    0.0194561863612632
 3.75241063955923e-05 -0.000267044348251562 -0.000369039274871277       1.9822082788787   -0.0115562349870924  -3.0532828909102e-14 -1.29119412243125e-14 -1.02709217311686e-15 -6.51309117381065e-14    -0.136051784007229
-0.000541578026855316 -0.000396663454922762  -0.00852685927014272   -0.0115562349870924      1.59071712672895 -7.70321336235312e-13  5.01166807589666e-14   4.8430506838323e-13 -1.11420681430979e-12     0.269257209254288
-4.24764976431899e-16 -5.62843528645151e-16  1.01540885908451e-13  -3.0532828909102e-14 -7.70321336235312e-13     0.897867757587159 -4.66608313641288e-08  3.33969406942914e-08    -0.241294573947943 -3.84334549220629e-14
 1.06594457488825e-16  1.07572058685562e-16 -3.20835462015295e-15 -1.29119412243125e-14  5.01166807589666e-14 -4.66608313641288e-08       1.0856747434723    -0.248000900514231 -3.09462056025052e-08  1.42465971435516e-14
-2.50777449017101e-16  -2.3008377675882e-16 -6.12682541753093e-14 -1.02709217311686e-15   4.8430506838323e-13  3.33969406942914e-08    -0.248000900514231     0.915339837621082  2.19639972862338e-08  9.40290326626401e-14
 8.56664263269734e-17  6.27577387955104e-16  1.15565749685931e-13 -6.51309117381065e-14 -1.11420681430979e-12    -0.241294573947943 -3.09462056025052e-08  2.19639972862338e-08      1.10314682358534 -2.58134304972897e-13
 0.000592716617188221  -0.00139593627686358    0.0194561863612632    -0.136051784007229     0.269257209254288 -3.84334549220629e-14  1.42465971435516e-14  9.40290326626401e-14 -2.58134304972897e-13     0.427640059099666
TOTAL ENERGY: -127.105947598785	 lambda: 0.7	 population of target: 7.12222126734077
1RDM: 
      1.9999985367184  8.47386344751491e-07  1.16452067636056e-05  5.27819112830354e-05  -0.00057668113943982 -4.73837347065889e-16  1.08442190537625e-16 -2.49484413084822e-16  8.83139636773751e-17  0.000741960519111731
 8.47386344751491e-07      1.99999517228038 -5.71417145098231e-05 -0.000228780335178565 -0.000271323976401983 -6.79497212921775e-16  7.50059732365323e-17 -1.10010275419789e-16  3.07318115845135e-16  -0.00123165074673992
 1.16452067636056e-05 -5.71417145098231e-05       1.9962766974902 -6.15859536578739e-05  -0.00916063590067547   1.0174934311595e-13 -4.44767104207104e-15 -6.02199286915538e-14  1.13239435376757e-13    0.0263639973914556
 5.27819112830354e-05 -0.000228780335178565 -6.15859536578739e-05      1.98428939378939  -0.00142034388348518 -3.82883897983988e-14 -1.49204354071894e-14  6.72426725553944e-15 -8.53069544001711e-14    -0.130888419514198
