TOTAL ENERGY: -126.678138951295	 lambda: -1	 population of target: 5.26278029705217
1RDM: 
      1.9999887633658  1.15468324833779e-05 -0.000314535748254722  0.000705899354075788 -0.000434923487570823 -6.27634153360567e-15  6.28615180544884e-16 -3.89524762491322e-16 -6.32846287611067e-15   0.00325908296951869
 1.15468324833779e-05      1.99996481318735  0.000139470738795654  -0.00128259617681969 -0.000493735406237963 -6.88718292985571e-16  1.96241959610309e-16  -4.5418895932864e-17  3.98789695598935e-15  0.000586481521288643
-0.000314535748254722  0.000139470738795654      1.98605408484091    0.0154790729040067  -0.00844088948209099 -2.30842461592253e-13  2.97237275089292e-14 -3.72958066633861e-14 -5.20177224086901e-13     0.147230484325187
 0.000705899354075788  -0.00128259617681969    0.0154790729040067      1.94055618815169   0.00369187230487495  3.20457639956221e-13 -2.46046015397466e-14   7.4699263209838e-14  1.26212678417831e-13    -0.106678669424507
-0.000434923487570823 -0.000493735406237963  -0.00844088948209099   0.00369187230487495      1.88619543147489 -8.41537242850356e-13  1.26802949842029e-13 -4.05959981578422e-13 -3.49160777729361e-12     0.211019981616263
-6.27634153360567e-15 -6.88718292985571e-16 -2.30842461592253e-13  3.20457639956221e-13 -8.41537242850356e-13      1.83122746325958  4.84934761271242e-05  -0.00127504996970523    -0.216368667044144  2.65459010441066e-12
 6.28615180544884e-16  1.96241959610309e-16  2.97237275089292e-14 -2.46046015397466e-14  1.26802949842029e-13  4.84934761271242e-05      1.71724818937793     0.469606814906131  -0.00242574309151774 -2.31677102442243e-13
-3.89524762491322e-16  -4.5418895932864e-17 -3.72958066633861e-14   7.4699263209838e-14 -4.05959981578422e-13  -0.00127504996970523     0.469606814906131     0.307093009789588 -0.000566393699655131 -1.18546783593272e-13
-6.32846287611067e-15  3.98789695598935e-15 -5.20177224086901e-13  1.26212678417831e-13 -3.49160777729361e-12    -0.216368667044144  -0.00242574309151774 -0.000566393699655131      0.19311932379028 -5.51466565415245e-13
  0.00325908296951869  0.000586481521288643     0.147230484325187    -0.106678669424507     0.211019981616263  2.65459010441066e-12 -2.31677102442243e-13 -1.18546783593272e-13 -5.51466565415245e-13     0.138552732761998
TOTAL ENERGY: -126.79468096512	 lambda: -0.9	 population of target: 5.38551586259663
1RDM: 
     1.99998982078569  1.05482688621568e-05 -0.000272870643513731  0.000636645205422134 -0.000378948886516835 -5.42394552070244e-15  5.77589929663971e-16 -3.27333827487318e-16 -2.28974745778676e-15   0.00303961693823495
 1.05482688621568e-05      1.99996692328474  0.000116351266218663  -0.00119597273527918 -0.000492219977338849 -1.75391318510923e-15  1.93462229926632e-16 -1.54222987134303e-16 -2.06447508985674e-15  0.000673136621209663
-0.000272870643513731  0.000116351266218663      1.98793696746733    0.0132972074364643  -0.00661256634272744 -2.30794278617075e-13  2.52049086763077e-14 -3.18218491226575e-14 -2.32303404185195e-13     0.136590549936045
 0.000636645205422134  -0.00119597273527918    0.0132972074364643      1.94539917115297  0.000593070998058937  1.67808148879887e-13 -2.68334340517723e-14  9.14447026063594e-14   1.1016123211679e-12   -0.0948259676676098
-0.000378948886516835 -0.000492219977338849  -0.00661256634272744  0.000593070998058937      1.89413158148291 -7.66800329358959e-13  1.18723665952044e-13 -4.52744509303304e-13 -4.86367920638767e-12     0.183118246178947
-5.42394552070244e-15 -1.75391318510923e-15 -2.30794278617075e-13  1.67808148879887e-13 -7.66800329358959e-13      1.79877852209507  3.21353722628722e-05  -0.00143899492179686    -0.253495133876698  2.51647454681107e-12
 5.77589929663971e-16  1.93462229926632e-16  2.52049086763077e-14 -2.68334340517723e-14  1.18723665952044e-13  3.21353722628722e-05      1.72324473394873     0.421315438169352  -0.00220155753116118  -2.2938471321475e-13
-3.27333827487318e-16 -1.54222987134303e-16 -3.18218491226575e-14  9.14447026063594e-14 -4.52744509303304e-13  -0.00143899492179686     0.421315438169352     0.299451720793851 -0.000375347121397707 -1.10753717211097e-13
-2.28974745778676e-15 -2.06447508985674e-15 -2.32303404185195e-13   1.1016123211679e-12 -4.86367920638767e-12    -0.253495133876698  -0.00220155753116118 -0.000375347121397707     0.223921635657066 -9.40096855200026e-13
  0.00303961693823495  0.000673136621209663     0.136590549936045   -0.0948259676676098     0.183118246178947  2.51647454681107e-12  -2.2938471321475e-13 -1.10753717211097e-13 -9.40096855200026e-13     0.127178923331655
TOTAL ENERGY: -126.903893676771	 lambda: -0.8	 population of target: 5.51404258021487
1RDM: 
     1.99999080402521  9.52913440269015e-06 -0.000234233788303851  0.000568313632500034 -0.000335077606454093 -4.87963969740833e-15  5.24200747769596e-16 -3.18284591444748e-16 -1.81271827757962e-15   0.00280910664959987
 9.52913440269015e-06      1.99996911071084  9.30471455886653e-05  -0.00110741283766498 -0.000486615909752403 -2.04620309554398e-15  2.08397362931311e-16 -1.61958582975969e-16 -2.32241265488056e-15   0.00076951265476606
-0.000234233788303851  9.30471455886653e-05      1.98951176660065    0.0112051599403402  -0.00439627312458527 -2.13049889108901e-13  2.24583014205099e-14 -3.13447894720368e-14 -2.00113422284195e-13     0.126800167124357
 0.000568313632500034  -0.00110741283766498    0.0112051599403402      1.95029029653637  -0.00214236698218825  1.30784963059572e-13 -2.16214031827656e-14  9.43674839987144e-14  1.13066968805496e-12   -0.0814525270837568
-0.000335077606454093 -0.000486615909752403  -0.00439627312458527  -0.00214236698218825      1.89591580199878 -7.41144443068455e-13  1.00195051107604e-13 -4.65243821651702e-13 -4.91006530128271e-12     0.147642989420211
-4.87963969740833e-15 -2.04620309554398e-15 -2.13049889108901e-13  1.30784963059572e-13 -7.41144443068455e-13      1.76611700491875  1.69982896624296e-05  -0.00158447491559473    -0.286695171739495   2.3367089378296e-12
 5.24200747769596e-16  2.08397362931311e-16  2.24583014205099e-14 -2.16214031827656e-14  1.00195051107604e-13  1.69982896624296e-05      1.72616374239976     0.375462979288352  -0.00198781905762231  -2.2601473526266e-13
-3.18284591444748e-16 -1.61958582975969e-16 -3.13447894720368e-14  9.43674839987144e-14 -4.65243821651702e-13  -0.00158447491559473     0.375462979288352     0.294902780993935 -0.000198534353125041 -9.21480680411462e-14
-1.81271827757962e-15 -2.32241265488056e-15 -2.00113422284195e-13  1.13066968805496e-12 -4.91006530128271e-12    -0.286695171739495  -0.00198781905762231 -0.000198534353125041     0.254951477189042 -8.85812340387136e-13
  0.00280910664959987   0.00076951265476606     0.126800167124357   -0.0814525270837568     0.147642989420211   2.3367089378296e-12  -2.2601473526266e-13 -9.21480680411462e-14 -8.85812340387136e-13     0.122187214626663
TOTAL ENERGY: -127.001482236946	 lambda: -0.7	 population of target: 5.64414777820993
1RDM: 
     1.99999168408465  8.53909055694345e-06 -0.000197662720339246  0.000503897696690315 -0.000314482139220206 -5.07973342242546e-15  4.80582602335033e-16 -3.48353708610364e-16 -4.91427794123466e-15   0.00257729663280847
 8.53909055694345e-06      1.99997129144247  7.08079640322177e-05  -0.00102060205716101 -0.000475729398197265 -1.30586479287647e-15  2.27958512356575e-16  -1.2783780314013e-16   8.3588385270744e-16  0.000874871631129433
-0.000197662720339246  7.08079640322177e-05      1.99086931111163   0.00919255837012994   -0.0019892591497922 -1.83163592696958e-13  2.11736678695756e-14 -3.48489495737538e-14 -4.29461190069128e-13     0.117034298874188
 0.000503897696690315  -0.00102060205716101   0.00919255837012994      1.95500945842846  -0.00379796280359058  2.01298208328124e-13 -1.17922132303334e-14  8.75371905172689e-14  3.38063723090241e-13   -0.0669075509901651
-0.000314482139220206 -0.000475729398197265   -0.0019892591497922  -0.00379796280359058      1.88959845387405 -6.61620548787953e-13  7.14956574234752e-14 -4.36493737498527e-13 -2.67137452830207e-12     0.112549902810383
-5.07973342242546e-15 -1.30586479287647e-15 -1.83163592696958e-13  2.01298208328124e-13 -6.61620548787953e-13      1.73180181999084  2.74562005466591e-06  -0.00171291280452462    -0.316370108533167  2.21816135019087e-12
 4.80582602335033e-16  2.27958512356575e-16  2.11736678695756e-14 -1.17922132303334e-14  7.14956574234752e-14  2.74562005466591e-06      1.72534252951279     0.330721301299776  -0.00177810706718851  -2.2344302951627e-13
-3.48353708610364e-16  -1.2783780314013e-16 -3.48489495737538e-14  8.75371905172689e-14 -4.36493737498527e-13  -0.00171291280452462     0.330721301299776     0.294064399848166 -3.20887671112925e-05 -6.50487231178556e-14
-4.91427794123466e-15   8.3588385270744e-16 -4.29461190069128e-13  3.38063723090241e-13 -2.67137452830207e-12    -0.316370108533167  -0.00177810706718851 -3.20887671112925e-05     0.287605426098958 -3.04213828207588e-13
  0.00257729663280847  0.000874871631129433     0.117034298874188   -0.0669075509901651     0.112549902810383  2.21816135019087e-12  -2.2344302951627e-13 -6.50487231178556e-14 -3.04213828207588e-13      0.12574562560801
TOTAL ENERGY: -127.083870840638	 lambda: -0.6	 population of target: 5.77083212642596
1RDM: 
     1.99999247149515  7.62621468485288e-06 -0.000162380014301441   0.00044525279206565 -0.000315735391687863 -4.24498816221623e-15  4.37600186271684e-16 -2.96837870180104e-16 -2.23715048899659e-15   0.00235345923713059
 7.62621468485288e-06      1.99997337275397  5.11557703074385e-05 -0.000939038696457355 -0.000460745380127456 -2.15512617610442e-15  2.39359105046047e-16  -1.6711852699678e-16 -1.38865607510918e-15  0.000980986629577788
-0.000162380014301441  5.11557703074385e-05      1.99211269049823   0.00728922944371016  0.000276971293005159 -1.69898641822322e-13  1.74084840381723e-14 -3.18894286296825e-14 -2.47744893956382e-13     0.106393886907495
  0.00044525279206565 -0.000939038696457355   0.00728922944371016      1.95937324683164   -0.0042403508774299  9.83095639991339e-14 -9.27755360363862e-15  9.41196201593516e-14  8.20067595386405e-13    -0.052134556942562
-0.000315735391687863 -0.000460745380127456  0.000276971293005159   -0.0042403508774299      1.87781721420399 -6.96167455834164e-13  6.26705449630248e-14   -4.634247609735e-13 -3.98892047633438e-12    0.0851914915910793
-4.24498816221623e-15 -2.15512617610442e-15 -1.69898641822322e-13  9.83095639991339e-14 -6.96167455834164e-13       1.6947492867559 -1.11065559619503e-05  -0.00182890836282644    -0.343579820399697  1.99276467981855e-12
 4.37600186271684e-16  2.39359105046047e-16  1.74084840381723e-14 -9.27755360363862e-15  6.26705449630248e-14 -1.11065559619503e-05      1.72084919262262     0.285591279072841   -0.0015654132105248 -2.17268851317275e-13
-2.96837870180104e-16  -1.6711852699678e-16 -3.18894286296825e-14  9.41196201593516e-14   -4.634247609735e-13  -0.00182890836282644     0.285591279072841     0.296828832219032  0.000129699314266868 -5.53681189373906e-14
-2.23715048899659e-15 -1.38865607510918e-15 -2.47744893956382e-13  8.20067595386405e-13 -3.98892047633438e-12    -0.343579820399697   -0.0015654132105248  0.000129699314266868     0.322927458492817 -5.76516796849502e-13
  0.00235345923713059  0.000980986629577788     0.106393886907495    -0.052134556942562    0.0851914915910793  1.99276467981855e-12 -2.17268851317275e-13 -5.53681189373906e-14 -5.76516796849502e-13     0.135376234126696
TOTAL ENERGY: -127.15053565062	 lambda: -0.5	 population of target: 5.89196121817743
1RDM: 
     1.99999321264728  6.80005308837094e-06 -0.000128154810198717  0.000391654966874733 -0.000326862140699193 -3.97473139625816e-15  4.01538249691124e-16 -2.75801262859628e-16 -2.11340156730674e-15   0.00214052495304096
 6.80005308837094e-06      1.99997531560063  3.48149069122636e-05  -0.00086342672261305 -0.000445687347918046 -2.25806920680237e-15  2.51565383528558e-16 -1.75499949463026e-16 -1.35493296092809e-15   0.00107861502817112
-0.000128154810198717  3.48149069122636e-05       1.9933110484013   0.00553344039585963    0.0020475557645603 -1.47865156702756e-13  1.45831165831937e-14 -3.13046727421442e-14 -2.47089923108379e-13    0.0941958019253974
 0.000391654966874733  -0.00086342672261305   0.00553344039585963      1.96337307415965  -0.00397362892443444  7.42600780569529e-14 -3.61813111493074e-15  9.43477630556694e-14  7.34533312480012e-13    -0.038038905411709
-0.000326862140699193 -0.000445687347918046    0.0020475557645603  -0.00397362892443444        1.866080487964 -6.75070873886147e-13  4.58308966941327e-14 -4.65178074699534e-13 -3.64003192431615e-12    0.0689667383487479
-3.97473139625816e-15 -2.25806920680237e-15 -1.47865156702756e-13  7.42600780569529e-14 -6.75070873886147e-13      1.65411267509343 -2.51056375679454e-05   -0.0019384943941553    -0.369659068144167  1.85021350046923e-12
 4.01538249691124e-16  2.51565383528558e-16  1.45831165831937e-14 -3.61813111493074e-15  4.58308966941327e-14 -2.51056375679454e-05      1.71311494826593     0.238568337515999  -0.00134283344365646 -2.15638251249079e-13
-2.75801262859628e-16 -1.75499949463026e-16 -3.13046727421442e-14  9.43477630556694e-14 -4.65178074699534e-13   -0.0019384943941553     0.238568337515999     0.302726685689126  0.000293198478977354 -4.22835868084961e-14
-2.11340156730674e-15 -1.35493296092809e-15 -2.47089923108379e-13  7.34533312480012e-13 -3.64003192431615e-12    -0.369659068144167  -0.00134283344365646  0.000293198478977354     0.361726066045572 -4.97546556306589e-13
  0.00214052495304096   0.00107861502817112    0.0941958019253974    -0.038038905411709    0.0689667383487479  1.85021350046923e-12 -2.15638251249079e-13 -4.22835868084961e-14 -4.97546556306589e-13     0.145586486133168
TOTAL ENERGY: -127.203458112378	 lambda: -0.4	 population of target: 6.00953946900436
1RDM: 
     1.99999396521589  6.02611725387988e-06 -9.54725661568585e-05  0.000340246991921176 -0.000333062928050039 -3.53602186234108e-15  3.63384836967458e-16 -2.51871247936653e-16 -1.49293911356123e-15   0.00193217675363306
 6.02611725387988e-06      1.99997715411388  2.13026425919888e-05 -0.000791377856942781 -0.000435526046195114 -2.51655238226979e-15  2.63687873254279e-16 -1.85885234553966e-16 -1.61719519925931e-15   0.00116312159684106
-9.54725661568585e-05  2.13026425919888e-05      1.99446983211854   0.00394756120549634   0.00305843039803639 -1.25876931238349e-13  1.13950502493872e-14  -2.9504850172826e-14 -1.95285952316221e-13    0.0801528940146106
 0.000340246991921176 -0.000791377856942781   0.00394756120549634      1.96716956527131  -0.00380169094090192  2.64311601700723e-14  1.67284851714738e-15  9.58543074048963e-14  7.56666956541618e-13   -0.0249509848060457
-0.000333062928050039 -0.000435526046195114   0.00305843039803639  -0.00380169094090192      1.85943941442461 -6.78703556641523e-13  2.89979080317307e-14 -4.74786986503786e-13 -3.74674924705476e-12     0.062173926954245
-3.53602186234108e-15 -2.51655238226979e-15 -1.25876931238349e-13  2.64311601700723e-14 -6.78703556641523e-13      1.60904442359732 -3.94701587180003e-05  -0.00204285688605374    -0.394919757863509  1.70586059199291e-12
 3.63384836967458e-16  2.63687873254279e-16  1.13950502493872e-14  1.67284851714738e-15  2.89979080317307e-14 -3.94701587180003e-05      1.70180757999922     0.188819394072061  -0.00110635862574882 -2.16526050401175e-13
-2.51871247936653e-16 -1.85885234553966e-16  -2.9504850172826e-14  9.58543074048963e-14 -4.74786986503786e-13  -0.00204285688605374     0.188819394072061     0.312068379046917  0.000460965811170565 -3.23910304624694e-14
-1.49293911356123e-15 -1.61719519925931e-15 -1.95285952316221e-13  7.56666956541618e-13 -3.74674924705476e-12    -0.394919757863509  -0.00110635862574882  0.000460965811170565     0.404826987455505 -5.23454180193849e-13
  0.00193217675363306   0.00116312159684106    0.0801528940146106   -0.0249509848060457     0.062173926954245  1.70586059199291e-12 -2.16526050401175e-13 -3.23910304624694e-14 -5.23454180193849e-13     0.151202698756809
TOTAL ENERGY: -127.244969796115	 lambda: -0.3	 population of target: 6.1282317524224
1RDM: 
      1.9999947671231  5.24857486891531e-06 -6.55373570312255e-05  0.000287828932523587 -0.000324783393438334 -3.29341810477417e-15  3.20601829021597e-16 -2.37713473173927e-16 -1.61922520031366e-15    0.0017141446932979
 5.24857486891531e-06      1.99997896626848  9.23853246620144e-06 -0.000719271927380602 -0.000433853867958566 -2.53522730771563e-15  2.75012242672043e-16 -1.83363747636487e-16 -1.41405992798468e-15    0.0012361366185144
-6.55373570312255e-05  9.23853246620144e-06      1.99553135747979   0.00253537001667979   0.00317796960681379 -1.02248203434831e-13  8.55852408496557e-15 -2.81507078451677e-14 -2.08942324316031e-13    0.0644741267902802
 0.000287828932523587 -0.000719271927380602   0.00253537001667979      1.97096593920374  -0.00439097720041103  8.12809570534126e-15  8.37835212723821e-15  9.58302661489713e-14   6.2876512313753e-13    -0.012480851520477
-0.000324783393438334 -0.000433853867958566   0.00317796960681379  -0.00439097720041103      1.85978734067618 -5.87773464353164e-13  6.18589440811834e-15 -4.78576493733654e-13 -3.20677691491548e-12    0.0588623885294667
-3.29341810477417e-15 -2.53522730771563e-15 -1.02248203434831e-13  8.12809570534126e-15 -5.87773464353164e-13      1.55894047389795 -5.37416117564982e-05  -0.00213374035438465    -0.417643507868881  1.61778835082915e-12
 3.20601829021597e-16  2.75012242672043e-16  8.55852408496557e-15  8.37835212723821e-15  6.18589440811834e-15 -5.37416117564982e-05       1.6852441729339     0.137023061858611 -0.000858631542290157 -2.19565119804834e-13
-2.37713473173927e-16 -1.83363747636487e-16 -2.81507078451677e-14  9.58302661489713e-14 -4.78576493733654e-13  -0.00213374035438465     0.137023061858611      0.32656004331993  0.000627637821065485 -1.96472760462657e-14
-1.61922520031366e-15 -1.41405992798468e-15 -2.08942324316031e-13   6.2876512313753e-13 -3.20677691491548e-12    -0.417643507868881 -0.000858631542290157  0.000627637821065485     0.452857549881302 -4.12904865269078e-13
   0.0017141446932979    0.0012361366185144    0.0644741267902802    -0.012480851520477    0.0588623885294667  1.61778835082915e-12 -2.19565119804834e-13 -1.96472760462657e-14 -4.12904865269078e-13     0.150139389215659
TOTAL ENERGY: -127.275974208517	 lambda: -0.2	 population of target: 6.25248190998381
1RDM: 
     1.99999560934196  4.42286917119039e-06 -4.00577406054507e-05  0.000232944880403559 -0.000303487987543249 -2.84681974020556e-15  2.68849034447731e-16  -2.2042850986244e-16 -1.38574482510177e-15   0.00146974373844851
 4.42286917119039e-06      1.99998082444747  -2.8642983755113e-06  -0.00064469698550166 -0.000441759704770168 -2.69069183454359e-15  2.89589797252271e-16 -1.80446177530868e-16 -1.39138702536212e-15    0.0013042033158098
-4.00577406054507e-05  -2.8642983755113e-06      1.99640787978857   0.00130017534399278   0.00238055264380494 -7.95129168074697e-14  5.61905874587249e-15 -2.57435490647971e-14 -1.82750727201977e-13    0.0479264183758544
 0.000232944880403559  -0.00064469698550166   0.00130017534399278      1.97485670987032  -0.00595638779034742  -3.6532437816906e-14  1.53690994256383e-14  9.64722601178628e-14  5.82105969235076e-13  0.000261401586614453
-0.000303487987543249 -0.000441759704770168   0.00238055264380494  -0.00595638779034742      1.86466498002122 -4.82029811123425e-13  -1.9032890341472e-14 -4.84630461679614e-13  -3.0156036674551e-12    0.0510242518105356
-2.84681974020556e-15 -2.69069183454359e-15 -7.95129168074697e-14  -3.6532437816906e-14 -4.82029811123425e-13      1.50411369584215 -6.67439119544921e-05  -0.00219450303423735    -0.434261404964874  1.50367762890315e-12
 2.68849034447731e-16  2.89589797252271e-16  5.61905874587249e-15  1.53690994256383e-14  -1.9032890341472e-14 -6.67439119544921e-05      1.66097549892376    0.0857472606748381 -0.000610892753099789 -2.20493728723547e-13
 -2.2042850986244e-16 -1.80446177530868e-16 -2.57435490647971e-14  9.64722601178628e-14 -4.84630461679614e-13  -0.00219450303423735    0.0857472606748381      0.34873855950431   0.00077948936865504 -4.89982611539252e-15
-1.38574482510177e-15 -1.39138702536212e-15 -1.82750727201977e-13  5.82105969235076e-13  -3.0156036674551e-12    -0.434261404964874 -0.000610892753099789   0.00077948936865504     0.505592671399338 -3.36249883591906e-13
  0.00146974373844851    0.0013042033158098    0.0479264183758544  0.000261401586614453    0.0510242518105356  1.50367762890315e-12 -2.20493728723547e-13 -4.89982611539252e-15 -3.36249883591906e-13     0.144673570860956
TOTAL ENERGY: -127.295557273608	 lambda: -0.1	 population of target: 6.38333891464507
1RDM: 
     1.99999642452324  3.54836815045635e-06  -2.0615746268943e-05  0.000177510425675286  -0.00028288133940512 -2.43123068888682e-15   2.1368384489195e-16 -1.99735720647723e-16 -1.39251409588764e-15   0.00118915833752579
 3.54836815045635e-06      1.99998274941193 -1.55734008034206e-05 -0.000568296090109119 -0.000457187443263792 -2.61585293154596e-15  3.04704999051458e-16 -1.64050052050264e-16 -6.35510640474242e-16     0.001375109468554
 -2.0615746268943e-05 -1.55734008034206e-05      1.99703356992882  0.000269339662717253  0.000751126145827329 -5.88230550906279e-14  3.52205408160401e-15   -2.441386086952e-14  -2.6197567054805e-13     0.031745363175741
 0.000177510425675286 -0.000568296090109119  0.000269339662717253      1.97872695948247   -0.0081222308157853 -4.27559302852492e-14  2.39334720074608e-14  9.44325805445163e-14   3.9688782585945e-13     0.014147907894619
 -0.00028288133940512 -0.000457187443263792  0.000751126145827329   -0.0081222308157853      1.86791914570184 -3.17241211530482e-13  -5.0292370415032e-14  -4.7685999141919e-13 -2.24247547396922e-12    0.0320037404342396
-2.43123068888682e-15 -2.61585293154596e-15 -5.88230550906279e-14 -4.27559302852492e-14 -3.17241211530482e-13       1.4464581840436 -7.70079283786525e-05  -0.00220795223841812    -0.440981528123762   1.3937235786285e-12
  2.1368384489195e-16  3.04704999051458e-16  3.52205408160401e-15  2.39334720074608e-14  -5.0292370415032e-14 -7.70079283786525e-05      1.62744288882418    0.0388713360404325 -0.000380806766970225 -2.17386519826149e-13
-1.99735720647723e-16 -1.64050052050264e-16   -2.441386086952e-14  9.44325805445163e-14  -4.7685999141919e-13  -0.00220795223841812    0.0388713360404325     0.380303624193568   0.00089936281208398  1.70506992257753e-14
-1.39251409588764e-15 -6.35510640474242e-16  -2.6197567054805e-13   3.9688782585945e-13 -2.24247547396922e-12    -0.440981528123762 -0.000380806766970225   0.00089936281208398     0.561279455292733 -5.92460037916974e-14
  0.00118915833752579     0.001375109468554     0.031745363175741     0.014147907894619    0.0320037404342396   1.3937235786285e-12 -2.17386519826149e-13  1.70506992257753e-14 -5.92460037916974e-14      0.14085699859763
TOTAL ENERGY: -127.302226040043	 lambda: 0	 population of target: 6.51646238121918
1RDM: 
        1.99999711017   2.6874357947595e-06 -7.71814497857047e-06  0.000126909043867764 -0.000281929427782915 -1.83915584892252e-15  1.54184420636717e-16 -1.59779569243201e-16 -7.34212965056035e-16  0.000877956048544456
  2.6874357947595e-06      1.99998468623878 -2.79311049687637e-05 -0.000494091978441461 -0.000473746320328708  -3.0627891780372e-15  3.27902356186529e-16 -1.71113487109268e-16 -1.39880363129189e-15   0.00145188040843511
-7.71814497857047e-06 -2.79311049687637e-05      1.99740005619856 -0.000503109200955653  -0.00143598171740431 -3.99460431191489e-14  7.11671414396892e-16  -1.9898452217626e-14 -1.14764150780054e-13    0.0172199439618844
 0.000126909043867764 -0.000494091978441461 -0.000503109200955653      1.98226804697927   -0.0100150384591347 -1.57748506289296e-13  3.05811140207613e-14  9.51947295496385e-14  5.16318284635536e-13    0.0293564034102913
-0.000281929427782915 -0.000473746320328708  -0.00143598171740431   -0.0100150384591347      1.86286263487467 -1.43296573233081e-13 -7.27018725392241e-14  -4.7635326068123e-13  -2.6760382603181e-12 -1.84429733922555e-05
-1.83915584892252e-15  -3.0627891780372e-15 -3.99460431191489e-14 -1.57748506289296e-13 -1.43296573233081e-13      1.38958906190962 -8.35684470972027e-05  -0.00216847648717312    -0.436366184153514  1.20026777885586e-12
 1.54184420636717e-16  3.27902356186529e-16  7.11671414396892e-16  3.05811140207613e-14 -7.27018725392241e-14 -8.35684470972027e-05      1.58599234066123 -9.26932652886161e-07 -0.000185671167835285 -2.05203661192599e-13
-1.59779569243201e-16 -1.71113487109268e-16  -1.9898452217626e-14  9.51947295496385e-14  -4.7635326068123e-13  -0.00216847648717312 -9.26932652886161e-07     0.420057605516308  0.000975982000183274  3.60339507483558e-14
-7.34212965056035e-16 -1.39880363129189e-15 -1.14764150780054e-13  5.16318284635536e-13  -2.6760382603181e-12    -0.436366184153514 -0.000185671167835285  0.000975982000183274     0.616451255853097   -5.857560866701e-14
 0.000877956048544456   0.00145188040843511    0.0172199439618844    0.0293564034102913 -1.84429733922555e-05  1.20026777885586e-12 -2.05203661192599e-13  3.60339507483558e-14   -5.857560866701e-14     0.145397201598515
TOTAL ENERGY: -127.295951191592	 lambda: 0.1	 population of target: 6.64365544275316
1RDM: 
     1.99999758491167  1.94490289546425e-06 -3.21525519156525e-07  8.75573481547974e-05 -0.000311686741345902 -1.39337189208202e-15  1.05282756311309e-16 -1.09420647954852e-16 -2.81514633064232e-16  0.000556072108890104
 1.94490289546425e-06      1.99998652513347 -3.81265452911506e-05 -0.000427506635681262 -0.000480865099141448 -3.17541783487883e-15  3.45363874593989e-16 -1.68746706676658e-16 -1.28346177227548e-15    0.0015280236346632
-3.21525519156525e-07 -3.81265452911506e-05      1.99754242389103 -0.000973917894322736  -0.00371990234864828 -2.44691981281276e-14  -9.2693652662109e-16 -1.73845239580161e-14 -1.06521210561827e-13   0.00506673684731647
 8.75573481547974e-05 -0.000427506635681262 -0.000973917894322736      1.98514453695904   -0.0106514345197465 -2.12084387215612e-13  3.77069374550146e-14   9.2343729632756e-14  4.62624166089493e-13    0.0450149384133837
-0.000311686741345902 -0.000480865099141448  -0.00371990234864828   -0.0106514345197465      1.84684039567626  3.29562565386765e-14  -9.6001323853891e-14 -4.57805945404623e-13 -2.39242204414857e-12   -0.0413911684123882
-1.39337189208202e-15 -3.17541783487883e-15 -2.44691981281276e-14 -2.12084387215612e-13  3.29562565386765e-14      1.33795405242414 -8.66425969429348e-05  -0.00208995614349291    -0.423077749604052  1.01645726676803e-12
 1.05282756311309e-16  3.45363874593989e-16  -9.2693652662109e-16  3.77069374550146e-14  -9.6001323853891e-14 -8.66425969429348e-05      1.54158235995903   -0.0293418460800224 -3.42109740113238e-05 -1.88647762541659e-13
-1.09420647954852e-16 -1.68746706676658e-16 -1.73845239580161e-14   9.2343729632756e-14 -4.57805945404623e-13  -0.00208995614349291   -0.0293418460800224     0.463138624377099   0.00101188468575373  5.94431974630499e-14
-2.81514633064232e-16 -1.28346177227548e-15 -1.06521210561827e-13  4.62624166089493e-13 -2.39242204414857e-12    -0.423077749604052 -3.42109740113238e-05   0.00101188468575373     0.666756948876163  1.53798061168944e-13
 0.000556072108890104    0.0015280236346632   0.00506673684731647    0.0450149384133837   -0.0413911684123882  1.01645726676803e-12 -1.88647762541659e-13  5.94431974630499e-14  1.53798061168944e-13     0.161056547792167
TOTAL ENERGY: -127.278943644733	 lambda: 0.2	 population of target: 6.75787229425986
1RDM: 
     1.99999783244467  1.40994599836351e-06  3.50976070301678e-06  6.33015270343764e-05 -0.000367859250375329 -1.03846572902655e-15  6.66673035320915e-17 -4.96235147821279e-17   2.4963462048378e-16  0.000245331744235877
 1.40994599836351e-06      1.99998816273145  -4.5074340617099e-05  -0.00037214677570332 -0.000467742229087621 -3.25808840496174e-15  3.55552060608183e-16 -1.74449329263826e-16  -1.3585455153029e-15   0.00158971947414955
 3.50976070301678e-06  -4.5074340617099e-05      1.99749227624611  -0.00115539716056117  -0.00567523245026549 -1.24193306070273e-14 -2.29943042157993e-15 -1.50091316370706e-14 -8.34352425259047e-14  -0.00488570571306323
 6.33015270343764e-05  -0.00037214677570332  -0.00115539716056117      1.98720298546014  -0.00942830604642436 -2.62165279722561e-13  4.32852311860708e-14  8.89723000324428e-14   4.3209619371133e-13    0.0596247090496564
-0.000367859250375329 -0.000467742229087621  -0.00567523245026549  -0.00942830604642436       1.8231729943286  1.93367028461871e-13  -1.1344325128115e-13 -4.36380167700897e-13   -2.197022722629e-12   -0.0864307652735833
-1.03846572902655e-15 -3.25808840496174e-15 -1.24193306070273e-14 -2.62165279722561e-13  1.93367028461871e-13      1.29511042186433 -8.75564291276041e-05  -0.00200052369915531    -0.406876833230505  8.24515117263291e-13
 6.66673035320915e-17  3.55552060608183e-16 -2.29943042157993e-15  4.32852311860708e-14  -1.1344325128115e-13 -8.75564291276041e-05      1.50088618859611   -0.0503139606230933  7.69018039266982e-05 -1.69358266698097e-13
-4.96235147821279e-17 -1.74449329263826e-16 -1.50091316370706e-14  8.89723000324428e-14 -4.36380167700897e-13  -0.00200052369915531   -0.0503139606230933     0.502887795376338   0.00102255632687282  8.07934332572605e-14
  2.4963462048378e-16  -1.3585455153029e-15 -8.34352425259047e-14   4.3209619371133e-13   -2.197022722629e-12    -0.406876833230505  7.69018039266982e-05   0.00102255632687282     0.708653473610401  3.33316374290976e-13
 0.000245331744235877   0.00158971947414955  -0.00488570571306323    0.0596247090496564   -0.0864307652735833  8.24515117263291e-13 -1.69358266698097e-13  8.07934332572605e-14  3.33316374290976e-13     0.184607869341927
TOTAL ENERGY: -127.254203938496	 lambda: 0.3	 population of target: 6.85729302351798
1RDM: 
     1.99999789308769  1.11294072751215e-06  5.45829069974706e-06  5.39056130616088e-05  -0.00043635746460785 -7.76140821859851e-16  3.71385143654567e-17  1.19834795235839e-17  7.90175493867841e-16  -4.2789524560297e-05
 1.11294072751215e-06      1.99998955024929 -4.93155940692414e-05  -0.00032826094980597 -0.000428271136841325 -3.21469683693191e-15   3.5385475914732e-16 -1.86733260771256e-16 -1.49251593570848e-15   0.00162319155504157
 5.45829069974706e-06 -4.93155940692414e-05      1.99724605009769  -0.00111788869678794  -0.00715142921506807 -7.03507371059894e-16 -3.46857005652288e-15 -1.30565588758618e-14 -6.42334500934678e-14   -0.0134136949172806
 5.39056130616088e-05  -0.00032826094980597  -0.00111788869678794      1.98852988011717  -0.00631918849133048 -3.00827546935568e-13   4.7117953079162e-14  8.54050129280617e-14  4.01927953840305e-13    0.0718812275923063
 -0.00043635746460785 -0.000428271136841325  -0.00715142921506807  -0.00631918849133048      1.79843352657906  3.07978265727958e-13 -1.26397353547582e-13  -4.1585775704659e-13 -2.01687399959589e-12    -0.131547869126559
-7.76140821859851e-16 -3.21469683693191e-15 -7.03507371059894e-16 -3.00827546935568e-13  3.07978265727958e-13      1.26250429101682 -8.79998024694402e-05  -0.00192861806051239    -0.393730937266375  6.47862164845507e-13
 3.71385143654567e-17   3.5385475914732e-16 -3.46857005652288e-15   4.7117953079162e-14 -1.26397353547582e-13 -8.79998024694402e-05       1.4693215085597   -0.0657737517533198   0.00015932131219325 -1.50634100311277e-13
 1.19834795235839e-17 -1.86733260771256e-16 -1.30565588758618e-14  8.54050129280617e-14  -4.1585775704659e-13  -0.00192861806051239   -0.0657737517533198     0.533839103520912   0.00102773172697244  9.98726245215147e-14
 7.90175493867841e-16 -1.49251593570848e-15 -6.42334500934678e-14  4.01927953840305e-13 -2.01687399959589e-12    -0.393730937266375   0.00015932131219325   0.00102773172697244     0.740646181639386  4.98737509028982e-13
 -4.2789524560297e-05   0.00162319155504157   -0.0134136949172806    0.0718812275923063    -0.131547869126559  6.47862164845507e-13 -1.50634100311277e-13  9.98726245215147e-14  4.98737509028982e-13     0.209492015132347
TOTAL ENERGY: -127.22345323683	 lambda: 0.4	 population of target: 6.94535396665081
1RDM: 
     1.99999782418066  1.03014481751562e-06  6.38327331200456e-06  5.63647272991363e-05 -0.000503663416387496 -5.48709262402018e-16  1.29132835643603e-17  7.03360366307745e-17  1.31002901485784e-15 -0.000309178205204171
 1.03014481751562e-06      1.99999068974744 -5.27118330721299e-05 -0.000293859704658363 -0.000362563442624634 -3.06496765091865e-15  3.38715001723687e-16 -2.04214469577514e-16 -1.65062059596203e-15    0.0016195384826142
 6.38327331200456e-06 -5.27118330721299e-05      1.99676111325895 -0.000957747276870053  -0.00828995141851157   9.1211765365425e-15 -4.54364235435525e-15 -1.14314784524225e-14 -4.96770226562578e-14   -0.0213946250620425
 5.63647272991363e-05 -0.000293859704658363 -0.000957747276870053      1.98934100274041   -0.0017067622578314 -3.18716070881949e-13  4.92443714869812e-14  8.22550615717845e-14  3.69136201342794e-13    0.0811107436737678
-0.000503663416387496 -0.000362563442624634  -0.00828995141851157   -0.0017067622578314      1.77835952950863  3.91516026355682e-13 -1.36652336413096e-13 -3.99853194904866e-13 -1.85074861421521e-12    -0.176515774021957
-5.48709262402018e-16 -3.06496765091865e-15   9.1211765365425e-15 -3.18716070881949e-13  3.91516026355682e-13        1.239630039877 -8.93781038175665e-05  -0.00189378384084852    -0.387841732642548  4.81977504092827e-13
 1.29132835643603e-17  3.38715001723687e-16 -4.54364235435525e-15  4.92443714869812e-14 -1.36652336413096e-13 -8.93781038175665e-05      1.44968686570795   -0.0788606734319637  0.000226861380613498 -1.34183502921567e-13
 7.03360366307745e-17 -2.04214469577514e-16 -1.14314784524225e-14  8.22550615717845e-14 -3.99853194904866e-13  -0.00189378384084852   -0.0788606734319637     0.553126962813346   0.00104383018909435  1.17409177908988e-13
 1.31002901485784e-15 -1.65062059596203e-15 -4.96770226562578e-14  3.69136201342794e-13 -1.85074861421521e-12    -0.387841732642548  0.000226861380613498   0.00104383018909435     0.763173490292971  6.47295042887051e-13
-0.000309178205204171    0.0016195384826142   -0.0213946250620425    0.0811107436737678    -0.176515774021957  4.81977504092827e-13 -1.34183502921567e-13  1.17409177908988e-13  6.47295042887051e-13     0.229932481872715
TOTAL ENERGY: -127.186061000644	 lambda: 0.5	 population of target: 7.02847193736052
1RDM: 
     1.99999767055062  1.11100429087854e-06  6.39810491216965e-06  6.68523080063269e-05 -0.000562584807822781 -3.40444203118999e-16 -9.42968396542956e-18  1.23435479199783e-16  1.79151583009474e-15 -0.000562007834935432
 1.11100429087854e-06        1.999991599485 -5.77944268660707e-05  -0.00026671254090563 -0.000275827144137354 -2.81161784223737e-15   3.1084622119906e-16 -2.24490254312107e-16  -1.8203471936306e-15   0.00157480392577734
 6.39810491216965e-06 -5.77944268660707e-05      1.99595985136654 -0.000770295516535736   -0.0093945267435107  1.76890782226345e-14 -5.58834557229839e-15 -9.94087136011553e-15 -3.50838426317289e-14   -0.0295156808072914
 6.68523080063269e-05  -0.00026671254090563 -0.000770295516535736      1.98984611441489   0.00385284002733048 -3.20459631282427e-13  4.99323965412996e-14  7.99600231973715e-14  3.34589363884441e-13    0.0872021875708171
-0.000562584807822781 -0.000275827144137354   -0.0093945267435107   0.00385284002733048      1.76575910347715  4.51254044702856e-13 -1.45881863775193e-13 -3.90046627371114e-13 -1.70529112130677e-12    -0.223328915996028
-3.40444203118999e-16 -2.81161784223737e-15  1.76890782226345e-14 -3.20459631282427e-13  4.51254044702856e-13        1.224889401879 -9.26491863698974e-05  -0.00190629264477531    -0.391507537256564  3.20308869204423e-13
-9.42968396542956e-18   3.1084622119906e-16 -5.58834557229839e-15  4.99323965412996e-14 -1.45881863775193e-13 -9.26491863698974e-05      1.44263383652645    -0.092275119564176   0.00029196315535976 -1.20329377268045e-13
 1.23435479199783e-16 -2.24490254312107e-16 -9.94087136011553e-15  7.99600231973715e-14 -3.90046627371114e-13  -0.00190629264477531    -0.092275119564176     0.560046497928941   0.00108203197451436  1.34686482246956e-13
 1.79151583009474e-15  -1.8203471936306e-15 -3.50838426317289e-14  3.34589363884441e-13 -1.70529112130677e-12    -0.391507537256564   0.00029196315535976   0.00108203197451436     0.777780257190096  7.84367874676781e-13
-0.000562007834935432   0.00157480392577734   -0.0295156808072914    0.0872021875708171    -0.223328915996028  3.20308869204423e-13 -1.20329377268045e-13  1.34686482246956e-13  7.84367874676781e-13     0.243095667181344
TOTAL ENERGY: -127.138992212409	 lambda: 0.6	 population of target: 7.11396119996093
1RDM: 
     1.99999745536202  1.29686434518004e-06  5.09906954496224e-06  8.17655580209131e-05  -0.00061315592253308 -1.26269920973519e-16 -3.18952027349651e-17  1.72120952083507e-16  2.25496682713206e-15 -0.000811222393041568
 1.29686434518004e-06      1.99999228327891 -6.73593553240526e-05 -0.000245661573225995 -0.000177597632186019 -2.47598351725674e-15  2.72799227329763e-16 -2.43908171673483e-16 -1.99338648160018e-15   0.00148890330198415
 5.09906954496224e-06 -6.73593553240526e-05      1.99473262464233 -0.000638689385461257   -0.0108180464630433   2.5407226968347e-14 -6.60338422748368e-15 -8.40876033928541e-15 -1.91980657553577e-14   -0.0382179248481511
 8.17655580209131e-05 -0.000245661573225995 -0.000638689385461257      1.99017605602798   0.00973477033867307 -3.08005334262839e-13  4.95229415653099e-14  7.87496562794857e-14  3.01717771194996e-13    0.0904241056214512
 -0.00061315592253308 -0.000177597632186019   -0.0108180464630433   0.00973477033867307      1.76024653764355  4.82974569459326e-13 -1.55292646912315e-13 -3.86388643775013e-13 -1.56636738046926e-12    -0.274521619884819
-1.26269920973519e-16 -2.47598351725674e-15   2.5407226968347e-14 -3.08005334262839e-13  4.82974569459326e-13      1.21617923904875  -9.8418386423686e-05  -0.00196998513147734    -0.405689601210934  1.59996046789937e-13
-3.18952027349651e-17  2.72799227329763e-16 -6.60338422748368e-15  4.95229415653099e-14 -1.55292646912315e-13  -9.8418386423686e-05      1.44748266754041    -0.108218320842855  0.000365156697550018 -1.08507865303478e-13
 1.72120952083507e-16 -2.43908171673483e-16 -8.40876033928541e-15  7.87496562794857e-14 -3.86388643775013e-13  -0.00196998513147734    -0.108218320842855     0.555249642048223   0.00114941029764932  1.52951008049808e-13
 2.25496682713206e-15 -1.99338648160018e-15 -1.91980657553577e-14  3.01717771194996e-13 -1.56636738046926e-12    -0.405689601210934  0.000365156697550018   0.00114941029764932     0.786541730771793  9.21172881399809e-13
-0.000811222393041568   0.00148890330198415   -0.0382179248481511    0.0904241056214512    -0.274521619884819  1.59996046789937e-13 -1.08507865303478e-13  1.52951008049808e-13  9.21172881399809e-13     0.249401763636032
TOTAL ENERGY: -127.077462661199	 lambda: 0.7	 population of target: 7.20847140290219
1RDM: 
     1.99999718175153  1.52604626780758e-06  1.68802766107902e-06  9.80089393357712e-05 -0.000661852770232776  8.75209860860461e-17 -5.44169385263418e-17  2.19411844730016e-16  2.72230753200301e-15  -0.00106454468200356
 1.52604626780758e-06      1.99999271836628 -8.41150097385834e-05 -0.000230992754144671 -8.19097053811319e-05 -2.10032563254345e-15   2.2883238632071e-16  -2.5821538749518e-16 -2.11734945719598e-15   0.00136656871190594
 1.68802766107902e-06 -8.41150097385834e-05      1.99295004571705 -0.000624481033522371   -0.0128963320294586  3.14409412159974e-14 -7.56577360778956e-15 -6.68788617775394e-15 -2.87479326658492e-16   -0.0477170719493711
 9.80089393357712e-05 -0.000230992754144671 -0.000624481033522371      1.99036547545785    0.0152648659306183  -2.8545014620563e-13  4.85253073113727e-14  7.87949413076903e-14  2.68084504389562e-13    0.0913943038659959
