TOTAL ENERGY: -126.58522497373	 lambda: -1	 population of target: 5.35828952037652
1RDM: 
     1.99999732016835  8.49955052749264e-06 -7.80536222567691e-05  0.000310243288897081 -0.000119546873097548  1.92517248488902e-14  1.45883238819488e-13 -3.29801470119004e-14  3.15426422195517e-14  -0.00113988024128776
 8.49955052749264e-06      1.99996181449679  0.000128886308251502  -0.00143741437368973 -0.000182090689044527 -3.91924475229067e-14 -2.89211442676133e-14 -4.35960716557956e-14 -4.01445432080629e-14  0.000154356662209444
-7.80536222567691e-05  0.000128886308251502      1.99582830287282   0.00424674473299943  -0.00607644081960824  3.10906112036342e-13  7.76706048891884e-12  3.52980031481221e-12  3.47586199592243e-12   -0.0731756155086425
 0.000310243288897081  -0.00143741437368973   0.00424674473299943      1.94392272116037   -0.0123375809096869 -5.62217132582342e-12 -5.10509997188157e-12   4.6640741945288e-12  5.56014217309737e-12   -0.0165075254523066
-0.000119546873097548 -0.000182090689044527  -0.00607644081960824   -0.0123375809096869      1.83857623908729   6.3106504611109e-11  2.42952666387449e-11 -3.43198609660706e-11 -1.33718548795878e-10    -0.318266669579313
 1.92517248488902e-14 -3.91924475229067e-14  3.10906112036342e-13 -5.62217132582342e-12   6.3106504611109e-11      1.50579521810926 -2.78383124318954e-14    0.0120844159326163     0.448052205116718  8.30457079982582e-12
 1.45883238819488e-13 -2.89211442676133e-14  7.76706048891884e-12 -5.10509997188157e-12  2.42952666387449e-11 -2.78383124318954e-14      1.50579521810907     0.448052205118516   -0.0120844159324015   1.3640750213063e-10
-3.29801470119004e-14 -4.35960716557956e-14  3.52980031481221e-12   4.6640741945288e-12 -3.43198609660706e-11    0.0120844159326163     0.448052205118516     0.514783313527527 -8.40800144675916e-15  4.35274242706196e-11
 3.15426422195517e-14 -4.01445432080629e-14  3.47586199592243e-12  5.56014217309737e-12 -1.33718548795878e-10     0.448052205116718   -0.0120844159324015 -8.40800144675916e-15     0.514783313527266  4.03801876995795e-11
 -0.00113988024128776  0.000154356662209444   -0.0731756155086425   -0.0165075254523066    -0.318266669579313  8.30457079982582e-12   1.3640750213063e-10  4.35274242706196e-11  4.03801876995795e-11     0.180556538941281
TOTAL ENERGY: -126.765312729097	 lambda: -0.9	 population of target: 5.54809829193848
1RDM: 
     1.99999758533443  7.25492096533844e-06 -7.28357015253668e-05  0.000260995622161081  -7.3213770349832e-05  9.65692921135471e-15   1.2568739168091e-13 -4.34158810549744e-14  1.88440230480547e-14  -0.00112412454755686
 7.25492096533844e-06      1.99996636988678   9.2980991521153e-05  -0.00127202519952573 -0.000204118776209734 -9.03538551547967e-15  4.30943243480278e-14  2.46524373002171e-14   3.1776037155236e-14 -0.000202388817479615
-7.28357015253668e-05   9.2980991521153e-05      1.99565878691828   0.00271116519971756  -0.00144833027458906  1.26199598965536e-12   8.8337685797001e-12  1.61326859794064e-12  1.88088335297186e-12   -0.0774748275875659
 0.000260995622161081  -0.00127202519952573   0.00271116519971756      1.94979153993196   -0.0138630197473751 -3.30733054969082e-13  3.57019555191868e-12 -2.75658486808606e-13  3.12676336886444e-12   -0.0344543299643884
 -7.3213770349832e-05 -0.000204118776209734  -0.00144833027458906   -0.0138630197473751      1.82495532503651  5.29896785616721e-11   7.0244143866698e-12 -2.20678396138595e-11 -1.26615344803632e-10    -0.202331282255316
 9.65692921135471e-15 -9.03538551547967e-15  1.26199598965536e-12 -3.30733054969082e-13  5.29896785616721e-11      1.51169150228798 -1.87007675246063e-14    0.0121295957263424     0.410779833389137  1.53323195170468e-11
  1.2568739168091e-13  4.30943243480278e-14   8.8337685797001e-12  3.57019555191868e-12   7.0244143866698e-12 -1.87007675246063e-14      1.51169150228799     0.410779833390122   -0.0121295957263243   1.3034667426594e-10
-4.34158810549744e-14  2.46524373002171e-14  1.61326859794064e-12 -2.75658486808606e-13 -2.20678396138595e-11    0.0121295957263424     0.410779833390122     0.507342778151481   -2.997886866155e-15  3.27403190850012e-11
 1.88440230480547e-14   3.1776037155236e-14  1.88088335297186e-12  3.12676336886444e-12 -1.26615344803632e-10     0.410779833389137   -0.0121295957263243   -2.997886866155e-15     0.507342778151451  2.71437173351378e-11
 -0.00112412454755686 -0.000202388817479615   -0.0774748275875659   -0.0344543299643884    -0.202331282255316  1.53323195170468e-11   1.3034667426594e-10  3.27403190850012e-11  2.71437173351378e-11     0.191561832013153
TOTAL ENERGY: -126.92068676816	 lambda: -0.8	 population of target: 5.73049453684357
1RDM: 
     1.99999780914778  6.10797798339252e-06 -6.88295779134976e-05  0.000216541134213526 -3.81507904359191e-05  1.98422533300234e-14  1.32122767367348e-13  -3.5328472607247e-14   2.0505832059246e-14   -0.0010896996021541
 6.10797798339252e-06      1.99997061104066   5.7772050327073e-05  -0.00112374684426244 -0.000110793367934406 -1.88790865829558e-14  4.46431091827191e-14 -5.61447988740242e-14 -1.94298834285075e-14 -0.000520282419680407
-6.88295779134976e-05   5.7772050327073e-05      1.99537837430177   0.00127600603485816   0.00547595107033572  8.78283476230461e-13   7.6709674349703e-12  3.28786017612303e-12  2.77687594418399e-12   -0.0776917493099619
 0.000216541134213526  -0.00112374684426244   0.00127600603485816      1.95476629469801   -0.0121059309184914 -4.41213521258162e-12 -4.07933643904688e-13  2.34477895272181e-12     6.27721640187e-12   -0.0515232578944029
-3.81507904359191e-05 -0.000110793367934406   0.00547595107033572   -0.0121059309184914      1.75178670785372  5.39256828159134e-11  1.25103829245245e-11 -3.38336076575986e-11 -1.30343222685142e-10    -0.131650350834184
 1.98422533300234e-14 -1.88790865829558e-14  8.78283476230461e-13 -4.41213521258162e-12  5.39256828159134e-11      1.48954943426279  1.91528054866641e-15    0.0115530807207211     0.369842590156696  1.38784265636432e-11
 1.32122767367348e-13  4.46431091827191e-14   7.6709674349703e-12 -4.07933643904688e-13  1.25103829245245e-11  1.91528054866641e-15      1.48954943426244     0.369842590155532   -0.0115530807207635  1.13122587063592e-10
 -3.5328472607247e-14 -5.61447988740242e-14  3.28786017612303e-12  2.34477895272181e-12 -3.38336076575986e-11    0.0115530807207211     0.369842590155532     0.527641533866164  2.15374232254654e-14  3.46515855702162e-11
  2.0505832059246e-14 -1.94298834285075e-14  2.77687594418399e-12     6.27721640187e-12 -1.30343222685142e-10     0.369842590156696   -0.0115530807207635  2.15374232254654e-14     0.527641533865866  2.45622279357489e-11
  -0.0010896996021541 -0.000520282419680407   -0.0776917493099619   -0.0515232578944029    -0.131650350834184  1.38784265636432e-11  1.13122587063592e-10  3.46515855702162e-11  2.45622279357489e-11     0.263718266700926
TOTAL ENERGY: -127.018675839325	 lambda: -0.7	 population of target: 5.86052996932099
1RDM: 
     1.99999799142923  5.35585905395021e-06 -6.29581173353789e-05  0.000186948149321877 -2.97171214626098e-05 -1.17970458225169e-14  9.22423515770211e-14  -2.5742698109123e-14  2.34554257660562e-14  -0.00102470324332127
 5.35585905395021e-06      1.99997356017808  3.56514720187092e-05  -0.00102354843774847   8.2029585705877e-06  2.67683706475788e-14   9.2158951058873e-14  4.75670194568206e-14  7.30127307964881e-14 -0.000674514313659787
-6.29581173353789e-05  3.56514720187092e-05      1.99541823019836   0.00038922295037312    0.0108099616781142  3.17762292998901e-12  9.41540570172804e-12 -8.32200668679337e-13 -1.50588054317039e-12   -0.0714980862870043
 0.000186948149321877  -0.00102354843774847   0.00038922295037312      1.95789456186633   -0.0100117182138973   2.7850504209935e-12  8.45278758634567e-12 -1.63771785154146e-12  3.76004057114959e-12   -0.0635107699657141
-2.97171214626098e-05   8.2029585705877e-06    0.0108099616781142   -0.0100117182138973      1.67288915252747  5.43782915871495e-11  2.19026127915389e-11 -4.40317620873331e-11 -1.28237239982851e-10    -0.135980726921358
-1.17970458225169e-14  2.67683706475788e-14  3.17762292998901e-12   2.7850504209935e-12  5.43782915871495e-11      1.45534411707861 -1.35666015824219e-14    0.0106960976703114     0.321942948159365  7.52594018646855e-12
 9.22423515770211e-14   9.2158951058873e-14  9.41540570172804e-12  8.45278758634567e-12  2.19026127915389e-11 -1.35666015824219e-14      1.45534411707866     0.321942948160051    -0.010696097670293  1.00516805613587e-10
 -2.5742698109123e-14  4.75670194568206e-14 -8.32200668679337e-13 -1.63771785154146e-12 -4.40317620873331e-11    0.0106960976703114     0.321942948160051     0.559727363599304 -1.42255311307538e-15  3.72014887871507e-11
 2.34554257660562e-14  7.30127307964881e-14 -1.50588054317039e-12  3.76004057114959e-12 -1.28237239982851e-10     0.321942948159365    -0.010696097670293 -1.42255311307538e-15     0.559727363599324  2.80217138631264e-11
 -0.00102470324332127 -0.000674514313659787   -0.0714980862870043   -0.0635107699657141    -0.135980726921358  7.52594018646855e-12  1.00516805613587e-10  3.72014887871507e-11  2.80217138631264e-11     0.343683542444735
TOTAL ENERGY: -127.074110546697	 lambda: -0.6	 population of target: 5.9453835557666
1RDM: 
      1.9999981631696  4.94196589550099e-06 -5.39800086720874e-05  0.000169538842959721 -4.70353163010373e-05  1.55058227310627e-14  1.19595387489089e-13  -2.8727645541773e-14  1.54880622332853e-14 -0.000938275963739748
 4.94196589550099e-06       1.9999755202718  2.81903787489822e-05  -0.00095633374970469  6.62764401849304e-05 -5.84426920653828e-16  5.72448726410952e-14 -5.79942556377433e-14 -2.80253200133581e-14 -0.000680238437429863
-5.39800086720874e-05  2.81903787489822e-05      1.99591680010336  0.000110439670437747    0.0124967180762409  5.88683794795575e-13  5.94728599711485e-12  4.67190489142792e-12  2.63643181997522e-12   -0.0604616692761482
 0.000169538842959721  -0.00095633374970469  0.000110439670437747      1.95986897844502   -0.0105186865343228 -4.36992733117488e-12   1.5298829166329e-12  1.25607805951893e-12  7.40367887886466e-12   -0.0711302326870085
-4.70353163010373e-05  6.62764401849304e-05    0.0124967180762409   -0.0105186865343228        1.629308393952  5.28025136680774e-11  2.79885128752562e-11 -5.16618032616692e-11 -1.23100137687729e-10    -0.196307244551058
 1.55058227310627e-14 -5.84426920653828e-16  5.88683794795575e-13 -4.36992733117488e-12  5.28025136680774e-11      1.42217535603712 -2.11181447411787e-14   0.00983753225265697     0.263718134643261   2.0622418224105e-12
 1.19595387489089e-13  5.72448726410952e-14  5.94728599711485e-12   1.5298829166329e-12  2.79885128752562e-11 -2.11181447411787e-14      1.42217535603742     0.263718134644417  -0.00983753225266623  1.01370564301187e-10
 -2.8727645541773e-14 -5.79942556377433e-14  4.67190489142792e-12  1.25607805951893e-12 -5.16618032616692e-11   0.00983753225265697     0.263718134644417     0.590440646480814 -3.83942132782244e-15  3.53971979029695e-11
 1.54880622332853e-14 -2.80253200133581e-14  2.63643181997522e-12  7.40367887886466e-12 -1.23100137687729e-10     0.263718134643261  -0.00983753225266623 -3.83942132782244e-15     0.590440646481077  3.43061953039154e-11
-0.000938275963739748 -0.000680238437429863   -0.0604616692761482   -0.0711302326870085    -0.196307244551058   2.0622418224105e-12  1.01370564301187e-10  3.53971979029695e-11  3.43061953039154e-11     0.389700139021853
TOTAL ENERGY: -127.108456651439	 lambda: -0.5	 population of target: 6.00764374058471
1RDM: 
      1.9999983438992  4.69700302549403e-06  -4.3077446649497e-05  0.000158472965045013 -7.10958828790701e-05  -1.2976436164513e-15  9.95537669116616e-14 -2.08554669209355e-14  1.43368921023504e-14 -0.000837183221340774
 4.69700302549403e-06      1.99997702618186  2.96441264543273e-05  -0.00090129222057288  5.17368087039389e-05  9.32789380730899e-15  6.19320277890421e-14  6.53575776366522e-15  3.11641658855712e-14 -0.000602680214035743
 -4.3077446649497e-05  2.96441264543273e-05      1.99669293573183  0.000257811738106176    0.0114339118164709  2.54071220145727e-12  7.35277351459814e-12  2.13793513040625e-12  -9.1175017708814e-13   -0.0468932881135008
 0.000158472965045013  -0.00090129222057288  0.000257811738106176      1.96148604512204   -0.0138812706811486   1.9345058126406e-12   8.4577188871906e-12 -4.34283878059453e-12  2.48700732547882e-12   -0.0766110179985951
-7.10958828790701e-05  5.17368087039389e-05    0.0114339118164709   -0.0138812706811486      1.62776809616663  2.42112688553055e-11  7.21077920151611e-12 -2.18139232632685e-11 -7.56980811329769e-11    -0.276819007041722
 -1.2976436164513e-15  9.32789380730899e-15  2.54071220145727e-12   1.9345058126406e-12  2.42112688553055e-11       1.3922455755938 -1.24564520179631e-14   0.00903610437738871     0.199654383611325  6.07288553323685e-12
 9.95537669116616e-14  6.19320277890421e-14  7.35277351459814e-12   8.4577188871906e-12  7.21077920151611e-12 -1.24564520179631e-14      1.39224557559384     0.199654383611637    -0.009036104377398  1.17349169243997e-10
-2.08554669209355e-14  6.53575776366522e-15  2.13793513040625e-12 -4.34283878059453e-12 -2.18139232632685e-11   0.00903610437738871     0.199654383611637     0.617741340810067  5.25802287235794e-15  1.38722311027133e-11
 1.43368921023504e-14  3.11641658855712e-14  -9.1175017708814e-13  2.48700732547882e-12 -7.56980811329769e-11     0.199654383611325    -0.009036104377398  5.25802287235794e-15     0.617741340810099   2.3084495261271e-11
-0.000837183221340774 -0.000602680214035743   -0.0468932881135008   -0.0766110179985951    -0.276819007041722  6.07288553323685e-12  1.17349169243997e-10  1.38722311027133e-11   2.3084495261271e-11     0.394103720090714
TOTAL ENERGY: -127.134928300063	 lambda: -0.4	 population of target: 6.06657570049057
1RDM: 
     1.99999854028148   4.4707370355048e-06 -3.21255230411226e-05  0.000148817498460748 -8.07108567124194e-05  1.35979319774487e-15  9.64503844609815e-14 -1.60378659819873e-14  1.07340378883827e-14 -0.000722173935358151
  4.4707370355048e-06      1.99997842604206  3.26934270790101e-05 -0.000846204987423325  -1.2913048552805e-05  3.02547348499812e-15  5.70739644976995e-14 -6.11694564077217e-15  1.40805020439861e-14 -0.000506677431839306
-3.21255230411226e-05  3.26934270790101e-05      1.99748567866307  0.000562522371626882   0.00928114404277698  1.33529289598086e-12  5.68982025393352e-12  4.63227509965603e-12  5.18260476835888e-13   -0.0328601406210148
 0.000148817498460748 -0.000846204987423325  0.000562522371626882      1.96317555443973   -0.0186868615626924 -3.63213262926139e-13  7.31968351003703e-12  -3.0777775732732e-12  4.82370426193171e-12   -0.0820449921543467
-8.07108567124194e-05  -1.2913048552805e-05   0.00928114404277698   -0.0186868615626924      1.66066604965215  3.35102228076374e-11  1.47787330626396e-11 -4.32830323735581e-11 -8.82080170959851e-11    -0.341294256589021
 1.35979319774487e-15  3.02547348499812e-15  1.33529289598086e-12 -3.63213262926139e-13  3.35102228076374e-11      1.36681204507623 -1.98100911796317e-14    0.0083398346770541     0.138661092332124 -2.43169527745809e-12
 9.64503844609815e-14  5.70739644976995e-14  5.68982025393352e-12  7.31968351003703e-12  1.47787330626396e-11 -1.98100911796317e-14       1.3668120450763     0.138661092332343  -0.00833983467708846   1.2334281051915e-10
-1.60378659819873e-14 -6.11694564077217e-15  4.63227509965603e-12  -3.0777775732732e-12 -4.32830323735581e-11    0.0083398346770541     0.138661092332343     0.640706120873782  1.41720711839024e-14  1.33394300798455e-11
 1.07340378883827e-14  1.40805020439861e-14  5.18260476835888e-13  4.82370426193171e-12 -8.82080170959851e-11     0.138661092332124  -0.00833983467708846  1.41720711839024e-14     0.640706120873848  3.61270384166555e-11
-0.000722173935358151 -0.000506677431839306   -0.0328601406210148   -0.0820449921543467    -0.341294256589021 -2.43169527745809e-12   1.2334281051915e-10  1.33394300798455e-11  3.61270384166555e-11     0.363659419021344
TOTAL ENERGY: -127.161012661406	 lambda: -0.3	 population of target: 6.14176412411794
1RDM: 
     1.99999875976181    4.128176245447e-06 -2.22866663380338e-05  0.000135788551650831 -6.77587445093096e-05 -4.14253852791968e-16  8.32133324668392e-14 -8.30377118572859e-15  6.36601339297619e-15  -0.00059081505272083
   4.128176245447e-06      1.99998005024944  3.16323101350625e-05 -0.000780862937913789 -0.000113760739779894  -3.0547986012807e-15  6.06224636110847e-14  9.36740162950578e-16  2.22570908222506e-14 -0.000453498770933311
-2.22866663380338e-05  3.16323101350625e-05      1.99814396589139  0.000763156109538277   0.00674884228734065  1.14607222506069e-12  5.07156432997924e-12  5.49547641906178e-12  3.92899378175684e-13   -0.0199076873563839
 0.000135788551650831 -0.000780862937913789  0.000763156109538277      1.96523900903433   -0.0236107571834279  -2.5381007597255e-13  8.46968211229961e-12 -3.55520267568545e-12  5.11440667602906e-12   -0.0896047940513654
-6.77587445093096e-05 -0.000113760739779894   0.00674884228734065   -0.0236107571834279      1.71713704696738   3.1503572385513e-11  8.13931938247298e-12 -4.95244420741931e-11 -8.52782178299734e-11    -0.361740459334962
-4.14253852791968e-16  -3.0547986012807e-15  1.14607222506069e-12  -2.5381007597255e-13   3.1503572385513e-11      1.34680471412816 -2.04121849335257e-14   0.00778142605716062    0.0860740728219452 -3.28415008999481e-12
 8.32133324668392e-14  6.06224636110847e-14  5.07156432997924e-12  8.46968211229961e-12  8.13931938247298e-12 -2.04121849335257e-14      1.34680471412798    0.0860740728219329  -0.00778142605720388  1.31449834299855e-10
-8.30377118572859e-15  9.36740162950578e-16  5.49547641906178e-12 -3.55520267568545e-12 -4.95244420741931e-11   0.00778142605716062    0.0860740728219329     0.658607288200655  1.91118257613227e-14  4.98652694612775e-12
 6.36601339297619e-15  2.22570908222506e-14  3.92899378175684e-13  5.11440667602906e-12 -8.52782178299734e-11    0.0860740728219452  -0.00778142605720388  1.91118257613227e-14     0.658607288200487  3.72515101160233e-11
 -0.00059081505272083 -0.000453498770933311   -0.0199076873563839   -0.0896047940513654    -0.361740459334962 -3.28415008999481e-12  1.31449834299855e-10  4.98652694612775e-12  3.72515101160233e-11     0.308677163438421
TOTAL ENERGY: -127.189869785085	 lambda: -0.2	 population of target: 6.25908676969838
1RDM: 
     1.99999901548673  3.52569118480695e-06 -1.38084395877004e-05  0.000113822213577557 -4.13676372378394e-05 -1.23064656558718e-15  6.81438874472154e-14 -2.21210022395057e-15  7.42998929739484e-17 -0.000442799182439414
 3.52569118480695e-06      1.99998238574366  2.32600835169096e-05 -0.000691628439279217 -0.000252532465061448 -1.23217645194524e-14  7.66536849427934e-14  4.50678932364201e-15  3.75751392705498e-14 -0.000517649080541553
-1.38084395877004e-05  2.32600835169096e-05       1.9986673787259  0.000634830517356476   0.00344981010141848  1.29584240841161e-12  4.99605956995381e-12  5.83169761978125e-12 -1.15844791604111e-13  -0.00966568269535322
 0.000113822213577557 -0.000691628439279217  0.000634830517356476      1.96799516390556    -0.028068768525685  5.44321042616824e-13  1.06975605479831e-11 -5.15651931039312e-12  4.62545827044979e-12     -0.10190216456129
-4.13676372378394e-05 -0.000252532465061448   0.00344981010141848    -0.028068768525685      1.77825294144396   1.9996500789428e-11 -1.49296642129847e-11 -3.73416609223692e-11 -7.04702733563546e-11    -0.317427425257243
-1.23064656558718e-15 -1.23217645194524e-14  1.29584240841161e-12  5.44321042616824e-13   1.9996500789428e-11      1.32736888453448 -1.91805583263005e-14    0.0072564555594315    0.0426456905228091  3.77529123173879e-12
 6.81438874472154e-14  7.66536849427934e-14  4.99605956995381e-12  1.06975605479831e-11 -1.49296642129847e-11 -1.91805583263005e-14      1.32736888453454    0.0426456905229579  -0.00725645555944646  1.38570968793791e-10
-2.21210022395057e-15  4.50678932364201e-15  5.83169761978125e-12 -5.15651931039312e-12 -3.73416609223692e-11    0.0072564555594315    0.0426456905229579      0.67629635831952  1.54515464077032e-14 -1.24704109382763e-11
 7.42998929739484e-17  3.75751392705498e-14 -1.15844791604111e-13  4.62545827044979e-12 -7.04702733563546e-11    0.0426456905228091  -0.00725645555944646  1.54515464077032e-14     0.676296358319578  2.61601131965069e-11
-0.000442799182439414 -0.000517649080541553  -0.00966568269535322     -0.10190216456129    -0.317427425257243  3.77529123173879e-12  1.38570968793791e-10 -1.24704109382763e-11  2.61601131965069e-11     0.247772628986158
TOTAL ENERGY: -127.216411994566	 lambda: -0.1	 population of target: 6.43940954750093
1RDM: 
     1.99999930671683  2.58433050199562e-06 -6.59255781735878e-06  7.96873057546332e-05  -2.4084983668594e-05 -3.35795247214475e-15  5.27762619052146e-14  5.93412603462408e-15 -3.53065597443906e-15 -0.000292248797320801
 2.58433050199562e-06       1.9999858562728  7.78984829793976e-06 -0.000570510839170511 -0.000403879932139002 -1.43216990029962e-14   1.1779167407375e-13 -4.92666110365143e-15  5.29255346032237e-14 -0.000775240585192541
-6.59255781735878e-06  7.78984829793976e-06      1.99912338479687   5.1953722533294e-05 -0.000445507345476918  7.20682245259508e-13   4.9102183714987e-12  6.69480574872755e-12  6.24353199435868e-13  -0.00468299394729175
 7.96873057546332e-05 -0.000570510839170511   5.1953722533294e-05       1.9714265359016   -0.0314823876182105 -8.51597391015766e-14  1.20653923330013e-11 -5.22388408144004e-12   6.2116457658142e-12    -0.120396323687316
 -2.4084983668594e-05 -0.000403879932139002 -0.000445507345476918   -0.0314823876182105      1.79851324777016  2.84393683507538e-11 -2.34823201359385e-11  -4.7083102952495e-11 -8.50352555727786e-11    -0.202935577788017
-3.35795247214475e-15 -1.43216990029962e-14  7.20682245259508e-13 -8.51597391015766e-14  2.84393683507538e-11      1.29481561171157 -1.29986489875154e-15   0.00646866023827295   0.00971782343718623  4.64911125465912e-12
 5.27762619052146e-14   1.1779167407375e-13   4.9102183714987e-12  1.20653923330013e-11 -2.34823201359385e-11 -1.29986489875154e-15      1.29481561171144   0.00971782343724876  -0.00646866023826006  1.25755089675155e-10
 5.93412603462408e-15 -4.92666110365143e-15  6.69480574872755e-12 -5.22388408144004e-12  -4.7083102952495e-11   0.00646866023827295   0.00971782343724876     0.707428733855696 -4.39165192179062e-16 -1.59627252529758e-11
-3.53065597443906e-15  5.29255346032237e-14  6.24353199435868e-13   6.2116457658142e-12 -8.50352555727786e-11   0.00971782343718623  -0.00646866023826006 -4.39165192179062e-16     0.707428733855565  2.47602108450781e-11
-0.000292248797320801 -0.000775240585192541  -0.00468299394729175    -0.120396323687316    -0.202935577788017  4.64911125465912e-12  1.25755089675155e-10 -1.59627252529758e-11  2.47602108450781e-11     0.226462977407572
TOTAL ENERGY: -127.226876722786	 lambda: 0	 population of target: 6.64576401915251
1RDM: 
     1.99999957094253  1.55603964006128e-06 -1.16007308307148e-06  4.31431805761154e-05   -2.991572372355e-05 -6.88330600720515e-15  4.33962850539526e-14  1.12268433753525e-14 -2.62691923167431e-15 -0.000171872382523561
 1.55603964006128e-06      1.99998977320238 -8.89503988053533e-06 -0.000445889193735093 -0.000472731109735835 -2.75357426040393e-14  1.66178837593614e-13 -2.50389777391093e-14   7.7298054479184e-14  -0.00116410372726375
-1.16007308307148e-06 -8.89503988053533e-06      1.99946196336453 -0.000733120688460712  -0.00224150796569841  2.77144551786315e-12  5.07396650665879e-12  7.27645198516072e-12 -2.19049461932923e-12  -0.00567370298424594
 4.31431805761154e-05 -0.000445889193735093 -0.000733120688460712      1.97443633370344   -0.0324053653811696  2.95780049084434e-12  1.31864573162631e-11 -5.35208586547237e-12  2.94469696148145e-12    -0.140276966441417
  -2.991572372355e-05 -0.000472731109735835  -0.00224150796569841   -0.0324053653811696      1.73147138188804 -2.57983718954417e-11 -2.42884448427641e-11 -5.43381066384608e-11 -9.55102774246385e-12   -0.0663274870225432
-6.88330600720515e-15 -2.75357426040393e-14  2.77144551786315e-12  2.95780049084434e-12 -2.57983718954417e-11      1.24249633922041 -2.18812385441091e-15   0.00528125714096793  -0.00897552295365468  3.50171214698651e-11
 4.33962850539526e-14  1.66178837593614e-13  5.07396650665879e-12  1.31864573162631e-11 -2.42884448427641e-11 -2.18812385441091e-15      1.24249633922033  -0.00897552295361971  -0.00528125714095849  9.67792385612301e-11
 1.12268433753525e-14 -2.50389777391093e-14  7.27645198516072e-12 -5.35208586547237e-12 -5.43381066384608e-11   0.00528125714096793  -0.00897552295361971     0.758749663266547  1.22069748359797e-15 -1.33916942057337e-11
-2.62691923167431e-15   7.7298054479184e-14 -2.19049461932923e-12  2.94469696148145e-12 -9.55102774246385e-12  -0.00897552295365468  -0.00528125714095849  1.22069748359797e-15     0.758749663266467 -2.34875899489787e-11
-0.000171872382523561  -0.00116410372726375  -0.00567370298424594    -0.140276966441417   -0.0663274870225432  3.50171214698651e-11  9.67792385612301e-11 -1.33916942057337e-11 -2.34875899489787e-11     0.292148971925439
TOTAL ENERGY: -127.219754501475	 lambda: 0.1	 population of target: 6.80034378978041
1RDM: 
     1.99999973527741  8.53407173602855e-07  1.97723337860481e-06  1.99463932736656e-05 -4.46459342641597e-05  -8.2539787597165e-15  3.83732956217462e-14  1.56536287029054e-14 -5.20273299829052e-15  -9.4171779685013e-05
 8.53407173602855e-07      1.99999265877749 -2.01819067009581e-05 -0.000361843658193695 -0.000419490062005823 -5.58763993447065e-15  1.90516019226951e-13 -4.06083970423448e-14  6.80123078558266e-14  -0.00148069503201831
 1.97723337860481e-06 -2.01819067009581e-05      1.99957767385829  -0.00125618031637913 -0.000521587440360018  8.32701749769974e-13  6.06024630649683e-12  6.17303593298569e-12  7.55761022936372e-13  -0.00849876394954218
 1.99463932736656e-05 -0.000361843658193695  -0.00125618031637913       1.9759517231031   -0.0302118002303384  3.35320199698391e-13  1.48174231177769e-11 -6.90264897047133e-12   6.8275793978765e-12    -0.154192397763445
-4.46459342641597e-05 -0.000419490062005823 -0.000521587440360018   -0.0302118002303384      1.61672031501627  2.07494192966863e-11 -3.96292930349533e-11 -2.93461898844921e-11 -6.68803340387032e-11    0.0259784987249796
 -8.2539787597165e-15 -5.58763993447065e-15  8.32701749769974e-13  3.35320199698391e-13  2.07494192966863e-11       1.1901383150458 -2.46978372082786e-15   0.00412099592317666   -0.0154931345007074  1.15328634562356e-11
 3.83732956217462e-14  1.90516019226951e-13  6.06024630649683e-12  1.48174231177769e-11 -3.96292930349533e-11 -2.46978372082786e-15      1.19013831504555   -0.0154931345006625  -0.00412099592316866  7.83571160738205e-11
 1.56536287029054e-14 -4.06083970423448e-14  6.17303593298569e-12 -6.90264897047133e-12 -2.93461898844921e-11   0.00412099592317666   -0.0154931345006625     0.810568502227104  7.99103262190206e-16 -2.21951972192066e-11
-5.20273299829052e-15  6.80123078558266e-14  7.55761022936372e-13   6.8275793978765e-12 -6.68803340387032e-11   -0.0154931345007074  -0.00412099592316866  7.99103262190206e-16      0.81056850222686  5.27815227152366e-12
 -9.4171779685013e-05  -0.00148069503201831  -0.00849876394954218    -0.154192397763445    0.0259784987249796  1.15328634562356e-11  7.83571160738205e-11 -2.21951972192066e-11  5.27815227152366e-12     0.406344259422153
TOTAL ENERGY: -127.206774516235	 lambda: 0.2	 population of target: 6.88981040862565
1RDM: 
     1.99999981312911  5.10889971653899e-07   3.6473301751067e-06  1.08838194476965e-05 -5.49337861603676e-05 -9.77819381926379e-15  3.51717798027574e-14  1.79081646450677e-14   -5.232710178977e-15 -4.04561629135874e-05
 5.10889971653899e-07      1.99999428576154 -2.57747234008841e-05 -0.000318435968426657 -0.000311392397610131  2.35570770360516e-15  1.99498636924416e-13 -5.39886688063927e-14  6.25340135047776e-14  -0.00165885750508129
  3.6473301751067e-06 -2.57747234008841e-05       1.9995396645871  -0.00143765794151579   0.00264081730948909  1.04472296555859e-12  6.13969775074502e-12  5.84675536167907e-12  5.19885576067739e-13   -0.0099474260032246
 1.08838194476965e-05 -0.000318435968426657  -0.00143765794151579      1.97634479521622   -0.0261102281099505   6.4081057945534e-13  1.50799368387202e-11 -7.40560918558996e-12  6.61924210083843e-12    -0.162008907806781
-5.49337861603676e-05 -0.000311392397610131   0.00264081730948909   -0.0261102281099505      1.51856365791593  1.69208947036483e-11 -3.86093349599588e-11 -2.27919259673414e-11 -5.66732718618778e-11    0.0716231264944985
-9.77819381926379e-15  2.35570770360516e-15  1.04472296555859e-12   6.4081057945534e-13  1.69208947036483e-11      1.15347954094666 -8.07426601278072e-16   0.00331615632820189   -0.0167558642226097  1.20246540998439e-11
 3.51717798027574e-14  1.99498636924416e-13  6.13969775074502e-12  1.50799368387202e-11 -3.86093349599588e-11 -8.07426601278072e-16      1.15347954094649    -0.016755864222548  -0.00331615632819605  6.07243393995602e-11
 1.79081646450677e-14 -5.39886688063927e-14  5.84675536167907e-12 -7.40560918558996e-12 -2.27919259673414e-11   0.00331615632820189    -0.016755864222548     0.846979955534548  -9.9565504518864e-16 -2.06819043250783e-11
  -5.232710178977e-15  6.25340135047776e-14  5.19885576067739e-13  6.61924210083843e-12 -5.66732718618778e-11   -0.0167558642226097  -0.00331615632819605  -9.9565504518864e-16     0.846979955534385   3.8701454300564e-13
-4.04561629135874e-05  -0.00165885750508129   -0.0099474260032246    -0.162008907806781    0.0716231264944985  1.20246540998439e-11  6.07243393995602e-11 -2.06819043250783e-11   3.8701454300564e-13     0.504638790427973
TOTAL ENERGY: -127.194380508472	 lambda: 0.3	 population of target: 6.94027712355688
1RDM: 
     1.99999984496434  3.77492344692448e-07   4.7814004453686e-06  9.91482309962818e-06  -5.9757991806333e-05 -1.08972038345326e-14  3.14360516073928e-14  2.02439529982501e-14 -5.51226866866259e-15  5.84507357811813e-06
 3.77492344692448e-07      1.99999516843177 -2.80377721424056e-05 -0.000296424932088193 -0.000197825680210268  9.25016895163312e-15  1.98257447859594e-13 -6.23416863084523e-14  5.48806928605852e-14  -0.00174386460060963
  4.7814004453686e-06 -2.80377721424056e-05       1.9994406182626  -0.00140618696150031   0.00565678013212714  1.23505402046726e-12  6.03910528032895e-12  5.57875921354862e-12  2.38232500069852e-13  -0.00979156733765783
 9.91482309962818e-06 -0.000296424932088193  -0.00140618696150031      1.97629544021709   -0.0211728736904274  9.60116405001829e-13  1.50461842085637e-11 -7.81942936202372e-12  6.27439033468535e-12     -0.16654683168888
 -5.9757991806333e-05 -0.000197825680210268   0.00565678013212714   -0.0211728736904274      1.45307821855554  1.41895867253816e-11 -3.75707646350248e-11 -1.80129168817113e-11 -4.96945257628337e-11    0.0944327767013351
-1.08972038345326e-14  9.25016895163312e-15  1.23505402046726e-12  9.60116405001829e-13  1.41895867253816e-11      1.13151110267457 -4.42578557560942e-14   0.00283539579688617   -0.0167920376528793  1.21091375497569e-11
 3.14360516073928e-14  1.98257447859594e-13  6.03910528032895e-12  1.50461842085637e-11 -3.75707646350248e-11 -4.42578557560942e-14      1.13151110267448   -0.0167920376528387  -0.00283539579687484  5.01400245101932e-11
 2.02439529982501e-14 -6.23416863084523e-14  5.57875921354862e-12 -7.81942936202372e-12 -1.80129168817113e-11   0.00283539579688617   -0.0167920376528387     0.868836665867568  4.29587811698475e-14 -1.96407772673077e-11
-5.51226866866259e-15  5.48806928605852e-14  2.38232500069852e-13  6.27439033468535e-12 -4.96945257628337e-11   -0.0167920376528793  -0.00283539579687484  4.29587811698475e-14     0.868836665867478 -2.44968039620075e-12
 5.84507357811813e-06  -0.00174386460060963  -0.00979156733765783     -0.16654683168888    0.0944327767013351  1.21091375497569e-11  5.01400245101932e-11 -1.96407772673077e-11 -2.44968039620075e-12     0.570495172484586
TOTAL ENERGY: -127.183379926213	 lambda: 0.4	 population of target: 6.97199436656507
1RDM: 
     1.99999985349861  3.49639924264806e-07  5.81012328841051e-06  1.31114917682821e-05 -6.10283652475562e-05  -1.1695546082951e-14  2.72019711373397e-14  2.23897570662004e-14  -6.2500156525483e-15  5.23267832086966e-05
 3.49639924264806e-07      1.99999568724873  -2.8776526621364e-05 -0.000283295456796259 -9.08670687478977e-05    1.521345883207e-14  1.92506557990224e-13 -6.79866803248538e-14  4.66691077881749e-14  -0.00177688114093604
 5.81012328841051e-06  -2.8776526621364e-05      1.99930796557826  -0.00125694866784782   0.00812351885800706   1.3583893397107e-12   5.7721317281253e-12  5.48900546867518e-12  1.28229753458905e-15  -0.00849857571178776
 1.31114917682821e-05 -0.000283295456796259  -0.00125694866784782      1.97616559900555   -0.0157376724905304  1.28098870419421e-12  1.48372321500399e-11 -8.15717114466213e-12  5.87354999984147e-12    -0.169527707948697
-6.10283652475562e-05 -9.08670687478977e-05   0.00812351885800706   -0.0157376724905304      1.41476335619843  1.25837304169416e-11 -3.68386014110129e-11 -1.54545469368216e-11 -4.58166479689866e-11     0.109513559365149
 -1.1695546082951e-14    1.521345883207e-14   1.3583893397107e-12  1.28098870419421e-12  1.25837304169416e-11      1.11969086581849 -1.15139345275707e-17   0.00257628183375659   -0.0169347153768663  1.22193041668544e-11
 2.72019711373397e-14  1.92506557990224e-13   5.7721317281253e-12  1.48372321500399e-11 -3.68386014110129e-11 -1.15139345275707e-17      1.11969086581841   -0.0169347153768185  -0.00257628183375164  4.37846952831251e-11
 2.23897570662004e-14 -6.79866803248538e-14  5.48900546867518e-12 -8.15717114466213e-12 -1.54545469368216e-11   0.00257628183375659   -0.0169347153768185     0.880606268544861  -1.2395471597863e-15 -1.88809664542464e-11
 -6.2500156525483e-15  4.66691077881749e-14  1.28229753458905e-15  5.87354999984147e-12 -4.58166479689866e-11   -0.0169347153768663  -0.00257628183375164  -1.2395471597863e-15     0.880606268544786 -4.22403785587038e-12
 5.23267832086966e-05  -0.00177688114093604  -0.00849857571178776    -0.169527707948697     0.109513559365149  1.22193041668544e-11  4.37846952831251e-11 -1.88809664542464e-11 -4.22403785587038e-12     0.609173269743884
TOTAL ENERGY: -127.172645490806	 lambda: 0.5	 population of target: 6.99592389423791
1RDM: 
      1.9999998474008   3.7808358230544e-07  6.90688617690916e-06  1.86959628172352e-05  -6.0488084553365e-05 -1.23995833957547e-14  2.21968247111086e-14  2.47835747025736e-14 -7.28135514001467e-15  0.000102676486969736
  3.7808358230544e-07      1.99999602908254 -2.92084352202867e-05 -0.000273064252179872  1.11398877675943e-05  2.05297966198321e-14   1.8398870382256e-13 -7.18077261382876e-14  3.82499193894984e-14   -0.0017784437460229
 6.90688617690916e-06 -2.92084352202867e-05      1.99912723481647  -0.00104076016101417    0.0100323806774705  1.43405422566923e-12  5.42656158998156e-12  5.50193376125692e-12 -2.01435392509813e-13  -0.00638285239751781
 1.86959628172352e-05 -0.000273064252179872  -0.00104076016101417      1.97612095139475  -0.00971845871841415  1.62201154949902e-12  1.45237535903928e-11 -8.48079174201614e-12  5.41270108699722e-12     -0.17167463855168
 -6.0488084553365e-05  1.11398877675943e-05    0.0100323806774705  -0.00971845871841415      1.39720558892811  1.16503316004913e-11 -3.72637572574637e-11 -1.39743635548041e-11 -4.42297963933118e-11     0.124317399917626
-1.23995833957547e-14  2.05297966198321e-14  1.43405422566923e-12  1.62201154949902e-12  1.16503316004913e-11      1.11508331949875  1.61362293732735e-16   0.00247356370088368   -0.0176194279929608  1.26819499255028e-11
 2.21968247111086e-14   1.8398870382256e-13  5.42656158998156e-12  1.45237535903928e-11 -3.72637572574637e-11  1.61362293732735e-16      1.11508331949883   -0.0176194279929379  -0.00247356370087922   4.0319656354567e-11
 2.47835747025736e-14 -7.18077261382876e-14  5.50193376125692e-12 -8.48079174201614e-12 -1.39743635548041e-11   0.00247356370088368   -0.0176194279929379     0.885194864664107 -4.28244671649149e-16  -1.8824747573684e-11
-7.28135514001467e-15  3.82499193894984e-14 -2.01435392509813e-13  5.41270108699722e-12 -4.42297963933118e-11   -0.0176194279929608  -0.00247356370087922 -4.28244671649149e-16     0.885194864664186 -5.71647101753734e-12
 0.000102676486969736   -0.0017784437460229  -0.00638285239751781     -0.17167463855168     0.124317399917626  1.26819499255028e-11   4.0319656354567e-11  -1.8824747573684e-11 -5.71647101753734e-12     0.626993980051453
TOTAL ENERGY: -127.160096188441	 lambda: 0.6	 population of target: 7.01871488176656
1RDM: 
     1.99999982830781  4.40751777868316e-07  8.18710988808556e-06  2.59092070295975e-05 -6.00040400869235e-05  -1.3186845143665e-14  1.63312303036612e-14  2.75995467356144e-14  -8.5290610880104e-15   0.00015959502195866
 4.40751777868316e-07      1.99999627756268 -3.04911102349294e-05 -0.000262778706125155  0.000112995896362893  2.55948003998352e-14  1.73108239564745e-13 -7.43569726774469e-14  2.94332167956019e-14  -0.00175643971773398
 8.18710988808556e-06 -3.04911102349294e-05      1.99885357311271 -0.000791442587870566    0.0113938580632574  1.46785936335291e-12  5.02426375321496e-12  5.60823137426872e-12  -3.6538466149178e-13  -0.00356831088977086
 2.59092070295975e-05 -0.000262778706125155 -0.000791442587870566      1.97626344539858  -0.00278615135831178   1.9831816756172e-12  1.40832730378509e-11 -8.82420020109814e-12  4.85068494946861e-12    -0.173213057301314
-6.00040400869235e-05  0.000112995896362893    0.0113938580632574  -0.00278615135831178      1.39698710851741  1.12105434604069e-11 -3.91322392322655e-11 -1.31848636698558e-11 -4.46169367328025e-11     0.143620308215893
 -1.3186845143665e-14  2.55948003998352e-14  1.46785936335291e-12   1.9831816756172e-12  1.12105434604069e-11      1.11651145606093   5.6141012233154e-15   0.00250076393726181    -0.019129040200728  1.37114169616317e-11
 1.63312303036612e-14  1.73108239564745e-13  5.02426375321496e-12  1.40832730378509e-11 -3.91322392322655e-11   5.6141012233154e-15      1.11651145606083   -0.0191290402006747  -0.00250076393726238  3.89129171490423e-11
 2.75995467356144e-14 -7.43569726774469e-14  5.60823137426872e-12 -8.82420020109814e-12 -1.31848636698558e-11   0.00250076393726181   -0.0191290402006747     0.883769671462398 -7.00379628164363e-15 -1.95484132762691e-11
 -8.5290610880104e-15  2.94332167956019e-14  -3.6538466149178e-13  4.85068494946861e-12 -4.46169367328025e-11    -0.019129040200728  -0.00250076393726238 -7.00379628164363e-15     0.883769671462302  -7.3400030391808e-12
  0.00015959502195866  -0.00175643971773398  -0.00356831088977086    -0.173213057301314     0.143620308215893  1.37114169616317e-11  3.89129171490423e-11 -1.95484132762691e-11  -7.3400030391808e-12     0.627337512054404
TOTAL ENERGY: -127.142018881176	 lambda: 0.7	 population of target: 7.04641769962353
1RDM: 
     1.99999979354472  5.27743691228541e-07  9.81207527896106e-06  3.43908199408925e-05 -6.25318724372857e-05 -1.38871055832987e-14  1.01464229109911e-14  3.16243205581323e-14  -9.4829521760659e-15   0.00022600373957264
 5.27743691228541e-07      1.99999646300624  -3.4307679819754e-05 -0.000250667451622848  0.000219686193610417  3.01553652709048e-14  1.58686371002864e-13 -7.65950526256558e-14  1.92605953837448e-14   -0.0017109105814526
 9.81207527896106e-06  -3.4307679819754e-05      1.99839538306852 -0.000546036955948432    0.0121016338212582  1.42341437199499e-12  4.52211778109852e-12  5.74680691423129e-12 -5.24798800059529e-13 -4.19864843424398e-05
 3.43908199408925e-05 -0.000250667451622848 -0.000546036955948432      1.97669888568883   0.00560661783295429  2.62991140174692e-12  1.38091099939986e-11 -8.91607910234025e-12  4.33660725126729e-12    -0.174041428151519
