TOTAL ENERGY: -126.631631779115	 lambda: -1	 population of target: 5.50348438214425
1RDM: 
     1.99999025627562   2.7323925979218e-06 -0.000132758419278011  0.000684840338594772 -7.69106974576914e-05 -1.87353879636269e-14 -1.43695977902756e-14  1.28182162406369e-13 -1.43162193562866e-13  0.000959987467416201
  2.7323925979218e-06       1.9999949436094 -0.000174330574916187 -0.000347379677247399 -0.000383271105764902 -4.49534665654871e-14 -3.66354007272936e-14 -3.58753353090103e-14  3.55657059169618e-14   0.00211320022996147
-0.000132758419278011 -0.000174330574916187       1.9849139587605 -0.000913389874703534   -0.0316070219258378 -1.52981987803619e-12 -1.31588157691173e-12  1.62901607524785e-11 -1.80650902091944e-11     0.157396643531104
 0.000684840338594772 -0.000347379677247399 -0.000913389874703534      1.94337587638256   -0.0241561175731022 -2.03061507158406e-11  -1.8819932573728e-11  1.22848713824554e-11 -1.30584437490968e-11    0.0405052915307137
-7.69106974576914e-05 -0.000383271105764902   -0.0316070219258378   -0.0241561175731022      1.80663992342828  4.46858546375191e-11   4.1235702938549e-11 -1.30141887460827e-10  1.46253762597029e-10     0.236258439710714
-1.87353879636269e-14 -4.49534665654871e-14 -1.52981987803619e-12 -2.03061507158406e-11  4.46858546375191e-11       1.1543725913759 -1.17996124737287e-12  -0.00366214210793474    -0.543278968557144  1.22521732410441e-11
-1.43695977902756e-14 -3.66354007272936e-14 -1.31588157691173e-12  -1.8819932573728e-11   4.1235702938549e-11 -1.17996124737287e-12      1.15437259137671     0.543278968555599  -0.00366214208962897  9.53933501907388e-12
 1.28182162406369e-13 -3.58753353090103e-14  1.62901607524785e-11  1.22848713824554e-11 -1.30141887460827e-10  -0.00366214210793474     0.543278968555599     0.864252309441583 -1.29112158643602e-12 -5.16661414699349e-11
-1.43162193562866e-13  3.55657059169618e-14 -1.80650902091944e-11 -1.30584437490968e-11  1.46253762597029e-10    -0.543278968557144  -0.00366214208962897 -1.29112158643602e-12     0.864252309442267  5.84735342817298e-11
 0.000959987467416201   0.00211320022996147     0.157396643531104    0.0405052915307137     0.236258439710714  1.22521732410441e-11  9.53933501907388e-12 -5.16661414699349e-11  5.84735342817298e-11     0.227835239907228
The Davidson algorithm did not converge.lambda: -0.9
The Davidson algorithm did not converge.lambda: -0.8
The Davidson algorithm did not converge.lambda: -0.7
The Davidson algorithm did not converge.lambda: -0.6
The Davidson algorithm did not converge.lambda: -0.5
The Davidson algorithm did not converge.lambda: -0.4
The Davidson algorithm did not converge.lambda: -0.3
TOTAL ENERGY: -127.132427381063	 lambda: -0.2	 population of target: 6.16416088615693
1RDM: 
     1.99999463266098  1.69035946446018e-06 -4.83651621879071e-05  0.000380006814263343 -5.79914429823457e-05  1.32226811414598e-15 -3.85619409690634e-16 -8.96043024377928e-16 -1.03155495645792e-15  0.000406955103630335
 1.69035946446018e-06       1.9999978350975 -8.99311549793191e-05 -0.000232196140107028  -0.00045966556350471 -2.51381977573418e-15  5.27988581633449e-15  4.98838115217558e-16 -1.53852099857829e-15   0.00117523714915538
-4.83651621879071e-05 -8.99311549793191e-05      1.98936177335678  -0.00757924158909359   -0.0468562789938613 -2.55260427660895e-13  4.90878859513596e-13  7.80900132315424e-14 -2.29747563746099e-13      0.12627114445497
 0.000380006814263343 -0.000232196140107028  -0.00757924158909359      1.96038896939709   -0.0478403555672634 -4.16482784593778e-13  7.69524539056579e-13  8.82210768659277e-14  1.10726415359026e-14     0.111169640522263
-5.79914429823457e-05  -0.00045966556350471   -0.0468562789938613   -0.0478403555672634       1.7378430884692 -1.88958650138151e-12  3.10978128130441e-12 -5.09648939783557e-13  3.27401184446995e-12     0.513335192637028
 1.32226811414598e-15 -2.51381977573418e-15 -2.55260427660895e-13 -4.16482784593778e-13 -1.88958650138151e-12     0.924991651332091 -1.02025545983813e-14 -0.000306803023086923    -0.137661829164838  3.17079133110901e-12
-3.85619409690634e-16  5.27988581633449e-15  4.90878859513596e-13  7.69524539056579e-13  3.10978128130441e-12 -1.02025545983813e-14     0.924991651332482     0.137661829165143 -0.000306803023148064 -4.77168203108505e-12
-8.96043024377928e-16  4.98838115217558e-16  7.80900132315424e-14  8.82210768659277e-14 -5.09648939783557e-13 -0.000306803023086923     0.137661829165143       1.0765769765477 -1.05446102802701e-14  1.07619688205933e-12
-1.03155495645792e-15 -1.53852099857829e-15 -2.29747563746099e-13  1.10726415359026e-14  3.27401184446995e-12    -0.137661829164838 -0.000306803023148064 -1.05446102802701e-14      1.07657697654809  3.70508919840161e-12
 0.000406955103630335   0.00117523714915538      0.12627114445497     0.111169640522263     0.513335192637028  3.17079133110901e-12 -4.77168203108505e-12  1.07619688205933e-12  3.70508919840161e-12     0.309276445258095
TOTAL ENERGY: -127.17192037416	 lambda: -0.1	 population of target: 6.4414440095893
1RDM: 
     1.99999633311698  1.54589856871884e-06  3.90162787823792e-06  0.000288753575450762  0.000182440093494041  1.09859245441782e-16  -3.5680530539428e-16 -6.19697523387664e-17  9.51873473911034e-16  0.000116077154236406
 1.54589856871884e-06      1.99999843795095 -6.49767859152361e-05 -0.000189151277128476 -0.000294682048571538   9.5662024928506e-16  1.29229105273294e-15  6.26826002967953e-16 -2.06156644187772e-15  0.000844629523749549
 3.90162787823792e-06 -6.49767859152361e-05      1.99154043879416   -0.0092613664325168   -0.0333731849513372  8.67157438921265e-14   1.4205250107857e-13 -7.59773933510417e-14 -1.96700302029178e-14     0.103929690861162
 0.000288753575450762 -0.000189151277128476   -0.0092613664325168      1.96707466007573   -0.0477862747022245  1.46029745890143e-13  3.99626613285942e-13 -6.09595742129894e-14 -2.29023870589727e-14     0.112554473891814
 0.000182440093494041 -0.000294682048571538   -0.0333731849513372   -0.0477862747022245      1.78557888564283 -2.71828017192692e-13  4.37137552972058e-13  5.55804766124385e-13  1.03564453698195e-12     0.242145503014427
 1.09859245441782e-16   9.5662024928506e-16  8.67157438921265e-14  1.46029745890143e-13 -2.71828017192692e-13     0.907245312842424  3.49545614828085e-14 -0.000169483900041388    -0.129825241677662 -4.83519958160845e-13
 -3.5680530539428e-16  1.29229105273294e-15   1.4205250107857e-13  3.99626613285942e-13  4.37137552972058e-13  3.49545614828085e-14     0.907245312842771     0.129825241678097 -0.000169483899919227   -2.405700472117e-12
-6.19697523387664e-17  6.26826002967953e-16 -7.59773933510417e-14 -6.09595742129894e-14  5.55804766124385e-13 -0.000169483900041388     0.129825241678097      1.09363442609924   3.4606314089004e-14  1.81829514969718e-12
 9.51873473911034e-16 -2.06156644187772e-15 -1.96700302029178e-14 -2.29023870589727e-14  1.03564453698195e-12    -0.129825241677662 -0.000169483899919227   3.4606314089004e-14      1.09363442609958  1.33116507420868e-12
 0.000116077154236406  0.000844629523749549     0.103929690861162     0.112554473891814     0.242145503014427 -4.83519958160845e-13   -2.405700472117e-12  1.81829514969718e-12  1.33116507420868e-12     0.254051766535352
TOTAL ENERGY: -127.190724933254	 lambda: 0	 population of target: 6.78637235939174
1RDM: 
     1.99999832246862  1.04262901905735e-06  5.20488144058849e-05  0.000177240599672875  0.000347249243184824 -4.89514112698126e-14 -2.84064095550514e-14 -1.59904889235409e-14  3.33059453284684e-14 -0.000314082263830545
 1.04262901905735e-06      1.99999907489793 -5.53253289449188e-05  -0.00013462416331718 -0.000310214277835499  2.72345905812863e-15  4.39507770703579e-16 -7.27672624946054e-14  1.37809976337078e-13   0.00046833768968472
 5.20488144058849e-05 -5.53253289449188e-05      1.99193037438936   -0.0124928184210947   -0.0409295985929423 -2.78288775789697e-12 -1.44487066531123e-12  1.75687034500842e-11 -3.32020286125085e-11    0.0770859964931374
 0.000177240599672875  -0.00013462416331718   -0.0124928184210947      1.97324475467722   -0.0671879761023796 -7.50588001373537e-12 -3.79830581354425e-12  6.19125710584473e-12 -1.19200210401711e-11      0.11381186592091
 0.000347249243184824 -0.000310214277835499   -0.0409295985929423   -0.0671879761023796      1.57760950818191  8.48728165286252e-11  4.50710703748564e-11  -1.2671100409602e-10  2.41614202942998e-10   -0.0139370573745179
-4.89514112698126e-14  2.72345905812863e-15 -2.78288775789697e-12 -7.50588001373537e-12  8.48728165286252e-11     0.927302515643192 -4.07909546096987e-13 -5.70340643870147e-05   -0.0871703485665593  4.36544463104318e-11
-2.84064095550514e-14  4.39507770703579e-16 -1.44487066531123e-12 -3.79830581354425e-12  4.50710703748564e-11 -4.07909546096987e-13     0.927302515643411    0.0871703485668983 -5.70340652438674e-05  2.25253873385815e-11
-1.59904889235409e-14 -7.27672624946054e-14  1.75687034500842e-11  6.19125710584473e-12  -1.2671100409602e-10 -5.70340643870147e-05    0.0871703485668983      1.07302324673142 -4.07989422900019e-13 -7.34486520164701e-11
 3.33059453284684e-14  1.37809976337078e-13 -3.32020286125085e-11 -1.19200210401711e-11  2.41614202942998e-10   -0.0871703485665593 -5.70340652438674e-05 -4.07989422900019e-13      1.07302324673166  1.41923239931669e-10
-0.000314082263830545   0.00046833768968472    0.0770859964931374      0.11381186592091   -0.0139370573745179  4.36544463104318e-11  2.25253873385815e-11 -7.34486520164701e-11  1.41923239931669e-10     0.456566440635306
TOTAL ENERGY: -127.185358788382	 lambda: 0.1	 population of target: 6.9197483095634
1RDM: 
      1.9999990289169  7.17123906865886e-07  6.37908161530011e-05  0.000135025765149344  0.000341005243972648  -2.2540803155243e-16 -2.42544146645848e-15  1.46826316904396e-15  2.56901018382826e-15 -0.000520015252652197
 7.17123906865886e-07        1.999999313767 -5.60924812949461e-05 -0.000109387121964862  -0.00040035723753371  1.00782241673128e-15 -6.17717559773104e-16  2.59892582628503e-15 -6.09051923718544e-16  0.000293644215041087
 6.37908161530011e-05 -5.60924812949461e-05       1.9915217393765   -0.0139021404134075   -0.0523934157692825  6.59796143478213e-14    9.616673451481e-14 -1.10950558558599e-13 -3.31886418357569e-13    0.0654751090656666
 0.000135025765149344 -0.000109387121964862   -0.0139021404134075      1.97493958851395   -0.0808421342659129  5.26791494678784e-14  4.40160447287604e-13 -2.94784042643363e-14 -2.56603457153813e-13     0.115006072093113
 0.000341005243972648  -0.00040035723753371   -0.0523934157692825   -0.0808421342659129      1.39145793469152  3.31310716921014e-13 -1.12190929674604e-12  1.67500938685453e-12  2.22736208609464e-12   -0.0758453099479712
 -2.2540803155243e-16  1.00782241673128e-15  6.59796143478213e-14  5.26791494678784e-14  3.31310716921014e-13     0.949972720655154 -1.81993422993673e-15 -2.02864039065747e-05   -0.0563490887782585  1.92290554327184e-13
-2.42544146645848e-15 -6.17717559773104e-16    9.616673451481e-14  4.40160447287604e-13 -1.12190929674604e-12 -1.81993422993673e-15     0.949972720655257    0.0563490887785217 -2.02864039000743e-05 -1.23961284206229e-12
 1.46826316904396e-15  2.59892582628503e-15 -1.10950558558599e-13 -2.94784042643363e-14  1.67500938685453e-12 -2.02864039065747e-05    0.0563490887785217      1.05017942618635 -2.67899849112814e-15  1.79715480074695e-12
 2.56901018382826e-15 -6.09051923718544e-16 -3.31886418357569e-13 -2.56603457153813e-13  2.22736208609464e-12   -0.0563490887782585 -2.02864039000743e-05 -2.67899849112814e-15      1.05017942618645  7.05534282091394e-13
-0.000520015252652197  0.000293644215041087    0.0654751090656666     0.115006072093113   -0.0758453099479712  1.92290554327184e-13 -1.23961284206229e-12  1.79715480074695e-12  7.05534282091394e-13     0.641778101050964
TOTAL ENERGY: -127.179208422977	 lambda: 0.2	 population of target: 6.963109437555
1RDM: 
     1.99999922501407  5.57224897198233e-07  6.47164790821868e-05  0.000121706680424248  0.000304429461216065  1.30026707421533e-16 -2.84091115624449e-15  1.67754431643681e-15  1.91207383425612e-15 -0.000608544568055333
 5.57224897198233e-07      1.99999938772509 -5.69666383625352e-05 -9.80490928643873e-05 -0.000463248162944915  7.97476273424961e-16 -9.68642795475759e-16  2.60863172115419e-15 -2.37764809424926e-15  0.000208313883386904
 6.47164790821868e-05 -5.69666383625352e-05      1.99133086935701   -0.0142446979964268   -0.0584346501777421  1.42384832025098e-13  9.58696684703633e-14 -2.79369911158373e-14 -5.57445156284082e-14    0.0607148828643048
 0.000121706680424248 -9.80490928643873e-05   -0.0142446979964268      1.97539527625363   -0.0859495100072044  1.17551852109078e-13   4.3132820610401e-13  8.91136818090201e-15 -2.13190707967381e-13     0.116204627215203
 0.000304429461216065 -0.000463248162944915   -0.0584346501777421   -0.0859495100072044      1.29846313813845 -4.98033960367431e-13 -9.61749818981702e-13  1.15639670367336e-12  1.73646476225177e-13   -0.0840822815011345
 1.30026707421533e-16  7.97476273424961e-16  1.42384832025098e-13  1.17551852109078e-13 -4.98033960367431e-13     0.961698164215127 -3.75146069461463e-15 -9.11793242517054e-06   -0.0419170790169247  -6.3513727933937e-14
-2.84091115624449e-15 -9.68642795475759e-16  9.58696684703633e-14   4.3132820610401e-13 -9.61749818981702e-13 -3.75146069461463e-15     0.961698164215242    0.0419170790170736 -9.11793242820702e-06 -8.44761119461986e-13
 1.67754431643681e-15  2.60863172115419e-15 -2.79369911158373e-14  8.91136818090201e-15  1.15639670367336e-12 -9.11793242517054e-06    0.0419170790170736      1.03840457870316 -3.98454478311188e-15   1.3235297355825e-12
 1.91207383425612e-15 -2.37764809424926e-15 -5.57445156284082e-14 -2.13190707967381e-13  1.73646476225177e-13   -0.0419170790169247 -9.11793242820702e-06 -3.98454478311188e-15      1.03840457870328 -5.55950639389309e-13
-0.000608544568055333  0.000208313883386904    0.0607148828643048     0.116204627215203   -0.0840822815011345  -6.3513727933937e-14 -8.44761119461986e-13   1.3235297355825e-12 -5.55950639389309e-13     0.734606617674964
TOTAL ENERGY: -127.174805087191	 lambda: 0.3	 population of target: 6.9811643590182
1RDM: 
     1.99999928323692  4.62723541287016e-07  6.35686079602879e-05  0.000116452127693007  0.000269496237516986  5.23248675361152e-15  1.49774020475462e-15  2.13022718851363e-14 -2.09983306412763e-14 -0.000658343664772226
 4.62723541287016e-07      1.99999941496806 -5.69218875477123e-05 -9.07187029673816e-05  -0.00050346915853578 -1.45190552868188e-14 -1.44108959752025e-14   4.4317135749427e-14 -5.13666108808317e-14  0.000150458160145287
 6.35686079602879e-05 -5.69218875477123e-05      1.99132417725035   -0.0142100701348745    -0.061341819498709  3.06788620874815e-12  2.62657962699075e-12 -6.58133518005731e-12  7.66915290162675e-12    0.0579736224515478
 0.000116452127693007 -9.07187029673816e-05   -0.0142100701348745      1.97565645507442   -0.0873117073161077  1.60384108447549e-12  1.73194687056745e-12 -7.87884379652691e-13  7.38378679776124e-13     0.117302499897411
 0.000269496237516986  -0.00050346915853578    -0.061341819498709   -0.0873117073161077      1.25062978844318 -2.28619601925706e-11 -2.03720296319979e-11  3.40784935735884e-11 -3.89082622182361e-11   -0.0840590027409015
 5.23248675361152e-15 -1.45190552868188e-14  3.06788620874815e-12  1.60384108447549e-12 -2.28619601925706e-11     0.967727731702195 -4.26225134430533e-15   -4.625268006838e-06   -0.0347370654500111 -3.00937223382433e-12
 1.49774020475462e-15 -1.44108959752025e-14  2.62657962699075e-12  1.73194687056745e-12 -2.03720296319979e-11 -4.26225134430533e-15     0.967727731702299    0.0347370654501306 -4.62526800996532e-06  -3.1675018470359e-12
 2.13022718851363e-14   4.4317135749427e-14 -6.58133518005731e-12 -7.87884379652691e-13  3.40784935735884e-11   -4.625268006838e-06    0.0347370654501306      1.03235717360503 -4.38027694451774e-15  2.35173269875878e-11
-2.09983306412763e-14 -5.13666108808317e-14  7.66915290162675e-12  7.38378679776124e-13 -3.89082622182361e-11   -0.0347370654500111 -4.62526800996532e-06 -4.38027694451774e-15      1.03235717360514 -2.69077064759509e-11
-0.000658343664772226  0.000150458160145287    0.0579736224515478     0.117302499897411   -0.0840590027409015 -3.00937223382433e-12  -3.1675018470359e-12  2.35173269875878e-11 -2.69077064759509e-11     0.782221070412444
TOTAL ENERGY: -127.171488485376	 lambda: 0.4	 population of target: 6.99075672636778
1RDM: 
     1.99999929497151  3.96960319636737e-07  6.20223913075903e-05  0.000113891407119239  0.000238559462575849  -1.1559647406292e-16  -3.4926173244021e-15 -1.60269913904404e-16  3.42445853921733e-15 -0.000692709485260775
 3.96960319636737e-07      1.99999942664874 -5.61285727211296e-05 -8.45228845774822e-05 -0.000528917175101346   2.1082625937793e-15   2.5809346503167e-16 -1.33717226054371e-15  9.46185867021215e-16  0.000102432791164107
 6.20223913075903e-05 -5.61285727211296e-05      1.99143396551109   -0.0139996748375831   -0.0625359399232851 -7.21677087147767e-14 -1.81635465987401e-13  6.38410096447841e-13 -6.04458707904166e-13    0.0558951156971134
 0.000113891407119239 -8.45228845774822e-05   -0.0139996748375831      1.97592538192816    -0.086863429142014  1.93314201161052e-14  3.22157410889796e-13  7.98583536901114e-14 -2.76951389958568e-13     0.118262245940277
 0.000238559462575849 -0.000528917175101346   -0.0625359399232851    -0.086863429142014      1.22515207130287  1.09054486817968e-12  1.02342145329219e-12 -2.02842575262789e-12   2.5703367699908e-12   -0.0839043475218125
 -1.1559647406292e-16   2.1082625937793e-15 -7.21677087147767e-14  1.93314201161052e-14  1.09054486817968e-12     0.970845115163552  -3.3836609109509e-15 -2.29437660827588e-06   -0.0310242704541074  6.84476005699612e-14
 -3.4926173244021e-15   2.5809346503167e-16 -1.81635465987401e-13  3.22157410889796e-13  1.02342145329219e-12  -3.3836609109509e-15     0.970845115163634    0.0310242704542267 -2.29437661159568e-06 -4.84665079477824e-13
-1.60269913904404e-16 -1.33717226054371e-15  6.38410096447841e-13  7.98583536901114e-14 -2.02842575262789e-12 -2.29437660827588e-06    0.0310242704542267       1.0292323075442 -3.62694593060627e-15 -1.01609738016186e-12
 3.42445853921733e-15  9.46185867021215e-16 -6.04458707904166e-13 -2.76951389958568e-13   2.5703367699908e-12   -0.0310242704541074 -2.29437661159568e-06 -3.62694593060627e-15      1.02923230754428  1.17040650501324e-12
-0.000692709485260775  0.000102432791164107    0.0558951156971134     0.118262245940277   -0.0839043475218125  6.84476005699612e-14 -4.84665079477824e-13 -1.01609738016186e-12  1.17040650501324e-12     0.807335014221945
TOTAL ENERGY: -127.168607712986	 lambda: 0.5	 population of target: 6.99719111884037
1RDM: 
     1.99999928619169  3.46485050976942e-07  6.04381173292229e-05   0.00011232627437048  0.000210181564793405  3.79215462578941e-16 -3.06000861434411e-15   8.4131932991859e-15 -6.06035480964328e-15 -0.000719675219499132
 3.46485050976942e-07      1.99999943184152  -5.4755098918574e-05 -7.84469507071525e-05 -0.000543619995892377 -6.92282273581921e-15 -8.14154525598409e-15  1.38948814044825e-14 -1.57986858135772e-14  5.77348497553573e-05
 6.04381173292229e-05  -5.4755098918574e-05      1.99162886555502   -0.0136700872526348   -0.0626056038370024  1.17285878686034e-12  9.57362954602682e-13 -1.50846236967757e-12  1.77261690614281e-12    0.0540082214442531
  0.00011232627437048 -7.84469507071525e-05   -0.0136700872526348      1.97626437073132   -0.0852602539919904  3.03417290665734e-13  5.96097691858228e-13  2.91051423740449e-16  -1.8637012767373e-13     0.119070451899513
 0.000210181564793405 -0.000543619995892377   -0.0626056038370024   -0.0852602539919904      1.21286401185947 -6.58564467882524e-12  -6.0926892676127e-12  7.38158748622912e-12 -7.85054806490411e-12   -0.0854516035904118
 3.79215462578941e-16 -6.92282273581921e-15  1.17285878686034e-12  3.03417290665734e-13 -6.58564467882524e-12      0.97218308899553  2.82882987105867e-16 -7.61582812472251e-07   -0.0293297825232251  9.14763268727438e-13
-3.06000861434411e-15 -8.14154525598409e-15  9.57362954602682e-13  5.96097691858228e-13  -6.0926892676127e-12  2.82882987105867e-16     0.972183088995568    0.0293297825233779 -7.61582807798551e-07  3.39952152688284e-13
  8.4131932991859e-15  1.38948814044825e-14 -1.50846236967757e-12  2.91051423740449e-16  7.38158748622912e-12 -7.61582812472251e-07    0.0293297825233779      1.02789131260498 -3.59559148793608e-16  6.07634944569643e-12
-6.06035480964328e-15 -1.57986858135772e-14  1.77261690614281e-12  -1.8637012767373e-13 -7.85054806490411e-12   -0.0293297825232251 -7.61582807798551e-07 -3.59559148793608e-16      1.02789131260502  -6.6956360128417e-12
-0.000719675219499132  5.77348497553573e-05    0.0540082214442531     0.119070451899513   -0.0854516035904118  9.14763268727438e-13  3.39952152688284e-13  6.07634944569643e-12  -6.6956360128417e-12     0.819095230619921
TOTAL ENERGY: -127.165554377965	 lambda: 0.6	 population of target: 7.00274382149416
1RDM: 
     1.99999926488179   3.0634288377795e-07  5.89125900040883e-05  0.000111017122269718  0.000182338240696158  7.31153584361123e-17 -3.46126536474621e-15  1.62853152270941e-15  1.82413976600241e-15 -0.000742613305246958
  3.0634288377795e-07      1.99999943248219 -5.29419924997426e-05 -7.19870876240027e-05 -0.000549358061447516  9.08532336242549e-16 -1.46945214282566e-15  1.98407684134507e-15 -1.73034806492618e-15  1.28470989504281e-05
 5.89125900040883e-05 -5.29419924997426e-05      1.99189688654958   -0.0132271637766186   -0.0617498226345751  1.14903416042622e-13  2.54080296764251e-14  1.83847483402836e-13 -1.97874193099358e-13    0.0520782502902499
 0.000111017122269718 -7.19870876240027e-05   -0.0132271637766186      1.97672059804744   -0.0826290005543432   7.5005555212715e-14  3.97699918192358e-13  4.34321748933043e-14 -2.34012113681959e-13     0.119703698640914
 0.000182338240696158 -0.000549358061447516   -0.0617498226345751   -0.0826290005543432      1.21019457923665 -1.29389783781767e-13 -4.39453894266094e-13  1.11772861388865e-13   6.9516855485579e-13    -0.089609493071873
 7.31153584361123e-17  9.08532336242549e-16  1.14903416042622e-13   7.5005555212715e-14 -1.29389783781767e-13     0.972156072665443 -2.00961680420454e-16  5.38589307850853e-07   -0.0291110382895856  9.80968636783724e-14
-3.46126536474621e-15 -1.46945214282566e-15  2.54080296764251e-14  3.97699918192358e-13 -4.39453894266094e-13 -2.00961680420454e-16     0.972156072665516    0.0291110382897041  5.38589311546278e-07 -4.14630785840182e-13
 1.62853152270941e-15  1.98407684134507e-15  1.83847483402836e-13  4.34321748933043e-14  1.11772861388865e-13  5.38589307850853e-07    0.0291110382897041      1.02791794745972 -4.63883603051211e-16  4.94449733739675e-13
 1.82413976600241e-15 -1.73034806492618e-15 -1.97874193099358e-13 -2.34012113681959e-13   6.9516855485579e-13   -0.0291110382895856  5.38589311546278e-07 -4.63883603051211e-16      1.02791794745979 -1.92017524862128e-13
-0.000742613305246958  1.28470989504281e-05    0.0520782502902499     0.119703698640914    -0.089609493071873  9.80968636783724e-14 -4.14630785840182e-13  4.94449733739675e-13 -1.92017524862128e-13     0.821041198551916
TOTAL ENERGY: -127.161475567064	 lambda: 0.7	 population of target: 7.00899911661652
1RDM: 
     1.99999923192213  2.76304677949952e-07  5.75264135664637e-05  0.000109456509709888  0.000152431738476059  9.59415675964147e-17 -3.52534022801606e-15  1.56090375824189e-15  1.88098480745089e-15 -0.000763053529472932
 2.76304677949952e-07      1.99999942605379 -5.08899742248861e-05 -6.47655569478069e-05 -0.000546512237042223  1.08750459333642e-15 -1.49613711507951e-15  1.86686572331891e-15 -1.40602331913723e-15 -3.52071131534883e-05
 5.75264135664637e-05 -5.08899742248861e-05      1.99223470023734   -0.0126468609664554   -0.0599335159012903  9.44307410719297e-14 -2.65239875974863e-16  2.14089791948499e-13 -2.20489861045144e-13    0.0499122854493676
 0.000109456509709888 -6.47655569478069e-05   -0.0126468609664554      1.97736220479574   -0.0787627984810981  7.10794118484808e-14  3.95823135759191e-13  3.88053852591269e-14 -2.17419654115844e-13       0.1200950117822
 0.000152431738476059 -0.000546512237042223   -0.0599335159012903   -0.0787627984810981      1.21647426624546  -2.8364662225193e-15 -3.62345355316281e-13  1.32258067885264e-14  8.61371817170195e-13   -0.0976605012274208
 9.59415675964147e-17  1.08750459333642e-15  9.44307410719297e-14  7.10794118484808e-14  -2.8364662225193e-15     0.970770465244105  6.79809793528578e-15  1.98311917393963e-06   -0.0302897151452828   6.7775148818459e-14
-3.52534022801606e-15 -1.49613711507951e-15 -2.65239875974863e-16  3.95823135759191e-13 -3.62345355316281e-13  6.79809793528578e-15     0.970770465244184    0.0302897151454005  1.98311919197972e-06 -4.60650014832864e-13
 1.56090375824189e-15  1.86686572331891e-15  2.14089791948499e-13  3.88053852591269e-14  1.32258067885264e-14  1.98311917393963e-06    0.0302897151454005      1.02930558139409  6.56702610450368e-15  4.17011575351449e-13
 1.88098480745089e-15 -1.40602331913723e-15 -2.20489861045144e-13 -2.17419654115844e-13  8.61371817170195e-13   -0.0302897151452828  1.98311919197972e-06  6.56702610450368e-15      1.02930558139417 -1.00447317547852e-13
-0.000763053529472932 -3.52071131534883e-05    0.0499122854493676       0.1200950117822   -0.0976605012274208   6.7775148818459e-14 -4.60650014832864e-13  4.17011575351449e-13 -1.00447317547852e-13     0.813778077468996
TOTAL ENERGY: -127.154635389107	 lambda: 0.8	 population of target: 7.01807073186416
1RDM: 
     1.99999918244879  2.61952907781384e-07  5.65058040454362e-05  0.000107040905549047  0.000116443151588223  1.22505943563789e-16 -3.58097448180662e-15  1.62559797888218e-15  1.75268918124539e-15  -0.00078131184809275
 2.61952907781384e-07      1.99999940296585 -4.90768765492624e-05 -5.63730315690152e-05 -0.000534250880065771  1.09933101804445e-15 -1.69549654610122e-15  1.96284279554209e-15  -1.2821444510275e-15 -9.03385849478955e-05
 5.65058040454362e-05 -4.90768765492624e-05      1.99263764448982   -0.0118700158814182   -0.0568874002268241  9.38554235201889e-14 -1.15900796609329e-14  2.16689795801252e-13  -2.0418491791489e-13    0.0472368278904218
 0.000107040905549047 -5.63730315690152e-05   -0.0118700158814182      1.97831443688898    -0.073059606111935   6.8751386883778e-14  3.93245191151087e-13  3.42718535525619e-14 -1.93939216383292e-13     0.120056342750598
 0.000116443151588223 -0.000534250880065771   -0.0568874002268241    -0.073059606111935      1.23344728525648  1.47025570038599e-15 -4.15844131317781e-13  3.27890974325868e-14  9.38107055681279e-13    -0.112268947018665
 1.22505943563789e-16  1.09933101804445e-15  9.38554235201889e-14   6.8751386883778e-14  1.47025570038599e-15     0.967632112776883  1.54269607527508e-15  4.05049242490519e-06   -0.0331883682150918    7.640101770256e-14
-3.58097448180662e-15 -1.69549654610122e-15 -1.15900796609329e-14  3.93245191151087e-13 -4.15844131317781e-13  1.54269607527508e-15     0.967632112776996    0.0331883682151996  4.05049243317102e-06 -5.02273795976625e-13
 1.62559797888218e-15  1.96284279554209e-15  2.16689795801252e-13  3.42718535525619e-14  3.27890974325868e-14  4.05049242490519e-06    0.0331883682151996      1.03244945036147  1.54369935828147e-15  4.58114667580183e-13
 1.75268918124539e-15  -1.2821444510275e-15  -2.0418491791489e-13 -1.93939216383292e-13  9.38107055681279e-13   -0.0331883682150918  4.05049243317102e-06  1.54369935828147e-15      1.03244945036158 -1.34903198377685e-13
 -0.00078131184809275 -9.03385849478955e-05    0.0472368278904218     0.120056342750598    -0.112268947018665    7.640101770256e-14 -5.02273795976625e-13  4.58114667580183e-13 -1.34903198377685e-13     0.795438921673252
TOTAL ENERGY: -127.140448518572	 lambda: 0.9	 population of target: 7.03464694082
1RDM: 
     1.99999910037177  2.83174100245832e-07  5.66367027971014e-05  0.000102686472817085  6.68787518549759e-05  1.56745435917874e-16 -3.62268608267455e-15  1.69497479269815e-15  1.56127297253699e-15 -0.000795642952135648
 2.83174100245832e-07      1.99999933381489 -4.89861210075791e-05 -4.62702478520983e-05 -0.000510322856508424  1.11202087603903e-15 -1.95444429576487e-15  2.07654533405458e-15 -1.09152829215627e-15  -0.00015987965438767
 5.66367027971014e-05 -4.89861210075791e-05      1.99307057603235   -0.0107717610580671    -0.051966060412625  9.29033447767801e-14 -2.83657405192241e-14  2.19670016164951e-13 -1.78653825450245e-13    0.0434642881988959
 0.000102686472817085 -4.62702478520983e-05   -0.0107717610580671      1.97984039138731   -0.0641790158376941  6.57003638420618e-14  3.85692725287538e-13  2.88183314370088e-14 -1.56388352433038e-13     0.119021336347909
 6.68787518549759e-05 -0.000510322856508424    -0.051966060412625   -0.0641790158376941      1.26627662051274  9.13165419362459e-15 -5.16654345563016e-13  6.83752309419486e-14  1.08503282187831e-12    -0.139826123472082
 1.56745435917874e-16  1.11202087603903e-15  9.29033447767801e-14  6.57003638420618e-14  9.13165419362459e-15     0.961659951724297  4.23655820680992e-15  7.76465821088017e-06   -0.0387474334122354  9.26247618249848e-14
-3.62268608267455e-15 -1.95444429576487e-15 -2.83657405192241e-14  3.85692725287538e-13 -5.16654345563016e-13  4.23655820680992e-15     0.961659951724405    0.0387474334123812  7.76465822448941e-06 -5.81387002215509e-13
 1.69497479269815e-15  2.07654533405458e-15  2.19670016164951e-13  2.88183314370088e-14  6.83752309419486e-14  7.76465821088017e-06    0.0387474334123812      1.03843431725747  4.02201754579513e-15  5.35859883471507e-13
 1.56127297253699e-15 -1.09152829215627e-15 -1.78653825450245e-13 -1.56388352433038e-13  1.08503282187831e-12   -0.0387474334122354  7.76465822448941e-06  4.02201754579513e-15      1.03843431725758 -2.00025137136481e-13
-0.000795642952135648  -0.00015987965438767    0.0434642881988959     0.119021336347909    -0.139826123472082  9.26247618249848e-14 -5.81387002215509e-13  5.35859883471507e-13 -2.00025137136481e-13     0.760625439917149
TOTAL ENERGY: -127.103687039767	 lambda: 1	 population of target: 7.07302647484174
1RDM: 
     1.99999893325381  4.10404608957336e-07  6.10145204952523e-05    9.395993505861e-05 -1.20732954157934e-05  2.06359036957196e-16 -3.61883629719819e-15  1.76650611849548e-15  1.22835766953944e-15 -0.000797096283446459
 4.10404608957336e-07      1.99999911505336 -5.62363581573619e-05 -3.38817148281613e-05 -0.000471493806961158  1.13182486484485e-15 -2.34218749428009e-15  2.23858639725641e-15 -7.97887774552786e-16 -0.000262151584092606
 6.10145204952523e-05 -5.62363581573619e-05      1.99332315535076   -0.0090805411115862    -0.043809605801068  9.16024419243609e-14 -5.78759025244731e-14  2.24907799793495e-13 -1.36060756530762e-13    0.0368764088575166
   9.395993505861e-05 -3.38817148281613e-05   -0.0090805411115862      1.98256366025483   -0.0491435641228519  6.14677487784677e-14  3.64875816797605e-13  2.35973759714223e-14 -9.01751980565817e-14     0.114982802505856
-1.20732954157934e-05 -0.000471493806961158    -0.043809605801068   -0.0491435641228519      1.32615934863779  2.61594806760834e-14 -7.28537053632144e-13  1.49640731274102e-13  1.36074625073004e-12    -0.198234467428977
 2.06359036957196e-16  1.13182486484485e-15  9.16024419243609e-14  6.14677487784677e-14  2.61594806760834e-14     0.950190382805233  -1.0094802564531e-15  1.61019250194832e-05   -0.0491989727634795  1.26330888248472e-13
-3.61883629719819e-15 -2.34218749428009e-15 -5.78759025244731e-14  3.64875816797605e-13 -7.28537053632144e-13  -1.0094802564531e-15     0.950190382805437    0.0491989727636085  1.61019250274801e-05 -7.18877908976434e-13
 1.76650611849548e-15  2.23858639725641e-15  2.24907799793495e-13  2.35973759714223e-14  1.49640731274102e-13  1.61019250194832e-05    0.0491989727636085      1.04993581891944 -6.47225477789486e-16  6.83534588437203e-13
 1.22835766953944e-15 -7.97887774552786e-16 -1.36060756530762e-13 -9.01751980565817e-14  1.36074625073004e-12   -0.0491989727634795  1.61019250274801e-05 -6.47225477789486e-16      1.04993581891964 -3.53209884699604e-13
-0.000797096283446459 -0.000262151584092606    0.0368764088575166     0.114982802505856    -0.198234467428977  1.26330888248472e-13 -7.18877908976434e-13  6.83534588437203e-13 -3.53209884699604e-13     0.697703383999774
-------------------general-----------------------
mullikenoperator: 
  0.00564769498651862   -0.0738680717636544   0.00276783898939763   -0.0123549315341054  0.000407662986712181 -6.12987517728302e-16 -1.80229173218148e-15 -1.55460150955822e-15 -1.03654600692498e-15 -0.000507870394745048
  -0.0738680717636544       0.9942065383555   -0.0170445424030626  -0.00277972915899431   0.00120755169878956 -1.18164059009035e-15 -4.77569680398036e-15  -2.7029917152307e-15  5.00615361226209e-15  -0.00200557884718622
  0.00276783898939763   -0.0170445424030626    0.0284639692418262    -0.105477356562324    0.0731946580512428 -6.40627467635726e-14 -2.70150807921451e-13 -1.62155992745044e-13  3.09050066458384e-13    -0.107542900124401
  -0.0123549315341054   -0.0027797291589943    -0.105477356562324     0.988795489675373   0.00760142675932485 -6.68726718819656e-14  2.86834311633169e-14  3.99500345920563e-15  5.50710955640097e-14   -0.0109991450144656
 0.000407662986712182   0.00120755169878956    0.0731946580512428   0.00760142675932485     0.316934129058326 -1.42428826972993e-12 -1.90724100768348e-12  1.21599121043646e-12 -1.46924832505522e-12    -0.460628777365603
-6.12987517728303e-16 -1.18164059009035e-15 -6.40627467635726e-14 -6.68726718819656e-14 -1.42428826972993e-12     0.138238072567619  2.04280596073896e-14   0.00381456083921569     0.345158915852702  5.83770351974971e-13
-1.80229173218148e-15 -4.77569680398036e-15 -2.70150807921451e-13  2.86834311633169e-14 -1.90724100768348e-12  2.04259928469983e-14     0.138238072566483    -0.345158915851511   0.00381456083924551  1.29160064945388e-12
-1.55460150955822e-15  -2.7029917152307e-15 -1.62155992745044e-13  3.99500345920568e-15  1.21599121043647e-12    0.0038145608392157    -0.345158915851511     0.861761927433518   7.4784911607579e-15   1.8644515048113e-12
-1.03654600692497e-15  5.00615361226209e-15  3.09050066458384e-13  5.50710955640096e-14 -1.46924832505523e-12     0.345158915852702    0.0038145608392455  7.50951628354993e-15     0.861761927432381 -1.61301527121386e-12
-0.000507870394745049  -0.00200557884718623    -0.107542900124401   -0.0109991450144656    -0.460628777365604  5.83770351974971e-13  1.29160064945388e-12  1.86445150481131e-12 -1.61301527121386e-12     0.665952178682456
selected BF: 
0 1 2 3 4
selected lambdas: 
  -1 -0.9 -0.8 -0.7 -0.6 -0.5 -0.4 -0.3 -0.2 -0.1    0  0.1  0.2  0.3  0.4  0.5  0.6  0.7  0.8  0.9    1
RHF C: 
 7.24017731784584e-05     0.995324253500588    -0.242857983817043   -0.0936281087378938  -0.00477269131329304  2.25243317279144e-14  3.07406002747053e-14  4.95513636092453e-15 -3.33598509876819e-15    0.0119741942354543
-0.000396868551629679    0.0191586477435419      0.95909447770875     0.370904302676711    0.0191704930676239 -9.22359809643628e-14 -1.25846580595078e-13 -1.98807123425336e-14  1.33886904202316e-14   -0.0498854844750231
-2.46186747385788e-17  1.33447736022743e-16  5.86523155967187e-14 -7.12801165974733e-14  -3.1414350640688e-12    -0.173271424313497   -0.0496062589885131    -0.263310245293016     0.947769818118127   1.9529256308111e-13
-1.09277320890132e-16  -1.1050648970242e-16 -4.66941265252224e-14  5.76655817919579e-14  2.50878194697553e-12   -0.0496062589882859     0.173271424314307      0.94776981811798     0.263310245293059 -1.57359190610394e-13
-0.000594601153652745  0.000123265588237038    0.0363747370325361   -0.0475565678907769    -0.995378738659927  2.50028902769522e-13  3.65192441815451e-13  3.21483596373178e-12 -2.32571442960029e-12    -0.103785119149177
    0.995078019658141   0.00010879838416738   -0.0882862829495672     0.246701122964947   -0.0248211578749594  1.87291528426546e-14    2.605252081491e-14  5.37553043823755e-14 -3.90310013660624e-14   0.00330171198672809
   0.0200023721189217 -0.000409048196483157     0.342684206060335    -0.966023720767101      0.10361736956565 -7.59547323692999e-14 -1.05769529225046e-13 -2.31975896749001e-13  1.68138338287869e-13   -0.0121423930583356
-4.49978115483785e-16 -7.32594573178984e-17 -5.55838333340595e-14  3.01737458218304e-14  8.84026586199447e-14    -0.944049921453112    -0.270274138318054    0.0506516511929394     -0.18231765416063  1.54785473723878e-12
 3.57330234625046e-16   5.9941107705942e-17  4.37175049830942e-14 -2.37711917437616e-14 -6.58553883591009e-14    -0.270274138318097     0.944049921452956    -0.182317654161437   -0.0506516511927065 -1.18429398791369e-12
-5.82184585045075e-05  0.000528694640254289   -0.0181293690679195    0.0145523363192468    0.0445741555157924 -1.18773208743329e-12 -1.60226575519233e-12 -6.55414528145123e-14  3.72232472074428e-14     -1.00112281937854
RDM (no constraint): 
     1.99999994758237   5.6230302842455e-08  6.54813684907051e-06   9.1083058782165e-06   1.8716909452446e-05 -3.77965632604064e-16  -5.1127444656983e-16 -1.63750952142455e-16   5.0653137330136e-17 -6.79234200926008e-05
  5.6230302842455e-08        1.999998399371 -8.74880905931573e-05  -4.7858154467822e-05 -0.000200828917025006 -1.85854996820794e-16 -2.48821787106129e-16  8.24238445065757e-16 -5.94162777629127e-16  -0.00018773122593182
 6.54813684907051e-06 -8.74880905931573e-05      1.99348302533092  -0.00483150688936416   -0.0180964790248981 -1.86255726123914e-14 -2.58445635947561e-14  1.35224015464841e-13 -9.80296566938082e-14   0.00901154901990027
  9.1083058782165e-06  -4.7858154467822e-05  -0.00483150688936416      1.99351075967077   -0.0561067684542961   4.7239658653042e-14  6.57816451857988e-14  9.55519096536795e-14 -6.95892594137483e-14   0.00748946640482337
  1.8716909452446e-05 -0.000200828917025006   -0.0180964790248981   -0.0561067684542961     0.893204756518082 -3.48254722880935e-13 -4.51841777771883e-13  2.90945311570671e-13 -2.15846700303116e-13    -0.549548348626415
-3.77965632604064e-16 -1.85854996820794e-16 -1.86255726123914e-14   4.7239658653042e-14 -3.48254722880935e-13      1.04827431107633  2.34059502616807e-15 -0.000807609882467402    -0.102917169057766  2.96078730063426e-13
 -5.1127444656983e-16 -2.48821787106129e-16 -2.58445635947561e-14  6.57816451857988e-14 -4.51841777771883e-13  2.34059502616807e-15      1.04827431107641     0.102917169057524  -0.00080760988247591  4.13164901836733e-13
-1.63750952142455e-16  8.24238445065757e-16  1.35224015464841e-13  9.55519096536795e-14  2.90945311570671e-13 -0.000807609882467402     0.102917169057524     0.952051451288181  2.99655378298888e-15  1.59178554069426e-12
  5.0653137330136e-17 -5.94162777629127e-16 -9.80296566938082e-14 -6.95892594137483e-14 -2.15846700303116e-13    -0.102917169057766  -0.00080760988247591  2.99655378298888e-15     0.952051451288267  -1.1457435242787e-12
-6.79234200926008e-05  -0.00018773122593182   0.00901154901990027   0.00748946640482337    -0.549548348626415  2.96078730063426e-13  4.13164901836733e-13  1.59178554069426e-12  -1.1457435242787e-12      1.11915158679765
RDM Eigenvectors: 
    0.997163695616392   -0.0741762440306069   -0.0127245995760822 -0.000714761419256624 -0.000149406353896636  2.97482113208989e-16 -4.31865748588038e-16  1.03532200397329e-16   1.3548628309108e-16 -1.80458918913609e-05
   0.0739932205297188     0.997061085793554   -0.0145053879224354    0.0135556687160948 -2.54061595644536e-05  2.28722120557778e-16 -3.10422342244563e-17  2.01668620873066e-16  2.61025421946848e-16 -0.000177294178502796
 -0.00653311709564477   -0.0182320600705828    -0.456105748046929      0.88863408830355    0.0434976341965481  4.73966960669219e-16 -9.19724777573786e-17  8.15913310379255e-14  6.22686877671842e-14  -0.00546533524781697
