The Davidson algorithm did not converge.lambda: -1
The Davidson algorithm did not converge.lambda: -0.9
The Davidson algorithm did not converge.lambda: -0.8
The Davidson algorithm did not converge.lambda: -0.7
The Davidson algorithm did not converge.lambda: -0.6
The Davidson algorithm did not converge.lambda: -0.5
The Davidson algorithm did not converge.lambda: -0.4
The Davidson algorithm did not converge.lambda: -0.3
The Davidson algorithm did not converge.lambda: -0.2
TOTAL ENERGY: -127.160222016389	 lambda: -0.1	 population of target: 6.43714709768699
1RDM: 
     1.99999760386323 -4.98202609212261e-06  1.23256306602157e-06  0.000235683371393789  0.000136253881959565 -6.55416935303203e-15 -8.32846930463581e-15  8.17174566492843e-15 -8.38029375898774e-15 -7.58332460467935e-06
-4.98202609212261e-06      1.99998836451737  -5.2910857960893e-05  0.000450362557117908  -6.8740272490015e-05  3.17078449733347e-15  4.57999962953357e-15 -4.49280191476353e-15  4.88370808493907e-15  0.000342158195820012
 1.23256306602157e-06  -5.2910857960893e-05      1.99181154171947  -0.00717631822820712   -0.0363610094250951   1.9086820386721e-12   2.3727835077462e-12 -1.51503149029092e-12   1.1811536692589e-12     0.101400302086446
 0.000235683371393789  0.000450362557117908  -0.00717631822820712      1.97057947738094   -0.0440833908554016  2.05616603313676e-12   2.5863824074581e-12 -2.19191451948447e-12  1.92657543329015e-12    0.0893166702939243
 0.000136253881959565  -6.8740272490015e-05   -0.0363610094250951   -0.0440833908554016      1.76667840952674  4.52698904224201e-12  9.42165243897439e-12 -1.26222427926439e-11  1.44142030661827e-11     0.291097424496812
-6.55416935303203e-15  3.17078449733347e-15   1.9086820386721e-12  2.05616603313676e-12  4.52698904224201e-12      1.13367857153771 -1.30749313526634e-14   -0.0069631973885776    0.0107586435069185 -1.71811003895713e-11
-8.32846930463581e-15  4.57999962953357e-15   2.3727835077462e-12   2.5863824074581e-12  9.42165243897439e-12 -1.30749313526634e-14      1.13367857153742   -0.0107586435068813  -0.00696319738858674 -2.07387584499579e-11
 8.17174566492843e-15 -4.49280191476353e-15 -1.51503149029092e-12 -2.19191451948447e-12 -1.26222427926439e-11   -0.0069631973885776   -0.0107586435068813     0.867002848583257 -4.11917157167651e-14  1.48335293477014e-11
-8.38029375898774e-15  4.88370808493907e-15   1.1811536692589e-12  1.92657543329015e-12  1.44142030661827e-11    0.0107586435069185  -0.00696319738858674 -4.11917157167651e-14     0.867002848582973 -1.12733345202474e-11
-7.58332460467935e-06  0.000342158195820012     0.101400302086446    0.0893166702939243     0.291097424496812 -1.71811003895713e-11 -2.07387584499579e-11  1.48335293477014e-11 -1.12733345202474e-11     0.269581762750908
TOTAL ENERGY: -127.182862872198	 lambda: 0	 population of target: 6.83466797172854
1RDM: 
     1.99999912999335 -1.25547205221658e-06  4.65716539087105e-05  0.000121903672084382   0.00030279676813665 -6.27023108275148e-15 -8.53577175812867e-15   2.3070501887546e-15 -7.45065915657092e-15 -0.000376739988139596
-1.25547205221658e-06       1.9999966758764 -6.38443841191264e-06  0.000122726570082543 -0.000190908499459935   -6.157923824155e-16  3.27438207362702e-15  4.01023085633368e-15  2.74438568372582e-15 -0.000291024479584874
 4.65716539087105e-05 -6.38443841191264e-06      1.99209484130611   -0.0109133619967686    -0.047450072325808  1.71978333044458e-12 -3.00611214940054e-13 -1.99936570802376e-12  5.27868358830637e-13    0.0682847764558648
 0.000121903672084382  0.000122726570082543   -0.0109133619967686      1.97919106412666    -0.066306767051407  1.57635135148822e-12  1.00720690273355e-12 -1.19436261457398e-12  1.61539979782012e-12    0.0938523500337433
  0.00030279676813665 -0.000190908499459935    -0.047450072325808    -0.066306767051407      1.50743368396388  5.33222186467468e-13  1.95412279624289e-11  1.20008909436578e-11  1.19237932826652e-11    -0.011477090107757
-6.27023108275148e-15   -6.157923824155e-16  1.71978333044458e-12  1.57635135148822e-12  5.33222186467468e-13      1.08797545488712 -7.72404084774213e-15  -0.00518849181139837  0.000400883773219892 -1.41427176470264e-11
-8.53577175812867e-15  3.27438207362702e-15 -3.00611214940054e-13  1.00720690273355e-12  1.95412279624289e-11 -7.72404084774213e-15      1.08797545488689 -0.000400883773223123  -0.00518849181140028  7.56542671596124e-13
  2.3070501887546e-15  4.01023085633368e-15 -1.99936570802376e-12 -1.19436261457398e-12  1.20008909436578e-11  -0.00518849181139837 -0.000400883773223123     0.912233813002068  -2.7609440394585e-14  1.66725596563153e-11
-7.45065915657092e-15  2.74438568372582e-15  5.27868358830637e-13  1.61539979782012e-12  1.19237932826652e-11  0.000400883773219892  -0.00518849181140028  -2.7609440394585e-14     0.912233813001847 -6.63470149327934e-12
-0.000376739988139596 -0.000291024479584874    0.0682847764558648    0.0938523500337433    -0.011477090107757 -1.41427176470264e-11  7.56542671596124e-13  1.66725596563153e-11 -6.63470149327934e-12     0.520866068955737
TOTAL ENERGY: -127.178624543503	 lambda: 0.1	 population of target: 6.94539673745545
1RDM: 
     1.99999947449374 -3.74528358075898e-07  5.42259102612345e-05  9.36974407123082e-05  0.000310428469990996  1.21962102974934e-16 -3.03892033924376e-15 -1.05576221634033e-16 -2.75028111980831e-16 -0.000505186054195581
-3.74528358075898e-07      1.99999868005514 -9.42001690728036e-06  3.24003617131464e-05 -0.000360949477446849 -1.33170800037619e-15  8.76705833113453e-16  3.87886645160175e-15  6.64184913017144e-16 -0.000446232151765745
 5.42259102612345e-05 -9.42001690728036e-06      1.99148397423665   -0.0120706729863643   -0.0602084329412816  3.34913382403864e-13 -7.39947472990977e-13 -9.64061619506021e-13 -2.55712132378901e-13    0.0576153650825872
 9.36974407123082e-05  3.24003617131464e-05   -0.0120706729863643      1.98114961446047   -0.0771356381232093  8.66028155359679e-15  6.63078186643112e-14 -2.52381264408219e-13   9.5931666148054e-14    0.0959632279918395
 0.000310428469990996 -0.000360949477446849   -0.0602084329412816   -0.0771356381232093      1.32292665746334 -2.65130352042228e-12  8.71880056610073e-12  9.09091485393483e-12  2.11518049459099e-12   -0.0598815348235703
 1.21962102974934e-16 -1.33170800037619e-15  3.34913382403864e-13  8.66028155359679e-15 -2.65130352042228e-12      1.05525375208035   3.2907115071319e-14  -0.00338775990136789  -0.00117643130686671 -1.83878822504894e-12
-3.03892033924376e-15  8.76705833113453e-16 -7.39947472990977e-13  6.63078186643112e-14  8.71880056610073e-12   3.2907115071319e-14      1.05525375208033   0.00117643130685819  -0.00338775990136645  4.28312979084377e-12
-1.05576221634033e-16  3.87886645160175e-15 -9.64061619506021e-13 -2.52381264408219e-13  9.09091485393483e-12  -0.00338775990136789   0.00117643130685819     0.944842626786229  3.14789519042116e-14  6.36819370886353e-12
-2.75028111980831e-16  6.64184913017144e-16 -2.55712132378901e-13   9.5931666148054e-14  2.11518049459099e-12  -0.00117643130686671  -0.00338775990136645  3.14789519042116e-14     0.944842626786202  1.30806694720134e-12
-0.000505186054195581 -0.000446232151765745    0.0576153650825872    0.0959632279918395   -0.0598815348235703 -1.83878822504894e-12  4.28312979084377e-12  6.36819370886353e-12  1.30806694720134e-12     0.704248841557554
TOTAL ENERGY: -127.17433270575	 lambda: 0.2	 population of target: 6.97579784112059
1RDM: 
     1.99999954188052 -1.94330138985642e-07  5.40424597915417e-05  8.66807474782887e-05  0.000291186961630285 -4.02576663770118e-17 -1.28340606453153e-15  1.35838814861018e-15 -1.94423958604533e-16 -0.000554757736846249
-1.94330138985642e-07      1.99999913160673 -1.41858605677591e-05  9.87557742736338e-06 -0.000444431917319622 -9.43446292706442e-17 -1.86438599458349e-15  1.14363100872519e-15 -2.23011000167009e-16 -0.000493174294727388
 5.40424597915417e-05 -1.41858605677591e-05      1.99121983163831   -0.0122926563298036   -0.0660314493196072  2.26440335713612e-15  3.42187083632431e-14 -7.68165735838599e-14  8.86979842531592e-15    0.0538252792100058
 8.66807474782887e-05  9.87557742736338e-06   -0.0122926563298036      1.98164850748423   -0.0802975027568703  7.02579869418917e-15  1.51947590794968e-13  -1.3752855754705e-13  2.04699193142169e-14     0.097322942815212
 0.000291186961630285 -0.000444431917319622   -0.0660314493196072   -0.0802975027568703      1.24258766609528   1.0980046363314e-14  1.28204956693117e-13  3.24317230725809e-13  -3.9210621264892e-14   -0.0634734408673379
-4.02576663770118e-17 -9.43446292706442e-17  2.26440335713612e-15  7.02579869418917e-15   1.0980046363314e-14      1.04107087378283  7.80272701955294e-15  -0.00255895087513141  -0.00132830913539241 -2.86030928979205e-14
-1.28340606453153e-15 -1.86438599458349e-15  3.42187083632431e-14  1.51947590794968e-13  1.28204956693117e-13  7.80272701955294e-15      1.04107087378292    0.0013283091353885  -0.00255895087513128 -4.87235260672038e-13
 1.35838814861018e-15  1.14363100872519e-15 -7.68165735838599e-14  -1.3752855754705e-13  3.24317230725809e-13  -0.00255895087513141    0.0013283091353885      0.95899762995454  1.53505678574045e-14   1.3710910025401e-13
-1.94423958604533e-16 -2.23011000167009e-16  8.86979842531592e-15  2.04699193142169e-14  -3.9210621264892e-14  -0.00132830913539241  -0.00255895087513128  1.53505678574045e-14      0.95899762995462 -1.84150926016128e-14
-0.000554757736846249 -0.000493174294727388    0.0538252792100058     0.097322942815212   -0.0634734408673379 -2.86030928979205e-14 -4.87235260672038e-13   1.3710910025401e-13 -1.84150926016128e-14      0.78440831382002
TOTAL ENERGY: -127.171424046606	 lambda: 0.3	 population of target: 6.9877380465694
1RDM: 
     1.99999955534877  -1.5729300997498e-07  5.25085942193516e-05  8.39847380236951e-05  0.000270155316169022  4.65900970642328e-16 -7.05989852660459e-16  1.91486857986338e-15 -7.60853078516205e-16 -0.000582663470743566
 -1.5729300997498e-07      1.99999926482247 -1.70145034362412e-05  3.26144258989596e-06 -0.000488067738573214 -5.23488928610677e-16 -4.73424712166316e-15 -1.43901097778796e-15  5.92358666159675e-16 -0.000520258505758939
 5.25085942193516e-05 -1.70145034362412e-05      1.99115818969645   -0.0122494473810847   -0.0687422954679618  1.34259932061527e-13  7.17846693332093e-13  6.04077631153985e-13 -1.89421013879039e-13    0.0517303902372668
 8.39847380236951e-05  3.26144258989596e-06   -0.0122494473810847      1.98189244893671   -0.0808528819708039   5.1736854004485e-14  1.79593243596678e-13 -1.39183787117391e-13 -4.20709645230278e-14    0.0984038115342129
 0.000270155316169022 -0.000488067738573214   -0.0687422954679618   -0.0808528819708039      1.20303635250288 -1.23707337986679e-12 -4.68140433018439e-12  -4.4336048173499e-12  1.71537392281301e-12   -0.0621994701812042
 4.65900970642328e-16 -5.23488928610677e-16  1.34259932061527e-13   5.1736854004485e-14 -1.23707337986679e-12      1.03414521736082  1.66924145349504e-14  -0.00214642130933436  -0.00131665182503645 -8.09635982633461e-13
-7.05989852660459e-16 -4.73424712166316e-15  7.17846693332093e-13  1.79593243596678e-13 -4.68140433018439e-12  1.66924145349504e-14       1.0341452173607   0.00131665182502804  -0.00214642130933426 -3.25303598843476e-12
 1.91486857986338e-15 -1.43901097778796e-15  6.04077631153985e-13 -1.39183787117391e-13  -4.4336048173499e-12  -0.00214642130933436   0.00131665182502804     0.965913636946387  6.23303228003523e-15 -3.14124984407434e-12
-7.60853078516205e-16  5.92358666159675e-16 -1.89421013879039e-13 -4.20709645230278e-14  1.71537392281301e-12  -0.00131665182503645  -0.00214642130933426  6.23303228003523e-15     0.965913636946263  1.09790581944583e-12
-0.000582663470743566 -0.000520258505758939    0.0517303902372668    0.0984038115342129   -0.0621994701812042 -8.09635982633461e-13 -3.25303598843476e-12 -3.14124984407434e-12  1.09790581944583e-12     0.823796480078628
TOTAL ENERGY: -127.169292558331	 lambda: 0.4	 population of target: 6.99390606874804
1RDM: 
       1.999999554216 -1.61070702384141e-07  5.05862877904167e-05  8.24223203399576e-05  0.000250128651372807  -5.9353315692202e-17 -1.42701741590959e-15  1.36096441912396e-15 -1.84962642144567e-16 -0.000601979099888274
-1.61070702384141e-07      1.99999930752239 -1.84656292291883e-05   1.8990844133278e-06 -0.000512266829121793 -8.93757167444779e-17  -1.9705266029459e-15  1.18290550784738e-15 -2.46631402159656e-16 -0.000543410044485459
 5.05862877904167e-05 -1.84656292291883e-05      1.99121128910232   -0.0120926022253979   -0.0698965327273971 -2.33830523824547e-15  8.68852055520682e-15  -9.1283054528535e-14  1.43203419759792e-14    0.0501673377023575
 8.24223203399576e-05   1.8990844133278e-06   -0.0120926022253979      1.98209175974096   -0.0802703941128742  6.27822308394716e-15  1.56184581609692e-13 -1.39800450849638e-13  2.21272390209532e-14    0.0993142059109567
 0.000250128651372807 -0.000512266829121793   -0.0698965327273971   -0.0802703941128742      1.18226180822671  3.58409641271632e-14  1.57639402521456e-13  3.40603278514494e-13 -7.03781676059992e-14   -0.0613463503286576
 -5.9353315692202e-17 -8.93757167444779e-17 -2.33830523824547e-15  6.27822308394716e-15  3.58409641271632e-14      1.03057043170714  9.28932296235437e-15  -0.00193326621091394   -0.0013084789083461 -3.57480606116745e-15
-1.42701741590959e-15  -1.9705266029459e-15  8.68852055520682e-15  1.56184581609692e-13  1.57639402521456e-13  9.28932296235437e-15      1.03057043170706   0.00130847890833817  -0.00193326621091362 -3.18125173110241e-13
 1.36096441912396e-15  1.18290550784738e-15  -9.1283054528535e-14 -1.39800450849638e-13  3.40603278514494e-13  -0.00193326621091394   0.00130847890833817     0.969484412738385  2.41431128843292e-15  1.42614988676557e-13
-1.84962642144567e-16 -2.46631402159656e-16  1.43203419759792e-14  2.21272390209532e-14 -7.03781676059992e-14   -0.0013084789083461  -0.00193326621091362  2.41431128843292e-15     0.969484412738302  -3.5304218087809e-14
-0.000601979099888274 -0.000543410044485459    0.0501673377023575    0.0993142059109567   -0.0613463503286576 -3.57480606116745e-15 -3.18125173110241e-13  1.42614988676557e-13  -3.5304218087809e-14     0.844326592300749
TOTAL ENERGY: -127.167481392546	 lambda: 0.5	 population of target: 6.99795310042265
1RDM: 
     1.99999954761636 -1.80572639401898e-07  4.83864021449821e-05  8.11042898669542e-05  0.000230870051750551 -5.10436345582054e-17 -1.47024046752389e-15  1.36356129761555e-15 -1.96910825377152e-16 -0.000616844238034861
-1.80572639401898e-07      1.99999931703211 -1.90175220339694e-05  2.83519600837213e-06 -0.000525314923156979 -1.07075098207104e-16 -2.09024060950163e-15  1.13871832166419e-15  -2.2482656639991e-16  -0.00056707163591703
 4.83864021449821e-05 -1.90175220339694e-05      1.99134411185536   -0.0118610314742408    -0.070076279002938  1.18265009301896e-15  2.11135128708458e-14 -7.57340154526152e-14  8.93138510630501e-15    0.0487646302543257
 8.11042898669542e-05  2.83519600837213e-06   -0.0118610314742408      1.98230618353862   -0.0789925640683203  7.36061564094809e-15  1.59343452088418e-13 -1.39845015652365e-13  2.08811754099577e-14      0.10009671422004
 0.000230870051750551 -0.000525314923156979    -0.070076279002938   -0.0789925640683203       1.1722239297467  8.50430883163524e-15    6.210354590358e-14  2.47526680469163e-13  -3.2853862850451e-14   -0.0618772092347659
-5.10436345582054e-17 -1.07075098207104e-16  1.18265009301896e-15  7.36061564094809e-15  8.50430883163524e-15       1.0289285161155  5.46629792838876e-15  -0.00183812944747625   -0.0013356541482501 -1.95802887175424e-14
-1.47024046752389e-15 -2.09024060950163e-15  2.11135128708458e-14  1.59343452088418e-13    6.210354590358e-14  5.46629792838876e-15      1.02892851611546   0.00133565414824463  -0.00183812944747628 -3.49752670465444e-13
 1.36356129761555e-15  1.13871832166419e-15 -7.57340154526152e-14 -1.39845015652365e-13  2.47526680469163e-13  -0.00183812944747625   0.00133565414824463     0.971124676092766  2.22464974380075e-15  7.62944467365157e-14
-1.96910825377152e-16  -2.2482656639991e-16  8.93138510630501e-15  2.08811754099577e-14  -3.2853862850451e-14   -0.0013356541482501  -0.00183812944747628  2.22464974380075e-15     0.971124676092726 -1.16123145582043e-14
-0.000616844238034861  -0.00056707163591703    0.0487646302543257      0.10009671422004   -0.0618772092347659 -1.95802887175424e-14 -3.49752670465444e-13  7.62944467365157e-14 -1.16123145582043e-14     0.854020525794382
TOTAL ENERGY: -127.165608049601	 lambda: 0.6	 population of target: 7.00136124816994
1RDM: 
     1.99999953745637 -2.09079663207317e-07  4.57951751230738e-05   7.9638055499675e-05  0.000211499436866851 -5.34892079292197e-17 -1.51454835646674e-15  1.35825671871988e-15 -1.96845488608308e-16 -0.000628952180315256
-2.09079663207317e-07      1.99999931075941 -1.89725981230429e-05  5.06349156143162e-06 -0.000530956703466662 -1.09672966786499e-16 -2.14030939051239e-15  1.16257689846066e-15 -2.28802571539632e-16 -0.000593433246347242
 4.57951751230738e-05 -1.89725981230429e-05      1.99154448707877   -0.0115586684739312   -0.0694818416128914  1.12987198071129e-15  1.95560211770393e-14 -7.36017024618313e-14  8.59683497274433e-15    0.0473480934316163
  7.9638055499675e-05  5.06349156143162e-06   -0.0115586684739312      1.98256954083205   -0.0770982674384763  7.57982673479392e-15  1.62813125310941e-13 -1.38817625544292e-13  2.07668371744136e-14     0.100770074007624
 0.000211499436866851 -0.000530956703466662   -0.0694818416128914   -0.0770982674384763      1.16987991708247   8.1208081794096e-15  5.57790422352743e-14  2.47773509840775e-13 -3.29633072303612e-14   -0.0642470840931348
-5.34892079292197e-17 -1.09672966786499e-16  1.12987198071129e-15  7.57982673479392e-15   8.1208081794096e-15      1.02869517491555 -4.10456819372862e-15  -0.00183118325540548   -0.0014128240192384 -1.96202009035761e-14
-1.51454835646674e-15 -2.14030939051239e-15  1.95560211770393e-14  1.62813125310941e-13  5.57790422352743e-14 -4.10456819372862e-15      1.02869517491558   0.00141282401923616  -0.00183118325540464 -3.49058107573475e-13
 1.35825671871988e-15  1.16257689846066e-15 -7.36017024618313e-14 -1.38817625544292e-13  2.47773509840775e-13  -0.00183118325540548   0.00141282401923616     0.971357715392718 -1.00336516594112e-15  7.21213144139931e-14
-1.96845488608308e-16 -2.28802571539632e-16  8.59683497274433e-15  2.07668371744136e-14 -3.29633072303612e-14   -0.0014128240192384  -0.00183118325540464 -1.00336516594112e-15     0.971357715392752 -1.10010391144824e-14
-0.000628952180315256 -0.000593433246347242    0.0473480934316163     0.100770074007624   -0.0642470840931348 -1.96202009035761e-14 -3.49058107573475e-13  7.21213144139931e-14 -1.10010391144824e-14     0.855901426174359
TOTAL ENERGY: -127.163172894957	 lambda: 0.7	 population of target: 7.00509712661963
1RDM: 
      1.9999995224201 -2.46598089507165e-07  4.25280927999063e-05  7.77087521291317e-05  0.000190707878737029 -5.58421093086587e-17 -1.55643600000062e-15  1.35004390610826e-15 -1.96371814567315e-16 -0.000639089862347197
-2.46598089507165e-07      1.99999929292196 -1.85788247360787e-05  8.22126585389062e-06 -0.000531005508350681 -1.12037291796009e-16 -2.19065967129114e-15  1.19830725568755e-15 -2.34645683202457e-16 -0.000624565698828192
 4.25280927999063e-05 -1.85788247360787e-05      1.99181164182282   -0.0111700314626288   -0.0681054454563891  1.13308859968459e-15  1.86813816172867e-14 -7.05176176298877e-14  8.12788147403147e-15    0.0457855934820249
 7.77087521291317e-05  8.22126585389062e-06   -0.0111700314626288      1.98292019038649   -0.0744526264552753  7.85062913137464e-15  1.66893508737913e-13 -1.36905942810695e-13  2.05354361892285e-14     0.101330547792629
 0.000190707878737029 -0.000531005508350681   -0.0681054454563891   -0.0744526264552753      1.17461736842087  8.12081000121051e-15  5.22694573319126e-14  2.58675111676809e-13 -3.44927884515528e-14   -0.0691879698445029
-5.58421093086587e-17 -1.12037291796009e-16  1.13308859968459e-15  7.85062913137464e-15  8.12081000121051e-15      1.02979025314821  1.24932406219587e-14  -0.00190958123880154  -0.00156135223943803 -2.06171162841922e-14
-1.55643600000062e-15 -2.19065967129114e-15  1.86813816172867e-14  1.66893508737913e-13  5.22694573319126e-14  1.24932406219587e-14      1.02979025314822    0.0015613522394352  -0.00190958123880307 -3.65482923694633e-13
 1.35004390610826e-15  1.19830725568755e-15 -7.05176176298877e-14 -1.36905942810695e-13  2.58675111676809e-13  -0.00190958123880154    0.0015613522394352     0.970263513390782  1.35924025264676e-14  7.19642295595636e-14
-1.96371814567315e-16 -2.34645683202457e-16  8.12788147403147e-15  2.05354361892285e-14 -3.44927884515528e-14  -0.00156135223943803  -0.00190958123880307  1.35924025264676e-14      0.97026351339079 -1.09968539433622e-14
-0.000639089862347197 -0.000624565698828192    0.0457855934820249     0.101330547792629   -0.0691879698445029 -2.06171162841922e-14 -3.65482923694633e-13  7.19642295595636e-14 -1.09968539433622e-14     0.850544450949843
TOTAL ENERGY: -127.159197451725	 lambda: 0.8	 population of target: 7.01037093130502
1RDM: 
     1.99999949710021 -2.98739573095819e-07  3.79770790475619e-05   7.4876091160662e-05  0.000166400321566002 -5.83027374845268e-17 -1.59879580394492e-15  1.33742628561897e-15 -1.95317589168717e-16 -0.000647535532343552
-2.98739573095819e-07      1.99999925962744  -1.8200437260287e-05  1.22098483321351e-05 -0.000526389313114314 -1.14464107266124e-16  -2.2474608396587e-15  1.24879671033222e-15 -2.42882508231399e-16 -0.000663582522502464
 3.79770790475619e-05  -1.8200437260287e-05       1.9921507631423   -0.0106571614041409   -0.0657425775763158  1.19637682222658e-15  1.84497655857393e-14  -6.6088031760139e-14  7.46483013775062e-15    0.0439048295333089
  7.4876091160662e-05  1.22098483321351e-05   -0.0106571614041409      1.98342248903242   -0.0706702230364009  8.19899501089023e-15  1.71941808898237e-13 -1.33676464628798e-13  2.01265166166665e-14     0.101728231352832
 0.000166400321566002 -0.000526389313114314   -0.0657425775763158   -0.0706702230364009      1.18779906170901  8.48906680313193e-15  5.02438699822465e-14  2.83519120490353e-13 -3.79271389743511e-14   -0.0782981673136217
-5.83027374845268e-17 -1.14464107266124e-16  1.19637682222658e-15  8.19899501089023e-15  8.48906680313193e-15      1.03251403368859  4.50904750263044e-16  -0.00209517575198848  -0.00182598453110891 -2.28448311674182e-14
-1.59879580394492e-15  -2.2474608396587e-15  1.84497655857393e-14  1.71941808898237e-13  5.02438699822465e-14  4.50904750263044e-16      1.03251403368861   0.00182598453110577  -0.00209517575198809 -4.03775946600223e-13
 1.33742628561897e-15  1.24879671033222e-15  -6.6088031760139e-14 -1.33676464628798e-13  2.83519120490353e-13  -0.00209517575198848   0.00182598453110577     0.967542245748968  2.23856317385704e-15  7.55043088956986e-14
-1.95317589168717e-16 -2.42882508231399e-16  7.46483013775062e-15  2.01265166166665e-14 -3.79271389743511e-14  -0.00182598453110891  -0.00209517575198809  2.23856317385704e-15     0.967542245748986 -1.15584877833438e-14
-0.000647535532343552 -0.000663582522502464    0.0439048295333089     0.101728231352832   -0.0782981673136217 -2.28448311674182e-14 -4.03775946600223e-13  7.55043088956986e-14 -1.15584877833438e-14     0.836516370513495
TOTAL ENERGY: -127.151141500097	 lambda: 0.9	 population of target: 7.01978545916186
1RDM: 
     1.99999944526982    -3.83030859984e-07  3.06545686083142e-05  7.02681587610969e-05  0.000134634551335061 -6.11283350706694e-17 -1.64517664711358e-15  1.31660692053718e-15 -1.93177182220588e-16 -0.000653895738691303
   -3.83030859984e-07      1.99999919314126 -1.87715326212333e-05  1.70338426453193e-05  -0.00051789602774566 -1.17443094438249e-16 -2.32131918801913e-15  1.32092727254122e-15 -2.54700139659645e-16 -0.000716602124125116
 3.06545686083142e-05 -1.87715326212333e-05      1.99256280753185  -0.00993876073764337   -0.0618649794584247  1.33894989418521e-15  1.89066797740718e-14 -5.93919382392893e-14  6.47465996359461e-15    0.0413554697766176
 7.02681587610969e-05  1.70338426453193e-05  -0.00993876073764337      1.98420950613734   -0.0648777301657994  8.69069610509435e-15  1.78652041084385e-13 -1.28079267226034e-13  1.94043278595046e-14     0.101769888164484
 0.000134634551335061  -0.00051789602774566   -0.0618649794584247   -0.0648777301657994      1.21372392604255  9.28520389793247e-15  4.74762425104305e-14  3.31384017461086e-13 -4.44961084600131e-14   -0.0954616796059766
-6.11283350706694e-17 -1.17443094438249e-16  1.33894989418521e-15  8.69069610509435e-15  9.28520389793247e-15      1.03777005540158   9.5832842516262e-15  -0.00245114699179754  -0.00231279107026444 -2.71545056845319e-14
-1.64517664711358e-15 -2.32131918801913e-15  1.89066797740718e-14  1.78652041084385e-13  4.74762425104305e-14   9.5832842516262e-15      1.03777005540154   0.00231279107025516  -0.00245114699179842 -4.77344829932282e-13
 1.31660692053718e-15  1.32092727254122e-15 -5.93919382392893e-14 -1.28079267226034e-13  3.31384017461086e-13  -0.00245114699179754   0.00231279107025516     0.962292020524423  6.36957347093041e-15  8.28528679466312e-14
-1.93177182220588e-16 -2.54700139659645e-16  6.47465996359461e-15  1.94043278595046e-14 -4.44961084600131e-14  -0.00231279107026444  -0.00245114699179842  6.36957347093041e-15      0.96229202052438 -1.27465274050056e-14
-0.000653895738691303 -0.000716602124125116    0.0413554697766176     0.101769888164484   -0.0954616796059766 -2.71545056845319e-14 -4.77344829932282e-13  8.28528679466312e-14 -1.27465274050056e-14     0.809380970025321
TOTAL ENERGY: -127.130473566186	 lambda: 1	 population of target: 7.04136252898036
1RDM: 
     1.99999931005263 -5.59003546318267e-07  1.60063970658817e-05  6.16759077731586e-05  8.66108516455864e-05 -6.29920491617623e-17 -1.70019439299675e-15  1.27863597131389e-15 -1.90632736896706e-16 -0.000655564794599561
-5.59003546318267e-07      1.99999902809386 -2.37188340939684e-05  2.24970981923262e-05 -0.000508266903951276 -1.12411023917614e-16 -2.43636916518916e-15  1.43366550975264e-15 -2.83631906952957e-16 -0.000798616395665484
 1.60063970658817e-05 -2.37188340939684e-05      1.99298597238364  -0.00882484694912542   -0.0552051308492664  2.04414164263877e-15  2.00309733085022e-14 -4.79498932739416e-14  4.30549573613966e-15    0.0371231896901117
 6.16759077731586e-05  2.24970981923262e-05  -0.00882484694912542      1.98561163689088   -0.0549628701568834   9.6029331649407e-15  1.88185267093269e-13  -1.1717857138727e-13  1.77751308017811e-14     0.100671475691876
 8.66108516455864e-05 -0.000508266903951276   -0.0552051308492664   -0.0549628701568834      1.26311995423673  2.01561581400567e-14  3.74471200372084e-14  4.27046570160266e-13 -6.77729974231105e-14    -0.131872441624754
-6.29920491617623e-17 -1.12411023917614e-16  2.04414164263877e-15   9.6029331649407e-15  2.01561581400567e-14      1.04788549948039 -7.41911427278736e-15   -0.0031421853722898  -0.00331723950956469 -2.79898277889713e-14
-1.70019439299675e-15 -2.43636916518916e-15  2.00309733085022e-14  1.88185267093269e-13  3.74471200372084e-14 -7.41911427278736e-15      1.04788549948047   0.00331723950956547  -0.00314218537228831 -6.20311010011621e-13
 1.27863597131389e-15  1.43366550975264e-15 -4.79498932739416e-14  -1.1717857138727e-13  4.27046570160266e-13   -0.0031421853722898   0.00331723950956547     0.952191150233274 -7.90891964940275e-16  9.35683373111901e-14
-1.90632736896706e-16 -2.83631906952957e-16  4.30549573613966e-15  1.77751308017811e-14 -6.77729974231105e-14  -0.00331723950956469  -0.00314218537228831 -7.90891964940275e-16     0.952191150233349 -2.24227667305792e-14
-0.000655564794599561 -0.000798616395665484    0.0371231896901117     0.100671475691876    -0.131872441624754 -2.79898277889713e-14 -6.20311010011621e-13  9.35683373111901e-14 -2.24227667305792e-14     0.758130798914731
-------------------general-----------------------
mullikenoperator: 
  0.00312741522200999   -0.0544573259276336    0.0023450539228394   -0.0120899166869622  0.000614661011931708 -4.19618457170697e-17 -1.74670733999032e-15  1.14248760195866e-15 -2.18080357872868e-16 -0.000905112698796076
  -0.0544573259276336     0.996767883889992   -0.0157029503614784  -0.00242598458958833   0.00111350742607141 -1.80756653287128e-16 -2.88045867322762e-15  2.84897478997532e-15   -3.958084036875e-16  -0.00171979965076501
   0.0023450539228394   -0.0157029503614784    0.0268940095952296    -0.107939288759762    0.0702543605975972 -6.23494639656686e-15 -1.21162385584305e-13  1.33891193145523e-13  -1.8517906982874e-14   -0.0986059969163534
  -0.0120899166869622   -0.0024259845895884    -0.107939288759762     0.988114692903855    0.0083558738286304  1.36977911849118e-15  1.78275188271364e-14 -1.29187280641518e-14  2.24587344372244e-15   -0.0100035186306518
 0.000614661011931708   0.00111350742607141    0.0702543605975972    0.0083558738286304     0.336155726761202 -6.93621824147486e-14 -1.40062369694306e-12 -2.60054374115899e-13   3.3840364354762e-14    -0.467759736291903
-4.19618457170697e-17 -1.80756653287129e-16 -6.23494639656685e-15   1.3697791184912e-15 -6.93621824147484e-14     0.473306704429328  8.52345537899479e-16   -0.0430087637111766    -0.497441825812542  1.51289243598196e-14
-1.74670733999031e-15 -2.88045867322763e-15 -1.21162385584305e-13  1.78275188271364e-14 -1.40062369694306e-12  9.28957973912736e-16       0.4733067044294     0.497441825812546   -0.0430087637111772  2.71433832526948e-13
 1.14248760195866e-15  2.84897478997532e-15  1.33891193145523e-13 -1.29187280641518e-14 -2.60054374115899e-13   -0.0430087637111766     0.497441825812546     0.526693295570601  6.85221194021701e-15 -1.38841592339522e-12
-2.18080357872868e-16 -3.95808403687501e-16  -1.8517906982874e-14  2.24587344372243e-15  3.38403643547618e-14    -0.497441825812542   -0.0430087637111772  6.88353183047469e-15     0.526693295570672  1.90099847538494e-13
-0.000905112698796076  -0.00171979965076502   -0.0986059969163534   -0.0100035186306518    -0.467759736291903  1.51289243598195e-14  2.71433832526948e-13 -1.38841592339522e-12  1.90099847538494e-13     0.648940271627714
selected BF: 
0 1 2 3 4
selected lambdas: 
  -1 -0.9 -0.8 -0.7 -0.6 -0.5 -0.4 -0.3 -0.2 -0.1    0  0.1  0.2  0.3  0.4  0.5  0.6  0.7  0.8  0.9    1
RHF C: 
 5.45752196588618e-05     0.995334635588632    -0.253543706167541   -0.0588218650537402  -0.00404934969875061  1.13311027420514e-15  1.83934744139724e-14  2.16102239882953e-15 -3.17065413428827e-16   0.00914332210046395
-0.000296481635687693    0.0191162861424358      1.00166841113738     0.233020687972382    0.0162425424584036 -4.62116668461647e-15 -7.49782813169134e-14  -8.5278096198566e-15   1.2518623813812e-15   -0.0376355915169404
 2.44794309025732e-17  4.48268116534497e-18 -1.00826035495027e-14   8.6262101606252e-15  5.84087117787553e-13    -0.139119050848261    0.0910543973871098    -0.592345962456366    -0.788367852323774 -1.91594050912036e-14
-1.22897524857489e-16 -9.80502850823264e-18  1.74365739443918e-14 -1.44610336487778e-14 -9.99488642110984e-13   -0.0910543973870606    -0.139119050848319     0.788367852323764    -0.592345962456374   3.3175889279283e-14
-0.000461497061048747  8.76983932692583e-05    0.0251123249531725   -0.0431102281460043    -0.997091968799681 -3.27436468906017e-15 -9.28949975192011e-15 -1.16247856119768e-12  1.35357967533172e-13   -0.0796101053341486
    0.995072597388956  8.21872741852813e-05   -0.0546342414233444     0.256604355147989   -0.0200546833220733  7.63698563123382e-16  1.31140732200355e-14 -1.56209001716097e-14  1.87075486390637e-15    0.0039096805498629
   0.0200206629452332 -0.000301179436803642     0.212010571071815      -1.0041805284816    0.0826461914844824 -3.03927735762135e-15 -5.23375029953133e-14  6.67406207052471e-14 -7.86129021813681e-15   -0.0148957708200652
 1.16349423371831e-16  3.68916783060334e-18  1.22391624991647e-14  -9.7814791909205e-15 -4.42213638560467e-14    -0.824161932789186     0.539419782422991     0.103741188336989     0.138071706452716 -7.46258348623217e-13
-2.02011346612444e-16 -5.56202591581984e-18 -2.13136604374166e-14  1.70366596960216e-14  7.82605418523266e-14    -0.539419782422999    -0.824161932789176    -0.138071706452777     0.103741188336944   1.3148752466018e-12
-2.79488921735508e-05   0.00040624705450094   -0.0129984488832026    0.0168646946635061    0.0336803239705896 -9.48229018075693e-14 -1.49858587580925e-12  -1.7261320692469e-13   2.3211204207227e-14     -1.00061422940154
RDM (no constraint): 
     1.99999996863354  4.73504212378689e-08  6.01497190662566e-06  5.56357085686071e-06  1.89252476371322e-05  -2.4835766969496e-17 -3.55860033416782e-16  1.72717447053511e-16  1.07260422266884e-17 -4.74411050211992e-05
 4.73504212378689e-08      1.99999878629671 -7.33062719836243e-05  -2.7021733466722e-05 -0.000164769054004739 -1.42392972189112e-17 -2.22099609606289e-16 -2.12265741388625e-16  2.35559547698847e-17 -0.000156681457193376
 6.01497190662566e-06 -7.33062719836243e-05      1.99337233956527  -0.00405343169040831   -0.0318238327672242 -4.48093099173853e-16 -7.32033456235054e-15  -6.1131407302233e-14  7.19424180051057e-15   0.00737816898253217
 5.56357085686071e-06  -2.7021733466722e-05  -0.00405343169040831      1.99595483664943   -0.0467142325233618  2.17006317093388e-15  3.74269219332381e-14 -2.96671452583437e-14  3.61868092928668e-15   0.00986195451237887
 1.89252476371322e-05 -0.000164769054004739   -0.0318238327672242   -0.0467142325233618     0.907849768353366 -4.04040871716017e-14 -6.14061012999826e-13 -1.78722102879022e-13  2.17450519702564e-14    -0.482929005190445
 -2.4835766969496e-17 -1.42392972189112e-17 -4.48093099173853e-16  2.17006317093388e-15 -4.04040871716017e-14      1.03384612250931 -4.84524260631845e-16   0.00526723571787661    0.0811303403665632   9.3797142894912e-15
-3.55860033416782e-16 -2.22099609606289e-16 -7.32033456235054e-15  3.74269219332381e-14 -6.14061012999826e-13 -4.84524260631845e-16      1.03384612250925   -0.0811303403664135   0.00526723571786854  1.73605983425618e-13
 1.72717447053511e-16 -2.12265741388625e-16  -6.1131407302233e-14 -2.96671452583437e-14 -1.78722102879022e-13   0.00526723571787661   -0.0811303403664135     0.966363145414022 -4.43081599873913e-15 -4.05005349669025e-13
 1.07260422266884e-17  2.35559547698847e-17  7.19424180051057e-15  3.61868092928668e-15  2.17450519702564e-14    0.0811303403665632   0.00526723571786854 -4.43081599873913e-15     0.966363145413962  4.37562296716153e-14
-4.74411050211992e-05 -0.000156681457193376   0.00737816898253217   0.00986195451237887    -0.482929005190445   9.3797142894912e-15  1.73605983425618e-13 -4.05005349669025e-13  4.37562296716153e-14       1.1024057646551
RDM Eigenvectors: 
    0.998434640346553   -0.0546736171379467    0.0117683369773162  0.000749144407047857  9.73081167923404e-05  6.18800405500814e-18  3.55318527890045e-16 -2.19487718265341e-17  2.75033687933933e-17  1.01823013325454e-05
   0.0545014096562828     0.998313439182074    0.0148960093081869   -0.0133401033288215  2.31681381068991e-05  1.05480875235082e-17  6.37369629883456e-16 -2.66780816930406e-17 -4.54262104898657e-17  0.000153320062948015
 -0.00412456359480408   -0.0172910728951171      0.33000163011727    -0.942281126902037   -0.0520192956567248  2.23241454341684e-16   3.9597134459651e-15 -3.13675838663203e-14  1.96829911248085e-15    0.0135352006574936
    0.011852878728905    0.0090564827796903    -0.942197306520814    -0.325813837127047   -0.0740198174068801 -5.07456934710381e-16 -2.54878826746954e-15  2.57073345870883e-14 -1.24903306706603e-15    0.0202023547643543
-0.000515380441152678  7.81219300116335e-05    0.0447008416515305    0.0614626591014975    -0.628290886205941  3.66741506635688e-14  7.33573690073459e-13  8.98111969698786e-13 -4.81120928330654e-14     0.774257364758215
 2.72769398720868e-17 -2.91827779279689e-17 -4.52876641571137e-15 -3.65019141197334e-15  7.50049098677437e-14     0.831655248845661   -0.0029249472299242   0.00238870672069658      0.55527946642332  5.65283473719276e-14
 4.64665317108675e-16 -4.28053832004565e-16 -7.46515633627544e-14 -5.94310623298498e-14  1.22481471431878e-12   0.00292494722991967     0.831655248845664    -0.555279466423315   0.00238870672070343  8.59095574581677e-13
 6.21780540318878e-18  9.62392700563386e-16  1.80551141660592e-14  7.70222364817471e-14 -5.58069866914407e-13    0.0340260231302816    -0.554241122167145      -0.8301372870537   -0.0503099681173012  1.02329385163468e-12
  2.7227639740724e-17 -1.53492402148996e-16 -2.13931856999084e-15 -8.93512546538232e-15  6.07702625670251e-14      0.55424112216715     0.034026023130288     0.050309968117297    -0.830137287053697  -1.1828671935977e-13
 0.000311328635242305 -0.000256031782590142    -0.031695577167672   -0.0446703859708471     0.772700208240785 -7.45918013337755e-14 -1.12444641466888e-12  1.00705257713743e-12 -6.78417023066165e-14     0.632403488851919
Total C: 
  -0.0573922097789056     0.990668126007461   -0.0451193308714041     0.267552501219305  -0.00524778197948437  2.26470122588867e-15  3.89921480757246e-14 -8.46818208170829e-15  1.21340495121397e-15    0.0130623246500576
   0.0106225608162552    0.0308748346350824     0.109297562916988     -1.02148362892208    0.0197544630395882 -9.24581265902649e-15 -1.58702855543533e-13  3.68897431111104e-14 -5.36974978599273e-15   -0.0534128326129338
-8.54490127775221e-18 -1.40678031426176e-16 -2.47406858838098e-14 -5.13359126675313e-14  -8.1410138119826e-13    -0.555144839324933     0.402353322018605     0.476191472357744     0.550645363817457 -1.95905953786181e-13
-1.08313781737925e-16  3.34335892054363e-16  4.53565633942716e-14  8.43410512838091e-14    1.284695150288e-12    -0.402353322018575    -0.555144839324976    -0.550645363817414     0.476191472357769  2.46106213482471e-13
-0.000300170680350042  0.000976259977665862    0.0996999327755432    0.0625767219682385     0.563298203844471  -9.5546950027064e-15 -6.50869876636846e-13  1.43535964542874e-12 -2.23826104144925e-13    -0.819669245521578
    0.993057825297182    0.0500780819500932    -0.262832342170486   -0.0187703665593173    0.0284438286127995 -3.47027133703211e-16 -1.23268239093045e-14   3.9607747683033e-14 -5.29940030479271e-15   -0.0224449405792116
   0.0217564160650154    0.0173440972621156      1.01160601134786     0.121236311348982    -0.115711905469832  1.48236071341711e-15  5.16772840743154e-14 -1.60985814894947e-13  2.17222538770893e-14    0.0925842364277124
 4.28857088708495e-16  5.33460635963978e-16  4.42452748905267e-15 -1.86084576254677e-14 -9.80592914455678e-14    -0.610080180940261     0.388925124328208    -0.420077390308791    -0.547829380418714 -9.56024295630323e-13
-7.08744808084763e-16 -8.89926640684642e-16 -8.20859058862252e-15  3.39945092297614e-14  2.15614611197861e-13    -0.388925124328234    -0.610080180940218     0.547829380418761    -0.420077390308768  1.71279686052756e-12
-0.000197363359685664 -0.000167197071103029   -0.0354832430894234   -0.0159520745341058    -0.795438423476368 -1.16039880756839e-13 -1.96908336628038e-12 -7.21773283186163e-14 -1.12151269896714e-14    -0.607108608116428
Basis set used: STO-3G
Naturals: 
 1.99999998785601  1.99999983554309  1.99992292479054  1.99439530018865  1.49363912262392  1.08812942563713  1.08812942563697 0.912079842286298 0.912079842286137 0.511624293151201
Version: Tmhuysen's fci hack
