TOTAL ENERGY: -126.578729457531	 lambda: -1	 population of target: 5.40736458031538
1RDM: 
     1.99998851079508  6.53655284131827e-06  -0.00021782939113352   0.00109200927479554  -0.00207540826250531 -2.52786591529381e-15  1.72837703130956e-15  6.56424975845336e-15  -7.7415086220478e-16  0.000580108347791101
 6.53655284131827e-06      1.99998681713408 -0.000106366558850429 -0.000332997241836676  -0.00203056713892527 -2.42802409906631e-15  1.76635629239283e-15  5.84008073674623e-15 -3.27929952239736e-16  0.000915234832604457
 -0.00021782939113352 -0.000106366558850429      1.98960094091611    0.0282342899216862    -0.124945055258999 -1.70102863179313e-13  1.57814993660497e-13  2.43971422982488e-13  -4.9701929799119e-14     0.042996032452367
  0.00109200927479554 -0.000332997241836676    0.0282342899216862      1.88634761417457     0.306179700857563  2.95001066155856e-13 -2.55833077063923e-13  -8.7231945991888e-13  -9.2064446800715e-15   -0.0925115187128689
 -0.00207540826250531  -0.00203056713892527    -0.124945055258999     0.306179700857563     0.364288391811103 -1.83149223479923e-12  2.14477678961703e-12  1.38334466693193e-12 -6.96033890545249e-13     0.501435000511821
-2.52786591529381e-15 -2.42802409906631e-15 -1.70102863179313e-13  2.95001066155856e-13 -1.83149223479923e-12      1.40192481336025  2.75586702513981e-14  0.000132655187500911    -0.463664621752744 -7.38599483914257e-13
 1.72837703130956e-15  1.76635629239283e-15  1.57814993660497e-13 -2.55833077063923e-13  2.14477678961703e-12  2.75586702513981e-14      1.40192481336188     0.463664621757148  0.000132655186920934 -5.35090513807062e-13
 6.56424975845336e-15  5.84008073674623e-15  2.43971422982488e-13  -8.7231945991888e-13  1.38334466693193e-12  0.000132655187500911     0.463664621757148     0.617542027611098  5.91383337578145e-15 -1.05334737886891e-12
 -7.7415086220478e-16 -3.27929952239736e-16  -4.9701929799119e-14  -9.2064446800715e-15 -6.96033890545249e-13    -0.463664621752744  0.000132655186920934  5.91383337578145e-15     0.617542027612504 -2.28313962953558e-12
 0.000580108347791101  0.000915234832604457     0.042996032452367   -0.0925115187128689     0.501435000511821 -7.38599483914257e-13 -5.35090513807062e-13 -1.05334737886891e-12 -2.28313962953558e-12      1.72085404322335
The Davidson algorithm did not converge.lambda: -0.9
The Davidson algorithm did not converge.lambda: -0.8
The Davidson algorithm did not converge.lambda: -0.7
The Davidson algorithm did not converge.lambda: -0.6
The Davidson algorithm did not converge.lambda: -0.5
The Davidson algorithm did not converge.lambda: -0.4
The Davidson algorithm did not converge.lambda: -0.3
TOTAL ENERGY: -127.159480468172	 lambda: -0.2	 population of target: 6.21784591164476
1RDM: 
     1.99999453619198  3.21965632682418e-06 -8.45753056079009e-05  0.000550595996403177  -0.00132010394896965 -1.77003093914193e-15  1.44579700008424e-15  4.42180024171744e-15 -4.12257384804055e-16  0.000501141200814122
 3.21965632682418e-06      1.99999341428226  -6.6703529375794e-05 -0.000132276036817842   -0.0013405812870286  -2.0536024696268e-15   1.1682071336947e-15   4.0410747680446e-15 -3.00144218829174e-16   0.00081664066626023
-8.45753056079009e-05  -6.6703529375794e-05      1.99505057503636    0.0134662895432126   -0.0759813326497908 -1.39633615771771e-13    1.169203281968e-13  9.76339194963564e-14 -2.30390868645462e-14    0.0376526405287666
 0.000550595996403177 -0.000132276036817842    0.0134662895432126      1.93491558949167     0.239519005928154  2.80095467242159e-13 -1.62388933773479e-13 -7.21467172555168e-13  5.86768628784566e-14    -0.095415536185853
 -0.00132010394896965   -0.0013405812870286   -0.0759813326497908     0.239519005928154     0.450917954992126 -2.19995146616612e-12  1.08451401553089e-12  1.02376063379254e-12 -1.55152469491465e-12     0.601351121575701
-1.77003093914193e-15  -2.0536024696268e-15 -1.39633615771771e-13  2.80095467242159e-13 -2.19995146616612e-12      1.22707049172032  3.25254605089786e-14 -0.000305796180739404   -0.0406917891810744 -2.23183578262516e-14
 1.44579700008424e-15   1.1682071336947e-15    1.169203281968e-13 -1.62388933773479e-13  1.08451401553089e-12  3.25254605089786e-14      1.22707049171897    0.0406917891795476  -0.00030579618076905 -3.25340318483273e-14
 4.42180024171744e-15   4.0410747680446e-15  9.76339194963564e-14 -7.21467172555168e-13  1.02376063379254e-12 -0.000305796180739404    0.0406917891795476     0.775298697700879  3.65287465964401e-14 -2.05070081786525e-12
-4.12257384804055e-16 -3.00144218829174e-16 -2.30390868645462e-14  5.86768628784566e-14 -1.55152469491465e-12   -0.0406917891810744  -0.00030579618076905  3.65287465964401e-14     0.775298697699558   -1.068102093313e-12
 0.000501141200814122   0.00081664066626023    0.0376526405287666    -0.095415536185853     0.601351121575701 -2.23183578262516e-14 -3.25340318483273e-14 -2.05070081786525e-12   -1.068102093313e-12      1.61438955116592
TOTAL ENERGY: -127.192274135137	 lambda: -0.1	 population of target: 6.44357538924883
1RDM: 
     1.99999637943888  2.56712984176335e-06  -4.4434605230656e-05   0.00037434395338576  -0.00102295565332354  -4.6013646798818e-16 -2.57357524335512e-16  1.51893834575729e-15  9.39472085361577e-18  0.000205736616603539
 2.56712984176335e-06      1.99999450391483 -7.18594336842723e-05 -0.000104275179742799  -0.00113886638413453 -2.50087880349487e-15  4.15975732925142e-15  -9.4510065478217e-16 -1.13567844702081e-15  0.000749022966244935
 -4.4434605230656e-05 -7.18594336842723e-05      1.99576089032281   0.00892944075853421   -0.0633932032492275  1.68062302130165e-13 -1.01219963746274e-12  1.44198398024624e-12  3.51026692960902e-13    0.0325730445058588
  0.00037434395338576 -0.000104275179742799   0.00892944075853421      1.95123512879437     0.220293170411517  4.28381028900005e-13 -1.11346866885496e-12  6.57641836041581e-13  2.98474811490012e-13    -0.053649198704989
 -0.00102295565332354  -0.00113886638413453   -0.0633932032492275     0.220293170411517     0.359446112049973  1.96428305417466e-12 -1.46641885561075e-11  1.98012551375071e-11  3.35526457581656e-12     0.434210843802468
 -4.6013646798818e-16 -2.50087880349487e-15  1.68062302130165e-13  4.28381028900005e-13  1.96428305417466e-12      1.21341627346206   3.4144222157669e-14 -0.000327151131690991   -0.0151340475214687  4.50152387822541e-12
-2.57357524335512e-16  4.15975732925142e-15 -1.01219963746274e-12 -1.11346866885496e-12 -1.46641885561075e-11   3.4144222157669e-14      1.21341627346148    0.0151340475206616 -0.000327151131708878 -1.90514566670196e-11
 1.51893834575729e-15  -9.4510065478217e-16  1.44198398024624e-12  6.57641836041581e-13  1.98012551375071e-11 -0.000327151131690991    0.0151340475206616     0.787940372245357  3.56479817248153e-14  2.22820037760485e-11
 9.39472085361577e-18 -1.13567844702081e-15  3.51026692960902e-13  2.98474811490012e-13  3.35526457581656e-12   -0.0151340475214687 -0.000327151131708878  3.56479817248153e-14     0.787940372244783  4.72765654609617e-12
 0.000205736616603539  0.000749022966244935    0.0325730445058588    -0.053649198704989     0.434210843802468  4.50152387822541e-12 -1.90514566670196e-11  2.22820037760485e-11  4.72765654609617e-12      1.69085369406547
TOTAL ENERGY: -127.206305384122	 lambda: 0	 population of target: 6.71313298493035
1RDM: 
     1.99999830214519  1.48137710062621e-06  -1.4155703037996e-05  0.000177449570693957 -0.000563522016368128 -1.65565585130019e-16  5.63582234028105e-16  5.51508775998879e-16 -3.47153320164706e-15  3.13177163763811e-05
 1.48137710062621e-06       1.9999958426197 -8.67851618028077e-05 -4.17319936626278e-05 -0.000943854394266456 -8.26627800153407e-15  8.09651429326204e-16 -4.16705713146344e-16 -1.00516481284828e-14   0.00081850930649751
 -1.4155703037996e-05 -8.67851618028077e-05      1.99582309041331   0.00514000114149149   -0.0508115869145167  2.14502111563074e-12 -4.29974139284549e-13  5.25527180960085e-13  2.77601786765142e-12    0.0354506669014307
 0.000177449570693957 -4.17319936626278e-05   0.00514000114149149      1.97218009364534     0.170940017215509  1.70202138291549e-12 -3.60117843512697e-13  1.82146026094193e-14   1.8968147932638e-12   -0.0187425393783358
-0.000563522016368128 -0.000943854394266456   -0.0508115869145167     0.170940017215509     0.410914336943066  2.68404957918065e-11 -5.69125725923966e-12  6.98519766240748e-12  3.13559241536477e-11     0.216273117834539
-1.65565585130019e-16 -8.26627800153407e-15  2.14502111563074e-12  1.70202138291549e-12  2.68404957918065e-11      1.16558745498567 -5.47671962154469e-15 -0.000274009123294417 -3.33861081299788e-07   3.3179596091848e-11
 5.63582234028105e-16  8.09651429326204e-16 -4.29974139284549e-13 -3.60117843512697e-13 -5.69125725923966e-12 -5.47671962154469e-15       1.1655874549847  3.33860444367661e-07 -0.000274009123287421 -5.98595749148952e-12
 5.51508775998879e-16 -4.16705713146344e-16  5.25527180960085e-13  1.82146026094193e-14  6.98519766240748e-12 -0.000274009123294417  3.33860444367661e-07     0.835042777956773 -2.75078100588222e-15  8.04252383437205e-12
-3.47153320164706e-15 -1.00516481284828e-14  2.77601786765142e-12   1.8968147932638e-12  3.13559241536477e-11 -3.33861081299788e-07 -0.000274009123287421 -2.75078100588222e-15     0.835042777955804  3.95992739467117e-11
 3.13177163763811e-05   0.00081850930649751    0.0354506669014307   -0.0187425393783358     0.216273117834539   3.3179596091848e-11 -5.98595749148952e-12  8.04252383437205e-12  3.95992739467117e-11      1.61982786835048
TOTAL ENERGY: -127.199630499539	 lambda: 0.1	 population of target: 6.86719060161873
1RDM: 
     1.99999923822285  7.36229996160273e-07 -4.25541539725523e-06  7.39023467131297e-05 -0.000228980135622552  1.32479005068578e-15 -7.55760366266135e-16  3.44408225117242e-15   2.7563982245673e-15  4.14443213309232e-05
 7.36229996160273e-07      1.99999672026566  -9.5132130270632e-05  5.47576698202556e-06 -0.000821714628488361  7.88836925079301e-17 -2.71150674565372e-15   7.4891998080126e-15  2.03864222484609e-15  0.000916553981664167
-4.25541539725523e-06  -9.5132130270632e-05      1.99569200573308   0.00365489036168201   -0.0433125906860619 -5.47195074282758e-13  1.05765364953479e-12  -1.1823103688958e-12 -5.57040864068782e-13    0.0406121605223018
 7.39023467131297e-05  5.47576698202556e-06   0.00365489036168201      1.98453476599284      0.12815091469646 -3.03875217740674e-13  4.72465566121917e-13 -9.58495133595016e-13  -4.8637069983676e-13   -0.0100633464799516
-0.000228980135622552 -0.000821714628488361   -0.0433125906860619      0.12815091469646     0.531452818232604 -5.55537766552462e-12  1.03655070698568e-11 -1.00013315693862e-11 -5.73309970449685e-12    0.0908024189981606
 1.32479005068578e-15  7.88836925079301e-17 -5.47195074282758e-13 -3.03875217740674e-13 -5.55537766552462e-12      1.11971524387829  4.05050641016321e-15 -0.000205776456662115   0.00447776364745709 -5.94345905784729e-12
-7.55760366266135e-16 -2.71150674565372e-15  1.05765364953479e-12  4.72465566121917e-13  1.03655070698568e-11  4.05050641016321e-15      1.11971524387766  -0.00447776364785255 -0.000205776456658908  1.17587024217592e-11
 3.44408225117242e-15   7.4891998080126e-15  -1.1823103688958e-12 -9.58495133595016e-13 -1.00013315693862e-11 -0.000205776456662115  -0.00447776364785255     0.880602547590569  5.78937164848473e-15 -1.40393496559595e-11
  2.7563982245673e-15  2.03864222484609e-15 -5.57040864068782e-13  -4.8637069983676e-13 -5.73309970449685e-12   0.00447776364745709 -0.000205776456658908  5.78937164848473e-15     0.880602547589942  -7.4787751060249e-12
 4.14443213309232e-05  0.000916553981664167    0.0406121605223018   -0.0100633464799516    0.0908024189981606 -5.94345905784729e-12  1.17587024217592e-11 -1.40393496559595e-11  -7.4787751060249e-12      1.48768886861653
TOTAL ENERGY: -127.190066627327	 lambda: 0.2	 population of target: 6.93395463057105
1RDM: 
     1.99999955782081  3.73571818249678e-07 -2.46802362221119e-06  3.37699806530472e-05 -4.25811997683357e-05  8.69483650186048e-16  5.40385040453893e-16  1.43806404032198e-16  1.56840733732973e-15  9.85721488696498e-05
 3.73571818249678e-07      1.99999718324549 -9.65668261043619e-05  2.94233329556909e-05 -0.000745478540695655 -1.47919905504502e-15  7.08515772415555e-16  2.17048715938183e-15 -3.95423963794083e-16  0.000973243379042578
-2.46802362221119e-06 -9.65668261043619e-05       1.9956737316152   0.00324257738554613   -0.0391635614895103 -9.11037047273899e-14  6.23726730864389e-14  2.43617826144937e-14 -3.02949130478959e-15    0.0436116864432261
 3.37699806530472e-05  2.94233329556909e-05   0.00324257738554613      1.98988797310434      0.10331406280426 -7.95466160022236e-14 -7.77611370191721e-14 -2.21320077543436e-13 -1.95600753746023e-13   -0.0122389970594998
-4.25811997683357e-05 -0.000745478540695655   -0.0391635614895103      0.10331406280426     0.619266159574304 -7.17442533959415e-13  2.90307911566748e-13  9.26875553932936e-13 -4.20071746791508e-13    0.0373010631946077
 8.69483650186048e-16 -1.47919905504502e-15 -9.11037047273899e-14 -7.95466160022236e-14 -7.17442533959415e-13      1.09276369223484  5.78174013392115e-16 -0.000162634387778749    0.0053354718477975 -4.71987808264252e-13
 5.40385040453893e-16  7.08515772415555e-16  6.23726730864389e-14 -7.77611370191721e-14  2.90307911566748e-13  5.78174013392115e-16       1.0927636922348  -0.00533547184809347 -0.000162634387775908 -2.94075377379879e-15
 1.43806404032198e-16  2.17048715938183e-15  2.43617826144937e-14 -2.21320077543436e-13  9.26875553932936e-13 -0.000162634387778749  -0.00533547184809347     0.907441317300329  1.13450898918828e-15  1.23880947131046e-13
 1.56840733732973e-15 -3.95423963794083e-16 -3.02949130478959e-15 -1.95600753746023e-13 -4.20071746791508e-13    0.0053354718477975 -0.000162634387775908  1.13450898918828e-15     0.907441317300289 -8.38168149953215e-13
 9.85721488696498e-05  0.000973243379042578    0.0436116864432261   -0.0122389970594998    0.0373010631946077 -4.71987808264252e-13 -2.94075377379879e-15  1.23880947131046e-13 -8.38168149953215e-13      1.39476537556955
TOTAL ENERGY: -127.182346063721	 lambda: 0.3	 population of target: 6.96552542594391
1RDM: 
     1.99999965606138  1.95106407139265e-07 -2.31018865383299e-06  1.76222848282862e-05  6.96519826025769e-05  1.30801988565651e-15  -1.1196274514097e-15  1.84152477296493e-15  2.03372988219252e-15  0.000150483388325013
 1.95106407139265e-07       1.9999974603394 -9.48261338112308e-05  4.14190821360165e-05 -0.000686917987743017 -8.83128176855922e-16 -1.71011256739001e-15  5.15884397209794e-15  3.11794079355158e-16   0.00099635871835328
-2.31018865383299e-06 -9.48261338112308e-05      1.99575574152246   0.00311976391319789   -0.0362949393640754 -1.97013345260079e-13  5.36260404841088e-13 -5.59920441581235e-13 -1.35876425214337e-13    0.0447608540503369
 1.76222848282862e-05  4.14190821360165e-05   0.00311976391319789      1.99228334182209    0.0891603938579145 -1.26109983502737e-13  6.44735935736776e-14 -3.29545178604776e-13 -2.34301186002246e-13   -0.0163210614991183
 6.96519826025769e-05 -0.000686917987743017   -0.0362949393640754    0.0891603938579145      0.67122639562778 -1.10674633190395e-12   2.5272913770063e-12 -1.75268818290588e-12 -9.19975415308448e-13    0.0124380063817266
 1.30801988565651e-15 -8.83128176855922e-16 -1.97013345260079e-13 -1.26109983502737e-13 -1.10674633190395e-12      1.07816666018675 -8.32764391995498e-16  -0.00013869205865733   0.00546655613012404  -1.0708976173708e-12
 -1.1196274514097e-15 -1.71011256739001e-15  5.36260404841088e-13  6.44735935736776e-14   2.5272913770063e-12 -8.32764391995498e-16      1.07816666018645  -0.00546655613035834 -0.000138692058654935  2.78532841877045e-12
 1.84152477296493e-15  5.15884397209794e-15 -5.59920441581235e-13 -3.29545178604776e-13 -1.75268818290588e-12  -0.00013869205865733  -0.00546655613035834     0.921993671551826  5.53333172308334e-17   -3.052601799528e-12
 2.03372988219252e-15  3.11794079355158e-16 -1.35876425214337e-13 -2.34301186002246e-13 -9.19975415308448e-13   0.00546655613012404 -0.000138692058654935  5.53333172308334e-17     0.921993671551532 -1.48034290201705e-12
 0.000150483388325013   0.00099635871835328    0.0447608540503369   -0.0163210614991183    0.0124380063817266  -1.0708976173708e-12  2.78532841877045e-12   -3.052601799528e-12 -1.48034290201705e-12      1.34041674115031
TOTAL ENERGY: -127.176150631911	 lambda: 0.4	 population of target: 6.98342260761936
1RDM: 
      1.9999996738578  1.03308323465796e-07 -2.12171092702749e-06  1.04860191008533e-05  0.000146767982214395  9.85186668184831e-16  4.35581548879778e-16 -4.00081050051164e-16  1.57138714441398e-15  0.000190678533293243
 1.03308323465796e-07      1.99999765961055 -9.15683534949076e-05  4.76017847821597e-05 -0.000634192336383232 -1.34945497346195e-15  6.42257457296891e-16  1.84980844484704e-15 -3.68775482579661e-16  0.000996681986656552
-2.12171092702749e-06 -9.15683534949076e-05      1.99590006747345   0.00305718704664671   -0.0338495833420094 -8.51049430209146e-14  5.97294734382849e-14  1.09076757722784e-14 -1.69144458649701e-15     0.044698333930693
 1.04860191008533e-05  4.76017847821597e-05   0.00305718704664671      1.99343258086876    0.0807329838382371 -1.01637691863616e-13 -6.38079473422334e-14 -1.56919517643073e-13  -1.9949081358969e-13    -0.020166463310963
 0.000146767982214395 -0.000634192336383232   -0.0338495833420094    0.0807329838382371     0.699378988362644 -5.09250556379012e-13  2.21819790891423e-13  7.23389774267189e-13 -2.79310341680982e-13  -0.00163757844457627
 9.85186668184831e-16 -1.34945497346195e-15 -8.51049430209146e-14 -1.01637691863616e-13 -5.09250556379012e-13      1.07053560876246 -1.11510107564294e-15 -0.000126212169957026   0.00555882368729201 -4.11157147704434e-13
 4.35581548879778e-16  6.42257457296891e-16  5.97294734382849e-14 -6.38079473422334e-14  2.21819790891423e-13 -1.11510107564294e-15      1.07053560876221  -0.00555882368750041 -0.000126212169955101  1.98208827939859e-14
-4.00081050051164e-16  1.84980844484704e-15  1.09076757722784e-14 -1.56919517643073e-13  7.23389774267189e-13 -0.000126212169957026  -0.00555882368750041     0.929605472964922 -3.55529253819962e-16  1.89979481433699e-13
 1.57138714441398e-15 -3.68775482579661e-16 -1.69144458649701e-15  -1.9949081358969e-13 -2.79310341680982e-13   0.00555882368729201 -0.000126212169955101 -3.55529253819962e-16     0.929605472964678 -6.82344980996447e-13
 0.000190678533293243  0.000996681986656552     0.044698333930693    -0.020166463310963  -0.00163757844457627 -4.11157147704434e-13  1.98208827939859e-14  1.89979481433699e-13 -6.82344980996447e-13       1.3110088663725
TOTAL ENERGY: -127.170513584562	 lambda: 0.5	 population of target: 6.99600306087409
1RDM: 
     1.99999965713583  5.93540452438361e-08 -1.45281117762587e-06  7.10859514750154e-06  0.000205855073355144  1.01298213267302e-15  4.00080146043697e-16 -5.68544330952965e-16  1.57446275724818e-15  0.000220848277651957
 5.93540452438361e-08      1.99999782505062 -8.74571942601717e-05  5.04871545079553e-05  -0.00058167947553264 -1.24556555419439e-15  6.07233444704511e-16  1.67961070255762e-15 -2.86383806950646e-16  0.000978905406197839
-1.45281117762587e-06 -8.74571942601717e-05      1.99608250907486   0.00298612937073104   -0.0314567468162087  -8.0149134359462e-14  5.82747446305399e-14  3.28621491439648e-15  2.32482322585656e-15    0.0437311519940254
 7.10859514750154e-06  5.04871545079553e-05   0.00298612937073104      1.99397592591672    0.0757430946855457 -1.03331620254147e-13 -6.08170431071349e-14 -1.43311155718883e-13 -1.98062118423715e-13    -0.023384437628031
 0.000205855073355144  -0.00058167947553264   -0.0314567468162087    0.0757430946855457     0.711009886680163 -4.70673454090995e-13  2.10990272817105e-13  6.90940059509065e-13 -2.50078009111195e-13   -0.0118283927768206
 1.01298213267302e-15 -1.24556555419439e-15  -8.0149134359462e-14 -1.03331620254147e-13 -4.70673454090995e-13      1.06733312219435   8.8033523284753e-16 -0.000121309939417671   0.00579634478119545 -4.07003880109776e-13
 4.00080146043697e-16  6.07233444704511e-16  5.82747446305399e-14 -6.08170431071349e-14  2.10990272817105e-13   8.8033523284753e-16      1.06733312219415  -0.00579634478139521  -0.00012130993941525  2.62532261545605e-14
-5.68544330952965e-16  1.67961070255762e-15  3.28621491439648e-15 -1.43311155718883e-13  6.90940059509065e-13 -0.000121309939417671  -0.00579634478139521     0.932800461362056  1.56270399771808e-15   2.1361289924239e-13
 1.57446275724818e-15 -2.86383806950646e-16  2.32482322585656e-15 -1.98062118423715e-13 -2.50078009111195e-13   0.00579634478119545  -0.00012130993941525  1.56270399771808e-15     0.932800461361852 -6.63381926257112e-13
 0.000220848277651957  0.000978905406197839    0.0437311519940254    -0.023384437628031   -0.0118283927768206 -4.07003880109776e-13  2.62532261545605e-14   2.1361289924239e-13 -6.63381926257112e-13      1.29866702902945
TOTAL ENERGY: -127.164267679986	 lambda: 0.6	 population of target: 7.00735412856017
1RDM: 
     1.99999962067554  4.87021965125043e-08 -5.14940206123835e-08  5.46934815801971e-06  0.000254986331453486  1.03618640261075e-15   3.6944319893764e-16 -7.09518817106632e-16   1.5861607966437e-15  0.000243304336461923
 4.87021965125043e-08      1.99999797433733 -8.28961322546953e-05  5.09963992777221e-05 -0.000525265260427443 -1.11021428606196e-15  5.68337274718198e-16  1.48612553389286e-15 -1.60048036749639e-16  0.000943586177752612
-5.14940206123835e-08 -8.28961322546953e-05      1.99628216560036   0.00287524006460715    -0.028884872383703 -7.36390317390015e-14  5.64203332905728e-14 -5.66741698173664e-15  8.44330772433379e-15    0.0419361935348347
 5.46934815801971e-06  5.09963992777221e-05   0.00287524006460715      1.99416358599225    0.0732123506547556 -1.01977521865521e-13 -5.92315953740292e-14 -1.36636529349367e-13 -1.96123658115081e-13   -0.0259197336795443
 0.000254986331453486 -0.000525265260427443    -0.028884872383703    0.0732123506547556     0.709039867363104 -4.56052921913697e-13   2.1055742282803e-13  6.90591942748055e-13 -2.33516700742273e-13   -0.0215718368483473
 1.03618640261075e-15 -1.11021428606196e-15 -7.36390317390015e-14 -1.01977521865521e-13 -4.56052921913697e-13      1.06759933640206  5.16381603855242e-16 -0.000122567174197603   0.00627956247617607 -4.20493879747877e-13
  3.6944319893764e-16  5.68337274718198e-16  5.64203332905728e-14 -5.92315953740292e-14   2.1055742282803e-13  5.16381603855242e-16      1.06759933640182  -0.00627956247637198 -0.000122567174195498  3.27583106756808e-14
-7.09518817106632e-16  1.48612553389286e-15 -5.66741698173664e-15 -1.36636529349367e-13  6.90591942748055e-13 -0.000122567174197603  -0.00627956247637198      0.93253416997243  1.23220491408813e-15  2.44743716559563e-13
  1.5861607966437e-15 -1.60048036749639e-16  8.44330772433379e-15 -1.96123658115081e-13 -2.33516700742273e-13   0.00627956247617607 -0.000122567174195498  1.23220491408813e-15       0.9325341699722 -6.75798540683586e-13
 0.000243304336461923  0.000943586177752612    0.0419361935348347   -0.0259197336795443   -0.0215718368483473 -4.20493879747877e-13  3.27583106756808e-14  2.44743716559563e-13 -6.75798540683586e-13      1.30024977328294
TOTAL ENERGY: -127.155565348929	 lambda: 0.7	 population of target: 7.02069353118469
1RDM: 
     1.99999956652682  6.94904693989745e-08  2.46460304381644e-06  4.73419478167925e-06   0.00029837602484323  1.05715453451993e-15  3.39943660029936e-16 -8.35721768257368e-16  1.60746658121048e-15  0.000259969461157792
 6.94904693989745e-08      1.99999811031158 -7.84446346533489e-05  4.91606245621219e-05 -0.000459985099167163 -9.32395146264649e-16  5.21486202940603e-16  1.25259693399881e-15  2.02128112855203e-17  0.000888044380226989
 2.46460304381644e-06 -7.84446346533489e-05      1.99646544874188   0.00269232185910475   -0.0258882488034487 -6.51314318828686e-14  5.40757952340971e-14 -1.67606944908737e-14  1.70965412285808e-14    0.0392252769501941
 4.73419478167925e-06  4.91606245621219e-05   0.00269232185910475      1.99408438343386    0.0728703164271988  -9.8013989566443e-14 -5.89939273050543e-14 -1.36090664784741e-13 -1.94157465509976e-13    -0.027685556880698
  0.00029837602484323 -0.000459985099167163   -0.0258882488034487    0.0728703164271988     0.693118259983865 -4.60838709358136e-13   2.2005576673796e-13  7.21404827714691e-13 -2.24868098295852e-13   -0.0337262244431153
 1.05715453451993e-15 -9.32395146264649e-16 -6.51314318828686e-14  -9.8013989566443e-14 -4.60838709358136e-13      1.07136719229675 -1.23391151772865e-15 -0.000130273437809305    0.0071475226413509 -4.55690433170278e-13
 3.39943660029936e-16  5.21486202940603e-16  5.40757952340971e-14 -5.89939273050543e-14   2.2005576673796e-13 -1.23391151772865e-15      1.07136719229663  -0.00714752264156752  -0.00013027343780754  4.16974256703434e-14
-8.35721768257368e-16  1.25259693399881e-15 -1.67606944908737e-14 -1.36090664784741e-13  7.21404827714691e-13 -0.000130273437809305  -0.00714752264156752     0.928773515085043 -6.57323144893661e-16  2.92545693891292e-13
 1.60746658121048e-15  2.02128112855203e-17  1.70965412285808e-14 -1.94157465509976e-13 -2.24868098295852e-13    0.0071475226413509  -0.00013027343780754 -6.57323144893661e-16     0.928773515084917 -7.23007700016508e-13
 0.000259969461157792  0.000888044380226989    0.0392252769501941    -0.027685556880698   -0.0337262244431153 -4.55690433170278e-13  4.16974256703434e-14  2.92545693891292e-13 -7.23007700016508e-13      1.31605281623873
TOTAL ENERGY: -127.140497081493	 lambda: 0.8	 population of target: 7.04067216009062
1RDM: 
     1.99999948748097  1.32246527469913e-07  6.93371875811174e-06   4.6021003363704e-06  0.000338291699754466  1.07425357218183e-15   3.0998249555086e-16 -9.53132631005006e-16  1.63941151138978e-15  0.000272477450068161
 1.32246527469913e-07      1.99999821696305 -7.54537422789538e-05  4.40715241787677e-05 -0.000377108992676584 -6.91374222248989e-16  4.60362267779388e-16  9.48325313766434e-16  2.77170421322313e-16  0.000805963490547338
 6.93371875811174e-06 -7.54537422789538e-05      1.99655167462152   0.00237726817512606   -0.0220550147866023 -5.36989386039694e-14  5.08692607104613e-14 -3.15150055676435e-14  2.92969297231164e-14    0.0353451459753782
  4.6021003363704e-06  4.40715241787677e-05   0.00237726817512606      1.99373581317832    0.0750058530317969 -9.13224368883719e-14 -6.01874162666099e-14 -1.42273152005139e-13 -1.92706762152962e-13   -0.0283459665640343
 0.000338291699754466 -0.000377108992676584   -0.0220550147866023    0.0750058530317969     0.659506278788275 -4.83936472449064e-13  2.41549015899808e-13  7.89553139084914e-13 -2.19474475369301e-13   -0.0526160753413514
 1.07425357218183e-15 -6.91374222248989e-16 -5.36989386039694e-14 -9.13224368883719e-14 -4.83936472449064e-13      1.07965718603334  -1.3972489348568e-16 -0.000146587559765942   0.00867856819058195 -5.22731442158481e-13
  3.0998249555086e-16  4.60362267779388e-16  5.08692607104613e-14 -6.01874162666099e-14  2.41549015899808e-13  -1.3972489348568e-16      1.07965718603306  -0.00867856819080257 -0.000146587559765127  5.60743695506071e-14
-9.53132631005006e-16  9.48325313766434e-16 -3.15150055676435e-14 -1.42273152005139e-13  7.89553139084914e-13 -0.000146587559765942  -0.00867856819080257     0.920501826092719  7.41500261712025e-16  3.72887846456184e-13
 1.63941151138978e-15  2.77170421322313e-16  2.92969297231164e-14 -1.92706762152962e-13 -2.19474475369301e-13   0.00867856819058195 -0.000146587559765127  7.41500261712025e-16     0.920501826092435 -8.18181684281053e-13
 0.000272477450068161  0.000805963490547338    0.0353451459753782   -0.0283459665640343   -0.0526160753413514 -5.22731442158481e-13  5.60743695506071e-14  3.72887846456184e-13 -8.18181684281053e-13      1.34989050471628
TOTAL ENERGY: -127.108982675708	 lambda: 0.9	 population of target: 7.07749746082254
1RDM: 
     1.99999936176049  2.71293051875809e-07  1.54259462720566e-05  5.14175394121809e-06  0.000375536410846509  1.08173036325435e-15  2.78030864586892e-16 -1.06322992730034e-15  1.68364498448784e-15  0.000282367347601329
 2.71293051875809e-07       1.9999982294159 -7.79351968536269e-05  3.29481798036561e-05 -0.000257100920255549 -3.47102347325716e-16   3.7115468947469e-16  5.06329183388321e-16  6.55886425484781e-16  0.000686703704089956
 1.54259462720566e-05 -7.79351968536269e-05      1.99630757014787   0.00178772695923016   -0.0164665919859453 -3.75322095707509e-14  4.59865093544416e-14 -5.32658378699693e-14  4.70775280800181e-14    0.0298671889118414
 5.14175394121809e-06  3.29481798036561e-05   0.00178772695923016      1.99303344150955    0.0805870777686546 -8.16375092647429e-14  -6.3210644070679e-14 -1.57346349710658e-13 -1.93224873666917e-13   -0.0268584138029606
 0.000375536410846509 -0.000257100920255549   -0.0164665919859453    0.0805870777686546     0.599918407825204 -5.23280981016615e-13   2.7939110111147e-13  9.07726986240943e-13 -2.06983043018611e-13   -0.0878051254000017
 1.08173036325435e-15 -3.47102347325716e-16 -3.75322095707509e-14 -8.16375092647429e-14 -5.23280981016615e-13       1.0949737440299 -2.06806146175268e-17 -0.000176708179177196    0.0114983257961049 -6.43999939696228e-13
 2.78030864586892e-16   3.7115468947469e-16  4.59865093544416e-14  -6.3210644070679e-14   2.7939110111147e-13 -2.06806146175268e-17      1.09497374402951   -0.0114983257963549 -0.000176708179172489   8.2875907043606e-14
-1.06322992730034e-15  5.06329183388321e-16 -5.32658378699693e-14 -1.57346349710658e-13  9.07726986240943e-13 -0.000176708179177196   -0.0114983257963549     0.905226548971874  1.04820776079245e-15  5.21400083375961e-13
 1.68364498448784e-15  6.55886425484781e-16  4.70775280800181e-14 -1.93224873666917e-13 -2.06983043018611e-13    0.0114983257961049 -0.000176708179172489  1.04820776079245e-15      0.90522654897149 -9.91131614833787e-13
 0.000282367347601329  0.000686703704089956    0.0298671889118414   -0.0268584138029606   -0.0878051254000017 -6.43999939696228e-13   8.2875907043606e-14  5.21400083375961e-13 -9.91131614833787e-13      1.41034240333822
TOTAL ENERGY: -127.031999468363	 lambda: 1	 population of target: 7.15794614801108
1RDM: 
     1.99999913519861  5.80146537324109e-07   3.3310652283118e-05  6.85054278482132e-06  0.000409021294696662  1.06832893922971e-15  2.40291777856426e-16 -1.16227832667594e-15  1.74416526706584e-15  0.000290767349368588
 5.80146537324109e-07      1.99999792109348 -9.89133750122497e-05  8.29303206041568e-06  -5.0190613617372e-05  1.71170133278072e-16  2.12303505059599e-16 -2.31746073329929e-16  1.23376655382532e-15   0.00052233919821915
  3.3310652283118e-05 -9.89133750122497e-05      1.99499284882055  0.000557225584130085  -0.00675477276702406 -1.32909557235034e-14  3.70546567548119e-14 -8.91112531224576e-14  7.39185210976303e-14    0.0225384730855265
 6.85054278482132e-06  8.29303206041568e-06  0.000557225584130085      1.99183253845888     0.091241111372365  -7.0730912389196e-14 -6.98757889762161e-14 -1.84229648629702e-13 -2.00381085989285e-13    -0.020164377031376
 0.000409021294696662  -5.0190613617372e-05  -0.00675477276702406     0.091241111372365      0.50313705963052 -5.59048090510515e-13  3.49307401116163e-13  1.07605134238035e-12 -1.51982987906331e-13    -0.164045381254342
 1.06832893922971e-15  1.71170133278072e-16 -1.32909557235034e-14  -7.0730912389196e-14 -5.59048090510515e-13      1.12180490343874  5.04783416903754e-17 -0.000230472686335896    0.0170425364406044 -8.63693102628402e-13
 2.40291777856426e-16  2.12303505059599e-16  3.70546567548119e-14 -6.98757889762161e-14  3.49307401116163e-13  5.04783416903754e-17      1.12180490343861   -0.0170425364409825 -0.000230472686332254  1.45055051949995e-13
-1.16227832667594e-15 -2.31746073329929e-16 -8.91112531224576e-14 -1.84229648629702e-13  1.07605134238035e-12 -0.000230472686335896   -0.0170425364409825     0.878492883934259  9.04922345958188e-16  8.17782852571804e-13
 1.74416526706584e-15  1.23376655382532e-15  7.39185210976303e-14 -2.00381085989285e-13 -1.51982987906331e-13    0.0170425364406044 -0.000230472686332254  9.04922345958188e-16     0.878492883934137 -1.29864655702523e-12
 0.000290767349368588   0.00052233919821915    0.0225384730855265    -0.020164377031376    -0.164045381254342 -8.63693102628402e-13  1.45055051949995e-13  8.17782852571804e-13 -1.29864655702523e-12      1.50944492205224
-------------------general-----------------------
mullikenoperator: 
   0.0108630012137336    -0.103073749456295   0.00333337603589378   -0.0105583808830135   -0.0008240961300824 -1.72577329152391e-15  5.17846489441725e-16  2.15276675430182e-15 -1.15325291467604e-15   0.00115033021207279
   -0.103073749456295     0.988926806989805    -0.017693747264182  -0.00357309017962207   0.00112227069585861  2.84081880212103e-15 -1.67675796023281e-15 -2.48421388249972e-15  2.06506924610643e-15 -0.000852731447848674
  0.00333337603589378    -0.017693747264182    0.0256787222362173     -0.13655148911001    0.0668872350590682  1.48225924058451e-13  -1.1662523060703e-13 -1.72919515488629e-13  1.36928878028851e-13   -0.0556052807667641
  -0.0105583808830135  -0.00357309017962212     -0.13655148911001     0.981432679339712   -0.0151526268688831  4.12461119675461e-14  4.54084319116351e-14  8.39378019577958e-14  2.28742168302907e-14   -0.0303516717503657
-0.000824096130082401    0.0011222706958586    0.0668872350590682    -0.015152626868883     0.514293080895102  4.30063879832108e-13 -1.61306839392897e-12 -4.88050588884507e-13   2.4641545822455e-13    -0.497618250291448
-1.72577329152391e-15  2.84081880212102e-15  1.48225924058451e-13  4.12461119675462e-14  4.30063879832109e-13     0.455579449116807 -8.94962645387864e-15 -0.000767340395888031     0.498078054626025  2.33574984025045e-13
 5.17846489441727e-16 -1.67675796023281e-15  -1.1662523060703e-13   4.5408431911635e-14 -1.61306839392897e-12 -8.94699133437973e-15     0.455579449115225    -0.498078054625883 -0.000767340395889062  5.71875325603007e-13
 2.15276675430182e-15  -2.4842138824997e-15 -1.72919515488629e-13  8.39378019577959e-14 -4.88050588884508e-13 -0.000767340395888024    -0.498078054625883     0.544420550884774 -6.87688262183874e-15  1.54600092015826e-12
-1.15325291467604e-15  2.06506924610642e-15  1.36928878028851e-13  2.28742168302908e-14  2.46415458224551e-13     0.498078054626025 -0.000767340395889082 -6.86369347181704e-15     0.544420550883194  4.74476941125321e-13
  0.00115033021207279 -0.000852731447848672   -0.0556052807667641   -0.0303516717503657    -0.497618250291448  2.33574984025045e-13  5.71875325603007e-13  1.54600092015826e-12  4.74476941125321e-13      0.47880570932543
selected BF: 
0 1 2 3 4
selected lambdas: 
  -1 -0.9 -0.8 -0.7 -0.6 -0.5 -0.4 -0.3 -0.2 -0.1    0  0.1  0.2  0.3  0.4  0.5  0.6  0.7  0.8  0.9    1
RHF C: 
 -0.00010742564187014    -0.995302612854096     0.200897775868421     0.165459945647275   -0.0062219117237443  1.62135997733359e-15  1.50276518564445e-14  1.90007540665124e-14  2.27308369652714e-15    0.0176563519552177
 0.000598925718560626   -0.0192490089636592    -0.792002773367808    -0.655431952085249    0.0250939682504287  -7.0285601130899e-15 -6.06554609884264e-14 -7.73848379410074e-14 -9.24838869084563e-15    -0.075356841653336
   -1.94508531081e-18   1.7445784434289e-16  4.17017685137829e-14 -3.93994558964913e-14  1.40967089493596e-12    -0.190683899924192    0.0779960866342366     0.369836734416646     0.906090029336961 -1.62201474195759e-13
-7.88412865390135e-17  3.19670184529247e-16  8.65723876414054e-14 -7.72278646074693e-14  2.89535346919458e-12    0.0779960866339636     0.190683899924865     0.906090029336819    -0.369836734416703  -3.1995486896645e-13
 0.000848055682712023 -0.000213633116331443    -0.062994796168556    0.0445647021032497    -0.990589037385676  -8.9972530422766e-14  7.75789085342421e-13   3.0429872115483e-12  1.90716634727547e-13     -0.15387327010068
   -0.995086208611084 -0.000159156023637406     0.158686212608901    -0.207589869218331    -0.033383008701772 -1.98989828155449e-15  3.00073361667112e-14  6.98786295906806e-14  4.43109469823725e-15   0.00134859556822329
  -0.0199799641816511  0.000630106821614199    -0.616146802321385     0.815412063185793     0.142672233458752  9.16078030160706e-15 -1.28571688620561e-13 -3.10135657550077e-13 -1.91769519744585e-14  -0.00315282490918971
-2.09570352155761e-16 -7.05747705547534e-17 -2.21231989364885e-14  4.98180014729712e-15    6.084809864758e-14    -0.902873471531088     0.369305418721925   -0.0833569258433224    -0.204222221196305  1.07084062751745e-13
-4.45509310076916e-16 -1.31298917310047e-16 -5.08475071052956e-14  9.82160527911742e-15  7.93202748407297e-14     0.369305418721987     0.902873471530937    -0.204222221196976    0.0833569258430497  -8.6264001276995e-14
 0.000142210054869207 -0.000760014705429005    0.0275444242151324  -0.00467124276082184    0.0693436695684001 -1.17838673406505e-13 -1.72387935424023e-13 -5.60606588266256e-13 -6.99626996137714e-14     -1.00223555488881
RDM (no constraint): 
     1.99999988558962  6.69959216054817e-08  3.33547288906952e-06  1.72193772851139e-05 -1.66656954868704e-05 -6.86756278187514e-17  4.86455547114609e-16 -7.09555157286864e-17  -1.3102559938908e-16  0.000103276846589414
 6.69959216054817e-08      1.99999775538309 -8.82822346048525e-05 -9.84274588546554e-05  0.000259227786124485  3.62686456422165e-17 -6.87430963839259e-17 -1.14862646510988e-15 -8.59840074690426e-17  0.000241732573146244
 3.33547288906952e-06 -8.82822346048525e-05      1.99506942728786  -0.00402803077463822   -0.0159120312687367  -3.5505804598271e-15  5.63901119476947e-14  -7.3315941079908e-14 -4.01633000425854e-15   -0.0138881620563679
 1.72193772851139e-05 -9.84274588546554e-05  -0.00402803077463822       1.9883209907843    0.0621566048780677  4.21090798635325e-15  -5.5457455654816e-14 -1.03225090096267e-13 -5.05320219236269e-15   -0.0043781226018218
-1.66656954868704e-05  0.000259227786124485   -0.0159120312687367    0.0621566048780677     0.896780456745504 -1.20802696164769e-13  5.20405677816706e-13 -2.94025094076506e-14 -2.07523312518163e-14    -0.643459296753996
-6.86756278187514e-17  3.62686456422165e-17  -3.5505804598271e-15  4.21090798635325e-15 -1.20802696164769e-13      1.08226533550456  1.44080633256389e-15  0.000106467558649541    -0.143524111800415 -3.36303098222158e-14
 4.86455547114609e-16 -6.87430963839259e-17  5.63901119476947e-14  -5.5457455654816e-14  5.20405677816706e-13  1.44080633256389e-15      1.08226533550491     0.143524111800452  0.000106467558646971  4.71839749901074e-13
-7.09555157286864e-17 -1.14862646510988e-15  -7.3315941079908e-14 -1.03225090096267e-13 -2.94025094076506e-14  0.000106467558649541     0.143524111800452     0.918364897397477  1.17522225431119e-15  2.05666537027762e-12
 -1.3102559938908e-16 -8.59840074690426e-17 -4.01633000425854e-15 -5.05320219236269e-15 -2.07523312518163e-14    -0.143524111800415  0.000106467558646971  1.17522225431119e-15      0.91836489739782  1.57725051339521e-13
 0.000103276846589414  0.000241732573146244   -0.0138881620563679   -0.0043781226018218    -0.643459296753996 -3.36303098222158e-14  4.71839749901074e-13  2.05666537027762e-12  1.57725051339521e-13      1.11857101840486
RDM Eigenvectors: 
    0.994516568049422    -0.103647261616354   -0.0139087399623373  -0.00071881939821786 -0.000265028304648874  3.81623644645287e-16  2.35242635953609e-18  1.41173255603325e-16 -3.15615032242599e-16  3.23413340276989e-05
    0.103464761587966     0.994446570702623   -0.0132493821915262    0.0139809901953286 -1.84301679521728e-05 -1.45000999387423e-16 -1.13132555769044e-16  1.54089971626523e-17  -4.8399243382244e-16  0.000215806322350807
  -0.0113644843802591   -0.0181652338477245     -0.71350008532394     0.700204748441603   0.00287337825267372 -2.40749357997055e-14 -3.30628950178907e-15  5.89505782569256e-15 -1.07379677158361e-13   -0.0127888613256359
