The Davidson algorithm did not converge.lambda: -1
The Davidson algorithm did not converge.lambda: -0.9
The Davidson algorithm did not converge.lambda: -0.8
The Davidson algorithm did not converge.lambda: -0.7
The Davidson algorithm did not converge.lambda: -0.6
The Davidson algorithm did not converge.lambda: -0.5
The Davidson algorithm did not converge.lambda: -0.4
The Davidson algorithm did not converge.lambda: -0.3
The Davidson algorithm did not converge.lambda: -0.2
The Davidson algorithm did not converge.lambda: -0.1
TOTAL ENERGY: -127.176824042254	 lambda: 0	 population of target: 6.87881569690055
1RDM: 
     1.99999933968299 -1.00956669402941e-06  4.15049587378271e-05  9.57144058146009e-05  0.000285501113523028  8.74835433354439e-12 -8.46155945761005e-12 -3.74190922720513e-12 -1.77912564129237e-12 -0.000389171164016148
-1.00956669402941e-06      1.99999743693239  1.24674879081066e-05  0.000117453991070328  0.000171714796100159  4.23263692193429e-12 -1.03181019880228e-11 -2.09338367826434e-12 -1.72529031441038e-12 -7.33603137839644e-05
 4.15049587378271e-05  1.24674879081066e-05      1.99252970233682  -0.00967235842834984   -0.0779890876165306 -5.27174109377242e-10  1.96812696866542e-10   -2.164503854131e-11  8.96812951385558e-10    0.0499214997416577
 9.57144058146009e-05  0.000117453991070328  -0.00967235842834984      1.98312845958376   -0.0945805191855379 -1.29075401952933e-09  1.00297758805509e-09  3.63055941485774e-10  6.53355844129721e-10    0.0697033028172053
 0.000285501113523028  0.000171714796100159   -0.0779890876165306   -0.0945805191855379     0.620708774539956 -3.70677768448258e-09  4.43490603514207e-09  8.19838265952698e-10  4.42177653317395e-09     0.143485797676732
 8.74835433354439e-12  4.23263692193429e-12 -5.27174109377242e-10 -1.29075401952933e-09 -3.70677768448258e-09     0.948505557587107  4.47867187241824e-09 -3.07178300322544e-09   -0.0435756361607584 -4.19815725575582e-09
-8.46155945761005e-12 -1.03181019880228e-11  1.96812696866542e-10  1.00297758805509e-09  4.43490603514207e-09  4.47867187241824e-09     0.948505557684088    -0.043575636275906 -7.52758474428361e-09 -1.88128612980532e-10
-3.74190922720513e-12 -2.09338367826434e-12   -2.164503854131e-11  3.63055941485774e-10  8.19838265952698e-10 -3.07178300322544e-09    -0.043575636275906      1.05162780141948 -4.47867187371922e-09  4.44970983112349e-09
-1.77912564129237e-12 -1.72529031441038e-12  8.96812951385558e-10  6.53355844129721e-10  4.42177653317395e-09   -0.0435756361607584 -7.52758474428361e-09 -4.47867187371922e-09      1.05162780151646 -3.61566650999507e-09
-0.000389171164016148 -7.33603137839644e-05    0.0499214997416577    0.0697033028172053     0.143485797676732 -4.19815725575582e-09 -1.88128612980532e-10  4.44970983112349e-09 -3.61566650999507e-09      1.40336956871698
TOTAL ENERGY: -127.173701832859	 lambda: 0.1	 population of target: 6.96415746154993
1RDM: 
     1.99999958133705 -3.32805328351808e-07  4.79240300287986e-05  7.50662995863938e-05  0.000371950475326436   9.5952974015457e-12 -9.59746601542036e-12 -3.77302774572616e-12 -2.82760252287721e-12 -0.000411727181771471
-3.32805328351808e-07      1.99999920906585  1.88626826234373e-05  5.22349180200677e-05  0.000323710400646697  4.36481175667211e-12 -1.18467428945852e-11 -9.79479998738853e-13 -3.79180909485436e-12 -7.14437884284436e-06
 4.79240300287986e-05  1.88626826234373e-05      1.99283218142634  -0.00994332351388912   -0.0658307734064702 -5.47824718115362e-10  9.89047891792851e-11  4.10758983026352e-11  7.50907196007919e-10    0.0541748561348766
 7.50662995863938e-05  5.22349180200677e-05  -0.00994332351388912       1.9852003846646   -0.0939231419035506 -1.35676855753178e-09  1.03423493736744e-09  3.86478500328719e-10  6.50199719068077e-10    0.0725914193210663
 0.000371950475326436  0.000323710400646697   -0.0658307734064702   -0.0939231419035506     0.766806737377838 -2.11746126042873e-09  2.78341576039954e-09   3.9179997508202e-11  2.92420268769017e-09    0.0481541623482255
  9.5952974015457e-12  4.36481175667211e-12 -5.47824718115362e-10 -1.35676855753178e-09 -2.11746126042873e-09     0.968594365291198  2.61340229611561e-09 -1.87173162300792e-09   -0.0254404087058516 -2.64115546259606e-09
-9.59746601542036e-12 -1.18467428945852e-11  9.89047891792851e-11  1.03423493736744e-09  2.78341576039954e-09  2.61340229611561e-09     0.968594365347883   -0.0254404087759926 -4.59460603621759e-09  2.41167586425494e-10
-3.77302774572616e-12 -9.79479998738853e-13  4.10758983026352e-11  3.86478500328719e-10   3.9179997508202e-11 -1.87173162300792e-09   -0.0254404087759926       1.0314685282637 -2.61339385151482e-09  2.83656657691142e-09
-2.82760252287721e-12 -3.79180909485436e-12  7.50907196007919e-10  6.50199719068077e-10  2.92420268769017e-09   -0.0254404087058516 -4.59460603621759e-09 -2.61339385151482e-09      1.03146852832038 -1.96978785909428e-09
-0.000411727181771471 -7.14437884284436e-06    0.0541748561348766    0.0725914193210663    0.0481541623482255 -2.64115546259606e-09  2.41167586425494e-10  2.83656657691142e-09 -1.96978785909428e-09      1.25503611890523
TOTAL ENERGY: -127.170838070118	 lambda: 0.2	 population of target: 6.98451159854535
1RDM: 
     1.99999962563504 -2.04424907798205e-07  4.84961734338093e-05  7.10642369371067e-05  0.000406424798756791   9.5956946563195e-12 -9.93044879368045e-12 -3.63906836185843e-12 -3.21224530541461e-12 -0.000403967063129879
-2.04424907798205e-07      1.99999957447488  1.87589337392928e-05  3.90443859537585e-05   0.00037614988430429   4.2150457722793e-12 -1.23127913488611e-11 -4.18484272926281e-13  -4.5629062186422e-12  3.06408279334314e-05
 4.84961734338093e-05  1.87589337392928e-05      1.99295189795233  -0.00988146060901461   -0.0612191370371749 -5.37516903670671e-10  5.15653638912138e-11  7.35327048619432e-11  6.87186423983011e-10    0.0562982144928419
 7.10642369371067e-05  3.90443859537585e-05  -0.00988146060901461      1.98565408313245    -0.093893044406046 -1.33689932107907e-09  1.02871400080095e-09  3.88174639286381e-10  6.45323905173556e-10     0.072705459763885
 0.000406424798756791   0.00037614988430429   -0.0612191370371749    -0.093893044406046     0.828614845222603 -1.32748923583828e-09  1.97575172550296e-09 -1.44365580898966e-10   2.2754018956413e-09    0.0227911132841607
  9.5956946563195e-12   4.2150457722793e-12 -5.37516903670671e-10 -1.33689932107907e-09 -1.32748923583828e-09     0.976710442262598  1.90590969741031e-09  -1.4043418693574e-09   -0.0185423290849748 -2.07059958099257e-09
-9.93044879368045e-12 -1.23127913488611e-11  5.15653638912138e-11  1.02871400080095e-09  1.97575172550296e-09  1.90590969741031e-09     0.976710442303922   -0.0185423291369815 -3.38789608037586e-09  3.28138150289808e-10
-3.63906836185843e-12 -4.18484272926281e-13  7.35327048619432e-11  3.88174639286381e-10 -1.44365580898966e-10  -1.4043418693574e-09   -0.0185423291369815      1.02333701920893 -1.90590967013628e-09  2.04842019661787e-09
-3.21224530541461e-12  -4.5629062186422e-12  6.87186423983011e-10  6.45323905173556e-10   2.2754018956413e-09   -0.0185423290849748 -3.38789608037586e-09 -1.90590967013628e-09      1.02333701925025 -1.20687043691477e-09
-0.000403967063129879  3.06408279334314e-05    0.0562982144928419     0.072705459763885    0.0227911132841607 -2.07059958099257e-09  3.28138150289808e-10  2.04842019661787e-09 -1.20687043691477e-09      1.19268505055701
TOTAL ENERGY: -127.168970964128	 lambda: 0.3	 population of target: 6.99218231189553
1RDM: 
     1.99999963681124  -1.7290809991556e-07  4.80813123034112e-05  6.98435438646781e-05  0.000427248218943411  9.50452582995203e-12 -1.01083343716928e-11 -3.48000378021836e-12 -3.46154195127907e-12 -0.000392586503540986
 -1.7290809991556e-07       1.9999996861673  1.84277744848999e-05  3.56653801642322e-05  0.000406120098085193   4.1366506767678e-12 -1.25844339176879e-11 -1.20790573338648e-13 -5.00418145504547e-12  5.06977700480065e-05
 4.80813123034112e-05  1.84277744848999e-05      1.99305996382452  -0.00977302015201515   -0.0587822171103752 -5.24813207226934e-10  2.39092443480057e-11  8.90277216388079e-11   6.5398336373206e-10    0.0571836741506503
 6.98435438646781e-05  3.56653801642322e-05  -0.00977302015201515      1.98581120303305   -0.0943038762295687 -1.31529634492835e-09  1.02725888323072e-09  3.83087975826469e-10  6.46741980306571e-10    0.0721008046908146
 0.000427248218943411  0.000406120098085193   -0.0587822171103752   -0.0943038762295687     0.858906791627188 -9.26199110009071e-10  1.58253618721071e-09 -1.74268294136638e-10  1.92023219134097e-09    0.0126200189191451
 9.50452582995203e-12   4.1366506767678e-12 -5.24813207226934e-10 -1.31529634492835e-09 -9.26199110009071e-10     0.980624104209065   1.5695589075409e-09 -1.17117574123539e-09   -0.0152809852062775   -1.825779039517e-09
-1.01083343716928e-11 -1.25844339176879e-11  2.39092443480057e-11  1.02725888323072e-09  1.58253618721071e-09   1.5695589075409e-09     0.980624104243087   -0.0152809852495713 -2.81777810705802e-09  3.72622404810113e-10
-3.48000378021836e-12 -1.20790573338648e-13  8.90277216388079e-11  3.83087975826469e-10 -1.74268294136638e-10 -1.17117574123539e-09   -0.0152809852495713       1.0194181712914  -1.5695596634208e-09  1.68251603971547e-09
-3.46154195127907e-12 -5.00418145504547e-12   6.5398336373206e-10  6.46741980306571e-10  1.92023219134097e-09   -0.0152809852062775 -2.81777810705802e-09  -1.5695596634208e-09      1.01941817132542  -8.4443783555256e-10
-0.000392586503540986  5.06977700480065e-05    0.0571836741506503    0.0721008046908146    0.0126200189191451   -1.825779039517e-09  3.72622404810113e-10  1.68251603971547e-09  -8.4443783555256e-10      1.16213816746778
TOTAL ENERGY: -127.167628962961	 lambda: 0.4	 population of target: 6.99606725761455
1RDM: 
     1.99999963932539 -1.68192932776617e-07  4.73404553468734e-05  6.92730140181978e-05  0.000442414013192321  9.45402332339362e-12 -1.02557631691423e-11 -3.31402135889216e-12 -3.68620524504007e-12 -0.000380868517830994
-1.68192932776617e-07      1.99999972638921  1.83499139263672e-05  3.52050769452934e-05  0.000428737849383249   4.1366635161877e-12 -1.28144943225801e-11  4.81457834732347e-14 -5.32665004934255e-12  6.13202119653927e-05
 4.73404553468734e-05  1.83499139263672e-05      1.99317795039397   -0.0096489549851499   -0.0572091072904549 -5.18140300853275e-10  7.15026055312316e-12  9.27318892330875e-11  6.37546888671476e-10     0.057383758337182
 6.92730140181978e-05  3.52050769452934e-05   -0.0096489549851499      1.98588991884071   -0.0949239533530024 -1.30711413952128e-09  1.03314060760234e-09  3.71530408958823e-10  6.57152013792624e-10    0.0712085291580445
 0.000442414013192321  0.000428737849383249   -0.0572091072904549   -0.0949239533530024     0.874675796745805 -7.69190460488721e-10   1.3979158296976e-09 -1.94441950426706e-10  1.73600728839812e-09   0.00751000147561399
 9.45402332339362e-12   4.1366635161877e-12 -5.18140300853275e-10 -1.30711413952128e-09 -7.69190460488721e-10       0.9826489803054  1.40039872149198e-09 -1.04683088274433e-09   -0.0135970671719446 -1.66257085167777e-09
-1.02557631691423e-11 -1.28144943225801e-11  7.15026055312316e-12  1.03314060760234e-09   1.3979158296976e-09  1.40039872149198e-09     0.982648980335663   -0.0135970672107253 -2.51961784179624e-09  3.75436758819914e-10
-3.31402135889216e-12  4.81457834732347e-14  9.27318892330875e-11  3.71530408958823e-10 -1.94441950426706e-10 -1.04683088274433e-09   -0.0135970672107253      1.01739115144311  -1.4003971283551e-09  1.50344324473379e-09
-3.68620524504007e-12 -5.32665004934255e-12  6.37546888671476e-10  6.57152013792624e-10  1.73600728839812e-09   -0.0135970671719446 -2.51961784179624e-09  -1.4003971283551e-09      1.01739115147337  -6.9599899216137e-10
-0.000380868517830994  6.13202119653927e-05     0.057383758337182    0.0712085291580445   0.00751000147561399 -1.66257085167777e-09  3.75436758819914e-10  1.50344324473379e-09  -6.9599899216137e-10       1.1461767047474
TOTAL ENERGY: -127.166507925418	 lambda: 0.5	 population of target: 6.99857305494186
1RDM: 
      1.9999996386983 -1.73586511817909e-07  4.63778211384595e-05  6.88163859037202e-05   0.00045455997496743   9.3816998649631e-12 -1.03679782892082e-11 -3.14859050589401e-12 -3.89369182688509e-12 -0.000369087049924424
-1.73586511817909e-07      1.99999973991997  1.85135422364074e-05  3.59228147656015e-05   0.00044876836493998  4.18043229982254e-12 -1.30345599939967e-11  1.30972979067213e-13 -5.56381987459815e-12  6.62110689920519e-05
 4.63778211384595e-05  1.85135422364074e-05      1.99331127756654    -0.009511076291933   -0.0560599717374762  -5.1082149430994e-10 -6.01421729718916e-12   9.1833695955292e-11  6.21657065136363e-10    0.0571131148130769
 6.88163859037202e-05  3.59228147656015e-05    -0.009511076291933      1.98594859788804   -0.0956731946954679 -1.30256704141244e-09  1.04122200073251e-09  3.57939712327271e-10  6.68213591021875e-10    0.0701198447024694
  0.00045455997496743   0.00044876836493998   -0.0560599717374762   -0.0956731946954679     0.882013651652936 -7.64643039504503e-10  1.33744323927778e-09 -1.84111280828629e-10  1.57110382012027e-09   0.00457450033656492
  9.3816998649631e-12  4.18043229982254e-12  -5.1082149430994e-10 -1.30256704141244e-09 -7.64643039504503e-10     0.983594525280211  1.31099041146813e-09 -9.95939223598952e-10   -0.0127915461259906 -1.60216130535415e-09
-1.03679782892082e-11 -1.30345599939967e-11 -6.01421729718916e-12  1.04122200073251e-09  1.33744323927778e-09  1.31099041146813e-09     0.983594525308744   -0.0127915461626076 -2.38639977326369e-09  3.85562113250932e-10
-3.14859050589401e-12  1.30972979067213e-13   9.1833695955292e-11  3.57939712327271e-10 -1.84111280828629e-10 -9.95939223598952e-10   -0.0127915461626076      1.01644470752239 -1.31099135051031e-09  1.45629340100494e-09
-3.89369182688509e-12 -5.56381987459815e-12  6.21657065136363e-10  6.68213591021875e-10  1.57110382012027e-09   -0.0127915461259906 -2.38639977326369e-09 -1.31099135051031e-09      1.01644470755093 -7.29428878529552e-10
-0.000369087049924424  6.62110689920519e-05    0.0571131148130769    0.0701198447024694   0.00457450033656492 -1.60216130535415e-09  3.85562113250932e-10  1.45629340100494e-09 -7.29428878529552e-10      1.13864862861201
TOTAL ENERGY: -127.165372522922	 lambda: 0.6	 population of target: 7.00063940741095
1RDM: 
     1.99999963621275 -1.84275683325054e-07  4.51579536349804e-05   6.8261450874628e-05  0.000464894274758404  9.29380673730156e-12 -1.04572648884939e-11 -2.98199647565751e-12 -4.07788646696862e-12 -0.000356841890532106
-1.84275683325054e-07      1.99999974090779  1.88562905836114e-05  3.72500571071408e-05  0.000468448820420363  4.28621708098902e-12 -1.32752023530719e-11  1.37663770096441e-13 -5.72681696629043e-12  6.71479472100231e-05
 4.51579536349804e-05  1.88562905836114e-05      1.99346300291843  -0.00935513566232092   -0.0551531465259814 -5.02515628284995e-10 -1.69819257115452e-11  9.02964382048554e-11  6.00834293529515e-10    0.0564348436767385
  6.8261450874628e-05  3.72500571071408e-05  -0.00935513566232092      1.98601092947205   -0.0965441140678736 -1.29645737235211e-09  1.05007199225559e-09  3.42138139045128e-10  6.81136596862478e-10    0.0688107056336425
 0.000464894274758404  0.000468448820420363   -0.0551531465259814   -0.0965441140678736     0.883175929390742 -7.40413273490397e-10  1.32197115936066e-09 -1.84060210168365e-10  1.51767374210955e-09   0.00270567475583422
 9.29380673730156e-12  4.28621708098902e-12 -5.02515628284995e-10 -1.29645737235211e-09 -7.40413273490397e-10     0.983760005507302  1.30158861759796e-09 -9.78973909509379e-10   -0.0126048266325217  -1.6392279509935e-09
-1.04572648884939e-11 -1.32752023530719e-11 -1.69819257115452e-11  1.05007199225559e-09  1.32197115936066e-09  1.30158861759796e-09     0.983760005535374   -0.0126048266688065 -2.35384465481108e-09  4.21302010415064e-10
-2.98199647565751e-12  1.37663770096441e-13  9.02964382048554e-11  3.42138139045128e-10 -1.84060210168365e-10 -9.78973909509379e-10   -0.0126048266688065      1.01627902301927 -1.30158772297039e-09  1.45390265104707e-09
-4.07788646696862e-12 -5.72681696629043e-12  6.00834293529515e-10  6.81136596862478e-10  1.51767374210955e-09   -0.0126048266325217 -2.35384465481108e-09 -1.30158772297039e-09      1.01627902304734 -7.33468652175445e-10
-0.000356841890532106  6.71479472100231e-05    0.0564348436767385    0.0688107056336425   0.00270567475583422  -1.6392279509935e-09  4.21302010415064e-10  1.45390265104707e-09 -7.33468652175445e-10      1.13727270398898
TOTAL ENERGY: -127.163933702397	 lambda: 0.7	 population of target: 7.00284751337387
1RDM: 
     1.99999963141606 -1.99436421766707e-07  4.35518266900933e-05  6.74553441401231e-05  0.000474139991983483   9.2338160824607e-12 -1.05505635960199e-11 -2.80959101683951e-12 -4.24187023697301e-12 -0.000343358445661763
-1.99436421766707e-07      1.99999973391588   1.9294725816407e-05  3.89751221882847e-05   0.00048938502943464  4.43030664197821e-12 -1.35437245361824e-11  1.55709452705419e-13 -6.00778972663418e-12  6.50676193359284e-05
 4.35518266900933e-05   1.9294725816407e-05      1.99363575622656  -0.00917338441409898   -0.0544073323963456 -4.83186918799388e-10 -3.10084739617733e-11  7.35333139413353e-11  6.06629455958702e-10     0.055316962452839
 6.74553441401231e-05  3.89751221882847e-05  -0.00917338441409898      1.98609319160809   -0.0975761508462614 -1.27538712045086e-09  1.05410551232784e-09  3.22253462306538e-10  6.97863960136351e-10    0.0671764369441195
 0.000474139991983483   0.00048938502943464   -0.0544073323963456   -0.0975761508462614      0.87851031218031 -7.19973739002599e-10  1.35485358332039e-09 -2.25180309027273e-10  1.61956276996675e-09   0.00133301941330075
  9.2338160824607e-12  4.43030664197821e-12 -4.83186918799388e-10 -1.27538712045086e-09 -7.19973739002599e-10     0.983198829724364  1.33454524440069e-09 -1.01750183945173e-09   -0.0129790221032008 -1.68964077493528e-09
-1.05505635960199e-11 -1.35437245361824e-11 -3.10084739617733e-11  1.05410551232784e-09  1.35485358332039e-09  1.33454524440069e-09      0.98319882975322   -0.0129790221407751 -2.43944229107858e-09  4.51423953714548e-10
-2.80959101683951e-12  1.55709452705419e-13  7.35333139413353e-11  3.22253462306538e-10 -2.25180309027273e-10 -1.01750183945173e-09   -0.0129790221407751      1.01684057678345 -1.33454503813565e-09  1.47986269788069e-09
-4.24187023697301e-12 -6.00778972663418e-12  6.06629455958702e-10  6.97863960136351e-10  1.61956276996675e-09   -0.0129790221032008 -2.43944229107858e-09 -1.33454503813565e-09      1.01684057681231 -6.89284818611652e-10
-0.000343358445661763  6.50676193359284e-05     0.055316962452839    0.0671764369441195   0.00133301941330075 -1.68964077493528e-09  4.51423953714548e-10  1.47986269788069e-09 -6.89284818611652e-10      1.14168256157978
TOTAL ENERGY: -127.161648103237	 lambda: 0.8	 population of target: 7.00588048646404
1RDM: 
     1.99999962188311 -2.20976573559252e-07  4.12687509100555e-05  6.61944754795033e-05  0.000482860685729763  9.11061110957523e-12 -1.06186543451981e-11 -2.61665417104728e-12 -4.39213652684625e-12 -0.000327296600650859
-2.20976573559252e-07      1.99999971874328  1.96702554870571e-05  4.10128778974634e-05  0.000513383806542749  4.62758130110969e-12 -1.38670376063062e-11  8.96004864599326e-14 -6.18578940413963e-12  6.05631224931605e-05
 4.12687509100555e-05  1.96702554870571e-05      1.99383084205854   -0.0089526534715202   -0.0537918655541482 -4.63354926579905e-10 -4.35809270630389e-11  5.43247710059967e-11  6.05272718751201e-10    0.0536222157037885
 6.61944754795033e-05  4.10128778974634e-05   -0.0089526534715202      1.98621563456406   -0.0988611683196984 -1.26587345861163e-09  1.06629622754996e-09  2.94459901579256e-10  7.22486890749414e-10    0.0649942347573933
 0.000482860685729763  0.000513383806542749   -0.0537918655541482   -0.0988611683196984      0.86671823909346 -8.39959495923508e-10  1.50812961700048e-09 -2.26413395476503e-10  1.68610074602689e-09 -3.33746224065007e-05
 9.11061110957523e-12  4.62758130110969e-12 -4.63354926579905e-10 -1.26587345861163e-09 -8.39959495923508e-10     0.981760378858023  1.44573560369042e-09  -1.0975023404503e-09   -0.0140125564162861 -1.85932022658868e-09
-1.06186543451981e-11 -1.38670376063062e-11 -4.35809270630389e-11  1.06629622754996e-09  1.50812961700048e-09  1.44573560369042e-09     0.981760378889168   -0.0140125564570813 -2.64747990749315e-09  5.23357302692757e-10
-2.61665417104728e-12  8.96004864599326e-14  5.43247710059967e-11  2.94459901579256e-10 -2.26413395476503e-10  -1.0975023404503e-09   -0.0140125564570813      1.01828018059887 -1.44573482915511e-09  1.64720082307429e-09
-4.39213652684625e-12 -6.18578940413963e-12  6.05272718751201e-10  7.22486890749414e-10  1.68610074602689e-09   -0.0140125564162861 -2.64747990749315e-09 -1.44573482915511e-09      1.01828018063002 -8.27513770466209e-10
-0.000327296600650859  6.05631224931605e-05    0.0536222157037885    0.0649942347573933 -3.33746224065007e-05 -1.85932022658868e-09  5.23357302692757e-10  1.64720082307429e-09 -8.27513770466209e-10      1.15315482468152
TOTAL ENERGY: -127.157143878632	 lambda: 0.9	 population of target: 7.01114571324974
1RDM: 
     1.99999960022026 -2.55891241412051e-07  3.75909199792234e-05  6.40776731126858e-05  0.000491612165302953  8.94590107174449e-12 -1.06834118670037e-11 -2.35244093023384e-12 -4.58843455989395e-12  -0.00030603178071069
-2.55891241412051e-07       1.9999996891873  1.95519825489519e-05  4.33016674394382e-05  0.000543428069876932  4.82655491876599e-12 -1.42566411789916e-11  6.62522411168493e-14 -6.56296690960724e-12  5.43107581538774e-05
 3.75909199792234e-05  1.95519825489519e-05      1.99404223569412   -0.0086675069365333   -0.0533072417670742 -4.31590576084348e-10 -5.92032277332215e-11  2.11051801891464e-11  6.15714258849548e-10    0.0510183012716641
 6.40776731126858e-05  4.33016674394382e-05   -0.0086675069365333       1.9864170598658    -0.100578139853591 -1.23940570422239e-09  1.07645515366211e-09  2.53384330014719e-10  7.57961787862172e-10    0.0617812191197322
 0.000491612165302953  0.000543428069876932   -0.0533072417670742    -0.100578139853591     0.843848511168753 -9.26613721953117e-10  1.74396490001037e-09 -3.56845014063241e-10  2.10606455023112e-09  -0.00227634738492093
 8.94590107174449e-12  4.82655491876599e-12 -4.31590576084348e-10 -1.23940570422239e-09 -9.26613721953117e-10     0.978976253773874  1.66359285783849e-09 -1.30027761523332e-09   -0.0160325186417415 -2.06858653879472e-09
-1.06834118670037e-11 -1.42566411789916e-11 -5.92032277332215e-11  1.07645515366211e-09  1.74396490001037e-09  1.66359285783849e-09     0.978976253809402    -0.016032518688843 -3.00133361915858e-09  5.99225563142406e-10
-2.35244093023384e-12  6.62522411168493e-14  2.11051801891464e-11  2.53384330014719e-10 -3.56845014063241e-10 -1.30027761523332e-09    -0.016032518688843      1.02106696273715 -1.66359083699459e-09  1.86176855499263e-09
-4.58843455989395e-12 -6.56296690960724e-12  6.15714258849548e-10  7.57961787862172e-10  2.10606455023112e-09   -0.0160325186417415 -3.00133361915858e-09 -1.66359083699459e-09      1.02106696277268 -8.43766387631385e-10
 -0.00030603178071069  5.43107581538774e-05    0.0510183012716641    0.0617812191197322  -0.00227634738492093 -2.06858653879472e-09  5.99225563142406e-10  1.86176855499263e-09 -8.43766387631385e-10      1.17560647077067
TOTAL ENERGY: -127.145898891452	 lambda: 1	 population of target: 7.02288777446697
1RDM: 
     1.99999954063216 -3.28812962097312e-07  3.03111251366905e-05  6.00654226515397e-05  0.000500859501586605  8.65276114291378e-12 -1.07213721134173e-11 -1.96443384655309e-12 -4.82088379014011e-12 -0.000273364756227524
-3.28812962097312e-07      1.99999962041922  1.73876162337278e-05   4.5635893162545e-05  0.000586253708779172  5.11851211590128e-12  -1.4829217787445e-11  1.80189008809602e-14 -7.01531762915098e-12  4.81802991342021e-05
 3.03111251366905e-05  1.73876162337278e-05      1.99422489221126  -0.00825756563863464   -0.0529380649047998  -3.8015535517528e-10 -8.12744086607574e-11  -3.0197780146243e-11  6.28198326394595e-10    0.0466640924251895
 6.00654226515397e-05   4.5635893162545e-05  -0.00825756563863464      1.98679824777069    -0.103064076731182 -1.19618494799923e-09  1.09035191003485e-09  1.84872953444659e-10  8.11554627596404e-10    0.0563199173144771
 0.000500859501586605  0.000586253708779172   -0.0529380649047998    -0.103064076731182     0.799361923122978 -1.05151290612716e-09  2.17759358482031e-09 -5.34155273099762e-10   2.7306925741078e-09  -0.00823378367849318
 8.65276114291378e-12  5.11851211590128e-12  -3.8015535517528e-10 -1.19618494799923e-09 -1.05151290612716e-09     0.973609719399036  2.05651135539898e-09 -1.53025684695929e-09   -0.0198941154556372  -2.6696611632925e-09
-1.07213721134173e-11  -1.4829217787445e-11 -8.12744086607574e-11  1.09035191003485e-09  2.17759358482031e-09  2.05651135539898e-09     0.973609719443111    -0.019894115514758 -3.88143954823977e-09  8.60188608239342e-10
-1.96443384655309e-12  1.80189008809602e-14  -3.0197780146243e-11  1.84872953444659e-10 -5.34155273099762e-10 -1.53025684695929e-09    -0.019894115514758      1.02644008737519  -2.0565099215803e-09  2.30708261286085e-09
-4.82088379014011e-12 -7.01531762915098e-12  6.28198326394595e-10  8.11554627596404e-10   2.7306925741078e-09   -0.0198941154556372 -3.88143954823977e-09  -2.0565099215803e-09      1.02644008741926 -9.30347240625909e-10
-0.000273364756227524  4.81802991342021e-05    0.0466640924251895    0.0563199173144771  -0.00823378367849318  -2.6696611632925e-09  8.60188608239342e-10  2.30708261286085e-09 -9.30347240625909e-10      1.21951616220716
-------------------general-----------------------
mullikenoperator: 
   0.0013884079275901   -0.0355174176198687   0.00189303433169367    -0.011008881981688   0.00069275290326247  7.63989106140478e-12 -6.83370173107029e-12  1.33373445394653e-12 -5.76356802171781e-12 -0.000297704771920288
  -0.0355174176198687     0.998511182778538   -0.0147645009423537  -0.00211894381519611   0.00136584649124701  1.44815241224491e-11 -1.19866512635697e-11  6.97173409522379e-13 -1.51590886775361e-11  -0.00102548832102789
  0.00189303433169367   -0.0147645009423537    0.0252651887916968    -0.113658585707561    0.0751367506266994  1.05616088310327e-09 -7.11460712263794e-10 -6.91585330465234e-11 -8.25008050942773e-10   -0.0776883788500452
   -0.011008881981688  -0.00211894381519621    -0.113658585707561     0.985960870972749   -0.0123083683169015  1.74157146361605e-10    1.060282147279e-10 -2.46571625989218e-10   2.4072550129108e-10   -0.0278374397925677
 0.000692752903262471   0.00136584649124702    0.0751367506266994   -0.0123083683169015     0.445867650757569  1.09344909772813e-08 -4.70596514427779e-09 -1.58024943746641e-09  4.17313236525939e-09    -0.491662185471017
 7.63989106140479e-12  1.44815241224491e-11  1.05616088310327e-09  1.74157146361605e-10  1.09344909772813e-08     0.193404472640666 -4.05962389057187e-08 -2.66573133133991e-08     0.394974059169955 -4.51832531405775e-09
-6.83370173107029e-12 -1.19866512635698e-11 -7.11460712263794e-10    1.060282147279e-10 -4.70596514427779e-09 -4.05962388848714e-08     0.193404471759931     0.394974058486291 -3.63677131928041e-08   2.0828110992095e-09
 1.33373445394654e-12  6.97173409522411e-13 -6.91585330465235e-11 -2.46571625989218e-10 -1.58024943746641e-09 -2.66573132745622e-08     0.394974058486291     0.806595528240069  4.05962388506798e-08 -4.59704877546437e-09
-5.76356802171781e-12 -1.51590886775362e-11 -8.25008050942773e-10   2.4072550129108e-10  4.17313236525938e-09     0.394974059169955 -3.63677132009101e-08  4.05962388178115e-08     0.806595527359333  1.08051454433148e-08
-0.000297704771920288  -0.00102548832102789   -0.0776883788500452   -0.0278374397925677    -0.491662185471017 -4.51832531405775e-09   2.0828110992095e-09 -4.59704877546437e-09  1.08051454433148e-08      0.54300669877186
selected BF: 
0 1 2 3 4
selected lambdas: 
  -1 -0.9 -0.8 -0.7 -0.6 -0.5 -0.4 -0.3 -0.2 -0.1    0  0.1  0.2  0.3  0.4  0.5  0.6  0.7  0.8  0.9    1
RHF C: 
 4.04946881965137e-05     0.995340574758285    -0.257325423921948   -0.0390864936379203  -0.00353337086726552 -1.15245717991732e-10  4.86592765393304e-11   1.1445909871809e-11 -2.66219361762738e-12   0.00693207083561896
-0.000218275212673594    0.0190921592062262      1.01676042337586     0.154803335430415     0.014159706597865  4.66248538600073e-10 -1.97183237114122e-10 -4.48011157032553e-11  1.02283532966284e-11   -0.0282676208027161
 2.23412797465604e-13   5.8484826942295e-14 -1.08069287903202e-10  8.91117859605431e-11  7.30313952289403e-09   -0.0470218292366495     0.175900680248392    -0.882118803450526     0.434437123319557 -1.88181174691373e-10
-1.20308544449975e-13  3.27224850095487e-13  1.12566947560928e-10 -1.47215780828022e-10 -8.64537335066016e-09    0.0967916228440541    0.0854533843243899    -0.428537496201256    -0.894262832985946  2.68347526701578e-10
-0.000352997513379566  6.51100434958514e-05    0.0187596288870296   -0.0361818427532813    -0.998169902757438  9.39355255751006e-11 -1.17221134000854e-11 -2.84154861102253e-09  1.10106365220664e-08   -0.0610685183747967
    0.995069439831287  6.09020605792526e-05   -0.0359532767188378     0.260124954806157   -0.0158748366602403 -1.06417342461211e-10  4.24488218877187e-11 -3.08299789972065e-11  1.14551420596505e-10   0.00416442731476651
   0.0200314905715092 -0.000218756590543599     0.139595744783699     -1.01773877868878    0.0647399398003364  4.22313640842413e-10 -1.68612597816481e-10  1.28235146188612e-10 -4.77445985447461e-10   -0.0160763060317982
  1.4315496472822e-12  2.96587258295954e-14  1.20082169086021e-10  -1.3198226912013e-10  -4.7010904771079e-10     -0.43421548922499      0.88129761619242     0.179969840360927   -0.0490262830213726  -1.0251538844942e-08
-1.28320790815308e-12 -1.05561124962555e-14 -1.05639020134681e-10   1.3551444859166e-10  3.98364825712665e-10     0.893806609642347     0.428138560895636    0.0874302017840699      0.10091767092849  8.79588885168508e-09
-9.95211004040029e-06  0.000307136429113835  -0.00955240466353501    0.0172402305017593     0.025914718651123  1.23725046816956e-08 -5.29225027488022e-09 -9.27765642848355e-10  7.23297380526143e-10     -1.00028069086094
RDM (no constraint): 
     1.99999998097677  3.82231862397244e-08  4.81230629041589e-06  3.39880018987212e-06  1.82208370633815e-05   2.1474608276748e-12 -8.87151573619809e-13 -2.18204534555896e-14 -6.51283693301374e-14 -3.03465981341558e-05
 3.82231862397244e-08      1.99999912290364 -5.60739193705498e-05 -1.55987148352048e-05 -0.000133179428339398  1.50253682164444e-12 -6.82263460438117e-13 -3.07323469471075e-13   1.8569180296057e-12 -0.000128418385550271
 4.81230629041589e-06 -5.60739193705498e-05      1.99409710312468  -0.00313648065798688   -0.0389049042057533  3.71828381655783e-11 -8.82226789508827e-12 -1.65920832995836e-10  5.94587677936379e-10   0.00605675544885579
 3.39880018987212e-06 -1.55987148352048e-05  -0.00313648065798688       1.9974342019818   -0.0373398434392847 -3.43297926489966e-10  1.30912833653761e-10 -6.04269531650614e-11  1.93659941056442e-10     0.012092804666665
 1.82208370633815e-05 -0.000133179428339398   -0.0389049042057533   -0.0373398434392847     0.928053860681136   4.3463728375343e-09 -1.98802014410509e-09 -5.53016033641932e-10  1.06140106600021e-09    -0.414389010169594
  2.1474608276748e-12  1.50253682164444e-12  3.71828381655783e-11 -3.43297926489966e-10   4.3463728375343e-09      1.01754048141646 -7.24516124125266e-12  8.24529395620098e-11   -0.0652077541008248 -1.11834349809147e-09
-8.87151573619809e-13 -6.82263460438117e-13 -8.82226789508827e-12  1.30912833653761e-10 -1.98802014410509e-09 -7.24516124125266e-12      1.02881125600305   -0.0610830150572769 -8.23686107107623e-11  4.63076628784932e-10
-2.18204534555896e-14 -3.07323469471075e-13 -1.65920832995836e-10 -6.04269531650614e-11 -5.53016033641932e-10  8.24529395620098e-11   -0.0610830150572769     0.971322103087563 -7.46428482325387e-12 -7.21794911858438e-10
-6.51283693301374e-14   1.8569180296057e-12  5.94587677936379e-10  1.93659941056442e-10  1.06140106600021e-09   -0.0652077541008248 -8.23686107107623e-11 -7.46428482325387e-12     0.982592877666157  3.63557833559146e-09
-3.03465981341558e-05 -0.000128418385550271   0.00605675544885579     0.012092804666665    -0.414389010169594 -1.11834349809147e-09  4.63076628784932e-10 -7.21794911858438e-10  3.63557833559146e-09      1.08014901215881
RDM Eigenvectors: 
    0.999305759255652    -0.035672142234479    0.0107165559914328  0.000805893514814482  6.11272832258714e-05 -6.28768641269679e-13  1.42998416387623e-12  1.08091389567296e-12 -3.95128266958188e-13 -3.69717829560653e-06
   0.0355214929638902     0.999175242933825    0.0146045147429633   -0.0131813555208356  1.75315705556284e-05 -1.51664451281065e-13 -1.70257389519243e-13  2.09062698128535e-13  1.25519187694015e-13 -0.000130973847976805
 -0.00260962179688144   -0.0164401932474255     0.261366617269813    -0.963534095567948   -0.0516829034533062 -1.14125389167226e-11  3.64367031575538e-12   2.0876581359375e-10 -7.72880863583922e-11   -0.0184749956886062
   0.0109182872550851    0.0102945506585982    -0.964097852614085     -0.25834608439232   -0.0576757739613321  3.20511032123726e-11 -1.09617402409764e-11 -2.47390464219168e-10   5.2484691402846e-11   -0.0148643732522532
-0.000372007898888589  0.000189298902679783    0.0343079345904817    0.0581526716447035    -0.635853668413305 -1.75697093699122e-09  7.20288691781203e-09 -8.28651948216622e-09  2.18164093616978e-09    -0.768850551502767
-3.69995031949247e-12 -1.29369121905301e-12  5.36906863677325e-10  4.00922015925805e-10  -9.9116637469251e-09  4.73304396740907e-07    -0.793359597830499    -0.608753273937716  3.41458155073832e-07  7.37993883925922e-09
 1.46127176704495e-12  2.75082292948997e-13 -2.16912024991214e-10 -1.74113203347101e-10  4.25713214547434e-09    -0.844331844515971 -5.03645910312979e-07  -3.0063736100594e-07    -0.535820619550904 -3.13452770847556e-09
-3.18687740402607e-13  1.76864671988604e-12  2.74427540248262e-11  1.75711951038442e-10 -9.99958371382201e-10     0.535820619550893  3.18891437056732e-07 -4.72594289542549e-07    -0.844331844515988 -2.77876718449006e-09
 1.31789770769938e-12 -6.24432434251674e-12  -1.2375089064037e-10 -7.09237436917924e-10  6.19378484574337e-09 -3.62400189503939e-07     0.608753273937703    -0.793359597830516  4.43998328693296e-07  9.07216645699613e-09
 0.000256015073128923 -0.000196507470660824   -0.0264130869605793   -0.0361000905826249     0.767914377329946  3.92533326619377e-09 -9.18651875464361e-09 -8.32430174204007e-09   3.6761913076525e-09    -0.638988683176937
Total C: 
  -0.0382548474590735     0.991277229173548   -0.0459042584769186     0.268532506323337   -0.0139959056856068 -1.14510487220185e-10  1.24857578258543e-10 -8.74019236720304e-11  1.14895452559897e-10  0.000869362164209807
   0.0101227131700097    0.0318813847056809     0.116066060889048     -1.02045170592084    0.0566189474189808  4.42696524105147e-10 -4.97759489663451e-10  3.60716773769146e-10 -4.88975929675349e-10  -0.00351187147734522
-1.26207955190178e-12 -2.68656356761625e-12 -7.04635802351241e-10 -9.96525007595787e-11   5.1095186844774e-09     0.397440342749012    -0.193078164154891     -0.39200389035509       0.8069177440634  1.28676748460721e-08
  3.7780544456491e-13  3.48938987143015e-12  5.91982487465327e-10  4.85395446364638e-10   7.3317491738554e-09     0.193078081655296     0.397440301558396      0.80691776435148     0.392003930989548 -6.93332192665976e-09
 -0.00024398479509087  0.000793917246987823     0.092481989972905    0.0497361025635041     0.680182235342777   1.1177515481154e-08 -1.00347281454705e-08 -8.08431610675753e-09 -4.46589541329395e-09    -0.726676362281189
    0.994199801504553    0.0314525005257953    -0.261890485647049   -0.0208210138167455    0.0204155671428102  2.54474394983838e-10 -8.82006719366714e-11 -1.05034390981496e-10 -1.88974823241804e-10   -0.0230376938343259
   0.0207052007580227    0.0159501176323633      1.01401406466026     0.125066366275025   -0.0832073320753486 -1.03777357684099e-09  3.72201674805722e-10  4.34337413283657e-10  7.55329024273189e-10    0.0930457870864061
 4.36633301822856e-12  4.85565266965481e-12  4.21771756598766e-10  2.71650867583852e-11  1.36897757109271e-08    -0.808743374137683     0.392890760309933    -0.191266964496386     0.393712144592449 -5.28764383306377e-09
-2.20812287237424e-12 -4.70775401203857e-12 -3.39460345620332e-10 -7.92771896143476e-11 -6.00265352984618e-09    -0.392890800563218    -0.808743394235448     0.393712103308643     0.191266881810137 -6.09808233255514e-09
-0.000104094192332708  7.12366969800915e-05  -0.00197241945961451    0.0181324540415817      0.75326329593771 -2.87364139702503e-09 -7.58925413219799e-09  8.77514009913265e-09  -1.1410877035525e-08     0.658698198206996
Basis set used: STO-3G
Naturals: 
  1.9999999923457  1.99999988347619  1.99994476035403  1.99583034021762  1.42195831191062  1.06757508942306   1.0675750860315  0.93255827305111 0.932558269667553 0.581999993522675
Version: Tmhuysen's fci hack
