The Davidson algorithm did not converge.lambda: -1
The Davidson algorithm did not converge.lambda: -0.9
The Davidson algorithm did not converge.lambda: -0.8
The Davidson algorithm did not converge.lambda: -0.7
The Davidson algorithm did not converge.lambda: -0.6
The Davidson algorithm did not converge.lambda: -0.5
The Davidson algorithm did not converge.lambda: -0.4
The Davidson algorithm did not converge.lambda: -0.3
The Davidson algorithm did not converge.lambda: -0.2
TOTAL ENERGY: -127.154887341615	 lambda: -0.1	 population of target: 6.4340792723701
1RDM: 
     1.99999768424813 -5.13218312553053e-06 -3.04754471814892e-06  0.000228567885543476 -2.47130960625148e-05 -3.27423641841577e-13  7.06371353061723e-13   2.0558499019064e-13  5.96811472180633e-14 -0.000145967722030851
-5.13218312553053e-06      1.99998743837827 -6.81390698559015e-05  0.000464390798210546 -0.000517146397771895   4.8632409089655e-13  7.24266122369339e-13  2.72158852587966e-13   1.3750729773229e-12   0.00012045926125607
-3.04754471814892e-06 -6.81390698559015e-05      1.98974351580652    -0.008360661807523    -0.114269853112421   7.7201655079685e-11 -4.85347011673705e-11 -2.26053712462807e-11  3.39619184543737e-10    0.0606274222552323
 0.000228567885543476  0.000464390798210546    -0.008360661807523      1.96991906931744   -0.0984866862432781  1.15559710860963e-10 -1.07943795570755e-10 -6.22577803770444e-11   2.2022032152564e-10    0.0637513136976308
-2.47130960625148e-05 -0.000517146397771895    -0.114269853112421   -0.0984866862432781      0.46272150611984  8.70222935432014e-10 -9.58214443354469e-10 -1.35119916338025e-09  2.01016665852699e-09     0.573190468527366
-3.27423641841577e-13   4.8632409089655e-13   7.7201655079685e-11  1.15559710860963e-10  8.70222935432014e-10     0.916771900418631  6.85386800885503e-12  0.000178838668193022    0.0904868536864945  6.45042165477662e-10
 7.06371353061723e-13  7.24266122369339e-13 -4.85347011673705e-11 -1.07943795570755e-10 -9.58214443354469e-10  6.85386800885503e-12     0.916771900418383   -0.0904868536868376   0.00017883864647919  3.95025091286996e-10
  2.0558499019064e-13  2.72158852587966e-13 -2.26053712462807e-11 -6.22577803770444e-11 -1.35119916338025e-09  0.000178838668193022   -0.0904868536868376      1.08383289533999  6.84703189392483e-12 -8.47666131492666e-10
 5.96811472180633e-14   1.3750729773229e-12  3.39619184543737e-10   2.2022032152564e-10  2.01016665852699e-09    0.0904868536864945   0.00017883864647919  6.84703189392483e-12      1.08383289533978 -1.44055934091883e-09
-0.000145967722030851   0.00012045926125607    0.0606274222552323    0.0637513136976308     0.573190468527366  6.45042165477662e-10  3.95025091286996e-10 -8.47666131492666e-10 -1.44055934091883e-09        1.576421194613
TOTAL ENERGY: -127.179628643165	 lambda: 0	 population of target: 6.85745969463354
1RDM: 
     1.99999922572587 -1.15413648641273e-06  4.51714850057129e-05  0.000109347911629814  0.000289542909866629 -7.60085990079421e-13  1.35215954071442e-12   7.9343664717477e-13  -9.9587763821545e-13 -0.000393048935773302
-1.15413648641273e-06      1.99999706919807  5.03340792670302e-06  0.000124221518748242  0.000101890319886659  2.73622796599783e-13   1.6839940725772e-12  7.42382381086333e-13 -3.59918470043891e-13 -1.75123702083953e-05
 4.51714850057129e-05  5.03340792670302e-06      1.99161282745998   -0.0111003866442711   -0.0823430334536099  9.03970994623136e-11 -1.24207738657467e-11  7.09198595137158e-12  2.56620550234123e-10    0.0533187125169173
 0.000109347911629814  0.000124221518748242   -0.0111003866442711      1.98030636733925    -0.105861244885917  1.56647493165158e-10 -1.41342135812138e-10 -8.02635754226356e-11  2.53811175351015e-10    0.0731804696260295
 0.000289542909866629  0.000101890319886659   -0.0823430334536099    -0.105861244885917      0.59287415209943  5.41086924014308e-10 -6.89936704850601e-10 -4.80393901023551e-10  1.37242687673383e-09     0.163737328720129
-7.60085990079421e-13  2.73622796599783e-13  9.03970994623136e-11  1.56647493165158e-10  5.41086924014308e-10     0.943478314421022 -5.73844172221435e-14  0.000116176943496296    0.0525029739358863   3.4451031410314e-10
 1.35215954071442e-12   1.6839940725772e-12 -1.24207738657467e-11 -1.41342135812138e-10 -6.89936704850601e-10 -5.73844172221435e-14     0.943478314420881   -0.0525029739360445  0.000116176943372473 -3.13086858480617e-11
  7.9343664717477e-13  7.42382381086333e-13  7.09198595137158e-12 -8.02635754226356e-11 -4.80393901023551e-10  0.000116176943496296   -0.0525029739360445      1.05668891666242 -5.72974031373979e-14 -8.09751716807295e-10
 -9.9587763821545e-13 -3.59918470043891e-13  2.56620550234123e-10  2.53811175351015e-10  1.37242687673383e-09    0.0525029739358863  0.000116176943372473 -5.72974031373979e-14      1.05668891666227 -4.97857975192905e-10
-0.000393048935773302 -1.75123702083953e-05    0.0533187125169173    0.0731804696260295     0.163737328720129   3.4451031410314e-10 -3.13086858480617e-11 -8.09751716807295e-10 -4.97857975192905e-10      1.43487589601073
TOTAL ENERGY: -127.175960216638	 lambda: 0.1	 population of target: 6.95557062596487
1RDM: 
     1.99999952036013 -3.52423903000316e-07  5.34170956898321e-05  8.61822720134897e-05  0.000394330763323143 -5.66537919386282e-13  1.44573086255214e-12  9.26189136772589e-13 -1.16554538264525e-12 -0.000423148201443225
-3.52423903000316e-07      1.99999907260874  1.24442487990627e-05  5.08446251234561e-05  0.000280582713193659  3.58047226939333e-13  1.87412022250104e-12   6.3410167378257e-13 -8.08367527603807e-13  5.44967661040513e-05
 5.34170956898321e-05  1.24442487990627e-05       1.9919046168915   -0.0114245078342664   -0.0689472857805081  6.21517684001668e-11  1.07954886411315e-11 -4.79842013401746e-13   2.1155978427311e-10     0.058102794490203
 8.61822720134897e-05  5.08446251234561e-05   -0.0114245078342664      1.98256189990594    -0.104672727148248  1.07094245056255e-10 -1.27902428325497e-10 -8.93616326790165e-11   2.3605657275021e-10    0.0763746631180701
 0.000394330763323143  0.000280582713193659   -0.0689472857805081    -0.104672727148248     0.741449707798647   3.2185078690281e-11  -3.3300920216853e-10 -1.93287231676311e-10  8.87970316621393e-10    0.0567862151772114
-5.66537919386282e-13  3.58047226939333e-13  6.21517684001668e-11  1.07094245056255e-10   3.2185078690281e-11     0.964590993858878 -4.99154265860216e-14  7.18868348776516e-05    0.0313557765078497  3.85192656506004e-10
 1.44573086255214e-12  1.87412022250104e-12  1.07954886411315e-11 -1.27902428325497e-10  -3.3300920216853e-10 -4.99154265860216e-14     0.964590993858734   -0.0313557765079948  7.18868348350035e-05 -1.35055288578947e-10
 9.26189136772589e-13   6.3410167378257e-13 -4.79842013401746e-13 -8.93616326790165e-11 -1.93287231676311e-10  7.18868348776516e-05   -0.0313557765079948      1.03548655864688 -4.98027602776315e-14  -4.6328151110285e-10
-1.16554538264525e-12 -8.08367527603807e-13   2.1155978427311e-10   2.3605657275021e-10  8.87970316621393e-10    0.0313557765078497  7.18868348350035e-05 -4.98027602776315e-14      1.03548655864673  2.78194500691104e-11
-0.000423148201443225  5.44967661040513e-05     0.058102794490203    0.0763746631180701    0.0567862151772114  3.85192656506004e-10 -1.35055288578947e-10  -4.6328151110285e-10  2.78194500691104e-11       1.2839300774238
TOTAL ENERGY: -127.172436066766	 lambda: 0.2	 population of target: 6.98057987393409
1RDM: 
     1.99999957680394 -1.90290870601004e-07  5.42975591505461e-05  8.15605200853256e-05  0.000437278711591043  -6.5298575525443e-13  1.53403701468023e-12  9.14128351982808e-13 -1.28350386719385e-12 -0.000415599159627275
-1.90290870601004e-07      1.99999951451422  1.23475909492251e-05  3.50407114073711e-05  0.000343967022888615  3.78877671984296e-13  1.93807487956476e-12  5.50055976704223e-13 -9.87243527187467e-13  9.82932545458816e-05
 5.42975591505461e-05  1.23475909492251e-05      1.99202252074238    -0.011352044058702   -0.0636811535608954  7.39391572250811e-11  1.20217256953912e-11  1.62467736785015e-13  2.12467967024932e-10    0.0606373650659521
 8.15605200853256e-05  3.50407114073711e-05    -0.011352044058702      1.98308629760554    -0.104358197578383  1.18059935379078e-10 -1.33472596991288e-10 -8.52553267478148e-11  2.49417091164281e-10    0.0766175827914905
 0.000437278711591043  0.000343967022888615   -0.0636811535608954    -0.104358197578383      0.80845096774323 -1.64363732960372e-11 -2.44965658846367e-10 -7.17406080838374e-11  8.43014818037171e-10    0.0267371986259441
 -6.5298575525443e-13  3.78877671984296e-13  7.39391572250811e-11  1.18059935379078e-10 -1.64363732960372e-11     0.973580851080805 -1.83609129230528e-14  5.33768202709467e-05     0.022941255030749  1.61710698452544e-10
 1.53403701468023e-12  1.93807487956476e-12  1.20217256953912e-11 -1.33472596991288e-10 -2.44965658846367e-10 -1.83609129230528e-14     0.973580851080716   -0.0229412550308324  5.33768202048548e-05 -8.61415159735451e-11
 9.14128351982808e-13  5.50055976704223e-13  1.62467736785015e-13 -8.52553267478148e-11 -7.17406080838374e-11  5.33768202709467e-05   -0.0229412550308324      1.02647591052956 -1.82766517991714e-14  -3.2982443981881e-10
-1.28350386719385e-12 -9.87243527187467e-13  2.12467967024932e-10  2.49417091164281e-10  8.43014818037171e-10     0.022941255030749  5.33768202048548e-05 -1.82766517991714e-14      1.02647591052947  2.01223916649785e-10
-0.000415599159627275  9.82932545458816e-05    0.0606373650659521    0.0766175827914905    0.0267371986259441  1.61710698452544e-10 -8.61415159735451e-11  -3.2982443981881e-10  2.01223916649785e-10      1.21632759937016
TOTAL ENERGY: -127.170097646229	 lambda: 0.3	 population of target: 6.990183429789
1RDM: 
     1.99999959024742 -1.50150971874557e-07  5.38264409939189e-05  8.02334466614675e-05   0.00046314631408401 -6.01975728177592e-13  1.55542001947385e-12  8.77244704625561e-13 -1.40676781213797e-12 -0.000402823328196977
-1.50150971874557e-07      1.99999965297189  1.19719016991772e-05  3.09894724593141e-05  0.000379805765052177  4.22286947161535e-13  1.96771132601993e-12  5.22499363063285e-13 -1.03217202194002e-12  0.000121771560099972
 5.38264409939189e-05  1.19719016991772e-05       1.9921407601511    -0.011215727584976   -0.0608837153889223  7.62841766311647e-11  1.42712901610516e-11 -5.59343886847079e-12   1.8859662651368e-10    0.0617216263447318
 8.02334466614675e-05  3.09894724593141e-05    -0.011215727584976      1.98326966693548    -0.104669023393055  1.22731890660752e-10 -1.36027967276724e-10 -8.77243160983653e-11  2.35288083875654e-10    0.0759884224432356
  0.00046314631408401  0.000379805765052177   -0.0608837153889223    -0.104669023393055     0.841836076009114   9.4888408106933e-11   -2.337171897961e-10 -1.12091919716322e-10  4.62848114860443e-10    0.0145563186897698
-6.01975728177592e-13  4.22286947161535e-13  7.62841766311647e-11  1.22731890660752e-10   9.4888408106933e-11     0.977966431171119 -2.55342956951668e-14  4.44006953666302e-05    0.0189267862280959  2.37686746880633e-10
 1.55542001947385e-12  1.96771132601993e-12  1.42712901610516e-11 -1.36027967276724e-10   -2.337171897961e-10 -2.55342956951668e-14     0.977966431171052   -0.0189267862281596  4.44006953306654e-05 -1.10308005688042e-10
 8.77244704625561e-13  5.22499363063285e-13 -5.59343886847079e-12 -8.77243160983653e-11 -1.12091919716322e-10  4.44006953666302e-05   -0.0189267862281596       1.0220832489252 -2.54764749293781e-14 -3.46813657468845e-10
-1.40676781213797e-12 -1.03217202194002e-12   1.8859662651368e-10  2.35288083875654e-10  4.62848114860443e-10    0.0189267862280959  4.44006953306654e-05 -2.54764749293781e-14      1.02208324892513 -4.96025244937851e-11
-0.000402823328196977  0.000121771560099972    0.0617216263447318    0.0759884224432356    0.0145563186897698  2.37686746880633e-10 -1.10308005688042e-10 -3.46813657468845e-10 -4.96025244937851e-11      1.18265489349256
TOTAL ENERGY: -127.168401974297	 lambda: 0.4	 population of target: 6.99509133015619
1RDM: 
     1.99999959222758 -1.44591174722679e-07  5.29050702112285e-05  7.96692972305196e-05  0.000481938566374772 -5.89436706471678e-13  1.57716563524265e-12   8.5462151785733e-13 -1.44879611763123e-12 -0.000389323058880247
-1.44591174722679e-07       1.9999997042563   1.1921725159759e-05  3.05260499668017e-05  0.000406552107804863  4.31469110487054e-13   1.9995731105005e-12  5.06420217909601e-13   -1.098550962163e-12  0.000134083850181838
 5.29050702112285e-05   1.1921725159759e-05       1.9922782270887   -0.0110566661056782   -0.0590751087278796  7.65902196469974e-11  1.62820458003842e-11 -5.37937042714721e-12  1.84193268928425e-10    0.0619820933194422
 7.96692972305196e-05  3.05260499668017e-05   -0.0110566661056782      1.98336249536764    -0.105289347878335  1.21144030856136e-10 -1.36845374232943e-10 -8.54005969264102e-11  2.37415648761232e-10    0.0749862019883286
 0.000481938566374772  0.000406552107804863   -0.0590751087278796    -0.105289347878335      0.85925395932965  7.30558938854588e-11 -2.05965027042959e-10 -9.01688400792971e-11   4.2368114128001e-10   0.00840458098628902
-5.89436706471678e-13  4.31469110487054e-13  7.65902196469974e-11  1.21144030856136e-10  7.30558938854588e-11     0.980233375187725 -1.61348957349366e-14   3.9763517220279e-05    0.0168554159578425   2.0979544207098e-10
 1.57716563524265e-12   1.9995731105005e-12  1.62820458003842e-11 -1.36845374232943e-10 -2.05965027042959e-10 -1.61348957349366e-14     0.980233375187672   -0.0168554159578898  3.97635171763952e-05  -1.0429130555715e-10
  8.5462151785733e-13  5.06420217909601e-13 -5.37937042714721e-12 -8.54005969264102e-11 -9.01688400792971e-11   3.9763517220279e-05   -0.0168554159578898      1.01981337109976 -1.60910037921822e-14 -3.11401524161648e-10
-1.44879611763123e-12   -1.098550962163e-12  1.84193268928425e-10  2.37415648761232e-10   4.2368114128001e-10    0.0168554159578425  3.97635171763952e-05 -1.60910037921822e-14      1.01981337109971 -1.91201056237485e-11
-0.000389323058880247  0.000134083850181838    0.0619820933194422    0.0749862019883286   0.00840458098628902   2.0979544207098e-10  -1.0429130555715e-10 -3.11401524161648e-10 -1.91201056237485e-11       1.1650125291553
TOTAL ENERGY: -127.166974106016	 lambda: 0.5	 population of target: 6.99828245458063
1RDM: 
     1.99999958999653 -1.52308093967324e-07  5.16836061206266e-05  7.92172854457847e-05  0.000496981175944599  -5.5914077073606e-13   1.5883231857711e-12  8.26722284075213e-13 -1.49531707312078e-12 -0.000375600073043065
-1.52308093967324e-07      1.99999972278138  1.21832315569376e-05  3.15344733084823e-05  0.000430073909287115  4.30563024060629e-13   2.0334123399625e-12  5.20930622233159e-13 -1.10631796313926e-12  0.000139508835346137
 5.16836061206266e-05  1.21832315569376e-05      1.99243885336157   -0.0108779586206398   -0.0577502284555319  7.84633620594697e-11  1.74938768989121e-11 -7.40812473438095e-12  1.69973270533563e-10    0.0616708904774343
 7.92172854457847e-05  3.15344733084823e-05   -0.0108779586206398       1.9834340869109    -0.106101733277944  1.22181662566049e-10  -1.3843834853248e-10 -8.38350204911922e-11  2.35952845855375e-10    0.0737222100424973
 0.000496981175944599  0.000430073909287115   -0.0577502284555319    -0.106101733277944     0.867255002517379  9.94462771359865e-11  -2.0390224955076e-10 -9.97829253230393e-11  3.33445812188173e-10   0.00483138166999614
 -5.5914077073606e-13  4.30563024060629e-13  7.84633620594697e-11  1.22181662566049e-10  9.94462771359865e-11     0.981274583400131 -1.61368333377584e-14   3.7617425617103e-05    0.0158750555660694  2.29712843094178e-10
  1.5883231857711e-12   2.0334123399625e-12  1.74938768989121e-11  -1.3843834853248e-10  -2.0390224955076e-10 -1.61368333377584e-14     0.981274583400023   -0.0158750555661645  3.76174255771902e-05 -1.12439020644776e-10
 8.26722284075213e-13  5.20930622233159e-13 -7.40812473438095e-12 -8.38350204911922e-11 -9.97829253230393e-11   3.7617425617103e-05   -0.0158750555661645      1.01877094298451 -1.60517514937709e-14 -3.18004810346648e-10
-1.49531707312078e-12 -1.10631796313926e-12  1.69973270533563e-10  2.35952845855375e-10  3.33445812188173e-10    0.0158750555660694  3.76174255771902e-05 -1.60517514937709e-14      1.01877094298441 -7.96420682543481e-11
-0.000375600073043065  0.000139508835346137    0.0616708904774343    0.0737222100424973   0.00483138166999614  2.29712843094178e-10 -1.12439020644776e-10 -3.18004810346648e-10 -7.96420682543481e-11      1.15678169166322
TOTAL ENERGY: -127.165513222297	 lambda: 0.6	 population of target: 7.00094070338462
1RDM: 
     1.99999958520521 -1.67194633316153e-07  5.01168498142419e-05  7.86135895737393e-05  0.000509777704537235 -5.59734253386446e-13  1.60568538780387e-12  8.04955183186118e-13 -1.50962253827922e-12 -0.000361221777752726
-1.67194633316153e-07      1.99999972581895  1.26743980149058e-05  3.33187651647938e-05   0.00045309885790898  4.31125154888319e-13  2.06891249364525e-12   5.1637542222336e-13 -1.21430282243487e-12  0.000140109409346264
 5.01168498142419e-05  1.26743980149058e-05      1.99262535776388   -0.0106740617568816   -0.0566982269859458  7.59012819065466e-11  1.99328131959205e-11 -2.49141257770745e-12  1.76169287406828e-10    0.0608608334367566
 7.86135895737393e-05  3.33187651647938e-05   -0.0106740617568816      1.98351369919168    -0.107085950815935   1.1813026459054e-10 -1.38511585321508e-10 -7.96672863886776e-11  2.41792507280213e-10    0.0721666952384953
 0.000509777704537235   0.00045309885790898   -0.0566982269859458    -0.107085950815935     0.868267171477227  5.77941149011863e-11 -1.89696122046338e-10 -7.19560882435167e-11  4.03692179279016e-10   0.00249190894877888
-5.59734253386446e-13  4.31125154888319e-13  7.59012819065466e-11   1.1813026459054e-10  5.77941149011863e-11     0.981419306513639 -1.65667770506617e-14   3.7279505627209e-05    0.0156692813407897  1.94779805246547e-10
 1.60568538780387e-12  2.06891249364525e-12  1.99328131959205e-11 -1.38511585321508e-10 -1.89696122046338e-10 -1.65667770506617e-14     0.981419306513507   -0.0156692813409045  3.72795055884774e-05 -1.05001679272582e-10
 8.04955183186118e-13   5.1637542222336e-13 -2.49141257770745e-12 -7.96672863886776e-11 -7.19560882435167e-11   3.7279505627209e-05   -0.0156692813409045      1.01862596824774 -1.64593975386932e-14 -2.92872114370856e-10
-1.50962253827922e-12 -1.21430282243487e-12  1.76169287406828e-10  2.41792507280213e-10  4.03692179279016e-10    0.0156692813407897  3.72795055884774e-05 -1.64593975386932e-14      1.01862596824761   5.2364993501577e-12
-0.000361221777752726  0.000140109409346264    0.0608608334367566    0.0721666952384953   0.00249190894877888  1.94779805246547e-10 -1.05001679272582e-10 -2.92872114370856e-10   5.2364993501577e-12      1.15550391102065
TOTAL ENERGY: -127.16363870778	 lambda: 0.7	 population of target: 7.00381697226178
1RDM: 
     1.99999957714028 -1.88413117083168e-07  4.80276035279115e-05  7.76585506104106e-05  0.000521196949907699 -5.51841372773672e-13  1.61919989702996e-12  7.76248965384533e-13 -1.53211183494483e-12 -0.000345248250447991
-1.88413117083168e-07       1.9999997187596  1.32805438389218e-05  3.56226926614072e-05  0.000477556624508555  4.29590893540713e-13  2.10840317554618e-12  5.22043244903024e-13 -1.30955642272719e-12  0.000136937138532239
 4.80276035279115e-05  1.32805438389218e-05      1.99284072749222   -0.0104341405364024   -0.0558215259456222  7.33120189003161e-11  2.26499082897877e-11  2.76719925662337e-12  1.77629386727893e-10    0.0595079566330014
 7.76585506104106e-05  3.56226926614072e-05   -0.0104341405364024      1.98362282418364    -0.108282960012859   1.1456438726528e-10  -1.3869101253965e-10 -7.54935090377922e-11  2.45057905054136e-10    0.0701867288086821
 0.000521196949907699  0.000477556624508555   -0.0558215259456222    -0.108282960012859     0.862593898964931   4.5195589959718e-11 -1.90957255449217e-10 -5.97233616145682e-11  4.43230077623689e-10  0.000668236579526295
-5.51841372773672e-13  4.29590893540713e-13  7.33120189003161e-11   1.1456438726528e-10   4.5195589959718e-11     0.980716869045272 -1.67118695337508e-14  3.86372992617663e-05    0.0161727403795973  1.90785877987698e-10
 1.61919989702996e-12  2.10840317554618e-12  2.26499082897877e-11  -1.3869101253965e-10 -1.90957255449217e-10 -1.67118695337508e-14       0.9807168690452   -0.0161727403796599  3.86372992211515e-05  -1.0742795252444e-10
 7.76248965384533e-13  5.22043244903024e-13  2.76719925662337e-12 -7.54935090377922e-11 -5.97233616145682e-11  3.86372992617663e-05   -0.0161727403796599      1.01932898165488  -1.6657061817477e-14 -2.93259030275239e-10
-1.53211183494483e-12 -1.30955642272719e-12  1.77629386727893e-10  2.45057905054136e-10  4.43230077623689e-10    0.0161727403795973  3.86372992211515e-05  -1.6657061817477e-14      1.01932898165481  3.68590914442211e-11
-0.000345248250447991  0.000136937138532239    0.0595079566330014    0.0701867288086821  0.000668236579526295  1.90785877987698e-10  -1.0742795252444e-10 -2.93259030275239e-10  3.68590914442211e-11      1.16085155205919
TOTAL ENERGY: -127.16062022204	 lambda: 0.8	 population of target: 7.00782187829853
1RDM: 
     1.99999956228904 -2.18986243287414e-07  4.50101322752826e-05  7.60738875960752e-05  0.000531862818867949 -5.22650315689658e-13   1.6245385890528e-12  7.40699650388565e-13 -1.54880782204713e-12  -0.00032600475641222
-2.18986243287414e-07      1.99999970072551   1.3775869533331e-05  3.83495786945304e-05  0.000505609253204184  4.29212291271228e-13  2.15668664735092e-12  5.48792687517608e-13 -1.38690916898262e-12  0.000130587986949024
 4.50101322752826e-05   1.3775869533331e-05      1.99308673904004    -0.010139092251428   -0.0550750334992858  7.10928098210917e-11  2.52876176944732e-11   7.4618269655121e-12  1.74513630198432e-10    0.0574350754326619
 7.60738875960752e-05  3.83495786945304e-05    -0.010139092251428      1.98378994129793     -0.10979774822921  1.14136444624773e-10 -1.39988274755755e-10 -7.01700621230674e-11  2.48984057490581e-10    0.0674953457716959
 0.000531862818867949  0.000505609253204184   -0.0550750334992858     -0.10979774822921     0.848637847986477  5.02844222568272e-11  -2.0917875707289e-10 -5.95724081322083e-11  4.86450645932427e-10  -0.00130398289660511
-5.22650315689658e-13  4.29212291271228e-13  7.10928098210917e-11  1.14136444624773e-10  5.02844222568272e-11     0.978975567776405  -1.7469781196026e-14  4.20600770777786e-05    0.0175196879231329  2.03480089856981e-10
  1.6245385890528e-12  2.15668664735092e-12  2.52876176944732e-11 -1.39988274755755e-10  -2.0917875707289e-10  -1.7469781196026e-14     0.978975567776309   -0.0175196879232169  4.20600770323969e-05 -1.20369377314111e-10
 7.40699650388565e-13  5.48792687517608e-13   7.4618269655121e-12 -7.01700621230674e-11 -5.95724081322083e-11  4.20600770777786e-05   -0.0175196879232169      1.02107198402648 -1.73955537233774e-14 -3.21255832235918e-10
-1.54880782204713e-12 -1.38690916898262e-12  1.74513630198432e-10  2.48984057490581e-10  4.86450645932427e-10    0.0175196879231329  4.20600770323969e-05 -1.73955537233774e-14      1.02107198402639  4.40272439608292e-11
 -0.00032600475641222  0.000130587986949024    0.0574350754326619    0.0674953457716959  -0.00130398289660511  2.03480089856981e-10 -1.20369377314111e-10 -3.21255832235918e-10  4.40272439608292e-11      1.17439110505546
TOTAL ENERGY: -127.154586471055	 lambda: 0.9	 population of target: 7.0148740765752
1RDM: 
     1.99999952992618 -2.69521750349695e-07  4.00507693768218e-05  7.32975897394035e-05  0.000542265039171333  -5.0279933500151e-13  1.63072056950848e-12  6.89852845150218e-13  -1.5685628213659e-12 -0.000300172846641743
-2.69521750349695e-07      1.99999966211598  1.35356229141225e-05  4.14364867539003e-05  0.000540866269838341  4.14315298581033e-13  2.22323482690427e-12  5.83032526572425e-13 -1.49165261198462e-12  0.000121659855550071
 4.00507693768218e-05  1.35356229141225e-05      1.99335583726601  -0.00975095146498825   -0.0544308132043012  6.75891763490671e-11  2.87524959289479e-11      1.4561114562e-11  1.71348901342561e-10    0.0542144043142862
 7.32975897394035e-05  4.14364867539003e-05  -0.00975095146498825      1.98407165339608    -0.111832520707447  1.08422568602959e-10 -1.40186610513214e-10 -6.26243805839891e-11  2.52369270577708e-10    0.0634642058154345
 0.000542265039171333  0.000540866269838341   -0.0544308132043012    -0.111832520707447     0.821669614318267  5.17922550318829e-11 -2.42406869511114e-10 -6.03269000168161e-11  5.68403633922955e-10  -0.00469328956526026
 -5.0279933500151e-13  4.14315298581033e-13  6.75891763490671e-11  1.08422568602959e-10  5.17922550318829e-11     0.975617466487977 -2.03088746178944e-14  4.86752712696802e-05    0.0201422977440091  2.37331054629287e-10
 1.63072056950848e-12  2.22323482690427e-12  2.87524959289479e-11 -1.40186610513214e-10 -2.42406869511114e-10 -2.03088746178944e-14     0.975617466487863   -0.0201422977441047  4.86752712176364e-05 -1.46798761577085e-10
 6.89852845150218e-13  5.83032526572425e-13      1.4561114562e-11 -6.26243805839891e-11 -6.03269000168161e-11  4.86752712696802e-05   -0.0201422977441047      1.02443400768062 -2.02239026153918e-14 -3.73749044439963e-10
 -1.5685628213659e-12 -1.49165261198462e-12  1.71348901342561e-10  2.52369270577708e-10  5.68403633922955e-10    0.0201422977440091  4.86752712176364e-05 -2.02239026153918e-14       1.0244340076805  6.30500847416002e-11
-0.000300172846641743  0.000121659855550071    0.0542144043142862    0.0634642058154345  -0.00469328956526026  2.37331054629287e-10 -1.46798761577085e-10 -3.73749044439963e-10  6.30500847416002e-11      1.20080075464047
TOTAL ENERGY: -127.139295872504	 lambda: 1	 population of target: 7.03083862811398
1RDM: 
     1.99999944229231 -3.77337312102914e-07  3.00038675057146e-05  6.78582543488761e-05  0.000552320199262566 -4.61275452237857e-13  1.62847723045523e-12  6.09646257451182e-13 -1.57777533001969e-12 -0.000259930652614021
-3.77337312102914e-07      1.99999956497352  1.02867161778407e-05  4.46417553275133e-05  0.000591650197551687  4.04252264840494e-13  2.31839543540911e-12  6.26575329159606e-13 -1.63763972793892e-12   0.00011198081304713
 3.00038675057146e-05  1.02867161778407e-05      1.99358750108002  -0.00917756490005102   -0.0537649738717739  6.17605155907717e-11  3.41013655321146e-11  2.62809883193191e-11  1.67049062866601e-10    0.0487660021482984
 6.78582543488761e-05  4.46417553275133e-05  -0.00917756490005102      1.98461801790416    -0.114726343823074  1.01674686999176e-10 -1.40218797845152e-10 -4.91494838975964e-11  2.57644399112444e-10    0.0565018450384197
 0.000552320199262566  0.000591650197551687   -0.0537649738717739    -0.114726343823074      0.76919489865817  5.74908222081236e-11 -3.07453942856806e-10 -5.67229546357479e-11  7.27769464408776e-10   -0.0136263442753055
-4.61275452237857e-13  4.04252264840494e-13  6.17605155907717e-11  1.01674686999176e-10  5.74908222081236e-11      0.96912505072096 -1.57204660750325e-14  6.14365025165763e-05    0.0251597964851709  2.98059314708121e-10
 1.62847723045523e-12  2.31839543540911e-12  3.41013655321146e-11 -1.40218797845152e-10 -3.07453942856806e-10 -1.57204660750325e-14      0.96912505072079   -0.0251597964853096  6.14365024361539e-05 -2.00325692714443e-10
 6.09646257451182e-13  6.26575329159606e-13  2.62809883193191e-11 -4.91494838975964e-11 -5.67229546357479e-11  6.14365025165763e-05   -0.0251597964853096      1.03093622874461 -1.55984702115511e-14 -4.78281708149536e-10
-1.57777533001969e-12 -1.63763972793892e-12  1.67049062866601e-10  2.57644399112444e-10  7.27769464408776e-10    0.0251597964851709  6.14365024361539e-05 -1.55984702115511e-14      1.03093622874444   1.0283748283585e-10
-0.000259930652614021   0.00011198081304713    0.0487660021482984    0.0565018450384197   -0.0136263442753055  2.98059314708121e-10 -2.00325692714443e-10 -4.78281708149536e-10   1.0283748283585e-10      1.25247801616109
-------------------general-----------------------
mullikenoperator: 
  0.00216039993359189   -0.0449058794922654    0.0021128780220029   -0.0115909947212349  0.000878464370659456 -7.85824714588394e-13  1.01711225057653e-12 -2.44335161387543e-14  -1.7040650088007e-12 -0.000385395690734886
  -0.0449058794922654     0.997740524346578   -0.0151513855024279  -0.00225071735588973   0.00150368388227417 -1.26584086715528e-12  1.59529768932623e-12  3.66066522816196e-14 -4.31197105614191e-12  -0.00116342211810816
   0.0021128780220029   -0.0151513855024279    0.0264030153492932    -0.110487156604707    0.0812031118556232 -9.91527812235669e-11  7.90058749228942e-11  2.19366978369685e-11 -2.45633478319487e-10   -0.0832903726327473
  -0.0115909947212349  -0.00225071735588979    -0.110487156604707     0.986398845248149   -0.0155801867674122 -4.02985241386445e-11 -2.08477714671274e-11  4.09816667518709e-11  2.81754387152092e-11   -0.0315676693883939
 0.000878464370659456   0.00150368388227417    0.0812031118556232   -0.0155801867674122     0.446555620013692 -1.59527978008651e-09  5.11930367589165e-10  3.24765416910488e-10  8.09146110960596e-10    -0.490836590921362
-7.85824714588394e-13 -1.26584086715528e-12 -9.91527812235669e-11 -4.02985241386445e-11 -1.59527978008651e-09     0.177560924262518  3.98885187931315e-13  0.000274275714542946    -0.382152479818311  5.76888157448095e-10
 1.01711225057653e-12  1.59529768932623e-12  7.90058749228942e-11 -2.08477714671275e-11  5.11930367589165e-10  3.98882198328527e-13     0.177560924262485     0.382152479818283   0.00027427571386976 -1.26863444996447e-10
 -2.4433516138752e-14  3.66066522816187e-14  2.19366978369685e-11  4.09816667518709e-11  3.24765416910488e-10  0.000274275714542939     0.382152479818283     0.822439075737517  3.98807913539053e-13  5.77466648779675e-10
 -1.7040650088007e-12 -4.31197105614192e-12 -2.45633478319487e-10  2.81754387152091e-11  8.09146110960596e-10    -0.382152479818311  0.000274275713869762  3.98806352457331e-13     0.822439075737483   1.6476375669128e-09
-0.000385395690734886  -0.00116342211810816   -0.0832903726327473   -0.0315676693883939    -0.490836590921362  5.76888157448095e-10 -1.26863444996447e-10  5.77466648779675e-10   1.6476375669128e-09     0.540741595108701
selected BF: 
0 1 2 3 4
selected lambdas: 
  -1 -0.9 -0.8 -0.7 -0.6 -0.5 -0.4 -0.3 -0.2 -0.1    0  0.1  0.2  0.3  0.4  0.5  0.6  0.7  0.8  0.9    1
RHF C: 
 4.71135600781677e-05     0.995338906410825    -0.256027205501708   -0.0468270052716147  -0.00373719462918284  1.57253996418258e-11 -3.59715195004524e-12  7.77245926796619e-13  3.00767519657163e-12   0.00796237083876938
-0.000254854827485674    0.0190990225216326      1.01158583013502     0.185495765151301    0.0149831360249318 -6.36814454305273e-11  1.45636506597141e-11 -3.08792288017185e-12  -1.1954700452891e-11   -0.0326126420448617
-2.83559160314573e-14  9.46880003549799e-14  2.79863618007245e-11 -4.91774941441461e-11 -2.48370233311542e-09    -0.159523074557634   -0.0127922689287644    0.0789340698574727    -0.983965630313704  1.06344889274704e-10
-8.52156682731285e-15  3.17309340428572e-14  9.01862121614413e-12 -1.61315374619552e-11 -8.08450706360898e-10   -0.0127922689189255     0.159523074680309    -0.983965630293815   -0.0789340698590672  3.48996623961982e-11
 -0.00040443616213626  7.47137804667837e-05    0.0212921904975429   -0.0400554903008725    -0.997692586979017  2.95684215786882e-10 -7.29553883391594e-11  6.00715142379945e-10  2.51463615423163e-09   -0.0696156199032816
    0.995070015449634  7.08712363172713e-05   -0.0431825217856081     0.258909967405011   -0.0179449303010394   1.6851113399217e-11 -3.93021926950471e-12  7.02316256597585e-12  2.94231475380443e-11   0.00408340564492083
   0.0200298756528598 -0.000256992834254611     0.167577399595189     -1.01305098960995    0.0735342141046474 -6.79509106416518e-11  1.58615911751937e-11 -2.94703077008001e-11 -1.23465658176902e-10   -0.0156838474235773
-2.81938310137424e-13 -5.47005217900844e-14 -2.81955253652028e-11   2.6085791063925e-11  4.24461210805175e-11    -0.983076421483218   -0.0788335980895902   -0.0132305635568736     0.164927766029678  1.11847510892014e-09
-8.99984405682615e-14 -1.81153786665099e-14  -9.0259006594647e-12  8.34587372127073e-12  1.27422939719885e-11   -0.0788335980912394     0.983076421462656     0.164927766152243    0.0132305635470474  3.45823408310652e-10
-1.76995158254545e-05  0.000353859974619826   -0.0110308755087448    0.0172782977451584    0.0293621976329156 -1.15682061862319e-09   2.5902971724088e-10 -3.00048836851171e-12  5.22091154006256e-13     -1.00043052618398
RDM (no constraint): 
     1.99999997562273  4.27572512401311e-08  5.45094885802991e-06  4.33495302532462e-06  1.86172754881027e-05 -3.33561687945546e-13   7.7305480886996e-14 -1.04676308593816e-15 -5.07274105461628e-15 -3.84571126079054e-05
 4.27572512401311e-08      1.99999896203601 -6.47650887242974e-05 -2.03054087250247e-05  -0.00014859289393516 -1.51582834660028e-13  3.38032529719783e-14  1.18430250963497e-13  4.93343380115401e-13 -0.000142460981225841
 5.45094885802991e-06 -6.47650887242974e-05      1.99364324526042  -0.00359132871925576   -0.0361968889336283 -3.96925817522646e-12  8.93439081727655e-13  2.99824145963572e-11  1.25880626586824e-10   0.00670960355320417
 4.33495302532462e-06 -2.03054087250247e-05  -0.00359132871925576      1.99678621033699   -0.0420381764434162  4.98179675785664e-11 -1.16126780791367e-11  1.14488259269844e-11  4.81475821597456e-11    0.0109563607865853
 1.86172754881027e-05  -0.00014859289393516   -0.0361968889336283   -0.0420381764434162     0.917559488130558 -2.91730317430894e-10   6.1759119525325e-11  4.61415714729206e-11  1.98594047584889e-10    -0.448762374302052
-3.33561687945546e-13 -1.51582834660028e-13 -3.96925817522646e-12  4.98179675785664e-11 -2.91730317430894e-10      1.02828354048945  4.05240841056583e-16 -2.11670629397664e-06    0.0718714199924784  2.47534188791681e-10
  7.7305480886996e-14  3.38032529719783e-14  8.93439081727655e-13 -1.16126780791367e-11   6.1759119525325e-11  4.05240841056583e-16      1.02828354050744   -0.0718714199856007 -2.11670629249434e-06 -5.83045783837653e-11
-1.04676308593816e-15  1.18430250963497e-13  2.99824145963572e-11  1.14488259269844e-11  4.61415714729206e-11 -2.11670629397664e-06   -0.0718714199856007      0.97188369059532 -1.26706045322951e-16  2.49123638249219e-10
-5.07274105461628e-15  4.93343380115401e-13  1.25880626586824e-10  4.81475821597456e-11  1.98594047584889e-10    0.0718714199924784 -2.11670629249434e-06 -1.26706045322951e-16     0.971883690613308   1.0356565889747e-09
-3.84571126079054e-05 -0.000142460981225841   0.00670960355320417    0.0109563607865853    -0.448762374302052  2.47534188791681e-10 -5.83045783837653e-11  2.49123638249219e-10   1.0356565889747e-09      1.09167765640781
RDM Eigenvectors: 
    0.998919331082879    -0.045088276137188    0.0112521355951401  0.000775078616614823  7.74295086351635e-05    5.224441107701e-14  2.29339977774848e-13  1.77716672896472e-13 -4.08285444441404e-14 -6.80215287547685e-06
   0.0449256808794064     0.998792221644465    0.0148377824235368   -0.0132514433800736  2.07191402146739e-05 -6.71801297670953e-15 -2.65446659910608e-14  1.08621155931287e-13 -2.62290434006767e-14 -0.000142168383734949
 -0.00325075144410337   -0.0168095165859732     0.287440023145173    -0.956050127270971   -0.0527629126507625  2.13010832388193e-13  1.09981426250992e-12  4.05405118331908e-11  -9.3104812893948e-12    -0.016411430628268
   0.0114459626122054   0.00992561546947121    -0.956363261613355    -0.283841699855862   -0.0652925180462439  3.83624629272409e-12    1.549530433969e-11 -5.47257099577974e-11  1.27826132397795e-11   -0.0176227252096254
 -0.00044220659434897  0.000131727037132079    0.0395318251947854    0.0599890152728167    -0.631504829076509  4.07883837311287e-10  1.72863297376642e-09 -1.86520680482729e-09  4.35285032768852e-10    -0.772036262618364
 4.83806633394226e-13  2.44699404072649e-13   -7.213276380778e-11 -5.13001511771801e-11  1.12170677449241e-09  -0.00278025619193414     0.826208527832707     0.563350424731236   0.00283507798042939 -4.36179130411887e-10
-1.10750148391805e-13 -5.83630871956033e-14  1.65864983398407e-11  1.16987601603176e-11 -2.55290172651267e-10    -0.826208527902965  -0.00278025619217007  -0.00283507797991162     0.563350424628197  9.23238716041975e-11
 9.33266085402472e-14 -3.09036827609142e-13 -8.66586616859025e-12 -3.91281902148977e-11  3.68070074922617e-10     0.563354424345024   0.00187913991188716   -0.0041335574502532     0.826202865588642  4.73095961842209e-10
 3.88308663917056e-13 -1.29706956432143e-12 -3.61560795121908e-11 -1.63764009466076e-10   1.5300852460094e-09  -0.00187913991223583     0.563354424448064    -0.826202865518384  -0.00413355744989828  1.98798508467626e-09
 0.000283186710611069 -0.000224265860843087   -0.0289483917452749   -0.0403380727870911     0.770814249066678 -2.00360356404601e-10 -9.04803722681349e-10   -7.087009316771e-10  1.53201387917578e-10    -0.635122109082238
Total C: 
  -0.0477485437896434     0.990959314242428   -0.0454883091588883     0.268130052772165   -0.0165864190246824  1.08793780618499e-11 -1.44536097652806e-11  1.74687284566153e-11  2.30347438267218e-11   0.00113951916249287
   0.0104119352856791    0.0316210563544043     0.112851453895263     -1.02031186776201    0.0668363905752289 -4.10120653722692e-11  5.79594094768919e-11 -7.16564729076764e-11 -9.79605207031924e-11  -0.00450845525931697
 9.40939138285419e-14  1.12944262965905e-12   1.9667431993814e-10  1.29779638191354e-10  8.21810276478964e-10    0.0315523558244913    -0.422706349518376    -0.903173570218726   -0.0680550913650703 -2.14399055971865e-09
  -1.195304867091e-13   2.4822256833251e-13   2.1114990831342e-11  1.03386715901337e-10    2.554465193062e-09    -0.422706349518486   -0.0315523558254312   -0.0680550913646306     0.903173570218674 -1.01470698688772e-10
 -0.00027560866621577  0.000892401732093387    0.0981990018841553    0.0573711403032855     0.682232488040581 -8.03790964026484e-10  1.41898281798841e-09  1.84278149261712e-09 -2.20752230763581e-09    -0.723821987568638
    0.993704841497512    0.0407023676352618    -0.262299396690206   -0.0197013212943683    0.0215644258089206 -3.08499657749327e-11  9.80465553826398e-12  1.94294530115486e-11 -6.79619961779771e-11    -0.025337759022774
   0.0211260272180369    0.0165577914949336      1.01301270200326     0.122983115009742   -0.0884848943775174  1.25558026387219e-10 -4.26680351173006e-11 -8.23021273224709e-11    2.751070144066e-10     0.102661536454073
-6.59055064730844e-13 -9.86532616529234e-13 -5.60054069084623e-11 -5.08544833567269e-12 -1.33064493059675e-09   -0.0693856472347486     0.905394937314205    -0.417650108668998   -0.0323145270113991 -3.74944147599077e-10
 6.45682841452337e-14 -3.23555319940206e-13 -9.29317687341187e-12  5.40957085360473e-12  1.09046689790486e-09     0.905394937314153    0.0693856472343142   -0.0323145270123406     0.417650108669111 -1.19844714211669e-09
-0.000135285610686578  0.000102839262824448  -0.00482626343828534    0.0213617128028709     0.754426766711651  6.84752052031423e-10  8.55517170696348e-10 -1.11384238789246e-09 -1.79576927581626e-09     0.657650614602044
Basis set used: STO-3G
Naturals: 
 1.99999999033434  1.99999986069513   1.9999351800932  1.99513044436723  1.45794775881117  1.07728942351137   1.0772894235112  0.92287780759156 0.922877807591392 0.546652303493474
Version: Tmhuysen's fci hack
