The Davidson algorithm did not converge.lambda: -1
The Davidson algorithm did not converge.lambda: -0.9
The Davidson algorithm did not converge.lambda: -0.8
The Davidson algorithm did not converge.lambda: -0.7
The Davidson algorithm did not converge.lambda: -0.6
The Davidson algorithm did not converge.lambda: -0.5
The Davidson algorithm did not converge.lambda: -0.4
The Davidson algorithm did not converge.lambda: -0.3
The Davidson algorithm did not converge.lambda: -0.2
TOTAL ENERGY: -127.178315719019	 lambda: -0.1	 population of target: 6.44273474432798
1RDM: 
     1.99999959269767  1.07095399562026e-06 -4.67527490330665e-05  3.38557412785947e-05  -0.00048943538765297  7.06582991527221e-14 -6.23009966583588e-14  2.10243874558935e-14  1.40520952333485e-14 -0.000325326488755538
 1.07095399562026e-06      1.99998449154959 -1.14523796090612e-05 -0.000525334146528073 -0.000204919331516996  2.17562460618825e-13 -1.45780777533506e-13 -3.94789673692074e-14 -1.78676946032525e-13  0.000327448179431454
-4.67527490330665e-05 -1.14523796090612e-05      1.99258600608165 -0.000739058370883375   -0.0791944165415386 -1.72110687807426e-12  3.57704736131279e-12  -1.7927183958937e-12 -1.75666010503226e-12    -0.050031851388992
 3.38557412785947e-05 -0.000525334146528073 -0.000739058370883375       1.9804983704547   -0.0213045341849949 -5.87818799474459e-12  8.92787703175842e-12 -7.81896688105791e-12 -1.09643388234822e-11   -0.0176417201073772
 -0.00048943538765297 -0.000204919331516996   -0.0791944165415386   -0.0213045341849949      1.01686542040498  7.56208960916556e-11 -7.41472536953046e-11  3.10256091390362e-11  4.88487992282295e-11    -0.806271532082718
 7.06582991527221e-14  2.17562460618825e-13 -1.72110687807426e-12 -5.87818799474459e-12  7.56208960916556e-11      1.13862290950294  1.20080337257814e-14  -0.00519234468683897    -0.107917121229065 -4.86099713827974e-11
-6.23009966583588e-14 -1.45780777533506e-13  3.57704736131279e-12  8.92787703175842e-12 -7.41472536953046e-11  1.20080337257814e-14      1.13862290950296      0.10791712122913  -0.00519234468688819  3.24457795796032e-11
 2.10243874558935e-14 -3.94789673692074e-14  -1.7927183958937e-12 -7.81896688105791e-12  3.10256091390362e-11  -0.00519234468683897      0.10791712122913     0.862386185668054  9.61587626389817e-15  3.79983958181644e-11
 1.40520952333485e-14 -1.78676946032525e-13 -1.75666010503226e-12 -1.09643388234822e-11  4.88487992282295e-11    -0.107917121229065  -0.00519234468688819  9.61587626389817e-15     0.862386185668077  1.01699757061883e-10
-0.000325326488755538  0.000327448179431454    -0.050031851388992   -0.0176417201073772    -0.806271532082718 -4.86099713827974e-11  3.24457795796032e-11  3.79983958181644e-11  1.01699757061883e-10      1.00804792846937
TOTAL ENERGY: -127.195395732939	 lambda: 0	 population of target: 6.76169779328736
1RDM: 
     1.99999949354054  5.07708565350921e-07 -6.73584853551079e-05  3.25008139292313e-05 -0.000670689877998431 -9.64120238716913e-16  4.94808919466457e-16  3.12156540190097e-16  1.03210245042932e-15 -0.000166481554862267
 5.07708565350921e-07      1.99999242356446 -1.30983409552337e-06 -0.000230549693308496  0.000309401788684746 -9.57001257282868e-16 -1.02136873452357e-15 -5.44510372232066e-17 -1.04906765247169e-15  0.000811281256793181
-6.73584853551079e-05 -1.30983409552337e-06      1.98960443062479   0.00239504514367374    -0.102610179886897 -1.12970202361476e-13   4.4520850814131e-14  2.65457166011681e-14  1.18955664620033e-13   -0.0258963528274734
 3.25008139292313e-05 -0.000230549693308496   0.00239504514367374      1.99155371065706    0.0259599557790763  4.76268855499553e-14  -9.9523568388195e-14 -1.36081315297342e-14 -6.01108301584407e-14    0.0113863784384186
-0.000670689877998431  0.000309401788684746    -0.102610179886897    0.0259599557790763     0.848335029681064   1.2045331357016e-13  7.35173555866428e-13  2.58962721911002e-13  6.07301110213013e-13    -0.567953197414766
-9.64120238716913e-16 -9.57001257282868e-16 -1.12970202361476e-13  4.76268855499553e-14   1.2045331357016e-13      1.10710741320215  3.80511926830138e-16  -0.00395669874944858   -0.0716839862487664 -8.42248701856033e-13
 4.94808919466457e-16 -1.02136873452357e-15   4.4520850814131e-14  -9.9523568388195e-14  7.35173555866428e-13  3.80511926830138e-16      1.10710741320213    0.0716839862488091  -0.00395669874946577  4.65672040661629e-14
 3.12156540190097e-16 -5.44510372232066e-17  2.65457166011681e-14 -1.36081315297342e-14  2.58962721911002e-13  -0.00395669874944858    0.0716839862488091     0.893298302307846 -1.18403149095064e-15 -8.27985233278299e-13
 1.03210245042932e-15 -1.04906765247169e-15  1.18955664620033e-13 -6.01108301584407e-14  6.07301110213013e-13   -0.0716839862487664  -0.00395669874946577 -1.18403149095064e-15      0.89329830230783   2.3540823035175e-13
-0.000166481554862267  0.000811281256793181   -0.0258963528274734    0.0113863784384186    -0.567953197414766 -8.42248701856033e-13  4.65672040661629e-14 -8.27985233278299e-13   2.3540823035175e-13      1.16970348091219
TOTAL ENERGY: -127.189519322794	 lambda: 0.1	 population of target: 6.90410165232972
1RDM: 
     1.99999946244343  4.00149780738979e-07 -7.36036084708795e-05  4.21550102588633e-05 -0.000714030517386503 -1.16257997295367e-15  3.39452841442782e-16  1.47189192852488e-16  9.55369665341509e-16 -2.66087948074274e-05
 4.00149780738979e-07      1.99999590828655  2.30896811611952e-05 -0.000121072000164622   0.00065322509397639 -6.22081241492863e-16 -1.22040745283995e-15  3.59414463675405e-16 -1.43922803428821e-15  0.000907039360608579
-7.36036084708795e-05  2.30896811611952e-05      1.98882067615972   0.00510874312879672    -0.106961310078486 -1.37133481230747e-13  2.01677829677778e-14  4.69347459394371e-15   1.0616087994604e-13  -0.00559711175483431
 4.21550102588633e-05 -0.000121072000164622   0.00510874312879672      1.99415389421485    0.0557880349646918  8.63287041974915e-14 -1.10684081793402e-13  2.52906089483908e-14 -8.92054700366589e-14    0.0125603747890842
-0.000714030517386503   0.00065322509397639    -0.106961310078486    0.0557880349646918     0.837131344845996 -1.82984689702714e-15  4.95961792751931e-13  8.55474199886031e-14  4.55706863663483e-13    -0.376229342951507
-1.16257997295367e-15 -6.22081241492863e-16 -1.37133481230747e-13  8.63287041974915e-14 -1.82984689702714e-15      1.07468514151055 -8.50633039032526e-16  -0.00274235036506426   -0.0465337421000443 -6.14454681427899e-13
 3.39452841442782e-16 -1.22040745283995e-15  2.01677829677778e-14 -1.10684081793402e-13  4.95961792751931e-13 -8.50633039032526e-16      1.07468514151057     0.046533742100089  -0.00274235036507257 -5.85525856167616e-14
 1.47189192852488e-16  3.59414463675405e-16  4.69347459394371e-15  2.52906089483908e-14  8.55474199886031e-14  -0.00274235036506426     0.046533742100089     0.925508021221093 -2.20603621781899e-15 -5.87992746714282e-13
 9.55369665341509e-16 -1.43922803428821e-15   1.0616087994604e-13 -8.92054700366589e-14  4.55706863663483e-13   -0.0465337421000443  -0.00274235036507257 -2.20603621781899e-15      0.92550802122112  9.74742818990029e-14
-2.66087948074274e-05  0.000907039360608579  -0.00559711175483431    0.0125603747890842    -0.376229342951507 -6.14454681427899e-13 -5.85525856167616e-14 -5.87992746714282e-13  9.74742818990029e-14      1.17951238858614
TOTAL ENERGY: -127.18229387281	 lambda: 0.2	 population of target: 6.95489405399894
1RDM: 
     1.99999945248241  4.28539722505689e-07 -7.50146678895233e-05   5.0079418070327e-05 -0.000721638441343134  -1.2422035142743e-15  2.68794460942888e-16  8.57750867551062e-17  9.06390124435639e-16  3.67592900243375e-05
 4.28539722505689e-07      1.99999711332707  4.00610337814531e-05 -9.24577209166693e-05  0.000819782523853635 -4.00872106280791e-16 -1.21151359613717e-15  6.03669995713096e-16 -1.56652242819897e-15  0.000881135628357985
-7.50146678895233e-05  4.00610337814531e-05      1.98869771162313   0.00664289540946957    -0.106776839860003 -1.45524054601025e-13  8.22647464142063e-15  -2.8733209669258e-15  9.80968675374475e-14   0.00400979477329026
  5.0079418070327e-05 -9.24577209166693e-05   0.00664289540946957      1.99400813130349    0.0704497245450658  1.09916864610251e-13 -1.09477532515715e-13  4.73749489457004e-14 -9.91855919411681e-14   0.00830383184012355
-0.000721638441343134  0.000819782523853635    -0.106776839860003    0.0704497245450658     0.855156788871954 -3.53531259252212e-14  3.71807598466446e-13  2.78631829340784e-14  3.56040622322274e-13     -0.27999340332072
 -1.2422035142743e-15 -4.00872106280791e-16 -1.45524054601025e-13  1.09916864610251e-13 -3.53531259252212e-14      1.05729604403418 -7.53378722414032e-16   -0.0020975863135344   -0.0344429343013831 -4.78505402129493e-13
 2.68794460942888e-16 -1.21151359613717e-15  8.22647464142063e-15 -1.09477532515715e-13  3.71807598466446e-13 -7.53378722414032e-16      1.05729604403418    0.0344429343013951  -0.00209758631354069 -8.20865550458097e-14
 8.57750867551062e-17  6.03669995713096e-16  -2.8733209669258e-15  4.73749489457004e-14  2.78631829340784e-14   -0.0020975863135344    0.0344429343013951     0.942831790587325  -1.1712733897379e-15 -4.54959578172065e-13
 9.06390124435639e-16 -1.56652242819897e-15  9.80968675374475e-14 -9.91855919411681e-14  3.56040622322274e-13   -0.0344429343013831  -0.00209758631354069  -1.1712733897379e-15     0.942831790587323  4.57993315678736e-14
 3.67592900243375e-05  0.000881135628357985   0.00400979477329026   0.00830383184012355     -0.27999340332072 -4.78505402129493e-13 -8.20865550458097e-14 -4.54959578172065e-13  4.57993315678736e-14      1.16188513314897
TOTAL ENERGY: -127.176938487204	 lambda: 0.3	 population of target: 6.97683602978274
1RDM: 
     1.99999944490878  4.80293296406037e-07 -7.55292632015714e-05  5.58764009902656e-05 -0.000726822179080441 -1.27144606975961e-15  2.42643805626695e-16  5.82823845637119e-17  8.92727856445847e-16  6.04937287061251e-05
 4.80293296406037e-07       1.9999976108437   5.1452997668305e-05 -8.55208255387813e-05  0.000909877148378696  -2.4675090172783e-16 -1.16439345780337e-15  7.52017533387764e-16 -1.60933590237076e-15  0.000835692055130215
-7.55292632015714e-05   5.1452997668305e-05      1.98866572251187   0.00758672041145039    -0.106458236919706 -1.49183657470088e-13  3.05484537691755e-15 -6.08495871144509e-15  9.41722598620789e-14   0.00822478744541248
 5.58764009902656e-05 -8.55208255387813e-05   0.00758672041145039      1.99339740039186    0.0788210842167013  1.24250464473978e-13 -1.06609031503028e-13  6.07263989661489e-14 -1.03979185632061e-13   0.00449693881686732
-0.000726822179080441  0.000909877148378696    -0.106458236919706    0.0788210842167013     0.869442775994779 -4.17095072206773e-14  3.06007223453463e-13  6.66436645680065e-15  3.04505735963425e-13    -0.230709430686205
-1.27144606975961e-15  -2.4675090172783e-16 -1.49183657470088e-13  1.24250464473978e-13 -4.17095072206773e-14      1.04824320617669 -2.47646945820845e-15  -0.00176298960022778   -0.0283835751375193 -4.08848634621794e-13
 2.42643805626695e-16 -1.16439345780337e-15  3.05484537691755e-15 -1.06609031503028e-13  3.06007223453463e-13 -2.47646945820845e-15       1.0482432061767     0.028383575137536  -0.00176298960023067 -8.58757658030623e-14
 5.82823845637119e-17  7.52017533387764e-16 -6.08495871144509e-15  6.07263989661489e-14  6.66436645680065e-15  -0.00176298960022778     0.028383575137536     0.951860403828902 -2.99136577011193e-15 -3.81963133800135e-13
 8.92727856445847e-16 -1.60933590237076e-15  9.41722598620789e-14 -1.03979185632061e-13  3.04505735963425e-13   -0.0283835751375193  -0.00176298960023067 -2.99136577011193e-15     0.951860403828911  2.56669025023207e-14
 6.04937287061251e-05  0.000835692055130215   0.00822478744541248   0.00449693881686732    -0.230709430686205 -4.08848634621794e-13 -8.58757658030623e-14 -3.81963133800135e-13  2.56669025023207e-14      1.14828982533782
TOTAL ENERGY: -127.17283274644	 lambda: 0.4	 population of target: 6.98870677578037
1RDM: 
     1.99999943547524  5.35653217861444e-07 -7.59857906248141e-05  6.03957301365936e-05 -0.000735153631382315   -1.286574120871e-15   2.4300724729857e-16  4.18020618010456e-17  8.98123678478351e-16  6.33098853913145e-05
 5.35653217861444e-07      1.99999786140098  5.97545003729824e-05 -8.49338299234191e-05  0.000965248622790254 -1.35354376166147e-16 -1.10686639901377e-15  8.55183820182457e-16 -1.61921129346646e-15  0.000787866377688295
-7.59857906248141e-05  5.97545003729824e-05      1.98861472635081   0.00824024698691575    -0.106621258451553 -1.50767224992124e-13  1.43591468412867e-15 -7.79813778083225e-15  9.30956080590874e-14   0.00967982272212182
 6.03957301365936e-05 -8.49338299234191e-05   0.00824024698691575      1.99277041183345    0.0843714745625397  1.34117074742383e-13 -1.04056080435358e-13  6.98412806202966e-14 -1.06785050612997e-13   0.00161661482251832
-0.000735153631382315  0.000965248622790254    -0.106621258451553    0.0843714745625397      0.87721686932321 -4.61989786856269e-14  2.71012639482738e-13 -4.61823613897273e-15  2.75921798388688e-13    -0.204518318891205
  -1.286574120871e-15 -1.35354376166147e-16 -1.50767224992124e-13  1.34117074742383e-13 -4.61989786856269e-14      1.04355599928582 -1.03429092360168e-15  -0.00158967369635821   -0.0252393580270059 -3.71030615355639e-13
  2.4300724729857e-16 -1.10686639901377e-15  1.43591468412867e-15 -1.04056080435358e-13  2.71012639482738e-13 -1.03429092360168e-15       1.0435559992858    0.0252393580270034  -0.00158967369636232 -8.81937170510522e-14
 4.18020618010456e-17  8.55183820182457e-16 -7.79813778083225e-15  6.98412806202966e-14 -4.61823613897273e-15  -0.00158967369635821    0.0252393580270034     0.956537378475146 -1.07883347673849e-15 -3.43760218400227e-13
 8.98123678478351e-16 -1.61921129346646e-15  9.30956080590874e-14 -1.06785050612997e-13  2.75921798388688e-13   -0.0252393580270059  -0.00158967369636232 -1.07883347673849e-15     0.956537378475121  1.41729586298327e-14
 6.33098853913145e-05  0.000787866377688295   0.00967982272212182   0.00161661482251832    -0.204518318891205 -3.71030615355639e-13 -8.81937170510522e-14 -3.43760218400227e-13  1.41729586298327e-14      1.14121394009439
TOTAL ENERGY: -127.169218459984	 lambda: 0.5	 population of target: 6.99677756385563
1RDM: 
     1.99999942228668  5.92320709222744e-07 -7.66164427489825e-05  6.41890871853547e-05 -0.000747930498650432 -1.29471570823404e-15   2.6121581818497e-16  2.89949346064377e-17  9.18656733805436e-16   5.2560654706594e-05
 5.92320709222744e-07      1.99999801064049   6.6225568324837e-05 -8.64036667712099e-05   0.00100248466045459 -4.50680320782308e-17 -1.04432102388089e-15  9.34224831560521e-16 -1.61203264337283e-15   0.00073885407976901
-7.66164427489825e-05   6.6225568324837e-05      1.98851412476671   0.00873380236892967    -0.107345320393364 -1.51448398172229e-13  2.07804173251033e-15 -8.93391569424863e-15  9.40030330908039e-14   0.00941666879536194
 6.41890871853547e-05 -8.64036667712099e-05   0.00873380236892967      1.99220862375354    0.0884643609344931  1.41339675688095e-13 -1.01995827229682e-13  7.66098553423295e-14 -1.08823588256784e-13 -0.000511199864542595
-0.000747930498650432   0.00100248466045459    -0.107345320393364    0.0884643609344931     0.878947551142006 -5.18746297669353e-14  2.54206898184121e-13 -1.29758351038595e-14  2.63160040062923e-13    -0.191669331159497
-1.29471570823404e-15 -4.50680320782308e-17 -1.51448398172229e-13  1.41339675688095e-13 -5.18746297669353e-14      1.04155898630982  3.42173828157964e-15  -0.00151523024836653   -0.0237861885334957 -3.53971758817628e-13
  2.6121581818497e-16 -1.04432102388089e-15  2.07804173251033e-15 -1.01995827229682e-13  2.54206898184121e-13  3.42173828157964e-15      1.04155898630984    0.0237861885335176   -0.0015152302483753 -9.24819059105443e-14
 2.89949346064377e-17  9.34224831560521e-16 -8.93391569424863e-15  7.66098553423295e-14 -1.29758351038595e-14  -0.00151523024836653    0.0237861885335176      0.95853030649821  2.80144398078668e-15 -3.26798788598571e-13
 9.18656733805436e-16 -1.61203264337283e-15  9.40030330908039e-14 -1.08823588256784e-13  2.63160040062923e-13   -0.0237861885334957   -0.0015152302483753  2.80144398078668e-15     0.958530306498228  5.79791630846349e-15
  5.2560654706594e-05   0.00073885407976901   0.00941666879536194 -0.000511199864542595    -0.191669331159497 -3.53971758817628e-13 -9.24819059105443e-14 -3.26798788598571e-13  5.79791630846349e-15       1.1401536817945
TOTAL ENERGY: -127.165334847247	 lambda: 0.6	 population of target: 7.0038386829664
1RDM: 
     1.99999940310978  6.51579081191799e-07 -7.75683076421021e-05  6.76039139571281e-05 -0.000766377008312158  -1.2986873322729e-15  2.93878504654193e-16  1.66800553975285e-17   9.5422587453657e-16  3.07625496846378e-05
 6.51579081191799e-07       1.9999981118955  7.14138157431258e-05 -8.85582412648093e-05   0.00102903935259881  3.62326055355456e-17  -9.7585924910009e-16  1.00015852760556e-15 -1.59295507528579e-15  0.000686600584255838
-7.75683076421021e-05  7.14138157431258e-05      1.98833649358856   0.00912986626195784    -0.108710340386723 -1.51730134273113e-13  4.56350883489513e-15 -9.90716180195501e-15  9.66281986814717e-14   0.00780444822698463
 6.76039139571281e-05 -8.85582412648093e-05   0.00912986626195784      1.99171928469142    0.0917329158289388  1.46880503837067e-13   -1.003677181048e-13  8.19329669483131e-14 -1.10620042054739e-13  -0.00205250116002551
-0.000766377008312158   0.00102903935259881    -0.108710340386723    0.0917329158289388      0.87455770988722 -6.03477333240397e-14  2.50190948829902e-13 -2.10958739731067e-14  2.63977950637596e-13    -0.188228213560428
 -1.2986873322729e-15  3.62326055355456e-17 -1.51730134273113e-13  1.46880503837067e-13 -6.03477333240397e-14      1.04163522641408 -5.27731606841409e-15  -0.00151658915753495   -0.0235576285056884 -3.53907386025923e-13
 2.93878504654193e-16  -9.7585924910009e-16  4.56350883489513e-15   -1.003677181048e-13  2.50190948829902e-13 -5.27731606841409e-15      1.04163522641404    0.0235576285056832  -0.00151658915753551 -1.00028908283797e-13
 1.66800553975285e-17  1.00015852760556e-15 -9.90716180195501e-15  8.19329669483131e-14 -2.10958739731067e-14  -0.00151658915753495    0.0235576285056832     0.958453689093646 -5.32281022288981e-15 -3.25489550089108e-13
  9.5422587453657e-16 -1.59295507528579e-15  9.66281986814717e-14 -1.10620042054739e-13  2.63977950637596e-13   -0.0235576285056884  -0.00151658915753551 -5.32281022288981e-15     0.958453689093607 -1.50475023190224e-15
 3.07625496846378e-05  0.000686600584255838   0.00780444822698463  -0.00205250116002551    -0.188228213560428 -3.53907386025923e-13 -1.00028908283797e-13 -3.25489550089108e-13 -1.50475023190224e-15      1.14521116581219
TOTAL ENERGY: -127.160073230619	 lambda: 0.7	 population of target: 7.01190654073205
1RDM: 
     1.99999937403431   7.1592068001659e-07 -7.90552969083877e-05  7.09096467007676e-05 -0.000792863535326078 -1.30194699531594e-15  3.41734720465919e-16  1.48205716510241e-18  1.00679694517479e-15 -2.10172674076205e-06
  7.1592068001659e-07       1.9999981849682  7.53635710832086e-05 -9.09522202175992e-05   0.00104851439260595  1.15832080489689e-16 -8.97151204111249e-16  1.05980983969316e-15 -1.56249807082307e-15  0.000627697883058688
-7.90552969083877e-05  7.53635710832086e-05      1.98802989705136   0.00946144711889479    -0.110930240649383 -1.51873712759041e-13  8.91417529623257e-15 -1.10182400367311e-14  1.01174409686193e-13   0.00485416592879044
 7.09096467007676e-05 -9.09522202175992e-05   0.00946144711889479      1.99129519517325    0.0945344077809094  1.51278904870852e-13 -9.91228876089777e-14  8.63507875365044e-14 -1.12418161491986e-13  -0.00309176977441704
-0.000792863535326078   0.00104851439260595    -0.110930240649383    0.0945344077809094     0.862648133099285 -7.45422373403373e-14  2.57916467977268e-13 -3.17174086467518e-14  2.78365619928385e-13    -0.193122847524344
-1.30194699531594e-15  1.15832080489689e-16 -1.51873712759041e-13  1.51278904870852e-13 -7.45422373403373e-14      1.04378440137602 -3.41005078791479e-15  -0.00159332661565258   -0.0244741372680965 -3.70391140166935e-13
 3.41734720465919e-16 -8.97151204111249e-16  8.91417529623257e-15 -9.91228876089777e-14  2.57916467977268e-13 -3.41005078791479e-15      1.04378440137603    0.0244741372681132  -0.00159332661565377 -1.13298409935261e-13
 1.48205716510241e-18  1.05980983969316e-15 -1.10182400367311e-14  8.63507875365044e-14 -3.17174086467518e-14  -0.00159332661565258    0.0244741372681132      0.95630760037036 -3.94264334215124e-15 -3.39488861717639e-13
 1.00679694517479e-15 -1.56249807082307e-15  1.01174409686193e-13 -1.12418161491986e-13  2.78365619928385e-13   -0.0244741372680965  -0.00159332661565377 -3.94264334215124e-15     0.956307600370365 -1.01542815440582e-14
-2.10172674076205e-06  0.000627697883058688   0.00485416592879044  -0.00309176977441704    -0.193122847524344 -3.70391140166935e-13 -1.13298409935261e-13 -3.39488861717639e-13 -1.01542815440582e-14      1.15784521218087
TOTAL ENERGY: -127.151139231099	 lambda: 0.8	 population of target: 7.02375363068872
1RDM: 
     1.99999932715166  7.89020268893112e-07  -8.1508299196631e-05  7.44025062246389e-05 -0.000832427069810267 -1.30872019075473e-15  4.07933462949098e-16 -2.16971675750044e-17  1.08300562256922e-15 -4.80159633689742e-05
 7.89020268893112e-07      1.99999823112134  7.74183536873821e-05  -9.3509778719914e-05   0.00106214906928051  2.00359245514248e-16  -8.0103146972109e-16  1.11794141102347e-15 -1.51711856405934e-15  0.000556845229544496
 -8.1508299196631e-05  7.74183536873821e-05      1.98747559780029   0.00974637123615138    -0.114513738310382 -1.52261043845323e-13  1.55874633209739e-14 -1.27272449533331e-14  1.08358904370404e-13  0.000276702435784561
 7.44025062246389e-05  -9.3509778719914e-05   0.00974637123615138      1.99092953878512    0.0971307393545654  1.54876724694849e-13 -9.82844361252138e-14  9.01506020272466e-14 -1.14579429530853e-13  -0.00361603490288025
-0.000832427069810267   0.00106214906928051    -0.114513738310382    0.0971307393545654     0.839421345765376 -9.93362107501123e-14  2.79060429918322e-13 -4.85226407741756e-14  3.10581784682949e-13    -0.207309872813224
-1.30872019075473e-15  2.00359245514248e-16 -1.52261043845323e-13  1.54876724694849e-13 -9.93362107501123e-14      1.04861622902539 -4.01363134663194e-15  -0.00176710744653777   -0.0267783945124845 -4.08054362561416e-13
 4.07933462949098e-16  -8.0103146972109e-16  1.55874633209739e-14 -9.82844361252138e-14  2.79060429918322e-13 -4.01363134663194e-15      1.04861622902538    0.0267783945124944  -0.00176710744654013 -1.36490565759574e-13
-2.16971675750044e-17  1.11794141102347e-15 -1.27272449533331e-14  9.01506020272466e-14 -4.85226407741756e-14  -0.00176710744653777    0.0267783945124944     0.951483978570944  -4.3838435093234e-15 -3.72160299817852e-13
 1.08300562256922e-15 -1.51711856405934e-15  1.08358904370404e-13 -1.14579429530853e-13  3.10581784682949e-13   -0.0267783945124845  -0.00176710744654013  -4.3838435093234e-15     0.951483978570937 -2.29976140253176e-14
-4.80159633689742e-05  0.000556845229544496  0.000276702435784561  -0.00361603490288025    -0.207309872813224 -4.08054362561416e-13 -1.36490565759574e-13 -3.72160299817852e-13 -2.29976140253176e-14      1.18197554418357
TOTAL ENERGY: -127.132465667889	 lambda: 0.9	 population of target: 7.04557132484413
1RDM: 
     1.99999924420829  8.76416889827558e-07  -8.5952101505302e-05  7.85700595086714e-05 -0.000896728818892729 -1.32896642027428e-15  4.98750693900926e-16 -6.47882721898578e-17  1.19781880834024e-15 -0.000111010920664226
 8.76416889827558e-07      1.99999822726569  7.51192848863273e-05 -9.63669156911976e-05   0.00106759849841573  2.95919848548282e-16 -6.74030883304219e-16   1.1765093631914e-15 -1.44710405089133e-15  0.000464689893330562
 -8.5952101505302e-05  7.51192848863273e-05      1.98636345571528   0.00999122601031807    -0.120701655528868 -1.53793289876209e-13  2.56218958337492e-14 -1.61434092421899e-14  1.19945786687994e-13  -0.00660008271386099
 7.85700595086714e-05 -9.63669156911976e-05   0.00999122601031807      1.99062434059814     0.099800281545757  1.57810698439097e-13 -9.79696270861864e-14   9.3480940596683e-14 -1.17688871794967e-13  -0.00346523695815638
-0.000896728818892729   0.00106759849841573    -0.120701655528868     0.099800281545757      0.79567274787204 -1.45869866475474e-13  3.18436588540012e-13 -7.97222217051764e-14  3.71755846204686e-13     -0.23379169836386
-1.32896642027428e-15  2.95919848548282e-16 -1.53793289876209e-13  1.57810698439097e-13 -1.45869866475474e-13        1.057764166371  5.07280071261635e-16  -0.00209624317903577   -0.0311746959104768  -4.7899965631507e-13
 4.98750693900926e-16 -6.74030883304219e-16  2.56218958337492e-14 -9.79696270861864e-14  3.18436588540012e-13  5.07280071261635e-16      1.05776416637109    0.0311746959105404  -0.00209624317903998 -1.79347274568863e-13
-6.47882721898578e-17   1.1765093631914e-15 -1.61434092421899e-14   9.3480940596683e-14 -7.97222217051764e-14  -0.00209624317903577    0.0311746959105404     0.942354878348744 -1.09502341958644e-15 -4.32478699539652e-13
 1.19781880834024e-15 -1.44710405089133e-15  1.19945786687994e-13 -1.17688871794967e-13  3.71755846204686e-13   -0.0311746959104768  -0.00209624317903998 -1.09502341958644e-15      0.94235487834884 -4.66769800198199e-14
-0.000111010920664226  0.000464689893330562  -0.00660008271386099  -0.00346523695815638     -0.23379169836386  -4.7899965631507e-13 -1.79347274568863e-13 -4.32478699539652e-13 -4.66769800198199e-14       1.2271038949009
TOTAL ENERGY: -127.084412544398	 lambda: 1	 population of target: 7.09574782544584
1RDM: 
     1.99999907620629  9.84725244818644e-07 -9.52640772494783e-05  8.45338201954064e-05  -0.00101618954148123 -1.39991100795675e-15  6.27134676464519e-16 -1.68685812760724e-16  1.37942283513146e-15 -0.000195219663239894
 9.84725244818644e-07      1.99999808095197  5.96131064742153e-05 -9.97524459089722e-05   0.00104987157710563  4.06117950579396e-16 -4.93174472162989e-16  1.20584091454233e-15 -1.33767975663338e-15  0.000333172519258372
-9.52640772494783e-05  5.96131064742153e-05      1.98374048259847    0.0101869598317263    -0.132864476489454 -1.59842165872792e-13  4.08710234071998e-14 -2.47511795750621e-14  1.40003235642608e-13   -0.0168378738989292
 8.45338201954064e-05 -9.97524459089722e-05    0.0101869598317263      1.99041346320878     0.102974488103795  1.58959342374002e-13 -9.68734411545165e-14  1.00701232251724e-13 -1.19369312687637e-13  -0.00221284403929099
 -0.00101618954148123   0.00104987157710563    -0.132864476489454     0.102974488103795     0.707969815377547 -2.49666765104711e-13  3.86198542425711e-13 -1.56913980898307e-13   4.7924912351965e-13    -0.276135183403764
-1.39991100795675e-15  4.06117950579396e-16 -1.59842165872792e-13  1.58959342374002e-13 -2.49666765104711e-13      1.07500993457521  1.03879959386464e-14   -0.0027150216148558   -0.0391730250143418 -5.98694682047916e-13
 6.27134676464519e-16 -4.93174472162989e-16  4.08710234071998e-14 -9.68734411545165e-14  3.86198542425711e-13  1.03879959386464e-14       1.0750099345751    0.0391730250143158  -0.00271502161487516 -2.80481310226869e-13
-1.68685812760724e-16  1.20584091454233e-15 -2.47511795750621e-14  1.00701232251724e-13 -1.56913980898307e-13   -0.0027150216148558    0.0391730250143158     0.925155978311378  1.06325330512271e-14 -5.53728852903449e-13
 1.37942283513146e-15 -1.33767975663338e-15  1.40003235642608e-13 -1.19369312687637e-13   4.7924912351965e-13   -0.0391730250143418  -0.00271502161487516  1.06325330512271e-14     0.925155978311276 -1.14341304008094e-13
-0.000195219663239894  0.000333172519258372   -0.0168378738989292  -0.00221284403929099    -0.276135183403764 -5.98694682047916e-13 -2.80481310226869e-13 -5.53728852903449e-13 -1.14341304008094e-13      1.31754725588398
-------------------general-----------------------
mullikenoperator: 
  0.00705808033006851   -0.0837123501312678    0.0012781128577937 -0.000279280807149813 -0.000136044062725785 -2.45509321537765e-16 -2.45004017531295e-16 -1.74138894676118e-16 -3.43518210682531e-18  0.000256291940567207
  -0.0837123501312678     0.992729948376037   -0.0142072196228202  -0.00192145534718866   0.00205407844924744  3.56733110787608e-15  1.28632403407832e-15  1.47891464031213e-15 -7.15223273763017e-16  -0.00106194899086315
   0.0012781128577937   -0.0142072196228202    0.0125433599930938     -0.11032368034021   -0.0240182518551393 -9.00487384907411e-15  1.03816792226469e-13 -4.80791272975507e-14  4.63543954793839e-14   -0.0216267807139482
-0.000279280807149816  -0.00192145534718866     -0.11032368034021     0.971316364013395     0.120901182984931  2.11414701785571e-13 -1.11982532104691e-15  9.95608186820294e-14 -1.10141236703664e-13   -0.0432571171699254
-0.000136044062725785   0.00205407844924745   -0.0240182518551393     0.120901182984931     0.117549869575663 -6.50539582700636e-13  2.59186921354707e-13  -4.2627013054932e-13 -6.81352169198866e-13     0.300002807860035
-2.45509321537765e-16  3.56733110787609e-15 -9.00487384907411e-15  2.11414701785571e-13 -6.50539582700636e-13     0.747305870285293  2.13430618664634e-14  -0.00599961686698197     0.434549093030875  6.04987160648454e-13
-2.45004017531297e-16  1.28632403407832e-15  1.03816792226469e-13 -1.11982532104689e-15  2.59186921354707e-13  2.13384946648118e-14       0.7473058702854    -0.434549093030814  -0.00599961686700557 -5.07514593560664e-13
-1.74138894676118e-16  1.47891464031213e-15 -4.80791272975507e-14  9.95608186820293e-14  -4.2627013054932e-13  -0.00599961686698196    -0.434549093030814       0.2526941297146  1.99539278329663e-14 -5.69794470977141e-13
 -3.4351821068259e-18 -7.15223273763018e-16  4.63543954793839e-14 -1.10141236703664e-13 -6.81352169198866e-13     0.434549093030875  -0.00599961686700557  1.99518678488386e-14     0.252694129714708 -4.39773220803926e-13
 0.000256291940567207  -0.00106194899086315   -0.0216267807139482   -0.0432571171699254     0.300002807860035  6.04987160648454e-13 -5.07514593560665e-13 -5.69794470977141e-13 -4.39773220803927e-13     0.898802377711748
selected BF: 
0 1 2 3 4
selected lambdas: 
  -1 -0.9 -0.8 -0.7 -0.6 -0.5 -0.4 -0.3 -0.2 -0.1    0  0.1  0.2  0.3  0.4  0.5  0.6  0.7  0.8  0.9    1
RHF C: 
 8.33011703585343e-05     0.995162549293606   -0.0218570273723508    -0.258471363285777    0.0313553677138184  3.56853750942343e-14 -7.63750494953925e-15 -1.33268206266072e-14 -3.81483582408527e-14 -0.000200757942398502
-0.000416394557089948     0.019798028139379    0.0846412504415005      1.01869193720407    -0.126841764704598 -1.46069371323225e-13  3.10970654204626e-14   5.4055622668147e-14  1.54852068782156e-13  0.000329695479165254
 2.72053294127046e-17  1.95316301891046e-16  1.25033968543037e-14  6.30643395895952e-15  3.93498986800491e-14    0.0660290043166135     -0.77535686501691     0.627867175763735   -0.0190032785293931  7.98588820639734e-13
  5.1872849864368e-16  6.34112372578117e-16  4.05977261242097e-14  1.99329164798265e-14  9.00293249992722e-14     0.775356865017038    0.0660290043166398    0.0190032785294074     0.627867175763575  1.86152354133903e-12
-0.000609288057051582  0.000109919755686843    0.0209079411023787    0.0152904984401858    0.0995759954638143  1.74625119473989e-12 -5.40392879871982e-13  4.36775712329478e-13  8.30181911550934e-13    -0.998023624086318
    0.995233663626098  0.000111846947075824    -0.260471910144157    0.0296069498386566   0.00791506399045008  3.72422953244066e-14 -9.98113078244442e-15  7.34958984263382e-15  1.31816885088383e-14   -0.0148566030448671
   0.0193942596238655 -0.000468714277946436      1.02107644837558     -0.11980630536772   -0.0319310409470163 -1.61763103535568e-13  4.38011657605815e-14 -3.22297922473213e-14 -5.86116135894279e-14    0.0664758352794308
 1.08644490855142e-16  9.44882621976557e-17 -7.40339733150648e-15  2.58331586392809e-15 -5.01342687638934e-13     0.052584940274449    -0.617487645969883    -0.784535795965154    0.0237450735209997    5.265343280182e-14
 2.13527662400151e-16  2.13208951527741e-16 -2.42982945976963e-14 -2.26414758092412e-14  -1.8635941963179e-12     0.617487645969725    0.0525849402744161   -0.0237450735209882    -0.784535795965281  2.02186554443931e-13
-0.000186363450705435   0.00064010561827873   -0.0334190242105062   -0.0761092126001568    -0.985713868832361 -8.31099765344723e-13  9.94404616180648e-14  5.34333078958188e-13  1.63827592461968e-12    -0.166185306622294
RDM (no constraint): 
     1.99999991519736  6.33967116836982e-08 -9.32777032132912e-06   6.4165488671461e-06 -0.000119331340880733 -4.52069509636517e-16  8.13220516007996e-17  7.95959103454101e-17  5.46048634678978e-17  2.16073945480737e-05
 6.33967116836982e-08       1.9999980484157 -3.87786400361117e-06 -0.000128461036695808 -0.000117021094701023  -2.0248927953409e-16  2.16807129378935e-19   1.3353217248853e-16  2.04386615250832e-16 -0.000307952266851854
-9.32777032132912e-06 -3.87786400361117e-06      1.99793448821299  -0.00051741990985432    -0.034174573121453 -2.95088232496182e-14  2.00374785011738e-15  6.43583675011228e-15  1.66519730319004e-14   -0.0154363415942858
  6.4165488671461e-06 -0.000128461036695808  -0.00051741990985432      1.98841382171075   -0.0224742202631386  8.75811718137176e-14 -2.70770309536864e-14  4.11459032688772e-14  6.95903414271787e-14   -0.0705608038248948
-0.000119331340880733 -0.000117021094701023    -0.034174573121453   -0.0224742202631386      1.35971269860176  9.81961193152477e-13 -2.81514600432122e-13  1.95579745499418e-14 -2.13132223149604e-13    -0.472820524977308
-4.52069509636517e-16  -2.0248927953409e-16 -2.95088232496182e-14  8.75811718137176e-14  9.81961193152477e-13      1.12336957739931 -2.31468467058237e-14  -0.00432090333483428   -0.0373379680148384  2.02320009576513e-13
 8.13220516007996e-17  2.16807129378935e-19  2.00374785011738e-15 -2.70770309536864e-14 -2.81514600432122e-13 -2.31468467058237e-14      1.12336957739959    0.0373379680149024  -0.00432090333483557 -1.42981638799216e-13
 7.95959103454101e-17   1.3353217248853e-16  6.43583675011228e-15  4.11459032688772e-14  1.95579745499418e-14  -0.00432090333483428    0.0373379680149024     0.877036138119885  9.10846918153418e-15  2.99333995643221e-13
 5.46048634678978e-17  2.04386615250832e-16  1.66519730319004e-14  6.95903414271787e-14 -2.13132223149604e-13   -0.0373379680148384  -0.00432090333483557  9.10846918153418e-15     0.877036138120164  8.69470899013397e-13
 2.16073945480737e-05 -0.000307952266851854   -0.0154363415942858   -0.0705608038248948    -0.472820524977308  2.02320009576513e-13 -1.42981638799216e-13  2.99333995643221e-13  8.69470899013397e-13     0.653129596822462
RDM Eigenvectors: 
    0.996386291155146   -0.0839979927232013   -0.0125803101846878 -0.000590019533359085 -0.000288498743497727  8.63136527857578e-17 -2.98977742038735e-16  1.25143871673673e-16  -2.4659952653834e-17 -2.13927247621847e-05
   0.0838179060905902     0.996277654811379   -0.0142085678786549     0.014263851613349  9.05191389509914e-05  2.12266845582688e-16 -6.86386566877131e-16  3.39385393250029e-16  8.20198179596197e-17 -0.000209962863309619
  -0.0137058230303517   -0.0128070273447052    -0.997765654125923   -0.0187346626962638   -0.0585160077325352  3.06220447710043e-15 -9.90593912483349e-15  4.60810783632851e-14  1.38392594562614e-14   -0.0183499091285223
-0.000869397245723865   -0.0145073837353965   -0.0193970803090821     0.998207463594974    0.0290704228297683  6.26064803745712e-15  3.00655491420042e-15  2.98381190998128e-14  2.69767426362609e-15   -0.0463605800314585
 0.000558541679027655  0.000709971560847253    0.0604203556862904   0.00639212919787152    -0.892275886475499 -3.36881817474389e-13  1.31115904931877e-12  1.32856655955996e-12  3.62284317973232e-13    -0.447382887121309
 4.81631907884808e-16 -2.73629766210056e-16  9.89722972688637e-14  9.50085800597997e-14 -1.72995307102031e-12    0.0803062446541295    -0.985787905975852     0.147073407237323    0.0119383577137103  9.61871639740809e-13
-9.16063114049304e-17  9.93186265940974e-17 -1.98487382521894e-14 -2.34039097237464e-14  4.02496927102707e-13    -0.985787905975864   -0.0803062446541257    0.0119383577137345    -0.147073407237245 -3.82465901624935e-13
-2.41149157284952e-17 -3.61857906856166e-16 -8.75544109214577e-15  2.10174094757121e-14  1.94451020174642e-13    -0.147472231978659   0.00500522691845097    0.0338352790300735     0.988474613933855   6.3794567184403e-13
-3.12049807159609e-16 -7.01029194735573e-16 -3.74675952180616e-14  1.50968480547924e-14  8.94977603350769e-13   0.00500522691846589     0.147472231978741     0.988474613933843   -0.0338352790300715  1.54662564530468e-12
 3.37119468205065e-06  0.000428427521531905  -0.00875703919079611   -0.0546461996424843     0.446737549736607  5.80440495840922e-13 -1.42533762900458e-12  1.22143050820009e-12  5.41504678036183e-13    -0.892951558161512
Total C: 
  -0.0830902267820003     0.988091833193459     0.012073242279297    -0.271100537793598   -0.0301540309352906 -7.34496526284392e-14 -9.83423553696705e-15 -4.30925591690508e-14  1.11408477981508e-14    0.0289291231316529
  -0.0037071591417254    0.0330057205733382   -0.0963686055031838      1.01123461750363     0.124669836324643  2.92316851032007e-13  4.26679356233385e-14  1.72801007380419e-13 -4.87686477879921e-14    -0.113359750365776
 1.37802921343188e-16  7.02796767836494e-16  6.99952303148491e-15 -1.30640375883531e-14 -6.03171410072652e-13     0.861755658619171   0.00746598406033413   -0.0111584790161171     0.507260628082041  1.20410089695787e-12
-9.06217573564462e-17  1.77222024647476e-16 -6.90374981439296e-14 -5.72705027473663e-14 -8.32479240803363e-13    0.0074659840603087    -0.861755658619234     0.507260628081935    0.0111584790161591 -9.04336271591698e-13
-0.000895746488272293  0.000198032278887326  -0.00865389172264116    0.0640201421072714     0.359010172541584 -3.81613965011153e-13 -1.37390343296142e-12 -4.20200918005531e-14 -1.12230335838782e-12     0.934652472184556
    0.994885167096597     0.087656910124817     0.245502780063467    0.0346582518413504    -0.015408425894577 -3.64017539369579e-14 -2.45084961791156e-14  2.67643170467875e-15 -4.64868055123947e-16    0.0174686416092934
  0.00659656505831828   -0.0150751645449569     -1.01616163965737    -0.143417618716011    0.0596896312956147  1.47256428394104e-13  1.08440190360613e-13 -1.02111384681501e-14  9.93856859091898e-15   -0.0760192783080075
  4.2582668106031e-16  3.59531073532273e-16   6.1603253447087e-15 -3.91667741191888e-14 -1.43769590962621e-12     0.497833877134804    -0.015107822030151   -0.0139190694822175    -0.867096221034018  -3.0580894594529e-13
 1.10115612306137e-15  6.40318066351368e-17  1.19420891761463e-13 -8.44827681489207e-14  1.11592772433682e-12   -0.0151078220301111    -0.497833877134696     -0.86709622103408    0.0139190694822397 -1.18199937951648e-12
 0.000513802407349421 -4.30049388440561e-05    0.0954941170377822   -0.0962843485517238     0.951371839512865  1.46822575545285e-12   2.4599271368139e-13  1.46153781859481e-12 -6.55867537532703e-13    -0.287507965469928
Basis set used: STO-3G
Naturals: 
 1.99999997641994   1.9999997476964  1.99985824087626  1.99214058126857   1.5949316904419  1.12897721424407  1.12897721424378 0.871428501275695 0.871428501275409 0.412258332257967
Version: Tmhuysen's fci hack
