TOTAL ENERGY: -126.57591316414	 lambda: -1	 population of target: 5.38744394042909
1RDM: 
     1.99999920239934  5.45953641369143e-06 -2.01282121295486e-05  0.000194330880297513 -2.88418475045655e-05 -2.04937704391279e-13  1.10874821563465e-13  3.17213179681947e-13  3.02666774586222e-13  1.04587103615734e-05
 5.45953641369143e-06      1.99995655448986  8.36536107391011e-05  -0.00151487315682646  -0.00031746530808025  -3.6885256028948e-14  4.92899948829733e-13 -1.01938192687616e-13 -1.07767094374254e-12 -0.000164552503833553
-2.01282121295486e-05  8.36536107391011e-05        1.997334371587   0.00272163978218142   -0.0164366575865829  4.46541366696265e-12  6.15074711773576e-11  5.19513901882887e-11  5.56619472024284e-11    0.0393410855684536
 0.000194330880297513  -0.00151487315682646   0.00272163978218142      1.94443856628692   -0.0113283221260374  2.48948826316196e-12  3.98801216803477e-11  6.79603241827712e-11  -5.1453068480849e-11    0.0392093586077723
-2.88418475045655e-05  -0.00031746530808025   -0.0164366575865829   -0.0113283221260374      1.86001982598599 -2.16786854612253e-10  6.98745690248031e-11  4.89329065697807e-10  7.03249014695602e-10     0.238137058438579
-2.04937704391279e-13  -3.6885256028948e-14  4.46541366696265e-12  2.48948826316196e-12 -2.16786854612253e-10      1.10753952766995 -6.50546097227664e-12 -0.000573441221078926     0.617853217141239 -7.16688417800088e-10
 1.10874821563465e-13  4.92899948829733e-13  6.15074711773576e-11  3.98801216803477e-11  6.98745690248031e-11 -6.50546097227664e-12      1.10753952767144    -0.617853217139091 -0.000573441218997419 -3.16748198797405e-10
 3.17213179681947e-13 -1.01938192687616e-13  5.19513901882887e-11  6.79603241827712e-11  4.89329065697807e-10 -0.000573441221078926    -0.617853217139091     0.912256507418011 -6.50671107282827e-12  1.40017899438127e-11
 3.02666774586222e-13 -1.07767094374254e-12  5.56619472024284e-11  -5.1453068480849e-11  7.03249014695602e-10     0.617853217141239 -0.000573441218997419 -6.50671107282827e-12     0.912256507419572  -1.2397820103484e-10
 1.04587103615734e-05 -0.000164552503833553    0.0393410855684536    0.0392093586077723     0.238137058438579 -7.16688417800088e-10 -3.16748198797405e-10  1.40017899438127e-11  -1.2397820103484e-10        0.158659409072
TOTAL ENERGY: -126.800532307265	 lambda: -0.9	 population of target: 5.62397488995754
1RDM: 
      1.9999992392097   4.6607247135887e-06 -2.66513103922043e-05  0.000173270775620358 -0.000121187473106673 -2.16357709377111e-13  1.73795140223708e-13  2.20502834747098e-13  1.85604073129463e-13 -3.83155997975788e-05
  4.6607247135887e-06      1.99996316873618   6.4276857323776e-05  -0.00130786019494023 -0.000241737664100738  6.05274519758897e-13  7.18636230943351e-13  4.41992431754559e-13 -1.18822377941391e-12  0.000339911817860455
-2.66513103922043e-05   6.4276857323776e-05      1.99651643412214   0.00271757416322479   -0.0242185517495179  -1.7385266092966e-11  5.56011049559234e-11  3.46082185119975e-11  6.04031044952791e-11    0.0254505603687426
 0.000173270775620358  -0.00130786019494023   0.00271757416322479      1.94994129073775  -0.00209952183343589   3.6402912773235e-11  4.43928816287158e-11  1.03333363434489e-10 -4.49863845259371e-11    0.0695080239686414
-0.000121187473106673 -0.000241737664100738   -0.0242185517495179  -0.00209952183343589      1.79426156468578  -3.0655331168319e-10  4.81053504249018e-11   3.9145561908762e-10  6.90831747057481e-10    0.0977591944926541
-2.16357709377111e-13  6.05274519758897e-13  -1.7385266092966e-11   3.6402912773235e-11  -3.0655331168319e-10      1.12914691774484 -4.66712657248066e-12 -0.000537623081885778     0.587567978491002 -6.99832262936607e-10
 1.73795140223708e-13  7.18636230943351e-13  5.56011049559234e-11  4.43928816287158e-11  4.81053504249018e-11 -4.66712657248066e-12      1.12914691774482    -0.587567978491095 -0.000537623085058389   -1.886284574239e-10
 2.20502834747098e-13  4.41992431754559e-13  3.46082185119975e-11  1.03333363434489e-10   3.9145561908762e-10 -0.000537623081885778    -0.587567978491095     0.889010483410029 -4.53783733169585e-12 -6.34078081547948e-11
 1.85604073129463e-13 -1.18822377941391e-12  6.04031044952791e-11 -4.49863845259371e-11  6.90831747057481e-10     0.587567978491002 -0.000537623085058389 -4.53783733169585e-12     0.889010483409991 -2.63980909681252e-10
-3.83155997975788e-05  0.000339911817860455    0.0254505603687426    0.0695080239686414    0.0977591944926541 -6.99832262936607e-10   -1.886284574239e-10 -6.34078081547948e-11 -2.63980909681252e-10     0.223003500198872
TOTAL ENERGY: -126.960557057329	 lambda: -0.8	 population of target: 5.81135403344288
1RDM: 
     1.99999925761516  4.14749342344738e-06 -3.44641009245174e-05  0.000160858595224101 -0.000214861936689825 -2.04523835383337e-13  2.31807110935637e-13  1.74659154218541e-13  1.24566065034867e-13 -7.38238933072665e-06
 4.14749342344738e-06      1.99996820175542  6.93282133269759e-05  -0.00116468369942105 -4.10352045596712e-05   7.9644630372163e-13  7.81594980349411e-13  7.95136838832968e-13 -1.26190201981184e-12  0.000648518205480559
-3.44641009245174e-05  6.93282133269759e-05      1.99530634069854   0.00358319100055302    -0.036447441036949 -1.28661655046734e-11   6.1575334310044e-11  2.15427695520855e-11    4.860272754252e-11    0.0221289967746676
 0.000160858595224101  -0.00116468369942105   0.00358319100055302      1.95308250241554    0.0118232610151767  4.45658170135573e-11  4.10543046876199e-11  1.25005281862825e-10 -5.12939053909041e-11    0.0849193478854143
-0.000214861936689825 -4.10352045596712e-05    -0.036447441036949    0.0118232610151767       1.6737494646212 -3.32825524556675e-10  6.06340963278904e-11  2.96865110947883e-10  6.12750744902326e-10    0.0642474561469211
-2.04523835383337e-13   7.9644630372163e-13 -1.28661655046734e-11  4.45658170135573e-11 -3.32825524556675e-10      1.12533765652975 -5.57800513586256e-12 -0.000482096938237041     0.529687220902207  -6.0514386533006e-10
 2.31807110935637e-13  7.81594980349411e-13   6.1575334310044e-11  4.10543046876199e-11  6.06340963278904e-11 -5.57800513586256e-12      1.12533765652911    -0.529687220903693 -0.000482096935772771 -1.41176843436884e-10
 1.74659154218541e-13  7.95136838832968e-13  2.15427695520855e-11  1.25005281862825e-10  2.96865110947883e-10 -0.000482096938237041    -0.529687220903693     0.890749389748139 -5.57746463349565e-12 -2.06476953484513e-11
 1.24566065034867e-13 -1.26190201981184e-12    4.860272754252e-11 -5.12939053909041e-11  6.12750744902326e-10     0.529687220902207 -0.000482096935772771 -5.57746463349565e-12     0.890749389747422 -2.86058857227659e-10
-7.38238933072665e-06  0.000648518205480559    0.0221289967746676    0.0849193478854143    0.0642474561469211  -6.0514386533006e-10 -1.41176843436884e-10 -2.06476953484513e-11 -2.86058857227659e-10     0.345720140339829
TOTAL ENERGY: -127.040141792812	 lambda: -0.7	 population of target: 5.91674274196607
1RDM: 
     1.99999928154626  3.87880005624167e-06  -3.7573069747979e-05  0.000152976144411917 -0.000255657867917911 -1.19093932918231e-13  2.41054921318049e-13  2.12858709508222e-13  6.68273870845935e-14  4.53559881571726e-05
 3.87880005624167e-06      1.99997102933054  7.72926832098938e-05   -0.0010845909433612  8.59386790941758e-05  7.70520991656893e-13  7.80687774622492e-13  6.61254009435525e-13 -1.29626096120822e-12  0.000701304661241861
 -3.7573069747979e-05  7.72926832098938e-05      1.99468753806349     0.004064133564705   -0.0435778521783886 -4.16402994457285e-12  6.63102923733088e-11  1.87355584072377e-11  4.29767684529499e-11    0.0261899738093606
 0.000152976144411917   -0.0010845909433612     0.004064133564705      1.95496732565667     0.017678048936637  3.62195802708056e-11  5.14837171226968e-11  1.29678497255028e-10 -5.32069079266311e-11    0.0862676748246385
-0.000255657867917911  8.59386790941758e-05   -0.0435778521783886     0.017678048936637      1.59607161040871 -2.03413111522392e-10  9.46594162465806e-11  3.14370436945852e-10    5.161577284504e-10     0.131117737067421
-1.19093932918231e-13  7.70520991656893e-13 -4.16402994457285e-12  3.62195802708056e-11 -2.03413111522392e-10      1.12589050906737 -4.78916906740546e-12  -0.00041147375922082     0.457618366678903 -5.40275071776402e-10
 2.41054921318049e-13  7.80687774622492e-13  6.63102923733088e-11  5.14837171226968e-11  9.46594162465806e-11 -4.78916906740546e-12      1.12589050906709    -0.457618366679881 -0.000411473756418657 -1.81585936764221e-10
 2.12858709508222e-13  6.61254009435525e-13  1.87355584072377e-11  1.29678497255028e-10  3.14370436945852e-10  -0.00041147375922082    -0.457618366679881     0.887644774740264 -4.79079268296482e-12  5.17162434881132e-11
 6.68273870845935e-14 -1.29626096120822e-12  4.29767684529499e-11 -5.32069079266311e-11    5.161577284504e-10     0.457618366678903 -0.000411473756418657 -4.79079268296482e-12     0.887644774739936 -1.81006899170095e-10
 4.53559881571726e-05  0.000701304661241861    0.0261899738093606    0.0862676748246385     0.131117737067421 -5.40275071776402e-10 -1.81585936764221e-10  5.17162434881132e-11 -1.81006899170095e-10     0.427232647379721
TOTAL ENERGY: -127.079095401787	 lambda: -0.6	 population of target: 5.9762996970655
1RDM: 
     1.99999932426901  3.68985286462424e-06 -3.57149944503059e-05  0.000144895723365381  -0.00024607644630712 -6.68595170466579e-14  2.57233002790115e-13  2.56800730899582e-13  6.20782396250954e-14  8.17713454824077e-05
 3.68985286462424e-06      1.99997277062297  7.72788188258814e-05  -0.00102590388807299  9.16950795453471e-05  6.16507337950897e-13  6.39267556525733e-13   7.4725546001444e-13 -1.13579365840062e-12  0.000614835521452004
-3.57149944503059e-05  7.72788188258814e-05      1.99478652015734   0.00381597238274488   -0.0440268207248203  9.23812067130552e-12  6.79584711494838e-11  2.09998379041543e-11  4.45694253136381e-11    0.0319043565973963
 0.000144895723365381  -0.00102590388807299   0.00381597238274488      1.95703674455278    0.0138098890194555  3.85283631519546e-11  3.51853418587065e-11  1.31213929927469e-10 -6.35432649577556e-11    0.0818711546909154
 -0.00024607644630712  9.16950795453471e-05   -0.0440268207248203    0.0138098890194555      1.58004620511861 -1.54715573263278e-11  1.34363361888203e-10  4.78071833124161e-10  5.10478525987399e-10     0.242037803368535
-6.68595170466579e-14  6.16507337950897e-13  9.23812067130552e-12  3.85283631519546e-11 -1.54715573263278e-11       1.1361270762004 -3.98429839545317e-12 -0.000331187589210875     0.378513316084577 -5.21198214381023e-10
 2.57233002790115e-13  6.39267556525733e-13  6.79584711494838e-11  3.51853418587065e-11  1.34363361888203e-10 -3.98429839545317e-12       1.1361270762001    -0.378513316086216 -0.000331187586344233 -3.25610445469845e-10
 2.56800730899582e-13   7.4725546001444e-13  2.09998379041543e-11  1.31213929927469e-10  4.78071833124161e-10 -0.000331187589210875    -0.378513316086216     0.874485214941408 -3.98394568167111e-12  1.27631896460592e-10
 6.20782396250954e-14 -1.13579365840062e-12  4.45694253136381e-11 -6.35432649577556e-11  5.10478525987399e-10     0.378513316084577 -0.000331187586344233 -3.98394568167111e-12     0.874485214941036 -1.14101646298912e-11
 8.17713454824077e-05  0.000614835521452004    0.0319043565973963    0.0818711546909154     0.242037803368535 -5.21198214381023e-10 -3.25610445469845e-10  1.27631896460592e-10 -1.14101646298912e-11     0.446933852996447
TOTAL ENERGY: -127.102006987877	 lambda: -0.5	 population of target: 6.01783010910536
1RDM: 
     1.99999938416185  3.50769979758476e-06 -3.03064275454323e-05  0.000136339284084056 -0.000200431633679548 -3.87922031017757e-14  1.97232263381157e-13   2.9916796687155e-13  1.18054214872129e-13  7.41557691258685e-05
 3.50769979758476e-06      1.99997407407912  6.99870301975947e-05 -0.000972581315315421  2.82412226188728e-05  3.77781132148737e-13   5.8948189884057e-13  6.11010998544313e-13 -1.31507594017075e-12  0.000490233227057623
-3.03064275454323e-05  6.99870301975947e-05      1.99540120669531   0.00315181858688045   -0.0395150332489729  1.89207037909432e-11  6.46362042328699e-11  2.62032046678581e-11  5.05438199939154e-11    0.0342693760924638
 0.000136339284084056 -0.000972581315315421   0.00315181858688045      1.95935018085182   0.00492845849282895  2.29885228434109e-11  3.16835871410222e-11  1.23669288214634e-10 -7.86128364009159e-11    0.0780359796946791
-0.000200431633679548  2.82412226188728e-05   -0.0395150332489729   0.00492845849282895      1.60641079828985  1.58101988004385e-10  1.32813759777399e-10  6.42197526966815e-10  5.16209095388634e-10     0.343400999864679
-3.87922031017757e-14  3.77781132148737e-13  1.89207037909432e-11  2.29885228434109e-11  1.58101988004385e-10      1.14872928245005 -1.20410779852421e-11 -0.000256058888950324     0.305359793838334 -5.79234252584013e-10
 1.97232263381157e-13   5.8948189884057e-13  6.46362042328699e-11  3.16835871410222e-11  1.32813759777399e-10 -1.20410779852421e-11      1.14872928245016    -0.305359793837744 -0.000256058885161191 -4.85926879963772e-10
  2.9916796687155e-13  6.11010998544313e-13  2.62032046678581e-11  1.23669288214634e-10  6.42197526966815e-10 -0.000256058888950324    -0.305359793837744     0.859141830895525 -1.20065130032468e-11  1.73937564302584e-10
 1.18054214872129e-13 -1.31507594017075e-12  5.05438199939154e-11 -7.86128364009159e-11  5.16209095388634e-10     0.305359793838334 -0.000256058885161191 -1.20065130032468e-11     0.859141830895615   1.7023883632344e-10
 7.41557691258685e-05  0.000490233227057623    0.0342693760924638    0.0780359796946791     0.343400999864679 -5.79234252584013e-10 -4.85926879963772e-10  1.73937564302584e-10   1.7023883632344e-10     0.423122129230774
TOTAL ENERGY: -127.120542563034	 lambda: -0.4	 population of target: 6.05917201218031
1RDM: 
     1.99999944806615  3.29301767004267e-06 -2.35238711005929e-05  0.000128125185742598 -0.000133663427319593 -7.58937697884259e-14  1.09208475160403e-13   3.2370695213411e-13  2.11485083049753e-13  4.08794909161841e-06
 3.29301767004267e-06      1.99997527605139  5.70609155064069e-05 -0.000918855612315787 -5.88162587858042e-05   1.9353386875872e-13  6.23815536264702e-13  4.83846932636762e-13 -1.45626661647357e-12  0.000391364996490728
-2.35238711005929e-05  5.70609155064069e-05      1.99623550461763   0.00241878528635175   -0.0320633339888228  1.97576469749033e-11  5.26947059457333e-11  2.84955936865372e-11  6.18228616927809e-11    0.0300924652094418
 0.000128125185742598 -0.000918855612315787   0.00241878528635175      1.96164421780055  -0.00472303261476078   1.7681439750795e-11   3.2138398781109e-11  1.13472930945828e-10 -9.49703943960513e-11      0.07869324914912
-0.000133663427319593 -5.88162587858042e-05   -0.0320633339888228  -0.00472303261476078      1.65729963813458  2.79841716991407e-10  1.20506715011035e-10  7.89435637644986e-10  5.62776788132037e-10     0.402079958134483
-7.58937697884259e-14   1.9353386875872e-13  1.97576469749033e-11   1.7681439750795e-11  2.79841716991407e-10      1.16152324654273 -3.94696305348874e-12 -0.000196893837487229     0.248589866488914 -6.52729170495479e-10
 1.09208475160403e-13  6.23815536264702e-13  5.26947059457333e-11   3.2138398781109e-11  1.20506715011035e-10 -3.94696305348874e-12      1.16152324654274     -0.24858986648878 -0.000196893835281827 -6.09646128665957e-10
  3.2370695213411e-13  4.83846932636762e-13  2.84955936865372e-11  1.13472930945828e-10  7.89435637644986e-10 -0.000196893837487229     -0.24858986648878     0.844174390778051  -3.9456474309675e-12  1.78857104277752e-10
 2.11485083049753e-13 -1.45626661647357e-12  6.18228616927809e-11 -9.49703943960513e-11  5.62776788132037e-10     0.248589866488914 -0.000196893835281827  -3.9456474309675e-12     0.844174390778056  3.08828895348288e-10
 4.08794909161841e-06  0.000391364996490728    0.0300924652094418      0.07869324914912     0.402079958134483 -6.52729170495479e-10 -6.09646128665957e-10  1.78857104277752e-10  3.08828895348288e-10     0.373450640688272
TOTAL ENERGY: -127.141488760656	 lambda: -0.3	 population of target: 6.11978664488093
1RDM: 
     1.99999949320178  2.98492756660978e-06 -1.86346072895792e-05  0.000120077581199791 -6.27906411417132e-05  -2.6374282299944e-13 -1.27175178691215e-13  2.53575156774692e-13  3.69178963496776e-13 -0.000139050904508528
 2.98492756660978e-06       1.9999767983894  3.70999999381843e-05  -0.00085314397317349 -0.000164510806629805   3.2563798637698e-14  5.81059426659515e-13  2.89649318971201e-13 -1.52889530629321e-12  0.000366048678858549
-1.86346072895792e-05  3.70999999381843e-05      1.99689701571162   0.00180060604037575   -0.0235818011898787  2.04600897989115e-11   4.6258201680771e-11  3.00197212844867e-11  7.36271096536529e-11    0.0176780028785708
 0.000120077581199791  -0.00085314397317349   0.00180060604037575      1.96401526000408   -0.0134758411840269  2.70485185139367e-11  4.87422362369418e-11  1.25163332268881e-10 -1.19403503410454e-10    0.0867565801765477
-6.27906411417132e-05 -0.000164510806629805   -0.0235818011898787   -0.0134758411840269       1.7245662086097   3.2123962677245e-10  5.45409173528649e-12  8.76464593431269e-10  6.55417349319769e-10     0.403198544668626
 -2.6374282299944e-13   3.2563798637698e-14  2.04600897989115e-11  2.70485185139367e-11   3.2123962677245e-10       1.1761691390152  5.66653302288751e-11 -0.000153147004355681     0.208127155650592 -7.55223095270081e-10
-1.27175178691215e-13  5.81059426659515e-13   4.6258201680771e-11  4.87422362369418e-11  5.45409173528649e-12  5.66653302288751e-11      1.17616913901513    -0.208127155651187 -0.000153146942043581 -7.20700259152937e-10
 2.53575156774692e-13  2.89649318971201e-13  3.00197212844867e-11  1.25163332268881e-10  8.76464593431269e-10 -0.000153147004355681    -0.208127155651187     0.827885202489289  5.67261610785855e-11  1.07321168817255e-10
 3.69178963496776e-13 -1.52889530629321e-12  7.36271096536529e-11 -1.19403503410454e-10  6.55417349319769e-10     0.208127155650592 -0.000153146942043581  5.67261610785855e-11     0.827885202489461  3.73676527976196e-10
-0.000139050904508528  0.000366048678858549    0.0176780028785708    0.0867565801765477     0.403198544668626 -7.55223095270081e-10 -7.20700259152937e-10  1.07321168817255e-10  3.73676527976196e-10     0.306436541074478
TOTAL ENERGY: -127.169290273642	 lambda: -0.2	 population of target: 6.23356828663849
1RDM: 
     1.99999947729858  2.48580625228403e-06 -2.20246970855314e-05  0.000111601284753621 -2.57773579365718e-05 -4.35180725744743e-13 -2.80305710369984e-13  1.42804384282121e-13  4.82824037161797e-13 -0.000360865453062964
 2.48580625228403e-06      1.99997942134958  7.51925801258394e-06 -0.000752689910196665 -0.000305962943333071  1.43708772102761e-13  7.68251582859943e-13  3.77661618655288e-13 -1.79106864739603e-12  0.000496993782131691
-2.20246970855314e-05  7.51925801258394e-06      1.99662156539314   0.00153150845206035   -0.0180933376887044  -3.7243386757678e-12  2.09234056031251e-11  1.81791829900363e-11  9.26435765161515e-11   -0.0043312706884464
 0.000111601284753621 -0.000752689910196665   0.00153150845206035      1.96684157532744   -0.0199946343936328  4.31068120204083e-11  6.15154647813803e-11   1.3726275621554e-10 -1.32707859483948e-10     0.106454324356304
-2.57773579365718e-05 -0.000305962943333071   -0.0180933376887044   -0.0199946343936328      1.79462078138927   2.8401125913275e-10 -1.24457620936776e-10  9.30161775606178e-10  7.83894447839036e-10     0.328791895959925
-4.35180725744743e-13  1.43708772102761e-13  -3.7243386757678e-12  4.31068120204083e-11   2.8401125913275e-10      1.19064554079403 -1.05439612229685e-10 -0.000118401066786126     0.176821753379277 -8.82471330615352e-10
-2.80305710369984e-13  7.68251582859943e-13  2.09234056031251e-11  6.15154647813803e-11 -1.24457620936776e-10 -1.05439612229685e-10      1.19064554079435    -0.176821753379278 -0.000118401172112756 -7.28696469558529e-10
 1.42804384282121e-13  3.77661618655288e-13  1.81791829900363e-11   1.3726275621554e-10  9.30161775606178e-10 -0.000118401066786126    -0.176821753379278     0.812084716400582 -1.05559756960489e-10 -5.37883775447463e-11
 4.82824037161797e-13 -1.79106864739603e-12  9.26435765161515e-11 -1.32707859483948e-10  7.83894447839036e-10     0.176821753379277 -0.000118401172112756 -1.05559756960489e-10     0.812084716400429  3.41605573927856e-10
-0.000360865453062964  0.000496993782131691   -0.0043312706884464     0.106454324356304     0.328791895959925 -8.82471330615352e-10 -7.28696469558529e-10 -5.37883775447463e-11  3.41605573927856e-10     0.236476664852627
TOTAL ENERGY: -127.199870562507	 lambda: -0.1	 population of target: 6.44302268565332
1RDM: 
     1.99999934319364  1.76063010102238e-06 -4.37171312199264e-05  0.000104220512229452 -0.000109331118163908 -6.87832247248861e-13 -3.67350898522725e-13 -1.04836126279204e-13  4.89686862746726e-13 -0.000613601219321613
 1.76063010102238e-06      1.99998410502978 -2.40266783724575e-05 -0.000597553570045542 -0.000451947686238169  4.90870936715487e-13  1.14502285382415e-12  5.74943456132483e-13 -2.14601176401773e-12  0.000900619331354132
-4.37171312199264e-05 -2.40266783724575e-05      1.99408996335713   0.00225490104334201   -0.0258127685678686 -3.33894928303426e-11   6.1117998693981e-12 -1.11264399958039e-11  9.73074055925237e-11   -0.0324095294370571
 0.000104220512229452 -0.000597553570045542   0.00225490104334201      1.97010886092334   -0.0191437160338227  7.39147454543657e-11  7.83346670572677e-11  1.62661468262207e-10 -1.46980699993373e-10     0.139932372933252
-0.000109331118163908 -0.000451947686238169   -0.0258127685678686   -0.0191437160338227      1.80673462622566   1.6446913784255e-10  -2.4571251565918e-10  8.51859244816483e-10  8.52828608211355e-10     0.167930212321796
-6.87832247248861e-13  4.90870936715487e-13 -3.33894928303426e-11  7.39147454543657e-11   1.6446913784255e-10      1.18938957236671 -1.50936098535145e-12 -8.53727066847671e-05       0.1426730147919 -9.32679691184688e-10
-3.67350898522725e-13  1.14502285382415e-12   6.1117998693981e-12  7.83346670572677e-11  -2.4571251565918e-10 -1.50936098535145e-12      1.18938957236685    -0.142673014792088 -8.53727027273491e-05 -6.32899371519064e-10
-1.04836126279204e-13  5.74943456132483e-13 -1.11264399958039e-11  1.62661468262207e-10  8.51859244816483e-10 -8.53727066847671e-05    -0.142673014792088     0.812202016882471 -1.50949574557931e-12 -2.07968089819286e-10
 4.89686862746726e-13 -2.14601176401773e-12  9.73074055925237e-11 -1.46980699993373e-10  8.52828608211355e-10       0.1426730147919 -8.53727027273491e-05 -1.50949574557931e-12     0.812202016882609  2.22298926014405e-10
-0.000613601219321613  0.000900619331354132   -0.0324095294370571     0.139932372933252     0.167930212321796 -9.32679691184688e-10 -6.32899371519064e-10 -2.07968089819286e-10  2.22298926014405e-10     0.225899922771855
TOTAL ENERGY: -127.21257880408	 lambda: 0	 population of target: 6.68979113164943
1RDM: 
     1.99999913783379   1.1468028577327e-06 -7.83839587415099e-05  0.000103490347508882 -0.000331356560290415 -8.49985953044355e-13 -3.13164105624705e-13 -4.08215044932377e-13  3.12129329507559e-13 -0.000747946901733988
  1.1468028577327e-06      1.99998951342132 -3.04534078717678e-05  -0.00044368034816844 -0.000457623204699345   9.6215615803015e-13  1.46898315233629e-12  9.64285023205023e-13 -2.36592495308813e-12   0.00143418668164558
-7.83839587415099e-05 -3.04534078717678e-05       1.9897337245561   0.00431661246378866   -0.0509020657756344 -5.37389973664485e-11  1.38366338446769e-11 -4.62721473625699e-11  7.83106013102797e-11   -0.0503421438900188
 0.000103490347508882  -0.00044368034816844   0.00431661246378866      1.97217472278901  -0.00599163387281433  1.02263388994242e-10  8.41641121253815e-11  1.97886403842632e-10 -1.47703272737199e-10      0.17117893692947
-0.000331356560290415 -0.000457623204699345   -0.0509020657756344  -0.00599163387281433      1.69092498112266  1.94413134972708e-11 -3.25400754313782e-10   6.2966825338527e-10  7.75515160128541e-10   0.00466317473257338
-8.49985953044355e-13   9.6215615803015e-13 -5.37389973664485e-11  1.02263388994242e-10  1.94413134972708e-11       1.1574481000751 -1.07467033611543e-12 -5.49761801137351e-05     0.102244613087665 -8.22663996027169e-10
-3.13164105624705e-13  1.46898315233629e-12  1.38366338446769e-11  8.41641121253815e-11 -3.25400754313782e-10 -1.07467033611543e-12      1.15744810007493    -0.102244613087499 -5.49761768006843e-05 -4.48621143730811e-10
-4.08215044932377e-13  9.64285023205023e-13 -4.62721473625699e-11  1.97886403842632e-10   6.2966825338527e-10 -5.49761801137351e-05    -0.102244613087499     0.843339872429419 -1.07441675943022e-12 -3.02754711548921e-10
 3.12129329507559e-13 -2.36592495308813e-12  7.83106013102797e-11 -1.47703272737199e-10  7.75515160128541e-10     0.102244613087665 -5.49761768006843e-05 -1.07441675943022e-12     0.843339872429247  6.96251522601515e-11
-0.000747946901733988   0.00143418668164558   -0.0503421438900188      0.17117893692947   0.00466317473257338 -8.22663996027169e-10 -4.48621143730811e-10 -3.02754711548921e-10  6.96251522601515e-11     0.345601975268494
TOTAL ENERGY: -127.205649356031	 lambda: 0.1	 population of target: 6.8461780742233
1RDM: 
     1.99999899560679  9.30593457832857e-07 -0.000103113876733301  0.000109793228223189 -0.000526910719101319 -9.27067672900385e-13 -1.59316047650966e-13  -5.6902883610899e-13  1.44513346753952e-13 -0.000752339876682245
 9.30593457832857e-07      1.99999284267942 -1.22319832585101e-05 -0.000365449486429074 -0.000328168860530214  1.23180601860729e-12  1.59200036254112e-12  1.33307140547469e-12 -2.32068276396419e-12   0.00176503416739437
-0.000103113876733301 -1.22319832585101e-05      1.98646804185952    0.0065373183924587   -0.0746605886715519 -5.40298153752375e-11  2.67178815801784e-11   -7.135780529496e-11  5.07488838051585e-11   -0.0534687981809156
 0.000109793228223189 -0.000365449486429074    0.0065373183924587      1.97217655407519    0.0104200201050472  1.15329409220708e-10   7.5969054834234e-11  2.20418598102511e-10 -1.38896130494629e-10       0.1852173934862
-0.000526910719101319 -0.000328168860530214   -0.0746605886715519    0.0104200201050472      1.53982119347136 -7.87156450521439e-11 -2.99153878475324e-10  4.49880638162428e-10  6.49007699908161e-10   -0.0713803373258431
-9.27067672900385e-13  1.23180601860729e-12 -5.40298153752375e-11  1.15329409220708e-10 -7.87156450521439e-11      1.12012491575671 -7.54727130798101e-13 -3.55417574107504e-05     0.071454303281304 -6.65412479651348e-10
-1.59316047650966e-13  1.59200036254112e-12  2.67178815801784e-11   7.5969054834234e-11 -2.99153878475324e-10 -7.54727130798101e-13      1.12012491575644   -0.0714543032811118 -3.55417548937674e-05 -2.84437710326536e-10
 -5.6902883610899e-13  1.33307140547469e-12   -7.135780529496e-11  2.20418598102511e-10  4.49880638162428e-10 -3.55417574107504e-05   -0.0714543032811118     0.880286987708327 -7.54329820204613e-13  -2.9221532947124e-10
 1.44513346753952e-13 -2.32068276396419e-12  5.07488838051585e-11 -1.38896130494629e-10  6.49007699908161e-10     0.071454303281304 -3.55417548937674e-05 -7.54329820204613e-13     0.880286987708054  -1.2997317233105e-11
-0.000752339876682245   0.00176503416739437   -0.0534687981809156       0.1852173934862   -0.0713803373258431 -6.65412479651348e-10 -2.84437710326536e-10  -2.9221532947124e-10  -1.2997317233105e-11     0.500718565378207
TOTAL ENERGY: -127.194890929049	 lambda: 0.2	 population of target: 6.92098128512409
1RDM: 
     1.99999892058676  9.38314435424615e-07 -0.000115405091628422  0.000118659335528829 -0.000637186207959211 -9.61868810636938e-13  2.40765273745902e-15 -5.95681636928059e-13  5.38904543589074e-14 -0.000732186069437933
 9.38314435424615e-07      1.99999436988595  9.73121661077647e-06 -0.000338875472455545 -0.000186154350280421  1.34823992867493e-12  1.61064950830102e-12  1.59770735011714e-12 -2.20018682773826e-12   0.00190671230668879
-0.000115405091628422  9.73121661077647e-06      1.98479019875425    0.0082649504676537   -0.0886843921670891 -5.00561235967597e-11  3.07733335975559e-11 -8.85890108380041e-11  3.16157163677302e-11    -0.052266754917372
 0.000118659335528829 -0.000338875472455545    0.0082649504676537      1.97127972273546    0.0230124829063122  1.18854300606904e-10   6.6188034045395e-11  2.32940941890756e-10 -1.28132179785321e-10     0.189701610162318
-0.000637186207959211 -0.000186154350280421   -0.0886843921670891    0.0230124829063122      1.43513082782579 -1.16569924586242e-10 -2.37572294904983e-10  3.68055436239148e-10  5.50220459659542e-10   -0.0942073515708205
-9.61868810636938e-13  1.34823992867493e-12 -5.00561235967597e-11  1.18854300606904e-10 -1.16569924586242e-10      1.09558068018058 -5.65258186232734e-13 -2.55129456134309e-05    0.0540196804844043 -5.49519795828755e-10
 2.40765273745902e-15  1.61064950830102e-12  3.07733335975559e-11   6.6188034045395e-11 -2.37572294904983e-10 -5.65258186232734e-13      1.09558068018066    -0.054019680484442 -2.55129435997714e-05 -1.75105952945492e-10
-5.95681636928059e-13  1.59770735011714e-12 -8.85890108380041e-11  2.32940941890756e-10  3.68055436239148e-10 -2.55129456134309e-05    -0.054019680484442     0.904683975133573 -5.65309734893783e-13 -2.54627484657205e-10
 5.38904543589074e-14 -2.20018682773826e-12  3.16157163677302e-11 -1.28132179785321e-10  5.50220459659542e-10    0.0540196804844043 -2.55129435997714e-05 -5.65309734893783e-13     0.904683975133653 -4.76082850866353e-11
-0.000732186069437933   0.00190671230668879    -0.052266754917372     0.189701610162318   -0.0942073515708205 -5.49519795828755e-10 -1.75105952945492e-10 -2.54627484657205e-10 -4.76082850866353e-11     0.608276649583272
TOTAL ENERGY: -127.185751886289	 lambda: 0.3	 population of target: 6.95830656990338
1RDM: 
     1.99999887535685  1.02144387473952e-06 -0.000121262402618981  0.000128192263354616 -0.000693251835178809 -8.60905026801344e-13 -8.34523914062583e-14 -7.39516056885669e-13 -8.74113403857702e-14 -0.000726178670923591
 1.02144387473952e-06      1.99999509160423  2.89399681110983e-05 -0.000331550250177872 -6.70040102400992e-05  1.45758573078974e-12   1.4931392945403e-12  1.66268457888484e-12  -2.1558722253879e-12   0.00196203279499707
-0.000121262402618981  2.89399681110983e-05      1.98397838489516     0.009630186930424   -0.0960263064776136 -5.91584164396449e-11  4.80418938362541e-11 -8.49347990387068e-11  3.10216457500271e-11   -0.0515798342277287
 0.000128192263354616 -0.000331550250177872     0.009630186930424      1.97022311472863    0.0321505681160612  1.19574019726312e-10   6.0330951078032e-11  2.41972485803593e-10 -1.19350387065633e-10     0.191481549333168
-0.000693251835178809 -6.70040102400992e-05   -0.0960263064776136    0.0321505681160612      1.37323439931774 -8.51082728303377e-11 -2.62793847593141e-10  2.56530833010715e-10   4.3983048414934e-10    -0.100962961721613
-8.60905026801344e-13  1.45758573078974e-12 -5.91584164396449e-11  1.19574019726312e-10 -8.51082728303377e-11      1.08163233260926 -4.69054355611143e-13  -2.0326915826283e-05     0.044636078440228 -4.43289641389399e-10
-8.34523914062583e-14   1.4931392945403e-12  4.80418938362541e-11   6.0330951078032e-11 -2.62793847593141e-10 -4.69054355611143e-13      1.08163233260935   -0.0446360784402658 -2.03269141092819e-05 -1.64876326629338e-10
-7.39516056885669e-13  1.66268457888484e-12 -8.49347990387068e-11  2.41972485803593e-10  2.56530833010715e-10  -2.0326915826283e-05   -0.0446360784402658     0.918571630671779 -4.69149893773514e-13 -2.34128027451055e-10
-8.74113403857702e-14  -2.1558722253879e-12  3.10216457500271e-11 -1.19350387065633e-10   4.3983048414934e-10     0.044636078440228 -2.03269141092819e-05 -4.69149893773514e-13     0.918571630671871 -6.85539135767209e-11
-0.000726178670923591   0.00196203279499707   -0.0515798342277287     0.191481549333168    -0.100962961721613 -4.43289641389399e-10 -1.64876326629338e-10 -2.34128027451055e-10 -6.85539135767209e-11     0.672162207535216
TOTAL ENERGY: -127.178203156777	 lambda: 0.4	 population of target: 6.98010123282063
1RDM: 
      1.9999988396983  1.13126954185851e-06 -0.000124115287006381  0.000138184846209076 -0.000719917801052908 -1.02425827855428e-12  4.82365132813971e-14 -6.88908223279664e-13  4.52221643557971e-14 -0.000738693045201052
 1.13126954185851e-06      1.99999548290129  4.55182953252012e-05 -0.000330358189159802  3.34388412846635e-05  1.44674777377208e-12    1.468502238038e-12  1.89555425330864e-12 -2.04540272544796e-12   0.00197951217770745
-0.000124115287006381  4.55182953252012e-05      1.98358502676595    0.0108129135088354   -0.0995512154413794 -4.79611240268556e-11  3.96459856793763e-11 -9.70418709680401e-11  1.11437412054604e-11     -0.05231680038296
 0.000138184846209076 -0.000330358189159802    0.0108129135088354      1.96921136413202    0.0392345494123882  1.23894382045956e-10  6.15380002734354e-11  2.29747211174385e-10 -9.11146736515184e-11     0.192797918627614
-0.000719917801052908  3.34388412846635e-05   -0.0995512154413794    0.0392345494123882      1.33884745057373 -1.22181279640149e-10 -2.05009705792549e-10  2.36056666690645e-10  4.75811460046143e-10    -0.105143653573033
-1.02425827855428e-12  1.44674777377208e-12 -4.79611240268556e-11  1.23894382045956e-10 -1.22181279640149e-10      1.07431093487381 -4.17388500955577e-13 -1.75536517759585e-05    0.0396574290368565 -4.50610565413203e-10
 4.82365132813971e-14    1.468502238038e-12  3.96459856793763e-11  6.15380002734354e-11 -2.05009705792549e-10 -4.17388500955577e-13      1.07431093487377   -0.0396574290368295 -1.75536502141413e-05  -1.2542902644339e-10
-6.88908223279664e-13  1.89555425330864e-12 -9.70418709680401e-11  2.29747211174385e-10  2.36056666690645e-10 -1.75536517759585e-05   -0.0396574290368295     0.925866516998548 -4.17340298983714e-13 -1.96703460826264e-10
 4.52221643557971e-14 -2.04540272544796e-12  1.11437412054604e-11 -9.11146736515184e-11  4.75811460046143e-10    0.0396574290368565 -1.75536502141413e-05 -4.17340298983714e-13     0.925866516998503 -9.70342328907746e-11
-0.000738693045201052   0.00197951217770745     -0.05231680038296     0.192797918627614    -0.105143653573033 -4.50610565413203e-10  -1.2542902644339e-10 -1.96703460826264e-10 -9.70342328907746e-11     0.708006932184106
TOTAL ENERGY: -127.171193894321	 lambda: 0.5	 population of target: 6.99573883810131
1RDM: 
     1.99999880316949  1.25566072419129e-06 -0.000125513403720703   0.00014892628541474 -0.000729442745959194 -9.33495756706618e-13 -3.86225724953376e-14 -8.00982985170254e-13 -6.57173841453594e-14 -0.000769356473504112
 1.25566072419129e-06      1.99999573145866  6.03951995644892e-05 -0.000330684223171404  0.000123922701223503  1.49958426480247e-12  1.39502325066565e-12  1.93527079693244e-12 -2.01475097480914e-12   0.00197729730282581
-0.000125513403720703  6.03951995644892e-05      1.98339810795933     0.011931690154532    -0.100699342462993 -6.08167913099132e-11  4.49442393598283e-11 -9.18964008784328e-11  2.23635927329041e-11   -0.0546173736281013
  0.00014892628541474 -0.000330684223171404     0.011931690154532      1.96828058244466    0.0452405950560693  1.27232282787493e-10  5.58797969512731e-11  2.28438323725894e-10 -8.77551435523027e-11     0.194309966133551
-0.000729442745959194  0.000123922701223503    -0.100699342462993    0.0452405950560693      1.32284427151141 -9.31229043359766e-11 -2.11935835071405e-10  1.71791018145607e-10  4.30638379842487e-10    -0.111486081213158
-9.33495756706618e-13  1.49958426480247e-12 -6.08167913099132e-11  1.27232282787493e-10 -9.31229043359766e-11      1.07146878896289 -3.93847534624075e-13 -1.61354082316462e-05    0.0373734851359359 -4.11417150460542e-10
-3.86225724953376e-14  1.39502325066565e-12  4.49442393598283e-11  5.58797969512731e-11 -2.11935835071405e-10 -3.93847534624075e-13      1.07146878896281   -0.0373734851358794 -1.61354067297729e-05 -1.41506462997056e-10
-8.00982985170254e-13  1.93527079693244e-12 -9.18964008784328e-11  2.28438323725894e-10  1.71791018145607e-10 -1.61354082316462e-05   -0.0373734851358794      0.92869847133458 -3.93750187012652e-13 -1.71189605378452e-10
-6.57173841453594e-14 -2.01475097480914e-12  2.23635927329041e-11 -8.77551435523027e-11  4.30638379842487e-10    0.0373734851359359 -1.61354067297729e-05 -3.93750187012652e-13     0.928698471334496 -1.18242783108193e-10
-0.000769356473504112   0.00197729730282581   -0.0546173736281013     0.194309966133551    -0.111486081213158 -4.11417150460542e-10 -1.41506462997056e-10 -1.71189605378452e-10 -1.18242783108193e-10     0.725147982861722
TOTAL ENERGY: -127.163294290429	 lambda: 0.6	 population of target: 7.0100919193733
1RDM: 
     1.99999875733564  1.39387634833736e-06  -0.00012629487013927  0.000160934210256245 -0.000727938842356044 -1.00263915308415e-12 -9.69636233176572e-14  -7.8626043047887e-13 -7.77915789345372e-14 -0.000819502543532713
 1.39387634833736e-06      1.99999591409619   7.4209102458659e-05 -0.000330737758098462  0.000212178109540582  1.46940870482254e-12  1.26546933062708e-12  1.85833007441507e-12 -1.83387411690273e-12   0.00196162496489412
 -0.00012629487013927   7.4209102458659e-05      1.98329556668227    0.0130749027798113    -0.100112083014675 -6.36075772161189e-11  4.41389145630527e-11 -9.85585440060741e-11  2.71707515662713e-11   -0.0586893833568537
 0.000160934210256245 -0.000330737758098462    0.0130749027798113      1.96742366798976    0.0508539045116653  1.26010307123044e-10   4.5991471504865e-11  2.82833939680366e-10 -1.13884399884634e-10     0.196283775747781
-0.000727938842356044  0.000212178109540582    -0.100112083014675    0.0508539045116653      1.32115800597402 -1.34104679255771e-10 -2.63330396808372e-10  2.63393888242214e-10  3.71773316989193e-10    -0.122743135644134
-1.00263915308415e-12  1.46940870482254e-12 -6.36075772161189e-11  1.26010307123044e-10 -1.34104679255771e-10      1.07230899261424 -3.76166183522078e-13 -1.56206018844897e-05    0.0370888486994304 -3.72389224100822e-10
-9.69636233176572e-14  1.26546933062708e-12  4.41389145630527e-11   4.5991471504865e-11 -2.63330396808372e-10 -3.76166183522078e-13      1.07230899261427   -0.0370888486994298 -1.56206003477491e-05 -6.76411278500259e-11
 -7.8626043047887e-13  1.85833007441507e-12 -9.85585440060741e-11  2.82833939680366e-10  2.63393888242214e-10 -1.56206018844897e-05   -0.0370888486994298     0.927858665142858 -3.76224651954359e-13 -2.75199905816169e-10
-7.77915789345372e-14 -1.83387411690273e-12  2.71707515662713e-11 -1.13884399884634e-10  3.71773316989193e-10    0.0370888486994304 -1.56206003477491e-05 -3.76224651954359e-13     0.927858665142884 -7.08446045214714e-11
-0.000819502543532713   0.00196162496489412   -0.0586893833568537     0.196283775747781    -0.122743135644134 -3.72389224100822e-10 -6.76411278500259e-11 -2.75199905816169e-10 -7.08446045214714e-11     0.727792772407862
TOTAL ENERGY: -127.152143547842	 lambda: 0.7	 population of target: 7.02718218688135
1RDM: 
     1.99999869076761  1.54946383732967e-06 -0.000127199779028714  0.000175002622481716 -0.000719340785163375 -1.07327805057205e-12 -1.36594849512911e-13 -8.63565661374622e-13 -2.23766522218083e-14 -0.000893924216314913
 1.54946383732967e-06      1.99999606178874  8.70654876203159e-05 -0.000329598819957922  0.000305365542725972  1.48657784869844e-12  1.21260289290254e-12  1.97863833927409e-12  -1.7732891269151e-12   0.00193307065718763
-0.000127199779028714  8.70654876203159e-05      1.98315669053446    0.0143315108426334   -0.0980313920957989 -7.08390320010934e-11   3.7447672057912e-11 -9.95559221432765e-11  3.08030199900842e-11   -0.0650764580522614
 0.000175002622481716 -0.000329598819957922    0.0143315108426334      1.96662458084735    0.0566981294105078  1.31914809094386e-10  4.58573397375558e-11  2.64432964837022e-10 -9.42510283705021e-11     0.198932997730864
