The Davidson algorithm did not converge.lambda: -1
The Davidson algorithm did not converge.lambda: -0.9
The Davidson algorithm did not converge.lambda: -0.8
The Davidson algorithm did not converge.lambda: -0.7
The Davidson algorithm did not converge.lambda: -0.6
The Davidson algorithm did not converge.lambda: -0.5
The Davidson algorithm did not converge.lambda: -0.4
The Davidson algorithm did not converge.lambda: -0.3
The Davidson algorithm did not converge.lambda: -0.2
TOTAL ENERGY: -127.165894214964	 lambda: -0.1	 population of target: 6.43958823607704
1RDM: 
     1.99999641589994  1.00635608510139e-06  5.84886522815555e-06   0.00028875758242036  0.000197000316170232 -2.23055490151088e-14  3.59985665853815e-15 -1.19418982389857e-14 -8.19507826541691e-15  7.71860162500187e-05
 1.00635608510139e-06      1.99999895661753  -5.3661242447169e-05 -0.000128798098157219 -0.000236014026338954  5.30240138876535e-14 -1.52403133460126e-14  1.95211406788702e-14  2.13808520342365e-14  0.000728694413262562
 5.84886522815555e-06  -5.3661242447169e-05      1.99144300378233  -0.00830058190212764   -0.0353255437662506  5.08633494669392e-12 -1.45534700589442e-12  1.26649703478989e-12  3.46791287149215e-12      0.10430128511094
  0.00028875758242036 -0.000128798098157219  -0.00830058190212764      1.96900095028702   -0.0459896582230357  5.36512015674556e-12 -1.76742197484299e-12  1.04214464974838e-12 -1.58187071632266e-12     0.100230568620324
 0.000197000316170232 -0.000236014026338954   -0.0353255437662506   -0.0459896582230357      1.77654045109976 -2.84315699735602e-11  2.75099939720843e-12 -1.89818318358984e-11 -7.55581594375458e-11     0.266307213974534
-2.23055490151088e-14  5.30240138876535e-14  5.08633494669392e-12  5.36512015674556e-12 -2.84315699735602e-11      1.14607095474899   -0.0011447310237096 -0.000506243234315438    0.0109246505123454 -7.61513792589396e-11
 3.59985665853815e-15 -1.52403133460126e-14 -1.45534700589442e-12 -1.76742197484299e-12  2.75099939720843e-12   -0.0011447310237096     0.910003678371896    -0.114780404067274  0.000475982799432869  6.60014023320997e-12
-1.19418982389857e-14  1.95211406788702e-14  1.26649703478989e-12  1.04214464974838e-12 -1.89818318358984e-11 -0.000506243234315438    -0.114780404067274      1.09076881257216  -0.00108790361495734 -2.14069693806755e-11
-8.19507826541691e-15  2.13808520342365e-14  3.46791287149215e-12 -1.58187071632266e-12 -7.55581594375458e-11    0.0109246505123454  0.000475982799432869  -0.00108790361495734     0.854700460784455  2.21792432298281e-11
 7.71860162500187e-05  0.000728694413262562      0.10430128511094     0.100230568620324     0.266307213974534 -7.61513792589396e-11  6.60014023320997e-12 -2.14069693806755e-11  2.21792432298281e-11     0.261476315835973
TOTAL ENERGY: -127.186553895526	 lambda: 0	 population of target: 6.81083259274898
1RDM: 
      1.9999984498619  6.97058119726253e-07  5.65700671014665e-05  0.000166504270775895  0.000379692905152605 -6.33801562435938e-14  3.33828607385343e-15  -2.7568747220227e-14  8.11308895280324e-15 -0.000351393053593098
 6.97058119726253e-07      1.99999948895951 -3.70178913310683e-05 -8.50657155430638e-05 -0.000217308113799175  2.37787045764059e-14 -1.39713527901359e-14  8.27977311854891e-15  4.63192992373936e-14  0.000300737867921501
 5.65700671014665e-05 -3.70178913310683e-05      1.99181430540233   -0.0118200017842371   -0.0445769236123361  3.75538598517558e-12 -1.10035545677403e-12  2.12076346074152e-12  5.61027213538402e-12    0.0739558530911253
 0.000166504270775895 -8.50657155430638e-05   -0.0118200017842371      1.97636511541671   -0.0669693711503243    6.874846432032e-12 -9.92184436732943e-13  2.30170714673464e-12 -6.22508118874573e-13     0.103083817976382
 0.000379692905152605 -0.000217308113799175   -0.0445769236123361   -0.0669693711503243      1.54315481350037 -3.33021938781519e-11  6.78775198180387e-13 -2.39750563389199e-11 -4.01145653100318e-11   -0.0127506027435354
-6.33801562435938e-14  2.37787045764059e-14  3.75538598517558e-12    6.874846432032e-12 -3.33021938781519e-11      1.10022815414963 -0.000813350654427744 -0.000357826294543854  1.64795342252164e-06 -3.88643040738163e-11
 3.33828607385343e-15 -1.39713527901359e-14 -1.10035545677403e-12 -9.92184436732943e-13  6.78775198180387e-13 -0.000813350654427744      0.93249834934379   -0.0737929124448265  0.000340061770584912 -1.83188674129486e-13
 -2.7568747220227e-14  8.27977311854891e-15  2.12076346074152e-12  2.30170714673464e-12 -2.39750563389199e-11 -0.000357826294543854   -0.0737929124448265      1.06776335190586 -0.000772973909975662 -8.34313022147644e-12
 8.11308895280324e-15  4.63192992373936e-14  5.61027213538402e-12 -6.22508118874573e-13 -4.01145653100318e-11  1.64795342252164e-06  0.000340061770584912 -0.000772973909975662      0.90003278326357  2.86180988235102e-11
-0.000351393053593098  0.000300737867921501    0.0739558530911253     0.103083817976382   -0.0127506027435354 -3.88643040738163e-11 -1.83188674129486e-13 -8.34313022147644e-12  2.86180988235102e-11     0.488145188196377
TOTAL ENERGY: -127.18174194218	 lambda: 0.1	 population of target: 6.93349272508989
1RDM: 
     1.99999907926686   4.7457908849489e-07  6.68801092001732e-05  0.000126759539657284  0.000376169366504384 -7.52713102249312e-14  2.46626779237255e-15 -2.98086440279766e-14  2.00140056908154e-14 -0.000533210470893237
  4.7457908849489e-07      1.99999963115187 -3.67854643807811e-05 -6.62088711786834e-05 -0.000296878027729261  1.76703120357486e-14 -1.41034175940865e-14  1.14578506645158e-14  6.16838555384247e-14  0.000124337423523584
 6.68801092001732e-05 -3.67854643807811e-05      1.99129350161508   -0.0131299249030728    -0.056948573600706  3.88721059451542e-12 -1.31371089009645e-12  2.18799512562663e-12  6.79985926890539e-12    0.0625278710221557
 0.000126759539657284 -6.62088711786834e-05   -0.0131299249030728      1.97823966600964   -0.0793177130633549  7.74741790662361e-12 -1.05860599803779e-12   2.8682425287937e-12  -2.8478327285753e-14      0.10483494316032
 0.000376169366504384 -0.000296878027729261    -0.056948573600706   -0.0793177130633549      1.35631881276036 -2.59851874355462e-11  2.30744443060793e-12 -1.30307748059816e-11 -2.21219669651585e-11   -0.0679603742891452
-7.52713102249312e-14  1.76703120357486e-14  3.88721059451542e-12  7.74741790662361e-12 -2.59851874355462e-11      1.06464157628223 -0.000531286075173665 -0.000233294996708903  -0.00182442197203694 -2.11741388488488e-11
 2.46626779237255e-15 -1.41034175940865e-14 -1.31371089009645e-12 -1.05860599803779e-12  2.30744443060793e-12 -0.000531286075173665     0.955079344809809   -0.0463765248826237  0.000222570112761148  7.70767572398719e-14
-2.98086440279766e-14  1.14578506645158e-14  2.18799512562663e-12   2.8682425287937e-12 -1.30307748059816e-11 -0.000233294996708903   -0.0463765248826237      1.04504157082718 -0.000504911668123178  9.23300225645351e-14
 2.00140056908154e-14  6.16838555384247e-14  6.79985926890539e-12  -2.8478327285753e-14 -2.21219669651585e-11  -0.00182442197203694  0.000222570112761148 -0.000504911668123178     0.935478840450712  2.24860289540322e-11
-0.000533210470893237  0.000124337423523584    0.0625278710221557      0.10483494316032   -0.0679603742891452 -2.11741388488488e-11  7.70767572398719e-14  9.23300225645351e-14  2.24860289540322e-11     0.673907976826244
TOTAL ENERGY: -127.176573332688	 lambda: 0.2	 population of target: 6.97002484072148
1RDM: 
     1.99999924377877  3.61063228161758e-07  6.72915755451146e-05  0.000115113653225283  0.000344714761723022 -7.76587591179585e-14   1.8473320836091e-15 -2.85709231509832e-14  2.65206804394227e-14 -0.000607398308557417
 3.61063228161758e-07       1.9999996563339 -3.78891495129598e-05 -5.79435398975145e-05  -0.00035484659003624  1.69484538533684e-14 -1.34045454802013e-14  1.48752236322989e-14  6.93817303202403e-14  4.30712070484585e-05
 6.72915755451146e-05 -3.78891495129598e-05      1.99105612377797   -0.0134167827151163   -0.0630122621986077  3.90404746622827e-12 -1.50888331974608e-12  2.11033348577517e-12   7.4444364569647e-12    0.0581854871991334
 0.000115113653225283 -5.79435398975145e-05   -0.0134167827151163      1.97873505944874   -0.0834045482745217  8.04045477712535e-12 -1.03022213651614e-12  3.04725944198836e-12  1.17637453211436e-13     0.106163708639429
 0.000344714761723022  -0.00035484659003624   -0.0630122621986077   -0.0834045482745217      1.26945628023011 -2.04097018669919e-11    3.618000973693e-12 -7.32442096029028e-12 -1.60245885846501e-11   -0.0735501501071574
-7.76587591179585e-14  1.69484538533684e-14  3.90404746622827e-12  8.04045477712535e-12 -2.04097018669919e-11      1.04833636360437 -0.000399477411089371 -0.000175271432206075  -0.00197281695048775 -1.38054688705807e-11
  1.8473320836091e-15 -1.34045454802013e-14 -1.50888331974608e-12 -1.03022213651614e-12    3.618000973693e-12 -0.000399477411089371     0.965955835680567   -0.0342697755820222  0.000167496490930216  4.57417770841096e-14
-2.85709231509832e-14  1.48752236322989e-14  2.11033348577517e-12  3.04725944198836e-12 -7.32442096029028e-12 -0.000175271432206075   -0.0342697755820222      1.03412782240648 -0.000379646398228728   3.3934844601023e-12
 2.65206804394227e-14  6.93817303202403e-14   7.4444364569647e-12  1.17637453211436e-13 -1.60245885846501e-11  -0.00197281695048775  0.000167496490930216 -0.000379646398228728     0.951746919355954  1.77761891332862e-11
-0.000607398308557417  4.30712070484585e-05    0.0581854871991334     0.106163708639429   -0.0735501501071574 -1.38054688705807e-11  4.57417770841096e-14   3.3934844601023e-12  1.77761891332862e-11     0.760586695383183
TOTAL ENERGY: -127.172981147597	 lambda: 0.3	 population of target: 6.98476316270555
1RDM: 
     1.99999929350569  2.90873928162755e-07  6.60232459341318e-05  0.000110538454573302  0.000314732699396691 -7.73203302881141e-14  1.86102516240834e-15 -2.73873688878801e-14  3.01394215835028e-14 -0.000648867473568577
 2.90873928162755e-07      1.99999965476083 -3.83858282594414e-05 -5.25771198536495e-05 -0.000393481932142487  1.79032021557841e-14  -1.2946440242352e-14  1.64345519932079e-14  7.30088922156447e-14 -1.09260076479395e-05
 6.60232459341318e-05 -3.83858282594414e-05      1.99101711780872   -0.0133804023514443   -0.0658834794061152  3.62824235845503e-12 -1.61556176483904e-12  2.20582402629118e-12  8.05576071258918e-12    0.0557501824155936
 0.000110538454573302 -5.25771198536495e-05   -0.0133804023514443      1.97899378895951   -0.0843254182223587  8.12988359468152e-12 -9.87448025824931e-13  3.13254249879691e-12  7.84240487956707e-14     0.107277726596272
 0.000314732699396691 -0.000393481932142487   -0.0658834794061152   -0.0843254182223587      1.22584182005271 -1.59961217954292e-11  3.36055756804527e-12  -5.7837228838903e-12 -1.46763039479507e-11   -0.0727337853341035
-7.73203302881141e-14  1.79032021557841e-14  3.62824235845503e-12  8.12988359468152e-12 -1.59961217954292e-11      1.04025961829671 -0.000333758272688793 -0.000146368464984875  -0.00193262665492825 -9.55278348858126e-12
 1.86102516240834e-15  -1.2946440242352e-14 -1.61556176483904e-12 -9.87448025824931e-13  3.36055756804527e-12 -0.000333758272688793     0.971431734273315   -0.0283475974425963  0.000140009710871438 -1.57287413564586e-14
-2.73873688878801e-14  1.64345519932079e-14  2.20582402629118e-12  3.13254249879691e-12  -5.7837228838903e-12 -0.000146368464984875   -0.0283475974425963      1.02863876602837 -0.000317189642642049  3.76832302298052e-12
 3.01394215835028e-14  7.30088922156447e-14  8.05576071258918e-12  7.84240487956707e-14 -1.46763039479507e-11  -0.00193262665492825  0.000140009710871438 -0.000317189642642049     0.959810568594929  1.42777392945134e-11
-0.000648867473568577 -1.09260076479395e-05    0.0557501824155936     0.107277726596272   -0.0727337853341035 -9.55278348858126e-12 -1.57287413564586e-14  3.76832302298052e-12  1.42777392945134e-11     0.804007637719215
TOTAL ENERGY: -127.170315557077	 lambda: 0.4	 population of target: 6.99247486493264
1RDM: 
      1.9999993053649  2.40139850823416e-07  6.44569195823443e-05  0.000108241157172622  0.000288058432048941 -7.89654650657295e-14  1.53349534883645e-15 -3.55367039596964e-14  3.56506630684007e-14 -0.000677494123252649
 2.40139850823416e-07      1.99999964556816 -3.82728521052288e-05 -4.80413654554981e-05   -0.0004194675272455  1.32968094383501e-14 -2.87232553642777e-14 -4.77035428564819e-15  8.15545591545208e-14 -5.50632063544081e-05
 6.44569195823443e-05 -3.82728521052288e-05      1.99109682504478   -0.0131998689513388   -0.0670910387424271  4.21734699077301e-12  9.45688311011489e-13   6.6033139735414e-12  7.51037584049809e-12    0.0539282193663679
 0.000108241157172622 -4.80413654554981e-05   -0.0131998689513388      1.97922712361374   -0.0837972178046632   8.1263682998592e-12 -6.70923479247373e-13  3.47618054224547e-12 -1.64237121594806e-15     0.108228486492653
 0.000288058432048941   -0.0004194675272455   -0.0670910387424271   -0.0837972178046632      1.20279660830627 -1.81815228842944e-11 -1.22035697086563e-11 -3.04068770042857e-11 -9.07486149841728e-12   -0.0721284942606556
-7.89654650657295e-14  1.32968094383501e-14  4.21734699077301e-12   8.1263682998592e-12 -1.81815228842944e-11      1.03608950046219 -0.000299817351036546 -0.000131441817198697  -0.00191074677031192 -1.00014296156106e-11
 1.53349534883645e-15 -2.87232553642777e-14  9.45688311011489e-13 -6.70923479247373e-13 -1.22035697086563e-11 -0.000299817351036546      0.97426092522923    -0.025290192773645  0.000125813681451186 -2.98320333704641e-12
-3.55367039596964e-14 -4.77035428564819e-15   6.6033139735414e-12  3.47618054224547e-12 -3.04068770042857e-11 -0.000131441817198697    -0.025290192773645      1.02580408193251 -0.000284933669905834 -1.40566731043846e-11
 3.56506630684007e-14  8.15545591545208e-14  7.51037584049809e-12 -1.64237121594806e-15 -9.07486149841728e-12  -0.00191074677031192  0.000125813681451186 -0.000284933669905834     0.963975225170587   1.5434450785748e-11
-0.000677494123252649 -5.50632063544081e-05    0.0539282193663679     0.108228486492653   -0.0721284942606556 -1.00014296156106e-11 -2.98320333704641e-12 -1.40566731043846e-11   1.5434450785748e-11     0.826750759307649
TOTAL ENERGY: -127.168027182951	 lambda: 0.5	 population of target: 6.99758721011444
1RDM: 
     1.99999930045578  2.00076446885092e-07  6.28637757573453e-05  0.000106776161806976  0.000263423583166409 -7.75803046188878e-14  9.74465608179315e-16 -3.01530454714713e-14  3.75077386840176e-14   -0.0006999257167672
 2.00076446885092e-07      1.99999963344536 -3.76721948258984e-05 -4.36272137524826e-05 -0.000436360650297316  1.38925203624177e-14 -2.20392113928467e-14  6.22921961553197e-15  8.29430329535078e-14  -9.5490484946387e-05
 6.28637757573453e-05 -3.76721948258984e-05      1.99126125878007   -0.0129232864151545   -0.0672342377267606   3.7791576707475e-12  -2.6455388798044e-13  4.40407334747503e-12  7.98361869701975e-12    0.0522905925603215
 0.000106776161806976 -4.36272137524826e-05   -0.0129232864151545      1.97949734145827   -0.0823663007703683  8.06710980379869e-12  -8.3170523686287e-13  3.21023936339488e-12 -1.65737631539067e-13     0.109037929095405
 0.000263423583166409 -0.000436360650297316   -0.0672342377267606   -0.0823663007703683      1.19167831944714  -1.5762879326235e-11 -4.10176108048064e-12 -1.66288570791167e-11 -1.01346029625224e-11   -0.0730765563820351
-7.75803046188878e-14  1.38925203624177e-14   3.7791576707475e-12  8.06710980379869e-12  -1.5762879326235e-11      1.03420268392726 -0.000284620153598889 -0.000124747530973737  -0.00194578828457158 -8.09312801316766e-12
 9.74465608179315e-16 -2.20392113928467e-14  -2.6455388798044e-13  -8.3170523686287e-13 -4.10176108048064e-12 -0.000284620153598889     0.975508096404052    -0.023876381620376  0.000119468164237427 -1.50912055842917e-12
-3.01530454714713e-14  6.22921961553197e-15  4.40407334747503e-12  3.21023936339488e-12 -1.66288570791167e-11 -0.000124747530973737    -0.023876381620376      1.02455466879502 -0.000270490908285559 -4.31688294755696e-12
 3.75077386840176e-14  8.29430329535078e-14  7.98361869701975e-12 -1.65737631539067e-13 -1.01346029625224e-11  -0.00194578828457158  0.000119468164237427 -0.000270490908285559     0.965859814013402  1.37101367469804e-11
  -0.0006999257167672  -9.5490484946387e-05    0.0522905925603215     0.109037929095405   -0.0730765563820351 -8.09312801316766e-12 -1.50912055842917e-12 -4.31688294755696e-12  1.37101367469804e-11     0.837438883273694
TOTAL ENERGY: -127.1656322879	 lambda: 0.6	 population of target: 7.00194337492584
1RDM: 
     1.99999928514215   1.6755391564962e-07  6.13038313225087e-05  0.000105531771032286  0.000239095897461762 -7.70157387307978e-14  1.40928332457332e-15 -2.61049832625652e-14  4.03049910824579e-14 -0.000718947947152201
  1.6755391564962e-07      1.99999961878381 -3.67037520623765e-05  -3.8997528985292e-05 -0.000445907367537301  1.19844930375703e-14 -1.59960146100938e-14  1.30918961176568e-14  8.61986738951099e-14 -0.000135394724656053
 6.13038313225087e-05 -3.67037520623765e-05      1.99149831939927   -0.0125557302707312   -0.0665177820012031  3.62049003788988e-12 -1.18864526270401e-12  3.00325132851002e-12  8.04595224621846e-12    0.0506312872062247
 0.000105531771032286  -3.8997528985292e-05   -0.0125557302707312      1.97984445429335   -0.0801350331915493  7.93696348416385e-12 -8.52400731478761e-13  3.02532742779518e-12  -3.4242142937045e-13     0.109708920283461
 0.000239095897461762 -0.000445907367537301   -0.0665177820012031   -0.0801350331915493      1.18917645394292 -1.58084862865306e-11  3.06368172923184e-14  -9.5724752247677e-12 -9.78525903948523e-12   -0.0762271244510669
-7.70157387307978e-14  1.19844930375703e-14  3.62049003788988e-12  7.93696348416385e-12 -1.58084862865306e-11      1.03399846506803 -0.000283359036481212 -0.000124166059170686   -0.0020568493103659 -7.72021992820613e-12
 1.40928332457332e-15 -1.59960146100938e-14 -1.18864526270401e-12 -8.52400731478761e-13  3.06368172923184e-14 -0.000283359036481212     0.975563915801761   -0.0236509190287952  0.000118967563742284  -6.3977084627347e-13
-2.61049832625652e-14  1.30918961176568e-14  3.00325132851002e-12  3.02532742779518e-12  -9.5724752247677e-12 -0.000124166059170686   -0.0236509190287952      1.02449849969536  -0.00026929243547558  6.97240158655058e-13
 4.03049910824579e-14  8.61986738951099e-14  8.04595224621846e-12  -3.4242142937045e-13 -9.78525903948523e-12   -0.0020568493103659  0.000118967563742284  -0.00026929243547558     0.966063684354071  1.37803363807623e-11
-0.000718947947152201 -0.000135394724656053    0.0506312872062247     0.109708920283461   -0.0762271244510669 -7.72021992820613e-12  -6.3977084627347e-13  6.97240158655058e-13  1.37803363807623e-11     0.839357303519305
TOTAL ENERGY: -127.16247702741	 lambda: 0.7	 population of target: 7.00678315503802
1RDM: 
     1.99999925996446  1.42828905620234e-07  5.98224274502893e-05   0.00010410205724641  0.000212848772183602  -7.6103911095101e-14  1.17552155641927e-15 -2.49659797739839e-14  4.30507598462226e-14 -0.000735856942458063
 1.42828905620234e-07      1.99999959916598 -3.55347771082126e-05 -3.39211028395196e-05 -0.000448791545302516  9.52016310092936e-15 -1.61806952285902e-14  1.25458506347435e-14  8.92056389709559e-14 -0.000177294726995669
 5.98224274502893e-05 -3.55347771082126e-05       1.9918066846662   -0.0120776910668145   -0.0649211935467192  3.38815064879978e-12 -1.18648539602308e-12  2.88641801190383e-12  8.07841499733323e-12    0.0487890182527159
  0.00010410205724641 -3.39211028395196e-05   -0.0120776910668145      1.98031960190964   -0.0769365422534612  7.73385933481967e-12 -8.34730993935215e-13  2.86309605341463e-12 -5.70315246633681e-13     0.110212893718309
 0.000212848772183602 -0.000448791545302516   -0.0649211935467192   -0.0769365422534612      1.19465012772429 -1.65546348560766e-11  4.04396232619817e-15 -9.91676335019712e-12 -9.80153575391198e-12   -0.0825534716453589
 -7.6103911095101e-14  9.52016310092936e-15  3.38815064879978e-12  7.73385933481967e-12 -1.65546348560766e-11      1.03540136335831 -0.000295532620884172 -0.000129469049444515  -0.00227485830170857 -7.74611133203839e-12
 1.17552155641927e-15 -1.61806952285902e-14 -1.18648539602308e-12 -8.34730993935215e-13  4.04396232619817e-15 -0.000295532620884172     0.974456410384013   -0.0245373404573654  0.000124109962973529 -6.81713550692441e-13
-2.49659797739839e-14  1.25458506347435e-14  2.88641801190383e-12  2.86309605341463e-12 -9.91676335019712e-12 -0.000129469049444515   -0.0245373404573654      1.02560734314251 -0.000280861590225019  9.18993271203509e-13
 4.30507598462226e-14  8.92056389709559e-14  8.07841499733323e-12 -5.70315246633681e-13 -9.80153575391198e-12  -0.00227485830170857  0.000124109962973529 -0.000280861590225019     0.964662112643719  1.44972935191776e-11
-0.000735856942458063 -0.000177294726995669    0.0487890182527159     0.110212893718309   -0.0825534716453589 -7.74611133203839e-12 -6.81713550692441e-13  9.18993271203509e-13  1.44972935191776e-11     0.833097497040865
TOTAL ENERGY: -127.157255279668	 lambda: 0.8	 population of target: 7.01370930163333
1RDM: 
     1.99999922057709  1.30684823704736e-07  5.85730346399779e-05  0.000102019872379551  0.000181211843737421 -7.46484999039853e-14  9.11779930062126e-16 -2.35058899794199e-14  4.60295870153773e-14 -0.000751012556241879
 1.30684823704736e-07        1.999999567377 -3.45369201485031e-05 -2.81791734872042e-05 -0.000444895459672438  6.26347153276905e-15 -1.63656536078363e-14  1.15468310276537e-14  9.22074245347047e-14 -0.000224246268445613
 5.85730346399779e-05 -3.45369201485031e-05      1.99218871394739   -0.0114409366485682   -0.0622043612405417  3.05673381124624e-12 -1.18135978548296e-12  2.70351889700063e-12  8.08074927807308e-12    0.0465455314578141
 0.000102019872379551 -2.81791734872042e-05   -0.0114409366485682      1.98101295589617   -0.0722867999865522  7.41449593584035e-12 -8.13698428219462e-13  2.62119881819023e-12 -8.67151999255347e-13     0.110444556036214
 0.000181211843737421 -0.000444895459672438   -0.0622043612405417   -0.0722867999865522      1.20965728183238 -1.82147192757798e-11 -3.95678286369249e-14 -1.07768927185909e-11 -1.02045856165587e-11   -0.0941290578313636
-7.46484999039853e-14  6.26347153276905e-15  3.05673381124624e-12  7.41449593584035e-12 -1.82147192757798e-11      1.03880035106559 -0.000324536707672708 -0.000142134832076667  -0.00266656162614371 -8.14116663406001e-12
 9.11779930062126e-16 -1.63656536078363e-14 -1.18135978548296e-12 -8.13698428219462e-13 -3.95678286369249e-14 -0.000324536707672708     0.971874147271633   -0.0267770361341545  0.000136330869880109 -7.61546016278489e-13
-2.35058899794199e-14  1.15468310276537e-14  2.70351889700063e-12  2.62119881819023e-12 -1.07768927185909e-11 -0.000142134832076667   -0.0267770361341545      1.02819333869939 -0.000308425843111628  1.24216067351511e-12
 4.60295870153773e-14  9.22074245347047e-14  8.08074927807308e-12 -8.67151999255347e-13 -1.02045856165587e-11  -0.00266656162614371  0.000136330869880109 -0.000308425843111628     0.961266830168991  1.60580832821971e-11
-0.000751012556241879 -0.000224246268445613    0.0465455314578141     0.110444556036214   -0.0941290578313636 -8.14116663406001e-12 -7.61546016278489e-13  1.24216067351511e-12  1.60580832821971e-11     0.817007593164374
TOTAL ENERGY: -127.146540123941	 lambda: 0.9	 population of target: 7.02623011367316
1RDM: 
     1.99999915275625  1.47387568508645e-07  5.81358289337014e-05  9.84576012679424e-05    0.0001376080542067   -7.206980644682e-14  5.90204340792394e-16 -2.13425727626015e-14  4.95958144433261e-14 -0.000763259797487008
 1.47387568508645e-07      1.99999950254865 -3.48161604527549e-05 -2.15391707849339e-05 -0.000433325260135616   1.8241956778362e-15 -1.65638362971685e-14   9.9642931337404e-15  9.55578401000344e-14  -0.00028160290263287
 5.81358289337014e-05 -3.48161604527549e-05      1.99263309948656    -0.010542329794393   -0.0577665249069457  2.55740642834482e-12 -1.17307294690239e-12  2.41573677813341e-12  8.05305160819798e-12    0.0434439117820047
 9.84576012679424e-05 -2.15391707849339e-05    -0.010542329794393      1.98211323650341   -0.0650935551068564   6.8800179506193e-12 -7.83642086254401e-13  2.23883750720368e-12 -1.27610051969892e-12     0.110059156657253
   0.0001376080542067 -0.000433325260135616   -0.0577665249069457   -0.0650935551068564      1.23897583940554 -2.14215668990816e-11 -1.18445214464559e-13 -1.24434568617298e-11 -1.10284850837064e-11    -0.115970765045862
  -7.206980644682e-14   1.8241956778362e-15  2.55740642834482e-12   6.8800179506193e-12 -2.14215668990816e-11      1.04533181963334 -0.000380164545931766 -0.000166433299756754  -0.00339114784617018 -8.93544173836037e-12
 5.90204340792394e-16 -1.65638362971685e-14 -1.17307294690239e-12 -7.83642086254401e-13 -1.18445214464559e-13 -0.000380164545931766     0.966934010030031   -0.0310992825326196  0.000159763344777639 -9.12296544999236e-13
-2.13425727626015e-14   9.9642931337404e-15  2.41573677813341e-12  2.23883750720368e-12 -1.24434568617298e-11 -0.000166433299756754   -0.0310992825326196      1.03314207879709 -0.000361292152363453  1.84375953413218e-12
 4.95958144433261e-14  9.55578401000344e-14  8.05305160819798e-12 -1.27610051969892e-12 -1.10284850837064e-11  -0.00339114784617018  0.000159763344777639 -0.000361292152363453     0.954743912211915  1.90544916985108e-11
-0.000763259797487008  -0.00028160290263287    0.0434439117820047     0.110059156657253    -0.115970765045862 -8.93544173836037e-12 -9.12296544999236e-13  1.84375953413218e-12  1.90544916985108e-11     0.786127348627232
TOTAL ENERGY: -127.118826257647	 lambda: 1	 population of target: 7.05516224351616
1RDM: 
     1.99999900918033  2.50649179959472e-07  6.09229096544081e-05  9.15190437149492e-05  6.74407162372042e-05 -6.68228906941665e-14  1.16678882747745e-16 -1.75851226072599e-14  5.42573091529829e-14 -0.000766069637110893
 2.50649179959472e-07        1.999999332096  -4.0512661451492e-05 -1.39223433167475e-05 -0.000412878684713333  -4.6164764555495e-15 -1.68685363431536e-14  7.52655692160715e-15  1.00108429275814e-13 -0.000362166059701979
 6.09229096544081e-05  -4.0512661451492e-05       1.9930214504403  -0.00914644968650419   -0.0502328396926806  1.71939920214537e-12 -1.16081815673755e-12  1.92828681507734e-12  8.01384531120021e-12    0.0381445956549096
 9.15190437149492e-05 -1.39223433167475e-05  -0.00914644968650419      1.98408213261102   -0.0527959388815877  5.86988127904502e-12 -7.42550198693108e-13  1.56048562043598e-12 -1.86785217595462e-12      0.10776239963841
 6.74407162372042e-05 -0.000412878684713333   -0.0502328396926806   -0.0527959388815877      1.29391482096832 -2.77476399419705e-11 -2.86323726569541e-13 -1.56351043875779e-11 -1.22560120309891e-11    -0.162418666788889
-6.68228906941665e-14  -4.6164764555495e-15  1.71939920214537e-12  5.86988127904502e-12 -2.77476399419705e-11       1.0578536877862 -0.000487174279633328  -0.00021315101392023  -0.00488754140614849 -9.99379439574664e-12
 1.16678882747745e-16 -1.68685363431536e-14 -1.16081815673755e-12 -7.42550198693108e-13 -2.86323726569541e-13 -0.000487174279633328     0.957388244508624   -0.0393113535120181   0.00020486436813054 -1.22709412181019e-12
-1.75851226072599e-14  7.52655692160715e-15  1.92828681507734e-12  1.56048562043598e-12 -1.56351043875779e-11  -0.00021315101392023   -0.0393113535120181      1.04270950951232 -0.000462989663065694  3.27479881597311e-12
 5.42573091529829e-14  1.00108429275814e-13  8.01384531120021e-12 -1.86785217595462e-12 -1.22560120309891e-11  -0.00488754140614849   0.00020486436813054 -0.000462989663065694     0.942243608744525   2.4960718600692e-11
-0.000766069637110893 -0.000362166059701979    0.0381445956549096      0.10776239963841    -0.162418666788889 -9.99379439574664e-12 -1.22709412181019e-12  3.27479881597311e-12   2.4960718600692e-11     0.728788204152336
-------------------general-----------------------
mullikenoperator: 
  0.00428734869737196    -0.064127852583839   0.00253220859564259   -0.0122829538020396  0.000344594350290067  1.14151886006605e-14   6.8720186198529e-15  1.09051163887988e-14 -1.22682472091031e-14  -0.00043493230208913
   -0.064127852583839     0.995586122741164   -0.0164515252165301  -0.00260135165320318   0.00114894257490888 -9.28412843663409e-14  1.02448782377035e-14 -5.64043583210562e-14 -5.57701500120939e-14  -0.00186294857132914
  0.00253220859564259   -0.0164515252165301    0.0278547142496161    -0.106335772890131    0.0723184422105879 -5.78183556566059e-12  8.40732138868662e-13 -3.71963000910373e-12 -3.89376490707079e-12    -0.103863236798663
  -0.0122829538020396  -0.00260135165320313    -0.106335772890131     0.988525928254415   0.00790765712304703 -2.60598788160751e-12  7.59849995778102e-13 -6.82163047592611e-13 -2.37565537340555e-12   -0.0106582870587391
 0.000344594350290066   0.00114894257490888     0.072318442210588   0.00790765712304705     0.326041344397834 -5.05793442047983e-11  1.88036869708702e-11  1.76714740245385e-11  6.40416755434239e-12    -0.463999440317069
 1.14151886006606e-14 -9.28412843663409e-14 -5.78183556566059e-12 -2.60598788160751e-12 -5.05793442047983e-11     0.470500535724199  -0.00154462707096133 -0.000559387772293376    -0.499141311821161  1.44046204732995e-11
 6.87201861985291e-15  1.02448782377034e-14  8.40732138868663e-13  7.59849995778102e-13  1.88036869708702e-11  -0.00154462707096133     0.151966375882138     0.359005000319845  0.000765965092631682 -7.16917085925612e-12
 1.09051163887988e-14 -5.64043583210562e-14 -3.71963000910373e-12 -6.82163047592612e-13  1.76714740245385e-11 -0.000559387772293386     0.359005000319845     0.848034349320107   -0.0014679477424415   2.0726197124531e-11
-1.22682472091031e-14 -5.57701500120938e-14 -3.89376490707078e-12 -2.37565537340555e-12   6.4041675543424e-12    -0.499141311821161   0.00076596509263168  -0.00146794774244151     0.529498739073557  5.18409430293694e-11
 -0.00043493230208913  -0.00186294857132913    -0.103863236798663   -0.0106582870587392    -0.463999440317069  1.44046204732995e-11 -7.16917085925612e-12   2.0726197124531e-11  5.18409430293694e-11     0.657704541659603
selected BF: 
0 1 2 3 4
selected lambdas: 
  -1 -0.9 -0.8 -0.7 -0.6 -0.5 -0.4 -0.3 -0.2 -0.1    0  0.1  0.2  0.3  0.4  0.5  0.6  0.7  0.8  0.9    1
RHF C: 
 6.29805706896559e-05     0.995329780503214    -0.249466700511678   -0.0742432793351302  -0.00439276262295812  6.75147390198841e-13 -2.46150900042457e-13  4.53678613576728e-14  1.32257085269371e-13    0.0104753038665161
 -0.00034363969293726    0.0191360233590183     0.985414364319953     0.294116293599545    0.0176307687498498 -2.75134881941642e-12  1.00327684142112e-12 -1.81253815155461e-13 -5.28296033751943e-13   -0.0433625537768754
 3.46279150559031e-16 -1.18520481189329e-15 -4.27103771528025e-13  6.16917523390566e-13  2.75803700220513e-11  -0.00672079038619286    -0.172851749499607     0.984220814214226   -0.0380310126778398 -1.53166175814606e-12
 -1.4942460719224e-15  3.86632784901947e-15  1.35428442627742e-12 -1.97756851324303e-12 -8.78705607458753e-11    -0.172851749497302   0.00672079038628451   -0.0380310126778236    -0.984220814214631  4.91015774687534e-12
-0.000524747438020348  0.000103649272063568    0.0300481291988359   -0.0457403165999295    -0.996335493487243  1.03516572743277e-11 -3.62518170693772e-12  3.05620296810189e-11  8.56078805692136e-11   -0.0909379760820244
    0.995075275640344  9.48115883713535e-05   -0.0694810902995498     0.252829045331237   -0.0223451493513142  6.38362745940283e-13 -2.29928838475653e-13  4.56144473094641e-13  1.27727485846202e-12   0.00365598173883758
    0.020011415619872 -0.000351643678755678     0.269645761591481     -0.98964032740469    0.0926563617334809 -2.59124212321961e-12  9.32731043801742e-13  -1.9447376405121e-12 -5.44488316768079e-12   -0.0137482875874868
  3.6018309722909e-15  6.52567630848668e-16  4.11182378834142e-13  -2.8074551331224e-13 -5.95923742063312e-13   -0.0382147937463765    -0.982844810833264    -0.180463145362697   0.00697322802965429 -1.24480597811793e-11
-1.13580711149567e-14 -2.11044151070787e-15 -1.29504274561435e-12  8.85237237524895e-13  1.79201476813142e-12    -0.982844810833687    0.0382147937463597    0.0069732280297462     0.180463145360395  3.83200215425526e-11
-4.12020908081855e-05  0.000464431563311815   -0.0153582622093813     0.016024111761689    0.0387025653548409 -3.86600889786859e-11  1.42227830552069e-11 -4.86706401034068e-13 -1.59629254532959e-12     -1.00084350312058
RDM (no constraint): 
     1.99999995950153  5.18797515841742e-08  6.43066041438639e-06  7.13330554732531e-06  1.89560834920726e-05 -1.33328841916366e-14  4.80223595342411e-15  1.11463037850291e-16  5.09577396362436e-16 -5.72923824539861e-05
 5.18797515841742e-08      1.99999859811069 -8.11732079012343e-05  -3.6023625780867e-05 -0.000182256938955291 -5.62874398534335e-15  2.08053767419961e-15  7.21495988266662e-15  2.02650673098838e-14 -0.000171752085807537
 6.43066041438639e-06 -8.11732079012343e-05      1.99329782233078  -0.00449373784393909   -0.0259059571713916 -4.42182701289569e-13  1.59787427539802e-13  1.39221277886435e-12  3.89348810067954e-12   0.00812304489304923
 7.13330554732531e-06  -3.6023625780867e-05  -0.00449373784393909      1.99487898148582   -0.0515175685042021  1.72742405927493e-12 -6.21976697700076e-13  7.86909520247672e-13  2.19820815793375e-12   0.00868638786867167
 1.89560834920726e-05 -0.000182256938955291   -0.0259059571713916   -0.0515175685042021     0.899462373850082 -9.88144257114299e-12  3.74868315114215e-12  2.69016884204854e-12  7.42664163948792e-12    -0.516586004986599
-1.33328841916366e-14 -5.62874398534335e-15 -4.42182701289569e-13  1.72742405927493e-12 -9.88144257114299e-12      1.04044078992038 -4.59882396298365e-16 -2.20567652054679e-05    0.0916263783904847  1.00721958471979e-11
 4.80223595342411e-15  2.08053767419961e-15  1.59787427539802e-13 -6.21976697700076e-13  3.74868315114215e-12 -4.59882396298365e-16      1.04044078992075   -0.0916263783901834 -2.20567652063155e-05 -3.61715479124941e-12
 1.11463037850291e-16  7.21495988266662e-15  1.39221277886435e-12  7.86909520247672e-13  2.69016884204854e-12 -2.20567652054679e-05   -0.0916263783901834     0.959820529430059 -5.46054396464812e-16  1.43915955258383e-11
 5.09577396362436e-16  2.02650673098838e-14  3.89348810067954e-12  2.19820815793375e-12  7.42664163948792e-12    0.0916263783904847 -2.20567652063155e-05 -5.46054396464812e-16     0.959820529430427  4.04633446186257e-11
-5.72923824539861e-05 -0.000171752085807537   0.00812304489304923   0.00868638786867167    -0.516586004986599  1.00721958471979e-11 -3.61715479124941e-12  1.43915955258383e-11  4.04633446186257e-11      1.11183962601951
RDM Eigenvectors: 
    0.997849608504717   -0.0643836988786698    -0.012261807135079 -0.000728932798887582 -0.000121137208808876  8.90226157940829e-15 -3.21034181276259e-15 -2.39132262630133e-15  6.97204309606545e-15 -1.39362055688789e-05
   0.0642046414944842     0.997736785938281   -0.0147776551129635    0.0134410954947886  -2.4805140031908e-05 -9.66835743565888e-16  3.51933847604805e-16 -1.44970530861672e-15  3.71712631038588e-15 -0.000165051750825822
 -0.00520833353458743   -0.0177860791536406    -0.385687695432446     0.921074183829166    0.0492453478966048  1.28560603981687e-14 -6.60115106747069e-15 -6.50825576651557e-13  1.84634018808555e-12  -0.00993850271017754
   0.0120963977388795   0.00772104075919911     0.920400319088286     0.380882558351946    0.0840745273531337  7.07296345648019e-13 -2.45432265281316e-13  7.05017292596471e-13 -2.01663723813238e-12   -0.0227434805415176
-0.000597293634632955  2.80985187305208e-05   -0.0503192714813352   -0.0629222797893854     0.626232120540524  5.85108796665271e-11 -2.06692496002283e-11  2.25005869294886e-11 -6.42354422014703e-11    -0.775462269409544
 2.14747259170283e-14  1.01646201387429e-14  2.88501746202054e-12  2.00357866391113e-12 -3.82081475599372e-11     0.837460342549002    0.0025612217650103     0.003496981951327     0.546480910845029 -1.32509428803511e-11
-7.82222948244253e-15 -3.45762319954239e-15 -1.04810851524549e-12 -7.31297201203762e-13  1.39467453926583e-11  -0.00256122176501615     0.837460342550251     0.546480910843114  -0.00349698195131198  5.02139733554488e-12
 6.60203610620657e-15  -1.4658145682376e-14  6.22929957104023e-13  2.11488183622702e-12 -1.86187262869523e-11   0.00153978616271895    -0.546489930243239     0.837448378938153  -0.00515730696895095  2.41609822873866e-11
 1.86803960365515e-14 -4.16072293252332e-14  1.74791757880064e-12  5.92617953139964e-12 -5.23460012205268e-11     0.546489930245153   0.00153978616272837  -0.00515730696894081    -0.837448378936904  6.75468272454637e-11
 0.000341293711746332 -0.000292288654646717    0.0347490162007795    0.0490959972064272    -0.773524198376942 -3.09845308945617e-11   1.1262258023417e-11  8.12332109362075e-12 -2.23660167155611e-11    -0.630905857908008
Total C: 
  -0.0609067506643672     0.995768181643683   0.00980889464579326    -0.250809021595264   0.00637837673650378 -1.92104526016807e-13  1.20115378823925e-13  1.80745681358319e-13  2.77668899594768e-13   -0.0158156947462368
  -0.0138738320279181   0.00846850247987624    -0.108198642979541      1.02161156887494   -0.0234240796284114   7.4245216970946e-13 -4.69772781459404e-13 -8.41945092678764e-13 -1.44598089282352e-12    0.0623962648422585
-2.34108845487635e-16  1.13894876827869e-14   1.3966824432542e-12  3.00376086402163e-12  4.62100944620879e-11   -0.0234125271070768      0.39325160887573     0.918881654934036    0.0228340820508365 -1.32450185261226e-11
-1.46598887725962e-14 -4.48968387906332e-14 -8.51461652275106e-12 -5.17197878628417e-12 -6.66520463459539e-12    -0.682730152699162   -0.0112703129430091   -0.0307120800537418     0.729978871041228  9.19577081922963e-11
-0.000743434466071906 -0.000949393669427778    -0.101879629614367   -0.0714691179878477    -0.552051918179439  9.48179472886338e-11 -1.01057555234438e-12  4.34250052763586e-11 -2.04052547105652e-11     0.826861182814477
    0.993599694133329    0.0684080661218092     0.253351208278545    0.0424235066676586   -0.0298350177058556  2.36641625523569e-12 -3.62521090009842e-13  1.50440705387452e-12  2.08857726629699e-12    0.0253160132369089
   0.0173950277988842   -0.0163526334568683     -1.01092964882294    -0.120412620022844     0.117375752901683 -9.71251252723342e-12  1.40820760241874e-12 -6.09643476276501e-12 -8.01673579342406e-12    -0.102208584019108
 2.25577670336755e-15 -6.91954778518246e-15 -1.86515593742819e-13  5.77480664372597e-13  2.28470151551287e-11    -0.031340998139451    -0.921639724696655     0.385891417881994    -0.027306385480796 -3.19188679797661e-12
-4.34530078779788e-15   2.3456503210868e-14  1.33812289264814e-12 -2.63936202786959e-12 -9.83162562615192e-11     -0.72435162608873    0.0377003174254641   -0.0174883561362586    -0.688220481121123  1.33973834864689e-12
 0.000114883876461666   0.00106730675821007     0.032527649761171    0.0179872073709949     0.800117744407741 -2.14427417514562e-11  7.26815965859125e-12 -3.31091346263829e-11 -8.93277576310597e-11     0.601753543560579
Basis set used: STO-3G
Naturals: 
 1.99999998480526  1.99999980820243  1.99990700475224  1.99364110495595  1.52859764431288  1.10023210973395  1.10023210973383 0.900029209616983 0.900029209616855 0.477331814269638
Version: Tmhuysen's fci hack
