The Davidson algorithm did not converge.lambda: -1
The Davidson algorithm did not converge.lambda: -0.9
The Davidson algorithm did not converge.lambda: -0.8
The Davidson algorithm did not converge.lambda: -0.7
The Davidson algorithm did not converge.lambda: -0.6
The Davidson algorithm did not converge.lambda: -0.5
The Davidson algorithm did not converge.lambda: -0.4
The Davidson algorithm did not converge.lambda: -0.3
The Davidson algorithm did not converge.lambda: -0.2
The Davidson algorithm did not converge.lambda: -0.1
TOTAL ENERGY: -127.174417562947	 lambda: 0	 population of target: 6.89840949965936
1RDM: 
      1.9999998762136  -2.2352887358494e-08 -9.52738088927102e-07  1.21133093282513e-07 -0.000237722938876984 -1.19128880224965e-14  9.76834212034019e-15  1.47342942579677e-15 -1.76659778395119e-14 -5.08226873267529e-05
 -2.2352887358494e-08      1.99999945571215 -1.73305332332355e-06 -6.29689059184284e-05 -0.000132807270519337 -5.58204510087148e-15 -1.59275684748941e-14  1.26102426402954e-14  2.69046654249468e-14  0.000759039182711707
-9.52738088927102e-07 -1.73305332332355e-06      1.99994456108449 -0.000310553379705076 -0.000160419380156649 -2.01876327143402e-12  6.54265034906342e-13  1.30308737496779e-12  -8.7298096546368e-13   0.00311352545145856
 1.21133093282513e-07 -6.29689059184284e-05 -0.000310553379705076      1.98689756376978  8.03061184684029e-05 -3.66021405563417e-12 -2.71669832718433e-12  3.76742625050099e-12  3.30922737165621e-12     0.114573191155845
-0.000237722938876984 -0.000132807270519337 -0.000160419380156649  8.03061184684029e-05      1.38614225487865 -3.52200879133138e-11  1.22526421682545e-11 -7.91605099597946e-11  3.74240784442444e-11   0.00120357834386572
-1.19128880224965e-14 -5.58204510087148e-15 -2.01876327143402e-12 -3.66021405563417e-12 -3.52200879133138e-11      1.05561292971128 -0.000822441836501806   0.00518447639147407    0.0185963649511607 -2.86696524139377e-12
 9.76834212034019e-15 -1.59275684748941e-14  6.54265034906342e-13 -2.71669832718433e-12  1.22526421682545e-11 -0.000822441836501806      1.05866996837578   0.00130624860488994   0.00468542816738055    6.051493991085e-11
 1.47342942579677e-15  1.26102426402954e-14  1.30308737496779e-12  3.76742625050099e-12 -7.91605099597946e-11   0.00518447639147407   0.00130624860488994     0.941479343903053  0.000898014613125995 -2.33413790167998e-11
-1.76659778395119e-14  2.69046654249468e-14  -8.7298096546368e-13  3.30922737165621e-12  3.74240784442444e-11    0.0185963649511607   0.00468542816738055  0.000898014613125995     0.944450102577922 -2.42025836325428e-11
-5.08226873267529e-05  0.000759039182711707   0.00311352545145856     0.114573191155845   0.00120357834386572 -2.86696524139377e-12    6.051493991085e-11 -2.33413790167998e-11 -2.42025836325428e-11     0.626803943773319
TOTAL ENERGY: -127.171802436785	 lambda: 0.1	 population of target: 6.97132056067485
1RDM: 
     1.99999987098585 -3.91011042904245e-09 -7.34492025031755e-07  2.33287362353384e-06 -0.000269140424517336 -1.01775498901515e-14  2.44515992035479e-14  3.36171456870196e-15 -2.10457234425719e-14 -2.69920132278328e-05
-3.91011042904245e-09      1.99999939086399 -1.74468285386316e-06 -7.39536686494988e-05 -8.11803833191592e-05 -7.69314895053703e-16  7.19205733674195e-15  2.16468951766821e-14  1.21063576168707e-14  0.000815888666328474
-7.34492025031755e-07 -1.74468285386316e-06      1.99992076022796 -0.000521153544920525   0.00157524059518849 -2.26777879727454e-12  1.08021516716985e-12  8.18385539803727e-13 -7.72936866140335e-13   0.00393132797920436
 2.33287362353384e-06 -7.39536686494988e-05 -0.000521153544920525      1.98796416590791    0.0118816127052814 -3.52469289088136e-12  6.11464760364319e-13   3.7080089807418e-12  1.88650195948863e-12     0.114974683680797
-0.000269140424517336 -8.11803833191592e-05   0.00157524059518849    0.0118816127052814      1.22304208407068 -5.61208330990368e-12  3.86700027524457e-12 -1.63868140740633e-11  1.21219910876213e-11   -0.0271182934311088
-1.01775498901515e-14 -7.69314895053703e-16 -2.26777879727454e-12 -3.52469289088136e-12 -5.61208330990368e-12       1.0324100355705 -0.000535264297303508   0.00335764555100116    0.0114448034571864 -1.99566592563626e-12
 2.44515992035479e-14  7.19205733674195e-15  1.08021516716985e-12  6.11464760364319e-13  3.86700027524457e-12 -0.000535264297303508       1.0343996275197  0.000192095687480532   0.00306585597425679  5.10908903856946e-12
 3.36171456870196e-15  2.16468951766821e-14  8.18385539803727e-13   3.7080089807418e-12 -1.63868140740633e-11   0.00335764555100116  0.000192095687480532     0.965679875315997  0.000584448337057588  -1.0879768071052e-11
-2.10457234425719e-14  1.21063576168707e-14 -7.72936866140335e-13  1.88650195948863e-12  1.21219910876213e-11    0.0114448034571864   0.00306585597425679  0.000584448337057588     0.967613314760473 -1.34289421601791e-12
-2.69920132278328e-05  0.000815888666328474   0.00393132797920436     0.114974683680797   -0.0271182934311088 -1.99566592563626e-12  5.10908903856946e-12  -1.0879768071052e-11 -1.34289421601791e-12      0.78897087477699
TOTAL ENERGY: -127.169497852045	 lambda: 0.2	 population of target: 6.98772124383291
1RDM: 
     1.99999986875751  9.47374109155512e-09 -7.11822811961074e-07   3.7661619162831e-06 -0.000276135024745492 -1.07078458872339e-14  2.87183291665614e-14  3.74835592361989e-15 -2.16476293985113e-14 -1.88305081635721e-05
 9.47374109155512e-09       1.9999993399352 -1.50773155379029e-06 -8.06224534811724e-05 -4.62975815635887e-05  -2.1613531590521e-15  1.42355048724273e-14  2.47711704365988e-14  9.76336283116883e-15   0.00084154821199392
-7.11822811961074e-07 -1.50773155379029e-06      1.99990441379739 -0.000531969857954611   0.00248464442160712 -2.40818132542057e-12  1.22317977756238e-12   5.9340788577213e-13 -7.32909403237852e-13    0.0037798604554671
  3.7661619162831e-06 -8.06224534811724e-05 -0.000531969857954611      1.98791727284831    0.0170512743974674 -3.74550241425151e-12  1.47617216807662e-12  3.83497049157881e-12  1.66347068670336e-12     0.114312647028401
-0.000276135024745492 -4.62975815635887e-05   0.00248464442160712    0.0170512743974674      1.16253707719919  1.79244726486568e-12  2.33217599239285e-12  4.02381726944863e-12  6.40560974548145e-12   -0.0271244025832515
-1.07078458872339e-14  -2.1613531590521e-15 -2.40818132542057e-12 -3.74550241425151e-12  1.79244726486568e-12      1.02372279543014  -0.00040764963827172   0.00255294919081663   0.00854876441102804  1.15645101928738e-12
 2.87183291665614e-14  1.42355048724273e-14  1.22317977756238e-12  1.47617216807662e-12  2.33217599239285e-12  -0.00040764963827172      1.02523803933647 -2.11785697880056e-05   0.00233912411007343 -1.18109762311002e-11
 3.74835592361989e-15  2.47711704365988e-14   5.9340788577213e-13  3.83497049157881e-12  4.02381726944863e-12   0.00255294919081663 -2.11785697880056e-05     0.974823371351305  0.000445107462046942 -8.43183703686757e-12
-2.16476293985113e-14  9.76336283116883e-15 -7.32909403237852e-13  1.66347068670336e-12  6.40560974548145e-12   0.00854876441102804   0.00233912411007343  0.000445107462046942     0.976295850347834  4.77047216548329e-12
-1.88305081635721e-05   0.00084154821199392    0.0037798604554671     0.114312647028401   -0.0271244025832515  1.15645101928738e-12 -1.18109762311002e-11 -8.43183703686757e-12  4.77047216548329e-12     0.849561970996698
TOTAL ENERGY: -127.168016941523	 lambda: 0.3	 population of target: 6.99380714740285
1RDM: 
     1.99999986630273  2.04836243504562e-08 -7.40171128191606e-07  4.79108945581886e-06 -0.000277100681403053 -1.13926659379035e-14  1.85426425541355e-14 -3.11483511150655e-15 -2.03525322862218e-14 -1.67799406210176e-05
 2.04836243504562e-08      1.99999929664597 -1.20220769747976e-06 -8.55754513293488e-05 -2.09629103605294e-05  8.57520172333872e-16 -1.57499125514397e-14 -2.50665585517637e-15  2.69538427547298e-14  0.000863151233602219
-7.40171128191606e-07 -1.20220769747976e-06      1.99989349808971 -0.000506716741192562   0.00309828761728977 -2.36385014038739e-12  1.17619985424865e-12   6.0112844884846e-13 -6.81831893837116e-13    0.0033852451337525
 4.79108945581886e-06 -8.55754513293488e-05 -0.000506716741192562      1.98773443492702    0.0200961407610292 -3.34432197098129e-12 -1.74703346779146e-12  7.92872402042048e-13  3.71684884191599e-12      0.11413267225517
-0.000277100681403053 -2.09629103605294e-05   0.00309828761728977    0.0200961407610292      1.13404081941818  -1.5859612105975e-12 -2.55676967581015e-11 -2.07712290439177e-11  1.08867167677583e-11   -0.0254277275312821
-1.13926659379035e-14  8.57520172333872e-16 -2.36385014038739e-12 -3.34432197098129e-12  -1.5859612105975e-12        1.019612304969 -0.000344163901577913   0.00215353893436404   0.00714468604757651 -2.99025734781444e-12
 1.85426425541355e-14 -1.57499125514397e-14  1.17619985424865e-12 -1.74703346779146e-12 -2.55676967581015e-11 -0.000344163901577913      1.02089157059408 -9.06070318757996e-05   0.00197666130062806  2.50459953126677e-11
-3.11483511150655e-15 -2.50665585517637e-15   6.0112844884846e-13  7.92872402042048e-13 -2.07712290439177e-11   0.00215353893436404 -9.06070318757996e-05     0.979162721821333  0.000375788046548174  2.31806444945349e-11
-2.03525322862218e-14  2.69538427547298e-14 -6.81831893837116e-13  3.71684884191599e-12  1.08867167677583e-11   0.00714468604757651   0.00197666130062806  0.000375788046548174     0.980405882742596  -1.5135559566127e-11
-1.67799406210176e-05  0.000863151233602219    0.0033852451337525      0.11413267225517   -0.0254277275312821 -2.99025734781444e-12  2.50459953126677e-11  2.31806444945349e-11  -1.5135559566127e-11     0.878259604489407
TOTAL ENERGY: -127.16696038244	 lambda: 0.4	 population of target: 6.99686624483292
1RDM: 
     1.99999986273957  3.06643831621198e-08 -8.15684689479123e-07  5.61848989927527e-06 -0.000275501188092063 -1.09040886213789e-14  2.50632807109918e-14  1.48128837596472e-15 -2.10092549800833e-14 -1.77858273527322e-05
 3.06643831621198e-08      1.99999925719707 -8.19526726143273e-07 -8.96691936088085e-05 -1.40026215256159e-06 -9.24368711812831e-16   1.9814688669705e-15    1.425369616018e-14  1.74197692535653e-14  0.000883891511961613
-8.15684689479123e-07 -8.19526726143273e-07      1.99988383152616 -0.000468512194619409   0.00360563878625058 -2.39004916019972e-12  1.14536129921248e-12  5.77993906700551e-13 -6.75160523861759e-13   0.00287066135459834
 5.61848989927527e-06 -8.96691936088085e-05 -0.000468512194619409       1.9875367784049    0.0222166935133584 -3.60497187935253e-12  1.42796350667532e-13  2.65512445613625e-12    2.538533593879e-12     0.114290869471433
-0.000275501188092063 -1.40026215256159e-06   0.00360563878625058    0.0222166935133584      1.11934755271278  7.19237643125931e-14 -4.90556505508204e-12 -4.35031845118559e-12  6.38461943139447e-12   -0.0243823954491668
-1.09040886213789e-14 -9.24368711812831e-16 -2.39004916019972e-12 -3.60497187935253e-12  7.19237643125931e-14      1.01748570469897 -0.000311124041233293   0.00194572870810562   0.00641612690560367 -4.32708004802482e-13
 2.50632807109918e-14   1.9814688669705e-15  1.14536129921248e-12  1.42796350667532e-13 -4.90556505508204e-12 -0.000311124041233293      1.01864216061073 -0.000124575612774888   0.00178797110798943  1.47731818757853e-12
 1.48128837596472e-15    1.425369616018e-14  5.77993906700551e-13  2.65512445613625e-12 -4.35031845118559e-12   0.00194572870810562 -0.000124575612774888      0.98140883535153  0.000339712391679875  1.45689904576095e-12
-2.10092549800833e-14  1.74197692535653e-14 -6.75160523861759e-13    2.538533593879e-12  6.38461943139447e-12   0.00641612690560367   0.00178797110798943  0.000339712391679875     0.982532652470733 -1.75599231511867e-12
-1.77858273527322e-05  0.000883891511961613   0.00287066135459834     0.114290869471433   -0.0243823954491668 -4.32708004802482e-13  1.47731818757853e-12  1.45689904576095e-12 -1.75599231511867e-12     0.893163364287615
TOTAL ENERGY: -127.166084058962	 lambda: 0.5	 population of target: 6.9988253346312
1RDM: 
     1.99999985717495  4.10767962021676e-08 -9.63974563300964e-07  6.34246848962675e-06 -0.000272245906542024 -1.09056811992683e-14  2.49270537888161e-14   1.3960269506339e-15  -2.0870438755957e-14  -2.0822199515096e-05
 4.10767962021676e-08      1.99999921944356 -3.34498510509265e-07    -9.32748972849e-05  1.43056945778988e-05 -8.73901963817294e-16  1.20817317427065e-15  1.36689132521813e-14  1.83028621850073e-14   0.00090479802837157
-9.63974563300964e-07 -3.34498510509265e-07      1.99987251158603  -0.00042230799795897   0.00408289452118979 -2.39029642916716e-12  1.12447013266127e-12  5.63341340613967e-13  -6.5693728042783e-13   0.00225934739993769
 6.34246848962675e-06    -9.32748972849e-05  -0.00042230799795897      1.98734404648416    0.0238571063779809 -3.60232425283076e-12  6.56657007551678e-14  2.59742012453832e-12  2.61682676018943e-12     0.114688934171647
-0.000272245906542024  1.43056945778988e-05   0.00408289452118979    0.0238571063779809      1.11233799134821  5.52768110202896e-14 -4.59924139448003e-12  -4.0688412739593e-12  6.00358857742354e-12   -0.0242641053770561
-1.09056811992683e-14 -8.73901963817294e-16 -2.39029642916716e-12 -3.60232425283076e-12  5.52768110202896e-14       1.0164676555458 -0.000296173813213568   0.00185145246113373   0.00607673280203316 -4.31197785364228e-13
 2.49270537888161e-14  1.20817317427065e-15  1.12447013266127e-12  6.56657007551678e-14 -4.59924139448003e-12 -0.000296173813213568      1.01756854091254 -0.000149673655514361   0.00170283431507184  1.44624225994836e-12
  1.3960269506339e-15  1.36689132521813e-14  5.63341340613967e-13  2.59742012453832e-12  -4.0688412739593e-12   0.00185145246113373 -0.000149673655514361     0.982481010033002  0.000323388350584346  1.42208122120847e-12
 -2.0870438755957e-14  1.83028621850073e-14  -6.5693728042783e-13  2.61682676018943e-12  6.00358857742354e-12   0.00607673280203316   0.00170283431507184  0.000323388350584346     0.983550825064565  -1.6954069746018e-12
 -2.0822199515096e-05   0.00090479802837157   0.00225934739993769     0.114688934171647   -0.0242641053770561 -4.31197785364228e-13  1.44624225994836e-12  1.42208122120847e-12  -1.6954069746018e-12     0.900378342407238
TOTAL ENERGY: -127.165204839586	 lambda: 0.6	 population of target: 7.00042571184022
1RDM: 
     1.99999984811614  5.28791190348022e-08 -1.23980227738095e-06  7.01059881232595e-06 -0.000267504885419341 -1.08865503916801e-14  2.46966050565805e-14  1.26007472529881e-15 -2.06854256851099e-14 -2.56155835406291e-05
 5.28791190348022e-08      1.99999918168691  2.93478792928172e-07 -9.66059197489933e-05  2.73572417584823e-05 -8.25926567182993e-16  5.46201545471018e-16  1.31495352838732e-14  1.91014762178405e-14  0.000926708068357723
-1.23980227738095e-06  2.93478792928172e-07      1.99985639949999 -0.000369013347382184   0.00456822002855797 -2.38842926540089e-12  1.10235486371035e-12  5.49730112760852e-13 -6.38932270245974e-13   0.00154442769074707
 7.01059881232595e-06 -9.66059197489933e-05 -0.000369013347382184      1.98715580852693    0.0252322483403284  -3.5956046250821e-12 -1.20303947855338e-15  2.54750854524877e-12  2.68882719006891e-12     0.115303736874617
-0.000267504885419341  2.73572417584823e-05   0.00456822002855797    0.0252322483403284       1.1107463005344  4.04580622685505e-14 -4.55448453454066e-12 -4.00846172984407e-12  5.88836039822163e-12   -0.0251942391190371
-1.08865503916801e-14 -8.25926567182993e-16 -2.38842926540089e-12  -3.5956046250821e-12  4.04580622685505e-14      1.01623326985304 -0.000294765561219413   0.00184196700087479   0.00602063132742774 -4.53144039599228e-13
 2.46966050565805e-14  5.46201545471018e-16  1.10235486371035e-12 -1.20303947855338e-15 -4.55448453454066e-12 -0.000294765561219413      1.01732892075436 -0.000176169741689807   0.00169541995739758  1.49024122910768e-12
 1.26007472529881e-15  1.31495352838732e-14  5.49730112760852e-13  2.54750854524877e-12 -4.00846172984407e-12   0.00184196700087479 -0.000176169741689807     0.982720393799835  0.000321850736087409  1.46858382868024e-12
-2.06854256851099e-14  1.91014762178405e-14 -6.38932270245974e-13  2.68882719006891e-12  5.88836039822163e-12   0.00602063132742774   0.00169541995739758  0.000321850736087409     0.983785122057164 -1.74827920370031e-12
-2.56155835406291e-05  0.000926708068357723   0.00154442769074707     0.115303736874617   -0.0251942391190371 -4.53144039599228e-13  1.49024122910768e-12  1.46858382868024e-12 -1.74827920370031e-12     0.902174755171223
TOTAL ENERGY: -127.164103902004	 lambda: 0.7	 population of target: 7.00211555499555
1RDM: 
     1.99999983263366  6.78975550923103e-08 -1.75546884808941e-06  7.64838328485506e-06 -0.000261073448844576 -1.09412155034391e-14  2.42945185965709e-14   1.1001583567058e-15 -2.01985154450323e-14 -3.23321365232201e-05
 6.78975550923103e-08      1.99999914201114  1.13781425578885e-06 -9.98224598746853e-05   3.8738663470494e-05  1.74225437917091e-15  6.31218095278094e-15  1.61806315461836e-14  1.85811404096255e-14  0.000950687199624971
-1.75546884808941e-06  1.13781425578885e-06       1.9998304447924 -0.000308148059442826   0.00508470593357608  -2.3833321246242e-12  1.15732862020042e-12  6.41596662436761e-13 -7.39945856622183e-13  0.000700411869697883
 7.64838328485506e-06 -9.98224598746853e-05 -0.000308148059442826      1.98696467900188    0.0264776346301102 -3.97445244708155e-12 -1.07048641612287e-12  1.98569907390294e-12  2.81966348767369e-12     0.116174467249758
-0.000261073448844576   3.8738663470494e-05   0.00508470593357608    0.0264776346301102      1.11407212652616  1.94031724382561e-12 -8.97813679400518e-12  -8.8305772162142e-12  6.88028498819433e-12   -0.0274634153181372
-1.09412155034391e-14  1.74225437917091e-15  -2.3833321246242e-12 -3.97445244708155e-12  1.94031724382561e-12      1.01671061796511 -0.000306391058008453   0.00191390438676079   0.00622978524535941 -2.83359094013059e-12
 2.42945185965709e-14  6.31218095278094e-15  1.15732862020042e-12 -1.07048641612287e-12 -8.97813679400518e-12 -0.000306391058008453      1.01784948081352 -0.000211417269149665   0.00176299668466886  6.76613362155532e-12
  1.1001583567058e-15  1.61806315461836e-14  6.41596662436761e-13  1.98569907390294e-12  -8.8305772162142e-12   0.00191390438676079 -0.000211417269149665     0.982200690903898   0.00033454430460184   6.8921880332338e-12
-2.01985154450323e-14  1.85811404096255e-14 -7.39945856622183e-13  2.81966348767369e-12  6.88028498819433e-12   0.00622978524535941   0.00176299668466886   0.00033454430460184     0.983307411708136 -2.71510844644486e-12
-3.23321365232201e-05  0.000950687199624971  0.000700411869697883     0.116174467249758   -0.0274634153181372 -2.83359094013059e-12  6.76613362155532e-12   6.8921880332338e-12 -2.71510844644486e-12     0.899065573644119
TOTAL ENERGY: -127.162378224552	 lambda: 0.8	 population of target: 7.00440585815425
1RDM: 
     1.99999980424609  8.98172669446151e-08 -2.76284950490342e-06   8.2656849274773e-06 -0.000252372190932468 -1.04555460569328e-14  2.40881367011545e-14   5.9515033695025e-16 -2.00244358782163e-14 -4.16290743714319e-05
 8.98172669446151e-08      1.99999909744084  2.35047565717124e-06 -0.000103084142690728   4.9601553259398e-05 -4.04823553204823e-15 -5.20994606721742e-15   1.1168758221653e-14  1.96575600744267e-14  0.000978405515236389
-2.76284950490342e-06  2.35047565717124e-06      1.99978422254428 -0.000238457516092947   0.00564700377763457  -2.4027268026098e-12  9.85258632960928e-13  4.39663008980917e-13 -4.91819539832134e-13 -0.000322268222168417
  8.2656849274773e-06 -0.000103084142690728 -0.000238457516092947      1.98675691838518    0.0277150983742748 -3.21613517567329e-12  6.10160539623412e-13  2.73158325657833e-12  2.81136649506454e-12     0.117419293016697
-0.000252372190932468   4.9601553259398e-05   0.00564700377763457    0.0277150983742748      1.12318882901648 -1.69269212379947e-12   3.6207097778191e-12  3.62108377659793e-12  5.96964162841592e-12   -0.0317708237853248
-1.04555460569328e-14 -4.04823553204823e-15  -2.4027268026098e-12 -3.21613517567329e-12 -1.69269212379947e-12       1.0180246389825 -0.000334191293298328   0.00208668291342831    0.0067599957965906  3.35333010401014e-12
 2.40881367011545e-14 -5.20994606721742e-15  9.85258632960928e-13  6.10160539623412e-13   3.6207097778191e-12 -0.000334191293298328      1.01926683629701 -0.000265646712190284   0.00192384024208292 -7.32005516382835e-12
  5.9515033695025e-16   1.1168758221653e-14  4.39663008980917e-13  2.73158325657833e-12  3.62108377659793e-12   0.00208668291342831 -0.000265646712190284     0.980785575604925   0.00036489914024348 -7.97644159478663e-12
-2.00244358782163e-14  1.96575600744267e-14 -4.91819539832134e-13  2.81136649506454e-12  5.96964162841592e-12    0.0067599957965906   0.00192384024208292   0.00036489914024348     0.981992714339142  1.31868979264276e-12
-4.16290743714319e-05  0.000978405515236389 -0.000322268222168417     0.117419293016697   -0.0317708237853248  3.35333010401014e-12 -7.32005516382835e-12 -7.97644159478663e-12  1.31868979264276e-12     0.890201363143565
TOTAL ENERGY: -127.159026108348	 lambda: 0.9	 population of target: 7.00832488461804
1RDM: 
     1.99999974630324  1.27765530231643e-07 -4.91447500472964e-06  8.84920728732495e-06 -0.000240195318904746 -1.04160384908413e-14  2.28109369126607e-14 -2.06151596517201e-16 -1.99793298067282e-14 -5.51287211677033e-05
 1.27765530231643e-07      1.99999904181546  4.30399973604713e-06 -0.000106603647565221  6.19597523050198e-05 -4.60297102369716e-15 -3.56020170565514e-15  1.33633889889121e-14  1.95743798397077e-14   0.00101295301431511
-4.91447500472964e-06  4.30399973604713e-06      1.99969147832765 -0.000158022005170862   0.00625686208395178 -2.43003987187304e-12  1.00705450451199e-12  4.86738347700891e-13 -4.67015139249578e-13  -0.00162229182188461
 8.84920728732495e-06 -0.000106603647565221 -0.000158022005170862      1.98650643563369    0.0291180411344721 -2.98452121632891e-12  4.26448068942053e-13  2.37923354676084e-12  3.27395015821301e-12     0.119308213560237
-0.000240195318904746  6.19597523050198e-05   0.00625686208395178    0.0291180411344721      1.14099734037606 -3.48187780593789e-12  1.26508960294433e-11  1.19859459355606e-11  3.72599596543809e-12   -0.0398237470326466
-1.04160384908413e-14 -4.60297102369716e-15 -2.43003987187304e-12 -2.98452121632891e-12 -3.48187780593789e-12      1.02058993011937 -0.000387377740475412   0.00241746145735866   0.00778330248246539  5.29681624369407e-12
 2.28109369126607e-14 -3.56020170565514e-15  1.00705450451199e-12  4.26448068942053e-13  1.26508960294433e-11 -0.000387377740475412      1.02202982377054 -0.000360473353219622   0.00223133769673897 -1.88294561297032e-11
-2.06151596517201e-16  1.33633889889121e-14  4.86738347700891e-13  2.37923354676084e-12  1.19859459355606e-11   0.00241746145735866 -0.000360473353219622      0.97802717938993  0.000422973149588621 -1.88946938062968e-11
-1.99793298067282e-14  1.95743798397077e-14 -4.67015139249578e-13  3.27395015821301e-12  3.72599596543809e-12   0.00778330248246539   0.00223133769673897  0.000422973149588621     0.979426434422589  4.40976618040925e-12
-5.51287211677033e-05   0.00101295301431511  -0.00162229182188461     0.119308213560237   -0.0398237470326466  5.29681624369407e-12 -1.88294561297032e-11 -1.88946938062968e-11  4.40976618040925e-12     0.872732589841513
TOTAL ENERGY: -127.150794363314	 lambda: 1	 population of target: 7.01692175728768
1RDM: 
     1.99999960563349  2.10493760645212e-07 -1.03103184642159e-05  9.31771533313022e-06 -0.000221991371183905 -1.02232168781011e-14  2.12996514277249e-14  -1.1828040453451e-15 -1.91942840271683e-14 -7.72197124040003e-05
 2.10493760645212e-07      1.99999895790498  8.15767868276695e-06 -0.000110747026267013  8.08886347977001e-05  -4.0079641826775e-15 -1.28673490661351e-15  1.51591185322977e-14  1.97424409876264e-14   0.00106120557615591
-1.03103184642159e-05  8.15767868276695e-06      1.99946831981684 -6.44509749798438e-05   0.00686640106251899 -2.43717725508656e-12  1.09009997026302e-12  6.05030663172086e-13 -5.22600535671072e-13  -0.00343360904428698
 9.31771533313022e-06 -0.000110747026267013 -6.44509749798438e-05      1.98615502682113    0.0310784928681072  -3.0566571569365e-12 -1.29118805572088e-13  2.00511098292878e-12  3.51875183093367e-12     0.122496817617608
-0.000221991371183905  8.08886347977001e-05   0.00686640106251899    0.0310784928681072      1.17516959806218 -3.34237430993508e-12  1.81915923394939e-11  1.61757365979075e-11  3.79215213540873e-12   -0.0564787581978638
-1.02232168781011e-14  -4.0079641826775e-15 -2.43717725508656e-12  -3.0566571569365e-12 -3.34237430993508e-12      1.02549991278513 -0.000490571573680458   0.00305894495477905   0.00975693202827581  5.81589786184462e-12
 2.12996514277249e-14 -1.28673490661351e-15  1.09009997026302e-12 -1.29118805572088e-13  1.81915923394939e-11 -0.000490571573680458      1.02732337823646 -0.000556254578566596   0.00282824225420191 -2.57097141437216e-11
 -1.1828040453451e-15  1.51591185322977e-14  6.05030663172086e-13  2.00511098292878e-12  1.61757365979075e-11   0.00305894495477905 -0.000556254578566596     0.972743464645704  0.000535648188961655 -2.55056687777581e-11
-1.91942840271683e-14  1.97424409876264e-14 -5.22600535671072e-13  3.51875183093367e-12  3.79215213540873e-12   0.00975693202827581   0.00282824225420191  0.000535648188961655     0.974515466960834  7.02844701362117e-12
-7.72197124040003e-05   0.00106120557615591  -0.00343360904428698     0.122496817617608   -0.0564787581978638  5.81589786184462e-12 -2.57097141437216e-11 -2.55056687777581e-11  7.02844701362117e-12     0.839126269133264
-------------------general-----------------------
mullikenoperator: 
 0.000699668510709847    0.0264296304101134  0.000418387728479937 -0.000792824792011825   0.00020587257919795  1.17979546997165e-14 -1.72186212929536e-14  3.96317148413179e-15  1.34314485918093e-14 -0.000369342796381703
   0.0264296304101134     0.999146528130192    0.0123064604450625    0.0012796850653541  0.000687618282000485 -4.16638041445591e-14 -9.26330642581193e-15 -2.87150667451555e-15  3.08305434833395e-14  0.000834516203862766
 0.000418387728479937    0.0123064604450625    0.0123457490324581    -0.108246617310902   0.00271834583128256  1.42994538258728e-12 -4.68725387056531e-13  4.28845634920011e-13  1.10630782983094e-12   -0.0211755947146296
-0.000792824792011826   0.00127968506535411    -0.108246617310902     0.978695865144008    0.0771013607887777 -2.95996112804307e-12  -1.9315578427903e-12  3.67956740459779e-13  5.34147256363332e-12    0.0574098726589538
 0.000205872579197951  0.000687618282000484   0.00271834583128257    0.0771013607887777     0.380848834085383  -1.2753654143576e-11 -2.02661412186036e-11 -1.76589604325952e-11 -6.02416673967973e-12     -0.47973423739517
 1.17979546997165e-14 -4.16638041445592e-14  1.42994538258728e-12 -2.95996112804307e-12  -1.2753654143576e-11     0.323703897356312   -0.0398092166038222      0.23842162859159     0.400616742832057 -4.74087253991221e-12
-1.72186212929536e-14 -9.26330642581191e-15 -4.68725387056531e-13  -1.9315578427903e-12 -2.02661412186036e-11   -0.0398092166038223     0.471675767558072    -0.436284949864234     0.239315991533214  2.00589058060197e-11
 3.96317148413179e-15  -2.8715066745156e-15  4.28845634920011e-13   3.6795674045978e-13 -1.76589604325952e-11      0.23842162859159    -0.436284949864234     0.530412347599598    0.0434671808008679  1.48946469641219e-11
 1.34314485918093e-14  3.08305434833395e-14  1.10630782983094e-12  5.34147256363332e-12 -6.02416673967973e-12     0.400616742832057     0.239315991533214     0.043467180800868     0.674207987486019 -2.22150536958066e-11
-0.000369342796381704  0.000834516203862764   -0.0211755947146296    0.0574098726589538     -0.47973423739517 -4.74087253991221e-12  2.00589058060197e-11  1.48946469641219e-11 -2.22150536958066e-11     0.628263355097251
selected BF: 
0 1 2 3 4
selected lambdas: 
  -1 -0.9 -0.8 -0.7 -0.6 -0.5 -0.4 -0.3 -0.2 -0.1    0  0.1  0.2  0.3  0.4  0.5  0.6  0.7  0.8  0.9    1
RHF C: 
 3.83036342508878e-05    -0.995239750723107   -0.0284156833812478     0.258800647055801   -0.0129596952020897  3.46203843857505e-13  1.61115598313367e-13 -2.37824447562877e-13 -4.75648800488165e-13   0.00656178406691467
-0.000147428270220006   -0.0194899397352499      0.11165406442621     -1.02112281593765     0.052338889859976  -1.4280915494927e-12 -6.64791029401498e-13  9.50977974899386e-13  1.90240122206057e-12    -0.025981881370903
-4.37736927947061e-15  8.97199762249693e-15 -1.17799316133892e-12 -8.24950014614588e-15    1.190488189893e-11    -0.472207630817548    -0.413862943066595    -0.527503450819336    -0.572269583093504 -5.42818140955215e-12
-8.36991589203042e-16  2.46415915624453e-15 -3.22015857916151e-13  -2.9658565359132e-16  3.10236217927663e-12    -0.413862943063756     0.472207630820712     0.572269583090895    -0.527503450821561 -2.13678202278252e-12
-0.000225785433091211 -0.000187075946872515    0.0296829891211963  -0.00806645791731517    -0.602124204640826  2.76603254565638e-11  1.23768095587532e-11 -1.28772145274003e-11 -2.49164267195443e-11     -0.79862520746634
    0.995184380391752  -2.9236758700363e-05    -0.260423977115535   -0.0316301575730045   -0.0108934336584933  6.70914271696282e-13  3.12686554952545e-13 -1.42287608524291e-13 -2.79616654720365e-13  -0.00702074887328931
   0.0195807251163653  0.000149475006810121      1.02034420795945     0.124920292482068    0.0445801880927401 -2.70949462380395e-12 -1.26154309849488e-12  5.88171979748874e-13  1.15568815909655e-12    0.0290475557649848
 6.65551877995833e-15 -5.68991346703294e-15  3.08024975685752e-13 -1.56257964376309e-12 -7.47682719056924e-11    -0.583482396142051     -0.51138890169809     0.427605843758845     0.463894250451571  6.89674483064151e-12
  1.7999958266827e-15 -1.52501245353448e-15  8.70001816285253e-14 -4.25913887566668e-13 -2.13647712520414e-11    -0.511388901700391     0.583482396139486    -0.463894250454795     0.427605843756095  1.58520832612198e-12
-0.000172375411144575 -0.000188499726092525   -0.0213680175744265    0.0354019009987983     0.779325677930527 -3.81373252336415e-11  -1.8305454469363e-11  2.30410802789429e-11  4.56641176266585e-11     -0.62622739197901
RDM (no constraint): 
      1.9999999541715   -8.929542665469e-09 -5.50929578391882e-06 -5.41541558280473e-06  0.000138366962531998 -4.40260824597133e-15 -2.02359374992516e-15  5.57860658416376e-16  1.17559569699298e-15 -5.22278841986228e-05
  -8.929542665469e-09      1.99999923285163  3.16662143938238e-06 -4.90696412681432e-05 -8.09770465487084e-05  5.02477652563716e-15   2.4082067840153e-15   2.6105317008859e-15    4.884656598707e-15  0.000104499196059253
-5.50929578391882e-06  3.16662143938238e-06      1.99912755678704 -0.000889610766622045    0.0224507030052574 -1.48384853398355e-12 -7.06734482201262e-13  1.58074065826673e-13  3.04385170097698e-13   0.00134100873977849
-5.41541558280473e-06 -4.90696412681432e-05 -0.000889610766622045       1.9932885534421    0.0219803437879541 -2.24054490470745e-12 -1.04683046434031e-12  1.00679707967708e-12  1.88500501403472e-12    0.0574839559231051
 0.000138366962531998 -8.09770465487084e-05    0.0224507030052574    0.0219803437879541      1.38775751134702  -1.0813443440844e-11 -4.65770214527967e-12  1.26331764639934e-11  2.48942879255158e-11 -0.000157110660040424
-4.40260824597133e-15  5.02477652563716e-15 -1.48384853398355e-12 -2.24054490470745e-12  -1.0813443440844e-11      1.05800283412146 -2.14897180077019e-14  0.000253289132064874    0.0101014574524863  1.02404571708688e-12
-2.02359374992516e-15   2.4082067840153e-15 -7.06734482201262e-13 -1.04683046434031e-12 -4.65770214527967e-12 -2.14897180077019e-14      1.05800283412165    0.0101014574518613 -0.000253289132062139  3.76361650527064e-13
 5.57860658416376e-16   2.6105317008859e-15  1.58074065826673e-13  1.00679707967708e-12  1.26331764639934e-11  0.000253289132064874    0.0101014574518613     0.942103338148168  2.60958013029821e-14 -1.88372457977451e-12
 1.17559569699298e-15    4.884656598707e-15  3.04385170097698e-13  1.88500501403472e-12  2.48942879255158e-11    0.0101014574524863 -0.000253289132062139  2.60958013029821e-14     0.942103338148353 -2.81384716644174e-12
-5.22278841986228e-05  0.000104499196059253   0.00134100873977849    0.0574839559231051 -0.000157110660040424  1.02404571708688e-12  3.76361650527064e-13 -1.88372457977451e-12 -2.81384716644174e-12     0.619614846861081
RDM Eigenvectors: 
    0.999602400099421   -0.0264455485281155   0.00975070674051735  0.000738862003724994  0.000226006107195703  -2.9610372708471e-16  9.61452087115274e-16  6.19455787343577e-15  1.13433138477745e-15  3.74267753984616e-05
  -0.0263122093007059    -0.999460045662981   -0.0143041032498373    0.0135149803917759 -0.000129562573106236  4.85593612877264e-16 -3.90751461862406e-15 -9.13434832516315e-15 -1.63270687230241e-15 -7.69014568932056e-05
  -0.0101285376384603   -0.0139477036322537     0.999157761439301   0.00666264944779517    0.0366225560000815 -2.21466048127457e-13  1.01335207031493e-12  9.11778011458117e-13  1.68698984366654e-13  -0.00101957768519928
-0.000307825217679769    0.0136187946784933  -0.00782982634778942     0.998357824630278    0.0359280875135611 -3.28925515789401e-13  1.62185564650903e-12 -2.89292416538851e-13 -2.97136101550976e-14    -0.041760675540755
-0.000153054471373058   0.00010356833907631    0.0363643997342829    0.0362829621770006    -0.998678683703563 -3.81716443632546e-12  2.79157766390061e-11 -6.34896553122361e-11   -1.189052126313e-11   0.00142465844201729
 1.35028654158759e-14 -1.60411176082703e-14 -1.96018330488463e-12 -2.73921890145433e-12  3.07894574735599e-11     0.256710827388878     0.962635693357704   -0.0833540883437487    0.0220038390157856 -2.70859330517346e-12
 6.44090038937875e-15 -6.89933418340389e-15 -9.14798960362042e-13 -1.26862922273797e-12  1.31655379393815e-11    -0.962635693358162     0.256710827389003   -0.0220038390143403   -0.0833540883384538 -1.06901515291923e-12
-2.99985475890115e-15  8.56506058984797e-15  5.65753699844602e-13  1.30178271095042e-12 -2.80139160783755e-11   -0.0827154374981408     0.024294636724909      0.27835292903388      0.95660209801367  5.90278147928137e-12
-5.79570902061229e-15  1.60856383972166e-14  1.10904944842756e-12  2.50631273455639e-12 -5.51372547690229e-11    0.0242946367262347    0.0827154375034671     0.956602098013209    -0.278352929033766   8.8707486268607e-12
-6.24536894983677e-05  0.000478910105077353  0.000639026770594798    0.0416846392025404    0.0029630677580513 -6.95922427354514e-14  2.03543450074507e-12 -1.03078271767331e-11 -3.19383994853589e-12     0.999126102888645
Total C: 
   0.0262694111149097      0.99860667987013   -0.0132678388943497     0.244304521663413    0.0212055732754908 -8.00714148279672e-13 -7.20124428959165e-13  1.68158187979529e-13  1.30051413892184e-12    0.0168108697374862
  0.00071314617381168   0.00408094600374221      0.10697324930932     -1.01762011210763   -0.0852978723926182   3.2164215996351e-12  2.93483816326751e-12 -6.99337588276647e-13 -5.26155220792407e-12   -0.0683072031520652
-1.77927236031363e-14  1.39023002394983e-14 -1.62793337652932e-12  3.09217356202852e-13  1.86047647914062e-11    -0.488242611299279     0.407628931954716    -0.665262203510367    -0.391022960364269  1.06636809493983e-12
 1.02398468188659e-16 -4.48847279130217e-15  7.96985233123642e-13  9.55057922469778e-13 -1.84121093739377e-11     0.289012711166855     0.550997494218299    -0.299613025865703     0.723270625345122 -5.35008410633094e-12
-0.000103251925757574 -0.000201262510512182   0.00837207417480128   0.00342985477373661      0.60097758424945  3.12816006403332e-12  -2.8179788761901e-11 -1.72467238713406e-11  2.24407140484394e-11    -0.800028780676267
     0.99222405546599   -0.0228566769523579    -0.270886520505432   -0.0299440708296767  9.89199555674367e-05  7.73114218841538e-13 -3.90277952190528e-13    -2.82757702363e-13  1.48371437941523e-13  -0.00859396798067493
    0.029621525428381    -0.013579429755485      1.02171975009087      0.11711067706735  -0.00284619926276364 -2.98162190446083e-12  1.63923870119928e-12  1.12514226779502e-12 -6.84983113225048e-13    0.0350123985897583
-5.13155290722675e-15 -1.38041143309445e-14 -2.36872578372949e-12 -5.31176250440855e-12   2.9920747210311e-11    -0.667502699511739     0.382325460420513     0.598626546398178     0.223447074298502 -2.85351435127399e-13
 -4.0721664627654e-15 -1.86675686985038e-15 -3.46260076172839e-13 -2.36832708537412e-14  6.39349593279155e-11     0.478478365379536     0.616632217776111     0.336397573469348    -0.526948558243177  6.14208447445174e-12
-0.000196823358772366  0.000924226208872688   0.00806961065626942    0.0896599187477948    -0.778680644790099 -2.69140800726684e-12  3.86041831363374e-11  2.73113119444275e-11 -4.15702275106921e-11    -0.621908957654799
Basis set used: STO-3G
Naturals: 
 1.99999999397453  1.99999990375515  1.99995238124751  1.99648091145752  1.38614388916465  1.05887720440084  1.05887720440075 0.941228967869071 0.941228967868982 0.617210575861018
Version: Tmhuysen's fci hack
