The Davidson algorithm did not converge.lambda: -1
The Davidson algorithm did not converge.lambda: -0.9
The Davidson algorithm did not converge.lambda: -0.8
The Davidson algorithm did not converge.lambda: -0.7
The Davidson algorithm did not converge.lambda: -0.6
The Davidson algorithm did not converge.lambda: -0.5
The Davidson algorithm did not converge.lambda: -0.4
The Davidson algorithm did not converge.lambda: -0.3
The Davidson algorithm did not converge.lambda: -0.2
The Davidson algorithm did not converge.lambda: -0.1
TOTAL ENERGY: -127.165158979242	 lambda: 0	 population of target: 6.98402405053054
1RDM: 
     1.99999990762861 -1.28035518942656e-07  2.92789772692103e-06 -2.00959382646725e-05  0.000192793961851237 -4.11630865667452e-14  8.28235292974455e-15  6.84230287449432e-16  2.01753703603539e-14 -0.000197916688693018
-1.28035518942656e-07      1.99999963028356  -8.6101704965647e-06 -2.90969846058512e-05  6.89926806223621e-05 -4.93537988707696e-14 -1.11800695145889e-14 -2.26093115284224e-14  2.75617010284053e-14 -0.000539702558000078
 2.92789772692103e-06  -8.6101704965647e-06      1.99752952904971  0.000762956554922391   -0.0476348661546789 -7.53549325231706e-13 -1.06766642521696e-12 -2.68915773602123e-12  -2.1995409034755e-12   -0.0170997111183681
-2.00959382646725e-05 -2.90969846058512e-05  0.000762956554922391       1.9955291640144    0.0453861165937022 -6.30091379223942e-12  7.43550795760203e-13  4.98368731718234e-14  3.97893239897016e-12   -0.0436942904639639
 0.000192793961851237  6.89926806223621e-05   -0.0476348661546789    0.0453861165937022      0.85298545877897  1.16173440251349e-11 -8.77998377205034e-12 -3.81439863455406e-12 -6.94911556869833e-12    0.0221293191417128
-4.11630865667452e-14 -4.93537988707696e-14 -7.53549325231706e-13 -6.30091379223942e-12  1.16173440251349e-11      1.01704226646627 -8.17040038495106e-15  -0.00139048182158221  0.000100570664078966  6.27268749428072e-12
 8.28235292974455e-15 -1.11800695145889e-14 -1.06766642521696e-12  7.43550795760203e-13 -8.77998377205034e-12 -8.17040038495106e-15      1.01704226646668  0.000100570664085041   0.00139048182158127  5.26991831956859e-12
 6.84230287449432e-16 -2.26093115284224e-14 -2.68915773602123e-12  4.98368731718234e-14 -3.81439863455406e-12  -0.00139048182158221  0.000100570664085041     0.982976773911114  3.51929564839966e-14  1.02878639378951e-11
 2.01753703603539e-14  2.75617010284053e-14  -2.1995409034755e-12  3.97893239897016e-12 -6.94911556869833e-12  0.000100570664078966   0.00139048182158127  3.51929564839966e-14     0.982976773911515 -7.23621787344854e-12
-0.000197916688693018 -0.000539702558000078   -0.0170997111183681   -0.0436942904639639    0.0221293191417128  6.27268749428072e-12  5.26991831956859e-12  1.02878639378951e-11 -7.23621787344854e-12      1.15391822948917
TOTAL ENERGY: -127.164755507225	 lambda: 0.1	 population of target: 6.99624503380823
1RDM: 
     1.99999991822685 -1.31732796339039e-07  4.30318029642228e-06  -1.8186904180712e-05  0.000202682626268688 -4.08224382298933e-14  8.72282138567724e-15  1.20672240240239e-15  2.11172440745784e-14 -0.000193408028989128
-1.31732796339039e-07      1.99999964522392 -7.80288544127147e-06  -3.0415660005119e-05  9.11280561198926e-05 -5.10558276390404e-14 -1.08234395183292e-14 -2.28908986158317e-14  3.10570414148008e-14  -0.00055730981782605
 4.30318029642228e-06 -7.80288544127147e-06      1.99777807184208   0.00091106938289696   -0.0438381321440182 -1.17979394744126e-12 -8.38137208263449e-13 -2.62552524723644e-12 -1.84575339683344e-12   -0.0181754950348504
 -1.8186904180712e-05  -3.0415660005119e-05   0.00091106938289696      1.99586207174884    0.0456707022929457  -6.1884684393168e-12  7.12051384542575e-13  1.60863658606633e-14  4.13505737782305e-12   -0.0439042210070649
 0.000202682626268688  9.11280561198926e-05   -0.0438381321440182    0.0456707022929457     0.923259243403923  5.38422267743881e-12 -5.13037044054421e-12 -1.52064556302111e-12 -4.50849563730855e-12   0.00663093258735188
-4.08224382298933e-14 -5.10558276390404e-14 -1.17979394744126e-12  -6.1884684393168e-12  5.38422267743881e-12        1.009152011736   1.7929903569017e-15 -0.000750236850704288 -1.92730909813115e-06  4.91988952601385e-12
 8.72282138567724e-15 -1.08234395183292e-14 -8.38137208263449e-13  7.12051384542575e-13 -5.13037044054421e-12   1.7929903569017e-15      1.00915201173592 -1.92730909706945e-06  0.000750236850703981  1.78100033278441e-12
 1.20672240240239e-15 -2.28908986158317e-14 -2.62552524723644e-12  1.60863658606633e-14 -1.52064556302111e-12 -0.000750236850704288 -1.92730909706945e-06      0.99086201499713 -7.25483053991094e-15    5.706884497227e-12
 2.11172440745784e-14  3.10570414148008e-14 -1.84575339683344e-12  4.13505737782305e-12 -4.50849563730855e-12 -1.92730909813115e-06  0.000750236850703981 -7.25483053991094e-15     0.990862014997046 -3.91967602786928e-12
-0.000193408028989128  -0.00055730981782605   -0.0181754950348504   -0.0439042210070649   0.00663093258735188  4.91988952601385e-12  1.78100033278441e-12    5.706884497227e-12 -3.91967602786928e-12      1.08307299608829
TOTAL ENERGY: -127.164449177317	 lambda: 0.2	 population of target: 6.99843443690596
1RDM: 
     1.99999991892614 -1.30125214599175e-07  4.76723928450704e-06 -1.79574912946197e-05   0.00020695168003041 -4.07136458399382e-14  9.09943169542932e-15  1.50998463593642e-15  2.11401245766098e-14 -0.000189769164217781
-1.30125214599175e-07      1.99999965331678  -7.2195629603276e-06 -3.04119677105756e-05  0.000100886223918132 -5.15060040590609e-14 -1.02119168197473e-14 -2.26298436585471e-14  3.16375928660438e-14 -0.000557415821352153
 4.76723928450704e-06  -7.2195629603276e-06      1.99785744654667  0.000964788629397381   -0.0426520262260583 -1.30370779648064e-12 -7.82355159365513e-13 -2.57518783029476e-12 -1.72384185907868e-12   -0.0182829325278688
-1.79574912946197e-05 -3.04119677105756e-05  0.000964788629397381      1.99590929655241    0.0459639819733828 -6.18308468316075e-12   7.3910920090745e-13  2.99112065549155e-14  4.14569911092429e-12   -0.0437163050621102
  0.00020695168003041  0.000100886223918132   -0.0426520262260583    0.0459639819733828     0.945726673044588   4.4176025820113e-12 -3.41286280245107e-12 -1.50493330851006e-12 -3.81777421744597e-12   0.00332516716829516
-4.07136458399382e-14 -5.15060040590609e-14 -1.30370779648064e-12 -6.18308468316075e-12   4.4176025820113e-12       1.0066171931956  1.59794023559126e-14 -0.000543222654199069 -1.51055732736144e-05  4.38793176644232e-12
 9.09943169542932e-15 -1.02119168197473e-14 -7.82355159365513e-13   7.3910920090745e-13 -3.41286280245107e-12  1.59794023559126e-14      1.00661719319578 -1.51055732738732e-05  0.000543222654198854  1.53551356916579e-12
 1.50998463593642e-15 -2.26298436585471e-14 -2.57518783029476e-12  2.99112065549155e-14 -1.50493330851006e-12 -0.000543222654199069 -1.51055732738732e-05     0.993395983309242 -4.07759992197105e-15  3.75644342392967e-12
 2.11401245766098e-14  3.16375928660438e-14 -1.72384185907868e-12  4.14569911092429e-12 -3.81777421744597e-12 -1.51055732736144e-05  0.000543222654198854 -4.07759992197105e-15     0.993395983309424 -3.59901862530414e-12
-0.000189769164217781 -0.000557415821352153   -0.0182829325278688   -0.0437163050621102   0.00332516716829516  4.38793176644232e-12  1.53551356916579e-12  3.75644342392967e-12 -3.59901862530414e-12      1.06048065860339
TOTAL ENERGY: -127.164261868131	 lambda: 0.3	 population of target: 6.99920502364165
1RDM: 
      1.9999999187535 -1.28211241584058e-07   5.0607125942398e-06 -1.79115426586929e-05  0.000209860402602217 -4.06724604719035e-14  9.33331939083966e-15  1.76614703752052e-15  2.11906655941339e-14 -0.000186860139792852
-1.28211241584058e-07      1.99999965997844 -6.76727098537718e-06 -3.02444795129276e-05  0.000106883125776384 -5.16216067375078e-14 -9.80564166674082e-15 -2.22464426037745e-14  3.18971449319078e-14 -0.000554163702551732
  5.0607125942398e-06 -6.76727098537718e-06      1.99789487270851   0.00100268265142052   -0.0421351237719066  -1.3345718006668e-12 -7.49803471390189e-13 -2.55266250502739e-12 -1.69034333248598e-12   -0.0182115708344731
-1.79115426586929e-05 -3.02444795129276e-05   0.00100268265142052      1.99591944487004    0.0462566540585861 -6.18244894186263e-12  7.59839039248185e-13  5.16892326152499e-14  4.15588412940943e-12   -0.0434875920039673
 0.000209860402602217  0.000106883125776384   -0.0421351237719066    0.0462566540585861      0.95614782416294  3.54461547078816e-12 -2.80132393592774e-12 -1.24110267820581e-12  -3.0590672186554e-12   0.00202536707116625
-4.06724604719035e-14 -5.16216067375078e-14  -1.3345718006668e-12 -6.18244894186263e-12  3.54461547078816e-12      1.00543904121723  9.63469292707929e-15 -0.000446808562485788 -1.83293243301901e-05   3.6820865215173e-12
 9.33331939083966e-15 -9.80564166674082e-15 -7.49803471390189e-13  7.59839039248185e-13 -2.80132393592774e-12  9.63469292707929e-15      1.00543904121729 -1.83293243300272e-05  0.000446808562485545  1.22997580894034e-12
 1.76614703752052e-15 -2.22464426037745e-14 -2.55266250502739e-12  5.16892326152499e-14 -1.24110267820581e-12 -0.000446808562485788 -1.83293243300272e-05     0.994573863369801 -5.56016466199311e-15  3.07335645414332e-12
 2.11906655941339e-14  3.18971449319078e-14 -1.69034333248598e-12  4.15588412940943e-12  -3.0590672186554e-12 -1.83293243301901e-05  0.000446808562485545 -5.56016466199311e-15     0.994573863369864 -3.01461540730275e-12
-0.000186860139792852 -0.000554163702551732   -0.0182115708344731   -0.0434875920039673   0.00202536707116625   3.6820865215173e-12  1.22997580894034e-12  3.07335645414332e-12 -3.01461540730275e-12      1.05001247035242
TOTAL ENERGY: -127.164132181391	 lambda: 0.4	 population of target: 6.99958078258207
1RDM: 
     1.99999991845306 -1.26286479800456e-07   5.2955174492642e-06 -1.79011915495016e-05  0.000212145960536697 -4.06208269465352e-14  9.52108185917774e-15  1.97856885006488e-15  2.12179839743586e-14 -0.000184387927527299
-1.26286479800456e-07      1.99999966604709  -6.3911089242108e-06 -3.00317486647719e-05  0.000110942705811211  -5.1515514262018e-14 -9.47626829114144e-15 -2.18681058797028e-14  3.19440124035037e-14 -0.000549778234894959
  5.2955174492642e-06  -6.3911089242108e-06      1.99791456440588   0.00103572298991492   -0.0419043907471476 -1.33937229926519e-12 -7.32399043241311e-13 -2.53668079263372e-12 -1.68177475999702e-12   -0.0180706863907313
-1.79011915495016e-05 -3.00317486647719e-05   0.00103572298991492      1.99591993668249    0.0465415203158613 -6.18163244495937e-12  7.80592892725021e-13  7.35814717301026e-14  4.16461208188837e-12   -0.0432598517967538
 0.000212145960536697  0.000110942705811211   -0.0419043907471476    0.0465415203158613     0.961615879327955  3.08885441682975e-12 -2.47991737675449e-12 -1.10125178452087e-12 -2.66282347572443e-12   0.00136899742125892
-4.06208269465352e-14  -5.1515514262018e-14 -1.33937229926519e-12 -6.18163244495937e-12  3.08885441682975e-12      1.00481975705384  1.83781765520872e-14 -0.000396105496019547 -1.96738750735979e-05  3.31040561509752e-12
 9.52108185917774e-15 -9.47626829114144e-15 -7.32399043241311e-13  7.80592892725021e-13 -2.47991737675449e-12  1.83781765520872e-14      1.00481975705398 -1.96738750742235e-05  0.000396105496019205  1.07132869364795e-12
 1.97856885006488e-15 -2.18681058797028e-14 -2.53668079263372e-12  7.35814717301026e-14 -1.10125178452087e-12 -0.000396105496019547 -1.96738750742235e-05     0.995193035424391 -9.27765850497206e-15  2.71607497011426e-12
 2.12179839743586e-14  3.19440124035037e-14 -1.68177475999702e-12  4.16461208188837e-12 -2.66282347572443e-12 -1.96738750735979e-05  0.000396105496019205 -9.27765850497206e-15     0.995193035424532 -2.70654251668944e-12
-0.000184387927527299 -0.000549778234894959   -0.0180706863907313   -0.0432598517967538   0.00136899742125892  3.31040561509752e-12  1.07132869364795e-12  2.71607497011426e-12 -2.70654251668944e-12      1.04452445012675
TOTAL ENERGY: -127.164028563922	 lambda: 0.5	 population of target: 6.99981262311324
1RDM: 
     1.99999991811436 -1.24307981441881e-07  5.50837528459131e-06 -1.78966720708058e-05  0.000214077350983396 -4.05648712132796e-14  9.68226203808258e-15  2.16519236400426e-15  2.12331274299745e-14 -0.000182180666678332
-1.24307981441881e-07      1.99999967186986 -6.06386486778455e-06 -2.97926659646984e-05  0.000113721734661698 -5.12749996038993e-14 -9.20146582436791e-15 -2.15012041888631e-14  3.18592574474932e-14 -0.000544788241427086
 5.50837528459131e-06 -6.06386486778455e-06      1.99792416219866   0.00106749103040963   -0.0418380895149622 -1.32890705755731e-12 -7.23563987967086e-13 -2.52423934878496e-12 -1.68777068278047e-12   -0.0178859169264193
-1.78966720708058e-05 -2.97926659646984e-05   0.00106749103040963      1.99591694850783    0.0468225101284401 -6.18106004947261e-12  8.01289312076474e-13   9.5348371188281e-14  4.17279097695517e-12   -0.0430363574585376
 0.000214077350983396  0.000113721734661698   -0.0418380895149622    0.0468225101284401     0.964398245435476  2.85362118301002e-12 -2.31750086863898e-12 -1.03220869448178e-12 -2.45917929125023e-12  0.000993914277245145
-4.05648712132796e-14 -5.12749996038993e-14 -1.32890705755731e-12 -6.18106004947261e-12  2.85362118301002e-12      1.00450343290604  4.25559529772742e-15 -0.000370237362942588 -2.08345272392688e-05  3.12410785226547e-12
 9.68226203808258e-15 -9.20146582436791e-15 -7.23563987967086e-13  8.01289312076474e-13 -2.31750086863898e-12  4.25559529772742e-15      1.00450343290609 -2.08345272391851e-05  0.000370237362942419  9.88638197979523e-13
 2.16519236400426e-15 -2.15012041888631e-14 -2.52423934878496e-12   9.5348371188281e-14 -1.03220869448178e-12 -0.000370237362942588 -2.08345272391851e-05     0.995509310017592 -1.02315463083787e-15   2.5330347324241e-12
 2.12331274299745e-14  3.18592574474932e-14 -1.68777068278047e-12  4.17279097695517e-12 -2.45917929125023e-12 -2.08345272392688e-05  0.000370237362942419 -1.02315463083787e-15     0.995509310017642 -2.55304223445056e-12
-0.000182180666678332 -0.000544788241427086   -0.0178859169264193   -0.0430363574585376  0.000993914277245145  3.12410785226547e-12  9.88638197979523e-13   2.5330347324241e-12 -2.55304223445056e-12      1.04173556802653
TOTAL ENERGY: -127.16393038441	 lambda: 0.6	 population of target: 6.99999151587575
1RDM: 
      1.9999999177067 -1.22169774689844e-07  5.71948260602923e-06 -1.78892790238131e-05  0.000215803941529327 -4.05053480943806e-14  9.82824472504854e-15  2.33748081581573e-15  2.12405534749698e-14 -0.000180117884468374
-1.22169774689844e-07      1.99999967767942 -5.77014594794025e-06 -2.95251163202006e-05  0.000115514090452793 -5.09247103217135e-14 -8.96697896366193e-15 -2.11392871147637e-14  3.16690604912315e-14 -0.000539259596407271
 5.71948260602923e-06 -5.77014594794025e-06      1.99792647248359   0.00110002964717693   -0.0418914583903685 -1.30670339235373e-12 -7.20742351391685e-13 -2.51394292714932e-12 -1.70483147982213e-12   -0.0176613406869641
-1.78892790238131e-05 -2.95251163202006e-05   0.00110002964717693      1.99591244490141    0.0471085764679144 -6.18069915057818e-12  8.22506976653018e-13  1.17599426041481e-13  4.18084348852938e-12   -0.0428102681143229
 0.000215803941529327  0.000115514090452793   -0.0418914583903685    0.0471085764679144     0.965351031056378  2.76495381765028e-12 -2.26442586968073e-12 -1.01373992120021e-12 -2.38430160491311e-12  0.000766967659764253
-4.05053480943806e-14 -5.09247103217135e-14 -1.30670339235373e-12 -6.18069915057818e-12  2.76495381765028e-12      1.00439283308247  8.50379970421844e-15 -0.000361269577924123 -2.24059946944557e-05  3.06690135780759e-12
 9.82824472504854e-15 -8.96697896366193e-15 -7.20742351391685e-13  8.22506976653018e-13 -2.26442586968073e-12  8.50379970421844e-15      1.00439283308255 -2.24059946947808e-05  0.000361269577923897  9.55361737466259e-13
 2.33748081581573e-15 -2.11392871147637e-14 -2.51394292714932e-12  1.17599426041481e-13 -1.01373992120021e-12 -0.000361269577924123 -2.24059946947808e-05      0.99561989280634 -3.30867562922419e-15  2.46710775554913e-12
 2.12405534749698e-14  3.16690604912315e-14 -1.70483147982213e-12  4.18084348852938e-12 -2.38430160491311e-12 -2.24059946944557e-05  0.000361269577923897 -3.30867562922419e-15     0.995619892806421 -2.50792193679073e-12
-0.000180117884468374 -0.000539259596407271   -0.0176613406869641   -0.0428102681143229  0.000766967659764253  3.06690135780759e-12  9.55361737466259e-13  2.46710775554913e-12 -2.50792193679073e-12      1.04078500439476
TOTAL ENERGY: -127.163816710276	 lambda: 0.7	 population of target: 7.00016618687729
1RDM: 
     1.99999991713445 -1.19710867576551e-07   5.9469581263152e-06 -1.78752408358478e-05  0.000217442325775864 -4.04412684752448e-14  9.96814155042157e-15  2.50522086241362e-15  2.12427643641282e-14 -0.000178092954738612
-1.19710867576551e-07      1.99999968367877 -5.50111501040723e-06 -2.92180016349457e-05  0.000116450170030831 -5.04605355477407e-14 -8.76205928146075e-15 -2.07697957416814e-14  3.13745417426045e-14 -0.000533043126442217
  5.9469581263152e-06 -5.50111501040723e-06      1.99792214709221   0.00113517287958857   -0.0420532834856103 -1.27308862435268e-12 -7.23117280350498e-13 -2.50507467428562e-12 -1.73247629636799e-12   -0.0173912361785596
-1.78752408358478e-05 -2.92180016349457e-05   0.00113517287958857      1.99590724480552      0.04741330276117 -6.18031504586963e-12  8.45292736827218e-13  1.41503979097079e-13  4.18905024626609e-12   -0.0425684005501207
 0.000217442325775864  0.000116450170030831   -0.0420532834856103      0.04741330276117     0.964728747596689  2.79906236033536e-12 -2.30639057976683e-12 -1.04096420454422e-12 -2.41811135713452e-12  0.000627700191378639
-4.04412684752448e-14 -5.04605355477407e-14 -1.27308862435268e-12 -6.18031504586963e-12  2.79906236033536e-12      1.00445800853552 -4.52627799323453e-15 -0.000366773968952744 -2.48169247010328e-05  3.12347168989664e-12
 9.96814155042157e-15 -8.76205928146075e-15 -7.23117280350498e-13  8.45292736827218e-13 -2.30639057976683e-12 -4.52627799323453e-15      1.00445800853555 -2.48169247009051e-05  0.000366773968952777  9.62500873494466e-13
 2.50522086241362e-15 -2.07697957416814e-14 -2.50507467428562e-12  1.41503979097079e-13 -1.04096420454422e-12 -0.000366773968952744 -2.48169247009051e-05     0.995554724243466  6.65162790879734e-15  2.50052331504875e-12
 2.12427643641282e-14  3.13745417426045e-14 -1.73247629636799e-12  4.18905024626609e-12 -2.41811135713452e-12 -2.48169247010328e-05  0.000366773968952777  6.65162790879734e-15     0.995554724243497 -2.55891475374437e-12
-0.000178092954738612 -0.000533043126442217   -0.0173912361785596   -0.0425684005501207  0.000627700191378639  3.12347168989664e-12  9.62500873494466e-13  2.50052331504875e-12 -2.55891475374437e-12      1.04141679413439
TOTAL ENERGY: -127.163654225027	 lambda: 0.8	 population of target: 7.00038206355826
1RDM: 
     1.99999991619134 -1.16654377671244e-07  6.21579466083507e-06 -1.78517562341074e-05  0.000219120160796471 -4.03704565445043e-14   1.0112000771368e-14  2.67964103599357e-15  2.12418841081018e-14  -0.00017598272343747
-1.16654377671244e-07      1.99999969007508 -5.25395918052978e-06 -2.88506248185006e-05  0.000116551882188894 -4.98543753185841e-14  -8.5768600419673e-15 -2.03729837152347e-14  3.09568222268563e-14  -0.00052578916806935
 6.21579466083507e-06 -5.25395918052978e-06      1.99791015589892   0.00117524857650722   -0.0423361916426173 -1.22597115142822e-12 -7.31059664116131e-13 -2.49730137059425e-12 -1.77247638175968e-12   -0.0170611390848193
-1.78517562341074e-05 -2.88506248185006e-05   0.00117524857650722      1.99590186901296    0.0477580824131612 -6.17941487834917e-12  8.71392088392899e-13  1.69049920337072e-13  4.19764334862207e-12   -0.0422882028895252
 0.000219120160796471  0.000116551882188894   -0.0423361916426173    0.0477580824131612     0.962374223242307  2.96436837193384e-12 -2.45382844121218e-12 -1.12084557845191e-12 -2.56912618452634e-12  0.000540792885180298
-4.03704565445043e-14 -4.98543753185841e-14 -1.22597115142822e-12 -6.17941487834917e-12  2.96436837193384e-12      1.00471416234979  7.33477091539621e-15 -0.000388036342728318 -2.86778990567948e-05   3.3081813973933e-12
  1.0112000771368e-14  -8.5768600419673e-15 -7.31059664116131e-13  8.71392088392899e-13 -2.45382844121218e-12  7.33477091539621e-15      1.00471416234984 -2.86778990569763e-05  0.000388036342728018  1.01174560594284e-12
 2.67964103599357e-15 -2.03729837152347e-14 -2.49730137059425e-12  1.69049920337072e-13 -1.12084557845191e-12 -0.000388036342728318 -2.86778990569763e-05      0.99529860435687 -3.56405761721098e-15  2.64151522031482e-12
 2.12418841081018e-14  3.09568222268563e-14 -1.77247638175968e-12  4.19764334862207e-12 -2.56912618452634e-12 -2.86778990567948e-05  0.000388036342728018 -3.56405761721098e-15     0.995298604356928  -2.7186809699307e-12
 -0.00017598272343747  -0.00052578916806935   -0.0170611390848193   -0.0422882028895252  0.000540792885180298   3.3081813973933e-12  1.01174560594284e-12  2.64151522031482e-12  -2.7186809699307e-12      1.04378861216601
TOTAL ENERGY: -127.163369791112	 lambda: 0.9	 population of target: 7.00071495430953
1RDM: 
      1.9999999143863 -1.12427951604191e-07  6.57353438947665e-06 -1.78156770689749e-05  0.000221029522262588 -4.02889121715148e-14  1.02749332710024e-14  2.87794117135169e-15  2.12406972113937e-14 -0.000173599336781445
-1.12427951604191e-07      1.99999969708887 -5.03702211300107e-06  -2.8383863539949e-05   0.00011572126566709 -4.90418920558677e-14 -8.39968704263383e-15 -1.99148970683458e-14  3.03681321030151e-14 -0.000516810967953208
 6.57353438947665e-06 -5.03702211300107e-06      1.99788690120605   0.00122408030074362    -0.042783978854452 -1.15991212583897e-12 -7.46429840127162e-13 -2.49066570361749e-12 -1.82968241711996e-12   -0.0166428579267059
-1.78156770689749e-05  -2.8383863539949e-05   0.00122408030074362        1.995896977613    0.0481809928942367 -6.17692290812541e-12  9.04012192192747e-13   2.0394943250321e-13   4.2068143291139e-12   -0.0419269720501892
 0.000221029522262588   0.00011572126566709    -0.042783978854452    0.0481809928942367     0.957607294480792  3.30729489513183e-12 -2.74928734488599e-12 -1.27721585467292e-12 -2.88039781873033e-12  0.000469659555161906
-4.02889121715148e-14 -4.90418920558677e-14 -1.15991212583897e-12 -6.17692290812541e-12  3.30729489513183e-12       1.0052319580321  7.73114894997173e-15 -0.000430935916642112 -3.52164983625363e-05  3.67535450747804e-12
 1.02749332710024e-14 -8.39968704263383e-15 -7.46429840127162e-13  9.04012192192747e-13 -2.74928734488599e-12  7.73114894997173e-15       1.0052319580321 -3.52164983619764e-05  0.000430935916641724  1.11659745052236e-12
 2.87794117135169e-15 -1.99148970683458e-14 -2.49066570361749e-12   2.0394943250321e-13 -1.27721585467292e-12 -0.000430935916642112 -3.52164983619764e-05     0.994780887823264  -7.7023138489767e-15  2.93006963010238e-12
 2.12406972113937e-14  3.03681321030151e-14 -1.82968241711996e-12   4.2068143291139e-12 -2.88039781873033e-12 -3.52164983625363e-05  0.000430935916641724  -7.7023138489767e-15     0.994780887823264 -3.03382969215344e-12
-0.000173599336781445 -0.000516810967953208   -0.0166428579267059   -0.0419269720501892  0.000469659555161906  3.67535450747804e-12  1.11659745052236e-12  2.93006963010238e-12 -3.03382969215344e-12      1.04858352351433
TOTAL ENERGY: -127.1627566472	 lambda: 1	 population of target: 7.00135609294081
1RDM: 
     1.99999991031344 -1.05557949700102e-07  7.13852101127325e-06 -1.77638453579679e-05  0.000223552512527212 -4.01879226311037e-14  1.04870443171184e-14  3.13467471037044e-15  2.12443386945512e-14 -0.000170565628251139
-1.05557949700102e-07      1.99999970486959 -4.89394399465877e-06 -2.77311577978125e-05  0.000113625263855686 -4.78762797078379e-14 -8.21190500586062e-15 -1.93264902947533e-14   2.9496222385333e-14 -0.000504626806742915
 7.13852101127325e-06 -4.89394399465877e-06       1.9978423033728   0.00128957579802238    -0.043507410240711 -1.06224199444698e-12 -7.74266752863674e-13 -2.48598781765354e-12 -1.91560091816757e-12     -0.01607818854466
-1.77638453579679e-05 -2.77311577978125e-05   0.00128957579802238      1.99589404725293     0.048761894687976 -6.17010601371085e-12  9.50055319253443e-13   2.5433410294271e-13  4.21655842537412e-12   -0.0413892661729146
 0.000223552512527212  0.000113625263855686    -0.043507410240711     0.048761894687976     0.948636478628729  3.95074067512877e-12  -3.3044883873511e-12 -1.57255578551229e-12 -3.46596181660205e-12  0.000326169965088291
-4.01879226311037e-14 -4.78762797078379e-14 -1.06224199444698e-12 -6.17010601371085e-12  3.95074067512877e-12      1.00619607487432  7.83411755693673e-15 -0.000510816171883901 -4.74978126864418e-05  4.36787775233531e-12
 1.04870443171184e-14 -8.21190500586062e-15 -7.74266752863674e-13  9.50055319253443e-13  -3.3044883873511e-12  7.83411755693673e-15       1.0061960748745  -4.7497812688561e-05  0.000510816171883581  1.31316554534787e-12
 3.13467471037044e-15 -1.93264902947533e-14 -2.48598781765354e-12   2.5433410294271e-13 -1.57255578551229e-12 -0.000510816171883901  -4.7497812688561e-05     0.993816952598361  3.66851827143174e-15  3.47170289684244e-12
 2.12443386945512e-14   2.9496222385333e-14 -1.91560091816757e-12  4.21655842537412e-12 -3.46596181660205e-12 -4.74978126864418e-05  0.000510816171883581  3.66851827143174e-15     0.993816952598539 -3.62652505352872e-12
-0.000170565628251139 -0.000504626806742915     -0.01607818854466   -0.0413892661729146  0.000326169965088291  4.36787775233531e-12  1.31316554534787e-12  3.47170289684244e-12 -3.62652505352872e-12      1.05760150061683
-------------------general-----------------------
mullikenoperator: 
   0.0013600617091005     0.036253122926796  0.000989468872699048   0.00655256081197479  8.48302590563781e-05 -9.47949697187449e-15  7.20842525839578e-16  1.57165291832656e-15 -2.86544575142033e-15 -9.49601572217807e-05
    0.036253122926796     0.998533746969011   -0.0119964574036731   0.00239300518820204   0.00041870161592657  1.66020513326631e-15 -1.74547536454425e-15  1.87861609248875e-14  1.91575145054979e-14  1.20158985987372e-06
 0.000989468872699047   -0.0119964574036731    0.0468037683412733     0.209611341318499    0.0156315600889146 -1.04877374956893e-12 -6.73101515291695e-13  7.42874060655637e-13  2.73955098561906e-13   -0.0172414512979034
  0.00655256081197478   0.00239300518820196     0.209611341318499     0.953861787289851  -0.00514051965780865 -6.35150833544191e-13  3.05573295738331e-13 -7.82321185456716e-14 -9.37492085665678e-13   0.00215925040281106
 8.48302590563782e-05   0.00041870161592657    0.0156315600889146  -0.00514051965780865     0.472889421278149 -3.03692310105873e-12  1.83805567922365e-12 -2.89055980061203e-12 -7.73902657526937e-12     -0.49901800799414
-9.47949697187451e-15  1.66020513326642e-15 -1.04877374956893e-12 -6.35150833544192e-13 -3.03692310105871e-12     0.494768685015035 -5.36854902980638e-15   -0.0323762528205483    -0.498923437469545  8.09927317713298e-12
 7.20842525839591e-16 -1.74547536454424e-15 -6.73101515291695e-13  3.05573295738331e-13  1.83805567922363e-12 -5.34791191907948e-15      0.49476868501509    -0.498923437469545    0.0323762528205486  2.24179490767283e-12
 1.57165291832655e-15  1.87861609248875e-14  7.42874060655637e-13 -7.82321185456718e-14 -2.89055980061203e-12   -0.0323762528205484    -0.498923437469545      0.50523131498491  8.77858847897137e-15 -1.49138937645061e-12
-2.86544575142031e-15   1.9157514505498e-14  2.73955098561906e-13 -9.37492085665677e-13 -7.73902657526938e-12    -0.498923437469545    0.0323762528205486   8.7186998614687e-15     0.505231314984963  3.50926760577642e-12
-9.49601572217808e-05   1.2015898598742e-06   -0.0172414512979034   0.00215925040281106     -0.49901800799414    8.099273177133e-12  2.24179490767281e-12 -1.49138937645061e-12  3.50926760577642e-12     0.526551214412615
selected BF: 
0 1 2 3 4
selected lambdas: 
  -1 -0.9 -0.8 -0.7 -0.6 -0.5 -0.4 -0.3 -0.2 -0.1    0  0.1  0.2  0.3  0.4  0.5  0.6  0.7  0.8  0.9    1
RHF C: 
 8.07085390814217e-06     0.995374722522481    -0.260158531184896   0.00404496749646568   -0.0014716960835634  2.17355160107504e-13  6.45760864730076e-14 -4.38513917740636e-14 -1.13449906963804e-13   0.00169101442333213
-5.08599197226358e-05    0.0189566035961892      1.02849813688638   -0.0160091539134831    0.0058904517588478 -8.67913473418916e-13 -2.57862614309363e-13  1.72554146432111e-13  4.46425554557571e-13  -0.00676474828709489
-3.13151302266378e-16  7.14792000968711e-16 -2.13642062487034e-14  2.03424991975587e-13 -3.08527720287015e-11    -0.008407277338747   -0.0845821299973237     0.996175158604935     0.020272488492901  4.58072384569406e-13
-4.76553723396121e-16  1.73644036980928e-15 -5.41206864639405e-14  4.92388355142668e-13 -7.49370767362518e-11   -0.0845821299972819   0.00840727733874423   -0.0202724884929008     0.996175158604938  1.11399071659256e-12
-8.99584262100763e-05  1.91251540697196e-05   0.00589950183680018    0.0143446950112188    -0.999803323479396  3.99436109800458e-12  1.20698218508492e-12 -2.92886595372998e-11 -7.54659447500532e-11   -0.0161049412843926
    0.995039790036005   1.6008614422003e-05  -0.00334495280807761    -0.263054341330715  -0.00520201441105853  4.12754901296023e-13   1.2202509284032e-13 -9.04243876515595e-14 -2.33345999828116e-13   0.00403317882755365
   0.0201460210095088 -4.89269965832676e-05    0.0130037267017542      1.02866234781126    0.0205947846086201 -1.63800985494023e-12  -4.8428043287925e-13  3.61291401849459e-13  9.31524768050799e-13   -0.0157181392151751
 2.70156548105777e-15  2.49556849813391e-16  1.13082702049878e-13  1.16778604572191e-13 -4.89928233000068e-13    0.0985596611457745     0.991567868563482     0.084124692225608   0.00171196484945497 -3.16929327637305e-11
 6.63689680475679e-15  6.03282466439607e-16  2.75828228101177e-13  2.89463521681451e-13 -1.19903832437293e-12     0.991567868563486   -0.0985596611457749  -0.00171196484945534    0.0841246922255665 -7.77438131882786e-11
 1.14696686061297e-05  7.27940476097068e-05  -0.00211486958194687    -0.015453219757317    0.0070375420609295 -8.03280679065905e-11 -2.37982124185748e-11 -1.91606870651324e-12 -5.00351848125208e-12    -0.999903842352186
RDM (no constraint): 
      1.9999999971638  9.44801246551549e-09  1.04707086271631e-06 -3.14890260642088e-07   6.4268502311871e-06 -6.57642818394122e-15 -1.95119640227065e-15  2.89425665599213e-16  5.47201113947673e-16  4.47252937304455e-06
 9.44801246551549e-09      1.99999988633061 -9.72274690571891e-06  1.55296941799571e-06 -6.37768601617374e-05 -3.53581840985461e-15 -1.04884976999148e-15 -2.64929919578856e-15 -6.82937348088738e-15 -4.27596088829405e-05
 1.04707086271631e-06 -9.72274690571891e-06      1.99750752382475  0.000806403638104911   -0.0431071290002642   1.1420207248529e-13  3.43103317748857e-14 -1.24387380484369e-12 -3.20255142036299e-12   0.00219378764431166
-3.14890260642088e-07  1.55296941799571e-06  0.000806403638104911      1.99950230413488    0.0126259115884135 -1.52201484400413e-12 -4.49672918114211e-13  1.37503629556728e-13  3.54922443173507e-13   -0.0150419192192653
  6.4268502311871e-06 -6.37768601617374e-05   -0.0431071290002642    0.0126259115884135     0.990624681756933 -1.35365400962396e-11 -4.01507672424449e-12 -6.47324035801737e-13 -1.67866042577317e-12    -0.152847345825007
-6.57642818394122e-15 -3.53581840985461e-15   1.1420207248529e-13 -1.52201484400413e-12 -1.35365400962396e-11     0.997315308164843  4.29388287979642e-15   0.00132718880335443    0.0168237308153975  1.92184151830502e-12
-1.95119640227065e-15 -1.04884976999148e-15  3.43103317748857e-14 -4.49672918114211e-13 -4.01507672424449e-12  4.29388287979642e-15     0.997315308164835    0.0168237308154348  -0.00132718880341792  5.72907425682995e-13
 2.89425665599213e-16 -2.64929919578856e-15 -1.24387380484369e-12  1.37503629556728e-13 -6.47324035801737e-13   0.00132718880335443    0.0168237308154348      1.00270373222249 -4.86772819429598e-15 -4.95378725759081e-12
 5.47201113947673e-16 -6.82937348088738e-15 -3.20255142036299e-12  3.54922443173507e-13 -1.67866042577317e-12    0.0168237308153975  -0.00132718880341792 -4.86772819429598e-15      1.00270373222248 -1.27805515388402e-11
 4.47252937304455e-06 -4.27596088829405e-05   0.00219378764431166   -0.0150419192192653    -0.152847345825007  1.92184151830502e-12  5.72907425682995e-13 -4.95378725759081e-12 -1.27805515388402e-11      1.01232752601438
RDM Eigenvectors: 
    0.999318619711183    -0.036215549696741   0.00697896228782394   0.00142277783559282  1.32862477571113e-06   9.6196973088466e-16  4.60108668639923e-15  5.33109369742625e-15  1.02363587374741e-15  6.74897734438909e-06
  -0.0362550871870264    -0.999227268697619   0.00867502789805626   -0.0124568642936561 -1.45187858408792e-05  3.72437775553455e-16  1.92785699806734e-15 -1.04233248875195e-15  3.29745112013719e-17 -6.60022747513142e-05
 0.000493490697919987     0.013928051950123      0.20111573496507    -0.978435404677688   -0.0365601414701076  3.19756593887134e-14  1.68239994400926e-13  2.45831127465245e-13  4.97855821078451e-14   -0.0261866743623585
 -0.00689857413172542   0.00625247910707369     0.979364860107488     0.200547705649185    0.0231891415806022  1.14507220291346e-13  5.85558294977328e-13 -1.56682768312482e-13 -2.88427052427073e-14 -0.000817580704023644
-0.000118488617093174 -0.000461308145758134   0.00599261628401975    0.0461976296559982    -0.678386121407958 -1.10123309084142e-11 -5.68746299230246e-11  5.56059812430527e-11  1.09915755312046e-11    -0.733227052829169
 5.86636166861681e-15   1.4256079406604e-15 -1.57658306142288e-12 -1.00712382733352e-12  6.24927396613954e-11     0.301180250809196     0.574860752876005     0.672506094647301     0.355754302837756 -5.06749063035857e-11
 1.72890187988405e-15  4.38650114331519e-16 -4.65870309523429e-13 -2.98619092853378e-13  1.85303955654268e-11    -0.574860752875994     0.301180250809171     0.355754302837778     -0.67250609464731 -1.49969145362843e-11
-1.70373113968402e-15 -1.34917572672316e-14 -5.31981227030225e-14  1.27394295544786e-12 -1.82877754763697e-11    -0.644061127272299     0.404982512785561    -0.347638743943029     0.548016178943962 -2.28894402858019e-11
 -4.6157809353767e-15  -3.5386624560279e-14 -1.36097175105679e-13  3.27974680685462e-12 -4.70880600086124e-11      0.40498251278554     0.644061127272288    -0.548016178943975    -0.347638743943053 -5.90404684941936e-11
 0.000130590674498256  5.01990512543032e-05   -0.0153967029758151   -0.0123837749262566     0.733428858061194 -1.13847234745534e-11 -5.77590856284557e-11 -5.86923070143573e-11 -1.18060173291846e-11    -0.679478972629201
Total C: 
  -0.0378498494064145    -0.996913218296981    -0.042406555415002    -0.247790920479534  -0.00207285708781025  2.62579212725771e-13  2.29932802471617e-14 -1.66994456136013e-13  1.75998192536218e-13    0.0017770664638614
  0.00641768532774469  -0.00981807644946755     0.222736875669695      1.00432533674214   0.00637916663790736 -1.02922132790945e-12 -8.13258861721907e-14  6.10974852998671e-13 -8.38454624137341e-13   -0.0067195500811434
 4.69780132800868e-15 -4.20841866075387e-15   1.1440624412006e-12 -9.03102774571954e-13  8.11227755534801e-11     0.625990837681015     0.320118773642689    -0.364038912226089    -0.610848468709355 -7.66678087288215e-11
 5.60656154373721e-16  -7.2677794981726e-15  2.26122906595784e-12 -1.72319800886539e-12    6.031743531295e-11     0.320118773642678    -0.625990837681053     0.610848468709317    -0.364038912226098 -6.58168867638655e-11
-3.04450986733101e-05 -0.000127781607852713    0.0241260329637786   -0.0145161131033496     0.690759323614807 -1.06335348095943e-10  2.01068001038055e-11 -1.45877197341859e-11  9.27564482024599e-11    -0.722610126006665
    0.993963617898118   -0.0328436265855382     0.257284794961173   -0.0630190572138019    -0.011718701777878 -2.02793648270051e-13 -1.50816229983407e-13 -6.46681431396318e-13 -4.83633576680082e-13  -0.00311671697307753
   0.0216882976143742   -0.0133818677160961     -1.00419648853391      0.21938240821241    0.0451510728667199   8.2980062393904e-13  6.01998400704171e-13  2.53662344834891e-12  1.83302968906172e-12    0.0128486453614548
 8.53882113094675e-15  3.13858862988628e-15  9.47070135844718e-13  7.27378660353054e-13  -2.9207225601588e-11     0.656881082007163     0.270758992777885     0.309782382642519     0.631848420725829  -4.2179644670906e-11
 8.99844226552107e-15  3.27609610771166e-15   1.8708443491655e-12  4.17573983027989e-13  5.33478405642046e-11     0.270758992777893    -0.656881082007125    -0.631848420725868     0.309782382642513  4.54493379151278e-11
-3.46594947900032e-05  0.000166892229148786    0.0406225260959451  -0.00418926405397233     0.727655765912747   1.0186249493013e-11  5.68246298348966e-11  6.27613800284454e-11  1.35834968753479e-11     0.684799108332929
Basis set used: STO-3G
Naturals: 
 1.99999999933431  1.99999998518388  1.99998164534846  1.99940521634538  1.15311896503738  1.01709922841607  1.01709922841599 0.982919811971331 0.982919811971258 0.847456107975919
Version: Tmhuysen's fci hack
