The Davidson algorithm did not converge.lambda: -1
The Davidson algorithm did not converge.lambda: -0.9
The Davidson algorithm did not converge.lambda: -0.8
The Davidson algorithm did not converge.lambda: -0.7
The Davidson algorithm did not converge.lambda: -0.6
The Davidson algorithm did not converge.lambda: -0.5
The Davidson algorithm did not converge.lambda: -0.4
The Davidson algorithm did not converge.lambda: -0.3
The Davidson algorithm did not converge.lambda: -0.2
The Davidson algorithm did not converge.lambda: -0.1
TOTAL ENERGY: -127.164748969569	 lambda: 0	 population of target: 6.9878513869285
1RDM: 
     1.99999989663262 -2.26900382870427e-07  1.37141505617249e-06 -1.90390180441287e-05  0.000174874079045353  3.34910600303529e-13  -1.4685077804142e-11  2.35499718230229e-11  2.26399651444863e-11 -0.000201761046963574
-2.26900382870427e-07      1.99999946004737  2.24035307060824e-06 -3.97531617253106e-05  0.000420800798470048  2.26210469830961e-13 -2.67485696291991e-11  4.07996174605625e-11  4.74441891038973e-11 -0.000308945228158371
 1.37141505617249e-06  2.24035307060824e-06      1.99972425329948  0.000471547674242657   -0.0119443686458344 -2.57896742458521e-11 -1.21373748741812e-09  3.74312238407466e-10 -7.14521485327427e-10   0.00357672194418587
-1.90390180441287e-05 -3.97531617253106e-05  0.000471547674242657      1.99618528137924    0.0358309855566987   2.6995279292746e-11 -1.77855165705079e-09  3.62977646053312e-09  3.46389155296791e-09   -0.0469157284583986
 0.000174874079045353  0.000420800798470048   -0.0119443686458344    0.0358309855566987      1.13520974720097    2.518025428831e-10 -4.89551160309289e-09  1.05790086915699e-08   1.2874342230449e-08  -0.00174917971688607
 3.34910600303529e-13  2.26210469830961e-13 -2.57896742458521e-11   2.6995279292746e-11    2.518025428831e-10     0.987227471127401 -9.08281297129149e-05  2.24819641604318e-05  -0.00668311764403569  1.33492643370675e-09
 -1.4685077804142e-11 -2.67485696291991e-11 -1.21373748741812e-09 -1.77855165705079e-09 -4.89551160309289e-09 -9.08281297129149e-05      1.01443034108565  7.49421336373058e-08 -2.23141252195711e-05 -5.24304291436599e-09
 2.35499718230229e-11  4.07996174605625e-11  3.74312238407466e-10  3.62977646053312e-09  1.05790086915699e-08  2.24819641604318e-05  7.49421336373058e-08     0.985585592255728  -9.1511269160386e-05  5.28182584669105e-09
 2.26399651444863e-11  4.74441891038973e-11 -7.14521485327427e-10  3.46389155296791e-09   1.2874342230449e-08  -0.00668311764403569 -2.23141252195711e-05  -9.1511269160386e-05      1.01278845305549   2.1854804899289e-09
-0.000201761046963574 -0.000308945228158371   0.00357672194418587   -0.0469157284583986  -0.00174917971688607  1.33492643370675e-09 -5.24304291436599e-09  5.28182584669105e-09   2.1854804899289e-09       0.8688495039161
TOTAL ENERGY: -127.164442554481	 lambda: 0.1	 population of target: 6.99716399514759
1RDM: 
     1.99999991512198 -1.69478817207855e-07  2.22249168178334e-06 -1.68910774045565e-05  0.000167960365711403   4.7949384674744e-13 -1.47801717868074e-11  2.34713171533691e-11  2.20836692430404e-11 -0.000211626694294983
-1.69478817207855e-07      1.99999963308499  5.01687528228695e-06 -3.29847285535618e-05  0.000418893485744438  3.93630639872332e-13 -2.71395132456842e-11  4.11981571387502e-11  4.74350286281345e-11 -0.000321128848453562
 2.22249168178334e-06  5.01687528228695e-06        1.999728128954   0.00058358830206305   -0.0138448478719769 -7.19939010671307e-12 -1.18998143194818e-09  2.83899770125685e-10 -8.91165552480247e-10   0.00236849367226613
-1.68910774045565e-05 -3.29847285535618e-05   0.00058358830206305      1.99643358408383    0.0357165678670265  3.54747094444746e-11  -1.7759801409786e-09  3.63333097280867e-09  3.44982415855876e-09   -0.0471206748090981
 0.000167960365711403  0.000418893485744438   -0.0138448478719769    0.0357165678670265      1.07188801349146  1.77744836182703e-10 -2.63877502421589e-09  5.77687675585376e-09  6.88694252750331e-09  -0.00516221335287523
  4.7949384674744e-13  3.93630639872332e-13 -7.19939010671307e-12  3.54747094444746e-11  1.77744836182703e-10     0.993154178547931 -4.86260415649532e-05  1.20350022598293e-05  -0.00353798717206171  7.11195622358054e-10
-1.47801717868074e-11 -2.71395132456842e-11 -1.18998143194818e-09  -1.7759801409786e-09 -2.63877502421589e-09 -4.86260415649532e-05      1.00771757845358 -3.98608015088072e-05  -1.1947155022016e-05 -2.58816529738389e-09
 2.34713171533691e-11  4.11981571387502e-11  2.83899770125685e-10  3.63333097280867e-09  5.77687675585376e-09  1.20350022598293e-05 -3.98608015088072e-05     0.992294770660332 -4.89917697041899e-05  2.38338187517115e-09
 2.20836692430404e-11  4.74350286281345e-11 -8.91165552480247e-10  3.44982415855876e-09  6.88694252750331e-09  -0.00353798717206171  -1.1947155022016e-05 -4.89917697041899e-05      1.00685816566047  7.16000369182169e-10
-0.000211626694294983 -0.000321128848453562   0.00236849367226613   -0.0471206748090981  -0.00516221335287523  7.11195622358054e-10 -2.58816529738389e-09  2.38338187517115e-09  7.16000369182169e-10     0.931926031941443
TOTAL ENERGY: -127.164211185273	 lambda: 0.2	 population of target: 6.99881788095899
1RDM: 
     1.99999991809437 -1.58111757043665e-07  2.39939984599285e-06 -1.65762615008969e-05  0.000164333746173015  5.43673825229624e-13 -1.47816613204724e-11   2.3406910614775e-11  2.17745339366266e-11 -0.000215863213482685
-1.58111757043665e-07      1.99999966854943  5.67897879491288e-06  -3.1688501439533e-05  0.000416559848869066  4.41196623443303e-13 -2.71420866476309e-11  4.11859673372327e-11  4.72330419336145e-11 -0.000323980247215512
 2.39939984599285e-06  5.67897879491288e-06      1.99972078638955  0.000609599384368659   -0.0145879752878904 -1.74110741671387e-12 -1.17348495613377e-09  2.40338821445567e-10 -9.63152800685909e-10    0.0020564531197649
-1.65762615008969e-05  -3.1688501439533e-05  0.000609599384368659      1.99646543152326    0.0354595965760937  4.09025817076645e-11 -1.76929955512447e-09  3.62832524458023e-09  3.42474274979992e-09    -0.047347240987488
 0.000164333746173015  0.000416559848869066   -0.0145879752878904    0.0354595965760937      1.05204300452628  1.37411724939342e-10 -1.92892451580481e-09  4.19710414062596e-09  4.99392227911825e-09  -0.00500706325010267
 5.43673825229624e-13  4.41196623443303e-13 -1.74110741671387e-12  4.09025817076645e-11  1.37411724939342e-10     0.995052854525207 -3.51327398065674e-05  8.69515680186938e-06  -0.00254652072427817  5.12636182931334e-10
-1.47816613204724e-11 -2.71420866476309e-11 -1.17348495613377e-09 -1.76929955512447e-09 -1.92892451580481e-09 -3.51327398065674e-05      1.00557504460103  -3.8509032054108e-05 -8.63217312684885e-06 -1.77990891319122e-09
  2.3406910614775e-11  4.11859673372327e-11  2.40338821445567e-10  3.62832524458023e-09  4.19710414062596e-09  8.69515680186938e-06  -3.8509032054108e-05     0.994436701782664 -3.53969815155655e-05  1.60116745297405e-09
 2.17745339366266e-11  4.72330419336145e-11 -9.63152800685909e-10  3.42474274979992e-09  4.99392227911825e-09  -0.00254652072427817 -8.63217312684885e-06 -3.53969815155655e-05       1.0049588883155  3.81291471722165e-10
-0.000215863213482685 -0.000323980247215512    0.0020564531197649    -0.047347240987488  -0.00500706325010267  5.12636182931334e-10 -1.77990891319122e-09  1.60116745297405e-09  3.81291471722165e-10     0.951747701692741
TOTAL ENERGY: -127.16406997652	 lambda: 0.3	 population of target: 6.99939884053522
1RDM: 
     1.99999991870209  -1.5378070339718e-07  2.47339216666637e-06  -1.6518497471905e-05   0.00016193469272547  5.87468822765138e-13 -1.47963421890522e-11  2.33680506008802e-11  2.15724161195272e-11 -0.000218827862005271
 -1.5378070339718e-07      1.99999968312824  5.97750108607825e-06 -3.11617989051976e-05   0.00041433322505777  4.59643982594204e-13 -2.70806926006992e-11  4.10573838587378e-11  4.70094800079524e-11 -0.000324721058921167
 2.47339216666637e-06  5.97750108607825e-06      1.99971341507501  0.000622688313558214   -0.0150270055412312  6.21225002567795e-13 -1.16247760238589e-09  2.14011316461628e-10 -1.00714911355431e-09   0.00194895543968054
 -1.6518497471905e-05 -3.11617989051976e-05  0.000622688313558214      1.99646981047842    0.0352139008266505  4.53001015618237e-11 -1.76728533070672e-09  3.62219406348101e-09  3.40192146271709e-09   -0.0475793541145663
  0.00016193469272547   0.00041433322505777   -0.0150270055412312    0.0352139008266505      1.04288637789719  1.17602155535084e-10 -1.59596434421629e-09  3.48573375353219e-09  4.11895700370018e-09  -0.00475817254717828
 5.87468822765138e-13  4.59643982594204e-13  6.21225002567795e-13  4.53001015618237e-11  1.17602155535084e-10     0.995936253363752  -2.8858639954198e-05  7.14225458762544e-06  -0.00208758107046284  4.20455577467745e-10
-1.47963421890522e-11 -2.70806926006992e-11 -1.16247760238589e-09 -1.76728533070672e-09 -1.59596434421629e-09  -2.8858639954198e-05      1.00457936579357 -3.58082948532552e-05 -7.09071545193401e-06 -1.43954321808297e-09
 2.33680506008802e-11  4.10573838587378e-11  2.14011316461628e-10  3.62219406348101e-09  3.48573375353219e-09  7.14225458762544e-06 -3.58082948532552e-05     0.995432188033452 -2.90756897223402e-05  1.25067401727855e-09
 2.15724161195272e-11  4.70094800079524e-11 -1.00714911355431e-09  3.40192146271709e-09  4.11895700370018e-09  -0.00208758107046284 -7.09071545193401e-06 -2.90756897223402e-05      1.00407529755331  2.46439865702327e-10
-0.000218827862005271 -0.000324721058921167   0.00194895543968054   -0.0475793541145663  -0.00475817254717828  4.20455577467745e-10 -1.43954321808297e-09  1.25067401727855e-09  2.46439865702327e-10     0.960907689974946
TOTAL ENERGY: -127.163972385183	 lambda: 0.4	 population of target: 6.99968162037628
1RDM: 
     1.99999991854141  -1.5160523181463e-07  2.51816943813546e-06 -1.65350755006153e-05  0.000160162848768845  6.22743118440231e-13  -1.4812908782575e-11  2.33571230432457e-11  2.14271953391282e-11 -0.000221275492026438
 -1.5160523181463e-07      1.99999969150981  6.15576889661693e-06 -3.08466086811687e-05  0.000412044210185795  4.66382400491326e-13 -2.69770782391036e-11  4.08951155887197e-11  4.67650874456295e-11 -0.000324580807701634
 2.51816943813546e-06  6.15576889661693e-06       1.9997062094504  0.000632604631380301   -0.0153437463803221  1.67442619531657e-12  -1.1525447349204e-09  1.92725247053951e-10 -1.03996742280254e-09   0.00193040100184426
-1.65350755006153e-05 -3.08466086811687e-05  0.000632604631380301      1.99646716159457    0.0349882946243432  4.91884301267024e-11 -1.76542626604271e-09  3.61796892179985e-09  3.38154250724844e-09   -0.0478082555862237
 0.000160162848768845  0.000412044210185795   -0.0153437463803221    0.0349882946243432      1.03808724663908  1.06646065930246e-10 -1.45001773022285e-09  3.12123191981516e-09  3.65990520751242e-09  -0.00460593736621361
 6.22743118440231e-13  4.66382400491326e-13  1.67442619531657e-12  4.91884301267024e-11  1.06646065930246e-10      0.99640165753175 -2.55537861802752e-05  6.32424725212007e-06  -0.00184609540379072   3.7188745696513e-10
 -1.4812908782575e-11 -2.69770782391036e-11  -1.1525447349204e-09 -1.76542626604271e-09 -1.45001773022285e-09 -2.55537861802752e-05       1.0040549688264 -3.41254629250236e-05 -6.27878505492755e-06 -1.26798097344097e-09
 2.33571230432457e-11  4.08951155887197e-11  1.92725247053951e-10  3.61796892179985e-09  3.12123191981516e-09  6.32424725212007e-06 -3.41254629250236e-05     0.995956505544864 -2.57459920022371e-05  1.09690694464281e-09
 2.14271953391282e-11  4.67650874456295e-11 -1.03996742280254e-09  3.38154250724844e-09  3.65990520751242e-09  -0.00184609540379072 -6.27878505492755e-06 -2.57459920022371e-05      1.00360981426372  1.77653129586433e-10
-0.000221275492026438 -0.000324580807701634   0.00193040100184426   -0.0478082555862237  -0.00460593736621361   3.7188745696513e-10 -1.26798097344097e-09  1.09690694464281e-09  1.77653129586433e-10     0.965716826097965
TOTAL ENERGY: -127.163894657674	 lambda: 0.5	 population of target: 6.99985554640528
1RDM: 
     1.99999991798342  -1.5035177423151e-07  2.55197299191783e-06 -1.65831859426286e-05  0.000158763778604733  6.53652298686429e-13  -1.4836670002229e-11  2.33571836658506e-11  2.13168245527089e-11 -0.000223475663996812
 -1.5035177423151e-07      1.99999969746911  6.27981819903512e-06 -3.06048456038458e-05  0.000409550266029992  4.66783991191638e-13 -2.68540037218685e-11  4.06900128567928e-11  4.64907293610972e-11 -0.000323930808829966
 2.55197299191783e-06  6.27981819903512e-06      1.99969882354491  0.000641994102765839   -0.0156012785998984  1.98348304162646e-12  -1.1413889625253e-09  1.72569775777768e-10 -1.06756530995226e-09   0.00196660247782645
-1.65831859426286e-05 -3.06048456038458e-05  0.000641994102765839      1.99646197210993    0.0347771935499077  5.27978596530656e-11 -1.76492952418952e-09  3.61363383229661e-09  3.36288023391836e-09   -0.0480359646297679
 0.000158763778604733  0.000409550266029992   -0.0156012785998984    0.0347771935499077       1.0356365658446  1.01136809621549e-10 -1.35891622602954e-09  2.92679431773093e-09  3.42589064648757e-09   -0.0045560355787147
 6.53652298686429e-13  4.66783991191638e-13  1.98348304162646e-12  5.27978596530656e-11  1.01136809621549e-10     0.996640702865206 -2.38558108508046e-05  5.90399231539607e-06  -0.00172170274307436  3.46998947787163e-10
 -1.4836670002229e-11 -2.68540037218685e-11  -1.1413889625253e-09 -1.76492952418952e-09 -1.35891622602954e-09 -2.38558108508046e-05      1.00378546306339 -3.35800694187832e-05 -5.86160149015375e-06  -1.1717752018339e-09
 2.33571836658506e-11  4.06900128567928e-11  1.72569775777768e-10  3.61363383229661e-09  2.92679431773093e-09  5.90399231539607e-06 -3.35800694187832e-05     0.996225976038716 -2.40352365424481e-05  9.99551576361754e-10
 2.13168245527089e-11  4.64907293610972e-11 -1.06756530995226e-09  3.36288023391836e-09  3.42589064648757e-09  -0.00172170274307436 -5.86160149015375e-06 -2.40352365424481e-05      1.00337073383229  1.39363246464411e-10
-0.000223475663996812 -0.000323930808829966   0.00196660247782645   -0.0480359646297679   -0.0045560355787147  3.46998947787163e-10  -1.1717752018339e-09  9.99551576361754e-10  1.39363246464411e-10     0.968180147248433
TOTAL ENERGY: -127.163821410617	 lambda: 0.6	 population of target: 6.99998902331516
1RDM: 
     1.99999991711546 -1.49599150407829e-07  2.57980861252569e-06 -1.66493504205031e-05  0.000157591989835248  6.82463368558953e-13 -1.48655861605446e-11  2.33694673491968e-11  2.12285073514291e-11 -0.000225574217939671
-1.49599150407829e-07      1.99999970237837  6.37291742272082e-06 -3.03860288474166e-05  0.000406708929095046  4.63424072117961e-13 -2.67033625389244e-11  4.04439557592535e-11  4.61738093885143e-11 -0.000322910988011673
 2.57980861252569e-06  6.37291742272082e-06      1.99969083739274  0.000651924505095772   -0.0158280438972137  1.70040427906893e-12 -1.12961342180868e-09  1.52860082620449e-10 -1.09275900833734e-09   0.00204585535200122
-1.66493504205031e-05 -3.03860288474166e-05  0.000651924505095772      1.99645557386782    0.0345715619442067  5.63071434953342e-11 -1.76499939811686e-09  3.60981607965516e-09  3.34502289189804e-09   -0.0482691391484794
 0.000157591989835248  0.000406708929095046   -0.0158280438972137    0.0345715619442067      1.03477459958302  9.99862960587061e-11 -1.33001464655911e-09  2.86138619329951e-09  3.34510151297907e-09  -0.00460741061625676
 6.82463368558953e-13  4.63424072117961e-13  1.70040427906893e-12  5.63071434953342e-11  9.99862960587061e-11     0.996726446796719 -2.32453143787781e-05  5.75288115921932e-06  -0.00167618892867571  3.38516354898058e-10
-1.48655861605446e-11 -2.67033625389244e-11 -1.12961342180868e-09 -1.76499939811686e-09 -1.33001464655911e-09 -2.32453143787781e-05      1.00368837816076 -3.41776209328609e-05  -5.7116167749485e-06 -1.13513542695223e-09
 2.33694673491968e-11  4.04439557592535e-11  1.52860082620449e-10  3.60981607965516e-09  2.86138619329951e-09  5.75288115921932e-06 -3.41776209328609e-05      0.99632304853931  -2.3420141264398e-05  9.61067825172213e-10
 2.12285073514291e-11  4.61738093885143e-11 -1.09275900833734e-09  3.34502289189804e-09  3.34510151297907e-09  -0.00167618892867571  -5.7116167749485e-06  -2.3420141264398e-05      1.00328497755934  1.18787317758795e-10
-0.000225574217939671 -0.000322910988011673   0.00204585535200122   -0.0482691391484794  -0.00460741061625676  3.38516354898058e-10 -1.13513542695223e-09  9.61067825172213e-10  1.18787317758795e-10     0.969056518606461
TOTAL ENERGY: -127.163737272257	 lambda: 0.7	 population of target: 7.00011832441899
1RDM: 
     1.99999991590551 -1.49198209927512e-07  2.60093117313298e-06 -1.67288855978733e-05  0.000156535296295319  7.10924193227761e-13 -1.48993754657186e-11  2.33905715017601e-11  2.11522515701633e-11 -0.000227681805117153
-1.49198209927512e-07      1.99999970686339  6.44239935403637e-06 -3.01642113165193e-05  0.000403338256808241  4.57594324942535e-13 -2.65202688227327e-11  4.01458092012702e-11  4.57961669737285e-11 -0.000321574090213676
 2.60093117313298e-06  6.44239935403637e-06      1.99968169643927  0.000663015404906358   -0.0160391872288323  9.16163749467188e-13 -1.11671321343733e-09  1.32595944038832e-10 -1.11707220543144e-09   0.00216599292488172
-1.67288855978733e-05 -3.01642113165193e-05  0.000663015404906358      1.99644841141999    0.0343592004347826  5.99137583393988e-11 -1.76558269219758e-09  3.60610738383893e-09  3.32684319500687e-09   -0.0485183727730421
 0.000156535296295319  0.000403338256808241   -0.0160391872288323    0.0343592004347826      1.03526757598023  1.02647102287453e-10 -1.35356011422768e-09  2.90700214268233e-09  3.39521720947442e-09  -0.00477426836092459
 7.10924193227761e-13  4.57594324942535e-13  9.16163749467188e-13  5.99137583393988e-11  1.02647102287453e-10     0.996681850656909 -2.35589487101165e-05  5.83045292687032e-06  -0.00169735846087386  3.43959458238728e-10
-1.48993754657186e-11 -2.65202688227327e-11 -1.11671321343733e-09 -1.76558269219758e-09 -1.35356011422768e-09 -2.35589487101165e-05      1.00373771260621 -3.60840272706419e-05 -5.78872699077506e-06  -1.1480524087631e-09
 2.33905715017601e-11  4.01458092012702e-11  1.32595944038832e-10  3.60610738383893e-09  2.90700214268233e-09  5.83045292687032e-06 -3.60840272706419e-05     0.996273718343499 -2.37361397815712e-05  9.69151858503626e-10
 2.11522515701633e-11  4.57961669737285e-11 -1.11707220543144e-09  3.32684319500687e-09  3.39521720947442e-09  -0.00169735846087386 -5.78872699077506e-06 -2.37361397815712e-05      1.00332957791867  1.09972075566702e-10
-0.000227681805117153 -0.000321574090213676   0.00216599292488172   -0.0485183727730421  -0.00477426836092459  3.43959458238728e-10  -1.1480524087631e-09  9.69151858503626e-10  1.09972075566702e-10     0.968579833866343
TOTAL ENERGY: -127.163618156123	 lambda: 0.8	 population of target: 7.00027659882705
1RDM: 
     1.99999991421004 -1.49145236868504e-07  2.60876673927482e-06 -1.68202313531792e-05  0.000155471385521871  7.40759814703116e-13 -1.49372566007538e-11  2.34170860645411e-11  2.10770658390846e-11 -0.000229913226749726
-1.49145236868504e-07      1.99999971126057  6.48520272260737e-06 -2.99192438666174e-05  0.000399160141357838   4.4999733660334e-13 -2.62939299622212e-11  3.97764203555293e-11  4.53280680238769e-11 -0.000319930154027037
 2.60876673927482e-06  6.48520272260737e-06      1.99967050251631  0.000675796281044072   -0.0162434477217105 -3.94005348290919e-13 -1.10215743494583e-09  1.10972857964509e-10 -1.14149947789862e-09   0.00233143741431866
-1.68202313531792e-05 -2.99192438666174e-05  0.000675796281044072      1.99644062844373     0.034121592298614  6.38347651168575e-11 -1.76656700149665e-09  3.60195121045536e-09  3.30667580739592e-09    -0.048800518856915
 0.000155471385521871  0.000399160141357838   -0.0162434477217105     0.034121592298614      1.03723343389268  1.09735605328528e-10 -1.43522854396338e-09  3.07468482494266e-09  3.58830542593323e-09  -0.00509866672754127
 7.40759814703116e-13   4.4999733660334e-13 -3.94005348290919e-13  6.38347651168575e-11  1.09735605328528e-10     0.996496640724859 -2.48688228262191e-05  6.15457967265574e-06  -0.00179005144040712  3.64681321430581e-10
-1.49372566007538e-11 -2.62939299622212e-11 -1.10215743494583e-09 -1.76656700149665e-09 -1.43522854396338e-09 -2.48688228262191e-05      1.00394481155921 -3.97712225436237e-05 -6.11062572827767e-06 -1.21357254540124e-09
 2.34170860645411e-11  3.97764203555293e-11  1.10972857964509e-10  3.60195121045536e-09  3.07468482494266e-09  6.15457967265574e-06 -3.97712225436237e-05     0.996066642181142 -2.50558674911884e-05  1.02558748142236e-09
 2.10770658390846e-11  4.53280680238769e-11 -1.14149947789862e-09  3.30667580739592e-09  3.58830542593323e-09  -0.00179005144040712 -6.11062572827767e-06 -2.50558674911884e-05      1.00351481050423  1.10566421288353e-10
-0.000229913226749726 -0.000319930154027037   0.00233143741431866    -0.048800518856915  -0.00509866672754127  3.64681321430581e-10 -1.21357254540124e-09  1.02558748142236e-09  1.10566421288353e-10     0.966632904707198
TOTAL ENERGY: -127.163411909322	 lambda: 0.9	 population of target: 7.00051800935613
1RDM: 
      1.9999999116766 -1.49604204176591e-07  2.58479948694808e-06 -1.69223383159238e-05  0.000154211845665477  7.74348524268319e-13 -1.49773821851569e-11  2.34430298686649e-11   2.0985684104517e-11 -0.000232427792849044
-1.49604204176591e-07      1.99999971575554  6.48355288257972e-06 -2.96260992057618e-05  0.000393680002644358  4.41856918742654e-13 -2.60038545951865e-11  3.92997981823485e-11  4.47174577457947e-11 -0.000317958888827029
 2.58479948694808e-06  6.48355288257972e-06      1.99965546987558  0.000690921923982378   -0.0164450175140465  -2.3538565195171e-12 -1.08521543996454e-09  8.72023546853398e-11 -1.16673333825947e-09   0.00255472285057463
-1.69223383159238e-05 -2.96260992057618e-05  0.000690921923982378      1.99643228503358    0.0338254749629799  6.85150843273339e-11 -1.76777529317476e-09  3.59630807111405e-09  3.28156212197193e-09   -0.0491455064009249
 0.000154211845665477  0.000393680002644358   -0.0164450175140465    0.0338254749629799      1.04122384730114  1.23258489475565e-10 -1.59848416568674e-09  3.41178271661519e-09  3.97886047549919e-09  -0.00568088201925439
 7.74348524268319e-13  4.41856918742654e-13  -2.3538565195171e-12  6.85150843273339e-11  1.23258489475565e-10     0.996120404980073 -2.75313464901989e-05  6.81345003700502e-06  -0.00197938149887992  4.06568474091523e-10
-1.49773821851569e-11 -2.60038545951865e-11 -1.08521543996454e-09 -1.76777529317476e-09 -1.59848416568674e-09 -2.75313464901989e-05       1.0043659976908 -4.63472729855289e-05 -6.76490270714324e-06 -1.34961177855368e-09
 2.34430298686649e-11  3.92997981823485e-11  8.72023546853398e-11  3.59630807111405e-09  3.41178271661519e-09  6.81345003700502e-06 -4.63472729855289e-05     0.995645509395553 -2.77384157229152e-05   1.1458088482684e-09
  2.0985684104517e-11  4.47174577457947e-11 -1.16673333825947e-09  3.28156212197193e-09  3.97886047549919e-09  -0.00197938149887992 -6.76490270714324e-06 -2.77384157229152e-05      1.00389109932922  1.19738329929669e-10
-0.000232427792849044 -0.000317958888827029   0.00255472285057463   -0.0491455064009249  -0.00568088201925439  4.06568474091523e-10 -1.34961177855368e-09   1.1458088482684e-09  1.19738329929669e-10     0.962665758961928
TOTAL ENERGY: -127.162973351402	 lambda: 1	 population of target: 7.00097665158495
1RDM: 
     1.99999990737311 -1.51144646896723e-07  2.47525537809386e-06 -1.70304820013187e-05  0.000152367333907321   8.1621431152938e-13 -1.50139901617659e-11  2.34545873734079e-11  2.08415764623777e-11 -0.000235513427566903
-1.51144646896723e-07      1.99999972033584  6.38198902530728e-06 -2.92378665602641e-05  0.000385863224929976  4.35176747905334e-13 -2.56078340861494e-11  3.86385739074684e-11   4.3854206601337e-11 -0.000315601110177104
 2.47525537809386e-06  6.38198902530728e-06      1.99963214651147  0.000709546352589625   -0.0166412160377485 -5.28067736929881e-12 -1.06473060177878e-09  6.03065280985775e-11 -1.19305175675091e-09   0.00286455403049785
-1.70304820013187e-05 -2.92378665602641e-05  0.000709546352589625      1.99642354067344     0.033398639234556  7.47840320637632e-11 -1.76862833684394e-09  3.58690891809505e-09  3.24504478953387e-09   -0.0496156626121863
 0.000152367333907321  0.000385863224929976   -0.0166412160377485     0.033398639234556      1.04869005710103  1.48292772381774e-10 -1.91555771025252e-09  4.03158151369229e-09  4.71023237467919e-09  -0.00677689003227338
  8.1621431152938e-13  4.35176747905334e-13 -5.28067736929881e-12  7.47840320637632e-11  1.48292772381774e-10     0.995421546917592 -3.24770565967264e-05  8.03731855303664e-06  -0.00233104145049599  4.85172798319967e-10
-1.50139901617659e-11 -2.56078340861494e-11 -1.06473060177878e-09 -1.76862833684394e-09 -1.91555771025252e-09 -3.24770565967264e-05      1.00514836540604 -5.85858909801363e-05 -7.98023664782629e-06  -1.5918200689064e-09
 2.34545873734079e-11  3.86385739074684e-11  6.03065280985775e-11  3.58690891809505e-09  4.03158151369229e-09  8.03731855303664e-06 -5.85858909801363e-05     0.994863263257068 -3.27213210457561e-05  1.38245033662321e-09
 2.08415764623777e-11   4.3854206601337e-11 -1.19305175675091e-09  3.24504478953387e-09  4.71023237467919e-09  -0.00233104145049599 -7.98023664782629e-06 -3.27213210457561e-05      1.00459007846974  1.36070879161265e-10
-0.000235513427566903 -0.000315601110177104   0.00286455403049785   -0.0496156626121863  -0.00677689003227338  4.85172798319967e-10  -1.5918200689064e-09  1.38245033662321e-09  1.36070879161265e-10     0.955231373954699
-------------------general-----------------------
mullikenoperator: 
  0.00178541117957505    0.0417374246956539   0.00103133163621422   0.00625543804077433  4.23688693205927e-05 -1.12776117869787e-12  1.23213659881849e-12  3.00212002772599e-12  4.47506213412341e-13 -0.000138825718166216
   0.0417374246956539     0.998107154768846   -0.0118332145932925   0.00266476165395388  0.000355313249868546 -2.03513191071052e-12  8.75791628883267e-12  7.73456724206161e-12  2.84478674653184e-11 -4.71826499504555e-05
  0.00103133163621422   -0.0118332145932925    0.0585486725463239     0.233406002647627    0.0130731814838026 -1.86740147425422e-10  6.19580060730913e-10 -1.21332710280376e-11  1.02529588235897e-09   -0.0183411666353391
  0.00625543804077434   0.00266476165395395     0.233406002647627     0.941957735499375   -0.0119235095185748   2.9120048523238e-10  2.93522776341211e-11  -1.2680168701116e-10 -1.11177166425738e-09  -0.00341428716521516
  4.2368869320593e-05  0.000355313249868545    0.0130731814838026   -0.0119235095185748     0.455886105854989 -4.15824638323293e-08  1.88375671719277e-08  -8.1343703016135e-10 -1.89145762778854e-08    -0.497754414654231
-1.12776117869787e-12 -2.03513191071052e-12 -1.86740147425422e-10   2.9120048523238e-10 -4.15824638323293e-08      0.27245448370448 -0.000744179221107592  0.000171644838946571     0.445221943433247  5.73589127499056e-09
 1.23213659881849e-12  8.75791628883269e-12  6.19580060730914e-10  2.93522776341205e-11  1.88375671719278e-08 -0.000744179221107613     0.495334356315784    -0.499977763463254 -0.000195381469314007 -9.42341875061078e-10
 3.00212002772601e-12   7.7345672420616e-12 -1.21332710280385e-11  -1.2680168701116e-10  -8.1343703016139e-10  0.000171644838946599    -0.499977763463254     0.504665681201655 -0.000749776362350682 -1.88430079149092e-08
 4.47506213412368e-13  2.84478674653184e-11  1.02529588235897e-09 -1.11177166425738e-09 -1.89145762778854e-08     0.445221943433247 -0.000195381469313943 -0.000749776362350719     0.727545478778082  -4.4120774743644e-08
-0.000138825718166216 -4.71826499504561e-05   -0.0183411666353391  -0.00341428716521517    -0.497754414654231  5.73589127499055e-09 -9.42341875061042e-10 -1.88430079149092e-08  -4.4120774743644e-08     0.543714920150895
selected BF: 
0 1 2 3 4
selected lambdas: 
  -1 -0.9 -0.8 -0.7 -0.6 -0.5 -0.4 -0.3 -0.2 -0.1    0  0.1  0.2  0.3  0.4  0.5  0.6  0.7  0.8  0.9    1
RHF C: 
  7.4811674370567e-06     0.995363284168683    -0.260173584996408   0.00555365258738056  -0.00164856347665429  7.75176479347935e-11 -3.63634406398456e-11 -2.27916577634586e-11 -8.01202331550237e-11   0.00149540370578976
-3.69765365650486e-05    0.0190018124167514      1.02838270138739   -0.0219895264851891   0.00659660408673455 -3.11491867816746e-10  1.45837098087823e-10  8.96882761533579e-11  3.14830341725303e-10  -0.00597853370996379
   1.263803158211e-13 -2.14077580284339e-12 -2.47973014484041e-10 -6.19072692218585e-10  8.96547676246121e-08     0.100182664875463   -0.0568315417217818     -0.49011037398978    -0.864017318977413 -9.18615685635498e-10
-3.10946161126181e-14 -4.60837722848362e-13 -3.12537371516052e-11   -1.285419006507e-10  1.63969098458955e-08    0.0568315399473103     0.100182668003263     0.864017318614749    -0.490110374195542 -1.77412355225901e-10
-7.41362627588726e-05  2.09608840366443e-05   0.00662903415911135    0.0121249855578617    -0.999840570103996  9.91745672606615e-09 -3.31828847147712e-09 -2.97829598847904e-08 -8.54814233881718e-08    -0.014277518586875
    0.995050870064147  9.60982812598536e-06  -0.00500459763188543    -0.263002954055484  -0.00440366383007302  1.22141306160022e-10 -7.21797812677192e-11 -7.38125122785627e-11 -2.10185578271487e-10   0.00380356677838118
   0.0201026730746771 -3.43163386754348e-05    0.0194976924082544      1.02862688953274    0.0174189518725054 -4.86976293926751e-10  2.87095308359061e-10  2.94385600306844e-10  8.38293811435181e-10   -0.0148260791368846
  2.2266157475929e-12  1.33248349082932e-12  2.69995348432168e-10  3.60291165166209e-10 -3.66229844849261e-11     0.863934193360675    -0.490091898135632    0.0571744161931189     0.100792974548722  -5.7207891371728e-09
-4.12452125237637e-14   2.5630895135574e-13   4.1034389002509e-11  2.97962865143932e-11  5.11408527631948e-11     0.490091898342635     0.863934192995798    -0.100792977676221    0.0571744144187143  4.04453421731482e-09
 1.12561745792598e-05  5.96378193243338e-05  -0.00220415154324608   -0.0145247462620308   0.00660522403814971 -3.12449568281224e-09  6.35296436782454e-09 -2.33379926695772e-10  1.11174885538616e-09    -0.999906092855494
RDM (no constraint): 
     1.99999999761681  7.87375725719814e-09  9.08636455479537e-07 -2.63951685369634e-07   6.9793235295971e-06 -1.96233199312136e-12  1.12245982319006e-12  1.52443872592428e-13  4.39486366923212e-13  5.58743947897367e-06
 7.87375725719814e-09      1.99999991260567 -7.78861018560315e-06   1.3004779463894e-06 -5.93754696577163e-05 -5.84278595156143e-13  3.99360737696641e-13 -2.49226960886368e-12  -7.3003556732011e-12 -3.76018848673496e-05
 9.08636455479537e-07 -7.78861018560315e-06      1.99783896222857  0.000662355786149528   -0.0410049082456045  1.84673987156517e-10 -6.34837840982186e-11 -1.32756543158685e-09 -3.76939632485454e-09   0.00166372299125292
-2.63951685369634e-07   1.3004779463894e-06  0.000662355786149528      1.99958043342447    0.0110593275102225 -4.18647571649294e-10  2.60020832930794e-10  1.10747150134629e-10  3.11948247552247e-10   -0.0144303777902173
  6.9793235295971e-06 -5.93754696577163e-05   -0.0410049082456045    0.0110593275102225     0.993217430832674  8.97218554010361e-10  3.90772894331751e-10 -2.03323837938937e-10 -3.50704368703465e-10    -0.133408709341014
-1.96233199312136e-12 -5.84278595156143e-13  1.84673987156517e-10 -4.18647571649294e-10  8.97218554010361e-10      1.00344892504009 -1.75158251303759e-15  3.51734631669795e-07   -0.0140061963666081   1.3435490462796e-09
 1.12245982319006e-12  3.99360737696641e-13 -6.34837840982186e-11  2.60020832930794e-10  3.90772894331751e-10 -1.75158251303759e-15      1.00344892514153    0.0140061963417995  3.51734630939894e-07 -5.00141917526365e-10
 1.52443872592428e-13 -2.49226960886368e-12 -1.32756543158685e-09  1.10747150134629e-10 -2.03323837938937e-10  3.51734631669795e-07    0.0140061963417995     0.996567003626519 -4.30829910834881e-15 -3.87559623055337e-09
 4.39486366923212e-13  -7.3003556732011e-12 -3.76939632485454e-09  3.11948247552247e-10 -3.50704368703465e-10   -0.0140061963666081  3.51734630939894e-07 -4.30829910834881e-15     0.996567003727956 -1.13607654758222e-08
 5.58743947897367e-06 -3.76018848673496e-05   0.00166372299125292   -0.0144303777902173    -0.133408709341014   1.3435490462796e-09 -5.00141917526365e-10 -3.87559623055337e-09 -1.13607654758222e-08      1.00933140575574
RDM Eigenvectors: 
    0.999105637646834   -0.0417224054330154  -0.00669731757666223  -0.00152038864296447 -8.31240645949009e-07  -8.8031030589557e-13 -1.42162085684474e-12  1.28192270588042e-12  7.33249846333056e-13  7.88394007088599e-06
  -0.0417531331594026    -0.999019880124442  -0.00792729558014909    0.0123737222873467  1.54185917221067e-05  1.56824092966578e-13  5.56208360168517e-13  2.38908815555659e-12  7.68520081809823e-13 -6.10845795667992e-05
 0.000575343819795426    0.0138004002592643    -0.221330675617531     0.974182782327275    0.0337951329433844 -2.44732905550392e-12 -1.85476052195939e-11  3.43726218126332e-10  1.35847166800691e-10   -0.0254508461409212
 -0.00665168748183973    0.0052785601628876    -0.975031898976249    -0.220910215238778   -0.0209024872621822  2.99002574457618e-11   1.9038732123499e-10  6.58504689605441e-10  2.43685829455793e-10  -0.00156545981488125
-0.000102871448473572  -0.00045139018287028  -0.00359259517073288   -0.0435452918873775     0.682364716669085 -2.15274821413692e-08 -6.04295762097646e-08 -6.11502267752529e-08 -2.12679076514416e-08    -0.729704789571687
 1.09347205697911e-12  1.27072706544173e-12  3.79590075837919e-10   3.0269483880233e-10 -9.03957031801959e-09  -0.00608448241290449    -0.786926225298868     0.617016767950359 -0.000634884820083018   5.1864262886483e-09
-7.87377777324428e-13 -3.63462765148823e-13 -2.47126297437857e-10 -1.61183996952128e-10  6.95072861950619e-09     0.786926227532537  -0.00608448243010293 -0.000634884817059671    -0.617016765101433  1.83561924391696e-09
-1.68934386076028e-12  -1.5287503086404e-11  1.27222370652891e-10 -1.34873748331415e-09  2.00041097505722e-08      0.61699852893388   -0.0047861036757941  0.000789975933265204     0.786949353162614 -2.20224621484947e-08
-4.81361943712445e-12 -4.33169021384324e-11  3.62252384156669e-10 -3.84045051265649e-09  5.87343526012105e-08   0.00478610369765553     0.616998531782721     0.786949350928879 -0.000789975930840431 -6.20101735796309e-08
 0.000118929743757656   4.4757366323856e-05     0.014315208397323       0.0107224246241    -0.729931070870588  4.73746760481971e-09  2.70550739852029e-09 -1.47153784702429e-09 -4.24715025347998e-09    -0.683286704135922
Total C: 
  -0.0397874414451759    -0.992256945692072     0.076637311392397     0.257736839353756  -0.00197255983852626 -5.90235766503196e-11  1.64996986059149e-10  -1.3678372439935e-10 -3.88188440472532e-10  -0.00343879150414673
 -0.00768377032072842   -0.0274055635072799    -0.248397152988386    -0.997876205291439   0.00611825875624052  2.35365685171715e-10 -6.56047038062009e-10  4.78760550150561e-10  1.37315990084747e-09    0.0137565640248817
 1.46658061240796e-12 -3.97344453797468e-12  2.22000976245874e-09 -2.03515391654313e-09  1.11499244411096e-07    -0.257745096475484     0.612606491833873    -0.618240487187093    -0.419594980987427 -6.01126291704593e-08
 9.33660716598565e-13  1.13474346269364e-12  6.68746834875816e-10  1.86708207234973e-10 -3.83648276515108e-08     0.454242177744064     0.345970435803856    -0.350423997154882     0.742409604185832 -1.04987954241425e-08
-0.000137057388886421  6.50919749167152e-05   -0.0230813798879683    0.0117800565030631    -0.672389356943612 -6.80114288549261e-09  5.36074558953504e-08 -8.08601454219175e-08 -8.32538675799856e-08     0.739795234024655
    0.994593950813025   -0.0447710447146291    -0.254778275976496    0.0564470580274875   0.00558776751542775  -1.0240230205626e-11  2.45508640664887e-10  9.07915867918554e-11  4.07069604360035e-10  -0.00215788518642928
   0.0183914995148525    0.0117694868368451     0.998732272210712    -0.246719847249782   -0.0221592188486257  4.25777152532093e-11 -9.79162511680877e-10 -3.51853538403895e-10 -1.59515326796289e-09   0.00872670564423607
-1.48674869155223e-13  1.31950016220962e-12  4.75932597899966e-10 -3.38396664382028e-10  9.51067080134836e-09     0.415623156603435     0.620607176891255     0.614755889571602    -0.253337357261895  6.19809574053673e-09
-2.08708555838847e-12 -9.66845146125487e-14 -1.25361665772669e-10  7.27048949647433e-11 -6.07279527645392e-08    -0.745061685422666      0.34519599598897     0.343164846120729     0.456027624510404  1.76466835373745e-09
 3.77143460911435e-05  -0.00016112087688111    0.0120105986751599   0.00678527001283717     0.734783811769789 -1.03758892759581e-08 -4.96987153014279e-09   2.1088324922183e-08  6.61675635019395e-08     0.678213890999418
Basis set used: STO-3G
Naturals: 
 1.99999999951479  1.99999998851132   1.9999834086989  1.99953986575298  1.13355620426899  1.01443064607029  1.01443064607018 0.985585282697864 0.985585282697755 0.866888675716935
Version: Tmhuysen's fci hack
