The Davidson algorithm did not converge.lambda: -1
The Davidson algorithm did not converge.lambda: -0.9
The Davidson algorithm did not converge.lambda: -0.8
The Davidson algorithm did not converge.lambda: -0.7
The Davidson algorithm did not converge.lambda: -0.6
The Davidson algorithm did not converge.lambda: -0.5
The Davidson algorithm did not converge.lambda: -0.4
The Davidson algorithm did not converge.lambda: -0.3
The Davidson algorithm did not converge.lambda: -0.2
The Davidson algorithm did not converge.lambda: -0.1
TOTAL ENERGY: -127.166303190311	 lambda: 0	 population of target: 6.97301354783851
1RDM: 
     1.99999990399108 -1.53547664205762e-08 -1.23805297716007e-05  -1.0092736522197e-05 -0.000232541740215158  4.39320209379427e-13 -7.25791191858959e-13 -6.37159394947178e-13  1.46664631671952e-13  0.000112169090993361
-1.53547664205762e-08      1.99999989881187 -5.28745194050508e-07 -2.57920008470005e-06  6.31177244284989e-05 -9.28621066888477e-13 -2.62904423412071e-12  2.02109306849823e-12 -1.10048264551234e-12  0.000286343489484231
-1.23805297716007e-05 -5.28745194050508e-07      1.99831688837411  -0.00124362442913621   -0.0342012319190756  6.99073031117901e-11 -8.41939068421559e-11 -4.54071338983765e-11  1.46332042619629e-11    0.0110116731716532
 -1.0092736522197e-05 -2.57920008470005e-06  -0.00124362442913621      1.99851647985777   -0.0201056074424767  1.62790718174629e-10  6.21663982194188e-11 -3.55493739039653e-11  2.21337531783545e-13    0.0105027547538474
-0.000232541740215158  6.31177244284989e-05   -0.0342012319190756   -0.0201056074424767      1.20089867813954 -1.92638905256138e-10  2.01113734316275e-11  1.17674249967066e-09 -3.66062610580019e-10 -0.000436971873660659
 4.39320209379427e-13 -9.28621066888477e-13  6.99073031117901e-11  1.62790718174629e-10 -1.92638905256138e-10      1.02169800729649   0.00121671523024472  -0.00482300170359218     0.008389992907652  2.31487101206906e-10
-7.25791191858959e-13 -2.62904423412071e-12 -8.41939068421559e-11  6.21663982194188e-11  2.01113734316275e-11   0.00121671523024472      1.02308324393405   0.00280419226961458  -0.00487811492135442  1.16038049555988e-09
-6.37159394947178e-13  2.02109306849823e-12 -4.54071338983765e-11 -3.55493739039653e-11  1.17674249967066e-09  -0.00482300170359218   0.00280419226961458     0.976932899997966  -0.00120983665378295 -8.54689384102895e-10
 1.46664631671952e-13 -1.10048264551234e-12  1.46332042619629e-11  2.21337531783545e-13 -3.66062610580019e-10     0.008389992907652  -0.00487811492135442  -0.00120983665378295      0.97834202932646  4.51666486777032e-10
 0.000112169090993361  0.000286343489484231    0.0110116731716532    0.0105027547538474 -0.000436971873660659  2.31487101206906e-10  1.16038049555988e-09 -8.54689384102895e-10  4.51666486777032e-10     0.802211970270694
TOTAL ENERGY: -127.165619224271	 lambda: 0.1	 population of target: 6.99352300807791
1RDM: 
     1.99999990935406 -2.55668034134202e-08  -1.1949505252698e-05 -6.80265362935809e-06  -0.00024772311367108  4.68634689391951e-13 -6.32146488830715e-13 -8.09486396952289e-13   2.2163748000559e-13  9.36384849480789e-05
-2.55668034134202e-08      1.99999989150127 -1.96880266564773e-06 -1.47542845653595e-06  2.94169592310347e-05 -9.04905508264342e-13  -2.8260732525123e-12  2.01774150294402e-12 -1.12988613318702e-12  0.000319957931713614
 -1.1949505252698e-05 -1.96880266564773e-06      1.99833531332824 -0.000894430541190607   -0.0367877928075897  7.29989701142438e-11 -7.51940386180967e-11 -6.84119455286071e-11  2.39395133502821e-11   0.00912434428231229
-6.80265362935809e-06 -1.47542845653595e-06 -0.000894430541190607      1.99938866096697   -0.0183065407483497  1.65651241759838e-10  9.43458042023554e-11 -5.54066103026995e-11  1.26168259876603e-11   0.00480631605582312
 -0.00024772311367108  2.94169592310347e-05   -0.0367877928075897   -0.0183065407483497      1.10803214427467 -9.42785544731692e-11 -1.97852011315774e-11   6.2734935795772e-10 -1.94922284419984e-10   0.00728465168331987
 4.68634689391951e-13 -9.04905508264342e-13  7.29989701142438e-11  1.65651241759838e-10 -9.42785544731692e-11      1.01174872319995  0.000683073052104539  -0.00270818955791373   0.00460162395506063  7.73900685179459e-11
-6.32146488830715e-13  -2.8260732525123e-12 -7.51940386180967e-11  9.43458042023554e-11 -1.97852011315774e-11  0.000683073052104539       1.0125264035355   0.00146573252199871  -0.00273806117712886  6.17789710921177e-10
-8.09486396952289e-13  2.01774150294402e-12 -6.84119455286071e-11 -5.54066103026995e-11   6.2734935795772e-10  -0.00270818955791373   0.00146573252199871     0.987485362662455 -0.000679210796123424 -3.96317002828003e-10
  2.2163748000559e-13 -1.12988613318702e-12  2.39395133502821e-11  1.26168259876603e-11 -1.94922284419984e-10   0.00460162395506063  -0.00273806117712886 -0.000679210796123424     0.988276458517826  2.16522070995189e-10
 9.36384849480789e-05  0.000319957931713614   0.00912434428231229   0.00480631605582312   0.00728465168331987  7.73900685179459e-11  6.17789710921177e-10 -3.96317002828003e-10  2.16522070995189e-10     0.894207132659109
TOTAL ENERGY: -127.165091225744	 lambda: 0.2	 population of target: 6.9972950351383
1RDM: 
     1.99999991111762 -3.06083113355077e-08 -1.17486278489491e-05 -5.76413995840779e-06 -0.000251098595245331  4.70992564197448e-13 -5.90239189098418e-13 -8.56289510138294e-13  2.48712950694992e-13  8.75033362030194e-05
-3.06083113355077e-08      1.99999988265546 -2.70300689329895e-06 -9.65629808788859e-07  1.18406771006209e-05 -8.80302073307098e-13 -2.93350567983078e-12  2.00067576816013e-12 -1.15621944665323e-12   0.00033531658895981
-1.17486278489491e-05 -2.70300689329895e-06      1.99835414066896  -0.00077787557455213   -0.0373775529904671  7.25795104198591e-11 -7.05288661572234e-11 -7.41158051600095e-11  2.73292324397208e-11    0.0085317281301763
-5.76413995840779e-06 -9.65629808788859e-07  -0.00077787557455213      1.99956573693872   -0.0171921068340357  1.65402194394087e-10  1.06375252944918e-10 -5.94645863984363e-11  1.65729750552432e-11   0.00283290772549587
-0.000251098595245331  1.18406771006209e-05   -0.0373775529904671   -0.0171921068340357      1.07821999810101 -9.68856375893915e-11  3.18656601764967e-11  4.55509722779656e-10 -9.65474459520087e-11   0.00705360727262447
 4.70992564197448e-13 -8.80302073307098e-13  7.25795104198591e-11  1.65402194394087e-10 -9.68856375893915e-11       1.0085039488006  0.000500418028961128  -0.00198414812451139   0.00334493804583103  2.45285783964183e-12
-5.90239189098418e-13 -2.93350567983078e-12 -7.05288661572234e-11  1.06375252944918e-10  3.18656601764967e-11  0.000500418028961128      1.00907367748464   0.00104758061276816  -0.00200577406886177  5.03542988493169e-10
-8.56289510138294e-13  2.00067576816013e-12 -7.41158051600095e-11 -5.94645863984363e-11  4.55509722779656e-10  -0.00198414812451139   0.00104758061276816     0.990938209973526 -0.000497588776505656 -2.57771035885766e-10
 2.48712950694992e-13 -1.15621944665323e-12  2.73292324397208e-11  1.65729750552432e-11 -9.65474459520087e-11   0.00334493804583103  -0.00200577406886177 -0.000497588776505656      0.99151776603335  1.97803904193341e-10
 8.75033362030194e-05   0.00033531658895981    0.0085317281301763   0.00283290772549587   0.00705360727262447  2.45285783964183e-12  5.03542988493169e-10 -2.57771035885766e-10  1.97803904193341e-10     0.923826728226189
TOTAL ENERGY: -127.164766608066	 lambda: 0.3	 population of target: 6.9986303281785
1RDM: 
     1.99999991182305 -3.41109613228989e-08 -1.16171041419823e-05 -5.23022948813844e-06 -0.000251916175896188  4.79462817150886e-13 -5.81668428063474e-13 -8.77956494823912e-13  2.56010847024298e-13  8.47818275387925e-05
-3.41109613228989e-08      1.99999987505131 -3.21769030383173e-06 -6.76747759668212e-07  3.03755225817663e-07 -8.82209228362645e-13 -2.98702541882799e-12  1.99900724922905e-12 -1.15655117473064e-12  0.000346673428325997
-1.16171041419823e-05 -3.21769030383173e-06      1.99837178071983 -0.000714355633653098   -0.0375074050207801  7.50022589277989e-11 -7.01687725795808e-11 -7.77465169475653e-11    2.854436569453e-11   0.00832152158978511
-5.23022948813844e-06 -6.76747759668212e-07 -0.000714355633653098      1.99963588832269   -0.0164324788658546  1.65461086255084e-10  1.12119420214092e-10 -6.09754976531678e-11  1.76569672187953e-11   0.00174464129064797
-0.000251916175896188  3.03755225817663e-07   -0.0375074050207801   -0.0164324788658546      1.06444780815331 -9.89701263303248e-11 -1.35998564340858e-12  4.04989335353892e-10 -1.18249905669359e-10   0.00655409588274669
 4.79462817150886e-13 -8.82209228362645e-13  7.50022589277989e-11  1.65461086255084e-10 -9.89701263303248e-11      1.00699602066912  0.000414261129697951  -0.00164259554467375   0.00275779029989232  3.32411769857677e-11
-5.81668428063474e-13 -2.98702541882799e-12 -7.01687725795808e-11  1.12119420214092e-10 -1.35998564340858e-12  0.000414261129697951      1.00746765942438   0.00085596652066059  -0.00166038745653434  3.94405695325763e-10
-8.77956494823912e-13  1.99900724922905e-12 -7.77465169475653e-11 -6.09754976531678e-11  4.04989335353892e-10  -0.00164259554467375   0.00085596652066059      0.99254453697768 -0.000411919165368461 -2.41429474917795e-10
 2.56010847024298e-13 -1.15655117473064e-12    2.854436569453e-11  1.76569672187953e-11 -1.18249905669359e-10   0.00275779029989232  -0.00166038745653434 -0.000411919165368461     0.993024310524111   1.6221134702816e-10
 8.47818275387925e-05  0.000346673428325997   0.00832152158978511   0.00174464129064797   0.00655409588274669  3.32411769857677e-11  3.94405695325763e-10 -2.41429474917795e-10   1.6221134702816e-10     0.937512208334563
TOTAL ENERGY: -127.164540856214	 lambda: 0.4	 population of target: 6.99928434829175
1RDM: 
     1.99999991195575 -3.68833156445136e-08 -1.15178657853023e-05 -4.89409478869818e-06 -0.000251704819291079  4.84403681158798e-13 -5.80609459447883e-13  -8.8316040876749e-13  2.56091753757315e-13   8.3556739747906e-05
-3.68833156445136e-08      1.99999986830991 -3.62515698123623e-06 -4.84507649515132e-07 -8.02446293743598e-06 -8.86051088129016e-13 -3.03150398127311e-12  2.00402512794399e-12 -1.15746137638776e-12  0.000356345645283862
-1.15178657853023e-05 -3.62515698123623e-06       1.9983890362982 -0.000671797503373391   -0.0374468631046763  7.54942437796486e-11 -7.09041498696409e-11 -7.75085329939764e-11   2.7866955265473e-11   0.00829050526512074
-4.89409478869818e-06 -4.84507649515132e-07 -0.000671797503373391      1.99967355124196   -0.0158592734094696  1.65676250335579e-10  1.15750358828505e-10 -6.16843034702901e-11  1.83198765215628e-11   0.00101804429681835
-0.000251704819291079 -8.02446293743598e-06   -0.0374468631046763   -0.0158592734094696      1.05726499661081  -6.4877657794119e-11 -2.92177709122249e-11  3.57648411879144e-10 -1.21033724193969e-10   0.00625167177960066
 4.84403681158798e-13 -8.86051088129016e-13  7.54942437796486e-11  1.65676250335579e-10  -6.4877657794119e-11      1.00620682765688  0.000369030047686095  -0.00146328009971152   0.00245014948365645  4.93989063258035e-11
-5.80609459447883e-13 -3.03150398127311e-12 -7.09041498696409e-11  1.15750358828505e-10 -2.92177709122249e-11  0.000369030047686095      1.00662697023439  0.000755977406187966  -0.00147906502818752  3.22874093212759e-10
 -8.8316040876749e-13  2.00402512794399e-12 -7.75085329939764e-11 -6.16843034702901e-11  3.57648411879144e-10  -0.00146328009971152  0.000755977406187966     0.993385448639962 -0.000366943662890538 -2.08960318577829e-10
 2.56091753757315e-13 -1.15746137638776e-12   2.7866955265473e-11  1.83198765215628e-11 -1.21033724193969e-10   0.00245014948365645  -0.00147906502818752 -0.000366943662890538     0.993812838256078  1.14363832534009e-10
  8.3556739747906e-05  0.000356345645283862   0.00829050526512074   0.00101804429681835   0.00625167177960066  4.93989063258035e-11  3.22874093212759e-10 -2.08960318577829e-10  1.14363832534009e-10     0.944640550796097
TOTAL ENERGY: -127.164359206409	 lambda: 0.5	 population of target: 6.99969071482203
1RDM: 
     1.99999991159999  -3.9266286543325e-08 -1.14396069848006e-05 -4.65915979310731e-06 -0.000250879402754617  4.82571075601748e-13 -5.77189277624306e-13 -8.81003444141139e-13  2.56132671324084e-13   8.3207662326671e-05
 -3.9266286543325e-08      1.99999986210588 -3.97140034409682e-06 -3.43134756504185e-07  -1.4280166556267e-05 -8.81445103574748e-13 -3.08173829444385e-12  2.01704660563476e-12 -1.17156885146932e-12  0.000365174527646012
-1.14396069848006e-05 -3.97140034409682e-06      1.99840648371853 -0.000639872862784682   -0.0372723392799958  7.49298241572889e-11  -7.1411152349672e-11  -7.6342635521482e-11  2.75873476907804e-11   0.00837340179302046
-4.65915979310731e-06 -3.43134756504185e-07 -0.000639872862784682      1.99969761715358    -0.015396223424809  1.65277106454796e-10  1.18760052339437e-10 -6.19780637990886e-11  1.90258210603613e-11  0.000483163465397078
-0.000250879402754617  -1.4280166556267e-05   -0.0372723392799958    -0.015396223424809      1.05365613418608 -7.01628931405137e-11 -2.25793107009988e-11   3.3428778314479e-10 -1.13145043944267e-10   0.00617301105061294
 4.82571075601748e-13 -8.81445103574748e-13  7.49298241572889e-11  1.65277106454796e-10 -7.01628931405137e-11      1.00580878226251  0.000346450002390998  -0.00137376778008571   0.00229555124631346  3.73896522327808e-11
-5.77189277624306e-13 -3.08173829444385e-12  -7.1411152349672e-11  1.18760052339437e-10 -2.25793107009988e-11  0.000346450002390998      1.00620321725312  0.000705041980759694  -0.00138854074418145  3.05523634003857e-10
-8.81003444141139e-13  2.01704660563476e-12  -7.6342635521482e-11 -6.19780637990886e-11   3.3428778314479e-10  -0.00137376778008571  0.000705041980759694     0.993809326176223 -0.000344491193737163  -1.9757774024262e-10
 2.56132671324084e-13 -1.17156885146932e-12  2.75873476907804e-11  1.90258210603613e-11 -1.13145043944267e-10   0.00229555124631346  -0.00138854074418145 -0.000344491193737163     0.994210565068258  1.14799481941567e-10
  8.3207662326671e-05  0.000365174527646012   0.00837340179302046  0.000483163465397078   0.00617301105061294  3.73896522327808e-11  3.05523634003857e-10  -1.9757774024262e-10  1.14799481941567e-10      0.94820810047589
TOTAL ENERGY: -127.164185035135	 lambda: 0.6	 population of target: 7.00000800267973
1RDM: 
     1.99999991065527 -4.14869812652126e-08   -1.138123552835e-05 -4.48495544230382e-06 -0.000249542357896947  4.80942604705839e-13 -5.79323821945237e-13 -8.72459094100548e-13  2.52445119687498e-13  8.35111146874085e-05
-4.14869812652126e-08      1.99999985618681 -4.28364219777559e-06 -2.33156302697706e-07 -1.90314637048664e-05 -8.81072336881791e-13 -3.12756332181589e-12  2.03418153992945e-12 -1.18552867906133e-12  0.000373648900742525
  -1.138123552835e-05 -4.28364219777559e-06      1.99842451523521  -0.00061407014455376   -0.0370052909131949  7.46223861171811e-11 -7.20978750520049e-11 -7.40555976404918e-11  2.64741352743212e-11   0.00854878038445294
-4.48495544230382e-06 -2.33156302697706e-07  -0.00061407014455376      1.99971490785068   -0.0150011215924666  1.65206724518479e-10  1.21051689064443e-10 -6.20258970151829e-11  1.93347301963149e-11  6.74391750767091e-05
-0.000249542357896947 -1.90314637048664e-05   -0.0370052909131949   -0.0150011215924666      1.05249154573446 -6.43617660428991e-11 -2.73623863535108e-11  3.29062437183321e-10  -1.1188167454063e-10    0.0063243590727565
 4.80942604705839e-13 -8.81072336881791e-13  7.46223861171811e-11  1.65206724518479e-10 -6.43617660428991e-11      1.00567822503284  0.000339607632743857  -0.00134665546529736   0.00224621772706211  3.99833247201205e-11
-5.79323821945237e-13 -3.12756332181589e-12 -7.20978750520049e-11  1.21051689064443e-10 -2.73623863535108e-11  0.000339607632743857      1.00606486984454  0.000687121808631088   -0.0013610973316962  2.96800792326957e-10
-8.72459094100548e-13  2.03418153992945e-12 -7.40555976404918e-11 -6.20258970151829e-11  3.29062437183321e-10  -0.00134665546529736  0.000687121808631088     0.993947709225706 -0.000337687541359137 -1.90240327378076e-10
 2.52445119687498e-13 -1.18552867906133e-12  2.64741352743212e-11  1.93347301963149e-11  -1.1188167454063e-10   0.00224621772706211   -0.0013610973316962 -0.000337687541359137     0.994341023457928  1.07117664873097e-10
 8.35111146874085e-05  0.000373648900742525   0.00854878038445294  6.74391750767091e-05    0.0063243590727565  3.99833247201205e-11  2.96800792326957e-10 -1.90240327378076e-10  1.07117664873097e-10     0.949337436776603
TOTAL ENERGY: -127.163979926166	 lambda: 0.7	 population of target: 7.00032309601458
1RDM: 
     1.99999990881407 -4.37831831369908e-08 -1.13506455593163e-05 -4.35131725639376e-06 -0.000247646706613802  4.78521182137323e-13 -5.84286675670025e-13 -8.57701171730928e-13   2.4673771310606e-13  8.44259729366501e-05
-4.37831831369908e-08      1.99999985031075 -4.58482061075146e-06 -1.46257288535997e-07 -2.26030064064959e-05 -8.84259806355445e-13 -3.17229699867019e-12   2.0574068095655e-12 -1.20007741115473e-12  0.000382174821057867
-1.13506455593163e-05 -4.58482061075146e-06      1.99844332977491 -0.000591945132866178   -0.0366419163629292  7.40636542708611e-11 -7.35109940913191e-11 -7.07232303472433e-11  2.50830504927697e-11   0.00881661031325365
-4.35131725639376e-06 -1.46257288535997e-07 -0.000591945132866178      1.99972856943688   -0.0146448476484049  1.64963703349872e-10  1.22887129240588e-10  -6.1800848382686e-11  1.95954725491759e-11 -0.000264569789766936
-0.000247646706613802 -2.26030064064959e-05   -0.0366419163629292   -0.0146448476484049      1.05345020841972 -6.11306469589063e-11 -3.20232898639959e-11  3.38187231716429e-10 -1.15280013712214e-10   0.00674773745008082
 4.78521182137323e-13 -8.84259806355445e-13  7.40636542708611e-11  1.64963703349872e-10 -6.11306469589063e-11      1.00577895270131  0.000346601931292883  -0.00137441061922818   0.00228846235424134  4.47741804713781e-11
-5.84286675670025e-13 -3.17229699867019e-12 -7.35109940913191e-11  1.22887129240588e-10 -3.20232898639959e-11  0.000346601931292883      1.00617356097818  0.000697255119442001  -0.00138911042902006  3.01275408673058e-10
-8.57701171730928e-13   2.0574068095655e-12 -7.07232303472433e-11  -6.1800848382686e-11  3.38187231716429e-10  -0.00137441061922818  0.000697255119442001     0.993838967279786 -0.000344642420241596 -1.90219735395959e-10
  2.4673771310606e-13 -1.20007741115473e-12  2.50830504927697e-11  1.95954725491759e-11 -1.15280013712214e-10   0.00228846235424134  -0.00138911042902006 -0.000344642420241596     0.994240381898276  1.05082280472901e-10
 8.44259729366501e-05  0.000382174821057867   0.00881661031325365 -0.000264569789766936   0.00674773745008082  4.47741804713781e-11  3.01275408673058e-10 -1.90219735395959e-10  1.05082280472901e-10     0.948346270386149
TOTAL ENERGY: -127.163680682909	 lambda: 0.8	 population of target: 7.00072057440488
1RDM: 
     1.99999990536432 -4.65304681724822e-08 -1.13717605868598e-05 -4.24666162109886e-06 -0.000245007213413724  4.75155503866905e-13 -5.92674496761775e-13 -8.37490457136824e-13   2.3947648756535e-13  8.60546885003472e-05
-4.65304681724822e-08      1.99999984416892 -4.90358791086256e-06 -8.06568286164169e-08 -2.52014127887996e-05 -8.81583578967679e-13 -3.22557071450971e-12  2.08648077596312e-12 -1.22090161515425e-12  0.000391212715501485
-1.13717605868598e-05 -4.90358791086256e-06      1.99846271350213 -0.000571846885418966   -0.0361571863747132  7.34420713420336e-11 -7.54733682351524e-11 -6.64283128064991e-11  2.34173053062923e-11   0.00919514678861593
-4.24666162109886e-06 -8.06568286164169e-08 -0.000571846885418966      1.99974045396417   -0.0143008113180582  1.64962569322853e-10  1.23932355592626e-10 -6.14942149320121e-11  1.95520364401633e-11 -0.000529550019342618
-0.000245007213413724 -2.52014127887996e-05   -0.0361571863747132   -0.0143008113180582      1.05677624352027 -5.62581965849301e-11  -4.1511556218789e-11  3.57410788682011e-10 -1.22241545586109e-10   0.00755622000479272
 4.75155503866905e-13 -8.81583578967679e-13  7.34420713420336e-11  1.64962569322853e-10 -5.62581965849301e-11      1.00613507300717  0.000369131012872613  -0.00146377012976145   0.00243245147110038  4.84684126098449e-11
-5.92674496761775e-13 -3.22557071450971e-12 -7.54733682351524e-11  1.23932355592626e-10  -4.1511556218789e-11  0.000369131012872613      1.00655533037479   0.00073781678682088  -0.00147937847429598  3.16715027771669e-10
-8.37490457136824e-13  2.08648077596312e-12 -6.64283128064991e-11 -6.14942149320121e-11  3.57410788682011e-10  -0.00146377012976145   0.00073781678682088     0.993457051506393 -0.000367043991135063  -1.9627934059326e-10
  2.3947648756535e-13 -1.22090161515425e-12  2.34173053062923e-11  1.95520364401633e-11 -1.22241545586109e-10   0.00243245147110038  -0.00147937847429598 -0.000367043991135063     0.993884558124881  1.02088094650442e-10
 8.60546885003472e-05  0.000391212715501485   0.00919514678861593 -0.000529550019342618   0.00755622000479272  4.84684126098449e-11  3.16715027771669e-10  -1.9627934059326e-10  1.02088094650442e-10      0.94498882646702
TOTAL ENERGY: -127.163144501711	 lambda: 0.9	 population of target: 7.00134795076321
1RDM: 
     1.99999989855806 -5.05408362082968e-08 -1.15099302690807e-05  -4.1621070665897e-06 -0.000241210700640345  4.68473858943328e-13 -6.05711909922012e-13 -8.04744097603981e-13  2.25708008231019e-13  8.87118198660437e-05
-5.05408362082968e-08      1.99999983721976 -5.29245331688377e-06 -4.09701641006348e-08    -2.69891109783e-05 -8.86879395456841e-13 -3.27628310204368e-12  2.12897201404851e-12 -1.24404583742681e-12  0.000401456017774943
-1.15099302690807e-05 -5.29245331688377e-06      1.99848116645461 -0.000552229643247434   -0.0354937568213573  7.21650618682083e-11 -7.80830522298102e-11 -6.03087105426087e-11  2.09036765238997e-11   0.00973089970120337
 -4.1621070665897e-06 -4.09701641006348e-08 -0.000552229643247434      1.99975209994564   -0.0139346366329748  1.64359193399885e-10  1.25317654634448e-10  -6.0445657969332e-11  1.94349275776678e-11 -0.000729568260326301
-0.000241210700640345    -2.69891109783e-05   -0.0354937568213573   -0.0139346366329748      1.06345559934742 -6.46866244134294e-11 -4.67037607919004e-11  4.01240183351963e-10 -1.37111069726249e-10   0.00901975582072572
 4.68473858943328e-13 -8.86879395456841e-13  7.21650618682083e-11  1.64359193399885e-10 -6.46866244134294e-11      1.00684779274712  0.000413684117227652  -0.00164047762231904   0.00271931735380553  5.05585905324647e-11
-6.05711909922012e-13 -3.27628310204368e-12 -7.80830522298102e-11  1.25317654634448e-10 -4.67037607919004e-11  0.000413684117227652      1.00731877455984  0.000820142890095179  -0.00165790372666712  3.56399327598885e-10
-8.04744097603981e-13  2.12897201404851e-12 -6.03087105426087e-11  -6.0445657969332e-11  4.01240183351963e-10  -0.00164047762231904  0.000820142890095179     0.992693344237299 -0.000411345380555656 -2.17610694754348e-10
 2.25708008231019e-13 -1.24404583742681e-12  2.09036765238997e-11  1.94349275776678e-11 -1.37111069726249e-10   0.00271931735380553  -0.00165790372666712 -0.000411345380555656     0.993172449629067  1.16024674196717e-10
 8.87118198660437e-05  0.000401456017774943   0.00973089970120337 -0.000729568260326301   0.00901975582072572  5.05585905324647e-11  3.56399327598885e-10 -2.17610694754348e-10  1.16024674196717e-10     0.938279037301205
TOTAL ENERGY: -127.161954195641	 lambda: 1	 population of target: 7.00259224852582
1RDM: 
     1.99999988330627 -5.81091792999834e-08 -1.19687882420924e-05 -4.08256382812736e-06 -0.000235311945680837  4.44013642584679e-13 -6.29895630671335e-13 -7.36129816799817e-13  1.91867097908781e-13  9.32150092785871e-05
-5.81091792999834e-08      1.99999982814327 -5.88646294165771e-06 -4.24662713296377e-08 -2.81912881893492e-05 -9.01533322282972e-13 -3.35333619470374e-12  2.20384162993075e-12 -1.29618844540844e-12  0.000414270231269785
-1.19687882420924e-05 -5.88646294165771e-06      1.99849219403745 -0.000530705021503192    -0.034521536257823  6.86245632521594e-11 -8.24840638387662e-11 -4.89411140425535e-11  1.53338036231165e-11    0.0105376652755471
-4.08256382812736e-06 -4.24662713296377e-08 -0.000530705021503192      1.99976555897184   -0.0134827922135245  1.63367124163699e-10  1.25211479108774e-10 -5.81462700586238e-11  1.79926234299658e-11 -0.000843994630346167
-0.000235311945680837 -2.81912881893492e-05    -0.034521536257823   -0.0134827922135245      1.07609919329059 -1.08728283085683e-10 -8.11171090775237e-11   5.3212041953935e-10 -2.14226433099425e-10    0.0118501275028636
 4.44013642584679e-13 -9.01533322282972e-13  6.86245632521594e-11  1.63367124163699e-10 -1.08728283085683e-10      1.00818230537331  0.000497231071219001  -0.00197184257693392    0.0032567428536376  1.05025414128743e-10
-6.29895630671335e-13 -3.35333619470374e-12 -8.24840638387662e-11  1.25211479108774e-10 -8.11171090775237e-11  0.000497231071219001      1.00874840528927  0.000974015791734229  -0.00199267207950906  4.16808252996962e-10
-7.36129816799817e-13  2.20384162993075e-12 -4.89411140425535e-11 -5.81462700586238e-11   5.3212041953935e-10  -0.00197184257693392  0.000974015791734229     0.991263298031866 -0.000494419769975269  -3.0462030636405e-10
 1.91867097908781e-13 -1.29618844540844e-12  1.53338036231165e-11  1.79926234299658e-11 -2.14226433099425e-10    0.0032567428536376  -0.00199267207950906 -0.000494419769975269     0.991839162975539  1.56381480246477e-10
 9.32150092785871e-05  0.000414270231269785    0.0105376652755471 -0.000843994630346167    0.0118501275028636  1.05025414128743e-10  4.16808252996962e-10  -3.0462030636405e-10  1.56381480246477e-10      0.92561017058059
-------------------general-----------------------
mullikenoperator: 
 0.000531843523011175    0.0230110663066607  -1.7106359911523e-05   0.00143555729442986  6.67453063752267e-05 -2.72712201758203e-14 -3.50350774297067e-13  9.54721779025719e-13 -5.03754011420412e-13   0.00010384402746496
   0.0230110663066607     0.999360345476783   -0.0103514555497303   0.00158822669234779  0.000104577770103066 -5.60269269074295e-13 -1.41201038559056e-12  4.56854320641464e-13 -1.01534086603086e-12  0.000229680892300302
-1.71063599115225e-05   -0.0103514555497303    0.0245784834927904     0.152817101662121    0.0138975994491009  1.76637343462785e-11 -5.75697361534719e-11   1.3236888865796e-10 -6.98936331731756e-11    0.0184655034349041
  0.00143555729442987   0.00158822669234786     0.152817101662121     0.975950693181865   -0.0105580462812654  1.06922302311049e-10  2.61670493825555e-11  7.70414599557733e-11  2.55163384481618e-11   0.00441902559478831
 6.67453063752267e-05  0.000104577770103067    0.0138975994491009   -0.0105580462812654     0.434737708688086  1.94856907631274e-09 -1.82304089017387e-09  1.13385359764062e-09  1.82474380191146e-11     0.495463060533777
-2.72712201758201e-14 -5.60269269074286e-13  1.76637343462785e-11  1.06922302311049e-10  1.94856907631274e-09     0.317121921729009     0.101887816555917    -0.406339016194578     0.202641281330304  2.27486594118493e-09
-3.50350774297066e-13 -1.41201038559056e-12 -5.75697361534719e-11  2.61670493825555e-11 -1.82304089017387e-09     0.101887816555917     0.433121730218258    -0.265113259337792    -0.406031443668529 -2.63081493166504e-10
  9.5472177902572e-13  4.56854320641482e-13   1.3236888865796e-10  7.70414599557733e-11  1.13385359764062e-09    -0.406339016194578    -0.265113259337792     0.565877843420704    -0.101311781364954  6.23343405452326e-10
-5.03754011420413e-13 -1.01534086603087e-12 -6.98936331731756e-11  2.55163384481619e-11   1.8247438019115e-11     0.202641281330304    -0.406031443668529    -0.101311781364954     0.683878504632029 -2.06111990232982e-09
  0.00010384402746496  0.000229680892300307    0.0184655034349041    0.0044190255947883     0.495463060533777  2.27486594118493e-09 -2.63081493166504e-10  6.23343405452326e-10 -2.06111990232982e-09     0.564840925637467
selected BF: 
0 1 2 3 4
selected lambdas: 
  -1 -0.9 -0.8 -0.7 -0.6 -0.5 -0.4 -0.3 -0.2 -0.1    0  0.1  0.2  0.3  0.4  0.5  0.6  0.7  0.8  0.9    1
RHF C: 
-1.04330104436927e-05    -0.995139987392083  0.000502283464336525    -0.261011253365492  -0.00583501190722505  2.21139643562631e-11 -2.94782177133575e-11 -1.08667873361196e-11  8.59310312027969e-12    0.0034215290623086
 7.98439261233181e-05   -0.0198830190567325  -0.00201235226150537        1.028312052966    0.0230847697628951 -8.88178943858377e-11  1.18385234228133e-10  4.28753852487302e-11 -3.38984350850195e-11   -0.0133977627889546
 7.97310607356469e-14   6.6464508341345e-13  2.46064444208754e-11 -1.14734326042549e-11  9.14541011174167e-11    -0.568742788418894      0.55305689406001    -0.422285292052698     0.438561807837066   5.4685477365549e-09
 7.79221689802677e-15  1.03084604610468e-13  2.90374358400517e-12  -2.1549430302007e-12   1.3456568579743e-11     0.553056894062261     0.568742788416529    -0.438561807840134    -0.422285292049749   8.8130377097601e-10
  0.00011611770597463  1.80428752803115e-05   -0.0031440815014259     0.013569122911991   -0.0194322208631316  2.68971969609893e-09 -3.61101963220183e-09  2.58100430930957e-09 -1.93532742376807e-09     0.999817384918465
   -0.995248851186736 -3.09567794376115e-05     0.262310403735683   0.00166119593997859  -0.00466799706295627  1.38632329551609e-11  -1.7923565268816e-11  3.10881577270314e-12 -2.18722255437577e-12   0.00258572726807828
  -0.0193273037137855   9.0930952404299e-05     -1.02886236569692  -0.00662790984891241    0.0185553750562192 -5.61085249273116e-11  7.25860951704065e-11 -1.28565173367461e-11   9.0741024317116e-12   -0.0105913164293796
-1.20091578611722e-13 -3.93847177944716e-13 -3.26673519365869e-13  7.60118773299104e-11  2.25133879417742e-09     0.437199744528316    -0.425141808069801    -0.549713014870429     0.570901079277952  -1.4475832894738e-10
-2.14649321787721e-14 -6.37862832217405e-14 -5.67508644779602e-13  1.31998473843595e-11  2.59351340012249e-10     -0.42514180806687    -0.437199744531395    -0.570901079275594    -0.549713014872696 -2.07460012637276e-11
  6.2989160166846e-05 -0.000117564936338803     0.017910314141889   -0.0152442082542898     0.999311765686664 -7.41460865812077e-10  8.94332048076119e-10  1.51335067710838e-09 -1.23964581033106e-09    0.0318920417373549
RDM (no constraint): 
     1.99999999163145  1.22889307516965e-08 -1.73552311817826e-06 -1.27826904894853e-06 -6.66697959012024e-05  1.49624411066591e-13 -1.89590528312842e-13 -1.28711027067732e-13  9.77638033881632e-14  2.97690297071394e-06
 1.22889307516965e-08      1.99999976883172  1.42113473866972e-06  1.93757419290539e-05 -4.02060730379824e-05  8.18150112665447e-14  -1.0119104255547e-13 -4.04971234678671e-13  3.04852144198966e-13 -0.000159565156045515
-1.73552311817826e-06  1.42113473866972e-06      1.99954015527277 -0.000120631019197879   -0.0198006990051088  2.46016152460084e-11  -3.0162203374289e-11 -2.17176301814361e-11  1.70756170521899e-11  -0.00160712360755702
-1.27826904894853e-06  1.93757419290539e-05 -0.000120631019197879      1.99744983661929    0.0060823590189119  6.96888539018088e-11 -9.28060101292153e-11  1.57238012280348e-10  -1.1801030159572e-10    0.0405625094235356
-6.66697959012024e-05 -4.02060730379824e-05   -0.0198006990051088    0.0060823590189119      1.03676103349319 -5.78559395035757e-10  7.70285137043615e-10 -4.83545760920739e-10  3.61122119752378e-10    -0.195105212337426
 1.49624411066591e-13  8.18150112665447e-14  2.46016152460084e-11  6.96888539018088e-11 -5.78559395035757e-10     0.976948048134517  2.37876360673112e-14  -2.8405552138194e-05  -0.00576953686856456  1.20219218898213e-10
-1.89590528312842e-13  -1.0119104255547e-13  -3.0162203374289e-11 -9.28060101292153e-11  7.70285137043615e-10  2.37876360673112e-14     0.976948048134483  -0.00576953686831128  2.84055521507783e-05 -1.41553569435303e-10
-1.28711027067732e-13 -4.04971234678671e-13 -2.17176301814361e-11  1.57238012280348e-10 -4.83545760920739e-10  -2.8405552138194e-05  -0.00576953686831128      1.02308004216476 -2.39797122687877e-14 -4.46625552784095e-10
 9.77638033881632e-14  3.04852144198966e-13  1.70756170521899e-11  -1.1801030159572e-10  3.61122119752378e-10  -0.00576953686856456  2.84055521507783e-05 -2.39797122687877e-14      1.02308004216473  3.55547804311936e-10
 2.97690297071394e-06 -0.000159565156045515  -0.00160712360755702    0.0405625094235356    -0.195105212337426  1.20219218898213e-10 -1.41553569435303e-10 -4.46625552784095e-10  3.55547804311936e-10     0.966193033553068
RDM Eigenvectors: 
    0.999711154595903   -0.0230271134873474    0.0067917370660748   0.00110733292579831  6.63884475894499e-05 -2.64052912825952e-14  1.67934468308944e-14  5.48345995322998e-14  1.31473909378621e-13 -3.36891602001849e-05
   -0.023079474093577    -0.999588624545211    0.0103296714984818   -0.0135349180404004 -8.94924935590298e-05  1.73816579452496e-13 -7.09267411053198e-14  3.00282346168924e-13  6.96795502666425e-13 -0.000124204853621156
 -0.00669420194955588   0.00819794813345421     0.986962153146225     0.159201102442779    0.0177186779003869  1.61460272800632e-11 -5.70234108799887e-12  6.78966525790168e-12  1.65835983735976e-11   -0.0116080574643244
-0.000357798016438155   -0.0149977177261265     -0.15911391493524     0.986351574367753    0.0266335846969642  4.28622597914045e-11 -1.88048989051391e-11 -2.56954448981971e-11 -5.68766310537926e-11     0.029307446596597
 6.91944555224364e-05 -0.000134511757630143   -0.0205025712811696  -0.00503822124077981     0.768167862851167  1.57296468789319e-09 -5.91720287563021e-10 -5.42197797663878e-10 -1.42365490971386e-09    -0.639900283246518
-8.15496150372267e-14 -8.89234640671561e-13  2.38795834560633e-11  7.91614549497463e-11 -2.34703282666668e-09    -0.105628448508084   -0.0615366625016333     0.493893146217687    -0.860886421168977 -1.52480542324458e-09
 1.00706917376552e-13  1.19022085284896e-12   -2.936246993508e-11 -1.04314944010548e-10  3.07461084785244e-09    0.0615366624990057    -0.105628448503484     0.860886421169545     0.493893146218007  2.11335743603012e-09
-6.10695984023345e-14 -1.92626958432389e-12 -3.54484526445474e-11  1.40438029341477e-10 -5.67080047517558e-10    -0.495379419122886     0.860032034952596     0.106333580595756    0.0603100290370988 -2.91798652623704e-09
 4.13895377206762e-14  1.44295660199178e-12  2.73327480040964e-11 -1.04453355098661e-10  3.45958676447977e-10     0.860032034952031     0.495379419122559    0.0603100290397184     -0.10633358060036   2.2567208810436e-09
-1.02497388092028e-05 -0.000421592518389475  -0.00390961585961315    0.0394433373007214    -0.639448842899876  3.48002601104003e-09 -1.48847931612861e-09  1.61265351190388e-09  3.71138881174309e-09    -0.767811134013511
Total C: 
   0.0226186538051024     0.998268903579944   -0.0493586866802944     -0.24265907961494   -0.0052331143974483 -2.45739142240053e-11  1.46822746010348e-11 -7.83761280689549e-11  3.43907524723913e-11  -0.00877347145781632
  0.00166466974806717    0.0059336887738064     0.162123316116332      1.01511775292351    0.0211692852495745  1.00075792769048e-10  -6.2372235024733e-11  3.18855655643878e-10 -1.41293236994094e-10    0.0361017305202879
 9.94686200436255e-14 -9.03448356951892e-13 -4.73257078957174e-11  9.85919687753427e-11 -5.04678574041087e-09    -0.560073573796734     -0.24035407737747     0.738936686428602    -0.287265900335646 -6.11362100852307e-09
-9.06659103332017e-14 -5.24874287396872e-13 -1.17623748038925e-11  7.18953767369766e-11  8.18719774518042e-10    0.0535199280224028    -0.612157859610505     0.143062129198362      0.77584354997251 -1.88179867692858e-09
 7.43673692470976e-05 -0.000359292818080488   -0.0128937504426891    0.0426684256296028    -0.654714532255457   1.4010167524619e-09  3.86495126389532e-09 -7.18471356787501e-09  3.13395381370115e-09    -0.754697514128888
   -0.993177679508094    0.0256879568633522     0.265704322099365   -0.0397906941213589   -0.0106956817002577  1.65467445321727e-11 -1.25209241177357e-11 -3.59860936380632e-11  1.46391668218662e-11  4.97994237325993e-05
  -0.0263173282809925   -0.0101832766523731     -1.01592153864908     0.157358212848004    0.0421573964783085 -6.51939290446627e-11  4.78605600829115e-11  1.45326264554669e-10 -5.89499789844344e-11  2.81070715893288e-05
 1.51535041679444e-13 -4.80351708250342e-13  6.85660148409863e-11  1.39139396597086e-10  2.24621263759253e-09      -0.7829994001564    -0.119465457114212    -0.606237222325504     0.071540120222282  2.06115120133912e-09
-9.10049623613001e-14 -7.38255445789481e-13 -1.09866111399134e-11  5.53447365852915e-11   8.9455572294404e-10     0.263087222528322    -0.742961554668116     -0.25925844785947    -0.558193437317314 -3.93899614884668e-09
 0.000235708218542049   0.00041400753902249    0.0325848006407716   0.00966574051605118     0.746941073202338 -5.56912715898839e-10  3.69143479799688e-09  5.60089737087714e-10  4.48213486300142e-10    -0.664167072974335
Basis set used: STO-3G
Naturals: 
  1.9999999987815  1.99999997546156  1.99997730014576  1.99902108996854  1.19892735193144  1.02379068454325  1.02379068454319  0.97623740575605 0.976237405755993 0.802018103112695
Version: Tmhuysen's fci hack
