The Davidson algorithm did not converge.lambda: -1
The Davidson algorithm did not converge.lambda: -0.9
The Davidson algorithm did not converge.lambda: -0.8
The Davidson algorithm did not converge.lambda: -0.7
The Davidson algorithm did not converge.lambda: -0.6
The Davidson algorithm did not converge.lambda: -0.5
The Davidson algorithm did not converge.lambda: -0.4
The Davidson algorithm did not converge.lambda: -0.3
The Davidson algorithm did not converge.lambda: -0.2
The Davidson algorithm did not converge.lambda: -0.1
TOTAL ENERGY: -127.172374575856	 lambda: 0	 population of target: 6.91600410898722
1RDM: 
     1.99999953908063 -7.14014783756399e-07  3.35733686027678e-05   7.1446420932975e-05  0.000269831961989088 -4.58879039724058e-13 -1.50273244562977e-13 -6.77551134846373e-13 -7.17583931123827e-13  0.000366038844236194
-7.14014783756399e-07      1.99999819001726  1.93373834991241e-05  9.47512328058926e-05  0.000261426564058687 -7.94576572189611e-13  2.95778092325358e-13 -8.27466316240062e-13 -5.74815504569868e-13  0.000135996791109316
 3.35733686027678e-05  1.93373834991241e-05      1.99418532396985  -0.00736201500846201   -0.0692531206072318 -5.05685222173392e-12  3.51047828344778e-11  9.99667716007094e-11  1.10534883614836e-10   -0.0428374674089243
  7.1446420932975e-05  9.47512328058926e-05  -0.00736201500846201      1.98742987473078   -0.0770647810970149  3.90194667757127e-11  4.03549874013162e-11  1.17804980047821e-10  1.26615438945402e-10   -0.0638166424566052
 0.000269831961989088  0.000261426564058687   -0.0692531206072318   -0.0770647810970149     0.677569354782009  1.98599990670347e-10  6.43396597323342e-12    7.228868695222e-10  6.51142960621072e-10    -0.104127548805794
-4.58879039724058e-13 -7.94576572189611e-13 -5.05685222173392e-12  3.90194667757127e-11  1.98599990670347e-10     0.958801227348542  2.11160150506997e-09  2.71546054349898e-08   -0.0301149089556157   1.8200346623047e-11
-1.50273244562977e-13  2.95778092325358e-13  3.51047828344778e-11  4.03549874013162e-11  6.43396597323342e-12  2.11160150506997e-09     0.958801227304976    0.0301149089057403  2.13801053139539e-08 -1.62080348023073e-10
-6.77551134846373e-13 -8.27466316240062e-13  9.99667716007094e-11  1.17804980047821e-10    7.228868695222e-10  2.71546054349898e-08    0.0301149089057403      1.04128323800205  2.11160187670594e-09 -3.16048175958475e-11
-7.17583931123827e-13 -5.74815504569868e-13  1.10534883614836e-10  1.26615438945402e-10  6.51142960621072e-10   -0.0301149089556157  2.13801053139539e-08  2.11160187670594e-09      1.04128323795848  -1.7576765785749e-10
 0.000366038844236194  0.000135996791109316   -0.0428374674089243   -0.0638166424566052    -0.104127548805794   1.8200346623047e-11 -1.62080348023073e-10 -3.16048175958475e-11  -1.7576765785749e-10       1.3406487868055
TOTAL ENERGY: -127.17021687306	 lambda: 0.1	 population of target: 6.97722999572651
1RDM: 
     1.99999969004659 -2.70740489947038e-07   3.7249091749951e-05  5.65038112175908e-05  0.000326213386981094  -4.8232291979009e-13 -2.42146167041392e-13 -8.36425646366705e-13 -8.19239196492678e-13  0.000376579977199221
-2.70740489947038e-07      1.99999943919587  2.35654995832769e-05  4.72230961857685e-05  0.000364341424895708 -8.48248552247381e-13  2.59873775037939e-13 -9.98582579416772e-13 -6.63499195095235e-13  7.99961691723655e-05
  3.7249091749951e-05  2.35654995832769e-05      1.99446652245142  -0.00754346413142342   -0.0595600647681968 -1.34511667887088e-11  4.80406101667834e-11  9.02205003905202e-11  1.00853709946261e-10   -0.0461625242835899
 5.65038112175908e-05  4.72230961857685e-05  -0.00754346413142342      1.98904940833121   -0.0770611914448608   3.6718586658866e-11  5.76630086918121e-11  1.27962828746697e-10  1.30253563544553e-10   -0.0660099185239937
 0.000326213386981094  0.000364341424895708   -0.0595600647681968   -0.0770611914448608     0.812683122339759  9.12028513426394e-11  9.21924461693781e-11  4.49486163967159e-10   3.6085982735843e-10   -0.0327966490809799
 -4.8232291979009e-13 -8.48248552247381e-13 -1.34511667887088e-11   3.6718586658866e-11  9.12028513426394e-11       0.9759738478012  1.19288159578672e-09  1.57346027869128e-08   -0.0169429349366689 -3.19701507537283e-11
-2.42146167041392e-13  2.59873775037939e-13  4.80406101667834e-11  5.76630086918121e-11  9.21924461693781e-11  1.19288159578672e-09     0.975973847779214    0.0169429349055789  1.23747158979684e-08  2.78920144535329e-12
-8.36425646366705e-13 -9.98582579416772e-13  9.02205003905202e-11  1.27962828746697e-10  4.49486163967159e-10  1.57346027869128e-08    0.0169429349055789      1.02406856546992  1.19288425009492e-09 -1.14296559408212e-11
-8.19239196492678e-13 -6.63499195095235e-13  1.00853709946261e-10  1.30253563544553e-10   3.6085982735843e-10   -0.0169429349366689  1.23747158979684e-08  1.19288425009492e-09      1.02406856544793 -1.32369558850976e-10
 0.000376579977199221  7.99961691723655e-05   -0.0461625242835899   -0.0660099185239937   -0.0327966490809799 -3.19701507537283e-11  2.78920144535329e-12 -1.14296559408212e-11 -1.32369558850976e-10      1.20371699113691
TOTAL ENERGY: -127.16837900522	 lambda: 0.2	 population of target: 6.99032291390201
1RDM: 
     1.99999971578068 -1.95362527460983e-07  3.74580656426166e-05  5.37522705819829e-05   0.00034796370353204 -5.38109387333502e-13   -1.350487991844e-13 -8.03388939388687e-13 -8.10652794930098e-13  0.000369331210988691
-1.95362527460983e-07      1.99999966917027  2.34149771270854e-05  3.85577017448753e-05  0.000398607971527945 -8.86193497840991e-13  3.14909533714563e-13 -1.01843045689482e-12 -6.72164237932581e-13  5.23850659634289e-05
 3.74580656426166e-05  2.34149771270854e-05      1.99457318373561  -0.00750150137748399   -0.0560830736454754 -9.22148566242795e-12  3.33207651541309e-11  7.93119775662217e-11  9.59546922729196e-11   -0.0476466310604111
 5.37522705819829e-05  3.85577017448753e-05  -0.00750150137748399      1.98937322731974   -0.0773387893497204  4.69596723375267e-11  3.48777104682669e-11  1.19287521477735e-10  1.27507366949594e-10   -0.0659600597177839
  0.00034796370353204  0.000398607971527945   -0.0560830736454754   -0.0773387893497204     0.864106625919872  1.50695164096904e-10 -1.03271204019418e-10  3.26886745415915e-10  2.79661207029218e-10   -0.0154208186286964
-5.38109387333502e-13 -8.86193497840991e-13 -9.22148566242795e-12  4.69596723375267e-11  1.50695164096904e-10     0.982345843485139  8.60414484630519e-10   1.1530088064291e-08   -0.0122835780849293  2.50500801398965e-12
  -1.350487991844e-13  3.14909533714563e-13  3.33207651541309e-11  3.48777104682669e-11 -1.03271204019418e-10  8.60414484630519e-10     0.982345843469176    0.0122835780620967  9.05441609031635e-09 -9.95422852114875e-11
-8.03388939388687e-13 -1.01843045689482e-12  7.93119775662217e-11  1.19287521477735e-10  3.26886745415915e-10   1.1530088064291e-08    0.0122835780620967      1.01768819193998  8.60415314505342e-10 -1.64082929974825e-10
-8.10652794930098e-13 -6.72164237932581e-13  9.59546922729196e-11  1.27507366949594e-10  2.79661207029218e-10   -0.0122835780849293  9.05441609031635e-09  8.60415314505342e-10      1.01768819192402 -1.93812268741048e-10
 0.000369331210988691  5.23850659634289e-05   -0.0476466310604111   -0.0659600597177839   -0.0154208186286964  2.50500801398965e-12 -9.95422852114875e-11 -1.64082929974825e-10 -1.93812268741048e-10       1.1518795072555
TOTAL ENERGY: -127.16721191838	 lambda: 0.3	 population of target: 6.99512031079593
1RDM: 
      1.9999997229019  -1.7725353963158e-07  3.71584139880199e-05  5.28371918207339e-05  0.000361223238273893 -5.22566594555742e-13 -1.86176366177199e-13   -8.668517418445e-13 -8.45501216468855e-13  0.000360614690136581
 -1.7725353963158e-07      1.99999973665892  2.31644070663432e-05  3.63547170701042e-05  0.000418710608679177 -8.88923553240177e-13  2.94509520848357e-13 -1.05908294876216e-12 -6.91715926170788e-13  3.82171926720088e-05
 3.71584139880199e-05  2.31644070663432e-05      1.99465779842755  -0.00743451222308842   -0.0542537805204852 -1.46076746558785e-11  4.20073113652223e-11  7.76037513318018e-11  9.36501107497056e-11   -0.0482398655267721
 5.28371918207339e-05  3.63547170701042e-05  -0.00743451222308842      1.98948565735037   -0.0778159684540696  4.06656006459175e-11  4.77586383878724e-11  1.23372105929592e-10  1.28551507031727e-10   -0.0654340911385422
 0.000361223238273893  0.000418710608679177   -0.0542537805204852   -0.0778159684540696     0.888695598427883  6.20813936571581e-11  1.88719175099338e-11  2.34747844446254e-10  1.92196836697742e-10  -0.00855279109114928
-5.22566594555742e-13 -8.88923553240177e-13 -1.46076746558785e-11  4.06656006459175e-11  6.20813936571581e-11      0.98536859721279  7.12089131023695e-10  9.53320174501087e-09   -0.0101072308225529  -1.0320130563722e-11
-1.86176366177199e-13  2.94509520848357e-13  4.20073113652223e-11  4.77586383878724e-11  1.88719175099338e-11  7.12089131023695e-10     0.985368597199688    0.0101072308036043  7.48669478202196e-09 -4.47280218150972e-11
  -8.668517418445e-13 -1.05908294876216e-12  7.76037513318018e-11  1.23372105929592e-10  2.34747844446254e-10  9.53320174501087e-09    0.0101072308036043      1.01466267904118  7.12086271757764e-10 -3.82662352631476e-11
-8.45501216468855e-13 -6.91715926170788e-13  9.36501107497056e-11  1.28551507031727e-10  1.92196836697742e-10   -0.0101072308225529  7.48669478202196e-09  7.12086271757764e-10      1.01466267902808 -9.77986259974869e-11
 0.000360614690136581  3.82171926720088e-05   -0.0482398655267721   -0.0654340911385422  -0.00855279109114928  -1.0320130563722e-11 -4.47280218150972e-11 -3.82662352631476e-11 -9.77986259974869e-11      1.12709893375168
TOTAL ENERGY: -127.166384425744	 lambda: 0.4	 population of target: 6.99751650595157
1RDM: 
     1.99999972530437 -1.74414296713826e-07  3.66903596579467e-05   5.2354515287364e-05  0.000370919786558076 -5.20832724406496e-13  -1.9521239012896e-13 -8.64143308673186e-13 -8.40552760439914e-13  0.000351999527030629
-1.74414296713826e-07      1.99999975975725  2.30814418567686e-05  3.60089424335191e-05  0.000434257329645524 -8.95716447050356e-13  2.91215890394687e-13 -1.10344479767292e-12 -7.20078840766506e-13  3.07815545402407e-05
 3.66903596579467e-05  2.30814418567686e-05      1.99474220083971   -0.0073597303202761    -0.053071288109796 -1.46896477048822e-11  4.09223460385335e-11  8.22270033272326e-11  9.64676991478098e-11   -0.0483605485159419
  5.2354515287364e-05  3.60089424335191e-05   -0.0073597303202761      1.98954256143973   -0.0783764166809877  4.24642020303694e-11  4.53670335178791e-11  1.26906759322583e-10  1.30586025083992e-10   -0.0647377684417921
 0.000370919786558076  0.000434257329645524    -0.053071288109796   -0.0783764166809877     0.901472287194166  8.72145638300058e-11 -3.30868916435946e-11   2.9155542624029e-10  2.24247432856392e-10  -0.00512434835464341
-5.20832724406496e-13 -8.95716447050356e-13 -1.46896477048822e-11  4.24642020303694e-11  8.72145638300058e-11     0.986936899805865  6.33371535240727e-10  8.51973467970521e-09  -0.00898056865547546 -3.81902378151514e-11
 -1.9521239012896e-13  2.91215890394687e-13  4.09223460385335e-11  4.53670335178791e-11 -3.30868916435946e-11  6.33371535240727e-10     0.986936899794186   0.00898056863858147  6.69341698427771e-09  9.08245619984724e-13
-8.64143308673186e-13 -1.10344479767292e-12  8.22270033272326e-11  1.26906759322583e-10   2.9155542624029e-10  8.51973467970521e-09   0.00898056863858147      1.01309323882924  6.33369905351227e-10 -1.23927160632442e-10
-8.40552760439914e-13 -7.20078840766506e-13  9.64676991478098e-11  1.30586025083992e-10  2.24247432856392e-10  -0.00898056865547546  6.69341698427771e-09  6.33369905351227e-10      1.01309323881757 -1.47694835913793e-10
 0.000351999527030629  3.07815545402407e-05   -0.0483605485159419   -0.0647377684417921  -0.00512434835464341 -3.81902378151514e-11  9.08245619984724e-13 -1.23927160632442e-10 -1.47694835913793e-10      1.11418318821795
TOTAL ENERGY: -127.165702457813	 lambda: 0.5	 population of target: 6.99904130514691
1RDM: 
     1.99999972602958 -1.77190426475062e-07  3.61015705084134e-05  5.19614427374087e-05  0.000378677648361703 -5.33756856246365e-13 -1.80306100463259e-13 -8.86267892635735e-13 -8.51608428355583e-13  0.000343489520365862
-1.77190426475062e-07      1.99999976643017  2.31510950484199e-05  3.64007079598495e-05  0.000448262696906928 -9.09112427710701e-13  2.97498406069432e-13 -1.10587450052227e-12 -7.23324912453749e-13   2.7334819797304e-05
 3.61015705084134e-05  2.31510950484199e-05      1.99483260173616  -0.00727767512662552   -0.0522073333974019 -1.59848157085941e-11  4.18660132260929e-11  7.38936996359923e-11  9.06113406998759e-11   -0.0481625103085284
 5.19614427374087e-05  3.64007079598495e-05  -0.00727767512662552      1.98958377727421   -0.0789872290568635  4.16789859844863e-11  4.69200549943148e-11  1.24652396137665e-10  1.28741715568631e-10   -0.0639305602570342
 0.000378677648361703  0.000448262696906928   -0.0522073333974019   -0.0789872290568635     0.907558850909825  5.45520015578056e-11  9.82447241761633e-12  2.00378111529325e-10  1.61194899336055e-10  -0.00318512545376556
-5.33756856246365e-13 -9.09112427710701e-13 -1.59848157085941e-11  4.16789859844863e-11  5.45520015578056e-11     0.987689378829019   5.9394998455774e-10  7.98273743762669e-09  -0.00843138907325327 -1.31554350518104e-11
-1.80306100463259e-13  2.97498406069432e-13  4.18660132260929e-11  4.69200549943148e-11  9.82447241761633e-12   5.9394998455774e-10     0.987689378818061   0.00843138905732733   6.2605942790848e-09 -3.55161867314523e-11
-8.86267892635735e-13 -1.10587450052227e-12  7.38936996359923e-11  1.24652396137665e-10  2.00378111529325e-10  7.98273743762669e-09   0.00843138905732733      1.01234027551745  5.93949383882857e-10 -4.60156863319501e-11
-8.51608428355583e-13 -7.23324912453749e-13  9.06113406998759e-11  1.28741715568631e-10  1.61194899336055e-10  -0.00843138907325327   6.2605942790848e-09  5.93949383882857e-10       1.0123402755065 -9.32403887225232e-11
 0.000343489520365862   2.7334819797304e-05   -0.0481625103085284   -0.0639305602570342  -0.00318512545376556 -1.31554350518104e-11 -3.55161867314523e-11 -4.60156863319501e-11 -9.32403887225232e-11      1.10796596894905
TOTAL ENERGY: -127.165024236241	 lambda: 0.6	 population of target: 7.00027601089756
1RDM: 
      1.9999997257954  -1.8279442181023e-07  3.53704197950746e-05  5.15263283914762e-05  0.000385261822447692 -5.36410146318512e-13 -1.78422256793268e-13 -8.93072710221813e-13 -8.53146617830876e-13  0.000334764238504313
 -1.8279442181023e-07      1.99999976542236  2.33363926434027e-05  3.71693513898257e-05  0.000462181480945904  -9.1857000491628e-13  2.97483204130654e-13 -1.13273370762529e-12 -7.45439727222124e-13  2.65930254619273e-05
 3.53704197950746e-05  2.33363926434027e-05      1.99493202395578  -0.00718588855986463   -0.0515277692347356 -1.64926774445758e-11  4.16484722716367e-11   7.2608328534674e-11   8.9241263920939e-11   -0.0476926181749316
 5.15263283914762e-05  3.71693513898257e-05  -0.00718588855986463       1.9896246710059   -0.0796545654485938  4.26532340949925e-11  4.61550651781541e-11  1.25036138524807e-10  1.28374755621633e-10   -0.0629960399144666
 0.000385261822447692  0.000462181480945904   -0.0515277692347356   -0.0796545654485938     0.908853706841041  5.43899164666742e-11  8.70725332515674e-12  1.97427614336117e-10  1.58286075182763e-10  -0.00200239236031498
-5.36410146318512e-13  -9.1857000491628e-13 -1.64926774445758e-11  4.26532340949925e-11  5.43899164666742e-11     0.987863462360791  5.85367462746334e-10  7.91854498158076e-09  -0.00828391305123616 -1.38574321751988e-11
-1.78422256793268e-13  2.97483204130654e-13  4.16484722716367e-11  4.61550651781541e-11  8.70725332515674e-12  5.85367462746334e-10     0.987863462350087   0.00828391303549185   6.2231249350206e-09 -3.47790699664213e-11
-8.93072710221813e-13 -1.13273370762529e-12   7.2608328534674e-11  1.25036138524807e-10  1.97427614336117e-10  7.91854498158076e-09   0.00828391303549185      1.01216606470098  5.85366288374688e-10 -4.83156124642096e-11
-8.53146617830876e-13 -7.45439727222124e-13   8.9241263920939e-11  1.28374755621633e-10  1.58286075182763e-10  -0.00828391305123616   6.2231249350206e-09  5.85366288374688e-10      1.01216606469027 -9.45443246969871e-11
 0.000334764238504313  2.65930254619273e-05   -0.0476926181749316   -0.0629960399144666  -0.00200239236031498 -1.38574321751988e-11 -3.47790699664213e-11 -4.83156124642096e-11 -9.45443246969871e-11      1.10653105287743
TOTAL ENERGY: -127.164184640076	 lambda: 0.7	 population of target: 7.00156491960985
1RDM: 
     1.99999972440453 -1.90644825250534e-07  3.44290278975798e-05  5.09605265921783e-05  0.000391156336758635 -5.45106326162024e-13 -1.63804640629192e-13 -8.88175574681689e-13 -8.47341900642258e-13  0.000325308653135272
-1.90644825250534e-07      1.99999975964368  2.35948504123827e-05  3.81811557671464e-05  0.000477098148385704 -9.34850279010511e-13  3.07595049921732e-13 -1.15271521904009e-12  -7.6587766271302e-13   2.7873988006427e-05
 3.44290278975798e-05  2.35948504123827e-05      1.99504247190487  -0.00708038661686699   -0.0509745885808084 -1.70915844074445e-11  4.16069838881337e-11  7.10215879340376e-11  8.75711809012653e-11   -0.0469350086997734
 5.09605265921783e-05  3.81811557671464e-05  -0.00708038661686699      1.98967481852273   -0.0804114938558991  4.14128969505925e-11  4.96353853705226e-11  1.28273996498164e-10   1.2949005013158e-10   -0.0618681872610126
 0.000391156336758635  0.000477098148385704   -0.0509745885808084   -0.0804114938558991     0.905738877653446  5.49154866191977e-11  1.18177390189257e-11  2.05011777363866e-10  1.63435547288174e-10  -0.00121900806393107
-5.45106326162024e-13 -9.34850279010511e-13 -1.70915844074445e-11  4.14128969505925e-11  5.49154866191977e-11     0.987511856006323  5.92022447290783e-10  8.13944951067403e-09  -0.00849417428062442 -1.67617272018961e-11
-1.63804640629192e-13  3.07595049921732e-13  4.16069838881337e-11  4.96353853705226e-11  1.18177390189257e-11  5.92022447290783e-10     0.987511855995308   0.00849417426445193  6.38372325643754e-09 -3.18432485701349e-11
-8.88175574681689e-13 -1.15271521904009e-12  7.10215879340376e-11  1.28273996498164e-10  2.05011777363866e-10  8.13944951067403e-09   0.00849417426445193      1.01251783252938   5.9202295261036e-10 -4.96154639931343e-11
-8.47341900642258e-13  -7.6587766271302e-13  8.75711809012653e-11   1.2949005013158e-10  1.63435547288174e-10  -0.00849417428062442  6.38372325643754e-09   5.9202295261036e-10      1.01251783251837  -9.8060835935558e-11
 0.000325308653135272   2.7873988006427e-05   -0.0469350086997734   -0.0618681872610126  -0.00121900806393107 -1.67617272018961e-11 -3.18432485701349e-11 -4.96154639931343e-11  -9.8060835935558e-11       1.1094849708214
TOTAL ENERGY: -127.162885612338	 lambda: 0.8	 population of target: 7.00328923040321
1RDM: 
     1.99999972067482 -2.01529589001786e-07  3.31296974009396e-05   5.0154605425741e-05  0.000396781240703715 -5.34712031159681e-13 -1.91649016850135e-13  -9.1175405117094e-13 -8.52706595571456e-13  0.000314284385604001
-2.01529589001786e-07      1.99999974932722  2.38532462422053e-05  3.93829468282738e-05  0.000494258805938759 -9.35885514505006e-13  2.79188833232514e-13 -1.19673709829328e-12 -7.99043820528704e-13  3.07267214996681e-05
 3.31296974009396e-05  2.38532462422053e-05       1.9951647171792  -0.00695488369401342   -0.0505314850626502 -1.76449547963655e-11  4.13885725693242e-11  6.97450086040956e-11  8.57551759939652e-11   -0.0458086718757087
  5.0154605425741e-05  3.93829468282738e-05  -0.00695488369401342      1.98974486275894   -0.0813248173288231  4.59432088620548e-11  3.99811376217847e-11  1.23159255832291e-10  1.26745756254209e-10   -0.0604108203799892
 0.000396781240703715  0.000494258805938759   -0.0505314850626502   -0.0813248173288231     0.897372141136467  5.71240528973443e-11  1.81397298151133e-11  2.02631296620091e-10  1.65400669515369e-10 -0.000566966840328325
-5.34712031159681e-13 -9.35885514505006e-13 -1.76449547963655e-11  4.59432088620548e-11  5.71240528973443e-11     0.986543299736927  6.38262732478057e-10  8.74781133549437e-09  -0.00911589414231735 -1.14428473052633e-11
-1.91649016850135e-13  2.79188833232514e-13  4.13885725693242e-11  3.99811376217847e-11  1.81397298151133e-11  6.38262732478057e-10     0.986543299725072    0.0091158941249149  6.86003406128529e-09  -4.6277375079417e-11
 -9.1175405117094e-13 -1.19673709829328e-12  6.97450086040956e-11  1.23159255832291e-10  2.02631296620091e-10  8.74781133549437e-09    0.0091158941249149      1.01348691912458  6.38262761239157e-10 -4.28116318439295e-11
-8.52706595571456e-13 -7.99043820528704e-13  8.57551759939652e-11  1.26745756254209e-10  1.65400669515369e-10  -0.00911589414231735  6.86003406128529e-09  6.38262761239157e-10      1.01348691911273 -1.00425602151254e-10
 0.000314284385604001  3.07267214996681e-05   -0.0458086718757087   -0.0604108203799892 -0.000566966840328325 -1.14428473052633e-11  -4.6277375079417e-11 -4.28116318439295e-11 -1.00425602151254e-10      1.11765837122404
TOTAL ENERGY: -127.160398197487	 lambda: 0.9	 population of target: 7.0061977367793
1RDM: 
     1.99999971104222 -2.18554465433771e-07  3.11171892174419e-05  4.89035014324612e-05  0.000402647419656202 -5.48154657393681e-13   -1.666563689432e-13 -9.00994931387493e-13 -8.40575168468356e-13  0.000300101280056399
-2.18554465433771e-07       1.9999997318395  2.39191715793505e-05  4.07406990685316e-05   0.00051570583803865 -9.64190174986266e-13  2.99668953479352e-13 -1.23528643812761e-12 -8.35268752514427e-13  3.46289457039084e-05
 3.11171892174419e-05  2.39191715793505e-05      1.99529503595502  -0.00679803412136675    -0.050218804122734 -1.81891860044506e-11  4.08709504634955e-11  6.79644354884545e-11  8.33695122748219e-11   -0.0441169485652533
 4.89035014324612e-05  4.07406990685316e-05  -0.00679803412136675      1.98985367662915   -0.0825239835483967  4.36683896933317e-11  4.52515757080515e-11  1.27665752570561e-10  1.28162691947928e-10   -0.0583361553520232
 0.000402647419656202   0.00051570583803865    -0.050218804122734   -0.0825239835483967     0.881039510332559  6.99672405842708e-11  1.06896100545936e-11  2.53248691407059e-10  2.01597899125126e-10  0.000377769219142524
-5.48154657393681e-13 -9.64190174986266e-13 -1.81891860044506e-11  4.36683896933317e-11  6.99672405842708e-11     0.984654778475356  7.74609714552027e-10  9.94580254420626e-09   -0.0103396891615686 -2.18024474198831e-11
  -1.666563689432e-13  2.99668953479352e-13  4.08709504634955e-11  4.52515757080515e-11  1.06896100545936e-11  7.74609714552027e-10     0.984654778461947    0.0103396891416992  7.86274124760804e-09 -4.20540782354489e-11
-9.00994931387493e-13 -1.23528643812761e-12  6.79644354884545e-11  1.27665752570561e-10  2.53248691407059e-10  9.94580254420626e-09    0.0103396891416992      1.01537666193457  7.74605735987915e-10 -6.83535960259783e-11
-8.40575168468356e-13 -8.35268752514427e-13  8.33695122748219e-11  1.28162691947928e-10  2.01597899125126e-10   -0.0103396891615686  7.86274124760804e-09  7.74605735987915e-10      1.01537666192116 -1.24978297844009e-10
 0.000300101280056399  3.46289457039084e-05   -0.0441169485652533   -0.0583361553520232  0.000377769219142524 -2.18024474198831e-11 -4.20540782354489e-11 -6.83535960259783e-11 -1.24978297844009e-10      1.13374945340854
TOTAL ENERGY: -127.154394336288	 lambda: 1	 population of target: 7.01246889896257
1RDM: 
     1.99999968340846  -2.5252149362212e-07  2.73282352879856e-05  4.66930496090092e-05  0.000409557518908697   -5.512481790062e-13 -1.61164561481413e-13 -8.99553112716237e-13 -8.28841788432989e-13   0.00027906434755136
 -2.5252149362212e-07      1.99999969651895  2.31083148772005e-05  4.21540312170415e-05  0.000545924673796137 -9.89669193124138e-13  3.00107142578206e-13 -1.29095792439272e-12 -8.86090396423699e-13  3.82674192349778e-05
 2.73282352879856e-05  2.31083148772005e-05      1.99540854810242  -0.00658466148550231   -0.0501030596106274 -1.89216131459046e-11  4.03361483315086e-11  6.61042928426982e-11  8.02243905981158e-11   -0.0413671170290925
 4.66930496090092e-05  4.21540312170415e-05  -0.00658466148550231      1.99004774264211    -0.084277619119823  4.45254123132038e-11  4.43683117510372e-11  1.28691983372778e-10  1.27204284496427e-10   -0.0549342277388793
 0.000409557518908697  0.000545924673796137   -0.0501030596106274    -0.084277619119823     0.849467561710019  8.63979901319238e-11  1.69569461389009e-11  3.12035772546716e-10  2.50357507742049e-10    0.0029254971486247
  -5.512481790062e-13 -9.89669193124138e-13 -1.89216131459046e-11  4.45254123132038e-11  8.63979901319238e-11     0.981044813091019  9.49514706427668e-10  1.23037534943167e-08   -0.0126675743219974 -3.11457303679906e-11
-1.61164561481413e-13  3.00107142578206e-13  4.03361483315086e-11  4.43683117510372e-11  1.69569461389009e-11  9.49514706427668e-10      0.98104481307452    0.0126675742975017  9.73084623480108e-09 -5.14364324186291e-11
-8.99553112716237e-13 -1.29095792439272e-12  6.61042928426982e-11  1.28691983372778e-10  3.12035772546716e-10  1.23037534943167e-08    0.0126675742975017      1.01898960135762   9.4951023647758e-10 -8.56072144553731e-11
-8.28841788432989e-13 -8.86090396423699e-13  8.02243905981158e-11  1.27204284496427e-10  2.50357507742049e-10   -0.0126675743219974  9.73084623480108e-09   9.4951023647758e-10      1.01898960134113 -1.58198735130149e-10
  0.00027906434755136  3.82674192349778e-05   -0.0413671170290925   -0.0549342277388793    0.0029254971486247 -3.11457303679906e-11 -5.14364324186291e-11 -8.56072144553731e-11 -1.58198735130149e-10      1.16500793875376
-------------------general-----------------------
mullikenoperator: 
 0.000400333896909728   -0.0173734706268881   0.00151212689562706  -0.00979739828420009  0.000422545132424218  -1.7459866106446e-13  -2.5887296088998e-13 -4.15407941224147e-13  -2.8918498191842e-13  0.000179717548655899
  -0.0173734706268881     0.999495674027883    -0.014026012514233  -0.00192538283899397   0.00113835699653306 -4.83545732403448e-13 -5.48117608150071e-13 -1.66763706268105e-12 -1.66757083392337e-12  0.000795930304410672
  0.00151212689562706    -0.014026012514233    0.0242781615339186    -0.122036520606703     0.064559926917572 -2.47803970241071e-11  -4.9530358635126e-11 -1.01598614345907e-10 -1.07095783345281e-10    0.0673058808523272
 -0.00979739828420009  -0.00192538283899407    -0.122036520606703     0.984332907969557  -0.00643036065731458  1.60995039124752e-11  -1.3386306918019e-11  4.06297970721745e-12 -1.04592297738372e-11    0.0214171739334694
 0.000422545132424217   0.00113835699653306     0.064559926917572  -0.00643036065731458     0.448152988494979  3.93865628689378e-10 -8.96903088227923e-10   3.0417899777073e-10  2.85514229508764e-10     0.493310910191658
-1.74598661064459e-13 -4.83545732403449e-13 -2.47803970241071e-11  1.60995039124752e-11  3.93865628689379e-10     0.218221853226926 -2.89331330240027e-08  8.96195009401951e-08     0.413041990996379   3.0384135270066e-11
 -2.5887296088998e-13 -5.48117608150074e-13  -4.9530358635126e-11  -1.3386306918019e-11 -8.96903088227922e-10 -2.89331330232912e-08     0.218221853761595    -0.413041991361138  5.01430082034611e-08 -3.45577202217681e-10
-4.15407941224145e-13 -1.66763706268105e-12 -1.01598614345907e-10  4.06297970721747e-12   3.0417899777073e-10  8.96195009317579e-08    -0.413041991361138     0.781778146238395 -2.89331329927505e-08 -8.80315995480709e-10
-2.89184981918419e-13 -1.66757083392337e-12 -1.07095783345281e-10 -1.04592297738372e-11  2.85514229508764e-10     0.413041990996379  5.01430082065757e-08 -2.89331329442022e-08     0.781778146773084 -4.49749650099246e-10
 0.000179717548655899  0.000795930304410673    0.0673058808523272    0.0214171739334694     0.493310910191658  3.03841352700659e-11 -3.45577202217681e-10  -8.8031599548071e-10 -4.49749650099246e-10     0.543339934076757
selected BF: 
0 1 2 3 4
selected lambdas: 
  -1 -0.9 -0.8 -0.7 -0.6 -0.5 -0.4 -0.3 -0.2 -0.1    0  0.1  0.2  0.3  0.4  0.5  0.6  0.7  0.8  0.9    1
RHF C: 
-2.96168734360181e-05    -0.995345736370717     0.258968068811833    0.0260290398411227   0.00306429409024459  3.72570798077865e-13 -7.15746380690122e-12 -8.34188946724573e-14 -2.70396912682872e-12   0.00520168394746819
 0.000158295459741204   -0.0190714428239194     -1.02334744158348    -0.103069353455094    -0.012272418744296 -1.47860079642019e-12  2.88205354585386e-11  3.59894258924222e-13  1.06543402003134e-11    -0.021063903434035
 1.98867535002997e-14  3.98080559867465e-15 -7.33752091950805e-12  6.03456388299412e-12  6.82683224023207e-10    0.0298150258276361      0.18150091755886     0.918569010321995    -0.349871255945355   1.4167209774932e-11
 7.02782455958096e-15 -6.50192921522887e-14 -9.57671942969878e-12  2.41017385604089e-11   1.4995518767269e-09   -0.0795031046292976    0.0680659525208653     0.344479110555793     0.932947408031632  5.02014578936286e-11
 0.000266165001345256 -4.97044476003394e-05   -0.0145838879060254    0.0297290273130823     0.998857329496711  1.20522383090631e-10 -1.67036468642512e-10 -1.15304825125525e-09 -1.15570220519144e-09   -0.0464703986965291
   -0.995065933211576 -4.41927097250815e-05    0.0237373751211065    -0.261689186070882    0.0124590010237129  2.16007267858999e-12 -8.56554435522872e-12  -9.2122074229384e-12 -9.03158144294998e-12   0.00423539932161433
  -0.0200444371954416  0.000156429561307487   -0.0922264732477662      1.02374458834399   -0.0503632961682958 -8.77760242079658e-12  3.43038690395938e-11  3.78967414053166e-11   3.7197534717423e-11   -0.0164421899801766
 1.23751869893893e-13  2.20807673255739e-14  1.06030105710773e-11 -9.76119980940085e-12 -2.84850828275397e-11     0.349773088528233     0.917977733986077    -0.184468126683411    0.0309454033038927  7.93178968638137e-10
 8.12897606017903e-14  2.69918946448763e-14  7.68282498659797e-12 -1.04068465271869e-11  3.07955732843164e-12    -0.932685640457417     0.344257371710748   -0.0691787067458448    -0.082517306917022  1.69428197909729e-10
-5.03338412815826e-07 -0.000228382803281621   0.00705921389882205   -0.0170044647145019   -0.0199041170585244  1.13547246666076e-10  7.96938299285097e-10 -1.02004980842196e-10  7.55157379788214e-11     -1.00008796920691
RDM (no constraint): 
     1.99999998821153  2.96142726776406e-08  3.63299894645186e-06  2.06047403204201e-06  1.64183510649543e-05   3.2204615497478e-14 -1.59936612473856e-13 -2.42334849427564e-15 -1.50311861600702e-14  1.71176737889165e-05
 2.96142726776406e-08      1.99999939795503 -4.02918348143521e-05 -9.02500322094649e-06 -0.000108223261460468  -9.5666305866083e-15 -8.62715823077851e-14  1.63160340337872e-13  1.84697789458193e-13  0.000103809753457793
 3.63299894645186e-06 -4.02918348143521e-05      1.99505426247221   -0.0023464071948083   -0.0424858257550475 -1.14299934076906e-12  1.88209627016526e-12  6.13548499187743e-11  5.63751368215679e-11  -0.00491052610288339
 2.06047403204201e-06 -9.02500322094649e-06   -0.0023464071948083      1.99833698560381   -0.0294708192223503 -7.32149806208062e-12  2.71193574561867e-11  1.50135179809925e-11   1.3527751675638e-11   -0.0135670233176478
 1.64183510649543e-05 -0.000108223261460468   -0.0424858257550475   -0.0294708192223503     0.948289676961568 -1.05177633428039e-10 -2.06193204943973e-10  8.80396112488524e-11  3.59859211435557e-11     0.346310216588712
  3.2204615497478e-14  -9.5666305866083e-15 -1.14299934076906e-12 -7.32149806208062e-12 -1.05177633428039e-10      1.01045225196658 -4.85674542756466e-13 -4.44135275404403e-12   -0.0499935999436793  3.19063961869253e-11
-1.59936612473856e-13 -8.62715823077851e-14  1.88209627016526e-12  2.71193574561867e-11 -2.06193204943973e-10 -4.85674542756466e-13      1.02111760052979    0.0465140566823758 -4.43758712710523e-12 -1.06116820279312e-10
-2.42334849427564e-15  1.63160340337872e-13  6.13548499187743e-11  1.50135179809925e-11  8.80396112488524e-11 -4.44135275404403e-12    0.0465140566823758      0.97896686477552   4.9556361934197e-13 -3.50558529790391e-10
-1.50311861600702e-14  1.84697789458193e-13  5.63751368215679e-11   1.3527751675638e-11  3.59859211435557e-11   -0.0499935999436793 -4.43758712710523e-12   4.9556361934197e-13     0.989632213337296  -4.1038051305092e-10
 1.71176737889165e-05  0.000103809753457793  -0.00491052610288339   -0.0135670233176478     0.346310216588712  3.19063961869253e-11 -1.06116820279312e-10 -3.50558529790391e-10  -4.1038051305092e-10      1.05815075818665
RDM Eigenvectors: 
    0.999799889605378   -0.0174922853579241     0.009665053252614  0.000886615548581788  3.68141706219365e-05  1.18496579056228e-13 -2.31402964625157e-14  2.30023080353244e-14  8.51303039688737e-14 -1.11466641395501e-06
   0.0173691511235548      0.99967007785043    0.0136999240634057   -0.0130517252232613  1.03517576496312e-05  8.35041154349003e-15  3.08630215916516e-14  5.67374244281792e-14  3.46523442037376e-14  0.000111722685067593
 -0.00154231204775835   -0.0157123446411608      0.22062354659659     -0.97377925541368   -0.0485596812740353  1.95277468828489e-12  1.95620820958658e-12  6.99364018103982e-12  1.61081746546834e-11    0.0217235647882601
   0.0097978549342674    0.0103329638017657    -0.974618045295931    -0.218499338352059   -0.0455144816311735   6.2998413688247e-13 -9.70458848064019e-12 -1.90527911317551e-11 -1.90081310022886e-11    0.0101670439585133
-0.000268100136461906    0.0002914698077394    0.0257618452921817    0.0550124712484372    -0.645705503118592  7.93947758061098e-10 -8.20648094146066e-10 -8.26144414584469e-10   -8.538778843164e-10     0.761166343018606
-2.22714129352625e-14 -6.42435579173906e-14  5.40280720534095e-12  1.21062566827625e-12   1.3555719720654e-11  -5.3585577096716e-08     0.775839712840384    -0.630930059499163  -3.5882928951618e-07  1.62906576631285e-10
  1.8822608958457e-13  6.19984683228588e-14 -3.48177741888906e-11 -2.59228598671835e-11  7.35393300587814e-10     0.840448995442947  5.80418743735892e-08 -3.08197383280806e-07     0.541890658766916  3.58142783748282e-10
 1.09899147213461e-13 -6.55889634517883e-13 -8.11486198953099e-12 -6.81618400112346e-11  6.46082483124646e-10     0.541890658767003  3.73711742688784e-08  4.77920220405548e-07    -0.840448995442813 -9.54765293779964e-10
 1.10921031200516e-13 -6.02775932780482e-13 -9.17036491277912e-12 -6.71484898348732e-11  7.88414604190367e-10  4.35206818634896e-08    -0.630930059499264    -0.775839712840261 -4.41174461183677e-07 -8.48321141493152e-10
-0.000211586563540886  0.000150112536597327    0.0223638687194906    0.0285393632444159    -0.760680478976775  5.98657051392652e-10  5.69573632691477e-11  -1.1340165591069e-10  5.34967869535151e-10    -0.648113033137368
Total C: 
   0.0199073856421317    -0.991809132317094     0.047391373660231    -0.268454026656396   0.00979402703069154 -3.11687380675075e-12 -6.78887671412531e-12 -3.73500379421871e-12  -9.3885952514249e-13  0.000682744652723028
 -0.00949065182664041   -0.0317394309916384    -0.124969969086022      1.02004237028195   -0.0401477855293882     1.28827285923e-11  2.62632408378493e-11  1.77686671393187e-11  6.04716753347298e-12  -0.00284325819851299
-2.99598722348636e-14 -1.20466255691237e-13 -3.91367442479014e-11 -3.76884799011844e-11 -1.01528590600758e-09    -0.438737056631012    -0.164534229427807     0.310205875366089    -0.827176546254929  -7.9162796959098e-10
 6.84720266824735e-14 -4.36203222747444e-13 -7.98936763670909e-11 -8.86816121074322e-11 -2.12917023546238e-09    -0.164534287169826     0.438737078895974    -0.827176534445516    -0.310205844739538 -7.56428245764784e-10
 0.000189209251108621 -0.000627730110093955   -0.0816803849655927   -0.0382148983840177    -0.679079704370728  6.03826774633398e-10  1.92676146687015e-10  1.72442272412414e-09  1.82504253587075e-09    -0.729170969204068
   -0.994868177903428   -0.0135863309515608     0.261086924049082    0.0237700680819271   -0.0183388879191118 -1.40757461368658e-13  1.33703966482807e-11   3.0302095074636e-11  3.60253455810855e-11   -0.0189493836172031
  -0.0200287040665887   -0.0148192639673498     -1.01513167505707    -0.131871615370238     0.073952830979838  8.43720996104168e-14 -5.34766526924337e-11 -1.21893738358724e-10 -1.44703527049157e-10    0.0761255164233236
 2.33828144846196e-13  4.07063498422016e-13  3.21450450032213e-11 -4.60068609149008e-12  2.72208846936987e-10     0.828590037826778     0.310735576002427     0.163530682386062    -0.436062046318555 -1.93289553087659e-10
 1.86516311501982e-14  2.84489269797342e-13  1.23985760015763e-11 -4.67234199004941e-12 -7.68806565401136e-10     0.310735545562608    -0.828590026089395    -0.436062068621536    -0.163530740226752 -6.87326353818105e-10
 5.70249658276014e-05  -2.1606457733287e-05  -0.00263932521206466   -0.0124289505401843    -0.749134769980326  5.19481202906905e-10 -2.36264619547689e-10  9.41154550352383e-10  4.10107455310862e-10      0.66298326098558
Basis set used: STO-3G
Naturals: 
  1.9999999952887  1.99999992147323  1.99995855440792  1.99707132745533  1.35099179653741  1.05110815671369   1.0511081560986 0.948976309205283 0.948976308591615 0.651809474228214
Version: Tmhuysen's fci hack
