The Davidson algorithm did not converge.lambda: -1
The Davidson algorithm did not converge.lambda: -0.9
The Davidson algorithm did not converge.lambda: -0.8
The Davidson algorithm did not converge.lambda: -0.7
The Davidson algorithm did not converge.lambda: -0.6
The Davidson algorithm did not converge.lambda: -0.5
The Davidson algorithm did not converge.lambda: -0.4
The Davidson algorithm did not converge.lambda: -0.3
The Davidson algorithm did not converge.lambda: -0.2
The Davidson algorithm did not converge.lambda: -0.1
TOTAL ENERGY: -127.165669398502	 lambda: 0	 population of target: 6.97914990912975
1RDM: 
     1.99999997338134 -3.83713641349517e-08 -1.15311603342259e-06 -8.79757330273665e-07 -0.000105718756488628 -7.81731915166502e-12  1.46236259558378e-12  -4.2773703578994e-12  3.17911235436632e-13   5.0457685691405e-05
-3.83713641349517e-08      1.99999871493421 -3.09485220604089e-06  -8.7918246553767e-05 -0.000217186790666526  6.43144252082631e-12  -4.6591280422864e-12  -1.5983866192984e-11 -1.10447743174248e-11 -0.000911095347977516
-1.15311603342259e-06 -3.09485220604089e-06      1.99989907353847  4.36069330558507e-06 -0.000554082457020484 -7.90035952960887e-10 -1.91674849885159e-10 -4.53871149395895e-10   2.7685395530741e-11   0.00333461097210816
-8.79757330273665e-07  -8.7918246553767e-05  4.36069330558507e-06      1.99304230783784   -0.0186229048663029 -6.35461980041939e-11 -7.56695913902476e-10 -1.43396767515159e-09 -8.13992036542052e-10    -0.082562049636677
-0.000105718756488628 -0.000217186790666526 -0.000554082457020484   -0.0186229048663029      1.17530993346933  4.58605708800794e-09 -3.49837299697274e-09  6.83203032630343e-09 -3.18031647130459e-09   0.00147157312098528
-7.81731915166502e-12  6.43144252082631e-12 -7.90035952960887e-10 -6.35461980041939e-11  4.58605708800794e-09      1.02020102736808 -5.94040114411506e-15 -1.55873520001417e-07 -5.00058846130507e-11  1.46694889204052e-09
 1.46236259558378e-12  -4.6591280422864e-12 -1.91674849885159e-10 -7.56695913902476e-10 -3.49837299697274e-09 -5.94040114411506e-15      1.02020102736811  1.38330247028499e-10 -1.55873075137059e-07  -2.8490477184519e-09
 -4.2773703578994e-12  -1.5983866192984e-11 -4.53871149395895e-10 -1.43396767515159e-09  6.83203032630343e-09 -1.55873520001417e-07  1.38330247028499e-10     0.979821981814524 -6.68827817558584e-15 -1.35459883927888e-09
 3.17911235436632e-13 -1.10447743174248e-11   2.7685395530741e-11 -8.13992036542052e-10 -3.18031647130459e-09 -5.00058846130507e-11 -1.55873075137059e-07 -6.68827817558584e-15     0.979821981814548 -4.44860225834195e-09
  5.0457685691405e-05 -0.000911095347977516   0.00333461097210816    -0.082562049636677   0.00147157312098528  1.46694889204052e-09  -2.8490477184519e-09 -1.35459883927888e-09 -4.44860225834195e-09     0.831703978473611
TOTAL ENERGY: -127.165141984183	 lambda: 0.1	 population of target: 6.99505475576306
1RDM: 
     1.99999997599036  -1.0567518721567e-08  -7.6671484013249e-07 -4.71815157981669e-08  -0.00010732891039308 -7.81830818899289e-12  1.30923188254804e-12 -4.43621133989487e-12  3.13378568707046e-14  3.87742986337476e-05
 -1.0567518721567e-08      1.99999907730894 -8.36651408004019e-08 -7.57742560727838e-05 -0.000178294683887723  7.63209427456322e-12 -5.50158611871233e-12 -1.46275322953086e-11  -1.1764673581726e-11 -0.000910688786985403
 -7.6671484013249e-07 -8.36651408004019e-08      1.99993230531215  8.44134400407695e-05  0.000509981448172837 -7.56261185923946e-10 -2.36906691279668e-10 -4.24515287520475e-10 -2.53287467455481e-11   0.00208346838408941
-4.71815157981669e-08 -7.57742560727838e-05  8.44134400407695e-05      1.99347201243059   -0.0164053296925173 -1.11067267731803e-11 -7.83370690581021e-10 -1.34192083073711e-09 -8.15902725832364e-10   -0.0809969862511577
 -0.00010732891039308 -0.000178294683887723  0.000509981448172837   -0.0164053296925173      1.09309285327022  2.38302569310017e-09 -1.75863976574183e-09  3.69624840238597e-09 -1.51530278770687e-09   0.00720760377282932
-7.81830818899289e-12  7.63209427456322e-12 -7.56261185923946e-10 -1.11067267731803e-11  2.38302569310017e-09      1.01090401586374  -2.3113628997221e-14  -8.4722623727177e-08  7.82497433643797e-05  9.52098433305221e-10
 1.30923188254804e-12 -5.50158611871233e-12 -2.36906691279668e-10 -7.83370690581021e-10 -1.75863976574183e-09  -2.3113628997221e-14       1.0109040158641 -7.82496956965092e-05 -8.47223837996937e-08 -1.61790095379254e-09
-4.43621133989487e-12 -1.46275322953086e-11 -4.24515287520475e-10 -1.34192083073711e-09  3.69624840238597e-09  -8.4722623727177e-08 -7.82496956965092e-05     0.989112023993403 -2.35127575814334e-14 -4.67923625557621e-10
 3.13378568707046e-14  -1.1764673581726e-11 -2.53287467455481e-11 -8.15902725832364e-10 -1.51530278770687e-09  7.82497433643797e-05 -8.47223837996937e-08 -2.35127575814334e-14     0.989112023993762 -2.42603681793244e-09
 3.87742986337476e-05 -0.000910688786985403   0.00208346838408941   -0.0809969862511577   0.00720760377282932  9.52098433305221e-10 -1.61790095379254e-09 -4.67923625557621e-10 -2.42603681793244e-09     0.913471695972747
TOTAL ENERGY: -127.164738647961	 lambda: 0.2	 population of target: 6.99793692459723
1RDM: 
     1.99999997667701 -2.75457784037659e-09 -6.53327905011804e-07  2.05503714942009e-07 -0.000106766253107855 -7.78737959181196e-12  1.23586713703235e-12 -4.44900536292812e-12 -7.65423210483917e-14  3.50864197679383e-05
-2.75457784037659e-09      1.99999912990926  6.41092874136261e-07  -7.4319476483969e-05 -0.000163889501786942  8.07962131262286e-12 -5.83132319432754e-12 -1.41371659519242e-11 -1.20487841456033e-11 -0.000911208445465894
-6.53327905011804e-07  6.41092874136261e-07      1.99993932063417  0.000105186663423135   0.00102261518662034 -7.41159933920195e-10 -2.53759567073155e-10 -4.08069715997823e-10 -4.21238269993422e-11   0.00178650227665152
 2.05503714942009e-07  -7.4319476483969e-05  0.000105186663423135      1.99350776147644   -0.0154256705785018  1.46621287056467e-11 -8.00618405078267e-10 -1.30481229962371e-09 -8.24972573801646e-10   -0.0806302940058092
-0.000106766253107855 -0.000163889501786942   0.00102261518662034   -0.0154256705785018      1.06698476488051  1.70019413605943e-09 -1.24295511215974e-09  2.67145730653144e-09 -1.04537596762259e-09   0.00691165515122105
-7.78737959181196e-12  8.07962131262286e-12 -7.41159933920195e-10  1.46621287056467e-11  1.70019413605943e-09      1.00789198177948  -8.0899474906172e-16 -6.14027759372212e-08  7.59623091291604e-05  7.24570602156941e-10
 1.23586713703235e-12 -5.83132319432754e-12 -2.53759567073155e-10 -8.00618405078267e-10 -1.24295511215974e-09  -8.0899474906172e-16      1.00789198177979 -7.59622746355185e-05 -6.14026023260774e-08 -1.18438070600114e-09
-4.44900536292812e-12 -1.41371659519242e-11 -4.08069715997823e-10 -1.30481229962371e-09  2.67145730653144e-09 -6.14027759372212e-08 -7.59622746355185e-05     0.992122862783201 -1.10301709315852e-15 -2.64069290352948e-10
-7.65423210483917e-14 -1.20487841456033e-11 -4.21238269993422e-11 -8.24972573801646e-10 -1.04537596762259e-09  7.59623091291604e-05 -6.14026023260774e-08 -1.10301709315852e-15     0.992122862783515 -1.74787171801368e-09
 3.50864197679383e-05 -0.000911208445465894   0.00178650227665152   -0.0806302940058092   0.00691165515122105  7.24570602156941e-10 -1.18438070600114e-09 -2.64069290352948e-10 -1.74787171801368e-09     0.939539357296687
TOTAL ENERGY: -127.164491431135	 lambda: 0.3	 population of target: 6.99895390880816
1RDM: 
     1.99999997679221  9.74774017681536e-10 -6.05423633456399e-07  3.45553482776478e-07 -0.000105912264182705 -7.75595392613867e-12  1.18994871913762e-12 -4.43321845069464e-12 -1.34294992277232e-13  3.34448312655982e-05
 9.74774017681536e-10      1.99999914155832  1.00673352661621e-06 -7.42486638750356e-05 -0.000156196242839402  8.33177875142402e-12 -6.02671995725177e-12 -1.38843208251376e-11 -1.22517261741313e-11 -0.000913266988235675
-6.05423633456399e-07  1.00673352661621e-06      1.99994116966272  0.000119273739996071   0.00137363386668151 -7.31323031111351e-10 -2.63130954967632e-10 -3.95854350861774e-10 -4.97513205522603e-11   0.00171772119201027
 3.45553482776478e-07 -7.42486638750356e-05  0.000119273739996071      1.99349139158349   -0.0147906352725087  3.31982581595658e-11 -8.14322809489368e-10 -1.28209921982063e-09 -8.36731176529758e-10   -0.0806136659150065
-0.000105912264182705 -0.000156196242839402   0.00137363386668151   -0.0147906352725087      1.05494135492274  1.38833776615346e-09 -1.00470292667717e-09  2.20277191600155e-09 -8.38106365670846e-10   0.00645923507998967
-7.75595392613867e-12  8.33177875142402e-12 -7.31323031111351e-10  3.31982581595658e-11  1.38833776615346e-09      1.00649144797512 -1.07595266990648e-15 -5.05531502457437e-08   7.0838182814677e-05  6.10926942823019e-10
 1.18994871913762e-12 -6.02671995725177e-12 -2.63130954967632e-10 -8.14322809489368e-10 -1.00470292667717e-09 -1.07595266990648e-15      1.00649144797558 -7.08381544487309e-05  -5.0553007431652e-08 -9.68332214959958e-10
-4.43321845069464e-12 -1.38843208251376e-11 -3.95854350861774e-10 -1.28209921982063e-09  2.20277191600155e-09 -5.05531502457437e-08 -7.08381544487309e-05      0.99352301356528 -1.31859697903525e-15 -1.74536292408568e-10
-1.34294992277232e-13 -1.22517261741313e-11 -4.97513205522603e-11 -8.36731176529758e-10 -8.38106365670846e-10   7.0838182814677e-05  -5.0553007431652e-08 -1.31859697903525e-15     0.993523013565736 -1.43014508994071e-09
 3.34448312655982e-05 -0.000913266988235675   0.00171772119201027   -0.0806136659150065   0.00645923507998967  6.10926942823019e-10 -9.68332214959958e-10 -1.74536292408568e-10 -1.43014508994071e-09     0.951598042398827
TOTAL ENERGY: -127.164319913142	 lambda: 0.4	 population of target: 6.99945084172071
1RDM: 
     1.99999997656524  3.26193438934987e-09 -5.87279031072076e-07  4.47854734367043e-07  -0.00010494829709346 -7.72502529406693e-12  1.15554225879089e-12 -4.40598960015753e-12 -1.69830802256021e-13  3.26920905341934e-05
 3.26193438934987e-09      1.99999914244038  1.27528895597651e-06 -7.45287394282282e-05 -0.000151389130770739  8.50091701123863e-12 -6.17764094533545e-12  -1.3745363667196e-11 -1.24265065595215e-11 -0.000916252305536403
-5.87279031072076e-07  1.27528895597651e-06      1.99994089201845  0.000133022681306096   0.00166279792209748 -7.23574203002732e-10 -2.69400448792915e-10  -3.8510740554367e-10 -5.34396386609008e-11   0.00175111494392065
 4.47854734367043e-07 -7.45287394282282e-05  0.000133022681306096      1.99346241768963   -0.0143109184793515  4.82570685742512e-11 -8.27098740739688e-10 -1.26657933613009e-09 -8.49266608737687e-10   -0.0807409235270849
 -0.00010494829709346 -0.000151389130770739   0.00166279792209748   -0.0143109184793515      1.04865711920732  1.22576831388099e-09 -8.82769486590934e-10  1.95510439509792e-09 -7.30693149789629e-10   0.00617922849600492
-7.72502529406693e-12  8.50091701123863e-12 -7.23574203002732e-10  4.82570685742512e-11  1.22576831388099e-09      1.00575675132636 -1.23825773264195e-15 -4.48609619559892e-08  6.76822558536001e-05  5.49804372434554e-10
 1.15554225879089e-12 -6.17764094533545e-12 -2.69400448792915e-10 -8.27098740739688e-10 -8.82769486590934e-10 -1.23825773264195e-15      1.00575675132663 -6.76822306997057e-05 -4.48608353268722e-08 -8.57020178837494e-10
-4.40598960015753e-12  -1.3745363667196e-11  -3.8510740554367e-10 -1.26657933613009e-09  1.95510439509792e-09 -4.48609619559892e-08 -6.76822306997057e-05     0.994257552351524 -1.45228312404424e-15 -1.31134318132491e-10
-1.69830802256021e-13 -1.24265065595215e-11 -5.34396386609008e-11 -8.49266608737687e-10 -7.30693149789629e-10  6.76822558536001e-05 -4.48608353268722e-08 -1.45228312404424e-15     0.994257552351788 -1.26308989671285e-09
 3.26920905341934e-05 -0.000916252305536403   0.00175111494392065   -0.0807409235270849   0.00617922849600492  5.49804372434554e-10 -8.57020178837494e-10 -1.31134318132491e-10 -1.26308989671285e-09     0.957911844722706
TOTAL ENERGY: -127.164182406893	 lambda: 0.5	 population of target: 6.99975848205323
1RDM: 
     1.99999997600961  4.92449073351706e-09 -5.90403398522471e-07  5.35805135018758e-07  -0.00010388238556324 -7.69339572942442e-12  1.12725375681926e-12 -4.37057248243815e-12 -1.92785856641625e-13  3.24634232378507e-05
 4.92449073351706e-09       1.9999991392693  1.51939173316008e-06 -7.49387955013505e-05 -0.000148126541511666  8.62770133109943e-12 -6.30588710690735e-12 -1.36672044683416e-11 -1.25935939881024e-11 -0.000919981561608129
-5.90403398522471e-07  1.51939173316008e-06      1.99993917481367   0.00014815544034367   0.00192849685827463 -7.16735268090458e-10 -2.74066107237694e-10 -3.74718614780527e-10 -5.48551328775541e-11   0.00185012514756235
 5.35805135018758e-07 -7.49387955013505e-05   0.00014815544034367      1.99342920575813   -0.0139156416118672  6.14701184016113e-11 -8.39171553440606e-10 -1.25477106769417e-09 -8.62327827896765e-10   -0.0809492027602954
 -0.00010388238556324 -0.000148126541511666   0.00192849685827463   -0.0139156416118672       1.0454894829904  1.14347807978379e-09 -8.20636466188676e-10  1.83059059477897e-09 -6.75085396618519e-10   0.00608148575794984
-7.69339572942442e-12  8.62770133109943e-12 -7.16735268090458e-10  6.14701184016113e-11  1.14347807978379e-09      1.00538392695462 -9.29686475688562e-16 -4.19826180939589e-08  6.67842699701541e-05  5.20054247407694e-10
 1.12725375681926e-12 -6.30588710690735e-12 -2.74066107237694e-10 -8.39171553440606e-10 -8.20636466188676e-10 -9.29686475688562e-16      1.00538392695495 -6.67842464481521e-05   -4.198249965691e-08 -8.01501975060683e-10
-4.37057248243815e-12 -1.36672044683416e-11 -3.74718614780527e-10 -1.25477106769417e-09  1.83059059477897e-09 -4.19826180939589e-08 -6.67842464481521e-05     0.994630307234819 -1.13031844521294e-15 -1.07511915794568e-10
-1.92785856641625e-13 -1.25935939881024e-11 -5.48551328775541e-11 -8.62327827896765e-10 -6.75085396618519e-10  6.67842699701541e-05   -4.198249965691e-08 -1.13031844521294e-15     0.994630307235152 -1.17927234232005e-09
 3.24634232378507e-05 -0.000919981561608129   0.00185012514756235   -0.0809492027602954   0.00608148575794984  5.20054247407694e-10 -8.01501975060683e-10 -1.07511915794568e-10 -1.17927234232005e-09     0.961114552779326
TOTAL ENERGY: -127.164051363293	 lambda: 0.6	 population of target: 6.99999723097841
1RDM: 
      1.9999999750267  6.32574631474112e-09 -6.16006552118623e-07  6.20329805797712e-07 -0.000102677448658894 -7.65949347766111e-12  1.10207836250665e-12 -4.32681895726408e-12 -2.07239890088648e-13  3.26280026030164e-05
 6.32574631474112e-09      1.99999913400678  1.77018441841454e-06 -7.54227367648294e-05 -0.000145782945866976  8.73167555963563e-12  -6.4262662955069e-12 -1.36288336440258e-11 -1.27659450454947e-11 -0.000924504475509844
-6.16006552118623e-07  1.77018441841454e-06      1.99993600034943  0.000165550865684441   0.00219081472872887 -7.10216559514231e-10 -2.77776997764902e-10 -3.64040541624646e-10  -5.4638223918465e-11   0.00200371468124827
 6.20329805797712e-07 -7.54227367648294e-05  0.000165550865684441      1.99339349392948   -0.0135672317344483  7.38102066180844e-11 -8.51179004617846e-10 -1.24523824662722e-09 -8.76203166746326e-10   -0.0812224411242241
-0.000102677448658894 -0.000145782945866976   0.00219081472872887   -0.0135672317344483      1.04444584463026  1.11544484201297e-09  -7.9861996655525e-10  1.79033949362028e-09 -6.53109967097086e-10   0.00616515090496367
-7.65949347766111e-12  8.73167555963563e-12 -7.10216559514231e-10  7.38102066180844e-11  1.11544484201297e-09      1.00525783909138 -1.22606707410876e-15 -4.10068082750983e-08  6.81950688294177e-05  5.13327432868084e-10
 1.10207836250665e-12  -6.4262662955069e-12 -2.77776997764902e-10 -8.51179004617846e-10  -7.9861996655525e-10 -1.22606707410876e-15      1.00525783909174  -6.8195045859117e-05 -4.10066926355719e-08 -7.85538904535977e-10
-4.32681895726408e-12 -1.36288336440258e-11 -3.64040541624646e-10 -1.24523824662722e-09  1.79033949362028e-09 -4.10068082750983e-08  -6.8195045859117e-05     0.994756371811423 -1.42206189019859e-15 -9.56311306035737e-11
-2.07239890088648e-13 -1.27659450454947e-11  -5.4638223918465e-11 -8.76203166746326e-10 -6.53109967097086e-10  6.81950688294177e-05 -4.10066926355719e-08 -1.42206189019859e-15     0.994756371811783 -1.15309320982489e-09
 3.26280026030164e-05 -0.000924504475509844   0.00200371468124827   -0.0812224411242241   0.00616515090496367  5.13327432868084e-10 -7.85538904535977e-10 -9.56311306035737e-11 -1.15309320982489e-09     0.962197130251077
TOTAL ENERGY: -127.163898376018	 lambda: 0.7	 population of target: 7.00023228261191
1RDM: 
     1.99999997337562  7.70275901800362e-09 -6.73437794059341e-07  7.09015353295884e-07 -0.000101264319588608 -7.62121920652033e-12   1.0780176326389e-12  -4.2724881814613e-12 -2.14972701022738e-13  3.31599748449319e-05
 7.70275901800362e-09      1.99999912719147  2.04855587514753e-06 -7.59759571363835e-05 -0.000143982163396857   8.8259384626556e-12 -6.55027993995163e-12 -1.36190047127753e-11 -1.29568924135784e-11 -0.000930052150563526
-6.73437794059341e-07  2.04855587514753e-06      1.99993086503549  0.000186014434654422   0.00246369685049961 -7.03635960476836e-10 -2.80854336878083e-10 -3.52563086287025e-10 -5.29961714529632e-11   0.00221247265314671
 7.09015353295884e-07 -7.59759571363835e-05  0.000186014434654422      1.99335473650795   -0.0132383338791915  8.61426795514971e-11 -8.63821435271065e-10 -1.23706872919154e-09  -8.9161185719009e-10   -0.0815683201542546
-0.000101264319588608 -0.000143982163396857   0.00246369685049961   -0.0132383338791915      1.04523643806045  1.13391141722861e-09 -8.10297101040398e-10  1.82344213552986e-09  -6.5864726279484e-10   0.00645774526882048
-7.62121920652033e-12   8.8259384626556e-12 -7.03635960476836e-10  8.61426795514971e-11  1.13391141722861e-09      1.00534395394027 -1.24041004683045e-15 -4.16900931230895e-08  7.22978738903572e-05  5.28002749993077e-10
  1.0780176326389e-12 -6.55027993995163e-12 -2.80854336878083e-10 -8.63821435271065e-10 -8.10297101040398e-10 -1.24041004683045e-15      1.00534395394065 -7.22978505435674e-05 -4.16899755888975e-08 -8.04707982576977e-10
 -4.2724881814613e-12 -1.36190047127753e-11 -3.52563086287025e-10 -1.23706872919154e-09  1.82344213552986e-09 -4.16900931230895e-08 -7.22978505435674e-05     0.994670268048268 -1.43964794212649e-15 -9.18596429336761e-11
-2.14972701022738e-13 -1.29568924135784e-11 -5.29961714529632e-11  -8.9161185719009e-10  -6.5864726279484e-10  7.22978738903572e-05 -4.16899755888975e-08 -1.43964794212649e-15     0.994670268048653 -1.17755503906888e-09
 3.31599748449319e-05 -0.000930052150563526   0.00221247265314671   -0.0815683201542546   0.00645774526882048  5.28002749993077e-10 -8.04707982576977e-10 -9.18596429336761e-11 -1.17755503906888e-09     0.961450415851215
TOTAL ENERGY: -127.163677494054	 lambda: 0.8	 population of target: 7.0005257107336
1RDM: 
     1.99999997052815  9.31596322957097e-09  -7.8594792721578e-07   8.1013983408801e-07  -9.9525302246787e-05 -7.57539212514677e-12  1.05320039114478e-12   -4.203030106416e-12 -2.16358682406095e-13  3.41137316026209e-05
 9.31596322957097e-09      1.99999911872024  2.37737740353024e-06 -7.66217385824122e-05 -0.000142406500891632  8.92326673805648e-12 -6.69259746670298e-12 -1.36314081752717e-11 -1.31852073398271e-11 -0.000937097921972729
 -7.8594792721578e-07  2.37737740353024e-06      1.99992252405235  0.000210626919489479    0.0027599686895513  -6.9667006067364e-10 -2.83425339330866e-10 -3.39746648455026e-10 -4.98509667184062e-11   0.00248628323182212
  8.1013983408801e-07 -7.66217385824122e-05  0.000210626919489479      1.99331083503457   -0.0129005170479476  9.95400231347667e-11 -8.78158423846702e-10 -1.22952034015483e-09  -9.0987485538675e-10   -0.0820168143739138
 -9.9525302246787e-05 -0.000142406500891632    0.0027599686895513   -0.0129005170479476      1.04805539497466  1.20345190761939e-09 -8.58188845381822e-10  1.93834190141428e-09 -6.92893774341038e-10   0.00703943679246584
-7.57539212514677e-12  8.92326673805648e-12  -6.9667006067364e-10  9.95400231347667e-11  1.20345190761939e-09      1.00566262471572 -1.53353339467089e-15 -4.42154655653112e-08  8.01329353009115e-05  5.68034296534239e-10
 1.05320039114478e-12 -6.69259746670298e-12 -2.83425339330866e-10 -8.78158423846702e-10 -8.58188845381822e-10 -1.53353339467089e-15      1.00566262471614 -8.01329105604621e-05 -4.42153410192756e-08 -8.63738605342449e-10
  -4.203030106416e-12 -1.36314081752717e-11 -3.39746648455026e-10 -1.22952034015483e-09  1.93834190141428e-09 -4.42154655653112e-08 -8.01329105604621e-05     0.994351647797968 -1.74489391508549e-15 -9.47978262813316e-11
-2.16358682406095e-13 -1.31852073398271e-11 -4.98509667184062e-11  -9.0987485538675e-10 -6.92893774341038e-10  8.01329353009115e-05 -4.42153410192756e-08 -1.74489391508549e-15     0.994351647798396 -1.25899888658271e-09
 3.41137316026209e-05 -0.000937097921972729   0.00248628323182212   -0.0820168143739138   0.00703943679246584  5.68034296534239e-10 -8.63738605342449e-10 -9.47978262813316e-11 -1.25899888658271e-09     0.958683611661791
TOTAL ENERGY: -127.163286398472	 lambda: 0.9	 population of target: 7.0009833807461
1RDM: 
      1.9999999652255  1.16461563796136e-08 -1.01085126816228e-06  9.37529290217191e-07 -9.72437486790245e-05 -7.51640786428525e-12  1.02549417546908e-12  -4.1092296659462e-12 -2.10258306773583e-13  3.56580039000733e-05
 1.16461563796136e-08      1.99999910790968  2.79487887666696e-06 -7.74165206679874e-05 -0.000140634438252632  9.04266722972207e-12 -6.87676417100223e-12 -1.36598207602213e-11 -1.34843330105317e-11 -0.000946583395518157
-1.01085126816228e-06  2.79487887666696e-06      1.99990799077711  0.000241215003371438   0.00309490893501531 -6.88974470924874e-10 -2.85498968396502e-10 -3.24903946413404e-10 -4.47729905604117e-11   0.00284842853915449
 9.37529290217191e-07 -7.74165206679874e-05  0.000241215003371438      1.99325741023237   -0.0125111685109515   1.1575611153721e-10 -8.96324935722436e-10 -1.22189221559203e-09 -9.33518903635712e-10   -0.0826349824189226
-9.72437486790245e-05 -0.000140634438252632   0.00309490893501531   -0.0125111685109515      1.05371905490594   1.3441343910753e-09 -9.56206176233416e-10  2.16792830595568e-09 -7.65007175278096e-10      0.00810336215015
-7.51640786428525e-12  9.04266722972207e-12 -6.88974470924874e-10   1.1575611153721e-10   1.3441343910753e-09      1.00630311165209 -1.02657286061194e-16  -4.9257034093162e-08  9.41465339245027e-05  6.45747334261382e-10
 1.02549417546908e-12 -6.87676417100223e-12 -2.85498968396502e-10 -8.96324935722436e-10 -9.56206176233416e-10 -1.02657286061194e-16      1.00630311165257 -9.41465063820626e-05 -4.92568953912672e-08 -9.80909757961408e-10
 -4.1092296659462e-12 -1.36598207602213e-11 -3.24903946413404e-10 -1.22189221559203e-09  2.16792830595568e-09  -4.9257034093162e-08 -9.41465063820626e-05     0.993711278349243 -3.38200805933772e-16 -1.04913106856792e-10
-2.10258306773583e-13 -1.34843330105317e-11 -4.47729905604117e-11 -9.33518903635712e-10 -7.65007175278096e-10  9.41465339245027e-05 -4.92568953912672e-08 -3.38200805933772e-16     0.993711278349721 -1.42160122095777e-09
 3.56580039000733e-05 -0.000946583395518157   0.00284842853915449   -0.0826349824189226      0.00810336215015  6.45747334261382e-10 -9.80909757961408e-10 -1.04913106856792e-10 -1.42160122095777e-09     0.953087690945819
TOTAL ENERGY: -127.162431136989	 lambda: 1	 population of target: 7.00187756692477
1RDM: 
     1.99999995390182  1.59985700232315e-08 -1.51262902850218e-06  1.12422705365985e-06  -9.3961325239128e-05 -7.43278782323994e-12  9.91173407046812e-13 -3.97130560696454e-12 -1.92153396959706e-13  3.82242948136266e-05
 1.59985700232315e-08      1.99999909293831  3.39145770554189e-06 -7.84882843557903e-05 -0.000137797583038833  9.22397878134997e-12 -7.15512130987088e-12 -1.36943841674096e-11 -1.39269547126842e-11 -0.000960603846687377
-1.51262902850218e-06  3.39145770554189e-06      1.99987889886358  0.000281629029820189   0.00349129719138098 -6.80083334905087e-10 -2.86694094108217e-10 -3.06790737278611e-10 -3.65984625017323e-11   0.00335207044489213
 1.12422705365985e-06 -7.84882843557903e-05  0.000281629029820189      1.99318481599274   -0.0119815326806983  1.38625921525157e-10  -9.2248268161977e-10 -1.21241164146735e-09 -9.68247637423782e-10   -0.0835777682947337
 -9.3961325239128e-05 -0.000137797583038833   0.00349129719138098   -0.0119815326806983      1.06438254367139   1.6091706781175e-09   -1.140045634979e-09  2.60075188664162e-09    -8.99494799107e-10    0.0101545049916547
-7.43278782323994e-12  9.22397878134997e-12 -6.80083334905087e-10  1.38625921525157e-10   1.6091706781175e-09      1.00749890132238 -2.34864638101969e-15 -5.86685220777501e-08  0.000120576223725066  7.93750455014793e-10
 9.91173407046812e-13 -7.15512130987088e-12 -2.86694094108217e-10  -9.2248268161977e-10   -1.140045634979e-09 -2.34864638101969e-15      1.00749890132267 -0.000120576190946147 -5.86683571145156e-08 -1.20243104103303e-09
-3.97130560696454e-12 -1.36943841674096e-11 -3.06790737278611e-10 -1.21241164146735e-09  2.60075188664162e-09 -5.86685220777501e-08 -0.000120576190946147     0.992515760141249 -2.62688406095755e-15 -1.22352669306285e-10
-1.92153396959706e-13 -1.39269547126842e-11 -3.65984625017323e-11 -9.68247637423782e-10    -8.99494799107e-10  0.000120576223725066 -5.86683571145156e-08 -2.62688406095755e-15      0.99251576014154 -1.72931971318305e-09
 3.82242948136266e-05 -0.000960603846687377   0.00335207044489213   -0.0835777682947337    0.0101545049916547  7.93750455014793e-10 -1.20243104103303e-09 -1.22352669306285e-10 -1.72931971318305e-09      0.94252537170437
-------------------general-----------------------
mullikenoperator: 
 0.000897895607023166   -0.0299155916362653 -8.61382076157511e-05   0.00146696399701811  2.50236698659411e-05  4.38630338424668e-12 -1.02657946311173e-12  8.85084032542647e-14  3.24842707920247e-12 -5.10017617977038e-05
  -0.0299155916362653     0.999013043600302   0.00944581619701962  -0.00127886043657496   0.00037266659624002  3.07653135636121e-12 -1.22648344915114e-11  8.62632203334412e-12 -1.24834326079182e-11 -0.000235878934171424
-8.61382076157513e-05   0.00944581619701962    0.0187581431968771     0.135031293849193 -0.000351266729625287  4.46250224780032e-10 -2.36803669479392e-10 -1.19431170891114e-11    3.111959412471e-10  -0.00980808646453353
  0.00146696399701811  -0.00127886043657494     0.135031293849193     0.979272737183965    0.0346704929515335  4.43223728163181e-10 -1.23663643973005e-09  8.93769603470779e-10 -7.68406129014004e-10   -0.0294747579463779
 2.50236698659411e-05   0.00037266659624002 -0.000351266729625287    0.0346704929515335      0.44294498336748  2.96260977036372e-09  2.59803596872903e-08  -8.8644603324521e-09  7.27319422283752e-10     0.495558096960431
 4.38630338424669e-12  3.07653135636117e-12  4.46250224780032e-10  4.43223728163181e-10  2.96260977036372e-09     0.493497445868674 -5.50139639440249e-12 -3.26138407675042e-06     0.499957988859794 -3.82500996282305e-10
-1.02657946311173e-12 -1.22648344915114e-11 -2.36803669479392e-10 -1.23663643973005e-09  2.59803596872903e-08 -5.50143952672927e-12     0.493497448055903     -0.49995798888824 -3.26138422052594e-06 -5.52628144752549e-09
 8.85084032542682e-14  8.62632203334412e-12 -1.19431170891114e-11   8.9376960347078e-10 -8.86446033245209e-09 -3.26138407674135e-06    -0.499957988888241     0.506502551944096  -5.5153190071488e-12  2.52467190635888e-08
 3.24842707920248e-12 -1.24834326079182e-11    3.111959412471e-10 -7.68406129014005e-10   7.2731942228375e-10     0.499957988859794 -3.26138422051935e-06 -5.51527422331788e-12     0.506502554131326 -2.86167957301014e-09
-5.10017617977037e-05 -0.000235878934171424  -0.00980808646453353   -0.0294747579463779     0.495558096960431 -3.82500996282304e-10 -5.52628144752549e-09  2.52467190635888e-08 -2.86167957301014e-09     0.559113197044357
selected BF: 
0 1 2 3 4
selected lambdas: 
  -1 -0.9 -0.8 -0.7 -0.6 -0.5 -0.4 -0.3 -0.2 -0.1    0  0.1  0.2  0.3  0.4  0.5  0.6  0.7  0.8  0.9    1
RHF C: 
 1.14808004268439e-05    -0.995142239434551  -0.00450789196174419     0.260963956603922  -0.00586363539159547  1.03986109484169e-11  2.25681716666164e-10 -1.30244169917425e-10   9.2385668037264e-12   0.00323494015877736
-4.09373713269129e-05   -0.0198741286244314    0.0176560593588819     -1.02815980904414    0.0232048581208726 -4.18044535219176e-11 -9.06590064662612e-10  5.12212120195768e-10 -3.62795571731164e-11   -0.0126664957615378
 -9.2563338789516e-13  1.87079222430975e-12 -2.11752160216049e-10  7.06963144564905e-11  1.83177846938313e-10    -0.720442142279812    -0.330388999611627    -0.254196813064298     0.554248413776031  8.45712632342599e-09
-1.63771839820653e-12   3.6199870543127e-12 -3.79319666541466e-10  1.34411676930693e-10  3.57135279981089e-10     0.330388999889676    -0.720442141673579    -0.554248414564045    -0.254196812702907  1.79990405366061e-08
-9.14513436075293e-05   1.7749022878843e-05   0.00411287819562075   -0.0127290329780022    -0.017815964383987  2.31278848220077e-10  1.68158463585583e-08  1.07316110255424e-08 -5.18544842560997e-13     0.999826204994388
     0.99525045037222 -7.60754459174046e-06    -0.262257586021315  -0.00544815109929275  -0.00431590246500465  1.39314383427228e-11  1.98903384040936e-10  2.35193120437188e-12  3.02870660463871e-12   0.00251087094310064
   0.0193209938954257  4.05679882587752e-05      1.02867511601276    0.0215481458262471     0.017153672362712 -5.55410929612827e-11 -7.97219294768555e-10  -1.0968455374112e-11 -1.19225167738411e-11   -0.0102174448365715
 1.25773646203517e-13  6.14555634802995e-13  1.13842859087034e-10 -2.75444018730202e-11 -2.03832674590034e-08    -0.553502779444998    -0.253831944663245     0.330679484344311    -0.721010534618813  4.83432667453809e-10
 1.32175718251216e-13  1.30220663919611e-12  2.07567996327092e-10  2.34122746767467e-12 -3.61456319358182e-08     0.253831944301537    -0.553502780233633     0.721010534013395     0.330679484621961  8.66836051889048e-10
-5.78033005928248e-05 -9.06563450085273e-05   -0.0168066939143248    0.0162529826198058     0.999390892324704 -2.08923019492671e-09 -2.44099854508263e-08  3.33311613746242e-08 -2.75319504126722e-09    0.0284842531169965
RDM (no constraint): 
     1.99999999305778 -1.03342681218015e-08 -1.44839517353606e-06 -1.11116073638004e-06  6.02694808643495e-05 -2.16753512560536e-13 -3.01098613099805e-12  5.77077364833729e-13 -1.87276761889128e-14 -9.08585603446945e-06
-1.03342681218015e-08      1.99999981778823 -9.84479490672383e-07 -1.61864228220643e-05 -4.33664938712735e-05  2.20427970657224e-13  2.61107680178211e-12 -1.77685075474078e-12  2.04267297214315e-14 -0.000152710273455187
-1.44839517353606e-06 -9.84479490672383e-07      1.99961496547824 -6.23860212310657e-05    0.0181593465105816 -5.47195746138631e-11  -6.4073164704029e-10  1.45587054190097e-10 -1.49181758198735e-11   0.00057504480908261
-1.11116073638004e-06 -1.61864228220643e-05 -6.23860212310657e-05      1.99768547967055  -0.00828255352039534  6.05656830528656e-13 -3.37165340216926e-10 -6.25008462503655e-10 -1.21526610960741e-12   -0.0400565643372196
 6.02694808643495e-05 -4.33664938712735e-05    0.0181593465105816  -0.00828255352039534      1.02874913557464 -3.80822410547519e-11 -2.87428344376192e-09 -5.02676380802954e-10 -1.11740830630012e-10    -0.172077435716403
-2.16753512560536e-13  2.20427970657224e-13 -5.47195746138631e-11  6.05656830528656e-13 -3.80822410547519e-11      1.01945151263785 -1.82089134088365e-15 -1.86265775963884e-07   0.00545001413337414   3.5250760791472e-10
-3.01098613099805e-12  2.61107680178211e-12  -6.4073164704029e-10 -3.37165340216926e-10 -2.87428344376192e-09 -1.82089134088365e-15      1.01945151265021  -0.00545001409097509 -1.86265777805157e-07  3.59525502453515e-09
 5.77077364833729e-13 -1.77685075474078e-12  1.45587054190097e-10 -6.25008462503655e-10 -5.02676380802954e-10 -1.86265775963884e-07  -0.00545001409097509     0.980571496517706 -2.24638970143958e-15 -5.67239937774618e-09
-1.87276761889128e-14  2.04267297214315e-14 -1.49181758198735e-11 -1.21526610960741e-12 -1.11740830630012e-10   0.00545001413337414 -1.86265777805157e-07 -2.24638970143958e-15     0.980571496530063  4.73959695788991e-10
-9.08585603446945e-06 -0.000152710273455187   0.00057504480908261   -0.0400565643372196    -0.172077435716403   3.5250760791472e-10  3.59525502453515e-09 -5.67239937774618e-09  4.73959695788991e-10     0.973904590094783
RDM Eigenvectors: 
     0.99952990480582   -0.0299452921620642   0.00647255513601213   0.00116198627951349  6.28210644056478e-05  1.19433762846728e-12  7.52664241161987e-14 -1.61682955910783e-13  1.45379819702597e-12 -2.73424413156297e-05
   0.0299884503316476     0.999413736493711  -0.00961389018876059    0.0134323346497959  8.02737639914853e-05 -3.88534934677529e-12 -1.65683340388383e-13  1.34740410608156e-13 -1.88368609506811e-12  0.000123336141334157
 -0.00634983974573825   0.00759597115820915     0.987546212572994     0.155820750804838       0.0163201768761  1.36184931159742e-10   1.2760029254037e-11 -3.87265959479066e-11  4.73647929447573e-10   -0.0103925086217725
-0.000581756019842735    -0.014750471758941    -0.155686610896175     0.986933999235018    0.0238511285861875 -9.99902553881357e-11  1.22347250505593e-11  2.46950085342928e-11  -1.1431422222007e-10    0.0305968813708837
-5.57670441451852e-05  0.000149293642520772    0.0191879147154757   0.00135383125634522     -0.76161911738675  2.91506019650079e-08  2.59818264722815e-09  2.58967992475573e-09 -2.93068155255631e-08     0.647739365564788
 1.47924093416451e-13 -6.03960043717474e-14 -5.48124276423342e-11 -2.21859193341232e-11  1.72151818386602e-09  -0.00497488771259273     0.990663128112714    -0.136240038052588 -0.000684924528082576   -1.210262545281e-09
 1.57960793082624e-12  3.88140832077474e-12 -6.36730047415661e-10 -5.85433973367999e-10  2.95637888812665e-08     0.990663128261715   0.00497488771334967 -0.000684924522572384      0.13624003696913 -3.65495839269212e-09
-1.02090056952416e-13  6.01268495480751e-12  2.11451577937195e-10 -3.65338709608325e-10 -1.78216436805694e-08    -0.136240017313508 -0.000688823174944689   -0.0050142548589171     0.990662929786544  3.00160251839228e-08
 8.98194013923533e-14  9.92993535678854e-14 -1.50751694119181e-11 -2.17316657738284e-11  2.06387167586531e-09 -0.000688823180412421     0.136240018396967     0.990662929637542   0.00501425485816431 -1.82209414239351e-09
 1.51904253761546e-05  0.000406572834241105   0.00341471737065429   -0.0386983731862441     0.647380170481428 -1.46806664094278e-08 -2.58972205052901e-10  1.43992673681157e-10 -1.34501092591652e-08     0.761176408563242
Total C: 
   0.0300849026528099    -0.991009857700695    0.0285233886569932     0.272893955347568   0.00667948996243076  2.21768952077573e-10   -3.261721097084e-10  1.07555973311089e-10 -1.21940224699357e-10   -0.0118525125316427
-0.000524405225508213   -0.0338437343362271    -0.142412818150539     -1.01701560086077   -0.0269339882125216 -8.90554862918724e-10  1.27170150664748e-09 -4.46695336829328e-10  4.76809470662723e-10    0.0452212487888575
-2.52783383090881e-12  7.66071815558822e-12  -1.1294661228592e-10  3.64202311617963e-10 -3.34267426471083e-08    -0.289467915936542    -0.639674184563528     0.648728594563198    -0.293560162870893  9.72332071292049e-09
 -4.4536025424786e-12   1.0509389116016e-11 -5.97974847287887e-10  7.24411640609247e-10  2.51531613534378e-08    -0.639674183147725     0.289467916585827    -0.293560162230659    -0.648728595959241  1.26005629863055e-08
-0.000108566890411055 -7.36407052537984e-05  -0.00860253681399346    0.0169633888335345     0.661257463110772  1.39549478693258e-08 -3.87084206469262e-09  3.02364212020116e-08  1.10639058036981e-08     0.750017060857034
    0.993078668583525    0.0322865130857589    -0.266256689981635    0.0348480341464508 -0.000181591605047285  2.00828791199094e-10  5.01792402662518e-11  9.96704360527526e-11  2.01130170581452e-11  -0.00155239971222215
   0.0259952484058653   -0.0089800600192913      1.01948562183648    -0.138799670792662  8.34254901796933e-05 -8.02960181356582e-10 -1.83706211877302e-10 -4.06392976249722e-10 -8.14546024705161e-11   0.00600673595987133
-2.26340062087547e-12  1.17221264370238e-12  -6.6247452252992e-10 -3.73462643564456e-10  2.10320075303615e-08     -0.29326628186879    -0.648054572788835    -0.640352446262866     0.289775772889813   5.1105202663798e-09
-2.29407094458866e-13 -4.87358121929475e-12 -2.37346111188498e-10 -9.17764523294884e-10  2.62319507874321e-08    -0.648054574186357     0.293266281227874     0.289775773538448     0.640352444848532 -3.06664667224131e-08
-8.29539364166672e-05  0.000371294589918257   0.00194905673738408    0.0433666991978878    -0.743005329218601 -2.70242750269705e-08  2.68537734449324e-08 -1.95584647886691e-08  3.16925767075027e-08     0.667980995906027
Basis set used: STO-3G
Naturals: 
 1.99999999909514  1.99999998091043  1.99997962321387  1.99923469263449  1.17488609737914   1.0202010208546  1.02020102085415  0.97982198831377 0.979821988313318 0.825853588431152
Version: Tmhuysen's fci hack
