The Davidson algorithm did not converge.lambda: -1
The Davidson algorithm did not converge.lambda: -0.9
The Davidson algorithm did not converge.lambda: -0.8
The Davidson algorithm did not converge.lambda: -0.7
The Davidson algorithm did not converge.lambda: -0.6
The Davidson algorithm did not converge.lambda: -0.5
The Davidson algorithm did not converge.lambda: -0.4
The Davidson algorithm did not converge.lambda: -0.3
The Davidson algorithm did not converge.lambda: -0.2
The Davidson algorithm did not converge.lambda: -0.1
TOTAL ENERGY: -127.163347418471	 lambda: 0	 population of target: 6.99891421125435
1RDM: 
     1.99999995650345  9.04185774340749e-09 -4.74880058655291e-06 -8.97311997133638e-06  0.000173946139025461  1.17129811483039e-11  3.21387346443234e-11  2.46829179561511e-12  4.72719674187615e-11  0.000105053159200643
 9.04185774340749e-09      1.99999995788714 -4.50822462308405e-06  4.00228943434747e-06  6.45582174854612e-05 -2.21104803195946e-11 -1.80147441604362e-11  3.21013056763632e-11  4.83596437606801e-12 -0.000176481148836009
-4.74880058655291e-06 -4.50822462308405e-06      1.99867090350678 -0.000656739941135628    0.0334393513217205 -2.13951826428397e-09 -1.25989074330689e-09  6.64756095955613e-09  4.23523560291715e-09   -0.0126311900587333
-8.97311997133638e-06  4.00228943434747e-06 -0.000656739941135628      1.99798980621339    0.0300644480151132  1.07896933743122e-09  6.10947594737934e-09  5.52452170436949e-10  8.02434910982501e-09    0.0323352018214213
 0.000173946139025461  6.45582174854612e-05    0.0334393513217205    0.0300644480151132      1.04212385552449  3.25850938664462e-10  3.56536103870953e-09  3.84881420594146e-09  9.68032461518548e-09  0.000523348020604326
 1.17129811483039e-11 -2.21104803195946e-11 -2.13951826428397e-09  1.07896933743122e-09  3.25850938664462e-10      0.99691379929086 -4.55271842351019e-05  9.46945807105544e-06  -0.00134144165037944 -2.78063970343354e-09
 3.21387346443234e-11 -1.80147441604362e-11 -1.25989074330689e-09  6.10947594737934e-09  3.56536103870953e-09 -4.55271842351019e-05      1.00337034379482  6.67359344095511e-08 -9.45846920247624e-06 -4.76131730913753e-09
 2.46829179561511e-12  3.21013056763632e-11  6.64756095955613e-09  5.52452170436949e-10  3.84881420594146e-09  9.46945807105544e-06  6.67359344095511e-08     0.996635097633607 -4.55800740270001e-05  3.05617253144276e-09
 4.72719674187615e-11  4.83596437606801e-12  4.23523560291715e-09  8.02434910982501e-09  9.68032461518548e-09  -0.00134144165037944 -9.45846920247624e-06 -4.55800740270001e-05      1.00309164064997 -2.11206015643907e-09
 0.000105053159200643 -0.000176481148836009   -0.0126311900587333    0.0323352018214213  0.000523348020604326 -2.78063970343354e-09 -4.76131730913753e-09  3.05617253144276e-09 -2.11206015643907e-09     0.961204638995588
TOTAL ENERGY: -127.163320142574	 lambda: 0.1	 population of target: 6.99975015207531
1RDM: 
     1.99999995743686  7.44082766593658e-09 -4.71631468660165e-06 -8.80931450890435e-06  0.000173330113034812  1.18622883376704e-11  3.23156301298116e-11  2.25141772130058e-12  4.72200817439475e-11  0.000106988490186617
 7.44082766593658e-09      1.99999996245808 -4.66163811841072e-06  3.64695247821675e-06  6.81235015227562e-05 -2.20469652537815e-11 -1.76153981006827e-11  3.23221671765837e-11  5.76882907367407e-12 -0.000175880076412231
-4.71631468660165e-06 -4.66163811841072e-06      1.99862663380341 -0.000655745533991521    0.0343224706666605 -2.13810164363306e-09 -1.18867771902283e-09   6.7214970824234e-09     4.45053223574e-09   -0.0126705804485489
-8.80931450890435e-06  3.64695247821675e-06 -0.000655745533991521      1.99802054718129    0.0300040179512322  1.08567872721056e-09  6.10756716689288e-09  5.43290930310211e-10  8.01073559410613e-09     0.032382697909723
 0.000173330113034812  6.81235015227562e-05    0.0343224706666605    0.0300040179512322      1.02300011637309  1.74905181386124e-10   1.9196807380596e-09  2.15001916751973e-09  5.25535261936628e-09  0.000830628693459985
 1.18622883376704e-11 -2.20469652537815e-11 -2.13810164363306e-09  1.08567872721056e-09  1.74905181386124e-10     0.998373141913699 -2.40102049608252e-05  4.99398161856733e-06 -0.000705276896492524 -1.41844484772678e-09
 3.23156301298116e-11 -1.76153981006827e-11 -1.18867771902283e-09  6.10756716689288e-09   1.9196807380596e-09 -2.40102049608252e-05      1.00177819451088 -2.13475966883178e-06 -4.98822357141083e-06 -2.31403999864439e-09
 2.25141772130058e-12  3.23221671765837e-11   6.7214970824234e-09  5.43290930310211e-10  2.15001916751973e-09  4.99398161856733e-06 -2.13475966883178e-06       0.9982270495259 -2.40380983000661e-05  1.54462737829177e-09
 4.72200817439475e-11  5.76882907367407e-12     4.45053223574e-09  8.01073559410613e-09  5.25535261936628e-09 -0.000705276896492524 -4.98822357141083e-06 -2.40380983000661e-05      1.00163210133728 -9.28984300015008e-10
 0.000106988490186617 -0.000175880076412231   -0.0126705804485489     0.032382697909723  0.000830628693459985 -1.41844484772678e-09 -2.31403999864439e-09  1.54462737829177e-09 -9.28984300015008e-10     0.980342295459571
TOTAL ENERGY: -127.163299813872	 lambda: 0.2	 population of target: 6.99989551910185
1RDM: 
     1.99999995766048  7.47764902603643e-09 -4.67590373710073e-06 -8.77070801807552e-06  0.000172712069989938  1.19223203218859e-11   3.2347216386777e-11  2.14169244493614e-12  4.71065401379879e-11  0.000107765595306385
 7.47764902603643e-09       1.9999999629043 -4.72625268122593e-06  3.61748591528383e-06  6.88419760389296e-05 -2.20216314355495e-11 -1.75258679284705e-11  3.23575725983498e-11  5.96501002802674e-12 -0.000175618882028093
-4.67590373710073e-06 -4.72625268122593e-06      1.99861098413959 -0.000650341593718614    0.0346024005132401 -2.14000589595179e-09 -1.16812549979258e-09  6.74641240038635e-09  4.51714088265119e-09   -0.0127125273943885
-8.77070801807552e-06  3.61748591528383e-06 -0.000650341593718614      1.99802722429932    0.0299248925357662  1.09102982828636e-09  6.10742867597009e-09  5.31490891898155e-10  7.99366773462128e-09    0.0324390125885914
 0.000172712069989938  6.88419760389296e-05    0.0346024005132401    0.0299248925357662      1.01707494895808  1.18955022462965e-10  1.43786704996988e-09  1.57778091946314e-09  3.87996505790107e-09  0.000813773234264723
 1.19223203218859e-11 -2.20216314355495e-11 -2.14000589595179e-09  1.09102982828636e-09  1.18955022462965e-10     0.998831268999733 -1.72578551071479e-05  3.58953490421414e-06 -0.000506418184764373 -9.96849792788647e-10
  3.2347216386777e-11 -1.75258679284705e-11 -1.16812549979258e-09  6.10742867597009e-09  1.43786704996988e-09 -1.72578551071479e-05      1.00127873131558 -2.05157580412856e-06 -3.58540339112932e-06 -1.61808258326478e-09
 2.14169244493614e-12  3.23575725983498e-11  6.74641240038635e-09  5.31490891898155e-10  1.57778091946314e-09  3.58953490421414e-06 -2.05157580412856e-06     0.998726480442327 -1.72779038372174e-05   1.1056649379918e-09
 4.71065401379879e-11  5.96501002802674e-12  4.51714088265119e-09  7.99366773462128e-09  3.87996505790107e-09 -0.000506418184764373 -3.58540339112932e-06 -1.72779038372174e-05      1.00117394219295 -5.90367319168194e-10
 0.000107765595306385 -0.000175618882028093   -0.0127125273943885    0.0324390125885914  0.000813773234264723 -9.96849792788647e-10 -1.61808258326478e-09   1.1056649379918e-09 -5.90367319168194e-10      0.98627649908773
TOTAL ENERGY: -127.163287479227	 lambda: 0.3	 population of target: 6.99994627698271
1RDM: 
     1.99999995781484  7.64592989864428e-09  -4.6413788237233e-06 -8.74685815370393e-06  0.000172142835106349   1.1957397679953e-11  3.23539339353434e-11  2.05562906502532e-12  4.69880927467149e-11  0.000108220156473805
 7.64592989864428e-09      1.99999996296742 -4.75602656503647e-06  3.62910894062268e-06  6.89020498785401e-05 -2.20123855997313e-11 -1.75073499274825e-11  3.23467292255733e-11  5.98575784868453e-12 -0.000175526294876211
 -4.6413788237233e-06 -4.75602656503647e-06       1.9986029789567 -0.000645047196731674    0.0347318644625403 -2.14291313847646e-09 -1.16254178056425e-09  6.76136228764775e-09  4.54650820594525e-09   -0.0127576371285647
-8.74685815370393e-06  3.62910894062268e-06 -0.000645047196731674      1.99803038343472    0.0298495006278543  1.09552039013093e-09  6.10644639121749e-09  5.21725704755189e-10  7.97746219693399e-09    0.0324906734483702
 0.000172142835106349  6.89020498785401e-05    0.0347318644625403    0.0298495006278543      1.01432568522102  9.16893381568341e-11  1.16945152677998e-09   1.3433355005515e-09  3.24123359172059e-09  0.000788344037387846
  1.1957397679953e-11 -2.20123855997313e-11 -2.14291313847646e-09  1.09552039013093e-09  9.16893381568341e-11     0.999044862401002 -1.41100844281767e-05  2.93481817856192e-06 -0.000413831001796914 -8.01499069513217e-10
 3.23539339353434e-11 -1.75073499274825e-11 -1.16254178056425e-09  6.10644639121749e-09  1.16945152677998e-09 -1.41100844281767e-05      1.00104592049216 -1.89719459365429e-06 -2.93144635445767e-06 -1.26827318470494e-09
 2.05562906502532e-12  3.23467292255733e-11  6.76136228764775e-09  5.21725704755189e-10   1.3433355005515e-09  2.93481817856192e-06 -1.89719459365429e-06     0.998959281011083 -1.41264768838799e-05   8.5840079309449e-10
 4.69880927467149e-11  5.98575784868453e-12  4.54650820594525e-09  7.97746219693399e-09  3.24123359172059e-09 -0.000413831001796914 -2.93144635445767e-06 -1.41264768838799e-05      1.00096033863992 -4.37636795755162e-10
 0.000108220156473805 -0.000175526294876211   -0.0127576371285647    0.0324906734483702  0.000788344037387846 -8.01499069513217e-10 -1.26827318470494e-09   8.5840079309449e-10 -4.37636795755162e-10     0.989030629061186
TOTAL ENERGY: -127.163279034349	 lambda: 0.4	 population of target: 6.99997075445558
1RDM: 
     1.99999995795962  7.82427034281461e-09 -4.61037639521203e-06 -8.72582093869736e-06  0.000171606295481534  1.19801532084591e-11  3.23309842872658e-11  1.98445603481299e-12   4.6869381855467e-11   0.00010851647750676
 7.82427034281461e-09      1.99999996295952 -4.77025380110815e-06  3.65167087452472e-06  6.87052144494019e-05 -2.20136166603794e-11 -1.75305677150957e-11  3.23359950275866e-11  5.93503305034216e-12  -0.00017555285507259
-4.61037639521203e-06 -4.77025380110815e-06      1.99859833390571 -0.000639986198953498    0.0347971752308221 -2.14632044585332e-09 -1.16198994246989e-09  6.76950585832591e-09  4.55992896683466e-09   -0.0128050506250939
-8.72582093869736e-06  3.65167087452472e-06 -0.000639986198953498      1.99803257646022     0.029778535330121  1.09933463560365e-09  6.10433807807219e-09  5.10501597450617e-10  7.96211952956663e-09    0.0325365298031206
 0.000171606295481534  6.87052144494019e-05    0.0347971752308221     0.029778535330121      1.01286201013518  7.70629088260365e-11  1.07744678120041e-09  1.21080894893599e-09  2.90117343941088e-09  0.000771081620885857
 1.19801532084591e-11 -2.20136166603794e-11 -2.14632044585332e-09  1.09933463560365e-09  7.70629088260365e-11     0.999158872108812 -1.24299967554137e-05  2.58537749483002e-06 -0.000364430653197339  -6.9739187032067e-10
 3.23309842872658e-11 -1.75305677150957e-11 -1.16198994246989e-09  6.10433807807219e-09  1.07744678120041e-09 -1.24299967554137e-05       1.0009216622372 -1.79678348051496e-06 -2.58239611770645e-06 -1.08848807715028e-09
 1.98445603481299e-12  3.23359950275866e-11  6.76950585832591e-09  5.10501597450617e-10  1.21080894893599e-09  2.58537749483002e-06 -1.79678348051496e-06     0.999083535019428   -1.244443467137e-05  7.77449994762438e-10
  4.6869381855467e-11  5.93503305034216e-12  4.55992896683466e-09  7.96211952956663e-09  2.90117343941088e-09 -0.000364430653197339 -2.58239611770645e-06   -1.244443467137e-05      1.00084632474061 -3.57370113004195e-10
  0.00010851647750676  -0.00017555285507259   -0.0128050506250939    0.0325365298031206  0.000771081620885857  -6.9739187032067e-10 -1.08848807715028e-09  7.77449994762438e-10 -3.57370113004195e-10     0.990496764473678
TOTAL ENERGY: -127.163272436851	 lambda: 0.5	 population of target: 6.99998552439443
1RDM: 
     1.99999995810798  7.99709524870741e-09 -4.58103537798432e-06 -8.70458126426629e-06   0.00017108471345349  1.19952314805852e-11   3.2305427208497e-11  1.92454665417052e-12  4.67490803635134e-11  0.000108713571547446
 7.99709524870741e-09      1.99999996293152 -4.77623226682363e-06  3.67895435369482e-06  6.83717906495133e-05 -2.20235947403695e-11 -1.75764610755132e-11  3.23181601125295e-11  5.84411564286063e-12 -0.000175682548945997
-4.58103537798432e-06 -4.77623226682363e-06      1.99859560915754 -0.000635021264301451    0.0348260555270344 -2.15011551119625e-09 -1.16523264635849e-09   6.7759484003499e-09  4.56419244834536e-09   -0.0128552603344726
-8.70458126426629e-06  3.67895435369482e-06 -0.000635021264301451      1.99803447217149    0.0297102853275327  1.10265909024013e-09  6.10266220716597e-09  5.01305498121028e-10  7.94721737825666e-09    0.0325775095550421
  0.00017108471345349  6.83717906495133e-05    0.0348260555270344    0.0297102853275327      1.01208304664556  6.92672137325518e-11  1.01077063835425e-09   1.1405364731873e-09  2.72027379766925e-09  0.000762262774310904
 1.19952314805852e-11 -2.20235947403695e-11 -2.15011551119625e-09  1.10265909024013e-09  6.92672137325518e-11     0.999219690163837 -1.15337474744704e-05  2.39895494109398e-06 -0.000338065512545539 -6.42081947135315e-10
  3.2305427208497e-11 -1.75764610755132e-11 -1.16523264635849e-09  6.10266220716597e-09  1.01077063835425e-09 -1.15337474744704e-05      1.00085537548803 -1.75495104618447e-06 -2.39619768099638e-06 -9.93016181022482e-10
 1.92454665417052e-12  3.23181601125295e-11   6.7759484003499e-09  5.01305498121028e-10   1.1405364731873e-09  2.39895494109398e-06 -1.75495104618447e-06     0.999149819842271 -1.15471459210424e-05  7.16619997757294e-10
 4.67490803635134e-11  5.84411564286063e-12  4.56419244834536e-09  7.94721737825666e-09  2.72027379766925e-09 -0.000338065512545539 -2.39619768099638e-06 -1.15471459210424e-05      1.00078550478738 -3.14447529987341e-10
 0.000108713571547446 -0.000175682548945997   -0.0128552603344726    0.0325775095550421  0.000762262774310904 -6.42081947135315e-10 -9.93016181022482e-10  7.16619997757294e-10 -3.14447529987341e-10     0.991276560704416
TOTAL ENERGY: -127.163266432335	 lambda: 0.6	 population of target: 6.99999647349204
1RDM: 
     1.99999995826526  8.16536601221169e-09 -4.55193883124386e-06 -8.68176209348189e-06  0.000170560513758892  1.20048033330465e-11  3.22715530776419e-11   1.8702151637469e-12  4.66243159583077e-11  0.000108839905149632
 8.16536601221169e-09      1.99999996289289 -4.77715966702864e-06  3.70959662637211e-06  6.79429352623672e-05 -2.20420317450748e-11 -1.76423605428751e-11  3.23015744015006e-11  5.72350410289311e-12 -0.000175914422509994
-4.55193883124386e-06 -4.77715966702864e-06      1.99859420617034 -0.000629986708253034    0.0348292859004077 -2.15434517504366e-09 -1.17117730501406e-09  6.78072252167595e-09  4.56188640390412e-09   -0.0129094538479452
-8.68176209348189e-06  3.70959662637211e-06 -0.000629986708253034      1.99803632907237    0.0296424349461221  1.10563577584728e-09  6.10066438404563e-09  4.92458931913154e-10  7.93224450611408e-09    0.0326150663992639
 0.000170560513758892  6.79429352623672e-05    0.0348292859004077    0.0296424349461221      1.01175632348063  6.62332458948667e-11  9.83062174047337e-10  1.11084273914146e-09  2.64463672774829e-09  0.000761428057576204
 1.20048033330465e-11 -2.20420317450748e-11 -2.15434517504366e-09  1.10563577584728e-09  6.62332458948667e-11     0.999245353111798 -1.11554526747101e-05  2.32026422141067e-06 -0.000326905038721807 -6.18929941175295e-10
 3.22715530776419e-11 -1.76423605428751e-11 -1.17117730501406e-09  6.10066438404563e-09  9.83062174047337e-10 -1.11554526747101e-05      1.00082739116796 -1.76975161624074e-06  -2.3176097531474e-06 -9.52607549953985e-10
  1.8702151637469e-12  3.23015744015006e-11  6.78072252167595e-09  4.92458931913154e-10  1.11084273914146e-09  2.32026422141067e-06 -1.76975161624074e-06     0.999177803396708 -1.11684139788453e-05  6.91229353709099e-10
 4.66243159583077e-11  5.72350410289311e-12  4.56188640390412e-09  7.93224450611408e-09  2.64463672774829e-09 -0.000326905038721807  -2.3176097531474e-06 -1.11684139788453e-05        1.000759841087 -2.95634619550039e-10
 0.000108839905149632 -0.000175914422509994   -0.0129094538479452    0.0326150663992639  0.000761428057576204 -6.18929941175295e-10 -9.52607549953985e-10  6.91229353709099e-10 -2.95634619550039e-10     0.991602831355119
TOTAL ENERGY: -127.163259882588	 lambda: 0.7	 population of target: 7.00000654644238
1RDM: 
     1.99999995843502   8.3338929242925e-09 -4.52176165149788e-06 -8.65626915064155e-06  0.000170014330217954   1.2010142791277e-11  3.22292940414764e-11  1.81851892989411e-12  4.64910967352454e-11  0.000108912381174036
  8.3338929242925e-09      1.99999996284362  -4.7745634961161e-06  3.74375988423518e-06  6.74286692370293e-05 -2.20697129558707e-11 -1.77290365171144e-11  3.22876517275837e-11  5.57497533374544e-12 -0.000176259170159939
-4.52176165149788e-06  -4.7745634961161e-06      1.99859386925389 -0.000624696170663393    0.0348106285012294 -2.15912346366347e-09 -1.17971762167429e-09  6.78422465317568e-09  4.55384203638357e-09   -0.0129694684520554
-8.65626915064155e-06  3.74375988423518e-06 -0.000624696170663393      1.99803828368296     0.029572107280079  1.10842488788912e-09  6.09825610993603e-09  4.83562847943122e-10  7.91657956460087e-09    0.0326510211004218
 0.000170014330217954  6.74286692370293e-05    0.0348106285012294     0.029572107280079       1.0117998177734  6.73180935098885e-11  9.87803815534847e-10  1.11400380375599e-09  2.65538947765946e-09  0.000769179132601252
  1.2010142791277e-11 -2.20697129558707e-11 -2.15912346366347e-09  1.10842488788912e-09  6.73180935098885e-11     0.999242304905954 -1.12001381094295e-05  2.32956321708454e-06 -0.000328145290394922 -6.22162927878371e-10
 3.22292940414764e-11 -1.77290365171144e-11 -1.17971762167429e-09  6.09825610993603e-09  9.87803815534847e-10 -1.12001381094295e-05      1.00083067953917 -1.84628495806213e-06 -2.32689315682948e-06 -9.57253373100005e-10
 1.81851892989411e-12  3.22876517275837e-11  6.78422465317568e-09  4.83562847943122e-10  1.11400380375599e-09  2.32956321708454e-06 -1.84628495806213e-06      0.99917451505493 -1.12131500735668e-05  6.95335333261907e-10
 4.64910967352454e-11  5.57497533374544e-12  4.55384203638357e-09  7.91657956460087e-09  2.65538947765946e-09 -0.000328145290394922 -2.32689315682948e-06 -1.12131500735668e-05       1.0007628893198 -2.96131264500132e-10
 0.000108912381174036 -0.000176259170159939   -0.0129694684520554    0.0326510211004218  0.000769179132601252 -6.22162927878371e-10 -9.57253373100005e-10  6.95335333261907e-10 -2.96131264500132e-10     0.991557719191284
TOTAL ENERGY: -127.163251184105	 lambda: 0.8	 population of target: 7.00001811306661
1RDM: 
     1.99999995862001  8.50979417161521e-09 -4.48891457940615e-06 -8.62678695358525e-06  0.000169421326252154  1.20122811064806e-11  3.21779719100595e-11  1.76621602495968e-12  4.63439550364793e-11   0.00010894387502497
 8.50979417161521e-09      1.99999996278044  -4.7691647352119e-06   3.7823998708731e-06  6.68209615599785e-05 -2.21086355649356e-11  -1.7839813042477e-11  3.22778467674415e-11  5.39519532999355e-12 -0.000176741039408214
-4.48891457940615e-06  -4.7691647352119e-06      1.99859453510983 -0.000618912629001788    0.0347695083159031  -2.1646777520569e-09 -1.19122248731956e-09  6.78666455043819e-09  4.53975818740046e-09    -0.013038091101819
-8.62678695358525e-06   3.7823998708731e-06 -0.000618912629001788       1.9980404363985    0.0294952992489704   1.1112186429061e-09  6.09536570283513e-09  4.74076387677417e-10    7.899359831408e-09    0.0326878844279051
 0.000169421326252154  6.68209615599785e-05    0.0347695083159031    0.0294952992489704      1.01222358040319  7.27663113709489e-11  1.02592596515379e-09  1.15077450888276e-09  2.75502278359151e-09  0.000787925966396186
 1.20122811064806e-11 -2.21086355649356e-11  -2.1646777520569e-09   1.1112186429061e-09  7.27663113709489e-11     0.999209936687913 -1.16767944409875e-05  2.42869017843082e-06 -0.000342031392632475 -6.52503798541421e-10
 3.21779719100595e-11  -1.7839813042477e-11 -1.19122248731956e-09  6.09536570283513e-09  1.02592596515379e-09 -1.16767944409875e-05      1.00086590185113  -2.0022444861105e-06 -2.42593489608657e-06 -1.00789395360358e-09
 1.76621602495968e-12  3.22778467674415e-11  6.78666455043819e-09  4.74076387677417e-10  1.15077450888276e-09  2.42869017843082e-06  -2.0022444861105e-06     0.999139293572352 -1.16903656737597e-05  7.29716672278605e-10
 4.63439550364793e-11  5.39519532999355e-12  4.53975818740046e-09    7.899359831408e-09  2.75502278359151e-09 -0.000342031392632475 -2.42593489608657e-06 -1.16903656737597e-05      1.00079525835274 -3.15878047080107e-10
  0.00010894387502497 -0.000176741039408214    -0.013038091101819    0.0326878844279051  0.000787925966396186 -6.52503798541421e-10 -1.00789395360358e-09  7.29716672278605e-10 -3.15878047080107e-10      0.99113113622391
TOTAL ENERGY: -127.163237176357	 lambda: 0.9	 population of target: 7.00003452116325
1RDM: 
      1.9999999588211  8.70478891477042e-09 -4.45095055089105e-06 -8.59125497580721e-06  0.000168743652008285  1.20122806065245e-11  3.21155489244064e-11  1.70903993998634e-12  4.61740853420356e-11  0.000108948332500363
 8.70478891477042e-09       1.9999999626964 -4.76127424684399e-06  3.82733128423339e-06  6.60938559489414e-05 -2.21625413991111e-11 -1.79824945910763e-11  3.22741151993571e-11  5.17507329191328e-12 -0.000177407890455333
-4.45095055089105e-06 -4.76127424684399e-06      1.99859630211408 -0.000612284783008323     0.034700813681964 -2.17140304844031e-09 -1.20665899298315e-09  6.78802769365775e-09  4.51811832507793e-09   -0.0131199439878065
-8.59125497580721e-06  3.82733128423339e-06 -0.000612284783008323      1.99804288708423    0.0294055569441713  1.11432588660547e-09  6.09186130772375e-09  4.63118789192952e-10  7.87919254812901e-09    0.0327297565289581
 0.000168743652008285  6.60938559489414e-05     0.034700813681964    0.0294055569441713      1.01313615714587  8.39938734288133e-11  1.10734969064331e-09  1.23046003163384e-09  2.96914698351672e-09  0.000823514274914769
 1.20122806065245e-11 -2.21625413991111e-11 -2.17140304844031e-09  1.11432588660547e-09  8.39938734288133e-11     0.999140218749536 -1.27034559848677e-05  2.64223955794559e-06 -0.000372004988441091 -7.17721712876697e-10
 3.21155489244064e-11 -1.79824945910763e-11 -1.20665899298315e-09  6.09186130772375e-09  1.10734969064331e-09 -1.27034559848677e-05      1.00094179201517 -2.27922359011833e-06 -2.63921715940305e-06 -1.11737317654068e-09
 1.70903993998634e-12  3.22741151993571e-11  6.78802769365775e-09  4.63118789192952e-10  1.23046003163384e-09  2.64223955794559e-06 -2.27922359011833e-06     0.999063405437255 -1.27182150811503e-05  8.03310143376897e-10
 4.61740853420356e-11  5.17507329191328e-12  4.51811832507793e-09  7.87919254812901e-09  2.96914698351672e-09 -0.000372004988441091 -2.63921715940305e-06 -1.27182150811503e-05      1.00086497828459 -3.59668717630501e-10
 0.000108948332500363 -0.000177407890455333   -0.0131199439878065    0.0327297565289581  0.000823514274914769 -7.17721712876697e-10 -1.11737317654068e-09  8.03310143376897e-10 -3.59668717630501e-10     0.990214337651825
TOTAL ENERGY: -127.163209907273	 lambda: 1	 population of target: 7.00006306324097
1RDM: 
     1.99999995903126  8.94346793379309e-09 -4.40304731321378e-06  -8.5457103549629e-06  0.000167912213922466  1.20120150159059e-11  3.20386169831729e-11   1.6384634170428e-12  4.59655920345198e-11  0.000108949068615217
 8.94346793379309e-09      1.99999996257563 -4.75116553940166e-06  3.88182419894183e-06  6.51923199913066e-05 -2.22394904294667e-11 -1.81711396378316e-11  3.22785900756126e-11  4.89517192985775e-12 -0.000178357281044019
-4.40304731321378e-06 -4.75116553940166e-06       1.9985994880803 -0.000604195101470354    0.0345914849330563 -2.18005262582531e-09 -1.22770380558108e-09  6.78771168693672e-09  4.48521287929452e-09   -0.0132237918549564
 -8.5457103549629e-06  3.88182419894183e-06 -0.000604195101470354      1.99804576584266    0.0292905051363081  1.11832537413757e-09  6.08776408781712e-09  4.49254056313794e-10  7.85343920773076e-09    0.0327846868192475
 0.000167912213922466  6.51923199913066e-05    0.0345914849330563    0.0292905051363081      1.01482484045869  1.04537985594071e-10  1.23539229966525e-09  1.37137447335309e-09  3.36543580664504e-09  0.000890085272225622
 1.20120150159059e-11 -2.22394904294667e-11 -2.18005262582531e-09  1.11832537413757e-09  1.04537985594071e-10     0.999011915597386 -1.45929911030209e-05  3.03526798729703e-06 -0.000427180398404553 -8.38447552175526e-10
 3.20386169831729e-11 -1.81711396378316e-11 -1.22770380558108e-09  6.08776408781712e-09  1.23539229966525e-09 -1.45929911030209e-05      1.00108145590284  -2.7758117072233e-06  -3.0317716326397e-06  -1.3267435259186e-09
  1.6384634170428e-12  3.22785900756126e-11  6.78771168693672e-09  4.49254056313794e-10  1.37137447335309e-09  3.03526798729703e-06  -2.7758117072233e-06     0.998923746008306 -1.46099399700214e-05  9.16745171499813e-10
 4.59655920345198e-11  4.89517192985775e-12  4.48521287929452e-09  7.85343920773076e-09  3.36543580664504e-09 -0.000427180398404553  -3.0317716326397e-06 -1.46099399700214e-05       1.0009932858343  -4.4045543542638e-10
 0.000108949068615217 -0.000178357281044019   -0.0132237918549564    0.0327846868192475  0.000890085272225622 -8.38447552175526e-10  -1.3267435259186e-09  9.16745171499813e-10  -4.4045543542638e-10     0.988519580668653
-------------------general-----------------------
mullikenoperator: 
  0.00206675532023938   -0.0450639935517521  -0.00168493957057458   0.00537359598421067 -4.99962267609793e-05 -1.05734407554122e-12  1.57910508023136e-12 -6.53943480037761e-12 -1.04801554803794e-11  5.81941094870312e-05
  -0.0450639935517521     0.997864688621665  -0.00935625431041054  -0.00351050708779488 -0.000333771948444478   1.3783266411864e-12   -1.188871298704e-11  -4.2643871975183e-11 -4.98281770371254e-11 -0.000117809493182792
 -0.00168493957057458  -0.00935625431041056     0.141327888256743    -0.346944325779623   -0.0165026871158422  3.07913724569262e-10 -1.80682304035961e-09 -2.01051945328461e-09 -2.61038200288362e-09   -0.0249308609153912
  0.00537359598421067  -0.00351050708779482    -0.346944325779623     0.859525248750817   -0.0181402019413309  2.56699202272095e-10 -2.82760561295407e-10 -2.47705922286497e-09  -2.8191989637689e-09   0.00108899568946356
-4.99962267609795e-05 -0.000333771948444478   -0.0165026871158422   -0.0181402019413309     0.486109439366518 -7.54776335888073e-08  9.76141708087787e-08  3.09240820873101e-09 -2.53283601779624e-08     0.499205853699379
-1.05734407554122e-12  1.37832664118641e-12  3.07913724569264e-10  2.56699202272096e-10 -7.54776335888073e-08     0.301858986877862  -0.00138929733346566  0.000284871988631282      0.45906223095151 -8.47720672642455e-09
 1.57910508023135e-12 -1.18887129870399e-11 -1.80682304035961e-09 -2.82760561295407e-10  9.76141708087787e-08  -0.00138929733346553     0.498892408734117    -0.499996761660564 -0.000292728248812084  5.73529695934579e-09
-6.53943480037762e-12 -4.26438719751832e-11 -2.01051945328461e-09 -2.47705922286498e-09  3.09240820873102e-09  0.000284871988631227    -0.499996761660564     0.501107614040337   -0.0013909113589429  9.76641552304545e-08
-1.04801554803795e-11 -4.98281770371254e-11 -2.61038200288362e-09  -2.8191989637689e-09 -2.53283601779624e-08      0.45906223095151 -0.000292728248812248  -0.00139091135894281     0.698140990347683  7.86340401875009e-08
 5.81941094870311e-05 -0.000117809493182792   -0.0249308609153912   0.00108899568946356     0.499205853699379 -8.47720672642451e-09  5.73529695934582e-09  9.76641552304544e-08   7.8634040187501e-08     0.513105979684021
selected BF: 
0 1 2 3 4
selected lambdas: 
  -1 -0.9 -0.8 -0.7 -0.6 -0.5 -0.4 -0.3 -0.2 -0.1    0  0.1  0.2  0.3  0.4  0.5  0.6  0.7  0.8  0.9    1
RHF C: 
 1.65253339667576e-06    -0.995369028537747     0.260211819839206   0.00147261464351862  -0.00100386410682808  8.29116865705436e-11 -9.99914709144538e-11 -4.84992248341913e-11 -7.09268851526668e-11 -0.000374133083408813
-5.97529185063766e-06   -0.0189790923930186     -1.02862106971001   -0.0058341429183157   0.00401630714521502 -3.33472584915652e-10  4.01414537921768e-10   1.9066043235681e-10  2.78622386275201e-10   0.00149220957852245
 2.81237020674834e-13   2.2813668217193e-13  1.02059945695225e-10  1.64162761261778e-11  2.60280769221442e-08   -0.0602538825771646   -0.0811632288446732    -0.798819427262212     0.593017318138248  7.15749017346685e-11
 4.18893865900971e-13  2.63840657050815e-12  3.76906946536201e-10 -3.48496259643834e-10  1.92159858548471e-07    0.0811632246939022   -0.0602538856585652    -0.593017317825146    -0.798819427683936  5.52685771806902e-10
-1.61190170058536e-05 -1.21803093567761e-05  -0.00392311356574558   0.00398174205117682     -0.99997889001261  1.38439455620646e-08 -1.32067463933425e-08 -1.34792652033414e-07 -1.38082232301337e-07   0.00388045998951615
    0.995045541147455 -9.57049785514374e-07   0.00137276127529254    -0.263107140284379  -0.00131228854467253    1.709565522674e-10 -3.66133008520598e-10 -9.03164616354512e-11 -8.98504888317418e-11  -0.00312450018325533
   0.0201234845984888  4.95677676772842e-06  -0.00535549142131334       1.0289542939208   0.00515290595119188 -6.78270915838997e-10  1.45192642175559e-09  3.55863952911817e-10   3.5395746788868e-10    0.0121797216864783
 2.99707772152389e-12  -2.5343320264714e-13 -6.75411339010953e-11  2.77858254440589e-10 -1.34484121966521e-10    -0.593015977966104     -0.79880396540978    0.0812680166412517   -0.0603307654454801  3.81273715870367e-08
 5.44223688206186e-12 -1.96558469668494e-12 -3.88662476526482e-10  7.13449351169604e-10 -2.62262634495679e-10      0.79880396583206    -0.593015977652615    0.0603307685268747    0.0812680124905621  5.07104960370972e-08
 1.00418003331303e-05 -1.22554419140426e-05   0.00068323154827009   -0.0118451410095687   0.00205194749926798 -1.79611096984525e-08  6.05841298359706e-08 -5.48486295235747e-09 -1.13199298313551e-09     0.999929441463742
RDM (no constraint): 
     1.99999999916393   -1.616651950746e-09 -1.92432379799241e-07  -1.9119083599973e-08  2.20194936867612e-06 -2.46127483209863e-12  5.20477857240329e-12  1.38982237121475e-13  1.20324239888151e-13 -7.90256593612436e-06
  -1.616651950746e-09      1.99999999031135 -2.03253796332402e-06 -2.54409900563622e-07  4.44896527394988e-05  8.48408544228883e-13 -1.28938004944067e-12  7.95631636460453e-12  8.28900997923506e-12 -1.06339774720818e-05
-1.92432379799241e-07 -2.03253796332402e-06       1.9988289783492 -0.000159482400474364    0.0334031049579115 -2.23584039800313e-10  2.18864007613852e-10  4.83665339807899e-09   4.8833162693884e-09  0.000434483157247446
 -1.9119083599973e-08 -2.54409900563622e-07 -0.000159482400474364      1.99981917656482   0.00358762247965041 -6.39058991259798e-10  1.40581817430952e-09  1.39760589034384e-10  1.34171064878049e-10    0.0121730622464885
 2.20194936867612e-06  4.44896527394988e-05    0.0334031049579115   0.00358762247965041         1.00034853817  1.35330338084568e-10  1.61173385116149e-09 -9.86233511594658e-11  7.69669027202886e-11    0.0400599095379471
-2.46127483209863e-12  8.48408544228883e-13 -2.23584039800313e-10 -6.39058991259798e-10  1.35330338084568e-10      1.00068779676534 -1.55078217964886e-16  2.70121523588759e-08  -0.00329753245289555 -6.07624075147726e-10
 5.20477857240329e-12 -1.28938004944067e-12  2.18864007613852e-10  1.40581817430952e-09  1.61173385116149e-09 -1.55078217964886e-16      1.00068779679965   0.00329753244596105   2.7012154993346e-08  6.16542220277807e-10
 1.38982237121475e-13  7.95631636460453e-12  4.83665339807899e-09  1.39760589034384e-10 -9.86233511594658e-11  2.70121523588759e-08   0.00329753244596105     0.999317643883422 -4.23429422487807e-16  5.59420370117909e-09
 1.20324239888151e-13  8.28900997923506e-12   4.8833162693884e-09  1.34171064878049e-10  7.69669027202886e-11  -0.00329753245289555   2.7012154993346e-08 -4.23429422487807e-16      0.99931764391773  5.90536646853402e-09
-7.90256593612436e-06 -1.06339774720818e-05  0.000434483157247446    0.0121730622464885    0.0400599095379471 -6.07624075147726e-10  6.16542220277807e-10  5.59420370117909e-09  5.90536646853402e-09      1.00099243607454
RDM Eigenvectors: 
    0.998962316896417   -0.0450959684590678   -0.0057385343271881  -0.00277708633779223 -4.26945792701135e-06 -4.22452792935849e-12  1.78009189147578e-12 -1.71252591751836e-12  3.69376833991367e-12  6.83388573991121e-06
   0.0450827080812752     0.998927824814076   0.00286337967534639   -0.0101266615254325  2.45594285041979e-05  1.27459714713203e-13 -3.37456337013786e-14  2.17961211962183e-12 -2.02470344924112e-12  3.77398381012177e-05
-0.000859016466087893   -0.0104226058872868     0.379740553593279    -0.924426544891349    0.0246926765799223  2.10468945761627e-10 -2.59974455381535e-10  1.19505195913742e-10 -1.94849622340267e-10     0.022662262849568
 -0.00641018179267673 -0.000909374712035279    -0.924965174556092    -0.379774114360474    0.0116761639602697 -3.57672609896174e-10  1.18758165974173e-10 -5.96177364496423e-10  6.99688762378603e-10  -0.00572692957252457
-5.10653742810599e-05 -0.000308707900772775   0.00893885796301125    -0.032508624515173    -0.699443663290189  -1.0300453465617e-07  1.04367289436696e-07  1.04979267548727e-07 -1.03504176703439e-07    -0.713891973708463
 1.93333590378607e-12  3.99642243053086e-12  5.08824828883129e-10  4.64360339316809e-10  1.69623535361155e-08  -0.00602362711185617     0.775673344437407    -0.631093202096819   0.00399360900529634  4.25213997719479e-09
-4.21499201993222e-12 -5.74817126819199e-12 -1.20490064143024e-09  -8.0814681570103e-10 -4.74722552425592e-08     0.775673347716695   0.00602362713729854  -0.00399360897981907    -0.631093198066181  2.64073630954093e-08
-5.05593930939295e-12 -4.27696679352558e-11  1.64133837817252e-09 -4.55633819842764e-09 -9.73510079892855e-08      0.63108676493218   0.00490598466275061   0.00491492771575343     0.775681165123566 -1.06470867867423e-07
-5.09290009045387e-12  -4.2977566469912e-11   1.6647342699146e-09 -4.60387085195054e-09 -1.03330746915863e-07   0.00490598469397208    -0.631086768962776    -0.775681161844244    0.0049149276950383 -1.06277583575732e-07
-8.89124584471415e-05 -3.82693142944138e-05   -0.0107473212484597  -0.00633348339504373    -0.714165597169365 -3.75572836749841e-08  6.44147928533844e-09 -5.98333679222812e-09  3.69727284764077e-08     0.699865610330885
Total C: 
     0.04339145882534    -0.993571610271721       0.1077927273337    -0.240350558098596   0.00355463901391423  6.27535116082224e-11 -1.62556871983632e-10   5.9709785957732e-10  7.13455716784878e-10  -0.00231273252702418
  0.00676888374747245   -0.0218451101835015    -0.384885090916946     0.953709970447213   -0.0128736354012431 -2.57538360937977e-10  6.60106372356423e-10 -2.20221113001744e-09 -2.65978755664549e-09   0.00926863615117102
 3.19729035016695e-12 -1.93824052464275e-12  4.65309496601822e-10   1.1059377883244e-09   -1.657595023975e-07     0.443904583307471    -0.418285251213907     0.417642611142875     0.673469253907554  9.90576969499541e-09
-4.09748314983631e-12  1.23401916042685e-11  5.34025235834725e-09  1.78267681835126e-09  -1.2900694730798e-07     0.323832795540257     0.569090989849118    -0.571618389375908     0.494489837911666 -1.66271703925621e-07
 1.98159106861545e-07 -8.88615186748487e-05   -0.0297746678807899  -0.00958144533232435     0.696494164273548  5.72421255382811e-08  1.45915128896124e-07 -2.18712800220368e-09  2.15171275776588e-07     0.716883268205471
    0.994735820218439    0.0475265691795962     0.242786555065523    0.0922756741666496    0.0116631375809423 -3.83489703343453e-10  3.74034252529679e-10    1.692401232994e-09  1.97770861211403e-09  0.000313620393412507
   0.0172756782620982  -0.00952244780784728    -0.952840439030176    -0.385955148569528   -0.0457979628740234  1.52145129799715e-09 -1.49033602390417e-09 -6.64019949187986e-09 -7.76699229208726e-09  -0.00161695697026174
 3.60372619243389e-12 -1.43894436338214e-12  6.82548712209503e-10 -2.36414019601871e-10 -3.46441238303094e-08    -0.667567466614991    -0.427048603096143    -0.424561467096722      0.43787069533491  4.11887891266391e-08
 1.88861609248626e-12 -8.05972883490028e-12  6.49299246053788e-10  -5.4020241187767e-10 -1.82295045089549e-07    -0.502548169144329     0.564510211808388     0.564539871303116      0.33176544308937  4.50040283359694e-09
 4.63829255697526e-05  0.000147906064564878    0.0339208645205995  -0.00183610729021805    -0.714885644389773  5.48401176365858e-08  1.34861182599904e-08 -1.18550839383647e-07 -1.40499461152852e-07     0.698418476197794
Basis set used: STO-3G
Naturals: 
 1.99999999996994  1.99999999848136  1.99999142209466   1.9999410757783  1.04001249947917  1.00337066481649   1.0033706648163 0.996634775866774 0.996634775866585 0.960044122830427
Version: Tmhuysen's fci hack
