The Davidson algorithm did not converge.lambda: -1
The Davidson algorithm did not converge.lambda: -0.9
The Davidson algorithm did not converge.lambda: -0.8
The Davidson algorithm did not converge.lambda: -0.7
The Davidson algorithm did not converge.lambda: -0.6
The Davidson algorithm did not converge.lambda: -0.5
The Davidson algorithm did not converge.lambda: -0.4
The Davidson algorithm did not converge.lambda: -0.3
The Davidson algorithm did not converge.lambda: -0.2
The Davidson algorithm did not converge.lambda: -0.1
TOTAL ENERGY: -127.163632680187	 lambda: 0	 population of target: 6.99719640513765
1RDM: 
     1.99999993374175 -3.19360267936154e-08  6.40539871486791e-06  1.29111436806613e-05 -0.000183439017470095  2.92759525992987e-11 -3.07039798041765e-12  2.72771004990521e-11 -3.02636833939306e-12 -0.000142526166670417
-3.19360267936154e-08      1.99999992189433 -4.69511279707251e-06  7.36090248951085e-06  5.95353216705255e-05  2.83223745287285e-11  8.93068905917933e-12 -1.93604070711631e-13  -4.5411058983831e-11 -0.000231690294436821
 6.40539871486791e-06 -4.69511279707251e-06      1.99830341747687  -0.00110211650804804    0.0386676824336036  1.14954207181478e-09  8.13190851065066e-10 -2.55593054574481e-09 -9.39997038202585e-09  -0.00943777165218951
 1.29111436806613e-05  7.36090248951085e-06  -0.00110211650804804      1.99730552328765    0.0345013732059561 -4.90762720779207e-09  4.11347857742895e-10 -4.09257798632055e-09 -7.77293175926382e-11    0.0370440055537643
-0.000183439017470095  5.95353216705255e-05    0.0386676824336036    0.0345013732059561      1.06712484413868 -6.78566996765457e-09 -2.16665986064453e-10 -7.11257909782991e-09 -5.06670361623976e-09  0.000874421535462754
 2.92759525992987e-11  2.83223745287285e-11  1.14954207181478e-09 -4.90762720779207e-09 -6.78566996765457e-09     0.994616234349991  2.90730230393496e-12   1.0999099401005e-05   0.00246810179441984  3.13673864299136e-09
-3.07039798041765e-12  8.93068905917933e-12  8.13190851065066e-10  4.11347857742895e-10 -2.16665986064453e-10  2.90730230393496e-12     0.994616234407489  -0.00246810185360849  1.09990963865449e-05  7.36470593061596e-10
 2.72771004990521e-11 -1.93604070711631e-13 -2.55593054574481e-09 -4.09257798632055e-09 -7.11257909782991e-09   1.0999099401005e-05  -0.00246810185360849      1.00539141503235  3.04142522786714e-12  1.60198997394729e-09
-3.02636833939306e-12  -4.5411058983831e-11 -9.39997038202585e-09 -7.77293175926382e-11 -5.06670361623976e-09   0.00246810179441984  1.09990963865449e-05  3.04142522786714e-12      1.00539141508985  -7.9077367968586e-09
-0.000142526166670417 -0.000231690294436821  -0.00943777165218951    0.0370440055537643  0.000874421535462754  3.13673864299136e-09  7.36470593061596e-10  1.60198997394729e-09  -7.9077367968586e-09     0.937251060581098
TOTAL ENERGY: -127.163562203552	 lambda: 0.1	 population of target: 6.9993544544887
1RDM: 
     1.99999993909731 -2.31124463335811e-08  6.39293102841111e-06  1.22807473122981e-05 -0.000181810024796919  2.93470695399018e-11  -3.0207177764119e-12  2.71914040133196e-11 -3.58859023908243e-12 -0.000146166965901051
-2.31124463335811e-08      1.99999993748488   -5.015442065049e-06  6.30395993477969e-06  6.70931561481797e-05  2.74952911746086e-11  8.90593590378172e-12 -1.08736074736875e-12 -4.60004894340526e-11 -0.000231292295507471
 6.39293102841111e-06   -5.015442065049e-06      1.99822228226209   -0.0011031167080353    0.0401988301391411  9.85910883031058e-10  8.12452504737868e-10 -2.72654465772984e-09  -9.5446282705569e-09  -0.00954323020051711
 1.22807473122981e-05  6.30395993477969e-06   -0.0011031167080353      1.99738009432666    0.0344481821746633 -4.91485686725497e-09  4.08426326490558e-10 -4.08780954882834e-09 -6.52650263111017e-11    0.0371403011944242
-0.000181810024796919  6.70931561481797e-05    0.0401988301391411    0.0344481821746633       1.0364625861318  -3.6726930446755e-09 -9.78483991730833e-11 -3.83299298928713e-09  -2.6983199103488e-09   0.00166955126813316
 2.93470695399018e-11  2.74952911746086e-11  9.85910883031058e-10 -4.91485686725497e-09  -3.6726930446755e-09     0.997152068387162 -8.72956520038549e-14  5.81833537297781e-06   0.00129887905664985  1.50252427372758e-09
 -3.0207177764119e-12  8.90593590378172e-12  8.12452504737868e-10  4.08426326490558e-10 -9.78483991730833e-11 -8.72956520038549e-14     0.997152068401003   -0.0012988790954554  5.81833524947009e-06  3.69122691194999e-10
 2.71914040133196e-11 -1.08736074736875e-12 -2.72654465772984e-09 -4.08780954882834e-09 -3.83299298928713e-09  5.81833537297781e-06   -0.0012988790954554       1.0028549717328 -9.27434446757634e-15  6.75288440739295e-10
-3.58859023908243e-12 -4.60004894340526e-11  -9.5446282705569e-09 -6.52650263111017e-11  -2.6983199103488e-09   0.00129887905664985  5.81833524947009e-06 -9.27434446757634e-15      1.00285497174664 -4.18451756451074e-09
-0.000146166965901051 -0.000231292295507471  -0.00954323020051711    0.0371403011944242   0.00166955126813316  1.50252427372758e-09  3.69122691194999e-10  6.75288440739295e-10 -4.18451756451074e-09     0.967921080429646
TOTAL ENERGY: -127.163509612666	 lambda: 0.2	 population of target: 6.99973050785553
1RDM: 
     1.99999994027263 -2.18436913812108e-08  6.33101969739493e-06  1.21491755533423e-05 -0.000180728416385393   2.9341463930497e-11 -2.99806005714691e-12   2.7108091905908e-11 -3.87077682715228e-12 -0.000147773325918677
-2.18436913812108e-08      1.99999993915799 -5.16202826704212e-06  6.19384538249796e-06  6.89212938425061e-05  2.72905228875455e-11   8.8977109483521e-12 -1.30752779639465e-12 -4.61464635410224e-11 -0.000231157465352403
 6.33101969739493e-06 -5.16202826704212e-06      1.99819490392744  -0.00109335807772831    0.0406762135210378  9.36974770894167e-10  8.12694711259058e-10 -2.77842741052746e-09 -9.59314994651303e-09  -0.00961347686635466
 1.21491755533423e-05  6.19384538249796e-06  -0.00109335807772831      1.99739492569166     0.034326876284627 -4.91076535731898e-09  4.06285691968555e-10 -4.07550897102417e-09 -4.36777061979662e-11    0.0372399534838819
-0.000180728416385393  6.89212938425061e-05    0.0406762135210378     0.034326876284627      1.02695804997952  -2.7144358367659e-09  -4.6659171835795e-11 -2.80533182749919e-09 -1.97788249453481e-09   0.00162933412909959
  2.9341463930497e-11  2.72905228875455e-11  9.36974770894167e-10 -4.91076535731898e-09  -2.7144358367659e-09     0.997950457895012 -5.37796484359081e-14  4.18841605092995e-06  0.000933408514911172  1.03210901287658e-09
-2.99806005714691e-12   8.8977109483521e-12  8.12694711259058e-10  4.06285691968555e-10  -4.6659171835795e-11 -5.37796484359081e-14     0.997950457907235 -0.000933408541816496   4.1884159541757e-06  2.55143072419116e-10
  2.7108091905908e-11 -1.30752779639465e-12 -2.77842741052746e-09 -4.07550897102417e-09 -2.80533182749919e-09  4.18841605092995e-06 -0.000933408541816496      1.00205648217661  1.41041994848736e-15  4.09261673728782e-10
-3.87077682715228e-12 -4.61464635410224e-11 -9.59314994651303e-09 -4.36777061979662e-11 -1.97788249453481e-09  0.000933408514911172   4.1884159541757e-06  1.41041994848736e-15      1.00205648218883 -3.03515352340517e-09
-0.000147773325918677 -0.000231157465352403  -0.00961347686635466    0.0372399534838819   0.00162933412909959  1.03210901287658e-09  2.55143072419116e-10  4.09261673728782e-10 -3.03515352340517e-09     0.977438360803101
TOTAL ENERGY: -127.163477667856	 lambda: 0.3	 population of target: 6.99986195555664
1RDM: 
     1.99999994071713 -2.16274359933375e-08  6.27499260837093e-06  1.20970316033848e-05 -0.000179893615729406  2.92940381290915e-11 -2.96762813328534e-12  2.70647308203809e-11 -4.01457611665534e-12 -0.000148852202278182
-2.16274359933375e-08      1.99999993939628 -5.23422314346982e-06  6.20381724015049e-06  6.93793596781189e-05  2.72252706946873e-11  8.90415677623547e-12 -1.33847808658291e-12 -4.61523105844006e-11 -0.000231251338144404
 6.27499260837093e-06 -5.23422314346982e-06      1.99818176220626  -0.00108343284286281    0.0408912269554325  9.18623034079041e-10  8.12812895054129e-10 -2.80021202743593e-09 -9.61899738320223e-09  -0.00968480769794744
 1.20970316033848e-05  6.20381724015049e-06  -0.00108343284286281      1.99740134656509    0.0342048236651985 -4.89963700131482e-09  4.02056402493009e-10 -4.06731063021581e-09 -3.15094409889722e-11    0.0373311488829262
-0.000179893615729406  6.93793596781189e-05    0.0408912269554325    0.0342048236651985      1.02255708613364 -2.21285829958406e-09 -4.42558345682684e-11 -2.39602293696281e-09 -1.80333557218036e-09   0.00156687244681213
 2.92940381290915e-11  2.72252706946873e-11  9.18623034079041e-10 -4.89963700131482e-09 -2.21285829958406e-09     0.998322188750534 -3.71824459168938e-14  3.42970081134703e-06  0.000763638173200476  7.04641603332659e-10
-2.96762813328534e-12  8.90415677623547e-12  8.12812895054129e-10  4.02056402493009e-10 -4.42558345682684e-11 -3.71824459168938e-14     0.998322188760387 -0.000763638195300788  3.42970072584633e-06  2.53358784543482e-10
 2.70647308203809e-11 -1.33847808658291e-12 -2.80021202743593e-09 -4.06731063021581e-09 -2.39602293696281e-09  3.42970081134703e-06 -0.000763638195300788      1.00168471953574   8.1031807493106e-15  3.35671108082939e-10
-4.01457611665534e-12 -4.61523105844006e-11 -9.61899738320223e-09 -3.15094409889722e-11 -1.80333557218036e-09  0.000763638173200476  3.42970072584633e-06   8.1031807493106e-15       1.0016847195456  -2.3923904375354e-09
-0.000148852202278182 -0.000231251338144404  -0.00968480769794744    0.0373311488829262   0.00156687244681213  7.04641603332659e-10  2.53358784543482e-10  3.35671108082939e-10  -2.3923904375354e-09     0.981846108389402
TOTAL ENERGY: -127.163455735715	 lambda: 0.4	 population of target: 6.99992551959053
1RDM: 
     1.99999994090119 -2.17107214459638e-08  6.22449273929658e-06  1.20703044327749e-05 -0.000179195117765397   2.9303993966637e-11 -2.96914066016412e-12  2.69835764164435e-11 -4.21575903693867e-12   -0.0001496913875893
-2.17107214459638e-08      1.99999993933533 -5.27208389907691e-06  6.24560890590744e-06  6.92850177930791e-05   2.7254899605342e-11  8.90219885101544e-12 -1.33688597900117e-12 -4.62097856785614e-11 -0.000231524188652356
 6.22449273929658e-06 -5.27208389907691e-06      1.99817485866594  -0.00107379697743878    0.0409947894495193  9.12255496689843e-10  8.13258440960378e-10 -2.81173283631683e-09 -9.64034456620063e-09  -0.00975972973147519
 1.20703044327749e-05  6.24560890590744e-06  -0.00107379697743878      1.99740548286846    0.0340876389783319 -4.89833196721046e-09  4.03103611699851e-10 -4.05218935597077e-09  -5.4243715537151e-12    0.0374129913318143
-0.000179195117765397  6.92850177930791e-05    0.0409947894495193    0.0340876389783319      1.02022496163602 -1.96724347353505e-09  -3.4694446083258e-11 -2.11333650439698e-09 -1.57076990895203e-09   0.00152557642243786
  2.9303993966637e-11   2.7254899605342e-11  9.12255496689843e-10 -4.89833196721046e-09 -1.96724347353505e-09     0.998519736951292 -3.84320334989692e-14  3.02649453771579e-06  0.000673475277848444  6.49698418821534e-10
-2.96914066016412e-12  8.90219885101544e-12  8.13258440960378e-10  4.03103611699851e-10  -3.4694446083258e-11 -3.84320334989692e-14     0.998519736960073 -0.000673475297309915  3.02649446739455e-06  1.96823358913416e-10
 2.69835764164435e-11 -1.33688597900117e-12 -2.81173283631683e-09 -4.05218935597077e-09 -2.11333650439698e-09  3.02649453771579e-06 -0.000673475297309915      1.00148715820172  1.47689622693007e-15     2.65790198755e-10
-4.21575903693867e-12 -4.62097856785614e-11 -9.64034456620063e-09  -5.4243715537151e-12 -1.57076990895203e-09  0.000673475277848444  3.02649446739455e-06  1.47689622693007e-15       1.0014871582105 -2.12196456390633e-09
  -0.0001496913875893 -0.000231524188652356  -0.00975972973147519    0.0374129913318143   0.00152557642243786  6.49698418821534e-10  1.96823358913416e-10     2.65790198755e-10 -2.12196456390633e-09     0.984181026269506
TOTAL ENERGY: -127.163438494771	 lambda: 0.5	 population of target: 6.99996411114538
1RDM: 
     1.99999994094892 -2.19159225219473e-08  6.17730311612358e-06  1.20547659310967e-05 -0.000178575443638823  2.92882206438114e-11 -2.96051507143479e-12  2.69272648978439e-11 -4.35382170614245e-12 -0.000150395608850467
-2.19159225219473e-08       1.9999999391829 -5.29122018947089e-06  6.30052231178987e-06  6.88901113025363e-05  2.73241488431344e-11  8.90388826836163e-12 -1.28266181716588e-12 -4.62334533432148e-11 -0.000231963205708816
 6.17730311612358e-06 -5.29122018947089e-06      1.99817154771553  -0.00106423522899674    0.0410350324760698   9.1121467036602e-10   8.1495792781877e-10 -2.81362294050905e-09 -9.65231495988013e-09  -0.00983989067681932
 1.20547659310967e-05  6.30052231178987e-06  -0.00106423522899674      1.99740888465027    0.0339735823360578 -4.89157712720518e-09  4.01812208422132e-10 -4.04100655216789e-09   1.2145669705861e-11    0.0374873705931157
-0.000178575443638823  6.88901113025363e-05    0.0410350324760698    0.0339735823360578      1.01899856947789 -1.85322676486596e-09  -2.1362263608037e-11 -1.97143415228403e-09 -1.46492108693893e-09   0.00150637856158198
 2.92882206438114e-11  2.73241488431344e-11   9.1121467036602e-10 -4.89157712720518e-09 -1.85322676486596e-09     0.998623858941493 -3.10567231927877e-14  2.81401584060777e-06  0.000625907346810308  5.98681623730624e-10
-2.96051507143479e-12  8.90388826836163e-12   8.1495792781877e-10  4.01812208422132e-10  -2.1362263608037e-11 -3.10567231927877e-14     0.998623858949621  -0.00062590736492104  2.81401577096509e-06  1.76811876290289e-10
 2.69272648978439e-11 -1.28266181716588e-12 -2.81362294050905e-09 -4.04100655216789e-09 -1.97143415228403e-09  2.81401584060777e-06  -0.00062590736492104      1.00138303029312  6.06268086390057e-15  2.23722912236474e-10
-4.35382170614245e-12 -4.62334533432148e-11 -9.65231495988013e-09   1.2145669705861e-11 -1.46492108693893e-09  0.000625907346810308  2.81401577096509e-06  6.06268086390057e-15      1.00138303030125 -1.98699764849035e-09
-0.000150395608850467 -0.000231963205708816  -0.00983989067681932    0.0374873705931157   0.00150637856158198  5.98681623730624e-10  1.76811876290289e-10  2.23722912236474e-10 -1.98699764849035e-09     0.985407339539056
TOTAL ENERGY: -127.16342262336	 lambda: 0.6	 population of target: 6.99999304604524
1RDM: 
     1.99999994089812 -2.21863777459086e-08  6.13154006462323e-06   1.2045274091996e-05 -0.000177993599073114  2.92685774186668e-11 -2.95155885782763e-12  2.68770923360572e-11 -4.47230081657008e-12 -0.000151018226944387
-2.21863777459086e-08      1.99999993898578 -5.29869743348417e-06  6.36389590083352e-06  6.82862105899921e-05  2.74179184934906e-11  8.91326347859142e-12 -1.19630646084017e-12 -4.62544779079545e-11 -0.000232577707917392
 6.13154006462323e-06 -5.29869743348417e-06      1.99817076484645  -0.00105443677248982    0.0410303051340709  9.17677067166658e-10  8.15538021529576e-10 -2.81117078693816e-09 -9.66295293249746e-09  -0.00992750451280377
  1.2045274091996e-05  6.36389590083352e-06  -0.00105443677248982      1.99741213296528    0.0338589670099715 -4.88486341579495e-09  4.00958578789571e-10 -4.02926239731667e-09  2.99567386529494e-11    0.0375570091943472
-0.000177993599073114  6.82862105899921e-05    0.0410303051340709    0.0338589670099715       1.0185080560999  -1.7950594340017e-09 -2.41144812637551e-11  -1.9261821603959e-09 -1.44000808432477e-09   0.00150840166613868
 2.92685774186668e-11  2.74179184934906e-11  9.17677067166658e-10 -4.88486341579495e-09  -1.7950594340017e-09     0.998665758087303 -2.66220188426498e-14  2.72840242118931e-06  0.000606644427400677  5.66359405994252e-10
-2.95155885782763e-12  8.91326347859142e-12  8.15538021529576e-10  4.00958578789571e-10 -2.41144812637551e-11 -2.66220188426498e-14     0.998665758095208 -0.000606644444948989   2.7284023505165e-06  1.75368864909743e-10
 2.68770923360572e-11 -1.19630646084017e-12 -2.81117078693816e-09 -4.02926239731667e-09  -1.9261821603959e-09  2.72840242118931e-06 -0.000606644444948989      1.00134112888342  9.35784910817069e-15  2.16981859158544e-10
-4.47230081657008e-12 -4.62544779079545e-11 -9.66295293249746e-09  2.99567386529494e-11 -1.44000808432477e-09  0.000606644427400677   2.7284023505165e-06  9.35784910817069e-15      1.00134112889133 -1.91499179074264e-09
-0.000151018226944387 -0.000232577707917392  -0.00992750451280377    0.0375570091943472   0.00150840166613868  5.66359405994252e-10  1.75368864909743e-10  2.16981859158544e-10 -1.91499179074264e-09     0.985895392247245
TOTAL ENERGY: -127.16340501067	 lambda: 0.7	 population of target: 7.00002012609997
1RDM: 
     1.99999994074991 -2.25005485444743e-08  6.08563192218922e-06  1.20397323899231e-05  -0.00017741081159804  2.92468645465317e-11 -2.94392786131333e-12  2.68239838417891e-11 -4.58761846165125e-12 -0.000151594292677664
-2.25005485444743e-08       1.9999999387491 -5.29808501711165e-06  6.43538558130083e-06  6.75010186997054e-05  2.75466650554159e-11  8.92375754945206e-12 -1.08483816199127e-12 -4.62863912791272e-11 -0.000233397830223521
 6.08563192218922e-06 -5.29808501711165e-06      1.99817209785335  -0.00104402950119888    0.0409864569883963    9.282888922294e-10  8.16774371669774e-10 -2.80365749217939e-09 -9.67091912804852e-09   -0.0100257432242122
 1.20397323899231e-05  6.43538558130083e-06  -0.00104402950119888      1.99741552949727    0.0337386452270551 -4.87726102609054e-09  4.00071095468447e-10 -4.01700503995094e-09  4.78930528916883e-11     0.037625369337882
 -0.00017741081159804  6.75010186997054e-05    0.0409864569883963    0.0337386452270551      1.01862806380423 -1.80885471980682e-09   -2.525138894505e-11 -1.94011067175642e-09 -1.44596474725818e-09   0.00153371956555551
 2.92468645465317e-11  2.75466650554159e-11    9.282888922294e-10 -4.87726102609054e-09 -1.80885471980682e-09     0.998656169511787 -3.35315097690513e-14  2.74786619030558e-06  0.000610747353928459   5.6983043569092e-10
-2.94392786131333e-12  8.92375754945206e-12  8.16774371669774e-10  4.00071095468447e-10   -2.525138894505e-11 -3.35315097690513e-14     0.998656169519726  -0.00061074737161135  2.74786612522539e-06  1.76947643094343e-10
 2.68239838417891e-11 -1.08483816199127e-12 -2.80365749217939e-09 -4.01700503995094e-09 -1.94011067175642e-09  2.74786619030558e-06  -0.00061074737161135      1.00135071773396  2.71345040190964e-15  2.17596069215245e-10
-4.58761846165125e-12 -4.62863912791272e-11 -9.67091912804852e-09  4.78930528916883e-11 -1.44596474725818e-09  0.000610747353928459  2.74786612522539e-06  2.71345040190964e-15       1.0013507177419 -1.93153111972171e-09
-0.000151594292677664 -0.000233397830223521   -0.0100257432242122     0.037625369337882   0.00153371956555551   5.6983043569092e-10  1.76947643094343e-10  2.17596069215245e-10 -1.93153111972171e-09     0.985770654838772
TOTAL ENERGY: -127.163381112524	 lambda: 0.8	 population of target: 7.00005189619291
1RDM: 
     1.99999994047401 -2.28464506520687e-08  6.03823384497281e-06   1.2037497284088e-05 -0.000176778671382034  2.92195836151902e-11 -2.93682225462613e-12  2.67643704846892e-11  -4.7052470152156e-12 -0.000152153709800546
-2.28464506520687e-08      1.99999993845998 -5.29141811488841e-06  6.51673629298195e-06  6.65256780971028e-05  2.77124064933748e-11  8.93773079787304e-12  -9.4473809244594e-13 -4.63337485033124e-11 -0.000234482042287174
 6.03823384497281e-06 -5.29141811488841e-06      1.99817551259933  -0.00103252043548758    0.0409013159315156  9.44228302567892e-10  8.18320095634846e-10 -2.79105288261273e-09 -9.67714221189992e-09   -0.0101394356006804
  1.2037497284088e-05  6.51673629298195e-06  -0.00103252043548758       1.9974192992602    0.0336049988460933 -4.86841834217079e-09  3.99145152972013e-10 -4.00333123365068e-09  6.73849658607101e-11    0.0376973507429126
-0.000176778671382034  6.65256780971028e-05    0.0409013159315156    0.0336049988460933      1.01938714656101 -1.89161916470304e-09 -2.89466303440908e-11 -2.02237138031838e-09 -1.49325218414513e-09   0.00158956139366053
 2.92195836151902e-11  2.77124064933748e-11  9.44228302567892e-10 -4.86841834217079e-09 -1.89161916470304e-09     0.998593038521527  -3.3849916694542e-14  2.87655188461323e-06  0.000639089016833941  6.04465300657383e-10
-2.93682225462613e-12  8.93773079787304e-12  8.18320095634846e-10  3.99145152972013e-10 -2.89466303440908e-11  -3.3849916694542e-14     0.998593038529669 -0.000639089035420378  2.87655181532812e-06  1.85411688469661e-10
 2.67643704846892e-11  -9.4473809244594e-13 -2.79105288261273e-09 -4.00333123365068e-09 -2.02237138031838e-09  2.87655188461323e-06 -0.000639089035420378      1.00141385165437  4.16166077502324e-15  2.31230688546737e-10
 -4.7052470152156e-12 -4.63337485033124e-11 -9.67714221189992e-09  6.73849658607101e-11 -1.49325218414513e-09  0.000639089016833941  2.87655181532812e-06  4.16166077502324e-15      1.00141385166251 -2.03160204692854e-09
-0.000152153709800546 -0.000234482042287174   -0.0101394356006804    0.0376973507429126   0.00158956139366053  6.04465300657383e-10  1.85411688469661e-10  2.31230688546737e-10 -2.03160204692854e-09     0.985004382277396
TOTAL ENERGY: -127.163341679732	 lambda: 0.9	 population of target: 7.00009807471204
1RDM: 
     1.99999993998667 -2.32050205988537e-08  5.98846899145081e-06  1.20391628170745e-05 -0.000176020153137208  2.91808884758171e-11 -2.92962051271523e-12  2.66902119550994e-11  -4.8352172904687e-12 -0.000152730231414334
-2.32050205988537e-08       1.9999999380845 -5.28040406539692e-06  6.61162878897868e-06  6.53170136023494e-05  2.79263406897156e-11  8.95685584417231e-12 -7.68029943673479e-13 -4.64058001063225e-11 -0.000235940883815078
 5.98846899145081e-06 -5.28040406539692e-06      1.99818131488926   -0.0010191520800846    0.0407637185718101   9.6734781961071e-10  8.20254554107065e-10 -2.77187604674924e-09  -9.6816150974159e-09   -0.0102767405172879
 1.20391628170745e-05  6.61162878897868e-06   -0.0010191520800846      1.99742368666892    0.0334451344746653 -4.85768088992742e-09   3.9815337200575e-10 -3.98695507619472e-09  9.05026857832438e-11    0.0377811341155092
-0.000176020153137208  6.53170136023494e-05    0.0407637185718101    0.0334451344746653      1.02098666118035 -2.06528259728195e-09 -3.62308871032983e-11 -2.19534392964767e-09 -1.59450199628546e-09   0.00169329075252663
 2.91808884758171e-11  2.79263406897156e-11   9.6734781961071e-10 -4.85768088992742e-09 -2.06528259728195e-09      0.99846022128852 -3.58784289977933e-14  3.14726189628709e-06  0.000698904541765125   6.7911222867112e-10
-2.92962051271523e-12  8.95685584417231e-12  8.20254554107065e-10   3.9815337200575e-10 -3.62308871032983e-11 -3.58784289977933e-14     0.998460221297184  -0.00069890456221017  3.14726181939675e-06  2.03397214875059e-10
 2.66902119550994e-11 -7.68029943673479e-13 -2.77187604674924e-09 -3.98695507619472e-09 -2.19534392964767e-09  3.14726189628709e-06  -0.00069890456221017      1.00154667592027   5.8094421176734e-15  2.61430173385281e-10
 -4.8352172904687e-12 -4.64058001063225e-11  -9.6816150974159e-09  9.05026857832438e-11 -1.59450199628546e-09  0.000698904541765125  3.14726181939675e-06   5.8094421176734e-15      1.00154667592893 -2.24170117785527e-09
-0.000152730231414334 -0.000235940883815078   -0.0102767405172879    0.0377811341155092   0.00169329075252663   6.7911222867112e-10  2.03397214875059e-10  2.61430173385281e-10 -2.24170117785527e-09      0.98339466475545
TOTAL ENERGY: -127.163262644836	 lambda: 1	 population of target: 7.00018077617428
1RDM: 
     1.99999993906493 -2.35139525577833e-08  5.93748926608433e-06  1.20476656146471e-05 -0.000174982999081753  2.91199035924911e-11 -2.92183295166829e-12  2.65848115350617e-11 -4.99703350722332e-12 -0.000153376915762105
-2.35139525577833e-08      1.99999993753665    -5.26840759057e-06  6.72687064962225e-06  6.37761002649449e-05  2.82124208070125e-11  8.98488511394214e-12 -5.36445692875409e-13 -4.65172146221224e-11 -0.000238002060518748
 5.93748926608433e-06    -5.26840759057e-06      1.99819028557567  -0.00100254760742895    0.0405457907265772  1.00108245866785e-09  8.22973642661371e-10 -2.74234945998406e-09  -9.6833061640696e-09   -0.0104535898549011
 1.20476656146471e-05  6.72687064962225e-06  -0.00100254760742895      1.99742906084039    0.0332332552421227 -4.84311036998913e-09  3.96908159563509e-10 -3.96531185971446e-09  1.21279830454997e-10     0.037893120900955
-0.000174982999081753  6.37761002649449e-05    0.0405457907265772    0.0332332552421227      1.02395649360486 -2.38430312056631e-09 -5.10608705074989e-11 -2.52151382757063e-09 -1.79788346945253e-09   0.00188760968778303
 2.91199035924911e-11  2.82124208070125e-11  1.00108245866785e-09 -4.84311036998913e-09 -2.38430312056631e-09     0.998215373467191  -3.7138625842635e-14  3.64636904320352e-06  0.000809205329498883  8.05499098825454e-10
-2.92183295166829e-12  8.98488511394214e-12  8.22973642661371e-10  3.96908159563509e-10 -5.10608705074989e-11  -3.7138625842635e-14     0.998215373477727   -0.0008092053529593  3.64636895018897e-06  2.40601833116612e-10
 2.65848115350617e-11 -5.36445692875409e-13 -2.74234945998406e-09 -3.96531185971446e-09 -2.52151382757063e-09  3.64636904320352e-06   -0.0008092053529593      1.00179153938958  1.09435818009686e-14  3.20455846444773e-10
-4.99703350722332e-12 -4.65172146221224e-11  -9.6833061640696e-09  1.21279830454997e-10 -1.79788346945253e-09  0.000809205329498883  3.64636895018897e-06  1.09435818009686e-14      1.00179153940011 -2.62293158954755e-09
-0.000153376915762105 -0.000238002060518748   -0.0104535898549011     0.037893120900955   0.00188760968778303  8.05499098825454e-10  2.40601833116612e-10  3.20455846444773e-10 -2.62293158954755e-09     0.980410457642902
-------------------general-----------------------
mullikenoperator: 
  0.00281707002662764    0.0526864734034306   0.00115080964207802  -0.00565150998742874  1.76397925035964e-05  3.37016659460123e-12 -2.56481593896596e-12 -2.34892770927226e-12 -6.17539732883598e-12 -7.79747283898601e-05
   0.0526864734034306      0.99709113852355   -0.0107277415839306  -0.00303929683312357 -0.000433799676444074  1.17037481326706e-11 -4.47456929872439e-12  3.12328852580522e-11  8.16337194217882e-11 -0.000161682232742071
  0.00115080964207802   -0.0107277415839306    0.0904237364379999    -0.284321795006256   -0.0218153077831094  4.89579076455518e-10 -7.96859525525446e-10  1.64994973013467e-09  4.02854844054037e-09   -0.0285859446716103
 -0.00565150998742874  -0.00303929683312351    -0.284321795006256     0.910890833129374   -0.0169926821430042  1.51941473566392e-10 -4.80005237931275e-11  1.23721811214694e-09  2.98936521309991e-09  0.000805435370707231
 1.76397925035964e-05 -0.000433799676444074   -0.0218153077831094   -0.0169926821430042      0.47779641352348 -8.69224629692811e-08  4.63546084500075e-08  1.38196877403372e-08   3.2789230995765e-08     0.498743531814939
 3.37016659460125e-12  1.17037481326706e-11  4.89579076455516e-10  1.51941473566391e-10 -8.69224629692811e-08      0.29351106942324   9.7961573012438e-12  0.000194358860089835    -0.455370507927032 -9.89885895346923e-09
-2.56481593896596e-12 -4.47456929872435e-12 -7.96859525525446e-10 -4.80005237931273e-11  4.63546084500075e-08  9.79614667696249e-12     0.293511063456208     0.455370505221276  0.000194358850041845   8.5881792766981e-09
-2.34892770927226e-12  3.12328852580523e-11  1.64994973013467e-09  1.23721811214694e-09  1.38196877403372e-08  0.000194358860089827     0.455370505221276     0.706488936543783  1.23414891607527e-11 -4.72822333992928e-08
  -6.175397328836e-12  8.16337194217883e-11  4.02854844054037e-09  2.98936521309991e-09   3.2789230995765e-08    -0.455370507927032  0.000194358850041828  1.23414653702574e-11     0.706488930576765 -9.12192518849085e-08
-7.79747283898602e-05 -0.000161682232742071   -0.0285859446716103  0.000805435370707228     0.498743531814939 -9.89885895346924e-09  8.58817927669811e-09 -4.72822333992928e-08 -9.12192518849085e-08     0.520980808358974
selected BF: 
0 1 2 3 4
selected lambdas: 
  -1 -0.9 -0.8 -0.7 -0.6 -0.5 -0.4 -0.3 -0.2 -0.1    0  0.1  0.2  0.3  0.4  0.5  0.6  0.7  0.8  0.9    1
RHF C: 
-2.92720203548565e-06     -0.99536744998634     0.260210028182577   0.00238252065925673  -0.00119611249825125  1.15580904580748e-10  -6.4507261290789e-11   2.6029373503997e-11  1.38161788265542e-10 -0.000639572249173701
 1.25999625157258e-05   -0.0189853336597408     -1.02858994631956  -0.00943609397260147   0.00478555661579942 -4.65390866457316e-10  2.58614101089318e-10 -1.02456847418815e-10 -5.42519225557225e-10   0.00255176329096398
 2.79065459274592e-13 -6.43127491303447e-13 -1.49515934423661e-10  9.97844312422703e-11 -4.75420315559967e-08   0.00953327299054777     0.104713674489571    -0.990360087979904    0.0901727346859311 -2.11072234973925e-10
-3.97372139507839e-14  3.58359624171871e-12  3.54101331589496e-10 -7.35912676878361e-10  1.99068722123396e-07     0.104713671245187  -0.00953327328595682    0.0901727346546886     0.990360088322925  9.48658521144751e-10
 2.94298282907683e-05 -1.46288173143801e-05  -0.00469895907329092   0.00617137737036302    -0.999955636559193  2.04521932727324e-08 -6.50612472808409e-09  6.50704671760604e-08  1.92847801829459e-07   0.00642939753659248
   -0.995047009146598 -2.75980169017514e-06   0.00218649022176261     -0.26308821356173  -0.00210339957704536  1.15211600484642e-10 -2.06104672477574e-10   7.2911019847025e-11  2.08903783517689e-10  -0.00336917050072083
  -0.0201177461865719  1.10913137987054e-05  -0.00852806321286729      1.02890225155583   0.00827400922340143  -4.5846106171991e-10  8.17595637003485e-10  -2.8817247098073e-10 -8.25525867247078e-10    0.0131336389110177
 3.02995802344891e-12  5.31542183015806e-13  1.28143122503783e-10 -3.21824200649947e-10  1.81815911321661e-10     0.090161434912157     0.990334613372551     0.104961893229886  -0.00955683230698726   -3.161537801644e-08
-1.97356627558595e-12 -2.34443950912692e-12 -4.31708200600655e-10  4.87680968114663e-10 -5.00567949120112e-11     0.990334613716402   -0.0901614348808489  -0.00955683260236049    -0.104961889985587 -5.08164327029516e-09
-1.07188224225117e-05 -2.28326306266535e-05    0.0010730123121981   -0.0127876487359925   0.00322717434996034  7.72441339834008e-09  3.08982310956028e-08   2.7545465271308e-09 -2.38648208823617e-09     0.999918497712533
RDM (no constraint): 
     1.99999999882945  2.98173948307113e-09  3.48229769376734e-07  6.28488153556038e-08 -3.45131685204715e-06  1.81285346158901e-12  -2.9872918497878e-12  1.72638525440815e-13  4.78018022316354e-13  7.78855764859539e-06
 2.98173948307113e-09      1.99999997813752 -3.06696211020684e-06 -4.63270207977042e-07  4.86293939697582e-05  7.93698479460888e-13 -8.54567017822754e-13 -4.25783390571532e-12 -1.30943124111261e-11 -1.74788201148687e-05
 3.48229769376734e-07 -3.06696211020684e-06      1.99856783702105 -0.000276117389157668    0.0361869753188003 -3.51168475591896e-10  1.17977045836021e-10 -2.55024911780562e-09 -7.36388479526821e-09  0.000739604886486395
 6.28488153556038e-08 -4.63270207977042e-07 -0.000276117389157668      1.99976560675681   0.00556543790218671 -3.93302383340468e-10  7.87535231762692e-10 -1.17405775035847e-10 -3.25437619907987e-10    0.0130915888168055
-3.45131685204715e-06  4.86293939697582e-05    0.0361869753188003   0.00556543790218671     0.999327843764763  1.66961873234826e-09  1.59253296147221e-09  1.85421418627806e-10 -1.17471527058465e-10    0.0643002737436505
 1.81285346158901e-12  7.93698479460888e-13 -3.51168475591896e-10 -3.93302383340468e-10  1.66961873234826e-09      1.00126690309908 -2.27636220193633e-16  5.22364870879351e-08   0.00578986757857441 -1.29848637217368e-09
 -2.9872918497878e-12 -8.54567017822754e-13  1.17977045836021e-10  7.87535231762692e-10  1.59253296147221e-09 -2.27636220193633e-16        1.001266903137  -0.00578986757021343  5.22364870125972e-08    4.855365344065e-10
 1.72638525440815e-13 -4.25783390571532e-12 -2.55024911780562e-09 -1.17405775035847e-10  1.85421418627806e-10  5.22364870879351e-08  -0.00578986757021343     0.998740746311454  1.18236246592075e-16 -3.99101994698267e-09
 4.78018022316354e-13 -1.30943124111261e-11 -7.36388479526821e-09 -3.25437619907987e-10 -1.17471527058465e-10   0.00578986757857441  5.22364870125972e-08  1.18236246592075e-16      0.99874074634937 -1.24432212066089e-08
 7.78855764859539e-06 -1.74788201148687e-05  0.000739604886486395    0.0130915888168055    0.0643002737436505 -1.29848637217368e-09    4.855365344065e-10 -3.99101994698267e-09 -1.24432212066089e-08      1.00232343659352
RDM Eigenvectors: 
    0.998588094913194   -0.0527378911770814  -0.00595877275588661  -0.00224153793624682  -3.4045937831314e-06  1.19620784098706e-12  2.46906211280183e-12  2.05951268622311e-12  -1.1774497878036e-12  7.42730364882392e-06
  -0.0527360768091839    -0.998535194445228   -0.0044031409754115    0.0112686078908939 -2.27962637141018e-05 -8.56254082636031e-13 -1.59679677275972e-13  1.21862092551023e-12 -4.09710196186078e-12 -4.43067818069154e-05
 0.000939316862318449    0.0120371482391242    -0.306868093956364      0.95097638594418   -0.0274902059282825  5.72985426824124e-11 -9.30019534218123e-12  2.47333858075693e-10 -5.34493794129919e-10   -0.0239666353970682
  0.00631081897894268  -0.00106725199307317     0.951635037751558     0.306798437575229   -0.0141952175308089  1.87986876752012e-10 -1.40340927754961e-10 -3.77371519098362e-10  8.34020823807489e-10   0.00479624449346325
 6.92732765581927e-05  0.000383374864554408  -0.00503777308208426    0.0365567016213419     0.694987813698866 -1.36653107888254e-07 -4.66661594743397e-08  4.68364606763951e-08 -1.37282204976049e-07      0.71807382311563
 -1.1069489163279e-12 -4.54713338810075e-12 -2.80387567725764e-10 -4.45027258409323e-10 -8.58334425861093e-09    -0.778817679147075  -0.00363787260119287  -0.00173501947961723     0.627237417760058 -2.00921490337828e-08
 2.32107924045806e-12  2.37447182810965e-12  7.08366708556196e-10   4.3043589769423e-10  2.68436232174469e-08  -0.00363787261078286     0.778817681201866     0.627237415208664   0.00173501947256971 -1.66560152214774e-08
 -3.1220488570781e-12 -2.63859834543254e-11  6.17439459552071e-10 -2.48247886986358e-09 -4.30773771271836e-08   0.00292415854392303    -0.627232998675153     0.778823217282415   0.00214729868661756 -4.87712704656758e-08
-9.00926440575154e-12 -7.56756656967845e-11  1.79830628924862e-09 -7.18977888771745e-09 -1.35303149933811e-07    -0.627233001226516  -0.00292415855584359   0.00214729868091523    -0.778823215227599 -1.37260224717187e-07
 9.66916434124702e-05  3.67095755643681e-05    0.0119354117795252   0.00708756858128131     0.718355568403324  5.07916440484881e-09 -2.21652760548199e-08 -2.16624566690243e-08  -6.3212548572231e-09    -0.695537618655043
Total C: 
     0.05093478357428     0.992790746443793   -0.0895176130144002     0.249432134562633  -0.00289592474313707 -4.95435462648971e-11  1.27437342824483e-10   3.2509929537124e-10  5.95903030042617e-10   0.00267167280002669
  0.00716411640463448    0.0233793321082528     0.306246703188729    -0.981772562769557   0.00998783059713952  2.21746214780314e-10 -5.08865871081349e-10 -1.18630107118754e-09 -2.06473736970487e-09    -0.010681335369903
-7.35741561156527e-13  1.90216863916611e-12  1.15919179382822e-09  9.98224824270994e-10 -9.81417068047506e-08    0.0504723907486775    -0.539516269936375    -0.836773797444563   -0.0786410008810515  -1.5395310509117e-08
-2.23847407491867e-12 -2.20440350763459e-11 -6.80458114625412e-09 -1.89710449739182e-09 -6.59715450279756e-09     0.539516275420677    0.0504723902537751    0.0786410011986214    -0.836773793908519  1.34870792094792e-07
  4.7778617785884e-05  0.000125798772706642    0.0346455416586333    0.0116473009234112    -0.690090925657692  1.13395951657786e-07  9.05754622584243e-09  9.79768288441344e-08 -2.85020582645088e-08    -0.722807929173098
   -0.993065276116369     0.049503563144944     -0.25165776969038   -0.0849001719162361     -0.01357873380511  2.45244637922551e-10 -2.29191391051329e-10  1.09934119979846e-09  2.41728821160275e-09  -0.00110237589912863
  -0.0223453640318312    0.0126809317105863     0.980517748394606     0.307368568928292    0.0528361035698358 -9.53595323429433e-10  8.96379997972259e-10 -4.29676965417439e-09 -9.40747004128106e-09   0.00399742518063256
 5.50048951112632e-12 -3.55293703674246e-12  4.34379585391367e-10 -3.00602659741752e-10 -7.48961521889233e-08   -0.0799985443904285     0.836781556700913    -0.539180664903339   -0.0517796554480808 -1.58687461942013e-09
 6.60520981582604e-13  9.65254584616886e-12  8.30707445752016e-10   -1.699917550219e-10 -1.20826805486963e-07    -0.836781553167033    -0.079998544716574    0.0517796549443003    -0.539180670387727   1.1395859803535e-08
 2.01863306399932e-05 -0.000169835908246667   -0.0365437078797513   0.00184788533004399      0.71978525595457 -2.77428049159042e-08  9.18682939224864e-09 -6.60915279141048e-08 -1.40662608591898e-07    -0.693240500451818
Basis set used: STO-3G
Naturals: 
 1.99999999991146  1.99999999674343  1.99998937885844  1.99987530453917  1.06424505195516  1.00592986333034  1.00592986333025 0.994077786118197 0.994077786118108 0.935874969095453
Version: Tmhuysen's fci hack
