The Davidson algorithm did not converge.lambda: -1
The Davidson algorithm did not converge.lambda: -0.9
The Davidson algorithm did not converge.lambda: -0.8
The Davidson algorithm did not converge.lambda: -0.7
The Davidson algorithm did not converge.lambda: -0.6
The Davidson algorithm did not converge.lambda: -0.5
The Davidson algorithm did not converge.lambda: -0.4
The Davidson algorithm did not converge.lambda: -0.3
The Davidson algorithm did not converge.lambda: -0.2
The Davidson algorithm did not converge.lambda: -0.1
TOTAL ENERGY: -127.164155854533	 lambda: 0	 population of target: 6.99311770206802
1RDM: 
     1.99999993710701 -7.84504509960299e-08 -1.24939170430426e-05 -5.27949905154803e-06 -0.000154014028212957  7.87366448419887e-13 -1.68815204164415e-12  1.86595617699064e-13  1.25043379739074e-12  0.000186941767230856
-7.84504509960299e-08      1.99999978552517 -2.90322083068832e-05 -6.60801693266739e-06 -0.000421115136159495  7.66374615355561e-13 -1.24409786925071e-12 -2.87309818102387e-12  2.10458026676543e-12  6.22360526791523e-05
-1.24939170430426e-05 -2.90322083068832e-05      1.99570596753852  -0.00118276668682946   -0.0608042066803492  4.14477545499624e-11 -3.98278114854691e-11 -6.04451999562926e-10  2.55498192162026e-10   0.00998991084581799
-5.27949905154803e-06 -6.60801693266739e-06  -0.00118276668682946      1.99943737804726   -0.0142792331920547  1.23780805811503e-10 -2.58639341494776e-10  8.06835439286129e-11  1.76104933750054e-10     0.011435824098879
-0.000154014028212957 -0.000421115136159495   -0.0608042066803492   -0.0142792331920547      1.10493605508251 -2.66917930697213e-10  3.62383659490868e-10  4.96626465819653e-10 -4.65913754380129e-10 -0.000796748500962273
 7.87366448419887e-13  7.66374615355561e-13  4.14477545499624e-11  1.23780805811503e-10 -2.66917930697213e-10     0.989846193788875  0.000310357682777235  9.24371468840148e-06  0.000662466472407554 -2.23491410671723e-10
-1.68815204164415e-12 -1.24409786925071e-12 -3.98278114854691e-11 -2.58639341494776e-10  3.62383659490868e-10  0.000310357682777235      1.01018690766156 -1.41071067286448e-07  -1.0105582451008e-05  4.38211910863634e-10
 1.86595617699064e-13 -2.87309818102387e-12 -6.04451999562926e-10  8.06835439286129e-11  4.96626465819653e-10  9.24371468840148e-06 -1.41071067286448e-07     0.989823843978896  0.000283902283351346 -4.00224317323852e-10
 1.25043379739074e-12  2.10458026676543e-12  2.55498192162026e-10  1.76104933750054e-10 -4.65913754380129e-10  0.000662466472407554  -1.0105582451008e-05  0.000283902283351346      1.01016610359143 -2.50714165639452e-10
 0.000186941767230856  6.22360526791523e-05   0.00998991084581799     0.011435824098879 -0.000796748500962273 -2.23491410671723e-10  4.38211910863634e-10 -4.00224317323852e-10 -2.50714165639452e-10     0.899897827678854
TOTAL ENERGY: -127.163982587914	 lambda: 0.1	 population of target: 6.99840713742141
1RDM: 
     1.99999993949774 -8.04304808662235e-08 -1.19087190156975e-05 -4.62182452139906e-06 -0.000150336874087054  7.89458271259775e-13 -1.69230579582418e-12  2.20245927054989e-13  1.24246269603557e-12   0.00019119784596652
-8.04304808662235e-08       1.9999997936598 -2.97950379555488e-05 -6.87167564591133e-06 -0.000430563885666896  8.15432882165914e-13 -1.31667884506649e-12  -2.8628987009422e-12  2.17296163474077e-12  7.20366902162357e-05
-1.19087190156975e-05 -2.97950379555488e-05      1.99560330599028  -0.00104678517438288   -0.0633134076638505   4.8168500476086e-11 -4.88050278694976e-11 -6.12613962596994e-10  2.67587135397029e-10    0.0100649110490548
-4.62182452139906e-06 -6.87167564591133e-06  -0.00104678517438288      1.99959643394964   -0.0131530427623305  1.24650242591037e-10 -2.61122165256484e-10   9.1615142099174e-11  1.74496278314705e-10    0.0129736733313339
-0.000150336874087054 -0.000430563885666896   -0.0633134076638505   -0.0131530427623305      1.05713505996959 -1.46307494360688e-10  2.02030599540037e-10  2.70188952797132e-10  -2.5704421684635e-10  -0.00276673685762688
 7.89458271259775e-13  8.15432882165914e-13   4.8168500476086e-11  1.24650242591037e-10 -1.46307494360688e-10     0.994606323583705  0.000164936110940385  4.88665718518489e-06  0.000371945767794188 -1.10416330671097e-10
-1.69230579582418e-12 -1.31667884506649e-12 -4.88050278694976e-11 -2.61122165256484e-10  2.02030599540037e-10  0.000164936110940385      1.00541617347578 -1.99603537913453e-05 -5.39630435069555e-06  2.21432394218629e-10
 2.20245927054989e-13  -2.8628987009422e-12 -6.12613962596994e-10   9.1615142099174e-11  2.70188952797132e-10  4.88665718518489e-06 -1.99603537913453e-05     0.994593145976619  0.000150876675404717 -2.21324857958861e-10
 1.24246269603557e-12  2.17296163474077e-12  2.67587135397029e-10  1.74496278314705e-10  -2.5704421684635e-10  0.000371945767794188 -5.39630435069555e-06  0.000150876675404717      1.00540381733708 -1.18810400784831e-10
  0.00019119784596652  7.20366902162357e-05    0.0100649110490548    0.0129736733313339  -0.00276673685762688 -1.10416330671097e-10  2.21432394218629e-10 -2.21324857958861e-10 -1.18810400784831e-10     0.947646006559817
TOTAL ENERGY: -127.163852682712	 lambda: 0.2	 population of target: 6.99933590945384
1RDM: 
     1.99999993932361 -7.95467658169659e-08 -1.16760735699042e-05 -4.57319267838543e-06 -0.000147966090256813  7.88896056966412e-13 -1.69201945512611e-12  2.39259755311472e-13  1.23547911270455e-12  0.000193249093332164
-7.95467658169659e-08       1.9999997970476 -2.97849569702663e-05 -6.73853507690271e-06   -0.0004306701595701  8.27095945536888e-13 -1.33431802599226e-12 -2.84136830176653e-12  2.18312133875651e-12  7.64505071058448e-05
-1.16760735699042e-05 -2.97849569702663e-05      1.99558205178536  -0.00100014532649323   -0.0640016267020078  5.01527654696298e-11 -5.11714680642367e-11 -6.14817813498032e-10  2.70988276698623e-10    0.0101089860329824
-4.57319267838543e-06 -6.73853507690271e-06  -0.00100014532649323      1.99961893891673   -0.0126287309902822  1.24781386855772e-10 -2.61693278278732e-10  9.62518703986995e-11  1.73390794874341e-10    0.0135678134567415
-0.000147966090256813   -0.0004306701595701   -0.0640016267020078   -0.0126287309902822      1.04225300768834 -1.08140441996609e-10  1.46579977894004e-10  2.05356905011539e-10 -1.91652427569448e-10  -0.00268547685295699
 7.88896056966412e-13  8.27095945536888e-13  5.01527654696298e-11  1.24781386855772e-10 -1.08140441996609e-10     0.996112264919655  0.000118926877387884  3.51724677275383e-06  0.000272992088189268 -7.79460878064102e-11
-1.69201945512611e-12 -1.33431802599226e-12 -5.11714680642367e-11 -2.61693278278732e-10  1.46579977894004e-10  0.000118926877387884      1.00390668141398  -1.9193707064454e-05 -3.89726792618019e-06  1.53889244991316e-10
 2.39259755311472e-13 -2.84136830176653e-12 -6.14817813498032e-10  9.62518703986995e-11  2.05356905011539e-10  3.51724677275383e-06  -1.9193707064454e-05     0.996102454822726   0.00010878935666691  -1.6011741282589e-10
 1.23547911270455e-12  2.18312133875651e-12  2.70988276698623e-10  1.73390794874341e-10 -1.91652427569448e-10  0.000272992088189268 -3.89726792618019e-06   0.00010878935666691      1.00389746363695 -8.20040075706075e-11
 0.000193249093332164  7.64505071058448e-05    0.0101089860329824    0.0135678134567415  -0.00268547685295699 -7.79460878064102e-11  1.53889244991316e-10  -1.6011741282589e-10 -8.20040075706075e-11     0.962527400445031
TOTAL ENERGY: -127.163773605762	 lambda: 0.3	 population of target: 6.99966127222451
1RDM: 
     1.99999993906038 -7.85567667555278e-08 -1.15163768099039e-05 -4.57887426633736e-06 -0.000146150696261417  7.88285814462656e-13 -1.69102501253195e-12  2.53087256468114e-13  1.22994869194454e-12  0.000194728034674237
-7.85567667555278e-08      1.99999979979617 -2.96358308972986e-05 -6.61262092103998e-06 -0.000428925224339692  8.29978742133321e-13 -1.33772820679299e-12 -2.82162214131718e-12  2.18058499743541e-12  7.91494638291204e-05
-1.15163768099039e-05 -2.96358308972986e-05         1.99558117541 -0.000973525417475233   -0.0642522462905689  5.08460585652287e-11 -5.20327638812772e-11 -6.15546503774378e-10   2.7216818371603e-10    0.0101147484481323
-4.57887426633736e-06 -6.61262092103998e-06 -0.000973525417475233      1.99962446087997    -0.012294561805084  1.24859637386075e-10 -2.61952947714102e-10  9.91567869826468e-11  1.72644050665308e-10    0.0139358192198411
-0.000146150696261417 -0.000428925224339692   -0.0642522462905689    -0.012294561805084      1.03537354816491  -8.9790604393918e-11  1.22388026700738e-10  1.73717983855933e-10 -1.60798800680824e-10   -0.0025455660567244
 7.88285814462656e-13  8.29978742133321e-13  5.08460585652287e-11  1.24859637386075e-10  -8.9790604393918e-11     0.996812275212771   9.7539831034811e-05  2.88204282870378e-06   0.00022595684671864 -6.27825928925008e-11
-1.69102501253195e-12 -1.33772820679299e-12 -5.20327638812772e-11 -2.61952947714102e-10  1.22388026700738e-10   9.7539831034811e-05      1.00320499854799 -1.77997544236855e-05 -3.19909385973386e-06  1.24957266497265e-10
 2.53087256468114e-13 -2.82162214131718e-12 -6.15546503774378e-10  9.91567869826468e-11  1.73717983855933e-10  2.88204282870378e-06 -1.77997544236855e-05     0.996804096087429  8.92253715208124e-05 -1.33102427793312e-10
 1.22994869194454e-12  2.18058499743541e-12   2.7216818371603e-10  1.72644050665308e-10 -1.60798800680824e-10   0.00022595684671864 -3.19909385973386e-06  8.92253715208124e-05      1.00319730522317 -6.50947918753419e-11
 0.000194728034674237  7.91494638291204e-05    0.0101147484481323    0.0139358192198411   -0.0025455660567244 -6.27825928925008e-11  1.24957266497265e-10 -1.33102427793312e-10 -6.50947918753419e-11     0.969402401617209
TOTAL ENERGY: -127.163719120617	 lambda: 0.4	 population of target: 6.99981916299466
1RDM: 
     1.99999993883512 -7.75992613947246e-08 -1.13838154943038e-05 -4.59134329909365e-06 -0.000144640452462239  7.87684118995319e-13 -1.69014387525521e-12  2.64650047659035e-13  1.22525900519343e-12  0.000195926856229159
-7.75992613947246e-08      1.99999980233304 -2.94393891587151e-05  -6.5074460530506e-06  -0.00042655514461354  8.28893187124768e-13 -1.33554389188347e-12 -2.80336295421223e-12  2.17287988515957e-12  8.09212597633149e-05
-1.13838154943038e-05 -2.94393891587151e-05      1.99558919338864 -0.000954984926846084   -0.0643225577058868  5.10087993385078e-11 -5.20891482922624e-11 -6.15834475927307e-10  2.72435089925434e-10    0.0100937136716155
-4.59134329909365e-06  -6.5074460530506e-06 -0.000954984926846084      1.99962569266978    -0.012051203813927  1.24935680029029e-10 -2.62146373123557e-10  1.01316065899398e-10  1.72097797934928e-10    0.0142082099519983
-0.000144640452462239  -0.00042655514461354   -0.0643225577058868    -0.012051203813927      1.03174629595717 -8.00955919598985e-11   1.0846865139507e-10  1.58282760102544e-10 -1.44509748992977e-10  -0.00245634124526238
 7.87684118995319e-13  8.28893187124768e-13  5.10087993385078e-11  1.24935680029029e-10 -8.00955919598985e-11     0.997182339434659  8.62335299060613e-05  2.54643401977434e-06  0.000200951691892614 -5.48454189395549e-11
-1.69014387525521e-12 -1.33554389188347e-12 -5.20891482922624e-11 -2.62146373123557e-10   1.0846865139507e-10  8.62335299060613e-05       1.0028340513994 -1.69230501066311e-05 -2.82981069877815e-06   1.0866348422094e-10
 2.64650047659035e-13 -2.80336295421223e-12 -6.15834475927307e-10  1.01316065899398e-10  1.58282760102544e-10  2.54643401977434e-06 -1.69230501066311e-05     0.997175032238944  7.88828390709386e-05 -1.17789527024145e-10
 1.22525900519343e-12  2.17287988515957e-12  2.72435089925434e-10  1.72097797934928e-10 -1.44509748992977e-10  0.000200951691892614 -2.82981069877815e-06  7.88828390709386e-05      1.00282717369232 -5.62745726861441e-11
 0.000195926856229159  8.09212597633149e-05    0.0100937136716155    0.0142082099519983  -0.00245634124526238 -5.48454189395549e-11   1.0866348422094e-10 -1.17789527024145e-10 -5.62745726861441e-11     0.973020480050917
TOTAL ENERGY: -127.163675973144	 lambda: 0.5	 population of target: 6.99991572505476
1RDM: 
      1.9999999386358 -7.66487363084644e-08 -1.12622531851431e-05 -4.60264336472527e-06 -0.000143316306798956  7.87103565373415e-13 -1.68906048213707e-12  2.74520855874149e-13  1.22109542358297e-12  0.000196961347227733
-7.66487363084644e-08      1.99999980479437 -2.92170685441254e-05 -6.41766041425051e-06 -0.000423865035366724   8.2536140812107e-13 -1.32926119866043e-12 -2.78722596148026e-12  2.16215079081649e-12  8.20520829246761e-05
-1.12622531851431e-05 -2.92170685441254e-05      1.99560276736409 -0.000940624430443888   -0.0642910203120425  5.08535863968101e-11 -5.17859888505472e-11 -6.15782134018587e-10  2.72167549867913e-10    0.0100507930402746
-4.60264336472527e-06 -6.41766041425051e-06 -0.000940624430443888      1.99962543974013   -0.0118606776603516  1.25021050855992e-10 -2.62326410386381e-10  1.03062373031452e-10  1.71679961042077e-10    0.0144296491768647
-0.000143316306798956 -0.000423865035366724   -0.0642910203120425   -0.0118606776603516       1.0298646639609 -7.51361493382525e-11  1.02111475431394e-10  1.49392017845163e-10 -1.36121794759914e-10  -0.00242145216152901
 7.87103565373415e-13   8.2536140812107e-13  5.08535863968101e-11  1.25021050855992e-10 -7.51361493382525e-11     0.997374670422085   8.0357577342012e-05  2.37182374924285e-06  0.000188099484520254 -5.07490121190679e-11
-1.68906048213707e-12 -1.32926119866043e-12 -5.17859888505472e-11 -2.62326410386381e-10  1.02111475431394e-10   8.0357577342012e-05      1.00264127492673  -1.6610566429794e-05 -2.63808312466574e-06  1.00917411731806e-10
 2.74520855874149e-13 -2.78722596148026e-12 -6.15782134018587e-10  1.03062373031452e-10  1.49392017845163e-10  2.37182374924285e-06  -1.6610566429794e-05     0.997367805850065  7.35077625058735e-05 -1.10661124194023e-10
 1.22109542358297e-12  2.16215079081649e-12  2.72167549867913e-10  1.71679961042077e-10 -1.36121794759914e-10  0.000188099484520254 -2.63808312466574e-06  7.35077625058735e-05      1.00263481057853 -5.16859897086878e-11
 0.000196961347227733  8.20520829246761e-05    0.0100507930402746    0.0144296491768647  -0.00242145216152901 -5.07490121190679e-11  1.00917411731806e-10 -1.10661124194023e-10 -5.16859897086878e-11     0.974888823727276
TOTAL ENERGY: -127.163635721161	 lambda: 0.6	 population of target: 6.99998908940986
1RDM: 
      1.9999999384321 -7.56569108110903e-08 -1.11424880921919e-05 -4.61100961823653e-06 -0.000142103291169043  7.86552492814323e-13 -1.68807929810987e-12  2.83607002107988e-13  1.21726090677358e-12   0.00019790205714707
-7.56569108110903e-08      1.99999980726624 -2.89722585174325e-05 -6.33781776135272e-06 -0.000420906168368411  8.19867939473521e-13 -1.32010326822052e-12 -2.77223813806191e-12  2.14895129764618e-12  8.26674630465833e-05
-1.11424880921919e-05 -2.89722585174325e-05      1.99562098032128 -0.000928680501442252   -0.0641844017063964  5.04502515869593e-11 -5.11022342599828e-11 -6.15588979646784e-10  2.71490809247943e-10   0.00998730600124592
-4.61100961823653e-06 -6.33781776135272e-06 -0.000928680501442252      1.99962457448147   -0.0117039010361557  1.25120060513393e-10 -2.62486204064713e-10  1.04535312557566e-10  1.71350361264563e-10    0.0146213831171417
-0.000142103291169043 -0.000420906168368411   -0.0641844017063964   -0.0117039010361557      1.02915499755589 -7.33421065351077e-11  9.97363906517833e-11  1.45989215560529e-10 -1.33025019709622e-10  -0.00243999857997214
 7.86552492814323e-13  8.19867939473521e-13  5.04502515869593e-11  1.25120060513393e-10 -7.33421065351077e-11     0.997447614888981  7.81294180509008e-05  2.30513950588873e-06  0.000183589861036652 -4.91425002552925e-11
-1.68807929810987e-12 -1.32010326822052e-12 -5.11022342599828e-11 -2.62486204064713e-10  9.97363906517833e-11  7.81294180509008e-05      1.00256818663053 -1.68560530513318e-05 -2.56585081789718e-06  9.77862026187275e-11
 2.83607002107988e-13 -2.77223813806191e-12 -6.15588979646784e-10  1.04535312557566e-10  1.45989215560529e-10  2.30513950588873e-06 -1.68560530513318e-05     0.997440893299519   7.1469535361462e-05 -1.08026682552327e-10
 1.21726090677358e-12  2.14895129764618e-12  2.71490809247943e-10  1.71350361264563e-10 -1.33025019709622e-10  0.000183589861036652 -2.56585081789718e-06   7.1469535361462e-05       1.0025618541668 -4.98095398275058e-11
  0.00019790205714707  8.26674630465833e-05   0.00998730600124592    0.0146213831171417  -0.00243999857997214 -4.91425002552925e-11  9.77862026187275e-11 -1.08026682552327e-10 -4.98095398275058e-11      0.97558115295724
TOTAL ENERGY: -127.16359016205	 lambda: 0.7	 population of target: 7.00005911799851
1RDM: 
     1.99999993817849 -7.45587530451366e-08 -1.10164382285334e-05 -4.61581737378638e-06 -0.000140941036802828   7.8603316800351e-13 -1.68712927467302e-12  2.92336927381537e-13  1.21359323890191e-12  0.000198808993350456
-7.45587530451366e-08       1.9999998098256 -2.87010084165885e-05 -6.26337862422503e-06 -0.000417616917510584  8.12386694595189e-13 -1.30788059085002e-12 -2.75803477542913e-12  2.13307738150858e-12  8.28165214520871e-05
-1.10164382285334e-05 -2.87010084165885e-05      1.99564403704865 -0.000918135227116349   -0.0640069088600835  4.98109085577893e-11 -5.00768723470437e-11 -6.15238894549403e-10  2.70423735738923e-10   0.00990213153559384
-4.61581737378638e-06 -6.26337862422503e-06 -0.000918135227116349      1.99962343665859   -0.0115689496308988  1.25235328667645e-10 -2.62650530671303e-10  1.05855659263882e-10  1.71081363452432e-10    0.0147963529111921
-0.000140941036802828 -0.000417616917510584   -0.0640069088600835   -0.0115689496308988      1.02943253799527 -7.42669906944502e-11  1.01048436167397e-10  1.46865573138529e-10 -1.34435953389444e-10  -0.00251886215094415
  7.8603316800351e-13  8.12386694595189e-13  4.98109085577893e-11  1.25235328667645e-10 -7.42669906944502e-11     0.997420332643295  7.89637618247022e-05  2.32887247374836e-06  0.000186244271491217 -4.96142381564371e-11
-1.68712927467302e-12 -1.30788059085002e-12 -5.00768723470437e-11 -2.62650530671303e-10  1.01048436167397e-10  7.89637618247022e-05      1.00259558520683 -1.77299679131077e-05 -2.59413525631713e-06  9.87330313904491e-11
 2.92336927381537e-13 -2.75803477542913e-12 -6.15238894549403e-10  1.05855659263882e-10  1.46865573138529e-10  2.32887247374836e-06 -1.77299679131077e-05     0.997413494172803  7.22327590455466e-05   -1.094938321554e-10
 1.21359323890191e-12  2.13307738150858e-12  2.70423735738923e-10  1.71081363452432e-10 -1.34435953389444e-10  0.000186244271491217 -2.59413525631713e-06  7.22327590455466e-05      1.00258914001656 -5.01565655146755e-11
 0.000198808993350456  8.28165214520871e-05   0.00990213153559384    0.0147963529111921  -0.00251886215094415 -4.96142381564371e-11  9.87330313904491e-11   -1.094938321554e-10 -5.01565655146755e-11      0.97528168825394
TOTAL ENERGY: -127.16352681798	 lambda: 0.8	 population of target: 7.00014330345083
1RDM: 
     1.99999993779243 -7.32511947799015e-08 -1.08736164317775e-05 -4.61645052789607e-06  -0.00013976622763424  7.85566638616331e-13 -1.68623168968693e-12  3.01268393566603e-13  1.20993751088769e-12  0.000199751553733238
-7.32511947799015e-08      1.99999981255463 -2.83940581533808e-05  -6.1899714598878e-06 -0.000413839423459315  8.02522537450437e-13  -1.2919488328451e-12 -2.74401019378252e-12   2.1137367929101e-12  8.24936687071492e-05
-1.08736164317775e-05 -2.83940581533808e-05       1.9956730353028 -0.000908221233646384    -0.063746248930291  4.88964621573079e-11 -4.86514132694732e-11  -6.1469645429077e-10  2.68898040006481e-10   0.00979162019347075
-4.61645052789607e-06  -6.1899714598878e-06 -0.000908221233646384      1.99962219721944   -0.0114462688940797  1.25369721101739e-10 -2.62819402287023e-10  1.07105793502895e-10  1.70848493040216e-10    0.0149647252928184
 -0.00013976622763424 -0.000413839423459315    -0.063746248930291   -0.0114462688940797      1.03076575069095 -7.81401499800995e-11  1.06403829611966e-10  1.52209352652457e-10 -1.40710192261886e-10  -0.00267912271437388
 7.85566638616331e-13  8.02522537450437e-13  4.88964621573079e-11  1.25369721101739e-10 -7.81401499800995e-11     0.997286715182843  8.30473975922515e-05  2.44831503079479e-06  0.000196673288943535 -5.22731059782425e-11
-1.68623168968693e-12  -1.2919488328451e-12 -4.86514132694732e-11 -2.62819402287023e-10  1.06403829611966e-10  8.30473975922515e-05      1.00272960634158 -1.94441802375414e-05 -2.72928973459246e-06  1.04001497050889e-10
 3.01268393566603e-13 -2.74401019378252e-12  -6.1469645429077e-10  1.07105793502895e-10  1.52209352652457e-10  2.44831503079479e-06 -1.94441802375414e-05     0.997279472976912  7.59682971476642e-05 -1.15451075917626e-10
 1.20993751088769e-12   2.1137367929101e-12  2.68898040006481e-10  1.70848493040216e-10 -1.40710192261886e-10  0.000196673288943535 -2.72928973459246e-06  7.59682971476642e-05      1.00272277775856 -5.27983468285597e-11
 0.000199751553733238  8.24936687071492e-05   0.00979162019347075    0.0149647252928184  -0.00267912271437388 -5.22731059782425e-11  1.04001497050889e-10 -1.15451075917626e-10 -5.27983468285597e-11      0.97392069417986
TOTAL ENERGY: -127.163419367107	 lambda: 0.9	 population of target: 7.00026910038104
1RDM: 
     1.99999993709057 -7.15329189995382e-08 -1.06953575538794e-05 -4.61196697523207e-06 -0.000138490139621037  7.85204548930529e-13 -1.68544802264649e-12  3.11228121217446e-13  1.20609662590085e-12  0.000200836470840054
-7.15329189995382e-08      1.99999981554736 -2.80354918644402e-05 -6.11196176235827e-06 -0.000409265281052411  7.89356928796369e-13 -1.27084398999476e-12 -2.72923926161388e-12  2.08925986086583e-12  8.16292356551501e-05
-1.06953575538794e-05 -2.80354918644402e-05      1.99571028635544  -0.00089810854616434   -0.0633681213863442  4.76015595075954e-11 -4.66706272562863e-11 -6.13866973712133e-10  2.66730276364047e-10   0.00964809588586068
-4.61196697523207e-06 -6.11196176235827e-06  -0.00089810854616434      1.99962099392276    -0.011325156043827  1.25526895627867e-10 -2.62989293511851e-10  1.08379663621221e-10  1.70620666767895e-10    0.0151373796522887
-0.000138490139621037 -0.000409265281052411   -0.0633681213863442    -0.011325156043827      1.03352312218223  -8.6039800429715e-11  1.17306244405995e-10  1.63483905560379e-10  -1.5360213992292e-10   -0.0029709371561562
 7.85204548930529e-13  7.89356928796369e-13  4.76015595075954e-11  1.25526895627867e-10  -8.6039800429715e-11     0.997011389507121  9.14614833723153e-05  2.69490647398462e-06  0.000217681789636059 -5.78359542833181e-11
-1.68544802264649e-12 -1.27084398999476e-12 -4.66706272562863e-11 -2.62989293511851e-10  1.17306244405995e-10  9.14614833723153e-05      1.00300573898718 -2.24963178403473e-05 -3.00727631013018e-06  1.15003700418142e-10
 3.11228121217446e-13 -2.72923926161388e-12 -6.13866973712133e-10  1.08379663621221e-10  1.63483905560379e-10  2.69490647398462e-06 -2.24963178403473e-05     0.997003343263936  8.36651531183036e-05 -1.27565299342497e-10
 1.20609662590085e-12  2.08925986086583e-12  2.66730276364047e-10  1.70620666767895e-10  -1.5360213992292e-10  0.000217681789636059 -3.00727631013018e-06  8.36651531183036e-05      1.00299814827232 -5.84247688067804e-11
 0.000200836470840054  8.16292356551501e-05   0.00964809588586068    0.0151373796522887   -0.0029709371561562 -5.78359542833181e-11  1.15003700418142e-10 -1.27565299342497e-10 -5.84247688067804e-11     0.971127224871102
TOTAL ENERGY: -127.163196620531	 lambda: 1	 population of target: 7.00050210512107
1RDM: 
     1.99999993557362 -6.89110246600595e-08 -1.04381268643618e-05 -4.60135608803762e-06  -0.00013694740531751   7.8507054672803e-13 -1.68497321508002e-12  3.23765410065737e-13  1.20172733162044e-12  0.000202274656744893
-6.89110246600595e-08      1.99999981889278 -2.75983500155261e-05  -6.0187942573889e-06 -0.000403248751487183   7.7083937470959e-13 -1.24137155744722e-12 -2.71200928928308e-12  2.05604313057682e-12  8.00324048754828e-05
-1.04381268643618e-05 -2.75983500155261e-05      1.99576045433924 -0.000886406875750534   -0.0627920299065294  4.56808804835957e-11 -4.37731750677103e-11 -6.12522694683972e-10  2.63493834613409e-10   0.00945483852716286
-4.60135608803762e-06  -6.0187942573889e-06 -0.000886406875750534       1.9996200325247   -0.0111878865362567  1.25711301974522e-10 -2.63136533032439e-10  1.09836175575344e-10  1.70340254499298e-10       0.0153308966093
 -0.00013694740531751 -0.000403248751487183   -0.0627920299065294   -0.0111878865362567      1.03867337563074 -1.00790689809022e-10  1.37964521689945e-10  1.84811006934699e-10  -1.7770611855692e-10  -0.00352017734819464
  7.8507054672803e-13   7.7083937470959e-13  4.56808804835957e-11  1.25711301974522e-10 -1.00790689809022e-10       0.9965019257389  0.000107031188735143  3.15135541951374e-06  0.000256524156596521 -6.81934043297837e-11
-1.68497321508002e-12 -1.24137155744722e-12 -4.37731750677103e-11 -2.63136533032439e-10  1.37964521689945e-10  0.000107031188735143      1.00351670661414   -2.811194711034e-05  -3.5215200399576e-06  1.35204220066149e-10
 3.23765410065737e-13 -2.71200928928308e-12 -6.12522694683972e-10  1.09836175575344e-10  1.84811006934699e-10  3.15135541951374e-06   -2.811194711034e-05      0.99649239071437  9.79076708460489e-05 -1.50481979403832e-10
 1.20172733162044e-12  2.05604313057682e-12  2.63493834613409e-10  1.70340254499298e-10  -1.7770611855692e-10  0.000256524156596521  -3.5215200399576e-06  9.79076708460489e-05       1.0035077046623   -6.888301380789e-11
 0.000202274656744893  8.00324048754828e-05   0.00945483852716286       0.0153308966093  -0.00352017734819464 -6.81934043297837e-11  1.35204220066149e-10 -1.50481979403832e-10   -6.888301380789e-11     0.965927655309222
-------------------general-----------------------
mullikenoperator: 
  0.00251726565284924    0.0497409195241731  0.000948327625652957   0.00598887959422966  3.16659597412454e-05 -4.10742447644185e-14 -1.04206594578927e-13  -2.7034157605888e-13  8.24242391707305e-14 -7.25558600806007e-05
   0.0497409195241731      0.99738046252749   -0.0114483532726995   0.00265617913589448   0.00058809870520975 -4.70199672307727e-13 -3.62537375382457e-13  5.83317332327569e-12 -2.28805005222837e-12 -0.000226750278772549
 0.000948327625652957   -0.0114483532726995    0.0651877955301849     0.242107552706483    0.0307338350124374  -5.2714306367111e-11 -7.82659575486089e-11  2.87491297113863e-10 -1.22151463144133e-10   -0.0353411509993108
  0.00598887959422966   0.00265617913589447     0.242107552706483     0.937212976128246   -0.0129851512149184 -4.63327898069194e-12   -3.564896521203e-11 -1.70448665719585e-10  6.54812821716775e-11   0.00446523927059036
 3.16659597412452e-05   0.00058809870520975    0.0307338350124374   -0.0129851512149184     0.465142953544862   1.3864973720124e-09  3.94277261106849e-09 -3.96880162127073e-10  4.59040232322524e-11    -0.497674723946851
-4.10742447644186e-14 -4.70199672307728e-13  -5.2714306367111e-11 -4.63327898069194e-12   1.3864973720124e-09     0.535811555870717 -0.000596662224778346 -0.000668038383275867     0.498715134474812  4.13740885727512e-11
-1.04206594578927e-13 -3.62537375382456e-13 -7.82659575486088e-11   -3.564896521203e-11  3.94277261106849e-09 -0.000596662224778343     0.496706559406994    -0.499988454320823 -0.000630839382897845  9.07848841539627e-11
-2.70341576058881e-13  5.83317332327569e-12  2.87491297113863e-10 -1.70448665719585e-10 -3.96880162127074e-10 -0.000668038383275908    -0.499988454320823     0.503294926440329 -0.000545801748299695 -3.91570175596458e-09
 8.24242391707307e-14 -2.28805005222837e-12 -1.22151463144133e-10  6.54812821716775e-11  4.59040232322518e-11     0.498715134474812 -0.000630839382897882 -0.000545801748299631      0.46418695828196  1.36914837155475e-09
-7.25558600806006e-05  -0.00022675027877255   -0.0353411509993108   0.00446523927059036    -0.497674723946851  4.13740885727509e-11  9.07848841539646e-11 -3.91570175596458e-09  1.36914837155475e-09     0.532558546616373
selected BF: 
0 1 2 3 4
selected lambdas: 
  -1 -0.9 -0.8 -0.7 -0.6 -0.5 -0.4 -0.3 -0.2 -0.1    0  0.1  0.2  0.3  0.4  0.5  0.6  0.7  0.8  0.9    1
RHF C: 
 4.66230963817742e-06      0.99538762160194    -0.260133950053131   0.00232347004365168 -0.000945356401366653  1.70434406766848e-12  5.12879757375054e-12 -8.72982471857135e-12  2.91129207279234e-12   0.00102252601804684
-2.77694394857873e-05    0.0189055897743015      1.02859625203021  -0.00919971186401924   0.00378385786095347 -6.80744383873121e-12 -2.04844761840926e-11  3.42284632840933e-11 -1.14147617228564e-11  -0.00408386902062378
-5.14368258393316e-15  1.34969778504035e-13  5.93634224582602e-12   4.9939272046694e-11 -7.47047299613138e-09    -0.018590806598346   -0.0068439709192751     0.346623163390193    -0.937795364272114  5.33455590117318e-11
 6.25123424736285e-15 -1.68084333339055e-13 -7.33401845915312e-12 -6.21435254865218e-11  9.29760698770261e-09  -0.00684397082214313    0.0185908068617363    -0.937795364266892    -0.346623163392111 -6.64326519871782e-11
 -5.2932751403402e-05  1.18810022188443e-05   0.00375369974653532    0.0107090391208511    -0.999905271932678  5.11860908449689e-11  1.51601888707362e-10 -1.13090933242833e-08  3.78313856739183e-09  -0.00992836407858149
    0.995028260689722  8.34806696415904e-06  -0.00193689275166756    -0.263138658483186  -0.00365160903520153  2.35325717219572e-12  7.25384793046874e-12 -2.15541348446733e-11  7.21018031092389e-12   0.00383316002671231
    0.020191068703665 -2.59959981858365e-05   0.00753927600398951       1.0288208124445    0.0143856073465757 -9.33908720880141e-12 -2.87859404002283e-11  8.55188331524359e-11 -2.86069847827286e-11   -0.0149384706830729
 9.13133474106053e-14  1.53995641065444e-14   4.9934772372617e-12 -1.06090584953258e-11 -2.49968384460399e-11     0.938254008572368      0.34540637863092   0.00670531270450529   -0.0181413466232212 -1.93111290065883e-09
-1.15598373176531e-13 -1.91210184527924e-14 -6.23653292180964e-12  1.30396948643347e-11  3.12680241176326e-11     0.345406378632799    -0.938254008567273   -0.0181413468867404  -0.00670531260771498  2.42588979015436e-09
 1.17224993458855e-05  4.16672499068555e-05  -0.00137792836714994   -0.0145914925821872   0.00444740731703867 -9.74728793706462e-10 -2.94540837580311e-09  7.38577287283779e-11 -2.49747850373009e-11    -0.999900595215694
RDM (no constraint): 
     1.99999999822188  5.37857844913004e-09  5.96863227612153e-07   -1.387658661041e-07  4.37161255174932e-06 -4.03833193910633e-14  -1.2379000203547e-13  5.19356027891324e-14 -1.72705646471555e-14  7.23352184404551e-06
 5.37857844913004e-09      1.99999994982554 -5.37546432633253e-06  8.87610984768015e-07  -5.6425736555381e-05 -2.66597116828449e-14  -8.0546740901496e-14 -8.41296303527819e-13  2.81356261679112e-13 -2.81774013687802e-05
 5.96863227612153e-07 -5.37546432633253e-06      1.99803117838457  0.000535164825783415   -0.0410624593894308  1.48970867146988e-12   4.4350557890426e-12 -4.73294267804245e-10   1.5836315419887e-10   0.00131423485630071
  -1.387658661041e-07  8.87610984768015e-07  0.000535164825783415      1.99963616771985   0.00948286949321499 -8.70647465869892e-12 -2.68781893228125e-11  3.19981423794365e-11 -1.07023146679468e-11   -0.0145821350765172
 4.37161255174932e-06  -5.6425736555381e-05   -0.0410624593894308   0.00948286949321499      0.99676959395886 -1.46458626897221e-10 -4.40135424164453e-10 -3.68790639164827e-11  1.23086104509971e-11    -0.100607112411963
-4.03833193910633e-14 -2.66597116828449e-14  1.48970867146988e-12 -8.70647465869892e-12 -1.46458626897221e-10     0.999674282414732 -1.54703239928064e-15  1.32403675125111e-05    -0.010180482657253  1.24289912719438e-11
 -1.2379000203547e-13  -8.0546740901496e-14   4.4350557890426e-12 -2.68781893228125e-11 -4.40135424164453e-10 -1.54703239928064e-15     0.999674282409018    0.0101804826569316  1.32403675165899e-05  3.72030793261489e-11
 5.19356027891324e-14 -8.41296303527819e-13 -4.73294267804245e-10  3.19981423794365e-11 -3.68790639164827e-11  1.32403675125111e-05    0.0101804826569316      1.00033724210607    5.883831259734e-15 -1.16167311510311e-09
-1.72705646471555e-14  2.81356261679112e-13   1.5836315419887e-10 -1.07023146679468e-11  1.23086104509971e-11    -0.010180482657253  1.32403675165899e-05    5.883831259734e-15      1.00033724210036  3.88460441611972e-10
 7.23352184404551e-06 -2.81774013687802e-05   0.00131423485630071   -0.0145821350765172    -0.100607112411963  1.24289912719438e-11  3.72030793261489e-11 -1.16167311510311e-09  3.88460441611972e-10      1.00554006285918
RDM Eigenvectors: 
    0.998738899415742    -0.049763710953834   0.00639916829408578   0.00179845766203774  2.46146868928455e-06  3.18283376946864e-14  1.01168718870435e-13  1.06823019587912e-13  3.28322956746823e-14  7.42022669968323e-06
  -0.0497797281293469    -0.998668124107287   0.00640958973853208   -0.0119528354728436   2.0660134780685e-05  4.87259903904514e-14  1.51187700172509e-13 -1.45476376572673e-13 -4.57336891241789e-14 -5.49190558484537e-05
 0.000840535626879656    0.0131186118210061     0.243181131331418    -0.968989752483001    0.0325465581387211  4.56492041193407e-12   1.4082174253356e-11 -3.21719381553984e-12 -1.05352225421004e-12   -0.0262624070560392
 -0.00646991551685567   0.00363988635444009     0.969837918328905     0.242876246709636   -0.0190312669800362  1.24268865145333e-11  3.87301117005407e-11 -6.76241181463934e-11 -2.15025190342714e-11  -0.00287110664446653
-9.99162722615641e-05 -0.000450346717042561  0.000613612251580018     0.042890002959057     0.687885670117857 -2.57301720034123e-09 -7.96790535195102e-09  7.98149699730473e-09  2.52749243290213e-09    -0.724550317905704
 3.24442702728804e-14  6.49628428697626e-14 -8.57589579816362e-12 -8.32708985663509e-12 -8.23517067641959e-10      0.69545784270255   0.00817694316516479    0.0125366568129055     0.718410995781625 -6.97793482827069e-10
 9.96735714381356e-14  1.92115201180724e-13  -2.6465175419952e-11 -2.52036797313999e-11 -2.48121071279335e-09  -0.00817694316288399     0.695457842500799     0.718410995976898   -0.0125366568162245 -2.10596907583445e-09
-6.39897762882436e-13 -5.28095454433728e-12 -6.81649543181245e-11  4.75518679987902e-10  7.73525455416752e-09  -0.00751309684695731     0.718481092500292     -0.69541523199129    0.0112306816291744 -8.12393647900582e-09
  2.1419586893674e-13  1.76742231269514e-12  2.28118967389517e-11 -1.59107062224775e-10 -2.58777305225207e-09    -0.718481092305006  -0.00751309684449583    0.0112306816328659      0.69541523219302  2.71743627713518e-09
 0.000114764999217945  3.74591371345904e-05   -0.0139621209120265    -0.009183206822333    -0.724839179986888 -7.19210541564905e-10 -2.25777204345552e-09 -2.35857812296514e-09 -7.37020712714834e-10    -0.688715381325145
Total C: 
  -0.0511899824609095    -0.995757320552745   -0.0525106012876532     -0.24808532971734  -0.00189940642826784   5.5505011617075e-12  4.45420667142884e-12  7.73645169357801e-12   1.3439019375008e-12   0.00362897361682609
  0.00559704751736096   -0.0121758824382379      0.25952802230673      0.99534596386003   0.00578990249492595 -2.16828449736926e-11 -1.72317493459836e-11  -5.0740231033918e-11  1.56329093308193e-12   -0.0142062624029292
  1.0290827542067e-13 -8.60148235045255e-13 -2.91792845776459e-10  1.56135065900882e-10 -4.67666975826439e-09    -0.682362090855511     0.256167033404787    -0.256356697924686    -0.634855804152289  5.28006975944776e-09
-2.31589034665723e-13  1.21382744917479e-12  3.66393333881561e-10 -1.27455322849074e-10 -2.05046379019041e-09    -0.265382387828435    -0.656391920830661     0.661672929048749    -0.246801519727036 -4.26256303297161e-09
-1.27118370077709e-05 -0.000133286828835995    -0.041746741172949    0.0252998068686492     -0.68016529471436  3.44315316964773e-09 -5.56547548420473e-09  3.66513546257831e-10  5.02485809615741e-09     0.731457575863945
    0.993287395753404   -0.0464080207993021     0.255124598684928   -0.0721678308332062    -0.016675836460362  9.17804311610338e-12 -2.77921877380283e-12   -1.647544325042e-10  6.49288159235763e-11   0.00256456761409675
   0.0220653597243185   -0.0132270291567497    -0.994206262246966     0.256826397685862    0.0648480750051998 -3.62636862969885e-11  1.14919064731084e-11  6.40927975426584e-10 -2.53344491170689e-10  -0.00968971963255721
  1.5384323281119e-13  3.42221080884828e-13  7.05414469040634e-11  3.32596406153056e-11 -3.77710119376439e-09     0.642391596347501     0.237588127383409     0.236252042763635    -0.689253300054035  -1.0896193222704e-10
-1.98967035731026e-13 -4.25642914559366e-13 -8.84147998028804e-11 -4.11161570458344e-11  4.68982492340551e-09     0.227498923089545    -0.668289357724357    -0.664172372969662    -0.245985475193405  2.24228913920904e-10
-3.28341199788724e-05  0.000178387938150109    0.0402090213239505  -0.00209403686427194     0.726910907290469  -2.4788524457127e-11  1.08065265739623e-10  5.99014665084678e-09 -2.02046980578332e-09     0.685576503051317
Basis set used: STO-3G
Naturals: 
 1.99999999974891  1.99999999308299  1.99998629130297  1.99972695869729  1.10057617994487  1.01019164863666  1.01019164863652 0.989819875878571 0.989819875878436 0.899687528192842
Version: Tmhuysen's fci hack
