The Davidson algorithm did not converge.lambda: -1
The Davidson algorithm did not converge.lambda: -0.9
The Davidson algorithm did not converge.lambda: -0.8
The Davidson algorithm did not converge.lambda: -0.7
The Davidson algorithm did not converge.lambda: -0.6
The Davidson algorithm did not converge.lambda: -0.5
The Davidson algorithm did not converge.lambda: -0.4
The Davidson algorithm did not converge.lambda: -0.3
The Davidson algorithm did not converge.lambda: -0.2
The Davidson algorithm did not converge.lambda: -0.1
TOTAL ENERGY: -127.163226449525	 lambda: 0	 population of target: 6.99943892208242
1RDM: 
     1.99999996413126   9.4332299263866e-09  -1.6987303781038e-06 -7.94979971263797e-06  9.98004255159214e-05  1.39240980392679e-12 -3.30565707257713e-12  5.69993397961044e-12 -1.44934370173399e-12  0.000157146106568243
  9.4332299263866e-09      1.99999998640735  1.58778843623805e-06  1.82472027650633e-06 -9.95296842795644e-05 -2.17307792024085e-12  1.44284292738269e-12  -4.1428652487257e-12  1.23885098293974e-12  1.06828650881236e-05
 -1.6987303781038e-06  1.58778843623805e-06      1.99970027503401 -0.000352802772062314    0.0173254602801741 -1.53745109956639e-10  2.10971663075661e-10  2.11574187047707e-10  1.00153919833997e-09  0.000354617741850334
-7.94979971263797e-06  1.82472027650633e-06 -0.000352802772062314      1.99821954995566    0.0201535421938764  2.25109944760493e-10 -5.19684674865087e-10  9.60103298579539e-10 -1.06047594195314e-10    0.0361619282670125
 9.98004255159214e-05 -9.95296842795644e-05    0.0173254602801741    0.0201535421938764     0.971957934650061 -2.39534122847482e-10  3.05734723557489e-10 -8.24651666724213e-10 -2.52206028615931e-10 -0.000103560307605875
 1.39240980392679e-12 -2.17307792024085e-12 -1.53745109956639e-10  2.25109944760493e-10 -2.39534122847482e-10     0.997901569285535 -6.84167786009912e-06  1.38895032904833e-06  0.000887307050086483  2.53155325822418e-10
-3.30565707257713e-12  1.44284292738269e-12  2.10971663075661e-10 -5.19684674865087e-10  3.05734723557489e-10 -6.84167786009912e-06      1.00228259135732  2.17481779987726e-09  1.38567281198055e-06  -3.2020987419021e-10
 5.69993397961044e-12  -4.1428652487257e-12  2.11574187047707e-10  9.60103298579539e-10 -8.24651666724213e-10  1.38895032904833e-06  2.17481779987726e-09     0.997721858245086   6.8578806608622e-06  4.00327700235847e-10
-1.44934370173399e-12  1.23885098293974e-12  1.00153919833997e-09 -1.06047594195314e-10 -2.52206028615931e-10  0.000887307050086483  1.38567281198055e-06   6.8578806608622e-06       1.0021028802097 -3.71693406125984e-10
 0.000157146106568243  1.06828650881236e-05  0.000354617741850334    0.0361619282670125 -0.000103560307605875  2.53155325822418e-10  -3.2020987419021e-10  4.00327700235847e-10 -3.71693406125984e-10      1.03011339072404
TOTAL ENERGY: -127.163212358093	 lambda: 0.1	 population of target: 6.99987081290886
1RDM: 
     1.99999996456118  8.72779702356097e-09 -1.72289764075635e-06 -7.85107397065895e-06  0.000101016620096717  1.39930278984562e-12 -3.27969291393916e-12  5.76422662027342e-12 -1.43224947821667e-12  0.000156624586131009
 8.72779702356097e-09      1.99999998853905  1.57296691627385e-06  1.63571895012074e-06 -9.97352707812461e-05 -2.16119244985272e-12  1.41521356714323e-12 -4.13768218428951e-12  1.21948068897461e-12  1.21282781624218e-05
-1.72289764075635e-06  1.57296691627385e-06      1.99970915562934 -0.000359404559210193    0.0168842136462096 -1.55540172230795e-10  2.15782659378589e-10  2.01724775625217e-10  9.96172004383123e-10  0.000521902473290484
-7.85107397065895e-06  1.63571895012074e-06 -0.000359404559210193      1.99823772342553    0.0202983515226038  2.27242381758509e-10 -5.15019972115306e-10    9.728765778771e-10 -1.05672461570113e-10    0.0362361831058354
 0.000101016620096717 -9.97352707812461e-05    0.0168842136462096    0.0202983515226038     0.985702912860259 -1.22913472396934e-10  3.31534357075379e-11 -5.33473099361735e-10 -1.26877362260805e-10  0.000466241943777157
 1.39930278984562e-12 -2.16119244985272e-12 -1.55540172230795e-10  2.27242381758509e-10 -1.22913472396934e-10     0.998895591268498 -3.60344769865418e-06   7.3154065525423e-07  0.000466338327262679  1.37463086381243e-10
-3.27969291393916e-12  1.41521356714323e-12  2.15782659378589e-10 -5.15019972115306e-10  3.31534357075379e-11 -3.60344769865418e-06       1.0012030285193    -9.93197025682e-07   7.2981973075961e-07 -2.95611366780685e-10
 5.76422662027342e-12 -4.13768218428951e-12  2.01724775625217e-10    9.728765778771e-10 -5.33473099361735e-10   7.3154065525423e-07    -9.93197025682e-07     0.998801330711525  3.61198112587388e-06  1.09742353816794e-10
-1.43224947821667e-12  1.21948068897461e-12  9.96172004383123e-10 -1.05672461570113e-10 -1.26877362260805e-10  0.000466338327262679   7.2981973075961e-07  3.61198112587388e-06      1.00110876790893 -1.94107356118682e-10
 0.000156624586131009  1.21282781624218e-05  0.000521902473290484    0.0362361831058354  0.000466241943777157  1.37463086381243e-10 -2.95611366780685e-10  1.09742353816794e-10 -1.94107356118682e-10      1.01634153657643
TOTAL ENERGY: -127.163201855536	 lambda: 0.2	 population of target: 6.99994591523489
1RDM: 
     1.99999996467761  8.75742265818285e-09 -1.72480533590396e-06 -7.82105526630501e-06  0.000101521747147536  1.40019377327042e-12 -3.31014939093185e-12  5.74582648411248e-12 -1.42193247674772e-12  0.000156169019861866
 8.75742265818285e-09      1.99999998872161  1.55025879583192e-06  1.61778260650412e-06 -9.97164977036573e-05 -2.15896928053777e-12  1.42286622579426e-12 -4.12548481989231e-12  1.21791873750701e-12  1.22964668923739e-05
-1.72480533590396e-06  1.55025879583192e-06      1.99971232104869 -0.000360744853734624    0.0167216360738601 -1.56253518288886e-10  2.15285775736877e-10  1.95116695549837e-10   9.9417451883901e-10  0.000581987461290585
-7.82105526630501e-06  1.61778260650412e-06 -0.000360744853734624      1.99824330413828    0.0203728595845938  2.27823843502482e-10  -5.2211589952277e-10  9.68812345651097e-10 -1.04747659848164e-10    0.0362177139169891
 0.000101521747147536 -9.97164977036573e-05    0.0167216360738601    0.0203728595845938     0.989966509133139 -8.69783852727394e-11  7.90121891877729e-11  -2.6964615471031e-10 -8.72204684698774e-11  0.000586171934695992
 1.40019377327042e-12 -2.15896928053777e-12 -1.56253518288886e-10  2.27823843502482e-10 -8.69783852727394e-11     0.999207413028083 -2.58784581370207e-06  5.25362307649499e-07  0.000334670632086669  1.01202246494518e-10
-3.31014939093185e-12  1.42286622579426e-12  2.15285775736877e-10  -5.2211589952277e-10  7.90121891877729e-11 -2.58784581370207e-06      1.00086452601987 -9.49799262559992e-07  5.24128411250622e-07 -1.11854298577493e-10
 5.74582648411248e-12 -4.12548481989231e-12  1.95116695549837e-10  9.68812345651097e-10  -2.6964615471031e-10  5.25362307649499e-07 -9.49799262559992e-07     0.999139818490754  2.59397424619861e-06  1.48281389026195e-10
-1.42193247674772e-12  1.21791873750701e-12   9.9417451883901e-10 -1.04747659848164e-10 -8.72204684698774e-11  0.000334670632086669  5.24128411250622e-07  2.59397424619861e-06      1.00079693144487 -1.39471380910399e-10
 0.000156169019861866  1.22964668923739e-05  0.000581987461290585    0.0362177139169891  0.000586171934695992  1.01202246494518e-10 -1.11854298577493e-10  1.48281389026195e-10 -1.39471380910399e-10      1.01206922329712
TOTAL ENERGY: -127.16319548583	 lambda: 0.3	 population of target: 6.99997212776914
1RDM: 
     1.99999996476832  8.84036965692419e-09 -1.72392094273369e-06 -7.80046543252152e-06  0.000101821762651412  1.39968366650826e-12 -3.30482287682924e-12  5.75107746153426e-12 -1.41399909937358e-12  0.000155759900150327
 8.84036965692419e-09      1.99999998872929   1.5351885794058e-06  1.62271271901846e-06 -9.96994459104902e-05 -2.15937134011942e-12   1.4229357859512e-12 -4.12625731686638e-12  1.21980340193738e-12  1.21789473427163e-05
-1.72392094273369e-06   1.5351885794058e-06      1.99971435752131  -0.00036114389933695    0.0166267190481731 -1.56746990640938e-10  2.15878547039499e-10   1.9277088104342e-10   9.9308220654143e-10  0.000611218598015698
-7.80046543252152e-06  1.62271271901846e-06  -0.00036114389933695      1.99824681792365    0.0204249228138526  2.28029563422783e-10 -5.21697908349928e-10  9.70487534674653e-10 -1.03794136974851e-10    0.0361825321864124
 0.000101821762651412 -9.96994459104902e-05    0.0166267190481731    0.0204249228138526     0.991946826530123 -7.02465023044284e-11  7.03637691766133e-11 -2.38995692485841e-10  -6.9009596453771e-11  0.000633517501759329
 1.39968366650826e-12 -2.15937134011942e-12 -1.56746990640938e-10  2.28029563422783e-10 -7.02465023044284e-11     0.999352929739781 -2.11393986746209e-06  4.29160020658555e-07  0.000273284123497777  8.40192900258483e-11
-3.30482287682924e-12   1.4229357859512e-12  2.15878547039499e-10 -5.21697908349928e-10  7.03637691766133e-11 -2.11393986746209e-06      1.00070657894306 -8.76200037226798e-07  4.28143988592216e-07 -1.18425740591182e-10
 5.75107746153426e-12 -4.12625731686638e-12   1.9277088104342e-10  9.70487534674653e-10 -2.38995692485841e-10  4.29160020658555e-07 -8.76200037226798e-07     0.999297760902516   2.1189442301156e-06  1.35353357471481e-10
-1.41399909937358e-12  1.21980340193738e-12   9.9308220654143e-10 -1.03794136974851e-10  -6.9009596453771e-11  0.000273284123497777  4.28143988592216e-07   2.1189442301156e-06      1.00065141007442 -1.13879661234193e-10
 0.000155759900150327  1.21789473427163e-05  0.000611218598015698    0.0361825321864124  0.000633517501759329  8.40192900258483e-11 -1.18425740591182e-10  1.35353357471481e-10 -1.13879661234193e-10      1.01008336486755
TOTAL ENERGY: -127.163191131708	 lambda: 0.4	 population of target: 6.99998474890848
1RDM: 
     1.99999996485852  8.92519581271608e-09 -1.72174685584705e-06 -7.78223194239383e-06  0.000102018218722072  1.39837477390613e-12 -3.30320842692328e-12  5.74858102690091e-12 -1.40718133321104e-12  0.000155377753686378
 8.92519581271608e-09      1.99999998870791  1.52508630689215e-06  1.63400196425987e-06 -9.97177344770315e-05 -2.16112022571652e-12  1.42655474996163e-12 -4.12864604401697e-12  1.22280676787244e-12  1.19547758992535e-05
-1.72174685584705e-06  1.52508630689215e-06      1.99971598099215 -0.000361112600645638    0.0165590548226827 -1.57153472117303e-10  2.16054081851718e-10  1.90836094120399e-10  9.92336314423891e-10  0.000625399954981566
-7.78223194239383e-06  1.63400196425987e-06 -0.000361112600645638      1.99824966029512     0.020464948892687  2.28093035355508e-10 -5.22126563570843e-10  9.70724029906482e-10 -1.02921650968844e-10     0.036142547943437
 0.000102018218722072 -9.97177344770315e-05    0.0165590548226827     0.020464948892687     0.993002910444927 -6.15524977977426e-11  8.55115048850184e-11 -2.14611856061208e-10  -5.8932505409996e-11  0.000657388245017064
 1.39837477390613e-12 -2.16112022571652e-12 -1.57153472117303e-10  2.28093035355508e-10 -6.15524977977426e-11     0.999430810247094 -1.86032493664908e-06  3.77667474322236e-07  0.000240439537463733  7.50879152470506e-11
-3.30320842692328e-12  1.42655474996163e-12  2.16054081851718e-10 -5.22126563570843e-10  8.55115048850184e-11 -1.86032493664908e-06      1.00062205663742 -8.28211453752505e-07  3.76782482990659e-07 -1.13686466201429e-10
 5.74858102690091e-12 -4.12864604401697e-12  1.90836094120399e-10  9.70724029906482e-10 -2.14611856061208e-10  3.77667474322236e-07 -8.28211453752505e-07      0.99938228127819  1.86473066462427e-06  1.48190026344382e-10
-1.40718133321104e-12  1.22280676787244e-12  9.92336314423891e-10 -1.02921650968844e-10  -5.8932505409996e-11  0.000240439537463733  3.76782482990659e-07  1.86473066462427e-06      1.00057352764141 -1.00578953358308e-10
 0.000155377753686378  1.19547758992535e-05  0.000625399954981566     0.036142547943437  0.000657388245017064  7.50879152470506e-11 -1.13686466201429e-10  1.48190026344382e-10 -1.00578953358308e-10       1.0090228188973
TOTAL ENERGY: -127.163187742331	 lambda: 0.5	 population of target: 6.99999233746503
1RDM: 
     1.99999996495375  9.00628367380633e-09 -1.71851070569431e-06 -7.76433480050495e-06  0.000102148292757619  1.39664872826999e-12 -3.29958847334324e-12  5.74776449532116e-12 -1.40118715806741e-12  0.000155007960990627
 9.00628367380633e-09      1.99999998868056  1.51831730568527e-06  1.64803072398008e-06 -9.97811109216567e-05 -2.16371473188637e-12  1.43105942024641e-12 -4.13462244477825e-12  1.22598118046997e-12  1.16753663347206e-05
-1.71851070569431e-06  1.51831730568527e-06      1.99971742073273 -0.000360782605517927    0.0165050583766932 -1.57557927017978e-10  2.16603582421688e-10  1.89113678905511e-10  9.91849113578753e-10  0.000629904095074506
-7.76433480050495e-06  1.64803072398008e-06 -0.000360782605517927      1.99825224566811     0.020497179844369  2.28043858508447e-10 -5.21894667781619e-10  9.71225691529923e-10  -1.0206370740642e-10    0.0361002540208246
 0.000102148292757619 -9.97811109216567e-05    0.0165050583766932     0.020497179844369     0.993567437788264 -5.67690017204915e-11  7.87170933942621e-11 -1.97286115069809e-10 -5.37620772451306e-11  0.000670831650379283
 1.39664872826999e-12 -2.16371473188637e-12 -1.57557927017978e-10  2.28043858508447e-10 -5.67690017204915e-11     0.999472640032641 -1.72409908842118e-06  3.50011124851457e-07  0.000222793333726635  7.01687444807792e-11
-3.29958847334324e-12  1.43105942024641e-12  2.16603582421688e-10 -5.21894667781619e-10  7.87170933942621e-11 -1.72409908842118e-06      1.00057665616958 -8.07355354233917e-07  3.49192943313135e-07 -1.06982477418147e-10
 5.74776449532116e-12 -4.13462244477825e-12  1.89113678905511e-10  9.71225691529923e-10 -1.97286115069809e-10  3.50011124851457e-07 -8.07355354233917e-07     0.999427680868349  1.72818254207315e-06  1.40197855644524e-10
-1.40118715806741e-12  1.22598118046997e-12  9.91849113578753e-10  -1.0206370740642e-10 -5.37620772451306e-11  0.000222793333726635  3.49192943313135e-07  1.72818254207315e-06      1.00053169697939 -9.32557599391861e-11
 0.000155007960990627  1.16753663347206e-05  0.000629904095074506    0.0361002540208246  0.000670831650379283  7.01687444807792e-11 -1.06982477418147e-10  1.40197855644524e-10 -9.32557599391861e-11      1.00845426812669
TOTAL ENERGY: -127.163184678205	 lambda: 0.6	 population of target: 6.99999792554005
1RDM: 
     1.99999996505667  9.08457498282065e-09 -1.71422641862503e-06 -7.74575131196119e-06  0.000102230247057989  1.39444858941674e-12 -3.29546571800825e-12  5.74533775797661e-12 -1.39553256090141e-12  0.000154637712536317
 9.08457498282065e-09      1.99999998865131  1.51403903270577e-06  1.66387212675125e-06 -9.98958095482524e-05 -2.16715461221297e-12  1.43665688298441e-12 -4.14288625293379e-12  1.22926340150066e-12  1.13566040125472e-05
-1.71422641862503e-06  1.51403903270577e-06      1.99971878338324 -0.000360199161551627    0.0164587114203646 -1.57960683731001e-10  2.17162913847647e-10  1.87528260947022e-10    9.914874529545e-10  0.000626920832657142
-7.74575131196119e-06  1.66387212675125e-06 -0.000360199161551627      1.99825476994686    0.0205239946214723  2.27933457908816e-10 -5.21577795440167e-10  9.71502257876134e-10 -1.01238437213595e-10    0.0360555295713739
 0.000102230247057989 -9.98958095482524e-05    0.0164587114203646    0.0205239946214723     0.993808506019005 -5.47622120514403e-11  7.57140412478828e-11 -1.89746169505007e-10 -5.15140030175919e-11  0.000678636557809211
 1.39444858941674e-12 -2.16715461221297e-12 -1.57960683731001e-10  2.27933457908816e-10 -5.47622120514403e-11     0.999490755315918 -1.66509974546826e-06  3.38034044705288e-07  0.000215136009611521  6.81269819331171e-11
-3.29546571800825e-12  1.43665688298441e-12  2.17162913847647e-10 -5.21577795440167e-10  7.57140412478828e-11 -1.66509974546826e-06      1.00055698999597 -8.12385321217313e-07  3.37242049098316e-07 -1.04007943120573e-10
 5.74533775797661e-12 -4.14288625293379e-12  1.87528260947022e-10  9.71502257876134e-10 -1.89746169505007e-10  3.38034044705288e-07 -8.12385321217313e-07     0.999447346687584  1.66904304463548e-06  1.36763635393606e-10
-1.39553256090141e-12  1.22926340150066e-12    9.914874529545e-10 -1.01238437213595e-10 -5.15140030175919e-11  0.000215136009611521  3.37242049098316e-07  1.66904304463548e-06      1.00051358134193 -9.01762300640595e-11
 0.000154637712536317  1.13566040125472e-05  0.000626920832657142    0.0360555295713739  0.000678636557809211  6.81269819331171e-11 -1.04007943120573e-10  1.36763635393606e-10 -9.01762300640595e-11      1.00820931360155
TOTAL ENERGY: -127.163181369732	 lambda: 0.7	 population of target: 7.0000030144478
1RDM: 
     1.99999996516958  9.16225215990165e-09 -1.70882819533404e-06 -7.72564455761721e-06  0.000102275103868079  1.39183036463659e-12 -3.29074081678768e-12  5.74147532270846e-12 -1.39003277160394e-12  0.000154253648276429
 9.16225215990165e-09      1.99999998862026  1.51185695451771e-06  1.68143637461927e-06 -0.000100069858010644 -2.17141920478321e-12  1.44340428306939e-12  -4.1536749357131e-12  1.23246172986164e-12  1.10005674868121e-05
-1.70882819533404e-06  1.51185695451771e-06      1.99972013369068 -0.000359376542121998     0.016416873738606 -1.58394033557209e-10  2.17754168967779e-10  1.85993272556561e-10  9.91249238560933e-10  0.000617259180016228
-7.72564455761721e-06  1.68143637461927e-06 -0.000359376542121998      1.99825736892266    0.0205470858271787  2.27751081104159e-10 -5.21172985785547e-10  9.71596409982142e-10 -1.00391062905274e-10    0.0360070001804962
 0.000102275103868079 -0.000100069858010644     0.016416873738606    0.0205470858271787     0.993786667153321 -5.49022594563316e-11  7.59108488099063e-11 -1.90366553113097e-10 -5.18065977011152e-11  0.000682926193394082
 1.39183036463659e-12 -2.17141920478321e-12 -1.58394033557209e-10  2.27751081104159e-10 -5.49022594563316e-11     0.999489648230718 -1.66868521520463e-06  3.38763433351163e-07  0.000215567932497095  6.83316722480554e-11
-3.29074081678768e-12  1.44340428306939e-12  2.17754168967779e-10 -5.21172985785547e-10  7.59108488099063e-11 -1.66868521520463e-06      1.00055817774982 -8.45273846218904e-07  3.37966708452979e-07 -1.04293992602419e-10
 5.74147532270846e-12  -4.1536749357131e-12  1.85993272556561e-10  9.71596409982142e-10 -1.90366553113097e-10  3.38763433351163e-07 -8.45273846218904e-07     0.999446158930521  1.67263634674869e-06  1.37200042368761e-10
-1.39003277160394e-12  1.23246172986164e-12  9.91249238560933e-10 -1.00391062905274e-10 -5.18065977011152e-11  0.000215567932497095  3.37966708452979e-07  1.67263634674869e-06      1.00051468842384 -9.03829753430728e-11
 0.000154253648276429  1.10005674868121e-05  0.000617259180016228    0.0360070001804962  0.000682926193394082  6.83316722480554e-11 -1.04293992602419e-10  1.37200042368761e-10 -9.03829753430728e-11      1.00822720310865
TOTAL ENERGY: -127.163177031975	 lambda: 0.8	 population of target: 7.00000878335611
1RDM: 
     1.99999996529492  9.24207495251045e-09 -1.70217455364388e-06 -7.70303705353468e-06  0.000102291297169041  1.38868235220657e-12 -3.28529735353389e-12  5.73624668380421e-12 -1.38438052349639e-12  0.000153839290339872
 9.24207495251045e-09      1.99999998858652  1.51167614326419e-06  1.70102248478036e-06 -0.000100316292077361  -2.1767075476051e-12  1.45150546434731e-12 -4.16748779790899e-12  1.23556138871191e-12  1.06013956772073e-05
-1.70217455364388e-06  1.51167614326419e-06       1.9997215202307 -0.000358314230663661    0.0163777799346587 -1.58875909641342e-10  2.18400401410687e-10  1.84445703730004e-10  9.91105442512033e-10  0.000600873392646624
-7.70303705353468e-06  1.70102248478036e-06 -0.000358314230663661      1.99826017551049     0.020568010752514  2.27510221159927e-10 -5.20663751647988e-10  9.71526387052069e-10 -9.94726604127946e-11     0.035952062148558
 0.000102291297169041 -0.000100316292077361    0.0163777799346587     0.020568010752514      0.99349767084425 -5.72441254743209e-11  7.91329437938439e-11 -1.99101878521039e-10  -5.4646605394071e-11   0.00068479972087244
 1.38868235220657e-12  -2.1767075476051e-12 -1.58875909641342e-10  2.27510221159927e-10 -5.72441254743209e-11     0.999469120248491 -1.73581516299376e-06   3.5258364262998e-07  0.000224164813099547  7.08613889229447e-11
-3.28529735353389e-12  1.45150546434731e-12  2.18400401410687e-10 -5.20663751647988e-10  7.91329437938439e-11 -1.73581516299376e-06      1.00058043180716 -9.13525953084328e-07  3.51355366322815e-07  -1.0774371312949e-10
 5.73624668380421e-12 -4.16748779790899e-12  1.84445703730004e-10  9.71526387052069e-10 -1.99101878521039e-10   3.5258364262998e-07 -9.13525953084328e-07     0.999423905219316  1.73984396710339e-06  1.41397529548242e-10
-1.38438052349639e-12  1.23556138871191e-12  9.91105442512033e-10 -9.94726604127946e-11  -5.4646605394071e-11  0.000224164813099547  3.51355366322815e-07  1.73984396710339e-06      1.00053521675129 -9.39641873586853e-11
 0.000153839290339872  1.06013956772073e-05  0.000600873392646624     0.035952062148558   0.00068479972087244  7.08613889229447e-11  -1.0774371312949e-10  1.41397529548242e-10 -9.39641873586853e-11      1.00851200550689
TOTAL ENERGY: -127.163170147822	 lambda: 0.9	 population of target: 7.00001684836267
1RDM: 
     1.99999996543501  9.32807440751307e-09 -1.69399069681298e-06  -7.6764743328829e-06  0.000102288214939336  1.38501377610749e-12 -3.27887992386745e-12  5.72959762062064e-12 -1.37813884991331e-12  0.000153370549899724
 9.32807440751307e-09      1.99999998854852  1.51367998937753e-06  1.72324256504187e-06 -0.000100658274340238 -2.18325661255593e-12  1.46145320648222e-12 -4.18535593261438e-12  1.23854863002095e-12  1.01456385304082e-05
-1.69399069681298e-06  1.51367998937753e-06      1.99972298436952 -0.000357006006041586    0.0163405743324074 -1.59401825921442e-10  2.19112501148793e-10  1.82851302465155e-10  9.91072359827078e-10  0.000576900246754015
 -7.6764743328829e-06  1.72324256504187e-06 -0.000357006006041586      1.99826336282318    0.0205887150945691  2.27135868486537e-10 -5.20002726274418e-10  9.71282714104006e-10 -9.84266563123902e-11    0.0358860590548413
 0.000102288214939336 -0.000100658274340238    0.0163405743324074    0.0205887150945691     0.992869867056581 -6.23756203041894e-11  8.68540193033026e-11 -2.18564788445332e-10 -6.07386255687913e-11  0.000685044643892452
 1.38501377610749e-12 -2.18325661255593e-12 -1.59401825921442e-10  2.27135868486537e-10 -6.23756203041894e-11     0.999424172785943 -1.88182590232882e-06  3.82015435057754e-07  0.000243018761801104  7.63402901729302e-11
-3.27887992386745e-12  1.46145320648222e-12  2.19112501148793e-10 -5.20002726274418e-10  8.68540193033026e-11 -1.88182590232882e-06      1.00062917575991 -1.03492386089564e-06  3.81154795808693e-07 -1.15660318682442e-10
 5.72959762062064e-12 -4.18535593261438e-12  1.82851302465155e-10  9.71282714104006e-10 -2.18564788445332e-10  3.82015435057754e-07 -1.03492386089564e-06      0.99937516212255  1.88628915710003e-06  1.51085789243215e-10
-1.37813884991331e-12  1.23854863002095e-12  9.91072359827078e-10 -9.84266563123902e-11 -6.07386255687913e-11  0.000243018761801104  3.81154795808693e-07  1.88628915710003e-06      1.00058016506847 -1.01817413223579e-10
 0.000153370549899724  1.01456385304082e-05  0.000576900246754015    0.0358860590548413  0.000685044643892452  7.63402901729302e-11 -1.15660318682442e-10  1.51085789243215e-10 -1.01817413223579e-10      1.00913515603034
TOTAL ENERGY: -127.163156976024	 lambda: 1	 population of target: 7.00003063731653
1RDM: 
     1.99999996559044  9.42822800405795e-09 -1.68364407916043e-06  -7.6432636329992e-06  0.000102281516605831  1.38047240850435e-12 -3.27077590160275e-12  5.72156093592292e-12 -1.37063348541205e-12  0.000152804570147746
 9.42822800405795e-09      1.99999998850308  1.51840276153524e-06  1.74913941387597e-06 -0.000101140922082222 -2.19177638352827e-12  1.47445590626084e-12 -4.20919351647734e-12  1.24132757651255e-12  9.60744678852587e-06
-1.68364407916043e-06  1.51840276153524e-06      1.99972455715048 -0.000355455001553817    0.0163054617357051 -1.60022623047537e-10  2.19844542236449e-10  1.81174647744799e-10   9.9115054535382e-10   0.00054323147763642
 -7.6432636329992e-06  1.74913941387597e-06 -0.000355455001553817      1.99826721862817    0.0206125161052709  2.26647572716717e-10 -5.19323677965318e-10  9.70570300464125e-10 -9.70773415404632e-11    0.0357997975732788
 0.000102281516605831 -0.000101140922082222    0.0163054617357051    0.0206125161052709      0.99171270703376 -7.18262088881523e-11  1.16114574645752e-10 -2.43609811841211e-10  -7.1938445732806e-11  0.000684919094080251
 1.38047240850435e-12 -2.19177638352827e-12 -1.60022623047537e-10  2.26647572716717e-10 -7.18262088881523e-11     0.999341483633061 -2.15097256318578e-06  4.36673516424912e-07  0.000277711783278756  8.64564088601192e-11
-3.27077590160275e-12  1.47445590626084e-12  2.19844542236449e-10 -5.19323677965318e-10  1.16114574645752e-10 -2.15097256318578e-06        1.000718848616 -1.25121136251515e-06  4.35647400746214e-07  -1.1920104117735e-10
 5.72156093592292e-12 -4.20919351647734e-12  1.81174647744799e-10  9.70570300464125e-10 -2.43609811841211e-10  4.36673516424912e-07 -1.25121136251515e-06     0.999285491143256  2.15606562848865e-06  1.84104449952546e-10
-1.37063348541205e-12  1.24132757651255e-12   9.9115054535382e-10 -9.70773415404632e-11  -7.1938445732806e-11  0.000277711783278756  4.35647400746214e-07  2.15606562848865e-06      1.00066285609452 -1.16312335698623e-10
 0.000152804570147746  9.60744678852587e-06   0.00054323147763642    0.0357997975732788  0.000684919094080251  8.64564088601192e-11  -1.1920104117735e-10  1.84104449952546e-10 -1.16312335698623e-10      1.01028688360728
-------------------general-----------------------
mullikenoperator: 
  0.00132803753845744   -0.0359908292625777  -0.00208670026188002   0.00515502805984494 -5.60457614145491e-05 -4.97097513204232e-13  2.12302677552741e-13 -1.63387450645373e-12 -2.13071814383018e-12  4.83153636672219e-05
  -0.0359908292625777       0.9986204915428  -0.00827172559802996  -0.00370966598691601 -0.000269657579615799  3.72669914922489e-13 -3.55816323279713e-15 -6.76071284685957e-12 -8.81087364287591e-12 -9.94577857164041e-05
 -0.00208670026188002  -0.00827172559802999       0.1848045284162    -0.387134887574629   -0.0139012103666052   2.2500776222292e-10  7.09667368241665e-11  -3.7542889941951e-10 -4.73591611409142e-10   -0.0226382384603754
  0.00515502805984494  -0.00370966598691595     -0.38713488757463     0.815870028224491   -0.0176756330185403  -5.7014758619036e-11 -1.36064264658952e-11 -4.16313908217956e-10  -5.7012603996177e-10  0.000198381433169589
-5.60457614145491e-05   -0.0002696575796158   -0.0139012103666052   -0.0176756330185403     0.494231137061099  9.53921915451996e-09  9.99438105744027e-09   1.2531162408848e-09 -4.47089957541756e-09     0.499461137376757
-4.97097513204231e-13  3.72669914922481e-13   2.2500776222292e-10  -5.7014758619036e-11  9.53921915451996e-09     0.306133013080026 -0.000301588223829399  5.93773534588289e-05    -0.460885559159249 -3.02604462524776e-10
  2.1230267755274e-13 -3.55816323279419e-15  7.09667368241663e-11 -1.36064264658952e-11  9.99438105744028e-09 -0.000301588223829399     0.499255305934847    -0.499999352254662  6.29309214849751e-05   1.3926120690171e-09
-1.63387450645373e-12 -6.76071284685959e-12 -3.75428899419509e-10 -4.16313908217956e-10   1.2531162408848e-09  5.93773534588308e-05    -0.499999352254662     0.500744696298477  0.000302302433396533  9.99417253643356e-09
-2.13071814383018e-12 -8.81087364287594e-12 -4.73591611409142e-10  -5.7012603996177e-10 -4.47089957541756e-09    -0.460885559159249  6.29309214849644e-05  0.000302302433396544     0.693866984686651   1.0450841381438e-08
 4.83153636672219e-05 -9.94577857164039e-05   -0.0226382384603754   0.00019838143316959     0.499461137376757  -3.0260446252477e-10   1.3926120690171e-09  9.99417253643356e-09   1.0450841381438e-08     0.505145777216954
selected BF: 
0 1 2 3 4
selected lambdas: 
  -1 -0.9 -0.8 -0.7 -0.6 -0.5 -0.4 -0.3 -0.2 -0.1    0  0.1  0.2  0.3  0.4  0.5  0.6  0.7  0.8  0.9    1
RHF C: 
 1.13554592929409e-06    -0.995369827334477     0.260211136309269   0.00108467443718143  -0.00089916945760875 -1.23151333634277e-11 -1.05625338279539e-11 -1.35788059226152e-11  -2.1904524324268e-11 -0.000258862593750947
-3.37399996684043e-06   -0.0189759344453127     -1.02863054402347  -0.00429832907862334   0.00359742882952641  4.97503067869932e-11  4.25782875347571e-11  5.32838956305864e-11  8.59513461967086e-11   0.00103245710218638
 2.13515809811439e-14 -3.57594023051366e-13 -2.80811013065874e-11  5.11393865198961e-11 -2.50701094991316e-08   0.00481542187875026    0.0988499326918534     0.993912257644643    0.0484141878278685 -5.16503694935549e-11
 7.39801400780919e-14 -4.70654083518124e-13 -2.47894766723394e-11  7.71979583779167e-11 -3.13199059436295e-08     0.098849931481191  -0.00481542193770703   -0.0484141878220048      0.99391225776505 -6.42845509220579e-11
-1.05664816445204e-05 -1.08818779705843e-05  -0.00350740877662519   0.00293433219795729    -0.999986719564723 -3.26243764803145e-09 -2.33313936025258e-09 -2.34003731626483e-08 -3.23381469206711e-08   0.00273864202772441
     0.99504480104685 -2.73959664836306e-07   0.00102288412988206    -0.263114799061304 -0.000947293395604621  3.63105695166483e-11   2.3000393002801e-12 -1.02378772522697e-11 -1.37538501173573e-11  -0.00297182232520584
   0.0201263783840358  2.59084332162585e-06  -0.00399055181034564      1.02897317584274   0.00371685507218367 -1.43843456302072e-10 -9.05367397849457e-12  4.02614194664455e-11  5.40751002509734e-11     0.011584467613722
  8.2888285241472e-14  2.40427945743007e-13  4.21792814412186e-11    -2.62236802531e-11  4.99766619532606e-12    0.0484174626353184     0.993903828155386   -0.0989328713619721  -0.00481908855071677  4.08636099437195e-09
 5.91451395541682e-13  3.01980381071819e-13  5.02295508268812e-11   6.3801573769437e-12 -9.79039115495886e-12     0.993903828275894   -0.0484174626294496   0.00481908860967747   -0.0989328701513201     1.22011583652e-08
 9.57426581871454e-06 -7.92660166339758e-06  0.000500906611945278   -0.0112621381873473   0.00149923367974905 -1.23123748705919e-08 -3.46248695311932e-09  4.29045290277402e-10  1.34146075786537e-09      0.99993621011942
RDM (no constraint): 
     1.99999999931364  -1.0635997410444e-09 -1.28800961340631e-07 -3.10050392614613e-09  1.62153913296343e-06 -4.97715495882837e-13 -2.46640140817198e-14  2.27599741986655e-14  2.84218470490985e-14 -7.79103246467083e-06
 -1.0635997410444e-09      1.99999999412001 -1.64429655899592e-06 -1.70592127606226e-07  4.21816124493285e-05 -3.52286202035875e-14 -6.76348000560509e-14  1.33973797353332e-12  1.87150920365689e-12 -7.53097063206373e-06
-1.28800961340631e-07 -1.64429655899592e-06      1.99896318823266 -0.000109576638210444    0.0316713329488816  4.91942544617961e-11  3.56885147947209e-11  7.71985253463426e-10  1.05596953546541e-09  0.000297430030034694
-3.10050392614613e-09 -1.70592127606226e-07 -0.000109576638210444      1.99984389251682   0.00264792370449205  -1.4682833301546e-10 -1.21962749128938e-11  1.66672223530407e-11  2.17928046234009e-11    0.0115748785295217
 1.62153913296343e-06  4.21816124493285e-05    0.0316713329488816   0.00264792370449205      1.00060890668601 -4.28820585695565e-10 -1.54156223254803e-10  3.17917994031625e-11  6.49536795016154e-11    0.0288128288139632
-4.97715495882837e-13 -3.52286202035875e-14  4.91942544617961e-11  -1.4682833301546e-10 -4.28820585695565e-10      1.00045488731146  7.02503353932535e-17  8.26551227547354e-09   0.00223499739980995  8.93625711435779e-11
-2.46640140817198e-14 -6.76348000560509e-14  3.56885147947209e-11 -1.21962749128938e-11 -1.54156223254803e-10  7.02503353932535e-17       1.0004548873169   0.00223499739867083 -8.26551204092912e-09  6.64722855576464e-11
 2.27599741986655e-14  1.33973797353332e-12  7.71985253463426e-10  1.66672223530407e-11  3.17917994031625e-11  8.26551227547354e-09   0.00223499739867083     0.999549562233668 -4.95029848214545e-17   6.8772791019846e-10
 2.84218470490985e-14  1.87150920365689e-12  1.05596953546541e-09  2.17928046234009e-11  6.49536795016154e-11   0.00223499739980995 -8.26551204092912e-09 -4.95029848214545e-17     0.999549562239106  9.68450249609061e-10
-7.79103246467083e-06 -7.53097063206373e-06  0.000297430030034694    0.0115748785295217    0.0288128288139632  8.93625711435779e-11  6.64722855576464e-11   6.8772791019846e-10  9.68450249609061e-10      1.00057512002974
RDM Eigenvectors: 
    0.999330900018252   -0.0360031095261431  -0.00562603652551216  -0.00314261421313832 -4.53882088572212e-06  4.73859789491219e-13  5.11710150758088e-14  2.43558472942885e-14 -3.67207033339804e-13 -6.44048023212146e-06
   0.0359858944272676     0.999307632122725   0.00222085817972294  -0.00918355962058687  2.49865541785798e-05 -1.13992488522075e-13 -7.06224413697381e-14  3.88085421705235e-13 -5.58493222962862e-13 -3.43635541030483e-05
-0.000729873980430966  -0.00921636298494049     0.432610642472891    -0.900974770082144    0.0231203674278061  2.52973248192242e-11  1.36995030103829e-11  4.23379752534911e-11 -4.87881959729406e-11   -0.0217363806077832
 -0.00649816990919524  -0.00173907443559565     -0.90143765571372     -0.43268912559624    0.0104047578687704  6.05506624215098e-11  1.49106672457233e-11 -5.26725487152961e-11  5.34610458276593e-11   0.00606332200567141
 -3.9648370404064e-05 -0.000255641650942653    0.0110333704859755   -0.0298774295658874    -0.701520426683862 -2.31840976294514e-08 -1.67606325766093e-08  1.67114853817612e-08 -2.32614366474393e-08     0.711937235968803
 4.27177755325268e-13 -1.26882796431646e-13  1.49043238710687e-10  2.93237662350292e-11  6.48100210966733e-09     0.774113489668769  0.000133349995815195  -0.00208859015093412    -0.633043383285696  1.09624125055881e-08
 2.51437475046625e-14 -3.50693793473115e-13   2.4777805323562e-11 -2.42725989188876e-11  8.42557517480663e-10 -0.000133349995908356      0.77411349043986     0.633043382342783  -0.00208859014777462  4.12105707610537e-09
-6.59950650558764e-13 -5.83808896652796e-12   3.1234261949427e-10 -7.07698184850589e-10 -1.68400818419612e-08 -0.000106708484786723      0.63304681876627    -0.774109279289092   0.00255686951685156  1.65260779315055e-08
 -8.9981096235707e-13 -7.95052276878961e-12  4.28364909901149e-10  -9.6827072515574e-10 -2.38188394962443e-08     0.633046819709188  0.000106708484903406   0.00255686951427106     0.774109278518006  2.23327444608471e-08
 -8.4680525178702e-05 -3.75033816046544e-05  -0.00999325363545146  -0.00614082057448526    -0.712198202696453  8.71331621324653e-09  2.45492822040015e-09  2.48804859176891e-09 -8.80114073265365e-09    -0.701880429064022
Total C: 
   0.0343701833765215    -0.994112707089929      0.12075136896749    -0.233313353905052   0.00353954835038579  3.46356907196081e-11 -1.17793678117785e-11  1.00952774868446e-10  1.09176433866519e-10  -0.00174760957669532
  0.00648041892815606   -0.0212078317220582    -0.440888210905663     0.929182859433703   -0.0130046128399878 -1.34805057955244e-10  4.84149272131316e-11 -3.75730033858022e-10 -4.00774600207237e-10   0.00701972935807392
 1.59376750982164e-13 -1.16207067194244e-12 -5.95533447215971e-10 -3.05973326329821e-10   3.1263722427856e-08    -0.028983291940895     0.705608884224955    -0.706696791101383    0.0430781115933503  2.02225356008841e-08
-1.89247925361114e-13 -2.59684959621897e-12 -8.51110015022417e-10 -2.75722712246903e-10 -4.21672960838188e-09    -0.552568037672933   -0.0364650212836388    0.0369602403314716     0.831849032914066  1.43323451570749e-08
 4.86482808676808e-06 -7.10719919782618e-05   -0.0273405821828587    -0.008495870121108     0.703334485779526  1.15431849795485e-08 -1.73830082017637e-08  3.34370684075809e-08 -3.28327504400659e-09     0.710283577673703
    0.995200163415329    0.0382259839684939     0.236818746255127     0.106431000883017   0.00638182259654281 -9.01877964368097e-12 -1.12849993829028e-11   1.6205083500991e-10  2.22817031767055e-10    0.0042817825074164
   0.0169015123294369  -0.00873194939280893    -0.928985808648404     -0.44165014584606   -0.0251479373665055  3.50015182703247e-11  4.41825860423141e-11 -6.37353020406356e-10 -8.76967994117876e-10   -0.0170586140631692
-3.38932416842925e-14  3.26034092168744e-13 -3.59480280927008e-11  2.08575656629898e-11 -1.64152129737947e-08    0.0408704703740882     0.706769170695462     0.705755021986713    0.0267731191074646  -2.1385372274736e-10
  7.0394258625962e-13 -9.62590893262834e-14 -2.19946517420492e-10  7.97505937080878e-11 -1.11557106679709e-08     0.832006638171112   -0.0343558256945896   -0.0347400383122189     0.552609960078961  8.66726418957753e-10
 3.59808044809034e-05  6.26384836526785e-05   -0.0113366652515023    0.0104999546028794     0.711182090602271  5.89438008500388e-10  1.71242967499409e-09  1.39886026901498e-08  1.55515842759124e-08    -0.702839255157817
Basis set used: STO-3G
Naturals: 
 1.99999999998543  1.99999999911193  1.99999238814945  1.99996283482516  1.02877720975738  1.00228260122422  1.00228260122419 0.997721848326379 0.997721848326342 0.971258669069523
Version: Tmhuysen's fci hack
