The Davidson algorithm did not converge.lambda: -1
The Davidson algorithm did not converge.lambda: -0.9
The Davidson algorithm did not converge.lambda: -0.8
The Davidson algorithm did not converge.lambda: -0.7
The Davidson algorithm did not converge.lambda: -0.6
The Davidson algorithm did not converge.lambda: -0.5
The Davidson algorithm did not converge.lambda: -0.4
The Davidson algorithm did not converge.lambda: -0.3
The Davidson algorithm did not converge.lambda: -0.2
The Davidson algorithm did not converge.lambda: -0.1
TOTAL ENERGY: -127.163282004886	 lambda: 0	 population of target: 6.99921727646103
1RDM: 
     1.99999994989444  3.02695197640043e-08   2.4779774013225e-06 -8.70824689798939e-06  -0.00014864093938351 -1.69689002840709e-11 -7.53743424686882e-05  1.44895330811201e-06  3.34215162050381e-11 -0.000147511620183333
 3.02695197640043e-08      1.99999993222667 -7.32102047170519e-06  2.73181509079952e-06 -4.63278867834797e-05  2.94803118524966e-11  1.47853295756706e-05   5.3616413127246e-05   1.1433469883929e-11  0.000241859109328707
  2.4779774013225e-06 -7.32102047170519e-06      1.99820451189925  0.000122734072981702  -0.00237665420833357  2.70757083879982e-09  -0.00403248914201246    0.0358311155494298  6.35785371512049e-10    0.0222647542778407
-8.70824689798939e-06  2.73181509079952e-06  0.000122734072981702      1.99828981041575   -0.0311926340561829 -1.71447820368339e-09   -0.0205940761408806   0.00141323492566829  7.06678857449366e-09    -0.015746641326055
 -0.00014864093938351 -4.63278867834797e-05  -0.00237665420833357   -0.0311926340561829      1.03278442299471 -1.57469401160756e-09   0.00065465092589466 -0.000128356386907611 -6.88990778704251e-09   -0.0116051517899448
-1.69689002840709e-11  2.94803118524966e-11  2.70757083879982e-09 -1.71447820368339e-09 -1.57469401160756e-09     0.997228151709028  3.12762356089092e-10  1.43817160369413e-10  6.41975007332841e-05 -3.35839918099888e-09
-7.53743424686882e-05  1.47853295756706e-05  -0.00403248914201246   -0.0205940761408806   0.00065465092589466  3.12762356089092e-10      1.00303952003701  0.000810479652677735 -9.81593846367786e-11   0.00023634166496594
 1.44895330811201e-06   5.3616413127246e-05    0.0358311155494298   0.00141323492566829 -0.000128356386907611  1.43817160369413e-10  0.000810479652677735     0.998692150618337  -2.6226797669625e-10  0.000775211838028548
 3.34215162050381e-11   1.1433469883929e-11  6.35785371512049e-10  7.06678857449366e-09 -6.88990778704251e-09  6.41975007332841e-05 -9.81593846367786e-11  -2.6226797669625e-10      1.00277675829544  2.52149620745312e-09
-0.000147511620183333  0.000241859109328707    0.0222647542778407    -0.015746641326055   -0.0116051517899448 -3.35839918099888e-09   0.00023634166496594  0.000775211838028548  2.52149620745312e-09     0.968984791909417
TOTAL ENERGY: -127.163262344835	 lambda: 0.1	 population of target: 6.99981984568585
1RDM: 
     1.99999995029974  2.94277577954782e-08  2.51417469469704e-06 -8.59513049516024e-06 -0.000147396350318715 -1.70695693192017e-11 -7.54691697791703e-05  1.41348779477964e-06  3.31332139929918e-11 -0.000148205889280776
 2.94277577954782e-08      1.99999993520709 -7.36460962114301e-06  2.50875596961325e-06 -4.97862035724644e-05  2.93809456588664e-11  1.48335065197942e-05  5.35555599095608e-05  1.22120421068582e-11  0.000240863657734275
 2.51417469469704e-06 -7.36460962114301e-06      1.99819804868651   0.00012422586378995  -0.00269542710990316  2.70386342554868e-09  -0.00402071215864322    0.0357850860490611  7.03284639307122e-10    0.0222181908401176
-8.59513049516024e-06  2.50875596961325e-06   0.00012422586378995      1.99831414051088   -0.0311600944107666 -1.74170291172985e-09   -0.0206193187927953    0.0014019695493705  7.05800227505094e-09   -0.0159471993896184
-0.000147396350318715 -4.97862035724644e-05  -0.00269542710990316   -0.0311600944107666      1.01764587003532 -7.74137640528699e-10  0.000655257024471716 -0.000139722877850702 -3.71288609938048e-09  -0.00563701688155898
-1.70695693192017e-11  2.93809456588664e-11  2.70386342554868e-09 -1.74170291172985e-09 -7.74137640528699e-10     0.998540559754177  1.76953980928724e-10  1.20325127360451e-10  3.23535297889716e-05 -1.71773447894842e-09
-7.54691697791703e-05  1.48335065197942e-05  -0.00402071215864322   -0.0206193187927953  0.000655257024471716  1.76953980928724e-10      1.00181276695965  0.000344237512003848 -1.22166753561733e-10  0.000240676191281259
 1.41348779477964e-06  5.35555599095608e-05    0.0357850860490611    0.0014019695493705 -0.000139722877850702  1.20325127360451e-10  0.000344237512003848     0.999917581297128 -1.20322495964074e-10   0.00077326680731434
 3.31332139929918e-11  1.22120421068582e-11  7.03284639307122e-10  7.05800227505094e-09 -3.71288609938048e-09  3.23535297889716e-05 -1.22166753561733e-10 -1.20322495964074e-10      1.00146421646544  1.22158789458866e-09
-0.000148205889280776  0.000240863657734275    0.0222181908401176   -0.0159471993896184  -0.00563701688155898 -1.71773447894842e-09  0.000240676191281259   0.00077326680731434  1.22158789458866e-09     0.984106930784099
TOTAL ENERGY: -127.163247692837	 lambda: 0.2	 population of target: 6.9999246199797
1RDM: 
      1.9999999503378  2.95433816562025e-08  2.54306740132637e-06 -8.57100607698858e-06 -0.000146692549712866 -1.71272266822774e-11 -7.54987635765282e-05  1.40300556272058e-06  3.29704937050521e-11 -0.000148625391815821
 2.95433816562025e-08      1.99999993550362 -7.40043090253187e-06  2.50131381007262e-06 -5.05393558530417e-05  2.93313336964281e-11  1.48473762705366e-05   5.3535738086541e-05  1.23801134952226e-11  0.000240412914919072
 2.54306740132637e-06 -7.40043090253187e-06      1.99819419460975  0.000127387764985817  -0.00279504008517761  2.70628750582411e-09  -0.00401708563375671    0.0357705837880488  7.24481322568956e-10    0.0222332385237808
-8.57100607698858e-06  2.50131381007262e-06  0.000127387764985817      1.99832031673028   -0.0311061676268969 -1.75559369835957e-09   -0.0206272204026273   0.00139854043603029  7.04510855294346e-09   -0.0160524123807456
-0.000146692549712866 -5.05393558530417e-05  -0.00279504008517761   -0.0311061676268969      1.01292584395935 -5.34948282690296e-10  0.000654541319626934  -0.00014321410469408 -2.72339042674014e-09   -0.0038615644176512
-1.71272266822774e-11  2.93313336964281e-11  2.70628750582411e-09 -1.75559369835957e-09 -5.34948282690296e-10     0.998952186397157  1.34512499039151e-10  1.13117743013222e-10  2.28922400794083e-05 -1.20581988188946e-09
-7.54987635765282e-05  1.48473762705366e-05  -0.00401708563375671   -0.0206272204026273  0.000654541319626934  1.34512499039151e-10      1.00142786592258  0.000198507966286278 -1.29505011651975e-10   0.00024279175298348
 1.40300556272058e-06   5.3535738086541e-05    0.0357705837880488   0.00139854043603029  -0.00014321410469408  1.13117743013222e-10  0.000198507966286278      1.00030208547416 -7.58842489300872e-11  0.000773659452227129
 3.29704937050521e-11  1.23801134952226e-11  7.24481322568956e-10  7.04510855294346e-09 -2.72339042674014e-09  2.28922400794083e-05 -1.29505011651975e-10 -7.58842489300872e-11      1.00105256800342  8.35591140183961e-10
-0.000148625391815821  0.000240412914919072    0.0222332385237808   -0.0160524123807456   -0.0038615644176512 -1.20581988188946e-09   0.00024279175298348  0.000773659452227129  8.35591140183961e-10     0.988825053061925
TOTAL ENERGY: -127.163238804712	 lambda: 0.3	 population of target: 6.99996119577036
1RDM: 
      1.9999999503668  2.97096352383205e-08  2.56478515062079e-06 -8.55704187234305e-06 -0.000146147396580118 -1.71700920803081e-11 -7.55126531820609e-05  1.39842294244428e-06  3.28444678531954e-11 -0.000148936954014969
 2.97096352383205e-08      1.99999993556138 -7.42419222023533e-06  2.51846848535167e-06 -5.06573189431132e-05   2.9303278070394e-11  1.48534416825066e-05   5.3526265614257e-05  1.24053109060491e-11  0.000240169316303089
 2.56478515062079e-06 -7.42419222023533e-06      1.99819135199174  0.000130169893425685  -0.00283776266222636  2.71022251403331e-09  -0.00401542012857813    0.0357637839002869   7.3352883300472e-10    0.0222624433057407
-8.55704187234305e-06  2.51846848535167e-06  0.000130169893425685      1.99832364774839   -0.0310530438932597 -1.76553435089383e-09   -0.0206309204296738   0.00139699036774405  7.03260590908383e-09   -0.0161276016525191
-0.000146147396580118 -5.06573189431132e-05  -0.00283776266222636   -0.0310530438932597      1.01073002974976 -4.30201832525841e-10   0.00065361398627721 -0.000144669756286553 -2.26245866402736e-09  -0.00304832794712513
-1.71700920803081e-11   2.9303278070394e-11  2.71022251403331e-09 -1.76553435089383e-09 -4.30201832525841e-10     0.999144149194944  1.13414159021424e-10   1.0722303237855e-10  1.85587546433094e-05 -9.65151893336154e-10
-7.55126531820609e-05  1.48534416825066e-05  -0.00401542012857813   -0.0206309204296738   0.00065361398627721  1.13414159021424e-10      1.00124833656359  0.000130617865318654 -1.30782573229643e-10  0.000244229660976111
 1.39842294244428e-06   5.3526265614257e-05    0.0357637839002869   0.00139699036774405 -0.000144669756286553   1.0722303237855e-10  0.000130617865318654      1.00048143217253 -5.29382398403976e-11  0.000774600571624876
 3.28444678531954e-11  1.24053109060491e-11   7.3352883300472e-10  7.03260590908383e-09 -2.26245866402736e-09  1.85587546433094e-05 -1.30782573229643e-10 -5.29382398403976e-11      1.00086059828839   6.5333553834138e-10
-0.000148936954014969  0.000240169316303089    0.0222624433057407   -0.0161276016525191  -0.00304832794712513 -9.65151893336154e-10  0.000244229660976111  0.000774600571624876   6.5333553834138e-10     0.991020568362451
TOTAL ENERGY: -127.163232724427	 lambda: 0.4	 population of target: 6.99997881999023
1RDM: 
     1.99999995040964  2.98677276907916e-08  2.58268171460442e-06 -8.54475116787456e-06 -0.000145671951878785 -1.72019348094511e-11 -7.55202125007458e-05  1.39621485493701e-06  3.27351606201761e-11 -0.000149180076987529
 2.98677276907916e-08       1.9999999355726 -7.44212548358696e-06  2.54094038916086e-06 -5.05208176854685e-05  2.92884624066206e-11  1.48564231925807e-05  5.35210385221948e-05  1.23730026254166e-11  0.000240053194120088
 2.58268171460442e-06 -7.44212548358696e-06      1.99818898439503  0.000132677728140906  -0.00285471314726443  2.71441112900004e-09   -0.0040145478960614    0.0357601205898555  7.37186371996048e-10    0.0222972990037765
-8.54475116787456e-06  2.54094038916086e-06  0.000132677728140906      1.99832610592462   -0.0310020683965726 -1.77303512645488e-09   -0.0206329162551024   0.00139619947807415  7.02072521888513e-09   -0.0161868869491155
-0.000145671951878785 -5.05208176854685e-05  -0.00285471314726443   -0.0310020683965726      1.00955875747659 -3.66905742526073e-10  0.000652627715153305 -0.000145205886590704 -2.01778399808976e-09  -0.00261671640122921
-1.72019348094511e-11  2.92884624066206e-11  2.71441112900004e-09 -1.77303512645488e-09 -3.66905742526073e-10     0.999246748178992  1.04232262833322e-10   1.0812294681475e-10  1.62551252817467e-05 -8.40489343573236e-10
-7.55202125007458e-05  1.48564231925807e-05   -0.0040145478960614   -0.0206329162551024  0.000652627715153305  1.04232262833322e-10      1.00115238125771  9.43441589907773e-05 -1.34393792861332e-10  0.000245315859883893
 1.39621485493701e-06  5.35210385221948e-05    0.0357601205898555   0.00139619947807415 -0.000145205886590704   1.0812294681475e-10  9.43441589907773e-05      1.00057729015623 -4.41365615988367e-11  0.000775766089134061
 3.27351606201761e-11  1.23730026254166e-11  7.37186371996048e-10  7.02072521888513e-09 -2.01778399808976e-09  1.62551252817467e-05 -1.34393792861332e-10 -4.41365615988367e-11      1.00075799644715  5.65178607640945e-10
-0.000149180076987529  0.000240053194120088    0.0222972990037765   -0.0161868869491155  -0.00261671640122921 -8.40489343573236e-10  0.000245315859883893  0.000775766089134061  5.65178607640945e-10     0.992191850181427
TOTAL ENERGY: -127.163227983043	 lambda: 0.5	 population of target: 6.99998943511233
1RDM: 
     1.99999995046813  3.00154404865591e-08  2.59851271618587e-06 -8.53205513128965e-06   -0.0001452289099468 -1.72281912722244e-11 -7.55244118907378e-05  1.39527280190342e-06  3.26332817876017e-11 -0.000149374474653338
 3.00154404865591e-08      1.99999993556575 -7.45729640726779e-06  2.56510231843075e-06 -5.02443582093013e-05  2.92852323339461e-11  1.48577931600423e-05  5.35180564892458e-05  1.23095592973879e-11  0.000240037203598808
 2.59851271618587e-06 -7.45729640726779e-06       1.9981868556668  0.000135042150780054  -0.00285589758491788  2.71910389692452e-09  -0.00401409864576749    0.0357581300571954  7.37380048672272e-10     0.022335929565197
-8.53205513128965e-06  2.56510231843075e-06  0.000135042150780054      1.99832823710769   -0.0309522733599648 -1.77936575872067e-09   -0.0206340056490987   0.00139581363304815  7.00915767252251e-09   -0.0162361038947577
  -0.0001452289099468 -5.02443582093013e-05  -0.00285589758491788   -0.0309522733599648      1.00893374367603  -3.3571124234543e-10  0.000651602637764464 -0.000145179128007697 -1.88687504027742e-09    -0.002385422187125
-1.72281912722244e-11  2.92852323339461e-11  2.71910389692452e-09 -1.77936575872067e-09  -3.3571124234543e-10     0.999301678148378  9.86414342717786e-11  1.07308020166831e-10  1.50141830453072e-05   -7.726993797304e-10
-7.55244118907378e-05  1.48577931600423e-05  -0.00401409864576749   -0.0206340056490987  0.000651602637764464  9.86414342717786e-11      1.00110101521958  7.49173624611756e-05  -1.3515645911516e-10  0.000246178777951483
 1.39527280190342e-06  5.35180564892458e-05    0.0357581300571954   0.00139581363304815 -0.000145179128007697  1.07308020166831e-10  7.49173624611756e-05      1.00062860382743 -3.83111178816353e-11  0.000777080749261985
 3.26332817876017e-11  1.23095592973879e-11  7.37380048672272e-10  7.00915767252251e-09 -1.88687504027742e-09  1.50141830453072e-05  -1.3515645911516e-10 -3.83111178816353e-11      1.00070306518227  5.14913800863578e-10
-0.000149374474653338  0.000240037203598808     0.022335929565197   -0.0162361038947577    -0.002385422187125   -7.726993797304e-10  0.000246178777951483  0.000777080749261985  5.14913800863578e-10     0.992816915138014
TOTAL ENERGY: -127.163223682625	 lambda: 0.6	 population of target: 6.99999727733751
1RDM: 
     1.99999995054197  3.01575291966822e-08  2.61336133235375e-06 -8.51806215442112e-06 -0.000144796085148922 -1.72498914654639e-11 -7.55264056491387e-05  1.39513677796708e-06  3.25338928875244e-11 -0.000149533868349882
 3.01575291966822e-08      1.99999993554464 -7.47137976991266e-06  2.59036297280724e-06 -4.98671039074772e-05  2.92925788921744e-11  1.48581072731111e-05  5.35165218838282e-05  1.22235885161769e-11  0.000240113476377147
 2.61336133235375e-06 -7.47137976991266e-06      1.99818482730151  0.000137365429561638  -0.00284512260310076  2.72420127069845e-09  -0.00401392807403285    0.0357572408216642  7.34979942075766e-10    0.0223784759085419
-8.51806215442112e-06  2.59036297280724e-06  0.000137365429561638      1.99833026916769   -0.0309021140669588  -1.7848206824388e-09   -0.0206344999531072    0.0013956969173572  6.99754797164242e-09   -0.0162786282722473
-0.000144796085148922 -4.98671039074772e-05  -0.00284512260310076   -0.0309021140669588      1.00866939198077 -3.22138563023324e-10   0.00065052202303986 -0.000144723728887733 -1.83155331542495e-09  -0.00228450639659077
-1.72498914654639e-11  2.92925788921744e-11  2.72420127069845e-09  -1.7848206824388e-09 -3.22138563023324e-10     0.999325177602719  9.62939196099007e-11  1.07066039970509e-10  1.44618809252312e-05 -7.44075662949275e-10
-7.55264056491387e-05  1.48581072731111e-05  -0.00401392807403285   -0.0206344999531072   0.00065052202303986  9.62939196099007e-11      1.00107904717401   6.6584996007793e-05 -1.35334913057265e-10  0.000246887608629597
 1.39513677796708e-06  5.35165218838282e-05    0.0357572408216642    0.0013956969173572 -0.000144723728887733  1.07066039970509e-10   6.6584996007793e-05      1.00065054890896 -3.59169083117022e-11  0.000778544864923764
 3.25338928875244e-11  1.22235885161769e-11  7.34979942075766e-10  6.99754797164242e-09 -1.83155331542495e-09  1.44618809252312e-05 -1.35334913057265e-10 -3.59169083117022e-11      1.00067956520699  4.92961989820266e-10
-0.000149533868349882  0.000240113476377147    0.0223784759085419   -0.0162786282722473  -0.00228450639659077 -7.44075662949275e-10  0.000246887608629597  0.000778544864923764  4.92961989820266e-10     0.993081286570827
TOTAL ENERGY: -127.163219016096	 lambda: 0.7	 population of target: 7.00000445460851
1RDM: 
     1.99999995063082  3.03000327486008e-08  2.62807287064662e-06 -8.50209539640676e-06 -0.000144355967545688 -1.72686855470631e-11 -7.55266024142486e-05  1.39572453947504e-06  3.24329735325575e-11 -0.000149670463246571
 3.03000327486008e-08      1.99999993550754 -7.48550651011917e-06  2.61703593016156e-06 -4.93975313141139e-05  2.93110670467313e-11  1.48575760178097e-05  5.35161759970283e-05  1.21170428871945e-11  0.000240286362441426
 2.62807287064662e-06 -7.48550651011917e-06      1.99818279235957  0.000139736782040053  -0.00282355041620793  2.72985598804899e-09  -0.00401398544468212     0.035757243243242  7.30232332655912e-10    0.0224261347849734
-8.50209539640676e-06  2.61703593016156e-06  0.000139736782040053      1.99833233555317   -0.0308495871658311 -1.78972854742109e-09   -0.0206345125720461   0.00139580176942244  6.98542580932202e-09   -0.0163169840563613
-0.000144355967545688 -4.93975313141139e-05  -0.00282355041620793   -0.0308495871658311      1.00869967033946 -3.22786060259056e-10  0.000649349267753326 -0.000143878750806023  -1.8380065553286e-09  -0.00228848394852266
-1.72686855470631e-11  2.93110670467313e-11  2.72985598804899e-09 -1.78972854742109e-09 -3.22786060259056e-10     0.999323115479084  9.65869016262909e-11  1.07298066399368e-10  1.44592754703586e-05 -7.47473523708344e-10
-7.55266024142486e-05  1.48575760178097e-05  -0.00401398544468212   -0.0206345125720461  0.000649349267753326  9.65869016262909e-11      1.00108099306464  6.72663399391608e-05 -1.35027399542437e-10  0.000247489364697604
 1.39572453947504e-06  5.35161759970283e-05     0.035757243243242   0.00139580176942244 -0.000143878750806023  1.07298066399368e-10  6.72663399391608e-05      1.00064860372671 -3.63227153824307e-11  0.000780197923875204
 3.24329735325575e-11  1.21170428871945e-11  7.30232332655912e-10  6.98542580932202e-09  -1.8380065553286e-09  1.44592754703586e-05 -1.35027399542437e-10 -3.63227153824307e-11      1.00068162733706   4.9375631936381e-10
-0.000149670463246571  0.000240286362441426    0.0224261347849734   -0.0163169840563613  -0.00228848394852266 -7.47473523708344e-10  0.000247489364697604  0.000780197923875204   4.9375631936381e-10     0.993050976002029
TOTAL ENERGY: -127.16321285919	 lambda: 0.8	 population of target: 7.00001264225045
1RDM: 
     1.99999995073402  3.04504528364917e-08  2.64353663033086e-06 -8.48335576351345e-06 -0.000143890762655403 -1.72863658381697e-11 -7.55251114590302e-05  1.39710507355466e-06  3.23263784200644e-11 -0.000149798476056928
 3.04504528364917e-08      1.99999993545006 -7.50069005553007e-06  2.64590165248358e-06 -4.88253264376745e-05  2.93427202261464e-11  1.48560984618174e-05  5.35169221273159e-05  1.19876201437854e-11  0.000240572965170961
 2.64353663033086e-06 -7.50069005553007e-06      1.99818063986624  0.000142249170692485  -0.00279065367403365  2.73633333462555e-09  -0.00401427556635662    0.0357581489569425  7.23020067968207e-10     0.022481175634761
-8.48335576351345e-06  2.64590165248358e-06  0.000142249170692485      1.99833454527278   -0.0307918871616283 -1.79439757420249e-09   -0.0206340396119592   0.00139613433481691  6.97214612948352e-09   -0.0163536423414134
-0.000143890762655403 -4.88253264376745e-05  -0.00279065367403365   -0.0307918871616283      1.00903140017665 -3.37752147926811e-10  0.000648023757972976  -0.00014262084360319 -1.90768149381777e-09  -0.00239807539603064
-1.72863658381697e-11  2.93427202261464e-11  2.73633333462555e-09 -1.79439757420249e-09 -3.37752147926811e-10     0.999295094682635  9.95701890299112e-11   1.0801806935177e-10  1.50040029918294e-05 -7.83652054354068e-10
-7.55251114590302e-05  1.48560984618174e-05  -0.00401427556635662   -0.0206340396119592  0.000648023757972976  9.95701890299112e-11      1.00110722711358  7.70907104456602e-05 -1.34209763931392e-10  0.000248026989981976
 1.39710507355466e-06  5.35169221273159e-05    0.0357581489569425   0.00139613433481691  -0.00014262084360319   1.0801806935177e-10  7.70907104456602e-05      1.00062239449921 -3.95781107351793e-11  0.000782117292312884
 3.23263784200644e-11  1.19876201437854e-11  7.23020067968207e-10  6.97214612948352e-09 -1.90768149381777e-09  1.50040029918294e-05 -1.34209763931392e-10 -3.95781107351793e-11      1.00070964866749  5.17455798041523e-10
-0.000149798476056928  0.000240572965170961     0.022481175634761   -0.0163536423414134  -0.00239807539603064 -7.83652054354068e-10  0.000248026989981976  0.000782117292312884  5.17455798041523e-10     0.992719163537338
TOTAL ENERGY: -127.163203017899	 lambda: 0.9	 population of target: 7.00002417080293
1RDM: 
      1.9999999508491  3.06202259003037e-08  2.66103896425042e-06 -8.46058686251965e-06 -0.000143377406565878  -1.7305589190206e-11 -7.55213784810978e-05  1.39944900083154e-06  3.22088247837628e-11 -0.000149939546296897
 3.06202259003037e-08      1.99999993536407 -7.51821564028541e-06   2.6782560141247e-06 -4.81202928819592e-05  2.93918367281823e-11  1.48534881409078e-05  5.35190646515036e-05  1.18285785502369e-11  0.000241010304146494
 2.66103896425042e-06 -7.51821564028541e-06       1.9981782157065  0.000145019122364664  -0.00274411580575368  2.74412820180722e-09  -0.00401486076400292    0.0357601919960863  7.12874379357248e-10     0.022547640507098
-8.46058686251965e-06   2.6782560141247e-06  0.000145019122364664      1.99833702149672   -0.0307245029980053 -1.79924270265075e-09   -0.0206329528127356   0.00139675876531577  6.95666043641661e-09   -0.0163918510680813
-0.000143377406565878 -4.81202928819592e-05  -0.00274411580575368   -0.0307245029980053      1.00974857098179 -3.70869780382668e-10  0.000646443464964349  -0.00014086141780833 -2.05834934767529e-09  -0.00264062291822377
 -1.7305589190206e-11  2.93918367281823e-11  2.74412820180722e-09 -1.79924270265075e-09 -3.70869780382668e-10     0.999234229668091  1.05953867329099e-10  1.09374118683595e-10   1.6228079433682e-05  -8.6185081928215e-10
-7.55213784810978e-05  1.48534881409078e-05  -0.00401486076400292   -0.0206329528127356  0.000646443464964349  1.05953867329099e-10      1.00116420063725  9.84725195906034e-05 -1.32744995206062e-10  0.000248550421223784
 1.39944900083154e-06  5.35190646515036e-05    0.0357601919960863   0.00139675876531577  -0.00014086141780833  1.09374118683595e-10  9.84725195906034e-05      1.00056547615925 -4.64253116663516e-11  0.000784443700622536
 3.22088247837628e-11  1.18285785502369e-11  7.12874379357248e-10  6.95666043641661e-09 -2.05834934767529e-09   1.6228079433682e-05 -1.32744995206062e-10 -4.64253116663516e-11       1.0007705149965  5.69904540418464e-10
-0.000149939546296897  0.000241010304146494     0.022547640507098   -0.0163918510680813  -0.00264062291822377  -8.6185081928215e-10  0.000248550421223784  0.000784443700622536  5.69904540418464e-10     0.992001884140734
TOTAL ENERGY: -127.163184028378	 lambda: 1	 population of target: 7.00004404847268
1RDM: 
     1.99999995096577  3.08320797373236e-08  2.68309018248709e-06 -8.43140357570279e-06 -0.000142778669455033   -1.733154140329e-11 -7.55141678627322e-05  1.40340339290774e-06  3.20716479526756e-11 -0.000150135807877346
 3.08320797373236e-08      1.99999993523221 -7.54038332184393e-06  2.71632512848836e-06 -4.72176658182257e-05  2.94675647664473e-11  1.48491225977329e-05   5.3523385412453e-05  1.16255222804514e-11  0.000241677067549504
 2.68309018248709e-06 -7.54038332184393e-06       1.9981752342312   0.00014822205810783  -0.00267857728930225  2.75414499362662e-09  -0.00401590432091768    0.0357640015886699  6.98651421957411e-10    0.0226334289657522
-8.43140357570279e-06  2.71632512848836e-06   0.00014822205810783      1.99833994707412   -0.0306389048982807 -1.80494497478019e-09   -0.0206309123514203   0.00139783742278568  6.93702281860168e-09   -0.0164373087599022
-0.000142778669455033 -4.72176658182257e-05  -0.00267857728930225   -0.0306389048982807      1.01107367904535 -4.32118669230025e-10   0.00064441024895294 -0.000138396416144475 -2.33678302431762e-09  -0.00308971151343604
  -1.733154140329e-11  2.94675647664473e-11  2.75414499362662e-09 -1.80494497478019e-09 -4.32118669230025e-10     0.999122246780609  1.17657368073763e-10  1.11712923507636e-10  1.84899209475998e-05 -1.00632047349486e-09
-7.55141678627322e-05  1.48491225977329e-05  -0.00401590432091768   -0.0206309123514203   0.00064441024895294  1.17657368073763e-10      1.00126901903801  0.000137822110633373 -1.30243084312203e-10  0.000249146354682497
 1.40340339290774e-06   5.3523385412453e-05    0.0357640015886699   0.00139783742278568 -0.000138396416144475  1.11712923507636e-10  0.000137822110633373      1.00046076051922 -5.88567161968762e-11  0.000787451835074307
 3.20716479526756e-11  1.16255222804514e-11  6.98651421957411e-10  6.93702281860168e-09 -2.33678302431762e-09  1.84899209475998e-05 -1.30243084312203e-10 -5.88567161968762e-11      1.00088250076854  6.67061250780073e-10
-0.000150135807877346  0.000241677067549504    0.0226334289657522   -0.0164373087599022  -0.00308971151343604 -1.00632047349486e-09  0.000249146354682497  0.000787451835074307  6.67061250780073e-10     0.990676726344992
-------------------general-----------------------
mullikenoperator: 
   0.0016989856458385   -0.0408035944204039  -0.00187673525393072   0.00525651093572082  2.04034616642655e-05 -2.07970145916105e-12 -5.00864564502279e-05 -9.79555842439027e-05 -4.72210324524362e-12 -1.68839607093255e-05
  -0.0408035944204039     0.998240134368109  -0.00885936094560337  -0.00363943165385893   2.6594846689302e-05  5.49521807874621e-12  0.000143839074237936 -0.000279017757527646 -5.94672796746236e-12  4.77638063613614e-05
 -0.00187673525393072  -0.00885936094560336     0.161990028173111    -0.367258309336027   0.00279230003699611  4.58412767623325e-10    0.0264000938283444  -0.00817549135936461 -6.25218441669483e-10   0.00414396204853625
  0.00525651093572082  -0.00363943165385894    -0.367258309336027     0.838481256646221   0.00400514514474718 -2.72639728993292e-10   -0.0012313074606506   -0.0221141164756489 -9.23091298724335e-10  -0.00211141245933916
 2.04034616642657e-05   2.6594846689302e-05   0.00279230003699611   0.00400514514474718     0.666589421740944 -5.79665974322735e-08 -9.40407898874299e-05  0.000105515775474333 -3.65108285866809e-08     0.471407228922056
-2.07970146772178e-12  5.49521806866605e-12  4.58412768459996e-10 -2.72639725850936e-10  -5.7966597432281e-08     0.489337967899307 -1.94662612505626e-10  5.90127782731737e-10    -0.499886310878575 -1.95435109453063e-08
 -5.0086456450228e-05  0.000143839074237936    0.0264000938283444   -0.0012313074606506 -9.40407898874299e-05 -1.94662674958774e-10     0.676264876705851     -0.46715327484292  -5.8124472480707e-10  2.70427759702003e-05
-9.79555842439027e-05 -0.000279017757527646  -0.00817549135936461   -0.0221141164756489  0.000105515775474333   5.9012781824957e-10     -0.46715327484292     0.323331303718716 -5.25899624268915e-11  0.000145416644897281
-4.72210323372471e-12 -5.94672797842464e-12 -6.25218442608631e-10 -9.23091301353972e-10 -3.65108285866669e-08    -0.499886310878575 -5.81244779723409e-10 -5.25899274017271e-11       0.5106620321007 -4.77291565165395e-08
-1.68839607093254e-05  4.77638063613614e-05   0.00414396204853625  -0.00211141245933916     0.471407228922056  -1.9543510945321e-08  2.70427759702003e-05  0.000145416644897281 -4.77291565165265e-08     0.333403993001209
selected BF: 
0 1 2 3 4
selected lambdas: 
  -1 -0.9 -0.8 -0.7 -0.6 -0.5 -0.4 -0.3 -0.2 -0.1    0  0.1  0.2  0.3  0.4  0.5  0.6  0.7  0.8  0.9    1
RHF C: 
 1.53685246887873e-06    -0.995361703121023     0.260235592503404    0.0020058971959836 -2.60029904194816e-12 -6.45523395952077e-13   0.00121142002000834  0.000133274902002274 -9.71134413986169e-15  6.42348253696659e-13
-3.33916713406453e-06   -0.0190080476098982     -1.02860350297741  -0.00794710966589262  1.04010282264324e-11  2.57861816810863e-12  -0.00486647837661494  -0.00051938103155408  3.32715789608397e-14 -2.55555744655042e-12
 8.03713944716177e-14 -6.72571621568023e-15  7.38440402169016e-12  8.52365282140905e-12     0.959630283695935   0.00135754134896333  1.19519447902571e-09 -6.71246421172914e-09     0.281261107655054  0.000275581273486929
 2.16767929121854e-14  7.49805440519586e-17  2.15973221087672e-12  2.05519331859644e-12     0.281264372208332  -0.00463172012059268  3.26923209078945e-10 -1.82418336469175e-09     -0.95961914554687  8.07719927809109e-05
-7.08524867688548e-07 -5.20898541045088e-06 -0.000332895001412253   0.00469921477446253 -7.06379883808927e-09 -5.01289825570423e-11     0.167654042340808    -0.985836034626066  -1.3901292478924e-10 -1.32224634661102e-11
     0.99505267534868  2.72136775176293e-07   0.00192068404244062    -0.263044896176474 -8.15041804290839e-12 -5.55978545105736e-12   0.00528301793230562 -0.000547818433333317 -5.67996211738158e-14  5.21485752247265e-12
   0.0200955719465776  2.17410581761746e-06  -0.00749510337604435      1.02881066542384  3.20223256136905e-11  2.20403983076957e-11   -0.0209528075586625   0.00215858982182808  2.23120750806067e-13 -2.03276351110798e-11
 1.70846370014671e-13 -4.05903259036774e-14 -8.57339194529043e-12   2.2680332077754e-11  0.000175258656004479     0.281261067256889  2.38552579794572e-09  4.03309077826812e-10  -0.00138694583625651    -0.959630277054871
 4.83292330333486e-14  2.29125225702335e-15   1.0224648242263e-13  7.04329431319415e-12  5.13676833726396e-05    -0.959618625882317 -3.92140912958019e-10 -1.51220923616629e-11   0.00473204139237163    -0.281264482177537
-7.24264279142683e-05  6.54154236807607e-06   0.00421425677607349   -0.0196827326372361  4.51350246392627e-11  1.05359640251015e-09    -0.985384462103849    -0.169159405671318 -6.21317190608458e-12 -2.21232490349505e-09
RDM (no constraint): 
     1.99999999365402  4.03918443064763e-12 -3.66825462194944e-07 -1.64221246033788e-06  2.13057477570201e-15  7.67404991531326e-14 -7.47534613195184e-05 -1.11290506040257e-06 -4.54959700750221e-16   1.3975535586989e-14
 4.03918443064763e-12       1.9999999912167 -2.31586999801671e-06  9.78571095055582e-08  3.66973521188037e-13 -1.05768151916075e-14  1.64390957793392e-05  5.47843501525117e-05  9.13738923123843e-15  1.85887840915469e-14
-3.66825462194944e-07 -2.31586999801671e-06      1.99865797487159 -0.000122682711463474  2.46508313797454e-10  8.70818028202216e-13  -0.00281944954277324     0.036051202564801  5.00251656989285e-12 -5.10431620016283e-13
-1.64221246033788e-06  9.78571095055582e-08 -0.000122682711463474      1.99956300539749  2.17235059207533e-11  2.16286905962976e-11   -0.0203792548161915  0.000741506956689463   2.8850315596307e-14 -2.04051983596268e-11
 2.13057477570201e-15  3.66973521188037e-13  2.46508313797454e-10  2.17235059207533e-11     0.999998735237677  2.98035130308732e-10 -2.31139673428298e-10 -3.39079820295789e-11  -1.5083922167674e-12  -0.00277504749209082
 7.67404991531326e-14 -1.05768151916075e-14  8.70818028202216e-13  2.16286905962976e-11  2.98035130308732e-10      1.00003455618724 -8.90512821760189e-12  3.44982272405895e-11   0.00277488294918937   1.5397667163774e-12
-7.47534613195184e-05  1.64390957793392e-05  -0.00281944954277324   -0.0203792548161915 -2.31139673428298e-10 -8.90512821760189e-12      1.01244698274915    -0.031915326850087 -1.70773550024062e-12   1.0945338352281e-11
-1.11290506040257e-06  5.47843501525117e-05     0.036051202564801  0.000741506956689463 -3.39079820295789e-11  3.44982272405895e-11    -0.031915326850087      0.98932223209886 -5.62878693707223e-13 -5.46058127465967e-11
-4.54959700750221e-16  9.13738923123843e-15  5.00251656989285e-12   2.8850315596307e-14  -1.5083922167674e-12   0.00277488294918937 -1.70773550024062e-12 -5.62878693707223e-13     0.999970353820861   2.9802849659842e-10
  1.3975535586989e-14  1.85887840915469e-14 -5.10431620016283e-13 -2.04051983596268e-11  -0.00277504749209082   1.5397667163774e-12   1.0945338352281e-11 -5.46058127465967e-11   2.9802849659842e-10      1.00000617476642
RDM Eigenvectors: 
    0.999145954954035   -0.0408250386351524  -0.00565522363530695  -0.00294781773971149 -6.30169295843678e-05 -2.33739463497741e-15 -1.84467006964428e-13 -6.64967285556426e-14  5.18767417249166e-17  4.20059876094772e-05
   0.0408094692939169      0.99911674212661   0.00251374426589147   -0.0096954009899452 -1.82893002373542e-05  1.09333112074853e-14  3.15918990081903e-14   2.2669691443219e-14 -8.13468242626574e-15 -5.26609038107962e-05
-0.000781051859646168  -0.00984764360063749     0.408533020495051    -0.911979854410165   -0.0236428701222947  1.77310389288745e-12  3.65075619078684e-13  1.12370864110528e-11 -1.77588086674447e-12   -0.0271467287364635
  -0.0064290771802792  -0.00140632229637953    -0.912462084474762    -0.408583155142051   -0.0177946897210457  -3.1520783727333e-14 -2.29900549285755e-11 -1.05723721756463e-11 -5.69161802915766e-13    0.0106201681756635
-3.28482373691245e-13 -2.10154058694898e-12  7.64013243634958e-11 -2.35405045584734e-10  4.97169887535794e-09 -1.63471873084987e-07    -0.706632708171604     0.707580536576589 -1.58571284585604e-07  5.01224575190777e-09
-6.52013984928348e-14 -6.40056182156833e-14 -1.90681147978486e-11 -1.08987648151965e-11  7.88868145831403e-10    -0.711184824036477  8.85331428861346e-08  8.16558899215637e-08     0.703005082527994 -7.00282620278639e-10
 6.10285440594638e-05  8.65799279887874e-05    0.0172321894062194    0.0121093127599974    -0.822304376245208 -7.57096945450329e-10 -2.41728576716405e-09 -6.62260802324905e-10   7.2394358897999e-10     0.568657997200568
-3.33924872965629e-05 -0.000300831810959174    0.0133591446145097   -0.0332148249864084     0.568277988498992  6.53927531350059e-12  4.64257108649685e-09 -5.19221221139997e-09  1.87650783762176e-10     0.822057385362478
-4.44064204881913e-15 -4.03115449495042e-14  1.92749294550249e-12 -4.60637368496079e-12  9.27545116381698e-11     -0.70300508252798  1.63017280587719e-07 -1.58994913560906e-07    -0.711184824036465  1.03594765330281e-10
 1.49711118906637e-13  7.49261665795914e-14  1.76577689563171e-11  1.14026268399401e-11 -1.57332076149924e-09  8.76943740787778e-08     0.707580536576602     0.706632708171618  -8.2471869779189e-08  1.55490419919852e-09
Total C: 
   0.0391596120329827     -0.99384776159096     0.114287460918724    -0.236874897519864  -0.00076172626129889  1.13665406456527e-10   0.00442254080546871   0.00370933580616271  1.77285565494106e-10  0.000951353637253783
  0.00661307743496808   -0.0214999906143913    -0.412783704960785     0.941835504475192    0.0030713088088553  -4.5536426962309e-10   -0.0178229703407659    -0.013471582769764 -7.14522825077278e-10  -0.00381043702411854
 -6.0461377937432e-05 -1.75654788040982e-05   -0.0226958952981737    -0.017073396436199 -4.56436534288528e-08       0.1967625261504    -0.788951470162731     0.545563310995183    -0.200982989734984 -2.84840088654741e-08
-1.77210242273718e-05 -5.14838208131338e-06  -0.00665208971682392  -0.00500415442314897  1.52802191921491e-07    -0.671323127329846    -0.231238993200269     0.159902750708036     0.685722695979494  7.72353127972257e-08
-1.24650952405049e-05 -5.16308834213036e-05  -0.00442153580031388  -0.00161625391954088    -0.816028220333582 -6.57185001323051e-08  5.11733061662958e-05 -0.000160527326140021  1.84207503696073e-07    -0.577995249722193
    0.994967390944326    0.0431629973521677     0.239899118549247     0.099325891427927  -0.00412077886808682  4.29669046178823e-10  -0.00309146868965271   0.00872942154728929  9.53483480042684e-10   0.00335105423733545
   0.0170879608203781  -0.00917131090533131    -0.941332315183845    -0.413644909113653    0.0163333150505875 -1.70534543269934e-09    0.0123302596805028   -0.0342725661682713 -3.77928132560805e-09   -0.0133004686319128
-4.03212616367036e-05  5.05317920837933e-05    0.0260466791771791   -0.0101945536036389 -5.19676920550944e-08    -0.201003631925331    -0.545845547576675    -0.788771560833185    -0.196741585067727  2.52599313866905e-08
-1.18180293579245e-05  1.48107022880616e-05   0.00763419611331746  -0.00298799017749749  1.54977176513699e-07     0.685792852936817    -0.159985536259531    -0.231186353696036     0.671251415229684 -8.52689922375371e-08
-3.84430871962373e-05  0.000205005629795687    0.0196719109015199   0.00419713991605357      0.57661098801973 -1.01805580688034e-07 -0.000165726149404638  0.000710052346694181 -1.34475376386361e-07    -0.816772435372062
Basis set used: STO-3G
Naturals: 
 1.99999999997908  1.99999999883393  1.99999193684851  1.99995342712352  1.03398094444334  1.00277752362801  1.00277750498718 0.997227405016911 0.997227386380094 0.966063872759445
Version: Tmhuysen's fci hack
