The Davidson algorithm did not converge.lambda: -1
The Davidson algorithm did not converge.lambda: -0.9
The Davidson algorithm did not converge.lambda: -0.8
The Davidson algorithm did not converge.lambda: -0.7
The Davidson algorithm did not converge.lambda: -0.6
The Davidson algorithm did not converge.lambda: -0.5
The Davidson algorithm did not converge.lambda: -0.4
The Davidson algorithm did not converge.lambda: -0.3
The Davidson algorithm did not converge.lambda: -0.2
The Davidson algorithm did not converge.lambda: -0.1
TOTAL ENERGY: -127.163771877356	 lambda: 0	 population of target: 6.99619618016384
1RDM: 
     1.99999992525294 -4.23262882975109e-08  7.29734802642697e-06  1.44228754417238e-05 -0.000190564875900094 -1.98233522297474e-12  2.66745668006473e-12  1.77266769164152e-12 -2.77326052206774e-12 -0.000151482907906168
-4.23262882975109e-08      1.99999990169779  -4.5029336092927e-06  9.10599506110302e-06  5.49406745721304e-05 -1.89133760663701e-14  1.35347007649066e-12 -2.59410917934683e-12 -3.17015834621333e-12 -0.000253796439398708
 7.29734802642697e-06  -4.5029336092927e-06      1.99815619785607  -0.00129711805756624    0.0404294737535077   1.5569130263285e-11 -3.45231664341809e-13 -6.42830889091041e-10  1.70335480459475e-11   -0.0080321202161719
 1.44228754417238e-05  9.10599506110302e-06  -0.00129711805756624      1.99702069620374    0.0361566565372972  2.05420530437567e-10 -4.36124267040384e-10 -2.76888807277561e-10  4.97299303649068e-10    0.0387121664290468
-0.000190564875900094  5.49406745721304e-05    0.0404294737535077    0.0361566565372972       1.0780047374633  5.81922643286444e-10 -3.62963845580175e-10 -1.03840690432264e-09  7.13363899974459e-10   0.00103255783373766
-1.98233522297474e-12 -1.89133760663701e-14   1.5569130263285e-11  2.05420530437567e-10  5.81922643286444e-10      1.00712147779102  9.48528820716812e-14  1.65835430018282e-05 -4.47585413778084e-09  -9.2720834991499e-11
 2.66745668006473e-12  1.35347007649066e-12 -3.45231664341809e-13 -4.36124267040384e-10 -3.62963845580175e-10  9.48528820716812e-14       1.0071214777912  4.39145635908887e-09  1.65835430842428e-05  4.57450682829696e-10
 1.77266769164152e-12 -2.59410917934683e-12 -6.42830889091041e-10 -2.76888807277561e-10 -1.03840690432264e-09  1.65835430018282e-05  4.39145635908887e-09     0.992887212878381 -1.01713237037679e-13 -2.92314608966906e-10
-2.77326052206774e-12 -3.17015834621333e-12  1.70335480459475e-11  4.97299303649068e-10  7.13363899974459e-10 -4.47585413778084e-09  1.65835430842428e-05 -1.01713237037679e-13     0.992887212878564 -5.73817315147985e-10
-0.000151482907906168 -0.000253796439398708   -0.0080321202161719    0.0387121664290468   0.00103255783373766  -9.2720834991499e-11  4.57450682829696e-10 -2.92314608966906e-10 -5.73817315147985e-10     0.926801160186989
TOTAL ENERGY: -127.163676221054	 lambda: 0.1	 population of target: 6.99912326337213
1RDM: 
      1.9999999323354 -2.98573234779761e-08  7.27927399698746e-06  1.35848878624912e-05  -0.00018857151197156 -1.97126383628299e-12  2.68645666521699e-12  1.72938617887511e-12 -2.79624417746954e-12 -0.000155964719077683
-2.98573234779761e-08       1.9999999252017 -4.91192871501756e-06  7.58995457017753e-06  6.45752387679288e-05  6.25387786604069e-14  1.30476941472995e-12 -2.70831280320697e-12 -3.08306520432044e-12  -0.00025372425283371
 7.27927399698746e-06 -4.91192871501756e-06      1.99805718598659  -0.00129999681772066    0.0422603795607475  2.98027100803365e-11 -8.33801289046812e-12 -6.65389707683699e-10  3.20690389869485e-11   -0.0081827085245668
 1.35848878624912e-05  7.58995457017753e-06  -0.00129999681772066      1.99712019530272    0.0361231723360576  2.04738206145891e-10 -4.36849061164198e-10 -2.76015508952902e-10  4.98600253545049e-10    0.0388354136180112
 -0.00018857151197156  6.45752387679288e-05    0.0422603795607475    0.0361231723360576      1.04233098634159  3.09150074453809e-10 -2.04232403487405e-10 -5.56712028977243e-10  3.91571556671622e-10   0.00211203404241917
-1.97126383628299e-12  6.25387786604069e-14  2.98027100803365e-11  2.04738206145891e-10  3.09150074453809e-10      1.00377222588891  5.39486889413753e-14  8.78562167729277e-06  9.69901836378974e-06 -3.52594192091498e-11
 2.68645666521699e-12  1.30476941472995e-12 -8.33801289046812e-12 -4.36849061164198e-10 -2.04232403487405e-10  5.39486889413753e-14      1.00377222588901 -9.69906305042808e-06    8.785621720926e-06  2.27435161811584e-10
 1.72938617887511e-12 -2.70831280320697e-12 -6.65389707683699e-10 -2.76015508952902e-10 -5.56712028977243e-10  8.78562167729277e-06 -9.69906305042808e-06     0.996235586589514 -5.01288948565425e-14 -1.68667481846069e-10
-2.79624417746954e-12 -3.08306520432044e-12  3.20690389869485e-11  4.98600253545049e-10  3.91571556671622e-10  9.69901836378974e-06    8.785621720926e-06 -5.01288948565425e-14     0.996235586589612 -2.81269045482782e-10
-0.000155964719077683  -0.00025372425283371   -0.0081827085245668    0.0388354136180112   0.00211203404241917 -3.52594192091498e-11  2.27435161811584e-10 -1.68667481846069e-10 -2.81269045482782e-10     0.962476149874998
TOTAL ENERGY: -127.163604767243	 lambda: 0.2	 population of target: 6.99963418197661
1RDM: 
     1.99999993384799 -2.80425655501565e-08  7.20044564239483e-06  1.34140675130947e-05 -0.000187246376625719 -1.96262019409501e-12  2.69180284681973e-12  1.70497757459609e-12 -2.80232202185473e-12 -0.000157916114191649
-2.80425655501565e-08      1.99999992784226   -5.104095025327e-06  7.42094958949413e-06  6.70268338947901e-05  8.30705992308708e-14  1.29230167787714e-12 -2.73714368664502e-12 -3.06095374676005e-12  -0.00025373321151719
 7.20044564239483e-06   -5.104095025327e-06      1.99802427135381  -0.00128837013166417    0.0428290369796928  3.41944897456504e-11 -1.05394182048057e-11 -6.72592927603281e-10  3.64152146804029e-11  -0.00826844802425583
 1.34140675130947e-05  7.42094958949413e-06  -0.00128837013166417      1.99713959345148    0.0359872322893056   2.0358123624811e-10 -4.36859258043958e-10 -2.73873450802676e-10    4.986625192333e-10    0.0389553546625641
-0.000187246376625719  6.70268338947901e-05    0.0428290369796928    0.0359872322893056      1.03126378531891  2.24799172188278e-10 -1.51650932749574e-10 -4.10413606665983e-10    2.890652952157e-10   0.00205890506003225
-1.96262019409501e-12  8.30705992308708e-14  3.41944897456504e-11   2.0358123624811e-10  2.24799172188278e-10      1.00271761814176  4.13745892955258e-14  6.32826567765205e-06  9.31309513263846e-06 -2.14243729086573e-11
 2.69180284681973e-12  1.29230167787714e-12 -1.05394182048057e-11 -4.36859258043958e-10 -1.51650932749574e-10  4.13745892955258e-14      1.00271761814164 -9.31312731393145e-06  6.32826570909038e-06  1.56224965755913e-10
 1.70497757459609e-12 -2.73714368664502e-12 -6.72592927603281e-10 -2.73873450802676e-10 -4.10413606665983e-10  6.32826567765205e-06 -9.31312731393145e-06     0.997290049740694 -3.36750671087142e-14 -1.24532837489718e-10
-2.80232202185473e-12 -3.06095374676005e-12  3.64152146804029e-11    4.986625192333e-10    2.890652952157e-10  9.31309513263846e-06  6.32826570909038e-06 -3.36750671087142e-14     0.997290049740579 -1.94333957814638e-10
-0.000157916114191649  -0.00025373321151719  -0.00826844802425583    0.0389553546625641   0.00205890506003225 -2.14243729086573e-11  1.56224965755913e-10 -1.24532837489718e-10 -1.94333957814638e-10     0.973557152420855
TOTAL ENERGY: -127.163561340594	 lambda: 0.3	 population of target: 6.99981287143945
1RDM: 
     1.99999993440427 -2.77045987087592e-08  7.12992308138855e-06  1.33479015904909e-05 -0.000186229364252138 -1.95567272194478e-12  2.69459114777801e-12  1.68702999327749e-12 -2.80523827903307e-12 -0.000159222522859948
-2.77045987087592e-08      1.99999992825363 -5.20068572698834e-06  7.42428777398024e-06  6.77392601294573e-05  8.87405396574796e-14  1.29011133156367e-12   -2.746399155781e-12 -3.05631758100866e-12 -0.000253971720103821
 7.12992308138855e-06 -5.20068572698834e-06      1.99800883431491  -0.00127630315268402     0.043083194012992  3.60877361944331e-11 -1.12703381649464e-11 -6.75989022643388e-10  3.79549356605447e-11  -0.00835237946578917
 1.33479015904909e-05  7.42428777398024e-06  -0.00127630315268402      1.99714780539645    0.0358459851091304  2.02441981230856e-10 -4.36785151385788e-10 -2.71692819782771e-10  4.98495319045702e-10    0.0390646325881616
-0.000186229364252138  6.77392601294573e-05     0.043083194012992    0.0358459851091304      1.02614255341352  1.85510358397481e-10 -1.27446825222011e-10 -3.42446457217455e-10  2.40877357630644e-10   0.00197540887436224
-1.95567272194478e-12  8.87405396574796e-14  3.60877361944331e-11  2.02441981230856e-10  1.85510358397481e-10      1.00222702732019  4.33155031841809e-14  5.18483262524888e-06  8.62412997330855e-06 -1.52861930127454e-11
 2.69459114777801e-12  1.29011133156367e-12 -1.12703381649464e-11 -4.36785151385788e-10 -1.27446825222011e-10  4.33155031841809e-14      1.00222702732008 -8.62415633728893e-06  5.18483265102757e-06  1.23995977245233e-10
 1.68702999327749e-12   -2.746399155781e-12 -6.75989022643388e-10 -2.71692819782771e-10 -3.42446457217455e-10  5.18483262524888e-06 -8.62415633728893e-06     0.997780594580541 -1.81749449412356e-14 -1.03828700829521e-10
-2.80523827903307e-12 -3.05631758100866e-12  3.79549356605447e-11  4.98495319045702e-10  2.40877357630644e-10  8.62412997330855e-06  5.18483265102757e-06 -1.81749449412356e-14     0.997780594580434 -1.54401289378312e-10
-0.000159222522859948 -0.000253971720103821  -0.00835237946578917    0.0390646325881616   0.00197540887436224 -1.52861930127454e-11  1.23995977245233e-10 -1.03828700829521e-10 -1.54401289378312e-10     0.978685700416069
TOTAL ENERGY: -127.163531493165	 lambda: 0.4	 population of target: 6.99989937245271
1RDM: 
     1.99999993462346 -2.77844314649094e-08  7.06680619431677e-06  1.33148435661487e-05 -0.000185381863804397 -1.94976706729334e-12   2.6963796386708e-12   1.6723817229832e-12 -2.80700978302119e-12 -0.000160239241670064
-2.77844314649094e-08      1.99999992818079 -5.25270878851144e-06  7.47355824445226e-06   6.7743533518057e-05   8.8211008782778e-14  1.29264946902544e-12 -2.74806870628766e-12 -3.05972353535369e-12 -0.000254406681601416
 7.06680619431677e-06 -5.25270878851144e-06       1.9980010522755  -0.00126449325334215    0.0432038582816477   3.6918696864058e-11 -1.13369202300221e-11 -6.77799153584904e-10  3.82734222775716e-11  -0.00843992680904128
 1.33148435661487e-05  7.47355824445226e-06  -0.00126449325334215      1.99715298619502    0.0357087990329683  2.01358046826148e-10 -4.36662334000048e-10 -2.69606139874354e-10  4.98231425505367e-10    0.0391628956488737
-0.000185381863804397   6.7743533518057e-05    0.0432038582816477    0.0357087990329683      1.02343328027871  1.64689678100173e-10 -1.14674326489526e-10  -3.0644057732073e-10  2.15258529071358e-10   0.00192065338832057
-1.94976706729334e-12   8.8211008782778e-14   3.6918696864058e-11  2.01358046826148e-10  1.64689678100173e-10       1.0019667730874   2.5468284887892e-14  4.57818606182977e-06  8.18596553686616e-06 -1.20829449337903e-11
  2.6963796386708e-12  1.29264946902544e-12 -1.13369202300221e-11 -4.36662334000048e-10 -1.14674326489526e-10   2.5468284887892e-14      1.00196677308743 -8.18598881524003e-06  4.57818608455214e-06  1.07072146446236e-10
  1.6723817229832e-12 -2.74806870628766e-12 -6.77799153584904e-10 -2.69606139874354e-10  -3.0644057732073e-10  4.57818606182977e-06 -8.18598881524003e-06     0.998040829822237 -2.87609905544927e-14 -9.28354724294703e-11
-2.80700978302119e-12 -3.05972353535369e-12  3.82734222775716e-11  4.98231425505367e-10  2.15258529071358e-10  8.18596553686616e-06  4.57818608455214e-06 -2.87609905544927e-14     0.998040829822263 -1.33336106504453e-10
-0.000160239241670064 -0.000254406681601416  -0.00843992680904128    0.0391628956488737   0.00192065338832057 -1.20829449337903e-11  1.07072146446236e-10 -9.28354724294703e-11 -1.33336106504453e-10     0.981397612627241
TOTAL ENERGY: -127.16350797567	 lambda: 0.5	 population of target: 6.99995201016515
1RDM: 
     1.99999993466665 -2.80325084795676e-08  7.00814111863605e-06  1.32962383910475e-05 -0.000184631879966835 -1.94447113849557e-12  2.69762615182929e-12  1.65961776974951e-12 -2.80817493014517e-12 -0.000161094636615707
-2.80325084795676e-08      1.99999992795449 -5.28025101964901e-06  7.54162921895264e-06  6.73606087893618e-05   8.4188232210329e-14  1.29825018289033e-12 -2.74593378056022e-12 -3.06825390796145e-12 -0.000255032073717517
 7.00814111863605e-06 -5.28025101964901e-06      1.99799769270771   -0.0012527090310239    0.0432486430162448  3.71380867624072e-11 -1.10020322764802e-11 -6.78723606230381e-10  3.78634452853833e-11  -0.00853362144153784
 1.32962383910475e-05  7.54162921895264e-06   -0.0012527090310239      1.99715718302421    0.0355743476475156  2.00305581914911e-10 -4.36499937946516e-10 -2.67589531575627e-10   4.9789755149552e-10     0.039252573299172
-0.000184631879966835  6.73606087893618e-05    0.0432486430162448    0.0355743476475156      1.02201482300836  1.53815813194306e-10 -1.08004513753639e-10 -2.87574770693462e-10  2.01895604534532e-10   0.00189603300307249
-1.94447113849557e-12   8.4188232210329e-14  3.71380867624072e-11  2.00305581914911e-10  1.53815813194306e-10      1.00183018637874  2.53279189879857e-14  4.25984570906849e-06   8.0191955894956e-06 -1.03685613449897e-11
 2.69762615182929e-12  1.29825018289033e-12 -1.10020322764802e-11 -4.36499937946516e-10 -1.08004513753639e-10  2.53279189879857e-14      1.00183018637865 -8.01921724768717e-06   4.2598457302186e-06  9.81856376881325e-11
 1.65961776974951e-12 -2.74593378056022e-12 -6.78723606230381e-10 -2.67589531575627e-10 -2.87574770693462e-10  4.25984570906849e-06 -8.01921724768717e-06     0.998177407992138 -2.51904740936198e-14 -8.71252864606278e-11
-2.80817493014517e-12 -3.06825390796145e-12  3.78634452853833e-11   4.9789755149552e-10  2.01895604534532e-10   8.0191955894956e-06   4.2598457302186e-06 -2.51904740936198e-14     0.998177407992041 -1.22293256274294e-10
-0.000161094636615707 -0.000255032073717517  -0.00853362144153784     0.039252573299172   0.00189603300307249 -1.03685613449897e-11  9.81856376881325e-11 -8.71252864606278e-11 -1.22293256274294e-10      0.98281524989698
TOTAL ENERGY: -127.163486235009	 lambda: 0.6	 population of target: 6.99999164205372
1RDM: 
     1.99999993458166 -2.83686318492688e-08  6.95152864194584e-06  1.32854022244947e-05 -0.000183928435775323 -1.93943971961681e-12  2.69848212957392e-12  1.64783683152628e-12 -2.80888060844816e-12 -0.000161854021985414
-2.83686318492688e-08      1.99999992765344 -5.29250052953064e-06  7.62148164331125e-06  6.67093914861585e-05  7.76490562207105e-14  1.30640432459259e-12 -2.74147156063485e-12 -3.08099813041533e-12 -0.000255865171628212
 6.95152864194584e-06 -5.29250052953064e-06      1.99799746925726  -0.00124057493525905    0.0432393682787386  3.69156535141343e-11 -1.03509624835485e-11 -6.79038402049289e-10  3.68969575729759e-11  -0.00863627292484125
 1.32854022244947e-05  7.62148164331125e-06  -0.00124057493525905       1.9971611589279    0.0354384389286018  1.99246929351727e-10 -4.36296916621854e-10 -2.65577717717973e-10  4.97493419251552e-10    0.0393370114709649
-0.000183928435775323  6.67093914861585e-05    0.0432393682787386    0.0354384389286018      1.02145783793837  1.49591364945667e-10 -1.05462565072173e-10 -2.80111205125166e-10  1.96792326556501e-10   0.00190051496390065
-1.93943971961681e-12  7.76490562207105e-14  3.69156535141343e-11  1.99246929351727e-10  1.49591364945667e-10      1.00177617033164  1.97276713597357e-14  4.13408364890249e-06  8.11811842806865e-06 -9.57226899297562e-12
 2.69848212957392e-12  1.30640432459259e-12 -1.03509624835485e-11 -4.36296916621854e-10 -1.05462565072173e-10  1.97276713597357e-14      1.00177617033178 -8.11813944683147e-06  4.13408366938808e-06  9.46200027708826e-11
 1.64783683152628e-12 -2.74147156063485e-12 -6.79038402049289e-10 -2.65577717717973e-10 -2.80111205125166e-10  4.13408364890249e-06 -8.11813944683147e-06     0.998231420817988 -2.91763054964884e-14 -8.50546186232098e-11
-2.80888060844816e-12 -3.08099813041533e-12  3.68969575729759e-11  4.97493419251552e-10  1.96792326556501e-10  8.11811842806865e-06  4.13408366938808e-06 -2.91763054964884e-14     0.998231420818129 -1.17866630196054e-10
-0.000161854021985414 -0.000255865171628212  -0.00863627292484125    0.0393370114709649   0.00190051496390065 -9.57226899297562e-12  9.46200027708826e-11 -8.50546186232098e-11 -1.17866630196054e-10     0.983368489341852
TOTAL ENERGY: -127.163461957114	 lambda: 0.7	 population of target: 7.00002896668079
1RDM: 
      1.9999999343679 -2.87611633948365e-08   6.8950481799641e-06  1.32796149990688e-05 -0.000183223271217571 -1.93431758687475e-12  2.69896613502873e-12  1.63626475773406e-12 -2.80909747758146e-12 -0.000162560550500168
-2.87611633948365e-08      1.99999992728927  -5.2941950612488e-06  7.71224787992869e-06  6.58283938503319e-05   6.8871106156721e-14  1.31716583918986e-12 -2.73532289365903e-12 -3.09797115457706e-12  -0.00025694762682498
  6.8950481799641e-06  -5.2941950612488e-06       1.9979999019978  -0.00122762644683262    0.0431827582686493  3.62983847431882e-11 -9.39528789479977e-12  -6.7883840743396e-10  3.53999656158212e-11  -0.00875171867881193
 1.32796149990688e-05  7.71224787992869e-06  -0.00122762644683262      1.99716531143039    0.0352948555914388  1.98132157517624e-10 -4.36047047663335e-10 -2.63476598107374e-10  4.97005357604739e-10    0.0394204556940277
-0.000183223271217571  6.58283938503319e-05    0.0431827582686493    0.0352948555914388      1.02161904683751  1.50912193681942e-10 -1.06432257042249e-10 -2.82094736769387e-10  1.98632380701881e-10   0.00193717280202232
-1.93431758687475e-12   6.8871106156721e-14  3.62983847431882e-11  1.98132157517624e-10  1.50912193681942e-10      1.00179077089722  2.85229251511089e-14  4.16828025178029e-06  8.51245769602178e-06 -9.46383772715568e-12
 2.69896613502873e-12  1.31716583918986e-12 -9.39528789479977e-12 -4.36047047663335e-10 -1.06432257042249e-10  2.85229251511089e-14      1.00179077089724 -8.51247888746321e-06  4.16828027252189e-06  9.54716409714577e-11
 1.63626475773406e-12 -2.73532289365903e-12  -6.7883840743396e-10 -2.63476598107374e-10 -2.82094736769387e-10  4.16828025178029e-06 -8.51247888746321e-06     0.998216820760224 -2.08457015543496e-14 -8.61379873734443e-11
-2.80909747758146e-12 -3.09797115457706e-12  3.53999656158212e-11  4.97005357604739e-10  1.98632380701881e-10  8.51245769602178e-06  4.16828027252189e-06 -2.08457015543496e-14     0.998216820760246 -1.18883425830923e-10
-0.000162560550500168  -0.00025694762682498  -0.00875171867881193    0.0394204556940277   0.00193717280202232 -9.46383772715568e-12  9.54716409714577e-11 -8.61379873734443e-11 -1.18883425830923e-10      0.98320069476222
TOTAL ENERGY: -127.163428757599	 lambda: 0.8	 population of target: 7.00007309797159
1RDM: 
      1.9999999339825 -2.91907039178314e-08   6.8371958057272e-06  1.32780205667809e-05 -0.000182455944204911 -1.92863754061262e-12  2.69898381583308e-12  1.62400798325262e-12 -2.80863930835583e-12 -0.000163251398003822
-2.91907039178314e-08      1.99999992684384 -5.28820291561265e-06  7.81598408162573e-06  6.47107007729047e-05  5.77027840667156e-14  1.33101978324756e-12 -2.72773469268593e-12 -3.11991536761015e-12 -0.000258356980394316
  6.8371958057272e-06 -5.28820291561265e-06      1.99800498404226  -0.00121323583308037     0.043075705020463  3.52539673043157e-11 -8.08584659821409e-12 -6.78110827179396e-10  3.32944998359597e-11  -0.00888576527043101
 1.32780205667809e-05  7.81598408162573e-06  -0.00121323583308037      1.99716994214827    0.0351341439641229   1.9688896270858e-10 -4.35737068396452e-10 -2.61145479456747e-10  4.96405838249439e-10    0.0395089541050249
-0.000182455944204911  6.47107007729047e-05     0.043075705020463    0.0351341439641229      1.02253721569631  1.58094995628756e-10 -1.11153322640612e-10   -2.939959075385e-10  2.07863859039133e-10   0.00201633068384439
-1.92863754061262e-12  5.77027840667156e-14  3.52539673043157e-11   1.9688896270858e-10  1.58094995628756e-10      1.00187716257384  2.78609252543925e-14  4.36998414759628e-06  9.29607428810004e-06 -1.00088401076006e-11
 2.69898381583308e-12  1.33101978324756e-12 -8.08584659821409e-12 -4.35737068396452e-10 -1.11153322640612e-10  2.78609252543925e-14      1.00187716257382 -9.29609650382917e-06   4.3699841692982e-06  1.00929506216579e-10
 1.62400798325262e-12 -2.72773469268593e-12 -6.78110827179396e-10 -2.61145479456747e-10   -2.939959075385e-10  4.36998414759628e-06 -9.29609650382917e-06     0.998130433527187 -2.39168328308168e-14  -9.0650061321399e-11
-2.80863930835583e-12 -3.11991536761015e-12  3.32944998359597e-11  4.96405838249439e-10  2.07863859039133e-10  9.29607428810004e-06   4.3699841692982e-06 -2.39168328308168e-14     0.998130433527166 -1.25571950868819e-10
-0.000163251398003822 -0.000258356980394316  -0.00888576527043101    0.0395089541050249   0.00201633068384439 -1.00088401076006e-11  1.00929506216579e-10  -9.0650061321399e-11 -1.25571950868819e-10     0.982272805084853
TOTAL ENERGY: -127.16337349166	 lambda: 0.9	 population of target: 7.000137812385
1RDM: 
     1.99999993330846 -2.96254132786086e-08  6.77735200184245e-06   1.3281329839601e-05 -0.000181529449186712 -1.92162873014199e-12  2.69826982205727e-12  1.60970656784178e-12 -2.80706020945611e-12 -0.000163969556833208
-2.96254132786086e-08      1.99999992626519 -5.27722693250997e-06  7.93735081701046e-06  6.33074807964455e-05  4.35579547750818e-14  1.34904846344787e-12 -2.71873841532409e-12 -3.14854837402373e-12 -0.000260238230740165
 6.77735200184245e-06 -5.27722693250997e-06      1.99801314073525  -0.00119642434918909    0.0429038359467886  3.36557625174028e-11 -6.29602901595892e-12 -6.76724425122321e-10  3.03668095307138e-11  -0.00904825493045302
  1.3281329839601e-05  7.93735081701046e-06  -0.00119642434918909      1.99717539198632    0.0349400033394151  1.95395023616987e-10 -4.35341900354303e-10 -2.58343181830711e-10  4.95642806599269e-10    0.0396126731472547
-0.000181529449186712  6.33074807964455e-05    0.0429038359467886    0.0349400033394151      1.02445903584344  1.73074226564865e-10 -1.20913382114341e-10 -3.18990239667888e-10  2.26982674145275e-10   0.00216273780900467
-1.92162873014199e-12  4.35579547750818e-14  3.36557625174028e-11  1.95395023616987e-10  1.73074226564865e-10      1.00205768109035  2.48768201053867e-14  4.79133354583604e-06  1.06894996240329e-05 -1.13274850053763e-11
 2.69826982205727e-12  1.34904846344787e-12 -6.29602901595892e-12 -4.35341900354303e-10 -1.20913382114341e-10  2.48768201053867e-14      1.00205768109028  -1.0689523980367e-05  4.79133356957047e-06  1.12429715497057e-10
 1.60970656784178e-12 -2.71873841532409e-12 -6.76724425122321e-10 -2.58343181830711e-10 -3.18990239667888e-10  4.79133354583604e-06  -1.0689523980367e-05     0.997949925617486 -3.19108775779421e-14 -9.98406329980156e-11
-2.80706020945611e-12 -3.14854837402373e-12  3.03668095307138e-11  4.95642806599269e-10  2.26982674145275e-10  1.06894996240329e-05  4.79133356957047e-06 -3.19108775779421e-14     0.997949925617423  -1.3969767608143e-10
-0.000163969556833208 -0.000260238230740165  -0.00904825493045302    0.0396126731472547   0.00216273780900467 -1.13274850053763e-11  1.12429715497057e-10 -9.98406329980156e-11  -1.3969767608143e-10     0.980337358445796
TOTAL ENERGY: -127.163261531898	 lambda: 1	 population of target: 7.00025495416
1RDM: 
     1.99999993203286 -2.99649317696907e-08  6.71839081562727e-06  1.32931815775423e-05 -0.000180249901878996 -1.91172475759539e-12  2.69618565312914e-12   1.5907120414717e-12 -2.80330860426457e-12 -0.000164783172476846
-2.99649317696907e-08      1.99999992541804 -5.26701250677135e-06  8.08510622121059e-06  6.15040474671767e-05  2.51144606192133e-14  1.37356936182653e-12 -2.70825668722937e-12 -3.18755096892141e-12 -0.000262891454622232
 6.71839081562727e-06 -5.26701250677135e-06      1.99802540212947   -0.0011753874411914    0.0426314104148231  3.11961869896256e-11 -3.74002294642213e-12 -6.74332909757756e-10   2.6129137663732e-11  -0.00925863840724551
 1.32931815775423e-05  8.08510622121059e-06   -0.0011753874411914      1.99718220480895    0.0346793095146835  1.93403258940148e-10  -4.3481023679698e-10 -2.54578957037876e-10  4.94606751373065e-10     0.039752121959901
-0.000180249901878996  6.15040474671767e-05    0.0426314104148231    0.0346793095146835      1.02803314055653  2.00924869285113e-10 -1.39094690943332e-10 -3.65436645295923e-10  2.62513962323955e-10   0.00243767379614005
-1.91172475759539e-12  2.51144606192133e-14  3.11961869896256e-11  1.93403258940148e-10  2.00924869285113e-10      1.00239081505885  2.56697358488858e-14  5.56888196562612e-06  1.32280838159622e-05 -1.37676658314357e-11
 2.69618565312914e-12  1.37356936182653e-12 -3.74002294642213e-12  -4.3481023679698e-10 -1.39094690943332e-10  2.56697358488858e-14      1.00239081505882 -1.32281121229967e-05  5.56888199316259e-06  1.33767431061895e-10
  1.5907120414717e-12 -2.70825668722937e-12 -6.74332909757756e-10 -2.54578957037876e-10 -3.65436645295923e-10  5.56888196562612e-06 -1.32281121229967e-05     0.997616815335991  -4.0307798968116e-14 -1.16967047360056e-10
-2.80330860426457e-12 -3.18755096892141e-12   2.6129137663732e-11  4.94606751373065e-10  2.62513962323955e-10  1.32280838159622e-05  5.56888199316259e-06  -4.0307798968116e-14     0.997616815335959 -1.65926664719737e-10
-0.000164783172476846 -0.000262891454622232  -0.00925863840724551     0.039752121959901   0.00243767379614005 -1.37676658314357e-11  1.33767431061895e-10 -1.16967047360056e-10 -1.65926664719737e-10     0.976744134264597
-------------------general-----------------------
mullikenoperator: 
  0.00284886115556834    0.0529779207208808   0.00101607241508356  -0.00574862642449647  9.08500957150529e-06  5.06977750555525e-13    4.023999977951e-13 -2.56436352131119e-13  -1.2636558823386e-13 -8.28957233026635e-05
   0.0529779207208808     0.997052997502187   -0.0110996166989011  -0.00286437434632393  -0.00046820348104579  3.96644585653676e-13  1.44223607990465e-12  5.88790557901971e-12 -2.91750128336104e-12 -0.000182034369826365
  0.00101607241508356   -0.0110996166989011    0.0775291024804715    -0.264432021826559   -0.0237382540568447  6.29418667575894e-11   1.7785845685057e-10  2.91347441236299e-10 -1.58615354416756e-10   -0.0301313840079448
 -0.00574862642449647  -0.00286437434632395    -0.264432021826559     0.923983354562295   -0.0165312707111462 -4.44667519869598e-11  2.64940272774696e-11  2.20849959105787e-10 -5.49338409516682e-11  0.000611368095666958
 9.08500957150527e-06 -0.000468203481045789   -0.0237382540568447   -0.0165312707111462     0.474183838982786 -3.80474826088752e-09 -8.87086610812893e-09 -9.63308278193289e-11 -8.41142995166183e-11     0.498498527493059
 5.06977750555526e-13  3.96644585653676e-13  6.29418667575893e-11 -4.44667519869598e-11 -3.80474826088752e-09     0.497687186604146 -1.36649661881041e-12  0.000257789798348049     0.499994608420781 -1.28678948588217e-10
 4.02399997795102e-13  1.44223607990465e-12   1.7785845685057e-10  2.64940272774697e-11 -8.87086610812893e-09 -1.36651350785329e-12      0.49768718067496    -0.499994608393354  0.000257789798320575 -5.87833437055395e-10
 -2.5643635213112e-13   5.8879055790197e-12  2.91347441236299e-10  2.20849959105787e-10 -9.63308278193266e-11  0.000257789798348044    -0.499994608393354     0.502312819325036 -4.42289744871894e-12 -8.87896157486949e-09
 -1.2636558823386e-13 -2.91750128336104e-12 -1.58615354416756e-10 -5.49338409516683e-11 -8.41142995166152e-11     0.499994608420781  0.000257789798320604 -4.42289928569518e-12     0.502312813395856  3.80748728819425e-09
-8.28957233026636e-05 -0.000182034369826365   -0.0301313840079448  0.000611368095666957     0.498498527493059 -1.28678948588217e-10 -5.87833437055394e-10 -8.87896157486949e-09  3.80748728819425e-09     0.524401845316694
selected BF: 
0 1 2 3 4
selected lambdas: 
  -1 -0.9 -0.8 -0.7 -0.6 -0.5 -0.4 -0.3 -0.2 -0.1    0  0.1  0.2  0.3  0.4  0.5  0.6  0.7  0.8  0.9    1
RHF C: 
-3.54096911294131e-06    -0.995366794567909     0.260207743721188   0.00281048281907898  -0.00127164435044059  5.66591491439132e-12  1.31337036119532e-11  6.85240873975925e-12 -1.70727511989825e-12 -0.000761359482449389
 1.58426949573945e-05   -0.0189879254097657     -1.02857094691701   -0.0111301843461747   0.00508782000061864 -2.26728921248012e-11 -5.26318092824383e-11 -2.66938890236376e-11  6.58911490247144e-12   0.00303836379465237
-5.18829070260157e-14  2.93336926632049e-13   3.5475037194868e-11 -4.31966077810151e-11  1.35375405802652e-08     0.014503962931748     0.105799509977042     0.985067355816542    -0.135049988143046  7.21481818482992e-11
-2.05641632826392e-14  6.39883212904025e-14  9.23564009071904e-12 -6.41734504971535e-12  2.73373094231078e-09     0.105799507056725   -0.0145039633320913    -0.135049988100051    -0.985067356130194  1.37221291862752e-11
 3.56808650685941e-05 -1.56217268896112e-05  -0.00500954181063788   0.00710329316852693    -0.999942775943596  4.45598987978688e-10  1.32476212318452e-09  1.29726747246736e-08 -4.52516476050041e-09   0.00757369294877257
   -0.995047619311595 -3.65822021760382e-06   0.00256749457675118    -0.263078551263957  -0.00245006143001587  1.88200943754391e-11  3.64466698941195e-11  1.72327605226377e-11 -5.96670697529794e-12  -0.00345434341961577
  -0.0201153618798262  1.41316284376981e-05   -0.0100126338082708      1.02887360924648    0.0096454546733186 -7.46516460264498e-11 -1.44637478310466e-10 -6.81925152706912e-11  2.36199443224266e-11    0.0134656808728248
-6.02349069291394e-13 -1.61167516623482e-13 -3.57983733895638e-11  7.13944001429589e-11 -3.62787708404165e-11     0.135037649442765     0.985035594498759    -0.106104673690185    0.0145466514871029  5.30966662508154e-09
-2.12100019950643e-13 -3.13124011099053e-14   -8.229178849842e-12  2.19149831525171e-11 -1.43289278673433e-11     0.985035594813315    -0.135037649399643    0.0145466518874098     0.106104670769962  2.22732910335139e-09
 -1.0917103750621e-05 -2.78750799606489e-05   0.00124272389645686   -0.0131196454792597   0.00373713266814615 -2.91469989746894e-09  -4.9408672465172e-09  4.11041645997363e-10 -2.72255328086584e-10     0.999914910690836
RDM (no constraint): 
     1.99999999867275  3.64030709331748e-09  4.23208890865695e-07  8.59789138584901e-08 -3.99466922869833e-06  2.72390479845486e-13  5.36958486118718e-13  3.90468635365001e-14 -1.42268296256366e-14  7.61948694509136e-06
 3.64030709331748e-09      1.99999997110647 -3.61319461942022e-06 -5.66670491617074e-07  5.02808399563506e-05  7.84211149640398e-14    1.588211471867e-13 -9.59661191341555e-13  3.42058616166049e-13 -2.05062210099345e-05
 4.23208890865695e-07 -3.61319461942022e-06      1.99845839633298 -0.000330262395743366    0.0371531236205038 -8.41357234784452e-12 -2.42501266768667e-11 -5.19043181044926e-10  1.83154324149889e-10   0.00087594779601034
 8.59789138584901e-08 -5.66670491617074e-07 -0.000330262395743366      1.99974101583648   0.00641335644679162 -7.19987633088372e-11 -1.37974306280677e-10 -2.75839663684613e-11  9.39071780113409e-12    0.0133924493793515
-3.99466922869833e-06  5.02808399563506e-05    0.0371531236205038   0.00641335644679162     0.998695702393528 -1.85121605450043e-10 -2.74876089151371e-10  3.97727084992017e-11 -2.33752716242646e-11     0.074861148478374
 2.72390479845486e-13  7.84211149640398e-14 -8.41357234784452e-12 -7.19987633088372e-11 -1.85121605450043e-10      1.00155002382029 -1.74727863753552e-17 -5.52743952183401e-08  -0.00694728079801417 -4.19116832175836e-11
 5.36958486118718e-13    1.588211471867e-13 -2.42501266768667e-11 -1.37974306280677e-10 -2.74876089151371e-10 -1.74727863753552e-17      1.00155002386155   0.00694728078914722 -5.52743949802353e-08 -1.13624139324734e-10
 3.90468635365001e-14 -9.59661191341555e-13 -5.19043181044926e-10 -2.75839663684613e-11  3.97727084992017e-11 -5.52743952183401e-08   0.00694728078914722     0.998458666809199   3.1076304854133e-16 -9.33828182229737e-10
-1.42268296256366e-14  3.42058616166049e-13  1.83154324149889e-10  9.39071780113409e-12 -2.33752716242646e-11  -0.00694728079801417 -5.52743949802353e-08   3.1076304854133e-16     0.998458666850458  3.16813586001282e-10
 7.61948694509136e-06 -2.05062210099345e-05   0.00087594779601034    0.0133924493793515     0.074861148478374 -4.19116832175836e-11 -1.13624139324734e-10 -9.33828182229737e-10  3.16813586001282e-10      1.00308753431633
RDM Eigenvectors: 
    0.998572559506929   -0.0530265771989418  -0.00605911704161019  -0.00207666671870213 -2.92409629948843e-06  -4.3687881704485e-13  2.26282564927933e-13  1.85726961068534e-13  3.66540626600787e-13  7.60329216817746e-06
  -0.0530299532763658    -0.998513246116028  -0.00503893084683449    0.0115640770154942 -2.18240376241837e-05   8.8483551205872e-14 -3.52031583701146e-14   1.0975875553568e-13   3.0966018718109e-13 -4.69973507778018e-05
 0.000920876948512474    0.0124837000678723    -0.285674449150619     0.957509366157996   -0.0285660382037975 -4.26075552593258e-13 -6.34290685463713e-13  1.89778225402192e-11  4.82938560977318e-11   -0.0243559746634005
  0.00630902252929893  -0.00186335219595985     0.958208125384349     0.285556831048979   -0.0152432670481962  1.84464669411829e-11 -1.36439924488327e-11 -3.06491993373305e-11 -7.75651455007934e-11   0.00434184887956677
 7.54040847476821e-05  0.000404062747478912   -0.0035390427022761    0.0379265335842822     0.693051965836682   9.1763065236781e-09 -3.19663653170068e-09  3.21552631878959e-09  9.27184305582007e-09     0.719880446271784
-2.14205208833693e-13 -1.53663792697832e-13 -6.62849042881267e-11 -3.72631927110675e-11 -2.42240265440917e-09  -0.00016953857015721    -0.780120673715667    -0.625627586132244  -0.00135246753304152  1.68373097734346e-09
-4.02321448013102e-13 -3.87061197302279e-13 -1.25152881039875e-10 -7.75763089377328e-11 -4.49990218601524e-09     0.780120675570451 -0.000169538570531536   0.00135246752800609    -0.625627583819449  2.44258474704268e-09
-6.54254433947458e-13 -5.48438213378368e-12  1.09135295083845e-10 -5.10231632739547e-10 -8.65647745395245e-09     0.625629031972448 -0.000130986233341915  -0.00169265012180821     0.780118857695024 -9.65431251529534e-09
 2.26613988591898e-13  1.92851307374446e-12 -3.88087568380043e-11  1.79566625958911e-10  2.92598649318678e-09  0.000130986233827068     0.625629034285249    -0.780118855840244  -0.00169265011778431  3.45624637472324e-09
 9.99493930910162e-05  3.64129452974969e-05    0.0123559298821088   0.00752645928555928     0.720160118609819   3.5631355589047e-09 -2.09264038380527e-09 -2.04110582418454e-09   -3.452255888133e-09    -0.693657030278998
Total C: 
   0.0511948905779263     0.992608512245176    -0.084014634517923     0.252006501758103  -0.00264588877514916  -2.9932691456866e-11  -2.3040659487737e-11  5.29807531489865e-11 -1.49907439420227e-11   0.00281235184147983
  0.00727803843370849    0.0240127886323187     0.282722816765653    -0.988792220779133   0.00892373841203164  1.19141954140395e-10  9.22890643593166e-11  -1.8883865703911e-10  5.11528569460326e-11   -0.0112369485526194
-8.05860842525522e-14 -1.20341013772851e-12 -4.27863933436058e-10 -2.05278915811671e-10  1.11426313911374e-08    -0.698641505256088    0.0971201736514996   -0.0979621748522398    -0.702047881092569  7.98514360995639e-09
  -5.101035747269e-13 -5.53844003674458e-13  -1.3737988758657e-10  4.81010741966313e-11 -6.64621426324342e-09    0.0971201742282767     0.698641501092906     -0.70204788523555    0.0979621742804345  6.04295682636868e-09
 5.50420410742093e-05  0.000142558955901672    0.0366123445430621    0.0125037430368379    -0.687273024484383 -6.70840944501463e-09  7.71422937532263e-09   5.3051738908124e-09  -1.2181873228753e-08    -0.725380885388742
   -0.993096303442856    0.0497159993008568    -0.253395884103628   -0.0789191055784221   -0.0142465102889089 -2.92442561386998e-11  4.15071831158988e-11  1.96806163596041e-10 -5.73021182354868e-11  -0.00141608769290958
  -0.0221632834322989    0.0130001893542373     0.987394621527104     0.283992203441306    0.0554340152421054  1.17114803424393e-10 -1.62149843248469e-10 -7.67684563969717e-10  2.22557692520138e-10   0.00522375750172676
-3.34295168728204e-13  9.20248645845198e-13 -5.16943011853258e-11  8.63003037619674e-13  1.68405442561682e-09         -0.7021071887    0.0959343712358459     0.095882163028733     0.699034190043117 -5.12293485787568e-09
 -6.0811296871168e-13  3.59406679307269e-13 -2.54391479400734e-11  1.95975850947562e-11  1.20955560662317e-08     0.095934370671384     0.702107192845301     0.699034185879594   -0.0958821635934868  1.84115048987514e-09
 1.78836389072051e-05 -0.000176640931564682   -0.0373782132339903   0.00172888013587876     0.721907226469886  5.27311744526025e-09  3.24328814150798e-10 -1.17149725529981e-08  5.27506544462538e-11    -0.690990065150327
Basis set used: STO-3G
Naturals: 
 1.99999999987394  1.99999999581645  1.99998848700616  1.99983836260549  1.07481255513831  1.00712149592199  1.00712149592168 0.992887194749061 0.992887194748755 0.925343218218188
Version: Tmhuysen's fci hack
