The Davidson algorithm did not converge.lambda: -1
The Davidson algorithm did not converge.lambda: -0.9
The Davidson algorithm did not converge.lambda: -0.8
The Davidson algorithm did not converge.lambda: -0.7
The Davidson algorithm did not converge.lambda: -0.6
The Davidson algorithm did not converge.lambda: -0.5
The Davidson algorithm did not converge.lambda: -0.4
The Davidson algorithm did not converge.lambda: -0.3
The Davidson algorithm did not converge.lambda: -0.2
The Davidson algorithm did not converge.lambda: -0.1
TOTAL ENERGY: -127.16342529108	 lambda: 0	 population of target: 6.99850215168531
1RDM: 
     1.99999997062219 -3.88757154833308e-08  4.68261123591202e-06  2.40254729964881e-06  0.000155680979139507 -2.25909840545548e-13  1.57356664062963e-12 -3.89928419573114e-13  1.21255950676214e-12 -2.66291025944633e-05
-3.88757154833308e-08       1.9999998443356  7.06705859954283e-06  2.80033040413096e-06  0.000230240935424448 -1.32080792458467e-12  3.01314743645058e-11  1.52532693400498e-11  5.16549295776804e-12  0.000258977043373219
 4.68261123591202e-06  7.06705859954283e-06       1.9992299598183 -0.000375015247464475   -0.0264112305907302  1.48379145050613e-10 -6.10392898196929e-10  3.99845466861493e-11 -1.94896569615025e-10   0.00103004109173912
 2.40254729964881e-06  2.80033040413096e-06 -0.000375015247464475      1.99976624583755   -0.0121455629129056   1.2472778106823e-10 -1.37068827839946e-09  2.54286132927708e-11 -2.39682777684126e-10   0.00568261285251987
 0.000155680979139507  0.000230240935424448   -0.0264112305907302   -0.0121455629129056      1.04787120566226 -7.42434932667805e-11  1.67952220235468e-09  5.67363768353617e-10  1.97051101645953e-10 -7.86553439542995e-05
-2.25909840545548e-13 -1.32080792458467e-12  1.48379145050613e-10   1.2472778106823e-10 -7.42434932667805e-11      1.00350531065655  1.97799740231896e-12 -3.03317465523361e-06  -0.00208637789137064  3.42389151266126e-11
 1.57356664062963e-12  3.01314743645058e-11 -6.10392898196929e-10 -1.37068827839946e-09  1.67952220235468e-09  1.97799740231896e-12      1.00350531067441  -0.00208637789903697  3.03317231498982e-06 -3.95098738626362e-09
-3.89928419573114e-13  1.52532693400498e-11  3.99845466861493e-11  2.54286132927708e-11  5.67363768353617e-10 -3.03317465523361e-06  -0.00208637789903697     0.996500747623153 -1.94404930900361e-12 -8.13818694390648e-10
 1.21255950676214e-12  5.16549295776804e-12 -1.94896569615025e-10 -2.39682777684126e-10  1.97051101645953e-10  -0.00208637789137064  3.03317231498982e-06 -1.94404930900361e-12     0.996500747641034 -5.92981135204702e-10
-2.66291025944633e-05  0.000258977043373219   0.00103004109173912   0.00568261285251987 -7.86553439542995e-05  3.42389151266126e-11 -3.95098738626362e-09 -8.13818694390648e-10 -5.92981135204702e-10     0.953120657129022
TOTAL ENERGY: -127.163387657588	 lambda: 0.1	 population of target: 6.9996553583398
1RDM: 
     1.99999997132453 -3.35752172032478e-08  4.58334500804326e-06  2.09954893879668e-06  0.000157249808435568 -2.29824486247562e-13  1.83530699856764e-12 -3.11454430547432e-13  1.25211896867077e-12 -2.40413738674489e-05
-3.35752172032478e-08      1.99999986828797  6.34199675368484e-06  1.90814489455095e-06  0.000224683093822806 -1.31376887190455e-12  3.03600955728163e-11  1.53140101027234e-11  5.21987969295143e-12  0.000264557061628878
 4.58334500804326e-06  6.34199675368484e-06      1.99924305779623 -0.000334623794103993   -0.0267012186834039  1.49197821794157e-10 -6.45072861438818e-10  2.94649781377681e-11 -2.00033834395586e-10  0.000727976216370397
 2.09954893879668e-06  1.90814489455095e-06 -0.000334623794103993      1.99981808931128   -0.0116796673451839  1.24435726480132e-10 -1.42792076881445e-09  1.06047226093606e-11 -2.50016760881151e-10   0.00476831421340693
 0.000157249808435568  0.000224683093822806   -0.0267012186834039   -0.0116796673451839      1.02538599013027 -4.14768890285526e-11  9.28495867010663e-10  3.05757276351935e-10  1.12936795014996e-10  0.000356392761028933
-2.29824486247562e-13 -1.31376887190455e-12  1.49197821794157e-10  1.24435726480132e-10 -4.14768890285526e-11      1.00185251435226  2.86310793288703e-15 -1.59509305385074e-06  -0.00109815906744559  1.73653837720525e-11
 1.83530699856764e-12  3.03600955728163e-11 -6.45072861438818e-10 -1.42792076881445e-09  9.28495867010663e-10  2.86310793288703e-15       1.0018525143529  -0.00109815906628681  1.59509304259445e-06 -2.05166902440737e-09
-3.11454430547432e-13  1.53140101027234e-11  2.94649781377681e-11  1.06047226093606e-11  3.05757276351935e-10 -1.59509305385074e-06  -0.00109815906628681     0.998153255328648 -1.94346619634165e-15 -4.21872972182688e-10
 1.25211896867077e-12  5.21987969295143e-12 -2.00033834395586e-10 -2.50016760881151e-10  1.12936795014996e-10  -0.00109815906744559  1.59509304259445e-06 -1.94346619634165e-15     0.998153255329295 -3.07789212100551e-10
-2.40413738674489e-05  0.000264557061628878  0.000727976216370397   0.00476831421340693  0.000356392761028933  1.73653837720525e-11 -2.05166902440737e-09 -4.21872972182688e-10 -3.07789212100551e-10     0.975541483786666
TOTAL ENERGY: -127.163359604177	 lambda: 0.2	 population of target: 6.99985596199353
1RDM: 
     1.99999997157905 -3.21025288809349e-08  4.54414349533298e-06  2.00208387384715e-06  0.000157516522102737 -2.27667233232332e-13  1.92325486961563e-12 -2.85336190315375e-13  1.26587403195272e-12 -2.30906015164603e-05
-3.21025288809349e-08      1.99999987198551  6.14723918847259e-06  1.77026033733542e-06  0.000222583584327543 -1.30915804916408e-12  3.04461716991369e-11  1.53331073528815e-11  5.23592759068325e-12  0.000266638548229601
 4.54414349533298e-06  6.14723918847259e-06      1.99924875783891 -0.000321876449218718   -0.0267465480193051  1.48650246294498e-10 -6.55195469472227e-10  2.63781794020386e-11 -2.01649008198435e-10  0.000630774608711461
 2.00208387384715e-06  1.77026033733542e-06 -0.000321876449218718      1.99983043161621   -0.0114702185815712  1.24699889265746e-10  -1.4475450231952e-09  5.53587037343322e-12 -2.53533679558981e-10    0.0044238438299705
 0.000157516522102737  0.000222583584327543   -0.0267465480193051   -0.0114702185815712      1.01842054022967 -4.96861488625271e-12  7.13951974823587e-10   2.4828092909374e-10  1.10275721555113e-10  0.000340570828062168
-2.27667233232332e-13 -1.30915804916408e-12  1.48650246294498e-10  1.24699889265746e-10 -4.96861488625271e-12      1.00133319316458 -3.87113878473158e-16 -1.14568971525347e-06 -0.000788959772265783 -2.20826450998493e-11
 1.92325486961563e-12  3.04461716991369e-11 -6.55195469472227e-10  -1.4475450231952e-09  7.13951974823587e-10 -3.87113878473158e-16      1.00133319316497 -0.000788959771386306  1.14568970999223e-06  -1.5056198640425e-09
-2.85336190315375e-13  1.53331073528815e-11  2.63781794020386e-11  5.53587037343322e-12   2.4828092909374e-10 -1.14568971525347e-06 -0.000788959771386306     0.998672529321028  8.95684862993159e-16 -3.13221919068059e-10
 1.26587403195272e-12  5.23592759068325e-12 -2.01649008198435e-10 -2.53533679558981e-10  1.10275721555113e-10 -0.000788959772265783  1.14568970999223e-06  8.95684862993159e-16     0.998672529321415 -2.28803846003481e-10
-2.30906015164603e-05  0.000266638548229601  0.000630774608711461    0.0044238438299705  0.000340570828062168 -2.20826450998493e-11  -1.5056198640425e-09 -3.13221919068059e-10 -2.28803846003481e-10     0.982488981778746
TOTAL ENERGY: -127.163342577519	 lambda: 0.3	 population of target: 6.99992602666339
1RDM: 
      1.9999999717205 -3.14150918915222e-08  4.51886419400601e-06  1.95079707399661e-06  0.000157505615072337 -2.30082153499788e-13  1.96134991588538e-12 -2.73641318032306e-13  1.27202652683229e-12 -2.25663971579075e-05
-3.14150918915222e-08      1.99999987305514  6.05055874282823e-06  1.72909324125651e-06  0.000221406662010182 -1.30727286553528e-12  3.05012205622924e-11  1.53504275055786e-11  5.24984681141505e-12  0.000267899479828354
 4.51886419400601e-06  6.05055874282823e-06      1.99925295292425 -0.000314983453565685   -0.0267360943874497   1.4948295817636e-10 -6.57110107789909e-10  2.59777983673087e-11 -2.01687691935533e-10  0.000589002404508067
 1.95079707399661e-06  1.72909324125651e-06 -0.000314983453565685      1.99983638317218   -0.0113378720508367   1.2417771814158e-10 -1.45941774915338e-09  2.12813672919312e-12 -2.55978749275074e-10   0.00422107811180966
 0.000157505615072337  0.000221406662010182   -0.0267360943874497   -0.0113378720508367      1.01519143528336 -2.88529806744628e-11  5.64934107532934e-10  1.84760647726335e-10  7.76828823585803e-11  0.000311529169366871
-2.30082153499788e-13 -1.30727286553528e-12   1.4948295817636e-10   1.2417771814158e-10 -2.88529806744628e-11      1.00109117692793 -2.28727176388911e-15 -9.36517296214199e-07 -0.000645059789389811  5.71093839928023e-12
 1.96134991588538e-12  3.05012205622924e-11 -6.57110107789909e-10 -1.45941774915338e-09  5.64934107532934e-10 -2.28727176388911e-15      1.00109117692819 -0.000645059788637425  9.36517294183907e-07 -1.19945124796114e-09
-2.73641318032306e-13  1.53504275055786e-11  2.59777983673087e-11  2.12813672919312e-12  1.84760647726335e-10 -9.36517296214199e-07 -0.000645059788637425     0.998914530580755   2.5955810681885e-15 -2.41761852816314e-10
 1.27202652683229e-12  5.24984681141505e-12 -2.01687691935533e-10 -2.55978749275074e-10  7.76828823585803e-11 -0.000645059789389811  9.36517294183907e-07   2.5955810681885e-15     0.998914530581015 -1.74183532348398e-10
-2.25663971579075e-05  0.000267899479828354  0.000589002404508067   0.00422107811180966  0.000311529169366871  5.71093839928023e-12 -1.19945124796114e-09 -2.41761852816314e-10 -1.74183532348398e-10     0.985707968826715
TOTAL ENERGY: -127.163330910175	 lambda: 0.4	 population of target: 6.99995984341172
1RDM: 
     1.99999997180891 -3.10217117624966e-08  4.49932980467595e-06   1.9183070211641e-06  0.000157390956659731 -2.30759471115448e-13  1.98276784187301e-12 -2.66493640761934e-13  1.27649990342114e-12 -2.22319894854722e-05
-3.10217117624966e-08      1.99999987342207  5.98781772921283e-06  1.71358057295778e-06  0.000220624943516496 -1.30816666123556e-12  3.05449363223884e-11  1.53646645788384e-11  5.26252568007032e-12    0.0002688364067455
 4.49932980467595e-06  5.98781772921283e-06      1.99925662462659 -0.000310412147707826   -0.0267026429549182  1.49405172380668e-10 -6.57006875477556e-10   2.5840853705211e-11 -2.02068126832572e-10  0.000573437553708944
  1.9183070211641e-06  1.71358057295778e-06 -0.000310412147707826       1.9998401588133   -0.0112424930068335  1.23981351907322e-10 -1.46734326322433e-09  -6.0329309801111e-14 -2.57555885700637e-10   0.00407841071619013
 0.000157390956659731  0.000220624943516496   -0.0267026429549182   -0.0112424930068335      1.01347552964961 -2.43877373821941e-11  5.01624538876142e-10  1.58302899180106e-10  6.36743760118728e-11  0.000293064154646881
-2.30759471115448e-13 -1.30816666123556e-12  1.49405172380668e-10  1.23981351907322e-10 -2.43877373821941e-11      1.00096217003121  1.69881753288117e-15 -8.25175502271038e-07 -0.000568383299245714  9.48643434691641e-12
 1.98276784187301e-12  3.05449363223884e-11 -6.57006875477556e-10 -1.46734326322433e-09  5.01624538876142e-10  1.69881753288117e-15      1.00096217003152 -0.000568383298628524   8.2517549617075e-07  -1.0509089756254e-09
-2.66493640761934e-13  1.53646645788384e-11   2.5840853705211e-11  -6.0329309801111e-14  1.58302899180106e-10 -8.25175502271038e-07 -0.000568383298628524     0.999043531286021 -1.27653191182015e-15 -2.13784861259732e-10
 1.27649990342114e-12  5.26252568007032e-12 -2.02068126832572e-10 -2.57555885700637e-10  6.36743760118728e-11 -0.000568383299245714   8.2517549617075e-07 -1.27653191182015e-15     0.999043531286328 -1.58105927268124e-10
-2.22319894854722e-05    0.0002688364067455  0.000573437553708944   0.00407841071619013  0.000293064154646881  9.48643434691641e-12  -1.0509089756254e-09 -2.13784861259732e-10 -1.58105927268124e-10       0.9874164390445
TOTAL ENERGY: -127.163321777304	 lambda: 0.5	 population of target: 6.99998028832182
1RDM: 
     1.99999997186203 -3.07733709947361e-08  4.48280381654607e-06  1.89588982488556e-06  0.000157219448935965 -2.30501657124918e-13  1.99404931878456e-12 -2.63314050380003e-13  1.27903676009785e-12 -2.20084442166108e-05
-3.07733709947361e-08      1.99999987352649  5.94011632276192e-06  1.70749336798954e-06  0.000220052127906413 -1.30697420001069e-12  3.05847376289796e-11   1.5376215512721e-11  5.27115646671975e-12  0.000269620869474487
 4.48280381654607e-06  5.94011632276192e-06      1.99926012036288 -0.000307054206688664   -0.0266552153542645  1.49382510593756e-10 -6.55387869780707e-10  2.60203828629362e-11 -2.01763421510262e-10  0.000574574204125919
 1.89588982488556e-06  1.70749336798954e-06 -0.000307054206688664      1.99984289998327   -0.0111690790846534  1.23933253930379e-10 -1.47352121965196e-09 -1.80499701234282e-12 -2.58740138789288e-10   0.00396810859694064
 0.000157219448935965  0.000220052127906413   -0.0266552153542645   -0.0111690790846534      1.01256656050295 -2.38518666903238e-11  4.72288948960974e-10  1.49262010982405e-10  5.94162127456993e-11  0.000285920981388012
-2.30501657124918e-13 -1.30697420001069e-12  1.49382510593756e-10  1.23933253930379e-10 -2.38518666903238e-11      1.00089361889538 -8.71664494075998e-16 -7.65961076617004e-07 -0.000527618196003613  9.62488819132262e-12
 1.99404931878456e-12  3.05847376289796e-11 -6.55387869780707e-10 -1.47352121965196e-09  4.72288948960974e-10 -8.71664494075998e-16      1.00089361889576 -0.000527618195488157   7.6596107398048e-07  -9.7834425586954e-10
-2.63314050380003e-13   1.5376215512721e-11  2.60203828629362e-11 -1.80499701234282e-12  1.49262010982405e-10 -7.65961076617004e-07 -0.000527618195488157     0.999112079616697  1.45173446291427e-15 -1.99769643971913e-10
 1.27903676009785e-12  5.27115646671975e-12 -2.01763421510262e-10 -2.58740138789288e-10  5.94162127456993e-11 -0.000527618196003613   7.6596107398048e-07  1.45173446291427e-15      0.99911207961708 -1.46306047204229e-10
-2.20084442166108e-05  0.000269620869474487  0.000574574204125919   0.00396810859694064  0.000285920981388012  9.62488819132262e-12  -9.7834425586954e-10 -1.99769643971913e-10 -1.46306047204229e-10     0.988319176737506
TOTAL ENERGY: -127.163313435222	 lambda: 0.6	 population of target: 6.9999954988771
1RDM: 
     1.99999997188386  -3.0610116787035e-08  4.46808474057175e-06  1.87986970976092e-06  0.000157002001361838 -2.30154428609242e-13  1.99738413229022e-12   -2.620740462545e-13  1.27989075528946e-12 -2.18632685732864e-05
 -3.0610116787035e-08      1.99999987350894   5.8996539188475e-06  1.70551778176701e-06  0.000219599735345468 -1.30672780952201e-12  3.06244168988655e-11  1.53878166152698e-11  5.27899601290586e-12  0.000270337270332426
 4.46808474057175e-06   5.8996539188475e-06      1.99926362925134 -0.000304434421106164    -0.026595997102688  1.49193883678213e-10 -6.52041669476038e-10  2.69038241248313e-11   -2.014898865708e-10  0.000588795044413441
 1.87986970976092e-06  1.70551778176701e-06 -0.000304434421106164      1.99984505449848   -0.0111102533156947  1.23779270133145e-10 -1.47852389726759e-09 -3.26075742771684e-12 -2.59763245588099e-10   0.00387767540845005
 0.000157002001361838  0.000219599735345468    -0.026595997102688   -0.0111102533156947      1.01219195694103 -2.20085541666356e-11  4.59358346242386e-10  1.44810973691981e-10  5.87424748598738e-11  0.000289742393790179
-2.30154428609242e-13 -1.30672780952201e-12  1.49193883678213e-10  1.23779270133145e-10 -2.20085541666356e-11      1.00086511459998   5.3147497569576e-16 -7.41212957429824e-07 -0.000510610597366424  8.04824919465805e-12
 1.99738413229022e-12  3.06244168988655e-11 -6.52041669476038e-10 -1.47852389726759e-09  4.59358346242386e-10   5.3147497569576e-16      1.00086511460022 -0.000510610596785206  7.41212953081238e-07 -9.46955260058148e-10
  -2.620740462545e-13  1.53878166152698e-11  2.69038241248313e-11 -3.26075742771684e-12  1.44810973691981e-10 -7.41212957429824e-07 -0.000510610596785206     0.999140582812986 -2.38779513654474e-16 -1.93332647095996e-10
 1.27989075528946e-12  5.27899601290586e-12   -2.014898865708e-10 -2.59763245588099e-10  5.87424748598738e-11 -0.000510610597366424  7.41212953081238e-07 -2.38779513654474e-16     0.999140582813217 -1.42299010951435e-10
-2.18632685732864e-05  0.000270337270332426  0.000588795044413441   0.00387767540845005  0.000289742393790179  8.04824919465805e-12 -9.46955260058148e-10 -1.93332647095996e-10 -1.42299010951435e-10     0.988688119089957
TOTAL ENERGY: -127.163304285774	 lambda: 0.7	 population of target: 7.00000956882909
1RDM: 
      1.9999999718694 -3.05041511588016e-08   4.4546455071099e-06  1.86846060618976e-06  0.000156732957623074 -2.29685380427312e-13  1.99363877835154e-12 -2.62851306098566e-13   1.2799580352983e-12 -2.17835333552737e-05
-3.05041511588016e-08      1.99999987342362  5.86231165965731e-06  1.70537304148977e-06  0.000219213570885103  -1.3061082390159e-12  3.06658255199243e-11  1.54001066088171e-11  5.28711877026972e-12  0.000271042140919584
  4.4546455071099e-06  5.86231165965731e-06      1.99926729361699 -0.000302305033459475   -0.0265240296647025  1.49063797216622e-10   -6.472714780651e-10  2.82134560874162e-11 -2.00859071606202e-10  0.000615060787071866
 1.86846060618976e-06  1.70537304148977e-06 -0.000302305033459475      1.99984684853567    -0.011061607571213  1.23699918442121e-10 -1.48280673788771e-09 -4.52976499583325e-12 -2.60630371698045e-10   0.00380043207983316
 0.000156732957623074  0.000219213570885103   -0.0265240296647025    -0.011061607571213      1.01225675696246 -2.20886634206844e-11  4.62797442684412e-10  1.45853200127715e-10  5.91769490406947e-11  0.000305648653136622
-2.29685380427312e-13  -1.3061082390159e-12  1.49063797216622e-10  1.23699918442121e-10 -2.20886634206844e-11      1.00086945943517 -7.77195297450256e-16  -7.4474709144966e-07 -0.000513063720557431  8.06992508026121e-12
 1.99363877835154e-12  3.06658255199243e-11   -6.472714780651e-10 -1.48280673788771e-09  4.62797442684412e-10 -7.77195297450256e-16      1.00086945943548 -0.000513063720022085  7.44747088728219e-07  -9.5198275514239e-10
-2.62851306098566e-13  1.54001066088171e-11  2.82134560874162e-11 -4.52976499583325e-12  1.45853200127715e-10  -7.4474709144966e-07 -0.000513063720022085     0.999136238049988  1.23038615644591e-15 -1.94471776503297e-10
  1.2799580352983e-12  5.28711877026972e-12 -2.00859071606202e-10 -2.60630371698045e-10  5.91769490406947e-11 -0.000513063720557431  7.44747088728219e-07  1.23038615644591e-15     0.999136238050303 -1.43134247468652e-10
-2.17835333552737e-05  0.000271042140919584  0.000615060787071866   0.00380043207983316  0.000305648653136622  8.06992508026121e-12  -9.5198275514239e-10 -1.94471776503297e-10 -1.43134247468652e-10     0.988617860620947
TOTAL ENERGY: -127.163292051218	 lambda: 0.8	 population of target: 7.00002583616711
1RDM: 
     1.99999997180163 -3.04422877678601e-08  4.44249929970127e-06  1.86075713929897e-06  0.000156392466177512 -2.29098820345526e-13  1.98229000821189e-12 -2.66572356351676e-13   1.2790486463956e-12 -2.17686008308076e-05
-3.04422877678601e-08      1.99999987329382  5.82528348975299e-06  1.70568113017278e-06  0.000218848659140548 -1.30529728802813e-12  3.07105081988657e-11  1.54128184678549e-11  5.29608961070011e-12  0.000271788316474964
 4.44249929970127e-06  5.82528348975299e-06      1.99927125115763 -0.000300514171797413    -0.026435764488794  1.48865850386618e-10 -6.40741245070917e-10  2.97916691299007e-11 -1.99954813762463e-10  0.000654040440486473
 1.86075713929897e-06  1.70568113017278e-06 -0.000300514171797413      1.99984842660816   -0.0110199214322226  1.23661412288958e-10  -1.4867524909587e-09 -5.90516438059485e-12 -2.61360002300513e-10   0.00373240424075779
 0.000156392466177512  0.000218848659140548    -0.026435764488794   -0.0110199214322226      1.01277567959058 -2.24643194035656e-11   4.8183383362619e-10  1.56070188629992e-10  6.09456733490042e-11  0.000337368165437406
-2.29098820345526e-13 -1.30529728802813e-12  1.48865850386618e-10  1.23661412288958e-10 -2.24643194035656e-11      1.00090754560092  4.54190064155735e-15 -7.77017029294599e-07 -0.000535477632669751  8.80477925867127e-12
 1.98229000821189e-12  3.07105081988657e-11 -6.40741245070917e-10  -1.4867524909587e-09   4.8183383362619e-10  4.54190064155735e-15      1.00090754560117 -0.000535477632064747  7.77017020038428e-07 -9.96694859523847e-10
-2.66572356351676e-13  1.54128184678549e-11  2.97916691299007e-11 -5.90516438059485e-12  1.56070188629992e-10 -7.77017029294599e-07 -0.000535477632064747     0.999098153146038 -4.21910449418247e-15 -2.00244113176204e-10
  1.2790486463956e-12  5.29608961070011e-12 -1.99954813762463e-10 -2.61360002300513e-10  6.09456733490042e-11 -0.000535477632669751  7.77017020038428e-07 -4.21910449418247e-15     0.999098153146289 -1.50336929676865e-10
-2.17686008308076e-05  0.000271788316474964  0.000654040440486473   0.00373240424075779  0.000337368165437406  8.80477925867127e-12 -9.96694859523847e-10 -2.00244113176204e-10 -1.50336929676865e-10     0.988093400053758
TOTAL ENERGY: -127.163272195448	 lambda: 0.9	 population of target: 7.00004909256123
1RDM: 
      1.9999999716382 -3.04197564613559e-08  4.43257007669696e-06  1.85632827083383e-06  0.000155938983639887 -2.28223983321532e-13   1.9601356867886e-12  -2.7212495328643e-13  1.27641727561617e-12 -2.18308262170759e-05
-3.04197564613559e-08      1.99999987313034  5.78593172375193e-06  1.70506227339385e-06  0.000218450823816246 -1.30474873709758e-12  3.07645176996195e-11  1.54298592786242e-11  5.30604629777029e-12  0.000272644599561641
 4.43257007669696e-06  5.78593172375193e-06      1.99927565966111 -0.000298946410080809   -0.0263239110449191  1.48680241552729e-10 -6.32368263303337e-10  3.23176676543464e-11 -1.98828127686192e-10  0.000708278401441278
 1.85632827083383e-06  1.70506227339385e-06 -0.000298946410080809      1.99984991254148   -0.0109820784905707  1.23538226609048e-10 -1.48988331787821e-09 -6.80884627898457e-12 -2.62102247956678e-10   0.00367113331996549
 0.000155938983639887  0.000218450823816246   -0.0263239110449191   -0.0109820784905707      1.01388262097649 -2.45813512941939e-11  5.28483742482631e-10   1.6751433069538e-10  6.71652513521962e-11  0.000393687669299672
-2.28223983321532e-13 -1.30474873709758e-12  1.48680241552729e-10  1.23538226609048e-10 -2.45813512941939e-11      1.00098891603061  8.64303992033779e-16   -8.468392584108e-07 -0.000583462965148679  8.83632446168724e-12
  1.9601356867886e-12  3.07645176996195e-11 -6.32368263303337e-10 -1.48988331787821e-09  5.28483742482631e-10  8.64303992033779e-16      1.00098891603093 -0.000583462964521744  8.46839253207007e-07 -1.08685362134485e-09
 -2.7212495328643e-13  1.54298592786242e-11  3.23176676543464e-11 -6.80884627898457e-12   1.6751433069538e-10   -8.468392584108e-07 -0.000583462964521744     0.999016785779544 -4.07202620855388e-16 -2.23820374878827e-10
 1.27641727561617e-12  5.30604629777029e-12 -1.98828127686192e-10 -2.62102247956678e-10  6.71652513521962e-11 -0.000583462965148679  8.46839253207007e-07 -4.07202620855388e-16     0.999016785779872 -1.63174803401394e-10
-2.18308262170759e-05  0.000272644599561641  0.000708278401441278   0.00367113331996549  0.000393687669299672  8.83632446168724e-12 -1.08685362134485e-09 -2.23820374878827e-10 -1.63174803401394e-10      0.98698055843149
TOTAL ENERGY: -127.163233182174	 lambda: 1	 population of target: 7.00008992348023
1RDM: 
     1.99999997126666 -3.04378558906221e-08  4.42830887853071e-06  1.85489960983391e-06  0.000155284147066146 -2.27086207026333e-13  1.91914703671041e-12  -2.8602103441562e-13  1.27216742999684e-12 -2.20058878229095e-05
-3.04378558906221e-08      1.99999987293949  5.74058738329609e-06  1.70123151827224e-06  0.000217926294634982 -1.30327825226278e-12  3.08307117875736e-11  1.54501860820159e-11  5.31907035776089e-12  0.000273730740024321
 4.42830887853071e-06  5.74058738329609e-06      1.99928071052456 -0.000297469172576555    -0.026173395707784  1.48292095310277e-10 -6.20056147810287e-10  3.52825364436389e-11 -1.97041373504692e-10  0.000783623149781282
 1.85489960983391e-06  1.70123151827224e-06 -0.000297469172576555       1.9998514611384   -0.0109436533323306  1.23472608241212e-10 -1.49256808168746e-09 -8.11364434551664e-12 -2.62576705612985e-10   0.00361534265803165
 0.000155284147066146  0.000217926294634982    -0.026173395707784   -0.0109436533323306      1.01593103615772 -3.05829901872023e-11  6.33294233463469e-10  1.92306536676576e-10  8.19704988127379e-11  0.000495762835384179
-2.27086207026333e-13 -1.30327825226278e-12  1.48292095310277e-10  1.23472608241212e-10 -3.05829901872023e-11      1.00113871781944 -5.75909497873536e-15  -9.7490079694299e-07  -0.00067182315674175  7.03723060309341e-12
 1.91914703671041e-12  3.08307117875736e-11 -6.20056147810287e-10 -1.49256808168746e-09  6.33294233463469e-10 -5.75909497873536e-15      1.00113871781982 -0.000671823156017375  9.74900798923131e-07 -1.26564804617698e-09
 -2.8602103441562e-13  1.54501860820159e-11  3.52825364436389e-11 -8.11364434551664e-12  1.92306536676576e-10  -9.7490079694299e-07 -0.000671823156017375     0.998866990760448  6.27751224453695e-15 -2.81481134181861e-10
 1.27216742999684e-12  5.31907035776089e-12 -1.97041373504692e-10 -2.62576705612985e-10  8.19704988127379e-11  -0.00067182315674175  9.74900798923131e-07  6.27751224453695e-15     0.998866990760822 -1.83307053502972e-10
-2.20058878229095e-05  0.000273730740024321  0.000783623149781282   0.00361534265803165  0.000495762835384179  7.03723060309341e-12 -1.26564804617698e-09 -2.81481134181861e-10 -1.83307053502972e-10     0.984925530812691
-------------------general-----------------------
mullikenoperator: 
  0.00237027745250989   -0.0485457332069138 -0.000769264191250343  -0.00271505540358109  -2.4436142635422e-05 -7.21468818630584e-13 -2.12762823496594e-12 -1.55504305253755e-12 -7.46177663707805e-13 -8.62623657192488e-05
  -0.0485457332069138     0.997623315492145  -0.00361267056266197   0.00113684418102783  6.01053292859678e-05 -9.13490273548557e-13   -1.187738219016e-12  5.16748516360342e-12  1.55433987684777e-12  2.41636186942873e-05
-0.000769264191250343  -0.00361267056266197     0.112050672903679     0.314976884342266   0.00716826057499188 -6.50819189182693e-13   7.0410098820823e-10  2.47128334949909e-10  1.14822235547859e-10     0.014842084052205
 -0.00271505540358109   0.00113684418102784     0.314976884342265     0.887991175820088   -0.0143514786697342  1.87180748215994e-10 -1.44951845581034e-10  6.87142471508526e-10 -2.24537466881756e-10   0.00617789343052986
 -2.4436142635422e-05  6.01053292859677e-05   0.00716826057499188   -0.0143514786697342     0.484409672549953 -1.22030811203796e-09  2.52831366904443e-08 -2.47216272760513e-09  8.50447916848565e-09     0.499500768232287
-7.21468818630583e-13 -9.13490273548553e-13 -6.50819189182791e-13  1.87180748215994e-10 -1.22030811203796e-09     0.754753141221822  4.61138858400517e-13  0.000831812725207336     0.430232671644326 -6.73133638494204e-09
-2.12762823496594e-12 -1.18773821901603e-12   7.0410098820823e-10 -1.44951845581033e-10  2.52831366904443e-08  4.61019392780992e-13     0.754753140956479      0.43023267180144 -0.000831812726057167 -9.97631583813501e-09
-1.55504305253755e-12   5.1674851636034e-12  2.47128334949909e-10  6.87142471508527e-10 -2.47216272760514e-09  0.000831812725207296      0.43023267180144     0.245246859043518  -9.7443253793977e-13 -2.30967514943909e-08
-7.46177663707804e-13  1.55433987684777e-12  1.14822235547859e-10 -2.24537466881756e-10  8.50447916848564e-09     0.430232671644326 -0.000831812726057203 -9.74458170667186e-13     0.245246858778182  5.68795514861654e-09
-8.62623657192487e-05  2.41636186942866e-05     0.014842084052205   0.00617789343052986     0.499500768232287 -6.73133638494204e-09   -9.976315838135e-09 -2.30967514943909e-08  5.68795514861654e-09     0.515554885781629
selected BF: 
0 1 2 3 4
selected lambdas: 
  -1 -0.9 -0.8 -0.7 -0.6 -0.5 -0.4 -0.3 -0.2 -0.1    0  0.1  0.2  0.3  0.4  0.5  0.6  0.7  0.8  0.9    1
RHF C: 
 2.60057815937499e-06    -0.995136719933133   0.00185988686251179    -0.261080565238377  -0.00153025121097529  3.15329744613374e-11  1.78039960318949e-10 -9.63512190585487e-12 -1.18431118014548e-11   0.00266147443386729
-3.73956453366624e-07   -0.0198958414626985  -0.00727680149624529      1.02853316070567   0.00604843851018953 -1.26451753441809e-10 -7.14280630711239e-10  3.92369346196358e-11  4.64671192430865e-11   -0.0104186353071976
-1.37312744197047e-12 -2.36579899278946e-12  2.73009526453828e-10  3.15781928919805e-11  5.42050202032636e-11    -0.434963763078633     0.664946863503388     0.507768774797988    -0.332901023377321 -3.69179721513211e-08
-2.17536352701937e-13 -2.20058454221219e-12  3.36995686723282e-11  5.62220435564442e-11 -5.92715693606247e-11     0.664946863581623     0.434963763027296     0.332901023444397     0.507768774695537 -2.88758573359785e-08
-1.62200110960188e-05  1.67312255087306e-05  -0.00128488180170825    0.0101507125646659  -0.00469907483666464  3.25761263490524e-09  3.69882005111802e-08  2.85108124068893e-08  2.22022921431405e-09     0.999939618058001
    0.995254112835841  3.32571904086832e-06     0.262316215029588   0.00200960279237475  -0.00307442950563066  4.75775304325631e-11 -8.71579831483873e-11  5.55573136847584e-11 -7.45567135218844e-12  0.000600988166045278
   0.0193065716655833 -2.37247901996249e-06     -1.02896333664387  -0.00792602158476484    0.0122156314580225 -1.89686309452379e-10  3.46126525750751e-10 -2.18120723321991e-10  2.93487498112185e-11  -0.00239433279343033
 7.57457055274121e-13 -1.91491758670721e-12  -9.7885137093423e-11  5.54877627599398e-10 -4.03388911155619e-08    -0.332303536327971     0.508005428846753    -0.664577713884947     0.435707852481044  7.72798118867818e-11
 3.01423097250777e-13 -1.51866277836237e-12  9.62608874978793e-12  3.78299013617541e-10 -6.67113388460316e-09      0.50800542874436     0.332303536395162      -0.4357078524298    -0.664577713963218 -8.34758338372278e-11
 -3.9774873467437e-05 -1.48463065962158e-05    0.0118929607409707   -0.0046925088167103     0.999897215727649  -9.9308488625374e-09  2.29582849870212e-08 -2.95247764206314e-08  1.32049044095742e-08   0.00691293556183294
RDM (no constraint): 
     1.99999999756294 -1.79845211330447e-09  6.21414574331321e-07  1.85868868770934e-07  4.14653600700988e-05 -7.77326782200303e-13  1.33378881509304e-12  7.87062775193014e-14  6.04477464235619e-14 -3.49392284029816e-06
-1.79845211330447e-09      1.99999997609931  1.93180295012275e-07  3.95176926586563e-06 -1.23193059919212e-05   3.3746493967639e-13 -3.60871817516349e-13 -2.74163359187942e-12 -2.56949533032083e-13 -0.000109752072444659
 6.21414574331321e-07  1.93180295012275e-07       1.9998290780957  -8.6126934722336e-06   -0.0123738364003025  1.82630549753924e-10 -4.22924767840839e-10    1.617003996597e-10 -3.94255084355692e-11  0.000196758125718612
 1.85868868770934e-07  3.95176926586563e-06  -8.6126934722336e-06      1.99911838325571   0.00279635921384424   3.2422195986699e-11  6.70882854631609e-10  1.22549430356029e-09  9.35119808834265e-11    0.0285111606853142
 4.14653600700988e-05 -1.23193059919212e-05   -0.0123738364003025   0.00279635921384424      1.00219265983388 -1.19708161680951e-10  -1.8093241484142e-09 -1.48235272427518e-09  -3.8563306404586e-11   -0.0468501826387088
-7.77326782200303e-13   3.3746493967639e-13  1.82630549753924e-10   3.2422195986699e-11 -1.19708161680951e-10      1.00393344871052  2.43596771320231e-15 -1.12441786033173e-06  -0.00108199433488291  4.51673768581189e-10
 1.33378881509304e-12 -3.60871817516349e-13 -4.22924767840839e-10  6.70882854631609e-10  -1.8093241484142e-09  2.43596771320231e-15      1.00393344871043  -0.00108199433355162  1.12441785949211e-06 -1.23462133635452e-09
 7.87062775193014e-14 -2.74163359187942e-12    1.617003996597e-10  1.22549430356029e-09 -1.48235272427518e-09 -1.12441786033173e-06  -0.00108199433355162     0.996072609586413 -2.53804961725462e-15  1.52539654044391e-09
 6.04477464235619e-14 -2.56949533032083e-13 -3.94255084355692e-11  9.35119808834265e-11  -3.8563306404586e-11  -0.00108199433488291  1.12441785949211e-06 -2.53804961725462e-15     0.996072609586315 -6.08352981339997e-10
-3.49392284029816e-06 -0.000109752072444659  0.000196758125718612    0.0285111606853142   -0.0468501826387088  4.51673768581189e-10 -1.23462133635452e-09  1.52539654044391e-09 -6.08352981339997e-10     0.998847788558833
RDM Eigenvectors: 
    0.998801358295415   -0.0486300242783147  -0.00506206385100063  -0.00231109015334305 -3.39574170654965e-05 -2.85710225137867e-13  3.31424573734504e-13  1.46452619567259e-12 -5.10605063125656e-13  2.49937903615335e-05
   0.0486193678200443     0.998745995340716   0.00362374478509638   -0.0113776247987046 -7.03960095492467e-05  5.64634362369745e-13  3.96950699450461e-12  5.34916064701331e-13  2.32398753659256e-13 -8.38792939576969e-05
  0.00556384867807459  0.000209461226015717     0.939788750933316     0.341483267027981   0.00951843249402528  4.13464302130248e-11 -1.20326244269486e-10 -2.29585496129463e-10   1.2821032701456e-10  -0.00804245707680371
   0.0010228022758841     0.011893742195579    -0.341363939742093     0.939425055498778    0.0185900744502133 -3.28322603385377e-11 -5.15683411428895e-10  4.33666347645689e-10  -9.8241024443119e-12    0.0215204007606766
-2.62874554019825e-05  5.62252078645281e-06   -0.0121903687708802  -0.00286792911157177     0.721955054923456 -1.14872521233894e-08  2.65419620304213e-08 -2.64833341050872e-08  1.15730834515436e-08    -0.691826616891592
 3.03960764910828e-13  9.04310221082133e-13  1.58674778114473e-10  1.05700750660584e-10 -9.40814755045232e-09    -0.990979242566656   0.00523455212539845  0.000675218686043907      -0.1339114795146  4.56821943004642e-09
-3.36313119246494e-13  7.18743075736396e-12 -5.95422223732252e-10  4.58217792571563e-10 -9.27909940154235e-09  -0.00523455212553184    -0.990979242587312     -0.13391147936173 -0.000675218685094481 -4.24917781363495e-08
 2.16379287084224e-12  1.21533252021506e-11  -2.6032905959609e-10  1.24658375581429e-09 -4.10682970638012e-08  0.000846507889322605     0.133910506120741    -0.990974742115347  -0.00602662959709555   1.0006229746344e-10
-8.85697285375225e-14  7.01006600651931e-13 -6.29750399151251e-11  5.77614620784283e-11  7.94414555199523e-09     0.133910506273611 -0.000846507890148861   0.00602662959698847     -0.99097474209469 -1.07730059849141e-08
 2.26356922009752e-05  0.000229173602681857  -0.00896678066443308    0.0269578734300225    -0.691624682278297  3.04701995518124e-09  3.29533029557848e-08  3.30639536888638e-08   2.8880751165957e-09    -0.721698077962783
Total C: 
   0.0489902046527993     -0.99091158646143   -0.0876511420986486    -0.257707591219446  -0.00222555884906137 -3.03833185924567e-11 -4.02083799372172e-10 -2.41438413570923e-10 -4.09736959177893e-11  -0.00814533451456622
 -0.00137350127166947   -0.0315990957115008     0.344525401368369     0.968365450529153   0.00871342481898599  1.18421012456208e-10  1.56527778703754e-09  8.99444135347991e-10  1.58003736177205e-10    0.0311236163510187
-2.37769017062962e-12  3.88144041101009e-12  3.07521271382153e-10 -9.62190224885754e-10  3.09219821148758e-08      0.47944288303455    -0.724442985480462    -0.412504588721149     0.274147539620003  6.30187949744509e-08
-9.48040596045246e-13  2.09842533187643e-12  2.46363939248518e-10 -6.87991409087063e-10  2.09002240119184e-08    -0.724442985608126    -0.479442882950697    -0.274147539766638    -0.412504588496955  4.97149547657022e-08
-8.81741752136064e-06 -0.000187768877986166  -0.00582800499966869    0.0314063736013914    -0.695190811709354  1.30034926773032e-09 -8.29312080856096e-08 -2.30049815952358e-08 -1.24324675892588e-08    -0.718119337945343
    0.992728611637538    0.0493198158617507     0.252711420604603   -0.0866836580462563  -0.00586503700585189  2.72393724287295e-11 -7.39239030521279e-11 -3.95016762340637e-12 -3.32214917091274e-11 -0.000582808993540626
   0.0245100665834503  -0.00270287651701244    -0.969471824317598     0.344000356264545     0.023041266295858 -1.04257151124207e-10  2.84596455576779e-10  1.82802514274086e-11  1.31084001636934e-10   0.00229260948768553
 5.02078176278171e-13 -4.13570883675387e-12  -1.5351694380015e-10 -7.37126620060861e-10  1.07667035736979e-08     0.273170069177189    -0.412982988192459     0.723699845317096     -0.48070960585098  2.28721472191757e-08
-6.57426101882804e-13 -4.07633764768794e-12  7.12490971983408e-11 -1.44198832212269e-10  2.07247436678149e-09    -0.412982987968492    -0.273170069324217     0.480709605767432     0.723699845444903  8.57103856376621e-10
-0.000122144483437427  8.75651458318108e-06    0.0190360902286019    0.0102686272773847     0.716966775643473 -1.20099219237319e-09 -2.83355302291207e-08 -8.82765446752995e-09 -6.74510509151649e-09    -0.696775792378522
Basis set used: STO-3G
Naturals: 
 1.99999999995682  1.99999999803452    1.999990832489  1.99992482759595  1.04698346352772  1.00407965899907  1.00407965899862 0.995926399298217  0.99592639929777 0.953088761802337
Version: Tmhuysen's fci hack
