The Davidson algorithm did not converge.lambda: -1
The Davidson algorithm did not converge.lambda: -0.9
The Davidson algorithm did not converge.lambda: -0.8
The Davidson algorithm did not converge.lambda: -0.7
The Davidson algorithm did not converge.lambda: -0.6
The Davidson algorithm did not converge.lambda: -0.5
The Davidson algorithm did not converge.lambda: -0.4
The Davidson algorithm did not converge.lambda: -0.3
The Davidson algorithm did not converge.lambda: -0.2
The Davidson algorithm did not converge.lambda: -0.1
TOTAL ENERGY: -127.163943395481	 lambda: 0	 population of target: 6.99486843013241
1RDM: 
       1.999999926746 -9.23023595739217e-10  7.13631282759373e-06  1.64147180224823e-05 -0.000150731974757121 -6.42354029085341e-15  5.14234080403572e-15  7.69416321760876e-16 -2.41180780970765e-16 -0.000210662279757657
-9.23023595739217e-10      1.99999996724507   2.4755232300181e-06  2.17866497475751e-08 -9.60094630962074e-05   3.3853341358834e-15  4.04319802331081e-15  3.57512171518501e-15  -1.4931748177937e-15  2.20068079764802e-05
 7.13631282759373e-06   2.4755232300181e-06      1.99887569287084  -0.00164536950942885    0.0322275325798797  4.63054936167336e-13  1.71461748080363e-13  2.85618211140298e-13 -9.80511354464713e-14    0.0120082255234333
 1.64147180224823e-05  2.17866497475751e-08  -0.00164536950942885      1.99628817379641    0.0350467168444321    1.342196462128e-12 -7.08661772652264e-13  3.29372401348936e-14  4.71028351321198e-14    0.0466316358155123
-0.000150731974757121 -9.60094630962074e-05    0.0322275325798797    0.0350467168444321     0.915759138143638 -1.16211454738478e-11 -2.81980323187561e-12  4.21321195664313e-12 -1.29730266251051e-11  -0.00573062364526782
-6.42354029085341e-15   3.3853341358834e-15  4.63054936167336e-13    1.342196462128e-12 -1.16211454738478e-11      1.00807856550254   0.00273780109767309   7.5202468032632e-05  8.08168031392794e-06  1.42164869216319e-11
 5.14234080403572e-15  4.04319802331081e-15  1.71461748080363e-13 -7.08661772652264e-13 -2.81980323187561e-12   0.00273780109767309     0.991944051677508 -0.000455595883572399 -4.89609849827398e-05  3.48770824329014e-12
 7.69416321760876e-16  3.57512171518501e-15  2.85618211140298e-13  3.29372401348936e-14  4.21321195664313e-12   7.5202468032632e-05 -0.000455595883572399      1.00832328544823   0.00181015246901835 -1.89241720992399e-12
-2.41180780970765e-16  -1.4931748177937e-15 -9.80511354464713e-14  4.71028351321198e-14 -1.29730266251051e-11  8.08168031392794e-06 -4.89609849827398e-05   0.00181015246901835     0.991674016753523  1.13456098896109e-11
-0.000210662279757657  2.20068079764802e-05    0.0120082255234333    0.0466316358155123  -0.00573062364526782  1.42164869216319e-11  3.48770824329014e-12 -1.89241720992399e-12  1.13456098896109e-11      1.08905718181633
TOTAL ENERGY: -127.163814286499	 lambda: 0.1	 population of target: 6.99881528576478
1RDM: 
     1.99999992980282 -7.84351578414454e-09  7.26733116169553e-06  1.57593247256871e-05  -0.00015508390802677 -6.74309262226812e-15  5.04662854365407e-15  9.39668289831156e-16 -7.02683277356871e-16 -0.000209568310150668
-7.84351578414454e-09      1.99999997856456  2.27269763327608e-06  1.32612544133583e-06 -0.000100401693384522  2.48841129336637e-15  3.72992601352194e-15  3.97593132546062e-15 -2.71225351780927e-15  2.83060889940304e-05
 7.26733116169553e-06  2.27269763327608e-06      1.99892245246195  -0.00166742244243871    0.0305435813816052  4.39667833626813e-13  1.70083280046547e-13  3.35205301092137e-13 -1.67901698165923e-13    0.0126299496779982
 1.57593247256871e-05  1.32612544133583e-06  -0.00166742244243871      1.99641901235837    0.0353041773655813  1.32163268154859e-12 -7.21530561948717e-13  4.35639506943001e-14  2.42192574706393e-14    0.0469751573278144
 -0.00015508390802677 -0.000100401693384522    0.0305435813816052    0.0353041773655813     0.956758942161858  3.46479760521547e-13  4.72287661553434e-13  6.69074243280162e-13 -3.44930460360141e-13 -0.000565723012485779
-6.74309262226812e-15  2.48841129336637e-15  4.39667833626813e-13  1.32163268154859e-12  3.46479760521547e-13       1.0042864075921   0.00145194126939338  4.06689577241973e-05  1.81892854892026e-05  1.30485752923922e-12
 5.04662854365407e-15  3.72992601352194e-15  1.70083280046547e-13 -7.21530561948717e-13  4.72287661553434e-13   0.00145194126939338     0.995729769225068 -0.000255519988113462 -2.51787588936301e-05 -1.30281239130178e-13
 9.39668289831156e-16  3.97593132546062e-15  3.35205301092137e-13  4.35639506943001e-14  6.69074243280162e-13  4.06689577241973e-05 -0.000255519988113462      1.00441542693625  0.000959980133523071  5.04441902048125e-13
-7.02683277356871e-16 -2.71225351780927e-15 -1.67901698165923e-13  2.42192574706393e-14 -3.44930460360141e-13  1.81892854892026e-05 -2.51787588936301e-05  0.000959980133523071     0.995585798034329 -4.04109029170044e-13
-0.000209568310150668  2.83060889940304e-05    0.0126299496779982    0.0469751573278144 -0.000565723012485779  1.30485752923922e-12 -1.30281239130178e-13  5.04441902048125e-13 -4.04109029170044e-13      1.04788228286272
TOTAL ENERGY: -127.163717697523	 lambda: 0.2	 population of target: 6.99950590013798
1RDM: 
     1.99999993036415 -9.47182150743727e-09  7.26631074429187e-06  1.56196062998131e-05 -0.000156995178491256 -6.68817769608269e-15  5.06112093215539e-15  9.84848904679756e-16   -7.315199711495e-16 -0.000208070866127441
-9.47182150743727e-09      1.99999998046932  2.27730942014261e-06  1.64100399642738e-06   -0.0001036828053195  2.59795711087779e-15  3.76030667256721e-15  4.05737365759434e-15 -2.76880595139698e-15  3.13932834772141e-05
 7.26631074429187e-06  2.27730942014261e-06      1.99893893287233  -0.00166770923942959    0.0299618059004091  4.50425986490777e-13  1.75724655246234e-13  3.46516927492743e-13 -1.74124552229364e-13    0.0128373796315685
 1.56196062998131e-05  1.64100399642738e-06  -0.00166770923942959      1.99644693430196    0.0354901739797364  1.31918744557926e-12 -7.23461494121216e-13  4.06735164152706e-14  2.60768782001254e-14      0.04693408037668
-0.000156995178491256   -0.0001036828053195    0.0299618059004091    0.0354901739797364     0.969554832996453  3.30587792827418e-13  3.42254404429732e-13  4.80924088737084e-13 -1.95974426928929e-13  0.000522356344571184
-6.68817769608269e-15  2.59795711087779e-15  4.50425986490777e-13  1.31918744557926e-12  3.30587792827418e-13      1.00308988542754   0.00104623454198035  2.94941634688777e-05  1.64526418310241e-05  8.99908234673766e-13
 5.06112093215539e-15  3.76030667256721e-15  1.75724655246234e-13 -7.23461494121216e-13  3.42254404429732e-13   0.00104623454198035     0.996924174290938 -0.000187467603270394 -1.79541639681398e-05 -1.16128820475436e-13
 9.84848904679756e-16  4.05737365759434e-15  3.46516927492743e-13  4.06735164152706e-14  4.80924088737084e-13  2.94941634688777e-05 -0.000187467603270394      1.00318267387473  0.000691738969558225  3.65640828609403e-13
  -7.315199711495e-16 -2.76880595139698e-15 -1.74124552229364e-13  2.60768782001254e-14 -1.95974426928929e-13  1.64526418310241e-05 -1.79541639681398e-05  0.000691738969558225     0.996820252208366 -3.41509418931133e-13
-0.000208070866127441  3.13932834772141e-05    0.0128373796315685      0.04693408037668  0.000522356344571184  8.99908234673766e-13 -1.16128820475436e-13  3.65640828609403e-13 -3.41509418931133e-13      1.03504240319421
TOTAL ENERGY: -127.1636589536	 lambda: 0.3	 population of target: 6.99974760988574
1RDM: 
     1.99999993069426 -1.02992058264018e-08  7.24888156571127e-06  1.55412295823412e-05 -0.000158228418421258 -6.63708904096738e-15  5.07163474765177e-15  1.01776732511067e-15 -7.51405076354977e-16 -0.000206655146663621
-1.02992058264018e-08       1.9999999808867  2.31277736968009e-06  1.80348287529226e-06 -0.000106566757685075  2.68367105803973e-15  3.79052140962217e-15  4.11948387481979e-15 -2.80089413995855e-15  3.33378569304791e-05
 7.24888156571127e-06  2.31277736968009e-06      1.99894968082136  -0.00166521650825564    0.0296403081538501  4.55387388236264e-13  1.79302007038307e-13  3.52024889074916e-13 -1.77394685430872e-13    0.0129211632376158
 1.55412295823412e-05  1.80348287529226e-06  -0.00166521650825564      1.99646050874631    0.0356448266143335  1.31499261642453e-12 -7.24749793652735e-13   3.7203973588083e-14  2.83103542010486e-14    0.0468245844770543
-0.000158228418421258 -0.000106566757685075    0.0296403081538501    0.0356448266143335     0.975476057986439  2.42836374060138e-13  2.68460077756808e-13  4.02135065222773e-13 -2.05794615451372e-13  0.000949103844070967
-6.63708904096738e-15  2.68367105803973e-15  4.55387388236264e-13  1.31499261642453e-12  2.42836374060138e-13       1.0025334990944  0.000857581445970959  2.42568264055481e-05  1.49174348160791e-05   7.8940007366345e-13
 5.07163474765177e-15  3.79052140962217e-15  1.79302007038307e-13 -7.24749793652735e-13  2.68460077756808e-13  0.000857581445970959     0.997479567517087 -0.000155095613128833 -1.46358091575735e-05 -9.53003129675097e-14
 1.01776732511067e-15  4.11948387481979e-15  3.52024889074916e-13   3.7203973588083e-14  4.02135065222773e-13  2.42568264055481e-05 -0.000155095613128833       1.0026094794052    0.0005670072754475  2.93322932425675e-13
-7.51405076354977e-16 -2.80089413995855e-15 -1.77394685430872e-13  2.83103542010486e-14 -2.05794615451372e-13  1.49174348160791e-05 -1.46358091575735e-05    0.0005670072754475     0.997394307391589 -2.35629893043119e-13
-0.000206655146663621  3.33378569304791e-05    0.0129211632376158    0.0468245844770543  0.000949103844070967   7.8940007366345e-13 -9.53003129675097e-14  2.93322932425675e-13 -2.35629893043119e-13      1.02909698745671
TOTAL ENERGY: -127.163618530681	 lambda: 0.4	 population of target: 6.99986475516822
1RDM: 
     1.99999993099285  -1.0903054107339e-08   7.2241169102937e-06  1.54757727317646e-05 -0.000159120669014761 -6.59191366212655e-15  5.07840428286325e-15   1.0455048159576e-15 -7.69257643631458e-16 -0.000205319558184756
 -1.0903054107339e-08      1.99999998085012  2.35764477452006e-06  1.92304525683893e-06 -0.000109221855518513   2.7409234627596e-15  3.81956192596833e-15   4.1704312889119e-15  -2.8333464325037e-15  3.46189603896726e-05
  7.2241169102937e-06  2.35764477452006e-06      1.99895859401462  -0.00166153899542854    0.0294210049542831  4.57802357344386e-13   1.8168996621851e-13  3.55524331595766e-13 -1.79403333554496e-13    0.0129456939794813
 1.54757727317646e-05  1.92304525683893e-06  -0.00166153899542854      1.99647010287707    0.0357784849344115  1.31026615457211e-12 -7.25991921524533e-13  3.39028118393442e-14  3.04714026937936e-14    0.0466945928860809
-0.000159120669014761 -0.000109221855518513    0.0294210049542831    0.0357784849344115     0.978598488260208   2.2373688971135e-13  2.34189987017851e-13  3.57372250548663e-13 -1.82927041957363e-13    0.0011623723273059
-6.59191366212655e-15   2.7409234627596e-15  4.57802357344386e-13  1.31026615457211e-12   2.2373688971135e-13      1.00223884541467   0.00075767243289276  2.14775814500349e-05  1.40033882526922e-05  7.04112424627421e-13
 5.07840428286325e-15  3.81956192596833e-15   1.8168996621851e-13 -7.25991921524533e-13  2.34189987017851e-13   0.00075767243289276     0.997773700271692 -0.000137850657960607 -1.28840098151336e-05 -8.86484801207927e-14
  1.0455048159576e-15   4.1704312889119e-15  3.55524331595766e-13  3.39028118393442e-14  3.57372250548663e-13  2.14775814500349e-05 -0.000137850657960607      1.00230592698698  0.000500950354675436  2.58325155805262e-13
-7.69257643631458e-16  -2.8333464325037e-15 -1.79403333554496e-13  3.04714026937936e-14 -1.82927041957363e-13  1.40033882526922e-05 -1.28840098151336e-05  0.000500950354675436     0.997698326073886 -2.07160380338248e-13
-0.000205319558184756  3.46189603896726e-05    0.0129456939794813    0.0466945928860809    0.0011623723273059  7.04112424627421e-13 -8.86484801207927e-14  2.58325155805262e-13 -2.07160380338248e-13      1.02595610425796
TOTAL ENERGY: -127.163586602454	 lambda: 0.5	 population of target: 6.99993621370681
1RDM: 
     1.99999993129659 -1.14410364502662e-08  7.19297828909772e-06  1.54113229260299e-05 -0.000159797702307464  -6.5494748058554e-15  5.08319602147752e-15  1.06966191809715e-15 -7.85061924875391e-16 -0.000204026846311037
-1.14410364502662e-08      1.99999998062329  2.40726850850141e-06  2.02944865241035e-06 -0.000111749936665121   2.7828886906398e-15  3.84830045696567e-15  4.21403002065922e-15 -2.86133780647091e-15  3.54188092376395e-05
 7.19297828909772e-06  2.40726850850141e-06      1.99896690247614  -0.00165691574243306     0.029252173741921  4.58658504853257e-13  1.83622075587017e-13  3.57821177585944e-13 -1.80765492452985e-13    0.0129323028552977
 1.54113229260299e-05  2.02944865241035e-06  -0.00165691574243306      1.99647837483627    0.0358978032295503  1.30530639532763e-12 -7.27088183131251e-13  3.06812740904598e-14  3.25781441445604e-14    0.0465541052290467
-0.000159797702307464 -0.000111749936665121     0.029252173741921    0.0358978032295503     0.980217605391648  2.14328452047855e-13  2.16599906951631e-13  3.34004105302455e-13 -1.70830522787611e-13   0.00128109708195983
 -6.5494748058554e-15   2.7828886906398e-15  4.58658504853257e-13  1.30530639532763e-12  2.14328452047855e-13      1.00208494064663  0.000705486473681976  2.00307245651612e-05   1.3621118428646e-05   6.5936555815443e-13
 5.08319602147752e-15  3.84830045696567e-15  1.83622075587017e-13 -7.27088183131251e-13  2.16599906951631e-13  0.000705486473681976     0.997927340126515 -0.000128938158256775 -1.19641443212622e-05 -8.54873991980525e-14
 1.06966191809715e-15  4.21403002065922e-15  3.57821177585944e-13  3.06812740904598e-14  3.34004105302455e-13  2.00307245651612e-05 -0.000128938158256775      1.00214736895019  0.000466446544602732  2.40175818148153e-13
-7.85061924875391e-16 -2.86133780647091e-15 -1.80765492452985e-13  3.25781441445604e-14 -1.70830522787611e-13   1.3621118428646e-05 -1.19641443212622e-05  0.000466446544602732     0.997857124524621 -1.92544720435949e-13
-0.000204026846311037  3.54188092376395e-05    0.0129323028552977    0.0465541052290467   0.00128109708195983   6.5936555815443e-13 -8.54873991980525e-14  2.40175818148153e-13 -1.92544720435949e-13      1.02432043112814
TOTAL ENERGY: -127.163556955439	 lambda: 0.6	 population of target: 6.99999025388664
1RDM: 
     1.99999993161346 -1.19811518803502e-08  7.15482038778716e-06  1.53426385883478e-05  -0.00016032590907897 -6.50798181489497e-15    5.086570598148e-15   1.0916658380438e-15 -7.99597057089617e-16 -0.000202733881519697
-1.19811518803502e-08      1.99999998029104   2.4607356183252e-06  2.13470638011335e-06 -0.000114235260514024  2.81258244509967e-15  3.87751610785928e-15  4.25239365900289e-15 -2.88618931846484e-15  3.58185858852185e-05
 7.15482038778716e-06   2.4607356183252e-06      1.99897516242204  -0.00165134305132842    0.0291118742126636   4.5839201362772e-13  1.85321481789494e-13  3.59332391734305e-13 -1.81681245875001e-13    0.0128887179794721
 1.53426385883478e-05  2.13470638011335e-06  -0.00165134305132842      1.99648639920008    0.0360084504518211  1.30007623950431e-12  -7.2808812709645e-13   2.7453381850596e-14   3.4697347542922e-14    0.0464025690575709
 -0.00016032590907897 -0.000114235260514024    0.0291118742126636    0.0360084504518211     0.980828183393287  2.11345321924734e-13  2.09837001769485e-13   3.2541967937247e-13 -1.66508914710433e-13   0.00134883793934349
-6.50798181489497e-15  2.81258244509967e-15   4.5839201362772e-13  1.30007623950431e-12  2.11345321924734e-13      1.00202528601705  0.000685256922926653  1.94844246571371e-05  1.37178546208353e-05  6.42130685542947e-13
   5.086570598148e-15  3.87751610785928e-15  1.85321481789494e-13  -7.2808812709645e-13  2.09837001769485e-13  0.000685256922926653     0.997986903099278 -0.000125728284557497 -1.15930221127349e-05 -8.44779420688483e-14
  1.0916658380438e-15  4.25239365900289e-15  3.59332391734305e-13   2.7453381850596e-14   3.2541967937247e-13  1.94844246571371e-05 -0.000125728284557497      1.00208589966232  0.000453071400645557  2.32852076149136e-13
-7.99597057089617e-16 -2.88618931846484e-15 -1.81681245875001e-13   3.4697347542922e-14 -1.66508914710433e-13  1.37178546208353e-05 -1.15930221127349e-05  0.000453071400645557     0.997918676363722   -1.866494830701e-13
-0.000202733881519697  3.58185858852185e-05    0.0128887179794721    0.0464025690575709   0.00134883793934349  6.42130685542947e-13 -8.44779420688483e-14  2.32852076149136e-13   -1.866494830701e-13      1.02369357793774
TOTAL ENERGY: -127.163523629972	 lambda: 0.7	 population of target: 7.00004148330597
1RDM: 
     1.99999993194082 -1.25705676854803e-08    7.108023626458e-06  1.52655864416834e-05 -0.000160750886923159 -6.46566301015566e-15  5.08890905534461e-15  1.11273346582976e-15 -8.13664106432188e-16 -0.000201389971219223
-1.25705676854803e-08      1.99999997987516  2.51827513597488e-06  2.24560301892361e-06 -0.000116762163872844  2.83153146467398e-15  3.90808319170281e-15  4.28708190737405e-15 -2.90883358230286e-15  3.58482799856722e-05
   7.108023626458e-06  2.51827513597488e-06      1.99898369187546  -0.00164473656435227    0.0289896546161485  4.57114386931648e-13  1.86899972778339e-13   3.6022862536406e-13 -1.82258916131625e-13    0.0128163493986281
 1.52655864416834e-05  2.24560301892361e-06  -0.00164473656435227      1.99649484170291    0.0361163478606098  1.29435622228574e-12 -7.29046877012052e-13  2.40717227990319e-14  3.69213829138546e-14    0.0462340301498245
-0.000160750886923159 -0.000116762163872844    0.0289896546161485    0.0361163478606098     0.980591676882218  2.14236767209344e-13   2.1227244733227e-13  3.29254817344677e-13 -1.68638354512819e-13   0.00138488682590695
-6.46566301015566e-15  2.83153146467398e-15  4.57114386931648e-13  1.29435622228574e-12  2.14236767209344e-13      1.00204435067415  0.000691716539100619  1.96941985242354e-05   1.4324062949663e-05  6.47756072815042e-13
 5.08890905534461e-15  3.90808319170281e-15  1.86899972778339e-13 -7.29046877012052e-13   2.1227244733227e-13  0.000691716539100619     0.997967901076197 -0.000127390334596942 -1.16762038023179e-05 -8.55216043331744e-14
 1.11273346582976e-15  4.28708190737405e-15   3.6022862536406e-13  2.40717227990319e-14  3.29254817344677e-13  1.96941985242354e-05 -0.000127390334596942      1.00210550985388  0.000457342323378184  2.34565861725737e-13
-8.13664106432188e-16 -2.90883358230286e-15 -1.82258916131625e-13  3.69213829138546e-14 -1.68638354512819e-13   1.4324062949663e-05 -1.16762038023179e-05  0.000457342323378184     0.997899005318974 -1.88131775307672e-13
-0.000201389971219223  3.58482799856722e-05    0.0128163493986281    0.0462340301498245   0.00138488682590695  6.47756072815042e-13 -8.55216043331744e-14  2.34565861725737e-13 -1.88131775307672e-13      1.02391311080031
TOTAL ENERGY: -127.16347768634	 lambda: 0.8	 population of target: 7.00010254926229
1RDM: 
      1.9999999322623 -1.32635405453897e-08  7.04948919318662e-06  1.51750520154704e-05 -0.000161115373685972 -6.42021571046188e-15  5.09060216415968e-15  1.13421467511683e-15 -8.28159150929601e-16 -0.000199927055950005
-1.32635405453897e-08       1.9999999793603  2.58039396875708e-06  2.36749225355285e-06 -0.000119431622520288  2.84017579973766e-15   3.9412212738779e-15   4.3193954038101e-15 -2.93013737601187e-15  3.54995205986883e-05
 7.04948919318662e-06  2.58039396875708e-06      1.99899268515966  -0.00163696291719449    0.0288810744083093  4.54758645980969e-13  1.88417694975199e-13  3.60533418466401e-13 -1.82516445090916e-13    0.0127119289798899
 1.51750520154704e-05  2.36749225355285e-06  -0.00163696291719449      1.99650434262262    0.0362291733588162  1.28774475705718e-12 -7.30034227378797e-13  2.02976019251972e-14  3.94074751949538e-14    0.0460366886325895
-0.000161115373685972 -0.000119431622520288    0.0288810744083093    0.0362291733588162      0.97945420906068  2.23722092498888e-13   2.2447189894905e-13  3.46420391685114e-13 -1.77728901116026e-13    0.0013994337987855
-6.42021571046188e-15  2.84017579973766e-15  4.54758645980969e-13  1.28774475705718e-12  2.23722092498888e-13       1.0021463420798  0.000726290269243207  2.07112177144508e-05    1.558470587467e-05  6.77610759752931e-13
 5.09060216415968e-15   3.9412212738779e-15  1.88417694975199e-13 -7.30034227378797e-13   2.2447189894905e-13  0.000726290269243207     0.997866138349861 -0.000134302430346388   -1.222716566493e-05 -8.88793445899399e-14
 1.13421467511683e-15   4.3193954038101e-15  3.60533418466401e-13  2.02976019251972e-14  3.46420391685114e-13  2.07112177144508e-05 -0.000134302430346388      1.00221052949313  0.000480201397477381  2.45720493488502e-13
-8.28159150929601e-16 -2.93013737601187e-15 -1.82516445090916e-13  3.94074751949538e-14 -1.77728901116026e-13    1.558470587467e-05   -1.222716566493e-05  0.000480201397477381      0.99779377042555 -1.97336048772655e-13
-0.000199927055950005  3.54995205986883e-05    0.0127119289798899    0.0460366886325895    0.0013994337987855  6.77610759752931e-13 -8.88793445899399e-14  2.45720493488502e-13 -1.97336048772655e-13      1.02503207118615
TOTAL ENERGY: -127.163400497886	 lambda: 0.9	 population of target: 7.00019292566164
1RDM: 
     1.99999993252736  -1.4153641741559e-08  6.97274969118797e-06   1.5062562663961e-05 -0.000161476314995941 -6.36802264145294e-15  5.09220900957162e-15  1.15809273488486e-15 -8.44429755229988e-16 -0.000198236434864506
 -1.4153641741559e-08      1.99999997868421  2.64699416319948e-06  2.50607633369418e-06 -0.000122390456689816   2.8379511333284e-15   3.9788028293968e-15  4.35075814051514e-15 -2.95108433414444e-15  3.47194156283337e-05
 6.97274969118797e-06  2.64699416319948e-06      1.99900218283137  -0.00162785186084066    0.0287868053797373  4.51036144778834e-13   1.8989673320532e-13  3.60120661518742e-13 -1.82392692761361e-13     0.012566237822967
  1.5062562663961e-05  2.50607633369418e-06  -0.00162785186084066      1.99651579788083     0.036359283638512  1.27949262305192e-12 -7.31161884595279e-13  1.57078336796423e-14  4.24348065591091e-14    0.0457881360264998
-0.000161476314995941 -0.000122390456689816    0.0287868053797373     0.036359283638512     0.977110504939733  2.42477227419906e-13   2.4972691117116e-13  3.81583480973152e-13 -1.96270163510324e-13    0.0014007876177373
-6.36802264145294e-15   2.8379511333284e-15  4.51036144778834e-13  1.27949262305192e-12  2.42477227419906e-13      1.00235793901558  0.000798022214596196  2.27975701248481e-05  1.78578471901126e-05   7.3982362973993e-13
 5.09220900957162e-15   3.9788028293968e-15   1.8989673320532e-13 -7.31161884595279e-13   2.4972691117116e-13  0.000798022214596196     0.997655003118117 -0.000148300612425648 -1.33939524514002e-05 -9.54985896450812e-14
 1.15809273488486e-15  4.35075814051514e-15  3.60120661518742e-13  1.57078336796423e-14  3.81583480973152e-13  2.27975701248481e-05 -0.000148300612425648      1.00242842411289  0.000527628449571496  2.69310645208755e-13
-8.44429755229988e-16 -2.95108433414444e-15 -1.82392692761361e-13  4.24348065591091e-14 -1.96270163510324e-13  1.78578471901126e-05 -1.33939524514002e-05  0.000527628449571496     0.997575445980268 -2.16724172023869e-13
-0.000198236434864506  3.47194156283337e-05     0.012566237822967    0.0457881360264998    0.0014007876177373   7.3982362973993e-13 -9.54985896450812e-14  2.69310645208755e-13 -2.16724172023869e-13      1.02735479090967
TOTAL ENERGY: -127.163242361659	 lambda: 1	 population of target: 7.00035836332901
1RDM: 
     1.99999993257444 -1.54597103192966e-08  6.86161744400751e-06  1.49105812045874e-05 -0.000161940754616443 -6.30209682427682e-15  5.09483960744364e-15  1.18814163346981e-15 -8.65078413281987e-16 -0.000196107692540042
-1.54597103192966e-08      1.99999997767115  2.71443677485938e-06  2.66892741905339e-06 -0.000125904210424724  2.82273026578644e-15  4.02434744573958e-15  4.38329188364369e-15 -2.97325701733484e-15    3.337716336221e-05
 6.86161744400751e-06  2.71443677485938e-06      1.99901177122583  -0.00161723931415154    0.0287157480819916  4.45233112309798e-13  1.91304974248184e-13  3.58594921439192e-13 -1.81685939325146e-13    0.0123582717988219
 1.49105812045874e-05  2.66892741905339e-06  -0.00161723931415154       1.9965308779826    0.0365311629451656  1.26801892087997e-12 -7.32650430304413e-13  9.42753150059735e-15  4.65814666559731e-14    0.0454407672460157
-0.000161940754616443 -0.000125904210424724    0.0287157480819916    0.0365311629451656     0.972759833110392  2.77379731410407e-13  2.96680534644522e-13  4.46936408688924e-13 -2.30765618793284e-13   0.00140590548788668
-6.30209682427682e-15  2.82273026578644e-15  4.45233112309798e-13  1.26801892087997e-12  2.77379731410407e-13       1.0027489037065  0.000930559422525046  2.66518345412875e-05  2.20223742221346e-05  8.55797525329641e-13
 5.09483960744364e-15  4.02434744573958e-15  1.91304974248184e-13 -7.32650430304413e-13  2.96680534644522e-13  0.000930559422525046     0.997264895065511 -0.000174129256831899 -1.55504338478765e-05  -1.0780681722694e-13
 1.18814163346981e-15  4.38329188364369e-15  3.58594921439192e-13  9.42753150059735e-15  4.46936408688924e-13  2.66518345412875e-05 -0.000174129256831899      1.00283102758945  0.000615258148318199  3.13268415412126e-13
-8.65078413281987e-16 -2.97325701733484e-15 -1.81685939325146e-13  4.65814666559731e-14 -2.30765618793284e-13  2.20223742221346e-05 -1.55504338478765e-05  0.000615258148318199      0.99717205738478  -2.5280454331908e-13
-0.000196107692540042    3.337716336221e-05    0.0123582717988219    0.0454407672460157   0.00140590548788668  8.55797525329641e-13  -1.0780681722694e-13  3.13268415412126e-13  -2.5280454331908e-13      1.03168072368941
-------------------general-----------------------
mullikenoperator: 
  0.00274674077619272     0.051994581286905  0.000927544010087718  -0.00590739765616251 -6.90632773769705e-06 -1.19450800169933e-15  1.15615334691396e-15  1.06657247057989e-15  7.59817947482519e-16 -5.55745177622795e-05
    0.051994581286905     0.997152546848404   -0.0113344390557337  -0.00266362368569191 -0.000551642830374527 -4.59988472922322e-15   3.8733474133706e-15  7.21412575249395e-16 -9.91113481847603e-16 -0.000201193356440265
 0.000927544010087718   -0.0113344390557337    0.0667973110116643    -0.245520063881731   -0.0290476534242576 -7.75475341059146e-13  5.23230028107439e-13  4.81314998930941e-14 -3.46765541322235e-14   -0.0329277965281915
 -0.00590739765616251  -0.00266362368569198    -0.245520063881731      0.93530217670019   -0.0135136316174162 -9.29327183934492e-15 -5.35421301062943e-14 -1.05664734088496e-13 -7.85795806086043e-14  -0.00298209541941883
-6.90632773769688e-06 -0.000551642830374526   -0.0290476534242576   -0.0135136316174162     0.482304278608812  1.06018245501295e-11 -7.62606732318266e-12 -2.50439638053411e-13 -9.52710557707364e-14     0.498665018207135
-1.19450800169933e-15 -4.59988472922324e-15 -7.75475341059146e-13 -9.29327183934504e-15  1.06018245501295e-11      0.49810175226321  -0.00526519816979832    0.0281057040405242      0.49917810472347  4.00156531515718e-13
 1.15615334691396e-15  3.87334741337062e-15  5.23230028107439e-13  -5.3542130106294e-14 -7.62606732318267e-12  -0.00526519816979825     0.529130822685096     -0.49831746839227    0.0283444887801543  7.08403153186148e-14
 1.06657247057989e-15  7.21412575249399e-16  4.81314998930941e-14 -1.05664734088496e-13  -2.5043963805341e-13    0.0281057040405242     -0.49831746839227      0.47037420228517   -0.0034811918120825 -8.24295025337826e-12
  7.5981794748252e-16 -9.91113481847609e-16 -3.46765541322235e-14 -7.85795806086044e-14 -9.52710557707345e-14      0.49917810472347    0.0283444887801543  -0.00348119181208244     0.502393222766523  -1.0187841225667e-11
-5.55745177622794e-05 -0.000201193356440265   -0.0329277965281915  -0.00298209541941883     0.498665018207135  4.00156531515717e-13  7.08403153186147e-14 -8.24295025337826e-12  -1.0187841225667e-11     0.515696946054742
selected BF: 
0 1 2 3 4
selected lambdas: 
  -1 -0.9 -0.8 -0.7 -0.6 -0.5 -0.4 -0.3 -0.2 -0.1    0  0.1  0.2  0.3  0.4  0.5  0.6  0.7  0.8  0.9    1
RHF C: 
-3.81964977318804e-06    -0.995387840587482     0.260136672568622   0.00194423390954842 -0.000883965101151048 -2.61853242438644e-14   1.6818884464129e-14 -1.00584663472307e-14 -1.47129723269488e-14 -0.000862022635457283
 2.27351188618281e-05   -0.0189047217401265     -1.02861022849772   -0.0076977947884096   0.00353796026592407  1.04181123292375e-13  -6.6909334683978e-14  3.95252592407604e-14  5.78136606284316e-14   0.00344125291686611
-4.60386046238472e-17  1.35843896427433e-16 -6.09555767551944e-14 -4.51647184948703e-15  2.56176221015639e-12   -0.0137667319729813   0.00924500097281693    -0.603434357169816    -0.797240321107453  5.81229743554876e-14
-1.63665635981877e-16  1.66165030500145e-17  2.69364259485349e-16 -6.92169342105586e-15  1.02193716103942e-12  -0.00924500097182173   -0.0137667319741606     0.797240321107433    -0.603434357169832  7.59634732674679e-15
 4.40486123334942e-05 -1.09899226554834e-05  -0.00349366079736321   0.00930187810342011    -0.999928003668098  3.12098606838677e-13 -2.19446405899576e-13 -7.34676161755765e-13 -2.66396851231298e-12   0.00847295057305024
   -0.995028094890644 -6.82394851515708e-06   0.00162821387881464    -0.263149020285616  -0.00314054855219529 -1.31019677529376e-13  8.56606007434554e-14 -1.68327580899647e-15 -4.43256228635753e-15  -0.00373252483593372
   -0.020191712282971  2.11991944232544e-05  -0.00634103221639298      1.02885888825271    0.0123602706209691  5.19252726640712e-13 -3.39297622119998e-13  6.45427850474436e-15   1.7734209725976e-14     0.014546465773583
  2.4650855760701e-15 -4.26949584634608e-17  2.47865226598014e-14 -1.96483773228465e-13  1.76644017423282e-13      0.83006691721291    -0.557428550975895  -0.00977752919401821    -0.012917793662125 -2.88510682785866e-11
 2.80333234724412e-17  1.28737069968561e-18  7.58228611715554e-16 -4.53832506197906e-16  4.17188797722887e-15     0.557428550975911     0.830066917212891    0.0129177936633584  -0.00977752919309101 -4.99208586740941e-13
-1.15603798898613e-05 -3.44517285043717e-05   0.00119741489224487   -0.0141907091713611   0.00387137010911257  2.42222629930643e-11   -1.566499019538e-11 -2.50463029908974e-13 -3.25322163974622e-13     0.999903633732269
RDM (no constraint): 
     1.99999999845527  4.42480173076745e-09  4.91085139705855e-07  1.02390004477383e-07 -3.79154405318858e-06 -1.89854417679919e-15  1.18816125673531e-15  3.49695795295199e-17 -7.23025124956731e-17   7.6486185610835e-06
 4.42480173076745e-09      1.99999996197401 -4.47219083986754e-06   -7.265372988039e-07  5.42037129818203e-05 -5.42016727211285e-16  3.49575302853965e-16  1.14225057921438e-16  2.70210367666704e-16  -2.4099329669084e-05
 4.91085139705855e-07 -4.47219083986754e-06      1.99818752384217 -0.000447942479108433    0.0399702586699645  1.62310863358322e-15 -6.77211972623323e-16 -7.82408991088899e-15  5.78118055824698e-14   0.00112473461996583
 1.02390004477383e-07   -7.265372988039e-07 -0.000447942479108433      1.99967829964803   0.00823018740074788  5.08734144728536e-13 -3.32501631574803e-13  4.23254099795944e-15  8.13983409954109e-15    0.0142986563358164
-3.79154405318858e-06  5.42037129818203e-05    0.0399702586699645   0.00823018740074788     0.997923624840497  2.10584201699297e-12 -1.35168193507074e-12 -2.53164898176895e-14 -3.73324149218275e-14    0.0869290366831981
-1.89854417679919e-15 -5.42016727211285e-16  1.62310863358322e-15  5.08734144728536e-13  2.10584201699297e-12     0.999772683859005  1.65985593509737e-15 -0.000481524542135022  -0.00850871494169435  9.58101896399766e-14
 1.18816125673531e-15  3.49575302853965e-16 -6.77211972623323e-16 -3.32501631574803e-13 -1.35168193507074e-12  1.65985593509737e-15     0.999772683858977   0.00850871494177245 -0.000481524542117799 -6.04028469085373e-14
 3.49695795295199e-17  1.14225057921438e-16 -7.82408991088899e-15  4.23254099795944e-15 -2.53164898176895e-14 -0.000481524542135022   0.00850871494177245      1.00023727583038  8.44148815626096e-17  1.95024669538386e-13
-7.23025124956731e-17  2.70210367666704e-16  5.78118055824698e-14  8.13983409954109e-15 -3.73324149218275e-14  -0.00850871494169435 -0.000481524542117799  8.44148815626096e-17      1.00023727583036  4.10905947541774e-13
  7.6486185610835e-06  -2.4099329669084e-05   0.00112473461996583    0.0142986563358164    0.0869290366831981  9.58101896399766e-14 -6.04028469085373e-14  1.95024669538386e-13  4.10905947541774e-13      1.00419067186132
RDM Eigenvectors: 
    0.998623913304732   -0.0520327250490301    0.0062527486500323   0.00194380284626053   3.1660321317477e-06  1.13235325237554e-15  1.28250854804883e-15  1.38371622594032e-15  1.09732158272022e-15  7.39628259246071e-06
  -0.0520421833564643    -0.998559657726818   0.00569448669419538   -0.0117384325100111  2.20847628895985e-05  -2.0124205544764e-16  1.68623490779626e-16  1.42369821065078e-16 -1.18543477595045e-16 -5.14563263743834e-05
 0.000907090901880017    0.0127807652622087     0.261281598975326    -0.964326206662349    0.0311837655748448 -1.40540615666824e-14 -1.45352199124745e-14  4.00950818376171e-14  3.54980359122594e-14   -0.0258900593101644
  0.00640684050515408  -0.00276870702594547    -0.965130978824827    -0.261059611637249    0.0175580729832805 -9.19586893279064e-14 -1.11423199806663e-13 -1.01421140559676e-13 -9.62721507271289e-14   0.00361574524844562
 9.17469915224063e-05  0.000436405604445312   0.00132886601312571   -0.0413508582044233    -0.690459217863508  6.42365126407421e-13   1.8080530584349e-12 -1.62414307420752e-12 -4.85349391347799e-13     0.722187101962385
 1.59888866172089e-15  2.25008229538576e-16 -4.89016279903659e-13 -2.21766326757976e-13 -1.72400634277386e-11    0.0935262512909843     0.691107251196705     0.710044870098736     0.097261966406502 -1.66456782064765e-11
-1.09642435542394e-15 -1.68554779846494e-16  3.19634874695727e-13  1.43944026186851e-13  1.11341069590951e-11    -0.691107251195627     0.093526251290971     0.097261966406516    -0.710044870099784  1.07747185093765e-11
 6.36811576158282e-17 -1.24677399301179e-16 -5.83047842459204e-15  7.17264214206181e-15 -2.37250337172489e-13       -0.714497516994    0.0558292564315201   -0.0554558040699599     0.695198565972821  6.11850363435827e-13
 5.64231369427461e-17  6.27869835953304e-16  5.68412772417577e-15 -5.80140253336077e-14 -1.47544153920986e-12   -0.0558292564314483    -0.714497516992953     0.695198565973896    0.0554558040700357  2.02523524382302e-12
 0.000109957997753013  3.65422744969272e-05   -0.0134472978794457  -0.00844888599016271     -0.72248553951428 -1.31503734257022e-11 -1.53404404496171e-11 -1.52944006595496e-11 -1.31417746907695e-11    -0.691203601171123
Total C: 
   0.0534192666940419     0.995412887581828    0.0533669807064845    -0.248836247115867 -0.000181301917003867  -9.7675981509424e-14  9.36046209166014e-14  8.28131636040783e-15 -1.80643718686111e-14  -0.00231645093880476
 -0.00544019953749357    0.0131091631307035    -0.261554103482949     0.994880229731788  -0.00101441160015189  3.83623315072603e-13 -3.68878129709568e-13 -3.29619991450509e-14  6.90114583007211e-14   0.00896164607318877
 -2.1479650285359e-15 -3.60835421282267e-16  1.43749458922345e-14  2.43387182646126e-13 -3.51834836013997e-13    -0.500904894703544     0.517764126639427    -0.510423953147483    -0.469555246638036   1.7855381669258e-11
 2.40084776503499e-16  2.81462287127839e-16  4.92911069032003e-14 -8.62385846140658e-16 -1.73261887681095e-12      0.49700624948592     0.511108367454737    -0.457881358977839     0.531128827832728 -4.67388218601719e-12
 3.76927316943555e-05 -0.000142921525590038   -0.0412838602602222   -0.0165823646154806     0.696139278947595  1.61942024339085e-11 -9.45792596122252e-12 -1.80398571474898e-12   9.7282687772959e-13     0.716545383488687
   -0.994159861451586    0.0548886002395384     0.253282951856948    0.0606825361356642    0.0102651470930987  2.17564653358372e-13 -9.90766580857078e-15  9.19084572024077e-14 -4.30116806375653e-14   0.00694094497055319
  -0.0182046331106577   -0.0110841229471237    -0.993821597792951    -0.262333380093339   -0.0405834604848238 -8.59944900255338e-13  3.78911719056418e-14 -3.64593546468232e-13  1.70406028552233e-13   -0.0275943474784691
 2.22145951690806e-15  3.58947356363717e-15  9.44002646766315e-13 -8.58150572220405e-14 -2.14021815672301e-11    -0.315808760975591    -0.617578236791984    -0.632639783688342     0.344425605888123  1.77704803145581e-11
 1.73102695067436e-15  6.34690283877246e-17 -6.03805270540903e-15 -1.46462841819459e-13  1.47926011875219e-12     0.634020699607411    -0.299410972056212    -0.359452987705658    -0.615763361914158 -1.97910272568822e-11
-2.24408342924337e-05  0.000157033209252516   -0.0117699560668618   0.00623235075084564     0.720032857420328 -2.54785076723388e-11 -7.18351207242953e-12 -1.77828212372811e-11  1.16682812682467e-11    -0.693830210222711
Basis set used: STO-3G
Naturals: 
 1.99999999982149  1.99999999462356   1.9999874640055  1.99979000451918  1.08687028495621  1.00853047439163  1.00853047439154 0.991479485297815 0.991479485297734 0.913332332695359
Version: Tmhuysen's fci hack
