The Davidson algorithm did not converge.lambda: -1
The Davidson algorithm did not converge.lambda: -0.9
The Davidson algorithm did not converge.lambda: -0.8
The Davidson algorithm did not converge.lambda: -0.7
The Davidson algorithm did not converge.lambda: -0.6
The Davidson algorithm did not converge.lambda: -0.5
The Davidson algorithm did not converge.lambda: -0.4
The Davidson algorithm did not converge.lambda: -0.3
The Davidson algorithm did not converge.lambda: -0.2
The Davidson algorithm did not converge.lambda: -0.1
The Davidson algorithm did not converge.lambda: 0
TOTAL ENERGY: -127.16316868728	 lambda: 0.1	 population of target: 6.99990788324639
1RDM: 
       1.999999916252  -8.6088163501106e-11  3.80767114758368e-06  1.35669980397779e-05   0.00014829291243487 -0.000210459682375994 -3.21727312077692e-08 -8.39060285012516e-05 -2.74686910710413e-08  8.39667337462318e-05
 -8.6088163501106e-11       1.9999999675195 -2.73514544950363e-06  2.40088523521296e-06  1.93513308590866e-05 -7.73283331058851e-05 -2.54908683513151e-08  0.000112123002431239 -3.12607182702341e-08 -0.000112204178107987
 3.80767114758368e-06 -2.73514544950363e-06      1.99901756279271 -0.000408317674842808   -0.0254808520724641  -0.00918475727966812 -1.68684691009028e-05    0.0108189160992029 -1.73195332806652e-05   -0.0108267468995842
 1.35669980397779e-05  2.40088523521296e-06 -0.000408317674842808      1.99760603500502    -0.025556515245667    0.0406127071630252  7.44157987240829e-06   0.00540211122733076  7.09836585407454e-06  -0.00540601637711677
  0.00014829291243487  1.93513308590866e-05   -0.0254808520724641    -0.025556515245667      1.00130872956473   -0.0008080400823475 -0.000495797223409419  -0.00672442768738224 -0.000491766167338538   0.00672926569574783
-0.000210459682375994 -7.73283331058851e-05  -0.00918475727966812    0.0406127071630252   -0.0008080400823475      1.00174112680277 -0.000491087836079404   0.00648647919983789 -0.000487794110427122  -0.00649120350634039
-3.21727312077692e-08 -2.54908683513151e-08 -1.68684691009028e-05  7.44157987240829e-06 -0.000495797223409419 -0.000491087836079404     0.999998036594018 -0.000490119032235541  3.96869240296603e-06 -0.000489774604568347
-8.39060285012516e-05  0.000112123002431239    0.0108189160992029   0.00540211122733076  -0.00672442768738224   0.00648647919983789 -0.000490119032235541      1.00016526710443  0.000493778493455128 -0.000155376146563263
-2.74686910710413e-08 -3.12607182702341e-08 -1.73195332806652e-05  7.09836585407454e-06 -0.000491766167338538 -0.000487794110427122  3.96869240296603e-06  0.000493778493455128     0.999997922923296  0.000493429189074741
 8.39667337462318e-05 -0.000112204178107987   -0.0108267468995842  -0.00540601637711677   0.00672926569574783  -0.00649120350634039 -0.000489774604568347 -0.000155376146563263  0.000493429189074741      1.00016543544154
TOTAL ENERGY: -127.163161201379	 lambda: 0.2	 population of target: 6.99996141384393
1RDM: 
     1.99999991656053  9.97048676971687e-11  3.81844443508279e-06  1.35333895544707e-05  0.000148597840469396 -0.000210768200356444 -2.37228373618023e-08 -8.36841673357025e-05 -1.90929422074754e-08  8.37447121790154e-05
 9.97048676971687e-11      1.99999996761546 -2.76687311278309e-06  2.39082235826905e-06  1.90597592625924e-05 -7.70332259326125e-05 -1.74596479117705e-08  0.000112121809614378 -2.32900105075587e-08 -0.000112202983681721
 3.81844443508279e-06 -2.76687311278309e-06      1.99901287485383 -0.000407954985304954   -0.0255074793285279  -0.00915773053821327 -1.20255358485508e-05    0.0109159505171275 -1.25177294558882e-05   -0.0109238512504644
 1.35333895544707e-05  2.39082235826905e-06 -0.000407954985304954      1.99760972860407   -0.0255710087075097    0.0406273739009827  5.38265281355279e-06   0.00538520383546555  5.05557731224764e-06  -0.00538909684379587
 0.000148597840469396  1.90597592625924e-05   -0.0255074793285279   -0.0255710087075097      1.00132405651042 -0.000822965394035115 -0.000355908422205492  -0.00493108976492697 -0.000353009137961231   0.00493463905704992
-0.000210768200356444 -7.70332259326125e-05  -0.00915773053821327    0.0406273739009827 -0.000822965394035115      1.00175528176549 -0.000352524494529874   0.00467360235621268 -0.000350161095876415  -0.00467700503848555
-2.37228373618023e-08 -1.74596479117705e-08 -1.20255358485508e-05  5.38265281355279e-06 -0.000355908422205492 -0.000352524494529874     0.999999149017522 -0.000351828069422092  3.00760069223904e-06 -0.000351582482757168
-8.36841673357025e-05  0.000112121809614378    0.0109159505171275   0.00538520383546555  -0.00493108976492697   0.00467360235621268 -0.000351828069422092      1.00014989695271  0.000354455007780004 -0.000142103204005562
-1.90929422074754e-08 -2.32900105075587e-08 -1.25177294558882e-05  5.05557731224764e-06 -0.000353009137961231 -0.000350161095876415  3.00760069223904e-06  0.000354455007780004     0.999999065306917  0.000354205888394608
 8.37447121790154e-05 -0.000112202983681721   -0.0109238512504644  -0.00538909684379587   0.00493463905704992  -0.00467700503848555 -0.000351582482757168 -0.000142103204005562  0.000354205888394608      1.00015006281304
TOTAL ENERGY: -127.163156662047	 lambda: 0.3	 population of target: 6.99998009429653
1RDM: 
     1.99999991672707  1.02396175097684e-10  3.81905723816121e-06  1.35135566785647e-05  0.000148736177295822 -0.000210908086210332 -1.97760261061759e-08 -8.34702622957725e-05 -1.51853710891505e-08  8.35306537129851e-05
 1.02396175097684e-10      1.99999996762857 -2.78311079352956e-06  2.39842287336122e-06  1.89958893602647e-05 -7.69681086251628e-05 -1.37123401129523e-08  0.000112030794109293 -1.95673054123279e-08 -0.000112111901670194
 3.81905723816121e-06 -2.78311079352956e-06      1.99901047594059 -0.000406827402460538   -0.0255125662321742  -0.00915249931435956 -9.76448013939725e-06    0.0109701667976835 -1.02764364409227e-05   -0.0109781065633992
 1.35135566785647e-05  2.39842287336122e-06 -0.000406827402460538      1.99761218034813   -0.0255736897158821    0.0406300765755549  4.42106711379848e-06   0.00535936112831887  4.10240988357273e-06  -0.00536323563845823
 0.000148736177295822  1.89958893602647e-05   -0.0255125662321742   -0.0255736897158821      1.00132768108614 -0.000826530276499518 -0.000290605496981207   -0.0040973911702786 -0.000288234393031649   0.00410034119567194
-0.000210908086210332 -7.69681086251628e-05  -0.00915249931435956    0.0406300765755549 -0.000826530276499518      1.00175869024441   -0.0002878401842214   0.00383023517141773 -0.000285911203245066   -0.0038330231952916
-1.97760261061759e-08 -1.37123401129523e-08 -9.76448013939725e-06  4.42106711379848e-06 -0.000290605496981207   -0.0002878401842214     0.999999669068996 -0.000287271077169401   2.5230043128234e-06 -0.000287071768379407
-8.34702622957725e-05  0.000112030794109293    0.0109701667976835   0.00535936112831887   -0.0040973911702786   0.00383023517141773 -0.000287271077169401      1.00014582549591  0.000289415981603679 -0.000139047930305281
-1.51853710891505e-08 -1.95673054123279e-08 -1.02764364409227e-05  4.10240988357273e-06 -0.000288234393031649 -0.000285911203245066   2.5230043128234e-06  0.000289415981603679     0.999999599326335  0.000289213829224997
 8.35306537129851e-05 -0.000112111901670194   -0.0109781065633992  -0.00536323563845823   0.00410034119567194   -0.0038330231952916 -0.000287071768379407 -0.000139047930305281  0.000289213829224997      1.00014599413385
TOTAL ENERGY: -127.163153561334	 lambda: 0.4	 population of target: 6.99998908245745
1RDM: 
     1.99999991683709  4.77218080519452e-11  3.81573264858931e-06   1.3498728272674e-05  0.000148806123940456 -0.000210978757713385 -1.76565775940171e-08 -8.32718294118829e-05 -1.30960010308832e-08  8.33320759642863e-05
 4.77218080519452e-11      1.99999996763131 -2.79225751115769e-06  2.41106224509455e-06  1.90335993325472e-05 -7.70056483384637e-05 -1.17098115146159e-08  0.000111922522446531 -1.75673812676087e-08  -0.00011200355167217
 3.81573264858931e-06 -2.79225751115769e-06      1.99900911253959 -0.000405413358580303   -0.0255078568459647  -0.00915718257016421 -8.55303917946636e-06    0.0110060728676748 -9.07542102740302e-06   -0.0110140386271517
  1.3498728272674e-05  2.41106224509455e-06 -0.000405413358580303      1.99761427201067   -0.0255711361969483    0.0406274823030079  3.90533522578427e-06   0.00533193670885347  3.59216851488093e-06  -0.00533579125664543
 0.000148806123940456  1.90335993325472e-05   -0.0255078568459647   -0.0255711361969483      1.00132856243377 -0.000827564208895098 -0.000255615380552315  -0.00365188738940026 -0.000253527301265186   0.00365451672930912
-0.000210978757713385 -7.70056483384637e-05  -0.00915718257016421    0.0406274823030079 -0.000827564208895098       1.0017598398012 -0.000253181554819895    0.0033791199819459 -0.000251485308474265  -0.00338157966651055
-1.76565775940171e-08 -1.17098115146159e-08 -8.55303917946636e-06  3.90533522578427e-06 -0.000255615380552315 -0.000253181554819895     0.999999947455746 -0.000252680575100632  2.25746874504997e-06 -0.000252506167667651
-8.32718294118829e-05  0.000111922522446531    0.0110060728676748   0.00533193670885347  -0.00365188738940026    0.0033791199819459 -0.000252680575100632       1.0001441619753  0.000254567285837569 -0.000137935141371941
-1.30960010308832e-08 -1.75673812676087e-08 -9.07542102740302e-06  3.59216851488093e-06 -0.000253527301265186 -0.000251485308474265  2.25746874504997e-06  0.000254567285837569     0.999999886106923  0.000254390234825387
 8.33320759642863e-05  -0.00011200355167217   -0.0110140386271517  -0.00533579125664543   0.00365451672930912  -0.00338157966651055 -0.000252506167667651 -0.000137935141371941  0.000254390234825387      1.00014433320838
TOTAL ENERGY: -127.163151151678	 lambda: 0.5	 population of target: 6.99999447772366
1RDM: 
     1.99999991691672 -3.26471455695207e-11   3.8101300634823e-06  1.34862193563198e-05  0.000148838156537701 -0.000211011044012959 -1.65159058747568e-08 -8.30855806186075e-05 -1.19686533141553e-08  8.31456929008853e-05
-3.26471455695207e-11      1.99999996763148 -2.79752447536022e-06  2.42598370431842e-06  1.91345682281972e-05 -7.71071425529008e-05  -1.0626340466174e-08  0.000111816976601499 -1.64941947279751e-08 -0.000111897930206826
  3.8101300634823e-06 -2.79752447536022e-06      1.99900835369632 -0.000403805598959548   -0.0254969375135633  -0.00916815111901382 -7.89974981837313e-06    0.0110319052390573  -8.4288157134989e-06   -0.0110398896501664
 1.34862193563198e-05  2.42598370431842e-06 -0.000403805598959548      1.99761626552745   -0.0255652973911449    0.0406215642499859  3.62728238996059e-06   0.00530437388612233  3.31737393171826e-06  -0.00530820852314823
 0.000148838156537701  1.91345682281972e-05   -0.0254969375135633   -0.0255652973911449      1.00132864117532  -0.00082795133431122 -0.000236761469550398  -0.00341258112620076 -0.000234825695254507   0.00341503845692084
-0.000211011044012959 -7.71071425529008e-05  -0.00916815111901382    0.0406215642499859  -0.00082795133431122      1.00176051257734 -0.000234506082911579   0.00313638060305624 -0.000232935404419612  -0.00313866337217754
-1.65159058747568e-08  -1.0626340466174e-08 -7.89974981837313e-06  3.62728238996059e-06 -0.000236761469550398 -0.000234506082911579      1.00000009772713 -0.000234041984054002  2.11755002975909e-06 -0.000233880880220044
-8.30855806186075e-05  0.000111816976601499    0.0110319052390573   0.00530437388612233  -0.00341258112620076   0.00313638060305624 -0.000234041984054002      1.00014301628608  0.000235789458535608 -0.000137082524830497
-1.19686533141553e-08 -1.64941947279751e-08  -8.4288157134989e-06  3.31737393171826e-06 -0.000234825695254507 -0.000232935404419612  2.11755002975909e-06  0.000235789458535608      1.00000004047559  0.000235626041198455
 8.31456929008853e-05 -0.000111897930206826   -0.0110398896501664  -0.00530820852314823   0.00341503845692084  -0.00313866337217754 -0.000233880880220044 -0.000137082524830497  0.000235626041198455      1.00014318798658
TOTAL ENERGY: -127.163148980019	 lambda: 0.6	 population of target: 6.99999843843432
1RDM: 
     1.99999991697651  -1.2892011201934e-10  3.80273783157322e-06  1.34748090168585e-05  0.000148843244805012 -0.000211016123329878  -1.6011561366725e-08 -8.29055626586501e-05 -1.14797739095368e-08  8.29655446099656e-05
 -1.2892011201934e-10      1.99999996762887 -2.80033305618855e-06  2.44256929494336e-06  1.92864289528349e-05 -7.72599528476973e-05 -1.01555523757344e-08  0.000111720934773518 -1.60198144248743e-08 -0.000111801817625246
 3.80273783157322e-06 -2.80033305618855e-06      1.99900801916623 -0.000402004155570397   -0.0254809479312375  -0.00918424109779695 -7.61344718617033e-06    0.0110512334277295  -8.1455649069319e-06   -0.0110592318345102
 1.34748090168585e-05  2.44256929494336e-06 -0.000402004155570397      1.99761828985117   -0.0255567739934425    0.0406129343633169  3.50494987610377e-06   0.00527650094952995  3.19750858557656e-06  -0.00528031542391118
 0.000148843244805012  1.92864289528349e-05   -0.0254809479312375   -0.0255567739934425      1.00132855219693  -0.00082830835176708 -0.000228500270832159  -0.00330861447974605 -0.000226631256654689   0.00331099686506439
-0.000211016123329878 -7.72599528476973e-05  -0.00918424109779695    0.0406129343633169  -0.00082830835176708      1.00176129149045  -0.00022632310491498   0.00303040314226079 -0.000224807399653842  -0.00303260888953458
 -1.6011561366725e-08 -1.01555523757344e-08 -7.61344718617033e-06  3.50494987610377e-06 -0.000228500270832159  -0.00022632310491498      1.00000016363761 -0.000225875120054962  2.06543960500608e-06 -0.000225719825997723
-8.29055626586501e-05  0.000111720934773518    0.0110512334277295   0.00527650094952995  -0.00330861447974605   0.00303040314226079 -0.000225875120054962      1.00014175985351  0.000227561611434244 -0.000135944987199378
-1.14797739095368e-08 -1.60198144248743e-08  -8.1455649069319e-06  3.19750858557656e-06 -0.000226631256654689 -0.000224807399653842  2.06543960500608e-06  0.000227561611434244       1.0000001080671  0.000227404096487554
 8.29655446099656e-05 -0.000111801817625246   -0.0110592318345102  -0.00528031542391118   0.00331099686506439  -0.00303260888953458 -0.000225719825997723 -0.000135944987199378  0.000227404096487554      1.00014193113161
TOTAL ENERGY: -127.163146646294	 lambda: 0.7	 population of target: 7.00000202828846
1RDM: 
     1.99999991702077 -2.38609761672238e-10  3.79359325637768e-06  1.34637517255491e-05  0.000148824189864157 -0.000210996745168389 -1.60246214504977e-08 -8.27241336800063e-05 -1.15018638706159e-08  8.27839837941437e-05
-2.38609761672238e-10      1.99999996762209 -2.80136234389193e-06  2.46092030901345e-06  1.94881529676059e-05 -7.74631585603165e-05 -1.01743243644855e-08  0.000111637489458309 -1.60344658123209e-08 -0.000111718312179584
 3.79359325637768e-06 -2.80136234389193e-06      1.99900803197289 -0.000399969032871587    -0.025459931576675  -0.00920541481419675 -7.62315817408687e-06    0.0110657998700705 -8.15600943902987e-06   -0.0110738088129465
 1.34637517255491e-05  2.46092030901345e-06 -0.000399969032871587      1.99762044075058   -0.0255455745674198    0.0406015967624843  3.50849493854871e-06   0.00524739533020648   3.2025314950072e-06  -0.00525118872831078
 0.000148824189864157  1.94881529676059e-05    -0.025459931576675   -0.0255455745674198      1.00132862933725  -0.00082897497960496 -0.000228792567646839  -0.00331419042539288 -0.000226921082909248   0.00331657681898591
-0.000210996745168389 -7.74631585603165e-05  -0.00920541481419675    0.0406015967624843  -0.00082897497960496      1.00176251412281 -0.000226612551897977   0.00303508761772994 -0.000225094958945573  -0.00303729678191601
-1.60246214504977e-08 -1.01743243644855e-08 -7.62315817408687e-06  3.50849493854871e-06 -0.000228792567646839 -0.000226612551897977      1.00000016147055 -0.000226163986198152  2.08878484480913e-06 -0.000226008393372137
-8.27241336800063e-05  0.000111637489458309    0.0110657998700705   0.00524739533020648  -0.00331419042539288   0.00303508761772994 -0.000226163986198152      1.00014003176351  0.000227852634780305 -0.000134189890280812
-1.15018638706159e-08 -1.60344658123209e-08 -8.15600943902987e-06   3.2025314950072e-06 -0.000226921082909248 -0.000225094958945573  2.08878484480913e-06  0.000227852634780305      1.00000010549685  0.000227694816485198
 8.27839837941437e-05 -0.000111718312179584   -0.0110738088129465  -0.00525118872831078   0.00331657681898591  -0.00303729678191601 -0.000226008393372137 -0.000134189890280812  0.000227694816485198      1.00014020044266
TOTAL ENERGY: -127.163143604914	 lambda: 0.8	 population of target: 7.00000607339429
1RDM: 
     1.99999991704977 -3.62585604631356e-10  3.78245558303764e-06  1.34524384279698e-05  0.000148778028591891 -0.000210949937140417 -1.65548927713444e-08 -8.25306254634046e-05  -1.2040714618566e-08  8.25903355557252e-05
-3.62585604631356e-10       1.9999999676095 -2.80089728005102e-06  2.48154539853042e-06  1.97469846496519e-05 -7.77240309306891e-05 -1.06878237538806e-08  0.000111569105537768  -1.6537805358232e-08 -0.000111649880525822
 3.78245558303764e-06 -2.80089728005102e-06      1.99900837453656 -0.000397625687746557   -0.0254331218018475  -0.00923244239815017 -7.93055971375988e-06    0.0110763962959768 -8.46148130843113e-06   -0.0110844129143631
 1.34524384279698e-05  2.48154539853042e-06 -0.000397625687746557      1.99762281915222   -0.0255312579767691    0.0405871064888502  3.63840724563293e-06   0.00521538888642914  3.33325947819604e-06  -0.00521915910629171
 0.000148778028591891  1.97469846496519e-05   -0.0254331218018475   -0.0255312579767691      1.00132921310326 -0.000830319546410682 -0.000237681817449374  -0.00343044486684485 -0.000235738300712136   0.00343291488588787
-0.000210949937140417 -7.77240309306891e-05  -0.00923244239815017    0.0405871064888502 -0.000830319546410682      1.00176456725651 -0.000235417486502593   0.00315152745315895 -0.000233840840354313  -0.00315382142761094
-1.65548927713444e-08 -1.06878237538806e-08 -7.93055971375988e-06  3.63840724563293e-06 -0.000237681817449374 -0.000235417486502593      1.00000009087115  -0.00023495155877047  2.19273057611745e-06 -0.000234789495702599
-8.25306254634046e-05  0.000111569105537768    0.0110763962959768   0.00521538888642914  -0.00343044486684485   0.00315152745315895  -0.00023495155877047       1.0001374270476  0.000236705822471565 -0.000131406776409049
 -1.2040714618566e-08  -1.6537805358232e-08 -8.46148130843113e-06  3.33325947819604e-06 -0.000235738300712136 -0.000233840840354313  2.19273057611745e-06  0.000236705822471565      1.00000003241163  0.000236541438749208
 8.25903355557252e-05 -0.000111649880525822   -0.0110844129143631  -0.00521915910629171   0.00343291488588787  -0.00315382142761094 -0.000234789495702599 -0.000131406776409049  0.000236541438749208      1.00013759096181
TOTAL ENERGY: -127.163138811129	 lambda: 0.9	 population of target: 7.00001168985836
1RDM: 
     1.99999991705853 -5.03822578601238e-10  3.76882193972013e-06  1.34402194253376e-05  0.000148694870392442 -0.000210865741699325 -1.77340404212399e-08 -8.23079478061912e-05 -1.32231562203518e-08  8.23674968950062e-05
-5.03822578601238e-10       1.9999999675887 -2.79896176525672e-06  2.50539700987434e-06  2.00802108572319e-05 -7.80599381292459e-05 -1.18172357136283e-08  0.000111519709150232 -1.76544297727028e-08 -0.000111600448465794
 3.76882193972013e-06 -2.79896176525672e-06      1.99900907907212 -0.000394848825814755   -0.0253987482614143  -0.00926710686890222 -8.60982452883636e-06    0.0110831096086569 -9.13592346896894e-06   -0.0110911311442313
 1.34402194253376e-05  2.50539700987434e-06 -0.000394848825814755      1.99762556240889   -0.0255128162940798    0.0405684450571837  3.92625107594673e-06   0.00517753579601817  3.62111636084519e-06  -0.00518127862086666
 0.000148694870392442  2.00802108572319e-05   -0.0253987482614143   -0.0255128162940798      1.00133089043323 -0.000832989973302956 -0.000257316190346948   -0.0036861326147877  -0.00025521359577555   0.00368878676474398
-0.000210865741699325 -7.80599381292459e-05  -0.00926710686890222    0.0405684450571837 -0.000832989973302956      1.00176814367616 -0.000254865627215774   0.00340868586653059 -0.000253158568470772  -0.00341116693307492
-1.77340404212399e-08 -1.18172357136283e-08 -8.60982452883636e-06  3.92625107594673e-06 -0.000257316190346948 -0.000254865627215774     0.999999934885611 -0.000254361413086726  2.40311168592913e-06 -0.000254185139317714
-8.23079478061912e-05  0.000111519709150232    0.0110831096086569   0.00517753579601817   -0.0036861326147877   0.00340868586653059 -0.000254361413086726      1.00013323937532   0.00025626059836557 -0.000126845063448292
-1.32231562203518e-08 -1.76544297727028e-08 -9.13592346896894e-06  3.62111636084519e-06  -0.00025521359577555 -0.000253158568470772  2.40311168592913e-06   0.00025626059836557     0.999999871093184  0.000256081809656191
 8.23674968950062e-05 -0.000111600448465794   -0.0110911311442313  -0.00518127862086666   0.00368878676474398  -0.00341116693307492 -0.000254185139317714 -0.000126845063448292  0.000256081809656191      1.00013339440826
TOTAL ENERGY: -127.163129712731	 lambda: 1	 population of target: 7.00002121528361
1RDM: 
     1.99999991702988 -6.66631356656339e-10  3.75186163696742e-06  1.34262269104951e-05  0.000148551588561458 -0.000210720816510996 -1.99073580295344e-08 -8.20237385113533e-05 -1.53948434518203e-08  8.20830820279361e-05
-6.66631356656339e-10        1.999999967555 -2.79534638694435e-06  2.53420739614053e-06  2.05236495861182e-05 -7.85070048254533e-05 -1.38911242343101e-08  0.000111497758682515 -1.97128086307219e-08 -0.000111578481574808
 3.75186163696742e-06 -2.79534638694435e-06      1.99901024403998 -0.000391412909029718   -0.0253531623377184  -0.00931308952599214 -9.85964067815565e-06    0.0110851348671235 -1.03766795913012e-05   -0.0110931579626104
 1.34262269104951e-05  2.53420739614053e-06 -0.000391412909029718      1.99762890022544   -0.0254881626927288    0.0405435038853219  4.45651449880748e-06   0.00512803241532513  4.15005408433877e-06  -0.00513173939862957
 0.000148551588561458  2.05236495861182e-05   -0.0253531623377184   -0.0254881626927288      1.00133501255187 -0.000838464551883557 -0.000293439910096605  -0.00415805306967777  -0.00029104458000187   0.00416104688607645
-0.000210720816510996 -7.85070048254533e-05  -0.00931308952599214    0.0405435038853219 -0.000838464551883557      1.00177481340643 -0.000290646639310791   0.00388398491501994 -0.000288699731733146  -0.00388681195665376
-1.99073580295344e-08 -1.38911242343101e-08 -9.85964067815565e-06  4.45651449880748e-06 -0.000293439910096605 -0.000290646639310791     0.999999647930615  -0.00029007203203362  2.78513952130063e-06 -0.000289869647281329
-8.20237385113533e-05  0.000111497758682515    0.0110851348671235   0.00512803241532513  -0.00415805306967777   0.00388398491501994  -0.00029007203203362      1.00012589170477  0.000292237856532971 -0.000118814515418561
-1.53948434518203e-08 -1.97128086307219e-08 -1.03766795913012e-05  4.15005408433877e-06  -0.00029104458000187 -0.000288699731733146  2.78513952130063e-06  0.000292237856532971     0.999999574457997  0.000292032580216228
 8.20830820279361e-05 -0.000111578481574808   -0.0110931579626104  -0.00513173939862957   0.00416104688607645  -0.00388681195665376 -0.000289869647281329 -0.000118814515418561  0.000292032580216228      1.00012603109802
-------------------general-----------------------
mullikenoperator: 
 0.000980590292073623    0.0307984458481484   0.00230387027431101  -0.00507571578691151 -0.000105850490818652 -5.08841221110926e-05  7.63323455255188e-09  2.82869152961121e-06  7.42182289983426e-09 -2.83072714528126e-06
   0.0307984458481484     0.998977968150515   -0.0076464662665876  -0.00372661047968714  0.000269461540653708 -0.000119934419832426  7.16679598022798e-09 -8.09857075070291e-07  7.16709762853564e-09  8.10413808429473e-07
  0.00230387027431101  -0.00764646626658763     0.208655069293315    -0.405154640986309    0.0134616855294615   -0.0268838998467153  4.34089757500909e-06  0.000310772440289805  4.29271900082643e-06 -0.000310998931849209
 -0.00507571578691151  -0.00372661047968707    -0.405154640986309     0.791997237956152    0.0232685553159858   0.00243533341997209 -1.85429592949167e-06 -0.000438823592644299 -1.81626509805061e-06  0.000439138735406504
-0.000105850490818652  0.000269461540653709    0.0134616855294615    0.0232685553159858     0.494730250566801    -0.499243504779097  0.000125199100248068   0.00166465810173795  0.000124201997594776  -0.00166580976316941
-5.08841221110926e-05 -0.000119934419832425   -0.0268838998467153   0.00243533341997209    -0.499243504779097     0.504647345613672  0.000124028484851062  -0.00169674139921858  0.000123180152642568   0.00169802213954148
 7.63323455254729e-09  7.16679598022008e-09  4.34089757500896e-06 -1.85429592949117e-06  0.000125199100248067  0.000124028484851052     0.503727462264123    0.0021569717447392       0.4999767771531   0.00215541813629046
 2.82869152961122e-06 -8.09857075070303e-07  0.000310772440289805 -0.000438823592644299   0.00166465810173795  -0.00169674139921858   0.00215697174473919     0.500358108278451  -0.00217307829720638     0.499984702179349
 7.42182289983441e-09  7.16709762854374e-09  4.29271900082628e-06  -1.8162650980509e-06  0.000124201997594767  0.000123180152642567       0.4999767771531  -0.00217307829720638     0.496291212423008  -0.00217150034593175
-2.83072714528124e-06  8.10413808429487e-07 -0.000310998931849209  0.000439138735406503  -0.00166580976316941   0.00169802213954148   0.00215541813629044     0.499984702179349  -0.00217150034593175     0.499634755161898
selected BF: 
0 1 2 3 4
selected lambdas: 
  -1 -0.9 -0.8 -0.7 -0.6 -0.5 -0.4 -0.3 -0.2 -0.1    0  0.1  0.2  0.3  0.4  0.5  0.6  0.7  0.8  0.9    1
RHF C: 
 6.79881982367809e-07     0.995388321762205    -0.260143635318166  -0.00043861007688749  0.000305821591418864  0.000254529112069592 -1.94921787842816e-12 -2.54687922426903e-11  6.73977702561351e-12  3.46106217067971e-12
-4.02764852994718e-06    0.0189028149739732      1.02864491965818   0.00173625874308029  -0.00122383897978677  -0.00101146865622443  7.81015959810875e-12  1.00144260328895e-10 -2.65739221977811e-11 -1.38392310690031e-11
  7.6543927636769e-14 -7.85250229496162e-14 -1.40544089161486e-11  -6.0583446384708e-11 -2.22255051045957e-08  1.16748547803209e-09   0.00431389963755106     0.147718212753463     0.989020081984248  4.15990719675545e-05
-4.11575677490074e-13  5.65383122724027e-13   3.1950129866154e-11   3.2169945042823e-10  1.16612062148618e-07 -6.24602121957204e-09 -0.000644309984893515      0.98902945088806    -0.147716813444518  0.000278521561531406
-8.82821512190733e-06 -3.67919110212797e-06  -0.00118842727814406   -0.0026554646114818    -0.999988968422438  -0.00385158481420416 -1.41329845170908e-10  1.12026157281535e-07 -3.91990362652684e-08 -2.08843598446708e-11
    0.995027806888777  1.19614458181682e-06 -0.000383405794324617     0.263160088052535  -0.00084816902879441     0.004459198504777  5.21178889128017e-13  4.08428862533594e-11 -1.43893352450164e-11   8.9557122218035e-12
   0.0201928228199247 -3.68159977480414e-06    0.0014962187256099     -1.02889325657108   0.00332547982748586   -0.0176705840009067 -2.06073068905008e-12 -1.60602475081983e-10  5.65818090474084e-11  -3.4887680329008e-11
-1.16335757270682e-13  1.73729356132298e-14  3.67340757080575e-12  3.98798847357602e-11  -1.2879120710762e-11  -1.9040078620502e-09    -0.989020366197021  3.17918992865999e-05   0.00424823755184852    -0.147718215269006
 9.91319250067755e-13 -2.20016994092633e-14  1.52496966805478e-12 -2.39311317973238e-10 -1.19746786248981e-11  1.58647115715807e-08     0.147716855974699  0.000212858862759595 -0.000634502904109333    -0.989029467187854
-6.04070618973201e-05  7.00278187856674e-06 -0.000560392221733288    0.0171794822497035   0.00281952181784673    -0.999848874759947  4.23660419498361e-09 -6.32101490681093e-09  2.17093782504194e-09  -1.5412447789468e-08
RDM (no constraint): 
     1.99999999557158  4.45986800347431e-10  1.08594721842673e-07  1.16951086587946e-06  -3.3946756479062e-07 -6.20424425689791e-05  4.37322664994395e-16  5.30471140507267e-14 -3.69572654690103e-14  1.99004258963844e-14
 4.45986800347431e-10      1.99999999427281  -2.0969691406283e-06 -1.38602776932619e-07 -5.26814911022606e-05 -6.12283814004847e-06 -9.42791306533585e-14  5.31976242338104e-12 -1.89203805679211e-12 -5.42569642800359e-13
 1.08594721842673e-07  -2.0969691406283e-06      1.99872302022043 -0.000102546788019859    -0.035352282809652 -5.85573409129449e-05 -3.66975122529083e-12  3.93103508582719e-09  -1.3671888387633e-09 -7.74659294836379e-11
 1.16951086587946e-06 -1.38602776932619e-07 -0.000102546788019859      1.99967562696131  -0.00223782307847361    0.0174676906591017   1.2290285937799e-12  4.69968196677128e-11 -1.47450803571176e-11  3.26397922941625e-11
 -3.3946756479062e-07 -5.26814911022606e-05    -0.035352282809652  -0.00223782307847361      1.00104627870683   -0.0243409650619574    1.764541883856e-10 -2.61681727577683e-10  8.91989060718671e-11 -5.38770589100612e-10
-6.20424425689791e-05 -6.12283814004847e-06 -5.85573409129449e-05    0.0174676906591017   -0.0243409650619574      1.00054699120958 -8.99666530396776e-12  2.72847381687657e-09 -1.01913734550041e-09  1.49171732418798e-11
 4.37322664994395e-16 -9.42791306533585e-14 -3.66975122529083e-12   1.2290285937799e-12    1.764541883856e-10 -8.99666530396776e-12      0.99998812631425  1.50632191635282e-13  -0.00186866522997345  1.07721420335612e-14
 5.30471140507267e-14  5.31976242338104e-12  3.93103508582719e-09  4.69968196677128e-11 -2.61681727577683e-10  2.72847381687657e-09  1.50632191635282e-13      1.00000067104048 -1.19880194124113e-14  -0.00186871655699736
-3.69572654690103e-14 -1.89203805679211e-12  -1.3671888387633e-09 -1.47450803571176e-11  8.91989060718671e-11 -1.01913734550041e-09  -0.00186866522997345 -1.19880194124113e-14      1.00001592021465 -1.43000834317816e-13
 1.99004258963844e-14 -5.42569642800359e-13 -7.74659294836379e-11  3.26397922941625e-11 -5.38770589100612e-10  1.49171732418798e-11  1.07721420335612e-14  -0.00186871655699736 -1.43000834317816e-13      1.00000337548804
RDM Eigenvectors: 
    0.999504021252889   -0.0308028254672895  -0.00562834229365825  -0.00334893239081687 -4.49387068152903e-05  3.43338050336024e-13 -7.05668933033724e-14  2.83690847640802e-13  8.89345179557603e-13  4.28709295638445e-05
  -0.0307846240646159    -0.999486892860061   -0.0019900882557059   0.00861943624890112  3.35754362406507e-05   2.7702104952793e-14 -2.81731745555245e-13 -1.23884736724954e-13 -6.75327843506364e-13  4.07715363633639e-05
 0.000666236890762809   0.00855487614059834    -0.457246537959051     0.888593864319851    0.0254760999512767 -5.62688038292917e-11 -7.19398948514977e-11 -7.41504886427595e-11 -5.20005669652754e-11    0.0245740996065928
  0.00660076618528814   0.00197062768310323     0.889082146386634     0.457351876460679    0.0143360823748339  7.02146881264077e-11 -3.00270888236596e-11 -1.31675159275979e-10 -3.62750527392712e-10   -0.0104509008643446
-3.84062554053918e-05 -0.000255620098315023    0.0138190666450701   -0.0326856077952725     0.703338087676589  7.85538707054667e-08  -2.9398495877219e-08  -2.9421323081246e-08 -7.86016498327363e-08     0.709969120488252
  5.4402550249531e-05  4.82005481626991e-05    0.0152294192213167   0.00873764296920618     -0.71025416320501  5.47247247489832e-09 -1.40283249271545e-09  4.32481941573507e-09  1.39528235172446e-08     0.703726322338837
  3.6941934977802e-15  3.81935755089854e-14   3.9552692228911e-12 -6.24086881884379e-12  3.00352474583582e-09  1.87855709594403e-05    -0.704472629879714     0.709731155452084  1.94450883168606e-05 -2.73519688795215e-09
 2.97656922088049e-12  2.86023515030106e-11 -1.71786863982375e-09  3.54721576695749e-09 -8.24250254892275e-08     0.706850899595681  1.88489346074298e-05  1.93801389936875e-05    -0.707362569698094 -7.46684100183446e-08
-1.04579042454944e-12 -9.90525515546952e-12  5.97754961759086e-10 -1.23350081657886e-09  3.07162055829275e-08 -1.89257443122097e-05     0.709731155466122     0.704472629865782  1.93009565534058e-05  2.80886738423004e-08
 2.16386403242384e-13  2.87322150687195e-14  6.04341755975788e-11 -4.28024061710679e-11 -9.75464732337805e-09    -0.707362569712088 -1.88626386895827e-05  1.93661714397338e-05    -0.706850899581704  9.66945862953252e-09
Total C: 
    -0.02919446064529    -0.994363663347267     0.127083245797099    -0.229523732245643  -0.00361995128785629  -0.00413490165321589  4.76470236172421e-09  0.000179914575671529 -4.99190527260592e-09 -0.000180044390201931
 -0.00638161108325784   -0.0209251615082832    -0.468670969523909     0.915363593002126     0.013292557584879    0.0165509831424923 -1.89350606504054e-08 -0.000714959170267939  1.97938456636025e-08   0.00071547516066539
 1.78567176947545e-09  1.69420631889973e-09  1.02158341718909e-06 -4.35484954889376e-07  2.94362147821863e-05  2.93045793681504e-05     0.101820425178879    -0.699592841741356     0.107144235826608    -0.699086956115666
 1.19337011410658e-08  1.13618015494705e-08   6.8475930625344e-06 -2.90903056039569e-06  0.000197806246880196  0.000195922350494396     0.702396041337076     0.104508495693586     0.696284040343911     0.104432932754785
 5.18095509973652e-05 -5.01495220458714e-05   -0.0272920815688411    -0.016607080946794    -0.703259955266727     0.710205025728803  4.24955525325255e-09   -0.0027223860439517  1.20999106690918e-07   0.00272450439626729
    0.993655148110963    -0.028363726363794     0.234659076975611     0.126571669671273  -0.00924161055961704   0.00295010756800102  8.37930222816251e-08   0.00315198949177303 -8.47164389267661e-08  -0.00315427010582162
   0.0236200442923566  -0.00948929453341361    -0.914854233696979    -0.469055045015635    0.0359888384137572   -0.0113281530368991 -3.32048126054089e-07   -0.0124904721637684  3.35686513212298e-07    0.0124995096788917
-6.33281739897978e-06 -6.02269798738934e-06  -0.00363004203137259   0.00154378847310619    -0.104875342644085    -0.103953194917321     0.696760425092185  -0.00302367591140535    -0.701916092911764  -0.00298421446718059
-4.24006108504071e-05 -4.03242530017949e-05   -0.0243045088647917    0.0103362488010036    -0.702180385255947    -0.696006069837566    -0.103911419071922  0.000451697098568133     0.104989168088245  0.000445695955652841
-0.000115098358735675  0.000144147768028617    0.0155936696822431   0.00739886977910033   0.00141372221272349  -0.00186102264170336 -1.87901943771035e-05    -0.706744078289977  1.89215031431443e-05     0.707255667810931
Basis set used: STO-3G
Naturals: 
 1.99999999998983  1.99999999933026  1.99999278664784   1.9999700249969  1.02430045816668   1.0018707403105  1.00187074016835 0.998133306360546  0.99813330621802 0.975728637811033
Version: Tmhuysen's fci hack
