The Davidson algorithm did not converge.lambda: -1
The Davidson algorithm did not converge.lambda: -0.9
The Davidson algorithm did not converge.lambda: -0.8
The Davidson algorithm did not converge.lambda: -0.7
The Davidson algorithm did not converge.lambda: -0.6
The Davidson algorithm did not converge.lambda: -0.5
The Davidson algorithm did not converge.lambda: -0.4
The Davidson algorithm did not converge.lambda: -0.3
The Davidson algorithm did not converge.lambda: -0.2
The Davidson algorithm did not converge.lambda: -0.1
The Davidson algorithm did not converge.lambda: 0
TOTAL ENERGY: -127.162967177318	 lambda: 0.1	 population of target: 6.99999271909948
1RDM: 
     1.99999996185322 -1.47135812620422e-08  3.39072417828224e-08  7.02985841531637e-06  0.000109197120826414 -0.000160808681140868 -4.78506112929323e-09   7.4053269211958e-06  6.77101337393748e-09  7.40655258214426e-06
-1.47135812620422e-08      1.99999998614656 -1.38129496206225e-06  2.13925688153866e-06   3.0449416344645e-05 -7.46558400424405e-05 -1.30051951875716e-08  -5.8776287161501e-05 -3.07976509215923e-09 -5.87862468588381e-05
 3.39072417828224e-08 -1.38129496206225e-06      1.99943209902362 -2.47612174700369e-05   -0.0169129085098393   -0.0118977356019815 -4.35793929524117e-06  -0.00817942393801281  2.12331363539418e-06    -0.008180816596435
 7.02985841531637e-06  2.13925688153866e-06 -2.47612174700369e-05      1.99863892620083   -0.0172739001773503    0.0311955170600877  7.10803757900557e-07  -0.00623738595750306 -2.40918512698837e-06   -0.0062384364421503
 0.000109197120826414   3.0449416344645e-05   -0.0169129085098393   -0.0172739001773503      1.00058763783783 -0.000339788616667445 -0.000112158209135972   0.00202465646978414  0.000112516626819581   0.00202503244343289
-0.000160808681140868 -7.46558400424405e-05   -0.0118977356019815    0.0311955170600877 -0.000339788616667445      1.00111875025034 -0.000112429927311955  -0.00187999572289806  0.000111721424238171  -0.00188027918776101
-4.78506112929323e-09 -1.30051951875716e-08 -4.35793929524117e-06  7.10803757900557e-07 -0.000112158209135972 -0.000112429927311955       1.0000009267782 -0.000112132874070026 -2.10633305147531e-07  0.000112142864288612
  7.4053269211958e-06  -5.8776287161501e-05  -0.00817942393801281  -0.00623738595750306   0.00202465646978414  -0.00187999572289806 -0.000112132874070026      1.00011043659171 -0.000112327218439322  0.000108890255814528
 6.77101337393748e-09 -3.07976509215923e-09  2.12331363539418e-06 -2.40918512698837e-06  0.000112516626819581  0.000111721424238171 -2.10633305147531e-07 -0.000112327218439322      1.00000086411108  0.000112337990833932
 7.40655258214426e-06 -5.87862468588381e-05    -0.008180816596435   -0.0062384364421503   0.00202503244343289  -0.00188027918776101  0.000112142864288612  0.000108890255814528  0.000112337990833932      1.00011041120664
TOTAL ENERGY: -127.162966586982	 lambda: 0.2	 population of target: 6.99999694040755
1RDM: 
     1.99999996186441 -1.47304621852729e-08   3.1260732760664e-08  7.02640259333187e-06  0.000109180337388647 -0.000160791831344944 -3.15453347223773e-09  7.35021046578613e-06  5.12918614551797e-09  7.35142636619824e-06
-1.47304621852729e-08      1.99999998613581 -1.38720976031717e-06  2.13780733159637e-06  3.04079637680334e-05  -7.4614138385501e-05 -1.15977946100111e-08 -5.87685450058816e-05 -4.48359545804986e-09  -5.8778503950863e-05
  3.1260732760664e-08 -1.38720976031717e-06      1.99943106844395  -2.4840625325508e-05   -0.0169185221432871   -0.0118920803199666 -3.44260584849481e-06  -0.00820411671887764   1.2028734473017e-06  -0.00820551384284314
 7.02640259333187e-06  2.13780733159637e-06  -2.4840625325508e-05      1.99863961637278   -0.0172782702041684    0.0311999093657923  2.69049189488865e-07  -0.00623285530611702  -1.9669871213831e-06  -0.00623390483428077
 0.000109180337388647  3.04079637680334e-05   -0.0169185221432871   -0.0172782702041684      1.00058904647698 -0.000341108504371205 -8.03278662888775e-05   0.00151715513485121  8.06028948742944e-05   0.00151743346744754
-0.000160791831344944  -7.4614138385501e-05   -0.0118920803199666    0.0311999093657923 -0.000341108504371205      1.00111996148431 -8.05349123402508e-05  -0.00137052382829984  8.00208420645703e-05  -0.00137073314554638
-3.15453347223773e-09 -1.15977946100111e-08 -3.44260584849481e-06  2.69049189488865e-07 -8.03278662888775e-05 -8.05349123402508e-05      1.00000097822783 -8.03147894339226e-05 -1.59133703702613e-07  8.03301043233428e-05
 7.35021046578613e-06 -5.87685450058816e-05  -0.00820411671887764  -0.00623285530611702   0.00151715513485121  -0.00137052382829984 -8.03147894339226e-05      1.00010922734286 -8.04540278217528e-05  0.000107802549431846
 5.12918614551797e-09 -4.48359545804986e-09   1.2028734473017e-06  -1.9669871213831e-06  8.06028948742944e-05  8.00208420645703e-05 -1.59133703702613e-07 -8.04540278217528e-05       1.0000009334417  8.04698377400585e-05
 7.35142636619824e-06  -5.8778503950863e-05  -0.00820551384284314  -0.00623390483428077   0.00151743346744754  -0.00137073314554638  8.03301043233428e-05  0.000107802549431846  8.04698377400585e-05      1.00010922020942
TOTAL ENERGY: -127.162966229309	 lambda: 0.3	 population of target: 6.99999841242846
1RDM: 
     1.99999996187888 -1.47445305165923e-08  2.90724446620841e-08  7.02331562138407e-06  0.000109156913763355 -0.000160768333988532 -2.39472767274668e-09  7.29735233108938e-06  4.35697288432111e-09    7.298559129393e-06
-1.47445305165923e-08      1.99999998612843 -1.39031366136736e-06   2.1384832468205e-06   3.0400158555275e-05 -7.46062169522276e-05 -1.09357632262516e-08 -5.87430455746922e-05 -5.13801829132002e-09 -5.87530004163686e-05
 2.90724446620841e-08 -1.39031366136736e-06      1.99943049495495 -2.47532195082861e-05   -0.0169194930165797   -0.0118910896709889 -3.01447420458657e-06  -0.00821874826573146  7.71411000359423e-07  -0.00822014793582617
 7.02331562138407e-06   2.1384832468205e-06 -2.47532195082861e-05      1.99864015156924   -0.0172790243992404    0.0312006702746961  6.27407952852953e-08  -0.00622667091763026 -1.75937324698233e-06  -0.00622771934737707
 0.000109156913763355   3.0400158555275e-05   -0.0169194930165797   -0.0172790243992404      1.00058936621525 -0.000341414031881434 -6.54231767242235e-05   0.00128026607137241  6.56593268453763e-05   0.00128050078817069
-0.000160768333988532 -7.46062169522276e-05   -0.0118910896709889    0.0312006702746961 -0.000341414031881434      1.00112024741057  -6.5600089506644e-05  -0.00113257070413659  6.51769325688936e-05  -0.00113274343034639
-2.39472767274668e-09 -1.09357632262516e-08 -3.01447420458657e-06  6.27407952852953e-08 -6.54231767242235e-05  -6.5600089506644e-05      1.00000100233179 -6.54158644316107e-05 -1.33102156024838e-07  6.54338032646008e-05
 7.29735233108938e-06 -5.87430455746922e-05  -0.00821874826573146  -0.00622667091763026   0.00128026607137241  -0.00113257070413659 -6.54158644316107e-05      1.00010891167598 -6.55293602505277e-05  0.000107545059914207
 4.35697288432111e-09 -5.13801829132002e-09  7.71411000359423e-07 -1.75937324698233e-06  6.56593268453763e-05  6.51769325688936e-05 -1.33102156024838e-07 -6.55293602505277e-05      1.00000096597165  6.55475376898551e-05
   7.298559129393e-06 -5.87530004163686e-05  -0.00822014793582617  -0.00622771934737707   0.00128050078817069  -0.00113274343034639  6.54338032646008e-05  0.000107545059914207  6.55475376898551e-05      1.00010891186332
TOTAL ENERGY: -127.162965985992	 lambda: 0.4	 population of target: 6.99999911784677
1RDM: 
     1.99999996189585 -1.47562724114288e-08  2.70929481222986e-08  7.02024167068901e-06  0.000109129143190259 -0.000160740481807428 -1.98856079481757e-09  7.24873955269043e-06  3.93623389300718e-09  7.24993816792987e-06
-1.47562724114288e-08      1.99999998612371 -1.39222963948459e-06  2.13980962976369e-06  3.04074069079712e-05 -7.46134112344714e-05 -1.05753817650426e-08 -5.87149618692518e-05 -5.48803540149182e-09 -5.87249121303031e-05
 2.70929481222986e-08 -1.39222963948459e-06      1.99943012464823 -2.45966724490623e-05   -0.0169183715594881   -0.0118922009431601 -2.78370263672485e-06  -0.00822893949659291  5.38281534611135e-07  -0.00823034096495887
 7.02024167068901e-06  2.13980962976369e-06 -2.45966724490623e-05      1.99864063537874   -0.0172781611697444    0.0311998071298735  -4.8151121045399e-08  -0.00622031536170335 -1.64688793571121e-06  -0.00622136267708421
 0.000109129143190259  3.04074069079712e-05   -0.0169183715594881   -0.0172781611697444      1.00058939707631 -0.000341466302774333 -5.73795296073572e-05   0.00115268143699486   5.7594765761733e-05    0.0011528920255604
-0.000160740481807428 -7.46134112344714e-05   -0.0118922009431601    0.0311998071298735 -0.000341466302774333      1.00112031891457 -5.75402329211417e-05  -0.00100430359498431  5.71661011957026e-05  -0.00100445723179812
-1.98856079481757e-09 -1.05753817650426e-08 -2.78370263672485e-06  -4.8151121045399e-08 -5.73795296073572e-05 -5.75402329211417e-05      1.00000101538096 -5.73753882360809e-05 -1.18712574056638e-07  5.73947078937222e-05
 7.24873955269043e-06 -5.87149618692518e-05  -0.00822893949659291  -0.00622031536170335   0.00115268143699486  -0.00100430359498431 -5.73753882360809e-05      1.00010878622074 -5.74749453255711e-05  0.000107451579857215
 3.93623389300718e-09 -5.48803540149182e-09  5.38281534611135e-07 -1.64688793571121e-06   5.7594765761733e-05  5.71661011957026e-05 -1.18712574056638e-07 -5.74749453255711e-05      1.00000098350648  5.74944577062195e-05
 7.24993816792987e-06 -5.87249121303031e-05  -0.00823034096495887  -0.00622136267708421    0.0011528920255604  -0.00100445723179812  5.73947078937222e-05  0.000107451579857215  5.74944577062195e-05      1.00010879085445
TOTAL ENERGY: -127.16296579871	 lambda: 0.5	 population of target: 6.99999953727829
1RDM: 
     1.99999996191519 -1.47664756647229e-08  2.51932711074739e-08  7.01704128729602e-06  0.000109097413275026 -0.000160708668344192 -1.76762030438068e-09  7.20370600612414e-06  3.70355772847001e-09  7.20489733528316e-06
-1.47664756647229e-08      1.99999998612019 -1.39353998664595e-06  2.14142256138344e-06  3.04240662952056e-05 -7.46300448264884e-05 -1.03772100544446e-08 -5.86883788338197e-05 -5.67957040754558e-09 -5.86983247543993e-05
 2.51932711074739e-08 -1.39353998664595e-06      1.99942986959677 -2.43957863298431e-05   -0.0169159329379323   -0.0118946345638725 -2.65744569339642e-06  -0.00823663443035645  4.10053281307685e-07  -0.00823803723115815
 7.01704128729602e-06  2.14142256138344e-06 -2.43957863298431e-05      1.99864110564946   -0.0172762822757752    0.0311979250396076 -1.08646343860302e-07  -0.00621406600231807 -1.58484635658873e-06  -0.00621511223927174
 0.000109097413275026  3.04240662952056e-05   -0.0169159329379323   -0.0172762822757752      1.00058931918026  -0.00034143321672113 -5.29669067957197e-05   0.00108284057340362   5.3170712955301e-05   0.00108303811085991
-0.000160708668344192 -7.46300448264884e-05   -0.0118946345638725    0.0311979250396076  -0.00034143321672113      1.00112032924236 -5.31187465217411e-05 -0.000933989712272759  5.27714946283692e-05 -0.000934132726044738
-1.76762030438068e-09 -1.03772100544446e-08 -2.65744569339642e-06 -1.08646343860302e-07 -5.29669067957197e-05 -5.31187465217411e-05       1.0000010225594 -5.29645249357195e-05 -1.10942317660518e-07  5.29845980108069e-05
 7.20370600612414e-06 -5.86883788338197e-05  -0.00823663443035645  -0.00621406600231807   0.00108284057340362 -0.000933989712272759 -5.29645249357195e-05      1.00010870274929 -5.30564341024622e-05   0.00010738554938929
 3.70355772847001e-09 -5.67957040754558e-09  4.10053281307685e-07 -1.58484635658873e-06   5.3170712955301e-05  5.27714946283692e-05 -1.10942317660518e-07 -5.30564341024622e-05       1.0000009931118  5.30766774430031e-05
 7.20489733528316e-06 -5.86983247543993e-05  -0.00823803723115815  -0.00621511223927174   0.00108303811085991 -0.000934132726044738  5.29845980108069e-05   0.00010738554938929  5.30766774430031e-05      1.00010870987532
TOTAL ENERGY: -127.162965632935	 lambda: 0.6	 population of target: 6.99999983972519
1RDM: 
     1.99999996193707 -1.47756945879037e-08  2.32902137297115e-08  7.01361312433797e-06  0.000109061500394422 -0.000160672660382427 -1.66755544430621e-09  7.16099043438417e-06  3.59204999343948e-09  7.16217406258526e-06
-1.47756945879037e-08      1.99999998611696 -1.39450246100909e-06  2.14322127713323e-06  3.04482776512269e-05 -7.46542684500293e-05  -1.0282981156152e-08 -5.86646523485869e-05 -5.76702812349155e-09 -5.86745945064021e-05
 2.32902137297115e-08 -1.39450246100909e-06      1.99942969125581 -2.41560729167707e-05   -0.0169124302018056   -0.0118981375861145 -2.59880122837288e-06  -0.00824271561453902  3.50038552229713e-07  -0.00824411947545974
 7.01361312433797e-06  2.14322127713323e-06 -2.41560729167707e-05      1.99864158454078   -0.0172735831750105    0.0311952189036596 -1.36340177309435e-07  -0.00620788097592467 -1.55539772122138e-06  -0.00620892617283502
 0.000109061500394422  3.04482776512269e-05   -0.0169124302018056   -0.0172735831750105       1.0005891908685 -0.000341368919636353 -5.09094931605418e-05     0.001050440091297  5.11080242623483e-05    0.0010506316522378
-0.000160672660382427 -7.46542684500293e-05   -0.0118981375861145    0.0311952189036596 -0.000341368919636353      1.00112032760344 -5.10572409488519e-05 -0.000901251689190061  5.07224947522852e-05 -0.000901389676237933
-1.66755544430621e-09  -1.0282981156152e-08 -2.59880122837288e-06 -1.36340177309435e-07 -5.09094931605418e-05 -5.10572409488519e-05      1.00000102590084 -5.09079739014388e-05 -1.07729120154653e-07  5.09283828825401e-05
 7.16099043438417e-06 -5.86646523485869e-05  -0.00824271561453902  -0.00620788097592467     0.001050440091297 -0.000901251689190061 -5.09079739014388e-05      1.00010861340743 -5.09963181761397e-05  0.000107303467492129
 3.59204999343948e-09 -5.76702812349155e-09  3.50038552229713e-07 -1.55539772122138e-06  5.11080242623483e-05  5.07224947522852e-05 -1.07729120154653e-07 -5.09963181761397e-05      1.00000099759701  5.10168851181864e-05
 7.16217406258526e-06 -5.86745945064021e-05  -0.00824411947545974  -0.00620892617283502    0.0010506316522378 -0.000901389676237933  5.09283828825401e-05  0.000107303467492129  5.10168851181864e-05      1.00010862077218
TOTAL ENERGY: -127.162965459678	 lambda: 0.7	 population of target: 7.00000010634643
1RDM: 
     1.99999996196189 -1.47843260725178e-08  2.13153729346012e-08  7.00985333894378e-06  0.000109020828054462 -0.000160631895129205 -1.66342717337754e-09  7.11900279719649e-06   3.5761373559006e-09  7.12017835199099e-06
-1.47843260725178e-08      1.99999998611352  -1.3952441429005e-06  2.14519666101364e-06  3.04798509683245e-05  -7.4685857006892e-05 -1.02705249173589e-08 -5.86443500192313e-05 -5.77175409787809e-09 -5.86542886134886e-05
 2.13153729346012e-08  -1.3952441429005e-06      1.99942957128222 -2.38746873234625e-05   -0.0169078845156621   -0.0119026862190651 -2.59386125167491e-06  -0.00824764700114773  3.43745873500121e-07  -0.00824905172072491
 7.00985333894378e-06  2.14519666101364e-06 -2.38746873234625e-05      1.99864209038572   -0.0172700800374436    0.0311917068181463 -1.38185154141862e-07  -0.00620157628012998 -1.55183465213464e-06  -0.00620262042571571
 0.000109020828054462  3.04798509683245e-05   -0.0169078845156621   -0.0172700800374436      1.00058903785573 -0.000341299039139417 -5.07146651278312e-05   0.00104768828593801  5.09127884218461e-05   0.00104787933945066
-0.000160631895129205  -7.4685857006892e-05   -0.0119026862190651    0.0311917068181463 -0.000341299039139417      1.00112033904147 -5.08620886072152e-05 -0.000898263447692859  5.05284914054071e-05 -0.000898400972196328
-1.66342717337754e-09 -1.02705249173589e-08 -2.59386125167491e-06 -1.38185154141862e-07 -5.07146651278312e-05 -5.08620886072152e-05      1.00000102621852 -5.07132773266305e-05   -1.083378421447e-07  5.07336877266568e-05
 7.11900279719649e-06 -5.86443500192313e-05  -0.00824764700114773  -0.00620157628012998   0.00104768828593801 -0.000898263447692859 -5.07132773266305e-05      1.00010849111182 -5.08012844232775e-05  0.000107180701634475
  3.5761373559006e-09 -5.77175409787809e-09  3.43745873500121e-07 -1.55183465213464e-06  5.09127884218461e-05  5.05284914054071e-05   -1.083378421447e-07 -5.08012844232775e-05      1.00000099801985  5.08218509251737e-05
 7.12017835199099e-06 -5.86542886134886e-05  -0.00824905172072491  -0.00620262042571571   0.00104787933945066 -0.000898400972196328  5.07336877266568e-05  0.000107180701634475  5.08218509251737e-05      1.00010849800926
TOTAL ENERGY: -127.162965241823	 lambda: 0.8	 population of target: 7.0000003962214
1RDM: 
     1.99999996199032 -1.47926904510871e-08  1.91997731481865e-08  7.00562983601258e-06  0.000108974485196857 -0.000160585443205316 -1.75150511331239e-09  7.07566797497811e-06   3.6548617577945e-09  7.07683800348554e-06
-1.47926904510871e-08      1.99999998610951 -1.39583135498125e-06  2.14738925278633e-06  3.05197162821957e-05 -7.47257691544836e-05 -1.03407623287334e-08 -5.86279880990352e-05 -5.69872287599547e-09 -5.86379229834399e-05
 1.91997731481865e-08 -1.39583135498125e-06      1.99942950170861 -2.35428163546337e-05    -0.016902160389932   -0.0119084167764371 -2.64123080647334e-06  -0.00825169296811488   3.8993341205588e-07  -0.00825309833145739
 7.00562983601258e-06  2.14738925278633e-06 -2.35428163546337e-05      1.99864264301805   -0.0172656669195377    0.0311872817497895 -1.14693198259341e-07  -0.00619484110290441 -1.57339246280467e-06  -0.00619588410566723
 0.000108974485196857  3.05197162821957e-05    -0.016902160389932   -0.0172656669195377      1.00058887917947 -0.000341245359196587 -5.23367239566326e-05   0.00107395679747729  5.25391926629572e-05   0.00107415270412685
-0.000160585443205316 -7.47257691544836e-05   -0.0119084167764371    0.0311872817497895 -0.000341245359196587      1.00112038768031  -5.2487504285178e-05 -0.000924383196339676  5.21439717254461e-05  -0.00092452471839368
-1.75150511331239e-09 -1.03407623287334e-08 -2.64123080647334e-06 -1.14693198259341e-07 -5.23367239566326e-05  -5.2487504285178e-05       1.0000010235858 -5.23347918536429e-05  -1.1289800440894e-07  5.23548663232223e-05
 7.07566797497811e-06 -5.86279880990352e-05  -0.00825169296811488  -0.00619484110290441   0.00107395679747729 -0.000924383196339676 -5.23347918536429e-05      1.00010830735808 -5.24256108970565e-05  0.000106989608951478
  3.6548617577945e-09 -5.69872287599547e-09   3.8993341205588e-07 -1.57339246280467e-06  5.25391926629572e-05  5.21439717254461e-05  -1.1289800440894e-07 -5.24256108970565e-05      1.00000099448017  5.24458487618889e-05
 7.07683800348554e-06 -5.86379229834399e-05  -0.00825309833145739  -0.00619588410566723   0.00107415270412685  -0.00092452471839368  5.23548663232223e-05  0.000106989608951478  5.24458487618889e-05      1.00010831488969
TOTAL ENERGY: -127.162964912236	 lambda: 0.9	 population of target: 7.00000078253141
1RDM: 
     1.99999996202334 -1.48010888093606e-08  1.68571470564442e-08  7.00075015978805e-06  0.000108921104643869 -0.000160531935626894 -1.95545805466616e-09  7.02785926460457e-06  3.84268143634976e-09  7.02902034648459e-06
-1.48010888093606e-08      1.99999998610462   -1.396291791364e-06  2.14988497918032e-06  3.05701070182626e-05 -7.47762313950236e-05 -1.05071571857813e-08  -5.8616441102232e-05 -5.52841633668677e-09 -5.86263749078933e-05
 1.68571470564442e-08   -1.396291791364e-06      1.99942948239502 -2.31441106582306e-05   -0.0168949408414863   -0.0119156475409136 -2.75171211958374e-06  -0.00825499606685946  4.99294745499893e-07  -0.00825640195980478
 7.00075015978805e-06  2.14988497918032e-06 -2.31441106582306e-05      1.99864326895211   -0.0172600929775066    0.0311816917676806 -6.07043024441052e-08  -0.00618715296126911 -1.62525547299867e-06  -0.00618819467384901
 0.000108921104643869  3.05701070182626e-05   -0.0168949408414863   -0.0172600929775066      1.00058874250178 -0.000341241633217372 -5.61485724459514e-05   0.00113539254900628  5.63612177117748e-05   0.00113559988431008
-0.000160531935626894 -7.47762313950236e-05   -0.0119156475409136    0.0311816917676806 -0.000341241633217372      1.00112051269914 -5.63072475005096e-05 -0.000985760978001364  5.59403203992415e-05  -0.00098591181330536
-1.95545805466616e-09 -1.05071571857813e-08 -2.75171211958374e-06 -6.07043024441052e-08 -5.61485724459514e-05 -5.63072475005096e-05      1.00000101740493 -5.61453197926956e-05 -1.22481127562134e-07  5.61646459206429e-05
 7.02785926460457e-06  -5.8616441102232e-05  -0.00825499606685946  -0.00618715296126911   0.00113539254900628 -0.000985760978001364 -5.61453197926956e-05      1.00010801881666 -5.62427452108867e-05  0.000106682506031144
 3.84268143634976e-09 -5.52841633668677e-09  4.99294745499893e-07 -1.62525547299867e-06  5.63612177117748e-05  5.59403203992415e-05 -1.22481127562134e-07 -5.62427452108867e-05      1.00000098615855  5.62622551526255e-05
 7.02902034648459e-06 -5.86263749078933e-05  -0.00825640195980478  -0.00618819467384901   0.00113559988431008  -0.00098591181330536  5.61646459206429e-05  0.000106682506031144  5.62622551526255e-05      1.00010802294386
TOTAL ENERGY: -127.162964315922	 lambda: 1	 population of target: 7.00000140711367
1RDM: 
     1.99999996206253 -1.48098997891333e-08  1.41535879049108e-08  6.99489427779933e-06  0.000108858593298211   -0.0001604692816901 -2.32502611572355e-09  6.96997780186532e-06  4.19638150096182e-09  6.97112982953901e-06
-1.48098997891333e-08      1.99999998609857 -1.39661840191252e-06  2.15284466185283e-06  3.06354921638902e-05 -7.48417206745443e-05 -1.08179803865973e-08 -5.86115692913156e-05 -5.21786733983892e-09 -5.86215023057306e-05
 1.41535879049108e-08 -1.39661840191252e-06      1.99942952266415 -2.26484632731991e-05   -0.0168855879968854   -0.0119250167545462 -2.95515653886311e-06  -0.00825759405999965  7.01612761307114e-07   -0.0082590003380138
 6.99489427779933e-06  2.15284466185283e-06 -2.26484632731991e-05      1.99864400987934   -0.0172528610425108    0.0311744388826994  3.83674964477973e-08  -0.00617753199136272 -1.72156042851718e-06  -0.00617857210944225
 0.000108858593298211  3.06354921638902e-05   -0.0168855879968854   -0.0172528610425108      1.00058869029146 -0.000341362591035547 -6.31838665128183e-05   0.00124897460011901   6.3415346965613e-05   0.00124920302895552
  -0.0001604692816901 -7.48417206745443e-05   -0.0119250167545462    0.0311744388826994 -0.000341362591035547      1.00112079958054 -6.33571865846894e-05  -0.00109940094687337   6.2946985433218e-05  -0.00109956907011814
-2.32502611572355e-09 -1.08179803865973e-08 -2.95515653886311e-06  3.83674964477973e-08 -6.31838665128183e-05 -6.33571865846894e-05      1.00000100598271 -6.31781867614937e-05 -1.39819540404846e-07  6.31961497504991e-05
 6.96997780186532e-06 -5.86115692913156e-05  -0.00825759405999965  -0.00617753199136272   0.00124897460011901  -0.00109940094687337 -6.31781867614937e-05      1.00010752606621 -6.32878139442341e-05  0.000106157163812513
 4.19638150096182e-09 -5.21786733983892e-09  7.01612761307114e-07 -1.72156042851718e-06   6.3415346965613e-05   6.2946985433218e-05 -1.39819540404846e-07 -6.32878139442341e-05      1.00000097082166  6.33059810871588e-05
 6.97112982953901e-06 -5.86215023057306e-05   -0.0082590003380138  -0.00617857210944225   0.00124920302895552  -0.00109956907011814  6.31961497504991e-05  0.000106157163812513  6.33059810871588e-05      1.00010752655284
-------------------general-----------------------
mullikenoperator: 
  0.00012001480688382  -0.00960711689077826   0.00323763962128577  -0.00414803385798466 -0.000119369648950641 -3.10477031314153e-05  1.33580964546087e-09 -6.99485455646186e-07 -1.48300440436046e-09 -6.99635178908702e-07
 -0.00960711689077826     0.999876491577114  -0.00440433201654503  -0.00343223005399234  0.000111279931497131 -7.58150782693916e-05  1.23728836505397e-09  5.66746988922975e-08 -1.25888405819224e-09  5.67228758090277e-08
  0.00323763962128577  -0.00440433201654499     0.369197777474557    -0.482031031862877   0.00466019545369471   -0.0220283722474835  7.90321532507295e-07  -9.7767597669063e-05 -8.15694857365031e-07 -9.77806168653833e-05
 -0.00414803385798466  -0.00343223005399241    -0.482031031862877     0.630964266717254    0.0215466217261637   0.00108803619868348 -3.72451931386679e-07  0.000101991821756001  3.92485477367072e-07  0.000102014957651032
-0.000119369648950641  0.000111279931497129   0.00466019545369472    0.0215466217261637     0.498514179130012    -0.499511127710341  2.76613527916532e-05 -0.000463917598603458 -2.78702956903141e-05 -0.000464086749654328
-3.10477031314153e-05 -7.58150782693926e-05   -0.0220283722474835   0.00108803619868348    -0.499511127710341     0.501326376643259  2.78546875770688e-05  0.000469329269847724 -2.75476590957235e-05  0.000469318452804341
  1.3358096454541e-09  1.23728836501074e-09   7.9032153250527e-07 -3.72451931386107e-07  2.76613527916125e-05  2.78546875770834e-05     0.500868079063811   0.00050348457522321    -0.499998738030914 -0.000503394442490919
-6.99485455646181e-07  5.66746988922871e-08 -9.77675976690629e-05  0.000101991821756001 -0.000463917598603465  0.000469329269847718  0.000503484575223194     0.500084233075586  0.000504353943035524    -0.499999036784201
-1.48300440436189e-09 -1.25888405823271e-09 -8.15694857366083e-07  3.92485477367465e-07 -2.78702956903288e-05 -2.75476590956827e-05    -0.499998738030914  0.000504353943035597     0.499132933426646 -0.000504273687436008
-6.99635178908702e-07  5.67228758090218e-08 -9.77806168653828e-05  0.000102014957651031 -0.000464086749654322  0.000469318452804347  -0.00050339444249093      -0.4999990367842 -0.000504273687435964     0.499915648084881
selected BF: 
0 1 2 3 4
selected lambdas: 
  -1 -0.9 -0.8 -0.7 -0.6 -0.5 -0.4 -0.3 -0.2 -0.1    0  0.1  0.2  0.3  0.4  0.5  0.6  0.7  0.8  0.9    1
RHF C: 
-1.26290716650535e-07    -0.995388340835902      0.26014409938423  9.97327710084176e-05 -0.000208354750933613 -6.25490361187703e-05  4.42061022088769e-12  5.30095392884473e-11  4.61185428941776e-11  2.23490468158963e-12
 7.48175872151861e-07   -0.0189027394109218     -1.02864704474515 -0.000394806728984743  0.000833776153320569  0.000248504808596253 -1.76771801403097e-11 -2.08273172992017e-10 -1.81200018907709e-10 -8.92893804163018e-12
-4.01335373856395e-13  1.65816758851532e-12  1.23383333512053e-10  3.57477664649555e-10  4.84706931616436e-07 -7.30985947285255e-09 -0.000722468194434767     0.701635249333686      0.71253593116786 -4.33551240173364e-05
 1.86801549279828e-14 -1.02574258454977e-14 -3.51528153267838e-11 -1.41796944481074e-11 -1.79682357312761e-08  3.78171075105968e-10  0.000711415032868968     0.712536296077008    -0.701634890007593 -4.40287165711023e-05
 1.80670076069006e-06  2.50597998532301e-06   0.00081044682206145   0.00075496814018829     0.999998871195965   0.00104487119477322  2.88296055091044e-10 -3.27279235742233e-07 -3.57972489297467e-07 -1.61817348938253e-11
    -0.99502779743369 -2.19631675937772e-07  8.94271829000546e-05    -0.263172721145271  0.000230049114248836  -0.00374727777648444  5.35267089114099e-11 -3.04221431280118e-11 -3.34651914631666e-11  3.30667985772534e-11
  -0.0201928616260374  6.72579940240902e-07 -0.000349177134702462      1.02894369260659 -0.000900945613313191    0.0148494757360574 -2.12120866671407e-10  1.19350615973668e-10  1.31296316582855e-10 -1.28864009391516e-10
 2.74669697327283e-12 -3.28461308072719e-14 -3.02317933319147e-12 -6.72098432430885e-10  7.60508013528773e-12  6.28354966044701e-08     0.712535940540831  3.46768607800218e-05  0.000713654935212855     0.701635249317425
 4.67035716402343e-13  1.75383866565134e-14   5.4088095077312e-12 -2.13424884005293e-11 -2.37539801291249e-11 -2.35516211516225e-09    -0.701634898254241  3.52154524196028e-05 -0.000702736773549761     0.712536297058365
 5.07554551347535e-05 -1.39821162880728e-06  0.000154225633205438   -0.0144299490991022 -0.000810926416126617     0.999895569981279 -4.64326168229239e-08  5.12513368905933e-09  5.72032548406052e-09 -4.24123193173261e-08
RDM (no constraint): 
     1.99999999701084  8.98881764835652e-11  2.28991943534958e-08  8.03003752412696e-07 -5.32363024336605e-08 -5.17409040562567e-05 -1.72354519765124e-14  3.20498658511312e-14  3.18268700556514e-14 -2.06266481363661e-12
 8.98881764835652e-11      1.99999999778848 -1.28856937474839e-06 -3.07472091169153e-08 -4.28232925007424e-05 -1.54669776716731e-06 -1.89852142193174e-12  1.28516899657005e-11  1.41315602373747e-11 -4.95325207212772e-12
 2.28991943534958e-08 -1.28856937474839e-06       1.9991526412787 -2.32614269017344e-05   -0.0289641118734356 -7.25543081206976e-06  1.14372876193263e-10  9.42340786472235e-09  1.02590732223732e-08   2.9470406945973e-10
 8.03003752412696e-07 -3.07472091169153e-08 -2.32614269017344e-05      1.99977860003818 -0.000639889192102745    0.0146333494211782 -2.33889662165162e-10  3.98298036351569e-11  4.48280979530219e-11 -1.79762387263155e-10
-5.32363024336605e-08 -4.28232925007424e-05   -0.0289641118734356 -0.000639889192102745      1.00082706990794  -0.00683783856478444  7.81959426698454e-10 -3.01967093380973e-10 -3.29220845231002e-10  1.15895112972765e-09
-5.17409040562567e-05 -1.54669776716731e-06 -7.25543081206976e-06    0.0146333494211782  -0.00683783856478444      1.00023725083329 -1.02191079778301e-11  2.25251296105966e-09  2.42896301351176e-09 -8.48098490890312e-12
-1.72354519765124e-14 -1.89852142193174e-12  1.14372876193263e-10 -2.33889662165162e-10  7.81959426698454e-10 -1.02191079778301e-11      1.00000036893454  3.02172892503235e-13  0.000427474908447291  -5.0733327826224e-14
 3.20498658511312e-14  1.28516899657005e-11  9.42340786472235e-09  3.98298036351569e-11 -3.01967093380973e-10  2.25251296105966e-09  3.02172892503235e-13      1.00000103859667   5.1111662050558e-14  0.000427477694378946
 3.18268700556514e-14  1.41315602373747e-11  1.02590732223732e-08  4.48280979530219e-11 -3.29220845231002e-10  2.42896301351176e-09  0.000427474908447291   5.1111662050558e-14      1.00000185263669  2.84737106401418e-13
-2.06266481363661e-12 -4.95325207212772e-12   2.9470406945973e-10 -1.79762387263155e-10  1.15895112972765e-09 -8.48098490890312e-12  -5.0733327826224e-14  0.000427477694378946  2.84737106401418e-13      1.00000118297465
RDM Eigenvectors: 
    0.999930865142383  -0.00961936750252585   0.00524087485603192   0.00427355320654754  3.68537526084722e-05  6.79579757254092e-12 -3.20876875041779e-12 -3.62534065316623e-12 -7.16619089596481e-12  3.63316850577693e-05
  0.00963140999411374     0.999935755471652   0.00223211037725293  -0.00554407051176582 -2.93600807255839e-05  4.27412922954682e-12 -2.02585209156428e-12 -8.41798642073228e-13 -3.05689246442511e-12  3.12133196089596e-05
 0.000152959773269527  -0.00575979618799193     0.607505953858674    -0.793765449724255   -0.0205981500644953  -3.1244001220363e-10  1.78462676910519e-10 -3.05871028685801e-12    1.060893597362e-10    0.0203824536161573
  0.00674352875668546   -0.0016616398231464    -0.794028830874264    -0.607663632226426   -0.0108887401141113 -1.26827588614417e-09  6.14913560836353e-10  9.80386368899118e-10  1.60115685999083e-09  -0.00981452604905969
 -9.5404291804029e-06    0.0001253533476037   -0.0170233377471731    0.0234612824620217    -0.705869828795456  2.26467840768043e-07 -2.47262772478373e-07  2.47325414495778e-07  2.26602341281088e-07     0.707748220194688
 4.70034665289375e-05 -2.61858085330266e-05   -0.0115103715259197  -0.00904926205967805     0.707958285585087  1.03280333458716e-07 -6.19292683712935e-08 -6.96699296680898e-08 -1.10144019902989e-07     0.706102460822705
 -1.6022864967954e-12 -2.08937639472241e-12  2.44639960947004e-10  6.62848754093816e-11 -6.61571459652755e-08  9.65567408377074e-05    -0.706492943333448    -0.707720073421001 -9.68183939605565e-05 -6.54864164787947e-08
 1.97317432022513e-12 -4.15923061134711e-11  5.67255802283799e-09 -7.53183782011836e-09  2.29549079444449e-07     0.707047066813292   9.6632459360334e-05 -9.67426464377474e-05     0.707166477297705 -2.23266028587856e-07
 2.15608566706991e-12 -4.51402233630213e-11  6.17467926327055e-09 -8.20038278600624e-09  2.50710744754846e-07  9.67245230686106e-05    -0.707720073433797     0.706492943320598  9.66504211079341e-05 -2.43735876008794e-07
 -3.2879997475632e-12 -6.20409742776573e-12  3.04544369381998e-10 -1.00625706070969e-10 -1.06907588598816e-07     0.707166477310556  9.66488767606894e-05  9.67262409439416e-05    -0.707047066800496  -1.0651706755169e-07
Total C: 
   0.0109386811803009    -0.994744270262165     0.163697450483583    -0.204966274295006  -0.00440388494773851  -0.00311669917674252 -6.00066243053803e-09 -4.42236114068072e-05 -4.41751511329404e-09 -4.42325064681319e-05
 -0.00521008641097231   -0.0211954071938519    -0.624504118366765     0.817037655830064    0.0169108364837003    0.0124344561377189  2.38479247534323e-08  0.000175698827979175  1.77634204548141e-08  0.000175733995936171
-1.56319188092611e-09 -1.37030797554129e-09 -8.93803359892022e-07  4.21745255838935e-07 -3.06914723947767e-05 -3.03973318338419e-05    -0.496119918074441     0.503813571368659      0.49628052459064    -0.503728648572474
-1.59808313252846e-09 -1.37222121294164e-09 -8.97129749482004e-07  4.31928736932385e-07 -3.11315019698291e-05 -3.10739108698626e-05    -0.504710918309133    -0.496241537139803     0.502830569042078     0.496157880931798
 4.61100278148172e-05 -2.92134173558659e-05    -0.020705057327094   -0.0119910046294116    -0.705865115474025     0.707941326106198  2.66185598120903e-07  0.000738749546738834  1.20314841205917e-07  0.000739044046523879
   -0.996083209687375  -0.00812449931031956      0.20879480435549     0.153136980731224  -0.00632878448564831   0.00249658464333406 -3.61872259320123e-07  -0.00264949975052957 -3.60298834268444e-07  -0.00264994919585011
   -0.015796089645118  -0.00589910252700222     -0.81693661485487    -0.625100767009324    0.0247824291004818  -0.00994594158174767  1.43401011691318e-06     0.010499270397042  1.42787710515858e-06    0.0105010513460745
 2.54915884710384e-05  2.19003675529542e-05    0.0143010485834059  -0.00688621658129372     0.496580922895873     0.495426331946643    -0.503426270410451  0.000573411368464345    -0.504251591238893 -0.000435748777155129
  2.5887646996344e-05  2.22406247497246e-05    0.0145232379200464  -0.00699320647197926     0.504296469421004     0.503123676288408       0.4956752031067 -0.000564916751605887     0.496585739594145  0.000428981593148584
-1.01233623518173e-05  7.94594405343041e-05    0.0115644062506499   0.00865526939248354  0.000231433711208976 -0.000445221134325703  9.65758867502752e-05     0.706973233838529  9.67508208294444e-05     0.707092623941758
Basis set used: STO-3G
Naturals: 
   1.999999999999   1.9999999999332  1.99999480069428  1.99999083244577  1.00683005846089  1.00042858848613  1.00042858633778 0.999573635233457 0.999573633085181 0.993179865324293
Version: Tmhuysen's fci hack
