The Davidson algorithm did not converge.lambda: -1
The Davidson algorithm did not converge.lambda: -0.9
The Davidson algorithm did not converge.lambda: -0.8
The Davidson algorithm did not converge.lambda: -0.7
The Davidson algorithm did not converge.lambda: -0.6
The Davidson algorithm did not converge.lambda: -0.5
The Davidson algorithm did not converge.lambda: -0.4
The Davidson algorithm did not converge.lambda: -0.3
The Davidson algorithm did not converge.lambda: -0.2
The Davidson algorithm did not converge.lambda: -0.1
The Davidson algorithm did not converge.lambda: 0
TOTAL ENERGY: -127.163095860283	 lambda: 0.1	 population of target: 6.99995397779309
1RDM: 
     1.99999992714369 -8.52172599378598e-10  2.78691649197064e-06  1.15992530293734e-05  0.000135714436649535 -0.000194501284791451  8.36844798733444e-05  2.74694510152117e-08  -8.4100798613623e-05 -1.07220416129741e-08
-8.52172599378598e-10      1.99999997639014  -2.2590374631077e-06  2.06274948440613e-06  1.90246990617332e-05 -7.21985863746087e-05 -9.28395784356805e-05  8.18182559249818e-09  9.33039895364327e-05 -2.66446909027782e-08
 2.78691649197064e-06  -2.2590374631077e-06      1.99917723719208  -0.00024042256810577   -0.0224264476384988   -0.0104495192760758  -0.00997125608858276   9.7762546778149e-06    0.0100210729288443 -1.17748894325651e-05
 1.15992530293734e-05  2.06274948440613e-06  -0.00024042256810577       1.9979810601335      -0.0227154103786    0.0375693647753323  -0.00578999681680402 -5.41626419601164e-06   0.00581865645159765  4.25008465837283e-06
 0.000135714436649535  1.90246990617332e-05   -0.0224264476384988      -0.0227154103786      1.00102404706836 -0.000622452727564459    0.0048105329059436  0.000328675911077737  -0.00483448769264631 -0.000327549471087935
-0.000194501284791451 -7.21985863746087e-05   -0.0104495192760758    0.0375693647753323 -0.000622452727564459      1.00152682753108  -0.00459616853818676  0.000325707340362514   0.00461917818171666 -0.000326471369812094
 8.36844798733444e-05 -9.28395784356805e-05  -0.00997125608858276  -0.00578999681680402    0.0048105329059436  -0.00459616853818676      1.00014499976142 -0.000327917196444653 -0.000140344818087262  -0.00032808797576879
 2.74694510152117e-08  8.18182559249818e-09   9.7762546778149e-06 -5.41626419601164e-06  0.000328675911077737  0.000325707340362514 -0.000327917196444653     0.999999955488287 -0.000326330233699528 -1.76763459302847e-06
 -8.4100798613623e-05  9.33039895364327e-05    0.0100210729288443   0.00581865645159765  -0.00483448769264631   0.00461917818171666 -0.000140344818087262 -0.000326330233699528      1.00014615347247 -0.000326478111887625
-1.07220416129741e-08 -2.66446909027782e-08 -1.17748894325651e-05  4.25008465837283e-06 -0.000327549471087935 -0.000326471369812094  -0.00032808797576879 -1.76763459302847e-06 -0.000326478111887625     0.999999815819002
TOTAL ENERGY: -127.163092123026	 lambda: 0.2	 population of target: 6.99998070224964
1RDM: 
     1.99999992733608 -7.45960759798178e-10  2.79514859273252e-06  1.15782909543073e-05  0.000135925854563087 -0.000194714600512847  8.35326695757959e-05  2.21048516142976e-08 -8.39482286107792e-05  -5.3908731733495e-09
-7.45960759798178e-10      1.99999997641817 -2.27845655124942e-06  2.05785409513614e-06  1.88555013538821e-05 -7.20277722999899e-05 -9.28198833943885e-05  3.28267469252627e-09  9.32841933219913e-05 -2.17435313092544e-08
 2.79514859273252e-06 -2.27845655124942e-06      1.99917413240272 -0.000240335969625737   -0.0224438042176156   -0.0104319541524617    -0.010037705272357  6.72361133408791e-06     0.010087853151056 -8.73702016939502e-06
 1.15782909543073e-05  2.05785409513614e-06 -0.000240335969625737      1.99798335677651   -0.0227260632320218    0.0375801158598638  -0.00577793772774848 -4.05660843140477e-06   0.00580653727734107  2.89348252494579e-06
 0.000135925854563087  1.88555013538821e-05   -0.0224438042176156   -0.0227260632320218      1.00103195884324  -0.00063008029532611   0.00354268995320363   0.00023578260990142  -0.00356033056397605 -0.000234956344081746
-0.000194714600512847 -7.20277722999899e-05   -0.0104319541524617    0.0375801158598638  -0.00063008029532611      1.00153400651357  -0.00331811051999188   0.00023364152212285    0.0033347191893632 -0.000234193587160906
 8.35326695757959e-05 -9.28198833943885e-05    -0.010037705272357  -0.00577793772774848   0.00354268995320363  -0.00331811051999188      1.00013735388327 -0.000235225610355172 -0.000133637083790975 -0.000235348034673336
 2.21048516142976e-08  3.28267469252627e-09  6.72361133408791e-06 -4.05660843140477e-06   0.00023578260990142   0.00023364152212285 -0.000235225610355172      1.00000043661891 -0.000234093745928761 -1.33824334485732e-06
-8.39482286107792e-05  9.32841933219913e-05     0.010087853151056   0.00580653727734107  -0.00356033056397605    0.0033347191893632 -0.000133637083790975 -0.000234093745928761      1.00013850972408 -0.000234199920553725
 -5.3908731733495e-09 -2.17435313092544e-08 -8.73702016939502e-06  2.89348252494579e-06 -0.000234956344081746 -0.000234193587160906 -0.000235348034673336 -1.33824334485732e-06 -0.000234199920553725      1.00000034148348
TOTAL ENERGY: -127.16308985747	 lambda: 0.3	 population of target: 6.99999002578146
1RDM: 
       1.999999927445 -7.43645097847817e-10  2.79652312083662e-06  1.15652722783447e-05    0.0001360204399873 -0.000194810010676009  8.33869364544206e-05  1.95910042195443e-08 -8.38017667652006e-05  -2.9068279844155e-09
-7.43645097847817e-10      1.99999997641834  -2.2884722060915e-06  2.06224200590378e-06  1.88201265012094e-05 -7.19917849368661e-05 -9.27463196724729e-05  9.99775146277809e-10  9.32102612052794e-05 -1.94471745135188e-08
 2.79652312083662e-06  -2.2884722060915e-06      1.99917248696181 -0.000239747248108881   -0.0224470322244628   -0.0104286439514547   -0.0100756032202856  5.29651623069089e-06    0.0101259400682048 -7.31824323122987e-06
 1.15652722783447e-05  2.06224200590378e-06 -0.000239747248108881      1.99798497584671   -0.0227280060133506    0.0375820754734588   -0.0057604022670455  -3.4201070874965e-06   0.00578891431770215  2.26074865731764e-06
   0.0001360204399873  1.88201265012094e-05   -0.0224470322244628   -0.0227280060133506      1.00103381345891  -0.00063189099148923    0.0029525471647673  0.000192376998079587  -0.00296724903880863 -0.000191690501485602
-0.000194810010676009 -7.19917849368661e-05   -0.0104286439514547    0.0375820754734588  -0.00063189099148923      1.00153572993515  -0.00272280733666851  0.000190622116549825   0.00273643423937228 -0.000191075551949117
 8.33869364544206e-05 -9.27463196724729e-05   -0.0100756032202856   -0.0057604022670455    0.0029525471647673  -0.00272280733666851       1.0001353342706 -0.000191913809344943 -0.000132079194021246 -0.000192013772610979
 1.95910042195443e-08  9.99775146277809e-10  5.29651623069089e-06  -3.4201070874965e-06  0.000192376998079587  0.000190622116549825 -0.000191913809344943      1.00000066345974 -0.000190995050127777 -1.12157129952275e-06
-8.38017667652006e-05  9.32102612052794e-05    0.0101259400682048   0.00578891431770215  -0.00296724903880863   0.00273643423937228 -0.000132079194021246 -0.000190995050127777      1.00013650646118 -0.000191081595979022
 -2.9068279844155e-09 -1.94471745135188e-08 -7.31824323122987e-06  2.26074865731764e-06 -0.000191690501485602 -0.000191075551949117 -0.000192013772610979 -1.12157129952275e-06 -0.000191081595979022       1.0000005857426
TOTAL ENERGY: -127.163088311973	 lambda: 0.4	 population of target: 6.99999450599336
1RDM: 
     1.99999992751982   -7.746700265488e-10  2.79517116952008e-06  1.15552474998763e-05  0.000136066805826983 -0.000194856768698515  8.32522479811168e-05  1.82377667629703e-08 -8.36664050022866e-05 -1.57589164218533e-09
  -7.746700265488e-10      1.99999997641759 -2.29427262955346e-06  2.06931050111304e-06  1.88444920228796e-05 -7.20160047505682e-05 -9.26641824521724e-05 -2.25427662464487e-10  9.31277134093365e-05 -1.82133391617616e-08
 2.79517116952008e-06 -2.29427262955346e-06      1.99917149892753 -0.000238964460641737   -0.0224438591866837   -0.0104317927490192   -0.0101011685224837  4.52931452518699e-06    0.0101516329797441 -6.55709278978089e-06
 1.15552474998763e-05  2.06931050111304e-06 -0.000238964460641737      1.99798639109771   -0.0227260719426073    0.0375801246279638  -0.00574203505978743 -3.07751828565043e-06    0.0057704554939956  1.92170383542592e-06
 0.000136066805826983  1.88444920228796e-05   -0.0224438591866837   -0.0227260719426073      1.00103420620155  -0.00063237183489785   0.00263640402047063  0.000169066432369605  -0.00264953162103733 -0.000168454778436707
-0.000194856768698515 -7.20160047505682e-05   -0.0104317927490192    0.0375801246279638  -0.00063237183489785      1.00153628214975  -0.00240359364547515  0.000167518778373531   0.00241562165574492 -0.000167919391332853
 8.32522479811168e-05 -9.26641824521724e-05   -0.0101011685224837  -0.00574203505978743   0.00263640402047063  -0.00240359364547515      1.00013451587734 -0.000168653535141591 -0.000131512669556755 -0.000168741432974264
 1.82377667629703e-08 -2.25427662464487e-10  4.52931452518699e-06 -3.07751828565043e-06  0.000169066432369605  0.000167518778373531 -0.000168653535141591      1.00000078515845 -0.000167849279393002 -1.00251005558662e-06
-8.36664050022866e-05  9.31277134093365e-05    0.0101516329797441    0.0057704554939956  -0.00264953162103733   0.00241562165574492 -0.000131512669556755 -0.000167849279393002      1.00013569943523 -0.000167925287783841
-1.57589164218533e-09 -1.82133391617616e-08 -6.55709278978089e-06  1.92170383542592e-06 -0.000168454778436707 -0.000167919391332853 -0.000168741432974264 -1.00251005558662e-06 -0.000167925287783841      1.00000071721504
TOTAL ENERGY: -127.163087114627	 lambda: 0.5	 population of target: 6.99999718708631
1RDM: 
     1.99999992757621 -8.20780632138861e-10  2.79223724445609e-06  1.15466345052402e-05  0.000136086310595161 -0.000194876429959706  8.31264106404129e-05  1.74927069880428e-08 -8.35399397217671e-05  -8.6646904998715e-10
-8.20780632138861e-10      1.99999997641714 -2.29781033484311e-06  2.07758799744434e-06  1.89061128664119e-05 -7.20777614330415e-05 -9.25856458901158e-05 -8.76924826712918e-10  9.30487845793001e-05 -1.75321485483479e-08
 2.79223724445609e-06 -2.29781033484311e-06      1.99917089108603 -0.000238053054442283   -0.0224366392105211    -0.010439023610158   -0.0101199039078066  4.11376385780988e-06    0.0101704619000448 -6.14435304764691e-06
 1.15466345052402e-05  2.07758799744434e-06 -0.000238053054442283      1.99798775187439   -0.0227217042609615    0.0375757202850848  -0.00572372817858043 -2.89063657991512e-06   0.00575205728819235  1.73915631796613e-06
 0.000136086310595161  1.89061128664119e-05   -0.0224366392105211   -0.0227217042609615      1.00103414103557 -0.000632486715143027   0.00246554515346945  0.000156432817610816  -0.00247782196002656 -0.000155861609031034
-0.000194876429959706 -7.20777614330415e-05    -0.010439023610158    0.0375757202850848 -0.000632486715143027      1.00153656666844  -0.00223078934175802  0.000154997367664954   0.00224195178958134 -0.000155369450341709
 8.31264106404129e-05 -9.25856458901158e-05   -0.0101199039078066  -0.00572372817858043   0.00246554515346945  -0.00223078934175802      1.00013395844741 -0.000156047107057082 -0.000131089982314294 -0.000156128433754963
 1.74927069880428e-08 -8.76924826712918e-10  4.11376385780988e-06 -2.89063657991512e-06  0.000156432817610816  0.000154997367664954 -0.000156047107057082      1.00000085129172 -0.000155304835737209 -9.39269551666539e-07
-8.35399397217671e-05  9.30487845793001e-05    0.0101704619000448   0.00575205728819235  -0.00247782196002656   0.00224195178958134 -0.000131089982314294 -0.000155304835737209      1.00013514726079 -0.000155375164265253
 -8.6646904998715e-10 -1.75321485483479e-08 -6.14435304764691e-06  1.73915631796613e-06 -0.000155861609031034 -0.000155369450341709 -0.000156128433754963 -9.39269551666539e-07 -0.000155375164265253      1.00000078834234
TOTAL ENERGY: -127.163086041752	 lambda: 0.6	 population of target: 6.99999914402834
1RDM: 
     1.99999992762075 -8.76220857457246e-10   2.7880825415355e-06  1.15386864944971e-05  0.000136086737231504 -0.000194876820323846  8.30055572116183e-05  1.71593495146982e-08 -8.34184821921928e-05 -5.48812561639996e-10
-8.76220857457246e-10      1.99999997641588 -2.29995322842913e-06  2.08673668987627e-06   1.8997649545826e-05 -7.21696876509622e-05 -9.25146898644894e-05  -1.1738008323756e-09  9.29774759621628e-05 -1.72330639685457e-08
  2.7880825415355e-06 -2.29995322842913e-06      1.99917054499397 -0.000237018518191852   -0.0224261291849575   -0.0104495745453382   -0.0101342351134495  3.92657047345329e-06     0.010184864786121 -5.96101965316558e-06
 1.15386864944971e-05  2.08673668987627e-06 -0.000237018518191852      1.99798913605884   -0.0227153590698002    0.0375693209578673  -0.00570535921217984 -2.80637893428009e-06   0.00573359662416842  1.65811507178536e-06
 0.000136086737231504   1.8997649545826e-05   -0.0224261291849575   -0.0227153590698002       1.0010339443891 -0.000632549323523218   0.00238967192959856  0.000150781387046367  -0.00240157092363419 -0.000150228134397589
-0.000194876820323846 -7.21696876509622e-05   -0.0104495745453382    0.0375693209578673 -0.000632549323523218      1.00153687790852  -0.00215370268949325  0.000149396045933211   0.00216447901661208 -0.000149755398630723
 8.30055572116183e-05 -9.25146898644894e-05   -0.0101342351134495  -0.00570535921217984   0.00238967192959856  -0.00215370268949325      1.00013335204018 -0.000150407786129712 -0.000130538133846112 -0.000150486186917322
 1.71593495146982e-08  -1.1738008323756e-09  3.92657047345329e-06 -2.80637893428009e-06  0.000150781387046367  0.000149396045933211 -0.000150407786129712      1.00000088051079 -0.000149693203156849 -9.14858594414073e-07
-8.34184821921928e-05  9.29774759621628e-05     0.010184864786121   0.00573359662416842  -0.00240157092363419   0.00216447901661208 -0.000130538133846112 -0.000149693203156849      1.00013453952801 -0.000149760979631706
-5.48812561639996e-10 -1.72330639685457e-08 -5.96101965316558e-06  1.65811507178536e-06 -0.000150228134397589 -0.000149755398630723 -0.000150486186917322 -9.14858594414073e-07 -0.000149760979631706      1.00000082053396
TOTAL ENERGY: -127.163084898994	 lambda: 0.7	 population of target: 7.00000090210654
1RDM: 
     1.99999992765652 -9.39564339901012e-10  2.78275397069522e-06  1.15309279093554e-05  0.000136070042293985 -0.000194859975361408  8.28847013233362e-05   1.7141797488046e-08 -8.32970234032909e-05 -5.60565902483295e-10
-9.39564339901012e-10      1.99999997641277  -2.3011133627479e-06  2.09680493578251e-06  1.91185124148903e-05 -7.22910942774376e-05 -9.24528968380867e-05 -1.16678360850282e-09  9.29153764203108e-05  -1.7220977248663e-08
 2.78275397069522e-06  -2.3011133627479e-06      1.99917040827186 -0.000235840496248167   -0.0224123675702263   -0.0104633985245658   -0.0101453750446646   3.9240501431387e-06    0.0101960605304784 -5.96025442652826e-06
 1.15309279093554e-05  2.09680493578251e-06 -0.000235840496248167      1.99799060424807   -0.0227070510111398    0.0375609451176151  -0.00568633685711139 -2.80359237334732e-06   0.00571447941254422  1.65940318536179e-06
 0.000136070042293985  1.91185124148903e-05   -0.0224123675702263   -0.0227070510111398       1.0010337807897 -0.000632726000887929   0.00239014542724753  0.000150730740031807  -0.00240204679539734 -0.000150177464093601
-0.000194859975361408 -7.22910942774376e-05   -0.0104633985245658    0.0375609451176151 -0.000632726000887929      1.00153737998815  -0.00215353080927375  0.000149345720666764    0.0021643062626551 -0.000149705028653146
 8.28847013233362e-05 -9.24528968380867e-05   -0.0101453750446646  -0.00568633685711139   0.00239014542724753  -0.00215353080927375      1.00013252099423 -0.000150357223893964 -0.000129694461992934 -0.000150435597215188
  1.7141797488046e-08 -1.16678360850282e-09   3.9240501431387e-06 -2.80359237334732e-06  0.000150730740031807  0.000149345720666764 -0.000150357223893964      1.00000088152362 -0.000149642719817609 -9.23557502268802e-07
-8.32970234032909e-05  9.29153764203108e-05    0.0101960605304784   0.00571447941254422  -0.00240204679539734    0.0021643062626551 -0.000129694461992934 -0.000149642719817609      1.00013370004847 -0.000149710469985677
-5.60565902483295e-10  -1.7220977248663e-08 -5.96025442652826e-06  1.65940318536179e-06 -0.000150177464093601 -0.000149705028653146 -0.000150435597215188 -9.23557502268802e-07 -0.000149710469985677      1.00000082006664
TOTAL ENERGY: -127.163083426465	 lambda: 0.8	 population of target: 7.00000286086476
1RDM: 
     1.99999992768436 -1.01143802050442e-09  2.77611099624508e-06  1.15229631183689e-05  0.000136034370002404 -0.000194823983813769  8.27571221622648e-05  1.74491909600252e-08 -8.31688071244409e-05 -8.89438839368775e-10
-1.01143802050442e-09      1.99999997640685 -2.30147816535318e-06  2.10805836653222e-06  1.92727577302008e-05 -7.24461137776025e-05 -9.24016077816735e-05 -8.72386976061741e-10  9.28638329225427e-05 -1.75098986334184e-08
 2.77611099624508e-06 -2.30147816535318e-06      1.99917046416376 -0.000234477723112732   -0.0223948845400052   -0.0104809718608375   -0.0101539339442749  4.10425294048011e-06    0.0102046624262659 -6.14239759487661e-06
 1.15229631183689e-05  2.10805836653222e-06 -0.000234477723112732      1.99799222070904   -0.0226964835362971    0.0375502913599103  -0.00566562250965731 -2.88241648495564e-06   0.00569366170680943  1.74213682689802e-06
 0.000136034370002404  1.92727577302008e-05   -0.0223948845400052   -0.0226964835362971      1.00103380712324   -0.0006331877969222   0.00246698738688728  0.000156256645120807  -0.00247927140490565  -0.00015568524517228
-0.000194823983813769 -7.24461137776025e-05   -0.0104809718608375    0.0375502913599103   -0.0006331877969222      1.00153825439443  -0.00223026003424047  0.000154822207501324   0.00224141979846139 -0.000155194240380591
 8.27571221622648e-05 -9.24016077816735e-05   -0.0101539339442749  -0.00566562250965731   0.00246698738688728  -0.00223026003424047      1.00013127314402 -0.000155871123101434 -0.000128364134894058 -0.000155952367193241
 1.74491909600252e-08 -8.72386976061741e-10  4.10425294048011e-06 -2.88241648495564e-06  0.000156256645120807  0.000154822207501324 -0.000155871123101434       1.0000008525163 -0.000155129205613858 -9.67262813131883e-07
-8.31688071244409e-05  9.28638329225427e-05    0.0102046624262659   0.00569366170680943  -0.00247927140490565   0.00224141979846139 -0.000128364134894058 -0.000155129205613858      1.00013243484232 -0.000155199443818805
-8.89438839368775e-10 -1.75098986334184e-08 -6.14239759487661e-06  1.74213682689802e-06  -0.00015568524517228 -0.000155194240380591 -0.000155952367193241 -9.67262813131883e-07 -0.000155199443818805      1.00000078901568
TOTAL ENERGY: -127.163081135231	 lambda: 0.9	 population of target: 7.00000554565835
1RDM: 
     1.99999992770266 -1.09398911484165e-09  2.76782232458343e-06   1.1514359871632e-05   0.00013597321940121 -0.000194762301292041   8.2612210765028e-05  1.81479160130655e-08 -8.30231728709836e-05 -1.62024658188081e-09
-1.09398911484165e-09      1.99999997639714 -2.30107897293158e-06  2.12099474365623e-06  1.94701094223547e-05 -7.26445216875088e-05 -9.23630409263378e-05 -2.10844950149423e-10  9.28250756552165e-05 -1.81588768163018e-08
 2.76782232458343e-06 -2.30107897293158e-06      1.99917072550575 -0.000232859480795524   -0.0223725875173973    -0.010503393337346   -0.0101600982234191   4.5109787649852e-06    0.0102108578514756 -6.54982600404629e-06
  1.1514359871632e-05  2.12099474365623e-06 -0.000232859480795524      1.99799407264234   -0.0226829657226239    0.0375366635884548  -0.00564140972412114 -3.06146338111759e-06   0.00566932815272643  1.92613125738183e-06
  0.00013597321940121  1.94701094223547e-05   -0.0223725875173973   -0.0226829657226239      1.00103428516259 -0.000634227446201946    0.0026388724334188  0.000168673752031878  -0.00265201241955188 -0.000168061799120374
-0.000194762301292041 -7.26445216875088e-05    -0.010503393337346    0.0375366635884548 -0.000634227446201946      1.00153981812731  -0.00240264776321114  0.000167128353323763   0.00241467092613783 -0.000167528983378892
  8.2612210765028e-05 -9.23630409263378e-05   -0.0101600982234191  -0.00564140972412114    0.0026388724334188  -0.00240264776321114      1.00012927846684  -0.00016826126661308 -0.000126197041356281 -0.000168348965500954
 1.81479160130655e-08 -2.10844950149423e-10   4.5109787649852e-06 -3.06146338111759e-06  0.000168673752031878  0.000167128353323763  -0.00016826126661308      1.00000078736748 -0.000167457899544408 -1.05664688798879e-06
-8.30231728709836e-05  9.28250756552165e-05    0.0102108578514756   0.00566932815272643  -0.00265201241955188   0.00241467092613783 -0.000126197041356281 -0.000167457899544408      1.00013040939327 -0.000167533724251606
-1.62024658188081e-09 -1.81588768163018e-08 -6.54982600404629e-06  1.92613125738183e-06 -0.000168061799120374 -0.000167528983378892 -0.000168348965500954 -1.05664688798879e-06 -0.000167533724251606      1.00000071923464
TOTAL ENERGY: -127.163076851865	 lambda: 1	 population of target: 7.00001003070119
1RDM: 
     1.99999992770431 -1.19099786749358e-09  2.75728490112293e-06  1.15045325172608e-05  0.000135871528625468 -0.000194659786405064  8.24302140433698e-05  1.94469241041386e-08 -8.28402677786024e-05 -2.95275025941393e-09
-1.19099786749358e-09      1.99999997638201 -2.29979601410175e-06   2.1365158810463e-06  1.97305573395452e-05 -7.29063917926429e-05  -9.2342101785615e-05  9.96024364436457e-10  9.28040348525697e-05 -1.93637594363967e-08
 2.75728490112293e-06 -2.29979601410175e-06      1.99917124337003 -0.000230858338760653   -0.0223432436011228   -0.0105329074128256   -0.0101635754300354  5.25999157362442e-06    0.0102143529168594 -7.29936113932394e-06
 1.15045325172608e-05   2.1365158810463e-06 -0.000230858338760653      1.99799630304316    -0.022665086368365    0.0375186412170066  -0.00561019518665033 -3.39261250277547e-06   0.00563795782705002  2.26324469967206e-06
 0.000135871528625468  1.97305573395452e-05   -0.0223432436011228    -0.022665086368365      1.00103581036065 -0.000636504507649335   0.00295608662315202  0.000191529240480912  -0.00297080627868007 -0.000190842427660054
-0.000194659786405064 -7.29063917926429e-05   -0.0105329074128256    0.0375186412170066 -0.000636504507649335      1.00154278015448  -0.00272124912310326  0.000189779348467299   0.00273486799488109 -0.000190232905600379
 8.24302140433698e-05  -9.2342101785615e-05   -0.0101635754300354  -0.00561019518665033   0.00295608662315202  -0.00272124912310326      1.00012581219332 -0.000191067004475782 -0.000122416840201084 -0.000191166561474899
 1.94469241041386e-08  9.96024364436457e-10  5.25999157362442e-06 -3.39261250277547e-06  0.000191529240480912  0.000189779348467299 -0.000191067004475782      1.00000066785228 -0.000190150561773578 -1.21869571344559e-06
-8.28402677786024e-05  9.28040348525697e-05    0.0102143529168594   0.00563795782705002  -0.00297080627868007   0.00273486799488109 -0.000122416840201084 -0.000190150561773578      1.00012688846934 -0.000190236690179968
-2.95275025941393e-09 -1.93637594363967e-08 -7.29936113932394e-06  2.26324469967206e-06 -0.000190842427660054 -0.000190232905600379 -0.000191166561474899 -1.21869571344559e-06 -0.000190236690179968      1.00000059047046
-------------------general-----------------------
mullikenoperator: 
 0.000421992247948835    0.0197917856617372   0.00265154939555425  -0.00480142574865981  -0.00011403283604035 -4.46894243165824e-05 -1.92831827479924e-06 -5.03377305492282e-09  1.93751929086542e-06  4.54701764662012e-09
   0.0197917856617372     0.999551219137162  -0.00654896369286367  -0.00373105584486721  0.000210049884168607 -0.000104245428111518  5.27820377849296e-07 -4.13452907235527e-09 -5.29623594509159e-07  4.39124235458217e-09
  0.00265154939555425  -0.00654896369286367     0.257921688159301    -0.436577894893597    0.0103104624929213   -0.0253285424436049 -0.000229733433687768 -2.72095548120655e-06  0.000230930050112775  2.67734113552091e-06
 -0.00480142574865981  -0.00373105584486719    -0.436577894893597     0.742532278098212    0.0231618222265645   0.00206021356930172  0.000293707208765869  1.25438464527473e-06 -0.000295087907235932 -1.17624942130027e-06
 -0.00011403283604035  0.000210049884168608    0.0103104624929213    0.0231618222265645     0.496264156488993    -0.499340068416686  -0.00117246575936978 -8.25324319720734e-05   0.00117663337824384  8.25524138685002e-05
-4.46894243165824e-05 -0.000104245428111518   -0.0253285424436049   0.00206021356930171    -0.499340068416686     0.503302930042677   0.00118996784600498 -8.20868501781899e-05   -0.0011975818832576  8.19796026866016e-05
-1.92831827479926e-06  5.27820377849327e-07 -0.000229733433687767   0.00029370720876587  -0.00117246575936978   0.00118996784600498     0.502489294968598   0.00145216093692123     0.499986716885594   0.00145289846941834
-5.03377305492408e-09 -4.13452907235744e-09 -2.72095548120665e-06  1.25438464527546e-06  -8.2532431972064e-05 -8.20868501781991e-05   0.00145216093692119     0.500246307212146   0.00144497923246799    -0.499995729453712
  1.9375192908654e-06 -5.29623594509166e-07  0.000230930050112776 -0.000295087907235932   0.00117663337824384   -0.0011975818832576     0.499986716885594   0.00144497923246802     0.497508070348704   0.00144564535647128
 4.54701764661237e-09  4.39124235458149e-09  2.67734113552098e-06 -1.17624942129942e-06  8.25524138685094e-05  8.19796026865921e-05   0.00145289846941837    -0.499995729453712   0.00144564535647132     0.499762063296268
selected BF: 
0 1 2 3 4
selected lambdas: 
  -1 -0.9 -0.8 -0.7 -0.6 -0.5 -0.4 -0.3 -0.2 -0.1    0  0.1  0.2  0.3  0.4  0.5  0.6  0.7  0.8  0.9    1
RHF C: 
 4.27472084223416e-07     0.995388332930352    -0.260143885444375 -0.000291859099893793  0.000273178330386646  0.000173090796116962 -1.41616430098644e-10  2.05442690356068e-10  6.41748800939502e-10  3.20536481955934e-11
 -2.5322299375403e-06    0.0189027707226186       1.0286460761801    0.0011553420657812  -0.00109319420594579  -0.00068777357032203  5.66814889501913e-10 -8.07185520687706e-10 -2.52211264063012e-09 -1.27944059199857e-10
 8.55530078496499e-12  -1.5562318642247e-11 -1.57466421844322e-09 -7.03436906152363e-09 -3.68331834951258e-06  1.37331681229775e-07     0.002857853278718    -0.203134651159176     0.979146641970388  3.76187196079094e-05
 -3.7207919318579e-12  7.22998250213769e-12   3.7329279011562e-10  3.03649905993814e-09  1.58336865095921e-06 -5.95763168921071e-08 -0.000592890199464628    -0.979150795812184    -0.203133789400171  0.000181329966620052
-5.71120325727582e-06 -3.28647321288051e-06  -0.00106212737925005  -0.00188815353393807    -0.999994298337509  -0.00269255833577881 -9.24393855230211e-09 -8.02063600759467e-07 -3.92774978289943e-06 -2.80273468996835e-10
    0.995027800527958  7.49548863270666e-07 -0.000257122248555792     0.263164599780557 -0.000594083288229302   0.00423783200279917 -3.86174895688362e-10 -2.00966592167449e-10 -9.88250384624057e-10  4.06181874441244e-10
   0.0201928482209323 -2.30271485626204e-06   0.00100363680164438     -1.02891119237009   0.00232818295161955   -0.0167933773537505  1.53055839609285e-09  7.89493065723255e-10  3.88238775573985e-09 -1.58294044310033e-09
-2.00497346120895e-11  1.24134321036882e-12  2.16562247803248e-10  6.11251546387964e-09 -7.49240692407226e-10 -4.44064628263372e-07    -0.979146760550319 -2.91513519116136e-05   0.00281703841492222    -0.203134651120754
 1.87092008290639e-11 -3.72242690803304e-13 -1.59812850597058e-11 -3.45299577384219e-09 -5.62755208996188e-11  3.22241458583125e-07      0.20313381251189 -0.000140514931118201 -0.000584422863371086    -0.979150802817072
-5.73994106411315e-05  4.49445555186245e-06 -0.000394795045450967     0.016322584715262   0.00200617082248072    -0.999864942513772  5.00747213761783e-07  3.20259690420219e-08  1.53092182081046e-07 -2.25327586227884e-07
RDM (no constraint): 
     1.99999999606335  2.85260879138505e-10    7.056274009235e-08   1.0461953937591e-06 -2.04709438674416e-07 -5.88011626723574e-05  6.08993682518273e-12  -2.9920136536919e-13 -1.39228122236785e-12  9.08311995487321e-13
 2.85260879138505e-10      1.99999999597478 -1.78840989538826e-06 -9.12326017382145e-08 -4.95076526834778e-05 -4.20036097683352e-06  1.56200593676842e-12 -3.56650478733431e-11 -1.77167589820379e-10  3.33526467313743e-14
   7.056274009235e-08 -1.78840989538826e-06      1.99887109397605 -6.81441739349564e-05   -0.0333288574834655  -3.3673984013351e-05 -2.29977741281281e-11 -2.66889257070415e-08 -1.29300079149327e-07 -3.91911113358927e-11
  1.0461953937591e-06 -9.12326017382145e-08 -6.81441739349564e-05      1.99971106973057  -0.00159404080982764     0.016589688129281 -1.61332936344536e-09 -2.36155175347112e-10 -1.17584633272581e-09  1.60221456805915e-09
-2.04709438674416e-07 -4.95076526834778e-05   -0.0333288574834655  -0.00159404080982764      1.00101195485754   -0.0172023458729424  1.33066067595031e-08  1.32970767489946e-09   6.3869780761568e-09 -4.72902383046246e-09
-5.88011626723574e-05 -4.20036097683352e-06  -3.3673984013351e-05     0.016589688129281   -0.0172023458729424      1.00039913830953 -4.51729276509341e-10 -1.41059115639469e-08 -6.82399691950303e-08   9.5812591222199e-11
 6.08993682518273e-12  1.56200593676842e-12 -2.29977741281281e-11 -1.61332936344536e-09  1.33066067595031e-08 -4.51729276509341e-10     0.999995488165432  1.84967347237496e-12  -0.00124433768853674  -1.4194281497315e-13
 -2.9920136536919e-13 -3.56650478733431e-11 -2.66889257070415e-08 -2.36155175347112e-10  1.32970767489946e-09 -1.41059115639469e-08  1.84967347237496e-12      1.00000108447883 -1.44466933188268e-13   0.00124435253922273
-1.39228122236785e-12 -1.77167589820379e-10 -1.29300079149327e-07 -1.17584633272581e-09   6.3869780761568e-09 -6.82399691950303e-08  -0.00124433768853674 -1.44466933188268e-13      1.00000788737866  1.73619046776174e-12
 9.08311995487321e-13  3.33526467313743e-14 -3.91911113358927e-11  1.60221456805915e-09 -4.72902383046246e-09   9.5812591222199e-11  -1.4194281497315e-13   0.00124435253922273  1.73619046776174e-12      1.00000229106524
RDM Eigenvectors: 
    0.999782252627824   -0.0197860691626692  -0.00551726336433282  -0.00367629442297856 -4.23067602804461e-05 -9.54832790288021e-12 -8.31712829025201e-12  1.10090184816446e-11  2.24966823184225e-11   4.0889443395287e-05
  -0.0197679503054463    -0.999773936473294  -0.00182051287739769    0.0076149434044534    3.249374267988e-05 -1.20870936256417e-11 -3.53794688170249e-12  -2.2175427470382e-12 -1.20399751072514e-11  3.74617625273803e-05
 0.000508861848503222   0.00747194673895819    -0.508063113574956     0.860641047402865     0.023889755355789 -1.09942272591862e-09 -7.19763171056293e-11   -1.309269550025e-10 -1.53266315019022e-09    0.0232819846750851
  0.00666430960625376   0.00217113593272892     0.861049204962664     0.508197954663205    0.0131209674453566 -7.19991691094835e-10  3.16031250805432e-10  -2.5074507037939e-09 -9.90801556952904e-09   -0.0103835865109933
-2.77373087657068e-05   -0.0002039664129906    0.0153347373635647   -0.0296786616525789     0.704358430109859 -2.78218191804493e-06 -5.69222446289819e-07  -5.6991220909947e-07  -2.7832528841699e-06     0.709057954202537
   5.233439165218e-05  4.46562379099235e-05    0.0140438821379323   0.00891632997347637     -0.70932102667343 -2.42345561549644e-07 -1.31962094313592e-07  1.74883074858574e-07  4.49292490576978e-07     0.704689254082874
-5.00475134497549e-12 -7.10076422122024e-12  -1.2592181531825e-09 -1.09844971115497e-09  3.54706399458054e-07    -0.705343107258926 -6.99377502547116e-05  7.05138587397264e-05     0.708866060111916 -3.37479735954369e-07
 -1.5509494401823e-11  -1.6516495722024e-10  1.31804467669172e-08 -2.32544895947176e-08  5.88656707932973e-07 -7.00966520336965e-05     0.706935345430888     0.707278168414821 -7.03569241157914e-05  5.49435283019779e-07
-7.52646502168519e-11 -7.95869160912437e-10  6.38225454422728e-08 -1.12679665613649e-07  2.87502602004494e-06     0.708866060129014  7.02880050079957e-05  7.01645165510217e-05     0.705343107230941  2.68814515950327e-06
  1.1682079402968e-11  3.89786445084697e-12  1.34473229960499e-09  8.92798280542119e-10 -1.54096079091809e-07 -7.01295390889423e-05     0.707278168437621    -0.706935345408728  7.03218829176122e-05  1.52671419979163e-07
Total C: 
  -0.0182580512887624     -0.99469193870413     0.139362341484727    -0.221980297346421  -0.00399118697112105  -0.00380535321067977 -0.000122087527304158 -1.55135595905365e-08    0.0001226820663832 -1.27724297993306e-08
 -0.00605605564649462   -0.0207623485241034    -0.521507670361977     0.886328708403021    0.0149658742200107    0.0152327553737461   0.00048511287478885  6.09251086182849e-08 -0.000487478757405294  5.07574055593529e-08
 1.75721484379251e-09  1.24292024186866e-09  7.81116417237518e-07 -4.53067768729302e-07  2.14685897273608e-05  2.95260990373105e-05     0.694069201805479    -0.141721276255777      0.69062038035065     0.145693217446524
 7.31506416033768e-09  6.86429724349817e-09  4.26241110089933e-06 -1.85574787216788e-06  0.000130812370178715   0.00012639576942568    -0.144063609242086    -0.692936824528574    -0.143347803254036     0.691762683031419
 4.94630305885816e-05 -4.15394940745975e-05    -0.024975041302383   -0.0149950375252555    -0.704314655537749     0.709285230580125   0.00189603845764494 -9.73424714654407e-07  -0.00191430855196999   9.0311282736057e-07
    0.993845094202905   -0.0176659771690682     0.227113035911523      0.14014169644271   -0.0082603746388536   0.00281632064966533  -0.00298912679787446 -3.03961196538542e-07   0.00300402312561192 -2.96990560168303e-07
    0.023965441494882  -0.00823372100616747     -0.88596723925721    -0.521861268388319     0.032191458918709   -0.0108103862372317    0.0118450976707719   1.2041098725613e-06   -0.0119041298089464  1.17696070782699e-06
-8.30609831634657e-06 -7.60973334790688e-06  -0.00472937263545573    0.0021092691688909    -0.144033691327519    -0.143146674716734   0.00206576196015047    -0.692214381288338   0.00191729347319508    -0.692508352194895
 -4.0036901534151e-05 -3.66807418297453e-05   -0.0227965769644995    0.0101670953695183    -0.694274778961192    -0.689997075956095 -0.000428391009932241     0.143502591889279 -0.000400354300575681     0.143771255223868
-0.000115389152849874  0.000121720709105785    0.0142963943629947    0.0079811193993876  0.000925199494164527  -0.00128294532757711     0.705247954575266  7.04646174035502e-05    -0.708770210538134  7.04513104818961e-05
Basis set used: STO-3G
Naturals: 
   1.999999999995  1.99999999963191  1.99999346400184  1.99997981523818  1.01717538804718  1.00124604090452  1.00124604045751 0.998757335086564 0.998757334639539 0.982844581997749
Version: Tmhuysen's fci hack
