The Davidson algorithm did not converge.lambda: -1
The Davidson algorithm did not converge.lambda: -0.9
The Davidson algorithm did not converge.lambda: -0.8
The Davidson algorithm did not converge.lambda: -0.7
The Davidson algorithm did not converge.lambda: -0.6
The Davidson algorithm did not converge.lambda: -0.5
The Davidson algorithm did not converge.lambda: -0.4
The Davidson algorithm did not converge.lambda: -0.3
The Davidson algorithm did not converge.lambda: -0.2
The Davidson algorithm did not converge.lambda: -0.1
The Davidson algorithm did not converge.lambda: 0
TOTAL ENERGY: -127.162988578615	 lambda: 0.1	 population of target: 6.99998933428954
1RDM: 
     1.99999995885685 -1.48563612102301e-08   1.5441813009872e-07  7.58247970647304e-06  0.000113853664175102 -0.000166771343481266  6.51987459923201e-06  -1.1338187268501e-08 -6.53429037556134e-06  2.71204700957519e-09
-1.48563612102301e-08      1.99999998519876 -1.50576245059486e-06  2.10689743839326e-06  2.78087653107756e-05 -7.35446371671479e-05 -6.37606734289515e-05  3.64733226140109e-08  6.38979048566241e-05  4.88997717012055e-08
  1.5441813009872e-07 -1.50576245059486e-06      1.99939281544761 -5.10953252623536e-05   -0.0178014207142134   -0.0117727693522476  -0.00849568985639556  1.53892178449364e-06   0.00851385996010176  9.79587869760122e-06
 7.58247970647304e-06  2.10689743839326e-06 -5.10953252623536e-05      1.99853398389558   -0.0181832487057715    0.0323241926985745  -0.00620329916807671  6.06362396271126e-06     0.006216739370555  2.22938654719525e-06
 0.000113853664175102  2.78087653107756e-05   -0.0178014207142134   -0.0181832487057715      1.00065103654904 -0.000380536110804678   0.00241433687767138 -0.000141659118072751  -0.00241935893682053  0.000138396424659501
-0.000166771343481266 -7.35446371671479e-05   -0.0117727693522476    0.0323241926985745 -0.000380536110804678      1.00118783551617  -0.00225674803592065 -0.000138133045762915   0.00226181171093486  0.000141128277421615
 6.51987459923201e-06 -6.37606734289515e-05  -0.00849568985639556  -0.00620329916807671   0.00241433687767138  -0.00225674803592065      1.00011588161991 -0.000140070848477517 -0.000114462187515488 -0.000140114119290746
 -1.1338187268501e-08  3.64733226140109e-08  1.53892178449364e-06  6.06362396271126e-06 -0.000141659118072751 -0.000138133045762915 -0.000140070848477517       1.0000006827353 -0.000139631519051305 -3.26320539139872e-07
-6.53429037556134e-06  6.38979048566241e-05   0.00851385996010176     0.006216739370555  -0.00241935893682053   0.00226181171093486 -0.000114462187515488 -0.000139631519051305      1.00011676198968 -0.000139646823549465
 2.71204700957519e-09  4.88997717012055e-08  9.79587869760122e-06  2.22938654719525e-06  0.000138396424659501  0.000141128277421615 -0.000140114119290746 -3.26320539139872e-07 -0.000139646823549465      1.00000105819111
TOTAL ENERGY: -127.162987713598	 lambda: 0.2	 population of target: 6.9999955197729
1RDM: 
     1.99999995887106 -1.48775022107913e-08  1.50968575707738e-07  7.57806304048641e-06  0.000113832244579085 -0.000166749823276277  6.45254481992483e-06 -9.20720156246716e-09 -6.46681779284026e-06  6.70958326640751e-10
-1.48775022107913e-08      1.99999998518988 -1.51321997098954e-06  2.10510437208085e-06  2.77542170833409e-05 -7.34897362381477e-05 -6.37499356543865e-05  3.82775923386767e-08   6.3887141527738e-05  4.70836446243567e-08
 1.50968575707738e-07 -1.51321997098954e-06      1.99939151980679 -5.11722559158032e-05   -0.0178084960841867   -0.0117656368241468  -0.00852598380356373  2.73286467314933e-06   0.00854421776258143  8.64288533861852e-06
 7.57806304048641e-06  2.10510437208085e-06 -5.11722559158032e-05      1.99853486418887   -0.0181885445373117    0.0323295186634852  -0.00619772962054102  5.50133768293206e-06   0.00621115857907563  2.78415553775851e-06
 0.000113832244579085  2.77542170833409e-05   -0.0178084960841867   -0.0181885445373117      1.00065303519152 -0.000382424195464141   0.00180105940655848 -0.000101542664300553   -0.0018048109071375  9.91098569376402e-05
-0.000166749823276277 -7.34897362381477e-05   -0.0117656368241468    0.0323295186634852 -0.000382424195464141       1.0011895822691  -0.00164078987703792 -9.89534729218565e-05   0.00164447037206077  0.000101131511909698
 6.45254481992483e-06 -6.37499356543865e-05  -0.00852598380356373  -0.00619772962054102   0.00180105940655848  -0.00164078987703792      1.00011418170633 -0.000100377748659888 -0.000112877773736847 -0.000100408914592025
-9.20720156246716e-09  3.82775923386767e-08  2.73286467314933e-06  5.50133768293206e-06 -0.000101542664300553 -9.89534729218565e-05 -0.000100377748659888      1.00000082968687 -0.000100021955569662 -2.46617073009926e-07
-6.46681779284026e-06   6.3887141527738e-05   0.00854421776258143   0.00621115857907563   -0.0018048109071375   0.00164447037206077 -0.000112877773736847 -0.000100021955569662      1.00011494490061 -0.000100032756312462
 6.70958326640751e-10  4.70836446243567e-08  8.64288533861852e-06  2.78415553775851e-06  9.91098569376402e-05  0.000101131511909698 -0.000100408914592025 -2.46617073009926e-07 -0.000100032756312462      1.00000109818893
TOTAL ENERGY: -127.162987189452	 lambda: 0.3	 population of target: 6.99999767690193
1RDM: 
      1.9999999588891 -1.48961821753214e-08   1.4809049626279e-07   7.5741808583853e-06  0.000113803254121379 -0.000166720719700066  6.38777669129773e-06 -8.18696409821757e-09 -6.40191113468494e-06 -2.61358762522874e-10
-1.48961821753214e-08      1.99999998518251 -1.51712480922732e-06  2.10613894787149e-06  2.77439098974235e-05 -7.34792696489243e-05 -6.37172794820574e-05  3.91021303574763e-08  6.38544137159373e-05  4.62134760914403e-08
  1.4809049626279e-07 -1.51712480922732e-06      1.99939080341137 -5.10396582465545e-05    -0.017809738173174   -0.0117643682751643  -0.00854382319950709  3.29410035733076e-06   0.00856209494065286  8.10559030379003e-06
  7.5741808583853e-06  2.10613894787149e-06 -5.10396582465545e-05      1.99853553751639   -0.0181894705315329    0.0323304530213358  -0.00619006112903797  5.23472580086703e-06   0.00620347388636324  3.04038636879959e-06
 0.000113803254121379  2.77439098974235e-05    -0.017809738173174   -0.0181894705315329      1.00065349155354 -0.000382863820539396   0.00151494626684298 -8.27660443948647e-05  -0.00151810511705748  8.07204894914832e-05
-0.000166720719700066 -7.34792696489243e-05   -0.0117643682751643    0.0323304530213358 -0.000382863820539396      1.00118999685078  -0.00135324482154972 -8.06143014156228e-05   0.00135627952142775  8.24107943883611e-05
 6.38777669129773e-06 -6.37172794820574e-05  -0.00854382319950709  -0.00619006112903797   0.00151494626684298  -0.00135324482154972      1.00011375059815 -8.17990763942266e-05 -0.000112504408206375 -8.18245359586663e-05
-8.18696409821757e-09  3.91021303574763e-08  3.29410035733076e-06  5.23472580086703e-06 -8.27660443948647e-05 -8.06143014156228e-05 -8.17990763942266e-05      1.00000089835936 -8.14818568363784e-05 -2.06342567486163e-07
-6.40191113468494e-06  6.38544137159373e-05   0.00856209494065286   0.00620347388636324  -0.00151810511705748   0.00135627952142775 -0.000112504408206375 -8.14818568363784e-05      1.00011446049628 -8.14905906739552e-05
-2.61358762522874e-10  4.62134760914403e-08  8.10559030379003e-06  3.04038636879959e-06  8.07204894914832e-05  8.24107943883611e-05 -8.18245359586663e-05 -2.06342567486163e-07 -8.14905906739552e-05      1.00000111714253
TOTAL ENERGY: -127.162986832708	 lambda: 0.4	 population of target: 6.99999871114754
1RDM: 
     1.99999995891029 -1.49122062867178e-08  1.45477555134179e-07  7.57032596688869e-06  0.000113769180042382 -0.000166686523531915  6.32809182346667e-06 -7.62096160778822e-09 -6.34209811519849e-06 -7.48125327190528e-10
-1.49122062867178e-08      1.99999998517777 -1.51951054881168e-06  2.10802861540784e-06   2.7753397511776e-05 -7.34886914103508e-05 -6.36815095172415e-05  3.95363918584478e-08  6.38185659153255e-05  4.57338802939442e-08
 1.45477555134179e-07 -1.51951054881168e-06      1.99939034517831   -5.082127090435e-05   -0.0178083504180828   -0.0117657439081942  -0.00855618704084558  3.59871532482126e-06   0.00857448506526948  7.81787106636191e-06
 7.57032596688869e-06  2.10802861540784e-06   -5.082127090435e-05      1.99853614354484    -0.018188442587231    0.0323294239751383  -0.00618215812868378  5.08854685394493e-06   0.00619555401212231  3.17611554950647e-06
 0.000113769180042382   2.7753397511776e-05   -0.0178083504180828    -0.018188442587231      1.00065354768871 -0.000382949351660535    0.0013610009725852  -7.2642098918965e-05  -0.00136384087769885  7.08048524735664e-05
-0.000166686523531915 -7.34886914103508e-05   -0.0117657439081942    0.0323294239751383 -0.000382949351660535      1.00119010848286  -0.00119839374980374 -7.07258216019026e-05   0.00120108074756721   7.2316897924037e-05
 6.32809182346667e-06 -6.36815095172415e-05  -0.00855618704084558  -0.00618215812868378    0.0013610009725852  -0.00119839374980374      1.00011358337868 -7.17815934478101e-05 -0.000112368989130548 -7.18039884565509e-05
-7.62096160778822e-09  3.95363918584478e-08  3.59871532482126e-06  5.08854685394493e-06  -7.2642098918965e-05 -7.07258216019026e-05 -7.17815934478101e-05      1.00000093543491 -7.14850937405915e-05 -1.84103627455877e-07
-6.34209811519849e-06  6.38185659153255e-05   0.00857448506526948   0.00619555401212231  -0.00136384087769885   0.00120108074756721 -0.000112368989130548 -7.14850937405915e-05      1.00011426485739 -7.14927006879449e-05
-7.48125327190528e-10  4.57338802939442e-08  7.81787106636191e-06  3.17611554950647e-06  7.08048524735664e-05   7.2316897924037e-05 -7.18039884565509e-05 -1.84103627455877e-07 -7.14927006879449e-05      1.00000112734628
TOTAL ENERGY: -127.162986557796	 lambda: 0.5	 population of target: 6.9999993268137
1RDM: 
     1.99999995893447 -1.49264357565534e-08  1.42963845377575e-07  7.56631105991168e-06  0.000113730404535409 -0.000166647620929907  6.27268764210493e-06 -7.29573326514165e-09 -6.28657462791957e-06 -9.98971213862738e-10
-1.49264357565534e-08      1.99999998517423 -1.52111432534876e-06  2.11029744438712e-06  2.77752669686993e-05 -7.35105396657453e-05 -6.36476607264245e-05  3.97633276222872e-08  6.37846439758984e-05  4.54604782233399e-08
 1.42963845377575e-07 -1.52111432534876e-06      1.99939003388888 -5.05475946543748e-05   -0.0178053054317009   -0.0117687841683957  -0.00856548092683312  3.76699669836533e-06   0.00858379880796224  7.66191069401874e-06
 7.56631105991168e-06  2.11029744438712e-06 -5.05475946543748e-05      1.99853673184999   -0.0181861881149208    0.0323271635744542   -0.0061743703806662  5.00612947002124e-06   0.00618774951534238  3.24799231143519e-06
 0.000113730404535409  2.77752669686993e-05   -0.0178053054317009   -0.0181861881149208      1.00065345918403 -0.000382920585716872    0.0012769247068677 -6.71005571029508e-05  -0.00127959044981567  6.53770739803615e-05
-0.000166647620929907 -7.35105396657453e-05   -0.0117687841683957    0.0323271635744542 -0.000382920585716872      1.00119013735371  -0.00111369852338926 -6.53129872889534e-05   0.00111619532883792  6.67917248260988e-05
 6.27268764210493e-06 -6.36476607264245e-05  -0.00856548092683312   -0.0061743703806662    0.0012769247068677  -0.00111369852338926      1.00011346955637 -6.62981887985967e-05 -0.000112272324082433 -6.63189070216938e-05
-7.29573326514165e-09  3.97633276222872e-08  3.76699669836533e-06  5.00612947002124e-06 -6.71005571029508e-05 -6.53129872889534e-05 -6.62981887985967e-05      1.00000095560962 -6.60130653905277e-05 -1.72130339042064e-07
-6.28657462791957e-06  6.37846439758984e-05   0.00858379880796224   0.00618774951534238  -0.00127959044981567   0.00111619532883792 -0.000112272324082433 -6.60130653905277e-05      1.00011413538821 -6.60200551074017e-05
-9.98971213862738e-10  4.54604782233399e-08  7.66191069401874e-06  3.24799231143519e-06  6.53770739803615e-05  6.67917248260988e-05 -6.63189070216938e-05 -1.72130339042064e-07 -6.60200551074017e-05      1.00000113306052
TOTAL ENERGY: -127.162986313914	 lambda: 0.6	 population of target: 6.99999977174405
1RDM: 
     1.99999995896187 -1.49395623274036e-08  1.40439942580832e-07  7.56200474044827e-06  0.000113686615384654 -0.000166603692488394  6.22000167756939e-06 -7.12705735524708e-09 -6.23377197182516e-06 -1.09679666700821e-09
-1.49395623274036e-08      1.99999998517092 -1.52226271580125e-06  2.11281851053064e-06  2.78070825515428e-05 -7.35423768951646e-05 -6.36173783877342e-05   3.9858519473633e-08  6.37542946595288e-05  4.53239474542251e-08
 1.40439942580832e-07 -1.52226271580125e-06      1.99938982097421 -5.02247638173369e-05   -0.0178009198239633   -0.0117731715890798  -0.00857279122516748  3.84692543298476e-06   0.00859112477691786  7.59174195419044e-06
 7.56200474044827e-06  2.11281851053064e-06 -5.02247638173369e-05      1.99853733096807   -0.0181829417833531    0.0323239068830931  -0.00616664459399177  4.96523099627519e-06   0.00618000715088697  3.27849998293552e-06
 0.000113686615384654  2.78070825515428e-05   -0.0178009198239633   -0.0181829417833531      1.00065330837513 -0.000382854927594895   0.00123821910857815  -6.4535709876623e-05  -0.00124080470572036  6.28646777834245e-05
-0.000166603692488394 -7.35423768951646e-05   -0.0117731715890798    0.0323239068830931 -0.000382854927594895      1.00119015475727  -0.00107455972160929 -6.28076068964524e-05   0.00107696862269557  6.42343552743997e-05
 6.22000167756939e-06 -6.36173783877342e-05  -0.00857279122516748  -0.00616664459399177   0.00123821910857815  -0.00107455972160929      1.00011334094014 -6.37600981298739e-05 -0.000112150833240591 -6.37800410960053e-05
-7.12705735524708e-09   3.9858519473633e-08  3.84692543298476e-06  4.96523099627519e-06  -6.4535709876623e-05 -6.28076068964524e-05 -6.37600981298739e-05      1.00000096485337  -6.3480342795403e-05  -1.6723763588318e-07
-6.23377197182516e-06  6.37542946595288e-05   0.00859112477691786   0.00618000715088697  -0.00124080470572036   0.00107696862269557 -0.000112150833240591  -6.3480342795403e-05      1.00011399919758   -6.348704621902e-05
-1.09679666700821e-09  4.53239474542251e-08  7.59174195419044e-06  3.27849998293552e-06  6.28646777834245e-05  6.42343552743997e-05 -6.37800410960053e-05  -1.6723763588318e-07   -6.348704621902e-05      1.00000113580147
TOTAL ENERGY: -127.162986058141	 lambda: 0.7	 population of target: 7.00000016532874
1RDM: 
     1.99999995899301 -1.49521242672881e-08  1.37814815912119e-07  7.55727287842224e-06  0.000113637084804261 -0.000166554009558036  6.16804872390857e-06  -7.0819687382097e-09 -6.18170873428165e-06 -1.07270830031952e-09
-1.49521242672881e-08      1.99999998516723 -1.52311681593826e-06  2.11558682239577e-06  2.78486069305229e-05  -7.3583955646623e-05 -6.35913480890746e-05  3.98511378138854e-08    6.372820891438e-05  4.52978280539282e-08
 1.37814815912119e-07 -1.52311681593826e-06      1.99938968341863 -4.98484638781118e-05    -0.017795219704924   -0.0117788788056467  -0.00857868647054565  3.85693038468203e-06   0.00859703271604919  7.58973081643861e-06
 7.55727287842224e-06  2.11558682239577e-06 -4.98484638781118e-05      1.99853796430694   -0.0181787220958563    0.0323196728622775   -0.0061587485346934  4.95713792636185e-06   0.00617209398138153  3.27608323288011e-06
 0.000113637084804261  2.78486069305229e-05    -0.017795219704924   -0.0181787220958563      1.00065313291261  -0.00038278995606963   0.00123554001317124 -6.43311944415448e-05   -0.0012381200933651  6.26637556480559e-05
-0.000166554009558036  -7.3583955646623e-05   -0.0117788788056467    0.0323196728622775  -0.00038278995606963      1.00119019751103  -0.00107158706628927 -6.26074194076353e-05   0.00107398928233517  6.40302626961023e-05
 6.16804872390857e-06 -6.35913480890746e-05  -0.00857868647054565   -0.0061587485346934   0.00123554001317124  -0.00107158706628927      1.00011315958477 -6.35572985441068e-05 -0.000111968222105385 -6.35771808265211e-05
 -7.0819687382097e-09  3.98511378138854e-08  3.85693038468203e-06  4.95713792636185e-06 -6.43311944415448e-05 -6.26074194076353e-05 -6.35572985441068e-05      1.00000096576808 -6.32782021463936e-05 -1.68301343349576e-07
-6.18170873428165e-06    6.372820891438e-05   0.00859703271604919   0.00617209398138153   -0.0012381200933651   0.00107398928233517 -0.000111968222105385 -6.32782021463936e-05      1.00011381649492 -6.32848810216348e-05
-1.07270830031952e-09  4.52978280539282e-08  7.58973081643861e-06  3.27608323288011e-06  6.26637556480559e-05  6.40302626961023e-05 -6.35771808265211e-05 -1.68301343349576e-07 -6.32848810216348e-05      1.00000113584285
TOTAL ENERGY: -127.162985735076	 lambda: 0.8	 population of target: 7.00000059517132
1RDM: 
     1.99999995902867 -1.49645902794666e-08  1.34994354913817e-07  7.55194635206646e-06  0.000113580697123412  -0.00016649745683631  6.11420806396379e-06 -7.15505123122994e-09 -6.12775276308455e-06  -9.2640979346336e-10
-1.49645902794666e-08      1.99999998516273 -1.52375748640808e-06  2.11866243878489e-06   2.7901097954411e-05  -7.3636529066958e-05 -6.35701630717019e-05  3.97409860531426e-08  6.37069779197145e-05  4.53774724421984e-08
 1.34994354913817e-07 -1.52375748640808e-06      1.99938961170588 -4.94066193272873e-05   -0.0177880306288294   -0.0117860800151028  -0.00858348334545513  3.79846844945926e-06   0.00860183998949894  7.65445375616306e-06
 7.55194635206646e-06  2.11866243878489e-06 -4.94066193272873e-05      1.99853865724997   -0.0181733958408467    0.0323143282697898  -0.00615028462693919   4.9807575380447e-06   0.00616361176317211  3.24102012460603e-06
 0.000113580697123412   2.7901097954411e-05   -0.0177880306288294   -0.0181733958408467      1.00065296256901 -0.000382759190097265   0.00126826500940437 -6.64378598324894e-05  -0.00127091295503632  6.47261340820796e-05
 -0.00016649745683631  -7.3636529066958e-05   -0.0117860800151028    0.0323143282697898 -0.000382759190097265      1.00119030219238  -0.00110414146457227 -6.46643882321815e-05   0.00110661674831979  6.61304377051282e-05
 6.11420806396379e-06 -6.35701630717019e-05  -0.00858348334545513  -0.00615028462693919   0.00126826500940437  -0.00110414146457227      1.00011288442045 -6.56411268391177e-05  -0.00011168315594069  -6.5661651220647e-05
-7.15505123122994e-09  3.97409860531426e-08  3.79846844945926e-06   4.9807575380447e-06 -6.64378598324894e-05 -6.46643882321815e-05 -6.56411268391177e-05      1.00000095818897 -6.53581425199962e-05 -1.75548876497814e-07
-6.12775276308455e-06  6.37069779197145e-05   0.00860183998949894   0.00616361176317211  -0.00127091295503632   0.00110661674831979  -0.00011168315594069 -6.53581425199962e-05      1.00011354590367 -6.53650509145161e-05
 -9.2640979346336e-10  4.53774724421984e-08  7.65445375616306e-06  3.24102012460603e-06  6.47261340820796e-05  6.61304377051282e-05  -6.5661651220647e-05 -1.75548876497814e-07 -6.53650509145161e-05       1.0000011335783
TOTAL ENERGY: -127.162985243774	 lambda: 0.9	 population of target: 7.00000117099561
1RDM: 
     1.99999995907007 -1.49774564000158e-08  1.31858257364367e-07  7.54577772161651e-06  0.000113515804085671 -0.000166432368054644  6.05449070468228e-06 -7.37079242215144e-09 -6.06790525519348e-06 -6.31690630043756e-10
-1.49774564000158e-08      1.99999998515707 -1.52421624411487e-06  2.12216949485057e-06  2.79675333472461e-05 -7.37030993059419e-05 -6.35548551900647e-05  3.95100947947137e-08  6.36916366665611e-05  4.55889080245576e-08
 1.31858257364367e-07 -1.52421624411487e-06      1.99938960648801 -4.88771831585242e-05   -0.0177789433213243   -0.0117951859890143  -0.00858734389368375  3.65762902926858e-06   0.00860570905750599  7.80051228431341e-06
 7.54577772161651e-06  2.12216949485057e-06 -4.88771831585242e-05      1.99853944341172   -0.0181666555672166    0.0323075642441663  -0.00614058188690269  5.04259734660845e-06   0.00615388797660187  3.16624346635511e-06
 0.000113515804085671  2.79675333472461e-05   -0.0177789433213243   -0.0181666555672166      1.00065284245637 -0.000382816154441904    0.0013441053039851 -7.13432483493797e-05  -0.00134691046851249  6.95289000756833e-05
-0.000166432368054644 -7.37030993059419e-05   -0.0117951859890143    0.0323075642441663 -0.000382816154441904      1.00119052965528  -0.00117994126922036 -6.94543225881896e-05   0.00118258670951194  7.10209473385365e-05
 6.05449070468228e-06 -6.35548551900647e-05  -0.00858734389368375  -0.00614058188690269    0.0013441053039851  -0.00117994126922036       1.0001124459656 -7.04937273958711e-05 -0.000111223795484058  -7.0515748600444e-05
-7.37079242215144e-09  3.95100947947137e-08  3.65762902926858e-06  5.04259734660845e-06 -7.13432483493797e-05 -6.94543225881896e-05 -7.04937273958711e-05      1.00000094020182 -7.02014131529706e-05 -1.90695472651945e-07
-6.06790525519348e-06  6.36916366665611e-05   0.00860570905750599   0.00615388797660187  -0.00134691046851249   0.00118258670951194 -0.000111223795484058 -7.02014131529706e-05      1.00011311894658 -7.02088553073296e-05
-6.31690630043756e-10  4.55889080245576e-08  7.80051228431341e-06  3.16624346635511e-06  6.95289000756833e-05  7.10209473385365e-05  -7.0515748600444e-05 -1.90695472651945e-07 -7.02088553073296e-05      1.00000112864747
TOTAL ENERGY: -127.162984349503	 lambda: 1	 population of target: 7.00000210760811
1RDM: 
     1.99999995911912 -1.49914170916985e-08  1.28216398058052e-07  7.53834697377515e-06  0.000113439830915816 -0.000166356173143692   5.9817037817042e-06 -7.79279916032579e-09 -5.99496121318392e-06 -1.12376713862216e-10
-1.49914170916985e-08      1.99999998514986 -1.52447657499737e-06  2.12633660538653e-06  2.80539422619181e-05 -7.37896897748274e-05 -6.35476566325563e-05  3.90974170436489e-08  6.36844237239782e-05  4.59921501319362e-08
 1.28216398058052e-07 -1.52447657499737e-06      1.99938968082965  -4.8220047518109e-05   -0.0177671387551815   -0.0118070175574842  -0.00859028987954591  3.39500848386917e-06   0.00860866170706124  8.06706635334116e-06
 7.53834697377515e-06  2.12633660538653e-06  -4.8220047518109e-05      1.99854037679356   -0.0181578805734426    0.0322987578269262  -0.00612837464775878  5.16042003128886e-06   0.00614165416262091  3.03212652614658e-06
 0.000113439830915816  2.80539422619181e-05   -0.0177671387551815   -0.0181578805734426      1.00065287389811 -0.000383079083682948   0.00148424186208979 -8.03907328525848e-05  -0.00148733756446458  7.83867773798417e-05
-0.000166356173143692 -7.37896897748274e-05   -0.0118070175574842    0.0322987578269262 -0.000383079083682948      1.00119101267631  -0.00132020788878479 -7.82883963408239e-05   0.00132316814927688  8.00411287940403e-05
  5.9817037817042e-06 -6.35476566325563e-05  -0.00859028987954591  -0.00612837464775878   0.00148424186208979  -0.00132020788878479      1.00011169525096 -7.94437049639198e-05 -0.000110435169043908 -7.94684776733176e-05
-7.79279916032579e-09  3.90974170436489e-08  3.39500848386917e-06  5.16042003128886e-06 -8.03907328525848e-05 -7.82883963408239e-05 -7.94437049639198e-05      1.00000090698895 -7.91340973375946e-05 -2.18105513376019e-07
-5.99496121318392e-06  6.36844237239782e-05   0.00860866170706124   0.00614165416262091  -0.00148733756446458   0.00132316814927688 -0.000110435169043908 -7.91340973375946e-05      1.00011238969006  -7.9142533200707e-05
-1.12376713862216e-10  4.59921501319362e-08  8.06706635334116e-06  3.03212652614658e-06  7.83867773798417e-05  8.00411287940403e-05 -7.94684776733176e-05 -2.18105513376019e-07  -7.9142533200707e-05      1.00000111960343
-------------------general-----------------------
mullikenoperator: 
 3.95778619370433e-05  -0.00338571608391651   0.00314855632683343  -0.00426430636362882 -0.000120101657066045 -3.28934444572817e-05 -8.61742725207561e-07  2.21936339816706e-09  8.63090577561632e-07 -1.25727078679518e-09
 -0.00338571608391651     0.999953747337497  -0.00474448657061167  -0.00350071935366509  0.000125711334110102 -8.03713334030003e-05  1.11590650230622e-07  1.72749255054502e-09 -1.11244014521247e-07 -1.68507601736275e-09
  0.00314855632683343  -0.00474448657061162     0.349760347898469    -0.476290363056101   0.00553448866297803   -0.0226375910885448 -0.000117383598117835  1.11610513160634e-06  0.000117675518603856 -9.63171911162545e-07
 -0.00426430636362882  -0.00350071935366517    -0.476290363056101     0.650441649589123    0.0219714177770009   0.00126088645285261  0.000126709082682167 -5.41939701309572e-07 -0.000126890041386804  4.04665373107555e-07
-0.000120101657066045  0.000125711334110101   0.00553448866297803    0.0219714177770008     0.498200537626399    -0.499482465269382 -0.000563384184625037  3.51710768530232e-05  0.000562794323555476 -3.39718077609232e-05
-3.28934444572817e-05 -8.03713334030015e-05   -0.0226375910885448   0.00126088645285261    -0.499482465269382     0.501602823207914  0.000568462268231686  3.38740536584289e-05  -0.00057148559600092 -3.50731112813489e-05
-8.61742725207565e-07  1.11590650230602e-07 -0.000117383598117835  0.000126709082682168 -0.000563384184625037  0.000568462268231686      0.50107906911503  0.000626926925013429     0.499997390176346   0.00062709688708948
 2.21936339817106e-09  1.72749255054915e-09  1.11610513160654e-06 -5.41939701309927e-07   3.5171076853022e-05   3.3874053658433e-05  0.000626926925013414     0.500106539040477  0.000625614074042447    -0.499999201895392
 8.63090577561632e-07 -1.11244014521225e-07  0.000117675518603856 -0.000126890041386804  0.000562794323555476  -0.00057148559600092     0.499997390176346  0.000625614074042469     0.498920682937286   0.00062570874049096
-1.25727078679486e-09 -1.68507601735912e-09 -9.63171911162468e-07  4.04665373107209e-07 -3.39718077609273e-05 -3.50731112813476e-05  0.000627096887089501    -0.499999201895392  0.000625708740490994     0.499895025385869
selected BF: 
0 1 2 3 4
selected lambdas: 
  -1 -0.9 -0.8 -0.7 -0.6 -0.5 -0.4 -0.3 -0.2 -0.1    0  0.1  0.2  0.3  0.4  0.5  0.6  0.7  0.8  0.9    1
RHF C: 
 1.62259821349586e-07     0.995388340247191    -0.260144078470504 -0.000124431401753203  0.000219662069256533  7.71588287964133e-05 -7.06667540947668e-11  3.32088788720481e-10  6.16244171326179e-10  2.43127039634122e-11
-9.61231196022522e-07    0.0189027417414349      1.02864695240092  0.000492577387491818 -0.000879025862036019 -0.000306554489169263  2.82606998566576e-10 -1.30436545463356e-09 -2.42060843784385e-09 -9.70405211067503e-11
-2.45085376857509e-12  9.02335790582605e-12  3.89547025337867e-10   2.1280851377756e-09  2.35780032343515e-06 -4.35839721179593e-08 -0.000191726740864991    -0.988366529336792    -0.152090635211956  7.65151400465623e-05
 4.30768415239959e-12 -1.48411055258627e-11 -1.45784764850071e-09 -3.79261645049869e-09 -4.23080589795488e-06  7.67073850048537e-08   0.00124594564948567    -0.152090755611252     0.988365746964251  1.17742202138096e-05
-2.29048641709659e-06 -2.64210263509387e-06 -0.000854397288085068 -0.000913713855667029    -0.999998458218052  -0.00127050196286678 -4.54678808007479e-09 -1.68686350986267e-06 -4.54007772024416e-06 -2.19223612526037e-10
    0.995027797431304  2.82646178641713e-07 -0.000111204870778207     0.263171347283035 -0.000280043504376611   0.00383872508513292 -6.85387255014566e-10  -1.9297991690809e-10 -5.20164237459637e-10  6.01322805610827e-10
   0.0201928613930537 -8.65988400354439e-07  0.000434191555315826      -1.0289381805772    0.0010968431084836   -0.0152118500121812  2.71613204405441e-09  7.57254040574489e-10  2.04113157489885e-09 -2.34346561428898e-09
 2.51340317067309e-11 -1.72540922240284e-13  7.65667045432341e-12 -4.35273233361357e-09 -1.10770990698751e-10  4.73837866984849e-07     0.152090634582243 -6.08345055607152e-05 -0.000189314315906528    -0.988366530990959
-1.81770568410671e-11  5.57157770970225e-13  9.84380294850832e-11  5.60811673852871e-09 -3.71439450024294e-10 -5.32265671833948e-07    -0.988365767179219 -9.36179763301553e-06   0.00123026502796976    -0.152090752118499
-5.19929426022958e-05   1.7780069986474e-06 -0.000187525732072581    0.0147823921640633  0.000978452933577784    -0.999890282410712  5.98273410325582e-07  3.30501112293963e-08   8.6182838457742e-08 -3.87383491197209e-07
RDM (no constraint): 
     1.99999999684737  1.13774511499504e-10  2.88435341416669e-08  8.45404098329349e-07 -7.04261861339028e-08 -5.30472132445075e-05    8.057681908136e-12 -2.53009748590048e-13 -7.58739306865544e-13  3.55300282328789e-12
 1.13774511499504e-10      1.99999999757218 -1.36833481679585e-06 -3.84271500527252e-08 -4.40401612170185e-05 -1.90134863599027e-06 -3.55692796639754e-12  -6.7528487682122e-11 -1.83677552064478e-10  4.37605927169125e-12
 2.88435341416669e-08 -1.36833481679585e-06      1.99910443256458 -2.90228021689584e-05    -0.029765663866084 -1.00822695087517e-05  1.95630549320811e-10 -5.00681259752615e-08 -1.33677499583165e-07 -2.54688283749191e-10
 8.45404098329349e-07 -3.84271500527252e-08 -2.90228021689584e-05      1.99976696841563 -0.000773857241041364    0.0149981722507935 -2.92053944381523e-09 -2.42482401342868e-10 -6.54768175682146e-10  2.52703236431851e-09
-7.04261861339028e-08 -4.40401612170185e-05    -0.029765663866084 -0.000773857241041364      1.00086671843777  -0.00827715900961136  1.08095245460352e-08  1.71393906928564e-09  4.55038555884298e-09 -7.80141855286575e-09
-5.30472132445075e-05 -1.90134863599027e-06 -1.00822695087517e-05    0.0149981722507935  -0.00827715900961136      1.00025707028518 -1.67368239824823e-10 -1.45034136869715e-08 -3.84752740645338e-08   8.6381083694298e-11
   8.057681908136e-12 -3.55692796639754e-12  1.95630549320811e-10 -2.92053944381523e-09  1.08095245460352e-08 -1.67368239824823e-10      1.00000005544733 -1.12396851914606e-13 -0.000532572903269921 -2.72243741294658e-13
-2.53009748590048e-13  -6.7528487682122e-11 -5.00681259752615e-08 -2.42482401342868e-10  1.71393906928564e-09 -1.45034136869715e-08 -1.12396851914606e-13      1.00000109221656 -2.70463252076813e-13  0.000532569310983491
-7.58739306865544e-13 -1.83677552064478e-10 -1.33677499583165e-07 -6.54768175682146e-10  4.55038555884298e-09 -3.84752740645338e-08 -0.000532572903269921 -2.70463252076813e-13       1.0000023524914  6.28234632227869e-12
 3.55300282328789e-12  4.37605927169125e-12 -2.54688283749191e-10  2.52703236431851e-09 -7.80141855286575e-09   8.6381083694298e-11 -2.72243741294658e-13  0.000532569310983491  6.28234632227869e-12      1.00000131572201
RDM Eigenvectors: 
    0.999971480783904  -0.00339683518230646   0.00529350670631306   0.00418032307144555  3.78385131163457e-05  2.89389800219885e-11 -3.25696965109257e-11 -3.50603572610692e-11  3.56764435493425e-11  3.71968579528388e-05
  0.00341032282384158     0.999974670753765   0.00210030837314741  -0.00588339283922351 -3.00082802278453e-05  1.66148703496436e-11 -9.34553624575866e-12  9.59427359737532e-13 -9.17725199441281e-12  3.22811675983313e-05
 0.000218226229197597  -0.00598535595795618     0.591330824694416    -0.805856718600136   -0.0211916789486922  1.79625329687997e-09 -1.92837072800413e-10  5.72322068904749e-10 -2.29726545909449e-09    0.0209247577751458
   0.0067347777642559  -0.00180983827982037    -0.806143281917714    -0.591488235453828   -0.0112633531111035 -5.76531525625002e-09  5.97907734300217e-09  8.14845427313334e-09 -1.15918786059465e-08  -0.00995893916113048
-1.23365912297595e-05  0.000135885415136538   -0.0168933446431912    0.0245414396602404    -0.705656180752691  3.24452028498099e-06 -1.19948785665261e-06  1.20078384400992e-06 -3.24572801259502e-06     0.707927728352771
 4.80694413235536e-05 -2.99374693543962e-05   -0.0119602334176847  -0.00906888823650255     0.708147867214245  6.58229343637266e-07 -5.67888332424018e-07 -6.11948826173078e-07  7.74407670331302e-07     0.705904599102465
-1.17029347892834e-11  1.67470256108289e-12  2.33111094724699e-09  1.77886333340971e-09 -7.21279103204615e-07     0.706343756738569  0.000472243394079864   0.00047347643298673     0.707868667283462 -7.10777230424258e-07
-1.37498854357271e-11  2.33256261230015e-10  -2.9268278944991e-08  4.06648441854764e-08 -1.22203179122259e-06 -0.000472699709194833     0.707032430709294    -0.707180807670024  0.000473012234225467  1.18160412642501e-06
-3.68662475228585e-11  6.19392852362999e-10 -7.81387277549309e-08  1.08574326918353e-07 -3.29515701735434e-06    -0.707868667421736 -0.000473259171478287    0.0004724519860973     0.706343756591927  3.19089972155946e-06
 2.06243458641989e-11  3.76084158921085e-13 -2.07256970342871e-09 -1.46008037848157e-09  5.91904375304086e-07 -0.000472803390281894     0.707180807810478     0.707032430564924 -0.000472916728588291  5.88962004053351e-07
Total C: 
 -0.00475859415477705     0.994817471065083    -0.159693347084995     0.207983035939109   0.00437190297529018   0.00323826624888204  5.45003299246555e-05 -2.91848189193336e-08 -5.45976753166214e-05 -3.56266821833493e-08
  0.00538200471056424    0.0210598638300382     0.607779192069096    -0.829552500470746   -0.0167423413368036   -0.0129303712905501 -0.000216531530660765  1.17021218708173e-07  0.000216921191762019  1.41565818166041e-07
 2.97304784635871e-09  2.39700640525325e-09  1.54939415452094e-06 -7.96430952501351e-07  5.18104986605829e-05  5.61691950050212e-05    -0.108128284895615      0.69874634284375    -0.107895104523293    -0.698870848724774
 2.99216231226445e-10  5.02242224552322e-10  3.35867087699582e-07 -7.88759751960125e-08  7.92863408855898e-06  6.17325412560724e-06     0.699561775269818     0.108904096446423     0.698053475115511    -0.107119402482928
 -4.8462278015545e-05  3.09396267001142e-05    0.0214227525794521    0.0124925427409541      0.70564709796371    -0.708128271269331 -0.000899904434623284  3.01013892575697e-06  0.000899436000539201 -1.18493825257103e-06
     0.99609896105319   0.00184508306604833    -0.211921083135074    -0.148868663992785   0.00664583445932692   -0.0025358203365991   0.00271145978732735 -1.80387897885864e-06  -0.00271728410934522 -1.81611238205331e-06
   0.0158933343330327   0.00612252475468884     0.829414664464688     0.608378450196301   -0.0260332535820765    0.0101038184558584   -0.0107447964587463  7.14882794387253e-06    0.0107678780727346  7.19682056642638e-06
-3.67641274423512e-05 -3.19056015137638e-05   -0.0206813267684146   0.00984308563192911    -0.699692254981042    -0.697692566344089 -6.11774778755858e-05     0.107574774421637 -0.000209217207637145     0.107512073051492
-5.65726009517842e-06 -4.90969011549707e-06  -0.00318246641342332   0.00151465323103904    -0.107668078725975    -0.107360999476981  0.000403844568788407    -0.698799627844016   0.00133663023040776    -0.698960591877487
 8.84198675208953e-06 -8.57932236337273e-05    -0.012044146738816  -0.00860380286490949 -0.000328019759760751  0.000560138181499675    -0.706266197779663  0.000473046923242032     0.707791060779452  0.000473198487377003
Basis set used: STO-3G
Naturals: 
 1.99999999999867  1.99999999990388  1.99999455362423  1.99998948567046  1.00826685281355   1.0005337781111    1.000533773292 0.999468634646563 0.999468629827616 0.991744292111954
Version: Tmhuysen's fci hack
