The Davidson algorithm did not converge.lambda: -1
The Davidson algorithm did not converge.lambda: -0.9
The Davidson algorithm did not converge.lambda: -0.8
The Davidson algorithm did not converge.lambda: -0.7
The Davidson algorithm did not converge.lambda: -0.6
The Davidson algorithm did not converge.lambda: -0.5
The Davidson algorithm did not converge.lambda: -0.4
The Davidson algorithm did not converge.lambda: -0.3
The Davidson algorithm did not converge.lambda: -0.2
The Davidson algorithm did not converge.lambda: -0.1
The Davidson algorithm did not converge.lambda: 0
TOTAL ENERGY: -127.16291194301	 lambda: 0.1	 population of target: 6.99999777667176
1RDM: 
     1.99999996928849 -1.41409421664997e-08 -1.86356182752658e-07  5.67564298028347e-06  9.68628807389794e-05 -0.000144846442864497  1.73767075810314e-08 -9.09095123590539e-06 -1.18959539278699e-08  9.09171025008387e-06
-1.41409421664997e-08      1.99999998778168 -1.10976771721345e-06  2.16576161623374e-06  3.70469829632588e-05 -7.72435980825866e-05 -7.38737029065991e-08  4.74211736616014e-05  7.85541581068241e-08 -4.74253101071102e-05
-1.86356182752658e-07 -1.10976771721345e-06       1.9995278310649  2.38878440531894e-05   -0.0147425550643017    -0.011925201759247 -1.02532731625486e-05   0.00732943120763818  1.33093143823612e-05  -0.00733007889695857
 5.67564298028347e-06  2.16576161623374e-06  2.38878440531894e-05      1.99889387031515   -0.0150055605232076    0.0282187185988386 -1.07030902513022e-05   0.00618970720515579  9.20370421767104e-06  -0.00619023730733427
 9.68628807389794e-05  3.70469829632588e-05   -0.0147425550643017   -0.0150055605232076      1.00044500496381 -0.000249291717431819  5.88506537353148e-05   -0.0011841717013777  5.49933657472473e-05   0.00118408600640258
-0.000144846442864497 -7.72435980825866e-05    -0.011925201759247    0.0282187185988386 -0.000249291717431819      1.00094164458914  5.51578334520659e-05   0.00107148667979013  5.85527786127638e-05   -0.0010717667503161
 1.73767075810314e-08 -7.38737029065991e-08 -1.02532731625486e-05 -1.07030902513022e-05  5.88506537353148e-05  5.51578334520659e-05      1.00000100595476  5.67271255708839e-05  5.40898052486851e-08  5.70252898658774e-05
-9.09095123590539e-06  4.74211736616014e-05   0.00732943120763818   0.00618970720515579   -0.0011841717013777   0.00107148667979013  5.67271255708839e-05      1.00009519839378  -5.6777278808856e-05  -9.4034598523468e-05
-1.18959539278699e-08  7.85541581068241e-08  1.33093143823612e-05  9.20370421767104e-06  5.49933657472473e-05  5.85527786127638e-05  5.40898052486851e-08  -5.6777278808856e-05      1.00000064043113 -5.70755495915803e-05
 9.09171025008387e-06 -4.74253101071102e-05  -0.00733007889695857  -0.00619023730733427   0.00118408600640258   -0.0010717667503161  5.70252898658774e-05  -9.4034598523468e-05 -5.70755495915803e-05      1.00009484721716
TOTAL ENERGY: -127.162911762877	 lambda: 0.2	 population of target: 6.9999990647349
1RDM: 
     1.99999996929394 -1.41492696292262e-08 -1.87542431687279e-07  5.67400809186449e-06  9.68547811029315e-05 -0.000144838322248692  1.65540267630375e-08  -9.0613071219752e-06 -1.26229373354811e-08  9.06206565301399e-06
-1.41492696292262e-08      1.99999998777163 -1.11270845648272e-06  2.16499357664506e-06  3.70284811719446e-05 -7.72250070751111e-05 -7.45204780776608e-08  4.74190946375547e-05  7.79012527663136e-08 -4.74232287702717e-05
-1.87542431687279e-07 -1.11270845648272e-06       1.9995273243936  2.38274906906202e-05   -0.0147453194207088   -0.0119224215581611  -1.0705864547497e-05   0.00734246563001907  1.28989893118585e-05  -0.00734311297087351
 5.67400809186449e-06  2.16499357664506e-06  2.38274906906202e-05      1.99889419936363   -0.0150079238628484    0.0282210905912056 -1.04857011907982e-05   0.00618732543977748  9.41329331114227e-06  -0.00618785599404259
 9.68547811029315e-05  3.70284811719446e-05   -0.0147453194207088   -0.0150079238628484      1.00044548493306 -0.000249732233868119   4.2212008155589e-05 -0.000903248364032759  3.92720803745782e-05  0.000903194676965235
-0.000144838322248692 -7.72250070751111e-05   -0.0119224215581611    0.0282210905912056 -0.000249732233868119      1.00094204040981  3.94423610692317e-05  0.000789903337055799  4.19462856517782e-05 -0.000790102924170241
 1.65540267630375e-08 -7.45204780776608e-08  -1.0705864547497e-05 -1.04857011907982e-05   4.2212008155589e-05  3.94423610692317e-05      1.00000096975945  4.05601723142212e-05  4.07695037896061e-08  4.08584114712958e-05
 -9.0613071219752e-06  4.74190946375547e-05   0.00734246563001907   0.00618732543977748 -0.000903248364032759  0.000789903337055799  4.05601723142212e-05      1.00009478119123 -4.05960288584799e-05 -9.36990127746628e-05
-1.26229373354811e-08  7.79012527663136e-08  1.28989893118585e-05  9.41329331114227e-06  3.92720803745782e-05  4.19462856517782e-05  4.07695037896061e-08 -4.05960288584799e-05      1.00000070798098 -4.08944261728454e-05
 9.06206565301399e-06 -4.74232287702717e-05  -0.00734311297087351  -0.00618785599404259  0.000903194676965235 -0.000790102924170241  4.08584114712958e-05 -9.36990127746628e-05 -4.08944261728454e-05       1.0000945349027
TOTAL ENERGY: -127.162911653766	 lambda: 0.3	 population of target: 6.99999951379699
1RDM: 
     1.99999996930119  -1.4155263194665e-08 -1.88501023651579e-07   5.6724938237005e-06  9.68426287437302e-05 -0.000144826150817561  1.61434556022245e-08 -9.03308163572511e-06 -1.29387402730033e-08  9.03383915778547e-06
 -1.4155263194665e-08      1.99999998776605 -1.11425531892339e-06  2.16514454827861e-06  3.70249590774898e-05 -7.72214371887117e-05 -7.48055731551522e-08  4.74076062562646e-05  7.75771063784922e-08 -4.74117383222522e-05
-1.88501023651579e-07 -1.11425531892339e-06      1.99952703880065  2.38492752808626e-05   -0.0147457750430107   -0.0119219573391717 -1.09208504677548e-05   0.00735030637512321  1.27094806444254e-05  -0.00735095371707462
  5.6724938237005e-06  2.16514454827861e-06  2.38492752808626e-05      1.99889446208888   -0.0150083149742474    0.0282214851485836  -1.0380401354007e-05   0.00618414246435007  9.50813745980977e-06   -0.0061846731027288
 9.68426287437302e-05  3.70249590774898e-05   -0.0147457750430107   -0.0150083149742474      1.00044559018354 -0.000249831246734529  3.44131021285238e-05 -0.000771932522461508  3.19020386823657e-05   0.00077189272954614
-0.000144826150817561 -7.72214371887117e-05   -0.0119219573391717    0.0282214851485836 -0.000249831246734529      1.00094213171308  3.20751650404527e-05  0.000658203906512894  3.41623314723867e-05 -0.000658366935845946
 1.61434556022245e-08 -7.48055731551522e-08 -1.09208504677548e-05  -1.0380401354007e-05  3.44131021285238e-05  3.20751650404527e-05      1.00000095271525  3.29817002895132e-05  3.40287669203627e-08  3.32802149859654e-05
-9.03308163572511e-06  4.74076062562646e-05   0.00735030637512321   0.00618414246435007 -0.000771932522461508  0.000658203906512894  3.29817002895132e-05      1.00009466235519 -3.30108490128557e-05 -9.36189713389505e-05
-1.29387402730033e-08  7.75771063784922e-08  1.27094806444254e-05  9.50813745980977e-06  3.19020386823657e-05  3.41623314723867e-05  3.40287669203627e-08 -3.30108490128557e-05      1.00000073974331  -3.3309558245338e-05
 9.03383915778547e-06 -4.74117383222522e-05  -0.00735095371707462   -0.0061846731027288   0.00077189272954614 -0.000658366935845946  3.32802149859654e-05 -9.36189713389505e-05  -3.3309558245338e-05      1.00009446533289
TOTAL ENERGY: -127.162911579643	 lambda: 0.4	 population of target: 6.99999972870355
1RDM: 
     1.99999996930966 -1.41598664230249e-08 -1.89359931942661e-07  5.67097640037597e-06  9.68279314471299e-05 -0.000144811433452423  1.59071147084696e-08 -9.00725801051033e-06  -1.3095392612408e-08  9.00801405937521e-06
-1.41598664230249e-08      1.99999998776254 -1.11523105317566e-06  2.16558636602323e-06  3.70281290641349e-05 -7.72245782615376e-05 -7.49508956791292e-08  4.73946006695691e-05  7.73928321475008e-08 -4.73987310726935e-05
-1.89359931942661e-07 -1.11523105317566e-06      1.99952685071561  2.39060902477749e-05    -0.014745192305991   -0.0119225350011812 -1.10391455371288e-05   0.00735583249043825  1.26089476745424e-05  -0.00735647995617238
 5.67097640037597e-06  2.16558636602323e-06  2.39060902477749e-05      1.99889470173162   -0.0150078220351234    0.0282209934186301 -1.03210565125738e-05   0.00618089505007628  9.55706893993602e-06  -0.00618142558203628
 9.68279314471299e-05  3.70281290641349e-05    -0.014745192305991   -0.0150078220351234      1.00044558816255  -0.00024983853479347  3.01941388146388e-05 -0.000701016829899123  2.79146846796268e-05  0.000700984116130191
-0.000144811433452423 -7.72245782615376e-05   -0.0119225350011812    0.0282209934186301  -0.00024983853479347      1.00094214769935  2.80894351762623e-05  0.000587025955535983  2.99513727214015e-05 -0.000587169660492397
 1.59071147084696e-08 -7.49508956791292e-08 -1.10391455371288e-05 -1.03210565125738e-05  3.01941388146388e-05  2.80894351762623e-05      1.00000094351545  2.88817566503977e-05  3.02912972859805e-08  2.91804679510217e-05
-9.00725801051033e-06  4.73946006695691e-05   0.00735583249043825   0.00618089505007628 -0.000701016829899123  0.000587025955535983  2.88817566503977e-05      1.00009461240844 -2.89072783616963e-05 -9.35899727872831e-05
 -1.3095392612408e-08  7.73928321475008e-08  1.26089476745424e-05  9.55706893993602e-06  2.79146846796268e-05  2.99513727214015e-05  3.02912972859805e-08 -2.89072783616963e-05      1.00000075691097 -2.92062001127986e-05
 9.00801405937521e-06 -4.73987310726935e-05  -0.00735647995617238  -0.00618142558203628  0.000700984116130191 -0.000587169660492397  2.91804679510217e-05 -9.35899727872831e-05 -2.92062001127986e-05      1.00009444178383
TOTAL ENERGY: -127.162911522774	 lambda: 0.5	 population of target: 6.99999985607587
1RDM: 
     1.99999996931923 -1.41635825037815e-08 -1.90178873480812e-07  5.66939914756053e-06  9.68110038497609e-05 -0.000144794484387077  1.57604373607589e-08 -8.98347206267397e-06 -1.31655953105374e-08   8.9842258888704e-06
-1.41635825037815e-08      1.99999998775993 -1.11592269782431e-06  2.16615441898903e-06  3.70354723148212e-05  -7.7231904272368e-05   -7.502216127927e-08  4.73822430954137e-05  7.72821864934657e-08 -4.73863720179193e-05
-1.90178873480812e-07 -1.11592269782431e-06      1.99952671749916  2.39851652771838e-05   -0.0147439560767326   -0.0119237680929252 -1.11063972502509e-05   0.00736004807912327  1.25554390296442e-05  -0.00736069572130105
 5.66939914756053e-06  2.16615441898903e-06  2.39851652771838e-05      1.99889493510141   -0.0150067751000077    0.0282199461925894 -1.02861028353454e-05   0.00617772025301374   9.5818657065025e-06  -0.00617825060172709
 9.68110038497609e-05  3.70354723148212e-05   -0.0147439560767326   -0.0150067751000077      1.00044554100163 -0.000249810672109326  2.78659298393201e-05 -0.000661951345911409  2.57140596947329e-05  0.000661922508907271
-0.000144794484387077  -7.7231904272368e-05   -0.0119237680929252    0.0282199461925894 -0.000249810672109326      1.00094213873652  2.58897881809686e-05  0.000547766394212972  2.76274995974139e-05 -0.000547899472424437
 1.57604373607589e-08   -7.502216127927e-08 -1.11063972502509e-05 -1.02861028353454e-05  2.78659298393201e-05  2.58897881809686e-05      1.00000093845123  2.66191210689088e-05  2.82569181726977e-08  2.69179297863507e-05
-8.98347206267397e-06  4.73822430954137e-05   0.00736004807912327   0.00617772025301374 -0.000661951345911409  0.000547766394212972  2.66191210689088e-05      1.00009458086533 -2.66426409979098e-05 -9.35700027426033e-05
-1.31655953105374e-08  7.72821864934657e-08  1.25554390296442e-05   9.5818657065025e-06  2.57140596947329e-05  2.76274995974139e-05  2.82569181726977e-08 -2.66426409979098e-05      1.00000076637397 -2.69416691216143e-05
  8.9842258888704e-06 -4.73863720179193e-05  -0.00736069572130105  -0.00617825060172709  0.000661922508907271 -0.000547899472424437  2.69179297863507e-05 -9.35700027426033e-05 -2.69416691216143e-05      1.00009442489158
TOTAL ENERGY: -127.162911472742	 lambda: 0.6	 population of target: 6.99999994736823
1RDM: 
     1.99999996933002  -1.4166684713551e-08 -1.90994172887907e-07  5.66771508677279e-06  9.67917452248369e-05 -0.000144775204542896  1.56728915752059e-08 -8.96106511207074e-06 -1.31811826843169e-08  8.96181730524911e-06
 -1.4166684713551e-08      1.99999998775766 -1.11645573260237e-06  2.16679793898358e-06  3.70461527358183e-05 -7.72425728981753e-05 -7.50476256150288e-08   4.7371271550918e-05  7.72211605116871e-08 -4.73753991002648e-05
-1.90994172887907e-07 -1.11645573260237e-06      1.99952662039624  2.40830603436598e-05   -0.0147421938559007   -0.0119255283279095 -1.11405172893607e-05   0.00736341319279944    1.253214252415e-05  -0.00736406102966104
 5.66771508677279e-06  2.16679793898358e-06  2.40830603436598e-05      1.99889517264464   -0.0150052798237742     0.028218449849322 -1.02668799958379e-05   0.00617459686843905  9.59105237448728e-06  -0.00617512699883798
 9.67917452248369e-05  3.70461527358183e-05   -0.0147421938559007   -0.0150052798237742      1.00044546872305 -0.000249765792431324   2.6759090192276e-05 -0.000643451648588315  2.46676453816387e-05  0.000643424704242443
-0.000144775204542896 -7.72425728981753e-05   -0.0119255283279095     0.028218449849322 -0.000249765792431324       1.0009421208612  2.48439304587342e-05  0.000529116904862008  2.65226300916278e-05 -0.000529244889375926
 1.56728915752059e-08 -7.50476256150288e-08 -1.11405172893607e-05 -1.02668799958379e-05   2.6759090192276e-05  2.48439304587342e-05      1.00000093603974  2.55433642032688e-05  2.73891750054507e-08  2.58421708156609e-05
-8.96106511207074e-06   4.7371271550918e-05   0.00736341319279944   0.00617459686843905 -0.000643451648588315  0.000529116904862008  2.55433642032688e-05      1.00009455112931  -2.5565931909977e-05 -9.35457293407411e-05
-1.31811826843169e-08  7.72211605116871e-08    1.253214252415e-05  9.59105237448728e-06  2.46676453816387e-05  2.65226300916278e-05  2.73891750054507e-08  -2.5565931909977e-05      1.00000077087716 -2.58649631373799e-05
 8.96181730524911e-06 -4.73753991002648e-05  -0.00736406102966104  -0.00617512699883798  0.000643424704242443 -0.000529244889375926  2.58421708156609e-05 -9.35457293407411e-05 -2.58649631373799e-05      1.00009440224099
TOTAL ENERGY: -127.162911420948	 lambda: 0.7	 population of target: 7.00000002708412
1RDM: 
     1.99999996934223 -1.41693373829076e-08 -1.91834637703805e-07  5.66587650797108e-06  9.67698760595393e-05 -0.000144753311201789  1.56337567868764e-08 -8.93924282110822e-06 -1.31558402550141e-08    8.939994255858e-06
-1.41693373829076e-08      1.99999998775539 -1.11689383181723e-06   2.1675071402424e-06  3.70600656140181e-05 -7.72564851432283e-05 -7.50394912554122e-08  4.73620353172356e-05  7.72014468216971e-08 -4.73661630427129e-05
-1.91834637703805e-07 -1.11689383181723e-06      1.99952655018276  2.42004408211669e-05   -0.0147399175755533   -0.0119278042394037 -1.11487595250849e-05   0.00736617574732205   1.2532706930635e-05  -0.00736682381256637
 5.66587650797108e-06   2.1675071402424e-06  2.42004408211669e-05      1.99889542289416   -0.0150033495558106     0.028216517158158 -1.02598373558486e-05   0.00617143697407267  9.58780752914628e-06  -0.00617196683319508
 9.67698760595393e-05  3.70600656140181e-05   -0.0147399175755533   -0.0150033495558106      1.00044537935113 -0.000249711813260868  2.66112229743347e-05 -0.000641115856900126  2.45274049334329e-05  0.000641089212000005
-0.000144753311201789 -7.72564851432283e-05   -0.0119278042394037     0.028216517158158 -0.000249711813260868      1.00094210179464  2.47039216230392e-05  0.000526663310114975  2.63748695572534e-05 -0.000526790581715569
 1.56337567868764e-08 -7.50394912554122e-08 -1.11487595250849e-05 -1.02598373558486e-05  2.66112229743347e-05  2.47039216230392e-05      1.00000093571757  2.53994783870038e-05  2.74918271988479e-08  2.56981799166298e-05
-8.93924282110822e-06  4.73620353172356e-05   0.00736617574732205   0.00617143697407267 -0.000641115856900126  0.000526663310114975  2.53994783870038e-05      1.00009451504732 -2.54219192947873e-05 -9.35098241073293e-05
-1.31558402550141e-08  7.72014468216971e-08   1.2532706930635e-05  9.58780752914628e-06  2.45274049334329e-05  2.63748695572534e-05  2.74918271988479e-08 -2.54219192947873e-05      1.00000077147891 -2.57208449020621e-05
   8.939994255858e-06 -4.73661630427129e-05  -0.00736682381256637  -0.00617196683319508  0.000641089212000005 -0.000526790581715569  2.56981799166298e-05 -9.35098241073293e-05 -2.57208449020621e-05      1.00009436643592
TOTAL ENERGY: -127.162911356631	 lambda: 0.8	 population of target: 7.00000011267696
1RDM: 
     1.99999996935617 -1.41716387613202e-08 -1.92727589482374e-07  5.66382205261051e-06  9.67449204890551e-05 -0.000144728326808156  1.56319119521829e-08 -8.91698502815897e-06  -1.3081513564717e-08  8.91773395948982e-06
-1.41716387613202e-08      1.99999998775293 -1.11727056550578e-06  2.16829262096415e-06  3.70776034842178e-05 -7.72740227174389e-05 -7.49970907293084e-08  4.73548387068266e-05  7.72197769430772e-08 -4.73589653660205e-05
-1.92727589482374e-07 -1.11727056550578e-06      1.99952650264061  2.43407165119122e-05   -0.0147370646654032   -0.0119306574052662 -1.11323627666736e-05   0.00736848025224128  1.25566404934368e-05  -0.00736912857380813
 5.66382205261051e-06  2.16829262096415e-06  2.43407165119122e-05      1.99889569537499   -0.0150009282211774    0.0282140928268113 -1.02645274970501e-05   0.00616809187016451  9.57254124593521e-06  -0.00616862141788657
 9.67449204890551e-05  3.70776034842178e-05   -0.0147370646654032   -0.0150009282211774      1.00044527725069 -0.000249654140989535  2.73890713138374e-05 -0.000654426973979283  2.52617930576421e-05  0.000654399054281078
-0.000144728326808156 -7.72740227174389e-05   -0.0119306574052662    0.0282140928268113 -0.000249654140989535      1.00094208785017   2.5438237056092e-05  0.000539882245067602  2.71510167181275e-05  -0.00054001307855905
 1.56319119521829e-08 -7.49970907293084e-08 -1.11323627666736e-05 -1.02645274970501e-05  2.73890713138374e-05   2.5438237056092e-05       1.0000009374117   2.6155096046564e-05  2.85864308546354e-08  2.64535755220846e-05
-8.91698502815897e-06  4.73548387068266e-05   0.00736848025224128   0.00616809187016451 -0.000654426973979283  0.000539882245067602   2.6155096046564e-05      1.00009446351204 -2.61782119323444e-05 -9.34542731284125e-05
 -1.3081513564717e-08  7.72197769430772e-08  1.25566404934368e-05  9.57254124593521e-06  2.52617930576421e-05  2.71510167181275e-05  2.85864308546354e-08 -2.61782119323444e-05      1.00000076831508 -2.64768993567339e-05
 8.91773395948982e-06 -4.73589653660205e-05  -0.00736912857380813  -0.00616862141788657  0.000654399054281078  -0.00054001307855905  2.64535755220846e-05 -9.34542731284125e-05 -2.64768993567339e-05      1.00009431053567
TOTAL ENERGY: -127.162911260724	 lambda: 0.9	 population of target: 7.00000022510651
1RDM: 
     1.99999996937237 -1.41736391743395e-08 -1.93705697345344e-07  5.66146429103715e-06   9.6716147823243e-05 -0.000144699524537898  1.56798685133407e-08  -8.8928011984282e-06 -1.29544670085572e-08  8.89354697224152e-06
-1.41736391743395e-08      1.99999998775011 -1.11760332425006e-06  2.16918307251396e-06  3.70996999542093e-05 -7.72961256339402e-05 -7.49152020159061e-08  4.73501932204244e-05  7.72846629417908e-08 -4.73543194431851e-05
-1.93705697345344e-07 -1.11760332425006e-06      1.99952647702785  2.45106695772383e-05   -0.0147334854691476   -0.0119342380028953 -1.10866419629651e-05   0.00737041375123623  1.26083689450487e-05  -0.00737106238998413
 5.66146429103715e-06  2.16918307251396e-06  2.45106695772383e-05      1.99889600237398   -0.0149978886327438    0.0282110491314091 -1.02825178814048e-05   0.00616431739251542  9.54231164481834e-06  -0.00616484653378326
  9.6716147823243e-05  3.70996999542093e-05   -0.0147334854691476   -0.0149978886327438      1.00044516759189 -0.000249600310801601  2.92684330738736e-05 -0.000686440123829497  2.70366333490352e-05  0.000686409302622626
-0.000144699524537898 -7.72961256339402e-05   -0.0119342380028953    0.0282110491314091 -0.000249600310801601      1.00094208877269  2.72126508920051e-05  0.000571826626111007  2.90265182719079e-05  -0.00057196587302843
 1.56798685133407e-08 -7.49152020159061e-08 -1.10866419629651e-05 -1.02825178814048e-05  2.92684330738736e-05  2.72126508920051e-05      1.00000094150502  2.79809271153956e-05  3.09251624233234e-08  2.82789843361796e-05
 -8.8928011984282e-06  4.73501932204244e-05   0.00737041375123623   0.00616431739251542 -0.000686440123829497  0.000571826626111007  2.79809271153956e-05      1.00009438471466 -2.80056498350156e-05 -9.33655928984659e-05
-1.29544670085572e-08  7.72846629417908e-08  1.26083689450487e-05  9.54231164481834e-06  2.70366333490352e-05  2.90265182719079e-05  3.09251624233234e-08 -2.80056498350156e-05      1.00000076067114 -2.83039244186077e-05
 8.89354697224152e-06 -4.73543194431851e-05  -0.00737106238998413  -0.00616484653378326  0.000686409302622626  -0.00057196587302843  2.82789843361796e-05 -9.33655928984659e-05 -2.83039244186077e-05      1.00009422022036
TOTAL ENERGY: -127.162911090084	 lambda: 1	 population of target: 7.00000040386302
1RDM: 
     1.99999996939162 -1.41753436585574e-08 -1.94815696995555e-07  5.65866055825488e-06  9.66824362431394e-05 -0.000144665781994133  1.57955597925753e-08 -8.86408904775082e-06 -1.27463371746226e-08  8.86483183562198e-06
-1.41753436585574e-08      1.99999998774681 -1.11789484214598e-06  2.17023418725387e-06  3.71282199534041e-05 -7.73246555433606e-05 -7.47777214636379e-08  4.73491439901785e-05  7.74187206144486e-08 -4.73532707217961e-05
-1.94815696995555e-07 -1.11789484214598e-06      1.99952647667415  2.47228757494512e-05   -0.0147288845724679   -0.0119388414608837  -1.0999008064064e-05   0.00737201910774061  1.27010262806074e-05  -0.00737266817791863
 5.65866055825488e-06  2.17023418725387e-06  2.47228757494512e-05      1.99889636311332   -0.0149939782171561    0.0282071332667908 -1.03196402343504e-05   0.00615966351317352  9.49022156439284e-06   -0.0061601920933996
 9.66824362431394e-05  3.71282199534041e-05   -0.0147288845724679   -0.0149939782171561      1.00044506235876 -0.000249566989967258  3.27456050788597e-05 -0.000745748828833759  3.03201486328792e-05  0.000745712020690203
-0.000144665781994133 -7.73246555433606e-05   -0.0119388414608837    0.0282071332667908 -0.000249566989967258      1.00094212555419  3.04952454151131e-05  0.000631090991076075  3.24966804440668e-05 -0.000631246442395715
 1.57955597925753e-08 -7.47777214636379e-08  -1.0999008064064e-05 -1.03196402343504e-05  3.27456050788597e-05  3.04952454151131e-05      1.00000094908242  3.13589109696393e-05  3.51554544136365e-08   3.1656254280553e-05
-8.86408904775082e-06  4.73491439901785e-05   0.00737201910774061   0.00615966351317352 -0.000745748828833759  0.000631090991076075  3.13589109696393e-05      1.00009425253726 -3.13866266747996e-05 -9.32153676195485e-05
-1.27463371746226e-08  7.74187206144486e-08  1.27010262806074e-05  9.49022156439284e-06  3.03201486328792e-05  3.24966804440668e-05  3.51554544136365e-08 -3.13866266747996e-05       1.0000007465264 -3.16841644955683e-05
 8.86483183562198e-06 -4.73532707217961e-05  -0.00737266817791863   -0.0061601920933996  0.000745712020690203 -0.000631246442395715   3.1656254280553e-05 -9.32153676195485e-05 -3.16841644955683e-05      1.00009406701508
-------------------general-----------------------
mullikenoperator: 
   0.0010039493563622   -0.0312423744297381   0.00345911049890216  -0.00385693949520386 -0.000115578490409252 -2.63792674235828e-05 -1.26118476824202e-09  3.66280935066013e-07 -5.37379357799745e-11 -3.66362764677456e-07
  -0.0312423744297381     0.998998933156511  -0.00363205751787505  -0.00328272390427123  7.99466679462936e-05 -6.51108974577593e-05 -5.94242378969639e-10  2.41449520964995e-08 -5.38818020230516e-10 -2.41384168468143e-08
  0.00345911049890216  -0.00363205751787506     0.416883286252859    -0.492590848517785   0.00269287217711225   -0.0203335646208824 -4.57191503207239e-07  5.43221475779715e-05 -2.85992332134797e-07 -5.43369797643297e-05
 -0.00385693949520386   -0.0032827239042712    -0.492590848517785     0.583196398560548    0.0201620843688613   0.00066971043897248  2.68849312569805e-07 -5.22397948601954e-05  9.49912917247711e-08  5.22560424709632e-05
-0.000115578490409252   7.9946667946294e-05   0.00269287217711225    0.0201620843688613     0.499181208678313    -0.499585247150745 -1.41903434561215e-05  0.000255573900087221 -1.35740559292743e-05  -0.00025616432877977
-2.63792674235828e-05 -6.51108974577592e-05   -0.0203335646208823  0.000669710438972481    -0.499585247150745     0.500735952605553 -1.35659472286945e-05 -0.000258589359509588 -1.41658421536543e-05  0.000258043963896436
 -1.2611847682409e-09 -5.94242378982919e-10  -4.5719150320756e-07  2.68849312570437e-07 -1.41903434561262e-05 -1.35659472287016e-05     0.500442656265417 -0.000257123239345286     0.499999671458095 -0.000257113732828723
 3.66280935066016e-07  2.41449520964972e-08  5.43221475779713e-05 -5.22397948601955e-05  0.000255573900087222 -0.000258589359509587 -0.000257123239345265       0.5000423315442  0.000257363475593937     0.499999729799446
-5.37379357740568e-11 -5.38818020215781e-10 -2.85992332134494e-07  9.49912917245505e-08 -1.35740559292814e-05  -1.4165842153659e-05     0.499999671458094  0.000257363475593901     0.499557607638641  0.000257328790395462
-3.66362764677453e-07 -2.41384168468152e-08 -5.43369797643299e-05   5.2256042470963e-05 -0.000256164328779769  0.000258043963896437  -0.00025711373282873     0.499999729799446   0.00025732879039547     0.499957675941603
selected BF: 
0 1 2 3 4
selected lambdas: 
  -1 -0.9 -0.8 -0.7 -0.6 -0.5 -0.4 -0.3 -0.2 -0.1    0  0.1  0.2  0.3  0.4  0.5  0.6  0.7  0.8  0.9    1
RHF C: 
 5.83548250733072e-08     0.995388341632542    -0.260144137362478 -5.03349105478509e-05  0.000178504139509248  3.26730426417546e-05  1.07888779706017e-12   3.6084269106521e-11 -2.01255482777138e-11    1.082799930894e-13
-3.45758052497426e-07    0.0189027362590889      1.02864720893548  0.000199261233992509 -0.000714321039465371 -0.000129803350933885 -4.31358616842583e-12 -1.41690982414921e-10   7.9037361343634e-11 -4.20335095907851e-13
 9.51954354132533e-14  -6.7353508608969e-13  -6.7639069373919e-11 -9.19092403885635e-11 -2.33467015422592e-07  1.82972388506709e-09  0.000211770517662227      0.91238520469993     0.409332618586418  2.81455028041789e-05
 1.29538745709502e-13 -8.77380117108713e-13 -8.34561178586244e-11 -1.20974191211724e-10 -3.02842679742308e-07  2.54290367955845e-09 -0.000472026965960838     0.409332673171909    -0.912385083031319  1.26272038076673e-05
-8.68117749263067e-07  -2.1467260236059e-06 -0.000694373127626868  -0.00041618206353642      -0.9999995175423 -0.000569899667863926  7.44523129368622e-11 -3.36973668835078e-07  1.80742570100058e-07 -6.91386732886231e-12
    0.995027797981741  1.00988431125227e-07 -4.55545892045975e-05     0.263176325872362 -0.000124827711228549    0.0034908926923912  2.45031221786274e-11 -1.65701908450302e-11  8.96782573638165e-12  8.55823047388573e-11
   0.0201928601403884 -3.08878661099808e-07  0.000177888112147885     -1.02895817025574  0.000488763568740294   -0.0138335094613867 -9.71024009964362e-11  6.49810673121566e-11 -3.51715162502887e-11 -3.33518042328174e-10
 9.05744005160075e-13  -5.3702546376799e-16 -2.38264250445114e-14  1.10390497649262e-10 -3.57292667590856e-12  1.66600936084634e-08    -0.409332620584221  2.28945850615463e-05  0.000209414496458695    -0.912385204494343
-3.66099969462562e-13  9.11762798991701e-15  1.54751409857995e-12  2.69340733641121e-10 -7.73856381835449e-12 -1.65691204217314e-08     0.912385085380327  1.02711819109295e-05  -0.00046677604873989    -0.409332674023562
-4.72867554333415e-05  6.66223217233546e-07 -8.38447065210466e-05    0.0134422531430801  0.000452030363294392    -0.999909549325011 -2.19384932215395e-08   2.8644290051775e-09 -1.64232540733285e-09  -8.4144743454336e-09
RDM (no constraint): 
     1.99999999744038  4.36458269179838e-11  1.12537625078167e-08  6.90861609670086e-07 -2.21509251775337e-08 -4.80970383494021e-05   5.3676940520126e-13 -8.99642972739699e-14  6.19244727504857e-14 -3.75272654875275e-12
 4.36458269179838e-11      1.99999999824354 -1.08718110067939e-06 -1.54684046110551e-08 -3.94699603585856e-05 -8.15824821284525e-07  2.78812565022204e-12 -1.22002884265024e-11  6.56200701958939e-12 -1.28156977837684e-11
 1.12537625078167e-08 -1.08718110067939e-06      1.99927856964677 -1.17419047530988e-05   -0.0267453347021139 -2.43845251661451e-06 -1.45450992931735e-10 -8.95916203983163e-09  4.80088493316062e-09  6.56018740861665e-10
 6.90861609670086e-07 -1.54684046110551e-08 -1.17419047530988e-05      1.99980923732887 -0.000353517928616106    0.0136119282454986  2.30009132635629e-10 -4.57264886860816e-12  4.75891625803678e-12 -2.72813044518141e-10
-2.21509251775337e-08 -3.94699603585856e-05   -0.0267453347021139 -0.000353517928616106      1.00071414146019  -0.00377701139830688  3.03890289819295e-10   2.4584989251508e-10 -1.32796178213613e-10  -1.7758753738564e-09
-4.80970383494021e-05 -8.15824821284525e-07 -2.43845251661451e-06    0.0136119282454986  -0.00377701139830688      1.00019454089774  3.33670027056371e-12  -2.6071688822561e-09  1.24220067309748e-09 -4.54860378027081e-13
  5.3676940520126e-13  2.78812565022204e-12 -1.45450992931735e-10  2.30009132635629e-10  3.03890289819295e-10  3.33670027056371e-12       1.0000006864429 -7.15617700129792e-12  -0.00021687407726148 -4.65145556082953e-14
-8.99642972739699e-14 -1.22002884265024e-11 -8.95916203983163e-09 -4.57264886860816e-12   2.4584989251508e-10  -2.6071688822561e-09 -7.15617700129792e-12      1.00000086002653  5.30526170212528e-14 -0.000216875591005345
 6.19244727504857e-14  6.56200701958939e-12  4.80088493316062e-09  4.75891625803678e-12 -1.32796178213613e-10  1.24220067309748e-09  -0.00021687407726148  5.30526170212528e-14      1.00000107104824  2.56339253281526e-12
-3.75272654875275e-12 -1.28156977837684e-11  6.56018740861665e-10 -2.72813044518141e-10  -1.7758753738564e-09 -4.54860378027081e-13 -4.65145556082953e-14 -0.000216875591005345  2.56339253281526e-12      1.00000089746483
RDM Eigenvectors: 
    0.999487832397659   -0.0312715714151513   0.00510178741876714   0.00448677628862432   3.4151647216823e-05 -1.47354560969019e-11  3.09061967678244e-12 -2.92007443133077e-12  1.44796185254168e-11   3.3876129101139e-05
   0.0312797140927038     0.999495860492085   0.00263859634396337  -0.00475821347795446 -2.74259970736875e-05  2.02418315601923e-11 -6.65539589674585e-12 -2.80278580008024e-12  2.71442171912478e-12  2.84097561176923e-05
-3.54468952022786e-05  -0.00533767507238291     0.645494478134012    -0.763277489647623   -0.0189748136912989  6.82163623961904e-09 -2.84826110235258e-09  -3.0595221876152e-09  7.75388497391521e-09     0.018863109750059
  0.00675641801096882  -0.00126957582017021     -0.76348493213462    -0.645645388261344   -0.0099204551120844  5.27591666939702e-09 -1.21592450238506e-09  1.02828812165054e-09 -4.87908889190312e-09  -0.00933351935341168
-2.86504128731263e-06   0.00010389566742039   -0.0169673324969863    0.0206909450814498    -0.706333205627637  5.08840855905052e-07 -2.37638323666647e-07 -2.37708013918674e-07  5.09074324274321e-07     0.707373583224742
 4.38893998025766e-05 -1.69754203953631e-05   -0.0103322942418309  -0.00886676089399599     0.707555610340675 -3.60299429268592e-07  7.13989868304704e-08 -6.94973265017876e-08  3.57289847496856e-07     0.706526489459293
 2.18215364907561e-12   3.2904738535335e-12  -2.7534734969823e-10 -3.04393721302435e-11 -6.97883883728026e-08   0.00113612548331706     0.706792302174495    -0.707419296010904  -0.00113597411542552 -6.99715249149509e-08
-2.98690154530826e-13  3.57088057381253e-11 -5.75703908708986e-09  6.86966912338128e-09 -5.10471869901815e-07    -0.707075350863797   0.00113656461606697   0.00113550398021726    -0.707136385043157  5.08233223343367e-07
 1.83550701668877e-13 -1.91105690066878e-11  3.08482425384664e-09 -3.68129373761184e-09  2.37656000296086e-07  -0.00113711764309567    -0.707419294173666    -0.706792304060918  -0.00113495129607288 -2.36043457561609e-07
-6.01302318402714e-12 -1.60388190639009e-11  6.63080855804425e-10 -3.62772719621765e-10  3.59099483558715e-07     0.707136383155895  -0.00113667872379162   0.00113542165991836    -0.707075352700173  3.58787010421924e-07
Total C: 
  -0.0324547191185686     0.994200348107978    -0.173199631305357     0.197383136144196    0.0043902437504548   0.00279773654082136  3.71583843803889e-08 -2.31008470790289e-05 -3.79582512143999e-08  2.31041871279657e-05
  0.00465734518640434    0.0216064520559201      0.66374665915722    -0.785502211005205   -0.0169427637961591   -0.0111357951451334 -1.47609126310581e-07  9.17751385713468e-05  1.50707126782778e-07 -9.17883029537558e-05
 9.48109558224207e-10  8.04151041573801e-10  5.35750048784671e-07 -2.61328745253268e-07  2.00657390489736e-05  1.98032110834761e-05    -0.645754212687065    -0.288417731744473    -0.645481224165856    -0.288393303146235
 4.02198831247839e-10  3.62903343120415e-10  2.35647638870556e-07 -1.09836994189725e-07  8.58439585378478e-06   8.3527107190056e-06    -0.288867010675843     0.645644949981088    -0.287943749588938     0.645590307911589
-4.03620322641344e-05   2.5401298288972e-05     0.018844264403081    0.0107192966332277     0.706336034796001    -0.707544404121831 -3.39459998015636e-07  0.000403344288176122  6.48299064384116e-07 -0.000403484070823092
     0.99569875044782     0.029871920055261    -0.200938873159457    -0.163159738883797   0.00553146085426432  -0.00237770344463112  3.96612406229851e-06   -0.0024683223100124 -3.97055975647473e-06   0.00246853707978321
   0.0155667467900633   0.00552777677272901     0.785485446515512     0.664337865415394   -0.0216384303773649   0.00946840648477817 -1.57167199770015e-05    0.0097813262617896  1.57342550857932e-05  -0.00978217727303567
-3.09080788391949e-05 -2.59206389177316e-05    -0.017210421163473    0.0085157653894205    -0.645397094005303    -0.644624344722203    -0.289329515358623 -0.000613767070281906      0.28955358948778  0.000316918275834126
 -1.3866602847585e-05  -1.1629048793216e-05  -0.00772128996118941   0.00382051315287339    -0.289551337401736    -0.289204312230844     0.644860047801674   0.00136687427412142    -0.645445446299437 -0.000707189792913723
 1.26167062936655e-05 -6.50079891205793e-05   -0.0103228765809212  -0.00861972445834129 -4.02430552865465e-05  0.000201865918367254  -0.00113604028237714     0.707011396422783   0.00113702834474444    -0.707072420845904
Basis set used: STO-3G
Naturals: 
 1.99999999999953   1.9999999999788  1.99999551480007  1.99999361536415  1.00377424072269   1.0002177543375  1.00021775290809 0.999784004583058 0.999784003153868 0.996233114152262
Version: Tmhuysen's fci hack
