The Davidson algorithm did not converge.lambda: -1
The Davidson algorithm did not converge.lambda: -0.9
The Davidson algorithm did not converge.lambda: -0.8
The Davidson algorithm did not converge.lambda: -0.7
The Davidson algorithm did not converge.lambda: -0.6
The Davidson algorithm did not converge.lambda: -0.5
The Davidson algorithm did not converge.lambda: -0.4
The Davidson algorithm did not converge.lambda: -0.3
The Davidson algorithm did not converge.lambda: -0.2
The Davidson algorithm did not converge.lambda: -0.1
The Davidson algorithm did not converge.lambda: 0
TOTAL ENERGY: -127.16303720005	 lambda: 0.1	 population of target: 6.99997756051857
1RDM: 
     1.99999993640532 -2.89471744502833e-09  2.03815363059415e-06  9.96674747667672e-06  0.000124290878070173  -0.00018002373540569  1.31143642035522e-08  -8.3049561298985e-05  1.07493137535706e-08 -8.30764709271124e-05
-2.89471744502833e-09      1.99999998198787 -1.83361968608535e-06  2.03468002544928e-06  2.26144425165778e-05 -7.17705164958563e-05  9.44917775119075e-09  7.67689684131362e-05  1.16854405313763e-08  7.67934673543184e-05
 2.03815363059415e-06 -1.83361968608535e-06      1.99929879037064 -0.000125963757267067   -0.0198825853885034    -0.011293510625346  6.59251046653332e-06   0.00921379344017409  6.82006452134603e-06   0.00921672843593946
 9.96674747667672e-06  2.03468002544928e-06 -0.000125963757267067       1.9982867868671    -0.020263200527826    0.0348007018105174  -3.2027704436182e-06   0.00606926858802887 -3.03143124792913e-06   0.00607125555356551
 0.000124290878070173  2.26144425165778e-05   -0.0198825853885034    -0.020263200527826      1.00081009756227 -0.000483429950602956  0.000216010639638019  -0.00342655413591575  0.000215200810707537  -0.00342763975659294
 -0.00018002373540569 -7.17705164958563e-05    -0.011293510625346    0.0348007018105174 -0.000483429950602956      1.00134383654572  0.000214998365041648   0.00324074906628546  0.000214383859578837   0.00324180623613099
 1.31143642035522e-08  9.44917775119075e-09  6.59251046653332e-06  -3.2027704436182e-06  0.000216010639638019  0.000214998365041648      1.00000064459568  0.000214888459218407  7.69071042218504e-07 -0.000214823903409482
 -8.3049561298985e-05  7.67689684131362e-05   0.00921379344017409   0.00606926858802887  -0.00342655413591575   0.00324074906628546  0.000214888459218407       1.0001296087206 -0.000215602147167472  0.000126686525288913
 1.07493137535706e-08  1.16854405313763e-08  6.82006452134603e-06 -3.03143124792913e-06  0.000215200810707537  0.000214383859578837  7.69071042218504e-07 -0.000215602147167472      1.00000062744995   0.00021552982647861
-8.30764709271124e-05  7.67934673543184e-05   0.00921672843593946   0.00607125555356551  -0.00342763975659294   0.00324180623613099 -0.000214823903409482  0.000126686525288913   0.00021552982647861      1.00012968949486
TOTAL ENERGY: -127.163035379057	 lambda: 0.2	 population of target: 6.99999058201839
1RDM: 
      1.9999999365247 -2.82929231087387e-09  2.04418412506955e-06   9.9537260050555e-06  0.000124434948784027 -0.000180168798384829  9.74770443605566e-09 -8.29464905772239e-05  7.39553155066426e-09 -8.29733680782603e-05
-2.82929231087387e-09       1.9999999819887 -1.84560043762395e-06   2.0318757917042e-06  2.25181954405364e-05 -7.16735268801534e-05  6.45666585411887e-09  7.67514855913223e-05   8.7033228485218e-09  7.67759785593885e-05
 2.04418412506955e-06 -1.84560043762395e-06       1.9992967676893 -0.000126001477780186   -0.0198937347557776   -0.0112822521004504  4.68739543402944e-06   0.00925902673792339  4.92257702520571e-06   0.00926197592718519
  9.9537260050555e-06   2.0318757917042e-06 -0.000126001477780186      1.99828821211261   -0.0202708184252033    0.0348083744608552 -2.32161892805315e-06   0.00606095122746956 -2.15331089604236e-06    0.0060629356649028
 0.000124434948784027  2.25181954405364e-05   -0.0198937347557776   -0.0202708184252033      1.00081411613957 -0.000487261207806854  0.000154856853172226  -0.00253754354080231  0.000154274065500239  -0.00253835493664616
-0.000180168798384829 -7.16735268801534e-05   -0.0112822521004504    0.0348083744608552 -0.000487261207806854      1.00134740880914    0.0001541295317498   0.00234642909295642  0.000153689667237671   0.00234718790031933
 9.74770443605566e-09  6.45666585411887e-09  4.68739543402944e-06 -2.32161892805315e-06  0.000154856853172226    0.0001541295317498      1.00000086177047  0.000154050696079852  5.81720492394512e-07 -0.000154005166766094
-8.29464905772239e-05  7.67514855913223e-05   0.00925902673792339   0.00606095122746956  -0.00253754354080231   0.00234642909295642  0.000154050696079852      1.00012589301143 -0.000154562202717889  0.000123379008450368
 7.39553155066426e-09   8.7033228485218e-09  4.92257702520571e-06 -2.15331089604236e-06  0.000154274065500239  0.000153689667237671  5.81720492394512e-07 -0.000154562202717889      1.00000084932075  0.000154511365759822
-8.29733680782603e-05  7.67759785593885e-05   0.00926197592718519    0.0060629356649028  -0.00253835493664616   0.00234718790031933 -0.000154005166766094  0.000123379008450368  0.000154511365759822      1.00012597263331
TOTAL ENERGY: -127.16303427542	 lambda: 0.3	 population of target: 6.99999512395858
1RDM: 
     1.99999993659498 -2.82495855985108e-09  2.04566514244896e-06  9.94530294384801e-06  0.000124498586041964 -0.000180232873162824   8.1729408435535e-09 -8.28479271252124e-05  5.82727865675674e-09 -8.28747728138639e-05
-2.82495855985108e-09      1.99999998198298 -1.85183279665099e-06  2.03412485136632e-06  2.24991150131114e-05 -7.16541401302606e-05  5.05728658513281e-09  7.67001221322523e-05  7.30856999707188e-09  7.67245986023681e-05
 2.04566514244896e-06 -1.85183279665099e-06      1.99929566844833 -0.000125712614524523   -0.0198957505303545   -0.0112801895523492  3.79638106354253e-06    0.0092852805878345   4.0351821776026e-06   0.00928823821482481
 9.94530294384801e-06  2.03412485136632e-06 -0.000125712614524523      1.99828926496921   -0.0202721813651962    0.0348097493657751 -1.90937807096626e-06   0.00604924258802469 -1.74277411146538e-06   0.00605122325693689
 0.000124498586041964  2.24991150131114e-05   -0.0198957505303545   -0.0202721813651962      1.00081504953736 -0.000488164121458885  0.000126256329333776  -0.00212324995946178  0.000125779759478672   -0.0021239287892081
-0.000180232873162824 -7.16541401302606e-05   -0.0112801895523492    0.0348097493657751 -0.000488164121458885      1.00134826218251  0.000125662321510413   0.00192938126265913  0.000125304076433484   0.00193000568826489
  8.1729408435535e-09  5.05728658513281e-09  3.79638106354253e-06 -1.90937807096626e-06  0.000126256329333776  0.000125662321510413      1.00000096346941  0.000125597939653285  4.87116801101255e-07 -0.000125561451336326
-8.28479271252124e-05  7.67001221322523e-05    0.0092852805878345   0.00604924258802469  -0.00212324995946178   0.00192938126265913  0.000125597939653285        1.000124920262 -0.000126015011955465  0.000122603986426135
 5.82727865675674e-09  7.30856999707188e-09   4.0351821776026e-06 -1.74277411146538e-06  0.000125779759478672  0.000125304076433484  4.87116801101255e-07 -0.000126015011955465      1.00000095324172   0.00012597411897562
-8.28747728138639e-05  7.67245986023681e-05   0.00928823821482481   0.00605122325693689   -0.0021239287892081   0.00193000568826489 -0.000125561451336326  0.000122603986426135   0.00012597411897562       1.0001249993115
TOTAL ENERGY: -127.163033523449	 lambda: 0.4	 population of target: 6.99999730392766
1RDM: 
     1.99999993664474 -2.84077289451494e-09  2.04529873227866e-06  9.93867235167741e-06  0.000124528909892028 -0.000180263386399191  7.32489206264871e-09 -8.27571534531632e-05  4.98361193773151e-09 -8.27839702105517e-05
-2.84077289451494e-09      1.99999998197925 -1.85554802101399e-06  2.03786356303221e-06  2.25145134903606e-05 -7.16694606596745e-05   4.3038360778494e-09  7.66439289343938e-05  6.55841343222681e-09  7.66683874338869e-05
 2.04529873227866e-06 -1.85554802101399e-06      1.99929498297958 -0.000125293632365669   -0.0198936410193901   -0.0112822830690738  3.31660848138712e-06   0.00930326056956382  3.55786354068313e-06   0.00930622395566076
 9.93867235167741e-06  2.03786356303221e-06 -0.000125293632365669      1.99829020132655   -0.0202707530684035    0.0348083140564442 -1.68748355825961e-06   0.00603709289092601 -1.52185504594192e-06    0.0060390696649709
 0.000124528909892028  2.25145134903606e-05   -0.0198936410193901   -0.0202707530684035      1.00081521203426   -0.0004883764097766   0.00011086451568834  -0.00190080248213031  0.000110445090631362  -0.00190140998428792
-0.000180263386399191 -7.16694606596745e-05   -0.0112822830690738    0.0348083140564442   -0.0004883764097766      1.00134851692617   0.00011034224387527   0.00170524843463799  0.000110027924697109   0.00170580078823835
 7.32489206264871e-09   4.3038360778494e-09  3.31660848138712e-06 -1.68748355825961e-06   0.00011086451568834   0.00011034224387527      1.00000101825801  0.000110285621517151  4.34999522001957e-07 -0.000110254036827823
-8.27571534531632e-05  7.66439289343938e-05   0.00930326056956382   0.00603709289092601  -0.00190080248213031   0.00170524843463799  0.000110285621517151      1.00012453091474 -0.000110651902749419  0.000122322264424311
 4.98361193773151e-09  6.55841343222681e-09  3.55786354068313e-06 -1.52185504594192e-06  0.000110445090631362  0.000110027924697109  4.34999522001957e-07 -0.000110651902749419      1.00000100918521  0.000110616339043914
-8.27839702105517e-05  7.66683874338869e-05   0.00930622395566076    0.0060390696649709  -0.00190140998428792   0.00170580078823835 -0.000110254036827823  0.000122322264424311  0.000110616339043914      1.00012460975148
TOTAL ENERGY: -127.163032942499	 lambda: 0.5	 population of target: 6.99999860488117
1RDM: 
     1.99999993668334 -2.86580638356265e-09   2.0438571439966e-06  9.93289937508222e-06   0.00012454058225307 -0.000180275166642819  6.86080576017619e-09 -8.26726853096781e-05  4.52636847010685e-09 -8.26994749047318e-05
-2.86580638356265e-09      1.99999998197662 -1.85793846682087e-06  2.04226899455079e-06  2.25514751028953e-05 -7.17064203022933e-05  3.89596760328443e-09  7.65906189465693e-05  6.14701547318525e-09  7.66150604504205e-05
  2.0438571439966e-06 -1.85793846682087e-06      1.99929453497886 -0.000124789740658885    -0.019888926487759   -0.0112869946738572  3.05538416479556e-06   0.00931662705485094  3.29768199194756e-06   0.00931959471579959
 9.93289937508222e-06  2.04226899455079e-06 -0.000124789740658885       1.9982911069946   -0.0202675705935655    0.0348051165429767 -1.56641911954497e-06   0.00602505898498527  -1.4016938983166e-06   0.00602703188387249
  0.00012454058225307  2.25514751028953e-05    -0.019888926487759   -0.0202675705935655      1.00081511550217 -0.000488383100771623  0.000102478925387323   -0.0017799174033387  0.000102090607786362  -0.00178048634312297
-0.000180275166642819 -7.17064203022933e-05   -0.0112869946738572    0.0348051165429767 -0.000488383100771623      1.00134862210865  0.000101995708020562   0.00158325664503438  0.000101705349933935   0.00158376957190547
 6.86080576017619e-09  3.89596760328443e-09  3.05538416479556e-06 -1.56641911954497e-06  0.000102478925387323  0.000101995708020562      1.00000104809497  0.000101943353642941  4.07118704867253e-07 -0.000101914404358706
-8.26726853096781e-05  7.65906189465693e-05   0.00931662705485094   0.00602505898498527   -0.0017799174033387   0.00158325664503438  0.000101943353642941      1.00012426761613  -0.00010228193424821  0.000122117082586777
 4.52636847010685e-09  6.14701547318525e-09  3.29768199194756e-06  -1.4016938983166e-06  0.000102090607786362  0.000101705349933935  4.07118704867253e-07  -0.00010228193424821      1.00000103969723   0.00010224929602192
-8.26994749047318e-05  7.66150604504205e-05   0.00931959471579959   0.00602703188387249  -0.00178048634312297   0.00158376957190547 -0.000101914404358706  0.000122117082586777   0.00010224929602192      1.00012434634743
TOTAL ENERGY: -127.163032424663	 lambda: 0.6	 population of target: 6.99999954951891
1RDM: 
     1.99999993671488 -2.89650027550328e-09  2.04159841365713e-06  9.92752857890395e-06  0.000124539011023109 -0.000180273601139712  6.64864090842896e-09 -8.25920087301077e-05  4.31884091796463e-09 -8.26187725642407e-05
-2.89650027550328e-09      1.99999998197393 -1.85953580088514e-06  2.04713937085993e-06  2.26057444253255e-05 -7.17607939821531e-05  3.71084011616448e-09  7.65427025241066e-05  5.95900603504278e-09  7.65671292636518e-05
 2.04159841365713e-06 -1.85953580088514e-06      1.99929424789147 -0.000124207749516248    -0.019882100403242    -0.011293831806732  2.93636385547094e-06   0.00932701753961518  3.17919547302587e-06    0.0093299885184908
 9.92752857890395e-06  2.04713937085993e-06 -0.000124207749516248       1.9982920290102   -0.0202629686269898    0.0348004905544156 -1.51119893606316e-06   0.00601305901049993 -1.34702956778277e-06    0.0060150280619811
 0.000124539011023109  2.26057444253255e-05    -0.019882100403242   -0.0202629686269898       1.0008149249444 -0.000488341367761591  9.86591257453576e-05  -0.00172519741688024  9.82849656386112e-05  -0.00172574896529854
-0.000180273601139712 -7.17607939821531e-05    -0.011293831806732    0.0348004905544156 -0.000488341367761591       1.0013487244097  9.81936876267692e-05   0.00152780516503223  9.79142534760563e-05   0.00152830010701232
 6.64864090842896e-09  3.71084011616448e-09  2.93636385547094e-06 -1.51119893606316e-06  9.86591257453576e-05  9.81936876267692e-05      1.00000106169963   9.8143274008197e-05   3.9602196638667e-07 -9.81155274307288e-05
-8.25920087301077e-05  7.65427025241066e-05   0.00932701753961518   0.00601305901049993  -0.00172519741688024   0.00152780516503223   9.8143274008197e-05      1.00012398077729 -9.84692439208116e-05  0.000121854876866555
 4.31884091796463e-09  5.95900603504278e-09  3.17919547302587e-06 -1.34702956778277e-06  9.82849656386112e-05  9.79142534760563e-05   3.9602196638667e-07 -9.84692439208116e-05      1.00000105358713  9.84379256914484e-05
-8.26187725642407e-05  7.65671292636518e-05    0.0093299885184908    0.0060150280619811  -0.00172574896529854   0.00152830010701232 -9.81155274307288e-05  0.000121854876866555  9.84379256914484e-05      1.00012405899137
TOTAL ENERGY: -127.163031877543	 lambda: 0.7	 population of target: 7.00000039133663
1RDM: 
     1.99999993674142 -2.93190884793265e-09  2.03857108661928e-06   9.9222606686387e-06   0.00012452560392006 -0.000180260114038619  6.63683686029125e-09 -8.25119410110055e-05  4.31089753649574e-09 -8.25386786526012e-05
-2.93190884793265e-09      1.99999998197037 -1.86059799461981e-06  2.05248643885098e-06  2.26769265827161e-05 -7.18321739249037e-05  3.70154367957743e-09  7.65011916785957e-05  5.95083188372684e-09   7.6525602162849e-05
 2.03857108661928e-06 -1.86059799461981e-06      1.99929408639366  -0.00012353800608627   -0.0198731980468417   -0.0113027580858458  2.93067921037828e-06    0.0093352727828385  3.17372917416733e-06   0.00933824639222519
  9.9222606686387e-06  2.05248643885098e-06  -0.00012353800608627      1.99829300531634   -0.0202569664116382    0.0347944555959508 -1.50839142187023e-06   0.00600072066895841 -1.34466523022512e-06   0.00600268575299067
  0.00012452560392006  2.26769265827161e-05   -0.0198731980468417   -0.0202569664116382      1.00081472019805 -0.000488331047539691  9.84796674728812e-05  -0.00172332216217143  9.81061912749819e-05  -0.00172387313995826
-0.000180260114038619 -7.18321739249037e-05   -0.0113027580858458    0.0347944555959508 -0.000488331047539691      1.00134890208838  9.80150894736956e-05   0.00152548515186923  9.77361377873474e-05   0.00152597932044524
 6.63683686029125e-09  3.70154367957743e-09  2.93067921037828e-06 -1.50839142187023e-06  9.84796674728812e-05  9.80150894736956e-05      1.00000106234802  9.79647505290271e-05  3.99136353385314e-07 -9.79370487297896e-05
-8.25119410110055e-05  7.65011916785957e-05    0.0093352727828385   0.00600072066895841  -0.00172332216217143   0.00152548515186923  9.79647505290271e-05      1.00012358607802 -9.82901295242816e-05  0.000121457885134327
 4.31089753649574e-09  5.95083188372684e-09  3.17372917416733e-06 -1.34466523022512e-06  9.81061912749819e-05  9.77361377873474e-05  3.99136353385314e-07 -9.82901295242816e-05       1.0000010542281  9.82588586789411e-05
-8.25386786526012e-05   7.6525602162849e-05   0.00933824639222519   0.00600268575299067  -0.00172387313995826   0.00152597932044524 -9.79370487297896e-05  0.000121457885134327  9.82588586789411e-05      1.00012366463765
TOTAL ENERGY: -127.163031179832	 lambda: 0.8	 population of target: 7.00000131954612
1RDM: 
     1.99999993676387 -2.97238589431648e-09  2.03469507883967e-06  9.91683969009007e-06  0.000124499151610662 -0.000180233503750135  6.82235690589852e-09 -8.24282089813768e-05  4.50045390122119e-09 -8.24549201214899e-05
-2.97238589431648e-09      1.99999998196534 -1.86124686469871e-06  2.05844080069761e-06  2.27673012817348e-05 -7.19228319959385e-05  3.87156693110244e-09  7.64669009184083e-05  6.11444276886145e-09  7.64913031019587e-05
 2.03469507883967e-06 -1.86124686469871e-06      1.99929403743761 -0.000122758012838915   -0.0198619309213244   -0.0113140606372237  3.03693214417718e-06   0.00934183966567513  3.27975635860223e-06   0.00934481535896668
 9.91683969009007e-06  2.05844080069761e-06 -0.000122758012838915      1.99829407662541   -0.0202493622086452    0.0347868101217169  -1.5573729364374e-06    0.0059873971787473 -1.39388104253669e-06   0.00598935795084121
 0.000124499151610662  2.27673012817348e-05   -0.0198619309213244   -0.0202493622086452      1.00081457088878 -0.000488429258418595  0.000101893482384176  -0.00177382148794795  0.000101507253640686  -0.00177438853536664
-0.000180233503750135 -7.19228319959385e-05   -0.0113140606372237    0.0347868101217169 -0.000488429258418595      1.00134923801714  0.000101412924179513    0.0015758011123021    0.0001011242918436   0.00157631158107656
 6.82235690589852e-09  3.87156693110244e-09  3.03693214417718e-06  -1.5573729364374e-06  0.000101893482384176  0.000101412924179513      1.00000105021669   0.00010136089414821  4.17133646518004e-07 -0.000101332094068765
-8.24282089813768e-05  7.64669009184083e-05   0.00934183966567513    0.0059873971787473  -0.00177382148794795    0.0015758011123021   0.00010136089414821      1.00012299450277 -0.000101697547485807  0.000120835356302662
 4.50045390122119e-09  6.11444276886145e-09  3.27975635860223e-06 -1.39388104253669e-06  0.000101507253640686    0.0001011242918436  4.17133646518004e-07 -0.000101697547485807       1.0000010417816  0.000101665065310145
-8.24549201214899e-05  7.64913031019587e-05   0.00934481535896668   0.00598935795084121  -0.00177438853536664   0.00157631158107656 -0.000101332094068765  0.000120835356302662  0.000101665065310145      1.00012307180083
TOTAL ENERGY: -127.163030107049	 lambda: 0.9	 population of target: 7.00000257675066
1RDM: 
     1.99999993678193 -3.01929549520202e-09  2.02976155234139e-06  9.91098510047564e-06  0.000124455446183127 -0.000180189550757943  7.25264958812759e-09 -8.23342335728517e-05  4.92815277654125e-09 -8.23609147570071e-05
-3.01929549520202e-09      1.99999998195829  -1.8615166685611e-06  2.06525444323531e-06  2.28822770149577e-05 -7.20381824374349e-05  4.25254948300666e-09   7.6441288766022e-05  6.49629571422168e-09  7.64656820297044e-05
 2.02976155234139e-06  -1.8615166685611e-06      1.99929410521002 -0.000121828153422763   -0.0198476278571146   -0.0113284130278262  3.27987877780499e-06   0.00934691090943649  3.52230596747528e-06   0.00934988823444211
 9.91098510047564e-06  2.06525444323531e-06 -0.000121828153422763       1.9982952974334   -0.0202396909544876    0.0347770868278604 -1.66972038522208e-06   0.00597198246382962 -1.50613154313168e-06   0.00597393830420243
 0.000124455446183127  2.28822770149577e-05   -0.0198476278571146   -0.0202396909544876      1.00081458893112 -0.000488763899015488  0.000109700996610694  -0.00188877207708663   0.00010928575499667  -0.00188937564355061
-0.000180189550757943 -7.20381824374349e-05   -0.0113284130278262    0.0347770868278604 -0.000488763899015488      1.00134987332316  0.000109184040851138   0.00169085904023042  0.000108873119761588   0.00169140685270336
 7.25264958812759e-09  4.25254948300666e-09  3.27987877780499e-06 -1.66972038522208e-06  0.000109700996610694  0.000109184040851138      1.00000102244957  0.000109128067621928  4.54337770686896e-07  -0.00010909676157877
-8.23342335728517e-05   7.6441288766022e-05   0.00934691090943649   0.00597198246382962  -0.00188877207708663   0.00169085904023042  0.000109128067621928      1.00012205169676 -0.000109490496347066  0.000119827087695861
 4.92815277654125e-09  6.49629571422168e-09  3.52230596747528e-06 -1.50613154313168e-06   0.00010928575499667  0.000108873119761588  4.54337770686896e-07 -0.000109490496347066       1.0000010133484  0.000109455268906734
-8.23609147570071e-05  7.64656820297044e-05   0.00934988823444211   0.00597393830420243  -0.00188937564355061   0.00169140685270336  -0.00010909676157877  0.000119827087695861  0.000109455268906734      1.00012212886736
TOTAL ENERGY: -127.1630281292	 lambda: 1	 population of target: 7.00000464799455
1RDM: 
     1.99999993679298 -3.07527949596892e-09  2.02336747776184e-06   9.9043086831459e-06  0.000124384793953416 -0.000180118497015885  8.04287271418393e-09 -8.22179896027896e-05  5.71844547019616e-09 -8.22446339633439e-05
-3.07527949596892e-09      1.99999998194851 -1.86135631973859e-06  2.07338533715431e-06  2.30328174750074e-05 -7.21892518906016e-05  4.95601596477928e-09  7.64275938692488e-05   7.1980813165495e-09  7.64519806923053e-05
 2.02336747776184e-06 -1.86135631973859e-06      1.99929431556081 -0.000120676834720061   -0.0198289332627074   -0.0113471773996294  3.72777613729167e-06   0.00935042263824193  3.96877140719489e-06   0.00935340099968193
  9.9043086831459e-06  2.07338533715431e-06 -0.000120676834720061      1.99829675610872   -0.0202270098715978    0.0347643371737119 -1.87661029030797e-06   0.00595236369470116 -1.71299643882245e-06   0.00595431325167797
 0.000124384793953416  2.30328174750074e-05   -0.0198289332627074   -0.0202270098715978       1.0008150262485 -0.000489619896257194  0.000124084030508715  -0.00210100017605939  0.000123615251043024  -0.00210167168743897
-0.000180118497015885 -7.21892518906016e-05   -0.0113471773996294    0.0347643371737119 -0.000489619896257194      1.00135112005848  0.000123499921606849   0.00190359680098577   0.00012314805287305   0.00190421313407964
 8.04287271418393e-09  4.95601596477928e-09  3.72777613729167e-06 -1.87661029030797e-06  0.000124084030508715  0.000123499921606849      1.00000097131191  0.000123436716962047  5.21711914765596e-07 -0.000123400790621293
-8.22179896027896e-05  7.64275938692488e-05   0.00935042263824193   0.00595236369470116  -0.00210100017605939   0.00190359680098577  0.000123436716962047      1.00012042760836 -0.000123846628797603  0.000118082968871051
 5.71844547019616e-09   7.1980813165495e-09  3.96877140719489e-06 -1.71299643882245e-06  0.000123615251043024   0.00012314805287305  5.21711914765596e-07 -0.000123846628797603      1.00000096098473  0.000123806340786415
-8.22446339633439e-05  7.64519806923053e-05   0.00935340099968193   0.00595431325167797  -0.00210167168743897   0.00190421313407964 -0.000123400790621293  0.000118082968871051  0.000123806340786415      1.00012050337705
-------------------general-----------------------
mullikenoperator: 
 9.97460007483851e-05   0.00840616753423671   0.00293246989213099  -0.00452300401931124 -0.000118035992087351 -3.90677540936123e-05 -2.98632707969356e-09  1.30137895662344e-06 -3.05924864461475e-09  1.30179905410265e-06
  0.00840616753423671     0.999885119182826  -0.00556205437845919  -0.00363770736305974  0.000162180006882763 -9.11354244182176e-05 -2.63126023251006e-09 -2.80366606951142e-07 -2.47548062739012e-09 -2.80470028343901e-07
  0.00293246989213099  -0.00556205437845916      0.30610866626744    -0.460147110835931   0.00766039300162708   -0.0239275500513758 -1.68030543675025e-06  0.000166598127029978 -1.66449147125835e-06  0.000166650350281736
 -0.00452300401931124  -0.00363770736305977    -0.460147110835931     0.694198481175351    0.0226961519916435   0.00164796736459955  7.79476677184816e-07 -0.000194475168121739   7.9391924215515e-07   -0.0001945390257104
-0.000118035992087351  0.000162180006882763   0.00766039300162709    0.0226961519916435     0.497388709786982    -0.499417690928524 -5.43862062264775e-05  0.000817256684940655 -5.37351986679398e-05  0.000817537621437751
-3.90677540936123e-05 -9.11354244182176e-05   -0.0239275500513758   0.00164796736459955    -0.499417690928524     0.502316501404182 -5.36830995384616e-05 -0.000828779982734562 -5.39804035548816e-05  -0.00082902939231312
-2.98632707969714e-09 -2.63126023251762e-09 -1.68030543675073e-06  7.79476677185448e-07 -5.43862062264767e-05 -5.36830995384585e-05     0.501650960990246 -0.000957137672235756     0.499995436996706  0.000956829081562551
 1.30137895662342e-06 -2.80366606951136e-07  0.000166598127029979 -0.000194475168121739  0.000817256684940655 -0.000828779982734562 -0.000957137672235794     0.500160027456625  0.000960299116919606    -0.499996742798757
-3.05924864460925e-09  -2.4754806273823e-09 -1.66449147125781e-06  7.93919242154409e-07 -5.37351986679368e-05 -5.39804035548808e-05     0.499995436996706  0.000960299116919641     0.498352702767046 -0.000959990858198762
 1.30179905410267e-06 -2.80470028343878e-07  0.000166650350281736   -0.0001945390257104  0.000817537621437751  -0.00082902939231312  0.000956829081562564    -0.499996742798757 -0.000959990858198743     0.499839084968557
selected BF: 
0 1 2 3 4
selected lambdas: 
  -1 -0.9 -0.8 -0.7 -0.6 -0.5 -0.4 -0.3 -0.2 -0.1    0  0.1  0.2  0.3  0.4  0.5  0.6  0.7  0.8  0.9    1
RHF C: 
 2.65151652250344e-07     0.995388337999166    -0.260144012134718 -0.000191797811487786  0.000244638574722438  0.000116290905522554 -2.41939722163342e-11  1.78875966297575e-11  1.49444433296169e-10  2.77537065494019e-12
-1.57069308385025e-06    0.0189027506436497      1.02864665464246  0.000759248812336789 -0.000978978464939072  -0.00046204903729476  9.67842785442826e-11 -7.06027894401347e-11 -5.87080917139399e-10 -1.10691321284927e-11
 -7.8666568256774e-13  1.96427669841647e-12  1.60144559973377e-10  6.71632516312314e-10  5.10619728479084e-07 -1.32728963521122e-08 -0.000873162842619878    -0.891815219552414    -0.452398984188477  0.000107403430467962
-1.34968549517206e-12  3.37650728244863e-12  3.31176266548268e-10  1.13961659758158e-09   8.6175563209231e-07 -2.29147093207985e-08  -0.00172126479485921     0.452399823540981     -0.89181356493809  -5.4483587992874e-05
-3.64254751786187e-06 -2.94283705074665e-06 -0.000951419206261335  -0.00132327196199547    -0.999997055573652  -0.00186080110578332 -1.53843445408681e-09 -6.55175282455771e-08 -9.99479915763752e-07 -2.79239604497963e-11
    0.995027798084165  4.63392828892749e-07  -0.00017022300337812     0.263168265125212 -0.000410669938720699   0.00403135272614855 -1.40369061093222e-10 -1.09656271635288e-11 -1.70983591917926e-10  6.45208557247108e-11
   0.0201928583230827 -1.42147377030901e-06   0.00066454780229226     -1.02892583266839   0.00160885511553152   -0.0159751678712727  5.56284689265777e-10  4.30428433963937e-11  6.71269069754985e-10 -2.51405666750966e-10
 4.07465698212312e-12 -9.94172784614293e-14 -1.29479307820276e-11 -8.86762734177033e-10  3.49839597711184e-11   8.6874284102722e-08     0.452399006594751 -8.43332734355335e-05 -0.000861459814454879    -0.891815222047794
 3.92262943405054e-12 -1.80147260805294e-13 -3.18694579659531e-11 -1.25714652654455e-09  1.16469651347074e-10   1.0484923813706e-07     0.891813609182477  4.27805384406327e-05   -0.0016981946801208     0.452399824768712
-5.46007777698519e-05  2.84602165369268e-06 -0.000274124104443271    0.0155252416127563   0.00141014512023134    -0.999878552393868   1.3286820220248e-07  1.56025411741186e-09  2.76106174979493e-08 -3.00420105424539e-08
RDM (no constraint): 
     1.99999999648398    1.809638714635e-10  4.53662459336329e-08  9.39029008841464e-07 -1.21262690509049e-07 -5.58124278924278e-05  2.01147101100053e-12 -1.84391506322303e-14 -2.19042732144202e-13  1.95508912877236e-13
   1.809638714635e-10      1.99999999696679 -1.55413549051553e-06 -5.95165443004789e-08 -4.66442988790068e-05 -2.84463789748811e-06  1.32666736198746e-13 -2.82720974308461e-12  -4.2643481305839e-11 -4.89502538474436e-15
 4.53662459336329e-08 -1.55413549051553e-06      1.99899672299664 -4.47483732306657e-05   -0.0314720508463905 -1.87814324800883e-05  1.21594995199089e-11 -2.06921022345792e-09 -3.10908117068728e-08 -3.71403465373568e-12
 9.39029008841464e-07 -5.95165443004789e-08 -4.47483732306657e-05      1.99974111134893  -0.00111899143429549    0.0157668454858276 -5.57581324699329e-10 -1.28712375429337e-11 -2.12569983309895e-10  2.48464545193997e-10
-1.21262690509049e-07 -4.66442988790068e-05   -0.0314720508463905  -0.00111899143429549      1.00094492356568   -0.0120090652879974   2.3185722589033e-09  7.95861220500618e-11  1.24324725620244e-09 -3.93684217847202e-10
-5.58124278924278e-05 -2.84463789748811e-06 -1.87814324800883e-05    0.0157668454858276   -0.0120090652879974      1.00031156633695 -5.95226021683987e-11 -8.12188287314775e-10 -1.21222778244365e-08  7.14123166011578e-12
 2.01147101100053e-12  1.32666736198746e-13  1.21594995199089e-11 -5.57581324699329e-10   2.3185722589033e-09 -5.95226021683987e-11     0.999998719262093  1.77776814455442e-14 -0.000818990743419151  1.87095492456197e-14
-1.84391506322303e-14 -2.82720974308461e-12 -2.06921022345792e-09 -1.28712375429337e-11  7.95861220500618e-11 -8.12188287314775e-10  1.77776814455442e-14      1.00000115772267  1.86728852736085e-14  0.000818996684069646
-2.19042732144202e-13  -4.2643481305839e-11 -3.10908117068728e-08 -2.12569983309895e-10  1.24324725620244e-09 -1.21222778244365e-08 -0.000818990743419151  1.86728852736085e-14      1.00000412188834  6.14728240837284e-14
 1.95508912877236e-13 -4.89502538474436e-15 -3.71403465373568e-12  2.48464545193997e-10 -3.93684217847202e-10  7.14123166011578e-12  1.87095492456197e-14  0.000818996684069646  6.14728240837284e-14      1.00000168342782
RDM Eigenvectors: 
    0.999942322333132  -0.00839636381029746  -0.00540431295144458  -0.00395516952566647 -3.99569189679532e-05 -1.19207720904544e-12 -2.39838380175131e-12 -4.61146524741682e-12  1.32030220334952e-12 -3.89971779565077e-05
 -0.00838013161933002    -0.999940778796492  -0.00188886647788314    0.0066814891135829  3.12843055025647e-05 -2.19719481660651e-13 -2.94772844839781e-12  2.73601782920293e-12 -1.14218461984802e-13 -3.46677711678725e-05
 0.000357409888603177   0.00660537048913578    -0.553303564208033     0.832357858152582    0.0224704742320853  2.26964783136416e-12 -2.67838620294614e-10  3.59191419906713e-10 -3.31285475455798e-12   -0.0220653786052298
   0.0067078143050446    0.0020689795671743     0.832699040298763     0.553454725086318     0.012111394607912  8.09354489363313e-11  6.19491953846998e-11  1.93318840525541e-09 -1.99297101294972e-10    0.0102085374368648
-1.91058569758367e-05 -0.000164166161562496    0.0163419544019349   -0.0269500114453154     0.705109211741411 -4.64936206094933e-08  -7.0841769533651e-07  7.08585893457104e-07  -4.6542230210082e-08    -0.708397917564879
 5.02140772037926e-05   3.7793571078193e-05    0.0129475955869592    0.0090373929659418    -0.708639110443421  -1.8995353695129e-08 -6.96186581723072e-08 -1.06954111085176e-07  2.10632768040212e-08    -0.705394423352657
-1.76217462017555e-12  -1.4714376869553e-12  -4.4775167100015e-10 -3.40101606193186e-10  8.97763065691639e-08 -1.03773815754533e-05    -0.705939683621456    -0.708271955448406  1.02968506202712e-05  8.68616334284282e-08
 -8.6140918431481e-13 -1.09100020653553e-11  1.12514837596679e-09 -1.73885988615926e-09  4.74163746787549e-08     0.706993300953083 -1.03929042153841e-05  1.02815950866605e-05     0.707220243059923 -4.55572541375398e-08
-1.30307905276114e-11  -1.6382529985026e-10    1.688963162029e-08 -2.61398743337693e-08  7.25088074355255e-07  1.04117167752887e-05      0.70827195544638    -0.705939683622776  1.02629620234414e-05  -6.9131409084471e-07
 1.86804426366446e-12  5.48883663441693e-13  2.03532071086275e-10  1.43674165404694e-10    -2.00905995122e-08     0.707220243058248 -1.03962222726889e-05 -1.02782452628411e-05     -0.70699330095476  -1.9964366521782e-08
Total C: 
 -0.00695072901013387    -0.994839288663535     0.150359370698495    -0.214665417823414  -0.00423700481359528    -0.003505713988603 -1.06534011708599e-09  8.22167052298594e-05 -3.19338221847733e-09  8.22431194691903e-05
 -0.00572237725285453   -0.0208395519349198    -0.568419032609346     0.857000534044292    0.0160962450952796    0.0140198192847668   4.2277818708241e-09 -0.000326664879842408  1.19483352284261e-08 -0.000326769788248129
-4.20964112137272e-09 -3.70762149705593e-09  -2.3582716463605e-06   1.1014873878757e-06 -7.63345927541677e-05 -7.60377027801733e-05     0.632259451476659    -0.319954889154836     0.628944674159231     0.319852217164127
 2.07933840045119e-09  1.92075248815039e-09  1.22249631780663e-06 -5.43801987602609e-07  3.95669573098436e-05  3.77547092726537e-05    -0.319216181414649    -0.630703953076932    -0.320595264494313     0.630501567925445
 4.67147051042519e-05 -3.53553489500914e-05    -0.023045440987388   -0.0136360064493566    -0.705087020795028     0.708612746148818 -2.29849447808789e-08  -0.00131632818428602 -6.99290016325729e-07  -0.00131526949386427
    0.993930464556622  -0.00658026269875115     0.219490766373493     0.152179464166728  -0.00740374785851402   0.00271713212765183 -4.18560780984686e-08   0.00285013877211038  3.46888242759169e-08   0.00285105442361133
   0.0242576259697198  -0.00704375908072662    -0.856758839464511    -0.568755563058264    0.0288744568913285   -0.0104292860515252  1.65851273410616e-07   -0.0112943343256867 -1.37891786363073e-07   -0.0112979627593867
 3.47782834838757e-05  3.09172388742176e-05    0.0196782396690414  -0.00910412955412029     0.631759725692543     0.629081452756015    -0.319306767029425 -0.000613842377798776     0.320481670931437  0.000604423187809176
-1.76423095516271e-05 -1.56837044184863e-05  -0.00998237467944734   0.00461833988237595    -0.320479725324584    -0.319120375739092     -0.62959689556216  -0.00121021223038895     0.631616038211805   0.00119140544997444
-0.000114601377505851  0.000101905341920328    0.0131059172744951   0.00838097352287144  0.000571489496948636 -0.000862487971957892  1.02813409684276e-05    -0.706907418744147 -1.03168345950478e-05    -0.707134372400795
Basis set used: STO-3G
Naturals: 
 1.99999999999746  1.99999999980735  1.99999403670835  1.99998575148396  1.01199193203536   1.0008204173015  1.00082041577356 0.999182425376879 0.999182423848998 0.988022597666499
Version: Tmhuysen's fci hack
