The Davidson algorithm did not converge.lambda: -1
The Davidson algorithm did not converge.lambda: -0.9
The Davidson algorithm did not converge.lambda: -0.8
The Davidson algorithm did not converge.lambda: -0.7
The Davidson algorithm did not converge.lambda: -0.6
The Davidson algorithm did not converge.lambda: -0.5
The Davidson algorithm did not converge.lambda: -0.4
The Davidson algorithm did not converge.lambda: -0.3
The Davidson algorithm did not converge.lambda: -0.2
The Davidson algorithm did not converge.lambda: -0.1
TOTAL ENERGY: -127.163137277522	 lambda: 0	 population of target: 6.99971664002944
1RDM: 
     1.99999998470791  2.24716157935906e-08  2.09330047550794e-06 -3.14837726007298e-06  4.31462570250621e-05  9.70719240420991e-12  2.55462101860561e-12  1.07707739823414e-11   9.0491683536434e-12 -0.000112519141792159
 2.24716157935906e-08      1.99999984459302  -2.5148676260869e-06  1.55986060751383e-05  0.000233194842643678  1.83625224786626e-11  1.94044023483809e-11 -9.68712170523483e-12 -2.93015765023953e-11  0.000305050840389965
 2.09330047550794e-06  -2.5148676260869e-06      1.99970154822616  0.000379594398078943  -0.00839240190343385 -1.75559342124098e-09 -5.64094355793524e-10 -9.85953815606957e-10 -9.24876669891575e-10    0.0149649005996333
-3.14837726007298e-06  1.55986060751383e-05  0.000379594398078943      1.99835009389364   -0.0179616907242751 -1.41079664388077e-09 -1.76433298980914e-09 -5.75437032948207e-10  1.46907353698373e-09   -0.0363284698357088
 4.31462570250621e-05  0.000233194842643678  -0.00839240190343385   -0.0179616907242751      1.02086201589849  3.86186217690507e-10 -5.64339063571233e-10 -4.60883056962887e-10 -2.48315102397468e-09  0.000515765740376155
 9.70719240420991e-12  1.83625224786626e-11 -1.75559342124098e-09 -1.41079664388077e-09  3.86186217690507e-10      1.00152893475815  6.57468816876615e-15 -3.63404292629233e-06 -4.02780040717403e-08 -1.46406179553118e-09
 2.55462101860561e-12  1.94044023483809e-11 -5.64094355793524e-10 -1.76433298980914e-09 -5.64339063571233e-10  6.57468816876615e-15      1.00152893475791 -4.02779406113352e-08  3.63404293241371e-06 -2.58939946904675e-09
 1.07707739823414e-11 -9.68712170523483e-12 -9.85953815606957e-10 -5.75437032948207e-10 -4.60883056962887e-10 -3.63404292629233e-06 -4.02779406113352e-08     0.998474756338618 -3.07098498326368e-15  1.35884319164982e-09
  9.0491683536434e-12 -2.93015765023953e-11 -9.24876669891575e-10  1.46907353698373e-09 -2.48315102397468e-09 -4.02780040717403e-08  3.63404293241371e-06 -3.07098498326368e-15     0.998474756338385  1.42967462623408e-09
-0.000112519141792159  0.000305050840389965    0.0149649005996333   -0.0363284698357088  0.000515765740376155 -1.46406179553118e-09 -2.58939946904675e-09  1.35884319164982e-09  1.42967462623408e-09     0.981079130487697
TOTAL ENERGY: -127.163130161932	 lambda: 0.1	 population of target: 6.99993469496968
1RDM: 
     1.99999998434322  2.30113357277281e-08  2.14603321029193e-06 -3.17555134225538e-06  4.44825336312694e-05  9.75313978012396e-12  2.54190792594718e-12  1.07289630993981e-11  8.88446196443554e-12 -0.000112376471421758
 2.30113357277281e-08      1.99999984888852 -2.53040984819827e-06  1.54170182730004e-05  0.000232022080103302  1.83687829778728e-11  1.94940527916993e-11 -9.70924088349158e-12 -2.92230437111413e-11   0.00030554460657298
 2.14603321029193e-06 -2.53040984819827e-06      1.99969435059121  0.000381558190548615  -0.00861498646519874 -1.76052200472315e-09 -5.57131249668476e-10 -9.82112871767867e-10 -9.00602416873224e-10    0.0149798915428989
-3.17555134225538e-06  1.54170182730004e-05  0.000381558190548615      1.99835880500589   -0.0178536168999388 -1.40282887390003e-09 -1.75766486333457e-09 -5.80350470086661e-10  1.45366271901117e-09   -0.0362563030736157
 4.44825336312694e-05  0.000232022080103302  -0.00861498646519874   -0.0178536168999388      1.01106771271262  2.26387715015536e-10  -2.6768036932016e-10 -2.35028742867178e-10 -1.31242889816386e-09  0.000593044968257621
 9.75313978012396e-12  1.83687829778728e-11 -1.76052200472315e-09 -1.40282887390003e-09  2.26387715015536e-10      1.00080524910605  1.51596984553697e-14  -1.9191333872527e-06  4.24490046991607e-07 -7.48802154104003e-10
 2.54190792594718e-12  1.94940527916993e-11 -5.57131249668476e-10 -1.75766486333457e-09  -2.6768036932016e-10  1.51596984553697e-14      1.00080524910611  4.24490080269598e-07  1.91913339046786e-06 -1.32894683685518e-09
 1.07289630993981e-11 -9.70924088349158e-12 -9.82112871767867e-10 -5.80350470086661e-10 -2.35028742867178e-10  -1.9191333872527e-06  4.24490080269598e-07     0.999198401477345  -1.6127636755586e-14  7.09753877870614e-10
 8.88446196443554e-12 -2.92230437111413e-11 -9.00602416873224e-10  1.45366271901117e-09 -1.31242889816386e-09  4.24490046991607e-07  1.91913339046786e-06  -1.6127636755586e-14     0.999198401477405  7.04193171482162e-10
-0.000112376471421758   0.00030554460657298    0.0149798915428989   -0.0362563030736157  0.000593044968257621 -7.48802154104003e-10 -1.32894683685518e-09  7.09753877870614e-10  7.04193171482162e-10     0.990871997291665
TOTAL ENERGY: -127.163124856883	 lambda: 0.2	 population of target: 6.99997263051699
1RDM: 
      1.9999999841939  2.32653684567342e-08  2.16830512894698e-06 -3.19152400060731e-06  4.49795520475658e-05  9.76311714263806e-12  2.52510891252536e-12  1.07201224346288e-11  8.83107136450081e-12 -0.000112417778134349
 2.32653684567342e-08      1.99999984967382 -2.55377634633339e-06  1.53818157979477e-05  0.000231547496107835  1.83732419413102e-11  1.95310335367264e-11 -9.71674165274193e-12 -2.91914282222501e-11  0.000305751451820982
 2.16830512894698e-06 -2.55377634633339e-06      1.99969116341709  0.000383758603063606  -0.00869043297895186 -1.76091138044465e-09 -5.52498888908873e-10   -9.821012103833e-10 -8.93877586596099e-10    0.0150033588013558
-3.19152400060731e-06  1.53818157979477e-05  0.000383758603063606      1.99836024964737   -0.0177923393593128 -1.40124961618544e-09  -1.7586162948397e-09 -5.81192778018227e-10  1.44729891180824e-09   -0.0362526467376501
 4.49795520475658e-05  0.000231547496107835  -0.00869043297895186   -0.0177923393593128      1.00802879010498  1.75043897423215e-10 -1.79210450273396e-10  -1.6618730768643e-10 -9.43478445921613e-10  0.000587200188511867
 9.76311714263806e-12  1.83732419413102e-11 -1.76091138044465e-09 -1.40124961618544e-09  1.75043897423215e-10      1.00057834740554 -3.61462157474293e-15 -1.37877678552541e-06  4.10475646540469e-07 -5.30417859960077e-10
 2.52510891252536e-12  1.95310335367264e-11 -5.52498888908873e-10  -1.7586162948397e-09 -1.79210450273396e-10 -3.61462157474293e-15      1.00057834740564  4.10475670478232e-07  1.37877678783476e-06 -9.33205637285909e-10
 1.07201224346288e-11 -9.71674165274193e-12   -9.821012103833e-10 -5.81192778018227e-10  -1.6618730768643e-10 -1.37877678552541e-06  4.10475670478232e-07     0.999425296594254    2.067302406063e-15  5.09044838256954e-10
 8.83107136450081e-12 -2.91914282222501e-11 -8.93877586596099e-10  1.44729891180824e-09 -9.43478445921613e-10  4.10475646540469e-07  1.37877678783476e-06    2.067302406063e-15     0.999425296594353  4.82383395548954e-10
-0.000112417778134349  0.000305751451820982    0.0150033588013558   -0.0362526467376501  0.000587200188511867 -5.30417859960077e-10 -9.33205637285909e-10  5.09044838256954e-10  4.82383395548954e-10     0.993912674963073
TOTAL ENERGY: -127.163121640493	 lambda: 0.3	 population of target: 6.99998586689126
1RDM: 
     1.99999998410479   2.3407927441671e-08  2.18181428722357e-06 -3.20243418231722e-06  4.52590181495027e-05  9.76467986326663e-12   2.5088134739392e-12  1.07192141432249e-11  8.80530713390048e-12 -0.000112494929800224
  2.3407927441671e-08      1.99999984996438 -2.57187266549286e-06  1.53679560511809e-05  0.000231248681916358   1.8376254583438e-11  1.95557645974675e-11 -9.72166989123065e-12 -2.91708077569341e-11  0.000305886957665706
 2.18181428722357e-06 -2.57187266549286e-06      1.99968918057465  0.000385655484110568  -0.00872755728809645 -1.76016416251268e-09 -5.48604561652329e-10  -9.8307376792316e-10 -8.91607970835026e-10    0.0150282786831694
-3.20243418231722e-06  1.53679560511809e-05  0.000385655484110568      1.99836062877242     -0.01774559794833 -1.40085937739613e-09  -1.7610129404129e-09 -5.81185692958363e-10  1.44317149911838e-09   -0.0362619298284621
 4.52590181495027e-05  0.000231248681916358  -0.00872755728809645     -0.01774559794833      1.00661515423719  1.50040229592513e-10 -1.37887805232709e-10 -1.31909218280364e-10 -7.73362098327418e-10  0.000579563410990948
 9.76467986326663e-12   1.8376254583438e-11 -1.76016416251268e-09 -1.40085937739613e-09  1.50040229592513e-10      1.00047237651041  4.36858938541978e-15 -1.12604259695883e-06  3.79861057970001e-07 -4.26990501214022e-10
  2.5088134739392e-12  1.95557645974675e-11 -5.48604561652329e-10  -1.7610129404129e-09 -1.37887805232709e-10  4.36858938541978e-15      1.00047237651028  3.79861077385979e-07  1.12604259884924e-06 -7.50793693140561e-10
 1.07192141432249e-11 -9.72166989123065e-12  -9.8307376792316e-10 -5.81185692958363e-10 -1.31909218280364e-10 -1.12604259695883e-06  3.79861077385979e-07     0.999531265405423 -2.41072953447804e-15  4.15084118827718e-10
 8.80530713390048e-12 -2.91708077569341e-11 -8.91607970835026e-10  1.44317149911838e-09 -7.73362098327418e-10  3.79861057970001e-07  1.12604259884924e-06 -2.41072953447804e-15     0.999531265405295  3.80539095110121e-10
-0.000112494929800224  0.000305886957665706    0.0150282786831694   -0.0362619298284621  0.000579563410990948 -4.26990501214022e-10 -7.50793693140561e-10  4.15084118827718e-10  3.80539095110121e-10      0.99532791851521
TOTAL ENERGY: -127.163119444945	 lambda: 0.4	 population of target: 6.99999223137055
1RDM: 
     1.99999998404185  2.34988803125999e-08  2.19143180628706e-06 -3.21068514021751e-06  4.54423467214878e-05  9.76302184286333e-12  2.49343978054847e-12  1.07212774152458e-11  8.79140876019138e-12 -0.000112582438189567
 2.34988803125999e-08      1.99999985011424 -2.58704156986338e-06  1.53600805415843e-05  0.000231018950080104  1.83788378273619e-11  1.95751911386737e-11 -9.72513862636476e-12 -2.91545528741056e-11  0.000305992505949372
 2.19143180628706e-06 -2.58704156986338e-06      1.99968774058423  0.000387368067669362    -0.008747459593245 -1.75894832014496e-09 -5.45053675816865e-10 -9.84457440160144e-10 -8.91355602089062e-10     0.015053748378478
-3.21068514021751e-06  1.53600805415843e-05  0.000387368067669362      1.99836076789702   -0.0177059863806383 -1.40090456881541e-09 -1.76365805825554e-09 -5.80956645135652e-10   1.4399111120281e-09   -0.0362744236750804
 4.54423467214878e-05  0.000231018950080104    -0.008747459593245   -0.0177059863806383      1.00585871046547  1.36978311822471e-10 -1.16263422684116e-10 -1.13920373669423e-10 -6.81891004299233e-10   0.00057426500647271
 9.76302184286333e-12  1.83788378273619e-11 -1.75894832014496e-09 -1.40090456881541e-09  1.36978311822471e-10      1.00041552871756  5.01934363317901e-15  -9.8999485323516e-07  3.59444933494605e-07 -3.72049744648541e-10
 2.49343978054847e-12  1.95751911386737e-11 -5.45053675816865e-10 -1.76365805825554e-09 -1.16263422684116e-10  5.01934363317901e-15       1.0004155287176  3.59444950669044e-07   9.8999485490241e-07 -6.52744124069111e-10
 1.07212774152458e-11 -9.72513862636476e-12 -9.84457440160144e-10 -5.80956645135652e-10 -1.13920373669423e-10  -9.8999485323516e-07  3.59444950669044e-07      0.99958811233585 -5.59031292920017e-15  3.65203713523858e-10
 8.79140876019138e-12 -2.91545528741056e-11 -8.91355602089062e-10   1.4399111120281e-09 -6.81891004299233e-10  3.59444933494605e-07   9.8999485490241e-07 -5.59031292920017e-15     0.999588112335886    3.258056223602e-10
-0.000112582438189567  0.000305992505949372     0.015053748378478   -0.0362744236750804   0.00057426500647271 -3.72049744648541e-10 -6.52744124069111e-10  3.65203713523858e-10    3.258056223602e-10     0.996085664790316
TOTAL ENERGY: -127.163117741423	 lambda: 0.5	 population of target: 6.999996045743
1RDM: 
     1.99999998399264  2.35614272746178e-08  2.19892405447905e-06 -3.21731885453498e-06  4.55703075608239e-05  9.75960854906783e-12  2.47877012559591e-12  1.07250135845069e-11   8.7842734892823e-12 -0.000112674978576057
 2.35614272746178e-08      1.99999985021013 -2.60081550791939e-06  1.53543249871238e-05  0.000230819302205602  1.83811485195637e-11  1.95922574287153e-11 -9.72786931111267e-12  -2.9140125471604e-11  0.000306084409242364
 2.19892405447905e-06 -2.60081550791939e-06      1.99968659894218  0.000388988104318214  -0.00875709565921997 -1.75742685537237e-09 -5.41666518463508e-10 -9.86124946310196e-10 -8.92337224733853e-10    0.0150800002728526
-3.21731885453498e-06  1.53543249871238e-05  0.000388988104318214      1.99836087656382   -0.0176703071557405 -1.40109764252013e-09 -1.76631265907351e-09 -5.80683132751595e-10  1.43706379455914e-09   -0.0362876105855993
 4.55703075608239e-05  0.000230819302205602  -0.00875709565921997   -0.0176703071557405      1.00545100187785  1.29944226658043e-10   -1.046019939833e-10 -1.04262951375664e-10 -6.32632779458105e-10  0.000571273248344945
 9.75960854906783e-12  1.83811485195637e-11 -1.75742685537237e-09 -1.40109764252013e-09  1.29944226658043e-10      1.00038480575635  2.20120219290351e-15 -9.17111583739423e-07   3.5042501987691e-07 -3.42440901802749e-10
 2.47877012559591e-12  1.95922574287153e-11 -5.41666518463508e-10 -1.76631265907351e-09   -1.046019939833e-10  2.20120219290351e-15      1.00038480575637  3.50425035758504e-07  9.17111585281288e-07 -5.99890362606114e-10
 1.07250135845069e-11 -9.72786931111267e-12 -9.86124946310196e-10 -5.80683132751595e-10 -1.04262951375664e-10 -9.17111583739423e-07  3.50425035758504e-07     0.999618834903708 -2.43899114023243e-15  3.38326918433197e-10
  8.7842734892823e-12  -2.9140125471604e-11 -8.92337224733853e-10  1.43706379455914e-09 -6.32632779458105e-10   3.5042501987691e-07  9.17111585281288e-07 -2.43899114023243e-15     0.999618834903722  2.96317193493062e-10
-0.000112674978576057  0.000306084409242364    0.0150800002728526   -0.0362876105855993  0.000571273248344945 -3.42440901802749e-10 -5.99890362606114e-10  3.38326918433197e-10  2.96317193493062e-10     0.996494407093277
TOTAL ENERGY: -127.163116210683	 lambda: 0.6	 population of target: 6.99999883769279
1RDM: 
     1.99999998395088  2.36061883682989e-08  2.20512985932158e-06  -3.2228845802588e-06  4.56602262704892e-05  9.75477562406381e-12  2.46430681414835e-12  1.07300199330983e-11  8.78186457939674e-12 -0.000112773228093791
 2.36061883682989e-08      1.99999985028198 -2.61414517242415e-06  1.53493493468078e-05  0.000230629130639312   1.8383664811902e-11  1.96088252321792e-11 -9.73021526642769e-12 -2.91259606545173e-11  0.000306172738333082
 2.20512985932158e-06 -2.61414517242415e-06      1.99968563862718  0.000390584663139218  -0.00875929742828977 -1.75562368148763e-09 -5.38299641741433e-10 -9.88053560813713e-10 -8.94266518802211e-10    0.0151076520214576
 -3.2228845802588e-06  1.53493493468078e-05  0.000390584663139218      1.99836102264106   -0.0176365911266096  -1.4013762285248e-09 -1.76896412848158e-09  -5.8042113004694e-10  1.43437539412779e-09     -0.03630095586111
 4.56602262704892e-05  0.000230629130639312  -0.00875929742828977   -0.0176365911266096      1.00527171105745  1.26914036874111e-10 -9.93859601035838e-11 -1.00109823740717e-10 -6.11043998244558e-10  0.000570397270719466
 9.75477562406381e-12   1.8383664811902e-11 -1.75562368148763e-09  -1.4013762285248e-09  1.26914036874111e-10      1.00037119920236  2.16335367074775e-15 -8.84728202278821e-07  3.52420221073739e-07 -3.29447189515842e-10
 2.46430681414835e-12  1.96088252321792e-11 -5.38299641741433e-10 -1.76896412848158e-09 -9.93859601035838e-11  2.16335367074775e-15      1.00037119920225  3.52420236272444e-07  8.84728203759018e-07 -5.76664097080403e-10
 1.07300199330983e-11 -9.73021526642769e-12 -9.88053560813713e-10  -5.8042113004694e-10 -1.00109823740717e-10 -8.84728202278821e-07  3.52420236272444e-07     0.999632441296249  -5.2142063961274e-16  3.26497845804494e-10
 8.78186457939674e-12 -2.91259606545173e-11 -8.94266518802211e-10  1.43437539412779e-09 -6.11043998244558e-10  3.52420221073739e-07  8.84728203759018e-07  -5.2142063961274e-16     0.999632441296142  2.83283223898114e-10
-0.000112773228093791  0.000306172738333082    0.0151076520214576     -0.03630095586111  0.000570397270719466 -3.29447189515842e-10 -5.76664097080403e-10  3.26497845804494e-10  2.83283223898114e-10     0.996674512444573
TOTAL ENERGY: -127.163114573159	 lambda: 0.7	 population of target: 7.00000135678117
1RDM: 
     1.99999998391221  2.36384532102301e-08  2.21053317586817e-06 -3.22771517831169e-06  4.57196877275942e-05  9.74856422175493e-12  2.44946028537276e-12   1.0736419338204e-11  8.78371128808451e-12 -0.000112880796486455
 2.36384532102301e-08      1.99999985034222 -2.62773209781608e-06  1.53446251563793e-05   0.00023043315607133  1.83864699613337e-11  1.96263745473009e-11 -9.73263216689714e-12  -2.9111397775289e-11  0.000306266829196397
 2.21053317586817e-06 -2.62773209781608e-06      1.99968479275967  0.000392219333394481  -0.00875518062654538 -1.75351723488324e-09 -5.34821641132622e-10 -9.90286996553922e-10 -8.97099228858861e-10    0.0151375993538594
-3.22771517831169e-06  1.53446251563793e-05  0.000392219333394481      1.99836122637497   -0.0176032406285134 -1.40170403893299e-09 -1.77168542248764e-09 -5.80164506205344e-10  1.43172584570378e-09   -0.0363147680957432
 4.57196877275942e-05   0.00023043315607133  -0.00875518062654538   -0.0176032406285134      1.00527662165421  1.27126950153865e-10 -9.93192695234826e-11 -1.00433948252147e-10  -6.1183513422855e-10  0.000571719798325468
 9.74856422175493e-12  1.83864699613337e-11 -1.75351723488324e-09 -1.40170403893299e-09  1.27126950153865e-10      1.00037136686948  -1.5668231017662e-15 -8.85344246701941e-07  3.66270437792828e-07  -3.2981923546349e-10
 2.44946028537276e-12  1.96263745473009e-11 -5.34821641132622e-10 -1.77168542248764e-09 -9.93192695234826e-11  -1.5668231017662e-15      1.00037136686944  3.66270453062485e-07  8.85344248180484e-07  -5.7734557752428e-10
  1.0736419338204e-11 -9.73263216689714e-12 -9.90286996553922e-10 -5.80164506205344e-10 -1.00433948252147e-10 -8.85344246701941e-07  3.66270453062485e-07      0.99963227362143  2.19256173695105e-15  3.26806243002926e-10
 8.78371128808451e-12  -2.9111397775289e-11 -8.97099228858861e-10  1.43172584570378e-09  -6.1183513422855e-10  3.66270437792828e-07  8.85344248180484e-07  2.19256173695105e-15     0.999632273621389  2.83484892386486e-10
-0.000112880796486455  0.000306266829196397    0.0151375993538594   -0.0363147680957432  0.000571719798325468  -3.2981923546349e-10  -5.7734557752428e-10  3.26806243002926e-10  2.83484892386486e-10     0.996670243974965
TOTAL ENERGY: -127.163112451375	 lambda: 0.8	 population of target: 7.00000417899496
1RDM: 
     1.99999998387226   2.3660673259295e-08  2.21548845154322e-06 -3.23203588792508e-06  4.57506808158902e-05  9.74050983309515e-12  2.43333097742539e-12  1.07446389661164e-11  8.79008783523271e-12 -0.000113004521905655
  2.3660673259295e-08      1.99999985039666 -2.64222611356812e-06  1.53399852533329e-05  0.000230215394254221  1.83901637275738e-11  1.96468795732541e-11 -9.73559873708998e-12 -2.90955022384941e-11    0.0003063786156817
 2.21548845154322e-06 -2.64222611356812e-06       1.9996840156675  0.000393959086059702   -0.0087448599532007 -1.75101715871547e-09 -5.31069967239245e-10 -9.92914698643667e-10 -9.00921637285875e-10    0.0151711507675431
-3.23203588792508e-06  1.53399852533329e-05  0.000393959086059702      1.99836148327744   -0.0175685789631328 -1.40212468884701e-09 -1.77464952875841e-09 -5.79883495220304e-10  1.42899507111301e-09   -0.0363300176740034
 4.57506808158902e-05  0.000230215394254221   -0.0087448599532007   -0.0175685789631328      1.00546667891207  1.30647538221664e-10 -1.04360582790811e-10 -1.05297833402061e-10 -6.35148345232873e-10  0.000575755675485536
 9.74050983309515e-12  1.83901637275738e-11 -1.75101715871547e-09 -1.40212468884701e-09  1.30647538221664e-10      1.00038531391644 -5.10511378623491e-15 -9.18906333690936e-07  3.95106363693282e-07 -3.43623191163038e-10
 2.43333097742539e-12  1.96468795732541e-11 -5.31069967239245e-10 -1.77464952875841e-09 -1.04360582790811e-10 -5.10511378623491e-15      1.00038531391642  3.95106379549264e-07  9.18906335217333e-07 -6.02065436572996e-10
 1.07446389661164e-11 -9.73559873708998e-12 -9.92914698643667e-10 -5.79883495220304e-10 -1.05297833402061e-10 -9.18906333690936e-07  3.95106379549264e-07     0.999618326717235  5.47844957932917e-15  3.39302339515676e-10
 8.79008783523271e-12 -2.90955022384941e-11 -9.00921637285875e-10  1.42899507111301e-09 -6.35148345232873e-10  3.95106363693282e-07  9.18906335217333e-07  5.47844957932917e-15      0.99961832671721  2.96927955030198e-10
-0.000113004521905655    0.0003063786156817    0.0151711507675431   -0.0363300176740034  0.000575755675485536 -3.43623191163038e-10 -6.02065436572996e-10  3.39302339515676e-10  2.96927955030198e-10     0.996480706606796
TOTAL ENERGY: -127.163109128964	 lambda: 0.9	 population of target: 7.00000807183707
1RDM: 
     1.99999998382403  2.36730583972054e-08  2.22036482311362e-06 -3.23599548407204e-06  4.57500495856292e-05  9.72967803143286e-12  2.41449952051053e-12  1.07556362759535e-11  8.80233394071754e-12  -0.00011315654786474
 2.36730583972054e-08      1.99999985044757 -2.65839110734537e-06  1.53355342194957e-05  0.000229953252938476  1.83956707193868e-11  1.96734101744689e-11 -9.73994182356956e-12 -2.90771851087951e-11   0.00030652733297483
 2.22036482311362e-06 -2.65839110734537e-06       1.9996832680832  0.000395892006974485  -0.00872752585005276 -1.74795915195452e-09 -5.26811469035249e-10 -9.96104064753128e-10 -9.05991768150873e-10    0.0152103860091494
-3.23599548407204e-06  1.53355342194957e-05  0.000395892006974485      1.99836176317497   -0.0175303413606736 -1.40273318479689e-09 -1.77816918991689e-09 -5.79499611993287e-10  1.42607219160302e-09   -0.0363486536415642
 4.57500495856292e-05  0.000229953252938476  -0.00872752585005276   -0.0175303413606736      1.00588852170204   1.3835673237583e-10 -1.15722221420978e-10 -1.15893672068859e-10 -6.86699538173437e-10  0.000583796735482321
 9.72967803143286e-12  1.83956707193868e-11 -1.74795915195452e-09 -1.40273318479689e-09   1.3835673237583e-10      1.00041637931077 -5.86716539691361e-15  -9.9369619689168e-07  4.46276847076467e-07  -3.7421764245231e-10
 2.41449952051053e-12  1.96734101744689e-11 -5.26811469035249e-10 -1.77816918991689e-09 -1.15722221420978e-10 -5.86716539691361e-15       1.0004163793107  4.46276864131455e-07   9.9369619853608e-07 -6.56875024337403e-10
 1.07556362759535e-11 -9.73994182356956e-12 -9.96104064753128e-10 -5.79499611993287e-10 -1.15893672068859e-10  -9.9369619689168e-07  4.46276864131455e-07     0.999587261680864  6.82653482173726e-15  3.67050890882169e-10
 8.80233394071754e-12 -2.90771851087951e-11 -9.05991768150873e-10  1.42607219160302e-09 -6.86699538173437e-10  4.46276847076467e-07   9.9369619853608e-07  6.82653482173726e-15     0.999587261680801  3.26887501511343e-10
 -0.00011315654786474   0.00030652733297483    0.0152103860091494   -0.0363486536415642  0.000583796735482321  -3.7421764245231e-10 -6.56875024337403e-10  3.67050890882169e-10  3.26887501511343e-10     0.996059330785115
TOTAL ENERGY: -127.163102871741	 lambda: 1	 population of target: 7.00001462321439
1RDM: 
     1.99999998375215  2.36727946483726e-08  2.22579045056427e-06 -3.23964333413003e-06  4.57065906433667e-05  9.71408759193582e-12  2.39027170247761e-12  1.07713973204591e-11  8.82363997575008e-12 -0.000113360903552989
 2.36727946483726e-08      1.99999985049414 -2.67737095717489e-06  1.53318217556847e-05  0.000229606065541308  1.84048423983748e-11  1.97118647246369e-11 -9.74730255361531e-12 -2.90546777504441e-11  0.000306750605465216
 2.22579045056427e-06 -2.67737095717489e-06      1.99968250070591  0.000398158836125169  -0.00870096209024087  -1.7440222749704e-09 -5.21636018298205e-10  -1.0001747978481e-09 -9.12863404641165e-10    0.0152590941387945
-3.23964333413003e-06  1.53318217556847e-05  0.000398158836125169      1.99836198129053   -0.0174846809319414 -1.40374818245661e-09 -1.78287613881066e-09 -5.78837329734871e-10  1.42281788390271e-09   -0.0363747586305094
 4.57065906433667e-05  0.000229606065541308  -0.00870096209024087   -0.0174846809319414      1.00666723983115  1.52592586459356e-10 -1.36701625881517e-10 -1.35382823249595e-10 -7.81774598301887e-10  0.000598928590506422
 9.71408759193582e-12  1.84048423983748e-11  -1.7440222749704e-09 -1.40374818245661e-09  1.52592586459356e-10      1.00047354704048 -5.93021617724217e-16 -1.13130382798739e-06  5.36889547533148e-07 -4.30627114964682e-10
 2.39027170247761e-12  1.97118647246369e-11 -5.21636018298205e-10 -1.78287613881066e-09 -1.36701625881517e-10 -5.93021617724217e-16      1.00047354704043  5.36889567023643e-07  1.13130382987485e-06 -7.57997465555861e-10
 1.07713973204591e-11 -9.74730255361531e-12  -1.0001747978481e-09 -5.78837329734871e-10 -1.35382823249595e-10 -1.13130382798739e-06  5.36889567023643e-07     0.999530094732258  1.36194387124476e-15  4.18274804253063e-10
 8.82363997575008e-12 -2.90546777504441e-11 -9.12863404641165e-10  1.42281788390271e-09 -7.81774598301887e-10  5.36889547533148e-07  1.13130382987485e-06  1.36194387124476e-15     0.999530094732207  3.82184768038146e-10
-0.000113360903552989  0.000306750605465216    0.0152590941387945   -0.0363747586305094  0.000598928590506422 -4.30627114964682e-10 -7.57997465555861e-10  4.18274804253063e-10  3.82184768038146e-10     0.995281160380749
-------------------general-----------------------
mullikenoperator: 
 0.000652761570755743    0.0253256034657554  -0.00154174383214977    0.0029265573794747  3.75060838028233e-06  -8.6353769172362e-12 -1.13997672492838e-11 -1.41458885871182e-11 -1.28569229415889e-11 -8.71111520424692e-05
   0.0253256034657554     0.999352256155732   0.00217221030537957   0.00110170586934512 -7.29647179090052e-05 -1.71558129045039e-11  -1.1677336410578e-11  9.40637301746207e-12  1.50591364658417e-11   2.3163702793363e-05
 -0.00154174383214977   0.00217221030537958     0.232672953157414    -0.422217962052082   0.00235477965858979  1.58050738500831e-09  1.74367452978924e-09  1.63484682074876e-09  1.42718891556498e-09     0.015989185599058
   0.0029265573794747    0.0011017058693451    -0.422217962052082     0.767151107029165     0.017392225194765  2.99536952895082e-09   2.0651818796107e-09 -1.79367272959946e-09 -2.72013729191365e-09  -0.00707463358141631
 3.75060838028233e-06 -7.29647179090056e-05   0.00235477965858979     0.017392225194765     0.493257997341579  8.95886152163343e-08  7.21068051917223e-08 -1.96038489309817e-08 -4.76310063277785e-08     0.499646576488032
 -8.6353769172362e-12 -1.71558129045039e-11  1.58050738500831e-09  2.99536952895082e-09  8.95886152163343e-08     0.499495890149028  -7.8259249869077e-13  -0.00771622450190777     0.499940202870852  4.85437952055933e-08
-1.13997672492838e-11  -1.1677336410578e-11  1.74367452978924e-09   2.0651818796107e-09  7.21068051917223e-08  -7.8255749656962e-13     0.499495890128324     0.499940202870836   0.00771622450189091  2.13165620394929e-08
-1.41458885871182e-11    9.406373017462e-12  1.63484682074875e-09 -1.79367272959946e-09 -1.96038489309817e-08  -0.00771622450190773     0.499940202870836     0.500504109871651  1.11215999018748e-12 -7.09556531313835e-08
-1.28569229415889e-11  1.50591364658419e-11  1.42718891556498e-09 -2.72013729191365e-09 -4.76310063277785e-08     0.499940202870852   0.00771622450189091  1.11215784216487e-12     0.500504109851018   -9.126157296725e-08
-8.71111520424692e-05  2.31637027933637e-05     0.015989185599058  -0.00707463358141631     0.499646576488032  4.85437952055933e-08  2.13165620394929e-08 -7.09556531313835e-08 -9.12615729672501e-08     0.506912924745334
selected BF: 
0 1 2 3 4
selected lambdas: 
  -1 -0.9 -0.8 -0.7 -0.6 -0.5 -0.4 -0.3 -0.2 -0.1    0  0.1  0.2  0.3  0.4  0.5  0.6  0.7  0.8  0.9    1
RHF C: 
-2.04035318597518e-07     0.995134687744304 -0.000840561649749362     0.261100628705276 -0.000328550757389151  1.56647422758288e-10  2.29118945978084e-10  8.96718684298692e-12  4.05958890109653e-11    0.0023596743258958
-9.90000212019283e-06    0.0199038466299529   0.00327653650576444     -1.02858117885261    0.0012918981304787 -6.26908750885218e-10 -9.18085326436379e-10 -3.39975786492623e-11 -1.58473406644157e-10  -0.00923685561229925
 -6.6221749956395e-12  3.14399360876538e-12  1.37523398803263e-09 -3.29190316513637e-10  8.26552639462973e-10     0.768747990105526     0.203581120040263     0.151257471084139     0.587113647847293 -4.57719112578507e-08
 2.20206582460567e-12 -3.03166847705731e-12 -4.55047910984569e-10   1.6331366519827e-10  -2.3815030825219e-10     0.203581120041832    -0.768747990099406    -0.587113647855307     0.151257471082029  4.37702247885966e-08
-7.86339256220473e-06 -1.49325561300338e-05 -0.000126713308220522   -0.0089831764513233  -0.00183367487488786  2.58747939056183e-08  4.27918105763823e-08  3.28413453788569e-08  2.07769636083558e-08     0.999958370709947
    0.995255568500839  5.84070829468065e-06     0.262322808819794  0.000778983661032212  -0.00260438990573562 -4.55616058599926e-10 -2.88857727461711e-10  5.68525105099681e-11  9.41228497098827e-11   0.00014322307040537
   0.0193008614137408 -1.25156511500029e-05      -1.0290117138305  -0.00307952484717563    0.0103480555480919  1.81637245386128e-09  1.15193004160764e-09 -2.23252256261339e-10 -3.69930188673367e-10 -0.000563849508960741
 -2.1671684187733e-12  -2.2752628507302e-12  6.90601886292241e-10  6.52750295515623e-10  2.20824360400611e-07    -0.586122410590316    -0.155217847207389     0.198392343431126     0.770070399739802 -2.96487860220406e-10
 7.62057171721567e-13  2.05888720079133e-12 -2.49610044825649e-10 -5.25177057338117e-10 -7.25035120344826e-08    -0.155217847205345     0.586122410598353    -0.770070399733706     0.198392343432752 -3.45505639734217e-11
-3.36016929043089e-05  7.66402278018813e-06    0.0100513732532729  0.000903054071837888     0.999945957240837  1.17638415859364e-07  7.65215364842705e-08 -9.98280794017843e-08  -1.5607147815997e-07   0.00264861085373905
RDM (no constraint): 
     1.99999999838246  5.34658606246212e-10  4.27776128190823e-07 -5.26511652273857e-08  3.48546259814232e-05  7.60324414256546e-12  4.94187458403542e-12 -1.62659940374264e-13 -3.68890946814994e-13  4.44681521495202e-07
 5.34658606246212e-10      1.99999998850538 -7.85703938503491e-08  2.49771080753707e-06  2.37303932834518e-06 -6.33797508503895e-14  -2.8330247757225e-13  2.64133933560211e-12  1.52898369618585e-12  9.48028918578566e-05
 4.27776128190823e-07 -7.85703938503491e-08      1.99988114032088  8.94954762873993e-06   -0.0103824832527454 -1.82219594809531e-09 -1.17407549891636e-09  2.31084892949879e-10  4.00145150897579e-10 -9.86257074564454e-05
-5.26511652273857e-08  2.49771080753707e-06  8.94954762873993e-06      1.99939199612949 -0.000122740375213456 -1.25510196801812e-10 -4.47731579131253e-10  -1.1668982102818e-09 -7.07076428651255e-10   -0.0242364301323846
 3.48546259814232e-05  2.37303932834518e-06   -0.0103824832527454 -0.000122740375213456      1.00048663286766 -2.34641272329832e-10 -6.83913182920874e-10 -5.91087502066789e-10 -2.99561059352752e-10   -0.0204481419472198
 7.60324414256546e-12 -6.33797508503895e-14 -1.82219594809531e-09 -1.25510196801812e-10 -2.34641272329832e-10     0.998528853178435 -1.43845523679792e-14 -2.71280592597542e-06  0.000402875966500166 -2.38057396012377e-09
 4.94187458403542e-12  -2.8330247757225e-13 -1.17407549891636e-09 -4.47731579131253e-10 -6.83913182920874e-10 -1.43845523679792e-14     0.998528853178259  0.000402875966515203  2.71280593416627e-06 -1.51713421696725e-09
-1.62659940374264e-13  2.64133933560211e-12  2.31084892949879e-10  -1.1668982102818e-09 -5.91087502066789e-10 -2.71280592597542e-06  0.000402875966515203       1.0014748379176  1.55863635134511e-14  1.99470449580157e-09
-3.68890946814994e-13  1.52898369618585e-12  4.00145150897579e-10 -7.07076428651255e-10 -2.99561059352752e-10  0.000402875966500166  2.71280593416627e-06  1.55863635134511e-14      1.00147483791742  3.16200591057466e-09
 4.44681521495202e-07  9.48028918578566e-05 -9.86257074564454e-05   -0.0242364301323846   -0.0204481419472198 -2.38057396012377e-09 -1.51713421696725e-09  1.99470449580157e-09  3.16200591057466e-09       1.0002328616024
RDM Eigenvectors: 
    0.999661986868115    -0.025359882708237  -0.00481062580361229  -0.00310564371635595 -2.50701066769437e-05 -4.06593800995375e-12 -5.14463472211277e-12 -2.63031317098453e-12 -2.01562212356818e-12  2.42465035947864e-05
  -0.0253425704789444    -0.999635860478572  -0.00233095582877507   0.00896985093461626  6.61154190184182e-05   8.5213511461171e-13  3.45542296171948e-13  2.40630683694908e-12  4.67480424406991e-12  6.79313638398038e-05
  0.00577006483726359   0.00216681932584611     0.874423466986351     0.485013049790506   0.00749188806469732  9.61101941539394e-10  1.20736403613525e-09  4.08159330036079e-10  2.99395894950526e-10  -0.00719894266485649
-0.000609655514015593  -0.00896168913980091     0.484912144947879    -0.874180566051394   -0.0172542688558723  3.18345420646844e-10   1.2947202386107e-10 -4.91260343733683e-10 -6.90982160025565e-10   -0.0170339741186954
 -2.5323503698284e-05 -2.71771478425449e-05  -0.00890435309602421  -0.00536580172549426     0.713379129745649  1.01279702360769e-07  1.30310846509237e-07 -1.29416973755244e-07 -1.00166927095463e-07    -0.700701174917806
-2.85469045029325e-12 -3.23170409273747e-12 -1.62205761831381e-09   -8.218938371275e-10   6.5585330752986e-08    0.0112607011802361     0.132619078996402     0.987738822500374    0.0815928613337835 -1.01005725769612e-07
-1.55316403640331e-12  1.45977250245009e-12 -1.21836386723621e-09 -2.05863479695046e-10  2.44197215215788e-08     0.132619078986115   -0.0112607011793695   -0.0815928613339071     0.987738822501759 -8.41764808512177e-08
 1.85779314084789e-12  8.59587000052618e-12 -3.82830565983012e-10  1.17944028165489e-09 -9.41503364287517e-08     0.986962515918899   -0.0905006556266306    0.0118500988593208    -0.132567713487106  4.67296836492212e-08
 2.38274820124666e-12  6.08877649596015e-12 -2.78742245461147e-11  8.82010178755923e-10 -1.25732135625087e-07    0.0905006556265096     0.986962515917513     -0.13256771349739   -0.0118500988600712  9.47938106046447e-08
  1.2769570929466e-05  0.000122790316554593   -0.0116597206596081    0.0212552203973022    -0.700525784010144  -4.0072903432765e-08 -2.02440868873821e-08 -1.99433063357802e-08 -3.99699701094711e-08    -0.713215168947244
Total C: 
  -0.0260434793751043    -0.992428183100451     0.128039032668824    -0.237609307278195  -0.00330838228963332 -4.32019189664831e-10 -2.00365628049285e-10  5.86622716406406e-10  7.40006585012425e-10   0.00422894777765809
  0.00266373226255993   -0.0291307473294042    -0.495890968835317     0.900711193055362    0.0128833352913641  1.68238428739889e-09  7.90299996569473e-10 -2.28254387698455e-09 -2.90168563608293e-09   -0.0162156216948552
-1.91778727152744e-11 -8.35408774781917e-12  2.60070395182004e-09  1.51112490029339e-09  5.86543398702603e-08     0.232962540879293     0.667231597597204     0.664261327718666     0.243489919684241 -2.93675984614436e-08
 9.39391502917007e-12  7.66014714757433e-12 -1.56241922389141e-09 -9.55682633713334e-10 -4.95626543909801e-08    -0.667231597611399     0.232962540875515     0.243489919687799    -0.664261327704429 -1.79742359037056e-08
 4.53175337036693e-05  2.65130833571537e-06     -0.01168021729108  -0.00921001421919903    -0.701930779763143 -6.10138917677915e-08 -6.34235310175353e-08  6.61894160886417e-08  1.34988184134947e-07    -0.712090405664307
    0.993654723575721    -0.025832810944667      0.23548119616231     0.125958225313574  -0.00432347228172877 -5.93863659020698e-10 -3.65805880784143e-10 -2.81098541773394e-10  1.80119722464808e-12  -0.00130705008609684
   0.0242541359760991   0.00189498148938958    -0.901092674418511      -0.4964688148058    0.0169558962091982  2.32974789467102e-09  1.43520964265743e-09  1.12455569102727e-09  6.75449742341751e-12   0.00508584438328718
-1.18937800767123e-11   2.4678652011214e-11  2.13778303090067e-09 -4.87708414033244e-09 -2.46702069804359e-08      0.23160706977584      0.66845787844467    -0.664169035290482    -0.241664489141131 -1.62582296534403e-07
 4.59957560806618e-12 -1.18576438344328e-11 -7.12343837829267e-10  1.85731838551975e-09  8.87522772669614e-08     -0.66845787843049     0.231607069779588    -0.241664489137617     0.664169035304738  5.25895001299616e-08
-0.000109947185813919  4.41530443087382e-05    0.0166993883649321   -0.0132139003092191     0.711390346089066 -3.45682659070086e-08 -1.07090168216286e-07   3.4662261645662e-08 -2.42200678955902e-08    -0.702474956180497
Basis set used: STO-3G
Naturals: 
 1.99999999999288  1.99999999950051  1.99999314224947  1.99997554702092  1.02046028047123  1.00152894178747  1.00152894178729 0.998474749308564 0.998474749308387 0.979563648573251
Version: Tmhuysen's fci hack
