The Davidson algorithm did not converge.lambda: -1
The Davidson algorithm did not converge.lambda: -0.9
The Davidson algorithm did not converge.lambda: -0.8
The Davidson algorithm did not converge.lambda: -0.7
The Davidson algorithm did not converge.lambda: -0.6
The Davidson algorithm did not converge.lambda: -0.5
The Davidson algorithm did not converge.lambda: -0.4
The Davidson algorithm did not converge.lambda: -0.3
The Davidson algorithm did not converge.lambda: -0.2
The Davidson algorithm did not converge.lambda: -0.1
The Davidson algorithm did not converge.lambda: 0
The Davidson algorithm did not converge.lambda: 0.1
TOTAL ENERGY: -127.162881012158	 lambda: 0.2	 population of target: 6.99999959026468
1RDM: 
     1.99999998972386 -1.30532657683985e-08 -3.74204773903718e-06  1.34499969995019e-06 -8.95574950644238e-05   4.3954031659305e-05  4.98355466486122e-09 -9.66969141280454e-06  2.57596541969117e-09  9.67017555282684e-06
-1.30532657683985e-08      1.99999997695411 -5.79967361330273e-06  1.06776530766213e-06 -0.000114633477237876  7.69438251656266e-05 -1.54955069373928e-08   4.2433242775507e-05 -1.75107189272006e-08 -4.24355860624122e-05
-3.74204773903718e-06 -5.79967361330273e-06      1.99837765096949   0.00041742560077431   -0.0371544961482327     0.011849768735875 -2.02735746477257e-06   0.00688947490625751 -3.33604695226202e-06  -0.00688985799668444
 1.34499969995019e-06  1.06776530766213e-06   0.00041742560077431      1.99974398858905    0.0132818308560691 -0.000581350419646526 -2.70119517652494e-06   0.00608854109915154 -2.04310693566316e-06  -0.00608886597962619
-8.95574950644238e-05 -0.000114633477237876   -0.0371544961482327    0.0132818308560691      1.00156159706204  -0.00045005494068209  2.53650789467629e-05  0.000288989383931928 -2.55757479216624e-05 -0.000289024538807936
  4.3954031659305e-05  7.69438251656266e-05     0.011849768735875 -0.000581350419646526  -0.00045005494068209      1.00014300904805  2.56096799663577e-05 -0.000386594905950623 -2.52946737773488e-05  0.000386595914391685
 4.98355466486122e-09 -1.54955069373928e-08 -2.02735746477257e-06 -2.70119517652494e-06  2.53650789467629e-05  2.56096799663577e-05      1.00000075989609  2.54266643354399e-05 -1.61407362664691e-08  2.54922641248591e-05
-9.66969141280454e-06   4.2433242775507e-05   0.00688947490625751   0.00608854109915154  0.000288989383931928 -0.000386594905950623  2.54266643354399e-05      1.00008616900101  2.54411666832453e-05   -8.536656650837e-05
 2.57596541969117e-09 -1.75107189272006e-08 -3.33604695226202e-06 -2.04310693566316e-06 -2.55757479216624e-05 -2.52946737773488e-05 -1.61407362664691e-08  2.54411666832453e-05      1.00000072008442  2.55061555647562e-05
 9.67017555282684e-06 -4.24355860624122e-05  -0.00688985799668444  -0.00608886597962619 -0.000289024538807936  0.000386595914391685  2.54922641248591e-05   -8.536656650837e-05  2.55061555647562e-05      1.00008613867193
TOTAL ENERGY: -127.162880964414	 lambda: 0.3	 population of target: 6.99999978676363
1RDM: 
     1.99999998972691 -1.30563034954469e-08 -3.74223080896648e-06  1.34425852039326e-06 -8.95497511286716e-05  4.39462762440505e-05  4.75683956094321e-09 -9.64326320492956e-06  2.78406084293014e-09    9.643746134989e-06
-1.30563034954469e-08      1.99999997695034 -5.80050405322387e-06  1.06788011243705e-06 -0.000114631265077754  7.69416331144915e-05 -1.56714015407563e-08  4.24201842575901e-05  -1.7326322501571e-08 -4.24225267701757e-05
-3.74223080896648e-06 -5.80050405322387e-06      1.99837750361295  0.000417452586216019   -0.0371542148432419    0.0118494908049696 -2.14808223371432e-06   0.00689009737879173 -3.21574435119338e-06  -0.00689048040715869
 1.34425852039326e-06  1.06788011243705e-06  0.000417452586216019      1.99974416224822    0.0132820752769055 -0.000581593717666729 -2.63909949013015e-06   0.00608421026558964 -2.10186079914545e-06  -0.00608453493254828
-8.95497511286716e-05 -0.000114631265077754   -0.0371542148432419    0.0132820752769055      1.00156161805365 -0.000450080190293244  2.06454616313712e-05  0.000201818771254778 -2.07910396398363e-05 -0.000201845477924246
 4.39462762440505e-05  7.69416331144915e-05    0.0118494908049696 -0.000581593717666729 -0.000450080190293244      1.00014303800619  2.08258151909931e-05 -0.000299427696852541 -2.05811994163534e-05  0.000299427691543854
 4.75683956094321e-09 -1.56714015407563e-08 -2.14808223371432e-06 -2.63909949013015e-06  2.06454616313712e-05  2.08258151909931e-05      1.00000075893051  2.06765367131844e-05 -1.34762753523429e-08  2.07422795238379e-05
-9.64326320492956e-06  4.24201842575901e-05   0.00689009737879173   0.00608421026558964  0.000201818771254778 -0.000299427696852541  2.06765367131844e-05      1.00008612455943  2.06883394768165e-05 -8.53311233373723e-05
 2.78406084293014e-09  -1.7326322501571e-08 -3.21574435119338e-06 -2.10186079914545e-06 -2.07910396398363e-05 -2.05811994163534e-05 -1.34762753523429e-08  2.06883394768165e-05      1.00000072684154  2.07535731259279e-05
   9.643746134989e-06 -4.24225267701757e-05  -0.00689048040715869  -0.00608453493254828 -0.000201845477924246  0.000299427691543854  2.07422795238379e-05 -8.53311233373723e-05  2.07535731259279e-05      1.00008610107024
TOTAL ENERGY: -127.162880932007	 lambda: 0.4	 population of target: 6.99999988072541
1RDM: 
     1.99999998973038 -1.30579271191668e-08 -3.74220813981779e-06  1.34361040187926e-06 -8.95403049014587e-05  4.39368174038578e-05  4.63009442850491e-09 -9.62213223509122e-06  2.89292152611479e-09  9.62261400940608e-06
-1.30579271191668e-08      1.99999997694755 -5.80123363747769e-06  1.06801758839907e-06 -0.000114633013724458  7.69433989374205e-05 -1.57639575877536e-08  4.24090438432473e-05  -1.7223681709321e-08 -4.24113856756488e-05
-3.74220813981779e-06 -5.80123363747769e-06      1.99837734946629  0.000417454838441529   -0.0371545795020019    0.0118498593952363 -2.21384214944639e-06   0.00689128350811086 -3.15091829772052e-06  -0.00689166655288634
 1.34361040187926e-06  1.06801758839907e-06  0.000417454838441529      1.99974429178576    0.0132817449296837 -0.000581261773954196 -2.60505981561402e-06    0.0060809079348369 -2.13329433623915e-06  -0.00608123246684238
-8.95403049014587e-05 -0.000114633013724458   -0.0371545795020019    0.0132817449296837      1.00156164977816 -0.000450106948865785   1.8088462651593e-05  0.000154624126477986 -1.81987542064365e-05  -0.00015464623413711
 4.39368174038578e-05  7.69433989374205e-05    0.0118498593952363 -0.000581261773954196 -0.000450106948865785      1.00014305952818  1.82340006984951e-05 -0.000252268603947849 -1.80275145539025e-05  0.000252268077286755
 4.63009442850491e-09 -1.57639575877536e-08 -2.21384214944639e-06 -2.60505981561402e-06   1.8088462651593e-05  1.82340006984951e-05      1.00000075844487  1.81030070398499e-05 -1.19964938949046e-08  1.81688188672522e-05
-9.62213223509122e-06  4.24090438432473e-05   0.00689128350811086    0.0060809079348369  0.000154624126477986 -0.000252268603947849  1.81030070398499e-05      1.00008610641934  1.81133338883426e-05 -8.53182918155036e-05
 2.89292152611479e-09  -1.7223681709321e-08 -3.15091829772052e-06 -2.13329433623915e-06 -1.81987542064365e-05 -1.80275145539025e-05 -1.19964938949046e-08  1.81133338883426e-05      1.00000073046705  1.81787183236819e-05
 9.62261400940608e-06 -4.24113856756488e-05  -0.00689166655288634  -0.00608123246684238  -0.00015464623413711  0.000252268077286755  1.81688188672522e-05 -8.53182918155036e-05  1.81787183236819e-05      1.00008608743241
TOTAL ENERGY: -127.162880907191	 lambda: 0.5	 population of target: 6.99999993630923
1RDM: 
     1.99999998973424 -1.30586316818008e-08 -3.74204874490203e-06  1.34299853685724e-06 -8.95293917268476e-05  4.39258824851464e-05   4.5583414967291e-09 -9.60431725727871e-06  2.95163894452338e-09  9.60479800202415e-06
-1.30586316818008e-08      1.99999997694507  -5.8019461642963e-06  1.06813640259977e-06 -0.000114637218874297  7.69476292344926e-05 -1.58148632370241e-08  4.23998133370021e-05 -1.71664844009794e-08 -4.24021547265775e-05
-3.74204874490203e-06  -5.8019461642963e-06      1.99837718703474  0.000417441729020523   -0.0371553499031927    0.0118506344894274 -2.25056447125179e-06   0.00689270476950814 -3.11531948731328e-06  -0.00689308786346885
 1.34299853685724e-06  1.06813640259977e-06  0.000417441729020523      1.99974439841745    0.0132810551011579 -0.000580569594675081 -2.58588111365551e-06   0.00607821678263289 -2.15037540483566e-06  -0.00607854117285899
-8.95293917268476e-05 -0.000114637218874297   -0.0371553499031927    0.0132810551011579       1.0015616980307 -0.000450144483964479    1.667231961133e-05  0.000128489830424579 -1.67630374525566e-05 -0.000128509404256893
 4.39258824851464e-05  7.69476292344926e-05    0.0118506344894274 -0.000580569594675081 -0.000450144483964479      1.00014308612046  1.67985566924531e-05   -0.0002261843785913 -1.66131951747109e-05  0.000226183551520474
  4.5583414967291e-09 -1.58148632370241e-08 -2.25056447125179e-06 -2.58588111365551e-06    1.667231961133e-05  1.67985566924531e-05      1.00000075835782  1.66776942274001e-05 -1.11870538426535e-08  1.67435470809161e-05
-9.60431725727871e-06  4.23998133370021e-05   0.00689270476950814   0.00607821678263289  0.000128489830424579   -0.0002261843785913  1.66776942274001e-05      1.00008609501595  1.66872073162462e-05 -8.53095816449362e-05
 2.95163894452338e-09 -1.71664844009794e-08 -3.11531948731328e-06 -2.15037540483566e-06 -1.67630374525566e-05 -1.66131951747109e-05 -1.11870538426535e-08  1.66872073162462e-05       1.0000007322937  1.67526705796909e-05
 9.60479800202415e-06 -4.24021547265775e-05  -0.00689308786346885  -0.00607854117285899 -0.000128509404256893  0.000226183551520474  1.67435470809161e-05 -8.53095816449362e-05  1.67526705796909e-05      1.00008607804987
TOTAL ENERGY: -127.162880885438	 lambda: 0.6	 population of target: 6.99999997600432
1RDM: 
     1.99999998973853 -1.30586284928049e-08 -3.74177819494653e-06  1.34239069395758e-06 -8.95169604711816e-05  4.39134282559975e-05  4.52144262523532e-09 -9.58871262647039e-06  2.97751560951841e-09  9.58919305468214e-06
-1.30586284928049e-08      1.99999997694257   -5.802687891523e-06  1.06822351055871e-06 -0.000114643382283442  7.69538156857209e-05 -1.58382368779558e-08   4.2392430830091e-05 -1.71378780542813e-08 -4.23947717875974e-05
-3.74177819494653e-06   -5.802687891523e-06      1.99837701296514  0.000417416587733956   -0.0371564466116204    0.0118517357948406 -2.26856238774997e-06   0.00689427291486286 -3.09853674454969e-06  -0.00689465609329595
 1.34239069395758e-06  1.06822351055871e-06  0.000417416587733956      1.99974449203429    0.0132800748181072 -0.000579586971261634 -2.57626731154895e-06    0.0060759254641439 -2.15820200303873e-06  -0.00607624973965634
-8.95169604711816e-05 -0.000114643382283442   -0.0371564466116204    0.0132800748181072      1.00156176437571  -0.00045019559722234  1.59912802029573e-05  0.000115920771620937 -1.60726179122618e-05 -0.000115939144715808
 4.39134282559975e-05  7.69538156857209e-05    0.0118517357948406 -0.000579586971261634  -0.00045019559722234      1.00014312177338    1.610828178678e-05 -0.000213674559965513 -1.59330191934842e-05  0.000213673571615175
 4.52144262523532e-09 -1.58382368779558e-08 -2.26856238774997e-06 -2.57626731154895e-06  1.59912802029573e-05    1.610828178678e-05      1.00000075824297  1.59922631282005e-05 -1.08354158314422e-08  1.60581321813382e-05
-9.58871262647039e-06   4.2392430830091e-05   0.00689427291486286    0.0060759254641439  0.000115920771620937 -0.000213674559965513  1.59922631282005e-05      1.00008608368506  1.60013862041872e-05 -8.52991614496974e-05
 2.97751560951841e-09 -1.71378780542813e-08 -3.09853674454969e-06 -2.15820200303873e-06 -1.60726179122618e-05 -1.59330191934842e-05 -1.08354158314422e-08  1.60013862041872e-05      1.00000073324523  1.60668812799306e-05
 9.58919305468214e-06 -4.23947717875974e-05  -0.00689465609329595  -0.00607624973965634 -0.000115939144715808  0.000213673571615175  1.60581321813382e-05 -8.52991614496974e-05  1.60668812799306e-05      1.00008606699708
TOTAL ENERGY: -127.162880863048	 lambda: 0.7	 population of target: 7.00000001046806
1RDM: 
     1.99999998974336 -1.30580026360896e-08 -3.74140434103509e-06  1.34176227755282e-06 -8.95028346819643e-05  4.38992736025553e-05  4.51031949252653e-09 -9.57454253764828e-06  2.97616869370944e-09  9.57502102381551e-06
-1.30580026360896e-08      1.99999997693985 -5.80349354965027e-06  1.06827379347698e-06  -0.00011465143090546  7.69618932477228e-05 -1.58399089311341e-08  4.23869043161231e-05 -1.71314348903374e-08   -4.238924497174e-05
-3.74140434103509e-06 -5.80349354965027e-06      1.99837682255021  0.000417380271432808   -0.0371578601190446    0.0118531549787185 -2.27195931625376e-06   0.00689599544336627 -3.09650497804971e-06  -0.00689637870884942
 1.34176227755282e-06  1.06827379347698e-06  0.000417380271432808      1.99974457826982    0.0132788129068843 -0.000578321880272385 -2.57415377444125e-06   0.00607390088316744 -2.15881065872563e-06  -0.00607422505069921
-8.95028346819643e-05  -0.00011465143090546   -0.0371578601190446    0.0132788129068843      1.00156185160367 -0.000450263137674765  1.58849198114847e-05   0.00011396336289285 -1.59647788642577e-05 -0.000113981528854457
 4.38992736025553e-05  7.69618932477228e-05    0.0118531549787185 -0.000578321880272385 -0.000450263137674765      1.00014316931908  1.60004881216472e-05 -0.000211785090650983 -1.58267710698315e-05   0.00021178410128401
 4.51031949252653e-09 -1.58399089311341e-08 -2.27195931625376e-06 -2.57415377444125e-06  1.58849198114847e-05  1.60004881216472e-05      1.00000075822349  1.58852093998337e-05 -1.08624978500774e-08  1.59510822979837e-05
-9.57454253764828e-06  4.23869043161231e-05   0.00689599544336627   0.00607390088316744   0.00011396336289285 -0.000211785090650983  1.58852093998337e-05      1.00008606777398  1.58942830104668e-05 -8.52838364764237e-05
 2.97616869370944e-09 -1.71314348903374e-08 -3.09650497804971e-06 -2.15881065872563e-06 -1.59647788642577e-05 -1.58267710698315e-05 -1.08624978500774e-08  1.58942830104668e-05      1.00000073339535  1.59597614947501e-05
 9.57502102381551e-06   -4.238924497174e-05  -0.00689637870884942  -0.00607422505069921 -0.000113981528854457   0.00021178410128401  1.59510822979837e-05 -8.52838364764237e-05  1.59597614947501e-05      1.00008605218121
TOTAL ENERGY: -127.162880835454	 lambda: 0.8	 population of target: 7.00000004719378
1RDM: 
     1.99999998974887  -1.3056754967211e-08 -3.74092301710355e-06  1.34108838250809e-06 -8.94867063313891e-05  4.38831115629277e-05  4.52821937956918e-09  -9.5611426497251e-06  2.95309445567566e-09  9.56162353827617e-06
 -1.3056754967211e-08      1.99999997693673 -5.80439850025299e-06  1.06828286512258e-06 -0.000114661581905152  7.69720761928826e-05 -1.58235536711715e-08  4.23834208210169e-05 -1.71490402305311e-08 -4.23857604202723e-05
-3.74092301710355e-06 -5.80439850025299e-06      1.99837660922925  0.000417331860233912   -0.0371596280922913    0.0118549291485696  -2.2613819298443e-06   0.00689794672631252  -3.1086456150475e-06   -0.0068983301060201
 1.34108838250809e-06  1.06828286512258e-06  0.000417331860233912      1.99974466094727    0.0132772350977776 -0.000576740562262659 -2.57910546653853e-06   0.00607204311908515 -2.15237414108764e-06  -0.00607236718079449
-8.94867063313891e-05 -0.000114661581905152   -0.0371596280922913    0.0132772350977776      1.00156196483847 -0.000450351851128623  1.63297331494262e-05  0.000122205316912841 -1.64156842946607e-05 -0.000122224326747649
 4.38831115629277e-05  7.69720761928826e-05    0.0118549291485696 -0.000576740562262659 -0.000450351851128623      1.00014323310357  1.64513459307576e-05 -0.000220106630305378 -1.62709737562008e-05  0.000220105696210157
 4.52821937956918e-09 -1.58235536711715e-08  -2.2613819298443e-06 -2.57910546653853e-06  1.63297331494262e-05  1.64513459307576e-05      1.00000075830027  1.63328934952504e-05 -1.12739385996087e-08  1.63987253608159e-05
 -9.5611426497251e-06  4.23834208210169e-05   0.00689794672631252   0.00607204311908515  0.000122205316912841 -0.000220106630305378  1.63328934952504e-05      1.00008604505537  1.63422147120046e-05 -8.52602350361518e-05
 2.95309445567566e-09 -1.71490402305311e-08  -3.1086456150475e-06 -2.15237414108764e-06 -1.64156842946607e-05 -1.62709737562008e-05 -1.12739385996087e-08  1.63422147120046e-05      1.00000073277197  1.64076562004761e-05
 9.56162353827617e-06 -4.23857604202723e-05   -0.0068983301060201  -0.00607236718079449 -0.000122224326747649  0.000220105696210157  1.63987253608159e-05 -8.52602350361518e-05  1.64076562004761e-05       1.0000860290683
TOTAL ENERGY: -127.162880794667	 lambda: 0.9	 population of target: 7.00000009501151
1RDM: 
     1.99999998975527 -1.30548073873811e-08  -3.7403193360967e-06  1.34033744405415e-06 -8.94681093001997e-05  4.38644756496487e-05   4.5712235663259e-09 -9.54778838692875e-06   2.8952124582553e-09  9.54826670509095e-06
-1.30548073873811e-08      1.99999997693304 -5.80544777865246e-06  1.06824444002778e-06 -0.000114674365302957  7.69848953522381e-05 -1.57794224886274e-08  4.23824583560022e-05 -1.71885321506784e-08 -4.23847986414633e-05
 -3.7403193360967e-06 -5.80544777865246e-06      1.99837636328504  0.000417268659967187   -0.0371618393855744     0.011857147563202 -2.23431670273684e-06   0.00690028148765259  -3.1375188729482e-06  -0.00690066501872991
 1.34033744405415e-06  1.06824444002778e-06  0.000417268659967187      1.99974474313243    0.0132752614786504 -0.000574762796133825 -2.59245355754334e-06    0.0060702558160196 -2.13767815183623e-06  -0.00607057977144263
-8.94681093001997e-05 -0.000114674365302957   -0.0371618393855744    0.0132752614786504      1.00156211435292 -0.000450470647512595  1.74249505305725e-05  0.000142530853785782 -1.75261634953542e-05 -0.000142551865707241
 4.38644756496487e-05  7.69848953522381e-05     0.011857147563202 -0.000574762796133825 -0.000450470647512595      1.00014332060025  1.75616671731191e-05 -0.000240529933697032 -1.73647277912413e-05  0.000240529209059384
  4.5712235663259e-09 -1.57794224886274e-08 -2.23431670273684e-06 -2.59245355754334e-06  1.74249505305725e-05  1.75616671731191e-05      1.00000075848733  1.74352942337154e-05 -1.21633386949542e-08  1.75010581345087e-05
-9.54778838692875e-06  4.23824583560022e-05   0.00690028148765259    0.0060702558160196  0.000142530853785782 -0.000240529933697032  1.74352942337154e-05      1.00008600992203  1.74452424216217e-05 -8.52227157450105e-05
  2.8952124582553e-09 -1.71885321506784e-08  -3.1375188729482e-06 -2.13767815183623e-06 -1.75261634953542e-05 -1.73647277912413e-05 -1.21633386949542e-08  1.74452424216217e-05      1.00000073123913  1.75105914249652e-05
 9.54826670509095e-06 -4.23847986414633e-05  -0.00690066501872991  -0.00607057977144263 -0.000142551865707241  0.000240529209059384  1.75010581345087e-05 -8.52227157450105e-05  1.75105914249652e-05      1.00008599229262
TOTAL ENERGY: -127.162880722833	 lambda: 1	 population of target: 7.00000017026923
1RDM: 
     1.99999998976293 -1.30519684963688e-08 -3.73956433467677e-06  1.33946071123677e-06 -8.94463323572444e-05  4.38426541325685e-05  4.65912879265694e-09 -9.53342612090502e-06  2.79608734731878e-09  9.53390297404825e-06
-1.30519684963688e-08      1.99999997692855 -5.80671130179612e-06  1.06814660412779e-06  -0.00011469083207167  7.70014025994694e-05 -1.57030705505567e-08  4.23851034550052e-05 -1.72671786374725e-08 -4.23874440218802e-05
-3.73956433467677e-06 -5.80671130179612e-06      1.99837606849975  0.000417185036081079   -0.0371646689929564    0.0118599854365006 -2.18361514679488e-06   0.00690330784966182 -3.19050786448653e-06  -0.00690369157828276
 1.33946071123677e-06  1.06814660412779e-06  0.000417185036081079      1.99974482775628    0.0132727353208857 -0.000572231795223876 -2.61770884183284e-06   0.00606841574597817 -2.11095038348321e-06   -0.0060687395784207
-8.94463323572444e-05  -0.00011469083207167   -0.0371646689929564    0.0132727353208857      1.00156232062269 -0.000450637732615565  1.94551440083465e-05  0.000180315328280655 -1.95846499776551e-05 -0.000180339943388646
 4.38426541325685e-05  7.70014025994694e-05    0.0118599854365006 -0.000572231795223876 -0.000450637732615565        1.000143447609   1.9619840727305e-05 -0.000278443830895151 -1.93922286993379e-05  0.000278443611166392
 4.65912879265694e-09 -1.57030705505567e-08 -2.18361514679488e-06 -2.61770884183284e-06  1.94551440083465e-05   1.9619840727305e-05      1.00000075883424  1.94787665995215e-05 -1.37725571218156e-08  1.95444169549521e-05
-9.53342612090502e-06  4.23851034550052e-05   0.00690330784966182   0.00606841574597817  0.000180315328280655 -0.000278443830895151  1.94787665995215e-05      1.00008595141257  1.94898854254513e-05  -8.5159541148019e-05
 2.79608734731878e-09 -1.72671786374725e-08 -3.19050786448653e-06 -2.11095038348321e-06 -1.95846499776551e-05 -1.93922286993379e-05 -1.37725571218156e-08  1.94898854254513e-05      1.00000072839821  1.95550585536319e-05
 9.53390297404825e-06 -4.23874440218802e-05  -0.00690369157828276   -0.0060687395784207 -0.000180339943388646  0.000278443611166392  1.95444169549521e-05  -8.5159541148019e-05  1.95550585536319e-05      1.00008593017579
-------------------general-----------------------
mullikenoperator: 
  0.00256325186292192   -0.0502990901094087   0.00359627402362984  -0.00370635499141638 -0.000110461920811515 -2.60941663448942e-05 -4.97396248380582e-10  2.50367191978251e-07  2.91905162440288e-10 -2.50374033023633e-07
  -0.0502990901094087     0.997442050158831  -0.00328313892765371  -0.00325909530812976  6.45555480860775e-05 -5.82853893245778e-05 -3.48890729537595e-10  2.39248346899935e-08  3.34557157479749e-10 -2.38998487926569e-08
  0.00359627402362985   -0.0032831389276538     0.440219499518635    -0.496023389852905    0.0015172642580843   -0.0190019204898889 -2.38492718920089e-07  2.70680557592198e-05  2.10470511204898e-07 -2.70585345731659e-05
 -0.00370635499141639  -0.00325909530812965    -0.496023389852905      0.55980471159492    0.0189546767584629  0.000743024621570535  1.25362061708485e-07 -3.75533995484739e-05 -9.58494668703895e-08  3.75529742383142e-05
-0.000110461920811515    6.455554808608e-05    0.0015172642580843    0.0189546767584629     0.499475135120835    -0.499637937641424 -8.82330371865237e-06 -0.000170329520165639  8.77033032389785e-06  0.000170685543946741
-2.60941663448942e-05 -5.82853893245767e-05   -0.0190019204898889  0.000743024621570535    -0.499637937641424     0.500495233568143 -8.76841518299726e-06  0.000169636399595118  8.81248577429502e-06  -0.00016929888357748
-4.97396248380575e-10 -3.48890729538141e-10 -2.38492718920068e-07  1.25362061708495e-07 -8.82330371865129e-06 -8.76841518299678e-06     0.500278560678715 -0.000161546084144857    -0.499999870059759 -0.000161539849239108
 2.50367191978242e-07  2.39248346899908e-08  2.70680557592191e-05 -3.75533995484743e-05 -0.000170329520165639  0.000169636399595118 -0.000161546084144858     0.500027017865838 -0.000161638575968433     0.499999887809257
 2.91905162440153e-10  3.34557157479088e-10  2.10470511204871e-07 -9.58494668703669e-08  8.77033032389736e-06  8.81248577429393e-06    -0.499999870059759  -0.00016163857596843     0.499721543454564 -0.000161627384084847
-2.50374033023641e-07 -2.38998487926623e-08 -2.70585345731664e-05  3.75529742383136e-05  0.000170685543946741  -0.00016929888357748  -0.00016153984923911     0.499999887809257 -0.000161627384084852     0.499972996176607
selected BF: 
0 1 2 3 4
selected lambdas: 
  -1 -0.9 -0.8 -0.7 -0.6 -0.5 -0.4 -0.3 -0.2 -0.1    0  0.1  0.2  0.3  0.4  0.5  0.6  0.7  0.8  0.9    1
RHF C: 
 3.42952136348457e-08     0.995388341802835    -0.260144151831378 -3.13719321855415e-05  0.000161528061441023  2.08405330121099e-05  7.23002609607562e-13  2.44806111109545e-11  2.02936856376985e-11 -7.62805872132599e-13
 -2.0322744684388e-07    0.0189027355864087      1.02864726976558  0.000124193654165077 -0.000646387313345534 -8.27935345233815e-05 -2.89045092217976e-12 -9.61355509254518e-11 -7.97018375746946e-11  3.04267178642796e-12
 4.77352444354386e-14 -4.78364717707922e-13 -3.46685287058059e-12 -4.25647465322784e-11  -1.5785988732033e-07  1.00873922009715e-09 -9.28735618912975e-06     0.999591307457977    0.0285870182924461  1.91024096930497e-05
 5.38839156146054e-14  -5.1441860159482e-13 -4.87756623647881e-11 -5.14079959075834e-11  -1.9678759799826e-07  1.10941551394842e-09 -0.000324746202050015   -0.0285870197958961     0.999591254888886 -5.46304236880915e-07
-5.23278192131847e-07  -1.9424801203703e-06 -0.000628344615847138 -0.000274425339256684    -0.999999697898254 -0.000374063136548557  5.21973654561971e-11 -1.52169401950474e-07 -2.01219468551404e-07  8.31994980754112e-12
    0.995027798503506  5.91553113539917e-08 -2.85538758802017e-05     0.263178380557742 -8.15479966753003e-05   0.00333374849950953   2.4843659824151e-11 -4.89867412154617e-12 -6.40616777346265e-12 -7.87993509204145e-11
   0.0201928584832073 -1.80816565155997e-07  0.000111505218481208     -1.02896642855636  0.000319271648193544   -0.0132107999956658 -9.84513481769253e-11  1.92112215778442e-11  2.51196452710025e-11  3.07097628406709e-10
-2.38668310720967e-12  2.26083171821484e-15 -8.13629013649616e-13  3.08194231588431e-10  6.60531644114079e-12  -4.7457659712033e-08    0.0285870184133555  1.57006337524884e-05  9.19003540134915e-06     -0.99959130751465
-6.41945440324605e-13   5.5984596319183e-15  9.65528044050905e-13  1.93244333866272e-10 -4.06391962033208e-12 -2.18366906269074e-08     0.999591255985725 -4.48983416474084e-07  0.000321344426286015    0.0285870198870178
-4.51608228842412e-05  3.99530457369081e-07 -5.47824556473985e-05    0.0128370479451672  0.000300677319997972    -0.999917556784635 -2.31855036003443e-08  1.02191779298617e-09  1.19134757094858e-09   4.6814060537295e-08
RDM (no constraint): 
      1.9999999976838  2.65920126730882e-11  6.90020104676092e-09    6.268729988196e-07 -1.18992096223612e-08 -4.58754682014841e-05  1.16278018685197e-12 -4.73580969808754e-15 -5.23102939701825e-14 -2.65809118028505e-12
 2.65920126730882e-11      1.99999999845291 -9.76883448417892e-07 -9.62985046231829e-09 -3.74532427189838e-05 -5.23496642741707e-07  1.28969866258412e-12 -5.19724819944823e-12 -6.95977034618522e-12 -2.13343624189765e-12
 6.90020104676092e-09 -9.76883448417892e-07      1.99934945337969 -7.31933429675715e-06   -0.0254056124944225 -1.02191921474024e-06 -4.05361998742025e-11 -3.87987731905462e-09 -5.08182898399256e-09  5.37268928343512e-11
   6.268729988196e-07 -9.62985046231829e-09 -7.31933429675715e-06      1.99982668858281 -0.000233441467112432    0.0129873580109478   8.4732933237696e-11 -8.40369766688928e-12 -9.77927771932301e-12  -2.8221075942615e-10
-1.18992096223612e-08 -3.74532427189838e-05   -0.0254056124944225 -0.000233441467112432      1.00064660988092  -0.00249852955583571 -1.17029096340265e-09  1.01581174762152e-10  1.32301681948656e-10  1.86408553288548e-09
-4.58754682014841e-05 -5.23496642741707e-07 -1.02191921474024e-06    0.0129873580109478  -0.00249852955583571      1.00017422911171  3.07774992405512e-12 -2.63939702224546e-10   -3.149937116555e-10 -6.61877978369219e-12
 1.16278018685197e-12  1.28969866258412e-12 -4.05361998742025e-11   8.4732933237696e-11 -1.17029096340265e-09  3.07774992405512e-12      1.00000068009034 -1.74260935640638e-12    0.0001357274322906  4.66887728193605e-15
-4.73580969808754e-15 -5.19724819944823e-12 -3.87987731905462e-09 -8.40369766688928e-12  1.01581174762152e-10 -2.63939702224546e-10 -1.74260935640638e-12      1.00000074836077  4.55679682336136e-15 -0.000135730962220328
-5.23102939701825e-14 -6.95977034618522e-12 -5.08182898399256e-09 -9.77927771932301e-12  1.32301681948656e-10   -3.149937116555e-10    0.0001357274322906  4.55679682336136e-15      1.00000083136375  9.88998755073378e-13
-2.65809118028505e-12 -2.13343624189765e-12  5.37268928343512e-11  -2.8221075942615e-10  1.86408553288548e-09 -6.61877978369219e-12  4.66887728193605e-15 -0.000135730962220328  9.88998755073378e-13      1.00000076309331
RDM Eigenvectors: 
    0.998707032984567   -0.0503782142751615   0.00502796343688405   0.00458424173431178 -3.25306106371689e-05  2.59729782196116e-11  1.58032081110145e-11  1.59618522511493e-11 -2.60477312469688e-11  3.23537837303168e-05
   0.0503843881041794     0.998716067413004   0.00287576752951332  -0.00439985042738146  2.61747132055368e-05 -1.56652553465749e-13 -1.16315278398447e-12  3.33930620673258e-12  -3.7394789191436e-12  2.68083946839928e-05
-0.000168677139369076  -0.00519727011630722     0.663317516578165    -0.747888327928252     0.018005950091719 -1.60388686151072e-09 -1.80779911861807e-09   1.7559111318477e-09 -1.53936147315456e-09    0.0179350729553982
  0.00675614489222327  -0.00110969043812914    -0.748067507235703    -0.663460124194439   0.00937721609835343 -6.61719019988944e-09 -4.18141214710013e-09 -4.22525570520005e-09  6.64664651008354e-09  -0.00899217068536562
 7.04987456852122e-07  9.49878685027669e-05   -0.0166641311268799    0.0191897637817133     0.706533602339284  4.63236923669825e-08  7.15375155565847e-08 -7.12470819185264e-08  4.58995614859706e-08     0.707222963033622
 4.19076561729507e-05 -1.28579063717008e-05   -0.0096764196539091  -0.00866553879021103    -0.707388238947514  5.25090483189309e-07    3.272305508362e-07  3.29197017511675e-07 -5.26754729070758e-07     0.706705846032524
  1.8049131209549e-12  1.23744004733448e-12  -7.1249424705117e-11 -4.78678196043893e-11 -3.28071058675761e-07  0.000275131587590459    -0.706909675836754    -0.707303724484994 -0.000275391404096214  3.28001353099997e-07
 3.20697774784772e-13  1.49965020686103e-11 -2.56649939132484e-09  2.91154232917418e-09  4.69093103731313e-08    -0.707087539631211 -0.000275198848334551  0.000275320209981879    -0.707125915069341  4.52605950289903e-08
 3.75350492664008e-13  1.94911089720106e-11 -3.36275360284451e-09  3.81244399289674e-09  7.21632717023955e-08  0.000275282961878666     -0.70730372452728     0.706909675796165  0.000275236042736694  7.04496949528129e-08
-4.67687856721726e-12 -1.78779407049142e-12  2.16081263867345e-10  1.82485681377633e-10  5.26135298436258e-07     0.707125915109822  0.000275215721442984  0.000275307258367033    -0.707087539588815 -5.26048978626673e-07
Total C: 
  -0.0514539972743241     0.993362360156952    -0.177705103665808     0.193523143198455    0.0045431490585403   0.00239047418914149  5.68283269413983e-09 -1.47354054828059e-05  6.65958213476207e-09  1.47368936231547e-05
   0.0042201021944972    0.0218360425739249     0.682116988025448    -0.769607035326537    -0.017594028568063  -0.00949769517920673 -2.25702664347308e-08   5.8539663257967e-05 -2.63624768882631e-08 -5.85455153630201e-05
 6.38240279901856e-10   5.1090601613345e-10  3.41501435284722e-07 -1.77255062674751e-07  1.33282222137554e-05  1.39254543249731e-05     -0.70701596201841   -0.0199394119370246     0.706635204244807    -0.019938331539095
-3.81730857470134e-11 -2.40545552365968e-11 -1.49235991180183e-08  9.90381177534467e-09 -4.77501814865511e-07 -7.82926696663631e-07    0.0201739929669684    -0.706844662807615   -0.0197036231560569    -0.706806479818503
 2.76885320217953e-05 -2.87405990535763e-05    -0.018217486949503  -0.00872510018274492    -0.706528184430937      0.70739648322647  3.32802932893472e-07   0.00026459071999742 -2.82797716201192e-07 -0.000264893635166129
    0.994947589801231    0.0489758960946261    -0.197016286374241    -0.167865213625082   0.00499389196747325  -0.00218091909549118  9.17221375398273e-07  -0.00235725125692364  9.18701061972277e-07   0.00235737996345814
   0.0154502783051898   0.00554485163472751     0.769628288794139     0.682734201093327   -0.0195218908694189   0.00869046003808863 -3.63470783582933e-06    0.0093411890665828 -3.64052513363587e-06  -0.00934169907391369
 -3.2340561505437e-05 -2.67974398039433e-05   -0.0179277433084385   0.00898849532942036    -0.706933924268223    -0.706417011316384   -0.0202198754476696 -1.43729894131114e-05   -0.0202086735715185  1.86603531960732e-06
 9.24914296757574e-07  7.66370073761158e-07  0.000512708335737649 -0.000257063668749763    0.0202174684326743    0.0202029410033627    -0.706620492295399 -0.000502300723239318    -0.707014845300823  4.78539858502004e-05
 1.34403220177165e-05 -5.85071438808386e-05  -0.00963159452036143  -0.00847336829348196  0.000459678244002905 -0.000323899299926977 -0.000275093337174075     0.707029244276751  -0.00027524307391573    -0.707067618063696
Basis set used: STO-3G
Naturals: 
 1.99999999999967  1.99999999999049  1.99999596868697  1.99999481501027  1.00249760212882  1.00013648668946  1.00013648318041 0.999865028273679 0.999865024764619 0.997508591275627
Version: Tmhuysen's fci hack
