The Davidson algorithm did not converge.lambda: -1
The Davidson algorithm did not converge.lambda: -0.9
The Davidson algorithm did not converge.lambda: -0.8
The Davidson algorithm did not converge.lambda: -0.7
The Davidson algorithm did not converge.lambda: -0.6
The Davidson algorithm did not converge.lambda: -0.5
The Davidson algorithm did not converge.lambda: -0.4
The Davidson algorithm did not converge.lambda: -0.3
The Davidson algorithm did not converge.lambda: -0.2
The Davidson algorithm did not converge.lambda: -0.1
The Davidson algorithm did not converge.lambda: 0
TOTAL ENERGY: -127.162895999209	 lambda: 0.1	 population of target: 6.99999852359753
1RDM: 
     1.99999997943341 -7.34264301621545e-09 -2.71105221887843e-06 -2.07675618326148e-06    8.742508524761e-05  4.26964932117347e-05  7.07489063967362e-06  9.45009518088392e-06  7.17196908019181e-05  7.17287554348399e-05
-7.34264301621545e-09      1.99999997741988 -5.70500712638247e-06 -1.09180861210104e-06   0.00011402828873597  7.64644217368329e-05  -3.9265862614277e-06  -5.2456914760772e-06 -3.98093547705555e-05 -3.98087729017405e-05
-2.71105221887843e-06 -5.70500712638247e-06      1.99840561675935 -0.000412189708231664    0.0367860061322016    0.0118138673831174 -0.000666460297952542 -0.000890602029928553  -0.00675882823956916  -0.00675707104461254
-2.07675618326148e-06 -1.09180861210104e-06 -0.000412189708231664      1.99975208324491    0.0131756439437489  0.000605308577801663  0.000577286708676322  0.000770946682963897   0.00585096474850143   0.00585250463942578
   8.742508524761e-05   0.00011402828873597    0.0367860061322016    0.0131756439437489      1.00153149076573  0.000444584322071801 -0.000101352660549604 -0.000123095625985127 -0.000922898290039157  -0.00101254328445855
 4.26964932117347e-05  7.64644217368329e-05    0.0118138673831174  0.000605308577801663  0.000444584322071801      1.00014222737743 -8.02159158335394e-05 -0.000119441674791498 -0.000917722308267854 -0.000828286809827479
 7.07489063967362e-06  -3.9265862614277e-06 -0.000666460297952542  0.000577286708676322 -0.000101352660549604 -8.02159158335394e-05      1.00009056247693   1.0551942691517e-06  9.52086066883526e-06 -2.19602369244199e-06
 9.45009518088392e-06  -5.2456914760772e-06 -0.000890602029928553  0.000770946682963897 -0.000123095625985127 -0.000119441674791498   1.0551942691517e-06     0.999913277168911  2.09959520293075e-05  1.22274666917402e-05
 7.17196908019181e-05 -3.98093547705555e-05  -0.00675882823956916   0.00585096474850143 -0.000922898290039157 -0.000917722308267854  9.52086066883526e-06  2.09959520293075e-05      1.00008123170322  8.12397358702418e-05
 7.17287554348399e-05 -3.98087729017405e-05  -0.00675707104461254   0.00585250463942578  -0.00101254328445855 -0.000828286809827479 -2.19602369244199e-06  1.22274666917402e-05  8.12397358702418e-05      1.00008355365026
TOTAL ENERGY: -127.162895879618	 lambda: 0.2	 population of target: 6.99999937874309
1RDM: 
     1.99999997940812 -7.34974727807781e-09 -2.71055579625497e-06 -2.07989278137932e-06  8.73939025416218e-05  4.26652917691714e-05  7.07938382721788e-06  9.45625379306595e-06  7.17665739426526e-05   7.1774498759814e-05
-7.34974727807781e-09      1.99999997744183 -5.70294258876463e-06 -1.09136922813258e-06  0.000114039982199847  7.64760816128584e-05 -3.92822663740001e-06 -5.24775105671476e-06 -3.98248622250007e-05 -3.98252441816125e-05
-2.71055579625497e-06 -5.70294258876463e-06      1.99840581565937 -0.000412062467871304    0.0367880780982152    0.0118159350106634   -0.0006666194934922 -0.000890727059139286  -0.00675969713086228  -0.00675857765558937
-2.07989278137932e-06 -1.09136922813258e-06 -0.000412062467871304      1.99975176072092    0.0131738731332122  0.000603535802168066  0.000578078852149489  0.000772048782281387   0.00585936934454365    0.0058605891945415
 8.73939025416218e-05  0.000114039982199847    0.0367880780982152    0.0131738731332122      1.00153179833142  0.000444864396315057 -7.72144097486214e-05  -9.4348021286956e-05 -0.000707935310828832 -0.000772087466498639
 4.26652917691714e-05  7.64760816128584e-05    0.0118159350106634  0.000603535802168066  0.000444864396315057      1.00014247691296 -5.94192138559908e-05 -8.81663613935921e-05 -0.000677164707082096 -0.000613167369873347
 7.07938382721788e-06 -3.92822663740001e-06   -0.0006666194934922  0.000578078852149489 -7.72144097486214e-05 -5.94192138559908e-05        1.000065260782  1.05248412803861e-06  9.08088450884575e-06  6.94664762603833e-07
 9.45625379306595e-06 -5.24775105671476e-06 -0.000890727059139286  0.000772048782281387  -9.4348021286956e-05 -8.81663613935921e-05  1.05248412803861e-06     0.999938572667372  1.80548950858619e-05  1.17785794171608e-05
 7.17665739426526e-05 -3.98248622250007e-05  -0.00675969713086228   0.00585936934454365 -0.000707935310828832 -0.000677164707082096  9.08088450884575e-06  1.80548950858619e-05      1.00008134636169  8.11210692898446e-05
  7.1774498759814e-05 -3.98252441816125e-05  -0.00675857765558937    0.0058605891945415 -0.000772087466498639 -0.000613167369873347  6.94664762603833e-07  1.17785794171608e-05  8.11210692898446e-05      1.00008301171439
TOTAL ENERGY: -127.162895807184	 lambda: 0.3	 population of target: 6.99999967685486
1RDM: 
     1.99999997939282 -7.35106807688051e-09 -2.71033779713613e-06  -2.0818154703546e-06  8.73804702535961e-05  4.26518837872901e-05  7.08260854710242e-06  9.46063539734654e-06  7.17998928531456e-05  7.18072841747555e-05
-7.35106807688051e-09       1.9999999774517 -5.70166022533581e-06 -1.09105293699881e-06  0.000114041266387675  7.64773184502903e-05 -3.92977020204021e-06 -5.24975056368913e-06 -3.98399816474197e-05 -3.98408160557623e-05
-2.71033779713613e-06 -5.70166022533581e-06      1.99840601032201 -0.000412018135891568    0.0367883809198376    0.0118162321803911 -0.000666554478270511  -0.00089059925817112  -0.00675868930866573  -0.00675786873497362
 -2.0818154703546e-06 -1.09105293699881e-06 -0.000412018135891568       1.9997515533368    0.0131736173459676  0.000603282603332147  0.000578610456327741   0.00077277962902304   0.00586493453598923   0.00586600445020003
 8.73804702535961e-05  0.000114041266387675    0.0367883809198376    0.0131736173459676      1.00153185912229  0.000444921731124413 -6.59170675960206e-05  -8.0896495228706e-05 -0.000607353247792113 -0.000659551965682755
 4.26518837872901e-05  7.64773184502903e-05    0.0118162321803911  0.000603282603332147  0.000444921731124413      1.00014253004968 -4.96942983253671e-05 -7.35369365214688e-05 -0.000564637551872869 -0.000512568047831373
 7.08260854710242e-06 -3.92977020204021e-06 -0.000666554478270511  0.000578610456327741 -6.59170675960206e-05 -4.96942983253671e-05      1.00005339698776  1.05224251727271e-06   8.8788344674877e-06  2.05701509446811e-06
 9.46063539734654e-06 -5.24975056368913e-06  -0.00089059925817112   0.00077277962902304  -8.0896495228706e-05 -7.35369365214688e-05  1.05224251727271e-06     0.999950434978995  1.66805192097889e-05  1.15754262063839e-05
 7.17998928531456e-05 -3.98399816474197e-05  -0.00675868930866573   0.00586493453598923 -0.000607353247792113 -0.000564637551872869   8.8788344674877e-06  1.66805192097889e-05      1.00008145048094   8.1116135345931e-05
 7.18072841747555e-05 -3.98408160557623e-05  -0.00675786873497362   0.00586600445020003 -0.000659551965682755 -0.000512568047831373  2.05701509446811e-06  1.15754262063839e-05   8.1116135345931e-05      1.00008280787703
TOTAL ENERGY: -127.162895757999	 lambda: 0.4	 population of target: 6.99999981946241
1RDM: 
     1.99999997938198 -7.35024010465666e-09  -2.7102187791955e-06 -2.08320536569031e-06  8.73744697027176e-05  4.26458905001547e-05  7.08517596057919e-06  9.46410494407804e-06  7.18262603080682e-05  7.18333632785534e-05
-7.35024010465666e-09      1.99999997745784  -5.7006142706343e-06  -1.0908032351182e-06  0.000114037824805362  7.64738470050004e-05 -3.93110116086767e-06 -5.25149489604409e-06 -3.98531893951753e-05 -3.98542692411381e-05
 -2.7102187791955e-06  -5.7006142706343e-06      1.99840620775652 -0.000412009129753172    0.0367878864803652     0.011815732538486 -0.000666416495442388 -0.000890392731121804  -0.00675710153996562  -0.00675644273643984
-2.08320536569031e-06  -1.0908032351182e-06 -0.000412009129753172      1.99975139647188    0.0131740474622437  0.000603714504607116  0.000579016606346749  0.000773333370681355   0.00586914718589994   0.00587013599903074
 8.73744697027176e-05  0.000114037824805362    0.0367878864803652    0.0131740474622437      1.00153185006815  0.000444919485047756 -5.98052146978759e-05 -7.36198984280359e-05 -0.000552944000318551 -0.000598671029789629
 4.26458905001547e-05  7.64738470050004e-05     0.011815732538486  0.000603714504607116  0.000444919485047756      1.00014253438353 -4.44378434815542e-05 -6.56280505001359e-05 -0.000503802397556915 -0.000458190728919434
 7.08517596057919e-06 -3.93110116086767e-06 -0.000666416495442388  0.000579016606346749 -5.98052146978759e-05 -4.44378434815542e-05      1.00004697409348  1.05227921955405e-06  8.77071399340648e-06  2.79515341108612e-06
 9.46410494407804e-06 -5.25149489604409e-06 -0.000890392731121804  0.000773333370681355 -7.36198984280359e-05 -6.56280505001359e-05  1.05227921955405e-06     0.999956857304147  1.59380258740312e-05  1.14663192581761e-05
 7.18262603080682e-05 -3.98531893951753e-05  -0.00675710153996562   0.00586914718589994 -0.000552944000318551 -0.000503802397556915  8.77071399340648e-06  1.59380258740312e-05      1.00008151639141  8.11228535586577e-05
 7.18333632785534e-05 -3.98542692411381e-05  -0.00675644273643984   0.00587013599903074 -0.000598671029789629 -0.000458190728919434  2.79515341108612e-06  1.14663192581761e-05  8.11228535586577e-05      1.00008270669113
TOTAL ENERGY: -127.162895720299	 lambda: 0.5	 population of target: 6.99999990390171
1RDM: 
     1.99999997937361 -7.34842696701257e-09 -2.71014606749841e-06  -2.0843040639463e-06  8.73726415611821e-05  4.26440716712172e-05  7.08733566104871e-06  9.46701184753301e-06  7.18483414792362e-05   7.1855285662068e-05
-7.34842696701257e-09       1.9999999774626 -5.69963064748207e-06 -1.09060843367466e-06  0.000114031380760051  7.64673694019574e-05 -3.93220981944986e-06   -5.252957293614e-06 -3.98642708507428e-05 -3.98654864617934e-05
-2.71014606749841e-06 -5.69963064748207e-06      1.99840641316604 -0.000412020927020671    0.0367868894254878    0.0118147295069089 -0.000666247388677007 -0.000890154545723394  -0.00675528265657354  -0.00675471321807546
 -2.0843040639463e-06 -1.09060843367466e-06 -0.000412020927020671      1.99975126652603    0.0131749102847451  0.000604580031167267  0.000579348218468223  0.000773782528977676   0.00587256157599457   0.00587350563375547
 8.73726415611821e-05  0.000114031380760051    0.0367868894254878    0.0131749102847451      1.00153181034678  0.000444894257860581 -5.64269233566275e-05   -6.959790362642e-05  -0.00052287061099329 -0.000565019634047329
 4.26440716712172e-05  7.64673694019574e-05    0.0118147295069089  0.000604580031167267  0.000444894257860581       1.0001425235614 -4.15361389795645e-05 -6.12614013372031e-05 -0.000470213560303951 -0.000428172243159595
 7.08733566104871e-06 -3.93220981944986e-06 -0.000666247388677007  0.000579348218468223 -5.64269233566275e-05 -4.15361389795645e-05      1.00004342294833  1.05224823074914e-06   8.7106651284688e-06  3.20296295452958e-06
 9.46701184753301e-06   -5.252957293614e-06 -0.000890154545723394  0.000773782528977676   -6.959790362642e-05 -6.12614013372031e-05  1.05224823074914e-06     0.999960408069028  1.55272288292301e-05  1.14056877626428e-05
 7.18483414792362e-05 -3.98642708507428e-05  -0.00675528265657354   0.00587256157599457  -0.00052287061099329 -0.000470213560303951   8.7106651284688e-06  1.55272288292301e-05      1.00008155028715  8.11240328648339e-05
  7.1855285662068e-05 -3.98654864617934e-05  -0.00675471321807546   0.00587350563375547 -0.000565019634047329 -0.000428172243159595  3.20296295452958e-06  1.14056877626428e-05  8.11240328648339e-05      1.00008264825902
TOTAL ENERGY: -127.162895687195	 lambda: 0.6	 population of target: 6.99999996431076
1RDM: 
     1.99999997936683 -7.34606849500974e-09 -2.71010202347326e-06 -2.08522400388215e-06  8.73737972289926e-05  4.26452382977807e-05    7.089225205936e-06  9.46954653885324e-06  7.18675873663854e-05  7.18744562701905e-05
-7.34606849500974e-09      1.99999997746699 -5.69862767730442e-06 -1.09046393170835e-06  0.000114022483176518  7.64584370810123e-05 -3.93309923314347e-06  -5.2541367514585e-06 -3.98732132015695e-05  -3.9874494389076e-05
-2.71010202347326e-06 -5.69862767730442e-06      1.99840663186258 -0.000412048362670103    0.0367854862158199    0.0118133200333256 -0.000666058664858078 -0.000889896556268816  -0.00675331940865412  -0.00675279264229006
-2.08522400388215e-06 -1.09046393170835e-06 -0.000412048362670103      1.99975115206668    0.0131761256414756  0.000605798541124458  0.000579631203130527  0.000774163496603387   0.00587545557668278   0.00587637831208407
 8.73737972289926e-05  0.000114022483176518    0.0367854862158199    0.0131761256414756      1.00153175399892  0.000444857765516349 -5.48115494957927e-05 -6.76747482952263e-05 -0.000508490951670459 -0.000548928778088056
 4.26452382977807e-05  7.64584370810123e-05    0.0118133200333256  0.000605798541124458  0.000444857765516349       1.0001425068292 -4.01529345878846e-05 -5.91791449771945e-05 -0.000454195898568147 -0.000413862121470637
   7.089225205936e-06 -3.93309923314347e-06 -0.000666058664858078  0.000579631203130527 -5.48115494957927e-05 -4.01529345878846e-05      1.00004172459377  1.05204106489864e-06   8.6810248474316e-06  3.39681955007537e-06
 9.46954653885324e-06  -5.2541367514585e-06 -0.000889896556268816  0.000774163496603387 -6.76747482952263e-05 -5.91791449771945e-05  1.05204106489864e-06     0.999962105983888   1.5329757059442e-05  1.13754241078279e-05
 7.18675873663854e-05 -3.98732132015695e-05  -0.00675331940865412   0.00587545557668278 -0.000508490951670459 -0.000454195898568147   8.6810248474316e-06   1.5329757059442e-05      1.00008155714435  8.11150373645517e-05
 7.18744562701905e-05  -3.9874494389076e-05  -0.00675279264229006   0.00587637831208407 -0.000548928778088056 -0.000413862121470637  3.39681955007537e-06  1.13754241078279e-05  8.11150373645517e-05       1.0000826106869
TOTAL ENERGY: -127.162895653023	 lambda: 0.7	 population of target: 7.00000001690577
1RDM: 
     1.99999997936108 -7.34331344561054e-09  -2.7100799331983e-06 -2.08602608622316e-06  8.73775715042127e-05  4.26490277813939e-05  7.09094018489855e-06  9.47183915477046e-06  7.18849872618149e-05   7.1891846073066e-05
-7.34331344561054e-09      1.99999997747145 -5.69755083196075e-06 -1.09036685510688e-06  0.000114011168898162   7.6447084250927e-05 -3.93376514804169e-06 -5.25502526179575e-06 -3.98799544131346e-05 -3.98812453105936e-05
 -2.7100799331983e-06 -5.69755083196075e-06      1.99840687042832  -0.00041208977647211    0.0367836839313012    0.0118115106976778 -0.000665849524746349 -0.000889616323980585  -0.00675119193795114  -0.00675067123424027
-2.08602608622316e-06 -1.09036685510688e-06  -0.00041208977647211      1.99975104648597    0.0131776834691126  0.000607360058227674  0.000579881872178464  0.000774498778791395   0.00587800051578453   0.00587892029149156
 8.73775715042127e-05  0.000114011168898162    0.0367836839313012    0.0131776834691126      1.00153168546004  0.000444814772608939 -5.45782219443136e-05 -6.73971889290515e-05 -0.000506415741535727 -0.000546604887319629
 4.26490277813939e-05   7.6447084250927e-05    0.0118115106976778  0.000607360058227674  0.000444814772608939      1.00014248923372 -3.99605554268951e-05 -5.88880567333439e-05 -0.000451955561096326 -0.000411869940588567
 7.09094018489855e-06 -3.93376514804169e-06 -0.000665849524746349  0.000579881872178464 -5.45782219443136e-05 -3.99605554268951e-05      1.00004147761351  1.05160702574689e-06  8.67466252597091e-06  3.42298156603374e-06
 9.47183915477046e-06 -5.25502526179575e-06 -0.000889616323980585  0.000774498778791395 -6.73971889290515e-05 -5.88880567333439e-05  1.05160702574689e-06     0.999962352334815  1.52982597415584e-05  1.13682859529472e-05
 7.18849872618149e-05 -3.98799544131346e-05  -0.00675119193795114   0.00587800051578453 -0.000506415741535727 -0.000451955561096326  8.67466252597091e-06  1.52982597415584e-05      1.00008153684116  8.10927176323134e-05
  7.1891846073066e-05 -3.98812453105936e-05  -0.00675067123424027   0.00587892029149156 -0.000546604887319629 -0.000411869940588567  3.42298156603374e-06  1.13682859529472e-05  8.10927176323134e-05      1.00008258477001
TOTAL ENERGY: -127.162895610752	 lambda: 0.8	 population of target: 7.00000007316107
1RDM: 
     1.99999997935607 -7.34016508041592e-09 -2.71008171067589e-06  -2.0867477156783e-06  8.73841670978792e-05  4.26556156929403e-05  7.09256175908069e-06   9.4739983838377e-06  7.19013673482212e-05  7.19082789881195e-05
-7.34016508041592e-09      1.99999997747633 -5.69635012456019e-06 -1.09031665872456e-06  0.000113997113817226  7.64330063851583e-05 -3.93418325921776e-06 -5.25558984550376e-06 -3.98842454481618e-05 -3.98854919957517e-05
-2.71008171067589e-06 -5.69635012456019e-06      1.99840713734175  -0.00041214581723609     0.036781431588774    0.0118092509945069 -0.000665610808922171 -0.000889301415968434  -0.00674880575459442  -0.00674825591992334
 -2.0867477156783e-06 -1.09031665872456e-06  -0.00041214581723609      1.99975094520592    0.0131796250476036  0.000609305927566998  0.000580112701168161  0.000774805128827586   0.00588032366999043   0.00588125819137227
 8.73841670978792e-05  0.000113997113817226     0.036781431588774    0.0131796250476036      1.00153160691428  0.000444768566883348 -5.56774363805155e-05 -6.87066345243959e-05 -0.000516207611455082 -0.000557555186786901
 4.26556156929403e-05  7.64330063851583e-05    0.0118092509945069  0.000609305927566998  0.000444768566883348      1.00014247507118  -4.0917079644479e-05 -6.03246117762507e-05 -0.000463003367533285 -0.000421761811922759
 7.09256175908069e-06 -3.93418325921776e-06 -0.000665610808922171  0.000580112701168161 -5.56774363805155e-05  -4.0917079644479e-05       1.0000426268165  1.05084193586274e-06  8.69016311856301e-06  3.28703709511102e-06
  9.4739983838377e-06 -5.25558984550376e-06 -0.000889301415968434  0.000774805128827586 -6.87066345243959e-05 -6.03246117762507e-05  1.05084193586274e-06     0.999961202172063  1.54259667119508e-05  1.13826421535838e-05
 7.19013673482212e-05 -3.98842454481618e-05  -0.00674880575459442   0.00588032366999043 -0.000516207611455082 -0.000463003367533285  8.69016311856301e-06  1.54259667119508e-05      1.00008148608853  8.10521264850429e-05
 7.19082789881195e-05 -3.98854919957517e-05  -0.00674825591992334   0.00588125819137227 -0.000557555186786901 -0.000421761811922759  3.28703709511102e-06  1.13826421535838e-05  8.10521264850429e-05      1.00008256355742
TOTAL ENERGY: -127.162895548002	 lambda: 0.9	 population of target: 7.00000014672446
1RDM: 
     1.99999997935154 -7.33651117415617e-09 -2.71011789563683e-06 -2.08741425827918e-06  8.73943689590373e-05   4.2665852295683e-05   7.0941813182213e-06  9.47614416849751e-06  7.19176371070385e-05   7.1924676871753e-05
-7.33651117415617e-09      1.99999997748191 -5.69496878542003e-06 -1.09031683627356e-06  0.000113979658878698  7.64154847317143e-05  -3.9342942069707e-06  -5.2557523771595e-06 -3.98854933671666e-05 -3.98866340837599e-05
-2.71011789563683e-06 -5.69496878542003e-06      1.99840744439292 -0.000412219542886045     0.036778617512979    0.0118064271676714 -0.000665323190635593 -0.000888926910968157  -0.00674597251434556  -0.00674535179513774
-2.08741425827918e-06 -1.09031683627356e-06 -0.000412219542886045      1.99975084431614    0.0131820520740945   0.00061173829418742  0.000580335968535942  0.000775098502968703    0.0058825456902798   0.00588351590451578
 8.73943689590373e-05  0.000113979658878698     0.036778617512979    0.0131820520740945       1.0015315224035  0.000444723958358689 -5.83614521407583e-05 -7.19043942158315e-05  -0.00054012040444578  -0.00058429369836224
  4.2665852295683e-05  7.64154847317143e-05    0.0118064271676714   0.00061173829418742  0.000444723958358689      1.00014246990175  -4.3241388117242e-05 -6.38168360034401e-05 -0.000489861511134436 -0.000445800316420551
  7.0941813182213e-06  -3.9342942069707e-06 -0.000665323190635593  0.000580335968535942 -5.83614521407583e-05  -4.3241388117242e-05      1.00004543076348  1.04956658245132e-06   8.7309702170535e-06  2.95842647375514e-06
 9.47614416849751e-06  -5.2557523771595e-06 -0.000888926910968157  0.000775098502968703 -7.19043942158315e-05 -6.38168360034401e-05  1.04956658245132e-06      0.99995839670499  1.57414624345499e-05  1.14216662213146e-05
 7.19176371070385e-05 -3.98854933671666e-05  -0.00674597251434556    0.0058825456902798  -0.00054012040444578 -0.000489861511134436   8.7309702170535e-06  1.57414624345499e-05        1.000081392288  8.09835983597691e-05
  7.1924676871753e-05 -3.98866340837599e-05  -0.00674535179513774   0.00588351590451578  -0.00058429369836224 -0.000445800316420551  2.95842647375514e-06  1.14216662213146e-05  8.09835983597691e-05       1.0000825423958
TOTAL ENERGY: -127.162895436934	 lambda: 1	 population of target: 7.00000026308173
1RDM: 
      1.9999999793472  -7.3320536701966e-09 -2.71021096673205e-06 -2.08804202729518e-06  8.74099799996751e-05  4.26814902460697e-05  7.09592745551019e-06  9.47844450221726e-06  7.19350655697445e-05  7.19423411713209e-05
 -7.3320536701966e-09      1.99999997748857 -5.69331806002875e-06 -1.09037376897616e-06   0.00011395741135042  7.63931728710175e-05 -3.93396183490946e-06 -5.25533551483535e-06 -3.98823550244701e-05 -3.98832979861882e-05
-2.71021096673205e-06 -5.69331806002875e-06        1.998407811598 -0.000412317155760713    0.0367750144924715    0.0118028128098641 -0.000664947686586618 -0.000888443262097198  -0.00674231859242177  -0.00674156672519259
-2.08804202729518e-06 -1.09037376897616e-06 -0.000412317155760713      1.99975073996715    0.0131851579536739  0.000614850780331103  0.000580567561348384  0.000775398836920377   0.00588481676541551   0.00588585294929408
 8.74099799996751e-05   0.00011395741135042    0.0367750144924715    0.0131851579536739      1.00153143852549   0.00044469140992958 -6.33452859120827e-05  -7.7844120586161e-05 -0.000584539516163236 -0.000633945735677207
 4.26814902460697e-05  7.63931728710175e-05    0.0118028128098641  0.000614850780331103   0.00044469140992958      1.00014248778543 -4.75528842549725e-05 -7.02935615687295e-05 -0.000539672081840832 -0.000490389235506475
 7.09592745551019e-06 -3.93396183490946e-06 -0.000664947686586618  0.000580567561348384 -6.33452859120827e-05 -4.75528842549725e-05      1.00005062306735  1.04738414352323e-06  8.80744663003156e-06  2.35072953782309e-06
 9.47844450221726e-06 -5.25533551483535e-06 -0.000888443262097198  0.000775398836920377  -7.7844120586161e-05 -7.02935615687295e-05  1.04738414352323e-06     0.999953201839542  1.63270143511627e-05  1.14951634487964e-05
 7.19350655697445e-05 -3.98823550244701e-05  -0.00674231859242177   0.00588481676541551 -0.000584539516163236 -0.000539672081840832  8.80744663003156e-06  1.63270143511627e-05      1.00008122771127  8.08660482305446e-05
 7.19423411713209e-05 -3.98832979861882e-05  -0.00674156672519259   0.00588585294929408 -0.000633945735677207 -0.000490389235506475  2.35072953782309e-06  1.14951634487964e-05  8.08660482305446e-05      1.00008251267007
-------------------general-----------------------
mullikenoperator: 
  0.00163817198036332   -0.0401155656912225   0.00349334972668931   0.00374351246749482  0.000108536199264139 -2.45834107941595e-05  2.42869345260972e-08  3.24626747897197e-08  2.46921035159401e-07  2.45957639987139e-07
  -0.0401155656912225     0.998365022635528  -0.00349117356484054   0.00329374587370072 -7.01601889715287e-05 -6.02139266164839e-05   -1.077302039074e-08 -1.45291882303621e-08 -1.10634696724415e-07 -1.11408511113039e-07
   0.0034933497266893  -0.00349117356484051     0.428347468540198     0.494445598743076  -0.00203812644147318   -0.0189978452943327  2.38930126643653e-06  3.17796595415899e-06  2.41488157946885e-05  2.36254412140808e-05
  0.00374351246749482   0.00329374587370075     0.494445598743076     0.571701412631894    0.0188981647974486 -0.000672052044163142  3.64694260545152e-06  4.89802780080924e-06  3.73102023120079e-05  3.70409293669867e-05
 0.000108536199264139 -7.01601889715273e-05  -0.00203812644147318    0.0188981647974486     0.499381349204602     0.499638073008971  2.15037723202572e-05  2.84645641965708e-05  0.000214861202050738  0.000236102032816951
-2.45834107941594e-05 -6.02139266164845e-05   -0.0189978452943327 -0.000672052044163141     0.499638073008971     0.500566368612892  2.05651179828917e-05  2.85057330543312e-05  0.000235204632020859  0.000214090855083515
 2.42869345261027e-08 -1.07730203907412e-08  2.38930126643672e-06  3.64694260545237e-06  2.15037723202738e-05  2.05651179829041e-05     0.501826176102192    -0.499729420164096  1.26688112551446e-06    0.0163453605959397
  3.2462674789725e-08 -1.45291882303636e-08  3.17796595415926e-06  4.89802780081017e-06  2.84645641965833e-05  2.85057330543477e-05    -0.499729420164096     0.498173646257748   -0.0163453174854005 -4.23813256056266e-06
 2.46921035159401e-07 -1.10634696724423e-07  2.41488157946888e-05  3.73102023120079e-05  0.000214861202050735  0.000235204632020859  1.26688112555965e-06   -0.0163453174854006     0.501917985758501    -0.499728976119343
  2.4595763998714e-07 -1.11408511113048e-07  2.36254412140807e-05  3.70409293669867e-05  0.000236102032816951  0.000214090855083511    0.0163453605959397  -4.2381325605518e-06    -0.499728976119343     0.498082398276087
selected BF: 
0 1 2 3 4
selected lambdas: 
  -1 -0.9 -0.8 -0.7 -0.6 -0.5 -0.4 -0.3 -0.2 -0.1    0  0.1  0.2  0.3  0.4  0.5  0.6  0.7  0.8  0.9    1
RHF C: 
 7.19619343380101e-08    -0.995369179678874     0.260217471412878  0.000126895268591545 -7.37255940162792e-05 -2.12447581632707e-05 -3.81653213380955e-10 -3.18154379349144e-12  -8.6210572498532e-12  8.46773077308599e-13
  9.7372199233305e-07   -0.0189784946508837      -1.0286459194374 -0.000504802347784975  0.000294959152459429  8.39494935689239e-05  1.54829528283537e-09  1.35018970212133e-11  3.38581710277318e-11 -3.33549973017173e-12
 1.84708763916681e-11  7.37223409962105e-14  1.19901690152893e-10  5.32196271539501e-09  9.94266886957575e-07  3.98179684038202e-08    -0.100856895554271     0.701182885653701     -0.70581190641083   1.6518766775086e-05
 -1.8749964102193e-11  5.82695915149997e-13  1.93616405182322e-11 -5.31844634871488e-09 -3.42399426354239e-07 -4.68328897126521e-08     0.100488523693972    -0.698621860601325    -0.708399288706873  1.65792706657557e-05
 8.04650266088718e-07 -8.90247945354802e-07 -0.000286596152917789 -0.000194769746191747    -0.999999821240534  0.000496907053743492  -1.3551991877229e-07  9.36221258555522e-07 -4.59212361986942e-07  -1.0275341385882e-11
   -0.995045434516181 -5.95863006205937e-07 -0.000133991252866606     0.263112441608972 -6.33726327942067e-05  -0.00327192971668231  1.12268377803245e-08 -9.56125619822139e-11 -1.52403068328396e-11  4.72824791624027e-11
  -0.0201238970054691  1.10687737604462e-06  0.000521500469296215     -1.02897075594383  0.000247881501402841    0.0129684916105428 -4.45095000874411e-08  3.80311693865578e-10  5.97060951111009e-11 -1.84315832100708e-10
-4.55444975233664e-12  7.02868789735507e-12   1.2508955238249e-09  -5.8358750924389e-10  5.76642026298688e-10  2.34718387832009e-06     0.701182071123822     0.100853606851761 -1.33895774910118e-05     -0.70581318559117
 5.96046581469089e-13 -7.00594684591128e-12 -1.24824864358687e-09 -2.29260508388335e-10 -5.89512467603862e-10 -2.42301359739566e-06    -0.698623572190293    -0.100485608461332  -1.3440007217887e-05    -0.708398014329074
 4.41599121575881e-05 -6.59968191861182e-07  4.07346202868818e-05    0.0126016197111703  0.000405681402377832     0.999920516873699 -3.32951818342089e-06 -5.41283288837129e-07 -4.88723437674928e-09 -5.97870879164326e-08
RDM (no constraint): 
     1.99999999775937  3.81661358190807e-11  7.24896181748222e-09 -6.06261726996912e-07  1.19979028557095e-07 -4.49107023886162e-05  1.56911012809195e-10 -1.30994675789262e-12  3.73955910208805e-14  1.08672207052143e-13
 3.81661358190807e-11       1.9999999984311 -9.67373443297657e-07  8.28984438779321e-09  3.73830522353407e-05 -4.97515998580224e-07 -3.19555037339412e-12  -3.5793512686197e-11  1.76254263936021e-11 -4.22703460014409e-14
 7.24896181748222e-09 -9.67373443297657e-07      1.99936363636498  5.33551154920408e-06    0.0251167048144637   2.8048360299094e-05  1.53146156141365e-09 -2.38581577554607e-08  1.16309154046687e-08 -1.46299264945188e-13
-6.06261726996912e-07  8.28984438779321e-09  5.33551154920408e-06      1.99983218629769 -0.000129596675709256   -0.0127618930269963  4.37977949298986e-08 -3.81244590454774e-10 -6.13466446601587e-12  1.57670461278443e-10
 1.19979028557095e-07  3.73830522353407e-05    0.0251167048144637 -0.000129596675709256      1.00063120117019   0.00307592343643242 -1.00372523690524e-08 -2.23749423701037e-09  2.76366895497137e-10 -4.93293033311263e-10
-4.49107023886162e-05 -4.97515998580224e-07   2.8048360299094e-05   -0.0127618930269963   0.00307592343643242      1.00016972194519 -2.51526336912048e-10 -2.21910442627529e-09  1.40937267541158e-09 -1.97578742787607e-12
 1.56911012809195e-10 -3.19555037339412e-12  1.53146156141365e-09  4.37977949298986e-08 -1.00372523690524e-08 -2.51526336912048e-10     0.999952398003431  0.000164891334146521  3.06509870457683e-10  2.96333944457005e-11
-1.30994675789262e-12  -3.5793512686197e-11 -2.38581577554607e-08 -3.81244590454774e-10 -2.23749423701037e-09 -2.21910442627529e-09  0.000164891334146521      1.00004923101242  4.42358834682827e-11 -2.07131413224544e-10
 3.73955910208805e-14  1.76254263936021e-11  1.16309154046687e-08 -6.13466446601587e-12  2.76366895497137e-10  1.40937267541158e-09  3.06509870457683e-10  4.42358834682827e-11      1.00000080241183  0.000171853007470962
 1.08672207052143e-13 -4.22703460014409e-14 -1.46299264945188e-13  1.57670461278443e-10 -4.93293033311263e-10 -1.97578742787607e-12  2.96333944457005e-11 -2.07131413224544e-10  0.000171853007470962      1.00000082660384
RDM Eigenvectors: 
    0.999170482697522   -0.0401623332159083   0.00501182779798346   0.00449589383866507  3.17905057424319e-05  -6.2046545484793e-12 -1.53083115033518e-11  2.15731202525253e-11  1.56394226598363e-12  3.17290771996625e-05
   0.0401693436729907     0.999178249196248   0.00280988073777639  -0.00462096675553559 -2.61563764518217e-05  -4.0132474307405e-13 -7.48189623318225e-12 -6.41592554405288e-12  1.37140560072372e-12  2.67269514507788e-05
-9.80565022344525e-05  -0.00533206229170472     0.654590205720722    -0.755547444575712   -0.0178306563161979  1.18062332154795e-11 -1.80093987757702e-09 -6.81415800332184e-10  2.95165990624729e-10    0.0177016598540053
 -0.00669022273594585    0.0011716911832017     0.755725104777109     0.654729330348349   0.00914965715077177  -1.7018754998931e-09 -4.94841377426861e-09  5.60708823938084e-09  4.55631279999167e-10   0.00890066428805234
 1.50348876405935e-07 -9.68326475354033e-05    0.0163242279057946   -0.0191000028251573     0.706485035266757  2.41500470898301e-07 -6.82561902651153e-07  6.81460414614897e-07  2.41693199223818e-07    -0.707281835651007
 4.04910581665555e-05 -1.40961839571776e-05  -0.00957780349411053  -0.00843720769135074     0.707444163671183 -3.79106281670431e-07 -2.39884356760815e-06 -2.31327899553206e-06  3.61818271691385e-07     0.706653969524387
-1.36519532895071e-10   3.4645971389699e-11  3.39368135545149e-08  2.77149449931036e-08 -2.26191375144338e-06   -0.0692812482591348    -0.595259373870979    -0.795178171948242    0.0925097903162233 -2.44306730193148e-06
 2.03078374593948e-12  9.13128531293382e-11 -1.59160662791938e-08  1.78435276026645e-08 -1.02485355837912e-06   -0.0925476839544427    -0.795173762549257     0.595262892699153    -0.069251008095507  2.61099971198827e-07
-2.97130823197074e-13 -4.44610936436402e-11  7.59996743775616e-09 -8.80901449275666e-09  3.14938505808246e-07    -0.702341000960758    0.0817430455236126   -0.0817145340303926    -0.702394424668902 -3.22456867989168e-07
-9.48156628010044e-13  1.79111441241334e-13  1.12333133963239e-10  1.11268135791186e-10 -9.57217556270416e-08    -0.702390314001811     0.081749860393103    0.0817098424601908     0.702344864555339   -9.560433680409e-08
Total C: 
   0.0412811538899794    -0.993820635754647     0.175548617786346     0.195569017565394   0.00428972380676115  -0.00253150827123384  1.48105902362693e-06   1.9623006416418e-06  1.49230373940865e-05  1.49221109662012e-05
 -0.00439446283380555   -0.0218509073390919    -0.672864206789555    -0.777723598822822   -0.0165719867091038    0.0100653622641625 -5.85264573182646e-06 -7.75449770401147e-06 -5.89687891569481e-05 -5.89653035364919e-05
 6.14280775219924e-10  3.87337689266817e-10  2.70234156888143e-07  1.63809218876819e-07 -1.06050091764728e-05   1.0740926983947e-05    -0.562823826983301     0.546465092305283     0.430217137381149    -0.446674889787787
 4.54870303534558e-10  4.79288059868151e-10  3.03702810472951e-07  1.36229038354365e-07 -1.26839032451261e-05   1.2592362877298e-05     0.430178251847225    -0.446712137907119     0.562877541483728      -0.5464099289704
-3.32627975014193e-05  2.53939011778587e-05    0.0177902125458977  -0.00949377131568928    -0.706485867119867    -0.707439649086925 -3.28707175755616e-05 -4.42658819261051e-05 -0.000349078168914507 -0.000349184085511033
   -0.993037751130855   -0.0411871260901584    -0.198782938427029     0.178822667206608  -0.00507255786841554  -0.00230377273372336  0.000226684333512666  0.000302805294108253     0.002298008990079    0.0022981726766389
  -0.0247307700705615   0.00394904075901232     0.777775141780026    -0.673166320333099    0.0198369821388093   0.00885118756859161 -0.000898476147120151  -0.00120018687075235  -0.00910829794380107  -0.00910894659823662
-2.23948107814871e-05 -1.88642276013891e-05   -0.0124940650138877  -0.00628220855072576     0.499208436095465    -0.498767604274134    -0.497581464291214    -0.497526650246384    0.0490835363064527    0.0655512834905095
-2.24768131863333e-05 -1.89333228739335e-05    -0.012539819997584  -0.00630521111306359     0.501037455886754    -0.500590360896025     0.495766847798073     0.495712750552476   -0.0488851133975043   -0.0653307126236244
 0.000101022374643597 -5.70133706554283e-05  -0.00950169251016983   0.00828484760892882   4.6865669051672e-05  0.000179864791172909   -0.0692733302443216   -0.0925380024886696    -0.702285401186665    -0.702334805709534
Basis set used: STO-3G
Naturals: 
 1.99999999999962  1.99999999998576  1.99999574431051  1.99999426249903  1.00307571156508  1.00017266752157   1.0001726670842 0.999828961931647 0.999828961494092 0.996931023608525
Version: Tmhuysen's fci hack
